{
    "armature": {
        "joints": ["Root", "Thigh_R", "Leg_R", "Knee_R", "Thigh_L", "Leg_L", "Knee_L", "Torso", "Chest", "Head", "Shoulder_R", "Arm_R", "Hand_R", "Tool_R", "Elbow_R", "Shoulder_L", "Arm_L", "Hand_L", "Tool_L", "Elbow_L"],
        "hierarchy": [
            {
                "name": "Root",
                "transform": [1.0, 0.0, 0.0, -5e-06, 0.0, 0.0, -1.0, 0.000946, 0.0, 1.0, 0.0, 0.763972, 0.0, 0.0, 0.0, 1.0],
                "children": [
                    {
                        "name": "Thigh_R",
                        "transform": [1.0, -0.0, -0.0, 0.124994, -0.0, -1.0, 0.0, -0.002831, -0.0, -0.0, -1.0, -1.2e-05, 0.0, 0.0, 0.0, 1.0],
                        "children": [
                            {
                                "name": "Leg_R",
                                "transform": [1.0, 0.0, 1e-06, 0.0, -0.0, 1.0, 0.0, 0.37472, -1e-06, -0.0, 1.0, -0.0, 0.0, 0.0, 0.0, 1.0],
                                "children": []
                            },
                            {
                                "name": "Knee_R",
                                "transform": [1.0, 0.0, -0.0, 0.0, -0.0, 0.0, -1.0, 0.37472, -0.0, 1.0, 0.0, -0.0, 0.0, 0.0, 0.0, 1.0],
                                "children": []
                            }
                        ]
                    },
                    {
                        "name": "Thigh_L",
                        "transform": [1.0, -0.0, -0.0, -0.125006, -0.0, -1.0, 0.0, -0.002831, -0.0, -0.0, -1.0, -1.2e-05, 0.0, 0.0, 0.0, 1.0],
                        "children": [
                            {
                                "name": "Leg_L",
                                "transform": [1.0, 0.0, 1e-06, -0.0, -0.0, 1.0, 0.0, 0.37472, -1e-06, -0.0, 1.0, 0.0, 0.0, 0.0, 0.0, 1.0],
                                "children": []
                            },
                            {
                                "name": "Knee_L",
                                "transform": [1.0, 0.0, -0.0, -0.0, -0.0, 0.0, -1.0, 0.37472, -0.0, 1.0, 0.0, 0.0, 0.0, 0.0, 0.0, 1.0],
                                "children": []
                            }
                        ]
                    },
                    {
                        "name": "Torso",
                        "transform": [1.0, 0.0, 0.0, 0.0, 0.0, 1.0, 0.0, 0.05, 0.0, 0.0, 1.0, 0.0, 0.0, 0.0, 0.0, 1.0],
                        "children": [
                            {
                                "name": "Chest",
                                "transform": [1.0, 0.0, 0.0, 0.0, 0.0, 1.0, 0.0, 0.3, 0.0, 0.0, 1.0, 0.0, 0.0, 0.0, 0.0, 1.0],
                                "children": [
                                    {
                                        "name": "Head",
                                        "transform": [1.0, 0.0, 0.0, 0.0, 0.0, 1.0, 0.0, 0.4, 0.0, 0.0, 1.0, 0.0, 0.0, 0.0, 0.0, 1.0],
                                        "children": []
                                    },
                                    {
                                        "name": "Shoulder_R",
                                        "transform": [0.0, 0.952114, 0.305743, 0.0, 0.0, -0.305743, 0.952114, 0.4, 1.0, 0.0, -0.0, 0.0, 0.0, 0.0, 0.0, 1.0],
                                        "children": [
                                            {
                                                "name": "Arm_R",
                                                "transform": [0.0, -0.0, -1.0, -0.0, 0.952114, 0.305743, 0.0, 0.39386, 0.305743, -0.952114, 0.0, 0.0, 0.0, 0.0, 0.0, 1.0],
                                                "children": [
                                                    {
                                                        "name": "Hand_R",
                                                        "transform": [1.0, 0.0, 0.0, 0.0, -0.0, 0.993938, 0.109947, 0.3, -0.0, -0.109947, 0.993937, 0.0, 0.0, 0.0, 0.0, 1.0],
                                                        "children": [
                                                            {
                                                                "name": "Tool_R",
                                                                "transform": [1.0, 0.0, 0.0, -0.0, 0.0, -0.999836, 0.018122, 0.272858, 0.0, -0.018122, -0.999836, 0.0, 0.0, 0.0, 0.0, 1.0],
                                                                "children": []
                                                            }
                                                        ]
                                                    },
                                                    {
                                                        "name": "Elbow_R",
                                                        "transform": [-1.0, 0.0, -0.0, 0.0, 0.0, 0.0, -1.0, 0.3, -0.0, -1.0, -0.0, 0.0, 0.0, 0.0, 0.0, 1.0],
                                                        "children": []
                                                    }
                                                ]
                                            }
                                        ]
                                    },
                                    {
                                        "name": "Shoulder_L",
                                        "transform": [-0.0, -0.952114, -0.305743, 0.0, 0.0, -0.305743, 0.952114, 0.4, -1.0, 0.0, 0.0, 0.0, 0.0, 0.0, 0.0, 1.0],
                                        "children": [
                                            {
                                                "name": "Arm_L",
                                                "transform": [-0.0, -0.0, 1.0, -0.0, -0.952114, 0.305743, -0.0, 0.39386, -0.305743, -0.952114, -0.0, 0.0, 0.0, 0.0, 0.0, 1.0],
                                                "children": [
                                                    {
                                                        "name": "Hand_L",
                                                        "transform": [1.0, -0.0, 0.0, -0.0, 0.0, 0.993937, 0.109947, 0.3, -0.0, -0.109947, 0.993937, 0.0, 0.0, 0.0, 0.0, 1.0],
                                                        "children": [
                                                            {
                                                                "name": "Tool_L",
                                                                "transform": [1.0, 0.0, 0.0, -0.0, -0.0, -0.999836, 0.018122, 0.272858, 0.0, -0.018122, -0.999836, -0.0, 0.0, 0.0, 0.0, 1.0],
                                                                "children": []
                                                            }
                                                        ]
                                                    },
                                                    {
                                                        "name": "Elbow_L",
                                                        "transform": [-1.0, 0.0, -0.0, -0.0, 0.0, -0.0, -1.0, 0.3, -0.0, -1.0, 0.0, 0.0, 0.0, 0.0, 0.0, 1.0],
                                                        "children": []
                                                    }
                                                ]
                                            }
                                        ]
                                    }
                                ]
                            }
                        ]
                    }
                ]
            }
        ]
    },
    "animation": [
        {
            "name": "Root",
            "time": [0.0, 0.0167, 0.0333, 0.05, 0.0667, 0.0833, 0.1, 0.1167, 0.1333, 0.15, 0.1667, 0.1833, 0.2, 0.2167, 0.2333, 0.25, 0.2667, 0.2833, 0.3, 0.3167, 0.3333, 0.35, 0.3667, 0.3833, 0.4, 0.4167, 0.4333, 0.45, 0.4667, 0.4833, 0.5, 0.5167, 0.5333, 0.55, 0.5667, 0.5833, 0.6, 0.6167, 0.6333, 0.65, 0.6667, 0.6833, 0.7, 0.7167, 0.7333, 0.75, 0.7667, 0.7833, 0.8, 0.8167, 0.8333, 0.85, 0.8667, 0.8833, 0.9, 0.9167, 0.9333, 0.95, 0.9667, 0.9833, 1.0, 1.0167, 1.0333, 1.05, 1.0667, 1.0833, 1.1, 1.1167, 1.1333, 1.15, 1.1667, 1.1833, 1.2, 1.2167, 1.2333, 1.25, 1.3667],
            "transform": [
                [1.0, 0.0, 0.0, -5e-06, 0.0, 0.0, -1.0, 0.000946, 0.0, 1.0, 0.0, 0.763972, 0.0, 0.0, 0.0, 1.0],
                [0.999635, 0.0, -0.027017, -5e-06, -0.027017, 0.0, -0.999635, 0.000946, 0.0, 1.0, 0.0, 0.763972, 0.0, 0.0, 0.0, 1.0],
                [0.994729, 0.0, -0.10254, -5e-06, -0.10254, 0.0, -0.994729, 0.000946, 0.0, 1.0, 0.0, 0.763972, 0.0, 0.0, 0.0, 1.0],
                [0.976028, 0.0, -0.217646, -5e-06, -0.217646, 0.0, -0.976028, 0.000946, 0.0, 1.0, 0.0, 0.763972, 0.0, 0.0, 0.0, 1.0],
                [0.932548, 0.0, -0.361046, -5e-06, -0.361046, 0.0, -0.932548, 0.000946, 0.0, 1.0, 0.0, 0.763972, 0.0, 0.0, 0.0, 1.0],
                [0.85529, 0.0, -0.51815, -5e-06, -0.51815, 0.0, -0.85529, 0.000946, 0.0, 1.0, 0.0, 0.763972, 0.0, 0.0, 0.0, 1.0],
                [0.740418, 0.0, -0.672146, -5e-06, -0.672146, 0.0, -0.740418, 0.000946, 0.0, 1.0, 0.0, 0.763972, 0.0, 0.0, 0.0, 1.0],
                [0.590686, 0.0, -0.806902, -5e-06, -0.806902, 0.0, -0.590686, 0.000946, 0.0, 1.0, 0.0, 0.763972, 0.0, 0.0, 0.0, 1.0],
                [0.414318, 0.0, -0.910132, -5e-06, -0.910132, 0.0, -0.414318, 0.000946, 0.0, 1.0, 0.0, 0.763972, 0.0, 0.0, 0.0, 1.0],
                [0.222004, 0.0, -0.975046, -5e-06, -0.975046, 0.0, -0.222004, 0.000946, 0.0, 1.0, 0.0, 0.763972, 0.0, 0.0, 0.0, 1.0],
                [0.023662, 0.0, -0.99972, -5e-06, -0.99972, 0.0, -0.023662, 0.000946, 0.0, 1.0, 0.0, 0.763972, 0.0, 0.0, 0.0, 1.0],
                [-0.173648, 0.0, -0.984808, -5e-06, -0.984808, 0.0, 0.173648, 0.000946, 0.0, 1.0, 0.0, 0.763972, 0.0, 0.0, 0.0, 1.0],
                [-0.370168, 0.0, -0.928965, -5e-06, -0.928965, 0.0, 0.370168, 0.000946, 0.0, 1.0, 0.0, 0.763972, 0.0, 0.0, 0.0, 1.0],
                [-0.563868, 0.0, -0.825865, -5e-06, -0.825865, 0.0, 0.563868, 0.000946, 0.0, 1.0, 0.0, 0.763972, 0.0, 0.0, 0.0, 1.0],
                [-0.742143, 0.0, -0.670241, -5e-06, -0.670241, 0.0, 0.742143, 0.000946, 0.0, 1.0, 0.0, 0.763972, 0.0, 0.0, 0.0, 1.0],
                [-0.886623, 0.0, -0.462494, -5e-06, -0.462494, 0.0, 0.886623, 0.000946, 0.0, 1.0, 0.0, 0.763972, 0.0, 0.0, 0.0, 1.0],
                [-0.97698, 0.0, -0.213333, -5e-06, -0.213333, 0.0, 0.97698, 0.000946, 0.0, 1.0, 0.0, 0.763972, 0.0, 0.0, 0.0, 1.0],
                [-0.998495, 0.0, 0.054839, -5e-06, 0.054839, 0.0, 0.998495, 0.000946, 0.0, 1.0, 0.0, 0.763972, 0.0, 0.0, 0.0, 1.0],
                [-0.94977, 0.0, 0.312949, -5e-06, 0.312949, 0.0, 0.94977, 0.000946, 0.0, 1.0, 0.0, 0.763972, 0.0, 0.0, 0.0, 1.0],
                [-0.84476, 0.0, 0.535145, -5e-06, 0.535145, 0.0, 0.84476, 0.000946, 0.0, 1.0, 0.0, 0.763972, 0.0, 0.0, 0.0, 1.0],
                [-0.707107, 0.0, 0.707107, -5e-06, 0.707107, 0.0, 0.707107, 0.000946, 0.0, 1.0, 0.0, 0.763972, 0.0, 0.0, 0.0, 1.0],
                [-0.542125, 0.0, 0.840298, -5e-06, 0.840298, 0.0, 0.542125, 0.000946, 0.0, 1.0, 0.0, 0.763972, 0.0, 0.0, 0.0, 1.0],
                [-0.333103, 0.0, 0.942891, -5e-06, 0.942891, 0.0, 0.333103, 0.000946, 0.0, 1.0, 0.0, 0.763972, 0.0, 0.0, 0.0, 1.0],
                [-0.078416, 0.0, 0.996921, -5e-06, 0.996921, 0.0, 0.078416, 0.000946, 0.0, 1.0, 0.0, 0.763972, 0.0, 0.0, 0.0, 1.0],
                [0.208397, 0.0, 0.978044, -5e-06, 0.978044, 0.0, -0.208397, 0.000946, 0.0, 1.0, 0.0, 0.763972, 0.0, 0.0, 0.0, 1.0],
                [0.493418, 0.0, 0.869792, -5e-06, 0.869792, 0.0, -0.493418, 0.000946, 0.0, 1.0, 0.0, 0.763972, 0.0, 0.0, 0.0, 1.0],
                [0.731518, 0.0, 0.681822, -5e-06, 0.681822, 0.0, -0.731518, 0.000946, 0.0, 1.0, 0.0, 0.763972, 0.0, 0.0, 0.0, 1.0],
                [0.890758, 0.0, 0.454477, -5e-06, 0.454477, 0.0, -0.890758, 0.000946, 0.0, 1.0, 0.0, 0.763972, 0.0, 0.0, 0.0, 1.0],
                [0.970727, 0.0, 0.240185, -5e-06, 0.240185, 0.0, -0.970727, 0.000946, 0.0, 1.0, 0.0, 0.763972, 0.0, 0.0, 0.0, 1.0],
                [0.99676, 0.0, 0.08043, -5e-06, 0.08043, 0.0, -0.99676, 0.000946, 0.0, 1.0, 0.0, 0.763972, 0.0, 0.0, 0.0, 1.0],
                [1.0, 0.0, 0.0, -5e-06, 0.0, 0.0, -1.0, 0.000946, 0.0, 1.0, 0.0, 0.763972, 0.0, 0.0, 0.0, 1.0],
                [0.999469, 0.0, -0.032583, -5e-06, -0.032583, 0.0, -0.999469, 0.000946, 0.0, 1.0, 0.0, 0.763972, 0.0, 0.0, 0.0, 1.0],
                [0.99815, 0.0, -0.060796, -5e-06, -0.060796, 0.0, -0.99815, 0.000946, 0.0, 1.0, 0.0, 0.763972, 0.0, 0.0, 0.0, 1.0],
                [0.996386, 0.0, -0.084944, -5e-06, -0.084944, 0.0, -0.996386, 0.000946, 0.0, 1.0, 0.0, 0.763972, 0.0, 0.0, 0.0, 1.0],
                [0.994436, 0.0, -0.105345, -5e-06, -0.105345, 0.0, -0.994436, 0.000946, 0.0, 1.0, 0.0, 0.763972, 0.0, 0.0, 0.0, 1.0],
                [0.99249, 0.0, -0.122324, -5e-06, -0.122324, 0.0, -0.99249, 0.000946, 0.0, 1.0, 0.0, 0.763972, 0.0, 0.0, 0.0, 1.0],
                [0.990681, 0.0, -0.136206, -5e-06, -0.136206, 0.0, -0.990681, 0.000946, 0.0, 1.0, 0.0, 0.763972, 0.0, 0.0, 0.0, 1.0],
                [0.98909, 0.0, -0.147313, -5e-06, -0.147313, 0.0, -0.98909, 0.000946, 0.0, 1.0, 0.0, 0.763972, 0.0, 0.0, 0.0, 1.0],
                [0.987763, 0.0, -0.155964, -5e-06, -0.155964, 0.0, -0.987763, 0.000946, 0.0, 1.0, 0.0, 0.763972, 0.0, 0.0, 0.0, 1.0],
                [0.986713, 0.0, -0.162472, -5e-06, -0.162472, 0.0, -0.986713, 0.000946, 0.0, 1.0, 0.0, 0.763972, 0.0, 0.0, 0.0, 1.0],
                [0.985932, 0.0, -0.167146, -5e-06, -0.167146, 0.0, -0.985932, 0.000946, 0.0, 1.0, 0.0, 0.763972, 0.0, 0.0, 0.0, 1.0],
                [0.985394, 0.0, -0.170291, -5e-06, -0.170291, 0.0, -0.985394, 0.000946, 0.0, 1.0, 0.0, 0.763972, 0.0, 0.0, 0.0, 1.0],
                [0.98506, 0.0, -0.172212, -5e-06, -0.172212, 0.0, -0.98506, 0.000946, 0.0, 1.0, 0.0, 0.763972, 0.0, 0.0, 0.0, 1.0],
                [0.984885, 0.0, -0.173211, -5e-06, -0.173211, 0.0, -0.984885, 0.000946, 0.0, 1.0, 0.0, 0.763972, 0.0, 0.0, 0.0, 1.0],
                [0.984818, 0.0, -0.173589, -5e-06, -0.173589, 0.0, -0.984818, 0.000946, 0.0, 1.0, 0.0, 0.763972, 0.0, 0.0, 0.0, 1.0],
                [0.984808, 0.0, -0.173648, -5e-06, -0.173648, 0.0, -0.984808, 0.000946, 0.0, 1.0, 0.0, 0.763972, 0.0, 0.0, 0.0, 1.0],
                [0.984906, 0.0, -0.173089, -5e-06, -0.173089, 0.0, -0.984906, 0.000946, 0.0, 1.0, 0.0, 0.763972, 0.0, 0.0, 0.0, 1.0],
                [0.985191, 0.0, -0.171461, -5e-06, -0.171461, 0.0, -0.985191, 0.000946, 0.0, 1.0, 0.0, 0.763972, 0.0, 0.0, 0.0, 1.0],
                [0.985644, 0.0, -0.168839, -5e-06, -0.168839, 0.0, -0.985644, 0.000946, 0.0, 1.0, 0.0, 0.763972, 0.0, 0.0, 0.0, 1.0],
                [0.986243, 0.0, -0.165299, -5e-06, -0.165299, 0.0, -0.986243, 0.000946, 0.0, 1.0, 0.0, 0.763972, 0.0, 0.0, 0.0, 1.0],
                [0.986968, 0.0, -0.160915, -5e-06, -0.160915, 0.0, -0.986968, 0.000946, 0.0, 1.0, 0.0, 0.763972, 0.0, 0.0, 0.0, 1.0],
                [0.987795, 0.0, -0.155761, -5e-06, -0.155761, 0.0, -0.987795, 0.000946, 0.0, 1.0, 0.0, 0.763972, 0.0, 0.0, 0.0, 1.0],
                [0.988699, 0.0, -0.149912, -5e-06, -0.149912, 0.0, -0.988699, 0.000946, 0.0, 1.0, 0.0, 0.763972, 0.0, 0.0, 0.0, 1.0],
                [0.989659, 0.0, -0.143443, -5e-06, -0.143443, 0.0, -0.989659, 0.000946, 0.0, 1.0, 0.0, 0.763972, 0.0, 0.0, 0.0, 1.0],
                [0.99065, 0.0, -0.136428, -5e-06, -0.136428, 0.0, -0.99065, 0.000946, 0.0, 1.0, 0.0, 0.763972, 0.0, 0.0, 0.0, 1.0],
                [0.991652, 0.0, -0.128944, -5e-06, -0.128944, 0.0, -0.991652, 0.000946, 0.0, 1.0, 0.0, 0.763972, 0.0, 0.0, 0.0, 1.0],
                [0.992644, 0.0, -0.121066, -5e-06, -0.121066, 0.0, -0.992644, 0.000946, 0.0, 1.0, 0.0, 0.763972, 0.0, 0.0, 0.0, 1.0],
                [0.99361, 0.0, -0.112871, -5e-06, -0.112871, 0.0, -0.99361, 0.000946, 0.0, 1.0, 0.0, 0.763972, 0.0, 0.0, 0.0, 1.0],
                [0.994532, 0.0, -0.104436, -5e-06, -0.104436, 0.0, -0.994532, 0.000946, 0.0, 1.0, 0.0, 0.763972, 0.0, 0.0, 0.0, 1.0],
                [0.995397, 0.0, -0.095838, -5e-06, -0.095838, 0.0, -0.995397, 0.000946, 0.0, 1.0, 0.0, 0.763972, 0.0, 0.0, 0.0, 1.0],
                [0.996195, 0.0, -0.087156, -5e-06, -0.087156, 0.0, -0.996195, 0.000946, 0.0, 1.0, 0.0, 0.763972, 0.0, 0.0, 0.0, 1.0],
                [0.996917, 0.0, -0.078466, -5e-06, -0.078466, 0.0, -0.996917, 0.000946, 0.0, 1.0, 0.0, 0.763972, 0.0, 0.0, 0.0, 1.0],
                [0.997558, 0.0, -0.069849, -5e-06, -0.069849, 0.0, -0.997558, 0.000946, 0.0, 1.0, 0.0, 0.763972, 0.0, 0.0, 0.0, 1.0],
                [0.998114, 0.0, -0.061382, -5e-06, -0.061382, 0.0, -0.998114, 0.000946, 0.0, 1.0, 0.0, 0.763972, 0.0, 0.0, 0.0, 1.0],
                [0.998587, 0.0, -0.053144, -5e-06, -0.053144, 0.0, -0.998587, 0.000946, 0.0, 1.0, 0.0, 0.763972, 0.0, 0.0, 0.0, 1.0],
                [0.998977, 0.0, -0.045213, -5e-06, -0.045213, 0.0, -0.998977, 0.000946, 0.0, 1.0, 0.0, 0.763972, 0.0, 0.0, 0.0, 1.0],
                [0.99929, 0.0, -0.037669, -5e-06, -0.037669, 0.0, -0.99929, 0.000946, 0.0, 1.0, 0.0, 0.763972, 0.0, 0.0, 0.0, 1.0],
                [0.999532, 0.0, -0.030589, -5e-06, -0.030589, 0.0, -0.999532, 0.000946, 0.0, 1.0, 0.0, 0.763972, 0.0, 0.0, 0.0, 1.0],
                [0.999711, 0.0, -0.024051, -5e-06, -0.024051, 0.0, -0.999711, 0.000946, 0.0, 1.0, 0.0, 0.763972, 0.0, 0.0, 0.0, 1.0],
                [0.999836, 0.0, -0.018134, -5e-06, -0.018134, 0.0, -0.999836, 0.000946, 0.0, 1.0, 0.0, 0.763972, 0.0, 0.0, 0.0, 1.0],
                [0.999917, 0.0, -0.012915, -5e-06, -0.012915, 0.0, -0.999917, 0.000946, 0.0, 1.0, 0.0, 0.763972, 0.0, 0.0, 0.0, 1.0],
                [0.999964, 0.0, -0.008472, -5e-06, -0.008472, 0.0, -0.999964, 0.000946, 0.0, 1.0, 0.0, 0.763972, 0.0, 0.0, 0.0, 1.0],
                [0.999988, 0.0, -0.004881, -5e-06, -0.004881, 0.0, -0.999988, 0.000946, 0.0, 1.0, 0.0, 0.763972, 0.0, 0.0, 0.0, 1.0],
                [0.999998, 0.0, -0.002221, -5e-06, -0.002221, 0.0, -0.999998, 0.000946, 0.0, 1.0, 0.0, 0.763972, 0.0, 0.0, 0.0, 1.0],
                [1.0, 0.0, -0.000568, -5e-06, -0.000568, 0.0, -1.0, 0.000946, 0.0, 1.0, 0.0, 0.763972, 0.0, 0.0, 0.0, 1.0],
                [1.0, 0.0, 0.0, -5e-06, 0.0, 0.0, -1.0, 0.000946, 0.0, 1.0, 0.0, 0.763972, 0.0, 0.0, 0.0, 1.0],
                [1.0, 0.0, 0.0, -5e-06, 0.0, 0.0, -1.0, 0.000946, 0.0, 1.0, 0.0, 0.763972, 0.0, 0.0, 0.0, 1.0]
            ]
        },
        {
            "name": "Thigh_R",
            "time": [0.0, 0.0167, 0.0333, 0.05, 0.0667, 0.0833, 0.1, 0.1167, 0.1333, 0.15, 0.1667, 0.1833, 0.2, 0.2167, 0.2333, 0.25, 0.2667, 0.2833, 0.3, 0.3167, 0.3333, 0.35, 0.3667, 0.3833, 0.4, 0.4167, 0.4333, 0.45, 0.4667, 0.4833, 0.5, 0.5167, 0.5333, 0.55, 0.5667, 0.5833, 0.6, 0.6167, 0.6333, 0.65, 0.6667, 0.6833, 0.7, 0.7167, 0.7333, 0.75, 0.7667, 0.7833, 0.8, 0.8167, 0.8333, 0.85, 0.8667, 0.8833, 0.9, 0.9167, 0.9333, 0.95, 0.9667, 0.9833, 1.0, 1.0167, 1.0333, 1.05, 1.0667, 1.0833, 1.1, 1.1167, 1.1333, 1.15, 1.1667, 1.1833, 1.2, 1.2167, 1.2333, 1.25, 1.2667, 1.2833, 1.3, 1.3167, 1.3333, 1.35, 1.3667],
            "transform": [
                [0.996195, 0.087155, -0.0, 0.124994, 0.066765, -0.763129, 0.642788, -0.005666, 0.056022, -0.640342, -0.766044, 0.032399, 0.0, 0.0, 0.0, 1.0],
                [0.996195, 0.087155, -0.0, 0.124994, 0.066657, -0.761903, 0.644252, -0.005666, 0.05615, -0.6418, -0.764814, 0.032399, 0.0, 0.0, 0.0, 1.0],
                [0.996195, 0.087155, -0.0, 0.124994, 0.066347, -0.758354, 0.648457, -0.005666, 0.056516, -0.64599, -0.761251, 0.032399, 0.0, 0.0, 0.0, 1.0],
                [0.996195, 0.087155, -0.0, 0.124994, 0.065849, -0.752659, 0.655109, -0.005666, 0.057096, -0.652617, -0.755534, 0.032399, 0.0, 0.0, 0.0, 1.0],
                [0.996195, 0.087155, -0.0, 0.124994, 0.065176, -0.744975, 0.663901, -0.005666, 0.057862, -0.661375, -0.74782, 0.032399, 0.0, 0.0, 0.0, 1.0],
                [0.996195, 0.087155, -0.0, 0.124994, 0.064343, -0.735453, 0.674514, -0.005666, 0.058787, -0.671947, -0.738262, 0.032399, 0.0, 0.0, 0.0, 1.0],
                [0.996195, 0.087155, -0.0, 0.124994, 0.063363, -0.724244, 0.686626, -0.005666, 0.059843, -0.684013, -0.727011, 0.032399, 0.0, 0.0, 0.0, 1.0],
                [0.996195, 0.087155, -0.0, 0.124994, 0.062248, -0.711507, 0.699916, -0.005666, 0.061001, -0.697253, -0.714225, 0.032399, 0.0, 0.0, 0.0, 1.0],
                [0.996195, 0.087155, -0.0, 0.124994, 0.061016, -0.697414, 0.714066, -0.005666, 0.062235, -0.711349, -0.700079, 0.032399, 0.0, 0.0, 0.0, 1.0],
                [0.996195, 0.087155, -0.0, 0.124994, 0.059681, -0.682155, 0.728768, -0.005666, 0.063516, -0.725995, -0.684761, 0.032399, 0.0, 0.0, 0.0, 1.0],
                [0.996195, 0.087155, -0.0, 0.124994, 0.058262, -0.66594, 0.743726, -0.005666, 0.06482, -0.740896, -0.668484, 0.032399, 0.0, 0.0, 0.0, 1.0],
                [0.996195, 0.087155, -0.0, 0.124994, 0.05678, -0.649002, 0.758664, -0.005666, 0.066122, -0.755778, -0.651482, 0.032399, 0.0, 0.0, 0.0, 1.0],
                [0.996195, 0.087155, -0.0, 0.124994, 0.055257, -0.631597, 0.773325, -0.005666, 0.067399, -0.770382, -0.63401, 0.032399, 0.0, 0.0, 0.0, 1.0],
                [0.996195, 0.087155, 0.0, 0.124994, 0.053718, -0.614001, 0.787475, -0.005666, 0.068633, -0.784479, -0.616346, 0.032399, 0.0, 0.0, 0.0, 1.0],
                [0.996195, 0.087155, -0.0, 0.124994, 0.052188, -0.59651, 0.800907, -0.005666, 0.069803, -0.79786, -0.598788, 0.032399, 0.0, 0.0, 0.0, 1.0],
                [0.996195, 0.087155, -0.0, 0.124994, 0.050694, -0.579437, 0.813439, -0.005666, 0.070895, -0.810344, -0.58165, 0.032399, 0.0, 0.0, 0.0, 1.0],
                [0.996195, 0.087155, -0.0, 0.124994, 0.049265, -0.563107, 0.824914, -0.005666, 0.071896, -0.821775, -0.565258, 0.032399, 0.0, 0.0, 0.0, 1.0],
                [0.996195, 0.087155, -0.0, 0.124994, 0.047931, -0.547857, 0.835197, -0.005666, 0.072792, -0.832019, -0.54995, 0.032399, 0.0, 0.0, 0.0, 1.0],
                [0.996195, 0.087155, -0.0, 0.124994, 0.046721, -0.534028, 0.844175, -0.005666, 0.073574, -0.840963, -0.536068, 0.032399, 0.0, 0.0, 0.0, 1.0],
                [0.996195, 0.087155, -0.0, 0.124994, 0.045666, -0.521963, 0.851745, -0.005666, 0.074234, -0.848504, -0.523957, 0.032399, 0.0, 0.0, 0.0, 1.0],
                [0.996195, 0.087155, -0.0, 0.124994, 0.044794, -0.512004, 0.857814, -0.005666, 0.074763, -0.85455, -0.513959, 0.032399, 0.0, 0.0, 0.0, 1.0],
                [0.996195, 0.087155, -0.0, 0.124994, 0.044137, -0.504488, 0.862289, -0.005666, 0.075153, -0.859008, -0.506415, 0.032399, 0.0, 0.0, 0.0, 1.0],
                [0.996195, 0.087155, -0.0, 0.124994, 0.043722, -0.499746, 0.865067, -0.005666, 0.075395, -0.861776, -0.501655, 0.032399, 0.0, 0.0, 0.0, 1.0],
                [0.996195, 0.087155, -0.0, 0.124994, 0.043578, -0.498097, 0.866025, -0.005666, 0.075479, -0.86273, -0.5, 0.032399, 0.0, 0.0, 0.0, 1.0],
                [0.996195, 0.087155, -0.0, 0.124994, 0.043705, -0.499548, 0.865183, -0.005666, 0.075405, -0.861891, -0.501457, 0.032399, 0.0, 0.0, 0.0, 1.0],
                [0.996195, 0.087155, 0.0, 0.124994, 0.044061, -0.503627, 0.862796, -0.005666, 0.075197, -0.859513, -0.505551, 0.032399, 0.0, 0.0, 0.0, 1.0],
                [0.996195, 0.087155, -0.0, 0.124994, 0.044612, -0.509917, 0.859066, -0.005666, 0.074872, -0.855797, -0.511865, 0.032399, 0.0, 0.0, 0.0, 1.0],
                [0.996195, 0.087155, -0.0, 0.124994, 0.045319, -0.517997, 0.854181, -0.005666, 0.074446, -0.850931, -0.519976, 0.032399, 0.0, 0.0, 0.0, 1.0],
                [0.996195, 0.087155, -0.0, 0.124994, 0.046145, -0.527447, 0.848334, -0.005666, 0.073937, -0.845106, -0.529461, 0.032399, 0.0, 0.0, 0.0, 1.0],
                [0.996195, 0.087155, -0.0, 0.124994, 0.047055, -0.537846, 0.841729, -0.005666, 0.073361, -0.838526, -0.539901, 0.032399, 0.0, 0.0, 0.0, 1.0],
                [0.996195, 0.087155, -0.0, 0.124994, 0.048012, -0.548781, 0.834586, -0.005666, 0.072739, -0.83141, -0.550878, 0.032399, 0.0, 0.0, 0.0, 1.0],
                [0.996195, 0.087155, -0.0, 0.124994, 0.04898, -0.559846, 0.827148, -0.005666, 0.07209, -0.824, -0.561985, 0.032399, 0.0, 0.0, 0.0, 1.0],
                [0.996195, 0.087155, -0.0, 0.124994, 0.049924, -0.570642, 0.819679, -0.005666, 0.071439, -0.816561, -0.572822, 0.032399, 0.0, 0.0, 0.0, 1.0],
                [0.996195, 0.087155, -0.0, 0.124994, 0.050812, -0.580783, 0.812471, -0.005666, 0.070811, -0.809379, -0.583002, 0.032399, 0.0, 0.0, 0.0, 1.0],
                [0.996195, 0.087155, -0.0, 0.124994, 0.051609, -0.589893, 0.80583, -0.005666, 0.070232, -0.802764, -0.592147, 0.032399, 0.0, 0.0, 0.0, 1.0],
                [0.996195, 0.087155, -0.0, 0.124994, 0.052283, -0.597605, 0.800084, -0.005666, 0.069732, -0.797039, -0.599888, 0.032399, 0.0, 0.0, 0.0, 1.0],
                [0.996195, 0.087155, -0.0, 0.124994, 0.052804, -0.603559, 0.795568, -0.005666, 0.069338, -0.792541, -0.605864, 0.032399, 0.0, 0.0, 0.0, 1.0],
                [0.996195, 0.087155, -0.0, 0.124994, 0.05314, -0.607397, 0.792619, -0.005666, 0.069081, -0.789603, -0.609717, 0.032399, 0.0, 0.0, 0.0, 1.0],
                [0.996195, 0.087155, -0.0, 0.124994, 0.053259, -0.608758, 0.791566, -0.005666, 0.068989, -0.788554, -0.611084, 0.032399, 0.0, 0.0, 0.0, 1.0],
                [0.996195, 0.087155, -0.0, 0.124994, 0.053259, -0.608758, 0.791566, -0.005666, 0.068989, -0.788554, -0.611084, 0.032399, 0.0, 0.0, 0.0, 1.0],
                [0.996195, 0.087155, -0.0, 0.124994, 0.053259, -0.608758, 0.791566, -0.005666, 0.068989, -0.788554, -0.611084, 0.032399, 0.0, 0.0, 0.0, 1.0],
                [0.996195, 0.087155, -0.0, 0.124994, 0.053259, -0.608758, 0.791566, -0.005666, 0.068989, -0.788554, -0.611084, 0.032399, 0.0, 0.0, 0.0, 1.0],
                [0.996195, 0.087155, -0.0, 0.124994, 0.053259, -0.608758, 0.791566, -0.005666, 0.068989, -0.788554, -0.611083, 0.032399, 0.0, 0.0, 0.0, 1.0],
                [0.996195, 0.087155, -0.0, 0.124994, 0.053259, -0.608758, 0.791566, -0.005666, 0.068989, -0.788554, -0.611084, 0.032399, 0.0, 0.0, 0.0, 1.0],
                [0.996195, 0.087155, -0.0, 0.124994, 0.053259, -0.608758, 0.791566, -0.005666, 0.068989, -0.788554, -0.611084, 0.032399, 0.0, 0.0, 0.0, 1.0],
                [0.996195, 0.087155, -0.0, 0.124994, 0.053259, -0.608758, 0.791566, -0.005666, 0.068989, -0.788554, -0.611084, 0.032399, 0.0, 0.0, 0.0, 1.0],
                [0.996195, 0.087155, -0.0, 0.124994, 0.053259, -0.608758, 0.791566, -0.005666, 0.068989, -0.788554, -0.611084, 0.032399, 0.0, 0.0, 0.0, 1.0],
                [0.996195, 0.087155, -0.0, 0.124994, 0.053259, -0.608758, 0.791566, -0.005666, 0.068989, -0.788554, -0.611084, 0.032399, 0.0, 0.0, 0.0, 1.0],
                [0.996195, 0.087155, -0.0, 0.124994, 0.053259, -0.608758, 0.791566, -0.005666, 0.068989, -0.788554, -0.611083, 0.032399, 0.0, 0.0, 0.0, 1.0],
                [0.996195, 0.087155, -0.0, 0.124994, 0.053259, -0.608758, 0.791566, -0.005666, 0.068989, -0.788554, -0.611084, 0.032399, 0.0, 0.0, 0.0, 1.0],
                [0.996195, 0.087155, -0.0, 0.124994, 0.053259, -0.608758, 0.791566, -0.005666, 0.068989, -0.788554, -0.611084, 0.032399, 0.0, 0.0, 0.0, 1.0],
                [0.996195, 0.087155, -0.0, 0.124994, 0.053259, -0.608758, 0.791566, -0.005666, 0.068989, -0.788554, -0.611084, 0.032399, 0.0, 0.0, 0.0, 1.0],
                [0.996195, 0.087155, -0.0, 0.124994, 0.053259, -0.608758, 0.791566, -0.005666, 0.068989, -0.788554, -0.611084, 0.032399, 0.0, 0.0, 0.0, 1.0],
                [0.996195, 0.087155, -0.0, 0.124994, 0.053259, -0.608758, 0.791566, -0.005666, 0.068989, -0.788554, -0.611084, 0.032399, 0.0, 0.0, 0.0, 1.0],
                [0.996195, 0.087155, -0.0, 0.124994, 0.053259, -0.608758, 0.791566, -0.005666, 0.068989, -0.788554, -0.611084, 0.032399, 0.0, 0.0, 0.0, 1.0],
                [0.996195, 0.087155, -0.0, 0.124994, 0.053259, -0.608758, 0.791566, -0.005666, 0.068989, -0.788554, -0.611084, 0.032399, 0.0, 0.0, 0.0, 1.0],
                [0.996195, 0.087155, -0.0, 0.124994, 0.053259, -0.608758, 0.791566, -0.005666, 0.068989, -0.788554, -0.611084, 0.032399, 0.0, 0.0, 0.0, 1.0],
                [0.996195, 0.087155, -0.0, 0.124994, 0.053259, -0.608758, 0.791566, -0.005666, 0.068989, -0.788554, -0.611084, 0.032399, 0.0, 0.0, 0.0, 1.0],
                [0.996195, 0.087155, -0.0, 0.124994, 0.053259, -0.608758, 0.791566, -0.005666, 0.068989, -0.788554, -0.611084, 0.032399, 0.0, 0.0, 0.0, 1.0],
                [0.996195, 0.087155, -0.0, 0.124994, 0.053259, -0.608758, 0.791566, -0.005666, 0.068989, -0.788554, -0.611084, 0.032399, 0.0, 0.0, 0.0, 1.0],
                [0.996195, 0.087155, -0.0, 0.124994, 0.053259, -0.608758, 0.791566, -0.005666, 0.068989, -0.788554, -0.611084, 0.032399, 0.0, 0.0, 0.0, 1.0],
                [0.996195, 0.087155, -0.0, 0.124994, 0.053259, -0.608758, 0.791566, -0.005666, 0.068989, -0.788554, -0.611084, 0.032399, 0.0, 0.0, 0.0, 1.0],
                [0.996195, 0.087155, -0.0, 0.124994, 0.053259, -0.608758, 0.791566, -0.005666, 0.068989, -0.788554, -0.611084, 0.032399, 0.0, 0.0, 0.0, 1.0],
                [0.996195, 0.087155, -0.0, 0.124994, 0.053259, -0.608758, 0.791566, -0.005666, 0.068989, -0.788554, -0.611084, 0.032399, 0.0, 0.0, 0.0, 1.0],
                [0.996195, 0.087155, -0.0, 0.124994, 0.053259, -0.608758, 0.791566, -0.005666, 0.068989, -0.788554, -0.611083, 0.032399, 0.0, 0.0, 0.0, 1.0],
                [0.996195, 0.087155, -0.0, 0.124994, 0.053259, -0.608758, 0.791566, -0.005666, 0.068989, -0.788554, -0.611084, 0.032399, 0.0, 0.0, 0.0, 1.0],
                [0.996195, 0.087155, -0.0, 0.124994, 0.053409, -0.610467, 0.790238, -0.005666, 0.068873, -0.787231, -0.612799, 0.032399, 0.0, 0.0, 0.0, 1.0],
                [0.996195, 0.087155, -0.0, 0.124994, 0.053831, -0.615299, 0.786453, -0.005666, 0.068544, -0.783461, -0.617649, 0.032399, 0.0, 0.0, 0.0, 1.0],
                [0.996195, 0.087155, -0.0, 0.124994, 0.054487, -0.622791, 0.780488, -0.005666, 0.068024, -0.777518, -0.62517, 0.032399, 0.0, 0.0, 0.0, 1.0],
                [0.996195, 0.087155, -0.0, 0.124994, 0.055334, -0.632468, 0.772607, -0.005666, 0.067337, -0.769667, -0.634885, 0.032399, 0.0, 0.0, 0.0, 1.0],
                [0.996195, 0.087155, -0.0, 0.124994, 0.056329, -0.643851, 0.763074, -0.005666, 0.066506, -0.760171, -0.646311, 0.032399, 0.0, 0.0, 0.0, 1.0],
                [0.996195, 0.087155, -0.0, 0.124994, 0.057433, -0.656465, 0.752167, -0.005666, 0.065555, -0.749305, -0.658973, 0.032399, 0.0, 0.0, 0.0, 1.0],
                [0.996195, 0.087155, -0.0, 0.124994, 0.058604, -0.66985, 0.74018, -0.005666, 0.064511, -0.737363, -0.672409, 0.032399, 0.0, 0.0, 0.0, 1.0],
                [0.996195, 0.087155, -0.0, 0.124994, 0.059804, -0.683566, 0.727434, -0.005666, 0.0634, -0.724666, -0.686178, 0.032399, 0.0, 0.0, 0.0, 1.0],
                [0.996195, 0.087155, -0.0, 0.124994, 0.060997, -0.697202, 0.714275, -0.005666, 0.062253, -0.711557, -0.699865, 0.032399, 0.0, 0.0, 0.0, 1.0],
                [0.996195, 0.087155, -0.0, 0.124994, 0.062149, -0.710372, 0.701077, -0.005666, 0.061103, -0.698409, -0.713086, 0.032399, 0.0, 0.0, 0.0, 1.0],
                [0.996195, 0.087155, -0.0, 0.124994, 0.06323, -0.722725, 0.688237, -0.005666, 0.059983, -0.685618, -0.725486, 0.032399, 0.0, 0.0, 0.0, 1.0],
                [0.996195, 0.087155, -0.0, 0.124994, 0.064211, -0.733941, 0.676171, -0.005666, 0.058932, -0.673598, -0.736744, 0.032399, 0.0, 0.0, 0.0, 1.0],
                [0.996195, 0.087155, -0.0, 0.124994, 0.065067, -0.743723, 0.665314, -0.005666, 0.057986, -0.662782, -0.746564, 0.032399, 0.0, 0.0, 0.0, 1.0],
                [0.996195, 0.087155, -0.0, 0.124994, 0.065773, -0.751798, 0.656105, -0.005666, 0.057183, -0.653609, -0.754669, 0.032399, 0.0, 0.0, 0.0, 1.0],
                [0.996195, 0.087155, -0.0, 0.124994, 0.066307, -0.757902, 0.648989, -0.005666, 0.056563, -0.64652, -0.760797, 0.032399, 0.0, 0.0, 0.0, 1.0],
                [0.996195, 0.087155, -0.0, 0.124994, 0.066646, -0.761772, 0.644407, -0.005666, 0.056163, -0.641955, -0.764682, 0.032399, 0.0, 0.0, 0.0, 1.0],
                [0.996195, 0.087155, -0.0, 0.124994, 0.066765, -0.763129, 0.642788, -0.005666, 0.056022, -0.640342, -0.766044, 0.032399, 0.0, 0.0, 0.0, 1.0]
            ]
        },
        {
            "name": "Leg_R",
            "time": [0.0, 0.0167, 0.0333, 0.05, 0.0667, 0.0833, 0.1, 0.1167, 0.1333, 0.15, 0.1667, 0.1833, 0.2, 0.2167, 0.2333, 0.25, 0.2667, 0.2833, 0.3, 0.3167, 0.3333, 0.35, 0.3667, 0.3833, 0.4, 0.4167, 0.4333, 0.45, 0.4667, 0.4833, 0.5, 0.5167, 0.5333, 0.55, 0.5667, 0.5833, 0.6, 0.6167, 0.6333, 0.65, 0.6667, 0.6833, 0.7, 0.7167, 0.7333, 0.75, 0.7667, 0.7833, 0.8, 0.8167, 0.8333, 0.85, 0.8667, 0.8833, 0.9, 0.9167, 0.9333, 0.95, 0.9667, 0.9833, 1.0, 1.0167, 1.0333, 1.05, 1.0667, 1.0833, 1.1, 1.1167, 1.1333, 1.15, 1.1667, 1.1833, 1.2, 1.2167, 1.2333, 1.25, 1.2667, 1.2833, 1.3, 1.3167, 1.3333, 1.35, 1.3667],
            "transform": [
                [0.933031, -0.16694, 0.318723, 0.0, -0.049991, 0.817101, 0.574323, 0.37472, -0.356306, -0.551794, 0.754035, -0.0, 0.0, 0.0, 0.0, 1.0],
                [0.933176, -0.166715, 0.318417, 0.0, -0.051643, 0.814532, 0.577815, 0.37472, -0.355692, -0.555647, 0.751492, -0.0, 0.0, 0.0, 0.0, 1.0],
                [0.933591, -0.166058, 0.317541, 0.0, -0.056393, 0.807018, 0.587828, 0.37472, -0.353875, -0.566698, 0.74406, 0.0, 0.0, 0.0, 0.0, 1.0],
                [0.93425, -0.164981, 0.316161, 0.0, -0.063926, 0.794717, 0.603605, 0.37472, -0.350842, -0.584129, 0.731918, -0.0, 0.0, 0.0, 0.0, 1.0],
                [0.935123, -0.16349, 0.314349, 0.0, -0.073907, 0.777668, 0.624316, 0.37472, -0.346528, -0.607045, 0.715133, -0.0, 0.0, 0.0, 0.0, 1.0],
                [0.93618, -0.161582, 0.312184, -0.0, -0.085982, 0.755859, 0.649064, 0.37472, -0.340844, -0.634483, 0.693727, 0.0, 0.0, 0.0, 0.0, 1.0],
                [0.937386, -0.159257, 0.309749, -0.0, -0.099771, 0.729286, 0.676896, 0.37472, -0.333696, -0.665417, 0.667733, 0.0, 0.0, 0.0, 0.0, 1.0],
                [0.938707, -0.156521, 0.307131, 0.0, -0.114873, 0.698009, 0.706815, 0.37472, -0.325012, -0.698774, 0.637246, -0.0, 0.0, 0.0, 0.0, 1.0],
                [0.940107, -0.153388, 0.30442, 0.0, -0.130868, 0.662202, 0.737809, 0.37472, -0.314758, -0.733458, 0.602467, -0.0, 0.0, 0.0, 0.0, 1.0],
                [0.941547, -0.149887, 0.301701, 0.0, -0.147325, 0.62219, 0.768879, 0.37472, -0.302961, -0.768384, 0.563739, -0.0, 0.0, 0.0, 0.0, 1.0],
                [0.94299, -0.146062, 0.299059, -0.0, -0.16382, 0.578469, 0.799085, 0.37472, -0.289712, -0.802521, 0.521562, -0.0, 0.0, 0.0, 0.0, 1.0],
                [0.944401, -0.141972, 0.296565, -0.0, -0.17995, 0.531715, 0.827586, 0.37472, -0.275182, -0.834939, 0.476604, 0.0, 0.0, 0.0, 0.0, 1.0],
                [0.945748, -0.13769, 0.294282, 0.0, -0.195349, 0.48277, 0.853681, 0.37472, -0.259614, -0.864855, 0.429681, 0.0, 0.0, 0.0, 0.0, 1.0],
                [0.947005, -0.133302, 0.292255, 0.0, -0.209709, 0.432616, 0.87685, 0.37472, -0.24332, -0.891669, 0.381735, 0.0, 0.0, 0.0, 0.0, 1.0],
                [0.948149, -0.128903, 0.290513, -0.0, -0.22279, 0.382333, 0.896764, 0.37472, -0.226668, -0.914989, 0.333791, -0.0, 0.0, 0.0, 0.0, 1.0],
                [0.949167, -0.124591, 0.289066, 0.0, -0.234425, 0.333055, 0.913301, 0.37472, -0.210065, -0.93464, 0.286918, -0.0, 0.0, 0.0, 0.0, 1.0],
                [0.95005, -0.120468, 0.287909, 0.0, -0.244526, 0.285922, 0.926529, 0.37472, -0.193936, -0.950651, 0.242183, -0.0, 0.0, 0.0, 0.0, 1.0],
                [0.950798, -0.116629, 0.287021, -0.0, -0.253069, 0.242042, 0.936681, 0.37472, -0.178715, -0.96323, 0.200618, 0.0, 0.0, 0.0, 0.0, 1.0],
                [0.951412, -0.113167, 0.28637, -0.0, -0.260092, 0.202466, 0.944119, 0.37472, -0.164823, -0.972729, 0.163195, 0.0, 0.0, 0.0, 0.0, 1.0],
                [0.9519, -0.110166, 0.285918, 0.0, -0.265669, 0.168171, 0.949283, 0.37472, -0.152662, -0.979582, 0.130814, 0.0, 0.0, 0.0, 0.0, 1.0],
                [0.95227, -0.107707, 0.285624, -0.0, -0.269895, 0.140064, 0.952648, 0.37472, -0.142612, -0.984267, 0.104309, 0.0, 0.0, 0.0, 0.0, 1.0],
                [0.95253, -0.105863, 0.285447, 0.0, -0.272863, 0.11899, 0.954666, 0.37472, -0.13503, -0.987236, 0.084455, 0.0, 0.0, 0.0, 0.0, 1.0],
                [0.952685, -0.104706, 0.285356, -0.0, -0.274639, 0.10576, 0.955713, 0.37472, -0.130248, -0.988864, 0.072, 0.0, 0.0, 0.0, 0.0, 1.0],
                [0.952738, -0.104304, 0.285327, 0.0, -0.275239, 0.101171, 0.956038, 0.37472, -0.128586, -0.989386, 0.067681, -0.0, 0.0, 0.0, 0.0, 1.0],
                [0.952734, -0.104331, 0.285329, 0.0, -0.2752, 0.101474, 0.956017, 0.37472, -0.128696, -0.989352, 0.067966, -0.0, 0.0, 0.0, 0.0, 1.0],
                [0.952725, -0.104406, 0.285334, -0.0, -0.275089, 0.102327, 0.955958, 0.37472, -0.129005, -0.989257, 0.068769, 0.0, 0.0, 0.0, 0.0, 1.0],
                [0.952709, -0.104521, 0.285342, 0.0, -0.274917, 0.103645, 0.955865, 0.37472, -0.129482, -0.989107, 0.070009, 0.0, 0.0, 0.0, 0.0, 1.0],
                [0.95269, -0.104669, 0.285353, 0.0, -0.274694, 0.105344, 0.955744, 0.37472, -0.130097, -0.988912, 0.071608, 0.0, 0.0, 0.0, 0.0, 1.0],
                [0.952667, -0.104844, 0.285366, -0.0, -0.27443, 0.10734, 0.955597, 0.37472, -0.13082, -0.988679, 0.073486, -0.0, 0.0, 0.0, 0.0, 1.0],
                [0.952641, -0.105037, 0.28538, 0.0, -0.274138, 0.109547, 0.955431, 0.37472, -0.131618, -0.988416, 0.075564, 0.0, 0.0, 0.0, 0.0, 1.0],
                [0.952614, -0.105241, 0.285396, -0.0, -0.273826, 0.111882, 0.95525, 0.37472, -0.132462, -0.988133, 0.077762, -0.0, 0.0, 0.0, 0.0, 1.0],
                [0.952586, -0.105449, 0.285413, -0.0, -0.273506, 0.114259, 0.95506, 0.37472, -0.133322, -0.987839, 0.080001, -0.0, 0.0, 0.0, 0.0, 1.0],
                [0.952558, -0.105654, 0.28543, 0.0, -0.273189, 0.116595, 0.954868, 0.37472, -0.134165, -0.987544, 0.0822, -0.0, 0.0, 0.0, 0.0, 1.0],
                [0.952532, -0.105847, 0.285446, 0.0, -0.272888, 0.118804, 0.954682, 0.37472, -0.134962, -0.98726, 0.08428, 0.0, 0.0, 0.0, 0.0, 1.0],
                [0.952508, -0.106022, 0.285461, 0.0, -0.272615, 0.120802, 0.954509, 0.37472, -0.135683, -0.986999, 0.086162, 0.0, 0.0, 0.0, 0.0, 1.0],
                [0.952488, -0.106171, 0.285474, -0.0, -0.27238, 0.122504, 0.954359, 0.37472, -0.136297, -0.986773, 0.087765, 0.0, 0.0, 0.0, 0.0, 1.0],
                [0.952471, -0.106286, 0.285484, 0.0, -0.272197, 0.123824, 0.954241, 0.37472, -0.136773, -0.986596, 0.089008, -0.0, 0.0, 0.0, 0.0, 1.0],
                [0.952461, -0.106361, 0.285491, 0.0, -0.272079, 0.124679, 0.954164, 0.37472, -0.13708, -0.98648, 0.089813, 0.0, 0.0, 0.0, 0.0, 1.0],
                [0.952457, -0.106388, 0.285494, -0.0, -0.272036, 0.124983, 0.954136, 0.37472, -0.13719, -0.986439, 0.090099, 0.0, 0.0, 0.0, 0.0, 1.0],
                [0.952457, -0.106388, 0.285494, -0.0, -0.272036, 0.124983, 0.954136, 0.37472, -0.13719, -0.986439, 0.090099, -0.0, 0.0, 0.0, 0.0, 1.0],
                [0.952457, -0.106388, 0.285494, -0.0, -0.272036, 0.124983, 0.954136, 0.37472, -0.13719, -0.986439, 0.090099, 0.0, 0.0, 0.0, 0.0, 1.0],
                [0.952457, -0.106388, 0.285494, 0.0, -0.272036, 0.124983, 0.954136, 0.37472, -0.13719, -0.986439, 0.090099, -0.0, 0.0, 0.0, 0.0, 1.0],
                [0.952457, -0.106388, 0.285494, -0.0, -0.272036, 0.124983, 0.954136, 0.37472, -0.13719, -0.986439, 0.090099, 0.0, 0.0, 0.0, 0.0, 1.0],
                [0.952457, -0.106388, 0.285494, 0.0, -0.272036, 0.124983, 0.954136, 0.37472, -0.13719, -0.986439, 0.090099, -0.0, 0.0, 0.0, 0.0, 1.0],
                [0.952457, -0.106388, 0.285494, 0.0, -0.272036, 0.124983, 0.954136, 0.37472, -0.13719, -0.986439, 0.090099, -0.0, 0.0, 0.0, 0.0, 1.0],
                [0.952457, -0.106388, 0.285494, 0.0, -0.272036, 0.124983, 0.954136, 0.37472, -0.13719, -0.986439, 0.090099, 0.0, 0.0, 0.0, 0.0, 1.0],
                [0.952457, -0.106388, 0.285494, 0.0, -0.272036, 0.124983, 0.954136, 0.37472, -0.13719, -0.986438, 0.090099, -0.0, 0.0, 0.0, 0.0, 1.0],
