{
    "armature": {
        "joints": ["Root", "Thigh_R", "Leg_R", "Knee_R", "Thigh_L", "Leg_L", "Knee_L", "Torso", "Chest", "Head", "Shoulder_R", "Arm_R", "Hand_R", "Tool_R", "Elbow_R", "Shoulder_L", "Arm_L", "Hand_L", "Tool_L", "Elbow_L"],
        "hierarchy": [
            {
                "name": "Root",
                "transform": [1.0, 0.0, 0.0, -5e-06, 0.0, 0.0, -1.0, 0.000946, 0.0, 1.0, 0.0, 0.763972, 0.0, 0.0, 0.0, 1.0],
                "children": [
                    {
                        "name": "Thigh_R",
                        "transform": [1.0, -0.0, -0.0, 0.124994, -0.0, -1.0, 0.0, -0.002831, -0.0, -0.0, -1.0, -1.2e-05, 0.0, 0.0, 0.0, 1.0],
                        "children": [
                            {
                                "name": "Leg_R",
                                "transform": [1.0, 0.0, 1e-06, 0.0, -0.0, 1.0, 0.0, 0.37472, -1e-06, -0.0, 1.0, -0.0, 0.0, 0.0, 0.0, 1.0],
                                "children": []
                            },
                            {
                                "name": "Knee_R",
                                "transform": [1.0, 0.0, -0.0, 0.0, -0.0, 0.0, -1.0, 0.37472, -0.0, 1.0, 0.0, -0.0, 0.0, 0.0, 0.0, 1.0],
                                "children": []
                            }
                        ]
                    },
                    {
                        "name": "Thigh_L",
                        "transform": [1.0, -0.0, -0.0, -0.125006, -0.0, -1.0, 0.0, -0.002831, -0.0, -0.0, -1.0, -1.2e-05, 0.0, 0.0, 0.0, 1.0],
                        "children": [
                            {
                                "name": "Leg_L",
                                "transform": [1.0, 0.0, 1e-06, -0.0, -0.0, 1.0, 0.0, 0.37472, -1e-06, -0.0, 1.0, 0.0, 0.0, 0.0, 0.0, 1.0],
                                "children": []
                            },
                            {
                                "name": "Knee_L",
                                "transform": [1.0, 0.0, -0.0, -0.0, -0.0, 0.0, -1.0, 0.37472, -0.0, 1.0, 0.0, 0.0, 0.0, 0.0, 0.0, 1.0],
                                "children": []
                            }
                        ]
                    },
                    {
                        "name": "Torso",
                        "transform": [1.0, 0.0, 0.0, 0.0, 0.0, 1.0, 0.0, 0.05, 0.0, 0.0, 1.0, 0.0, 0.0, 0.0, 0.0, 1.0],
                        "children": [
                            {
                                "name": "Chest",
                                "transform": [1.0, 0.0, 0.0, 0.0, 0.0, 1.0, 0.0, 0.3, 0.0, 0.0, 1.0, 0.0, 0.0, 0.0, 0.0, 1.0],
                                "children": [
                                    {
                                        "name": "Head",
                                        "transform": [1.0, 0.0, 0.0, 0.0, 0.0, 1.0, 0.0, 0.4, 0.0, 0.0, 1.0, 0.0, 0.0, 0.0, 0.0, 1.0],
                                        "children": []
                                    },
                                    {
                                        "name": "Shoulder_R",
                                        "transform": [0.0, 0.952114, 0.305743, 0.0, 0.0, -0.305743, 0.952114, 0.4, 1.0, 0.0, -0.0, 0.0, 0.0, 0.0, 0.0, 1.0],
                                        "children": [
                                            {
                                                "name": "Arm_R",
                                                "transform": [0.0, -0.0, -1.0, -0.0, 0.952114, 0.305743, 0.0, 0.39386, 0.305743, -0.952114, 0.0, 0.0, 0.0, 0.0, 0.0, 1.0],
                                                "children": [
                                                    {
                                                        "name": "Hand_R",
                                                        "transform": [1.0, 0.0, 0.0, 0.0, -0.0, 0.993938, 0.109947, 0.3, -0.0, -0.109947, 0.993937, 0.0, 0.0, 0.0, 0.0, 1.0],
                                                        "children": [
                                                            {
                                                                "name": "Tool_R",
                                                                "transform": [1.0, 0.0, 0.0, -0.0, 0.0, -0.999836, 0.018122, 0.272858, 0.0, -0.018122, -0.999836, 0.0, 0.0, 0.0, 0.0, 1.0],
                                                                "children": []
                                                            }
                                                        ]
                                                    },
                                                    {
                                                        "name": "Elbow_R",
                                                        "transform": [-1.0, 0.0, -0.0, 0.0, 0.0, 0.0, -1.0, 0.3, -0.0, -1.0, -0.0, 0.0, 0.0, 0.0, 0.0, 1.0],
                                                        "children": []
                                                    }
                                                ]
                                            }
                                        ]
                                    },
                                    {
                                        "name": "Shoulder_L",
                                        "transform": [-0.0, -0.952114, -0.305743, 0.0, 0.0, -0.305743, 0.952114, 0.4, -1.0, 0.0, 0.0, 0.0, 0.0, 0.0, 0.0, 1.0],
                                        "children": [
                                            {
                                                "name": "Arm_L",
                                                "transform": [-0.0, -0.0, 1.0, -0.0, -0.952114, 0.305743, -0.0, 0.39386, -0.305743, -0.952114, -0.0, 0.0, 0.0, 0.0, 0.0, 1.0],
                                                "children": [
                                                    {
                                                        "name": "Hand_L",
                                                        "transform": [1.0, -0.0, 0.0, -0.0, 0.0, 0.993937, 0.109947, 0.3, -0.0, -0.109947, 0.993937, 0.0, 0.0, 0.0, 0.0, 1.0],
                                                        "children": [
                                                            {
                                                                "name": "Tool_L",
                                                                "transform": [1.0, 0.0, 0.0, -0.0, -0.0, -0.999836, 0.018122, 0.272858, 0.0, -0.018122, -0.999836, -0.0, 0.0, 0.0, 0.0, 1.0],
                                                                "children": []
                                                            }
                                                        ]
                                                    },
                                                    {
                                                        "name": "Elbow_L",
                                                        "transform": [-1.0, 0.0, -0.0, -0.0, 0.0, -0.0, -1.0, 0.3, -0.0, -1.0, 0.0, 0.0, 0.0, 0.0, 0.0, 1.0],
                                                        "children": []
                                                    }
                                                ]
                                            }
                                        ]
                                    }
                                ]
                            }
                        ]
                    }
                ]
            }
        ]
    },
    "animation": [
        {
            "name": "Root",
            "time": [0.0, 0.0167, 0.0333, 0.05, 0.0667, 0.0833, 0.1, 0.1167, 0.1333, 0.15, 0.1667, 0.1833, 0.2, 0.2167, 0.2333, 0.25, 0.2667, 0.2833, 0.3, 0.3167, 0.3333, 0.35, 0.3667, 0.3833, 0.4, 0.4167, 0.4333, 0.45, 0.4667, 0.4833, 0.5, 0.5167, 0.5333, 0.55, 0.5667, 0.5833, 0.6, 0.6167, 0.6333, 0.65, 0.6667, 0.6833, 0.7, 0.7167, 0.7333, 0.75, 0.7667, 0.7833, 0.8, 0.8167, 0.8333, 0.85, 0.8667, 0.8833, 0.9, 0.9167, 0.9333, 0.95, 0.9667, 0.9833, 1.0, 1.0167, 1.0333, 1.05, 1.0667, 1.0833, 1.1, 1.1167, 1.1333, 1.15, 1.1667, 1.1833, 1.2, 1.2167, 1.2333, 1.25, 1.2667, 1.2833, 1.3, 1.3167, 1.3333, 1.35, 1.3667, 1.3833, 1.4, 1.4167, 1.4333, 1.45, 1.4667, 1.4833, 1.5, 1.5167, 1.5333, 1.55, 1.5667, 1.5833, 1.6],
            "transform": [
                [1.0, 0.0, 0.0, -5e-06, 0.0, 0.0, -1.0, 0.000946, 0.0, 1.0, 0.0, 0.763972, 0.0, 0.0, 0.0, 1.0],
                [0.999249, 0.0, -0.038757, -5e-06, -0.038757, 0.0, -0.999249, 0.013168, 0.0, 1.0, 0.0, 0.763972, 0.0, 0.0, 0.0, 1.0],
                [0.98883, 0.0, -0.14905, -5e-06, -0.14905, 0.0, -0.98883, 0.047588, 0.0, 1.0, 0.0, 0.763972, 0.0, 0.0, 0.0, 1.0],
                [0.946954, 0.0, -0.32137, -5e-06, -0.32137, 0.0, -0.946954, 0.100839, 0.0, 1.0, 0.0, 0.763972, 0.0, 0.0, 0.0, 1.0],
                [0.844089, 0.0, -0.536204, -5e-06, -0.536204, 0.0, -0.844089, 0.169556, 0.0, 1.0, 0.0, 0.763972, 0.0, 0.0, 0.0, 1.0],
                [0.656134, 0.0, -0.754645, -5e-06, -0.754645, 0.0, -0.656134, 0.250371, 0.0, 1.0, 0.0, 0.763972, 0.0, 0.0, 0.0, 1.0],
                [0.384931, 0.0, -0.922945, -5e-06, -0.922945, 0.0, -0.384931, 0.339918, 0.0, 1.0, 0.0, 0.763972, 0.0, 0.0, 0.0, 1.0],
                [0.068244, 0.0, -0.997669, -5e-06, -0.997669, 0.0, -0.068244, 0.43483, 0.0, 1.0, 0.0, 0.763972, 0.0, 0.0, 0.0, 1.0],
                [-0.238825, 0.0, -0.971063, -5e-06, -0.971063, 0.0, 0.238825, 0.531741, 0.0, 1.0, 0.0, 0.763972, 0.0, 0.0, 0.0, 1.0],
                [-0.495133, 0.0, -0.868817, -5e-06, -0.868817, 0.0, 0.495133, 0.627283, 0.0, 1.0, 0.0, 0.763972, 0.0, 0.0, 0.0, 1.0],
                [-0.686769, 0.0, -0.726876, -5e-06, -0.726876, 0.0, 0.686769, 0.718091, 0.0, 1.0, 0.0, 0.763972, 0.0, 0.0, 0.0, 1.0],
                [-0.819474, 0.0, -0.573117, -5e-06, -0.573117, 0.0, 0.819474, 0.800798, 0.0, 1.0, 0.0, 0.763972, 0.0, 0.0, 0.0, 1.0],
                [-0.906308, 0.0, -0.422618, -5e-06, -0.422618, 0.0, 0.906308, 0.872036, 0.0, 1.0, 0.0, 0.763972, 0.0, 0.0, 0.0, 1.0],
                [-0.961896, -0.002652, -0.273404, -5e-06, -0.273408, 0.001355, 0.961897, 0.929361, -0.002181, 0.999996, -0.002029, 0.763972, 0.0, 0.0, 0.0, 1.0],
                [-0.992344, -0.009692, -0.123119, -5e-06, -0.12318, 0.00593, 0.992366, 0.974015, -0.008888, 0.999935, -0.007079, 0.763972, 0.0, 0.0, 0.0, 1.0],
                [-0.999543, -0.019647, 0.022987, -5e-06, 0.022712, 0.014094, 0.999643, 1.008158, -0.019964, 0.999708, -0.013642, 0.763972, 0.0, 0.0, 0.0, 1.0],
                [-0.986435, -0.03108, 0.16118, -5e-06, 0.160415, 0.025738, 0.986714, 1.033955, -0.034816, 0.999185, -0.020403, 0.763972, 0.0, 0.0, 0.0, 1.0],
                [-0.9563, -0.04272, 0.28925, -5e-06, 0.287625, 0.040384, 0.956891, 1.053568, -0.05256, 0.998271, -0.026332, 0.763972, 0.0, 0.0, 0.0, 1.0],
                [-0.912194, -0.053526, 0.406248, -5e-06, 0.403354, 0.057317, 0.913247, 1.069159, -0.072168, 0.99692, -0.030694, 0.763972, 0.0, 0.0, 0.0, 1.0],
                [-0.856625, -0.062688, 0.512117, -5e-06, 0.507568, 0.07569, 0.858281, 1.082891, -0.092566, 0.995159, -0.03302, 0.763972, 0.0, 0.0, 0.0, 1.0],
                [-0.791401, -0.069598, 0.607323, -5e-06, 0.60082, 0.094595, 0.793768, 1.096925, -0.112694, 0.99308, -0.033047, 0.763972, 0.0, 0.0, 0.0, 1.0],
                [-0.717606, -0.073813, 0.692527, -5e-06, 0.683917, 0.1131, 0.72074, 1.113427, -0.131524, 0.990838, -0.030679, 0.763972, 0.0, 0.0, 0.0, 1.0],
                [-0.635651, -0.075024, 0.768323, -5e-06, 0.757647, 0.130249, 0.639536, 1.134556, -0.148053, 0.988639, -0.025951, 0.763972, 0.0, 0.0, 0.0, 1.0],
                [-0.545359, -0.073038, 0.835015, -5e-06, 0.822541, 0.145046, 0.549899, 1.162477, -0.161279, 0.986725, -0.019025, 0.763972, 0.0, 0.0, 0.0, 1.0],
                [-0.446077, -0.067793, 0.892424, -5e-06, 0.878668, 0.156418, 0.451084, 1.199352, -0.170171, 0.985362, -0.010207, 0.763972, 0.0, 0.0, 0.0, 1.0],
                [-0.336824, -0.059391, 0.939692, -5e-06, 0.925416, 0.163176, 0.34202, 1.247343, -0.173648, 0.984808, 0.0, 0.763972, 0.0, 0.0, 0.0, 1.0],
                [-0.210104, -0.048058, 0.976497, -5e-06, 0.962402, 0.165712, 0.215226, 1.307805, -0.172161, 0.985003, 0.011434, 0.763972, 0.0, 0.0, 0.0, 1.0],
                [-0.05966, -0.034254, 0.997631, -5e-06, 0.984206, 0.164853, 0.064518, 1.37886, -0.166673, 0.985723, 0.023878, 0.763972, 0.0, 0.0, 0.0, 1.0],
                [0.111095, -0.018874, 0.993631, -5e-06, 0.981347, 0.159929, -0.106683, 1.457825, -0.156896, 0.986948, 0.036289, 0.763972, 0.0, 0.0, 0.0, 1.0],
                [0.294176, -0.003228, 0.955746, -5e-06, 0.945012, 0.150469, -0.290364, 1.542012, -0.142873, 0.988609, 0.047315, 0.763972, 0.0, 0.0, 0.0, 1.0],
                [0.476911, 0.011056, 0.878882, -5e-06, 0.869982, 0.136546, -0.473799, 1.628739, -0.125246, 0.990572, 0.055502, 0.763972, 0.0, 0.0, 0.0, 1.0],
                [0.644064, 0.022378, 0.764644, -5e-06, 0.75768, 0.119018, -0.641682, 1.715318, -0.105366, 0.99264, 0.0597, 0.763972, 0.0, 0.0, 0.0, 1.0],
                [0.782031, 0.029658, 0.622533, -5e-06, 0.617405, 0.09949, -0.780329, 1.799065, -0.085079, 0.994596, 0.059494, 0.763972, 0.0, 0.0, 0.0, 1.0],
                [0.883135, 0.032704, 0.467977, -5e-06, 0.464416, 0.07994, -0.882002, 1.877295, -0.066255, 0.996263, 0.055409, 0.763972, 0.0, 0.0, 0.0, 1.0],
                [0.947526, 0.032236, 0.31805, -5e-06, 0.315697, 0.062185, -0.94682, 1.947322, -0.050299, 0.997544, 0.048746, 0.763972, 0.0, 0.0, 0.0, 1.0],
                [0.981836, 0.029568, 0.187415, -5e-06, 0.185904, 0.04752, -0.981418, 2.006462, -0.037925, 0.998433, 0.04116, 0.763972, 0.0, 0.0, 0.0, 1.0],
                [0.995906, 0.026193, 0.08652, -5e-06, 0.085534, 0.036655, -0.995661, 2.05203, -0.029251, 0.998985, 0.034264, 0.763972, 0.0, 0.0, 0.0, 1.0],
                [0.999479, 0.023457, 0.022186, -5e-06, 0.02148, 0.02992, -0.999321, 2.081339, -0.024105, 0.999277, 0.029401, 0.763972, 0.0, 0.0, 0.0, 1.0],
                [0.999749, 0.022383, -0.000426, -5e-06, -0.001043, 0.027584, -0.999619, 2.091706, -0.022363, 0.999369, 0.0276, 0.763972, 0.0, 0.0, 0.0, 1.0],
                [0.999749, 0.022383, -0.000426, -5e-06, -0.001043, 0.027584, -0.999619, 2.091706, -0.022363, 0.999369, 0.0276, 0.763972, 0.0, 0.0, 0.0, 1.0],
                [0.999749, 0.022383, -0.000426, -5e-06, -0.001043, 0.027584, -0.999619, 2.091706, -0.022363, 0.999369, 0.0276, 0.763972, 0.0, 0.0, 0.0, 1.0],
                [0.999749, 0.022383, -0.000426, -5e-06, -0.001043, 0.027584, -0.999619, 2.091706, -0.022363, 0.999369, 0.0276, 0.763972, 0.0, 0.0, 0.0, 1.0],
                [0.999749, 0.022383, -0.000426, -5e-06, -0.001043, 0.027584, -0.999619, 2.091706, -0.022363, 0.999369, 0.0276, 0.763972, 0.0, 0.0, 0.0, 1.0],
                [0.999749, 0.022383, -0.000426, -5e-06, -0.001043, 0.027584, -0.999619, 2.091706, -0.022363, 0.999369, 0.0276, 0.763972, 0.0, 0.0, 0.0, 1.0],
                [0.999749, 0.022383, -0.000426, -5e-06, -0.001043, 0.027584, -0.999619, 2.091706, -0.022363, 0.999369, 0.0276, 0.763972, 0.0, 0.0, 0.0, 1.0],
                [0.999749, 0.022383, -0.000426, -5e-06, -0.001043, 0.027584, -0.999619, 2.091706, -0.022363, 0.999369, 0.0276, 0.763972, 0.0, 0.0, 0.0, 1.0],
                [0.999749, 0.022383, -0.000426, -5e-06, -0.001043, 0.027584, -0.999619, 2.091706, -0.022363, 0.999369, 0.0276, 0.763972, 0.0, 0.0, 0.0, 1.0],
                [0.999749, 0.022383, -0.000426, -5e-06, -0.001043, 0.027584, -0.999619, 2.091706, -0.022363, 0.999369, 0.0276, 0.763972, 0.0, 0.0, 0.0, 1.0],
                [0.999749, 0.022383, -0.000426, -5e-06, -0.001043, 0.027584, -0.999619, 2.091706, -0.022363, 0.999369, 0.0276, 0.763972, 0.0, 0.0, 0.0, 1.0],
                [0.999749, 0.022383, -0.000426, -5e-06, -0.001043, 0.027584, -0.999619, 2.091706, -0.022363, 0.999369, 0.0276, 0.763972, 0.0, 0.0, 0.0, 1.0],
                [0.999749, 0.022383, -0.000426, -5e-06, -0.001043, 0.027584, -0.999619, 2.091706, -0.022363, 0.999369, 0.0276, 0.763972, 0.0, 0.0, 0.0, 1.0],
                [0.999749, 0.022383, -0.000426, -5e-06, -0.001043, 0.027584, -0.999619, 2.091706, -0.022363, 0.999369, 0.0276, 0.763972, 0.0, 0.0, 0.0, 1.0],
                [0.999749, 0.022383, -0.000426, -5e-06, -0.001043, 0.027584, -0.999619, 2.091706, -0.022363, 0.999369, 0.0276, 0.763972, 0.0, 0.0, 0.0, 1.0],
                [0.999749, 0.022383, -0.000426, -5e-06, -0.001043, 0.027584, -0.999619, 2.091706, -0.022363, 0.999369, 0.0276, 0.763972, 0.0, 0.0, 0.0, 1.0],
                [0.999749, 0.022383, -0.000426, -5e-06, -0.001043, 0.027584, -0.999619, 2.091706, -0.022363, 0.999369, 0.0276, 0.763972, 0.0, 0.0, 0.0, 1.0],
                [0.999749, 0.022383, -0.000426, -5e-06, -0.001043, 0.027584, -0.999619, 2.091706, -0.022363, 0.999369, 0.0276, 0.763972, 0.0, 0.0, 0.0, 1.0],
                [0.999749, 0.022383, -0.000426, -5e-06, -0.001043, 0.027584, -0.999619, 2.091706, -0.022363, 0.999369, 0.0276, 0.763972, 0.0, 0.0, 0.0, 1.0],
                [0.999749, 0.022383, -0.000426, -5e-06, -0.001043, 0.027584, -0.999619, 2.091706, -0.022363, 0.999369, 0.0276, 0.763972, 0.0, 0.0, 0.0, 1.0],
                [0.999749, 0.022383, -0.000426, -5e-06, -0.001043, 0.027584, -0.999619, 2.091706, -0.022363, 0.999369, 0.0276, 0.763972, 0.0, 0.0, 0.0, 1.0],
                [0.999749, 0.022383, -0.000426, -5e-06, -0.001043, 0.027584, -0.999619, 2.091706, -0.022363, 0.999369, 0.0276, 0.763972, 0.0, 0.0, 0.0, 1.0],
                [0.999749, 0.022383, -0.000426, -5e-06, -0.001043, 0.027584, -0.999619, 2.091706, -0.022363, 0.999369, 0.0276, 0.763972, 0.0, 0.0, 0.0, 1.0],
                [0.999749, 0.022383, -0.000426, -5e-06, -0.001043, 0.027584, -0.999619, 2.091706, -0.022363, 0.999369, 0.0276, 0.763972, 0.0, 0.0, 0.0, 1.0],
                [0.999749, 0.022383, -0.000426, -5e-06, -0.001043, 0.027584, -0.999619, 2.091706, -0.022363, 0.999369, 0.0276, 0.763972, 0.0, 0.0, 0.0, 1.0],
                [0.999749, 0.022383, -0.000426, -5e-06, -0.001043, 0.027584, -0.999619, 2.091706, -0.022363, 0.999369, 0.0276, 0.763972, 0.0, 0.0, 0.0, 1.0],
                [0.999749, 0.022383, -0.000426, -5e-06, -0.001043, 0.027584, -0.999619, 2.091706, -0.022363, 0.999369, 0.0276, 0.763972, 0.0, 0.0, 0.0, 1.0],
                [0.999749, 0.022383, -0.000426, -5e-06, -0.001043, 0.027584, -0.999619, 2.091706, -0.022363, 0.999369, 0.0276, 0.763972, 0.0, 0.0, 0.0, 1.0],
                [0.999749, 0.022383, -0.000426, -5e-06, -0.001043, 0.027584, -0.999619, 2.091706, -0.022363, 0.999369, 0.0276, 0.763972, 0.0, 0.0, 0.0, 1.0],
                [0.999749, 0.022383, -0.000426, -5e-06, -0.001043, 0.027584, -0.999619, 2.091706, -0.022363, 0.999369, 0.0276, 0.763972, 0.0, 0.0, 0.0, 1.0],
                [0.999749, 0.022383, -0.000426, -5e-06, -0.001043, 0.027584, -0.999619, 2.091706, -0.022363, 0.999369, 0.0276, 0.763972, 0.0, 0.0, 0.0, 1.0],
                [0.999749, 0.022383, -0.000426, -5e-06, -0.001043, 0.027584, -0.999619, 2.091706, -0.022363, 0.999369, 0.0276, 0.763972, 0.0, 0.0, 0.0, 1.0],
                [0.999749, 0.022383, -0.000426, -5e-06, -0.001043, 0.027584, -0.999619, 2.091706, -0.022363, 0.999369, 0.0276, 0.763972, 0.0, 0.0, 0.0, 1.0],
                [0.999749, 0.022383, -0.000426, -5e-06, -0.001043, 0.027584, -0.999619, 2.091706, -0.022363, 0.999369, 0.0276, 0.763972, 0.0, 0.0, 0.0, 1.0],
                [0.999749, 0.022383, -0.000426, -5e-06, -0.001043, 0.027584, -0.999619, 2.091706, -0.022363, 0.999369, 0.0276, 0.763972, 0.0, 0.0, 0.0, 1.0],
                [0.999749, 0.022383, -0.000433, -5e-06, -0.001043, 0.027239, -0.999628, 2.090025, -0.022363, 0.999378, 0.027255, 0.763962, 0.0, 0.0, 0.0, 1.0],
                [0.999749, 0.022383, -0.000456, -6e-06, -0.001043, 0.026244, -0.999655, 2.085174, -0.022363, 0.999405, 0.026261, 0.763934, 0.0, 0.0, 0.0, 1.0],
                [0.999749, 0.022382, -0.000491, -9e-06, -0.001043, 0.024658, -0.999695, 2.077442, -0.022363, 0.999445, 0.024675, 0.763889, 0.0, 0.0, 0.0, 1.0],
                [0.999749, 0.022381, -0.000539, -1.1e-05, -0.001043, 0.022539, -0.999745, 2.067116, -0.022363, 0.999495, 0.022557, 0.763829, 0.0, 0.0, 0.0, 1.0],
                [0.999749, 0.022379, -0.000597, -1.5e-05, -0.001043, 0.019948, -0.999801, 2.054484, -0.022363, 0.999551, 0.019966, 0.763756, 0.0, 0.0, 0.0, 1.0],
                [0.999749, 0.022378, -0.000664, -1.9e-05, -0.001043, 0.016942, -0.999856, 2.039835, -0.022363, 0.999606, 0.016961, 0.763671, 0.0, 0.0, 0.0, 1.0],
                [0.999749, 0.022375, -0.000739, -2.4e-05, -0.001043, 0.013582, -0.999907, 2.023458, -0.022363, 0.999657, 0.013602, 0.763577, 0.0, 0.0, 0.0, 1.0],
                [0.999749, 0.022372, -0.000821, -2.9e-05, -0.001043, 0.009925, -0.99995, 2.005639, -0.022363, 0.9997, 0.009946, 0.763473, 0.0, 0.0, 0.0, 1.0],
                [0.999749, 0.022369, -0.000908, -3.4e-05, -0.001043, 0.006032, -0.999981, 1.986668, -0.022363, 0.999732, 0.006053, 0.763364, 0.0, 0.0, 0.0, 1.0],
                [0.999749, 0.022365, -0.000999, -3.9e-05, -0.001043, 0.001961, -0.999998, 1.966833, -0.022363, 0.999748, 0.001983, 0.763249, 0.0, 0.0, 0.0, 1.0],
                [0.999749, 0.022361, -0.001093, -4.5e-05, -0.001043, -0.002229, -0.999997, 1.946421, -0.022363, 0.999747, -0.002205, 0.763131, 0.0, 0.0, 0.0, 1.0],
                [0.999749, 0.022356, -0.001188, -5.1e-05, -0.001043, -0.006477, -0.999978, 1.92572, -0.022363, 0.999729, -0.006452, 0.763011, 0.0, 0.0, 0.0, 1.0],
                [0.999749, 0.022351, -0.001283, -5.7e-05, -0.001043, -0.010726, -0.999942, 1.90502, -0.022363, 0.999693, -0.0107, 0.762891, 0.0, 0.0, 0.0, 1.0],
                [0.999749, 0.022345, -0.001376, -6.2e-05, -0.001043, -0.014915, -0.999888, 1.884608, -0.022363, 0.999639, -0.014888, 0.762773, 0.0, 0.0, 0.0, 1.0],
                [0.999749, 0.022339, -0.001467, -6.8e-05, -0.001043, -0.018985, -0.999819, 1.864772, -0.022363, 0.99957, -0.018957, 0.762658, 0.0, 0.0, 0.0, 1.0],
                [0.999749, 0.022333, -0.001554, -7.3e-05, -0.001043, -0.022878, -0.999738, 1.845801, -0.022363, 0.999489, -0.022849, 0.762548, 0.0, 0.0, 0.0, 1.0],
                [0.999749, 0.022328, -0.001636, -7.8e-05, -0.001043, -0.026534, -0.999647, 1.827983, -0.022363, 0.999399, -0.026504, 0.762445, 0.0, 0.0, 0.0, 1.0],
                [0.999749, 0.022322, -0.001711, -8.3e-05, -0.001043, -0.029894, -0.999553, 1.811605, -0.022363, 0.999304, -0.029863, 0.76235, 0.0, 0.0, 0.0, 1.0],
                [0.999749, 0.022317, -0.001778, -8.7e-05, -0.001043, -0.032898, -0.999458, 1.796957, -0.022363, 0.99921, -0.032867, 0.762265, 0.0, 0.0, 0.0, 1.0],
                [0.999749, 0.022312, -0.001836, -9e-05, -0.001043, -0.035489, -0.99937, 1.784325, -0.022363, 0.999121, -0.035456, 0.762192, 0.0, 0.0, 0.0, 1.0],
                [0.999749, 0.022308, -0.001883, -9.3e-05, -0.001043, -0.037606, -0.999292, 1.773999, -0.022363, 0.999044, -0.037573, 0.762132, 0.0, 0.0, 0.0, 1.0],
                [0.999749, 0.022305, -0.001918, -9.5e-05, -0.001043, -0.039192, -0.999231, 1.766267, -0.022363, 0.998983, -0.039159, 0.762088, 0.0, 0.0, 0.0, 1.0],
                [0.999749, 0.022303, -0.001941, -9.7e-05, -0.001043, -0.040186, -0.999192, 1.761416, -0.022363, 0.998943, -0.040153, 0.76206, 0.0, 0.0, 0.0, 1.0],
                [0.999749, 0.022302, -0.001948, -9.7e-05, -0.001043, -0.040531, -0.999178, 1.759735, -0.022363, 0.998929, -0.040497, 0.76205, 0.0, 0.0, 0.0, 1.0]
            ]
        },
        {
            "name": "Thigh_R",
            "time": [0.0, 0.0167, 0.0333, 0.05, 0.0667, 0.0833, 0.1, 0.1167, 0.1333, 0.15, 0.1667, 0.1833, 0.2, 0.2167, 0.2333, 0.25, 0.2667, 0.2833, 0.3, 0.3167, 0.3333, 0.35, 0.3667, 0.3833, 0.4, 0.4167, 0.4333, 0.45, 0.4667, 0.4833, 0.5, 0.5167, 0.5333, 0.55, 0.5667, 0.5833, 0.6, 0.6167, 0.6333, 0.65, 0.6667, 0.6833, 0.7, 0.7167, 0.7333, 0.75, 0.7667, 0.7833, 0.8, 0.8167, 0.8333, 0.85, 0.8667, 0.8833, 0.9, 0.9167, 0.9333, 0.95, 0.9667, 0.9833, 1.0, 1.0167, 1.0333, 1.05, 1.0667, 1.0833, 1.1, 1.1167, 1.1333, 1.15, 1.1667, 1.1833, 1.2, 1.2167, 1.2333, 1.25, 1.2667, 1.2833, 1.3, 1.3167, 1.3333, 1.35, 1.3667, 1.3833, 1.4, 1.4167, 1.4333, 1.45, 1.4667, 1.4833, 1.5, 1.5167, 1.5333, 1.55, 1.5667, 1.5833, 1.6],
            "transform": [
                [0.996195, 0.075479, 0.043578, 0.124994, 0.084186, -0.962743, -0.256981, -0.005666, 0.022557, 0.259672, -0.965433, 0.032399, 0.0, 0.0, 0.0, 1.0],
                [0.996195, 0.075481, 0.043571, 0.124994, 0.084186, -0.962746, -0.256968, -0.005667, 0.022552, 0.259658, -0.965437, 0.032399, 0.0, 0.0, 0.0, 1.0],
                [0.996195, 0.075499, 0.043528, 0.124994, 0.084189, -0.96277, -0.256876, -0.00567, 0.022513, 0.259564, -0.965464, 0.032397, 0.0, 0.0, 0.0, 1.0],
                [0.996197, 0.075546, 0.043409, 0.124993, 0.084198, -0.962836, -0.256627, -0.005677, 0.022408, 0.259306, -0.965535, 0.032393, 0.0, 0.0, 0.0, 1.0],
                [0.9962, 0.075638, 0.043177, 0.124992, 0.084216, -0.962963, -0.256143, -0.005692, 0.022204, 0.258806, -0.965674, 0.032384, 0.0, 0.0, 0.0, 1.0],
                [0.996205, 0.07579, 0.042795, 0.124991, 0.084246, -0.963173, -0.255343, -0.005717, 0.021866, 0.25798, -0.965903, 0.03237, 0.0, 0.0, 0.0, 1.0],
                [0.996212, 0.076016, 0.042224, 0.124989, 0.084291, -0.963485, -0.25415, -0.005755, 0.021363, 0.256747, -0.966243, 0.032349, 0.0, 0.0, 0.0, 1.0],
                [0.996222, 0.07633, 0.041427, 0.124986, 0.084354, -0.963917, -0.252484, -0.005806, 0.02066, 0.255024, -0.966714, 0.03232, 0.0, 0.0, 0.0, 1.0],
                [0.996233, 0.076746, 0.040365, 0.124982, 0.084441, -0.964488, -0.250264, -0.005875, 0.019725, 0.25273, -0.967336, 0.032281, 0.0, 0.0, 0.0, 1.0],
                [0.996247, 0.077277, 0.038999, 0.124976, 0.084555, -0.965214, -0.24741, -0.005964, 0.018524, 0.249779, -0.968126, 0.032231, 0.0, 0.0, 0.0, 1.0],
                [0.996261, 0.077934, 0.03729, 0.12497, 0.084702, -0.966109, -0.24384, -0.006074, 0.017023, 0.246087, -0.969098, 0.032169, 0.0, 0.0, 0.0, 1.0],
                [0.996275, 0.078729, 0.035197, 0.124962, 0.08489, -0.967185, -0.239471, -0.00621, 0.015188, 0.241567, -0.970265, 0.032093, 0.0, 0.0, 0.0, 1.0],
                [0.996285, 0.079671, 0.032678, 0.124952, 0.085127, -0.968449, -0.234219, -0.006371, 0.012987, 0.236131, -0.971634, 0.032001, 0.0, 0.0, 0.0, 1.0],
                [0.99629, 0.081187, 0.028528, 0.124937, 0.085542, -0.970463, -0.225575, -0.006637, 0.009372, 0.227179, -0.973808, 0.031851, 0.0, 0.0, 0.0, 1.0],
                [0.996264, 0.08359, 0.021696, 0.124911, 0.086291, -0.97359, -0.211369, -0.007072, 0.003455, 0.212452, -0.977166, 0.031606, 0.0, 0.0, 0.0, 1.0],
                [0.996159, 0.086688, 0.01236, 0.124877, 0.087446, -0.977489, -0.192009, -0.00766, -0.004563, 0.192352, -0.981315, 0.031274, 0.0, 0.0, 0.0, 1.0],
                [0.995918, 0.090263, 0.000695, 0.124834, 0.089098, -0.981769, -0.1679, -0.008386, -0.014473, 0.167277, -0.985804, 0.030865, 0.0, 0.0, 0.0, 1.0],
                [0.995478, 0.094082, -0.013121, 0.124784, 0.091349, -0.986004, -0.139463, -0.009235, -0.026058, 0.137634, -0.99014, 0.030386, 0.0, 0.0, 0.0, 1.0],
                [0.994777, 0.097904, -0.028891, 0.124728, 0.094298, -0.989761, -0.107152, -0.010192, -0.039085, 0.103868, -0.993823, 0.029846, 0.0, 0.0, 0.0, 1.0],
                [0.993754, 0.101489, -0.046397, 0.124666, 0.098036, -0.992613, -0.071464, -0.011241, -0.053307, 0.066469, -0.996364, 0.029254, 0.0, 0.0, 0.0, 1.0],
                [0.99236, 0.104615, -0.065396, 0.1246, 0.102635, -0.994173, -0.032947, -0.012367, -0.068462, 0.025984, -0.997315, 0.028618, 0.0, 0.0, 0.0, 1.0],
                [0.990558, 0.10708, -0.085612, 0.12453, 0.108137, -0.994105, 0.0078, -0.013555, -0.084272, -0.016984, -0.996298, 0.027948, 0.0, 0.0, 0.0, 1.0],
                [0.988325, 0.108718, -0.106744, 0.124457, 0.114553, -0.992151, 0.050132, -0.014789, -0.100456, -0.061775, -0.993022, 0.027252, 0.0, 0.0, 0.0, 1.0],
                [0.98566, 0.109406, -0.128468, 0.124383, 0.121852, -0.988146, 0.093375, -0.016055, -0.11673, -0.107691, -0.987308, 0.026538, 0.0, 0.0, 0.0, 1.0],
                [0.982583, 0.109074, -0.150446, 0.124307, 0.129964, -0.982031, 0.136837, -0.017336, -0.132817, -0.154007, -0.979102, 0.025815, 0.0, 0.0, 0.0, 1.0],
                [0.979133, 0.107706, -0.172332, 0.124232, 0.138777, -0.973859, 0.179832, -0.018618, -0.148458, -0.199995, -0.968485, 0.025092, 0.0, 0.0, 0.0, 1.0],
                [0.975371, 0.105342, -0.193789, 0.124157, 0.148139, -0.963797, 0.221699, -0.019885, -0.163419, -0.244947, -0.955665, 0.024377, 0.0, 0.0, 0.0, 1.0],
                [0.971377, 0.102078, -0.214493, 0.124085, 0.157869, -0.952116, 0.261826, -0.021122, -0.177496, -0.288193, -0.940978, 0.023679, 0.0, 0.0, 0.0, 1.0],
                [0.967243, 0.098059, -0.234146, 0.124015, 0.167755, -0.939181, 0.29966, -0.022314, -0.190521, -0.329124, -0.924867, 0.023006, 0.0, 0.0, 0.0, 1.0],
                [0.963077, 0.093473, -0.25248, 0.123948, 0.17757, -0.925434, 0.334723, -0.023446, -0.202367, -0.367197, -0.907862, 0.022368, 0.0, 0.0, 0.0, 1.0],
                [0.958989, 0.088537, -0.269261, 0.123886, 0.187076, -0.911372, 0.36661, -0.024501, -0.212938, -0.401948, -0.890559, 0.021772, 0.0, 0.0, 0.0, 1.0],
                [0.955097, 0.083492, -0.284287, 0.123829, 0.19603, -0.897526, 0.394992, -0.025466, -0.222177, -0.432984, -0.873592, 0.021228, 0.0, 0.0, 0.0, 1.0],
                [0.951516, 0.07859, -0.297389, 0.123779, 0.204193, -0.884445, 0.419598, -0.026324, -0.230048, -0.459979, -0.857611, 0.020744, 0.0, 0.0, 0.0, 1.0],
                [0.948361, 0.074085, -0.308419, 0.123735, 0.211333, -0.872671, 0.440207, -0.02706, -0.236536, -0.482655, -0.843265, 0.020328, 0.0, 0.0, 0.0, 1.0],
                [0.945741, 0.07022, -0.317243, 0.1237, 0.217229, -0.862732, 0.456624, -0.027659, -0.241631, -0.500763, -0.831175, 0.01999, 0.0, 0.0, 0.0, 1.0],
                [0.943758, 0.067226, -0.323732, 0.123674, 0.221672, -0.855116, 0.468654, -0.028106, -0.245322, -0.514059, -0.821925, 0.019738, 0.0, 0.0, 0.0, 1.0],
                [0.942506, 0.065308, -0.327747, 0.123657, 0.224468, -0.850272, 0.476079, -0.028386, -0.247582, -0.522276, -0.816046, 0.019581, 0.0, 0.0, 0.0, 1.0],
                [0.942071, 0.064636, -0.329127, 0.123652, 0.225438, -0.848583, 0.478628, -0.028482, -0.248354, -0.525099, -0.813997, 0.019526, 0.0, 0.0, 0.0, 1.0],
                [0.942071, 0.064636, -0.329127, 0.123652, 0.225438, -0.848583, 0.478628, -0.028482, -0.248354, -0.525099, -0.813997, 0.019526, 0.0, 0.0, 0.0, 1.0],
                [0.942071, 0.064636, -0.329127, 0.123652, 0.225438, -0.848583, 0.478628, -0.028482, -0.248354, -0.525099, -0.813997, 0.019526, 0.0, 0.0, 0.0, 1.0],
                [0.942071, 0.064636, -0.329127, 0.123652, 0.225438, -0.848583, 0.478628, -0.028482, -0.248354, -0.525099, -0.813997, 0.019526, 0.0, 0.0, 0.0, 1.0],
                [0.942071, 0.064636, -0.329127, 0.123652, 0.225438, -0.848583, 0.478628, -0.028482, -0.248354, -0.525099, -0.813997, 0.019526, 0.0, 0.0, 0.0, 1.0],
                [0.942071, 0.064636, -0.329127, 0.123652, 0.225438, -0.848583, 0.478628, -0.028482, -0.248354, -0.525099, -0.813997, 0.019526, 0.0, 0.0, 0.0, 1.0],
                [0.942071, 0.064636, -0.329127, 0.123652, 0.225438, -0.848583, 0.478628, -0.028482, -0.248354, -0.525099, -0.813997, 0.019526, 0.0, 0.0, 0.0, 1.0],
                [0.942071, 0.064636, -0.329127, 0.123652, 0.225438, -0.848583, 0.478628, -0.028482, -0.248354, -0.525099, -0.813997, 0.019526, 0.0, 0.0, 0.0, 1.0],
                [0.942071, 0.064636, -0.329127, 0.123652, 0.225438, -0.848583, 0.478628, -0.028482, -0.248354, -0.525099, -0.813997, 0.019526, 0.0, 0.0, 0.0, 1.0],
                [0.942071, 0.064636, -0.329127, 0.123652, 0.225438, -0.848583, 0.478628, -0.028482, -0.248354, -0.525099, -0.813997, 0.019526, 0.0, 0.0, 0.0, 1.0],
                [0.942071, 0.064636, -0.329127, 0.123652, 0.225438, -0.848583, 0.478628, -0.028482, -0.248354, -0.525099, -0.813997, 0.019526, 0.0, 0.0, 0.0, 1.0],
                [0.942071, 0.064636, -0.329127, 0.123652, 0.225438, -0.848583, 0.478628, -0.028482, -0.248354, -0.525099, -0.813997, 0.019526, 0.0, 0.0, 0.0, 1.0],
                [0.942071, 0.064636, -0.329127, 0.123652, 0.225438, -0.848583, 0.478628, -0.028482, -0.248354, -0.525099, -0.813997, 0.019526, 0.0, 0.0, 0.0, 1.0],
                [0.942071, 0.064636, -0.329127, 0.123652, 0.225438, -0.848583, 0.478628, -0.028482, -0.248354, -0.525099, -0.813997, 0.019526, 0.0, 0.0, 0.0, 1.0],
                [0.942071, 0.064636, -0.329127, 0.123652, 0.225438, -0.848583, 0.478628, -0.028482, -0.248354, -0.525099, -0.813997, 0.019526, 0.0, 0.0, 0.0, 1.0],
                [0.942071, 0.064636, -0.329127, 0.123652, 0.225438, -0.848583, 0.478628, -0.028482, -0.248354, -0.525099, -0.813997, 0.019526, 0.0, 0.0, 0.0, 1.0],
                [0.942071, 0.064636, -0.329127, 0.123652, 0.225438, -0.848583, 0.478628, -0.028482, -0.248354, -0.525099, -0.813997, 0.019526, 0.0, 0.0, 0.0, 1.0],
                [0.942071, 0.064636, -0.329127, 0.123652, 0.225438, -0.848583, 0.478628, -0.028482, -0.248354, -0.525099, -0.813997, 0.019526, 0.0, 0.0, 0.0, 1.0],
                [0.942071, 0.064636, -0.329127, 0.123652, 0.225438, -0.848583, 0.478628, -0.028482, -0.248354, -0.525099, -0.813997, 0.019526, 0.0, 0.0, 0.0, 1.0],
                [0.942071, 0.064636, -0.329127, 0.123652, 0.225438, -0.848583, 0.478628, -0.028482, -0.248354, -0.525099, -0.813997, 0.019526, 0.0, 0.0, 0.0, 1.0],
                [0.942071, 0.064636, -0.329127, 0.123652, 0.225438, -0.848583, 0.478628, -0.028482, -0.248354, -0.525099, -0.813997, 0.019526, 0.0, 0.0, 0.0, 1.0],
                [0.942071, 0.064636, -0.329127, 0.123652, 0.225438, -0.848583, 0.478628, -0.028482, -0.248354, -0.525099, -0.813997, 0.019526, 0.0, 0.0, 0.0, 1.0],
                [0.942071, 0.064636, -0.329127, 0.123652, 0.225438, -0.848583, 0.478628, -0.028482, -0.248354, -0.525099, -0.813997, 0.019526, 0.0, 0.0, 0.0, 1.0],
                [0.942071, 0.064636, -0.329127, 0.123652, 0.225438, -0.848583, 0.478628, -0.028482, -0.248354, -0.525099, -0.813997, 0.019526, 0.0, 0.0, 0.0, 1.0],
                [0.942071, 0.064636, -0.329127, 0.123652, 0.225438, -0.848583, 0.478628, -0.028482, -0.248354, -0.525099, -0.813997, 0.019526, 0.0, 0.0, 0.0, 1.0],
                [0.942071, 0.064636, -0.329127, 0.123652, 0.225438, -0.848583, 0.478628, -0.028482, -0.248354, -0.525099, -0.813997, 0.019526, 0.0, 0.0, 0.0, 1.0],
                [0.942071, 0.064636, -0.329127, 0.123652, 0.225438, -0.848583, 0.478628, -0.028482, -0.248354, -0.525099, -0.813997, 0.019526, 0.0, 0.0, 0.0, 1.0],
                [0.942071, 0.064636, -0.329127, 0.123652, 0.225438, -0.848583, 0.478628, -0.028482, -0.248354, -0.525099, -0.813997, 0.019526, 0.0, 0.0, 0.0, 1.0],
                [0.942071, 0.064636, -0.329127, 0.123652, 0.225438, -0.848583, 0.478628, -0.028482, -0.248354, -0.525099, -0.813997, 0.019526, 0.0, 0.0, 0.0, 1.0],
                [0.942071, 0.064636, -0.329127, 0.123652, 0.225438, -0.848583, 0.478628, -0.028482, -0.248354, -0.525099, -0.813997, 0.019526, 0.0, 0.0, 0.0, 1.0],
                [0.942071, 0.064636, -0.329127, 0.123652, 0.225438, -0.848583, 0.478628, -0.028482, -0.248354, -0.525099, -0.813997, 0.019526, 0.0, 0.0, 0.0, 1.0],
                [0.942071, 0.064636, -0.329127, 0.123652, 0.225438, -0.848583, 0.478628, -0.028482, -0.248354, -0.525099, -0.813997, 0.019526, 0.0, 0.0, 0.0, 1.0],
                [0.942071, 0.064636, -0.329127, 0.123652, 0.225438, -0.848583, 0.478628, -0.028482, -0.248354, -0.525099, -0.813997, 0.019526, 0.0, 0.0, 0.0, 1.0],
                [0.942071, 0.064636, -0.329127, 0.123652, 0.225438, -0.848583, 0.478628, -0.028482, -0.248354, -0.525099, -0.813997, 0.019526, 0.0, 0.0, 0.0, 1.0],
                [0.942071, 0.064636, -0.329127, 0.123652, 0.225438, -0.848583, 0.478628, -0.028482, -0.248354, -0.525099, -0.813997, 0.019526, 0.0, 0.0, 0.0, 1.0],
                [0.942071, 0.064636, -0.329127, 0.123652, 0.225438, -0.848583, 0.478628, -0.028482, -0.248354, -0.525099, -0.813997, 0.019526, 0.0, 0.0, 0.0, 1.0],
                [0.942594, 0.064992, -0.327556, 0.123659, 0.224575, -0.849316, 0.477733, -0.028367, -0.24715, -0.523869, -0.815155, 0.019591, 0.0, 0.0, 0.0, 1.0],
                [0.94409, 0.066005, -0.323014, 0.123678, 0.222091, -0.851423, 0.475136, -0.028033, -0.243661, -0.52031, -0.818479, 0.019779, 0.0, 0.0, 0.0, 1.0],
                [0.946434, 0.067581, -0.315746, 0.123709, 0.218152, -0.85476, 0.470951, -0.027502, -0.23806, -0.514604, -0.823717, 0.020079, 0.0, 0.0, 0.0, 1.0],
                [0.949488, 0.069608, -0.305987, 0.123751, 0.21293, -0.859173, 0.465276, -0.026792, -0.230509, -0.506928, -0.830596, 0.020479, 0.0, 0.0, 0.0, 1.0],
                [0.953102, 0.071967, -0.293969, 0.123802, 0.206603, -0.864502, 0.458203, -0.025924, -0.221162, -0.49745, -0.838827, 0.020969, 0.0, 0.0, 0.0, 1.0],
                [0.957123, 0.074535, -0.279928, 0.123861, 0.199355, -0.870584, 0.449823, -0.024917, -0.210173, -0.486341, -0.848116, 0.021538, 0.0, 0.0, 0.0, 1.0],
                [0.9614, 0.077189, -0.264105, 0.123928, 0.191368, -0.877254, 0.44023, -0.023792, -0.197706, -0.473779, -0.858164, 0.022173, 0.0, 0.0, 0.0, 1.0],
                [0.965786, 0.079815, -0.246752, 0.124, 0.182827, -0.88435, 0.429533, -0.022567, -0.183932, -0.45995, -0.868686, 0.022863, 0.0, 0.0, 0.0, 1.0],
                [0.970145, 0.082306, -0.228132, 0.124076, 0.173911, -0.891714, 0.417852, -0.021263, -0.169037, -0.445052, -0.879406, 0.023599, 0.0, 0.0, 0.0, 1.0],
                [0.974354, 0.084571, -0.208524, 0.124157, 0.164793, -0.899195, 0.40533, -0.0199, -0.153224, -0.429298, -0.890071, 0.024368, 0.0, 0.0, 0.0, 1.0],
                [0.978308, 0.086537, -0.188215, 0.124239, 0.155638, -0.906651, 0.392124, -0.018497, -0.136712, -0.412911, -0.900452, 0.02516, 0.0, 0.0, 0.0, 1.0],
                [0.981923, 0.08815, -0.167505, 0.124323, 0.146601, -0.913953, 0.378414, -0.017074, -0.119735, -0.39613, -0.910354, 0.025963, 0.0, 0.0, 0.0, 1.0],
                [0.985135, 0.089377, -0.146703, 0.124407, 0.137822, -0.920987, 0.3644, -0.015652, -0.102542, -0.379202, -0.919615, 0.026765, 0.0, 0.0, 0.0, 1.0],
                [0.987905, 0.090209, -0.126122, 0.124489, 0.129428, -0.927653, 0.350297, -0.014249, -0.085397, -0.362384, -0.928109, 0.027557, 0.0, 0.0, 0.0, 1.0],
                [0.990217, 0.090657, -0.106077, 0.124569, 0.121528, -0.933867, 0.336337, -0.012885, -0.06857, -0.345938, -0.935748, 0.028326, 0.0, 0.0, 0.0, 1.0],
                [0.992076, 0.090753, -0.086882, 0.124646, 0.114216, -0.939563, 0.322763, -0.011582, -0.05234, -0.330129, -0.942484, 0.029062, 0.0, 0.0, 0.0, 1.0],
                [0.993509, 0.090549, -0.06885, 0.124718, 0.10757, -0.944688, 0.309828, -0.010357, -0.036987, -0.315223, -0.948297, 0.029753, 0.0, 0.0, 0.0, 1.0],
                [0.994558, 0.090111, -0.052284, 0.124784, 0.101656, -0.949203, 0.29779, -0.009231, -0.022794, -0.301484, -0.953199, 0.030388, 0.0, 0.0, 0.0, 1.0],
                [0.99528, 0.089516, -0.037484, 0.124843, 0.096526, -0.953082, 0.286908, -0.008225, -0.010042, -0.289172, -0.957224, 0.030956, 0.0, 0.0, 0.0, 1.0],
                [0.995738, 0.088851, -0.02474, 0.124895, 0.092226, -0.956305, 0.277444, -0.007356, 0.000992, -0.278543, -0.960423, 0.031446, 0.0, 0.0, 0.0, 1.0],
                [0.995999, 0.088203, -0.014339, 0.124936, 0.088796, -0.958854, 0.269654, -0.006647, 0.010036, -0.269849, -0.962851, 0.031846, 0.0, 0.0, 0.0, 1.0],
                [0.996129, 0.087657, -0.006561, 0.124968, 0.086278, -0.960713, 0.263791, -0.006115, 0.01682, -0.263336, -0.964558, 0.032146, 0.0, 0.0, 0.0, 1.0],
                [0.996182, 0.087288, -0.001688, 0.124987, 0.084721, -0.961857, 0.2601, -0.005782, 0.02108, -0.25925, -0.96558, 0.032334, 0.0, 0.0, 0.0, 1.0],
