{
    "armature": {
        "joints": ["Root", "Thigh_R", "Leg_R", "Knee_R", "Thigh_L", "Leg_L", "Knee_L", "Torso", "Chest", "Head", "Shoulder_R", "Arm_R", "Hand_R", "Tool_R", "Elbow_R", "Shoulder_L", "Arm_L", "Hand_L", "Tool_L", "Elbow_L"],
        "hierarchy": [
            {
                "name": "Root",
                "transform": [1.0, 0.0, 0.0, -5e-06, 0.0, 0.0, -1.0, 0.000946, 0.0, 1.0, 0.0, 0.763972, 0.0, 0.0, 0.0, 1.0],
                "children": [
                    {
                        "name": "Thigh_R",
                        "transform": [1.0, -0.0, -0.0, 0.124994, -0.0, -1.0, 0.0, -0.002831, -0.0, -0.0, -1.0, -1.2e-05, 0.0, 0.0, 0.0, 1.0],
                        "children": [
                            {
                                "name": "Leg_R",
                                "transform": [1.0, 0.0, 1e-06, 0.0, -0.0, 1.0, 0.0, 0.37472, -1e-06, -0.0, 1.0, -0.0, 0.0, 0.0, 0.0, 1.0],
                                "children": []
                            },
                            {
                                "name": "Knee_R",
                                "transform": [1.0, 0.0, -0.0, 0.0, -0.0, 0.0, -1.0, 0.37472, -0.0, 1.0, 0.0, -0.0, 0.0, 0.0, 0.0, 1.0],
                                "children": []
                            }
                        ]
                    },
                    {
                        "name": "Thigh_L",
                        "transform": [1.0, -0.0, -0.0, -0.125006, -0.0, -1.0, 0.0, -0.002831, -0.0, -0.0, -1.0, -1.2e-05, 0.0, 0.0, 0.0, 1.0],
                        "children": [
                            {
                                "name": "Leg_L",
                                "transform": [1.0, 0.0, 1e-06, -0.0, -0.0, 1.0, 0.0, 0.37472, -1e-06, -0.0, 1.0, 0.0, 0.0, 0.0, 0.0, 1.0],
                                "children": []
                            },
                            {
                                "name": "Knee_L",
                                "transform": [1.0, 0.0, -0.0, -0.0, -0.0, 0.0, -1.0, 0.37472, -0.0, 1.0, 0.0, 0.0, 0.0, 0.0, 0.0, 1.0],
                                "children": []
                            }
                        ]
                    },
                    {
                        "name": "Torso",
                        "transform": [1.0, 0.0, 0.0, 0.0, 0.0, 1.0, 0.0, 0.05, 0.0, 0.0, 1.0, 0.0, 0.0, 0.0, 0.0, 1.0],
                        "children": [
                            {
                                "name": "Chest",
                                "transform": [1.0, 0.0, 0.0, 0.0, 0.0, 1.0, 0.0, 0.3, 0.0, 0.0, 1.0, 0.0, 0.0, 0.0, 0.0, 1.0],
                                "children": [
                                    {
                                        "name": "Head",
                                        "transform": [1.0, 0.0, 0.0, 0.0, 0.0, 1.0, 0.0, 0.4, 0.0, 0.0, 1.0, 0.0, 0.0, 0.0, 0.0, 1.0],
                                        "children": []
                                    },
                                    {
                                        "name": "Shoulder_R",
                                        "transform": [0.0, 0.952114, 0.305743, 0.0, 0.0, -0.305743, 0.952114, 0.4, 1.0, 0.0, -0.0, 0.0, 0.0, 0.0, 0.0, 1.0],
                                        "children": [
                                            {
                                                "name": "Arm_R",
                                                "transform": [0.0, -0.0, -1.0, -0.0, 0.952114, 0.305743, 0.0, 0.39386, 0.305743, -0.952114, 0.0, 0.0, 0.0, 0.0, 0.0, 1.0],
                                                "children": [
                                                    {
                                                        "name": "Hand_R",
                                                        "transform": [1.0, 0.0, 0.0, 0.0, -0.0, 0.993938, 0.109947, 0.3, -0.0, -0.109947, 0.993937, 0.0, 0.0, 0.0, 0.0, 1.0],
                                                        "children": [
                                                            {
                                                                "name": "Tool_R",
                                                                "transform": [1.0, 0.0, 0.0, -0.0, 0.0, -0.999836, 0.018122, 0.272858, 0.0, -0.018122, -0.999836, 0.0, 0.0, 0.0, 0.0, 1.0],
                                                                "children": []
                                                            }
                                                        ]
                                                    },
                                                    {
                                                        "name": "Elbow_R",
                                                        "transform": [-1.0, 0.0, -0.0, 0.0, 0.0, 0.0, -1.0, 0.3, -0.0, -1.0, -0.0, 0.0, 0.0, 0.0, 0.0, 1.0],
                                                        "children": []
                                                    }
                                                ]
                                            }
                                        ]
                                    },
                                    {
                                        "name": "Shoulder_L",
                                        "transform": [-0.0, -0.952114, -0.305743, 0.0, 0.0, -0.305743, 0.952114, 0.4, -1.0, 0.0, 0.0, 0.0, 0.0, 0.0, 0.0, 1.0],
                                        "children": [
                                            {
                                                "name": "Arm_L",
                                                "transform": [-0.0, -0.0, 1.0, -0.0, -0.952114, 0.305743, -0.0, 0.39386, -0.305743, -0.952114, -0.0, 0.0, 0.0, 0.0, 0.0, 1.0],
                                                "children": [
                                                    {
                                                        "name": "Hand_L",
                                                        "transform": [1.0, -0.0, 0.0, -0.0, 0.0, 0.993937, 0.109947, 0.3, -0.0, -0.109947, 0.993937, 0.0, 0.0, 0.0, 0.0, 1.0],
                                                        "children": [
                                                            {
                                                                "name": "Tool_L",
                                                                "transform": [1.0, 0.0, 0.0, -0.0, -0.0, -0.999836, 0.018122, 0.272858, 0.0, -0.018122, -0.999836, -0.0, 0.0, 0.0, 0.0, 1.0],
                                                                "children": []
                                                            }
                                                        ]
                                                    },
                                                    {
                                                        "name": "Elbow_L",
                                                        "transform": [-1.0, 0.0, -0.0, -0.0, 0.0, -0.0, -1.0, 0.3, -0.0, -1.0, 0.0, 0.0, 0.0, 0.0, 0.0, 1.0],
                                                        "children": []
                                                    }
                                                ]
                                            }
                                        ]
                                    }
                                ]
                            }
                        ]
                    }
                ]
            }
        ]
    },
    "animation": [
        {
            "name": "Root",
            "time": [0.0167, 0.0333, 0.05, 0.0667, 0.0833, 0.1, 0.1167, 0.1333, 0.15, 0.1667, 0.1833, 0.2, 0.2167, 0.2333, 0.25, 0.2667, 0.2833, 0.3, 0.3167, 0.3333, 0.35, 0.3667, 0.3833, 0.4, 0.4167, 0.4333, 0.45, 0.4667, 0.4833, 0.5, 0.5167, 0.5333, 0.55, 0.5667, 0.5833, 0.6, 0.6167, 0.6333, 0.65, 0.6667, 0.6833, 0.7, 0.7167, 0.7333, 0.75, 0.7667, 0.7833, 0.8, 0.8167, 0.8333, 0.85, 0.8667, 0.8833, 0.9, 0.9167, 0.9333, 0.95, 0.9667, 0.9833, 1.0, 1.0167, 1.0333, 1.05, 1.0667, 1.0833, 1.1, 1.1167, 1.1333, 1.15, 1.1667, 1.1833, 1.2, 1.2167, 1.2333, 1.25, 1.2667, 1.2833, 1.3, 1.3167, 1.3333, 1.35, 1.3667, 1.3833, 1.4, 1.4167, 1.4333, 1.45, 1.4667, 1.4833, 1.5, 1.5167, 1.5333, 1.55, 1.5667, 1.5833, 1.6, 1.6167, 1.6333, 1.65, 1.6667, 1.6833, 1.7, 1.7167, 1.7333, 1.75, 1.7667, 1.7833, 1.8, 1.8167, 1.8333, 1.85, 1.8667, 1.8833, 1.9, 1.9167, 1.9333, 1.95, 1.9667, 1.9833, 2.0, 2.0167, 2.0333, 2.05, 2.0667, 2.0833, 2.1, 2.1167, 2.1333, 2.15, 2.1667, 2.1833, 2.2, 2.2167, 2.2333, 2.25, 2.2667, 2.2833, 2.3, 2.3167, 2.3333, 2.35, 2.3667, 2.3833, 2.4, 2.4167, 2.4333, 2.45, 2.4667, 2.4833, 2.5, 2.5167, 2.5333],
            "transform": [
                [1.0, 0.0, 0.0, -5e-06, 0.0, 0.0, -1.0, 0.000946, 0.0, 1.0, 0.0, 0.763972, 0.0, 0.0, 0.0, 1.0],
                [0.999978, 0.001194, -0.006552, -5e-06, -0.006556, 0.002857, -0.999974, 0.00375, -0.001176, 0.999995, 0.002865, 0.763972, 0.0, 0.0, 0.0, 1.0],
                [0.999661, 0.0047, -0.025619, -5e-06, -0.025669, 0.010947, -0.999611, 0.011914, -0.004417, 0.999929, 0.011064, 0.763972, 0.0, 0.0, 0.0, 1.0],
                [0.998359, 0.010519, -0.056293, -5e-06, -0.056528, 0.023497, -0.998125, 0.025066, -0.009177, 0.999669, 0.024053, 0.763972, 0.0, 0.0, 0.0, 1.0],
                [0.995047, 0.018764, -0.097623, -5e-06, -0.098304, 0.039673, -0.994365, 0.042833, -0.014785, 0.999036, 0.041321, 0.763972, 0.0, 0.0, 0.0, 1.0],
                [0.98846, 0.029592, -0.148566, -5e-06, -0.15009, 0.058586, -0.986935, 0.064844, -0.020502, 0.997844, 0.062352, 0.763972, 0.0, 0.0, 0.0, 1.0],
                [0.977188, 0.043151, -0.207947, -5e-06, -0.210834, 0.079289, -0.974301, 0.090726, -0.025554, 0.995917, 0.086578, 0.763972, 0.0, 0.0, 0.0, 1.0],
                [0.959765, 0.059522, -0.274422, -5e-06, -0.279282, 0.100789, -0.954905, 0.120108, -0.02918, 0.993126, 0.113357, 0.763972, 0.0, 0.0, 0.0, 1.0],
                [0.934763, 0.078685, -0.346449, -5e-06, -0.353946, 0.122063, -0.927266, 0.152618, -0.030673, 0.989398, 0.14195, 0.763972, 0.0, 0.0, 0.0, 1.0],
                [0.900871, 0.100474, -0.4223, -5e-06, -0.433089, 0.142088, -0.890081, 0.187883, -0.029426, 0.984742, 0.171517, 0.763972, 0.0, 0.0, 0.0, 1.0],
                [0.856978, 0.124563, -0.500074, -5e-06, -0.514749, 0.159876, -0.842303, 0.225531, -0.02497, 0.979246, 0.201129, 0.763972, 0.0, 0.0, 0.0, 1.0],
                [0.802229, 0.150457, -0.577747, -5e-06, -0.596774, 0.174515, -0.783202, 0.265191, -0.017012, 0.973092, 0.22979, 0.763972, 0.0, 0.0, 0.0, 1.0],
                [0.736066, 0.177489, -0.653226, -5e-06, -0.676887, 0.18521, -0.712405, 0.30649, -0.00546, 0.966538, 0.256467, 0.763972, 0.0, 0.0, 0.0, 1.0],
                [0.658245, 0.204843, -0.724398, -5e-06, -0.752743, 0.191321, -0.6299, 0.349057, 0.009562, 0.959914, 0.28013, 0.763972, 0.0, 0.0, 0.0, 1.0],
                [0.568823, 0.231572, -0.789186, -5e-06, -0.821993, 0.19239, -0.536016, 0.392518, 0.027706, 0.953604, 0.299787, 0.763972, 0.0, 0.0, 0.0, 1.0],
                [0.468146, 0.25662, -0.845568, -5e-06, -0.882324, 0.188167, -0.43139, 0.436503, 0.048404, 0.948019, 0.314512, 0.763972, 0.0, 0.0, 0.0, 1.0],
                [0.356818, 0.27885, -0.891585, -5e-06, -0.931481, 0.178615, -0.316921, 0.480639, 0.070877, 0.943578, 0.323476, 0.763972, 0.0, 0.0, 0.0, 1.0],
                [0.235685, 0.297055, -0.925317, -5e-06, -0.96726, 0.163929, -0.193742, 0.524554, 0.094134, 0.940684, 0.325965, 0.763972, 0.0, 0.0, 0.0, 1.0],
                [0.10585, 0.309975, -0.944834, -5e-06, -0.987478, 0.144544, -0.063206, 0.567876, 0.116978, 0.939693, 0.321394, 0.763972, 0.0, 0.0, 0.0, 1.0],
                [-0.031858, 0.314387, -0.94876, -5e-06, -0.988923, 0.127769, 0.075545, 0.610184, 0.144972, 0.940657, 0.306834, 0.763972, 0.0, 0.0, 0.0, 1.0],
                [-0.175453, 0.310539, -0.934228, -5e-06, -0.967668, 0.120264, 0.22171, 0.650862, 0.181204, 0.942922, 0.279398, 0.763972, 0.0, 0.0, 0.0, 1.0],
                [-0.321029, 0.302151, -0.897577, -5e-06, -0.921009, 0.121197, 0.370208, 0.689245, 0.220643, 0.945524, 0.239376, 0.763972, 0.0, 0.0, 0.0, 1.0],
                [-0.463556, 0.292622, -0.836354, -5e-06, -0.847517, 0.128961, 0.514864, 0.724668, 0.258518, 0.947492, 0.188221, 0.763972, 0.0, 0.0, 0.0, 1.0],
                [-0.597229, 0.284844, -0.749788, -5e-06, -0.747541, 0.14112, 0.649051, 0.756465, 0.290688, 0.948129, 0.128651, 0.763972, 0.0, 0.0, 0.0, 1.0],
                [-0.716079, 0.280953, -0.638981, -5e-06, -0.623368, 0.154497, 0.766513, 0.783973, 0.314075, 0.947204, 0.064506, 0.763972, 0.0, 0.0, 0.0, 1.0],
                [-0.814643, 0.282101, -0.50673, -5e-06, -0.478975, 0.165403, 0.862104, 0.806525, 0.327015, 0.945019, 0.000375, 0.763972, 0.0, 0.0, 0.0, 1.0],
                [-0.888495, 0.288303, -0.357013, -5e-06, -0.319453, 0.169927, 0.932242, 0.823458, 0.329434, 0.942341, -0.05888, 0.763972, 0.0, 0.0, 0.0, 1.0],
                [-0.934454, 0.298384, -0.194327, -5e-06, -0.15031, 0.164195, 0.974909, 0.834105, 0.322805, 0.940216, -0.108582, 0.763972, 0.0, 0.0, 0.0, 1.0],
                [-0.950464, 0.309975, -0.023099, -5e-06, 0.023099, 0.144544, 0.989229, 0.837801, 0.309975, 0.939693, -0.144544, 0.763972, 0.0, 0.0, 0.0, 1.0],
                [-0.936002, 0.317465, 0.152042, -5e-06, 0.19719, 0.115116, 0.973583, 0.837801, 0.291576, 0.941257, -0.17035, 0.763972, 0.0, 0.0, 0.0, 1.0],
                [-0.890152, 0.317103, 0.327225, -5e-06, 0.369812, 0.083199, 0.925374, 0.837801, 0.266214, 0.944735, -0.191328, 0.763972, 0.0, 0.0, 0.0, 1.0],
                [-0.810791, 0.308352, 0.497531, -5e-06, 0.536187, 0.050325, 0.842597, 0.837801, 0.234779, 0.94994, -0.206138, 0.763972, 0.0, 0.0, 0.0, 1.0],
                [-0.696967, 0.290893, 0.655452, -5e-06, 0.689042, 0.018475, 0.724486, 0.837801, 0.198638, 0.956577, -0.213314, 0.763972, 0.0, 0.0, 0.0, 1.0],
                [-0.550607, 0.265011, 0.791581, -5e-06, 0.81932, -0.009998, 0.573249, 0.837801, 0.159832, 0.964194, -0.211624, 0.763972, 0.0, 0.0, 0.0, 1.0],
                [-0.377833, 0.231932, 0.896354, -5e-06, 0.917931, -0.032704, 0.39539, 0.837801, 0.121018, 0.972182, -0.200541, 0.763972, 0.0, 0.0, 0.0, 1.0],
                [-0.189122, 0.193915, 0.962616, -5e-06, 0.978258, -0.047758, 0.201816, 0.837801, 0.085108, 0.979855, -0.180667, 0.763972, 0.0, 0.0, 0.0, 1.0],
                [0.002178, 0.153979, 0.988072, -5e-06, 0.998503, -0.054338, 0.006267, 0.837801, 0.054655, 0.986579, -0.153867, 0.763972, 0.0, 0.0, 0.0, 1.0],
                [0.182614, 0.115295, 0.976401, -5e-06, 0.982688, -0.052971, -0.177535, 0.837801, 0.031252, 0.991918, -0.122972, 0.763972, 0.0, 0.0, 0.0, 1.0],
                [0.341456, 0.080538, 0.936441, -5e-06, 0.939774, -0.045391, -0.338768, 0.837801, 0.015223, 0.995717, -0.091187, 0.763972, 0.0, 0.0, 0.0, 1.0],
                [0.472312, 0.051465, 0.879928, -5e-06, 0.881413, -0.034071, -0.471116, 0.837801, 0.005734, 0.998093, -0.061454, 0.763972, 0.0, 0.0, 0.0, 1.0],
                [0.573066, 0.028874, 0.819, -5e-06, 0.819508, -0.021663, -0.572658, 0.837801, 0.001207, 0.999348, -0.036077, 0.763972, 0.0, 0.0, 0.0, 1.0],
                [0.644567, 0.01287, 0.76444, -5e-06, 0.764548, -0.010588, -0.64448, 0.837801, -0.0002, 0.999861, -0.016665, 0.763972, 0.0, 0.0, 0.0, 1.0],
                [0.688803, 0.003264, 0.724941, -5e-06, 0.724949, -0.00285, -0.688797, 0.837801, -0.000182, 0.999991, -0.00433, 0.763972, 0.0, 0.0, 0.0, 1.0],
                [0.707107, 0.0, 0.707107, -5e-06, 0.707107, 0.0, -0.707107, 0.837801, 0.0, 1.0, 0.0, 0.763972, 0.0, 0.0, 0.0, 1.0],
                [0.712226, 0.0, 0.70195, -5e-06, 0.70195, 0.0, -0.712226, 0.837801, 0.0, 1.0, 0.0, 0.763972, 0.0, 0.0, 0.0, 1.0],
                [0.717019, 0.0, 0.697053, -5e-06, 0.697053, 0.0, -0.717019, 0.837801, 0.0, 1.0, 0.0, 0.763972, 0.0, 0.0, 0.0, 1.0],
                [0.7215, 0.0, 0.692414, -5e-06, 0.692414, 0.0, -0.7215, 0.837801, 0.0, 1.0, 0.0, 0.763972, 0.0, 0.0, 0.0, 1.0],
                [0.725683, 0.0, 0.688029, -5e-06, 0.688029, 0.0, -0.725683, 0.837801, 0.0, 1.0, 0.0, 0.763972, 0.0, 0.0, 0.0, 1.0],
                [0.72958, 0.0, 0.683895, -5e-06, 0.683895, 0.0, -0.72958, 0.837801, 0.0, 1.0, 0.0, 0.763972, 0.0, 0.0, 0.0, 1.0],
                [0.733205, 0.0, 0.680008, -5e-06, 0.680008, 0.0, -0.733205, 0.837801, 0.0, 1.0, 0.0, 0.763972, 0.0, 0.0, 0.0, 1.0],
                [0.736569, 0.0, 0.676362, -5e-06, 0.676362, 0.0, -0.736569, 0.837801, 0.0, 1.0, 0.0, 0.763972, 0.0, 0.0, 0.0, 1.0],
                [0.739685, 0.0, 0.672953, -5e-06, 0.672953, 0.0, -0.739685, 0.837801, 0.0, 1.0, 0.0, 0.763972, 0.0, 0.0, 0.0, 1.0],
                [0.742565, 0.0, 0.669774, -5e-06, 0.669774, 0.0, -0.742565, 0.837801, 0.0, 1.0, 0.0, 0.763972, 0.0, 0.0, 0.0, 1.0],
                [0.745219, 0.0, 0.66682, -5e-06, 0.66682, 0.0, -0.745219, 0.837801, 0.0, 1.0, 0.0, 0.763972, 0.0, 0.0, 0.0, 1.0],
                [0.747659, 0.0, 0.664083, -5e-06, 0.664083, 0.0, -0.747659, 0.837801, 0.0, 1.0, 0.0, 0.763972, 0.0, 0.0, 0.0, 1.0],
                [0.749894, 0.0, 0.661557, -5e-06, 0.661557, 0.0, -0.749894, 0.837801, 0.0, 1.0, 0.0, 0.763972, 0.0, 0.0, 0.0, 1.0],
                [0.751936, 0.0, 0.659236, -5e-06, 0.659236, 0.0, -0.751936, 0.837801, 0.0, 1.0, 0.0, 0.763972, 0.0, 0.0, 0.0, 1.0],
                [0.753794, 0.0, 0.65711, -5e-06, 0.65711, 0.0, -0.753794, 0.837801, 0.0, 1.0, 0.0, 0.763972, 0.0, 0.0, 0.0, 1.0],
                [0.755478, 0.0, 0.655174, -5e-06, 0.655174, 0.0, -0.755478, 0.837801, 0.0, 1.0, 0.0, 0.763972, 0.0, 0.0, 0.0, 1.0],
                [0.756998, 0.0, 0.653417, -5e-06, 0.653417, 0.0, -0.756998, 0.837801, 0.0, 1.0, 0.0, 0.763972, 0.0, 0.0, 0.0, 1.0],
                [0.758362, 0.0, 0.651834, -5e-06, 0.651834, 0.0, -0.758362, 0.837801, 0.0, 1.0, 0.0, 0.763972, 0.0, 0.0, 0.0, 1.0],
                [0.75958, 0.0, 0.650414, -5e-06, 0.650414, 0.0, -0.75958, 0.837801, 0.0, 1.0, 0.0, 0.763972, 0.0, 0.0, 0.0, 1.0],
                [0.76066, 0.0, 0.64915, -5e-06, 0.64915, 0.0, -0.76066, 0.837801, 0.0, 1.0, 0.0, 0.763972, 0.0, 0.0, 0.0, 1.0],
                [0.761612, 0.0, 0.648034, -5e-06, 0.648034, 0.0, -0.761612, 0.837801, 0.0, 1.0, 0.0, 0.763972, 0.0, 0.0, 0.0, 1.0],
                [0.762443, 0.0, 0.647055, -5e-06, 0.647055, 0.0, -0.762443, 0.837801, 0.0, 1.0, 0.0, 0.763972, 0.0, 0.0, 0.0, 1.0],
                [0.763163, 0.0, 0.646206, -5e-06, 0.646206, 0.0, -0.763163, 0.837801, 0.0, 1.0, 0.0, 0.763972, 0.0, 0.0, 0.0, 1.0],
                [0.763779, 0.0, 0.645477, -5e-06, 0.645477, 0.0, -0.763779, 0.837801, 0.0, 1.0, 0.0, 0.763972, 0.0, 0.0, 0.0, 1.0],
                [0.764301, 0.0, 0.64486, -5e-06, 0.64486, 0.0, -0.764301, 0.837801, 0.0, 1.0, 0.0, 0.763972, 0.0, 0.0, 0.0, 1.0],
                [0.764735, 0.0, 0.644345, -5e-06, 0.644345, 0.0, -0.764735, 0.837801, 0.0, 1.0, 0.0, 0.763972, 0.0, 0.0, 0.0, 1.0],
                [0.76509, 0.0, 0.643923, -5e-06, 0.643923, 0.0, -0.76509, 0.837801, 0.0, 1.0, 0.0, 0.763972, 0.0, 0.0, 0.0, 1.0],
                [0.765374, 0.0, 0.643586, -5e-06, 0.643586, 0.0, -0.765374, 0.837801, 0.0, 1.0, 0.0, 0.763972, 0.0, 0.0, 0.0, 1.0],
                [0.765595, 0.0, 0.643322, -5e-06, 0.643322, 0.0, -0.765595, 0.837801, 0.0, 1.0, 0.0, 0.763972, 0.0, 0.0, 0.0, 1.0],
                [0.765762, 0.0, 0.643124, -5e-06, 0.643124, 0.0, -0.765762, 0.837801, 0.0, 1.0, 0.0, 0.763972, 0.0, 0.0, 0.0, 1.0],
                [0.765881, 0.0, 0.642983, -5e-06, 0.642983, 0.0, -0.765881, 0.837801, 0.0, 1.0, 0.0, 0.763972, 0.0, 0.0, 0.0, 1.0],
                [0.765961, 0.0, 0.642888, -5e-06, 0.642888, 0.0, -0.765961, 0.837801, 0.0, 1.0, 0.0, 0.763972, 0.0, 0.0, 0.0, 1.0],
                [0.766009, 0.0, 0.64283, -5e-06, 0.64283, 0.0, -0.766009, 0.837801, 0.0, 1.0, 0.0, 0.763972, 0.0, 0.0, 0.0, 1.0],
                [0.766034, 0.0, 0.6428, -5e-06, 0.6428, 0.0, -0.766034, 0.837801, 0.0, 1.0, 0.0, 0.763972, 0.0, 0.0, 0.0, 1.0],
                [0.766043, 0.0, 0.642789, -5e-06, 0.642789, 0.0, -0.766043, 0.837801, 0.0, 1.0, 0.0, 0.763972, 0.0, 0.0, 0.0, 1.0],
                [0.766044, 0.0, 0.642788, -5e-06, 0.642788, 0.0, -0.766044, 0.837801, 0.0, 1.0, 0.0, 0.763972, 0.0, 0.0, 0.0, 1.0],
                [0.766044, 0.0, 0.642788, -5e-06, 0.642788, 0.0, -0.766044, 0.834187, 0.0, 1.0, 0.0, 0.763972, 0.0, 0.0, 0.0, 1.0],
                [0.766044, 0.0, 0.642788, -5e-06, 0.642788, 0.0, -0.766044, 0.823871, 0.0, 1.0, 0.0, 0.763972, 0.0, 0.0, 0.0, 1.0],
                [0.766044, 0.0, 0.642788, -5e-06, 0.642788, 0.0, -0.766044, 0.80764, 0.0, 1.0, 0.0, 0.763972, 0.0, 0.0, 0.0, 1.0],
                [0.766044, 0.0, 0.642788, -5e-06, 0.642788, 0.0, -0.766044, 0.786285, 0.0, 1.0, 0.0, 0.763972, 0.0, 0.0, 0.0, 1.0],
                [0.766044, 0.0, 0.642788, -5e-06, 0.642788, 0.0, -0.766044, 0.760592, 0.0, 1.0, 0.0, 0.763972, 0.0, 0.0, 0.0, 1.0],
                [0.766044, 0.0, 0.642788, -5e-06, 0.642788, 0.0, -0.766044, 0.731351, 0.0, 1.0, 0.0, 0.763972, 0.0, 0.0, 0.0, 1.0],
                [0.766044, 0.0, 0.642788, -5e-06, 0.642788, 0.0, -0.766044, 0.69935, 0.0, 1.0, 0.0, 0.763972, 0.0, 0.0, 0.0, 1.0],
                [0.766044, 0.0, 0.642788, -5e-06, 0.642788, 0.0, -0.766044, 0.665378, 0.0, 1.0, 0.0, 0.763972, 0.0, 0.0, 0.0, 1.0],
                [0.766044, 0.0, 0.642788, -5e-06, 0.642788, 0.0, -0.766044, 0.630224, 0.0, 1.0, 0.0, 0.763972, 0.0, 0.0, 0.0, 1.0],
                [0.766044, 0.0, 0.642788, -5e-06, 0.642788, 0.0, -0.766044, 0.594674, 0.0, 1.0, 0.0, 0.763972, 0.0, 0.0, 0.0, 1.0],
                [0.766044, 0.0, 0.642788, -5e-06, 0.642788, 0.0, -0.766044, 0.55952, 0.0, 1.0, 0.0, 0.763972, 0.0, 0.0, 0.0, 1.0],
                [0.766044, 0.0, 0.642788, -5e-06, 0.642788, 0.0, -0.766044, 0.525548, 0.0, 1.0, 0.0, 0.763972, 0.0, 0.0, 0.0, 1.0],
                [0.766044, 0.0, 0.642788, -5e-06, 0.642788, 0.0, -0.766044, 0.493547, 0.0, 1.0, 0.0, 0.763972, 0.0, 0.0, 0.0, 1.0],
                [0.766044, 0.0, 0.642788, -5e-06, 0.642788, 0.0, -0.766044, 0.464306, 0.0, 1.0, 0.0, 0.763972, 0.0, 0.0, 0.0, 1.0],
                [0.766044, 0.0, 0.642788, -5e-06, 0.642788, 0.0, -0.766044, 0.438613, 0.0, 1.0, 0.0, 0.763972, 0.0, 0.0, 0.0, 1.0],
                [0.766044, 0.0, 0.642788, -5e-06, 0.642788, 0.0, -0.766044, 0.417257, 0.0, 1.0, 0.0, 0.763972, 0.0, 0.0, 0.0, 1.0],
                [0.766044, 0.0, 0.642788, -5e-06, 0.642788, 0.0, -0.766044, 0.401027, 0.0, 1.0, 0.0, 0.763972, 0.0, 0.0, 0.0, 1.0],
                [0.766044, 0.0, 0.642788, -5e-06, 0.642788, 0.0, -0.766044, 0.390711, 0.0, 1.0, 0.0, 0.763972, 0.0, 0.0, 0.0, 1.0],
                [0.766044, 0.0, 0.642788, -5e-06, 0.642788, 0.0, -0.766044, 0.387097, 0.0, 1.0, 0.0, 0.763972, 0.0, 0.0, 0.0, 1.0],
                [0.766044, 0.0, 0.642788, -5e-06, 0.642788, 0.0, -0.766044, 0.387097, 0.0, 1.0, 0.0, 0.763972, 0.0, 0.0, 0.0, 1.0],
                [0.766044, 0.0, 0.642788, -5e-06, 0.642788, 0.0, -0.766044, 0.387097, 0.0, 1.0, 0.0, 0.763972, 0.0, 0.0, 0.0, 1.0],
                [0.766044, 0.0, 0.642788, -5e-06, 0.642788, 0.0, -0.766044, 0.387097, 0.0, 1.0, 0.0, 0.763972, 0.0, 0.0, 0.0, 1.0],
                [0.766044, 0.0, 0.642788, -5e-06, 0.642788, 0.0, -0.766044, 0.387097, 0.0, 1.0, 0.0, 0.763972, 0.0, 0.0, 0.0, 1.0],
                [0.766044, 0.0, 0.642788, -5e-06, 0.642788, 0.0, -0.766044, 0.387097, 0.0, 1.0, 0.0, 0.763972, 0.0, 0.0, 0.0, 1.0],
                [0.766044, 0.0, 0.642788, -5e-06, 0.642788, 0.0, -0.766044, 0.387097, 0.0, 1.0, 0.0, 0.763972, 0.0, 0.0, 0.0, 1.0],
                [0.766044, 0.0, 0.642788, -5e-06, 0.642788, 0.0, -0.766044, 0.387097, 0.0, 1.0, 0.0, 0.763972, 0.0, 0.0, 0.0, 1.0],
                [0.766044, 0.0, 0.642788, -5e-06, 0.642788, 0.0, -0.766044, 0.387097, 0.0, 1.0, 0.0, 0.763972, 0.0, 0.0, 0.0, 1.0],
                [0.766044, 0.0, 0.642788, -5e-06, 0.642788, 0.0, -0.766044, 0.387097, 0.0, 1.0, 0.0, 0.763972, 0.0, 0.0, 0.0, 1.0],
                [0.766044, 0.0, 0.642788, -5e-06, 0.642788, 0.0, -0.766044, 0.387097, 0.0, 1.0, 0.0, 0.763972, 0.0, 0.0, 0.0, 1.0],
                [0.766044, 0.0, 0.642788, -5e-06, 0.642788, 0.0, -0.766044, 0.387097, 0.0, 1.0, 0.0, 0.763972, 0.0, 0.0, 0.0, 1.0],
                [0.766044, 0.0, 0.642788, -5e-06, 0.642788, 0.0, -0.766044, 0.387097, 0.0, 1.0, 0.0, 0.763972, 0.0, 0.0, 0.0, 1.0],
                [0.766044, 0.0, 0.642788, -5e-06, 0.642788, 0.0, -0.766044, 0.387097, 0.0, 1.0, 0.0, 0.763972, 0.0, 0.0, 0.0, 1.0],
                [0.766044, 0.0, 0.642788, -5e-06, 0.642788, 0.0, -0.766044, 0.387097, 0.0, 1.0, 0.0, 0.763972, 0.0, 0.0, 0.0, 1.0],
                [0.766044, 0.0, 0.642788, -5e-06, 0.642788, 0.0, -0.766044, 0.387097, 0.0, 1.0, 0.0, 0.763972, 0.0, 0.0, 0.0, 1.0],
                [0.766044, 0.0, 0.642788, -5e-06, 0.642788, 0.0, -0.766044, 0.387097, 0.0, 1.0, 0.0, 0.763972, 0.0, 0.0, 0.0, 1.0],
                [0.766044, 0.0, 0.642788, -5e-06, 0.642788, 0.0, -0.766044, 0.387097, 0.0, 1.0, 0.0, 0.763972, 0.0, 0.0, 0.0, 1.0],
                [0.766044, 0.0, 0.642788, -5e-06, 0.642788, 0.0, -0.766044, 0.387097, 0.0, 1.0, 0.0, 0.763972, 0.0, 0.0, 0.0, 1.0],
                [0.766044, 0.0, 0.642788, -5e-06, 0.642788, 0.0, -0.766044, 0.387097, 0.0, 1.0, 0.0, 0.763972, 0.0, 0.0, 0.0, 1.0],
                [0.766044, 0.0, 0.642788, -5e-06, 0.642788, 0.0, -0.766044, 0.387097, 0.0, 1.0, 0.0, 0.763972, 0.0, 0.0, 0.0, 1.0],
                [0.766044, 0.0, 0.642788, -5e-06, 0.642788, 0.0, -0.766044, 0.387097, 0.0, 1.0, 0.0, 0.763972, 0.0, 0.0, 0.0, 1.0],
                [0.766044, 0.0, 0.642788, -5e-06, 0.642788, 0.0, -0.766044, 0.387097, 0.0, 1.0, 0.0, 0.763972, 0.0, 0.0, 0.0, 1.0],
                [0.766044, 0.0, 0.642788, -5e-06, 0.642788, 0.0, -0.766044, 0.387097, 0.0, 1.0, 0.0, 0.763972, 0.0, 0.0, 0.0, 1.0],
                [0.766044, 0.0, 0.642788, -5e-06, 0.642788, 0.0, -0.766044, 0.387097, 0.0, 1.0, 0.0, 0.763972, 0.0, 0.0, 0.0, 1.0],
                [0.766044, 0.0, 0.642788, -5e-06, 0.642788, 0.0, -0.766044, 0.387097, 0.0, 1.0, 0.0, 0.763972, 0.0, 0.0, 0.0, 1.0],
                [0.766044, 0.0, 0.642788, -5e-06, 0.642788, 0.0, -0.766044, 0.387097, 0.0, 1.0, 0.0, 0.763972, 0.0, 0.0, 0.0, 1.0],
                [0.766044, 0.0, 0.642788, -5e-06, 0.642788, 0.0, -0.766044, 0.387097, 0.0, 1.0, 0.0, 0.763972, 0.0, 0.0, 0.0, 1.0],
                [0.766044, 0.0, 0.642788, -5e-06, 0.642788, 0.0, -0.766044, 0.387097, 0.0, 1.0, 0.0, 0.763972, 0.0, 0.0, 0.0, 1.0],
                [0.766044, 0.0, 0.642788, -5e-06, 0.642788, 0.0, -0.766044, 0.387097, 0.0, 1.0, 0.0, 0.763972, 0.0, 0.0, 0.0, 1.0],
                [0.766044, 0.0, 0.642788, -5e-06, 0.642788, 0.0, -0.766044, 0.387097, 0.0, 1.0, 0.0, 0.763972, 0.0, 0.0, 0.0, 1.0],
                [0.77043, 0.0, 0.637525, -5e-06, 0.637525, 0.0, -0.77043, 0.384655, 0.0, 1.0, 0.0, 0.763972, 0.0, 0.0, 0.0, 1.0],
                [0.782945, 0.0, 0.62209, -5e-06, 0.62209, 0.0, -0.782945, 0.377608, 0.0, 1.0, 0.0, 0.763972, 0.0, 0.0, 0.0, 1.0],
                [0.802438, 0.0, 0.596736, -5e-06, 0.596736, 0.0, -0.802438, 0.366375, 0.0, 1.0, 0.0, 0.763972, 0.0, 0.0, 0.0, 1.0],
                [0.827505, 0.0, 0.561458, -5e-06, 0.561458, 0.0, -0.827505, 0.351375, 0.0, 1.0, 0.0, 0.763972, 0.0, 0.0, 0.0, 1.0],
                [0.856498, 0.0, 0.51615, -5e-06, 0.51615, 0.0, -0.856498, 0.333026, 0.0, 1.0, 0.0, 0.763972, 0.0, 0.0, 0.0, 1.0],
                [0.887523, 0.0, 0.460764, -5e-06, 0.460764, 0.0, -0.887523, 0.311746, 0.0, 1.0, 0.0, 0.763972, 0.0, 0.0, 0.0, 1.0],
                [0.918481, 0.0, 0.395464, -5e-06, 0.395464, 0.0, -0.918481, 0.287955, 0.0, 1.0, 0.0, 0.763972, 0.0, 0.0, 0.0, 1.0],
                [0.947153, 0.0, 0.320784, -5e-06, 0.320784, 0.0, -0.947153, 0.262071, 0.0, 1.0, 0.0, 0.763972, 0.0, 0.0, 0.0, 1.0],
                [0.97133, 0.0, 0.237734, -5e-06, 0.237734, 0.0, -0.97133, 0.234512, 0.0, 1.0, 0.0, 0.763972, 0.0, 0.0, 0.0, 1.0],
                [0.989007, 0.0, 0.14787, -5e-06, 0.14787, 0.0, -0.989007, 0.205698, 0.0, 1.0, 0.0, 0.763972, 0.0, 0.0, 0.0, 1.0],
                [0.998581, 0.0, 0.053261, -5e-06, 0.053261, 0.0, -0.998581, 0.176046, 0.0, 1.0, 0.0, 0.763972, 0.0, 0.0, 0.0, 1.0],
                [0.999048, 0.0, -0.043619, -5e-06, -0.043619, 0.0, -0.999048, 0.145975, 0.0, 1.0, 0.0, 0.763972, 0.0, 0.0, 0.0, 1.0],
                [0.990139, 0.0, -0.140089, -5e-06, -0.140089, 0.0, -0.990139, 0.115905, 0.0, 1.0, 0.0, 0.763972, 0.0, 0.0, 0.0, 1.0],
                [0.972356, 0.0, -0.233504, -5e-06, -0.233504, 0.0, -0.972356, 0.086253, 0.0, 1.0, 0.0, 0.763972, 0.0, 0.0, 0.0, 1.0],
                [0.946914, 0.0, -0.321486, -5e-06, -0.321486, 0.0, -0.946914, 0.057439, 0.0, 1.0, 0.0, 0.763972, 0.0, 0.0, 0.0, 1.0],
                [0.915591, 0.0, -0.402112, -5e-06, -0.402112, 0.0, -0.915591, 0.02988, 0.0, 1.0, 0.0, 0.763972, 0.0, 0.0, 0.0, 1.0],
                [0.88052, 0.0, -0.47401, -5e-06, -0.47401, 0.0, -0.88052, 0.003996, 0.0, 1.0, 0.0, 0.763972, 0.0, 0.0, 0.0, 1.0],
                [0.843988, 0.0, -0.536362, -5e-06, -0.536362, 0.0, -0.843988, -0.019796, 0.0, 1.0, 0.0, 0.763972, 0.0, 0.0, 0.0, 1.0],
                [0.808254, 0.0, -0.588834, -5e-06, -0.588834, 0.0, -0.808254, -0.041075, 0.0, 1.0, 0.0, 0.763972, 0.0, 0.0, 0.0, 1.0],
                [0.775423, 0.0, -0.631443, -5e-06, -0.631443, 0.0, -0.775423, -0.059424, 0.0, 1.0, 0.0, 0.763972, 0.0, 0.0, 0.0, 1.0],
                [0.747376, 0.0, -0.664402, -5e-06, -0.664402, 0.0, -0.747376, -0.074425, 0.0, 1.0, 0.0, 0.763972, 0.0, 0.0, 0.0, 1.0],
                [0.725748, 0.0, -0.687961, -5e-06, -0.687961, 0.0, -0.725748, -0.085657, 0.0, 1.0, 0.0, 0.763972, 0.0, 0.0, 0.0, 1.0],
                [0.711935, 0.0, -0.702245, -5e-06, -0.702245, 0.0, -0.711935, -0.092704, 0.0, 1.0, 0.0, 0.763972, 0.0, 0.0, 0.0, 1.0],
                [0.707107, 0.0, -0.707106, -5e-06, -0.707106, 0.0, -0.707107, -0.095146, 0.0, 1.0, 0.0, 0.763972, 0.0, 0.0, 0.0, 1.0]
            ]
        },
        {
            "name": "Thigh_R",
            "time": [0.0167, 0.0333, 0.05, 0.0667, 0.0833, 0.1, 0.1167, 0.1333, 0.15, 0.1667, 0.1833, 0.2, 0.2167, 0.2333, 0.25, 0.2667, 0.2833, 0.3, 0.3167, 0.3333, 0.35, 0.3667, 0.3833, 0.4, 0.4167, 0.4333, 0.45, 0.4667, 0.4833, 0.5, 0.5167, 0.5333, 0.55, 0.5667, 0.5833, 0.6, 0.6167, 0.6333, 0.65, 0.6667, 0.6833, 0.7, 0.7167, 0.7333, 0.75, 0.7667, 0.7833, 0.8, 0.8167, 0.8333, 0.85, 0.8667, 0.8833, 0.9, 0.9167, 0.9333, 0.95, 0.9667, 0.9833, 1.0, 1.0167, 1.0333, 1.05, 1.0667, 1.0833, 1.1, 1.1167, 1.1333, 1.15, 1.1667, 1.1833, 1.2, 1.2167, 1.2333, 1.25, 1.2667, 1.2833, 1.3, 1.3167, 1.3333, 1.35, 1.3667, 1.3833, 1.4, 1.4167, 1.4333, 1.45, 1.4667, 1.4833, 1.5, 1.5167, 1.5333, 1.55, 1.5667, 1.5833, 1.6, 1.6167, 1.6333, 1.65, 1.6667, 1.6833, 1.7, 1.7167, 1.7333, 1.75, 1.7667, 1.7833, 1.8, 1.8167, 1.8333, 1.85, 1.8667, 1.8833, 1.9, 1.9167, 1.9333, 1.95, 1.9667, 1.9833, 2.0, 2.0167, 2.0333, 2.05, 2.0667, 2.0833, 2.1, 2.1167, 2.1333, 2.15, 2.1667, 2.1833, 2.2, 2.2167, 2.2333, 2.25, 2.2667, 2.2833, 2.3, 2.3167, 2.3333, 2.35, 2.3667, 2.3833, 2.4, 2.4167, 2.4333, 2.45, 2.4667, 2.4833, 2.5, 2.5167, 2.5333],
            "transform": [
                [0.996195, 0.087155, -0.0, 0.124994, 0.066765, -0.763129, 0.642788, -0.005666, 0.056022, -0.640342, -0.766044, 0.032399, 0.0, 0.0, 0.0, 1.0],
                [0.996195, 0.087155, -0.0, 0.124994, 0.066765, -0.763129, 0.642788, -0.005666, 0.056022, -0.640342, -0.766044, 0.032399, 0.0, 0.0, 0.0, 1.0],
                [0.996195, 0.087155, -0.0, 0.124994, 0.066765, -0.763129, 0.642788, -0.005666, 0.056022, -0.640342, -0.766044, 0.032399, 0.0, 0.0, 0.0, 1.0],
                [0.996195, 0.087155, -0.0, 0.124994, 0.066765, -0.763129, 0.642788, -0.005666, 0.056022, -0.640342, -0.766044, 0.032399, 0.0, 0.0, 0.0, 1.0],
                [0.996195, 0.087155, -0.0, 0.124994, 0.066765, -0.763129, 0.642788, -0.005666, 0.056022, -0.640342, -0.766044, 0.032399, 0.0, 0.0, 0.0, 1.0],
                [0.996195, 0.087155, -0.0, 0.124994, 0.066765, -0.763129, 0.642788, -0.005666, 0.056022, -0.640342, -0.766044, 0.032399, 0.0, 0.0, 0.0, 1.0],
                [0.996195, 0.087155, -0.0, 0.124994, 0.066765, -0.763129, 0.642788, -0.005666, 0.056022, -0.640342, -0.766044, 0.032399, 0.0, 0.0, 0.0, 1.0],
                [0.996195, 0.087155, 0.0, 0.124994, 0.066765, -0.763129, 0.642788, -0.005666, 0.056022, -0.640342, -0.766044, 0.032399, 0.0, 0.0, 0.0, 1.0],
                [0.996195, 0.087155, 0.0, 0.124994, 0.066765, -0.763129, 0.642788, -0.005666, 0.056022, -0.640342, -0.766044, 0.032399, 0.0, 0.0, 0.0, 1.0],
                [0.996195, 0.087155, -0.0, 0.124994, 0.066765, -0.763129, 0.642788, -0.005666, 0.056022, -0.640342, -0.766044, 0.032399, 0.0, 0.0, 0.0, 1.0],
                [0.996195, 0.087155, 0.0, 0.124994, 0.066765, -0.763129, 0.642788, -0.005666, 0.056022, -0.640342, -0.766044, 0.032399, 0.0, 0.0, 0.0, 1.0],
                [0.996195, 0.087155, -0.0, 0.124994, 0.066765, -0.763129, 0.642788, -0.005666, 0.056022, -0.640342, -0.766044, 0.032399, 0.0, 0.0, 0.0, 1.0],
                [0.996195, 0.087155, -0.0, 0.124994, 0.066765, -0.763129, 0.642788, -0.005666, 0.056022, -0.640342, -0.766044, 0.032399, 0.0, 0.0, 0.0, 1.0],
                [0.996195, 0.087155, -0.0, 0.124994, 0.066765, -0.763129, 0.642788, -0.005666, 0.056022, -0.640342, -0.766044, 0.032399, 0.0, 0.0, 0.0, 1.0],
                [0.996195, 0.087155, -0.0, 0.124994, 0.066765, -0.763129, 0.642788, -0.005666, 0.056022, -0.640342, -0.766044, 0.032399, 0.0, 0.0, 0.0, 1.0],
                [0.996195, 0.087155, -0.0, 0.124994, 0.066765, -0.763129, 0.642788, -0.005666, 0.056022, -0.640342, -0.766044, 0.032399, 0.0, 0.0, 0.0, 1.0],
                [0.996195, 0.087155, -0.0, 0.124994, 0.066765, -0.763129, 0.642788, -0.005666, 0.056022, -0.640342, -0.766044, 0.032399, 0.0, 0.0, 0.0, 1.0],
                [0.996195, 0.087155, -0.0, 0.124994, 0.066765, -0.763129, 0.642788, -0.005666, 0.056022, -0.640342, -0.766044, 0.032399, 0.0, 0.0, 0.0, 1.0],
                [0.996195, 0.087155, -0.0, 0.124994, 0.066765, -0.763129, 0.642788, -0.005666, 0.056022, -0.640342, -0.766044, 0.032399, 0.0, 0.0, 0.0, 1.0],
                [0.996195, 0.087155, -0.0, 0.124994, 0.066765, -0.763129, 0.642788, -0.005666, 0.056022, -0.640342, -0.766044, 0.032399, 0.0, 0.0, 0.0, 1.0],
                [0.996195, 0.087155, -0.0, 0.124994, 0.066765, -0.763129, 0.642788, -0.005666, 0.056022, -0.640342, -0.766044, 0.032399, 0.0, 0.0, 0.0, 1.0],
                [0.996195, 0.087155, -0.0, 0.124994, 0.066765, -0.763129, 0.642788, -0.005666, 0.056022, -0.640342, -0.766044, 0.032399, 0.0, 0.0, 0.0, 1.0],
                [0.996195, 0.087155, -0.0, 0.124994, 0.066765, -0.763129, 0.642788, -0.005666, 0.056022, -0.640342, -0.766044, 0.032399, 0.0, 0.0, 0.0, 1.0],
                [0.996195, 0.087155, -0.0, 0.124994, 0.066765, -0.763129, 0.642788, -0.005666, 0.056022, -0.640342, -0.766044, 0.032399, 0.0, 0.0, 0.0, 1.0],
                [0.996195, 0.087155, -0.0, 0.124994, 0.066765, -0.763129, 0.642788, -0.005666, 0.056022, -0.640342, -0.766044, 0.032399, 0.0, 0.0, 0.0, 1.0],
                [0.996195, 0.087155, -0.0, 0.124994, 0.066765, -0.763129, 0.642788, -0.005666, 0.056022, -0.640342, -0.766044, 0.032399, 0.0, 0.0, 0.0, 1.0],
                [0.996195, 0.087155, -0.0, 0.124994, 0.066765, -0.763129, 0.642788, -0.005666, 0.056022, -0.640342, -0.766044, 0.032399, 0.0, 0.0, 0.0, 1.0],
                [0.996195, 0.087155, -0.0, 0.124994, 0.066765, -0.763129, 0.642788, -0.005666, 0.056022, -0.640342, -0.766044, 0.032399, 0.0, 0.0, 0.0, 1.0],
                [0.996195, 0.087155, -0.0, 0.124994, 0.066765, -0.763129, 0.642788, -0.005666, 0.056022, -0.640342, -0.766044, 0.032399, 0.0, 0.0, 0.0, 1.0],
                [0.996195, 0.087155, -0.0, 0.124994, 0.066765, -0.763129, 0.642788, -0.005666, 0.056022, -0.640342, -0.766044, 0.032399, 0.0, 0.0, 0.0, 1.0],
                [0.996195, 0.087155, -0.0, 0.124994, 0.066765, -0.763129, 0.642788, -0.005666, 0.056022, -0.640342, -0.766044, 0.032399, 0.0, 0.0, 0.0, 1.0],
                [0.996195, 0.087155, -0.0, 0.124994, 0.066765, -0.763129, 0.642788, -0.005666, 0.056022, -0.640342, -0.766044, 0.032399, 0.0, 0.0, 0.0, 1.0],
                [0.996195, 0.087155, -0.0, 0.124994, 0.066765, -0.763129, 0.642788, -0.005666, 0.056022, -0.640342, -0.766044, 0.032399, 0.0, 0.0, 0.0, 1.0],
                [0.996195, 0.087155, -0.0, 0.124994, 0.066765, -0.763129, 0.642788, -0.005666, 0.056022, -0.640342, -0.766044, 0.032399, 0.0, 0.0, 0.0, 1.0],
                [0.996195, 0.087155, -0.0, 0.124994, 0.066765, -0.763129, 0.642788, -0.005666, 0.056022, -0.640342, -0.766044, 0.032399, 0.0, 0.0, 0.0, 1.0],
                [0.996195, 0.087155, -0.0, 0.124994, 0.066765, -0.763129, 0.642788, -0.005666, 0.056022, -0.640342, -0.766044, 0.032399, 0.0, 0.0, 0.0, 1.0],
                [0.996195, 0.087155, -0.0, 0.124994, 0.066765, -0.763129, 0.642788, -0.005666, 0.056022, -0.640342, -0.766044, 0.032399, 0.0, 0.0, 0.0, 1.0],
                [0.996195, 0.087155, -0.0, 0.124994, 0.066765, -0.763129, 0.642788, -0.005666, 0.056022, -0.640342, -0.766044, 0.032399, 0.0, 0.0, 0.0, 1.0],
                [0.996195, 0.087155, -0.0, 0.124994, 0.066765, -0.763129, 0.642788, -0.005666, 0.056022, -0.640342, -0.766044, 0.032399, 0.0, 0.0, 0.0, 1.0],
                [0.996195, 0.087155, -0.0, 0.124994, 0.066765, -0.763129, 0.642788, -0.005666, 0.056022, -0.640342, -0.766044, 0.032399, 0.0, 0.0, 0.0, 1.0],
                [0.996195, 0.087155, -0.0, 0.124994, 0.066765, -0.763129, 0.642788, -0.005666, 0.056022, -0.640342, -0.766044, 0.032399, 0.0, 0.0, 0.0, 1.0],
                [0.996195, 0.087155, -0.0, 0.124994, 0.066765, -0.763129, 0.642788, -0.005666, 0.056022, -0.640342, -0.766044, 0.032399, 0.0, 0.0, 0.0, 1.0],
                [0.996195, 0.087155, -0.0, 0.124994, 0.066765, -0.763129, 0.642788, -0.005666, 0.056022, -0.640342, -0.766044, 0.032399, 0.0, 0.0, 0.0, 1.0],
                [0.996195, 0.087155, 0.0, 0.124994, 0.066765, -0.763129, 0.642788, -0.005666, 0.056022, -0.640342, -0.766044, 0.032399, 0.0, 0.0, 0.0, 1.0],
                [0.996195, 0.087155, -0.0, 0.124994, 0.066765, -0.763129, 0.642788, -0.005666, 0.056022, -0.640342, -0.766044, 0.032399, 0.0, 0.0, 0.0, 1.0],
                [0.996195, 0.087155, -0.0, 0.124994, 0.066765, -0.763129, 0.642788, -0.005666, 0.056022, -0.640342, -0.766044, 0.032399, 0.0, 0.0, 0.0, 1.0],
                [0.996195, 0.087155, -0.0, 0.124994, 0.066765, -0.763129, 0.642788, -0.005666, 0.056022, -0.640342, -0.766044, 0.032399, 0.0, 0.0, 0.0, 1.0],
                [0.996195, 0.087155, -0.0, 0.124994, 0.066765, -0.763129, 0.642788, -0.005666, 0.056022, -0.640342, -0.766044, 0.032399, 0.0, 0.0, 0.0, 1.0],
                [0.996195, 0.087155, -0.0, 0.124994, 0.066765, -0.763129, 0.642788, -0.005666, 0.056022, -0.640342, -0.766044, 0.032399, 0.0, 0.0, 0.0, 1.0],
                [0.996195, 0.087155, -0.0, 0.124994, 0.066765, -0.763129, 0.642788, -0.005666, 0.056022, -0.640342, -0.766044, 0.032399, 0.0, 0.0, 0.0, 1.0],
                [0.996195, 0.087155, -0.0, 0.124994, 0.066765, -0.763129, 0.642788, -0.005666, 0.056022, -0.640342, -0.766044, 0.032399, 0.0, 0.0, 0.0, 1.0],
                [0.996195, 0.087155, -0.0, 0.124994, 0.066765, -0.763129, 0.642788, -0.005666, 0.056022, -0.640342, -0.766044, 0.032399, 0.0, 0.0, 0.0, 1.0],
                [0.996195, 0.087155, -0.0, 0.124994, 0.066765, -0.763129, 0.642788, -0.005666, 0.056022, -0.640342, -0.766044, 0.032399, 0.0, 0.0, 0.0, 1.0],
                [0.996195, 0.087155, -0.0, 0.124994, 0.066765, -0.763129, 0.642788, -0.005666, 0.056022, -0.640342, -0.766044, 0.032399, 0.0, 0.0, 0.0, 1.0],
                [0.996195, 0.087155, 0.0, 0.124994, 0.066765, -0.763129, 0.642788, -0.005666, 0.056022, -0.640342, -0.766044, 0.032399, 0.0, 0.0, 0.0, 1.0],
                [0.996195, 0.087155, -0.0, 0.124994, 0.066765, -0.763129, 0.642788, -0.005666, 0.056022, -0.640342, -0.766044, 0.032399, 0.0, 0.0, 0.0, 1.0],
