{
    "armature": {
        "joints": ["Root", "Thigh_R", "Leg_R", "Knee_R", "Thigh_L", "Leg_L", "Knee_L", "Torso", "Chest", "Head", "Shoulder_R", "Arm_R", "Hand_R", "Tool_R", "Elbow_R", "Shoulder_L", "Arm_L", "Hand_L", "Tool_L", "Elbow_L"],
        "hierarchy": [
            {
                "name": "Root",
                "transform": [1.0, 0.0, 0.0, -5e-06, 0.0, 0.0, -1.0, 0.000946, 0.0, 1.0, 0.0, 0.763972, 0.0, 0.0, 0.0, 1.0],
                "children": [
                    {
                        "name": "Thigh_R",
                        "transform": [1.0, -0.0, -0.0, 0.124994, -0.0, -1.0, 0.0, -0.002831, -0.0, -0.0, -1.0, -1.2e-05, 0.0, 0.0, 0.0, 1.0],
                        "children": [
                            {
                                "name": "Leg_R",
                                "transform": [1.0, 0.0, 1e-06, 0.0, -0.0, 1.0, 0.0, 0.37472, -1e-06, -0.0, 1.0, -0.0, 0.0, 0.0, 0.0, 1.0],
                                "children": []
                            },
                            {
                                "name": "Knee_R",
                                "transform": [1.0, 0.0, -0.0, 0.0, -0.0, 0.0, -1.0, 0.37472, -0.0, 1.0, 0.0, -0.0, 0.0, 0.0, 0.0, 1.0],
                                "children": []
                            }
                        ]
                    },
                    {
                        "name": "Thigh_L",
                        "transform": [1.0, -0.0, -0.0, -0.125006, -0.0, -1.0, 0.0, -0.002831, -0.0, -0.0, -1.0, -1.2e-05, 0.0, 0.0, 0.0, 1.0],
                        "children": [
                            {
                                "name": "Leg_L",
                                "transform": [1.0, 0.0, 1e-06, -0.0, -0.0, 1.0, 0.0, 0.37472, -1e-06, -0.0, 1.0, 0.0, 0.0, 0.0, 0.0, 1.0],
                                "children": []
                            },
                            {
                                "name": "Knee_L",
                                "transform": [1.0, 0.0, -0.0, -0.0, -0.0, 0.0, -1.0, 0.37472, -0.0, 1.0, 0.0, 0.0, 0.0, 0.0, 0.0, 1.0],
                                "children": []
                            }
                        ]
                    },
                    {
                        "name": "Torso",
                        "transform": [1.0, 0.0, 0.0, 0.0, 0.0, 1.0, 0.0, 0.05, 0.0, 0.0, 1.0, 0.0, 0.0, 0.0, 0.0, 1.0],
                        "children": [
                            {
                                "name": "Chest",
                                "transform": [1.0, 0.0, 0.0, 0.0, 0.0, 1.0, 0.0, 0.3, 0.0, 0.0, 1.0, 0.0, 0.0, 0.0, 0.0, 1.0],
                                "children": [
                                    {
                                        "name": "Head",
                                        "transform": [1.0, 0.0, 0.0, 0.0, 0.0, 1.0, 0.0, 0.4, 0.0, 0.0, 1.0, 0.0, 0.0, 0.0, 0.0, 1.0],
                                        "children": []
                                    },
                                    {
                                        "name": "Shoulder_R",
                                        "transform": [0.0, 0.952114, 0.305743, 0.0, 0.0, -0.305743, 0.952114, 0.4, 1.0, 0.0, -0.0, 0.0, 0.0, 0.0, 0.0, 1.0],
                                        "children": [
                                            {
                                                "name": "Arm_R",
                                                "transform": [0.0, -0.0, -1.0, -0.0, 0.952114, 0.305743, 0.0, 0.39386, 0.305743, -0.952114, 0.0, 0.0, 0.0, 0.0, 0.0, 1.0],
                                                "children": [
                                                    {
                                                        "name": "Hand_R",
                                                        "transform": [1.0, 0.0, 0.0, 0.0, -0.0, 0.993938, 0.109947, 0.3, -0.0, -0.109947, 0.993937, 0.0, 0.0, 0.0, 0.0, 1.0],
                                                        "children": [
                                                            {
                                                                "name": "Tool_R",
                                                                "transform": [1.0, 0.0, 0.0, -0.0, 0.0, -0.999836, 0.018122, 0.272858, 0.0, -0.018122, -0.999836, 0.0, 0.0, 0.0, 0.0, 1.0],
                                                                "children": []
                                                            }
                                                        ]
                                                    },
                                                    {
                                                        "name": "Elbow_R",
                                                        "transform": [-1.0, 0.0, -0.0, 0.0, 0.0, 0.0, -1.0, 0.3, -0.0, -1.0, -0.0, 0.0, 0.0, 0.0, 0.0, 1.0],
                                                        "children": []
                                                    }
                                                ]
                                            }
                                        ]
                                    },
                                    {
                                        "name": "Shoulder_L",
                                        "transform": [-0.0, -0.952114, -0.305743, 0.0, 0.0, -0.305743, 0.952114, 0.4, -1.0, 0.0, 0.0, 0.0, 0.0, 0.0, 0.0, 1.0],
                                        "children": [
                                            {
                                                "name": "Arm_L",
                                                "transform": [-0.0, -0.0, 1.0, -0.0, -0.952114, 0.305743, -0.0, 0.39386, -0.305743, -0.952114, -0.0, 0.0, 0.0, 0.0, 0.0, 1.0],
                                                "children": [
                                                    {
                                                        "name": "Hand_L",
                                                        "transform": [1.0, -0.0, 0.0, -0.0, 0.0, 0.993937, 0.109947, 0.3, -0.0, -0.109947, 0.993937, 0.0, 0.0, 0.0, 0.0, 1.0],
                                                        "children": [
                                                            {
                                                                "name": "Tool_L",
                                                                "transform": [1.0, 0.0, 0.0, -0.0, -0.0, -0.999836, 0.018122, 0.272858, 0.0, -0.018122, -0.999836, -0.0, 0.0, 0.0, 0.0, 1.0],
                                                                "children": []
                                                            }
                                                        ]
                                                    },
                                                    {
                                                        "name": "Elbow_L",
                                                        "transform": [-1.0, 0.0, -0.0, -0.0, 0.0, -0.0, -1.0, 0.3, -0.0, -1.0, 0.0, 0.0, 0.0, 0.0, 0.0, 1.0],
                                                        "children": []
                                                    }
                                                ]
                                            }
                                        ]
                                    }
                                ]
                            }
                        ]
                    }
                ]
            }
        ]
    },
    "animation": [
        {
            "name": "Root",
            "time": [0.0, 0.0167, 0.0333, 0.05, 0.0667, 0.0833, 0.1, 0.1167, 0.1333, 0.15, 0.1667, 0.1833, 0.2, 0.2167, 0.2333, 0.25, 0.2667, 0.2833, 0.3, 0.3167, 0.3333, 0.35, 0.3667, 0.3833, 0.4, 0.4167, 0.4333, 0.45, 0.4667, 0.4833, 0.5, 0.5167, 0.5333, 0.55, 0.5667, 0.5833, 0.6, 0.6167, 0.6333, 0.65, 0.6667, 0.6833, 0.7, 0.7167, 0.7333, 0.75, 0.7667, 0.7833, 0.8, 0.8167, 0.8333, 0.85, 0.8667, 0.8833, 0.9, 0.9167, 0.9333, 0.95, 0.9667, 0.9833, 1.0, 1.0167, 1.0333, 1.05, 1.0667, 1.0833, 1.1, 1.1167, 1.1333, 1.15, 1.1667, 1.1833, 1.2],
            "transform": [
                [1.0, 0.0, 0.0, -5e-06, 0.0, 0.0, -1.0, 0.000946, 0.0, 1.0, 0.0, 0.763972, 0.0, 0.0, 0.0, 1.0],
                [1.0, 0.0, 0.0, -5e-06, 0.0, 0.0, -1.0, 0.000956, 0.0, 1.0, 0.0, 0.763972, 0.0, 0.0, 0.0, 1.0],
                [1.0, 0.0, 0.0, -5e-06, 0.0, 0.0, -1.0, 0.001023, 0.0, 1.0, 0.0, 0.763972, 0.0, 0.0, 0.0, 1.0],
                [1.0, 0.0, 0.0, -5e-06, 0.0, 0.0, -1.0, 0.001203, 0.0, 1.0, 0.0, 0.763972, 0.0, 0.0, 0.0, 1.0],
                [1.0, 0.0, 0.0, -5e-06, 0.0, 0.0, -1.0, 0.001555, 0.0, 1.0, 0.0, 0.763972, 0.0, 0.0, 0.0, 1.0],
                [1.0, 0.0, 0.0, -5e-06, 0.0, 0.0, -1.0, 0.002135, 0.0, 1.0, 0.0, 0.763972, 0.0, 0.0, 0.0, 1.0],
                [1.0, 0.0, 0.0, -5e-06, 0.0, 0.0, -1.0, 0.003001, 0.0, 1.0, 0.0, 0.763972, 0.0, 0.0, 0.0, 1.0],
                [1.0, 0.0, 0.0, -5e-06, 0.0, 0.0, -1.0, 0.004209, 0.0, 1.0, 0.0, 0.763972, 0.0, 0.0, 0.0, 1.0],
                [1.0, 0.0, 0.0, -5e-06, 0.0, 0.0, -1.0, 0.089026, 0.0, 1.0, 0.0, 0.763972, 0.0, 0.0, 0.0, 1.0],
                [1.0, 0.0, 0.0, -5e-06, 0.0, 0.0, -1.0, 0.232728, 0.0, 1.0, 0.0, 0.763972, 0.0, 0.0, 0.0, 1.0],
                [1.0, 0.0, 0.0, -5e-06, 0.0, 0.0, -1.0, 0.393439, 0.0, 1.0, 0.0, 0.763972, 0.0, 0.0, 0.0, 1.0],
                [1.0, 0.0, 0.0, -5e-06, 0.0, 0.0, -1.0, 0.563591, 0.0, 1.0, 0.0, 0.763972, 0.0, 0.0, 0.0, 1.0],
                [1.0, 0.0, 0.0, -5e-06, 0.0, 0.0, -1.0, 0.735615, 0.0, 1.0, 0.0, 0.763972, 0.0, 0.0, 0.0, 1.0],
                [1.0, 0.0, 0.0, -5e-06, 0.0, 0.0, -1.0, 0.901941, 0.0, 1.0, 0.0, 0.763972, 0.0, 0.0, 0.0, 1.0],
                [1.0, 0.0, 0.0, -5e-06, 0.0, 0.0, -1.0, 1.055, 0.0, 1.0, 0.0, 0.763972, 0.0, 0.0, 0.0, 1.0],
                [1.0, 0.0, 0.0, -5e-06, 0.0, 0.0, -1.0, 1.187222, 0.0, 1.0, 0.0, 0.763972, 0.0, 0.0, 0.0, 1.0],
                [1.0, 0.0, 0.0, -5e-06, 0.0, 0.0, -1.0, 1.291038, 0.0, 1.0, 0.0, 0.763972, 0.0, 0.0, 0.0, 1.0],
                [1.0, 0.0, 0.0, -5e-06, 0.0, 0.0, -1.0, 1.358878, 0.0, 1.0, 0.0, 0.763972, 0.0, 0.0, 0.0, 1.0],
                [1.0, 0.0, 0.0, -5e-06, 0.0, 0.0, -1.0, 1.383174, 0.0, 1.0, 0.0, 0.763972, 0.0, 0.0, 0.0, 1.0],
                [1.0, 0.0, 0.0, -5e-06, 0.0, 0.0, -1.0, 1.383174, 0.0, 1.0, 0.0, 0.763972, 0.0, 0.0, 0.0, 1.0],
                [1.0, 0.0, 0.0, -5e-06, 0.0, 0.0, -1.0, 1.383174, 0.0, 1.0, 0.0, 0.763972, 0.0, 0.0, 0.0, 1.0],
                [1.0, 0.0, 0.0, -5e-06, 0.0, 0.0, -1.0, 1.383174, 0.0, 1.0, 0.0, 0.763972, 0.0, 0.0, 0.0, 1.0],
                [1.0, 0.0, 0.0, -5e-06, 0.0, 0.0, -1.0, 1.383174, 0.0, 1.0, 0.0, 0.763972, 0.0, 0.0, 0.0, 1.0],
                [1.0, 0.0, 0.0, -5e-06, 0.0, 0.0, -1.0, 1.383174, 0.0, 1.0, 0.0, 0.763972, 0.0, 0.0, 0.0, 1.0],
                [1.0, 0.0, 0.0, -5e-06, 0.0, 0.0, -1.0, 1.383174, 0.0, 1.0, 0.0, 0.763972, 0.0, 0.0, 0.0, 1.0],
                [1.0, 0.0, 0.0, -5e-06, 0.0, 0.0, -1.0, 1.383174, 0.0, 1.0, 0.0, 0.763972, 0.0, 0.0, 0.0, 1.0],
                [1.0, 0.0, 0.0, -5e-06, 0.0, 0.0, -1.0, 1.383174, 0.0, 1.0, 0.0, 0.763972, 0.0, 0.0, 0.0, 1.0],
                [1.0, 0.0, 0.0, -5e-06, 0.0, 0.0, -1.0, 1.383174, 0.0, 1.0, 0.0, 0.763972, 0.0, 0.0, 0.0, 1.0],
                [1.0, 0.0, 0.0, -5e-06, 0.0, 0.0, -1.0, 1.383174, 0.0, 1.0, 0.0, 0.763972, 0.0, 0.0, 0.0, 1.0],
                [1.0, 0.0, 0.0, -5e-06, 0.0, 0.0, -1.0, 1.383174, 0.0, 1.0, 0.0, 0.763972, 0.0, 0.0, 0.0, 1.0],
                [1.0, 0.0, 0.0, -5e-06, 0.0, 0.0, -1.0, 1.383174, 0.0, 1.0, 0.0, 0.763972, 0.0, 0.0, 0.0, 1.0],
                [1.0, 0.0, 0.0, -5e-06, 0.0, 0.0, -1.0, 1.383174, 0.0, 1.0, 0.0, 0.763972, 0.0, 0.0, 0.0, 1.0],
                [1.0, 0.0, 0.0, -5e-06, 0.0, 0.0, -1.0, 1.383174, 0.0, 1.0, 0.0, 0.763972, 0.0, 0.0, 0.0, 1.0],
                [1.0, 0.0, 0.0, -5e-06, 0.0, 0.0, -1.0, 1.383174, 0.0, 1.0, 0.0, 0.763972, 0.0, 0.0, 0.0, 1.0],
                [1.0, 0.0, 0.0, -5e-06, 0.0, 0.0, -1.0, 1.383174, 0.0, 1.0, 0.0, 0.763972, 0.0, 0.0, 0.0, 1.0],
                [1.0, 0.0, 0.0, -5e-06, 0.0, 0.0, -1.0, 1.383174, 0.0, 1.0, 0.0, 0.763972, 0.0, 0.0, 0.0, 1.0],
                [1.0, 0.0, 0.0, -5e-06, 0.0, 0.0, -1.0, 1.383174, 0.0, 1.0, 0.0, 0.763972, 0.0, 0.0, 0.0, 1.0],
                [1.0, 0.0, 0.0, -5e-06, 0.0, 0.0, -1.0, 1.383174, 0.0, 1.0, 0.0, 0.763972, 0.0, 0.0, 0.0, 1.0],
                [1.0, 0.0, 0.0, -5e-06, 0.0, 0.0, -1.0, 1.383174, 0.0, 1.0, 0.0, 0.763972, 0.0, 0.0, 0.0, 1.0],
                [1.0, 0.0, 0.0, -5e-06, 0.0, 0.0, -1.0, 1.383174, 0.0, 1.0, 0.0, 0.763972, 0.0, 0.0, 0.0, 1.0],
                [1.0, 0.0, 0.0, -5e-06, 0.0, 0.0, -1.0, 1.383174, 0.0, 1.0, 0.0, 0.763972, 0.0, 0.0, 0.0, 1.0],
                [1.0, 0.0, 0.0, -5e-06, 0.0, 0.0, -1.0, 1.383174, 0.0, 1.0, 0.0, 0.763972, 0.0, 0.0, 0.0, 1.0],
                [1.0, 0.0, 0.0, -5e-06, 0.0, 0.0, -1.0, 1.383174, 0.0, 1.0, 0.0, 0.763972, 0.0, 0.0, 0.0, 1.0],
                [1.0, 0.0, 0.0, -5e-06, 0.0, 0.0, -1.0, 1.383174, 0.0, 1.0, 0.0, 0.763972, 0.0, 0.0, 0.0, 1.0],
                [1.0, 0.0, 0.0, -5e-06, 0.0, 0.0, -1.0, 1.383174, 0.0, 1.0, 0.0, 0.763972, 0.0, 0.0, 0.0, 1.0],
                [1.0, 0.0, 0.0, -5e-06, 0.0, 0.0, -1.0, 1.383174, 0.0, 1.0, 0.0, 0.763972, 0.0, 0.0, 0.0, 1.0],
                [1.0, 0.0, 0.0, -5e-06, 0.0, 0.0, -1.0, 1.383174, 0.0, 1.0, 0.0, 0.763972, 0.0, 0.0, 0.0, 1.0],
                [1.0, 0.0, 0.0, -5e-06, 0.0, 0.0, -1.0, 1.383174, 0.0, 1.0, 0.0, 0.763972, 0.0, 0.0, 0.0, 1.0],
                [1.0, 0.0, 0.0, -5e-06, 0.0, 0.0, -1.0, 1.383174, 0.0, 1.0, 0.0, 0.763972, 0.0, 0.0, 0.0, 1.0],
                [1.0, 0.0, 0.0, -5e-06, 0.0, 0.0, -1.0, 1.383174, 0.0, 1.0, 0.0, 0.763972, 0.0, 0.0, 0.0, 1.0],
                [1.0, 0.0, 0.0, -5e-06, 0.0, 0.0, -1.0, 1.383174, 0.0, 1.0, 0.0, 0.763972, 0.0, 0.0, 0.0, 1.0],
                [1.0, 0.0, 0.0, -5e-06, 0.0, 0.0, -1.0, 1.383174, 0.0, 1.0, 0.0, 0.763972, 0.0, 0.0, 0.0, 1.0],
                [1.0, 0.0, 0.0, -5e-06, 0.0, 0.0, -1.0, 1.383174, 0.0, 1.0, 0.0, 0.763972, 0.0, 0.0, 0.0, 1.0],
                [1.0, 0.0, 0.0, -5e-06, 0.0, 0.0, -1.0, 1.383174, 0.0, 1.0, 0.0, 0.763972, 0.0, 0.0, 0.0, 1.0],
                [1.0, 0.0, 0.0, -5e-06, 0.0, 0.0, -1.0, 1.380102, 0.0, 1.0, 0.0, 0.763972, 0.0, 0.0, 0.0, 1.0],
                [1.0, 0.0, 0.0, -5e-06, 0.0, 0.0, -1.0, 1.371332, 0.0, 1.0, 0.0, 0.763972, 0.0, 0.0, 0.0, 1.0],
                [1.0, 0.0, 0.0, -5e-06, 0.0, 0.0, -1.0, 1.357534, 0.0, 1.0, 0.0, 0.763972, 0.0, 0.0, 0.0, 1.0],
                [1.0, 0.0, 0.0, -5e-06, 0.0, 0.0, -1.0, 1.339379, 0.0, 1.0, 0.0, 0.763972, 0.0, 0.0, 0.0, 1.0],
                [1.0, 0.0, 0.0, -5e-06, 0.0, 0.0, -1.0, 1.317537, 0.0, 1.0, 0.0, 0.763972, 0.0, 0.0, 0.0, 1.0],
                [1.0, 0.0, 0.0, -5e-06, 0.0, 0.0, -1.0, 1.292678, 0.0, 1.0, 0.0, 0.763972, 0.0, 0.0, 0.0, 1.0],
                [1.0, 0.0, 0.0, -5e-06, 0.0, 0.0, -1.0, 1.265474, 0.0, 1.0, 0.0, 0.763972, 0.0, 0.0, 0.0, 1.0],
                [1.0, 0.0, 0.0, -5e-06, 0.0, 0.0, -1.0, 1.236593, 0.0, 1.0, 0.0, 0.763972, 0.0, 0.0, 0.0, 1.0],
                [1.0, 0.0, 0.0, -5e-06, 0.0, 0.0, -1.0, 1.206707, 0.0, 1.0, 0.0, 0.763972, 0.0, 0.0, 0.0, 1.0],
                [1.0, 0.0, 0.0, -5e-06, 0.0, 0.0, -1.0, 1.176486, 0.0, 1.0, 0.0, 0.763972, 0.0, 0.0, 0.0, 1.0],
                [1.0, 0.0, 0.0, -5e-06, 0.0, 0.0, -1.0, 1.1466, 0.0, 1.0, 0.0, 0.763972, 0.0, 0.0, 0.0, 1.0],
                [1.0, 0.0, 0.0, -5e-06, 0.0, 0.0, -1.0, 1.11772, 0.0, 1.0, 0.0, 0.763972, 0.0, 0.0, 0.0, 1.0],
                [1.0, 0.0, 0.0, -5e-06, 0.0, 0.0, -1.0, 1.090515, 0.0, 1.0, 0.0, 0.763972, 0.0, 0.0, 0.0, 1.0],
                [1.0, 0.0, 0.0, -5e-06, 0.0, 0.0, -1.0, 1.065657, 0.0, 1.0, 0.0, 0.763972, 0.0, 0.0, 0.0, 1.0],
                [1.0, 0.0, 0.0, -5e-06, 0.0, 0.0, -1.0, 1.043815, 0.0, 1.0, 0.0, 0.763972, 0.0, 0.0, 0.0, 1.0],
                [1.0, 0.0, 0.0, -5e-06, 0.0, 0.0, -1.0, 1.02566, 0.0, 1.0, 0.0, 0.763972, 0.0, 0.0, 0.0, 1.0],
                [1.0, 0.0, 0.0, -5e-06, 0.0, 0.0, -1.0, 1.011862, 0.0, 1.0, 0.0, 0.763972, 0.0, 0.0, 0.0, 1.0],
                [1.0, 0.0, 0.0, -5e-06, 0.0, 0.0, -1.0, 1.003091, 0.0, 1.0, 0.0, 0.763972, 0.0, 0.0, 0.0, 1.0],
                [1.0, 0.0, 0.0, -5e-06, 0.0, 0.0, -1.0, 1.000019, 0.0, 1.0, 0.0, 0.763972, 0.0, 0.0, 0.0, 1.0]
            ]
        },
        {
            "name": "Thigh_R",
            "time": [0.0, 0.0167, 0.0333, 0.05, 0.0667, 0.0833, 0.1, 0.1167, 0.1333, 0.15, 0.1667, 0.1833, 0.2, 0.2167, 0.2333, 0.25, 0.2667, 0.2833, 0.3, 0.3167, 0.3333, 0.35, 0.3667, 0.3833, 0.4, 0.4167, 0.4333, 0.45, 0.4667, 0.4833, 0.5, 0.5167, 0.5333, 0.55, 0.5667, 0.5833, 0.6, 0.6167, 0.6333, 0.65, 0.6667, 0.6833, 0.7, 0.7167, 0.7333, 0.75, 0.7667, 0.7833, 0.8, 0.8167, 0.8333, 0.85, 0.8667, 0.8833, 0.9, 0.9167, 0.9333, 0.95, 0.9667, 0.9833, 1.0, 1.0167, 1.0333, 1.05, 1.0667, 1.0833, 1.1, 1.1167, 1.1333, 1.15, 1.1667, 1.1833, 1.2],
            "transform": [
                [0.996195, 0.081899, 0.029809, 0.124994, 0.084186, -0.992741, -0.085898, -0.005666, 0.022557, 0.088081, -0.995858, 0.032399, 0.0, 0.0, 0.0, 1.0],
                [0.996195, 0.081902, 0.029801, 0.124994, 0.084186, -0.992749, -0.085802, -0.005666, 0.022557, 0.087984, -0.995866, 0.032399, 0.0, 0.0, 0.0, 1.0],
                [0.996195, 0.081922, 0.029745, 0.124994, 0.084186, -0.992807, -0.085129, -0.005666, 0.022557, 0.087309, -0.995926, 0.032399, 0.0, 0.0, 0.0, 1.0],
                [0.996195, 0.081977, 0.029594, 0.124994, 0.084185, -0.992962, -0.0833, -0.005666, 0.022557, 0.085474, -0.996085, 0.032399, 0.0, 0.0, 0.0, 1.0],
                [0.996195, 0.082083, 0.0293, 0.124994, 0.084185, -0.993254, -0.079736, -0.005666, 0.022557, 0.0819, -0.996385, 0.032399, 0.0, 0.0, 0.0, 1.0],
                [0.996195, 0.082255, 0.028814, 0.124994, 0.084185, -0.993709, -0.073854, -0.005666, 0.022557, 0.075999, -0.996853, 0.032399, 0.0, 0.0, 0.0, 1.0],
                [0.996195, 0.082506, 0.028085, 0.124994, 0.084186, -0.994323, -0.065063, -0.005666, 0.022557, 0.06718, -0.997486, 0.032399, 0.0, 0.0, 0.0, 1.0],
                [0.996195, 0.082847, 0.027063, 0.124994, 0.084186, -0.995052, -0.052765, -0.005666, 0.022557, 0.054842, -0.99824, 0.032399, 0.0, 0.0, 0.0, 1.0],
                [0.996195, 0.083716, 0.024243, 0.124994, 0.084186, -0.996268, -0.019059, -0.005666, 0.022557, 0.021027, -0.999524, 0.032399, 0.0, 0.0, 0.0, 1.0],
                [0.996195, 0.085147, 0.018602, 0.124994, 0.084186, -0.995318, 0.047475, -0.005666, 0.022557, -0.045728, -0.998699, 0.032399, 0.0, 0.0, 0.0, 1.0],
                [0.996195, 0.086479, 0.010837, 0.124994, 0.084186, -0.986964, 0.137164, -0.005666, 0.022557, -0.13573, -0.990489, 0.032399, 0.0, 0.0, 0.0, 1.0],
                [0.996195, 0.087137, 0.001779, 0.124994, 0.084186, -0.967334, 0.239119, -0.005666, 0.022557, -0.238059, -0.970989, 0.032399, 0.0, 0.0, 0.0, 1.0],
                [0.996195, 0.086824, -0.007597, 0.124994, 0.084186, -0.936027, 0.34171, -0.005666, 0.022557, -0.34105, -0.939775, 0.032399, 0.0, 0.0, 0.0, 1.0],
                [0.996195, 0.085621, -0.016282, 0.124994, 0.084186, -0.896958, 0.434026, -0.005666, 0.022557, -0.433745, -0.900753, 0.032399, 0.0, 0.0, 0.0, 1.0],
                [0.996195, 0.083966, -0.023362, 0.124994, 0.084186, -0.85766, 0.507279, -0.005666, 0.022557, -0.507316, -0.861465, 0.032399, 0.0, 0.0, 0.0, 1.0],
                [0.996195, 0.082506, -0.028087, 0.124994, 0.084186, -0.827508, 0.555107, -0.005666, 0.022557, -0.555359, -0.831305, 0.032399, 0.0, 0.0, 0.0, 1.0],
                [0.996195, 0.081899, -0.029809, 0.124994, 0.084186, -0.815698, 0.572319, -0.005666, 0.022557, -0.572651, -0.819489, 0.032399, 0.0, 0.0, 0.0, 1.0],
                [0.996195, 0.081899, -0.029809, 0.124994, 0.084186, -0.815698, 0.572319, -0.005666, 0.022557, -0.572651, -0.819489, 0.032399, 0.0, 0.0, 0.0, 1.0],
                [0.996195, 0.081899, -0.029809, 0.124994, 0.084186, -0.815698, 0.572319, -0.005666, 0.022557, -0.572651, -0.819489, 0.032399, 0.0, 0.0, 0.0, 1.0],
                [0.996195, 0.081899, -0.029809, 0.124994, 0.084186, -0.815698, 0.572319, -0.005666, 0.022557, -0.572651, -0.819489, 0.032399, 0.0, 0.0, 0.0, 1.0],
                [0.996195, 0.081899, -0.029809, 0.124994, 0.084186, -0.815698, 0.572319, -0.005666, 0.022557, -0.572651, -0.819489, 0.032399, 0.0, 0.0, 0.0, 1.0],
                [0.996195, 0.081899, -0.029809, 0.124994, 0.084186, -0.815698, 0.572319, -0.005666, 0.022557, -0.572651, -0.819489, 0.032399, 0.0, 0.0, 0.0, 1.0],
                [0.996195, 0.081899, -0.029809, 0.124994, 0.084186, -0.815698, 0.572319, -0.005666, 0.022557, -0.572651, -0.819489, 0.032399, 0.0, 0.0, 0.0, 1.0],
                [0.996195, 0.081899, -0.029809, 0.124994, 0.084186, -0.815698, 0.572319, -0.005666, 0.022557, -0.572651, -0.819489, 0.032399, 0.0, 0.0, 0.0, 1.0],
                [0.996195, 0.081899, -0.029809, 0.124994, 0.084186, -0.815698, 0.572319, -0.005666, 0.022557, -0.572651, -0.819489, 0.032399, 0.0, 0.0, 0.0, 1.0],
                [0.996195, 0.081899, -0.029809, 0.124994, 0.084186, -0.815698, 0.572319, -0.005666, 0.022557, -0.572651, -0.819489, 0.032399, 0.0, 0.0, 0.0, 1.0],
                [0.996195, 0.081899, -0.029809, 0.124994, 0.084186, -0.815698, 0.572319, -0.005666, 0.022557, -0.572651, -0.819489, 0.032399, 0.0, 0.0, 0.0, 1.0],
                [0.996195, 0.081899, -0.029809, 0.124994, 0.084186, -0.815698, 0.572319, -0.005666, 0.022557, -0.572651, -0.819489, 0.032399, 0.0, 0.0, 0.0, 1.0],
                [0.996195, 0.081899, -0.029809, 0.124994, 0.084186, -0.815698, 0.572319, -0.005666, 0.022557, -0.572651, -0.819489, 0.032399, 0.0, 0.0, 0.0, 1.0],
                [0.996195, 0.081899, -0.029809, 0.124994, 0.084186, -0.815698, 0.572319, -0.005666, 0.022557, -0.572651, -0.819489, 0.032399, 0.0, 0.0, 0.0, 1.0],
                [0.996195, 0.081899, -0.029809, 0.124994, 0.084186, -0.815698, 0.572319, -0.005666, 0.022557, -0.572651, -0.819489, 0.032399, 0.0, 0.0, 0.0, 1.0],
                [0.996195, 0.081899, -0.029809, 0.124994, 0.084186, -0.815698, 0.572319, -0.005666, 0.022557, -0.572651, -0.819489, 0.032399, 0.0, 0.0, 0.0, 1.0],
                [0.996195, 0.081899, -0.029809, 0.124994, 0.084186, -0.815698, 0.572319, -0.005666, 0.022557, -0.572651, -0.819489, 0.032399, 0.0, 0.0, 0.0, 1.0],
                [0.996195, 0.081899, -0.029809, 0.124994, 0.084186, -0.815698, 0.572319, -0.005666, 0.022557, -0.572651, -0.819489, 0.032399, 0.0, 0.0, 0.0, 1.0],
                [0.996195, 0.081899, -0.029809, 0.124994, 0.084186, -0.815698, 0.572319, -0.005666, 0.022557, -0.572651, -0.819489, 0.032399, 0.0, 0.0, 0.0, 1.0],
                [0.996195, 0.081899, -0.029809, 0.124994, 0.084186, -0.815698, 0.572319, -0.005666, 0.022557, -0.572651, -0.819489, 0.032399, 0.0, 0.0, 0.0, 1.0],
                [0.996195, 0.081899, -0.029809, 0.124994, 0.084186, -0.815698, 0.572319, -0.005666, 0.022557, -0.572651, -0.819489, 0.032399, 0.0, 0.0, 0.0, 1.0],
                [0.996195, 0.081899, -0.029809, 0.124994, 0.084186, -0.815698, 0.572319, -0.005666, 0.022557, -0.572651, -0.819489, 0.032399, 0.0, 0.0, 0.0, 1.0],
                [0.996195, 0.081899, -0.029809, 0.124994, 0.084186, -0.815698, 0.572319, -0.005666, 0.022557, -0.572651, -0.819489, 0.032399, 0.0, 0.0, 0.0, 1.0],
                [0.996195, 0.081899, -0.029809, 0.124994, 0.084186, -0.815698, 0.572319, -0.005666, 0.022557, -0.572651, -0.819489, 0.032399, 0.0, 0.0, 0.0, 1.0],
                [0.996195, 0.081899, -0.029809, 0.124994, 0.084186, -0.815698, 0.572319, -0.005666, 0.022557, -0.572651, -0.819489, 0.032399, 0.0, 0.0, 0.0, 1.0],
                [0.996195, 0.081899, -0.029809, 0.124994, 0.084186, -0.815698, 0.572319, -0.005666, 0.022557, -0.572651, -0.819489, 0.032399, 0.0, 0.0, 0.0, 1.0],
                [0.996195, 0.081899, -0.029809, 0.124994, 0.084186, -0.815698, 0.572319, -0.005666, 0.022557, -0.572651, -0.819489, 0.032399, 0.0, 0.0, 0.0, 1.0],
                [0.996195, 0.081899, -0.029809, 0.124994, 0.084186, -0.815698, 0.572319, -0.005666, 0.022557, -0.572651, -0.819489, 0.032399, 0.0, 0.0, 0.0, 1.0],
                [0.996195, 0.081899, -0.029809, 0.124994, 0.084186, -0.815698, 0.572319, -0.005666, 0.022557, -0.572651, -0.819489, 0.032399, 0.0, 0.0, 0.0, 1.0],
                [0.996195, 0.081899, -0.029809, 0.124994, 0.084186, -0.815698, 0.572319, -0.005666, 0.022557, -0.572651, -0.819489, 0.032399, 0.0, 0.0, 0.0, 1.0],
                [0.996195, 0.081899, -0.029809, 0.124994, 0.084186, -0.815698, 0.572319, -0.005666, 0.022557, -0.572651, -0.819489, 0.032399, 0.0, 0.0, 0.0, 1.0],
                [0.996195, 0.081899, -0.029809, 0.124994, 0.084186, -0.815698, 0.572319, -0.005666, 0.022557, -0.572651, -0.819489, 0.032399, 0.0, 0.0, 0.0, 1.0],
                [0.996195, 0.081899, -0.029809, 0.124994, 0.084186, -0.815698, 0.572319, -0.005666, 0.022557, -0.572651, -0.819489, 0.032399, 0.0, 0.0, 0.0, 1.0],
                [0.996195, 0.081899, -0.029809, 0.124994, 0.084186, -0.815698, 0.572319, -0.005666, 0.022557, -0.572651, -0.819489, 0.032399, 0.0, 0.0, 0.0, 1.0],
                [0.996195, 0.081899, -0.029809, 0.124994, 0.084186, -0.815698, 0.572319, -0.005666, 0.022557, -0.572651, -0.819489, 0.032399, 0.0, 0.0, 0.0, 1.0],
                [0.996195, 0.081899, -0.029809, 0.124994, 0.084186, -0.815698, 0.572319, -0.005666, 0.022557, -0.572651, -0.819489, 0.032399, 0.0, 0.0, 0.0, 1.0],
                [0.996195, 0.081899, -0.029809, 0.124994, 0.084186, -0.815698, 0.572319, -0.005666, 0.022557, -0.572651, -0.819489, 0.032399, 0.0, 0.0, 0.0, 1.0],
                [0.996195, 0.081899, -0.029809, 0.124994, 0.084186, -0.815698, 0.572319, -0.005666, 0.022557, -0.572651, -0.819489, 0.032399, 0.0, 0.0, 0.0, 1.0],
                [0.996195, 0.081982, -0.029581, 0.124994, 0.084186, -0.817289, 0.570045, -0.005666, 0.022557, -0.570366, -0.821081, 0.032399, 0.0, 0.0, 0.0, 1.0],
                [0.996195, 0.082215, -0.028928, 0.124994, 0.084186, -0.821797, 0.563527, -0.005666, 0.022557, -0.563818, -0.825591, 0.032399, 0.0, 0.0, 0.0, 1.0],
                [0.996195, 0.08257, -0.027896, 0.124994, 0.084186, -0.82879, 0.55319, -0.005666, 0.022557, -0.553434, -0.832588, 0.032399, 0.0, 0.0, 0.0, 1.0],
                [0.996195, 0.083019, -0.02653, 0.124994, 0.084186, -0.837803, 0.539443, -0.005666, 0.022557, -0.539624, -0.841604, 0.032399, 0.0, 0.0, 0.0, 1.0],
                [0.996195, 0.08353, -0.024875, 0.124994, 0.084186, -0.848356, 0.522689, -0.005666, 0.022557, -0.522794, -0.85216, 0.032399, 0.0, 0.0, 0.0, 1.0],
                [0.996195, 0.084072, -0.022977, 0.124994, 0.084185, -0.859973, 0.503347, -0.005666, 0.022557, -0.503366, -0.863779, 0.032399, 0.0, 0.0, 0.0, 1.0],
                [0.996195, 0.084616, -0.020885, 0.124994, 0.084185, -0.872194, 0.481861, -0.005666, 0.022557, -0.481785, -0.875999, 0.032399, 0.0, 0.0, 0.0, 1.0],
                [0.996195, 0.085137, -0.018648, 0.124994, 0.084186, -0.884591, 0.458707, -0.005666, 0.022557, -0.458531, -0.888392, 0.032399, 0.0, 0.0, 0.0, 1.0],
                [0.996195, 0.085614, -0.016317, 0.124994, 0.084185, -0.896778, 0.434398, -0.005666, 0.022557, -0.434118, -0.900573, 0.032399, 0.0, 0.0, 0.0, 1.0],
                [0.996195, 0.086032, -0.013948, 0.124994, 0.084185, -0.908425, 0.409482, -0.005666, 0.022557, -0.409099, -0.912211, 0.032399, 0.0, 0.0, 0.0, 1.0],
                [0.996195, 0.08638, -0.011596, 0.124994, 0.084185, -0.919261, 0.384541, -0.005666, 0.022557, -0.384054, -0.923035, 0.032399, 0.0, 0.0, 0.0, 1.0],
                [0.996195, 0.086656, -0.009315, 0.124994, 0.084185, -0.929076, 0.36018, -0.005666, 0.022557, -0.359594, -0.932836, 0.032399, 0.0, 0.0, 0.0, 1.0],
                [0.996195, 0.08686, -0.007163, 0.124994, 0.084185, -0.937724, 0.337024, -0.005666, 0.022557, -0.336345, -0.941469, 0.032399, 0.0, 0.0, 0.0, 1.0],
                [0.996195, 0.087, -0.005194, 0.124994, 0.084185, -0.945115, 0.315706, -0.005666, 0.022557, -0.314942, -0.948843, 0.032399, 0.0, 0.0, 0.0, 1.0],
                [0.996195, 0.087086, -0.003464, 0.124994, 0.084185, -0.951201, 0.296864, -0.005666, 0.022557, -0.296026, -0.954913, 0.032399, 0.0, 0.0, 0.0, 1.0],
                [0.996195, 0.087132, -0.002027, 0.124994, 0.084185, -0.955969, 0.281132, -0.005666, 0.022557, -0.280233, -0.959667, 0.032399, 0.0, 0.0, 0.0, 1.0],
                [0.996195, 0.08715, -0.000936, 0.124994, 0.084185, -0.959415, 0.269138, -0.005666, 0.022557, -0.268193, -0.963101, 0.032399, 0.0, 0.0, 0.0, 1.0],
                [0.996195, 0.087155, -0.000243, 0.124994, 0.084185, -0.961525, 0.261498, -0.005666, 0.022557, -0.260524, -0.965204, 0.032399, 0.0, 0.0, 0.0, 1.0],
                [0.996195, 0.087155, -0.0, 0.124994, 0.084185, -0.96225, 0.258819, -0.005666, 0.022557, -0.257834, -0.965926, 0.032399, 0.0, 0.0, 0.0, 1.0]
            ]
        },
        {
            "name": "Leg_R",
            "time": [0.0, 0.0167, 0.0333, 0.05, 0.0667, 0.0833, 0.1, 0.1167, 0.1333, 0.15, 0.1667, 0.1833, 0.2, 0.2167, 0.2333, 0.25, 0.2667, 0.2833, 0.3, 0.3167, 0.3333, 0.35, 0.3667, 0.3833, 0.4, 0.4167, 0.4333, 0.45, 0.4667, 0.4833, 0.5, 0.5167, 0.5333, 0.55, 0.5667, 0.5833, 0.6, 0.6167, 0.6333, 0.65, 0.6667, 0.6833, 0.7, 0.7167, 0.7333, 0.75, 0.7667, 0.7833, 0.8, 0.8167, 0.8333, 0.85, 0.8667, 0.8833, 0.9, 0.9167, 0.9333, 0.95, 0.9667, 0.9833, 1.0, 1.0167, 1.0333, 1.05, 1.0667, 1.0833, 1.1, 1.1167, 1.1333, 1.15, 1.1667, 1.1833, 1.2],
            "transform": [
                [0.933031, -0.16694, 0.318723, 0.0, -0.049991, 0.817101, 0.574323, 0.37472, -0.356306, -0.551794, 0.754035, -0.0, 0.0, 0.0, 0.0, 1.0],
                [0.933031, -0.16694, 0.318723, -0.0, -0.049991, 0.817101, 0.574323, 0.37472, -0.356306, -0.551794, 0.754035, -0.0, 0.0, 0.0, 0.0, 1.0],
                [0.933031, -0.16694, 0.318723, -0.0, -0.049991, 0.817101, 0.574323, 0.37472, -0.356306, -0.551794, 0.754035, 0.0, 0.0, 0.0, 0.0, 1.0],
                [0.933031, -0.16694, 0.318723, 0.0, -0.049991, 0.817101, 0.574323, 0.37472, -0.356306, -0.551794, 0.754035, -0.0, 0.0, 0.0, 0.0, 1.0],
                [0.933031, -0.16694, 0.318723, 0.0, -0.049991, 0.817101, 0.574323, 0.37472, -0.356306, -0.551794, 0.754035, 0.0, 0.0, 0.0, 0.0, 1.0],
                [0.933031, -0.16694, 0.318723, 0.0, -0.049991, 0.817101, 0.574323, 0.37472, -0.356306, -0.551795, 0.754035, 0.0, 0.0, 0.0, 0.0, 1.0],
                [0.933031, -0.16694, 0.318723, -0.0, -0.049991, 0.817101, 0.574323, 0.37472, -0.356306, -0.551794, 0.754035, -0.0, 0.0, 0.0, 0.0, 1.0],
                [0.933031, -0.16694, 0.318723, -0.0, -0.049991, 0.817101, 0.574323, 0.37472, -0.356306, -0.551794, 0.754035, 0.0, 0.0, 0.0, 0.0, 1.0],
                [0.933031, -0.165031, 0.319715, -0.0, -0.049991, 0.82052, 0.569428, 0.37472, -0.356306, -0.547276, 0.757321, 0.0, 0.0, 0.0, 0.0, 1.0],
                [0.933031, -0.159885, 0.322319, -0.0, -0.049991, 0.829542, 0.556203, 0.37472, -0.356306, -0.535067, 0.765995, -0.0, 0.0, 0.0, 0.0, 1.0],
                [0.933031, -0.152358, 0.325945, 0.0, -0.049991, 0.842232, 0.536792, 0.37472, -0.356306, -0.517138, 0.778213, -0.0, 0.0, 0.0, 0.0, 1.0],
                [0.933031, -0.143324, 0.330017, -0.0, -0.049991, 0.856696, 0.513392, 0.37472, -0.356306, -0.495509, 0.79216, -0.0, 0.0, 0.0, 0.0, 1.0],
                [0.933031, -0.133699, 0.334033, 0.0, -0.049991, 0.871216, 0.488347, 0.37472, -0.356306, -0.472342, 0.806188, -0.0, 0.0, 0.0, 0.0, 1.0],
                [0.933031, -0.124449, 0.337588, 0.0, -0.049991, 0.884335, 0.464168, 0.37472, -0.356306, -0.449959, 0.818891, -0.0, 0.0, 0.0, 0.0, 1.0],
                [0.933031, -0.116577, 0.340386, -0.0, -0.049991, 0.894874, 0.44351, 0.37472, -0.356306, -0.430824, 0.829118, -0.0, 0.0, 0.0, 0.0, 1.0],
                [0.933031, -0.111106, 0.342211, -0.0, -0.049991, 0.901868, 0.429109, 0.37472, -0.356306, -0.41748, 0.835917, 0.0, 0.0, 0.0, 0.0, 1.0],
                [0.933031, -0.109058, 0.342869, 0.0, -0.049991, 0.904418, 0.42371, 0.37472, -0.356306, -0.412475, 0.838398, 0.0, 0.0, 0.0, 0.0, 1.0],
                [0.933031, -0.109058, 0.342869, 0.0, -0.049991, 0.904418, 0.42371, 0.37472, -0.356306, -0.412475, 0.838398, 0.0, 0.0, 0.0, 0.0, 1.0],
                [0.933031, -0.109058, 0.342869, 0.0, -0.049991, 0.904418, 0.42371, 0.37472, -0.356306, -0.412475, 0.838398, -0.0, 0.0, 0.0, 0.0, 1.0],
                [0.933031, -0.109058, 0.342869, 0.0, -0.049991, 0.904418, 0.42371, 0.37472, -0.356306, -0.412475, 0.838398, -0.0, 0.0, 0.0, 0.0, 1.0],
                [0.933031, -0.109058, 0.342869, 0.0, -0.049991, 0.904418, 0.42371, 0.37472, -0.356306, -0.412475, 0.838398, -0.0, 0.0, 0.0, 0.0, 1.0],
                [0.933031, -0.109058, 0.342869, 0.0, -0.049991, 0.904418, 0.42371, 0.37472, -0.356306, -0.412475, 0.838398, -0.0, 0.0, 0.0, 0.0, 1.0],
                [0.933031, -0.109058, 0.342869, 0.0, -0.049991, 0.904418, 0.42371, 0.37472, -0.356306, -0.412475, 0.838398, -0.0, 0.0, 0.0, 0.0, 1.0],
                [0.933031, -0.109058, 0.342869, 0.0, -0.049991, 0.904418, 0.42371, 0.37472, -0.356306, -0.412475, 0.838398, -0.0, 0.0, 0.0, 0.0, 1.0],
                [0.933031, -0.109058, 0.342869, 0.0, -0.049991, 0.904418, 0.42371, 0.37472, -0.356306, -0.412475, 0.838398, -0.0, 0.0, 0.0, 0.0, 1.0],
                [0.933031, -0.109058, 0.342869, 0.0, -0.049991, 0.904418, 0.42371, 0.37472, -0.356306, -0.412475, 0.838398, -0.0, 0.0, 0.0, 0.0, 1.0],
                [0.933031, -0.109058, 0.342869, 0.0, -0.049991, 0.904418, 0.42371, 0.37472, -0.356306, -0.412475, 0.838398, -0.0, 0.0, 0.0, 0.0, 1.0],
                [0.933031, -0.109058, 0.342869, 0.0, -0.049991, 0.904418, 0.42371, 0.37472, -0.356306, -0.412475, 0.838398, -0.0, 0.0, 0.0, 0.0, 1.0],
                [0.933031, -0.109058, 0.342869, 0.0, -0.049991, 0.904418, 0.42371, 0.37472, -0.356306, -0.412475, 0.838398, -0.0, 0.0, 0.0, 0.0, 1.0],
                [0.933031, -0.109058, 0.342869, 0.0, -0.049991, 0.904418, 0.42371, 0.37472, -0.356306, -0.412475, 0.838398, -0.0, 0.0, 0.0, 0.0, 1.0],
                [0.933031, -0.109058, 0.342869, 0.0, -0.049991, 0.904418, 0.42371, 0.37472, -0.356306, -0.412475, 0.838398, -0.0, 0.0, 0.0, 0.0, 1.0],
                [0.933031, -0.109058, 0.342869, 0.0, -0.049991, 0.904418, 0.42371, 0.37472, -0.356306, -0.412475, 0.838398, -0.0, 0.0, 0.0, 0.0, 1.0],
                [0.933031, -0.109058, 0.342869, 0.0, -0.049991, 0.904418, 0.42371, 0.37472, -0.356306, -0.412475, 0.838398, -0.0, 0.0, 0.0, 0.0, 1.0],
                [0.933031, -0.109058, 0.342869, 0.0, -0.049991, 0.904418, 0.42371, 0.37472, -0.356306, -0.412475, 0.838398, -0.0, 0.0, 0.0, 0.0, 1.0],
                [0.933031, -0.109058, 0.342869, 0.0, -0.049991, 0.904418, 0.42371, 0.37472, -0.356306, -0.412475, 0.838398, -0.0, 0.0, 0.0, 0.0, 1.0],
                [0.933031, -0.109058, 0.342869, 0.0, -0.049991, 0.904418, 0.42371, 0.37472, -0.356306, -0.412475, 0.838398, -0.0, 0.0, 0.0, 0.0, 1.0],
                [0.933031, -0.109058, 0.342869, 0.0, -0.049991, 0.904418, 0.42371, 0.37472, -0.356306, -0.412475, 0.838398, -0.0, 0.0, 0.0, 0.0, 1.0],
                [0.933031, -0.109058, 0.342869, 0.0, -0.049991, 0.904418, 0.42371, 0.37472, -0.356306, -0.412475, 0.838398, -0.0, 0.0, 0.0, 0.0, 1.0],
                [0.933031, -0.109058, 0.342869, 0.0, -0.049991, 0.904418, 0.42371, 0.37472, -0.356306, -0.412475, 0.838398, -0.0, 0.0, 0.0, 0.0, 1.0],
                [0.933031, -0.109058, 0.342869, 0.0, -0.049991, 0.904418, 0.42371, 0.37472, -0.356306, -0.412475, 0.838398, -0.0, 0.0, 0.0, 0.0, 1.0],
                [0.933031, -0.109058, 0.342869, 0.0, -0.049991, 0.904418, 0.42371, 0.37472, -0.356306, -0.412475, 0.838398, -0.0, 0.0, 0.0, 0.0, 1.0],
                [0.933031, -0.109058, 0.342869, 0.0, -0.049991, 0.904418, 0.42371, 0.37472, -0.356306, -0.412475, 0.838398, -0.0, 0.0, 0.0, 0.0, 1.0],
                [0.933031, -0.109058, 0.342869, 0.0, -0.049991, 0.904418, 0.42371, 0.37472, -0.356306, -0.412475, 0.838398, -0.0, 0.0, 0.0, 0.0, 1.0],
                [0.933031, -0.109058, 0.342869, 0.0, -0.049991, 0.904418, 0.42371, 0.37472, -0.356306, -0.412475, 0.838398, -0.0, 0.0, 0.0, 0.0, 1.0],
                [0.933031, -0.109058, 0.342869, 0.0, -0.049991, 0.904418, 0.42371, 0.37472, -0.356306, -0.412475, 0.838398, -0.0, 0.0, 0.0, 0.0, 1.0],
                [0.933031, -0.109058, 0.342869, 0.0, -0.049991, 0.904418, 0.42371, 0.37472, -0.356306, -0.412475, 0.838398, -0.0, 0.0, 0.0, 0.0, 1.0],
                [0.933031, -0.109058, 0.342869, 0.0, -0.049991, 0.904418, 0.42371, 0.37472, -0.356306, -0.412475, 0.838398, -0.0, 0.0, 0.0, 0.0, 1.0],
                [0.933031, -0.109058, 0.342869, 0.0, -0.049991, 0.904418, 0.42371, 0.37472, -0.356306, -0.412475, 0.838398, -0.0, 0.0, 0.0, 0.0, 1.0],
                [0.933031, -0.109058, 0.342869, 0.0, -0.049991, 0.904418, 0.42371, 0.37472, -0.356306, -0.412475, 0.838398, -0.0, 0.0, 0.0, 0.0, 1.0],
                [0.933031, -0.109058, 0.342869, 0.0, -0.049991, 0.904418, 0.42371, 0.37472, -0.356306, -0.412475, 0.838398, -0.0, 0.0, 0.0, 0.0, 1.0],
                [0.933031, -0.109058, 0.342869, 0.0, -0.049991, 0.904418, 0.42371, 0.37472, -0.356306, -0.412475, 0.838398, -0.0, 0.0, 0.0, 0.0, 1.0],
                [0.933031, -0.109058, 0.342869, 0.0, -0.049991, 0.904418, 0.42371, 0.37472, -0.356306, -0.412475, 0.838398, -0.0, 0.0, 0.0, 0.0, 1.0],
                [0.933031, -0.109058, 0.342869, 0.0, -0.049991, 0.904418, 0.42371, 0.37472, -0.356306, -0.412475, 0.838398, -0.0, 0.0, 0.0, 0.0, 1.0],
                [0.933031, -0.109058, 0.342869, 0.0, -0.049991, 0.904418, 0.42371, 0.37472, -0.356306, -0.412475, 0.838398, -0.0, 0.0, 0.0, 0.0, 1.0],
                [0.933031, -0.109537, 0.342717, -0.0, -0.049991, 0.903824, 0.424973, 0.37472, -0.356306, -0.413646, 0.83782, -0.0, 0.0, 0.0, 0.0, 1.0],
                [0.933031, -0.110904, 0.342277, 0.0, -0.049991, 0.902121, 0.428577, 0.37472, -0.356306, -0.416986, 0.836163, 0.0, 0.0, 0.0, 0.0, 1.0],
                [0.933031, -0.113051, 0.341574, -0.0, -0.049991, 0.899412, 0.434233, 0.37472, -0.356306, -0.422228, 0.833528, -0.0, 0.0, 0.0, 0.0, 1.0],
                [0.933031, -0.11587, 0.340628, 0.0, -0.049991, 0.895793, 0.441651, 0.37472, -0.356306, -0.429103, 0.83001, 0.0, 0.0, 0.0, 0.0, 1.0],
                [0.933031, -0.119252, 0.339458, 0.0, -0.049991, 0.891356, 0.450539, 0.37472, -0.356306, -0.437337, 0.825701, 0.0, 0.0, 0.0, 0.0, 1.0],
                [0.933031, -0.123088, 0.338086, -0.0, -0.049991, 0.886198, 0.460603, 0.37472, -0.356306, -0.446658, 0.820697, -0.0, 0.0, 0.0, 0.0, 1.0],
                [0.933031, -0.127269, 0.336535, -0.0, -0.049991, 0.880421, 0.471551, 0.37472, -0.356306, -0.456796, 0.815097, -0.0, 0.0, 0.0, 0.0, 1.0],
                [0.933031, -0.131687, 0.334831, -0.0, -0.049991, 0.874138, 0.483098, 0.37472, -0.356306, -0.467484, 0.809015, 0.0, 0.0, 0.0, 0.0, 1.0],
                [0.933031, -0.136236, 0.333006, 0.0, -0.049991, 0.867477, 0.49496, 0.37472, -0.356306, -0.47846, 0.802572, -0.0, 0.0, 0.0, 0.0, 1.0],
                [0.933031, -0.14081, 0.331098, 0.0, -0.049991, 0.860577, 0.506862, 0.37472, -0.356306, -0.48947, 0.795905, -0.0, 0.0, 0.0, 0.0, 1.0],
                [0.933031, -0.145307, 0.329149, -0.0, -0.049991, 0.853593, 0.518537, 0.37472, -0.356306, -0.500265, 0.789165, 0.0, 0.0, 0.0, 0.0, 1.0],
                [0.933031, -0.149626, 0.327208, -0.0, -0.049991, 0.846695, 0.529726, 0.37472, -0.356306, -0.510608, 0.782512, 0.0, 0.0, 0.0, 0.0, 1.0],
                [0.933031, -0.15367, 0.325328, 0.0, -0.049991, 0.840064, 0.54018, 0.37472, -0.356306, -0.520268, 0.776123, -0.0, 0.0, 0.0, 0.0, 1.0],
                [0.933031, -0.157344, 0.323568, 0.0, -0.049991, 0.833893, 0.549657, 0.37472, -0.356306, -0.529022, 0.770183, -0.0, 0.0, 0.0, 0.0, 1.0],
                [0.933031, -0.160554, 0.321987, 0.0, -0.049991, 0.828385, 0.557923, 0.37472, -0.356306, -0.536656, 0.764883, -0.0, 0.0, 0.0, 0.0, 1.0],
