{
    "armature": {
        "joints": ["Root", "Thigh_R", "Leg_R", "Knee_R", "Thigh_L", "Leg_L", "Knee_L", "Torso", "Chest", "Head", "Shoulder_R", "Arm_R", "Hand_R", "Tool_R", "Elbow_R", "Shoulder_L", "Arm_L", "Hand_L", "Tool_L", "Elbow_L"],
        "hierarchy": [
            {
                "name": "Root",
                "transform": [1.0, 0.0, 0.0, -5e-06, 0.0, 0.0, -1.0, 0.000946, 0.0, 1.0, 0.0, 0.763972, 0.0, 0.0, 0.0, 1.0],
                "children": [
                    {
                        "name": "Thigh_R",
                        "transform": [1.0, -0.0, -0.0, 0.124994, -0.0, -1.0, 0.0, -0.002831, -0.0, -0.0, -1.0, -1.2e-05, 0.0, 0.0, 0.0, 1.0],
                        "children": [
                            {
                                "name": "Leg_R",
                                "transform": [1.0, 0.0, 1e-06, 0.0, -0.0, 1.0, 0.0, 0.37472, -1e-06, -0.0, 1.0, -0.0, 0.0, 0.0, 0.0, 1.0],
                                "children": []
                            },
                            {
                                "name": "Knee_R",
                                "transform": [1.0, 0.0, -0.0, 0.0, -0.0, 0.0, -1.0, 0.37472, -0.0, 1.0, 0.0, -0.0, 0.0, 0.0, 0.0, 1.0],
                                "children": []
                            }
                        ]
                    },
                    {
                        "name": "Thigh_L",
                        "transform": [1.0, -0.0, -0.0, -0.125006, -0.0, -1.0, 0.0, -0.002831, -0.0, -0.0, -1.0, -1.2e-05, 0.0, 0.0, 0.0, 1.0],
                        "children": [
                            {
                                "name": "Leg_L",
                                "transform": [1.0, 0.0, 1e-06, -0.0, -0.0, 1.0, 0.0, 0.37472, -1e-06, -0.0, 1.0, 0.0, 0.0, 0.0, 0.0, 1.0],
                                "children": []
                            },
                            {
                                "name": "Knee_L",
                                "transform": [1.0, 0.0, -0.0, -0.0, -0.0, 0.0, -1.0, 0.37472, -0.0, 1.0, 0.0, 0.0, 0.0, 0.0, 0.0, 1.0],
                                "children": []
                            }
                        ]
                    },
                    {
                        "name": "Torso",
                        "transform": [1.0, 0.0, 0.0, 0.0, 0.0, 1.0, 0.0, 0.05, 0.0, 0.0, 1.0, 0.0, 0.0, 0.0, 0.0, 1.0],
                        "children": [
                            {
                                "name": "Chest",
                                "transform": [1.0, 0.0, 0.0, 0.0, 0.0, 1.0, 0.0, 0.3, 0.0, 0.0, 1.0, 0.0, 0.0, 0.0, 0.0, 1.0],
                                "children": [
                                    {
                                        "name": "Head",
                                        "transform": [1.0, 0.0, 0.0, 0.0, 0.0, 1.0, 0.0, 0.4, 0.0, 0.0, 1.0, 0.0, 0.0, 0.0, 0.0, 1.0],
                                        "children": []
                                    },
                                    {
                                        "name": "Shoulder_R",
                                        "transform": [0.0, 0.952114, 0.305743, 0.0, 0.0, -0.305743, 0.952114, 0.4, 1.0, 0.0, -0.0, 0.0, 0.0, 0.0, 0.0, 1.0],
                                        "children": [
                                            {
                                                "name": "Arm_R",
                                                "transform": [0.0, -0.0, -1.0, -0.0, 0.952114, 0.305743, 0.0, 0.39386, 0.305743, -0.952114, 0.0, 0.0, 0.0, 0.0, 0.0, 1.0],
                                                "children": [
                                                    {
                                                        "name": "Hand_R",
                                                        "transform": [1.0, 0.0, 0.0, 0.0, -0.0, 0.993938, 0.109947, 0.3, -0.0, -0.109947, 0.993937, 0.0, 0.0, 0.0, 0.0, 1.0],
                                                        "children": [
                                                            {
                                                                "name": "Tool_R",
                                                                "transform": [1.0, 0.0, 0.0, -0.0, 0.0, -0.999836, 0.018122, 0.272858, 0.0, -0.018122, -0.999836, 0.0, 0.0, 0.0, 0.0, 1.0],
                                                                "children": []
                                                            }
                                                        ]
                                                    },
                                                    {
                                                        "name": "Elbow_R",
                                                        "transform": [-1.0, 0.0, -0.0, 0.0, 0.0, 0.0, -1.0, 0.3, -0.0, -1.0, -0.0, 0.0, 0.0, 0.0, 0.0, 1.0],
                                                        "children": []
                                                    }
                                                ]
                                            }
                                        ]
                                    },
                                    {
                                        "name": "Shoulder_L",
                                        "transform": [-0.0, -0.952114, -0.305743, 0.0, 0.0, -0.305743, 0.952114, 0.4, -1.0, 0.0, 0.0, 0.0, 0.0, 0.0, 0.0, 1.0],
                                        "children": [
                                            {
                                                "name": "Arm_L",
                                                "transform": [-0.0, -0.0, 1.0, -0.0, -0.952114, 0.305743, -0.0, 0.39386, -0.305743, -0.952114, -0.0, 0.0, 0.0, 0.0, 0.0, 1.0],
                                                "children": [
                                                    {
                                                        "name": "Hand_L",
                                                        "transform": [1.0, -0.0, 0.0, -0.0, 0.0, 0.993937, 0.109947, 0.3, -0.0, -0.109947, 0.993937, 0.0, 0.0, 0.0, 0.0, 1.0],
                                                        "children": [
                                                            {
                                                                "name": "Tool_L",
                                                                "transform": [1.0, 0.0, 0.0, -0.0, -0.0, -0.999836, 0.018122, 0.272858, 0.0, -0.018122, -0.999836, -0.0, 0.0, 0.0, 0.0, 1.0],
                                                                "children": []
                                                            }
                                                        ]
                                                    },
                                                    {
                                                        "name": "Elbow_L",
                                                        "transform": [-1.0, 0.0, -0.0, -0.0, 0.0, -0.0, -1.0, 0.3, -0.0, -1.0, 0.0, 0.0, 0.0, 0.0, 0.0, 1.0],
                                                        "children": []
                                                    }
                                                ]
                                            }
                                        ]
                                    }
                                ]
                            }
                        ]
                    }
                ]
            }
        ]
    },
    "animation": [
        {
            "name": "Root",
            "time": [0.0, 0.0167, 0.0333, 0.05, 0.0667, 0.0833, 0.1, 0.1167, 0.1333, 0.15, 0.1667, 0.1833, 0.2, 0.2167, 0.2333, 0.25, 0.2667, 0.2833, 0.3, 0.3167, 0.3333, 0.35, 0.3667, 0.3833, 0.4, 0.4167, 0.4333, 0.45, 0.4667, 0.4833, 0.5, 0.5167, 0.5333, 0.55, 0.5667, 0.5833, 0.6, 0.6167, 0.6333, 0.65, 0.6667, 0.6833, 0.7, 0.7167, 0.7333, 0.75, 0.7667, 0.7833, 0.8, 0.8167, 0.8333, 0.85, 0.8667, 0.8833, 0.9, 0.9167, 0.9333, 0.95, 0.9667, 0.9833, 1.0, 1.0167, 1.0333, 1.05, 1.0667, 1.0833, 1.1, 1.1167, 1.1333, 1.15, 1.1667, 1.1833, 1.2],
            "transform": [
                [1.0, 0.0, 0.0, -5e-06, 0.0, 0.0, -1.0, 0.000946, 0.0, 1.0, 0.0, 0.763972, 0.0, 0.0, 0.0, 1.0],
                [1.0, 0.0, 0.0, -5e-06, 0.0, 0.0, -1.0, 0.000946, 0.0, 1.0, 0.0, 0.763972, 0.0, 0.0, 0.0, 1.0],
                [1.0, 0.0, 0.0, -5e-06, 0.0, 0.0, -1.0, 0.000946, 0.0, 1.0, 0.0, 0.763972, 0.0, 0.0, 0.0, 1.0],
                [1.0, 0.0, 0.0, -5e-06, 0.0, 0.0, -1.0, 0.000946, 0.0, 1.0, 0.0, 0.763972, 0.0, 0.0, 0.0, 1.0],
                [1.0, 0.0, 0.0, -5e-06, 0.0, 0.0, -1.0, 0.000946, 0.0, 1.0, 0.0, 0.763972, 0.0, 0.0, 0.0, 1.0],
                [1.0, 0.0, 0.0, -5e-06, 0.0, 0.0, -1.0, 0.000946, 0.0, 1.0, 0.0, 0.763972, 0.0, 0.0, 0.0, 1.0],
                [1.0, 0.0, 0.0, -5e-06, 0.0, 0.0, -1.0, 0.000946, 0.0, 1.0, 0.0, 0.763972, 0.0, 0.0, 0.0, 1.0],
                [1.0, 0.0, 0.0, -5e-06, 0.0, 0.0, -1.0, 0.000946, 0.0, 1.0, 0.0, 0.763972, 0.0, 0.0, 0.0, 1.0],
                [1.0, 0.0, 0.0, -5e-06, 0.0, 0.0, -1.0, 0.000946, 0.0, 1.0, 0.0, 0.763972, 0.0, 0.0, 0.0, 1.0],
                [1.0, 0.0, 0.0, -5e-06, 0.0, 0.0, -1.0, 0.000946, 0.0, 1.0, 0.0, 0.763972, 0.0, 0.0, 0.0, 1.0],
                [1.0, 0.0, 0.0, -5e-06, 0.0, 0.0, -1.0, 0.000946, 0.0, 1.0, 0.0, 0.763972, 0.0, 0.0, 0.0, 1.0],
                [1.0, 0.0, 0.0, -5e-06, 0.0, 0.0, -1.0, 0.000946, 0.0, 1.0, 0.0, 0.763972, 0.0, 0.0, 0.0, 1.0],
                [1.0, 0.0, 0.0, -5e-06, 0.0, 0.0, -1.0, 0.000946, 0.0, 1.0, 0.0, 0.763972, 0.0, 0.0, 0.0, 1.0],
                [1.0, 0.0, 0.0, -5e-06, 0.0, 0.0, -1.0, 0.000946, 0.0, 1.0, 0.0, 0.763972, 0.0, 0.0, 0.0, 1.0],
                [1.0, 0.0, 0.0, -5e-06, 0.0, 0.0, -1.0, 0.03866, 0.0, 1.0, 0.0, 0.763972, 0.0, 0.0, 0.0, 1.0],
                [1.0, 0.0, 0.0, -5e-06, 0.0, 0.0, -1.0, 0.139731, 0.0, 1.0, 0.0, 0.763972, 0.0, 0.0, 0.0, 1.0],
                [1.0, 0.0, 0.0, -5e-06, 0.0, 0.0, -1.0, 0.286058, 0.0, 1.0, 0.0, 0.763972, 0.0, 0.0, 0.0, 1.0],
                [1.0, 0.0, 0.0, -5e-06, 0.0, 0.0, -1.0, 0.459538, 0.0, 1.0, 0.0, 0.763972, 0.0, 0.0, 0.0, 1.0],
                [1.0, 0.0, 0.0, -5e-06, 0.0, 0.0, -1.0, 0.64207, 0.0, 1.0, 0.0, 0.763972, 0.0, 0.0, 0.0, 1.0],
                [1.0, 0.0, 0.0, -5e-06, 0.0, 0.0, -1.0, 0.81555, 0.0, 1.0, 0.0, 0.763972, 0.0, 0.0, 0.0, 1.0],
                [1.0, 0.0, 0.0, -5e-06, 0.0, 0.0, -1.0, 0.961877, 0.0, 1.0, 0.0, 0.763972, 0.0, 0.0, 0.0, 1.0],
                [1.0, 0.0, 0.0, -5e-06, 0.0, 0.0, -1.0, 1.062949, 0.0, 1.0, 0.0, 0.763972, 0.0, 0.0, 0.0, 1.0],
                [1.0, 0.0, 0.0, -5e-06, 0.0, 0.0, -1.0, 1.100662, 0.0, 1.0, 0.0, 0.763972, 0.0, 0.0, 0.0, 1.0],
                [1.0, 0.0, 0.0, -5e-06, 0.0, 0.0, -1.0, 1.100662, 0.0, 1.0, 0.0, 0.763972, 0.0, 0.0, 0.0, 1.0],
                [1.0, 0.0, 0.0, -5e-06, 0.0, 0.0, -1.0, 1.100662, 0.0, 1.0, 0.0, 0.763972, 0.0, 0.0, 0.0, 1.0],
                [1.0, 0.0, 0.0, -5e-06, 0.0, 0.0, -1.0, 1.100662, 0.0, 1.0, 0.0, 0.763972, 0.0, 0.0, 0.0, 1.0],
                [1.0, 0.0, 0.0, -5e-06, 0.0, 0.0, -1.0, 1.100662, 0.0, 1.0, 0.0, 0.763972, 0.0, 0.0, 0.0, 1.0],
                [1.0, 0.0, 0.0, -5e-06, 0.0, 0.0, -1.0, 1.100662, 0.0, 1.0, 0.0, 0.763972, 0.0, 0.0, 0.0, 1.0],
                [1.0, 0.0, 0.0, -5e-06, 0.0, 0.0, -1.0, 1.100662, 0.0, 1.0, 0.0, 0.763972, 0.0, 0.0, 0.0, 1.0],
                [1.0, 0.0, 0.0, -5e-06, 0.0, 0.0, -1.0, 1.100662, 0.0, 1.0, 0.0, 0.763972, 0.0, 0.0, 0.0, 1.0],
                [1.0, 0.0, 0.0, -5e-06, 0.0, 0.0, -1.0, 1.100662, 0.0, 1.0, 0.0, 0.763972, 0.0, 0.0, 0.0, 1.0],
                [1.0, 0.0, 0.0, -5e-06, 0.0, 0.0, -1.0, 1.100662, 0.0, 1.0, 0.0, 0.763972, 0.0, 0.0, 0.0, 1.0],
                [1.0, 0.0, 0.0, -5e-06, 0.0, 0.0, -1.0, 1.100662, 0.0, 1.0, 0.0, 0.763972, 0.0, 0.0, 0.0, 1.0],
                [1.0, 0.0, 0.0, -5e-06, 0.0, 0.0, -1.0, 1.100662, 0.0, 1.0, 0.0, 0.763972, 0.0, 0.0, 0.0, 1.0],
                [1.0, 0.0, 0.0, -5e-06, 0.0, 0.0, -1.0, 1.100662, 0.0, 1.0, 0.0, 0.763972, 0.0, 0.0, 0.0, 1.0],
                [1.0, 0.0, 0.0, -5e-06, 0.0, 0.0, -1.0, 1.100662, 0.0, 1.0, 0.0, 0.763972, 0.0, 0.0, 0.0, 1.0],
                [1.0, 0.0, 0.0, -5e-06, 0.0, 0.0, -1.0, 1.100662, 0.0, 1.0, 0.0, 0.763972, 0.0, 0.0, 0.0, 1.0],
                [1.0, 0.0, 0.0, -5e-06, 0.0, 0.0, -1.0, 1.100662, 0.0, 1.0, 0.0, 0.763972, 0.0, 0.0, 0.0, 1.0],
                [1.0, 0.0, 0.0, -5e-06, 0.0, 0.0, -1.0, 1.100662, 0.0, 1.0, 0.0, 0.763972, 0.0, 0.0, 0.0, 1.0],
                [1.0, 0.0, 0.0, -5e-06, 0.0, 0.0, -1.0, 1.100662, 0.0, 1.0, 0.0, 0.763972, 0.0, 0.0, 0.0, 1.0],
                [1.0, 0.0, 0.0, -5e-06, 0.0, 0.0, -1.0, 1.100662, 0.0, 1.0, 0.0, 0.763972, 0.0, 0.0, 0.0, 1.0],
                [1.0, 0.0, 0.0, -5e-06, 0.0, 0.0, -1.0, 1.100662, 0.0, 1.0, 0.0, 0.763972, 0.0, 0.0, 0.0, 1.0],
                [1.0, 0.0, 0.0, -5e-06, 0.0, 0.0, -1.0, 1.100662, 0.0, 1.0, 0.0, 0.763972, 0.0, 0.0, 0.0, 1.0],
                [1.0, 0.0, 0.0, -5e-06, 0.0, 0.0, -1.0, 1.100662, 0.0, 1.0, 0.0, 0.763972, 0.0, 0.0, 0.0, 1.0],
                [1.0, 0.0, 0.0, -5e-06, 0.0, 0.0, -1.0, 1.100662, 0.0, 1.0, 0.0, 0.763972, 0.0, 0.0, 0.0, 1.0],
                [1.0, 0.0, 0.0, -5e-06, 0.0, 0.0, -1.0, 1.100662, 0.0, 1.0, 0.0, 0.763972, 0.0, 0.0, 0.0, 1.0],
                [1.0, 0.0, 0.0, -5e-06, 0.0, 0.0, -1.0, 1.100662, 0.0, 1.0, 0.0, 0.763972, 0.0, 0.0, 0.0, 1.0],
                [1.0, 0.0, 0.0, -5e-06, 0.0, 0.0, -1.0, 1.100662, 0.0, 1.0, 0.0, 0.763972, 0.0, 0.0, 0.0, 1.0],
                [1.0, 0.0, 0.0, -5e-06, 0.0, 0.0, -1.0, 1.100662, 0.0, 1.0, 0.0, 0.763972, 0.0, 0.0, 0.0, 1.0],
                [1.0, 0.0, 0.0, -5e-06, 0.0, 0.0, -1.0, 1.100662, 0.0, 1.0, 0.0, 0.763972, 0.0, 0.0, 0.0, 1.0],
                [1.0, 0.0, 0.0, -5e-06, 0.0, 0.0, -1.0, 1.100662, 0.0, 1.0, 0.0, 0.763972, 0.0, 0.0, 0.0, 1.0],
                [1.0, 0.0, 0.0, -5e-06, 0.0, 0.0, -1.0, 1.100662, 0.0, 1.0, 0.0, 0.763972, 0.0, 0.0, 0.0, 1.0],
                [1.0, 0.0, 0.0, -5e-06, 0.0, 0.0, -1.0, 1.100662, 0.0, 1.0, 0.0, 0.763972, 0.0, 0.0, 0.0, 1.0],
                [1.0, 0.0, 0.0, -5e-06, 0.0, 0.0, -1.0, 1.100662, 0.0, 1.0, 0.0, 0.763972, 0.0, 0.0, 0.0, 1.0],
                [1.0, 0.0, 0.0, -5e-06, 0.0, 0.0, -1.0, 1.100662, 0.0, 1.0, 0.0, 0.763972, 0.0, 0.0, 0.0, 1.0],
                [1.0, 0.0, 0.0, -5e-06, 0.0, 0.0, -1.0, 1.100662, 0.0, 1.0, 0.0, 0.763972, 0.0, 0.0, 0.0, 1.0],
                [1.0, 0.0, 0.0, -5e-06, 0.0, 0.0, -1.0, 1.100662, 0.0, 1.0, 0.0, 0.763972, 0.0, 0.0, 0.0, 1.0],
                [1.0, 0.0, 0.0, -5e-06, 0.0, 0.0, -1.0, 1.098246, 0.0, 1.0, 0.0, 0.763972, 0.0, 0.0, 0.0, 1.0],
                [1.0, 0.0, 0.0, -5e-06, 0.0, 0.0, -1.0, 1.091419, 0.0, 1.0, 0.0, 0.763972, 0.0, 0.0, 0.0, 1.0],
                [1.0, 0.0, 0.0, -5e-06, 0.0, 0.0, -1.0, 1.08081, 0.0, 1.0, 0.0, 0.763972, 0.0, 0.0, 0.0, 1.0],
                [1.0, 0.0, 0.0, -5e-06, 0.0, 0.0, -1.0, 1.067051, 0.0, 1.0, 0.0, 0.763972, 0.0, 0.0, 0.0, 1.0],
                [1.0, 0.0, 0.0, -5e-06, 0.0, 0.0, -1.0, 1.050771, 0.0, 1.0, 0.0, 0.763972, 0.0, 0.0, 0.0, 1.0],
                [1.0, 0.0, 0.0, -5e-06, 0.0, 0.0, -1.0, 1.0326, 0.0, 1.0, 0.0, 0.763972, 0.0, 0.0, 0.0, 1.0],
                [1.0, 0.0, 0.0, -5e-06, 0.0, 0.0, -1.0, 1.013169, 0.0, 1.0, 0.0, 0.763972, 0.0, 0.0, 0.0, 1.0],
                [1.0, 0.0, 0.0, -5e-06, 0.0, 0.0, -1.0, 0.993108, 0.0, 1.0, 0.0, 0.763972, 0.0, 0.0, 0.0, 1.0],
                [1.0, 0.0, 0.0, -5e-06, 0.0, 0.0, -1.0, 0.973047, 0.0, 1.0, 0.0, 0.763972, 0.0, 0.0, 0.0, 1.0],
                [1.0, 0.0, 0.0, -5e-06, 0.0, 0.0, -1.0, 0.953616, 0.0, 1.0, 0.0, 0.763972, 0.0, 0.0, 0.0, 1.0],
                [1.0, 0.0, 0.0, -5e-06, 0.0, 0.0, -1.0, 0.935445, 0.0, 1.0, 0.0, 0.763972, 0.0, 0.0, 0.0, 1.0],
                [1.0, 0.0, 0.0, -5e-06, 0.0, 0.0, -1.0, 0.919165, 0.0, 1.0, 0.0, 0.763972, 0.0, 0.0, 0.0, 1.0],
                [1.0, 0.0, 0.0, -5e-06, 0.0, 0.0, -1.0, 0.905406, 0.0, 1.0, 0.0, 0.763972, 0.0, 0.0, 0.0, 1.0],
                [1.0, 0.0, 0.0, -5e-06, 0.0, 0.0, -1.0, 0.894797, 0.0, 1.0, 0.0, 0.763972, 0.0, 0.0, 0.0, 1.0],
                [1.0, 0.0, 0.0, -5e-06, 0.0, 0.0, -1.0, 0.88797, 0.0, 1.0, 0.0, 0.763972, 0.0, 0.0, 0.0, 1.0],
                [1.0, 0.0, 0.0, -5e-06, 0.0, 0.0, -1.0, 0.885555, 0.0, 1.0, 0.0, 0.763972, 0.0, 0.0, 0.0, 1.0]
            ]
        },
        {
            "name": "Thigh_R",
            "time": [0.0, 0.0167, 0.0333, 0.05, 0.0667, 0.0833, 0.1, 0.1167, 0.1333, 0.15, 0.1667, 0.1833, 0.2, 0.2167, 0.2333, 0.25, 0.2667, 0.2833, 0.3, 0.3167, 0.3333, 0.35, 0.3667, 0.3833, 0.4, 0.4167, 0.4333, 0.45, 0.4667, 0.4833, 0.5, 0.5167, 0.5333, 0.55, 0.5667, 0.5833, 0.6, 0.6167, 0.6333, 0.65, 0.6667, 0.6833, 0.7, 0.7167, 0.7333, 0.75, 0.7667, 0.7833, 0.8, 0.8167, 0.8333, 0.85, 0.8667, 0.8833, 0.9, 0.9167, 0.9333, 0.95, 0.9667, 0.9833, 1.0, 1.0167, 1.0333, 1.05, 1.0667, 1.0833, 1.1, 1.1167, 1.1333, 1.15, 1.1667, 1.1833, 1.2],
            "transform": [
                [0.996195, 0.081899, -0.029809, 0.124994, 0.084186, -0.815698, 0.572319, -0.005666, 0.022557, -0.572651, -0.819489, 0.032399, 0.0, 0.0, 0.0, 1.0],
                [0.996195, 0.081899, -0.029809, 0.124994, 0.084186, -0.815698, 0.572319, -0.005666, 0.022557, -0.572651, -0.819489, 0.032399, 0.0, 0.0, 0.0, 1.0],
                [0.996195, 0.081899, -0.029809, 0.124994, 0.084186, -0.815698, 0.572319, -0.005666, 0.022557, -0.572651, -0.819489, 0.032399, 0.0, 0.0, 0.0, 1.0],
                [0.996195, 0.081899, -0.029809, 0.124994, 0.084186, -0.815698, 0.572319, -0.005666, 0.022557, -0.572651, -0.819489, 0.032399, 0.0, 0.0, 0.0, 1.0],
                [0.996195, 0.081899, -0.029809, 0.124994, 0.084186, -0.815698, 0.572319, -0.005666, 0.022557, -0.572651, -0.819489, 0.032399, 0.0, 0.0, 0.0, 1.0],
                [0.996195, 0.081899, -0.029809, 0.124994, 0.084186, -0.815698, 0.572319, -0.005666, 0.022557, -0.572651, -0.819489, 0.032399, 0.0, 0.0, 0.0, 1.0],
                [0.996195, 0.081899, -0.029809, 0.124994, 0.084186, -0.815698, 0.572319, -0.005666, 0.022557, -0.572651, -0.819489, 0.032399, 0.0, 0.0, 0.0, 1.0],
                [0.996195, 0.081899, -0.029809, 0.124994, 0.084186, -0.815698, 0.572319, -0.005666, 0.022557, -0.572651, -0.819489, 0.032399, 0.0, 0.0, 0.0, 1.0],
                [0.996195, 0.081899, -0.029809, 0.124994, 0.084186, -0.815698, 0.572319, -0.005666, 0.022557, -0.572651, -0.819489, 0.032399, 0.0, 0.0, 0.0, 1.0],
                [0.996195, 0.081899, -0.029809, 0.124994, 0.084186, -0.815698, 0.572319, -0.005666, 0.022557, -0.572651, -0.819489, 0.032399, 0.0, 0.0, 0.0, 1.0],
                [0.996195, 0.081899, -0.029809, 0.124994, 0.084186, -0.815698, 0.572319, -0.005666, 0.022557, -0.572651, -0.819489, 0.032399, 0.0, 0.0, 0.0, 1.0],
                [0.996195, 0.081899, -0.029809, 0.124994, 0.084186, -0.815698, 0.572319, -0.005666, 0.022557, -0.572651, -0.819489, 0.032399, 0.0, 0.0, 0.0, 1.0],
                [0.996195, 0.081899, -0.029809, 0.124994, 0.084186, -0.815698, 0.572319, -0.005666, 0.022557, -0.572651, -0.819489, 0.032399, 0.0, 0.0, 0.0, 1.0],
                [0.996195, 0.081899, -0.029809, 0.124994, 0.084186, -0.815698, 0.572319, -0.005666, 0.022557, -0.572651, -0.819489, 0.032399, 0.0, 0.0, 0.0, 1.0],
                [0.996195, 0.082731, -0.027415, 0.124994, 0.084186, -0.831992, 0.548362, -0.005666, 0.022557, -0.548584, -0.835791, 0.032399, 0.0, 0.0, 0.0, 1.0],
                [0.996195, 0.084632, -0.020821, 0.124994, 0.084186, -0.872559, 0.4812, -0.005666, 0.022557, -0.481121, -0.876364, 0.032399, 0.0, 0.0, 0.0, 1.0],
                [0.996195, 0.086471, -0.010902, 0.124994, 0.084186, -0.922319, 0.377148, -0.005666, 0.022557, -0.376631, -0.926089, 0.032399, 0.0, 0.0, 0.0, 1.0],
                [0.996195, 0.087147, 0.001194, 0.124994, 0.084186, -0.965707, 0.245607, -0.005666, 0.022557, -0.244572, -0.969369, 0.032399, 0.0, 0.0, 0.0, 1.0],
                [0.996195, 0.086031, 0.013957, 0.124994, 0.084186, -0.991278, 0.101389, -0.005666, 0.022557, -0.099829, -0.994749, 0.032399, 0.0, 0.0, 0.0, 1.0],
                [0.996195, 0.083264, 0.025752, 0.124994, 0.084186, -0.995761, -0.03705, -0.005666, 0.022557, 0.039077, -0.998982, 0.032399, 0.0, 0.0, 0.0, 1.0],
                [0.996195, 0.079731, 0.035201, 0.124994, 0.084186, -0.984809, -0.151866, -0.005666, 0.022557, 0.154252, -0.987774, 0.032399, 0.0, 0.0, 0.0, 1.0],
                [0.996195, 0.076714, 0.041365, 0.124994, 0.084186, -0.969807, -0.228882, -0.005666, 0.022557, 0.231494, -0.972575, 0.032399, 0.0, 0.0, 0.0, 1.0],
                [0.996195, 0.075479, 0.043578, 0.124994, 0.084186, -0.962743, -0.256981, -0.005666, 0.022557, 0.259672, -0.965433, 0.032399, 0.0, 0.0, 0.0, 1.0],
                [0.996195, 0.075479, 0.043578, 0.124994, 0.084186, -0.962743, -0.256981, -0.005666, 0.022557, 0.259672, -0.965433, 0.032399, 0.0, 0.0, 0.0, 1.0],
                [0.996195, 0.075479, 0.043578, 0.124994, 0.084186, -0.962743, -0.256981, -0.005666, 0.022557, 0.259672, -0.965433, 0.032399, 0.0, 0.0, 0.0, 1.0],
                [0.996195, 0.075479, 0.043578, 0.124994, 0.084186, -0.962743, -0.256981, -0.005666, 0.022557, 0.259672, -0.965433, 0.032399, 0.0, 0.0, 0.0, 1.0],
                [0.996195, 0.075479, 0.043578, 0.124994, 0.084186, -0.962743, -0.256981, -0.005666, 0.022557, 0.259672, -0.965433, 0.032399, 0.0, 0.0, 0.0, 1.0],
                [0.996195, 0.075479, 0.043578, 0.124994, 0.084186, -0.962743, -0.256981, -0.005666, 0.022557, 0.259672, -0.965433, 0.032399, 0.0, 0.0, 0.0, 1.0],
                [0.996195, 0.075479, 0.043578, 0.124994, 0.084186, -0.962743, -0.256981, -0.005666, 0.022557, 0.259672, -0.965433, 0.032399, 0.0, 0.0, 0.0, 1.0],
                [0.996195, 0.075479, 0.043578, 0.124994, 0.084186, -0.962743, -0.256981, -0.005666, 0.022557, 0.259672, -0.965433, 0.032399, 0.0, 0.0, 0.0, 1.0],
                [0.996195, 0.075479, 0.043578, 0.124994, 0.084186, -0.962743, -0.256981, -0.005666, 0.022557, 0.259672, -0.965433, 0.032399, 0.0, 0.0, 0.0, 1.0],
                [0.996195, 0.075479, 0.043578, 0.124994, 0.084186, -0.962743, -0.256981, -0.005666, 0.022557, 0.259672, -0.965433, 0.032399, 0.0, 0.0, 0.0, 1.0],
                [0.996195, 0.075479, 0.043578, 0.124994, 0.084186, -0.962743, -0.256981, -0.005666, 0.022557, 0.259672, -0.965433, 0.032399, 0.0, 0.0, 0.0, 1.0],
                [0.996195, 0.075479, 0.043578, 0.124994, 0.084186, -0.962743, -0.256981, -0.005666, 0.022557, 0.259672, -0.965433, 0.032399, 0.0, 0.0, 0.0, 1.0],
                [0.996195, 0.075479, 0.043578, 0.124994, 0.084186, -0.962743, -0.256981, -0.005666, 0.022557, 0.259672, -0.965433, 0.032399, 0.0, 0.0, 0.0, 1.0],
                [0.996195, 0.075479, 0.043578, 0.124994, 0.084186, -0.962743, -0.256981, -0.005666, 0.022557, 0.259672, -0.965433, 0.032399, 0.0, 0.0, 0.0, 1.0],
                [0.996195, 0.075479, 0.043578, 0.124994, 0.084186, -0.962743, -0.256981, -0.005666, 0.022557, 0.259672, -0.965433, 0.032399, 0.0, 0.0, 0.0, 1.0],
                [0.996195, 0.075479, 0.043578, 0.124994, 0.084186, -0.962743, -0.256981, -0.005666, 0.022557, 0.259672, -0.965433, 0.032399, 0.0, 0.0, 0.0, 1.0],
                [0.996195, 0.075479, 0.043578, 0.124994, 0.084186, -0.962743, -0.256981, -0.005666, 0.022557, 0.259672, -0.965433, 0.032399, 0.0, 0.0, 0.0, 1.0],
                [0.996195, 0.075479, 0.043578, 0.124994, 0.084186, -0.962743, -0.256981, -0.005666, 0.022557, 0.259672, -0.965433, 0.032399, 0.0, 0.0, 0.0, 1.0],
                [0.996195, 0.075479, 0.043578, 0.124994, 0.084186, -0.962743, -0.256981, -0.005666, 0.022557, 0.259672, -0.965433, 0.032399, 0.0, 0.0, 0.0, 1.0],
                [0.996195, 0.075479, 0.043578, 0.124994, 0.084186, -0.962743, -0.256981, -0.005666, 0.022557, 0.259672, -0.965433, 0.032399, 0.0, 0.0, 0.0, 1.0],
                [0.996195, 0.075479, 0.043578, 0.124994, 0.084186, -0.962743, -0.256981, -0.005666, 0.022557, 0.259672, -0.965433, 0.032399, 0.0, 0.0, 0.0, 1.0],
                [0.996195, 0.075479, 0.043578, 0.124994, 0.084186, -0.962743, -0.256981, -0.005666, 0.022557, 0.259672, -0.965433, 0.032399, 0.0, 0.0, 0.0, 1.0],
                [0.996195, 0.075479, 0.043578, 0.124994, 0.084186, -0.962743, -0.256981, -0.005666, 0.022557, 0.259672, -0.965433, 0.032399, 0.0, 0.0, 0.0, 1.0],
                [0.996195, 0.075479, 0.043578, 0.124994, 0.084186, -0.962743, -0.256981, -0.005666, 0.022557, 0.259672, -0.965433, 0.032399, 0.0, 0.0, 0.0, 1.0],
                [0.996195, 0.075479, 0.043578, 0.124994, 0.084186, -0.962743, -0.256981, -0.005666, 0.022557, 0.259672, -0.965433, 0.032399, 0.0, 0.0, 0.0, 1.0],
                [0.996195, 0.075479, 0.043578, 0.124994, 0.084186, -0.962743, -0.256981, -0.005666, 0.022557, 0.259672, -0.965433, 0.032399, 0.0, 0.0, 0.0, 1.0],
                [0.996195, 0.075479, 0.043578, 0.124994, 0.084186, -0.962743, -0.256981, -0.005666, 0.022557, 0.259672, -0.965433, 0.032399, 0.0, 0.0, 0.0, 1.0],
                [0.996195, 0.075479, 0.043578, 0.124994, 0.084186, -0.962743, -0.256981, -0.005666, 0.022557, 0.259672, -0.965433, 0.032399, 0.0, 0.0, 0.0, 1.0],
                [0.996195, 0.075479, 0.043578, 0.124994, 0.084186, -0.962743, -0.256981, -0.005666, 0.022557, 0.259672, -0.965433, 0.032399, 0.0, 0.0, 0.0, 1.0],
                [0.996195, 0.075479, 0.043578, 0.124994, 0.084186, -0.962743, -0.256981, -0.005666, 0.022557, 0.259672, -0.965433, 0.032399, 0.0, 0.0, 0.0, 1.0],
                [0.996195, 0.075479, 0.043578, 0.124994, 0.084186, -0.962743, -0.256981, -0.005666, 0.022557, 0.259672, -0.965433, 0.032399, 0.0, 0.0, 0.0, 1.0],
                [0.996195, 0.075479, 0.043578, 0.124994, 0.084186, -0.962743, -0.256981, -0.005666, 0.022557, 0.259672, -0.965433, 0.032399, 0.0, 0.0, 0.0, 1.0],
                [0.996195, 0.075479, 0.043578, 0.124994, 0.084186, -0.962743, -0.256981, -0.005666, 0.022557, 0.259672, -0.965433, 0.032399, 0.0, 0.0, 0.0, 1.0],
                [0.996195, 0.075479, 0.043578, 0.124994, 0.084186, -0.962743, -0.256981, -0.005666, 0.022557, 0.259672, -0.965433, 0.032399, 0.0, 0.0, 0.0, 1.0],
                [0.996195, 0.075479, 0.043578, 0.124994, 0.084186, -0.962743, -0.256981, -0.005666, 0.022557, 0.259672, -0.965433, 0.032399, 0.0, 0.0, 0.0, 1.0],
                [0.996195, 0.075479, 0.043578, 0.124994, 0.084186, -0.962743, -0.256981, -0.005666, 0.022557, 0.259672, -0.965433, 0.032399, 0.0, 0.0, 0.0, 1.0],
                [0.996195, 0.075765, 0.043079, 0.124994, 0.084186, -0.964417, -0.250623, -0.005666, 0.022557, 0.253296, -0.967126, 0.032399, 0.0, 0.0, 0.0, 1.0],
                [0.996195, 0.076553, 0.041662, 0.124994, 0.084186, -0.968911, -0.232647, -0.005666, 0.022557, 0.235269, -0.971669, 0.032399, 0.0, 0.0, 0.0, 1.0],
                [0.996195, 0.077721, 0.039439, 0.124994, 0.084186, -0.975212, -0.204631, -0.005666, 0.022557, 0.207173, -0.978044, 0.032399, 0.0, 0.0, 0.0, 1.0],
                [0.996195, 0.079137, 0.036516, 0.124994, 0.084186, -0.982159, -0.168154, -0.005666, 0.022557, 0.170588, -0.985084, 0.032399, 0.0, 0.0, 0.0, 1.0],
                [0.996195, 0.080663, 0.033007, 0.124994, 0.084186, -0.988594, -0.124877, -0.005666, 0.022557, 0.12718, -0.991623, 0.032399, 0.0, 0.0, 0.0, 1.0],
                [0.996195, 0.082175, 0.02904, 0.124994, 0.084186, -0.993502, -0.076595, -0.005666, 0.022557, 0.078748, -0.996639, 0.032399, 0.0, 0.0, 0.0, 1.0],
                [0.996195, 0.083563, 0.024763, 0.124994, 0.084185, -0.99613, -0.025242, -0.005666, 0.022557, 0.027231, -0.999375, 0.032399, 0.0, 0.0, 0.0, 1.0],
                [0.996195, 0.084749, 0.020337, 0.124994, 0.084186, -0.99608, 0.027145, -0.005666, 0.022557, -0.02533, -0.999425, 0.032399, 0.0, 0.0, 0.0, 1.0],
                [0.996195, 0.085686, 0.015938, 0.124994, 0.084185, -0.993354, 0.078492, -0.005666, 0.022557, -0.076852, -0.996787, 0.032399, 0.0, 0.0, 0.0, 1.0],
                [0.996195, 0.08636, 0.011747, 0.124994, 0.084185, -0.988354, 0.126765, -0.005666, 0.022557, -0.125294, -0.991863, 0.032399, 0.0, 0.0, 0.0, 1.0],
                [0.996195, 0.086792, 0.007944, 0.124994, 0.084185, -0.981836, 0.170029, -0.005666, 0.022557, -0.168714, -0.985407, 0.032399, 0.0, 0.0, 0.0, 1.0],
                [0.996195, 0.087028, 0.004705, 0.124994, 0.084185, -0.974819, 0.206493, -0.005666, 0.022557, -0.205312, -0.978437, 0.032399, 0.0, 0.0, 0.0, 1.0],
                [0.996195, 0.087128, 0.002196, 0.124994, 0.084185, -0.968465, 0.234497, -0.005666, 0.022557, -0.23342, -0.972114, 0.032399, 0.0, 0.0, 0.0, 1.0],
                [0.996195, 0.087153, 0.000575, 0.124994, 0.084185, -0.963937, 0.252465, -0.005666, 0.022557, -0.251456, -0.967606, 0.032399, 0.0, 0.0, 0.0, 1.0],
                [0.996195, 0.087155, -0.0, 0.124994, 0.084185, -0.96225, 0.258819, -0.005666, 0.022557, -0.257834, -0.965926, 0.032399, 0.0, 0.0, 0.0, 1.0]
            ]
        },
        {
            "name": "Leg_R",
            "time": [0.0, 0.0167, 0.0333, 0.05, 0.0667, 0.0833, 0.1, 0.1167, 0.1333, 0.15, 0.1667, 0.1833, 0.2, 0.2167, 0.2333, 0.25, 0.2667, 0.2833, 0.3, 0.3167, 0.3333, 0.35, 0.3667, 0.3833, 0.4, 0.4167, 0.4333, 0.45, 0.4667, 0.4833, 0.5, 0.5167, 0.5333, 0.55, 0.5667, 0.5833, 0.6, 0.6167, 0.6333, 0.65, 0.6667, 0.6833, 0.7, 0.7167, 0.7333, 0.75, 0.7667, 0.7833, 0.8, 0.8167, 0.8333, 0.85, 0.8667, 0.8833, 0.9, 0.9167, 0.9333, 0.95, 0.9667, 0.9833, 1.0, 1.0167, 1.0333, 1.05, 1.0667, 1.0833, 1.1, 1.1167, 1.1333, 1.15, 1.1667, 1.1833, 1.2],
            "transform": [
                [0.933031, -0.109058, 0.342869, -0.0, -0.049991, 0.904418, 0.42371, 0.37472, -0.356306, -0.412475, 0.838398, -0.0, 0.0, 0.0, 0.0, 1.0],
                [0.933031, -0.109058, 0.342869, -0.0, -0.049991, 0.904418, 0.42371, 0.37472, -0.356306, -0.412475, 0.838398, -0.0, 0.0, 0.0, 0.0, 1.0],
                [0.933031, -0.109058, 0.342869, -0.0, -0.049991, 0.904418, 0.42371, 0.37472, -0.356306, -0.412475, 0.838398, -0.0, 0.0, 0.0, 0.0, 1.0],
                [0.933031, -0.109058, 0.342869, -0.0, -0.049991, 0.904418, 0.42371, 0.37472, -0.356306, -0.412475, 0.838398, -0.0, 0.0, 0.0, 0.0, 1.0],
                [0.933031, -0.109058, 0.342869, -0.0, -0.049991, 0.904418, 0.42371, 0.37472, -0.356306, -0.412475, 0.838398, -0.0, 0.0, 0.0, 0.0, 1.0],
                [0.933031, -0.109058, 0.342869, -0.0, -0.049991, 0.904418, 0.42371, 0.37472, -0.356306, -0.412475, 0.838398, -0.0, 0.0, 0.0, 0.0, 1.0],
                [0.933031, -0.109058, 0.342869, -0.0, -0.049991, 0.904418, 0.42371, 0.37472, -0.356306, -0.412475, 0.838398, -0.0, 0.0, 0.0, 0.0, 1.0],
                [0.933031, -0.109058, 0.342869, -0.0, -0.049991, 0.904418, 0.42371, 0.37472, -0.356306, -0.412475, 0.838398, -0.0, 0.0, 0.0, 0.0, 1.0],
                [0.933031, -0.109058, 0.342869, -0.0, -0.049991, 0.904418, 0.42371, 0.37472, -0.356306, -0.412475, 0.838398, -0.0, 0.0, 0.0, 0.0, 1.0],
                [0.933031, -0.109058, 0.342869, -0.0, -0.049991, 0.904418, 0.42371, 0.37472, -0.356306, -0.412475, 0.838398, -0.0, 0.0, 0.0, 0.0, 1.0],
                [0.933031, -0.109058, 0.342869, -0.0, -0.049991, 0.904418, 0.42371, 0.37472, -0.356306, -0.412475, 0.838398, -0.0, 0.0, 0.0, 0.0, 1.0],
                [0.933031, -0.109058, 0.342869, -0.0, -0.049991, 0.904418, 0.42371, 0.37472, -0.356306, -0.412475, 0.838398, -0.0, 0.0, 0.0, 0.0, 1.0],
                [0.933031, -0.109058, 0.342869, -0.0, -0.049991, 0.904418, 0.42371, 0.37472, -0.356306, -0.412475, 0.838398, -0.0, 0.0, 0.0, 0.0, 1.0],
                [0.933031, -0.109058, 0.342869, -0.0, -0.049991, 0.904418, 0.42371, 0.37472, -0.356306, -0.412475, 0.838398, -0.0, 0.0, 0.0, 0.0, 1.0],
                [0.933031, -0.109109, 0.342853, 0.0, -0.049991, 0.904355, 0.423844, 0.37472, -0.356306, -0.412599, 0.838336, 0.0, 0.0, 0.0, 0.0, 1.0],
                [0.933031, -0.109259, 0.342805, 0.0, -0.049991, 0.904168, 0.424241, 0.37472, -0.356306, -0.412967, 0.838155, -0.0, 0.0, 0.0, 0.0, 1.0],
                [0.933031, -0.109506, 0.342727, -0.0, -0.049991, 0.903863, 0.424891, 0.37472, -0.356306, -0.413569, 0.837858, 0.0, 0.0, 0.0, 0.0, 1.0],
                [0.933031, -0.109845, 0.342618, -0.0, -0.049991, 0.903443, 0.425784, 0.37472, -0.356306, -0.414398, 0.837449, -0.0, 0.0, 0.0, 0.0, 1.0],
                [0.933031, -0.110272, 0.342481, -0.0, -0.049991, 0.90291, 0.426912, 0.37472, -0.356306, -0.415443, 0.836931, -0.0, 0.0, 0.0, 0.0, 1.0],
                [0.933031, -0.110785, 0.342315, -0.0, -0.049991, 0.90227, 0.428264, 0.37472, -0.356306, -0.416697, 0.836307, -0.0, 0.0, 0.0, 0.0, 1.0],
                [0.933031, -0.11138, 0.342122, 0.0, -0.049991, 0.901524, 0.429832, 0.37472, -0.356306, -0.418149, 0.835582, -0.0, 0.0, 0.0, 0.0, 1.0],
                [0.933031, -0.112053, 0.341902, -0.0, -0.049991, 0.900677, 0.431604, 0.37472, -0.356306, -0.419792, 0.834758, -0.0, 0.0, 0.0, 0.0, 1.0],
                [0.933031, -0.1128, 0.341657, -0.0, -0.049991, 0.899731, 0.433572, 0.37472, -0.356306, -0.421616, 0.833838, -0.0, 0.0, 0.0, 0.0, 1.0],
                [0.933031, -0.113618, 0.341385, -0.0, -0.049991, 0.89869, 0.435726, 0.37472, -0.356306, -0.423612, 0.832826, -0.0, 0.0, 0.0, 0.0, 1.0],
                [0.933031, -0.114503, 0.341089, -0.0, -0.049991, 0.897556, 0.438056, 0.37472, -0.356306, -0.425772, 0.831724, -0.0, 0.0, 0.0, 0.0, 1.0],
                [0.933031, -0.115452, 0.340769, -0.0, -0.049991, 0.896334, 0.440553, 0.37472, -0.356306, -0.428085, 0.830536, -0.0, 0.0, 0.0, 0.0, 1.0],
                [0.933031, -0.116461, 0.340426, -0.0, -0.049991, 0.895025, 0.443206, 0.37472, -0.356306, -0.430543, 0.829264, -0.0, 0.0, 0.0, 0.0, 1.0],
                [0.933031, -0.117526, 0.34006, -0.0, -0.049991, 0.893633, 0.446005, 0.37472, -0.356306, -0.433137, 0.827912, -0.0, 0.0, 0.0, 0.0, 1.0],
                [0.933031, -0.118644, 0.339671, -0.0, -0.049991, 0.892161, 0.448942, 0.37472, -0.356306, -0.435857, 0.826483, -0.0, 0.0, 0.0, 0.0, 1.0],
                [0.933031, -0.119811, 0.339262, -0.0, -0.049991, 0.890613, 0.452005, 0.37472, -0.356306, -0.438695, 0.82498, -0.0, 0.0, 0.0, 0.0, 1.0],
                [0.933031, -0.121023, 0.338831, -0.0, -0.049991, 0.888992, 0.455186, 0.37472, -0.356306, -0.441641, 0.823407, -0.0, 0.0, 0.0, 0.0, 1.0],
                [0.933031, -0.122276, 0.338381, -0.0, -0.049991, 0.8873, 0.458475, 0.37472, -0.356306, -0.444687, 0.821766, -0.0, 0.0, 0.0, 0.0, 1.0],
                [0.933031, -0.123568, 0.337911, -0.0, -0.049991, 0.885542, 0.461861, 0.37472, -0.356306, -0.447823, 0.820061, -0.0, 0.0, 0.0, 0.0, 1.0],
                [0.933031, -0.124894, 0.337423, -0.0, -0.049991, 0.883721, 0.465335, 0.37472, -0.356306, -0.451041, 0.818296, -0.0, 0.0, 0.0, 0.0, 1.0],
                [0.933031, -0.126251, 0.336918, -0.0, -0.049991, 0.881841, 0.468889, 0.37472, -0.356306, -0.45433, 0.816474, -0.0, 0.0, 0.0, 0.0, 1.0],
                [0.933031, -0.127636, 0.336396, -0.0, -0.049991, 0.879906, 0.472511, 0.37472, -0.356306, -0.457684, 0.814599, -0.0, 0.0, 0.0, 0.0, 1.0],
                [0.933031, -0.129044, 0.335858, -0.0, -0.049991, 0.877919, 0.476192, 0.37472, -0.356306, -0.461092, 0.812675, -0.0, 0.0, 0.0, 0.0, 1.0],
                [0.933031, -0.130472, 0.335306, -0.0, -0.049991, 0.875885, 0.479924, 0.37472, -0.356306, -0.464546, 0.810705, -0.0, 0.0, 0.0, 0.0, 1.0],
                [0.933031, -0.131916, 0.334741, -0.0, -0.049991, 0.873807, 0.483696, 0.37472, -0.356306, -0.468037, 0.808695, -0.0, 0.0, 0.0, 0.0, 1.0],
                [0.933031, -0.133374, 0.334163, -0.0, -0.049991, 0.871691, 0.487499, 0.37472, -0.356306, -0.471557, 0.806648, -0.0, 0.0, 0.0, 0.0, 1.0],
                [0.933031, -0.13484, 0.333573, -0.0, -0.049991, 0.869541, 0.491324, 0.37472, -0.356306, -0.475096, 0.804568, -0.0, 0.0, 0.0, 0.0, 1.0],
                [0.933031, -0.136313, 0.332974, -0.0, -0.049991, 0.867361, 0.495162, 0.37472, -0.356306, -0.478647, 0.802461, -0.0, 0.0, 0.0, 0.0, 1.0],
                [0.933031, -0.137789, 0.332366, -0.0, -0.049991, 0.865157, 0.499003, 0.37472, -0.356306, -0.482201, 0.80033, -0.0, 0.0, 0.0, 0.0, 1.0],
                [0.933031, -0.139263, 0.331751, -0.0, -0.049991, 0.862933, 0.502839, 0.37472, -0.356306, -0.485749, 0.798181, -0.0, 0.0, 0.0, 0.0, 1.0],
                [0.933031, -0.140733, 0.331131, -0.0, -0.049991, 0.860695, 0.506661, 0.37472, -0.356306, -0.489284, 0.79602, -0.0, 0.0, 0.0, 0.0, 1.0],
                [0.933031, -0.142194, 0.330505, -0.0, -0.049991, 0.858447, 0.51046, 0.37472, -0.356306, -0.492797, 0.79385, -0.0, 0.0, 0.0, 0.0, 1.0],
                [0.933031, -0.143645, 0.329877, -0.0, -0.049991, 0.856196, 0.514226, 0.37472, -0.356306, -0.49628, 0.791677, -0.0, 0.0, 0.0, 0.0, 1.0],
                [0.933031, -0.145081, 0.329248, -0.0, -0.049991, 0.853947, 0.517952, 0.37472, -0.356306, -0.499725, 0.789507, -0.0, 0.0, 0.0, 0.0, 1.0],
                [0.933031, -0.1465, 0.32862, -0.0, -0.049991, 0.851706, 0.521629, 0.37472, -0.356306, -0.503125, 0.787345, -0.0, 0.0, 0.0, 0.0, 1.0],
                [0.933031, -0.147897, 0.327993, -0.0, -0.049991, 0.849479, 0.525249, 0.37472, -0.356306, -0.50647, 0.785197, -0.0, 0.0, 0.0, 0.0, 1.0],
                [0.933031, -0.149269, 0.327371, -0.0, -0.049991, 0.847271, 0.528803, 0.37472, -0.356306, -0.509755, 0.783068, -0.0, 0.0, 0.0, 0.0, 1.0],
                [0.933031, -0.150614, 0.326754, -0.0, -0.049991, 0.84509, 0.532282, 0.37472, -0.356306, -0.512971, 0.780966, -0.0, 0.0, 0.0, 0.0, 1.0],
                [0.933031, -0.151928, 0.326146, -0.0, -0.049991, 0.842941, 0.535679, 0.37472, -0.356306, -0.51611, 0.778895, -0.0, 0.0, 0.0, 0.0, 1.0],
                [0.933031, -0.153208, 0.325546, -0.0, -0.049991, 0.84083, 0.538986, 0.37472, -0.356306, -0.519165, 0.776861, -0.0, 0.0, 0.0, 0.0, 1.0],
                [0.933031, -0.15445, 0.324959, -0.0, -0.049991, 0.838765, 0.542194, 0.37472, -0.356306, -0.522129, 0.774872, -0.0, 0.0, 0.0, 0.0, 1.0],
                [0.933031, -0.155652, 0.324385, -0.0, -0.049991, 0.836752, 0.545296, 0.37472, -0.356306, -0.524994, 0.772934, -0.0, 0.0, 0.0, 0.0, 1.0],
                [0.933031, -0.156811, 0.323826, -0.0, -0.049991, 0.834797, 0.548284, 0.37472, -0.356306, -0.527754, 0.771052, -0.0, 0.0, 0.0, 0.0, 1.0],
                [0.933031, -0.157923, 0.323285, -0.0, -0.049991, 0.832908, 0.551149, 0.37472, -0.356306, -0.530401, 0.769234, -0.0, 0.0, 0.0, 0.0, 1.0],
                [0.933031, -0.158985, 0.322764, 0.0, -0.049991, 0.831091, 0.553886, 0.37472, -0.356306, -0.532928, 0.767485, 0.0, 0.0, 0.0, 0.0, 1.0],
                [0.933031, -0.159995, 0.322265, 0.0, -0.049991, 0.829353, 0.556484, 0.37472, -0.356306, -0.535328, 0.765813, -0.0, 0.0, 0.0, 0.0, 1.0],
                [0.933031, -0.160949, 0.32179, 0.0, -0.049991, 0.827701, 0.558939, 0.37472, -0.356306, -0.537593, 0.764224, -0.0, 0.0, 0.0, 0.0, 1.0],
                [0.933031, -0.161844, 0.32134, 0.0, -0.049991, 0.826142, 0.56124, 0.37472, -0.356306, -0.539718, 0.762725, 0.0, 0.0, 0.0, 0.0, 1.0],
                [0.933031, -0.162677, 0.320919, -0.0, -0.049991, 0.824683, 0.563381, 0.37472, -0.356306, -0.541695, 0.761322, -0.0, 0.0, 0.0, 0.0, 1.0],
                [0.933031, -0.163445, 0.320529, 0.0, -0.049991, 0.823331, 0.565355, 0.37472, -0.356306, -0.543517, 0.760023, -0.0, 0.0, 0.0, 0.0, 1.0],
                [0.933031, -0.164146, 0.320171, 0.0, -0.049991, 0.822093, 0.567154, 0.37472, -0.356306, -0.545178, 0.758833, -0.0, 0.0, 0.0, 0.0, 1.0],
                [0.933031, -0.164775, 0.319847, -0.0, -0.049991, 0.820976, 0.56877, 0.37472, -0.356306, -0.54667, 0.757759, 0.0, 0.0, 0.0, 0.0, 1.0],
                [0.933031, -0.165331, 0.31956, -0.0, -0.049991, 0.819986, 0.570196, 0.37472, -0.356306, -0.547986, 0.756808, -0.0, 0.0, 0.0, 0.0, 1.0],
                [0.933031, -0.165809, 0.319312, -0.0, -0.049991, 0.819131, 0.571424, 0.37472, -0.356306, -0.549119, 0.755986, 0.0, 0.0, 0.0, 0.0, 1.0],
                [0.933031, -0.166208, 0.319105, -0.0, -0.049991, 0.818417, 0.572446, 0.37472, -0.356306, -0.550063, 0.755299, -0.0, 0.0, 0.0, 0.0, 1.0],
