{
    "armature": {
        "joints": ["Root", "Thigh_R", "Leg_R", "Knee_R", "Thigh_L", "Leg_L", "Knee_L", "Torso", "Chest", "Head", "Shoulder_R", "Arm_R", "Hand_R", "Tool_R", "Elbow_R", "Shoulder_L", "Arm_L", "Hand_L", "Tool_L", "Elbow_L"],
        "hierarchy": [
            {
                "name": "Root",
                "transform": [1.0, 0.0, 0.0, -5e-06, 0.0, 0.0, -1.0, 0.000946, 0.0, 1.0, 0.0, 0.763972, 0.0, 0.0, 0.0, 1.0],
                "children": [
                    {
                        "name": "Thigh_R",
                        "transform": [1.0, -0.0, -0.0, 0.124994, -0.0, -1.0, 0.0, -0.002831, -0.0, -0.0, -1.0, -1.2e-05, 0.0, 0.0, 0.0, 1.0],
                        "children": [
                            {
                                "name": "Leg_R",
                                "transform": [1.0, 0.0, 1e-06, 0.0, -0.0, 1.0, 0.0, 0.37472, -1e-06, -0.0, 1.0, -0.0, 0.0, 0.0, 0.0, 1.0],
                                "children": []
                            },
                            {
                                "name": "Knee_R",
                                "transform": [1.0, 0.0, -0.0, 0.0, -0.0, 0.0, -1.0, 0.37472, -0.0, 1.0, 0.0, -0.0, 0.0, 0.0, 0.0, 1.0],
                                "children": []
                            }
                        ]
                    },
                    {
                        "name": "Thigh_L",
                        "transform": [1.0, -0.0, -0.0, -0.125006, -0.0, -1.0, 0.0, -0.002831, -0.0, -0.0, -1.0, -1.2e-05, 0.0, 0.0, 0.0, 1.0],
                        "children": [
                            {
                                "name": "Leg_L",
                                "transform": [1.0, 0.0, 1e-06, -0.0, -0.0, 1.0, 0.0, 0.37472, -1e-06, -0.0, 1.0, 0.0, 0.0, 0.0, 0.0, 1.0],
                                "children": []
                            },
                            {
                                "name": "Knee_L",
                                "transform": [1.0, 0.0, -0.0, -0.0, -0.0, 0.0, -1.0, 0.37472, -0.0, 1.0, 0.0, 0.0, 0.0, 0.0, 0.0, 1.0],
                                "children": []
                            }
                        ]
                    },
                    {
                        "name": "Torso",
                        "transform": [1.0, 0.0, 0.0, 0.0, 0.0, 1.0, 0.0, 0.05, 0.0, 0.0, 1.0, 0.0, 0.0, 0.0, 0.0, 1.0],
                        "children": [
                            {
                                "name": "Chest",
                                "transform": [1.0, 0.0, 0.0, 0.0, 0.0, 1.0, 0.0, 0.3, 0.0, 0.0, 1.0, 0.0, 0.0, 0.0, 0.0, 1.0],
                                "children": [
                                    {
                                        "name": "Head",
                                        "transform": [1.0, 0.0, 0.0, 0.0, 0.0, 1.0, 0.0, 0.4, 0.0, 0.0, 1.0, 0.0, 0.0, 0.0, 0.0, 1.0],
                                        "children": []
                                    },
                                    {
                                        "name": "Shoulder_R",
                                        "transform": [0.0, 0.952114, 0.305743, 0.0, 0.0, -0.305743, 0.952114, 0.4, 1.0, 0.0, -0.0, 0.0, 0.0, 0.0, 0.0, 1.0],
                                        "children": [
                                            {
                                                "name": "Arm_R",
                                                "transform": [0.0, -0.0, -1.0, -0.0, 0.952114, 0.305743, 0.0, 0.39386, 0.305743, -0.952114, 0.0, 0.0, 0.0, 0.0, 0.0, 1.0],
                                                "children": [
                                                    {
                                                        "name": "Hand_R",
                                                        "transform": [1.0, 0.0, 0.0, 0.0, -0.0, 0.993938, 0.109947, 0.3, -0.0, -0.109947, 0.993937, 0.0, 0.0, 0.0, 0.0, 1.0],
                                                        "children": [
                                                            {
                                                                "name": "Tool_R",
                                                                "transform": [1.0, 0.0, 0.0, -0.0, 0.0, -0.999836, 0.018122, 0.272858, 0.0, -0.018122, -0.999836, 0.0, 0.0, 0.0, 0.0, 1.0],
                                                                "children": []
                                                            }
                                                        ]
                                                    },
                                                    {
                                                        "name": "Elbow_R",
                                                        "transform": [-1.0, 0.0, -0.0, 0.0, 0.0, 0.0, -1.0, 0.3, -0.0, -1.0, -0.0, 0.0, 0.0, 0.0, 0.0, 1.0],
                                                        "children": []
                                                    }
                                                ]
                                            }
                                        ]
                                    },
                                    {
                                        "name": "Shoulder_L",
                                        "transform": [-0.0, -0.952114, -0.305743, 0.0, 0.0, -0.305743, 0.952114, 0.4, -1.0, 0.0, 0.0, 0.0, 0.0, 0.0, 0.0, 1.0],
                                        "children": [
                                            {
                                                "name": "Arm_L",
                                                "transform": [-0.0, -0.0, 1.0, -0.0, -0.952114, 0.305743, -0.0, 0.39386, -0.305743, -0.952114, -0.0, 0.0, 0.0, 0.0, 0.0, 1.0],
                                                "children": [
                                                    {
                                                        "name": "Hand_L",
                                                        "transform": [1.0, -0.0, 0.0, -0.0, 0.0, 0.993937, 0.109947, 0.3, -0.0, -0.109947, 0.993937, 0.0, 0.0, 0.0, 0.0, 1.0],
                                                        "children": [
                                                            {
                                                                "name": "Tool_L",
                                                                "transform": [1.0, 0.0, 0.0, -0.0, -0.0, -0.999836, 0.018122, 0.272858, 0.0, -0.018122, -0.999836, -0.0, 0.0, 0.0, 0.0, 1.0],
                                                                "children": []
                                                            }
                                                        ]
                                                    },
                                                    {
                                                        "name": "Elbow_L",
                                                        "transform": [-1.0, 0.0, -0.0, -0.0, 0.0, -0.0, -1.0, 0.3, -0.0, -1.0, 0.0, 0.0, 0.0, 0.0, 0.0, 1.0],
                                                        "children": []
                                                    }
                                                ]
                                            }
                                        ]
                                    }
                                ]
                            }
                        ]
                    }
                ]
            }
        ]
    },
    "animation": [
        {
            "name": "Root",
            "time": [0.0, 0.0167, 0.0333, 0.05, 0.0667, 0.0833, 0.1, 0.1167, 0.1333, 0.15, 0.1667, 0.1833, 0.2, 0.2167, 0.2333, 0.25, 0.2667, 0.2833, 0.3, 0.3167, 0.3333, 0.35, 0.3667, 0.3833, 0.4, 0.4167, 0.4333, 0.45, 0.4667, 0.4833, 0.5, 0.5167, 0.5333, 0.55, 0.5667, 0.5833, 0.6, 0.6167, 0.6333, 0.65, 0.6667, 0.6833, 0.7, 0.7167, 0.7333, 0.75, 0.7667, 0.7833, 0.8, 0.8167, 0.8333, 0.85, 0.8667, 0.8833, 0.9, 0.9167, 0.9333, 0.95, 0.9667, 0.9833, 1.0, 1.0167, 1.0333, 1.05, 1.0667, 1.0833, 1.1, 1.1167, 1.1333, 1.15, 1.1667, 1.1833, 1.2],
            "transform": [
                [1.0, 0.0, 0.0, -5e-06, 0.0, 0.0, -1.0, 0.000946, 0.0, 1.0, 0.0, 0.763972, 0.0, 0.0, 0.0, 1.0],
                [1.0, 0.0, 0.0, -5e-06, 0.0, 0.0, -1.0, 0.009665, 0.0, 1.0, 0.0, 0.763972, 0.0, 0.0, 0.0, 1.0],
                [1.0, 0.0, 0.0, -5e-06, 0.0, 0.0, -1.0, 0.034321, 0.0, 1.0, 0.0, 0.763972, 0.0, 0.0, 0.0, 1.0],
                [1.0, 0.0, 0.0, -5e-06, 0.0, 0.0, -1.0, 0.072666, 0.0, 1.0, 0.0, 0.763972, 0.0, 0.0, 0.0, 1.0],
                [1.0, 0.0, 0.0, -5e-06, 0.0, 0.0, -1.0, 0.122453, 0.0, 1.0, 0.0, 0.763972, 0.0, 0.0, 0.0, 1.0],
                [1.0, 0.0, 0.0, -5e-06, 0.0, 0.0, -1.0, 0.181433, 0.0, 1.0, 0.0, 0.763972, 0.0, 0.0, 0.0, 1.0],
                [1.0, 0.0, 0.0, -5e-06, 0.0, 0.0, -1.0, 0.247358, 0.0, 1.0, 0.0, 0.763972, 0.0, 0.0, 0.0, 1.0],
                [1.0, 0.0, 0.0, -5e-06, 0.0, 0.0, -1.0, 0.317979, 0.0, 1.0, 0.0, 0.763972, 0.0, 0.0, 0.0, 1.0],
                [1.0, 0.0, 0.0, -5e-06, 0.0, 0.0, -1.0, 0.39105, 0.0, 1.0, 0.0, 0.763972, 0.0, 0.0, 0.0, 1.0],
                [1.0, 0.0, 0.0, -5e-06, 0.0, 0.0, -1.0, 0.464321, 0.0, 1.0, 0.0, 0.763972, 0.0, 0.0, 0.0, 1.0],
                [1.0, 0.0, 0.0, -5e-06, 0.0, 0.0, -1.0, 0.535545, 0.0, 1.0, 0.0, 0.763972, 0.0, 0.0, 0.0, 1.0],
                [1.0, 0.0, 0.0, -5e-06, 0.0, 0.0, -1.0, 0.602473, 0.0, 1.0, 0.0, 0.763972, 0.0, 0.0, 0.0, 1.0],
                [1.0, 0.0, 0.0, -5e-06, 0.0, 0.0, -1.0, 0.662856, 0.0, 1.0, 0.0, 0.763972, 0.0, 0.0, 0.0, 1.0],
                [1.0, 0.0, 0.0, -5e-06, 0.0, 0.0, -1.0, 0.714448, 0.0, 1.0, 0.0, 0.763972, 0.0, 0.0, 0.0, 1.0],
                [1.0, 0.0, 0.0, -5e-06, 0.0, 0.0, -1.0, 0.755, 0.0, 1.0, 0.0, 0.763972, 0.0, 0.0, 0.0, 1.0],
                [1.0, 0.0, 0.0, -5e-06, 0.0, 0.0, -1.0, 0.782263, 0.0, 1.0, 0.0, 0.763972, 0.0, 0.0, 0.0, 1.0],
                [1.0, 0.0, 0.0, -5e-06, 0.0, 0.0, -1.0, 0.79399, 0.0, 1.0, 0.0, 0.763972, 0.0, 0.0, 0.0, 1.0],
                [1.0, 0.0, 0.0, -5e-06, 0.0, 0.0, -1.0, 0.79711, 0.0, 1.0, 0.0, 0.763972, 0.0, 0.0, 0.0, 1.0],
                [1.0, 0.0, 0.0, -5e-06, 0.0, 0.0, -1.0, 0.800058, 0.0, 1.0, 0.0, 0.763972, 0.0, 0.0, 0.0, 1.0],
                [1.0, 0.0, 0.0, -5e-06, 0.0, 0.0, -1.0, 0.802837, 0.0, 1.0, 0.0, 0.763972, 0.0, 0.0, 0.0, 1.0],
                [1.0, 0.0, 0.0, -5e-06, 0.0, 0.0, -1.0, 0.805452, 0.0, 1.0, 0.0, 0.763972, 0.0, 0.0, 0.0, 1.0],
                [1.0, 0.0, 0.0, -5e-06, 0.0, 0.0, -1.0, 0.807909, 0.0, 1.0, 0.0, 0.763972, 0.0, 0.0, 0.0, 1.0],
                [1.0, 0.0, 0.0, -5e-06, 0.0, 0.0, -1.0, 0.810213, 0.0, 1.0, 0.0, 0.763972, 0.0, 0.0, 0.0, 1.0],
                [1.0, 0.0, 0.0, -5e-06, 0.0, 0.0, -1.0, 0.812368, 0.0, 1.0, 0.0, 0.763972, 0.0, 0.0, 0.0, 1.0],
                [1.0, 0.0, 0.0, -5e-06, 0.0, 0.0, -1.0, 0.814379, 0.0, 1.0, 0.0, 0.763972, 0.0, 0.0, 0.0, 1.0],
                [1.0, 0.0, 0.0, -5e-06, 0.0, 0.0, -1.0, 0.816252, 0.0, 1.0, 0.0, 0.763972, 0.0, 0.0, 0.0, 1.0],
                [1.0, 0.0, 0.0, -5e-06, 0.0, 0.0, -1.0, 0.817991, 0.0, 1.0, 0.0, 0.763972, 0.0, 0.0, 0.0, 1.0],
                [1.0, 0.0, 0.0, -5e-06, 0.0, 0.0, -1.0, 0.819601, 0.0, 1.0, 0.0, 0.763972, 0.0, 0.0, 0.0, 1.0],
                [1.0, 0.0, 0.0, -5e-06, 0.0, 0.0, -1.0, 0.821088, 0.0, 1.0, 0.0, 0.763972, 0.0, 0.0, 0.0, 1.0],
                [1.0, 0.0, 0.0, -5e-06, 0.0, 0.0, -1.0, 0.822456, 0.0, 1.0, 0.0, 0.763972, 0.0, 0.0, 0.0, 1.0],
                [1.0, 0.0, 0.0, -5e-06, 0.0, 0.0, -1.0, 0.823709, 0.0, 1.0, 0.0, 0.763972, 0.0, 0.0, 0.0, 1.0],
                [1.0, 0.0, 0.0, -5e-06, 0.0, 0.0, -1.0, 0.824854, 0.0, 1.0, 0.0, 0.763972, 0.0, 0.0, 0.0, 1.0],
                [1.0, 0.0, 0.0, -5e-06, 0.0, 0.0, -1.0, 0.825895, 0.0, 1.0, 0.0, 0.763972, 0.0, 0.0, 0.0, 1.0],
                [1.0, 0.0, 0.0, -5e-06, 0.0, 0.0, -1.0, 0.826837, 0.0, 1.0, 0.0, 0.763972, 0.0, 0.0, 0.0, 1.0],
                [1.0, 0.0, 0.0, -5e-06, 0.0, 0.0, -1.0, 0.827684, 0.0, 1.0, 0.0, 0.763972, 0.0, 0.0, 0.0, 1.0],
                [1.0, 0.0, 0.0, -5e-06, 0.0, 0.0, -1.0, 0.828443, 0.0, 1.0, 0.0, 0.763972, 0.0, 0.0, 0.0, 1.0],
                [1.0, 0.0, 0.0, -5e-06, 0.0, 0.0, -1.0, 0.829117, 0.0, 1.0, 0.0, 0.763972, 0.0, 0.0, 0.0, 1.0],
                [1.0, 0.0, 0.0, -5e-06, 0.0, 0.0, -1.0, 0.829712, 0.0, 1.0, 0.0, 0.763972, 0.0, 0.0, 0.0, 1.0],
                [1.0, 0.0, 0.0, -5e-06, 0.0, 0.0, -1.0, 0.830233, 0.0, 1.0, 0.0, 0.763972, 0.0, 0.0, 0.0, 1.0],
                [1.0, 0.0, 0.0, -5e-06, 0.0, 0.0, -1.0, 0.830684, 0.0, 1.0, 0.0, 0.763972, 0.0, 0.0, 0.0, 1.0],
                [1.0, 0.0, 0.0, -5e-06, 0.0, 0.0, -1.0, 0.831071, 0.0, 1.0, 0.0, 0.763972, 0.0, 0.0, 0.0, 1.0],
                [1.0, 0.0, 0.0, -5e-06, 0.0, 0.0, -1.0, 0.831399, 0.0, 1.0, 0.0, 0.763972, 0.0, 0.0, 0.0, 1.0],
                [1.0, 0.0, 0.0, -5e-06, 0.0, 0.0, -1.0, 0.831672, 0.0, 1.0, 0.0, 0.763972, 0.0, 0.0, 0.0, 1.0],
                [1.0, 0.0, 0.0, -5e-06, 0.0, 0.0, -1.0, 0.831896, 0.0, 1.0, 0.0, 0.763972, 0.0, 0.0, 0.0, 1.0],
                [1.0, 0.0, 0.0, -5e-06, 0.0, 0.0, -1.0, 0.832075, 0.0, 1.0, 0.0, 0.763972, 0.0, 0.0, 0.0, 1.0],
                [1.0, 0.0, 0.0, -5e-06, 0.0, 0.0, -1.0, 0.832215, 0.0, 1.0, 0.0, 0.763972, 0.0, 0.0, 0.0, 1.0],
                [1.0, 0.0, 0.0, -5e-06, 0.0, 0.0, -1.0, 0.832319, 0.0, 1.0, 0.0, 0.763972, 0.0, 0.0, 0.0, 1.0],
                [1.0, 0.0, 0.0, -5e-06, 0.0, 0.0, -1.0, 0.832395, 0.0, 1.0, 0.0, 0.763972, 0.0, 0.0, 0.0, 1.0],
                [1.0, 0.0, 0.0, -5e-06, 0.0, 0.0, -1.0, 0.832445, 0.0, 1.0, 0.0, 0.763972, 0.0, 0.0, 0.0, 1.0],
                [1.0, 0.0, 0.0, -5e-06, 0.0, 0.0, -1.0, 0.832475, 0.0, 1.0, 0.0, 0.763972, 0.0, 0.0, 0.0, 1.0],
                [1.0, 0.0, 0.0, -5e-06, 0.0, 0.0, -1.0, 0.832491, 0.0, 1.0, 0.0, 0.763972, 0.0, 0.0, 0.0, 1.0],
                [1.0, 0.0, 0.0, -5e-06, 0.0, 0.0, -1.0, 0.832497, 0.0, 1.0, 0.0, 0.763972, 0.0, 0.0, 0.0, 1.0],
                [1.0, 0.0, 0.0, -5e-06, 0.0, 0.0, -1.0, 0.832498, 0.0, 1.0, 0.0, 0.763972, 0.0, 0.0, 0.0, 1.0],
                [1.0, 0.0, 0.0, -5e-06, 0.0, 0.0, -1.0, 0.830175, 0.0, 1.0, 0.0, 0.763972, 0.0, 0.0, 0.0, 1.0],
                [1.0, 0.0, 0.0, -5e-06, 0.0, 0.0, -1.0, 0.823526, 0.0, 1.0, 0.0, 0.763972, 0.0, 0.0, 0.0, 1.0],
                [1.0, 0.0, 0.0, -5e-06, 0.0, 0.0, -1.0, 0.813032, 0.0, 1.0, 0.0, 0.763972, 0.0, 0.0, 0.0, 1.0],
                [1.0, 0.0, 0.0, -5e-06, 0.0, 0.0, -1.0, 0.799173, 0.0, 1.0, 0.0, 0.763972, 0.0, 0.0, 0.0, 1.0],
                [1.0, 0.0, 0.0, -5e-06, 0.0, 0.0, -1.0, 0.782431, 0.0, 1.0, 0.0, 0.763972, 0.0, 0.0, 0.0, 1.0],
                [1.0, 0.0, 0.0, -5e-06, 0.0, 0.0, -1.0, 0.763286, 0.0, 1.0, 0.0, 0.763972, 0.0, 0.0, 0.0, 1.0],
                [1.0, 0.0, 0.0, -5e-06, 0.0, 0.0, -1.0, 0.742217, 0.0, 1.0, 0.0, 0.763972, 0.0, 0.0, 0.0, 1.0],
                [1.0, 0.0, 0.0, -5e-06, 0.0, 0.0, -1.0, 0.719707, 0.0, 1.0, 0.0, 0.763972, 0.0, 0.0, 0.0, 1.0],
                [1.0, 0.0, 0.0, -5e-06, 0.0, 0.0, -1.0, 0.696236, 0.0, 1.0, 0.0, 0.763972, 0.0, 0.0, 0.0, 1.0],
                [1.0, 0.0, 0.0, -5e-06, 0.0, 0.0, -1.0, 0.672284, 0.0, 1.0, 0.0, 0.763972, 0.0, 0.0, 0.0, 1.0],
                [1.0, 0.0, 0.0, -5e-06, 0.0, 0.0, -1.0, 0.648332, 0.0, 1.0, 0.0, 0.763972, 0.0, 0.0, 0.0, 1.0],
                [1.0, 0.0, 0.0, -5e-06, 0.0, 0.0, -1.0, 0.624861, 0.0, 1.0, 0.0, 0.763972, 0.0, 0.0, 0.0, 1.0],
                [1.0, 0.0, 0.0, -5e-06, 0.0, 0.0, -1.0, 0.602351, 0.0, 1.0, 0.0, 0.763972, 0.0, 0.0, 0.0, 1.0],
                [1.0, 0.0, 0.0, -5e-06, 0.0, 0.0, -1.0, 0.581283, 0.0, 1.0, 0.0, 0.763972, 0.0, 0.0, 0.0, 1.0],
                [1.0, 0.0, 0.0, -5e-06, 0.0, 0.0, -1.0, 0.562137, 0.0, 1.0, 0.0, 0.763972, 0.0, 0.0, 0.0, 1.0],
                [1.0, 0.0, 0.0, -5e-06, 0.0, 0.0, -1.0, 0.545395, 0.0, 1.0, 0.0, 0.763972, 0.0, 0.0, 0.0, 1.0],
                [1.0, 0.0, 0.0, -5e-06, 0.0, 0.0, -1.0, 0.531537, 0.0, 1.0, 0.0, 0.763972, 0.0, 0.0, 0.0, 1.0],
                [1.0, 0.0, 0.0, -5e-06, 0.0, 0.0, -1.0, 0.521043, 0.0, 1.0, 0.0, 0.763972, 0.0, 0.0, 0.0, 1.0],
                [1.0, 0.0, 0.0, -5e-06, 0.0, 0.0, -1.0, 0.514394, 0.0, 1.0, 0.0, 0.763972, 0.0, 0.0, 0.0, 1.0],
                [1.0, 0.0, 0.0, -5e-06, 0.0, 0.0, -1.0, 0.512071, 0.0, 1.0, 0.0, 0.763972, 0.0, 0.0, 0.0, 1.0]
            ]
        },
        {
            "name": "Thigh_R",
            "time": [0.0, 0.0167, 0.0333, 0.05, 0.0667, 0.0833, 0.1, 0.1167, 0.1333, 0.15, 0.1667, 0.1833, 0.2, 0.2167, 0.2333, 0.25, 0.2667, 0.2833, 0.3, 0.3167, 0.3333, 0.35, 0.3667, 0.3833, 0.4, 0.4167, 0.4333, 0.45, 0.4667, 0.4833, 0.5, 0.5167, 0.5333, 0.55, 0.5667, 0.5833, 0.6, 0.6167, 0.6333, 0.65, 0.6667, 0.6833, 0.7, 0.7167, 0.7333, 0.75, 0.7667, 0.7833, 0.8, 0.8167, 0.8333, 0.85, 0.8667, 0.8833, 0.9, 0.9167, 0.9333, 0.95, 0.9667, 0.9833, 1.0, 1.0167, 1.0333, 1.05, 1.0667, 1.0833, 1.1, 1.1167, 1.1333, 1.15, 1.1667, 1.1833, 1.2],
            "transform": [
                [0.996195, 0.081899, -0.029809, 0.124994, 0.084185, -0.815698, 0.572319, -0.005666, 0.022557, -0.572651, -0.819489, 0.032399, 0.0, 0.0, 0.0, 1.0],
                [0.996195, 0.082179, -0.029029, 0.124994, 0.084185, -0.821099, 0.564543, -0.005666, 0.022557, -0.564838, -0.824893, 0.032399, 0.0, 0.0, 0.0, 1.0],
                [0.996195, 0.082931, -0.026804, 0.124994, 0.084185, -0.836019, 0.542204, -0.005666, 0.022557, -0.542397, -0.839819, 0.032399, 0.0, 0.0, 0.0, 1.0],
                [0.996195, 0.083988, -0.023283, 0.124994, 0.084185, -0.858139, 0.506468, -0.005666, 0.022557, -0.506501, -0.861944, 0.032399, 0.0, 0.0, 0.0, 1.0],
                [0.996195, 0.085144, -0.018614, 0.124994, 0.084185, -0.884769, 0.458362, -0.005666, 0.022557, -0.458185, -0.88857, 0.032399, 0.0, 0.0, 0.0, 1.0],
                [0.996195, 0.086185, -0.012967, 0.124994, 0.084185, -0.913031, 0.399107, -0.005666, 0.022557, -0.39868, -0.916813, 0.032399, 0.0, 0.0, 0.0, 1.0],
                [0.996195, 0.086909, -0.006546, 0.124994, 0.084185, -0.940091, 0.330364, -0.005666, 0.022557, -0.329658, -0.943831, 0.032399, 0.0, 0.0, 0.0, 1.0],
                [0.996195, 0.087154, 0.000402, 0.124994, 0.084185, -0.963433, 0.254379, -0.005666, 0.022557, -0.253378, -0.967104, 0.032399, 0.0, 0.0, 0.0, 1.0],
                [0.996195, 0.086824, 0.007596, 0.124994, 0.084185, -0.981146, 0.173969, -0.005666, 0.022557, -0.172667, -0.984722, 0.032399, 0.0, 0.0, 0.0, 1.0],
                [0.996195, 0.0859, 0.014738, 0.124994, 0.084185, -0.992159, 0.09237, -0.005666, 0.022557, -0.090778, -0.995616, 0.032399, 0.0, 0.0, 0.0, 1.0],
                [0.996195, 0.084452, 0.021538, 0.124994, 0.084185, -0.996365, 0.012992, -0.005666, 0.022557, -0.01113, -0.999684, 0.032399, 0.0, 0.0, 0.0, 1.0],
                [0.996195, 0.082624, 0.027736, 0.124994, 0.084185, -0.994589, -0.060863, -0.005666, 0.022557, 0.062966, -0.997761, 0.032399, 0.0, 0.0, 0.0, 1.0],
                [0.996195, 0.080618, 0.033117, 0.124994, 0.084185, -0.988423, -0.126223, -0.005666, 0.022557, 0.128531, -0.991449, 0.032399, 0.0, 0.0, 0.0, 1.0],
                [0.996195, 0.078669, 0.037513, 0.124994, 0.084185, -0.979956, -0.180552, -0.005666, 0.022557, 0.183023, -0.98285, 0.032399, 0.0, 0.0, 0.0, 1.0],
                [0.996195, 0.077017, 0.040797, 0.124994, 0.084185, -0.97147, -0.221715, -0.005666, 0.022557, 0.224306, -0.974258, 0.032399, 0.0, 0.0, 0.0, 1.0],
                [0.996195, 0.075889, 0.042858, 0.124994, 0.084185, -0.965141, -0.247821, -0.005666, 0.022557, 0.250486, -0.967857, 0.032399, 0.0, 0.0, 0.0, 1.0],
                [0.996195, 0.075479, 0.043578, 0.124994, 0.084185, -0.962743, -0.256981, -0.005666, 0.022557, 0.259672, -0.965433, 0.032399, 0.0, 0.0, 0.0, 1.0],
                [0.996195, 0.075479, 0.043578, 0.124994, 0.084185, -0.962743, -0.256981, -0.005666, 0.022557, 0.259672, -0.965433, 0.032399, 0.0, 0.0, 0.0, 1.0],
                [0.996195, 0.075479, 0.043578, 0.124994, 0.084185, -0.962743, -0.256981, -0.005666, 0.022557, 0.259672, -0.965433, 0.032399, 0.0, 0.0, 0.0, 1.0],
                [0.996195, 0.075479, 0.043578, 0.124994, 0.084185, -0.962743, -0.256981, -0.005666, 0.022557, 0.259672, -0.965433, 0.032399, 0.0, 0.0, 0.0, 1.0],
                [0.996195, 0.075479, 0.043578, 0.124994, 0.084185, -0.962743, -0.256981, -0.005666, 0.022557, 0.259672, -0.965433, 0.032399, 0.0, 0.0, 0.0, 1.0],
                [0.996195, 0.075479, 0.043578, 0.124994, 0.084185, -0.962743, -0.256981, -0.005666, 0.022557, 0.259672, -0.965433, 0.032399, 0.0, 0.0, 0.0, 1.0],
                [0.996195, 0.075479, 0.043578, 0.124994, 0.084185, -0.962743, -0.256981, -0.005666, 0.022557, 0.259672, -0.965433, 0.032399, 0.0, 0.0, 0.0, 1.0],
                [0.996195, 0.075479, 0.043578, 0.124994, 0.084185, -0.962743, -0.256981, -0.005666, 0.022557, 0.259672, -0.965433, 0.032399, 0.0, 0.0, 0.0, 1.0],
                [0.996195, 0.075479, 0.043578, 0.124994, 0.084185, -0.962743, -0.256981, -0.005666, 0.022557, 0.259672, -0.965433, 0.032399, 0.0, 0.0, 0.0, 1.0],
                [0.996195, 0.075479, 0.043578, 0.124994, 0.084185, -0.962743, -0.256981, -0.005666, 0.022557, 0.259672, -0.965433, 0.032399, 0.0, 0.0, 0.0, 1.0],
                [0.996195, 0.075479, 0.043578, 0.124994, 0.084185, -0.962743, -0.256981, -0.005666, 0.022557, 0.259672, -0.965433, 0.032399, 0.0, 0.0, 0.0, 1.0],
                [0.996195, 0.075479, 0.043578, 0.124994, 0.084185, -0.962743, -0.256981, -0.005666, 0.022557, 0.259672, -0.965433, 0.032399, 0.0, 0.0, 0.0, 1.0],
                [0.996195, 0.075479, 0.043578, 0.124994, 0.084185, -0.962743, -0.256981, -0.005666, 0.022557, 0.259672, -0.965433, 0.032399, 0.0, 0.0, 0.0, 1.0],
                [0.996195, 0.075479, 0.043578, 0.124994, 0.084185, -0.962743, -0.256981, -0.005666, 0.022557, 0.259672, -0.965433, 0.032399, 0.0, 0.0, 0.0, 1.0],
                [0.996195, 0.075479, 0.043578, 0.124994, 0.084185, -0.962743, -0.256981, -0.005666, 0.022557, 0.259672, -0.965433, 0.032399, 0.0, 0.0, 0.0, 1.0],
                [0.996195, 0.075479, 0.043578, 0.124994, 0.084185, -0.962743, -0.256981, -0.005666, 0.022557, 0.259672, -0.965433, 0.032399, 0.0, 0.0, 0.0, 1.0],
                [0.996195, 0.075479, 0.043578, 0.124994, 0.084185, -0.962743, -0.256981, -0.005666, 0.022557, 0.259672, -0.965433, 0.032399, 0.0, 0.0, 0.0, 1.0],
                [0.996195, 0.075479, 0.043578, 0.124994, 0.084185, -0.962743, -0.256981, -0.005666, 0.022557, 0.259672, -0.965433, 0.032399, 0.0, 0.0, 0.0, 1.0],
                [0.996195, 0.075479, 0.043578, 0.124994, 0.084185, -0.962743, -0.256981, -0.005666, 0.022557, 0.259672, -0.965433, 0.032399, 0.0, 0.0, 0.0, 1.0],
                [0.996195, 0.075479, 0.043578, 0.124994, 0.084185, -0.962743, -0.256981, -0.005666, 0.022557, 0.259672, -0.965433, 0.032399, 0.0, 0.0, 0.0, 1.0],
                [0.996195, 0.075479, 0.043578, 0.124994, 0.084185, -0.962743, -0.256981, -0.005666, 0.022557, 0.259672, -0.965433, 0.032399, 0.0, 0.0, 0.0, 1.0],
                [0.996195, 0.075479, 0.043578, 0.124994, 0.084185, -0.962743, -0.256981, -0.005666, 0.022557, 0.259672, -0.965433, 0.032399, 0.0, 0.0, 0.0, 1.0],
                [0.996195, 0.075479, 0.043578, 0.124994, 0.084185, -0.962743, -0.256981, -0.005666, 0.022557, 0.259672, -0.965433, 0.032399, 0.0, 0.0, 0.0, 1.0],
                [0.996195, 0.075479, 0.043578, 0.124994, 0.084185, -0.962743, -0.256981, -0.005666, 0.022557, 0.259672, -0.965433, 0.032399, 0.0, 0.0, 0.0, 1.0],
                [0.996195, 0.075479, 0.043578, 0.124994, 0.084185, -0.962743, -0.256981, -0.005666, 0.022557, 0.259672, -0.965433, 0.032399, 0.0, 0.0, 0.0, 1.0],
                [0.996195, 0.075479, 0.043578, 0.124994, 0.084185, -0.962743, -0.256981, -0.005666, 0.022557, 0.259672, -0.965433, 0.032399, 0.0, 0.0, 0.0, 1.0],
                [0.996195, 0.075479, 0.043578, 0.124994, 0.084185, -0.962743, -0.256981, -0.005666, 0.022557, 0.259672, -0.965433, 0.032399, 0.0, 0.0, 0.0, 1.0],
                [0.996195, 0.075479, 0.043578, 0.124994, 0.084185, -0.962743, -0.256981, -0.005666, 0.022557, 0.259672, -0.965433, 0.032399, 0.0, 0.0, 0.0, 1.0],
                [0.996195, 0.075479, 0.043578, 0.124994, 0.084185, -0.962743, -0.256981, -0.005666, 0.022557, 0.259672, -0.965433, 0.032399, 0.0, 0.0, 0.0, 1.0],
                [0.996195, 0.075479, 0.043578, 0.124994, 0.084185, -0.962743, -0.256981, -0.005666, 0.022557, 0.259672, -0.965433, 0.032399, 0.0, 0.0, 0.0, 1.0],
                [0.996195, 0.075479, 0.043578, 0.124994, 0.084185, -0.962743, -0.256981, -0.005666, 0.022557, 0.259672, -0.965433, 0.032399, 0.0, 0.0, 0.0, 1.0],
                [0.996195, 0.075479, 0.043578, 0.124994, 0.084185, -0.962743, -0.256981, -0.005666, 0.022557, 0.259672, -0.965433, 0.032399, 0.0, 0.0, 0.0, 1.0],
                [0.996195, 0.075479, 0.043578, 0.124994, 0.084185, -0.962743, -0.256981, -0.005666, 0.022557, 0.259672, -0.965433, 0.032399, 0.0, 0.0, 0.0, 1.0],
                [0.996195, 0.075479, 0.043578, 0.124994, 0.084185, -0.962743, -0.256981, -0.005666, 0.022557, 0.259672, -0.965433, 0.032399, 0.0, 0.0, 0.0, 1.0],
                [0.996195, 0.075479, 0.043578, 0.124994, 0.084185, -0.962743, -0.256981, -0.005666, 0.022557, 0.259672, -0.965433, 0.032399, 0.0, 0.0, 0.0, 1.0],
                [0.996195, 0.075479, 0.043578, 0.124994, 0.084185, -0.962743, -0.256981, -0.005666, 0.022557, 0.259672, -0.965433, 0.032399, 0.0, 0.0, 0.0, 1.0],
                [0.996195, 0.075479, 0.043578, 0.124994, 0.084185, -0.962743, -0.256981, -0.005666, 0.022557, 0.259672, -0.965433, 0.032399, 0.0, 0.0, 0.0, 1.0],
                [0.996195, 0.075642, 0.043294, 0.124994, 0.084185, -0.9637, -0.253365, -0.005666, 0.022557, 0.256046, -0.966401, 0.032399, 0.0, 0.0, 0.0, 1.0],
                [0.996195, 0.076103, 0.042478, 0.124994, 0.084185, -0.966369, -0.242987, -0.005666, 0.022557, 0.245639, -0.969099, 0.032399, 0.0, 0.0, 0.0, 1.0],
                [0.996195, 0.076814, 0.041178, 0.124994, 0.084185, -0.970361, -0.226523, -0.005666, 0.022557, 0.229128, -0.973135, 0.032399, 0.0, 0.0, 0.0, 1.0],
                [0.996195, 0.077721, 0.039439, 0.124994, 0.084185, -0.975212, -0.204631, -0.005666, 0.022557, 0.207173, -0.978044, 0.032399, 0.0, 0.0, 0.0, 1.0],
                [0.996195, 0.078767, 0.037306, 0.124994, 0.084185, -0.980427, -0.177978, -0.005666, 0.022557, 0.180441, -0.983327, 0.032399, 0.0, 0.0, 0.0, 1.0],
                [0.996195, 0.079894, 0.034827, 0.124994, 0.084185, -0.985509, -0.147257, -0.005666, 0.022557, 0.149628, -0.988485, 0.032399, 0.0, 0.0, 0.0, 1.0],
                [0.996195, 0.081047, 0.032053, 0.124994, 0.084185, -0.989999, -0.113202, -0.005666, 0.022557, 0.11547, -0.993055, 0.032399, 0.0, 0.0, 0.0, 1.0],
                [0.996195, 0.082175, 0.02904, 0.124994, 0.084185, -0.993502, -0.076595, -0.005666, 0.022557, 0.078749, -0.996639, 0.032399, 0.0, 0.0, 0.0, 1.0],
                [0.996195, 0.083233, 0.025853, 0.124994, 0.084185, -0.995715, -0.038258, -0.005666, 0.022557, 0.040289, -0.998933, 0.032399, 0.0, 0.0, 0.0, 1.0],
                [0.996195, 0.084186, 0.022557, 0.124994, 0.084185, -0.996449, 0.000952, -0.005666, 0.022557, 0.000951, -0.999745, 0.032399, 0.0, 0.0, 0.0, 1.0],
                [0.996195, 0.085008, 0.019227, 0.124994, 0.084185, -0.99564, 0.04016, -0.005666, 0.022557, -0.038388, -0.999008, 0.032399, 0.0, 0.0, 0.0, 1.0],
                [0.996195, 0.085686, 0.015938, 0.124994, 0.084185, -0.993354, 0.078492, -0.005666, 0.022557, -0.076852, -0.996787, 0.032399, 0.0, 0.0, 0.0, 1.0],
                [0.996195, 0.086215, 0.012765, 0.124994, 0.084185, -0.989781, 0.115093, -0.005666, 0.022557, -0.11358, -0.993273, 0.032399, 0.0, 0.0, 0.0, 1.0],
                [0.996195, 0.086604, 0.009786, 0.124994, 0.084185, -0.985226, 0.149138, -0.005666, 0.022557, -0.147747, -0.988768, 0.032399, 0.0, 0.0, 0.0, 1.0],
                [0.996195, 0.086868, 0.007075, 0.124994, 0.084185, -0.980085, 0.17985, -0.005666, 0.022557, -0.17857, -0.983669, 0.032399, 0.0, 0.0, 0.0, 1.0],
                [0.996195, 0.087028, 0.004705, 0.124994, 0.084185, -0.974819, 0.206493, -0.005666, 0.022557, -0.205312, -0.978437, 0.032399, 0.0, 0.0, 0.0, 1.0],
                [0.996195, 0.087112, 0.002746, 0.124994, 0.084185, -0.969926, 0.228376, -0.005666, 0.022557, -0.227276, -0.973569, 0.032399, 0.0, 0.0, 0.0, 1.0],
                [0.996195, 0.087146, 0.001264, 0.124994, 0.084185, -0.965903, 0.244833, -0.005666, 0.022557, -0.243795, -0.969565, 0.032399, 0.0, 0.0, 0.0, 1.0],
                [0.996195, 0.087155, 0.000327, 0.124994, 0.084185, -0.963215, 0.255205, -0.005666, 0.022557, -0.254207, -0.966887, 0.032399, 0.0, 0.0, 0.0, 1.0],
                [0.996195, 0.087155, -0.0, 0.124994, 0.084185, -0.96225, 0.258819, -0.005666, 0.022557, -0.257834, -0.965926, 0.032399, 0.0, 0.0, 0.0, 1.0]
            ]
        },
        {
            "name": "Leg_R",
            "time": [0.0, 0.0167, 0.0333, 0.05, 0.0667, 0.0833, 0.1, 0.1167, 0.1333, 0.15, 0.1667, 0.1833, 0.2, 0.2167, 0.2333, 0.25, 0.2667, 0.2833, 0.3, 0.3167, 0.3333, 0.35, 0.3667, 0.3833, 0.4, 0.4167, 0.4333, 0.45, 0.4667, 0.4833, 0.5, 0.5167, 0.5333, 0.55, 0.5667, 0.5833, 0.6, 0.6167, 0.6333, 0.65, 0.6667, 0.6833, 0.7, 0.7167, 0.7333, 0.75, 0.7667, 0.7833, 0.8, 0.8167, 0.8333, 0.85, 0.8667, 0.8833, 0.9, 0.9167, 0.9333, 0.95, 0.9667, 0.9833, 1.0, 1.0167, 1.0333, 1.05, 1.0667, 1.0833, 1.1, 1.1167, 1.1333, 1.15, 1.1667, 1.1833, 1.2],
            "transform": [
                [0.933031, -0.16694, 0.318723, 0.0, -0.049991, 0.817101, 0.574323, 0.37472, -0.356306, -0.551794, 0.754035, -0.0, 0.0, 0.0, 0.0, 1.0],
                [0.933031, -0.16694, 0.318723, -0.0, -0.049991, 0.817101, 0.574323, 0.37472, -0.356306, -0.551794, 0.754035, 0.0, 0.0, 0.0, 0.0, 1.0],
                [0.933031, -0.16694, 0.318723, 0.0, -0.049991, 0.817101, 0.574323, 0.37472, -0.356306, -0.551794, 0.754035, 0.0, 0.0, 0.0, 0.0, 1.0],
                [0.933031, -0.16694, 0.318723, 0.0, -0.049991, 0.817101, 0.574323, 0.37472, -0.356306, -0.551794, 0.754035, -0.0, 0.0, 0.0, 0.0, 1.0],
                [0.933031, -0.16694, 0.318723, -0.0, -0.049991, 0.817101, 0.574323, 0.37472, -0.356306, -0.551794, 0.754035, 0.0, 0.0, 0.0, 0.0, 1.0],
                [0.933031, -0.16694, 0.318723, 0.0, -0.049991, 0.817101, 0.574323, 0.37472, -0.356306, -0.551794, 0.754035, 0.0, 0.0, 0.0, 0.0, 1.0],
                [0.933031, -0.16694, 0.318723, -0.0, -0.049991, 0.817101, 0.574323, 0.37472, -0.356306, -0.551794, 0.754035, -0.0, 0.0, 0.0, 0.0, 1.0],
                [0.933031, -0.16694, 0.318723, -0.0, -0.049991, 0.817101, 0.574323, 0.37472, -0.356306, -0.551794, 0.754035, -0.0, 0.0, 0.0, 0.0, 1.0],
                [0.933031, -0.16694, 0.318723, 0.0, -0.049991, 0.817101, 0.574323, 0.37472, -0.356306, -0.551794, 0.754035, 0.0, 0.0, 0.0, 0.0, 1.0],
                [0.933031, -0.16694, 0.318723, 0.0, -0.049991, 0.817101, 0.574323, 0.37472, -0.356306, -0.551794, 0.754035, -0.0, 0.0, 0.0, 0.0, 1.0],
                [0.933031, -0.16694, 0.318723, -0.0, -0.049991, 0.817101, 0.574323, 0.37472, -0.356306, -0.551794, 0.754035, 0.0, 0.0, 0.0, 0.0, 1.0],
                [0.933031, -0.16694, 0.318723, 0.0, -0.049991, 0.817101, 0.574323, 0.37472, -0.356306, -0.551794, 0.754035, -0.0, 0.0, 0.0, 0.0, 1.0],
                [0.933031, -0.16694, 0.318723, -0.0, -0.049991, 0.817101, 0.574323, 0.37472, -0.356306, -0.551794, 0.754035, 0.0, 0.0, 0.0, 0.0, 1.0],
                [0.933031, -0.16694, 0.318723, -0.0, -0.049991, 0.817101, 0.574323, 0.37472, -0.356306, -0.551795, 0.754035, -0.0, 0.0, 0.0, 0.0, 1.0],
                [0.933031, -0.16694, 0.318723, 0.0, -0.049991, 0.817101, 0.574323, 0.37472, -0.356306, -0.551794, 0.754035, 0.0, 0.0, 0.0, 0.0, 1.0],
                [0.933031, -0.16694, 0.318723, 0.0, -0.049991, 0.817101, 0.574323, 0.37472, -0.356306, -0.551794, 0.754035, 0.0, 0.0, 0.0, 0.0, 1.0],
                [0.933031, -0.16694, 0.318723, 0.0, -0.049991, 0.817101, 0.574323, 0.37472, -0.356306, -0.551794, 0.754035, 0.0, 0.0, 0.0, 0.0, 1.0],
                [0.933031, -0.16694, 0.318723, 0.0, -0.049991, 0.817101, 0.574323, 0.37472, -0.356306, -0.551794, 0.754035, -0.0, 0.0, 0.0, 0.0, 1.0],
                [0.933031, -0.16694, 0.318723, 0.0, -0.049991, 0.817101, 0.574323, 0.37472, -0.356306, -0.551794, 0.754035, 0.0, 0.0, 0.0, 0.0, 1.0],
                [0.933031, -0.16694, 0.318723, 0.0, -0.049991, 0.817101, 0.574323, 0.37472, -0.356306, -0.551794, 0.754035, 0.0, 0.0, 0.0, 0.0, 1.0],
                [0.933031, -0.16694, 0.318723, 0.0, -0.049991, 0.817101, 0.574323, 0.37472, -0.356306, -0.551794, 0.754035, 0.0, 0.0, 0.0, 0.0, 1.0],
                [0.933031, -0.16694, 0.318723, 0.0, -0.049991, 0.817101, 0.574323, 0.37472, -0.356306, -0.551794, 0.754035, 0.0, 0.0, 0.0, 0.0, 1.0],
                [0.933031, -0.16694, 0.318723, 0.0, -0.049991, 0.817101, 0.574323, 0.37472, -0.356306, -0.551794, 0.754035, -0.0, 0.0, 0.0, 0.0, 1.0],
                [0.933031, -0.16694, 0.318723, 0.0, -0.049991, 0.817101, 0.574323, 0.37472, -0.356306, -0.551794, 0.754035, 0.0, 0.0, 0.0, 0.0, 1.0],
                [0.933031, -0.16694, 0.318723, 0.0, -0.049991, 0.817101, 0.574323, 0.37472, -0.356306, -0.551794, 0.754035, -0.0, 0.0, 0.0, 0.0, 1.0],
                [0.933031, -0.16694, 0.318723, 0.0, -0.049991, 0.817101, 0.574323, 0.37472, -0.356306, -0.551794, 0.754035, 0.0, 0.0, 0.0, 0.0, 1.0],
                [0.933031, -0.16694, 0.318723, 0.0, -0.049991, 0.817101, 0.574323, 0.37472, -0.356306, -0.551794, 0.754035, 0.0, 0.0, 0.0, 0.0, 1.0],
                [0.933031, -0.16694, 0.318723, 0.0, -0.049991, 0.817101, 0.574323, 0.37472, -0.356306, -0.551794, 0.754035, 0.0, 0.0, 0.0, 0.0, 1.0],
                [0.933031, -0.16694, 0.318723, 0.0, -0.049991, 0.817101, 0.574323, 0.37472, -0.356306, -0.551794, 0.754035, 0.0, 0.0, 0.0, 0.0, 1.0],
                [0.933031, -0.16694, 0.318723, 0.0, -0.049991, 0.817101, 0.574323, 0.37472, -0.356306, -0.551794, 0.754035, -0.0, 0.0, 0.0, 0.0, 1.0],
                [0.933031, -0.16694, 0.318723, 0.0, -0.049991, 0.817101, 0.574323, 0.37472, -0.356306, -0.551794, 0.754035, 0.0, 0.0, 0.0, 0.0, 1.0],
                [0.933031, -0.16694, 0.318723, 0.0, -0.049991, 0.817101, 0.574323, 0.37472, -0.356306, -0.551794, 0.754035, 0.0, 0.0, 0.0, 0.0, 1.0],
                [0.933031, -0.16694, 0.318723, 0.0, -0.049991, 0.817101, 0.574323, 0.37472, -0.356306, -0.551794, 0.754035, 0.0, 0.0, 0.0, 0.0, 1.0],
                [0.933031, -0.16694, 0.318723, 0.0, -0.049991, 0.817101, 0.574323, 0.37472, -0.356306, -0.551794, 0.754035, 0.0, 0.0, 0.0, 0.0, 1.0],
                [0.933031, -0.16694, 0.318723, 0.0, -0.049991, 0.817101, 0.574323, 0.37472, -0.356306, -0.551794, 0.754035, -0.0, 0.0, 0.0, 0.0, 1.0],
                [0.933031, -0.16694, 0.318723, 0.0, -0.049991, 0.817101, 0.574323, 0.37472, -0.356306, -0.551794, 0.754035, 0.0, 0.0, 0.0, 0.0, 1.0],
                [0.933031, -0.16694, 0.318723, 0.0, -0.049991, 0.817101, 0.574323, 0.37472, -0.356306, -0.551794, 0.754035, -0.0, 0.0, 0.0, 0.0, 1.0],
                [0.933031, -0.16694, 0.318723, 0.0, -0.049991, 0.817101, 0.574323, 0.37472, -0.356306, -0.551794, 0.754035, 0.0, 0.0, 0.0, 0.0, 1.0],
                [0.933031, -0.16694, 0.318723, 0.0, -0.049991, 0.817101, 0.574323, 0.37472, -0.356306, -0.551794, 0.754035, 0.0, 0.0, 0.0, 0.0, 1.0],
                [0.933031, -0.16694, 0.318723, 0.0, -0.049991, 0.817101, 0.574323, 0.37472, -0.356306, -0.551794, 0.754035, 0.0, 0.0, 0.0, 0.0, 1.0],
                [0.933031, -0.16694, 0.318723, 0.0, -0.049991, 0.817101, 0.574323, 0.37472, -0.356306, -0.551794, 0.754035, 0.0, 0.0, 0.0, 0.0, 1.0],
                [0.933031, -0.16694, 0.318723, 0.0, -0.049991, 0.817101, 0.574323, 0.37472, -0.356306, -0.551794, 0.754035, 0.0, 0.0, 0.0, 0.0, 1.0],
                [0.933031, -0.16694, 0.318723, 0.0, -0.049991, 0.817101, 0.574323, 0.37472, -0.356306, -0.551794, 0.754035, -0.0, 0.0, 0.0, 0.0, 1.0],
                [0.933031, -0.16694, 0.318723, 0.0, -0.049991, 0.817101, 0.574323, 0.37472, -0.356306, -0.551794, 0.754035, 0.0, 0.0, 0.0, 0.0, 1.0],
                [0.933031, -0.16694, 0.318723, 0.0, -0.049991, 0.817101, 0.574323, 0.37472, -0.356306, -0.551794, 0.754035, 0.0, 0.0, 0.0, 0.0, 1.0],
                [0.933031, -0.16694, 0.318723, 0.0, -0.049991, 0.817101, 0.574323, 0.37472, -0.356306, -0.551794, 0.754035, 0.0, 0.0, 0.0, 0.0, 1.0],
                [0.933031, -0.16694, 0.318723, 0.0, -0.049991, 0.817101, 0.574323, 0.37472, -0.356306, -0.551794, 0.754035, 0.0, 0.0, 0.0, 0.0, 1.0],
                [0.933031, -0.16694, 0.318723, 0.0, -0.049991, 0.817101, 0.574323, 0.37472, -0.356306, -0.551794, 0.754035, 0.0, 0.0, 0.0, 0.0, 1.0],
                [0.933031, -0.16694, 0.318723, 0.0, -0.049991, 0.817101, 0.574323, 0.37472, -0.356306, -0.551794, 0.754035, -0.0, 0.0, 0.0, 0.0, 1.0],
                [0.933031, -0.16694, 0.318723, 0.0, -0.049991, 0.817101, 0.574323, 0.37472, -0.356306, -0.551794, 0.754035, 0.0, 0.0, 0.0, 0.0, 1.0],
                [0.933031, -0.16694, 0.318723, 0.0, -0.049991, 0.817101, 0.574323, 0.37472, -0.356306, -0.551794, 0.754035, 0.0, 0.0, 0.0, 0.0, 1.0],
                [0.933031, -0.16694, 0.318723, 0.0, -0.049991, 0.817101, 0.574323, 0.37472, -0.356306, -0.551794, 0.754035, 0.0, 0.0, 0.0, 0.0, 1.0],
                [0.933031, -0.16694, 0.318723, 0.0, -0.049991, 0.817101, 0.574323, 0.37472, -0.356306, -0.551794, 0.754035, 0.0, 0.0, 0.0, 0.0, 1.0],
                [0.933031, -0.16694, 0.318723, 0.0, -0.049991, 0.817101, 0.574323, 0.37472, -0.356306, -0.551794, 0.754035, 0.0, 0.0, 0.0, 0.0, 1.0],
                [0.933031, -0.16694, 0.318723, -0.0, -0.049991, 0.817101, 0.574323, 0.37472, -0.356306, -0.551794, 0.754035, 0.0, 0.0, 0.0, 0.0, 1.0],
                [0.933031, -0.16694, 0.318723, 0.0, -0.049991, 0.817101, 0.574323, 0.37472, -0.356306, -0.551794, 0.754035, 0.0, 0.0, 0.0, 0.0, 1.0],
                [0.933031, -0.16694, 0.318723, 0.0, -0.049991, 0.817101, 0.574323, 0.37472, -0.356306, -0.551794, 0.754035, -0.0, 0.0, 0.0, 0.0, 1.0],
                [0.933031, -0.16694, 0.318723, -0.0, -0.049991, 0.817101, 0.574323, 0.37472, -0.356306, -0.551795, 0.754035, 0.0, 0.0, 0.0, 0.0, 1.0],
                [0.933031, -0.16694, 0.318723, 0.0, -0.049991, 0.817101, 0.574323, 0.37472, -0.356306, -0.551794, 0.754035, 0.0, 0.0, 0.0, 0.0, 1.0],
                [0.933031, -0.16694, 0.318723, -0.0, -0.049991, 0.817101, 0.574323, 0.37472, -0.356306, -0.551794, 0.754035, -0.0, 0.0, 0.0, 0.0, 1.0],
                [0.933031, -0.16694, 0.318723, -0.0, -0.049991, 0.817101, 0.574323, 0.37472, -0.356306, -0.551795, 0.754035, 0.0, 0.0, 0.0, 0.0, 1.0],
                [0.933031, -0.16694, 0.318723, 0.0, -0.049991, 0.817101, 0.574323, 0.37472, -0.356306, -0.551794, 0.754035, -0.0, 0.0, 0.0, 0.0, 1.0],
                [0.933031, -0.16694, 0.318723, 0.0, -0.049991, 0.817101, 0.574323, 0.37472, -0.356306, -0.551794, 0.754035, -0.0, 0.0, 0.0, 0.0, 1.0],
                [0.933031, -0.16694, 0.318723, -0.0, -0.049991, 0.817101, 0.574323, 0.37472, -0.356306, -0.551794, 0.754035, 0.0, 0.0, 0.0, 0.0, 1.0],
                [0.933031, -0.16694, 0.318723, -0.0, -0.049991, 0.817101, 0.574323, 0.37472, -0.356306, -0.551794, 0.754035, -0.0, 0.0, 0.0, 0.0, 1.0],
                [0.933031, -0.16694, 0.318723, -0.0, -0.049991, 0.817101, 0.574323, 0.37472, -0.356306, -0.551794, 0.754035, -0.0, 0.0, 0.0, 0.0, 1.0],
                [0.933031, -0.16694, 0.318723, -0.0, -0.049991, 0.817101, 0.574323, 0.37472, -0.356306, -0.551794, 0.754035, -0.0, 0.0, 0.0, 0.0, 1.0],
                [0.933031, -0.16694, 0.318723, 0.0, -0.049991, 0.817101, 0.574323, 0.37472, -0.356306, -0.551794, 0.754035, -0.0, 0.0, 0.0, 0.0, 1.0],
                [0.933031, -0.16694, 0.318723, 0.0, -0.049991, 0.817101, 0.574323, 0.37472, -0.356306, -0.551794, 0.754035, 0.0, 0.0, 0.0, 0.0, 1.0],
