{
    "armature": {
        "joints": ["Root", "Thigh_R", "Leg_R", "Knee_R", "Thigh_L", "Leg_L", "Knee_L", "Torso", "Chest", "Head", "Shoulder_R", "Arm_R", "Hand_R", "Tool_R", "Elbow_R", "Shoulder_L", "Arm_L", "Hand_L", "Tool_L", "Elbow_L"],
        "hierarchy": [
            {
                "name": "Root",
                "transform": [1.0, 0.0, 0.0, -5e-06, 0.0, 0.0, -1.0, 0.000946, 0.0, 1.0, 0.0, 0.763972, 0.0, 0.0, 0.0, 1.0],
                "children": [
                    {
                        "name": "Thigh_R",
                        "transform": [1.0, -0.0, -0.0, 0.124994, -0.0, -1.0, 0.0, -0.002831, -0.0, -0.0, -1.0, -1.2e-05, 0.0, 0.0, 0.0, 1.0],
                        "children": [
                            {
                                "name": "Leg_R",
                                "transform": [1.0, 0.0, 1e-06, 0.0, -0.0, 1.0, 0.0, 0.37472, -1e-06, -0.0, 1.0, -0.0, 0.0, 0.0, 0.0, 1.0],
                                "children": []
                            },
                            {
                                "name": "Knee_R",
                                "transform": [1.0, 0.0, -0.0, 0.0, -0.0, 0.0, -1.0, 0.37472, -0.0, 1.0, 0.0, -0.0, 0.0, 0.0, 0.0, 1.0],
                                "children": []
                            }
                        ]
                    },
                    {
                        "name": "Thigh_L",
                        "transform": [1.0, -0.0, -0.0, -0.125006, -0.0, -1.0, 0.0, -0.002831, -0.0, -0.0, -1.0, -1.2e-05, 0.0, 0.0, 0.0, 1.0],
                        "children": [
                            {
                                "name": "Leg_L",
                                "transform": [1.0, 0.0, 1e-06, -0.0, -0.0, 1.0, 0.0, 0.37472, -1e-06, -0.0, 1.0, 0.0, 0.0, 0.0, 0.0, 1.0],
                                "children": []
                            },
                            {
                                "name": "Knee_L",
                                "transform": [1.0, 0.0, -0.0, -0.0, -0.0, 0.0, -1.0, 0.37472, -0.0, 1.0, 0.0, 0.0, 0.0, 0.0, 0.0, 1.0],
                                "children": []
                            }
                        ]
                    },
                    {
                        "name": "Torso",
                        "transform": [1.0, 0.0, 0.0, 0.0, 0.0, 1.0, 0.0, 0.05, 0.0, 0.0, 1.0, 0.0, 0.0, 0.0, 0.0, 1.0],
                        "children": [
                            {
                                "name": "Chest",
                                "transform": [1.0, 0.0, 0.0, 0.0, 0.0, 1.0, 0.0, 0.3, 0.0, 0.0, 1.0, 0.0, 0.0, 0.0, 0.0, 1.0],
                                "children": [
                                    {
                                        "name": "Head",
                                        "transform": [1.0, 0.0, 0.0, 0.0, 0.0, 1.0, 0.0, 0.4, 0.0, 0.0, 1.0, 0.0, 0.0, 0.0, 0.0, 1.0],
                                        "children": []
                                    },
                                    {
                                        "name": "Shoulder_R",
                                        "transform": [0.0, 0.952114, 0.305743, 0.0, 0.0, -0.305743, 0.952114, 0.4, 1.0, 0.0, -0.0, 0.0, 0.0, 0.0, 0.0, 1.0],
                                        "children": [
                                            {
                                                "name": "Arm_R",
                                                "transform": [0.0, -0.0, -1.0, -0.0, 0.952114, 0.305743, 0.0, 0.39386, 0.305743, -0.952114, 0.0, 0.0, 0.0, 0.0, 0.0, 1.0],
                                                "children": [
                                                    {
                                                        "name": "Hand_R",
                                                        "transform": [1.0, 0.0, 0.0, 0.0, -0.0, 0.993938, 0.109947, 0.3, -0.0, -0.109947, 0.993937, 0.0, 0.0, 0.0, 0.0, 1.0],
                                                        "children": [
                                                            {
                                                                "name": "Tool_R",
                                                                "transform": [1.0, 0.0, 0.0, -0.0, 0.0, -0.999836, 0.018122, 0.272858, 0.0, -0.018122, -0.999836, 0.0, 0.0, 0.0, 0.0, 1.0],
                                                                "children": []
                                                            }
                                                        ]
                                                    },
                                                    {
                                                        "name": "Elbow_R",
                                                        "transform": [-1.0, 0.0, -0.0, 0.0, 0.0, 0.0, -1.0, 0.3, -0.0, -1.0, -0.0, 0.0, 0.0, 0.0, 0.0, 1.0],
                                                        "children": []
                                                    }
                                                ]
                                            }
                                        ]
                                    },
                                    {
                                        "name": "Shoulder_L",
                                        "transform": [-0.0, -0.952114, -0.305743, 0.0, 0.0, -0.305743, 0.952114, 0.4, -1.0, 0.0, 0.0, 0.0, 0.0, 0.0, 0.0, 1.0],
                                        "children": [
                                            {
                                                "name": "Arm_L",
                                                "transform": [-0.0, -0.0, 1.0, -0.0, -0.952114, 0.305743, -0.0, 0.39386, -0.305743, -0.952114, -0.0, 0.0, 0.0, 0.0, 0.0, 1.0],
                                                "children": [
                                                    {
                                                        "name": "Hand_L",
                                                        "transform": [1.0, -0.0, 0.0, -0.0, 0.0, 0.993937, 0.109947, 0.3, -0.0, -0.109947, 0.993937, 0.0, 0.0, 0.0, 0.0, 1.0],
                                                        "children": [
                                                            {
                                                                "name": "Tool_L",
                                                                "transform": [1.0, 0.0, 0.0, -0.0, -0.0, -0.999836, 0.018122, 0.272858, 0.0, -0.018122, -0.999836, -0.0, 0.0, 0.0, 0.0, 1.0],
                                                                "children": []
                                                            }
                                                        ]
                                                    },
                                                    {
                                                        "name": "Elbow_L",
                                                        "transform": [-1.0, 0.0, -0.0, -0.0, 0.0, -0.0, -1.0, 0.3, -0.0, -1.0, 0.0, 0.0, 0.0, 0.0, 0.0, 1.0],
                                                        "children": []
                                                    }
                                                ]
                                            }
                                        ]
                                    }
                                ]
                            }
                        ]
                    }
                ]
            }
        ]
    },
    "animation": [
        {
            "name": "Root",
            "time": [0.0, 0.0167, 0.0333, 0.05, 0.0667, 0.0833, 0.1, 0.1167, 0.1333, 0.15, 0.1667, 0.1833, 0.2, 0.2167, 0.2333, 0.25, 0.2667, 0.2833, 0.3, 0.3167, 0.3333, 0.35, 0.3667, 0.3833, 0.4, 0.4167, 0.4333, 0.45, 0.4667, 0.4833, 0.5, 0.5167, 0.5333, 0.55, 0.5667, 0.5833, 0.6, 0.6167, 0.6333, 0.65, 0.6667, 0.6833, 0.7, 0.7167, 0.7333, 0.75, 0.7667, 0.7833, 0.8, 0.8167, 0.8333, 0.85, 0.8667, 0.8833, 0.9, 0.9167, 0.9333, 0.95, 0.9667, 0.9833, 1.0, 1.0167, 1.0333, 1.05, 1.0667, 1.0833, 1.1, 1.1167, 1.1333, 1.15, 1.1667, 1.1833, 1.2, 1.2167, 1.2333, 1.25, 1.2667, 1.2833, 1.3, 1.3167, 1.3333, 1.35, 1.3667, 1.3833, 1.4, 1.4167],
            "transform": [
                [1.0, 0.0, 0.0, -5e-06, 0.0, 0.0, -1.0, 0.000946, 0.0, 1.0, 0.0, 0.763972, 0.0, 0.0, 0.0, 1.0],
                [1.0, 0.0, 0.0, -5e-06, 0.0, 0.0, -1.0, 0.015176, 0.0, 1.0, 0.0, 0.763972, 0.0, 0.0, 0.0, 1.0],
                [1.0, 0.0, 0.0, -5e-06, 0.0, 0.0, -1.0, 0.054657, 0.0, 1.0, 0.0, 0.763972, 0.0, 0.0, 0.0, 1.0],
                [1.0, 0.0, 0.0, -5e-06, 0.0, 0.0, -1.0, 0.114582, 0.0, 1.0, 0.0, 0.763972, 0.0, 0.0, 0.0, 1.0],
                [1.0, 0.0, 0.0, -5e-06, 0.0, 0.0, -1.0, 0.19014, 0.0, 1.0, 0.0, 0.763972, 0.0, 0.0, 0.0, 1.0],
                [1.0, 0.0, 0.0, -5e-06, 0.0, 0.0, -1.0, 0.276524, 0.0, 1.0, 0.0, 0.763972, 0.0, 0.0, 0.0, 1.0],
                [1.0, 0.0, 0.0, -5e-06, 0.0, 0.0, -1.0, 0.368923, 0.0, 1.0, 0.0, 0.763972, 0.0, 0.0, 0.0, 1.0],
                [1.0, 0.0, 0.0, -5e-06, 0.0, 0.0, -1.0, 0.462529, 0.0, 1.0, 0.0, 0.763972, 0.0, 0.0, 0.0, 1.0],
                [1.0, 0.0, 0.0, -5e-06, 0.0, 0.0, -1.0, 0.552533, 0.0, 1.0, 0.0, 0.763972, 0.0, 0.0, 0.0, 1.0],
                [1.0, 0.0, 0.0, -5e-06, 0.0, 0.0, -1.0, 0.634125, 0.0, 1.0, 0.0, 0.763972, 0.0, 0.0, 0.0, 1.0],
                [1.0, 0.0, 0.0, -5e-06, 0.0, 0.0, -1.0, 0.702496, 0.0, 1.0, 0.0, 0.763972, 0.0, 0.0, 0.0, 1.0],
                [1.0, 0.0, 0.0, -5e-06, 0.0, 0.0, -1.0, 0.752837, 0.0, 1.0, 0.0, 0.763972, 0.0, 0.0, 0.0, 1.0],
                [1.0, 0.0, 0.0, -5e-06, 0.0, 0.0, -1.0, 0.78034, 0.0, 1.0, 0.0, 0.763972, 0.0, 0.0, 0.0, 1.0],
                [1.0, 0.0, 0.0, -5e-06, 0.0, 0.0, -1.0, 0.792849, 0.0, 1.0, 0.0, 0.763972, 0.0, 0.0, 0.0, 1.0],
                [1.0, 0.0, 0.0, -5e-06, 0.0, 0.0, -1.0, 0.801813, 0.0, 1.0, 0.0, 0.763972, 0.0, 0.0, 0.0, 1.0],
                [1.0, 0.0, 0.0, -5e-06, 0.0, 0.0, -1.0, 0.807822, 0.0, 1.0, 0.0, 0.763972, 0.0, 0.0, 0.0, 1.0],
                [1.0, 0.0, 0.0, -5e-06, 0.0, 0.0, -1.0, 0.811467, 0.0, 1.0, 0.0, 0.763972, 0.0, 0.0, 0.0, 1.0],
                [1.0, 0.0, 0.0, -5e-06, 0.0, 0.0, -1.0, 0.813338, 0.0, 1.0, 0.0, 0.763972, 0.0, 0.0, 0.0, 1.0],
                [1.0, 0.0, 0.0, -5e-06, 0.0, 0.0, -1.0, 0.814028, 0.0, 1.0, 0.0, 0.763972, 0.0, 0.0, 0.0, 1.0],
                [1.0, 0.0, 0.0, -5e-06, 0.0, 0.0, -1.0, 0.814126, 0.0, 1.0, 0.0, 0.763972, 0.0, 0.0, 0.0, 1.0],
                [1.0, 0.0, 0.0, -5e-06, 0.0, 0.0, -1.0, 0.814225, 0.0, 1.0, 0.0, 0.763972, 0.0, 0.0, 0.0, 1.0],
                [1.0, 0.0, 0.0, -5e-06, 0.0, 0.0, -1.0, 0.814914, 0.0, 1.0, 0.0, 0.763972, 0.0, 0.0, 0.0, 1.0],
                [1.0, 0.0, 0.0, -5e-06, 0.0, 0.0, -1.0, 0.816786, 0.0, 1.0, 0.0, 0.763972, 0.0, 0.0, 0.0, 1.0],
                [1.0, 0.0, 0.0, -5e-06, 0.0, 0.0, -1.0, 0.82043, 0.0, 1.0, 0.0, 0.763972, 0.0, 0.0, 0.0, 1.0],
                [1.0, 0.0, 0.0, -5e-06, 0.0, 0.0, -1.0, 0.826439, 0.0, 1.0, 0.0, 0.763972, 0.0, 0.0, 0.0, 1.0],
                [1.0, 0.0, 0.0, -5e-06, 0.0, 0.0, -1.0, 0.835403, 0.0, 1.0, 0.0, 0.763972, 0.0, 0.0, 0.0, 1.0],
                [1.0, 0.0, 0.0, -5e-06, 0.0, 0.0, -1.0, 0.847913, 0.0, 1.0, 0.0, 0.763972, 0.0, 0.0, 0.0, 1.0],
                [1.0, 0.0, 0.0, -5e-06, 0.0, 0.0, -1.0, 0.882662, 0.0, 1.0, 0.0, 0.763972, 0.0, 0.0, 0.0, 1.0],
                [1.0, 0.0, 0.0, -5e-06, 0.0, 0.0, -1.0, 0.952114, 0.0, 1.0, 0.0, 0.763972, 0.0, 0.0, 0.0, 1.0],
                [1.0, 0.0, 0.0, -5e-06, 0.0, 0.0, -1.0, 1.047517, 0.0, 1.0, 0.0, 0.763972, 0.0, 0.0, 0.0, 1.0],
                [1.0, 0.0, 0.0, -5e-06, 0.0, 0.0, -1.0, 1.160116, 0.0, 1.0, 0.0, 0.763972, 0.0, 0.0, 0.0, 1.0],
                [1.0, 0.0, 0.0, -5e-06, 0.0, 0.0, -1.0, 1.281158, 0.0, 1.0, 0.0, 0.763972, 0.0, 0.0, 0.0, 1.0],
                [1.0, 0.0, 0.0, -5e-06, 0.0, 0.0, -1.0, 1.40189, 0.0, 1.0, 0.0, 0.763972, 0.0, 0.0, 0.0, 1.0],
                [1.0, 0.0, 0.0, -5e-06, 0.0, 0.0, -1.0, 1.513559, 0.0, 1.0, 0.0, 0.763972, 0.0, 0.0, 0.0, 1.0],
                [1.0, 0.0, 0.0, -5e-06, 0.0, 0.0, -1.0, 1.607412, 0.0, 1.0, 0.0, 0.763972, 0.0, 0.0, 0.0, 1.0],
                [1.0, 0.0, 0.0, -5e-06, 0.0, 0.0, -1.0, 1.674695, 0.0, 1.0, 0.0, 0.763972, 0.0, 0.0, 0.0, 1.0],
                [1.0, 0.0, 0.0, -5e-06, 0.0, 0.0, -1.0, 1.706654, 0.0, 1.0, 0.0, 0.763972, 0.0, 0.0, 0.0, 1.0],
                [1.0, 0.0, 0.0, -5e-06, 0.0, 0.0, -1.0, 1.717602, 0.0, 1.0, 0.0, 0.763972, 0.0, 0.0, 0.0, 1.0],
                [1.0, 0.0, 0.0, -5e-06, 0.0, 0.0, -1.0, 1.727708, 0.0, 1.0, 0.0, 0.763972, 0.0, 0.0, 0.0, 1.0],
                [1.0, 0.0, 0.0, -5e-06, 0.0, 0.0, -1.0, 1.737007, 0.0, 1.0, 0.0, 0.763972, 0.0, 0.0, 0.0, 1.0],
                [1.0, 0.0, 0.0, -5e-06, 0.0, 0.0, -1.0, 1.74553, 0.0, 1.0, 0.0, 0.763972, 0.0, 0.0, 0.0, 1.0],
                [1.0, 0.0, 0.0, -5e-06, 0.0, 0.0, -1.0, 1.753314, 0.0, 1.0, 0.0, 0.763972, 0.0, 0.0, 0.0, 1.0],
                [1.0, 0.0, 0.0, -5e-06, 0.0, 0.0, -1.0, 1.76039, 0.0, 1.0, 0.0, 0.763972, 0.0, 0.0, 0.0, 1.0],
                [1.0, 0.0, 0.0, -5e-06, 0.0, 0.0, -1.0, 1.766793, 0.0, 1.0, 0.0, 0.763972, 0.0, 0.0, 0.0, 1.0],
                [1.0, 0.0, 0.0, -5e-06, 0.0, 0.0, -1.0, 1.772556, 0.0, 1.0, 0.0, 0.763972, 0.0, 0.0, 0.0, 1.0],
                [1.0, 0.0, 0.0, -5e-06, 0.0, 0.0, -1.0, 1.777712, 0.0, 1.0, 0.0, 0.763972, 0.0, 0.0, 0.0, 1.0],
                [1.0, 0.0, 0.0, -5e-06, 0.0, 0.0, -1.0, 1.782297, 0.0, 1.0, 0.0, 0.763972, 0.0, 0.0, 0.0, 1.0],
                [1.0, 0.0, 0.0, -5e-06, 0.0, 0.0, -1.0, 1.786343, 0.0, 1.0, 0.0, 0.763972, 0.0, 0.0, 0.0, 1.0],
                [1.0, 0.0, 0.0, -5e-06, 0.0, 0.0, -1.0, 1.789884, 0.0, 1.0, 0.0, 0.763972, 0.0, 0.0, 0.0, 1.0],
                [1.0, 0.0, 0.0, -5e-06, 0.0, 0.0, -1.0, 1.792953, 0.0, 1.0, 0.0, 0.763972, 0.0, 0.0, 0.0, 1.0],
                [1.0, 0.0, 0.0, -5e-06, 0.0, 0.0, -1.0, 1.795585, 0.0, 1.0, 0.0, 0.763972, 0.0, 0.0, 0.0, 1.0],
                [1.0, 0.0, 0.0, -5e-06, 0.0, 0.0, -1.0, 1.797813, 0.0, 1.0, 0.0, 0.763972, 0.0, 0.0, 0.0, 1.0],
                [1.0, 0.0, 0.0, -5e-06, 0.0, 0.0, -1.0, 1.79967, 0.0, 1.0, 0.0, 0.763972, 0.0, 0.0, 0.0, 1.0],
                [1.0, 0.0, 0.0, -5e-06, 0.0, 0.0, -1.0, 1.801191, 0.0, 1.0, 0.0, 0.763972, 0.0, 0.0, 0.0, 1.0],
                [1.0, 0.0, 0.0, -5e-06, 0.0, 0.0, -1.0, 1.802409, 0.0, 1.0, 0.0, 0.763972, 0.0, 0.0, 0.0, 1.0],
                [1.0, 0.0, 0.0, -5e-06, 0.0, 0.0, -1.0, 1.803357, 0.0, 1.0, 0.0, 0.763972, 0.0, 0.0, 0.0, 1.0],
                [1.0, 0.0, 0.0, -5e-06, 0.0, 0.0, -1.0, 1.80407, 0.0, 1.0, 0.0, 0.763972, 0.0, 0.0, 0.0, 1.0],
                [1.0, 0.0, 0.0, -5e-06, 0.0, 0.0, -1.0, 1.80458, 0.0, 1.0, 0.0, 0.763972, 0.0, 0.0, 0.0, 1.0],
                [1.0, 0.0, 0.0, -5e-06, 0.0, 0.0, -1.0, 1.804923, 0.0, 1.0, 0.0, 0.763972, 0.0, 0.0, 0.0, 1.0],
                [1.0, 0.0, 0.0, -5e-06, 0.0, 0.0, -1.0, 1.80513, 0.0, 1.0, 0.0, 0.763972, 0.0, 0.0, 0.0, 1.0],
                [1.0, 0.0, 0.0, -5e-06, 0.0, 0.0, -1.0, 1.805237, 0.0, 1.0, 0.0, 0.763972, 0.0, 0.0, 0.0, 1.0],
                [1.0, 0.0, 0.0, -5e-06, 0.0, 0.0, -1.0, 1.805276, 0.0, 1.0, 0.0, 0.763972, 0.0, 0.0, 0.0, 1.0],
                [1.0, 0.0, 0.0, -5e-06, 0.0, 0.0, -1.0, 1.805282, 0.0, 1.0, 0.0, 0.763972, 0.0, 0.0, 0.0, 1.0],
                [1.0, 0.0, 0.0, -5e-06, 0.0, 0.0, -1.0, 1.802466, 0.0, 1.0, 0.0, 0.763972, 0.0, 0.0, 0.0, 1.0],
                [1.0, 0.0, 0.0, -5e-06, 0.0, 0.0, -1.0, 1.794354, 0.0, 1.0, 0.0, 0.763972, 0.0, 0.0, 0.0, 1.0],
                [1.0, 0.0, 0.0, -5e-06, 0.0, 0.0, -1.0, 1.78145, 0.0, 1.0, 0.0, 0.763972, 0.0, 0.0, 0.0, 1.0],
                [1.0, 0.0, 0.0, -5e-06, 0.0, 0.0, -1.0, 1.764259, 0.0, 1.0, 0.0, 0.763972, 0.0, 0.0, 0.0, 1.0],
                [1.0, 0.0, 0.0, -5e-06, 0.0, 0.0, -1.0, 1.743285, 0.0, 1.0, 0.0, 0.763972, 0.0, 0.0, 0.0, 1.0],
                [1.0, 0.0, 0.0, -5e-06, 0.0, 0.0, -1.0, 1.719033, 0.0, 1.0, 0.0, 0.763972, 0.0, 0.0, 0.0, 1.0],
                [1.0, 0.0, 0.0, -5e-06, 0.0, 0.0, -1.0, 1.692007, 0.0, 1.0, 0.0, 0.763972, 0.0, 0.0, 0.0, 1.0],
                [1.0, 0.0, 0.0, -5e-06, 0.0, 0.0, -1.0, 1.662711, 0.0, 1.0, 0.0, 0.763972, 0.0, 0.0, 0.0, 1.0],
                [1.0, 0.0, 0.0, -5e-06, 0.0, 0.0, -1.0, 1.63165, 0.0, 1.0, 0.0, 0.763972, 0.0, 0.0, 0.0, 1.0],
                [1.0, 0.0, 0.0, -5e-06, 0.0, 0.0, -1.0, 1.599328, 0.0, 1.0, 0.0, 0.763972, 0.0, 0.0, 0.0, 1.0],
                [1.0, 0.0, 0.0, -5e-06, 0.0, 0.0, -1.0, 1.566249, 0.0, 1.0, 0.0, 0.763972, 0.0, 0.0, 0.0, 1.0],
                [1.0, 0.0, 0.0, -5e-06, 0.0, 0.0, -1.0, 1.532918, 0.0, 1.0, 0.0, 0.763972, 0.0, 0.0, 0.0, 1.0],
                [1.0, 0.0, 0.0, -5e-06, 0.0, 0.0, -1.0, 1.499839, 0.0, 1.0, 0.0, 0.763972, 0.0, 0.0, 0.0, 1.0],
                [1.0, 0.0, 0.0, -5e-06, 0.0, 0.0, -1.0, 1.467517, 0.0, 1.0, 0.0, 0.763972, 0.0, 0.0, 0.0, 1.0],
                [1.0, 0.0, 0.0, -5e-06, 0.0, 0.0, -1.0, 1.436456, 0.0, 1.0, 0.0, 0.763972, 0.0, 0.0, 0.0, 1.0],
                [1.0, 0.0, 0.0, -5e-06, 0.0, 0.0, -1.0, 1.40716, 0.0, 1.0, 0.0, 0.763972, 0.0, 0.0, 0.0, 1.0],
                [1.0, 0.0, 0.0, -5e-06, 0.0, 0.0, -1.0, 1.380134, 0.0, 1.0, 0.0, 0.763972, 0.0, 0.0, 0.0, 1.0],
                [1.0, 0.0, 0.0, -5e-06, 0.0, 0.0, -1.0, 1.355882, 0.0, 1.0, 0.0, 0.763972, 0.0, 0.0, 0.0, 1.0],
                [1.0, 0.0, 0.0, -5e-06, 0.0, 0.0, -1.0, 1.334908, 0.0, 1.0, 0.0, 0.763972, 0.0, 0.0, 0.0, 1.0],
                [1.0, 0.0, 0.0, -5e-06, 0.0, 0.0, -1.0, 1.317717, 0.0, 1.0, 0.0, 0.763972, 0.0, 0.0, 0.0, 1.0],
                [1.0, 0.0, 0.0, -5e-06, 0.0, 0.0, -1.0, 1.304814, 0.0, 1.0, 0.0, 0.763972, 0.0, 0.0, 0.0, 1.0],
                [1.0, 0.0, 0.0, -5e-06, 0.0, 0.0, -1.0, 1.296701, 0.0, 1.0, 0.0, 0.763972, 0.0, 0.0, 0.0, 1.0],
                [1.0, 0.0, 0.0, -5e-06, 0.0, 0.0, -1.0, 1.293885, 0.0, 1.0, 0.0, 0.763972, 0.0, 0.0, 0.0, 1.0]
            ]
        },
        {
            "name": "Thigh_R",
            "time": [0.0, 0.0167, 0.0333, 0.05, 0.0667, 0.0833, 0.1, 0.1167, 0.1333, 0.15, 0.1667, 0.1833, 0.2, 0.2167, 0.2333, 0.25, 0.2667, 0.2833, 0.3, 0.3167, 0.3333, 0.35, 0.3667, 0.3833, 0.4, 0.4167, 0.4333, 0.45, 0.4667, 0.4833, 0.5, 0.5167, 0.5333, 0.55, 0.5667, 0.5833, 0.6, 0.6167, 0.6333, 0.65, 0.6667, 0.6833, 0.7, 0.7167, 0.7333, 0.75, 0.7667, 0.7833, 0.8, 0.8167, 0.8333, 0.85, 0.8667, 0.8833, 0.9, 0.9167, 0.9333, 0.95, 0.9667, 0.9833, 1.0, 1.0167, 1.0333, 1.05, 1.0667, 1.0833, 1.1, 1.1167, 1.1333, 1.15, 1.1667, 1.1833, 1.2, 1.2167, 1.2333, 1.25, 1.2667, 1.2833, 1.3, 1.3167, 1.3333, 1.35, 1.3667, 1.3833, 1.4, 1.4167],
            "transform": [
                [0.996195, 0.075479, 0.043578, 0.124994, 0.084185, -0.962743, -0.256981, -0.005666, 0.022557, 0.259672, -0.965433, 0.032399, 0.0, 0.0, 0.0, 1.0],
                [0.996195, 0.075479, 0.043578, 0.124994, 0.084185, -0.962743, -0.256981, -0.005666, 0.022557, 0.259672, -0.965433, 0.032399, 0.0, 0.0, 0.0, 1.0],
                [0.996195, 0.075479, 0.043578, 0.124994, 0.084185, -0.962743, -0.256981, -0.005666, 0.022557, 0.259672, -0.965433, 0.032399, 0.0, 0.0, 0.0, 1.0],
                [0.996195, 0.076491, 0.041775, 0.124994, 0.084185, -0.968569, -0.234067, -0.005666, 0.022557, 0.236693, -0.971323, 0.032399, 0.0, 0.0, 0.0, 1.0],
                [0.996195, 0.079043, 0.036719, 0.124994, 0.084185, -0.981724, -0.170676, -0.005666, 0.022557, 0.173118, -0.984643, 0.032399, 0.0, 0.0, 0.0, 1.0],
                [0.996195, 0.08223, 0.028884, 0.124994, 0.084185, -0.993646, -0.074702, -0.005666, 0.022557, 0.076849, -0.996788, 0.032399, 0.0, 0.0, 0.0, 1.0],
                [0.996195, 0.085086, 0.018877, 0.124994, 0.084185, -0.995466, 0.04426, -0.005666, 0.022557, -0.042503, -0.998842, 0.032399, 0.0, 0.0, 0.0, 1.0],
                [0.996195, 0.086824, 0.007596, 0.124994, 0.084185, -0.981146, 0.173969, -0.005666, 0.022557, -0.172667, -0.984722, 0.032399, 0.0, 0.0, 0.0, 1.0],
                [0.996195, 0.087072, -0.003815, 0.124994, 0.084185, -0.949998, 0.300693, -0.005666, 0.022557, -0.29987, -0.953713, 0.032399, 0.0, 0.0, 0.0, 1.0],
                [0.996195, 0.085996, -0.014166, 0.124994, 0.084185, -0.907387, 0.411778, -0.005666, 0.022557, -0.411403, -0.911174, 0.032399, 0.0, 0.0, 0.0, 1.0],
                [0.996195, 0.084218, -0.022436, 0.124994, 0.084185, -0.863195, 0.497802, -0.005666, 0.022557, -0.497797, -0.867, 0.032399, 0.0, 0.0, 0.0, 1.0],
                [0.996195, 0.082583, -0.027857, 0.124994, 0.084185, -0.829047, 0.552805, -0.005666, 0.022557, -0.553047, -0.832845, 0.032399, 0.0, 0.0, 0.0, 1.0],
                [0.996195, 0.081899, -0.029809, 0.124994, 0.084185, -0.815698, 0.572319, -0.005666, 0.022557, -0.572651, -0.819489, 0.032399, 0.0, 0.0, 0.0, 1.0],
                [0.996195, 0.081899, -0.029809, 0.124994, 0.084185, -0.815698, 0.572319, -0.005666, 0.022557, -0.572651, -0.819489, 0.032399, 0.0, 0.0, 0.0, 1.0],
                [0.996195, 0.081899, -0.029809, 0.124994, 0.084185, -0.815698, 0.572319, -0.005666, 0.022557, -0.572651, -0.819489, 0.032399, 0.0, 0.0, 0.0, 1.0],
                [0.996195, 0.081899, -0.029809, 0.124994, 0.084185, -0.815698, 0.572319, -0.005666, 0.022557, -0.572651, -0.819489, 0.032399, 0.0, 0.0, 0.0, 1.0],
                [0.996195, 0.081899, -0.029809, 0.124994, 0.084185, -0.815698, 0.572319, -0.005666, 0.022557, -0.572651, -0.819489, 0.032399, 0.0, 0.0, 0.0, 1.0],
                [0.996195, 0.081899, -0.029809, 0.124994, 0.084185, -0.815698, 0.572319, -0.005666, 0.022557, -0.572651, -0.819489, 0.032399, 0.0, 0.0, 0.0, 1.0],
                [0.996195, 0.081899, -0.029809, 0.124994, 0.084185, -0.815698, 0.572319, -0.005666, 0.022557, -0.572651, -0.819489, 0.032399, 0.0, 0.0, 0.0, 1.0],
                [0.996195, 0.081899, -0.029809, 0.124994, 0.084185, -0.815698, 0.572319, -0.005666, 0.022557, -0.572651, -0.819489, 0.032399, 0.0, 0.0, 0.0, 1.0],
                [0.996195, 0.081899, -0.029809, 0.124994, 0.084185, -0.815698, 0.572319, -0.005666, 0.022557, -0.572651, -0.819489, 0.032399, 0.0, 0.0, 0.0, 1.0],
                [0.996195, 0.081899, -0.029809, 0.124994, 0.084185, -0.815698, 0.572319, -0.005666, 0.022557, -0.572651, -0.819489, 0.032399, 0.0, 0.0, 0.0, 1.0],
                [0.996195, 0.081899, -0.029809, 0.124994, 0.084185, -0.815698, 0.572319, -0.005666, 0.022557, -0.572651, -0.819489, 0.032399, 0.0, 0.0, 0.0, 1.0],
                [0.996195, 0.081899, -0.029809, 0.124994, 0.084185, -0.815698, 0.572319, -0.005666, 0.022557, -0.572651, -0.819489, 0.032399, 0.0, 0.0, 0.0, 1.0],
                [0.996195, 0.081899, -0.029809, 0.124994, 0.084185, -0.815698, 0.572319, -0.005666, 0.022557, -0.572651, -0.819489, 0.032399, 0.0, 0.0, 0.0, 1.0],
                [0.996195, 0.082471, -0.028187, 0.124994, 0.084185, -0.826829, 0.556116, -0.005666, 0.022557, -0.556373, -0.830626, 0.032399, 0.0, 0.0, 0.0, 1.0],
                [0.996195, 0.083884, -0.023652, 0.124994, 0.084186, -0.855899, 0.510244, -0.005666, 0.022557, -0.510294, -0.859704, 0.032399, 0.0, 0.0, 0.0, 1.0],
                [0.996195, 0.085547, -0.016664, 0.124994, 0.084185, -0.89501, 0.438029, -0.005666, 0.022557, -0.437765, -0.898806, 0.032399, 0.0, 0.0, 0.0, 1.0],
                [0.996195, 0.086809, -0.007761, 0.124994, 0.084185, -0.935381, 0.343475, -0.005666, 0.022557, -0.342822, -0.93913, 0.032399, 0.0, 0.0, 0.0, 1.0],
                [0.996195, 0.087124, 0.002352, 0.124994, 0.084185, -0.968884, 0.232758, -0.005666, 0.022557, -0.231674, -0.972532, 0.032399, 0.0, 0.0, 0.0, 1.0],
                [0.996195, 0.086208, 0.012813, 0.124994, 0.084185, -0.989844, 0.114548, -0.005666, 0.022557, -0.113033, -0.993335, 0.032399, 0.0, 0.0, 0.0, 1.0],
                [0.996195, 0.084143, 0.022717, 0.124994, 0.084185, -0.996449, -0.000939, -0.005666, 0.022557, 0.002848, -0.999741, 0.032399, 0.0, 0.0, 0.0, 1.0],
                [0.996195, 0.081354, 0.031266, 0.124994, 0.084185, -0.991049, -0.103608, -0.005666, 0.022557, 0.105846, -0.994127, 0.032399, 0.0, 0.0, 0.0, 1.0],
                [0.996195, 0.078503, 0.037859, 0.124994, 0.084185, -0.979151, -0.184868, -0.005666, 0.022557, 0.187352, -0.982034, 0.032399, 0.0, 0.0, 0.0, 1.0],
                [0.996195, 0.076324, 0.04208, 0.124994, 0.084185, -0.967625, -0.237939, -0.005666, 0.022557, 0.240576, -0.970368, 0.032399, 0.0, 0.0, 0.0, 1.0],
                [0.996195, 0.075479, 0.043578, 0.124994, 0.084185, -0.962743, -0.256981, -0.005666, 0.022557, 0.259672, -0.965433, 0.032399, 0.0, 0.0, 0.0, 1.0],
                [0.996195, 0.075479, 0.043578, 0.124994, 0.084185, -0.962743, -0.256981, -0.005666, 0.022557, 0.259672, -0.965433, 0.032399, 0.0, 0.0, 0.0, 1.0],
                [0.996195, 0.075479, 0.043578, 0.124994, 0.084185, -0.962743, -0.256981, -0.005666, 0.022557, 0.259672, -0.965433, 0.032399, 0.0, 0.0, 0.0, 1.0],
                [0.996195, 0.075479, 0.043578, 0.124994, 0.084185, -0.962743, -0.256981, -0.005666, 0.022557, 0.259672, -0.965433, 0.032399, 0.0, 0.0, 0.0, 1.0],
                [0.996195, 0.075479, 0.043578, 0.124994, 0.084185, -0.962743, -0.256981, -0.005666, 0.022557, 0.259672, -0.965433, 0.032399, 0.0, 0.0, 0.0, 1.0],
                [0.996195, 0.075479, 0.043578, 0.124994, 0.084185, -0.962743, -0.256981, -0.005666, 0.022557, 0.259672, -0.965433, 0.032399, 0.0, 0.0, 0.0, 1.0],
                [0.996195, 0.075479, 0.043578, 0.124994, 0.084185, -0.962743, -0.256981, -0.005666, 0.022557, 0.259672, -0.965433, 0.032399, 0.0, 0.0, 0.0, 1.0],
                [0.996195, 0.075479, 0.043578, 0.124994, 0.084185, -0.962743, -0.256981, -0.005666, 0.022557, 0.259672, -0.965433, 0.032399, 0.0, 0.0, 0.0, 1.0],
                [0.996195, 0.075479, 0.043578, 0.124994, 0.084185, -0.962743, -0.256981, -0.005666, 0.022557, 0.259672, -0.965433, 0.032399, 0.0, 0.0, 0.0, 1.0],
                [0.996195, 0.075479, 0.043578, 0.124994, 0.084185, -0.962743, -0.256981, -0.005666, 0.022557, 0.259672, -0.965433, 0.032399, 0.0, 0.0, 0.0, 1.0],
                [0.996195, 0.075479, 0.043578, 0.124994, 0.084185, -0.962743, -0.256981, -0.005666, 0.022557, 0.259672, -0.965433, 0.032399, 0.0, 0.0, 0.0, 1.0],
                [0.996195, 0.075479, 0.043578, 0.124994, 0.084185, -0.962743, -0.256981, -0.005666, 0.022557, 0.259672, -0.965433, 0.032399, 0.0, 0.0, 0.0, 1.0],
                [0.996195, 0.075479, 0.043578, 0.124994, 0.084185, -0.962743, -0.256981, -0.005666, 0.022557, 0.259672, -0.965433, 0.032399, 0.0, 0.0, 0.0, 1.0],
                [0.996195, 0.075479, 0.043578, 0.124994, 0.084185, -0.962743, -0.256981, -0.005666, 0.022557, 0.259672, -0.965433, 0.032399, 0.0, 0.0, 0.0, 1.0],
                [0.996195, 0.075479, 0.043578, 0.124994, 0.084185, -0.962743, -0.256981, -0.005666, 0.022557, 0.259672, -0.965433, 0.032399, 0.0, 0.0, 0.0, 1.0],
                [0.996195, 0.075479, 0.043578, 0.124994, 0.084185, -0.962743, -0.256981, -0.005666, 0.022557, 0.259672, -0.965433, 0.032399, 0.0, 0.0, 0.0, 1.0],
                [0.996195, 0.075479, 0.043578, 0.124994, 0.084185, -0.962743, -0.256981, -0.005666, 0.022557, 0.259672, -0.965433, 0.032399, 0.0, 0.0, 0.0, 1.0],
                [0.996195, 0.075479, 0.043578, 0.124994, 0.084185, -0.962743, -0.256981, -0.005666, 0.022557, 0.259672, -0.965433, 0.032399, 0.0, 0.0, 0.0, 1.0],
                [0.996195, 0.075479, 0.043578, 0.124994, 0.084185, -0.962743, -0.256981, -0.005666, 0.022557, 0.259672, -0.965433, 0.032399, 0.0, 0.0, 0.0, 1.0],
                [0.996195, 0.075479, 0.043578, 0.124994, 0.084185, -0.962743, -0.256981, -0.005666, 0.022557, 0.259672, -0.965433, 0.032399, 0.0, 0.0, 0.0, 1.0],
                [0.996195, 0.075479, 0.043578, 0.124994, 0.084185, -0.962743, -0.256981, -0.005666, 0.022557, 0.259672, -0.965433, 0.032399, 0.0, 0.0, 0.0, 1.0],
                [0.996195, 0.075479, 0.043578, 0.124994, 0.084185, -0.962743, -0.256981, -0.005666, 0.022557, 0.259672, -0.965433, 0.032399, 0.0, 0.0, 0.0, 1.0],
                [0.996195, 0.075479, 0.043578, 0.124994, 0.084185, -0.962743, -0.256981, -0.005666, 0.022557, 0.259672, -0.965433, 0.032399, 0.0, 0.0, 0.0, 1.0],
                [0.996195, 0.075479, 0.043578, 0.124994, 0.084185, -0.962743, -0.256981, -0.005666, 0.022557, 0.259672, -0.965433, 0.032399, 0.0, 0.0, 0.0, 1.0],
                [0.996195, 0.075479, 0.043578, 0.124994, 0.084185, -0.962743, -0.256981, -0.005666, 0.022557, 0.259672, -0.965433, 0.032399, 0.0, 0.0, 0.0, 1.0],
                [0.996195, 0.075479, 0.043578, 0.124994, 0.084185, -0.962743, -0.256981, -0.005666, 0.022557, 0.259672, -0.965433, 0.032399, 0.0, 0.0, 0.0, 1.0],
                [0.996195, 0.075479, 0.043578, 0.124994, 0.084185, -0.962743, -0.256981, -0.005666, 0.022557, 0.259672, -0.965433, 0.032399, 0.0, 0.0, 0.0, 1.0],
                [0.996195, 0.075479, 0.043578, 0.124994, 0.084185, -0.962743, -0.256981, -0.005666, 0.022557, 0.259672, -0.965433, 0.032399, 0.0, 0.0, 0.0, 1.0],
                [0.996195, 0.075603, 0.043362, 0.124994, 0.084185, -0.963471, -0.254235, -0.005666, 0.022557, 0.256918, -0.96617, 0.032399, 0.0, 0.0, 0.0, 1.0],
                [0.996195, 0.075956, 0.042739, 0.124994, 0.084185, -0.965528, -0.246308, -0.005666, 0.022557, 0.248969, -0.968249, 0.032399, 0.0, 0.0, 0.0, 1.0],
                [0.996195, 0.076509, 0.041742, 0.124994, 0.084185, -0.96867, -0.233648, -0.005666, 0.022557, 0.236273, -0.971425, 0.032399, 0.0, 0.0, 0.0, 1.0],
                [0.996195, 0.077227, 0.040398, 0.124994, 0.084185, -0.972604, -0.21669, -0.005666, 0.022557, 0.219266, -0.975404, 0.032399, 0.0, 0.0, 0.0, 1.0],
                [0.996195, 0.078072, 0.03874, 0.124994, 0.084185, -0.97701, -0.195866, -0.005666, 0.022557, 0.198382, -0.979865, 0.032399, 0.0, 0.0, 0.0, 1.0],
                [0.996195, 0.079007, 0.036795, 0.124994, 0.084185, -0.981559, -0.17162, -0.005666, 0.022557, 0.174065, -0.984476, 0.032399, 0.0, 0.0, 0.0, 1.0],
                [0.996195, 0.079994, 0.034597, 0.124994, 0.084185, -0.985929, -0.144417, -0.005666, 0.022557, 0.14678, -0.988912, 0.032399, 0.0, 0.0, 0.0, 1.0],
                [0.996195, 0.080997, 0.032179, 0.124994, 0.084185, -0.989822, -0.114742, -0.005666, 0.022557, 0.117014, -0.992874, 0.032399, 0.0, 0.0, 0.0, 1.0],
                [0.996195, 0.081983, 0.029579, 0.124994, 0.084185, -0.992978, -0.083109, -0.005666, 0.022557, 0.085283, -0.996101, 0.032399, 0.0, 0.0, 0.0, 1.0],
                [0.996195, 0.08292, 0.026837, 0.124994, 0.084185, -0.995192, -0.050058, -0.005666, 0.022557, 0.052127, -0.998386, 0.032399, 0.0, 0.0, 0.0, 1.0],
                [0.996195, 0.083786, 0.023999, 0.124994, 0.084185, -0.996319, -0.016148, -0.005666, 0.022557, 0.018107, -0.999582, 0.032399, 0.0, 0.0, 0.0, 1.0],
                [0.996195, 0.08456, 0.021109, 0.124994, 0.084185, -0.996286, 0.01805, -0.005666, 0.022557, -0.016205, -0.999614, 0.032399, 0.0, 0.0, 0.0, 1.0],
                [0.996195, 0.08523, 0.018218, 0.124994, 0.084185, -0.995094, 0.051959, -0.005666, 0.022557, -0.050228, -0.998483, 0.032399, 0.0, 0.0, 0.0, 1.0],
                [0.996195, 0.085788, 0.015375, 0.124994, 0.084185, -0.992817, 0.085006, -0.005666, 0.022557, -0.083388, -0.996262, 0.032399, 0.0, 0.0, 0.0, 1.0],
                [0.996195, 0.086235, 0.012631, 0.124994, 0.084185, -0.989601, 0.116632, -0.005666, 0.022557, -0.115125, -0.993095, 0.032399, 0.0, 0.0, 0.0, 1.0],
                [0.996195, 0.086576, 0.010035, 0.124994, 0.084185, -0.985651, 0.146299, -0.005666, 0.022557, -0.144898, -0.989189, 0.032399, 0.0, 0.0, 0.0, 1.0],
                [0.996195, 0.08682, 0.007638, 0.124994, 0.084185, -0.98123, 0.173495, -0.005666, 0.022557, -0.172192, -0.984805, 0.032399, 0.0, 0.0, 0.0, 1.0],
                [0.996195, 0.086982, 0.005486, 0.124994, 0.084185, -0.976634, 0.197731, -0.005666, 0.022557, -0.196517, -0.980241, 0.032399, 0.0, 0.0, 0.0, 1.0],
                [0.996195, 0.08708, 0.003627, 0.124994, 0.084185, -0.972188, 0.218547, -0.005666, 0.022557, -0.21741, -0.97582, 0.032399, 0.0, 0.0, 0.0, 1.0],
                [0.996195, 0.08713, 0.002105, 0.124994, 0.084185, -0.968222, 0.235498, -0.005666, 0.022557, -0.234425, -0.971873, 0.032399, 0.0, 0.0, 0.0, 1.0],
                [0.996195, 0.08715, 0.000965, 0.124994, 0.084185, -0.965056, 0.248152, -0.005666, 0.022557, -0.247126, -0.968721, 0.032399, 0.0, 0.0, 0.0, 1.0],
                [0.996195, 0.087155, 0.000248, 0.124994, 0.084185, -0.962984, 0.256075, -0.005666, 0.022557, -0.25508, -0.966657, 0.032399, 0.0, 0.0, 0.0, 1.0],
                [0.996195, 0.087155, -0.0, 0.124994, 0.084185, -0.96225, 0.258819, -0.005666, 0.022557, -0.257834, -0.965926, 0.032399, 0.0, 0.0, 0.0, 1.0]
            ]
        },
        {
            "name": "Leg_R",
            "time": [0.0, 0.0167, 0.0333, 0.05, 0.0667, 0.0833, 0.1, 0.1167, 0.1333, 0.15, 0.1667, 0.1833, 0.2, 0.2167, 0.2333, 0.25, 0.2667, 0.2833, 0.3, 0.3167, 0.3333, 0.35, 0.3667, 0.3833, 0.4, 0.4167, 0.4333, 0.45, 0.4667, 0.4833, 0.5, 0.5167, 0.5333, 0.55, 0.5667, 0.5833, 0.6, 0.6167, 0.6333, 0.65, 0.6667, 0.6833, 0.7, 0.7167, 0.7333, 0.75, 0.7667, 0.7833, 0.8, 0.8167, 0.8333, 0.85, 0.8667, 0.8833, 0.9, 0.9167, 0.9333, 0.95, 0.9667, 0.9833, 1.0, 1.0167, 1.0333, 1.05, 1.0667, 1.0833, 1.1, 1.1167, 1.1333, 1.15, 1.1667, 1.1833, 1.2, 1.2167, 1.2333, 1.25, 1.2667, 1.2833, 1.3, 1.3167, 1.3333, 1.35, 1.3667, 1.3833, 1.4, 1.4167],
            "transform": [
                [0.933031, -0.16694, 0.318723, -0.0, -0.049991, 0.817101, 0.574323, 0.37472, -0.356306, -0.551794, 0.754035, 0.0, 0.0, 0.0, 0.0, 1.0],
                [0.933031, -0.16694, 0.318723, 0.0, -0.049991, 0.817101, 0.574323, 0.37472, -0.356306, -0.551794, 0.754035, -0.0, 0.0, 0.0, 0.0, 1.0],
                [0.933031, -0.16694, 0.318723, 0.0, -0.049991, 0.817101, 0.574323, 0.37472, -0.356306, -0.551794, 0.754035, -0.0, 0.0, 0.0, 0.0, 1.0],
                [0.933031, -0.16694, 0.318723, -0.0, -0.049991, 0.817101, 0.574323, 0.37472, -0.356306, -0.551794, 0.754035, 0.0, 0.0, 0.0, 0.0, 1.0],
                [0.933031, -0.16694, 0.318723, 0.0, -0.049991, 0.817101, 0.574323, 0.37472, -0.356306, -0.551795, 0.754035, 0.0, 0.0, 0.0, 0.0, 1.0],
                [0.933031, -0.16694, 0.318723, -0.0, -0.049991, 0.817101, 0.574323, 0.37472, -0.356306, -0.551794, 0.754035, 0.0, 0.0, 0.0, 0.0, 1.0],
                [0.933031, -0.16694, 0.318723, -0.0, -0.049991, 0.817101, 0.574323, 0.37472, -0.356306, -0.551794, 0.754035, 0.0, 0.0, 0.0, 0.0, 1.0],
                [0.933031, -0.16694, 0.318723, 0.0, -0.049991, 0.817101, 0.574323, 0.37472, -0.356306, -0.551794, 0.754035, -0.0, 0.0, 0.0, 0.0, 1.0],
                [0.933031, -0.16694, 0.318723, 0.0, -0.049991, 0.817101, 0.574323, 0.37472, -0.356306, -0.551794, 0.754035, 0.0, 0.0, 0.0, 0.0, 1.0],
                [0.933031, -0.16694, 0.318723, -0.0, -0.049991, 0.817101, 0.574323, 0.37472, -0.356306, -0.551794, 0.754035, -0.0, 0.0, 0.0, 0.0, 1.0],
                [0.933031, -0.16694, 0.318723, 0.0, -0.049991, 0.817101, 0.574323, 0.37472, -0.356306, -0.551794, 0.754035, 0.0, 0.0, 0.0, 0.0, 1.0],
                [0.933031, -0.16694, 0.318723, -0.0, -0.049991, 0.817101, 0.574323, 0.37472, -0.356306, -0.551794, 0.754035, 0.0, 0.0, 0.0, 0.0, 1.0],
                [0.933031, -0.16694, 0.318723, 0.0, -0.049991, 0.817101, 0.574323, 0.37472, -0.356306, -0.551794, 0.754035, 0.0, 0.0, 0.0, 0.0, 1.0],
                [0.933031, -0.16694, 0.318723, 0.0, -0.049991, 0.817101, 0.574323, 0.37472, -0.356306, -0.551794, 0.754035, -0.0, 0.0, 0.0, 0.0, 1.0],
                [0.933031, -0.16694, 0.318723, 0.0, -0.049991, 0.817101, 0.574323, 0.37472, -0.356306, -0.551794, 0.754035, -0.0, 0.0, 0.0, 0.0, 1.0],
                [0.933031, -0.16694, 0.318723, 0.0, -0.049991, 0.817101, 0.574323, 0.37472, -0.356306, -0.551794, 0.754035, -0.0, 0.0, 0.0, 0.0, 1.0],
                [0.933031, -0.16694, 0.318723, 0.0, -0.049991, 0.817101, 0.574323, 0.37472, -0.356306, -0.551794, 0.754035, -0.0, 0.0, 0.0, 0.0, 1.0],
                [0.933031, -0.16694, 0.318723, -0.0, -0.049991, 0.817101, 0.574323, 0.37472, -0.356306, -0.551794, 0.754035, -0.0, 0.0, 0.0, 0.0, 1.0],
                [0.933031, -0.16694, 0.318723, 0.0, -0.049991, 0.817101, 0.574323, 0.37472, -0.356306, -0.551794, 0.754035, -0.0, 0.0, 0.0, 0.0, 1.0],
                [0.933031, -0.16694, 0.318723, 0.0, -0.049991, 0.817101, 0.574323, 0.37472, -0.356306, -0.551794, 0.754035, 0.0, 0.0, 0.0, 0.0, 1.0],
                [0.933031, -0.16694, 0.318723, 0.0, -0.049991, 0.817101, 0.574323, 0.37472, -0.356306, -0.551794, 0.754035, -0.0, 0.0, 0.0, 0.0, 1.0],
                [0.933031, -0.16694, 0.318723, 0.0, -0.049991, 0.817101, 0.574323, 0.37472, -0.356306, -0.551794, 0.754035, -0.0, 0.0, 0.0, 0.0, 1.0],
                [0.933031, -0.16694, 0.318723, 0.0, -0.049991, 0.817101, 0.574323, 0.37472, -0.356306, -0.551794, 0.754035, 0.0, 0.0, 0.0, 0.0, 1.0],
                [0.933031, -0.16694, 0.318723, 0.0, -0.049991, 0.817101, 0.574323, 0.37472, -0.356306, -0.551794, 0.754035, 0.0, 0.0, 0.0, 0.0, 1.0],
                [0.933031, -0.16694, 0.318723, 0.0, -0.049991, 0.817101, 0.574323, 0.37472, -0.356306, -0.551794, 0.754035, -0.0, 0.0, 0.0, 0.0, 1.0],
                [0.933031, -0.16694, 0.318723, 0.0, -0.049991, 0.817101, 0.574323, 0.37472, -0.356306, -0.551794, 0.754035, 0.0, 0.0, 0.0, 0.0, 1.0],
                [0.933031, -0.16694, 0.318723, 0.0, -0.049991, 0.817101, 0.574323, 0.37472, -0.356306, -0.551794, 0.754035, -0.0, 0.0, 0.0, 0.0, 1.0],
                [0.933031, -0.16694, 0.318723, 0.0, -0.049991, 0.817101, 0.574323, 0.37472, -0.356306, -0.551794, 0.754035, 0.0, 0.0, 0.0, 0.0, 1.0],
                [0.933031, -0.16694, 0.318723, 0.0, -0.049991, 0.817101, 0.574323, 0.37472, -0.356306, -0.551794, 0.754035, 0.0, 0.0, 0.0, 0.0, 1.0],
                [0.933031, -0.16694, 0.318723, 0.0, -0.049991, 0.817101, 0.574323, 0.37472, -0.356306, -0.551794, 0.754035, 0.0, 0.0, 0.0, 0.0, 1.0],
                [0.933031, -0.16694, 0.318723, -0.0, -0.049991, 0.817101, 0.574323, 0.37472, -0.356306, -0.551794, 0.754035, -0.0, 0.0, 0.0, 0.0, 1.0],
                [0.933031, -0.16694, 0.318723, -0.0, -0.049991, 0.817101, 0.574323, 0.37472, -0.356306, -0.551795, 0.754035, 0.0, 0.0, 0.0, 0.0, 1.0],
                [0.933031, -0.16694, 0.318723, 0.0, -0.049991, 0.817101, 0.574323, 0.37472, -0.356306, -0.551794, 0.754035, -0.0, 0.0, 0.0, 0.0, 1.0],
                [0.933031, -0.16694, 0.318723, 0.0, -0.049991, 0.817101, 0.574323, 0.37472, -0.356306, -0.551795, 0.754035, -0.0, 0.0, 0.0, 0.0, 1.0],
                [0.933031, -0.16694, 0.318723, 0.0, -0.049991, 0.817101, 0.574323, 0.37472, -0.356306, -0.551794, 0.754035, -0.0, 0.0, 0.0, 0.0, 1.0],
                [0.933031, -0.16694, 0.318723, 0.0, -0.049991, 0.817101, 0.574323, 0.37472, -0.356306, -0.551794, 0.754035, 0.0, 0.0, 0.0, 0.0, 1.0],
                [0.933031, -0.16694, 0.318723, 0.0, -0.049991, 0.817101, 0.574323, 0.37472, -0.356306, -0.551794, 0.754035, 0.0, 0.0, 0.0, 0.0, 1.0],
                [0.933031, -0.16694, 0.318723, 0.0, -0.049991, 0.817101, 0.574323, 0.37472, -0.356306, -0.551794, 0.754035, 0.0, 0.0, 0.0, 0.0, 1.0],
                [0.933031, -0.16694, 0.318723, 0.0, -0.049991, 0.817101, 0.574323, 0.37472, -0.356306, -0.551794, 0.754035, 0.0, 0.0, 0.0, 0.0, 1.0],
                [0.933031, -0.16694, 0.318723, 0.0, -0.049991, 0.817101, 0.574323, 0.37472, -0.356306, -0.551794, 0.754035, 0.0, 0.0, 0.0, 0.0, 1.0],
                [0.933031, -0.16694, 0.318723, 0.0, -0.049991, 0.817101, 0.574323, 0.37472, -0.356306, -0.551794, 0.754035, 0.0, 0.0, 0.0, 0.0, 1.0],
                [0.933031, -0.16694, 0.318723, 0.0, -0.049991, 0.817101, 0.574323, 0.37472, -0.356306, -0.551794, 0.754035, 0.0, 0.0, 0.0, 0.0, 1.0],
                [0.933031, -0.16694, 0.318723, 0.0, -0.049991, 0.817101, 0.574323, 0.37472, -0.356306, -0.551794, 0.754035, 0.0, 0.0, 0.0, 0.0, 1.0],
                [0.933031, -0.16694, 0.318723, 0.0, -0.049991, 0.817101, 0.574323, 0.37472, -0.356306, -0.551794, 0.754035, 0.0, 0.0, 0.0, 0.0, 1.0],
