{
    "armature": {
        "joints": ["Root", "Thigh_R", "Leg_R", "Knee_R", "Thigh_L", "Leg_L", "Knee_L", "Torso", "Chest", "Head", "Shoulder_R", "Arm_R", "Hand_R", "Tool_R", "Elbow_R", "Shoulder_L", "Arm_L", "Hand_L", "Tool_L", "Elbow_L"],
        "hierarchy": [
            {
                "name": "Root",
                "transform": [1.0, 0.0, 0.0, -5e-06, 0.0, 0.0, -1.0, 0.000946, 0.0, 1.0, 0.0, 0.763972, 0.0, 0.0, 0.0, 1.0],
                "children": [
                    {
                        "name": "Thigh_R",
                        "transform": [1.0, -0.0, -0.0, 0.124994, -0.0, -1.0, 0.0, -0.002831, -0.0, -0.0, -1.0, -1.2e-05, 0.0, 0.0, 0.0, 1.0],
                        "children": [
                            {
                                "name": "Leg_R",
                                "transform": [1.0, 0.0, 1e-06, 0.0, -0.0, 1.0, 0.0, 0.37472, -1e-06, -0.0, 1.0, -0.0, 0.0, 0.0, 0.0, 1.0],
                                "children": []
                            },
                            {
                                "name": "Knee_R",
                                "transform": [1.0, 0.0, -0.0, 0.0, -0.0, 0.0, -1.0, 0.37472, -0.0, 1.0, 0.0, -0.0, 0.0, 0.0, 0.0, 1.0],
                                "children": []
                            }
                        ]
                    },
                    {
                        "name": "Thigh_L",
                        "transform": [1.0, -0.0, -0.0, -0.125006, -0.0, -1.0, 0.0, -0.002831, -0.0, -0.0, -1.0, -1.2e-05, 0.0, 0.0, 0.0, 1.0],
                        "children": [
                            {
                                "name": "Leg_L",
                                "transform": [1.0, 0.0, 1e-06, -0.0, -0.0, 1.0, 0.0, 0.37472, -1e-06, -0.0, 1.0, 0.0, 0.0, 0.0, 0.0, 1.0],
                                "children": []
                            },
                            {
                                "name": "Knee_L",
                                "transform": [1.0, 0.0, -0.0, -0.0, -0.0, 0.0, -1.0, 0.37472, -0.0, 1.0, 0.0, 0.0, 0.0, 0.0, 0.0, 1.0],
                                "children": []
                            }
                        ]
                    },
                    {
                        "name": "Torso",
                        "transform": [1.0, 0.0, 0.0, 0.0, 0.0, 1.0, 0.0, 0.05, 0.0, 0.0, 1.0, 0.0, 0.0, 0.0, 0.0, 1.0],
                        "children": [
                            {
                                "name": "Chest",
                                "transform": [1.0, 0.0, 0.0, 0.0, 0.0, 1.0, 0.0, 0.3, 0.0, 0.0, 1.0, 0.0, 0.0, 0.0, 0.0, 1.0],
                                "children": [
                                    {
                                        "name": "Head",
                                        "transform": [1.0, 0.0, 0.0, 0.0, 0.0, 1.0, 0.0, 0.4, 0.0, 0.0, 1.0, 0.0, 0.0, 0.0, 0.0, 1.0],
                                        "children": []
                                    },
                                    {
                                        "name": "Shoulder_R",
                                        "transform": [0.0, 0.952114, 0.305743, 0.0, 0.0, -0.305743, 0.952114, 0.4, 1.0, 0.0, -0.0, 0.0, 0.0, 0.0, 0.0, 1.0],
                                        "children": [
                                            {
                                                "name": "Arm_R",
                                                "transform": [0.0, -0.0, -1.0, -0.0, 0.952114, 0.305743, 0.0, 0.39386, 0.305743, -0.952114, 0.0, 0.0, 0.0, 0.0, 0.0, 1.0],
                                                "children": [
                                                    {
                                                        "name": "Hand_R",
                                                        "transform": [1.0, 0.0, 0.0, 0.0, -0.0, 0.993938, 0.109947, 0.3, -0.0, -0.109947, 0.993937, 0.0, 0.0, 0.0, 0.0, 1.0],
                                                        "children": [
                                                            {
                                                                "name": "Tool_R",
                                                                "transform": [1.0, 0.0, 0.0, -0.0, 0.0, -0.999836, 0.018122, 0.272858, 0.0, -0.018122, -0.999836, 0.0, 0.0, 0.0, 0.0, 1.0],
                                                                "children": []
                                                            }
                                                        ]
                                                    },
                                                    {
                                                        "name": "Elbow_R",
                                                        "transform": [-1.0, 0.0, -0.0, 0.0, 0.0, 0.0, -1.0, 0.3, -0.0, -1.0, -0.0, 0.0, 0.0, 0.0, 0.0, 1.0],
                                                        "children": []
                                                    }
                                                ]
                                            }
                                        ]
                                    },
                                    {
                                        "name": "Shoulder_L",
                                        "transform": [-0.0, -0.952114, -0.305743, 0.0, 0.0, -0.305743, 0.952114, 0.4, -1.0, 0.0, 0.0, 0.0, 0.0, 0.0, 0.0, 1.0],
                                        "children": [
                                            {
                                                "name": "Arm_L",
                                                "transform": [-0.0, -0.0, 1.0, -0.0, -0.952114, 0.305743, -0.0, 0.39386, -0.305743, -0.952114, -0.0, 0.0, 0.0, 0.0, 0.0, 1.0],
                                                "children": [
                                                    {
                                                        "name": "Hand_L",
                                                        "transform": [1.0, -0.0, 0.0, -0.0, 0.0, 0.993937, 0.109947, 0.3, -0.0, -0.109947, 0.993937, 0.0, 0.0, 0.0, 0.0, 1.0],
                                                        "children": [
                                                            {
                                                                "name": "Tool_L",
                                                                "transform": [1.0, 0.0, 0.0, -0.0, -0.0, -0.999836, 0.018122, 0.272858, 0.0, -0.018122, -0.999836, -0.0, 0.0, 0.0, 0.0, 1.0],
                                                                "children": []
                                                            }
                                                        ]
                                                    },
                                                    {
                                                        "name": "Elbow_L",
                                                        "transform": [-1.0, 0.0, -0.0, -0.0, 0.0, -0.0, -1.0, 0.3, -0.0, -1.0, 0.0, 0.0, 0.0, 0.0, 0.0, 1.0],
                                                        "children": []
                                                    }
                                                ]
                                            }
                                        ]
                                    }
                                ]
                            }
                        ]
                    }
                ]
            }
        ]
    },
    "animation": [
        {
            "name": "Root",
            "time": [0.0, 0.0167, 0.0333, 0.05, 0.0667, 0.0833, 0.1, 0.1167, 0.1333, 0.15, 0.1667, 0.1833, 0.2, 0.2167, 0.2333, 0.25, 0.2667, 0.2833, 0.3, 0.3167, 0.3333, 0.35, 0.3667, 0.3833, 0.4, 0.4167, 0.4333, 0.45, 0.4667, 0.4833, 0.5, 0.5167, 0.5333, 0.55, 0.5667, 0.5833, 0.6, 0.6167, 0.6333, 0.65, 0.6667, 0.6833, 0.7, 0.7167, 0.7333, 0.75, 0.7667, 0.7833, 0.8, 0.8167, 0.8333, 0.85, 0.8667, 0.8833, 0.9, 0.9167, 0.9333, 0.95, 0.9667, 0.9833],
            "transform": [
                [1.0, 0.0, 0.0, -5e-06, 0.0, 0.0, -1.0, 0.000946, 0.0, 1.0, 0.0, 0.763972, 0.0, 0.0, 0.0, 1.0],
                [1.0, 0.0, 0.0, -5e-06, 0.0, 0.0, -1.0, 0.029499, 0.0, 1.0, 0.0, 0.763972, 0.0, 0.0, 0.0, 1.0],
                [1.0, 0.0, 0.0, -5e-06, 0.0, 0.0, -1.0, 0.107788, 0.0, 1.0, 0.0, 0.763972, 0.0, 0.0, 0.0, 1.0],
                [1.0, 0.0, 0.0, -5e-06, 0.0, 0.0, -1.0, 0.224761, 0.0, 1.0, 0.0, 0.763972, 0.0, 0.0, 0.0, 1.0],
                [1.0, 0.0, 0.0, -5e-06, 0.0, 0.0, -1.0, 0.369366, 0.0, 1.0, 0.0, 0.763972, 0.0, 0.0, 0.0, 1.0],
                [1.0, 0.0, 0.0, -5e-06, 0.0, 0.0, -1.0, 0.530549, 0.0, 1.0, 0.0, 0.763972, 0.0, 0.0, 0.0, 1.0],
                [1.0, 0.0, 0.0, -5e-06, 0.0, 0.0, -1.0, 0.697259, 0.0, 1.0, 0.0, 0.763972, 0.0, 0.0, 0.0, 1.0],
                [1.0, 0.0, 0.0, -5e-06, 0.0, 0.0, -1.0, 0.858443, 0.0, 1.0, 0.0, 0.763972, 0.0, 0.0, 0.0, 1.0],
                [1.0, 0.0, 0.0, -5e-06, 0.0, 0.0, -1.0, 1.003047, 0.0, 1.0, 0.0, 0.763972, 0.0, 0.0, 0.0, 1.0],
                [1.0, 0.0, 0.0, -5e-06, 0.0, 0.0, -1.0, 1.12002, 0.0, 1.0, 0.0, 0.763972, 0.0, 0.0, 0.0, 1.0],
                [1.0, 0.0, 0.0, -5e-06, 0.0, 0.0, -1.0, 1.198309, 0.0, 1.0, 0.0, 0.763972, 0.0, 0.0, 0.0, 1.0],
                [1.0, 0.0, 0.0, -5e-06, 0.0, 0.0, -1.0, 1.226862, 0.0, 1.0, 0.0, 0.763972, 0.0, 0.0, 0.0, 1.0],
                [1.0, 0.0, 0.0, -5e-06, 0.0, 0.0, -1.0, 1.226862, 0.0, 1.0, 0.0, 0.763972, 0.0, 0.0, 0.0, 1.0],
                [1.0, 0.0, 0.0, -5e-06, 0.0, 0.0, -1.0, 1.226862, 0.0, 1.0, 0.0, 0.763972, 0.0, 0.0, 0.0, 1.0],
                [1.0, 0.0, 0.0, -5e-06, 0.0, 0.0, -1.0, 1.226862, 0.0, 1.0, 0.0, 0.763972, 0.0, 0.0, 0.0, 1.0],
                [1.0, 0.0, 0.0, -5e-06, 0.0, 0.0, -1.0, 1.226862, 0.0, 1.0, 0.0, 0.763972, 0.0, 0.0, 0.0, 1.0],
                [1.0, 0.0, 0.0, -5e-06, 0.0, 0.0, -1.0, 1.226862, 0.0, 1.0, 0.0, 0.763972, 0.0, 0.0, 0.0, 1.0],
                [1.0, 0.0, 0.0, -5e-06, 0.0, 0.0, -1.0, 1.226862, 0.0, 1.0, 0.0, 0.763972, 0.0, 0.0, 0.0, 1.0],
                [1.0, 0.0, 0.0, -5e-06, 0.0, 0.0, -1.0, 1.226862, 0.0, 1.0, 0.0, 0.763972, 0.0, 0.0, 0.0, 1.0],
                [1.0, 0.0, 0.0, -5e-06, 0.0, 0.0, -1.0, 1.226862, 0.0, 1.0, 0.0, 0.763972, 0.0, 0.0, 0.0, 1.0],
                [1.0, 0.0, 0.0, -5e-06, 0.0, 0.0, -1.0, 1.226862, 0.0, 1.0, 0.0, 0.763972, 0.0, 0.0, 0.0, 1.0],
                [1.0, 0.0, 0.0, -5e-06, 0.0, 0.0, -1.0, 1.226862, 0.0, 1.0, 0.0, 0.763972, 0.0, 0.0, 0.0, 1.0],
                [1.0, 0.0, 0.0, -5e-06, 0.0, 0.0, -1.0, 1.226862, 0.0, 1.0, 0.0, 0.763972, 0.0, 0.0, 0.0, 1.0],
                [1.0, 0.0, 0.0, -5e-06, 0.0, 0.0, -1.0, 1.226862, 0.0, 1.0, 0.0, 0.763972, 0.0, 0.0, 0.0, 1.0],
                [1.0, 0.0, 0.0, -5e-06, 0.0, 0.0, -1.0, 1.226862, 0.0, 1.0, 0.0, 0.763972, 0.0, 0.0, 0.0, 1.0],
                [1.0, 0.0, 0.0, -5e-06, 0.0, 0.0, -1.0, 1.226862, 0.0, 1.0, 0.0, 0.763972, 0.0, 0.0, 0.0, 1.0],
                [1.0, 0.0, 0.0, -5e-06, 0.0, 0.0, -1.0, 1.226862, 0.0, 1.0, 0.0, 0.763972, 0.0, 0.0, 0.0, 1.0],
                [1.0, 0.0, 0.0, -5e-06, 0.0, 0.0, -1.0, 1.226862, 0.0, 1.0, 0.0, 0.763972, 0.0, 0.0, 0.0, 1.0],
                [1.0, 0.0, 0.0, -5e-06, 0.0, 0.0, -1.0, 1.226862, 0.0, 1.0, 0.0, 0.763972, 0.0, 0.0, 0.0, 1.0],
                [1.0, 0.0, 0.0, -5e-06, 0.0, 0.0, -1.0, 1.226862, 0.0, 1.0, 0.0, 0.763972, 0.0, 0.0, 0.0, 1.0],
                [1.0, 0.0, 0.0, -5e-06, 0.0, 0.0, -1.0, 1.226862, 0.0, 1.0, 0.0, 0.763972, 0.0, 0.0, 0.0, 1.0],
                [1.0, 0.0, 0.0, -5e-06, 0.0, 0.0, -1.0, 1.226862, 0.0, 1.0, 0.0, 0.763972, 0.0, 0.0, 0.0, 1.0],
                [1.0, 0.0, 0.0, -5e-06, 0.0, 0.0, -1.0, 1.226862, 0.0, 1.0, 0.0, 0.763972, 0.0, 0.0, 0.0, 1.0],
                [1.0, 0.0, 0.0, -5e-06, 0.0, 0.0, -1.0, 1.226862, 0.0, 1.0, 0.0, 0.763972, 0.0, 0.0, 0.0, 1.0],
                [1.0, 0.0, 0.0, -5e-06, 0.0, 0.0, -1.0, 1.226862, 0.0, 1.0, 0.0, 0.763972, 0.0, 0.0, 0.0, 1.0],
                [1.0, 0.0, 0.0, -5e-06, 0.0, 0.0, -1.0, 1.226862, 0.0, 1.0, 0.0, 0.763972, 0.0, 0.0, 0.0, 1.0],
                [1.0, 0.0, 0.0, -5e-06, 0.0, 0.0, -1.0, 1.224974, 0.0, 1.0, 0.0, 0.763972, 0.0, 0.0, 0.0, 1.0],
                [1.0, 0.0, 0.0, -5e-06, 0.0, 0.0, -1.0, 1.219527, 0.0, 1.0, 0.0, 0.763972, 0.0, 0.0, 0.0, 1.0],
                [1.0, 0.0, 0.0, -5e-06, 0.0, 0.0, -1.0, 1.210843, 0.0, 1.0, 0.0, 0.763972, 0.0, 0.0, 0.0, 1.0],
                [1.0, 0.0, 0.0, -5e-06, 0.0, 0.0, -1.0, 1.199246, 0.0, 1.0, 0.0, 0.763972, 0.0, 0.0, 0.0, 1.0],
                [1.0, 0.0, 0.0, -5e-06, 0.0, 0.0, -1.0, 1.185061, 0.0, 1.0, 0.0, 0.763972, 0.0, 0.0, 0.0, 1.0],
                [1.0, 0.0, 0.0, -5e-06, 0.0, 0.0, -1.0, 1.168611, 0.0, 1.0, 0.0, 0.763972, 0.0, 0.0, 0.0, 1.0],
                [1.0, 0.0, 0.0, -5e-06, 0.0, 0.0, -1.0, 1.150218, 0.0, 1.0, 0.0, 0.763972, 0.0, 0.0, 0.0, 1.0],
                [1.0, 0.0, 0.0, -5e-06, 0.0, 0.0, -1.0, 1.130208, 0.0, 1.0, 0.0, 0.763972, 0.0, 0.0, 0.0, 1.0],
                [1.0, 0.0, 0.0, -5e-06, 0.0, 0.0, -1.0, 1.108903, 0.0, 1.0, 0.0, 0.763972, 0.0, 0.0, 0.0, 1.0],
                [1.0, 0.0, 0.0, -5e-06, 0.0, 0.0, -1.0, 1.086627, 0.0, 1.0, 0.0, 0.763972, 0.0, 0.0, 0.0, 1.0],
                [1.0, 0.0, 0.0, -5e-06, 0.0, 0.0, -1.0, 1.063704, 0.0, 1.0, 0.0, 0.763972, 0.0, 0.0, 0.0, 1.0],
                [1.0, 0.0, 0.0, -5e-06, 0.0, 0.0, -1.0, 1.040457, 0.0, 1.0, 0.0, 0.763972, 0.0, 0.0, 0.0, 1.0],
                [1.0, 0.0, 0.0, -5e-06, 0.0, 0.0, -1.0, 1.017211, 0.0, 1.0, 0.0, 0.763972, 0.0, 0.0, 0.0, 1.0],
                [1.0, 0.0, 0.0, -5e-06, 0.0, 0.0, -1.0, 0.994288, 0.0, 1.0, 0.0, 0.763972, 0.0, 0.0, 0.0, 1.0],
                [1.0, 0.0, 0.0, -5e-06, 0.0, 0.0, -1.0, 0.972012, 0.0, 1.0, 0.0, 0.763972, 0.0, 0.0, 0.0, 1.0],
                [1.0, 0.0, 0.0, -5e-06, 0.0, 0.0, -1.0, 0.950707, 0.0, 1.0, 0.0, 0.763972, 0.0, 0.0, 0.0, 1.0],
                [1.0, 0.0, 0.0, -5e-06, 0.0, 0.0, -1.0, 0.930696, 0.0, 1.0, 0.0, 0.763972, 0.0, 0.0, 0.0, 1.0],
                [1.0, 0.0, 0.0, -5e-06, 0.0, 0.0, -1.0, 0.912304, 0.0, 1.0, 0.0, 0.763972, 0.0, 0.0, 0.0, 1.0],
                [1.0, 0.0, 0.0, -5e-06, 0.0, 0.0, -1.0, 0.895853, 0.0, 1.0, 0.0, 0.763972, 0.0, 0.0, 0.0, 1.0],
                [1.0, 0.0, 0.0, -5e-06, 0.0, 0.0, -1.0, 0.881668, 0.0, 1.0, 0.0, 0.763972, 0.0, 0.0, 0.0, 1.0],
                [1.0, 0.0, 0.0, -5e-06, 0.0, 0.0, -1.0, 0.870072, 0.0, 1.0, 0.0, 0.763972, 0.0, 0.0, 0.0, 1.0],
                [1.0, 0.0, 0.0, -5e-06, 0.0, 0.0, -1.0, 0.861388, 0.0, 1.0, 0.0, 0.763972, 0.0, 0.0, 0.0, 1.0],
                [1.0, 0.0, 0.0, -5e-06, 0.0, 0.0, -1.0, 0.85594, 0.0, 1.0, 0.0, 0.763972, 0.0, 0.0, 0.0, 1.0],
                [1.0, 0.0, 0.0, -5e-06, 0.0, 0.0, -1.0, 0.854053, 0.0, 1.0, 0.0, 0.763972, 0.0, 0.0, 0.0, 1.0]
            ]
        },
        {
            "name": "Thigh_R",
            "time": [0.0, 0.0167, 0.0333, 0.05, 0.0667, 0.0833, 0.1, 0.1167, 0.1333, 0.15, 0.1667, 0.1833, 0.2, 0.2167, 0.2333, 0.25, 0.2667, 0.2833, 0.3, 0.3167, 0.3333, 0.35, 0.3667, 0.3833, 0.4, 0.4167, 0.4333, 0.45, 0.4667, 0.4833, 0.5, 0.5167, 0.5333, 0.55, 0.5667, 0.5833, 0.6, 0.6167, 0.6333, 0.65, 0.6667, 0.6833, 0.7, 0.7167, 0.7333, 0.75, 0.7667, 0.7833, 0.8, 0.8167, 0.8333, 0.85, 0.8667, 0.8833, 0.9, 0.9167, 0.9333, 0.95, 0.9667, 0.9833],
            "transform": [
                [0.996195, 0.075479, 0.043578, 0.124994, 0.084185, -0.962743, -0.256981, -0.005666, 0.022557, 0.259672, -0.965433, 0.032399, 0.0, 0.0, 0.0, 1.0],
                [0.996217, 0.079654, 0.034749, 0.124994, 0.085671, -0.96727, -0.23885, -0.005666, 0.014586, 0.240923, -0.970435, 0.032399, 0.0, 0.0, 0.0, 1.0],
                [0.995865, 0.090299, 0.009926, 0.124994, 0.090549, -0.97792, -0.188342, -0.005666, -0.0073, 0.188462, -0.982053, 0.032399, 0.0, 0.0, 0.0, 1.0],
                [0.994182, 0.103837, -0.028653, 0.124994, 0.100067, -0.988755, -0.111129, -0.005666, -0.03987, 0.107615, -0.993393, 0.032399, 0.0, 0.0, 0.0, 1.0],
                [0.990128, 0.116262, -0.078286, 0.124994, 0.115522, -0.993207, -0.01393, -0.005666, -0.079374, 0.004749, -0.996834, 0.032399, 0.0, 0.0, 0.0, 1.0],
                [0.983033, 0.124015, -0.135154, 0.124994, 0.137401, -0.985982, 0.094659, -0.005666, -0.12152, -0.111623, -0.986293, 0.032399, 0.0, 0.0, 0.0, 1.0],
                [0.972945, 0.124937, -0.194344, 0.124994, 0.164773, -0.964872, 0.204624, -0.005666, -0.161952, -0.23111, -0.959354, 0.032399, 0.0, 0.0, 0.0, 1.0],
                [0.960767, 0.118945, -0.250559, 0.124994, 0.195188, -0.931768, 0.30612, -0.005666, -0.197051, -0.343016, -0.918428, 0.032399, 0.0, 0.0, 0.0, 1.0],
                [0.948089, 0.108048, -0.299085, 0.124994, 0.225126, -0.892309, 0.391284, -0.005666, -0.224599, -0.438304, -0.870313, 0.032399, 0.0, 0.0, 0.0, 1.0],
                [0.936832, 0.095693, -0.336436, 0.124994, 0.250721, -0.854394, 0.455137, -0.005666, -0.243896, -0.510738, -0.824416, 0.032399, 0.0, 0.0, 0.0, 1.0],
                [0.928888, 0.085805, -0.360284, 0.124994, 0.26835, -0.826386, 0.49505, -0.005666, -0.255256, -0.556528, -0.790646, 0.032399, 0.0, 0.0, 0.0, 1.0],
                [0.925922, 0.081899, -0.36873, 0.124994, 0.274853, -0.815698, 0.509011, -0.005666, -0.259085, -0.572651, -0.777783, 0.032399, 0.0, 0.0, 0.0, 1.0],
                [0.925922, 0.081899, -0.36873, 0.124994, 0.274853, -0.815698, 0.509011, -0.005666, -0.259085, -0.572651, -0.777783, 0.032399, 0.0, 0.0, 0.0, 1.0],
                [0.925922, 0.081899, -0.36873, 0.124994, 0.274853, -0.815698, 0.509011, -0.005666, -0.259085, -0.572651, -0.777783, 0.032399, 0.0, 0.0, 0.0, 1.0],
                [0.925922, 0.081899, -0.36873, 0.124994, 0.274853, -0.815698, 0.509011, -0.005666, -0.259085, -0.572651, -0.777783, 0.032399, 0.0, 0.0, 0.0, 1.0],
                [0.925922, 0.081899, -0.36873, 0.124994, 0.274853, -0.815698, 0.509011, -0.005666, -0.259085, -0.572651, -0.777783, 0.032399, 0.0, 0.0, 0.0, 1.0],
                [0.925922, 0.081899, -0.36873, 0.124994, 0.274853, -0.815698, 0.509011, -0.005666, -0.259085, -0.572651, -0.777783, 0.032399, 0.0, 0.0, 0.0, 1.0],
                [0.925922, 0.081899, -0.36873, 0.124994, 0.274853, -0.815698, 0.509011, -0.005666, -0.259085, -0.572651, -0.777783, 0.032399, 0.0, 0.0, 0.0, 1.0],
                [0.925922, 0.081899, -0.36873, 0.124994, 0.274853, -0.815698, 0.509011, -0.005666, -0.259085, -0.572651, -0.777783, 0.032399, 0.0, 0.0, 0.0, 1.0],
                [0.925922, 0.081899, -0.36873, 0.124994, 0.274853, -0.815698, 0.509011, -0.005666, -0.259085, -0.572651, -0.777783, 0.032399, 0.0, 0.0, 0.0, 1.0],
                [0.925922, 0.081899, -0.36873, 0.124994, 0.274853, -0.815698, 0.509011, -0.005666, -0.259085, -0.572651, -0.777783, 0.032399, 0.0, 0.0, 0.0, 1.0],
                [0.925922, 0.081899, -0.36873, 0.124994, 0.274853, -0.815698, 0.509011, -0.005666, -0.259085, -0.572651, -0.777783, 0.032399, 0.0, 0.0, 0.0, 1.0],
                [0.925922, 0.081899, -0.36873, 0.124994, 0.274853, -0.815698, 0.509011, -0.005666, -0.259085, -0.572651, -0.777783, 0.032399, 0.0, 0.0, 0.0, 1.0],
                [0.925922, 0.081899, -0.36873, 0.124994, 0.274853, -0.815698, 0.509011, -0.005666, -0.259085, -0.572651, -0.777783, 0.032399, 0.0, 0.0, 0.0, 1.0],
                [0.925922, 0.081899, -0.36873, 0.124994, 0.274853, -0.815698, 0.509011, -0.005666, -0.259085, -0.572651, -0.777783, 0.032399, 0.0, 0.0, 0.0, 1.0],
                [0.925922, 0.081899, -0.36873, 0.124994, 0.274853, -0.815698, 0.509011, -0.005666, -0.259085, -0.572651, -0.777783, 0.032399, 0.0, 0.0, 0.0, 1.0],
                [0.925922, 0.081899, -0.36873, 0.124994, 0.274853, -0.815698, 0.509011, -0.005666, -0.259085, -0.572651, -0.777783, 0.032399, 0.0, 0.0, 0.0, 1.0],
                [0.925922, 0.081899, -0.36873, 0.124994, 0.274853, -0.815698, 0.509011, -0.005666, -0.259085, -0.572651, -0.777783, 0.032399, 0.0, 0.0, 0.0, 1.0],
                [0.925922, 0.081899, -0.36873, 0.124994, 0.274853, -0.815698, 0.509011, -0.005666, -0.259085, -0.572651, -0.777783, 0.032399, 0.0, 0.0, 0.0, 1.0],
                [0.925922, 0.081899, -0.36873, 0.124994, 0.274853, -0.815698, 0.509011, -0.005666, -0.259085, -0.572651, -0.777783, 0.032399, 0.0, 0.0, 0.0, 1.0],
                [0.925922, 0.081899, -0.36873, 0.124994, 0.274853, -0.815698, 0.509011, -0.005666, -0.259085, -0.572651, -0.777783, 0.032399, 0.0, 0.0, 0.0, 1.0],
                [0.925922, 0.081899, -0.36873, 0.124994, 0.274853, -0.815698, 0.509011, -0.005666, -0.259085, -0.572651, -0.777783, 0.032399, 0.0, 0.0, 0.0, 1.0],
                [0.925922, 0.081899, -0.36873, 0.124994, 0.274853, -0.815698, 0.509011, -0.005666, -0.259085, -0.572651, -0.777783, 0.032399, 0.0, 0.0, 0.0, 1.0],
                [0.925922, 0.081899, -0.36873, 0.124994, 0.274853, -0.815698, 0.509011, -0.005666, -0.259085, -0.572651, -0.777783, 0.032399, 0.0, 0.0, 0.0, 1.0],
                [0.925922, 0.081899, -0.36873, 0.124994, 0.274853, -0.815698, 0.509011, -0.005666, -0.259085, -0.572651, -0.777783, 0.032399, 0.0, 0.0, 0.0, 1.0],
                [0.925922, 0.081899, -0.36873, 0.124994, 0.274853, -0.815698, 0.509011, -0.005666, -0.259085, -0.572651, -0.777783, 0.032399, 0.0, 0.0, 0.0, 1.0],
                [0.926584, 0.082253, -0.366983, 0.124994, 0.273723, -0.816662, 0.508073, -0.005666, -0.257911, -0.571224, -0.779221, 0.032399, 0.0, 0.0, 0.0, 1.0],
                [0.92848, 0.083258, -0.36193, 0.124994, 0.270467, -0.819437, 0.505342, -0.005666, -0.254505, -0.56709, -0.783349, 0.032399, 0.0, 0.0, 0.0, 1.0],
                [0.931454, 0.084806, -0.353837, 0.124994, 0.265295, -0.823829, 0.500922, -0.005666, -0.24902, -0.560458, -0.789858, 0.032399, 0.0, 0.0, 0.0, 1.0],
                [0.935335, 0.086768, -0.342958, 0.124994, 0.258425, -0.829637, 0.494893, -0.005666, -0.24159, -0.551519, -0.798411, 0.032399, 0.0, 0.0, 0.0, 1.0],
                [0.939936, 0.089004, -0.329544, 0.124994, 0.250079, -0.836647, 0.48732, -0.005666, -0.232339, -0.540462, -0.808653, 0.032399, 0.0, 0.0, 0.0, 1.0],
                [0.945067, 0.091367, -0.313848, 0.124994, 0.240488, -0.844643, 0.478272, -0.005666, -0.221391, -0.527475, -0.820217, 0.032399, 0.0, 0.0, 0.0, 1.0],
                [0.950538, 0.093715, -0.296135, 0.124994, 0.229885, -0.853403, 0.46782, -0.005666, -0.208881, -0.512758, -0.832735, 0.032399, 0.0, 0.0, 0.0, 1.0],
                [0.956163, 0.09591, -0.276683, 0.124994, 0.218504, -0.862709, 0.456057, -0.005666, -0.194956, -0.496521, -0.845848, 0.032399, 0.0, 0.0, 0.0, 1.0],
                [0.96177, 0.097833, -0.255787, 0.124994, 0.206579, -0.872349, 0.443094, -0.005666, -0.179786, -0.478995, -0.859209, 0.032399, 0.0, 0.0, 0.0, 1.0],
                [0.967202, 0.099381, -0.233759, 0.124994, 0.194339, -0.882117, 0.429071, -0.005666, -0.163562, -0.460427, -0.872499, 0.032399, 0.0, 0.0, 0.0, 1.0],
                [0.972323, 0.100477, -0.21093, 0.124994, 0.182003, -0.891823, 0.414158, -0.005666, -0.146499, -0.441085, -0.885427, 0.032399, 0.0, 0.0, 0.0, 1.0],
                [0.977023, 0.10107, -0.187643, 0.124994, 0.169781, -0.901293, 0.398553, -0.005666, -0.12884, -0.421254, -0.897745, 0.032399, 0.0, 0.0, 0.0, 1.0],
                [0.981219, 0.101142, -0.164253, 0.124994, 0.157866, -0.910375, 0.382486, -0.005666, -0.110846, -0.401233, -0.909244, 0.032399, 0.0, 0.0, 0.0, 1.0],
                [0.984858, 0.100701, -0.141119, 0.124994, 0.146435, -0.918937, 0.366213, -0.005666, -0.092802, -0.381332, -0.919768, 0.032399, 0.0, 0.0, 0.0, 1.0],
                [0.987915, 0.099788, -0.118604, 0.124994, 0.135643, -0.926872, 0.350012, -0.005666, -0.075004, -0.36187, -0.929206, 0.032399, 0.0, 0.0, 0.0, 1.0],
                [0.990395, 0.098471, -0.097066, 0.124994, 0.125626, -0.934098, 0.334183, -0.005666, -0.057762, -0.343167, -0.937497, 0.032399, 0.0, 0.0, 0.0, 1.0],
                [0.992328, 0.09684, -0.076856, 0.124994, 0.116497, -0.940556, 0.319034, -0.005666, -0.041392, -0.32554, -0.944622, 0.032399, 0.0, 0.0, 0.0, 1.0],
                [0.993767, 0.09501, -0.058315, 0.124994, 0.108353, -0.946205, 0.304886, -0.005666, -0.02621, -0.309304, -0.950602, 0.032399, 0.0, 0.0, 0.0, 1.0],
                [0.99478, 0.093106, -0.041773, 0.124994, 0.101275, -0.951022, 0.292061, -0.005666, -0.012535, -0.294767, -0.955487, 0.032399, 0.0, 0.0, 0.0, 1.0],
                [0.995446, 0.091264, -0.027551, 0.124994, 0.095329, -0.954996, 0.280881, -0.005666, -0.000676, -0.282228, -0.959347, 0.032399, 0.0, 0.0, 0.0, 1.0],
                [0.995848, 0.089622, -0.015957, 0.124994, 0.09058, -0.95812, 0.271663, -0.005666, 0.009058, -0.27198, -0.96226, 0.032399, 0.0, 0.0, 0.0, 1.0],
                [0.996066, 0.088313, -0.007298, 0.124994, 0.087089, -0.960386, 0.264716, -0.005666, 0.016369, -0.26431, -0.964299, 0.032399, 0.0, 0.0, 0.0, 1.0],
                [0.996166, 0.087458, -0.001877, 0.124994, 0.084929, -0.961774, 0.260339, -0.005666, 0.020964, -0.259501, -0.965515, 0.032399, 0.0, 0.0, 0.0, 1.0],
                [0.996195, 0.087155, -0.0, 0.124994, 0.084185, -0.96225, 0.258819, -0.005666, 0.022557, -0.257834, -0.965926, 0.032399, 0.0, 0.0, 0.0, 1.0]
            ]
        },
        {
            "name": "Leg_R",
            "time": [0.0, 0.0167, 0.0333, 0.05, 0.0667, 0.0833, 0.1, 0.1167, 0.1333, 0.15, 0.1667, 0.1833, 0.2, 0.2167, 0.2333, 0.25, 0.2667, 0.2833, 0.3, 0.3167, 0.3333, 0.35, 0.3667, 0.3833, 0.4, 0.4167, 0.4333, 0.45, 0.4667, 0.4833, 0.5, 0.5167, 0.5333, 0.55, 0.5667, 0.5833, 0.6, 0.6167, 0.6333, 0.65, 0.6667, 0.6833, 0.7, 0.7167, 0.7333, 0.75, 0.7667, 0.7833, 0.8, 0.8167, 0.8333, 0.85, 0.8667, 0.8833, 0.9, 0.9167, 0.9333, 0.95, 0.9667, 0.9833],
            "transform": [
                [0.933031, -0.16694, 0.318723, -0.0, -0.049991, 0.817101, 0.574323, 0.37472, -0.356306, -0.551794, 0.754035, 0.0, 0.0, 0.0, 0.0, 1.0],
                [0.933031, -0.16694, 0.318723, 0.0, -0.049991, 0.817101, 0.574323, 0.37472, -0.356306, -0.551794, 0.754035, -0.0, 0.0, 0.0, 0.0, 1.0],
                [0.933031, -0.16694, 0.318723, -0.0, -0.049991, 0.817101, 0.574323, 0.37472, -0.356306, -0.551794, 0.754035, 0.0, 0.0, 0.0, 0.0, 1.0],
                [0.933031, -0.16694, 0.318723, 0.0, -0.049991, 0.817101, 0.574323, 0.37472, -0.356306, -0.551794, 0.754035, -0.0, 0.0, 0.0, 0.0, 1.0],
                [0.933031, -0.16694, 0.318723, 0.0, -0.049991, 0.817101, 0.574323, 0.37472, -0.356306, -0.551794, 0.754035, -0.0, 0.0, 0.0, 0.0, 1.0],
                [0.933031, -0.16694, 0.318723, -0.0, -0.049991, 0.817101, 0.574323, 0.37472, -0.356306, -0.551794, 0.754035, -0.0, 0.0, 0.0, 0.0, 1.0],
                [0.933031, -0.16694, 0.318723, 0.0, -0.049991, 0.817101, 0.574323, 0.37472, -0.356306, -0.551794, 0.754035, 0.0, 0.0, 0.0, 0.0, 1.0],
                [0.933031, -0.16694, 0.318723, 0.0, -0.049991, 0.817101, 0.574323, 0.37472, -0.356306, -0.551794, 0.754035, -0.0, 0.0, 0.0, 0.0, 1.0],
                [0.933031, -0.16694, 0.318723, -0.0, -0.049991, 0.817101, 0.574323, 0.37472, -0.356306, -0.551794, 0.754035, -0.0, 0.0, 0.0, 0.0, 1.0],
                [0.933031, -0.16694, 0.318723, 0.0, -0.049991, 0.817101, 0.574323, 0.37472, -0.356306, -0.551794, 0.754035, 0.0, 0.0, 0.0, 0.0, 1.0],
                [0.933031, -0.16694, 0.318723, 0.0, -0.049991, 0.817101, 0.574323, 0.37472, -0.356306, -0.551794, 0.754035, -0.0, 0.0, 0.0, 0.0, 1.0],
                [0.933031, -0.16694, 0.318723, -0.0, -0.049991, 0.817101, 0.574323, 0.37472, -0.356306, -0.551794, 0.754035, -0.0, 0.0, 0.0, 0.0, 1.0],
                [0.933031, -0.16694, 0.318723, -0.0, -0.049991, 0.817101, 0.574323, 0.37472, -0.356306, -0.551794, 0.754035, -0.0, 0.0, 0.0, 0.0, 1.0],
                [0.933031, -0.16694, 0.318723, -0.0, -0.049991, 0.817101, 0.574323, 0.37472, -0.356306, -0.551794, 0.754035, -0.0, 0.0, 0.0, 0.0, 1.0],
                [0.933031, -0.16694, 0.318723, -0.0, -0.049991, 0.817101, 0.574323, 0.37472, -0.356306, -0.551794, 0.754035, -0.0, 0.0, 0.0, 0.0, 1.0],
                [0.933031, -0.16694, 0.318723, -0.0, -0.049991, 0.817101, 0.574323, 0.37472, -0.356306, -0.551794, 0.754035, -0.0, 0.0, 0.0, 0.0, 1.0],
                [0.933031, -0.16694, 0.318723, -0.0, -0.049991, 0.817101, 0.574323, 0.37472, -0.356306, -0.551794, 0.754035, -0.0, 0.0, 0.0, 0.0, 1.0],
                [0.933031, -0.16694, 0.318723, -0.0, -0.049991, 0.817101, 0.574323, 0.37472, -0.356306, -0.551794, 0.754035, -0.0, 0.0, 0.0, 0.0, 1.0],
                [0.933031, -0.16694, 0.318723, -0.0, -0.049991, 0.817101, 0.574323, 0.37472, -0.356306, -0.551794, 0.754035, -0.0, 0.0, 0.0, 0.0, 1.0],
                [0.933031, -0.16694, 0.318723, -0.0, -0.049991, 0.817101, 0.574323, 0.37472, -0.356306, -0.551794, 0.754035, -0.0, 0.0, 0.0, 0.0, 1.0],
                [0.933031, -0.16694, 0.318723, -0.0, -0.049991, 0.817101, 0.574323, 0.37472, -0.356306, -0.551794, 0.754035, -0.0, 0.0, 0.0, 0.0, 1.0],
                [0.933031, -0.16694, 0.318723, -0.0, -0.049991, 0.817101, 0.574323, 0.37472, -0.356306, -0.551794, 0.754035, -0.0, 0.0, 0.0, 0.0, 1.0],
                [0.933031, -0.16694, 0.318723, -0.0, -0.049991, 0.817101, 0.574323, 0.37472, -0.356306, -0.551794, 0.754035, -0.0, 0.0, 0.0, 0.0, 1.0],
                [0.933031, -0.16694, 0.318723, -0.0, -0.049991, 0.817101, 0.574323, 0.37472, -0.356306, -0.551794, 0.754035, -0.0, 0.0, 0.0, 0.0, 1.0],
                [0.933031, -0.16694, 0.318723, -0.0, -0.049991, 0.817101, 0.574323, 0.37472, -0.356306, -0.551794, 0.754035, -0.0, 0.0, 0.0, 0.0, 1.0],
                [0.933031, -0.16694, 0.318723, -0.0, -0.049991, 0.817101, 0.574323, 0.37472, -0.356306, -0.551794, 0.754035, -0.0, 0.0, 0.0, 0.0, 1.0],
                [0.933031, -0.16694, 0.318723, -0.0, -0.049991, 0.817101, 0.574323, 0.37472, -0.356306, -0.551794, 0.754035, -0.0, 0.0, 0.0, 0.0, 1.0],
                [0.933031, -0.16694, 0.318723, -0.0, -0.049991, 0.817101, 0.574323, 0.37472, -0.356306, -0.551794, 0.754035, -0.0, 0.0, 0.0, 0.0, 1.0],
                [0.933031, -0.16694, 0.318723, -0.0, -0.049991, 0.817101, 0.574323, 0.37472, -0.356306, -0.551794, 0.754035, -0.0, 0.0, 0.0, 0.0, 1.0],
                [0.933031, -0.16694, 0.318723, -0.0, -0.049991, 0.817101, 0.574323, 0.37472, -0.356306, -0.551794, 0.754035, -0.0, 0.0, 0.0, 0.0, 1.0],
                [0.933031, -0.16694, 0.318723, -0.0, -0.049991, 0.817101, 0.574323, 0.37472, -0.356306, -0.551794, 0.754035, -0.0, 0.0, 0.0, 0.0, 1.0],
                [0.933031, -0.16694, 0.318723, -0.0, -0.049991, 0.817101, 0.574323, 0.37472, -0.356306, -0.551794, 0.754035, -0.0, 0.0, 0.0, 0.0, 1.0],
                [0.933031, -0.16694, 0.318723, -0.0, -0.049991, 0.817101, 0.574323, 0.37472, -0.356306, -0.551794, 0.754035, -0.0, 0.0, 0.0, 0.0, 1.0],
                [0.933031, -0.16694, 0.318723, -0.0, -0.049991, 0.817101, 0.574323, 0.37472, -0.356306, -0.551794, 0.754035, -0.0, 0.0, 0.0, 0.0, 1.0],
                [0.933031, -0.16694, 0.318723, -0.0, -0.049991, 0.817101, 0.574323, 0.37472, -0.356306, -0.551794, 0.754035, -0.0, 0.0, 0.0, 0.0, 1.0],
                [0.933031, -0.16694, 0.318723, -0.0, -0.049991, 0.817101, 0.574323, 0.37472, -0.356306, -0.551794, 0.754035, -0.0, 0.0, 0.0, 0.0, 1.0],
                [0.933031, -0.16694, 0.318723, -0.0, -0.049991, 0.817101, 0.574323, 0.37472, -0.356306, -0.551794, 0.754035, -0.0, 0.0, 0.0, 0.0, 1.0],
                [0.933031, -0.16694, 0.318723, 0.0, -0.049991, 0.817101, 0.574323, 0.37472, -0.356306, -0.551795, 0.754035, -0.0, 0.0, 0.0, 0.0, 1.0],
                [0.933031, -0.16694, 0.318723, 0.0, -0.049991, 0.817101, 0.574323, 0.37472, -0.356306, -0.551795, 0.754035, -0.0, 0.0, 0.0, 0.0, 1.0],
                [0.933031, -0.16694, 0.318723, -0.0, -0.049991, 0.817101, 0.574323, 0.37472, -0.356306, -0.551794, 0.754035, -0.0, 0.0, 0.0, 0.0, 1.0],
                [0.933031, -0.16694, 0.318723, 0.0, -0.049991, 0.817101, 0.574323, 0.37472, -0.356306, -0.551794, 0.754035, -0.0, 0.0, 0.0, 0.0, 1.0],
                [0.933031, -0.16694, 0.318723, 0.0, -0.049991, 0.817101, 0.574323, 0.37472, -0.356306, -0.551794, 0.754035, 0.0, 0.0, 0.0, 0.0, 1.0],
                [0.933031, -0.16694, 0.318723, -0.0, -0.049991, 0.817101, 0.574323, 0.37472, -0.356306, -0.551794, 0.754035, -0.0, 0.0, 0.0, 0.0, 1.0],
                [0.933031, -0.16694, 0.318723, -0.0, -0.049991, 0.817101, 0.574323, 0.37472, -0.356306, -0.551794, 0.754035, 0.0, 0.0, 0.0, 0.0, 1.0],
                [0.933031, -0.16694, 0.318723, 0.0, -0.049991, 0.817101, 0.574323, 0.37472, -0.356306, -0.551794, 0.754035, -0.0, 0.0, 0.0, 0.0, 1.0],
                [0.933031, -0.16694, 0.318723, -0.0, -0.049991, 0.817101, 0.574323, 0.37472, -0.356306, -0.551794, 0.754035, -0.0, 0.0, 0.0, 0.0, 1.0],
                [0.933031, -0.16694, 0.318723, 0.0, -0.049991, 0.817101, 0.574323, 0.37472, -0.356306, -0.551795, 0.754035, -0.0, 0.0, 0.0, 0.0, 1.0],
                [0.933031, -0.16694, 0.318723, 0.0, -0.049991, 0.817101, 0.574323, 0.37472, -0.356306, -0.551794, 0.754035, 0.0, 0.0, 0.0, 0.0, 1.0],
                [0.933031, -0.16694, 0.318723, 0.0, -0.049991, 0.817101, 0.574323, 0.37472, -0.356306, -0.551794, 0.754035, 0.0, 0.0, 0.0, 0.0, 1.0],
                [0.933031, -0.16694, 0.318723, -0.0, -0.049991, 0.817101, 0.574323, 0.37472, -0.356306, -0.551795, 0.754035, 0.0, 0.0, 0.0, 0.0, 1.0],
                [0.933031, -0.16694, 0.318723, -0.0, -0.049991, 0.817101, 0.574323, 0.37472, -0.356306, -0.551794, 0.754035, 0.0, 0.0, 0.0, 0.0, 1.0],
                [0.933031, -0.16694, 0.318723, -0.0, -0.049991, 0.817101, 0.574323, 0.37472, -0.356306, -0.551794, 0.754035, 0.0, 0.0, 0.0, 0.0, 1.0],
                [0.933031, -0.16694, 0.318723, 0.0, -0.049991, 0.817101, 0.574323, 0.37472, -0.356306, -0.551794, 0.754035, -0.0, 0.0, 0.0, 0.0, 1.0],
                [0.933031, -0.16694, 0.318723, 0.0, -0.049991, 0.817101, 0.574323, 0.37472, -0.356306, -0.551794, 0.754035, 0.0, 0.0, 0.0, 0.0, 1.0],
                [0.933031, -0.16694, 0.318723, -0.0, -0.049991, 0.817101, 0.574323, 0.37472, -0.356306, -0.551794, 0.754035, -0.0, 0.0, 0.0, 0.0, 1.0],
                [0.933031, -0.16694, 0.318723, 0.0, -0.049991, 0.817101, 0.574323, 0.37472, -0.356306, -0.551794, 0.754035, -0.0, 0.0, 0.0, 0.0, 1.0],
                [0.933031, -0.16694, 0.318723, -0.0, -0.049991, 0.817101, 0.574323, 0.37472, -0.356306, -0.551795, 0.754035, -0.0, 0.0, 0.0, 0.0, 1.0],
                [0.933031, -0.16694, 0.318723, 0.0, -0.049991, 0.817101, 0.574323, 0.37472, -0.356306, -0.551794, 0.754035, 0.0, 0.0, 0.0, 0.0, 1.0],
                [0.933031, -0.16694, 0.318723, 0.0, -0.049991, 0.817101, 0.574323, 0.37472, -0.356306, -0.551794, 0.754035, 0.0, 0.0, 0.0, 0.0, 1.0],
                [0.933031, -0.16694, 0.318723, 0.0, -0.049991, 0.817101, 0.574323, 0.37472, -0.356306, -0.551794, 0.754035, 0.0, 0.0, 0.0, 0.0, 1.0]
            ]
        },
        {
            "name": "Knee_R",
            "time": [0.0, 0.0167, 0.0333, 0.05, 0.0667, 0.0833, 0.1, 0.1167, 0.1333, 0.15, 0.1667, 0.1833, 0.2, 0.2167, 0.2333, 0.25, 0.2667, 0.2833, 0.3, 0.3167, 0.3333, 0.35, 0.3667, 0.3833, 0.4, 0.4167, 0.4333, 0.45, 0.4667, 0.4833, 0.5, 0.5167, 0.5333, 0.55, 0.5667, 0.5833, 0.6, 0.6167, 0.6333, 0.65, 0.6667, 0.6833, 0.7, 0.7167, 0.7333, 0.75, 0.7667, 0.7833, 0.8, 0.8167, 0.8333, 0.85, 0.8667, 0.8833, 0.9, 0.9167, 0.9333, 0.95, 0.9667, 0.9833],
            "transform": [
                [1.0, 0.0, -0.0, -0.0, -0.0, 0.0, -1.0, 0.37472, -0.0, 1.0, 0.0, 0.0, 0.0, 0.0, 0.0, 1.0],
                [1.0, 0.0, -0.0, 0.0, -0.0, 0.0, -1.0, 0.37472, -0.0, 1.0, 0.0, -0.0, 0.0, 0.0, 0.0, 1.0],
                [1.0, 0.0, -0.0, -0.0, -0.0, 0.0, -1.0, 0.37472, -0.0, 1.0, 0.0, 0.0, 0.0, 0.0, 0.0, 1.0],
                [1.0, 0.0, -0.0, 0.0, -0.0, 0.0, -1.0, 0.37472, -0.0, 1.0, 0.0, -0.0, 0.0, 0.0, 0.0, 1.0],
                [1.0, 0.0, -0.0, 0.0, -0.0, 0.0, -1.0, 0.37472, -0.0, 1.0, 0.0, -0.0, 0.0, 0.0, 0.0, 1.0],
                [1.0, 0.0, -0.0, -0.0, -0.0, 0.0, -1.0, 0.37472, -0.0, 1.0, 0.0, -0.0, 0.0, 0.0, 0.0, 1.0],
                [1.0, 0.0, -0.0, 0.0, -0.0, 0.0, -1.0, 0.37472, -0.0, 1.0, 0.0, 0.0, 0.0, 0.0, 0.0, 1.0],
                [1.0, 0.0, -0.0, 0.0, -0.0, 0.0, -1.0, 0.37472, -0.0, 1.0, 0.0, -0.0, 0.0, 0.0, 0.0, 1.0],
                [1.0, 0.0, -0.0, -0.0, -0.0, 0.0, -1.0, 0.37472, -0.0, 1.0, 0.0, -0.0, 0.0, 0.0, 0.0, 1.0],
                [1.0, 0.0, -0.0, 0.0, -0.0, 0.0, -1.0, 0.37472, -0.0, 1.0, 0.0, 0.0, 0.0, 0.0, 0.0, 1.0],
                [1.0, 0.0, -0.0, 0.0, -0.0, 0.0, -1.0, 0.37472, -0.0, 1.0, 0.0, -0.0, 0.0, 0.0, 0.0, 1.0],
                [1.0, 0.0, -0.0, -0.0, -0.0, 0.0, -1.0, 0.37472, -0.0, 1.0, 0.0, -0.0, 0.0, 0.0, 0.0, 1.0],
                [1.0, 0.0, -0.0, -0.0, -0.0, 0.0, -1.0, 0.37472, -0.0, 1.0, 0.0, -0.0, 0.0, 0.0, 0.0, 1.0],
                [1.0, 0.0, -0.0, -0.0, -0.0, 0.0, -1.0, 0.37472, -0.0, 1.0, 0.0, -0.0, 0.0, 0.0, 0.0, 1.0],
                [1.0, 0.0, -0.0, -0.0, -0.0, 0.0, -1.0, 0.37472, -0.0, 1.0, 0.0, -0.0, 0.0, 0.0, 0.0, 1.0],
                [1.0, 0.0, -0.0, -0.0, -0.0, 0.0, -1.0, 0.37472, -0.0, 1.0, 0.0, -0.0, 0.0, 0.0, 0.0, 1.0],
                [1.0, 0.0, -0.0, -0.0, -0.0, 0.0, -1.0, 0.37472, -0.0, 1.0, 0.0, -0.0, 0.0, 0.0, 0.0, 1.0],
                [1.0, 0.0, -0.0, -0.0, -0.0, 0.0, -1.0, 0.37472, -0.0, 1.0, 0.0, -0.0, 0.0, 0.0, 0.0, 1.0],
                [1.0, 0.0, -0.0, -0.0, -0.0, 0.0, -1.0, 0.37472, -0.0, 1.0, 0.0, -0.0, 0.0, 0.0, 0.0, 1.0],
                [1.0, 0.0, -0.0, -0.0, -0.0, 0.0, -1.0, 0.37472, -0.0, 1.0, 0.0, -0.0, 0.0, 0.0, 0.0, 1.0],
                [1.0, 0.0, -0.0, -0.0, -0.0, 0.0, -1.0, 0.37472, -0.0, 1.0, 0.0, -0.0, 0.0, 0.0, 0.0, 1.0],
                [1.0, 0.0, -0.0, -0.0, -0.0, 0.0, -1.0, 0.37472, -0.0, 1.0, 0.0, -0.0, 0.0, 0.0, 0.0, 1.0],
                [1.0, 0.0, -0.0, -0.0, -0.0, 0.0, -1.0, 0.37472, -0.0, 1.0, 0.0, -0.0, 0.0, 0.0, 0.0, 1.0],
                [1.0, 0.0, -0.0, -0.0, -0.0, 0.0, -1.0, 0.37472, -0.0, 1.0, 0.0, -0.0, 0.0, 0.0, 0.0, 1.0],
                [1.0, 0.0, -0.0, -0.0, -0.0, 0.0, -1.0, 0.37472, -0.0, 1.0, 0.0, -0.0, 0.0, 0.0, 0.0, 1.0],
                [1.0, 0.0, -0.0, -0.0, -0.0, 0.0, -1.0, 0.37472, -0.0, 1.0, 0.0, -0.0, 0.0, 0.0, 0.0, 1.0],
                [1.0, 0.0, -0.0, -0.0, -0.0, 0.0, -1.0, 0.37472, -0.0, 1.0, 0.0, -0.0, 0.0, 0.0, 0.0, 1.0],
                [1.0, 0.0, -0.0, -0.0, -0.0, 0.0, -1.0, 0.37472, -0.0, 1.0, 0.0, -0.0, 0.0, 0.0, 0.0, 1.0],
                [1.0, 0.0, -0.0, -0.0, -0.0, 0.0, -1.0, 0.37472, -0.0, 1.0, 0.0, -0.0, 0.0, 0.0, 0.0, 1.0],
                [1.0, 0.0, -0.0, -0.0, -0.0, 0.0, -1.0, 0.37472, -0.0, 1.0, 0.0, -0.0, 0.0, 0.0, 0.0, 1.0],
                [1.0, 0.0, -0.0, -0.0, -0.0, 0.0, -1.0, 0.37472, -0.0, 1.0, 0.0, -0.0, 0.0, 0.0, 0.0, 1.0],
                [1.0, 0.0, -0.0, -0.0, -0.0, 0.0, -1.0, 0.37472, -0.0, 1.0, 0.0, -0.0, 0.0, 0.0, 0.0, 1.0],
                [1.0, 0.0, -0.0, -0.0, -0.0, 0.0, -1.0, 0.37472, -0.0, 1.0, 0.0, -0.0, 0.0, 0.0, 0.0, 1.0],
                [1.0, 0.0, -0.0, -0.0, -0.0, 0.0, -1.0, 0.37472, -0.0, 1.0, 0.0, -0.0, 0.0, 0.0, 0.0, 1.0],
                [1.0, 0.0, -0.0, -0.0, -0.0, 0.0, -1.0, 0.37472, -0.0, 1.0, 0.0, -0.0, 0.0, 0.0, 0.0, 1.0],
                [1.0, 0.0, -0.0, -0.0, -0.0, 0.0, -1.0, 0.37472, -0.0, 1.0, 0.0, -0.0, 0.0, 0.0, 0.0, 1.0],
                [1.0, 0.0, -0.0, -0.0, -0.0, 0.0, -1.0, 0.37472, -0.0, 1.0, 0.0, -0.0, 0.0, 0.0, 0.0, 1.0],
                [1.0, 0.0, -0.0, 0.0, -0.0, 0.0, -1.0, 0.37472, -0.0, 1.0, 0.0, -0.0, 0.0, 0.0, 0.0, 1.0],
                [1.0, 0.0, -0.0, 0.0, -0.0, 0.0, -1.0, 0.37472, -0.0, 1.0, 0.0, -0.0, 0.0, 0.0, 0.0, 1.0],
                [1.0, 0.0, -0.0, -0.0, -0.0, 0.0, -1.0, 0.37472, -0.0, 1.0, 0.0, -0.0, 0.0, 0.0, 0.0, 1.0],
                [1.0, 0.0, -0.0, 0.0, -0.0, 0.0, -1.0, 0.37472, -0.0, 1.0, 0.0, -0.0, 0.0, 0.0, 0.0, 1.0],
                [1.0, 0.0, -0.0, 0.0, -0.0, 0.0, -1.0, 0.37472, -0.0, 1.0, 0.0, 0.0, 0.0, 0.0, 0.0, 1.0],
                [1.0, 0.0, -0.0, -0.0, -0.0, 0.0, -1.0, 0.37472, -0.0, 1.0, 0.0, -0.0, 0.0, 0.0, 0.0, 1.0],
