{
    "armature": {
        "joints": ["Root", "Thigh_R", "Leg_R", "Knee_R", "Thigh_L", "Leg_L", "Knee_L", "Torso", "Chest", "Head", "Shoulder_R", "Arm_R", "Hand_R", "Tool_R", "Elbow_R", "Shoulder_L", "Arm_L", "Hand_L", "Tool_L", "Elbow_L"],
        "hierarchy": [
            {
                "name": "Root",
                "transform": [1.0, 0.0, 0.0, -5e-06, 0.0, 0.0, -1.0, 0.000946, 0.0, 1.0, 0.0, 0.763972, 0.0, 0.0, 0.0, 1.0],
                "children": [
                    {
                        "name": "Thigh_R",
                        "transform": [1.0, -0.0, -0.0, 0.124994, -0.0, -1.0, 0.0, -0.002831, -0.0, -0.0, -1.0, -1.2e-05, 0.0, 0.0, 0.0, 1.0],
                        "children": [
                            {
                                "name": "Leg_R",
                                "transform": [1.0, 0.0, 1e-06, 0.0, -0.0, 1.0, 0.0, 0.37472, -1e-06, -0.0, 1.0, -0.0, 0.0, 0.0, 0.0, 1.0],
                                "children": []
                            },
                            {
                                "name": "Knee_R",
                                "transform": [1.0, 0.0, -0.0, 0.0, -0.0, 0.0, -1.0, 0.37472, -0.0, 1.0, 0.0, -0.0, 0.0, 0.0, 0.0, 1.0],
                                "children": []
                            }
                        ]
                    },
                    {
                        "name": "Thigh_L",
                        "transform": [1.0, -0.0, -0.0, -0.125006, -0.0, -1.0, 0.0, -0.002831, -0.0, -0.0, -1.0, -1.2e-05, 0.0, 0.0, 0.0, 1.0],
                        "children": [
                            {
                                "name": "Leg_L",
                                "transform": [1.0, 0.0, 1e-06, -0.0, -0.0, 1.0, 0.0, 0.37472, -1e-06, -0.0, 1.0, 0.0, 0.0, 0.0, 0.0, 1.0],
                                "children": []
                            },
                            {
                                "name": "Knee_L",
                                "transform": [1.0, 0.0, -0.0, -0.0, -0.0, 0.0, -1.0, 0.37472, -0.0, 1.0, 0.0, 0.0, 0.0, 0.0, 0.0, 1.0],
                                "children": []
                            }
                        ]
                    },
                    {
                        "name": "Torso",
                        "transform": [1.0, 0.0, 0.0, 0.0, 0.0, 1.0, 0.0, 0.05, 0.0, 0.0, 1.0, 0.0, 0.0, 0.0, 0.0, 1.0],
                        "children": [
                            {
                                "name": "Chest",
                                "transform": [1.0, 0.0, 0.0, 0.0, 0.0, 1.0, 0.0, 0.3, 0.0, 0.0, 1.0, 0.0, 0.0, 0.0, 0.0, 1.0],
                                "children": [
                                    {
                                        "name": "Head",
                                        "transform": [1.0, 0.0, 0.0, 0.0, 0.0, 1.0, 0.0, 0.4, 0.0, 0.0, 1.0, 0.0, 0.0, 0.0, 0.0, 1.0],
                                        "children": []
                                    },
                                    {
                                        "name": "Shoulder_R",
                                        "transform": [0.0, 0.952114, 0.305743, 0.0, 0.0, -0.305743, 0.952114, 0.4, 1.0, 0.0, -0.0, 0.0, 0.0, 0.0, 0.0, 1.0],
                                        "children": [
                                            {
                                                "name": "Arm_R",
                                                "transform": [0.0, -0.0, -1.0, -0.0, 0.952114, 0.305743, 0.0, 0.39386, 0.305743, -0.952114, 0.0, 0.0, 0.0, 0.0, 0.0, 1.0],
                                                "children": [
                                                    {
                                                        "name": "Hand_R",
                                                        "transform": [1.0, 0.0, 0.0, 0.0, -0.0, 0.993938, 0.109947, 0.3, -0.0, -0.109947, 0.993937, 0.0, 0.0, 0.0, 0.0, 1.0],
                                                        "children": [
                                                            {
                                                                "name": "Tool_R",
                                                                "transform": [1.0, 0.0, 0.0, -0.0, 0.0, -0.999836, 0.018122, 0.272858, 0.0, -0.018122, -0.999836, 0.0, 0.0, 0.0, 0.0, 1.0],
                                                                "children": []
                                                            }
                                                        ]
                                                    },
                                                    {
                                                        "name": "Elbow_R",
                                                        "transform": [-1.0, 0.0, -0.0, 0.0, 0.0, 0.0, -1.0, 0.3, -0.0, -1.0, -0.0, 0.0, 0.0, 0.0, 0.0, 1.0],
                                                        "children": []
                                                    }
                                                ]
                                            }
                                        ]
                                    },
                                    {
                                        "name": "Shoulder_L",
                                        "transform": [-0.0, -0.952114, -0.305743, 0.0, 0.0, -0.305743, 0.952114, 0.4, -1.0, 0.0, 0.0, 0.0, 0.0, 0.0, 0.0, 1.0],
                                        "children": [
                                            {
                                                "name": "Arm_L",
                                                "transform": [-0.0, -0.0, 1.0, -0.0, -0.952114, 0.305743, -0.0, 0.39386, -0.305743, -0.952114, -0.0, 0.0, 0.0, 0.0, 0.0, 1.0],
                                                "children": [
                                                    {
                                                        "name": "Hand_L",
                                                        "transform": [1.0, -0.0, 0.0, -0.0, 0.0, 0.993937, 0.109947, 0.3, -0.0, -0.109947, 0.993937, 0.0, 0.0, 0.0, 0.0, 1.0],
                                                        "children": [
                                                            {
                                                                "name": "Tool_L",
                                                                "transform": [1.0, 0.0, 0.0, -0.0, -0.0, -0.999836, 0.018122, 0.272858, 0.0, -0.018122, -0.999836, -0.0, 0.0, 0.0, 0.0, 1.0],
                                                                "children": []
                                                            }
                                                        ]
                                                    },
                                                    {
                                                        "name": "Elbow_L",
                                                        "transform": [-1.0, 0.0, -0.0, -0.0, 0.0, -0.0, -1.0, 0.3, -0.0, -1.0, 0.0, 0.0, 0.0, 0.0, 0.0, 1.0],
                                                        "children": []
                                                    }
                                                ]
                                            }
                                        ]
                                    }
                                ]
                            }
                        ]
                    }
                ]
            }
        ]
    },
    "animation": [
        {
            "name": "Root",
            "time": [0.0, 0.0167, 0.0333, 0.05, 0.0667, 0.0833, 0.1, 0.1167, 0.1333, 0.15, 0.1667, 0.1833, 0.2, 0.2167, 0.2333, 0.25, 0.2667, 0.2833, 0.3, 0.3167, 0.3333, 0.35, 0.3667, 0.3833, 0.4, 0.4167, 0.4333, 0.45, 0.4667, 0.4833, 0.5, 0.5167, 0.5333, 0.55, 0.5667, 0.5833, 0.6, 0.6167, 0.6333, 0.65, 0.6667, 0.6833, 0.7, 0.7167, 0.7333, 0.75, 0.7667, 0.7833, 0.8, 0.8167, 0.8333, 0.85, 0.8667, 0.8833, 0.9, 0.9167, 0.9333, 0.95, 0.9667, 0.9833, 1.0, 1.0167, 1.0333, 1.05, 1.0667, 1.0833, 1.1, 1.1167, 1.1333, 1.15, 1.1667, 1.1833, 1.2, 1.2167, 1.2333, 1.25, 1.2667, 1.2833, 1.3, 1.3167, 1.3333, 1.35, 1.3667, 1.3833, 1.4],
            "transform": [
                [1.0, 0.0, 0.0, -5e-06, 0.0, 0.0, -1.0, 0.000946, 0.0, 1.0, 0.0, 0.763972, 0.0, 0.0, 0.0, 1.0],
                [0.999748, 0.0, -0.022454, -5e-06, -0.022454, 0.0, -0.999748, 0.004104, 0.0, 1.0, 0.0, 0.763972, 0.0, 0.0, 0.0, 1.0],
                [0.996153, 0.0, -0.087626, -5e-06, -0.087626, 0.0, -0.996153, 0.013509, 0.0, 1.0, 0.0, 0.763972, 0.0, 0.0, 0.0, 1.0],
                [0.981095, 0.0, -0.193526, -5e-06, -0.193526, 0.0, -0.981095, 0.029063, 0.0, 1.0, 0.0, 0.763972, 0.0, 0.0, 0.0, 1.0],
                [0.941353, 0.0, -0.337424, -5e-06, -0.337424, 0.0, -0.941353, 0.050665, 0.0, 1.0, 0.0, 0.763972, 0.0, 0.0, 0.0, 1.0],
                [0.859209, 0.0, -0.511625, -5e-06, -0.511625, 0.0, -0.859209, 0.078217, 0.0, 1.0, 0.0, 0.763972, 0.0, 0.0, 0.0, 1.0],
                [0.715808, 0.0, -0.698297, -5e-06, -0.698297, 0.0, -0.715808, 0.111619, 0.0, 1.0, 0.0, 0.763972, 0.0, 0.0, 0.0, 1.0],
                [0.499507, 0.0, -0.86631, -5e-06, -0.86631, 0.0, -0.499507, 0.15077, 0.0, 1.0, 0.0, 0.763972, 0.0, 0.0, 0.0, 1.0],
                [0.2176, 0.0, -0.976038, -5e-06, -0.976038, 0.0, -0.2176, 0.195571, 0.0, 1.0, 0.0, 0.763972, 0.0, 0.0, 0.0, 1.0],
                [-0.097857, 0.0, -0.995201, -5e-06, -0.995201, 0.0, 0.097857, 0.245923, 0.0, 1.0, 0.0, 0.763972, 0.0, 0.0, 0.0, 1.0],
                [-0.400333, 0.0, -0.91637, -5e-06, -0.91637, 0.0, 0.400333, 0.301726, 0.0, 1.0, 0.0, 0.763972, 0.0, 0.0, 0.0, 1.0],
                [-0.65026, 0.0, -0.759712, -5e-06, -0.759712, 0.0, 0.65026, 0.36288, 0.0, 1.0, 0.0, 0.763972, 0.0, 0.0, 0.0, 1.0],
                [-0.829339, 0.0, -0.558746, -5e-06, -0.558746, 0.0, 0.829339, 0.429285, 0.0, 1.0, 0.0, 0.763972, 0.0, 0.0, 0.0, 1.0],
                [-0.939072, 0.0, -0.34372, -5e-06, -0.34372, 0.0, 0.939072, 0.500843, 0.0, 1.0, 0.0, 0.763972, 0.0, 0.0, 0.0, 1.0],
                [-0.991001, 0.0, -0.133854, -5e-06, -0.133854, 0.0, 0.991001, 0.577453, 0.0, 1.0, 0.0, 0.763972, 0.0, 0.0, 0.0, 1.0],
                [-0.998063, 0.0, 0.062212, -5e-06, 0.062212, 0.0, 0.998063, 0.659016, 0.0, 1.0, 0.0, 0.763972, 0.0, 0.0, 0.0, 1.0],
                [-0.970052, 0.0, 0.242897, -5e-06, 0.242897, 0.0, 0.970052, 0.745431, 0.0, 1.0, 0.0, 0.763972, 0.0, 0.0, 0.0, 1.0],
                [-0.91244, 0.0, 0.40921, -0.000299, 0.40921, 0.0, 0.91244, 0.83636, 0.0, 1.0, 0.0, 0.763972, 0.0, 0.0, 0.0, 1.0],
                [-0.827682, 0.0, 0.561197, -0.001123, 0.561197, 0.0, 0.827682, 0.930498, 0.0, 1.0, 0.0, 0.763972, 0.0, 0.0, 0.0, 1.0],
                [-0.716465, 0.0, 0.697623, -0.002389, 0.697623, 0.0, 0.716465, 1.026302, 0.0, 1.0, 0.0, 0.763972, 0.0, 0.0, 0.0, 1.0],
                [-0.579093, 0.0, 0.815262, -0.004008, 0.815262, 0.0, 0.579093, 1.122228, 0.0, 1.0, 0.0, 0.763972, 0.0, 0.0, 0.0, 1.0],
                [-0.416771, 0.0, 0.909012, -0.005892, 0.909012, 0.0, 0.416771, 1.216732, 0.0, 1.0, 0.0, 0.763972, 0.0, 0.0, 0.0, 1.0],
                [-0.232836, 0.0, 0.972516, -0.007953, 0.972516, 0.0, 0.232836, 1.308272, 0.0, 1.0, 0.0, 0.763972, 0.0, 0.0, 0.0, 1.0],
                [-0.033708, 0.0, 0.999432, -0.010102, 0.999432, 0.0, 0.033708, 1.395302, 0.0, 1.0, 0.0, 0.763972, 0.0, 0.0, 0.0, 1.0],
                [0.17088, 0.0, 0.985292, -0.012251, 0.985292, 0.0, -0.17088, 1.476279, 0.0, 1.0, 0.0, 0.763972, 0.0, 0.0, 0.0, 1.0],
                [0.368838, 0.0, 0.929494, -0.014312, 0.929494, 0.0, -0.368838, 1.54966, 0.0, 1.0, 0.0, 0.763972, 0.0, 0.0, 0.0, 1.0],
                [0.547889, 0.0, 0.836551, -0.016196, 0.836551, 0.0, -0.547889, 1.613901, 0.0, 1.0, 0.0, 0.763972, 0.0, 0.0, 0.0, 1.0],
                [0.698255, 0.0, 0.715849, -0.017815, 0.715849, 0.0, -0.698255, 1.667457, 0.0, 1.0, 0.0, 0.763972, 0.0, 0.0, 0.0, 1.0],
                [0.814735, 0.0, 0.579833, -0.019081, 0.579833, 0.0, -0.814735, 1.708786, 0.0, 1.0, 0.0, 0.763972, 0.0, 0.0, 0.0, 1.0],
                [0.897285, 0.0, 0.441451, -0.019905, 0.441451, 0.0, -0.897285, 1.736344, 0.0, 1.0, 0.0, 0.763972, 0.0, 0.0, 0.0, 1.0],
                [0.950095, 0.0, 0.31196, -0.0202, 0.31196, 0.0, -0.950095, 1.748586, 0.0, 1.0, 0.0, 0.763972, 0.0, 0.0, 0.0, 1.0],
                [0.97983, 0.0, 0.199835, -0.0202, 0.199835, 0.0, -0.97983, 1.752544, 0.0, 1.0, 0.0, 0.763972, 0.0, 0.0, 0.0, 1.0],
                [0.993841, 0.0, 0.110816, -0.0202, 0.110816, 0.0, -0.993841, 1.756282, 0.0, 1.0, 0.0, 0.763972, 0.0, 0.0, 0.0, 1.0],
                [0.998813, 0.0, 0.048705, -0.0202, 0.048705, 0.0, -0.998813, 1.759807, 0.0, 1.0, 0.0, 0.763972, 0.0, 0.0, 0.0, 1.0],
                [0.999865, 0.0, 0.016448, -0.0202, 0.016448, 0.0, -0.999865, 1.763124, 0.0, 1.0, 0.0, 0.763972, 0.0, 0.0, 0.0, 1.0],
                [1.0, 0.0, 0.000607, -0.0202, 0.000607, 0.0, -1.0, 1.766241, 0.0, 1.0, 0.0, 0.763972, 0.0, 0.0, 0.0, 1.0],
                [0.999899, 0.0, -0.014245, -0.0202, -0.014245, 0.0, -0.999899, 1.769162, 0.0, 1.0, 0.0, 0.763972, 0.0, 0.0, 0.0, 1.0],
                [0.999604, 0.0, -0.028136, -0.020199, -0.028136, 0.0, -0.999604, 1.771896, 0.0, 1.0, 0.0, 0.763972, 0.0, 0.0, 0.0, 1.0],
                [0.999155, 0.0, -0.041096, -0.020199, -0.041096, 0.0, -0.999155, 1.774447, 0.0, 1.0, 0.0, 0.763972, 0.0, 0.0, 0.0, 1.0],
                [0.998586, 0.0, -0.053155, -0.020199, -0.053155, 0.0, -0.998586, 1.776822, 0.0, 1.0, 0.0, 0.763972, 0.0, 0.0, 0.0, 1.0],
                [0.997928, 0.0, -0.064346, -0.020199, -0.064346, 0.0, -0.997928, 1.779028, 0.0, 1.0, 0.0, 0.763972, 0.0, 0.0, 0.0, 1.0],
                [0.997206, 0.0, -0.074701, -0.020198, -0.074701, 0.0, -0.997206, 1.78107, 0.0, 1.0, 0.0, 0.763972, 0.0, 0.0, 0.0, 1.0],
                [0.996445, 0.0, -0.084251, -0.020198, -0.084251, 0.0, -0.996445, 1.782955, 0.0, 1.0, 0.0, 0.763972, 0.0, 0.0, 0.0, 1.0],
                [0.995663, 0.0, -0.093032, -0.020197, -0.093032, 0.0, -0.995663, 1.78469, 0.0, 1.0, 0.0, 0.763972, 0.0, 0.0, 0.0, 1.0],
                [0.994879, 0.0, -0.101075, -0.020196, -0.101075, 0.0, -0.994879, 1.78628, 0.0, 1.0, 0.0, 0.763972, 0.0, 0.0, 0.0, 1.0],
                [0.994106, 0.0, -0.108414, -0.020196, -0.108414, 0.0, -0.994106, 1.787732, 0.0, 1.0, 0.0, 0.763972, 0.0, 0.0, 0.0, 1.0],
                [0.993356, 0.0, -0.115082, -0.020195, -0.115082, 0.0, -0.993356, 1.789052, 0.0, 1.0, 0.0, 0.763972, 0.0, 0.0, 0.0, 1.0],
                [0.992639, 0.0, -0.121113, -0.020194, -0.121113, 0.0, -0.992639, 1.790247, 0.0, 1.0, 0.0, 0.763972, 0.0, 0.0, 0.0, 1.0],
                [0.991962, 0.0, -0.126539, -0.020193, -0.126539, 0.0, -0.991962, 1.791322, 0.0, 1.0, 0.0, 0.763972, 0.0, 0.0, 0.0, 1.0],
                [0.99133, 0.0, -0.131393, -0.020191, -0.131393, 0.0, -0.99133, 1.792284, 0.0, 1.0, 0.0, 0.763972, 0.0, 0.0, 0.0, 1.0],
                [0.990749, 0.0, -0.135708, -0.02019, -0.135708, 0.0, -0.990749, 1.793139, 0.0, 1.0, 0.0, 0.763972, 0.0, 0.0, 0.0, 1.0],
                [0.99022, 0.0, -0.139516, -0.020189, -0.139516, 0.0, -0.99022, 1.793894, 0.0, 1.0, 0.0, 0.763972, 0.0, 0.0, 0.0, 1.0],
                [0.989744, 0.0, -0.14285, -0.020187, -0.14285, 0.0, -0.989744, 1.794554, 0.0, 1.0, 0.0, 0.763972, 0.0, 0.0, 0.0, 1.0],
                [0.989323, 0.0, -0.14574, -0.020185, -0.14574, 0.0, -0.989323, 1.795127, 0.0, 1.0, 0.0, 0.763972, 0.0, 0.0, 0.0, 1.0],
                [0.988954, 0.0, -0.148221, -0.020183, -0.148221, 0.0, -0.988954, 1.795618, 0.0, 1.0, 0.0, 0.763972, 0.0, 0.0, 0.0, 1.0],
                [0.988637, 0.0, -0.150322, -0.020181, -0.150322, 0.0, -0.988637, 1.796034, 0.0, 1.0, 0.0, 0.763972, 0.0, 0.0, 0.0, 1.0],
                [0.988369, 0.0, -0.152077, -0.020178, -0.152077, 0.0, -0.988369, 1.79638, 0.0, 1.0, 0.0, 0.763972, 0.0, 0.0, 0.0, 1.0],
                [0.988146, 0.0, -0.153515, -0.020176, -0.153515, 0.0, -0.988146, 1.796664, 0.0, 1.0, 0.0, 0.763972, 0.0, 0.0, 0.0, 1.0],
                [0.987966, 0.0, -0.15467, -0.020173, -0.15467, 0.0, -0.987966, 1.796891, 0.0, 1.0, 0.0, 0.763972, 0.0, 0.0, 0.0, 1.0],
                [0.987825, 0.0, -0.155571, -0.02017, -0.155571, 0.0, -0.987825, 1.797068, 0.0, 1.0, 0.0, 0.763972, 0.0, 0.0, 0.0, 1.0],
                [0.987717, 0.0, -0.156251, -0.020167, -0.156251, 0.0, -0.987717, 1.797201, 0.0, 1.0, 0.0, 0.763972, 0.0, 0.0, 0.0, 1.0],
                [0.98764, 0.0, -0.15674, -0.020164, -0.15674, 0.0, -0.98764, 1.797296, 0.0, 1.0, 0.0, 0.763972, 0.0, 0.0, 0.0, 1.0],
                [0.987587, 0.0, -0.157071, -0.02016, -0.157071, 0.0, -0.987587, 1.79736, 0.0, 1.0, 0.0, 0.763972, 0.0, 0.0, 0.0, 1.0],
                [0.987555, 0.0, -0.157273, -0.020156, -0.157273, 0.0, -0.987555, 1.797399, 0.0, 1.0, 0.0, 0.763972, 0.0, 0.0, 0.0, 1.0],
                [0.987538, 0.0, -0.157379, -0.020152, -0.157379, 0.0, -0.987538, 1.797418, 0.0, 1.0, 0.0, 0.763972, 0.0, 0.0, 0.0, 1.0],
                [0.987532, 0.0, -0.15742, -0.020148, -0.15742, 0.0, -0.987532, 1.797426, 0.0, 1.0, 0.0, 0.763972, 0.0, 0.0, 0.0, 1.0],
                [0.987531, 0.0, -0.157426, -0.020143, -0.157426, 0.0, -0.987531, 1.797427, 0.0, 1.0, 0.0, 0.763972, 0.0, 0.0, 0.0, 1.0],
                [0.987774, 0.0, -0.155891, -0.020088, -0.155891, 0.0, -0.987774, 1.793874, 0.0, 1.0, 0.0, 0.763972, 0.0, 0.0, 0.0, 1.0],
                [0.988454, 0.0, -0.15152, -0.01994, -0.15152, 0.0, -0.988454, 1.783763, 0.0, 1.0, 0.0, 0.763972, 0.0, 0.0, 0.0, 1.0],
                [0.989482, 0.0, -0.144659, -0.019712, -0.144659, 0.0, -0.989482, 1.767913, 0.0, 1.0, 0.0, 0.763972, 0.0, 0.0, 0.0, 1.0],
                [0.990756, 0.0, -0.135657, -0.019413, -0.135657, 0.0, -0.990756, 1.747144, 0.0, 1.0, 0.0, 0.763972, 0.0, 0.0, 0.0, 1.0],
                [0.992175, 0.0, -0.124859, -0.019057, -0.124859, 0.0, -0.992175, 1.722275, 0.0, 1.0, 0.0, 0.763972, 0.0, 0.0, 0.0, 1.0],
                [0.993639, 0.0, -0.112616, -0.018654, -0.112616, 0.0, -0.993639, 1.694127, 0.0, 1.0, 0.0, 0.763972, 0.0, 0.0, 0.0, 1.0],
                [0.99506, 0.0, -0.09928, -0.018217, -0.09928, 0.0, -0.99506, 1.66352, 0.0, 1.0, 0.0, 0.763972, 0.0, 0.0, 0.0, 1.0],
                [0.996363, 0.0, -0.085208, -0.017757, -0.085208, 0.0, -0.996363, 1.631273, 0.0, 1.0, 0.0, 0.763972, 0.0, 0.0, 0.0, 1.0],
                [0.997494, 0.0, -0.070758, -0.017285, -0.070758, 0.0, -0.997494, 1.598206, 0.0, 1.0, 0.0, 0.763972, 0.0, 0.0, 0.0, 1.0],
                [0.998414, 0.0, -0.056294, -0.016814, -0.056294, 0.0, -0.998414, 1.56514, 0.0, 1.0, 0.0, 0.763972, 0.0, 0.0, 0.0, 1.0],
                [0.99911, 0.0, -0.042179, -0.016355, -0.042179, 0.0, -0.99911, 1.532892, 0.0, 1.0, 0.0, 0.763972, 0.0, 0.0, 0.0, 1.0],
                [0.999586, 0.0, -0.028776, -0.015919, -0.028776, 0.0, -0.999586, 1.502285, 0.0, 1.0, 0.0, 0.763972, 0.0, 0.0, 0.0, 1.0],
                [0.999865, 0.0, -0.016449, -0.015518, -0.016449, 0.0, -0.999865, 1.474137, 0.0, 1.0, 0.0, 0.763972, 0.0, 0.0, 0.0, 1.0],
                [0.999985, 0.0, -0.005559, -0.015164, -0.005559, 0.0, -0.999985, 1.449269, 0.0, 1.0, 0.0, 0.763972, 0.0, 0.0, 0.0, 1.0],
                [0.999994, 0.0, 0.003533, -0.014869, 0.003533, 0.0, -0.999994, 1.4285, 0.0, 1.0, 0.0, 0.763972, 0.0, 0.0, 0.0, 1.0],
                [0.999945, 0.0, 0.01047, -0.014643, 0.01047, 0.0, -0.999945, 1.41265, 0.0, 1.0, 0.0, 0.763972, 0.0, 0.0, 0.0, 1.0],
                [0.999889, 0.0, 0.014894, -0.014499, 0.014894, 0.0, -0.999889, 1.402538, 0.0, 1.0, 0.0, 0.763972, 0.0, 0.0, 0.0, 1.0],
                [0.999865, 0.0, 0.016448, -0.014449, 0.016448, 0.0, -0.999865, 1.398986, 0.0, 1.0, 0.0, 0.763972, 0.0, 0.0, 0.0, 1.0]
            ]
        },
        {
            "name": "Thigh_R",
            "time": [0.0, 0.0167, 0.0333, 0.05, 0.0667, 0.0833, 0.1, 0.1167, 0.1333, 0.15, 0.1667, 0.1833, 0.2, 0.2167, 0.2333, 0.25, 0.2667, 0.2833, 0.3, 0.3167, 0.3333, 0.35, 0.3667, 0.3833, 0.4, 0.4167, 0.4333, 0.45, 0.4667, 0.4833, 0.5, 0.5167, 0.5333, 0.55, 0.5667, 0.5833, 0.6, 0.6167, 0.6333, 0.65, 0.6667, 0.6833, 0.7, 0.7167, 0.7333, 0.75, 0.7667, 0.7833, 0.8, 0.8167, 0.8333, 0.85, 0.8667, 0.8833, 0.9, 0.9167, 0.9333, 0.95, 0.9667, 0.9833, 1.0, 1.0167, 1.0333, 1.05, 1.0667, 1.0833, 1.1, 1.1167, 1.1333, 1.15, 1.1667, 1.1833, 1.2, 1.2167, 1.2333, 1.25, 1.2667, 1.2833, 1.3, 1.3167, 1.3333, 1.35, 1.3667, 1.3833, 1.4],
            "transform": [
                [0.925922, 0.081899, -0.36873, 0.124994, 0.274853, -0.815698, 0.509011, -0.005666, -0.259085, -0.572651, -0.777783, 0.032399, 0.0, 0.0, 0.0, 1.0],
                [0.925922, 0.081899, -0.36873, 0.124994, 0.274853, -0.815698, 0.509011, -0.005666, -0.259085, -0.572651, -0.777783, 0.032399, 0.0, 0.0, 0.0, 1.0],
                [0.925922, 0.081899, -0.36873, 0.124994, 0.274853, -0.815698, 0.509011, -0.005666, -0.259085, -0.572651, -0.777783, 0.032399, 0.0, 0.0, 0.0, 1.0],
                [0.925922, 0.081899, -0.36873, 0.124994, 0.274853, -0.815698, 0.509011, -0.005666, -0.259085, -0.572651, -0.777783, 0.032399, 0.0, 0.0, 0.0, 1.0],
                [0.925922, 0.081899, -0.36873, 0.124994, 0.274853, -0.815698, 0.509011, -0.005666, -0.259085, -0.572651, -0.777783, 0.032399, 0.0, 0.0, 0.0, 1.0],
                [0.925922, 0.081899, -0.36873, 0.124994, 0.274853, -0.815698, 0.509011, -0.005666, -0.259085, -0.572651, -0.777783, 0.032399, 0.0, 0.0, 0.0, 1.0],
                [0.925922, 0.081899, -0.36873, 0.124994, 0.274853, -0.815698, 0.509011, -0.005666, -0.259085, -0.572651, -0.777783, 0.032399, 0.0, 0.0, 0.0, 1.0],
                [0.925922, 0.081899, -0.36873, 0.124994, 0.274853, -0.815698, 0.509011, -0.005666, -0.259085, -0.572651, -0.777783, 0.032399, 0.0, 0.0, 0.0, 1.0],
                [0.925922, 0.081899, -0.36873, 0.124994, 0.274853, -0.815698, 0.509011, -0.005666, -0.259085, -0.572651, -0.777783, 0.032399, 0.0, 0.0, 0.0, 1.0],
                [0.925922, 0.081899, -0.36873, 0.124994, 0.274853, -0.815698, 0.509011, -0.005666, -0.259085, -0.572651, -0.777783, 0.032399, 0.0, 0.0, 0.0, 1.0],
                [0.925922, 0.081899, -0.36873, 0.124994, 0.274853, -0.815698, 0.509011, -0.005666, -0.259085, -0.572651, -0.777783, 0.032399, 0.0, 0.0, 0.0, 1.0],
                [0.925922, 0.081899, -0.36873, 0.124994, 0.274853, -0.815698, 0.509011, -0.005666, -0.259085, -0.572651, -0.777783, 0.032399, 0.0, 0.0, 0.0, 1.0],
                [0.925922, 0.081899, -0.36873, 0.124994, 0.274853, -0.815698, 0.509011, -0.005666, -0.259085, -0.572651, -0.777783, 0.032399, 0.0, 0.0, 0.0, 1.0],
                [0.925922, 0.081899, -0.36873, 0.124994, 0.274853, -0.815698, 0.509011, -0.005666, -0.259085, -0.572651, -0.777783, 0.032399, 0.0, 0.0, 0.0, 1.0],
                [0.925922, 0.081899, -0.36873, 0.124994, 0.274853, -0.815698, 0.509011, -0.005666, -0.259085, -0.572651, -0.777783, 0.032399, 0.0, 0.0, 0.0, 1.0],
                [0.925922, 0.081899, -0.36873, 0.124994, 0.274853, -0.815698, 0.509011, -0.005666, -0.259085, -0.572651, -0.777783, 0.032399, 0.0, 0.0, 0.0, 1.0],
                [0.925922, 0.081899, -0.36873, 0.124994, 0.274853, -0.815698, 0.509011, -0.005666, -0.259085, -0.572651, -0.777783, 0.032399, 0.0, 0.0, 0.0, 1.0],
                [0.925922, 0.081899, -0.36873, 0.124994, 0.274853, -0.815698, 0.509011, -0.005666, -0.259085, -0.572651, -0.777783, 0.032399, 0.0, 0.0, 0.0, 1.0],
                [0.925922, 0.081899, -0.36873, 0.124994, 0.274853, -0.815698, 0.509011, -0.005666, -0.259085, -0.572651, -0.777783, 0.032399, 0.0, 0.0, 0.0, 1.0],
                [0.925922, 0.081899, -0.36873, 0.124994, 0.274853, -0.815698, 0.509011, -0.005666, -0.259085, -0.572651, -0.777783, 0.032399, 0.0, 0.0, 0.0, 1.0],
                [0.925922, 0.081899, -0.36873, 0.124994, 0.274853, -0.815698, 0.509011, -0.005666, -0.259085, -0.572651, -0.777783, 0.032399, 0.0, 0.0, 0.0, 1.0],
                [0.925922, 0.081899, -0.36873, 0.124994, 0.274853, -0.815698, 0.509011, -0.005666, -0.259085, -0.572651, -0.777783, 0.032399, 0.0, 0.0, 0.0, 1.0],
                [0.925922, 0.081899, -0.36873, 0.124994, 0.274853, -0.815698, 0.509011, -0.005666, -0.259085, -0.572651, -0.777783, 0.032399, 0.0, 0.0, 0.0, 1.0],
                [0.925922, 0.081899, -0.36873, 0.124994, 0.274853, -0.815698, 0.509011, -0.005666, -0.259085, -0.572651, -0.777783, 0.032399, 0.0, 0.0, 0.0, 1.0],
                [0.925922, 0.081899, -0.36873, 0.124994, 0.274853, -0.815698, 0.509011, -0.005666, -0.259085, -0.572651, -0.777783, 0.032399, 0.0, 0.0, 0.0, 1.0],
                [0.925922, 0.081899, -0.36873, 0.124994, 0.274853, -0.815698, 0.509011, -0.005666, -0.259085, -0.572651, -0.777783, 0.032399, 0.0, 0.0, 0.0, 1.0],
                [0.925922, 0.081899, -0.36873, 0.124994, 0.274853, -0.815698, 0.509011, -0.005666, -0.259085, -0.572651, -0.777783, 0.032399, 0.0, 0.0, 0.0, 1.0],
                [0.925922, 0.081899, -0.36873, 0.124994, 0.274853, -0.815698, 0.509011, -0.005666, -0.259085, -0.572651, -0.777783, 0.032399, 0.0, 0.0, 0.0, 1.0],
                [0.925922, 0.081899, -0.36873, 0.124994, 0.274853, -0.815698, 0.509011, -0.005666, -0.259085, -0.572651, -0.777783, 0.032399, 0.0, 0.0, 0.0, 1.0],
                [0.925922, 0.081899, -0.36873, 0.124994, 0.274853, -0.815698, 0.509011, -0.005666, -0.259085, -0.572651, -0.777783, 0.032399, 0.0, 0.0, 0.0, 1.0],
                [0.925922, 0.081899, -0.36873, 0.124994, 0.274853, -0.815698, 0.509011, -0.005666, -0.259085, -0.572651, -0.777783, 0.032399, 0.0, 0.0, 0.0, 1.0],
                [0.925921, 0.081899, -0.36873, 0.124994, 0.274853, -0.815698, 0.509011, -0.005666, -0.259085, -0.572651, -0.777783, 0.032399, 0.0, 0.0, 0.0, 1.0],
                [0.925922, 0.081899, -0.36873, 0.124994, 0.274853, -0.815698, 0.509011, -0.005666, -0.259085, -0.572651, -0.777783, 0.032399, 0.0, 0.0, 0.0, 1.0],
                [0.925921, 0.081899, -0.36873, 0.124994, 0.274853, -0.815698, 0.509011, -0.005666, -0.259085, -0.572651, -0.777783, 0.032399, 0.0, 0.0, 0.0, 1.0],
                [0.925922, 0.081899, -0.36873, 0.124994, 0.274853, -0.815698, 0.509011, -0.005666, -0.259085, -0.572651, -0.777783, 0.032399, 0.0, 0.0, 0.0, 1.0],
                [0.925922, 0.081899, -0.36873, 0.124994, 0.274853, -0.815698, 0.509011, -0.005666, -0.259085, -0.572651, -0.777783, 0.032399, 0.0, 0.0, 0.0, 1.0],
                [0.925922, 0.081899, -0.36873, 0.124994, 0.274853, -0.815698, 0.509011, -0.005666, -0.259085, -0.572651, -0.777783, 0.032399, 0.0, 0.0, 0.0, 1.0],
                [0.925922, 0.081899, -0.36873, 0.124994, 0.274853, -0.815698, 0.509011, -0.005666, -0.259085, -0.572651, -0.777783, 0.032399, 0.0, 0.0, 0.0, 1.0],
                [0.925922, 0.081899, -0.36873, 0.124994, 0.274853, -0.815698, 0.509011, -0.005666, -0.259085, -0.572651, -0.777783, 0.032399, 0.0, 0.0, 0.0, 1.0],
                [0.925921, 0.081899, -0.36873, 0.124994, 0.274853, -0.815698, 0.509011, -0.005666, -0.259085, -0.572651, -0.777783, 0.032399, 0.0, 0.0, 0.0, 1.0],
                [0.925922, 0.081899, -0.36873, 0.124994, 0.274853, -0.815698, 0.509011, -0.005666, -0.259085, -0.572651, -0.777783, 0.032399, 0.0, 0.0, 0.0, 1.0],
                [0.925922, 0.081899, -0.36873, 0.124994, 0.274853, -0.815698, 0.509011, -0.005666, -0.259085, -0.572651, -0.777783, 0.032399, 0.0, 0.0, 0.0, 1.0],
                [0.925922, 0.081899, -0.36873, 0.124994, 0.274853, -0.815698, 0.509011, -0.005666, -0.259085, -0.572651, -0.777783, 0.032399, 0.0, 0.0, 0.0, 1.0],
                [0.925921, 0.081899, -0.36873, 0.124994, 0.274853, -0.815698, 0.509011, -0.005666, -0.259085, -0.572651, -0.777783, 0.032399, 0.0, 0.0, 0.0, 1.0],
                [0.925922, 0.081899, -0.36873, 0.124994, 0.274853, -0.815698, 0.509011, -0.005666, -0.259085, -0.572651, -0.777783, 0.032399, 0.0, 0.0, 0.0, 1.0],
                [0.925921, 0.081899, -0.36873, 0.124994, 0.274853, -0.815698, 0.509011, -0.005666, -0.259085, -0.572651, -0.777783, 0.032399, 0.0, 0.0, 0.0, 1.0],
                [0.925922, 0.081899, -0.36873, 0.124994, 0.274853, -0.815698, 0.509011, -0.005666, -0.259085, -0.572651, -0.777783, 0.032399, 0.0, 0.0, 0.0, 1.0],
                [0.925922, 0.081899, -0.36873, 0.124994, 0.274853, -0.815698, 0.509011, -0.005666, -0.259085, -0.572651, -0.777783, 0.032399, 0.0, 0.0, 0.0, 1.0],
                [0.925922, 0.081899, -0.36873, 0.124994, 0.274853, -0.815698, 0.509011, -0.005666, -0.259085, -0.572651, -0.777783, 0.032399, 0.0, 0.0, 0.0, 1.0],
                [0.925922, 0.081899, -0.36873, 0.124994, 0.274853, -0.815698, 0.509011, -0.005666, -0.259085, -0.572651, -0.777783, 0.032399, 0.0, 0.0, 0.0, 1.0],
                [0.925922, 0.081899, -0.36873, 0.124994, 0.274853, -0.815698, 0.509011, -0.005666, -0.259085, -0.572651, -0.777783, 0.032399, 0.0, 0.0, 0.0, 1.0],
                [0.925922, 0.081899, -0.36873, 0.124994, 0.274853, -0.815698, 0.509011, -0.005666, -0.259085, -0.572651, -0.777783, 0.032399, 0.0, 0.0, 0.0, 1.0],
                [0.925922, 0.081899, -0.36873, 0.124994, 0.274853, -0.815698, 0.509011, -0.005666, -0.259085, -0.572651, -0.777783, 0.032399, 0.0, 0.0, 0.0, 1.0],
                [0.925922, 0.081899, -0.36873, 0.124994, 0.274853, -0.815698, 0.509011, -0.005666, -0.259085, -0.572651, -0.777783, 0.032399, 0.0, 0.0, 0.0, 1.0],
                [0.925922, 0.081899, -0.36873, 0.124994, 0.274853, -0.815698, 0.509011, -0.005666, -0.259085, -0.572651, -0.777783, 0.032399, 0.0, 0.0, 0.0, 1.0],
                [0.925921, 0.081899, -0.36873, 0.124994, 0.274853, -0.815698, 0.509011, -0.005666, -0.259085, -0.572651, -0.777783, 0.032399, 0.0, 0.0, 0.0, 1.0],
                [0.925922, 0.081899, -0.36873, 0.124994, 0.274853, -0.815698, 0.509011, -0.005666, -0.259085, -0.572651, -0.777783, 0.032399, 0.0, 0.0, 0.0, 1.0],
                [0.925922, 0.081899, -0.36873, 0.124994, 0.274853, -0.815698, 0.509011, -0.005666, -0.259085, -0.572651, -0.777783, 0.032399, 0.0, 0.0, 0.0, 1.0],
                [0.925921, 0.081899, -0.36873, 0.124994, 0.274853, -0.815698, 0.509011, -0.005666, -0.259085, -0.572651, -0.777783, 0.032399, 0.0, 0.0, 0.0, 1.0],
                [0.925922, 0.081899, -0.36873, 0.124994, 0.274853, -0.815698, 0.509011, -0.005666, -0.259085, -0.572651, -0.777783, 0.032399, 0.0, 0.0, 0.0, 1.0],
                [0.925922, 0.081899, -0.36873, 0.124994, 0.274853, -0.815698, 0.509011, -0.005666, -0.259085, -0.572651, -0.777783, 0.032399, 0.0, 0.0, 0.0, 1.0],
                [0.926584, 0.082253, -0.366983, 0.124994, 0.273723, -0.816662, 0.508073, -0.005666, -0.257911, -0.571224, -0.779221, 0.032399, 0.0, 0.0, 0.0, 1.0],
                [0.92848, 0.083258, -0.36193, 0.124994, 0.270467, -0.819437, 0.505342, -0.005666, -0.254505, -0.56709, -0.783349, 0.032399, 0.0, 0.0, 0.0, 1.0],
                [0.931454, 0.084806, -0.353837, 0.124994, 0.265295, -0.823829, 0.500922, -0.005666, -0.24902, -0.560458, -0.789858, 0.032399, 0.0, 0.0, 0.0, 1.0],
                [0.935335, 0.086768, -0.342958, 0.124994, 0.258425, -0.829637, 0.494893, -0.005666, -0.24159, -0.551519, -0.798411, 0.032399, 0.0, 0.0, 0.0, 1.0],
                [0.939936, 0.089004, -0.329544, 0.124994, 0.250079, -0.836647, 0.48732, -0.005666, -0.232339, -0.540462, -0.808653, 0.032399, 0.0, 0.0, 0.0, 1.0],
                [0.945067, 0.091367, -0.313848, 0.124994, 0.240488, -0.844643, 0.478272, -0.005666, -0.221391, -0.527475, -0.820217, 0.032399, 0.0, 0.0, 0.0, 1.0],
                [0.950538, 0.093715, -0.296135, 0.124994, 0.229885, -0.853403, 0.46782, -0.005666, -0.208881, -0.512758, -0.832735, 0.032399, 0.0, 0.0, 0.0, 1.0],
                [0.956163, 0.09591, -0.276683, 0.124994, 0.218504, -0.862709, 0.456057, -0.005666, -0.194956, -0.496521, -0.845848, 0.032399, 0.0, 0.0, 0.0, 1.0],
                [0.96177, 0.097833, -0.255787, 0.124994, 0.206579, -0.872349, 0.443094, -0.005666, -0.179786, -0.478995, -0.859209, 0.032399, 0.0, 0.0, 0.0, 1.0],
                [0.967202, 0.099381, -0.233759, 0.124994, 0.194339, -0.882117, 0.429071, -0.005666, -0.163562, -0.460427, -0.872499, 0.032399, 0.0, 0.0, 0.0, 1.0],
                [0.972323, 0.100477, -0.21093, 0.124994, 0.182003, -0.891823, 0.414158, -0.005666, -0.146499, -0.441085, -0.885427, 0.032399, 0.0, 0.0, 0.0, 1.0],
                [0.977023, 0.10107, -0.187643, 0.124994, 0.169781, -0.901293, 0.398553, -0.005666, -0.12884, -0.421254, -0.897745, 0.032399, 0.0, 0.0, 0.0, 1.0],
                [0.981219, 0.101142, -0.164253, 0.124994, 0.157866, -0.910375, 0.382486, -0.005666, -0.110846, -0.401233, -0.909244, 0.032399, 0.0, 0.0, 0.0, 1.0],
                [0.984858, 0.100701, -0.141119, 0.124994, 0.146435, -0.918937, 0.366213, -0.005666, -0.092802, -0.381332, -0.919768, 0.032399, 0.0, 0.0, 0.0, 1.0],
                [0.987915, 0.099788, -0.118604, 0.124994, 0.135643, -0.926872, 0.350012, -0.005666, -0.075004, -0.36187, -0.929206, 0.032399, 0.0, 0.0, 0.0, 1.0],
                [0.990395, 0.098471, -0.097066, 0.124994, 0.125626, -0.934098, 0.334183, -0.005666, -0.057762, -0.343167, -0.937497, 0.032399, 0.0, 0.0, 0.0, 1.0],
                [0.992328, 0.09684, -0.076856, 0.124994, 0.116497, -0.940556, 0.319034, -0.005666, -0.041392, -0.32554, -0.944622, 0.032399, 0.0, 0.0, 0.0, 1.0],
                [0.993767, 0.09501, -0.058315, 0.124994, 0.108353, -0.946205, 0.304886, -0.005666, -0.02621, -0.309304, -0.950602, 0.032399, 0.0, 0.0, 0.0, 1.0],
                [0.99478, 0.093106, -0.041773, 0.124994, 0.101275, -0.951022, 0.292061, -0.005666, -0.012535, -0.294767, -0.955487, 0.032399, 0.0, 0.0, 0.0, 1.0],
                [0.995446, 0.091264, -0.027551, 0.124994, 0.095329, -0.954996, 0.280881, -0.005666, -0.000676, -0.282228, -0.959347, 0.032399, 0.0, 0.0, 0.0, 1.0],
                [0.995848, 0.089622, -0.015957, 0.124994, 0.09058, -0.95812, 0.271663, -0.005666, 0.009058, -0.27198, -0.96226, 0.032399, 0.0, 0.0, 0.0, 1.0],
                [0.996066, 0.088313, -0.007298, 0.124994, 0.087089, -0.960386, 0.264716, -0.005666, 0.016369, -0.26431, -0.964299, 0.032399, 0.0, 0.0, 0.0, 1.0],
                [0.996167, 0.087458, -0.001877, 0.124994, 0.084929, -0.961774, 0.260339, -0.005666, 0.020964, -0.259501, -0.965515, 0.032399, 0.0, 0.0, 0.0, 1.0],
                [0.996195, 0.087155, -0.0, 0.124994, 0.084185, -0.96225, 0.258819, -0.005666, 0.022557, -0.257834, -0.965926, 0.032399, 0.0, 0.0, 0.0, 1.0]
            ]
        },
        {
            "name": "Leg_R",
            "time": [0.0, 0.0167, 0.0333, 0.05, 0.0667, 0.0833, 0.1, 0.1167, 0.1333, 0.15, 0.1667, 0.1833, 0.2, 0.2167, 0.2333, 0.25, 0.2667, 0.2833, 0.3, 0.3167, 0.3333, 0.35, 0.3667, 0.3833, 0.4, 0.4167, 0.4333, 0.45, 0.4667, 0.4833, 0.5, 0.5167, 0.5333, 0.55, 0.5667, 0.5833, 0.6, 0.6167, 0.6333, 0.65, 0.6667, 0.6833, 0.7, 0.7167, 0.7333, 0.75, 0.7667, 0.7833, 0.8, 0.8167, 0.8333, 0.85, 0.8667, 0.8833, 0.9, 0.9167, 0.9333, 0.95, 0.9667, 0.9833, 1.0, 1.0167, 1.0333, 1.05, 1.0667, 1.0833, 1.1, 1.1167, 1.1333, 1.15, 1.1667, 1.1833, 1.2, 1.2167, 1.2333, 1.25, 1.2667, 1.2833, 1.3, 1.3167, 1.3333, 1.35, 1.3667, 1.3833, 1.4],
            "transform": [
                [0.933031, -0.16694, 0.318723, -0.0, -0.049991, 0.817101, 0.574323, 0.37472, -0.356306, -0.551794, 0.754035, -0.0, 0.0, 0.0, 0.0, 1.0],
                [0.933031, -0.16694, 0.318723, 0.0, -0.049991, 0.817101, 0.574323, 0.37472, -0.356306, -0.551794, 0.754035, 0.0, 0.0, 0.0, 0.0, 1.0],
                [0.933031, -0.16694, 0.318723, -0.0, -0.049991, 0.817101, 0.574323, 0.37472, -0.356306, -0.551794, 0.754035, -0.0, 0.0, 0.0, 0.0, 1.0],
                [0.933031, -0.16694, 0.318723, -0.0, -0.049991, 0.817101, 0.574323, 0.37472, -0.356306, -0.551794, 0.754035, -0.0, 0.0, 0.0, 0.0, 1.0],
                [0.933031, -0.16694, 0.318723, -0.0, -0.049991, 0.817101, 0.574323, 0.37472, -0.356306, -0.551794, 0.754035, -0.0, 0.0, 0.0, 0.0, 1.0],
                [0.933031, -0.16694, 0.318723, -0.0, -0.049991, 0.817101, 0.574323, 0.37472, -0.356306, -0.551794, 0.754035, 0.0, 0.0, 0.0, 0.0, 1.0],
                [0.933031, -0.16694, 0.318723, 0.0, -0.049991, 0.817101, 0.574323, 0.37472, -0.356306, -0.551794, 0.754035, -0.0, 0.0, 0.0, 0.0, 1.0],
                [0.933031, -0.16694, 0.318723, 0.0, -0.049991, 0.817101, 0.574323, 0.37472, -0.356306, -0.551794, 0.754035, 0.0, 0.0, 0.0, 0.0, 1.0],
                [0.933031, -0.16694, 0.318723, -0.0, -0.049991, 0.817101, 0.574323, 0.37472, -0.356306, -0.551794, 0.754035, -0.0, 0.0, 0.0, 0.0, 1.0],
                [0.933031, -0.16694, 0.318723, -0.0, -0.049991, 0.817101, 0.574323, 0.37472, -0.356306, -0.551794, 0.754035, -0.0, 0.0, 0.0, 0.0, 1.0],
                [0.933031, -0.16694, 0.318723, 0.0, -0.049991, 0.817101, 0.574323, 0.37472, -0.356306, -0.551794, 0.754035, -0.0, 0.0, 0.0, 0.0, 1.0],
                [0.933031, -0.16694, 0.318723, 0.0, -0.049991, 0.817101, 0.574323, 0.37472, -0.356306, -0.551795, 0.754035, 0.0, 0.0, 0.0, 0.0, 1.0],
                [0.933031, -0.16694, 0.318723, 0.0, -0.049991, 0.817101, 0.574323, 0.37472, -0.356306, -0.551794, 0.754035, -0.0, 0.0, 0.0, 0.0, 1.0],
                [0.933031, -0.16694, 0.318723, -0.0, -0.049991, 0.817101, 0.574323, 0.37472, -0.356306, -0.551795, 0.754035, 0.0, 0.0, 0.0, 0.0, 1.0],
                [0.933031, -0.16694, 0.318723, 0.0, -0.049991, 0.817101, 0.574323, 0.37472, -0.356306, -0.551795, 0.754035, -0.0, 0.0, 0.0, 0.0, 1.0],
                [0.933031, -0.16694, 0.318723, 0.0, -0.049991, 0.817101, 0.574323, 0.37472, -0.356306, -0.551794, 0.754035, -0.0, 0.0, 0.0, 0.0, 1.0],
                [0.933031, -0.16694, 0.318723, 0.0, -0.049991, 0.817101, 0.574323, 0.37472, -0.356306, -0.551795, 0.754035, -0.0, 0.0, 0.0, 0.0, 1.0],
                [0.933031, -0.16694, 0.318723, -0.0, -0.049991, 0.817101, 0.574323, 0.37472, -0.356306, -0.551794, 0.754035, 0.0, 0.0, 0.0, 0.0, 1.0],
                [0.933031, -0.16694, 0.318723, 0.0, -0.049991, 0.817101, 0.574323, 0.37472, -0.356306, -0.551794, 0.754035, 0.0, 0.0, 0.0, 0.0, 1.0],
                [0.933031, -0.16694, 0.318723, 0.0, -0.049991, 0.817101, 0.574323, 0.37472, -0.356306, -0.551795, 0.754035, 0.0, 0.0, 0.0, 0.0, 1.0],
                [0.933031, -0.16694, 0.318723, -0.0, -0.049991, 0.817101, 0.574323, 0.37472, -0.356306, -0.551794, 0.754035, 0.0, 0.0, 0.0, 0.0, 1.0],
                [0.933031, -0.16694, 0.318723, 0.0, -0.049991, 0.817101, 0.574323, 0.37472, -0.356306, -0.551794, 0.754035, -0.0, 0.0, 0.0, 0.0, 1.0],
                [0.933031, -0.16694, 0.318723, -0.0, -0.049991, 0.817101, 0.574323, 0.37472, -0.356306, -0.551794, 0.754035, -0.0, 0.0, 0.0, 0.0, 1.0],
                [0.933031, -0.16694, 0.318723, 0.0, -0.049991, 0.817101, 0.574323, 0.37472, -0.356306, -0.551795, 0.754035, 0.0, 0.0, 0.0, 0.0, 1.0],
                [0.933031, -0.16694, 0.318723, 0.0, -0.049991, 0.817101, 0.574323, 0.37472, -0.356306, -0.551794, 0.754035, 0.0, 0.0, 0.0, 0.0, 1.0],
                [0.933031, -0.16694, 0.318723, -0.0, -0.049991, 0.817101, 0.574323, 0.37472, -0.356306, -0.551794, 0.754035, -0.0, 0.0, 0.0, 0.0, 1.0],
                [0.933031, -0.16694, 0.318723, 0.0, -0.049991, 0.817101, 0.574323, 0.37472, -0.356306, -0.551795, 0.754035, -0.0, 0.0, 0.0, 0.0, 1.0],
                [0.933031, -0.16694, 0.318723, 0.0, -0.049991, 0.817101, 0.574323, 0.37472, -0.356306, -0.551794, 0.754035, 0.0, 0.0, 0.0, 0.0, 1.0],
                [0.933031, -0.16694, 0.318723, 0.0, -0.049991, 0.817101, 0.574323, 0.37472, -0.356306, -0.551795, 0.754035, 0.0, 0.0, 0.0, 0.0, 1.0],
                [0.933031, -0.16694, 0.318723, 0.0, -0.049991, 0.817101, 0.574323, 0.37472, -0.356306, -0.551794, 0.754035, -0.0, 0.0, 0.0, 0.0, 1.0],
                [0.933031, -0.16694, 0.318723, 0.0, -0.049991, 0.817101, 0.574323, 0.37472, -0.356306, -0.551795, 0.754035, 0.0, 0.0, 0.0, 0.0, 1.0],
                [0.933031, -0.16694, 0.318723, -0.0, -0.049991, 0.817101, 0.574323, 0.37472, -0.356306, -0.551794, 0.754035, -0.0, 0.0, 0.0, 0.0, 1.0],
