{
    "armature": {
        "joints": ["Root", "Thigh_R", "Leg_R", "Knee_R", "Thigh_L", "Leg_L", "Knee_L", "Torso", "Chest", "Head", "Shoulder_R", "Arm_R", "Hand_R", "Tool_R", "Elbow_R", "Shoulder_L", "Arm_L", "Hand_L", "Tool_L", "Elbow_L"],
        "hierarchy": [
            {
                "name": "Root",
                "transform": [1.0, 0.0, 0.0, -5e-06, 0.0, 0.0, -1.0, 0.000946, 0.0, 1.0, 0.0, 0.763972, 0.0, 0.0, 0.0, 1.0],
                "children": [
                    {
                        "name": "Thigh_R",
                        "transform": [1.0, -0.0, -0.0, 0.124994, -0.0, -1.0, 0.0, -0.002831, -0.0, -0.0, -1.0, -1.2e-05, 0.0, 0.0, 0.0, 1.0],
                        "children": [
                            {
                                "name": "Leg_R",
                                "transform": [1.0, 0.0, 1e-06, 0.0, -0.0, 1.0, 0.0, 0.37472, -1e-06, -0.0, 1.0, -0.0, 0.0, 0.0, 0.0, 1.0],
                                "children": []
                            },
                            {
                                "name": "Knee_R",
                                "transform": [1.0, 0.0, -0.0, 0.0, -0.0, 0.0, -1.0, 0.37472, -0.0, 1.0, 0.0, -0.0, 0.0, 0.0, 0.0, 1.0],
                                "children": []
                            }
                        ]
                    },
                    {
                        "name": "Thigh_L",
                        "transform": [1.0, -0.0, -0.0, -0.125006, -0.0, -1.0, 0.0, -0.002831, -0.0, -0.0, -1.0, -1.2e-05, 0.0, 0.0, 0.0, 1.0],
                        "children": [
                            {
                                "name": "Leg_L",
                                "transform": [1.0, 0.0, 1e-06, -0.0, -0.0, 1.0, 0.0, 0.37472, -1e-06, -0.0, 1.0, 0.0, 0.0, 0.0, 0.0, 1.0],
                                "children": []
                            },
                            {
                                "name": "Knee_L",
                                "transform": [1.0, 0.0, -0.0, -0.0, -0.0, 0.0, -1.0, 0.37472, -0.0, 1.0, 0.0, 0.0, 0.0, 0.0, 0.0, 1.0],
                                "children": []
                            }
                        ]
                    },
                    {
                        "name": "Torso",
                        "transform": [1.0, 0.0, 0.0, 0.0, 0.0, 1.0, 0.0, 0.05, 0.0, 0.0, 1.0, 0.0, 0.0, 0.0, 0.0, 1.0],
                        "children": [
                            {
                                "name": "Chest",
                                "transform": [1.0, 0.0, 0.0, 0.0, 0.0, 1.0, 0.0, 0.3, 0.0, 0.0, 1.0, 0.0, 0.0, 0.0, 0.0, 1.0],
                                "children": [
                                    {
                                        "name": "Head",
                                        "transform": [1.0, 0.0, 0.0, 0.0, 0.0, 1.0, 0.0, 0.4, 0.0, 0.0, 1.0, 0.0, 0.0, 0.0, 0.0, 1.0],
                                        "children": []
                                    },
                                    {
                                        "name": "Shoulder_R",
                                        "transform": [0.0, 0.952114, 0.305743, 0.0, 0.0, -0.305743, 0.952114, 0.4, 1.0, 0.0, -0.0, 0.0, 0.0, 0.0, 0.0, 1.0],
                                        "children": [
                                            {
                                                "name": "Arm_R",
                                                "transform": [0.0, -0.0, -1.0, -0.0, 0.952114, 0.305743, 0.0, 0.39386, 0.305743, -0.952114, 0.0, 0.0, 0.0, 0.0, 0.0, 1.0],
                                                "children": [
                                                    {
                                                        "name": "Hand_R",
                                                        "transform": [1.0, 0.0, 0.0, 0.0, -0.0, 0.993938, 0.109947, 0.3, -0.0, -0.109947, 0.993937, 0.0, 0.0, 0.0, 0.0, 1.0],
                                                        "children": [
                                                            {
                                                                "name": "Tool_R",
                                                                "transform": [1.0, 0.0, 0.0, -0.0, 0.0, -0.999836, 0.018122, 0.272858, 0.0, -0.018122, -0.999836, 0.0, 0.0, 0.0, 0.0, 1.0],
                                                                "children": []
                                                            }
                                                        ]
                                                    },
                                                    {
                                                        "name": "Elbow_R",
                                                        "transform": [-1.0, 0.0, -0.0, 0.0, 0.0, 0.0, -1.0, 0.3, -0.0, -1.0, -0.0, 0.0, 0.0, 0.0, 0.0, 1.0],
                                                        "children": []
                                                    }
                                                ]
                                            }
                                        ]
                                    },
                                    {
                                        "name": "Shoulder_L",
                                        "transform": [-0.0, -0.952114, -0.305743, 0.0, 0.0, -0.305743, 0.952114, 0.4, -1.0, 0.0, 0.0, 0.0, 0.0, 0.0, 0.0, 1.0],
                                        "children": [
                                            {
                                                "name": "Arm_L",
                                                "transform": [-0.0, -0.0, 1.0, -0.0, -0.952114, 0.305743, -0.0, 0.39386, -0.305743, -0.952114, -0.0, 0.0, 0.0, 0.0, 0.0, 1.0],
                                                "children": [
                                                    {
                                                        "name": "Hand_L",
                                                        "transform": [1.0, -0.0, 0.0, -0.0, 0.0, 0.993937, 0.109947, 0.3, -0.0, -0.109947, 0.993937, 0.0, 0.0, 0.0, 0.0, 1.0],
                                                        "children": [
                                                            {
                                                                "name": "Tool_L",
                                                                "transform": [1.0, 0.0, 0.0, -0.0, -0.0, -0.999836, 0.018122, 0.272858, 0.0, -0.018122, -0.999836, -0.0, 0.0, 0.0, 0.0, 1.0],
                                                                "children": []
                                                            }
                                                        ]
                                                    },
                                                    {
                                                        "name": "Elbow_L",
                                                        "transform": [-1.0, 0.0, -0.0, -0.0, 0.0, -0.0, -1.0, 0.3, -0.0, -1.0, 0.0, 0.0, 0.0, 0.0, 0.0, 1.0],
                                                        "children": []
                                                    }
                                                ]
                                            }
                                        ]
                                    }
                                ]
                            }
                        ]
                    }
                ]
            }
        ]
    },
    "animation": [
        {
            "name": "Root",
            "time": [0.0167, 0.0333, 0.05, 0.0667, 0.0833, 0.1, 0.1167, 0.1333, 0.15, 0.1667, 0.1833, 0.2, 0.2167, 0.2333, 0.25, 0.2667, 0.2833, 0.3, 0.3167, 0.3333, 0.35, 0.3667, 0.3833, 0.4, 0.4167, 0.4333, 0.45, 0.4667, 0.4833, 0.5, 0.5167, 0.5333, 0.55, 0.5667, 0.5833, 0.6, 0.6167, 0.6333, 0.65, 0.6667, 0.6833, 0.7, 0.7167, 0.7333, 0.75, 0.7667, 0.7833, 0.8, 0.8167, 0.8333, 0.85, 0.8667, 0.8833, 0.9, 0.9167, 0.9333, 0.95, 0.9667, 0.9833, 1.0, 1.0167, 1.0333, 1.05, 1.0667, 1.0833, 1.1, 1.1167, 1.1333, 1.15, 1.1667, 1.1833, 1.2, 1.2167, 1.2333, 1.25, 1.2667, 1.2833, 1.3, 1.3167, 1.3333, 1.35, 1.3667, 1.3833, 1.4, 1.4167, 1.4333, 1.45, 1.4667, 1.4833, 1.5, 1.5167, 1.5333, 1.55, 1.5667, 1.5833, 1.6, 1.6167, 1.6333, 1.65, 1.6667, 1.6833, 1.7, 1.7167, 1.7333, 1.75, 1.7667, 1.7833, 1.8, 1.8167, 1.8333, 1.85, 1.8667, 1.8833, 1.9, 1.9167, 1.9333, 1.95, 1.9667, 1.9833, 2.0, 2.0167, 2.0333, 2.05, 2.0667, 2.0833, 2.1, 2.1167, 2.1333, 2.15, 2.1667, 2.1833, 2.2, 2.2167, 2.2333, 2.25, 2.2667, 2.2833, 2.3, 2.3167, 2.3333, 2.35, 2.3667, 2.3833, 2.4],
            "transform": [
                [1.0, 0.0, 0.0, -5e-06, 0.0, 0.0, -1.0, 0.000946, 0.0, 1.0, 0.0, 0.763972, 0.0, 0.0, 0.0, 1.0],
                [1.0, 0.0, 0.0, -5e-06, 0.0, 0.0, -1.0, 0.000946, 0.0, 1.0, 0.0, 0.763972, 0.0, 0.0, 0.0, 1.0],
                [1.0, 0.0, 0.0, -5e-06, 0.0, 0.0, -1.0, 0.000946, 0.0, 1.0, 0.0, 0.763972, 0.0, 0.0, 0.0, 1.0],
                [1.0, 0.0, 0.0, -5e-06, 0.0, 0.0, -1.0, 0.000946, 0.0, 1.0, 0.0, 0.763972, 0.0, 0.0, 0.0, 1.0],
                [1.0, 0.0, 0.0, -5e-06, 0.0, 0.0, -1.0, 0.000946, 0.0, 1.0, 0.0, 0.763972, 0.0, 0.0, 0.0, 1.0],
                [1.0, 0.0, 0.0, -5e-06, 0.0, 0.0, -1.0, 0.000946, 0.0, 1.0, 0.0, 0.763972, 0.0, 0.0, 0.0, 1.0],
                [1.0, 0.0, 0.0, -5e-06, 0.0, 0.0, -1.0, 0.000946, 0.0, 1.0, 0.0, 0.763972, 0.0, 0.0, 0.0, 1.0],
                [1.0, 0.0, 0.0, -5e-06, 0.0, 0.0, -1.0, 0.000946, 0.0, 1.0, 0.0, 0.763972, 0.0, 0.0, 0.0, 1.0],
                [1.0, 0.0, 0.0, -5e-06, 0.0, 0.0, -1.0, 0.000946, 0.0, 1.0, 0.0, 0.763972, 0.0, 0.0, 0.0, 1.0],
                [1.0, 0.0, 0.0, -5e-06, 0.0, 0.0, -1.0, 0.000946, 0.0, 1.0, 0.0, 0.763972, 0.0, 0.0, 0.0, 1.0],
                [1.0, 0.0, 0.0, -5e-06, 0.0, 0.0, -1.0, 0.000946, 0.0, 1.0, 0.0, 0.763972, 0.0, 0.0, 0.0, 1.0],
                [1.0, 0.0, 0.0, -5e-06, 0.0, 0.0, -1.0, 0.000946, 0.0, 1.0, 0.0, 0.763972, 0.0, 0.0, 0.0, 1.0],
                [1.0, 0.0, 0.0, -5e-06, 0.0, 0.0, -1.0, 0.000946, 0.0, 1.0, 0.0, 0.763972, 0.0, 0.0, 0.0, 1.0],
                [1.0, 0.0, 0.0, -5e-06, 0.0, 0.0, -1.0, 0.010092, 0.0, 1.0, 0.0, 0.763972, 0.0, 0.0, 0.0, 1.0],
                [1.0, 0.0, 0.0, -5e-06, 0.0, 0.0, -1.0, 0.036123, 0.0, 1.0, 0.0, 0.763972, 0.0, 0.0, 0.0, 1.0],
                [1.0, 0.0, 0.0, -5e-06, 0.0, 0.0, -1.0, 0.076927, 0.0, 1.0, 0.0, 0.763972, 0.0, 0.0, 0.0, 1.0],
                [1.0, 0.0, 0.0, -5e-06, 0.0, 0.0, -1.0, 0.130396, 0.0, 1.0, 0.0, 0.763972, 0.0, 0.0, 0.0, 1.0],
                [1.0, 0.0, 0.0, -5e-06, 0.0, 0.0, -1.0, 0.194417, 0.0, 1.0, 0.0, 0.763972, 0.0, 0.0, 0.0, 1.0],
                [1.0, 0.0, 0.0, -5e-06, 0.0, 0.0, -1.0, 0.26688, 0.0, 1.0, 0.0, 0.763972, 0.0, 0.0, 0.0, 1.0],
                [1.0, 0.0, 0.0, -5e-06, 0.0, 0.0, -1.0, 0.345675, 0.0, 1.0, 0.0, 0.763972, 0.0, 0.0, 0.0, 1.0],
                [1.0, 0.0, 0.0, -5e-06, 0.0, 0.0, -1.0, 0.428691, 0.0, 1.0, 0.0, 0.763972, 0.0, 0.0, 0.0, 1.0],
                [1.0, 0.0, 0.0, -5e-06, 0.0, 0.0, -1.0, 0.513818, 0.0, 1.0, 0.0, 0.763972, 0.0, 0.0, 0.0, 1.0],
                [1.0, 0.0, 0.0, -5e-06, 0.0, 0.0, -1.0, 0.598945, 0.0, 1.0, 0.0, 0.763972, 0.0, 0.0, 0.0, 1.0],
                [1.0, 0.0, 0.0, -5e-06, 0.0, 0.0, -1.0, 0.681961, 0.0, 1.0, 0.0, 0.763972, 0.0, 0.0, 0.0, 1.0],
                [1.0, 0.0, 0.0, -5e-06, 0.0, 0.0, -1.0, 0.760756, 0.0, 1.0, 0.0, 0.763972, 0.0, 0.0, 0.0, 1.0],
                [1.0, 0.0, 0.0, -5e-06, 0.0, 0.0, -1.0, 0.83322, 0.0, 1.0, 0.0, 0.763972, 0.0, 0.0, 0.0, 1.0],
                [1.0, 0.0, 0.0, -5e-06, 0.0, 0.0, -1.0, 0.897241, 0.0, 1.0, 0.0, 0.763972, 0.0, 0.0, 0.0, 1.0],
                [1.0, 0.0, 0.0, -5e-06, 0.0, 0.0, -1.0, 0.950709, 0.0, 1.0, 0.0, 0.763972, 0.0, 0.0, 0.0, 1.0],
                [1.0, 0.0, 0.0, -5e-06, 0.0, 0.0, -1.0, 0.991514, 0.0, 1.0, 0.0, 0.763972, 0.0, 0.0, 0.0, 1.0],
                [1.0, 0.0, 0.0, -5e-06, 0.0, 0.0, -1.0, 1.017544, 0.0, 1.0, 0.0, 0.763972, 0.0, 0.0, 0.0, 1.0],
                [1.0, 0.0, 0.0, -5e-06, 0.0, 0.0, -1.0, 1.02669, 0.0, 1.0, 0.0, 0.763972, 0.0, 0.0, 0.0, 1.0],
                [1.0, 0.0, 0.0, -5e-06, 0.0, 0.0, -1.0, 1.02669, 0.0, 1.0, 0.0, 0.763972, 0.0, 0.0, 0.0, 1.0],
                [1.0, 0.0, 0.0, -5e-06, 0.0, 0.0, -1.0, 1.02669, 0.0, 1.0, 0.0, 0.763972, 0.0, 0.0, 0.0, 1.0],
                [1.0, 0.0, 0.0, -5e-06, 0.0, 0.0, -1.0, 1.02669, 0.0, 1.0, 0.0, 0.763972, 0.0, 0.0, 0.0, 1.0],
                [1.0, 0.0, 0.0, -5e-06, 0.0, 0.0, -1.0, 1.02669, 0.0, 1.0, 0.0, 0.763972, 0.0, 0.0, 0.0, 1.0],
                [1.0, 0.0, 0.0, -5e-06, 0.0, 0.0, -1.0, 1.02669, 0.0, 1.0, 0.0, 0.763972, 0.0, 0.0, 0.0, 1.0],
                [1.0, 0.0, 0.0, -5e-06, 0.0, 0.0, -1.0, 1.02669, 0.0, 1.0, 0.0, 0.763972, 0.0, 0.0, 0.0, 1.0],
                [1.0, 0.0, 0.0, -5e-06, 0.0, 0.0, -1.0, 1.02669, 0.0, 1.0, 0.0, 0.763972, 0.0, 0.0, 0.0, 1.0],
                [1.0, 0.0, 0.0, -5e-06, 0.0, 0.0, -1.0, 1.02669, 0.0, 1.0, 0.0, 0.763972, 0.0, 0.0, 0.0, 1.0],
                [1.0, 0.0, 0.0, -5e-06, 0.0, 0.0, -1.0, 1.02669, 0.0, 1.0, 0.0, 0.763972, 0.0, 0.0, 0.0, 1.0],
                [1.0, 0.0, 0.0, -5e-06, 0.0, 0.0, -1.0, 1.02669, 0.0, 1.0, 0.0, 0.763972, 0.0, 0.0, 0.0, 1.0],
                [1.0, 0.0, 0.0, -5e-06, 0.0, 0.0, -1.0, 1.02669, 0.0, 1.0, 0.0, 0.763972, 0.0, 0.0, 0.0, 1.0],
                [1.0, 0.0, 0.0, -5e-06, 0.0, 0.0, -1.0, 1.02669, 0.0, 1.0, 0.0, 0.763972, 0.0, 0.0, 0.0, 1.0],
                [1.0, 0.0, 0.0, -5e-06, 0.0, 0.0, -1.0, 1.02669, 0.0, 1.0, 0.0, 0.763972, 0.0, 0.0, 0.0, 1.0],
                [1.0, 0.0, 0.0, -5e-06, 0.0, 0.0, -1.0, 1.02669, 0.0, 1.0, 0.0, 0.763972, 0.0, 0.0, 0.0, 1.0],
                [1.0, 0.0, 0.0, -5e-06, 0.0, 0.0, -1.0, 1.02669, 0.0, 1.0, 0.0, 0.763972, 0.0, 0.0, 0.0, 1.0],
                [1.0, 0.0, 0.0, -5e-06, 0.0, 0.0, -1.0, 1.02669, 0.0, 1.0, 0.0, 0.763972, 0.0, 0.0, 0.0, 1.0],
                [1.0, 0.0, 0.0, -5e-06, 0.0, 0.0, -1.0, 1.02669, 0.0, 1.0, 0.0, 0.763972, 0.0, 0.0, 0.0, 1.0],
                [1.0, 0.0, 0.0, -5e-06, 0.0, 0.0, -1.0, 1.02669, 0.0, 1.0, 0.0, 0.763972, 0.0, 0.0, 0.0, 1.0],
                [1.0, 0.0, 0.0, -5e-06, 0.0, 0.0, -1.0, 1.02669, 0.0, 1.0, 0.0, 0.763972, 0.0, 0.0, 0.0, 1.0],
                [1.0, 0.0, 0.0, -5e-06, 0.0, 0.0, -1.0, 1.02669, 0.0, 1.0, 0.0, 0.763972, 0.0, 0.0, 0.0, 1.0],
                [1.0, 0.0, 0.0, -5e-06, 0.0, 0.0, -1.0, 1.02669, 0.0, 1.0, 0.0, 0.763972, 0.0, 0.0, 0.0, 1.0],
                [1.0, 0.0, 0.0, -5e-06, 0.0, 0.0, -1.0, 1.02669, 0.0, 1.0, 0.0, 0.763972, 0.0, 0.0, 0.0, 1.0],
                [1.0, 0.0, 0.0, -5e-06, 0.0, 0.0, -1.0, 1.02669, 0.0, 1.0, 0.0, 0.763972, 0.0, 0.0, 0.0, 1.0],
                [1.0, 0.0, 0.0, -5e-06, 0.0, 0.0, -1.0, 1.02669, 0.0, 1.0, 0.0, 0.763972, 0.0, 0.0, 0.0, 1.0],
                [1.0, 0.0, 0.0, -5e-06, 0.0, 0.0, -1.0, 1.02669, 0.0, 1.0, 0.0, 0.763972, 0.0, 0.0, 0.0, 1.0],
                [1.0, 0.0, 0.0, -5e-06, 0.0, 0.0, -1.0, 1.02669, 0.0, 1.0, 0.0, 0.763972, 0.0, 0.0, 0.0, 1.0],
                [1.0, 0.0, 0.0, -5e-06, 0.0, 0.0, -1.0, 1.02669, 0.0, 1.0, 0.0, 0.763972, 0.0, 0.0, 0.0, 1.0],
                [1.0, 0.0, 0.0, -5e-06, 0.0, 0.0, -1.0, 1.02669, 0.0, 1.0, 0.0, 0.763972, 0.0, 0.0, 0.0, 1.0],
                [1.0, 0.0, 0.0, -5e-06, 0.0, 0.0, -1.0, 1.02669, 0.0, 1.0, 0.0, 0.763972, 0.0, 0.0, 0.0, 1.0],
                [1.0, 0.0, 0.0, -5e-06, 0.0, 0.0, -1.0, 1.02669, 0.0, 1.0, 0.0, 0.763972, 0.0, 0.0, 0.0, 1.0],
                [1.0, 0.0, 0.0, -5e-06, 0.0, 0.0, -1.0, 1.02669, 0.0, 1.0, 0.0, 0.763972, 0.0, 0.0, 0.0, 1.0],
                [1.0, 0.0, 0.0, -5e-06, 0.0, 0.0, -1.0, 1.02669, 0.0, 1.0, 0.0, 0.763972, 0.0, 0.0, 0.0, 1.0],
                [1.0, 0.0, 0.0, -5e-06, 0.0, 0.0, -1.0, 1.02669, 0.0, 1.0, 0.0, 0.763972, 0.0, 0.0, 0.0, 1.0],
                [1.0, 0.0, 0.0, -5e-06, 0.0, 0.0, -1.0, 1.022354, 0.0, 1.0, 0.0, 0.763972, 0.0, 0.0, 0.0, 1.0],
                [1.0, 0.0, 0.0, -5e-06, 0.0, 0.0, -1.0, 1.010014, 0.0, 1.0, 0.0, 0.763972, 0.0, 0.0, 0.0, 1.0],
                [1.0, 0.0, 0.0, -5e-06, 0.0, 0.0, -1.0, 0.99067, 0.0, 1.0, 0.0, 0.763972, 0.0, 0.0, 0.0, 1.0],
                [1.0, 0.0, 0.0, -5e-06, 0.0, 0.0, -1.0, 0.965322, 0.0, 1.0, 0.0, 0.763972, 0.0, 0.0, 0.0, 1.0],
                [1.0, 0.0, 0.0, -5e-06, 0.0, 0.0, -1.0, 0.934972, 0.0, 1.0, 0.0, 0.763972, 0.0, 0.0, 0.0, 1.0],
                [1.0, 0.0, 0.0, -5e-06, 0.0, 0.0, -1.0, 0.900619, 0.0, 1.0, 0.0, 0.763972, 0.0, 0.0, 0.0, 1.0],
                [1.0, 0.0, 0.0, -5e-06, 0.0, 0.0, -1.0, 0.863265, 0.0, 1.0, 0.0, 0.763972, 0.0, 0.0, 0.0, 1.0],
                [1.0, 0.0, 0.0, -5e-06, 0.0, 0.0, -1.0, 0.823909, 0.0, 1.0, 0.0, 0.763972, 0.0, 0.0, 0.0, 1.0],
                [1.0, 0.0, 0.0, -5e-06, 0.0, 0.0, -1.0, 0.783553, 0.0, 1.0, 0.0, 0.763972, 0.0, 0.0, 0.0, 1.0],
                [1.0, 0.0, 0.0, -5e-06, 0.0, 0.0, -1.0, 0.743197, 0.0, 1.0, 0.0, 0.763972, 0.0, 0.0, 0.0, 1.0],
                [1.0, 0.0, 0.0, -5e-06, 0.0, 0.0, -1.0, 0.703841, 0.0, 1.0, 0.0, 0.763972, 0.0, 0.0, 0.0, 1.0],
                [1.0, 0.0, 0.0, -5e-06, 0.0, 0.0, -1.0, 0.666487, 0.0, 1.0, 0.0, 0.763972, 0.0, 0.0, 0.0, 1.0],
                [1.0, 0.0, 0.0, -5e-06, 0.0, 0.0, -1.0, 0.632134, 0.0, 1.0, 0.0, 0.763972, 0.0, 0.0, 0.0, 1.0],
                [1.0, 0.0, 0.0, -5e-06, 0.0, 0.0, -1.0, 0.601784, 0.0, 1.0, 0.0, 0.763972, 0.0, 0.0, 0.0, 1.0],
                [1.0, 0.0, 0.0, -5e-06, 0.0, 0.0, -1.0, 0.576436, 0.0, 1.0, 0.0, 0.763972, 0.0, 0.0, 0.0, 1.0],
                [1.0, 0.0, 0.0, -5e-06, 0.0, 0.0, -1.0, 0.557092, 0.0, 1.0, 0.0, 0.763972, 0.0, 0.0, 0.0, 1.0],
                [1.0, 0.0, 0.0, -5e-06, 0.0, 0.0, -1.0, 0.544752, 0.0, 1.0, 0.0, 0.763972, 0.0, 0.0, 0.0, 1.0],
                [1.0, 0.0, 0.0, -5e-06, 0.0, 0.0, -1.0, 0.540416, 0.0, 1.0, 0.0, 0.763972, 0.0, 0.0, 0.0, 1.0],
                [1.0, 0.0, 0.0, -5e-06, 0.0, 0.0, -1.0, 0.540416, 0.0, 1.0, 0.0, 0.763972, 0.0, 0.0, 0.0, 1.0],
                [1.0, 0.0, 0.0, -5e-06, 0.0, 0.0, -1.0, 0.540416, 0.0, 1.0, 0.0, 0.763972, 0.0, 0.0, 0.0, 1.0],
                [1.0, 0.0, 0.0, -5e-06, 0.0, 0.0, -1.0, 0.540416, 0.0, 1.0, 0.0, 0.763972, 0.0, 0.0, 0.0, 1.0],
                [1.0, 0.0, 0.0, -5e-06, 0.0, 0.0, -1.0, 0.540416, 0.0, 1.0, 0.0, 0.763972, 0.0, 0.0, 0.0, 1.0],
                [1.0, 0.0, 0.0, -5e-06, 0.0, 0.0, -1.0, 0.540416, 0.0, 1.0, 0.0, 0.763972, 0.0, 0.0, 0.0, 1.0],
                [1.0, 0.0, 0.0, -5e-06, 0.0, 0.0, -1.0, 0.540416, 0.0, 1.0, 0.0, 0.763972, 0.0, 0.0, 0.0, 1.0],
                [1.0, 0.0, 0.0, -5e-06, 0.0, 0.0, -1.0, 0.540416, 0.0, 1.0, 0.0, 0.763972, 0.0, 0.0, 0.0, 1.0],
                [1.0, 0.0, 0.0, -5e-06, 0.0, 0.0, -1.0, 0.540416, 0.0, 1.0, 0.0, 0.763972, 0.0, 0.0, 0.0, 1.0],
                [1.0, 0.0, 0.0, -5e-06, 0.0, 0.0, -1.0, 0.540416, 0.0, 1.0, 0.0, 0.763972, 0.0, 0.0, 0.0, 1.0],
                [1.0, 0.0, 0.0, -5e-06, 0.0, 0.0, -1.0, 0.540416, 0.0, 1.0, 0.0, 0.763972, 0.0, 0.0, 0.0, 1.0],
                [1.0, 0.0, 0.0, -5e-06, 0.0, 0.0, -1.0, 0.540416, 0.0, 1.0, 0.0, 0.763972, 0.0, 0.0, 0.0, 1.0],
                [1.0, 0.0, 0.0, -5e-06, 0.0, 0.0, -1.0, 0.540416, 0.0, 1.0, 0.0, 0.763972, 0.0, 0.0, 0.0, 1.0],
                [1.0, 0.0, 0.0, -5e-06, 0.0, 0.0, -1.0, 0.540416, 0.0, 1.0, 0.0, 0.763972, 0.0, 0.0, 0.0, 1.0],
                [1.0, 0.0, 0.0, -5e-06, 0.0, 0.0, -1.0, 0.540416, 0.0, 1.0, 0.0, 0.763972, 0.0, 0.0, 0.0, 1.0],
                [1.0, 0.0, 0.0, -5e-06, 0.0, 0.0, -1.0, 0.540416, 0.0, 1.0, 0.0, 0.763972, 0.0, 0.0, 0.0, 1.0],
                [1.0, 0.0, 0.0, -5e-06, 0.0, 0.0, -1.0, 0.540416, 0.0, 1.0, 0.0, 0.763972, 0.0, 0.0, 0.0, 1.0],
                [1.0, 0.0, 0.0, -5e-06, 0.0, 0.0, -1.0, 0.540416, 0.0, 1.0, 0.0, 0.763972, 0.0, 0.0, 0.0, 1.0],
                [1.0, 0.0, 0.0, -5e-06, 0.0, 0.0, -1.0, 0.540416, 0.0, 1.0, 0.0, 0.763972, 0.0, 0.0, 0.0, 1.0],
                [1.0, 0.0, 0.0, -5e-06, 0.0, 0.0, -1.0, 0.540416, 0.0, 1.0, 0.0, 0.763972, 0.0, 0.0, 0.0, 1.0],
                [1.0, 0.0, 0.0, -5e-06, 0.0, 0.0, -1.0, 0.540416, 0.0, 1.0, 0.0, 0.763972, 0.0, 0.0, 0.0, 1.0],
                [1.0, 0.0, 0.0, -5e-06, 0.0, 0.0, -1.0, 0.540416, 0.0, 1.0, 0.0, 0.763972, 0.0, 0.0, 0.0, 1.0],
                [1.0, 0.0, 0.0, -5e-06, 0.0, 0.0, -1.0, 0.540416, 0.0, 1.0, 0.0, 0.763972, 0.0, 0.0, 0.0, 1.0],
                [1.0, 0.0, 0.0, -5e-06, 0.0, 0.0, -1.0, 0.540416, 0.0, 1.0, 0.0, 0.763972, 0.0, 0.0, 0.0, 1.0],
                [1.0, 0.0, 0.0, -5e-06, 0.0, 0.0, -1.0, 0.540416, 0.0, 1.0, 0.0, 0.763972, 0.0, 0.0, 0.0, 1.0],
                [1.0, 0.0, 0.0, -5e-06, 0.0, 0.0, -1.0, 0.540416, 0.0, 1.0, 0.0, 0.763972, 0.0, 0.0, 0.0, 1.0],
                [1.0, 0.0, 0.0, -5e-06, 0.0, 0.0, -1.0, 0.540416, 0.0, 1.0, 0.0, 0.763972, 0.0, 0.0, 0.0, 1.0],
                [1.0, 0.0, 0.0, -5e-06, 0.0, 0.0, -1.0, 0.540416, 0.0, 1.0, 0.0, 0.763972, 0.0, 0.0, 0.0, 1.0],
                [1.0, 0.0, 0.0, -5e-06, 0.0, 0.0, -1.0, 0.540416, 0.0, 1.0, 0.0, 0.763972, 0.0, 0.0, 0.0, 1.0],
                [1.0, 0.0, 0.0, -5e-06, 0.0, 0.0, -1.0, 0.540416, 0.0, 1.0, 0.0, 0.763972, 0.0, 0.0, 0.0, 1.0],
                [0.999998, 0.0, -0.002066, -5e-06, -0.002066, 0.0, -0.999998, 0.539709, 0.0, 1.0, 0.0, 0.763972, 0.0, 0.0, 0.0, 1.0],
                [0.999967, 0.0, -0.008099, -5e-06, -0.008099, 0.0, -0.999967, 0.537645, 0.0, 1.0, 0.0, 0.763972, 0.0, 0.0, 0.0, 1.0],
                [0.999841, 0.0, -0.017856, -5e-06, -0.017856, 0.0, -0.999841, 0.534312, 0.0, 1.0, 0.0, 0.763972, 0.0, 0.0, 0.0, 1.0],
                [0.999516, 0.0, -0.031098, -5e-06, -0.031098, 0.0, -0.999516, 0.529798, 0.0, 1.0, 0.0, 0.763972, 0.0, 0.0, 0.0, 1.0],
                [0.998867, 0.0, -0.047584, -5e-06, -0.047584, 0.0, -0.998867, 0.524191, 0.0, 1.0, 0.0, 0.763972, 0.0, 0.0, 0.0, 1.0],
                [0.997748, 0.0, -0.067074, -5e-06, -0.067074, 0.0, -0.997748, 0.517576, 0.0, 1.0, 0.0, 0.763972, 0.0, 0.0, 0.0, 1.0],
                [0.996003, 0.0, -0.089315, -5e-06, -0.089315, 0.0, -0.996003, 0.510044, 0.0, 1.0, 0.0, 0.763972, 0.0, 0.0, 0.0, 1.0],
                [0.993475, 0.0, -0.114046, -5e-06, -0.114046, 0.0, -0.993475, 0.501679, 0.0, 1.0, 0.0, 0.763972, 0.0, 0.0, 0.0, 1.0],
                [0.99001, 0.0, -0.140994, -5e-06, -0.140994, 0.0, -0.99001, 0.492571, 0.0, 1.0, 0.0, 0.763972, 0.0, 0.0, 0.0, 1.0],
                [0.985466, 0.0, -0.16987, -5e-06, -0.16987, 0.0, -0.985466, 0.482807, 0.0, 1.0, 0.0, 0.763972, 0.0, 0.0, 0.0, 1.0],
                [0.97972, 0.0, -0.200371, -5e-06, -0.200371, 0.0, -0.97972, 0.472474, 0.0, 1.0, 0.0, 0.763972, 0.0, 0.0, 0.0, 1.0],
                [0.972673, 0.0, -0.232181, -5e-06, -0.232181, 0.0, -0.972673, 0.461659, 0.0, 1.0, 0.0, 0.763972, 0.0, 0.0, 0.0, 1.0],
                [0.964255, 0.0, -0.264975, -5e-06, -0.264975, 0.0, -0.964255, 0.450451, 0.0, 1.0, 0.0, 0.763972, 0.0, 0.0, 0.0, 1.0],
                [0.954435, 0.0, -0.29842, -5e-06, -0.29842, 0.0, -0.954435, 0.438936, 0.0, 1.0, 0.0, 0.763972, 0.0, 0.0, 0.0, 1.0],
                [0.943216, 0.0, -0.332179, -5e-06, -0.332179, 0.0, -0.943216, 0.427203, 0.0, 1.0, 0.0, 0.763972, 0.0, 0.0, 0.0, 1.0],
                [0.930646, 0.0, -0.365921, -5e-06, -0.365921, 0.0, -0.930646, 0.415339, 0.0, 1.0, 0.0, 0.763972, 0.0, 0.0, 0.0, 1.0],
                [0.916811, 0.0, -0.399321, -5e-06, -0.399321, 0.0, -0.916811, 0.40343, 0.0, 1.0, 0.0, 0.763972, 0.0, 0.0, 0.0, 1.0],
                [0.901841, 0.0, -0.432069, -5e-06, -0.432069, 0.0, -0.901841, 0.391566, 0.0, 1.0, 0.0, 0.763972, 0.0, 0.0, 0.0, 1.0],
                [0.885902, 0.0, -0.463873, -5e-06, -0.463873, 0.0, -0.885902, 0.379832, 0.0, 1.0, 0.0, 0.763972, 0.0, 0.0, 0.0, 1.0],
                [0.869197, 0.0, -0.494466, -5e-06, -0.494466, 0.0, -0.869197, 0.368318, 0.0, 1.0, 0.0, 0.763972, 0.0, 0.0, 0.0, 1.0],
                [0.85196, 0.0, -0.523606, -5e-06, -0.523606, 0.0, -0.85196, 0.35711, 0.0, 1.0, 0.0, 0.763972, 0.0, 0.0, 0.0, 1.0],
                [0.83445, 0.0, -0.551083, -5e-06, -0.551083, 0.0, -0.83445, 0.346295, 0.0, 1.0, 0.0, 0.763972, 0.0, 0.0, 0.0, 1.0],
                [0.816946, 0.0, -0.576714, -5e-06, -0.576714, 0.0, -0.816946, 0.335962, 0.0, 1.0, 0.0, 0.763972, 0.0, 0.0, 0.0, 1.0],
                [0.799741, 0.0, -0.600345, -5e-06, -0.600345, 0.0, -0.799741, 0.326198, 0.0, 1.0, 0.0, 0.763972, 0.0, 0.0, 0.0, 1.0],
                [0.783136, 0.0, -0.62185, -5e-06, -0.62185, 0.0, -0.783136, 0.31709, 0.0, 1.0, 0.0, 0.763972, 0.0, 0.0, 0.0, 1.0],
                [0.767436, 0.0, -0.641126, -5e-06, -0.641126, 0.0, -0.767436, 0.308725, 0.0, 1.0, 0.0, 0.763972, 0.0, 0.0, 0.0, 1.0],
                [0.752943, 0.0, -0.658086, -5e-06, -0.658086, 0.0, -0.752943, 0.301192, 0.0, 1.0, 0.0, 0.763972, 0.0, 0.0, 0.0, 1.0],
                [0.739953, 0.0, -0.672659, -5e-06, -0.672659, 0.0, -0.739953, 0.294578, 0.0, 1.0, 0.0, 0.763972, 0.0, 0.0, 0.0, 1.0],
                [0.728754, 0.0, -0.684775, -5e-06, -0.684775, 0.0, -0.728754, 0.288971, 0.0, 1.0, 0.0, 0.763972, 0.0, 0.0, 0.0, 1.0],
                [0.71962, 0.0, -0.694368, -5e-06, -0.694368, 0.0, -0.71962, 0.284457, 0.0, 1.0, 0.0, 0.763972, 0.0, 0.0, 0.0, 1.0],
                [0.712811, 0.0, -0.701356, -5e-06, -0.701356, 0.0, -0.712811, 0.281124, 0.0, 1.0, 0.0, 0.763972, 0.0, 0.0, 0.0, 1.0],
                [0.708566, 0.0, -0.705644, -5e-06, -0.705644, 0.0, -0.708566, 0.27906, 0.0, 1.0, 0.0, 0.763972, 0.0, 0.0, 0.0, 1.0],
                [0.707107, 0.0, -0.707107, -5e-06, -0.707107, 0.0, -0.707107, 0.278353, 0.0, 1.0, 0.0, 0.763972, 0.0, 0.0, 0.0, 1.0]
            ]
        },
        {
            "name": "Thigh_R",
            "time": [0.0167, 0.0333, 0.05, 0.0667, 0.0833, 0.1, 0.1167, 0.1333, 0.15, 0.1667, 0.1833, 0.2, 0.2167, 0.2333, 0.25, 0.2667, 0.2833, 0.3, 0.3167, 0.3333, 0.35, 0.3667, 0.3833, 0.4, 0.4167, 0.4333, 0.45, 0.4667, 0.4833, 0.5, 0.5167, 0.5333, 0.55, 0.5667, 0.5833, 0.6, 0.6167, 0.6333, 0.65, 0.6667, 0.6833, 0.7, 0.7167, 0.7333, 0.75, 0.7667, 0.7833, 0.8, 0.8167, 0.8333, 0.85, 0.8667, 0.8833, 0.9, 0.9167, 0.9333, 0.95, 0.9667, 0.9833, 1.0, 1.0167, 1.0333, 1.05, 1.0667, 1.0833, 1.1, 1.1167, 1.1333, 1.15, 1.1667, 1.1833, 1.2, 1.2167, 1.2333, 1.25, 1.2667, 1.2833, 1.3, 1.3167, 1.3333, 1.35, 1.3667, 1.3833, 1.4, 1.4167, 1.4333, 1.45, 1.4667, 1.4833, 1.5, 1.5167, 1.5333, 1.55, 1.5667, 1.5833, 1.6, 1.6167, 1.6333, 1.65, 1.6667, 1.6833, 1.7, 1.7167, 1.7333, 1.75, 1.7667, 1.7833, 1.8, 1.8167, 1.8333, 1.85, 1.8667, 1.8833, 1.9, 1.9167, 1.9333, 1.95, 1.9667, 1.9833, 2.0, 2.0167, 2.0333, 2.05, 2.0667, 2.0833, 2.1, 2.1167, 2.1333, 2.15, 2.1667, 2.1833, 2.2, 2.2167, 2.2333, 2.25, 2.2667, 2.2833, 2.3, 2.3167, 2.3333, 2.35, 2.3667, 2.3833, 2.4],
            "transform": [
                [0.996195, 0.087155, -0.0, 0.124994, 0.066765, -0.763129, 0.642788, -0.005666, 0.056022, -0.640342, -0.766044, 0.032399, 0.0, 0.0, 0.0, 1.0],
                [0.996195, 0.087155, -0.0, 0.124994, 0.066765, -0.763129, 0.642788, -0.005666, 0.056022, -0.640342, -0.766044, 0.032399, 0.0, 0.0, 0.0, 1.0],
                [0.996195, 0.087155, -0.0, 0.124994, 0.066765, -0.763129, 0.642788, -0.005666, 0.056022, -0.640342, -0.766044, 0.032399, 0.0, 0.0, 0.0, 1.0],
                [0.996195, 0.087155, -0.0, 0.124994, 0.066765, -0.763129, 0.642788, -0.005666, 0.056022, -0.640342, -0.766044, 0.032399, 0.0, 0.0, 0.0, 1.0],
                [0.996195, 0.087155, -0.0, 0.124994, 0.066765, -0.763129, 0.642788, -0.005666, 0.056022, -0.640342, -0.766044, 0.032399, 0.0, 0.0, 0.0, 1.0],
                [0.996195, 0.087155, -0.0, 0.124994, 0.066765, -0.763129, 0.642788, -0.005666, 0.056022, -0.640342, -0.766044, 0.032399, 0.0, 0.0, 0.0, 1.0],
                [0.996195, 0.087155, -0.0, 0.124994, 0.066765, -0.763129, 0.642788, -0.005666, 0.056022, -0.640342, -0.766044, 0.032399, 0.0, 0.0, 0.0, 1.0],
                [0.996195, 0.087155, -0.0, 0.124994, 0.066765, -0.763129, 0.642788, -0.005666, 0.056022, -0.640342, -0.766044, 0.032399, 0.0, 0.0, 0.0, 1.0],
                [0.996195, 0.087155, -0.0, 0.124994, 0.066765, -0.763129, 0.642788, -0.005666, 0.056022, -0.640342, -0.766044, 0.032399, 0.0, 0.0, 0.0, 1.0],
                [0.996195, 0.087155, -0.0, 0.124994, 0.066765, -0.763129, 0.642788, -0.005666, 0.056022, -0.640342, -0.766044, 0.032399, 0.0, 0.0, 0.0, 1.0],
                [0.996195, 0.087155, -0.0, 0.124994, 0.066765, -0.763129, 0.642788, -0.005666, 0.056022, -0.640342, -0.766044, 0.032399, 0.0, 0.0, 0.0, 1.0],
                [0.996195, 0.087155, -0.0, 0.124994, 0.066765, -0.763129, 0.642788, -0.005666, 0.056022, -0.640342, -0.766044, 0.032399, 0.0, 0.0, 0.0, 1.0],
                [0.996195, 0.087155, -0.0, 0.124994, 0.066765, -0.763129, 0.642788, -0.005666, 0.056022, -0.640342, -0.766044, 0.032399, 0.0, 0.0, 0.0, 1.0],
                [0.996135, 0.087832, 0.000335, 0.124994, 0.067499, -0.767959, 0.636932, -0.005666, 0.056201, -0.634448, -0.77092, 0.032399, 0.0, 0.0, 0.0, 1.0],
                [0.995963, 0.089752, 0.001323, 0.124994, 0.069604, -0.781534, 0.619968, -0.005666, 0.056677, -0.617373, -0.784626, 0.032399, 0.0, 0.0, 0.0, 1.0],
                [0.995686, 0.092735, 0.002971, 0.124994, 0.072949, -0.802233, 0.592537, -0.005666, 0.057332, -0.589764, -0.805538, 0.032399, 0.0, 0.0, 0.0, 1.0],
                [0.995311, 0.096585, 0.005312, 0.124994, 0.077403, -0.828171, 0.555105, -0.005666, 0.058014, -0.552091, -0.831763, 0.032399, 0.0, 0.0, 0.0, 1.0],
                [0.994842, 0.101089, 0.008383, 0.124994, 0.082827, -0.857268, 0.508165, -0.005666, 0.058557, -0.504849, -0.861219, 0.032399, 0.0, 0.0, 0.0, 1.0],
                [0.99429, 0.106014, 0.012206, 0.124994, 0.089057, -0.887349, 0.452416, -0.005666, 0.058794, -0.448746, -0.891723, 0.032399, 0.0, 0.0, 0.0, 1.0],
                [0.993666, 0.111117, 0.016769, 0.124994, 0.0959, -0.916273, 0.388904, -0.005666, 0.058579, -0.384833, -0.921126, 0.032399, 0.0, 0.0, 0.0, 1.0],
                [0.992987, 0.116159, 0.022012, 0.124994, 0.103132, -0.942095, 0.319094, -0.005666, 0.057803, -0.314586, -0.947467, 0.032399, 0.0, 0.0, 0.0, 1.0],
                [0.992273, 0.120916, 0.027823, 0.124994, 0.110511, -0.963237, 0.24487, -0.005666, 0.056409, -0.239903, -0.969157, 0.032399, 0.0, 0.0, 0.0, 1.0],
                [0.991548, 0.125198, 0.034038, 0.124994, 0.117786, -0.978646, 0.168456, -0.005666, 0.054401, -0.163023, -0.985121, 0.032399, 0.0, 0.0, 0.0, 1.0],
                [0.990837, 0.128866, 0.040447, 0.124994, 0.124716, -0.987892, 0.092274, -0.005666, 0.051848, -0.086384, -0.994912, 0.032399, 0.0, 0.0, 0.0, 1.0],
                [0.990165, 0.131838, 0.046818, 0.124994, 0.131088, -0.991193, 0.018766, -0.005666, 0.048879, -0.012444, -0.998727, 0.032399, 0.0, 0.0, 0.0, 1.0],
                [0.989556, 0.134093, 0.052903, 0.124994, 0.136727, -0.989358, -0.049767, -0.005666, 0.045667, 0.05648, -0.997359, 0.032399, 0.0, 0.0, 0.0, 1.0],
                [0.989029, 0.135661, 0.058466, 0.124994, 0.141503, -0.983663, -0.111285, -0.005666, 0.042413, 0.118338, -0.992067, 0.032399, 0.0, 0.0, 0.0, 1.0],
                [0.988602, 0.136609, 0.063284, 0.124994, 0.145327, -0.975686, -0.164063, -0.005666, 0.039332, 0.17139, -0.984418, 0.032399, 0.0, 0.0, 0.0, 1.0],
                [0.988288, 0.137029, 0.067159, 0.124994, 0.148139, -0.967133, -0.206661, -0.005666, 0.036633, 0.21419, -0.976105, 0.032399, 0.0, 0.0, 0.0, 1.0],
                [0.988099, 0.13701, 0.069916, 0.124994, 0.149896, -0.959667, -0.237842, -0.005666, 0.034509, 0.245492, -0.968784, 0.032399, 0.0, 0.0, 0.0, 1.0],
                [0.988047, 0.136624, 0.071393, 0.124994, 0.150551, -0.954765, -0.256431, -0.005666, 0.033129, 0.264114, -0.963922, 0.032399, 0.0, 0.0, 0.0, 1.0],
                [0.988082, 0.136097, 0.071916, 0.124994, 0.150577, -0.951566, -0.268047, -0.005666, 0.031953, 0.275681, -0.960718, 0.032399, 0.0, 0.0, 0.0, 1.0],
                [0.988146, 0.135627, 0.071927, 0.124994, 0.150488, -0.948386, -0.279136, -0.005666, 0.030357, 0.286651, -0.957554, 0.032399, 0.0, 0.0, 0.0, 1.0],
                [0.988236, 0.13522, 0.071452, 0.124994, 0.150284, -0.945241, -0.289714, -0.005666, 0.028364, 0.297044, -0.954443, 0.032399, 0.0, 0.0, 0.0, 1.0],
                [0.98835, 0.13488, 0.070515, 0.124994, 0.149964, -0.942142, -0.299798, -0.005666, 0.025999, 0.30688, -0.951393, 0.032399, 0.0, 0.0, 0.0, 1.0],
                [0.988483, 0.134612, 0.069143, 0.124994, 0.149529, -0.939101, -0.309403, -0.005666, 0.023283, 0.316179, -0.948414, 0.032399, 0.0, 0.0, 0.0, 1.0],
                [0.988633, 0.134417, 0.067359, 0.124994, 0.148982, -0.936127, -0.318545, -0.005666, 0.020238, 0.324959, -0.945511, 0.032399, 0.0, 0.0, 0.0, 1.0],
                [0.988795, 0.134298, 0.065187, 0.124994, 0.148324, -0.933228, -0.327239, -0.005666, 0.016887, 0.333241, -0.94269, 0.032399, 0.0, 0.0, 0.0, 1.0],
                [0.988964, 0.134253, 0.062653, 0.124994, 0.147559, -0.930412, -0.335498, -0.005666, 0.013251, 0.341041, -0.939955, 0.032399, 0.0, 0.0, 0.0, 1.0],
                [0.989138, 0.134284, 0.059779, 0.124994, 0.146691, -0.927686, -0.343337, -0.005666, 0.009351, 0.348377, -0.937308, 0.032399, 0.0, 0.0, 0.0, 1.0],
                [0.989312, 0.134388, 0.056589, 0.124994, 0.145724, -0.925054, -0.350769, -0.005666, 0.005208, 0.355266, -0.934751, 0.032399, 0.0, 0.0, 0.0, 1.0],
                [0.989481, 0.134565, 0.053106, 0.124994, 0.144662, -0.922522, -0.357807, -0.005666, 0.000843, 0.361725, -0.932284, 0.032399, 0.0, 0.0, 0.0, 1.0],
                [0.989641, 0.13481, 0.049354, 0.124994, 0.143512, -0.920093, -0.364463, -0.005666, -0.003723, 0.36777, -0.929909, 0.032399, 0.0, 0.0, 0.0, 1.0],
                [0.98979, 0.135123, 0.045355, 0.124994, 0.14228, -0.917769, -0.370749, -0.005666, -0.008471, 0.373417, -0.927625, 0.032399, 0.0, 0.0, 0.0, 1.0],
                [0.989923, 0.135499, 0.041133, 0.124994, 0.140971, -0.915555, -0.376678, -0.005666, -0.01338, 0.378681, -0.92543, 0.032399, 0.0, 0.0, 0.0, 1.0],
                [0.990038, 0.135933, 0.03671, 0.124994, 0.139592, -0.91345, -0.382261, -0.005666, -0.018429, 0.383577, -0.923325, 0.032399, 0.0, 0.0, 0.0, 1.0],
                [0.99013, 0.136423, 0.032109, 0.124994, 0.13815, -0.911455, -0.387509, -0.005666, -0.023599, 0.38812, -0.921307, 0.032399, 0.0, 0.0, 0.0, 1.0],
                [0.990198, 0.136964, 0.027353, 0.124994, 0.136652, -0.909573, -0.392432, -0.005666, -0.02887, 0.392324, -0.919374, 0.032399, 0.0, 0.0, 0.0, 1.0],
                [0.99024, 0.137551, 0.022464, 0.124994, 0.135106, -0.907801, -0.397042, -0.005666, -0.034221, 0.396202, -0.917525, 0.032399, 0.0, 0.0, 0.0, 1.0],
                [0.990253, 0.138178, 0.017465, 0.124994, 0.133519, -0.90614, -0.40135, -0.005666, -0.039632, 0.39977, -0.915758, 0.032399, 0.0, 0.0, 0.0, 1.0],
                [0.990237, 0.138841, 0.012379, 0.124994, 0.1319, -0.904589, -0.405365, -0.005666, -0.045084, 0.40304, -0.914071, 0.032399, 0.0, 0.0, 0.0, 1.0],
                [0.990191, 0.139534, 0.007228, 0.124994, 0.130255, -0.903146, -0.409098, -0.005666, -0.050555, 0.406026, -0.912462, 0.032399, 0.0, 0.0, 0.0, 1.0],
                [0.990114, 0.140253, 0.002035, 0.124994, 0.128592, -0.901809, -0.412559, -0.005666, -0.056027, 0.408742, -0.910929, 0.032399, 0.0, 0.0, 0.0, 1.0],
                [0.990006, 0.140991, -0.003176, 0.124994, 0.126921, -0.900575, -0.415758, -0.005666, -0.061478, 0.4112, -0.90947, 0.032399, 0.0, 0.0, 0.0, 1.0],
                [0.989868, 0.141744, -0.008383, 0.124994, 0.125249, -0.899443, -0.418705, -0.005666, -0.066889, 0.413413, -0.908083, 0.032399, 0.0, 0.0, 0.0, 1.0],
                [0.989701, 0.142505, -0.013564, 0.124994, 0.123585, -0.898409, -0.421411, -0.005666, -0.072239, 0.415394, -0.906768, 0.032399, 0.0, 0.0, 0.0, 1.0],
                [0.989507, 0.14327, -0.018695, 0.124994, 0.121935, -0.89747, -0.423885, -0.005666, -0.077508, 0.417157, -0.905523, 0.032399, 0.0, 0.0, 0.0, 1.0],
                [0.989288, 0.144033, -0.023753, 0.124994, 0.12031, -0.896623, -0.426136, -0.005666, -0.082675, 0.418714, -0.904347, 0.032399, 0.0, 0.0, 0.0, 1.0],
                [0.989046, 0.144788, -0.028715, 0.124994, 0.118716, -0.895863, -0.428176, -0.005666, -0.08772, 0.420077, -0.903239, 0.032399, 0.0, 0.0, 0.0, 1.0],
                [0.988784, 0.145532, -0.033558, 0.124994, 0.117162, -0.895187, -0.430014, -0.005666, -0.092622, 0.42126, -0.902198, 0.032399, 0.0, 0.0, 0.0, 1.0],
                [0.988506, 0.146258, -0.038259, 0.124994, 0.115655, -0.894591, -0.431661, -0.005666, -0.09736, 0.422275, -0.901224, 0.032399, 0.0, 0.0, 0.0, 1.0],
                [0.988216, 0.146961, -0.042794, 0.124994, 0.114204, -0.894069, -0.433125, -0.005666, -0.101913, 0.423134, -0.900317, 0.032399, 0.0, 0.0, 0.0, 1.0],
                [0.987917, 0.147638, -0.04714, 0.124994, 0.112817, -0.893618, -0.434418, -0.005666, -0.106262, 0.423851, -0.899477, 0.032399, 0.0, 0.0, 0.0, 1.0],
                [0.987615, 0.148283, -0.051274, 0.124994, 0.1115, -0.893232, -0.43555, -0.005666, -0.110384, 0.424439, -0.898703, 0.032399, 0.0, 0.0, 0.0, 1.0],
                [0.987313, 0.148892, -0.055172, 0.124994, 0.110262, -0.892907, -0.43653, -0.005666, -0.114259, 0.424909, -0.897996, 0.032399, 0.0, 0.0, 0.0, 1.0],
                [0.987017, 0.149461, -0.05881, 0.124994, 0.109109, -0.892638, -0.437369, -0.005666, -0.117866, 0.425274, -0.897357, 0.032399, 0.0, 0.0, 0.0, 1.0],
                [0.986732, 0.149985, -0.062166, 0.124994, 0.10805, -0.89242, -0.438077, -0.005666, -0.121183, 0.425548, -0.896785, 0.032399, 0.0, 0.0, 0.0, 1.0],
                [0.986463, 0.150461, -0.065216, 0.124994, 0.10709, -0.892247, -0.438664, -0.005666, -0.12419, 0.425742, -0.896281, 0.032399, 0.0, 0.0, 0.0, 1.0],
                [0.986214, 0.150884, -0.067935, 0.124994, 0.106238, -0.892115, -0.439141, -0.005666, -0.126866, 0.42587, -0.895846, 0.032399, 0.0, 0.0, 0.0, 1.0],
                [0.985992, 0.151252, -0.070301, 0.124994, 0.105499, -0.892017, -0.439517, -0.005666, -0.129188, 0.425943, -0.895479, 0.032399, 0.0, 0.0, 0.0, 1.0],
                [0.985801, 0.15156, -0.07229, 0.124994, 0.10488, -0.891949, -0.439802, -0.005666, -0.131136, 0.425976, -0.89518, 0.032399, 0.0, 0.0, 0.0, 1.0],
                [0.985645, 0.151806, -0.073878, 0.124994, 0.104388, -0.891906, -0.440007, -0.005666, -0.132688, 0.425979, -0.89495, 0.032399, 0.0, 0.0, 0.0, 1.0],
                [0.98553, 0.151985, -0.075042, 0.124994, 0.104029, -0.891882, -0.440142, -0.005666, -0.133823, 0.425966, -0.894787, 0.032399, 0.0, 0.0, 0.0, 1.0],
                [0.985458, 0.152095, -0.075757, 0.124994, 0.10381, -0.891871, -0.440215, -0.005666, -0.13452, 0.42595, -0.894691, 0.032399, 0.0, 0.0, 0.0, 1.0],
                [0.985434, 0.152133, -0.076001, 0.124994, 0.103735, -0.891868, -0.440238, -0.005666, -0.134757, 0.425941, -0.894659, 0.032399, 0.0, 0.0, 0.0, 1.0],
                [0.985434, 0.152133, -0.076001, 0.124994, 0.103735, -0.891868, -0.440238, -0.005666, -0.134757, 0.425941, -0.894659, 0.032399, 0.0, 0.0, 0.0, 1.0],
                [0.985434, 0.152133, -0.076001, 0.124994, 0.103735, -0.891868, -0.440238, -0.005666, -0.134757, 0.425941, -0.894659, 0.032399, 0.0, 0.0, 0.0, 1.0],
                [0.985434, 0.152133, -0.076001, 0.124994, 0.103735, -0.891868, -0.440238, -0.005666, -0.134757, 0.425941, -0.894659, 0.032399, 0.0, 0.0, 0.0, 1.0],
                [0.985434, 0.152133, -0.076001, 0.124994, 0.103735, -0.891868, -0.440238, -0.005666, -0.134757, 0.425941, -0.894659, 0.032399, 0.0, 0.0, 0.0, 1.0],
                [0.985434, 0.152133, -0.076001, 0.124994, 0.103735, -0.891868, -0.440238, -0.005666, -0.134757, 0.425941, -0.894659, 0.032399, 0.0, 0.0, 0.0, 1.0],
                [0.985434, 0.152133, -0.076001, 0.124994, 0.103735, -0.891868, -0.440238, -0.005666, -0.134757, 0.425941, -0.894659, 0.032399, 0.0, 0.0, 0.0, 1.0],
                [0.985434, 0.152133, -0.076001, 0.124994, 0.103735, -0.891868, -0.440238, -0.005666, -0.134757, 0.425941, -0.894659, 0.032399, 0.0, 0.0, 0.0, 1.0],
