{
    "armature": {
        "joints": ["Root", "Thigh_R", "Leg_R", "Knee_R", "Thigh_L", "Leg_L", "Knee_L", "Torso", "Chest", "Head", "Shoulder_R", "Arm_R", "Hand_R", "Tool_R", "Elbow_R", "Shoulder_L", "Arm_L", "Hand_L", "Tool_L", "Elbow_L"],
        "hierarchy": [
            {
                "name": "Root",
                "transform": [1.0, 0.0, 0.0, -5e-06, 0.0, 0.0, -1.0, 0.000946, 0.0, 1.0, 0.0, 0.763972, 0.0, 0.0, 0.0, 1.0],
                "children": [
                    {
                        "name": "Thigh_R",
                        "transform": [1.0, -0.0, -0.0, 0.124994, -0.0, -1.0, 0.0, -0.002831, -0.0, -0.0, -1.0, -1.2e-05, 0.0, 0.0, 0.0, 1.0],
                        "children": [
                            {
                                "name": "Leg_R",
                                "transform": [1.0, 0.0, 1e-06, 0.0, -0.0, 1.0, 0.0, 0.37472, -1e-06, -0.0, 1.0, -0.0, 0.0, 0.0, 0.0, 1.0],
                                "children": []
                            },
                            {
                                "name": "Knee_R",
                                "transform": [1.0, 0.0, -0.0, 0.0, -0.0, 0.0, -1.0, 0.37472, -0.0, 1.0, 0.0, -0.0, 0.0, 0.0, 0.0, 1.0],
                                "children": []
                            }
                        ]
                    },
                    {
                        "name": "Thigh_L",
                        "transform": [1.0, -0.0, -0.0, -0.125006, -0.0, -1.0, 0.0, -0.002831, -0.0, -0.0, -1.0, -1.2e-05, 0.0, 0.0, 0.0, 1.0],
                        "children": [
                            {
                                "name": "Leg_L",
                                "transform": [1.0, 0.0, 1e-06, -0.0, -0.0, 1.0, 0.0, 0.37472, -1e-06, -0.0, 1.0, 0.0, 0.0, 0.0, 0.0, 1.0],
                                "children": []
                            },
                            {
                                "name": "Knee_L",
                                "transform": [1.0, 0.0, -0.0, -0.0, -0.0, 0.0, -1.0, 0.37472, -0.0, 1.0, 0.0, 0.0, 0.0, 0.0, 0.0, 1.0],
                                "children": []
                            }
                        ]
                    },
                    {
                        "name": "Torso",
                        "transform": [1.0, 0.0, 0.0, 0.0, 0.0, 1.0, 0.0, 0.05, 0.0, 0.0, 1.0, 0.0, 0.0, 0.0, 0.0, 1.0],
                        "children": [
                            {
                                "name": "Chest",
                                "transform": [1.0, 0.0, 0.0, 0.0, 0.0, 1.0, 0.0, 0.3, 0.0, 0.0, 1.0, 0.0, 0.0, 0.0, 0.0, 1.0],
                                "children": [
                                    {
                                        "name": "Head",
                                        "transform": [1.0, 0.0, 0.0, 0.0, 0.0, 1.0, 0.0, 0.4, 0.0, 0.0, 1.0, 0.0, 0.0, 0.0, 0.0, 1.0],
                                        "children": []
                                    },
                                    {
                                        "name": "Shoulder_R",
                                        "transform": [0.0, 0.952114, 0.305743, 0.0, 0.0, -0.305743, 0.952114, 0.4, 1.0, 0.0, -0.0, 0.0, 0.0, 0.0, 0.0, 1.0],
                                        "children": [
                                            {
                                                "name": "Arm_R",
                                                "transform": [0.0, -0.0, -1.0, -0.0, 0.952114, 0.305743, 0.0, 0.39386, 0.305743, -0.952114, 0.0, 0.0, 0.0, 0.0, 0.0, 1.0],
                                                "children": [
                                                    {
                                                        "name": "Hand_R",
                                                        "transform": [1.0, 0.0, 0.0, 0.0, -0.0, 0.993938, 0.109947, 0.3, -0.0, -0.109947, 0.993937, 0.0, 0.0, 0.0, 0.0, 1.0],
                                                        "children": [
                                                            {
                                                                "name": "Tool_R",
                                                                "transform": [1.0, 0.0, 0.0, -0.0, 0.0, -0.999836, 0.018122, 0.272858, 0.0, -0.018122, -0.999836, 0.0, 0.0, 0.0, 0.0, 1.0],
                                                                "children": []
                                                            }
                                                        ]
                                                    },
                                                    {
                                                        "name": "Elbow_R",
                                                        "transform": [-1.0, 0.0, -0.0, 0.0, 0.0, 0.0, -1.0, 0.3, -0.0, -1.0, -0.0, 0.0, 0.0, 0.0, 0.0, 1.0],
                                                        "children": []
                                                    }
                                                ]
                                            }
                                        ]
                                    },
                                    {
                                        "name": "Shoulder_L",
                                        "transform": [-0.0, -0.952114, -0.305743, 0.0, 0.0, -0.305743, 0.952114, 0.4, -1.0, 0.0, 0.0, 0.0, 0.0, 0.0, 0.0, 1.0],
                                        "children": [
                                            {
                                                "name": "Arm_L",
                                                "transform": [-0.0, -0.0, 1.0, -0.0, -0.952114, 0.305743, -0.0, 0.39386, -0.305743, -0.952114, -0.0, 0.0, 0.0, 0.0, 0.0, 1.0],
                                                "children": [
                                                    {
                                                        "name": "Hand_L",
                                                        "transform": [1.0, -0.0, 0.0, -0.0, 0.0, 0.993937, 0.109947, 0.3, -0.0, -0.109947, 0.993937, 0.0, 0.0, 0.0, 0.0, 1.0],
                                                        "children": [
                                                            {
                                                                "name": "Tool_L",
                                                                "transform": [1.0, 0.0, 0.0, -0.0, -0.0, -0.999836, 0.018122, 0.272858, 0.0, -0.018122, -0.999836, -0.0, 0.0, 0.0, 0.0, 1.0],
                                                                "children": []
                                                            }
                                                        ]
                                                    },
                                                    {
                                                        "name": "Elbow_L",
                                                        "transform": [-1.0, 0.0, -0.0, -0.0, 0.0, -0.0, -1.0, 0.3, -0.0, -1.0, 0.0, 0.0, 0.0, 0.0, 0.0, 1.0],
                                                        "children": []
                                                    }
                                                ]
                                            }
                                        ]
                                    }
                                ]
                            }
                        ]
                    }
                ]
            }
        ]
    },
    "animation": [
        {
            "name": "Root",
            "time": [0.0, 0.0167, 0.0333, 0.05, 0.0667, 0.0833, 0.1, 0.1167, 0.1333, 0.15, 0.1667, 0.1833, 0.2, 0.2167, 0.2333, 0.25, 0.2667, 0.2833, 0.3, 0.3167, 0.3333, 0.35, 0.3667, 0.3833, 0.4, 0.4167, 0.4333, 0.45, 0.4667, 0.4833, 0.5, 0.5167, 0.5333, 0.55, 0.5667, 0.5833, 0.6, 0.6167, 0.6333, 0.65, 0.6667, 0.6833, 0.7, 0.7167, 0.7333, 0.75, 0.7667, 0.7833, 0.8, 0.8167, 0.8333, 0.85, 0.8667, 0.8833, 0.9, 0.9167, 0.9333, 0.95, 0.9667, 0.9833, 1.0, 1.0167, 1.0333, 1.05, 1.0667, 1.0833, 1.1, 1.1167, 1.1333, 1.15, 1.1667, 1.1833, 1.2, 1.2167, 1.2333, 1.25, 1.2667, 1.2833, 1.3, 1.3167, 1.3333, 1.35, 1.3667, 1.3833, 1.4, 1.4167, 1.4333, 1.45, 1.4667, 1.4833, 1.5, 1.5167, 1.5333, 1.55, 1.5667, 1.5833, 1.6, 1.6167, 1.6333, 1.65, 1.6667, 1.6833, 1.7, 1.7167, 1.7333, 1.75, 1.7667, 1.7833, 1.8, 1.8167, 1.8333, 1.85, 1.8667, 1.8833, 1.9, 1.9167, 1.9333, 1.95, 1.9667, 1.9833, 2.0, 2.0167, 2.0333, 2.05, 2.0667, 2.0833, 2.1, 2.1167, 2.1333, 2.15, 2.1667, 2.1833, 2.2, 2.2167, 2.2333, 2.25, 2.2667, 2.2833, 2.3, 2.3167, 2.3333, 2.35, 2.3667, 2.3833, 2.4, 2.4167, 2.4333, 2.45, 2.4667, 2.4833, 2.5, 2.5167, 2.5333, 2.55, 2.5667, 2.5833, 2.6, 2.6167, 2.6333, 2.65, 2.6667, 2.6833, 2.7, 2.7167, 2.7333, 2.75, 2.7667, 2.7833, 2.8, 2.8167, 2.8333, 2.85, 2.8667, 2.8833, 2.9, 2.9167, 2.9333, 2.95, 2.9667, 2.9833, 3.0, 3.0167, 3.0333, 3.05, 3.0667, 3.0833, 3.1, 3.1167, 3.1333, 3.15, 3.1667, 3.1833, 3.2, 3.2167, 3.2333, 3.25, 3.2667, 3.2833, 3.3, 3.3167, 3.3333, 3.35, 3.3667, 3.3833, 3.4, 3.4167, 3.4333, 3.45],
            "transform": [
                [1.0, 0.0, 0.0, -5e-06, 0.0, 0.258819, -0.965926, 0.000946, 0.0, 0.965926, 0.258819, 0.763972, 0.0, 0.0, 0.0, 1.0],
                [1.0, 0.0, 0.0, -5e-06, 0.0, 0.258819, -0.965926, 0.010784, 0.0, 0.965926, 0.258819, 0.763123, 0.0, 0.0, 0.0, 1.0],
                [1.0, 0.0, 0.0, -5e-06, 0.0, 0.258819, -0.965926, 0.038959, 0.0, 0.965926, 0.258819, 0.760666, 0.0, 0.0, 0.0, 1.0],
                [1.0, 0.0, 0.0, -5e-06, 0.0, 0.258819, -0.965926, 0.083467, 0.0, 0.965926, 0.258819, 0.756731, 0.0, 0.0, 0.0, 1.0],
                [1.0, 0.0, 0.0, -5e-06, 0.0, 0.258819, -0.965926, 0.142303, 0.0, 0.965926, 0.258819, 0.751448, 0.0, 0.0, 0.0, 1.0],
                [1.0, 0.0, 0.0, -5e-06, 0.0, 0.258819, -0.965926, 0.213461, 0.0, 0.965926, 0.258819, 0.744948, 0.0, 0.0, 0.0, 1.0],
                [1.0, 0.0, 0.0, -5e-06, 0.0, 0.258819, -0.965926, 0.294936, 0.0, 0.965926, 0.258819, 0.737363, 0.0, 0.0, 0.0, 1.0],
                [1.0, 0.0, 0.0, -5e-06, 0.0, 0.258819, -0.965926, 0.384722, 0.0, 0.965926, 0.258819, 0.728823, 0.0, 0.0, 0.0, 1.0],
                [1.0, 0.0, 0.0, -5e-06, 0.0, 0.258819, -0.965926, 0.480815, 0.0, 0.965926, 0.258819, 0.719459, 0.0, 0.0, 0.0, 1.0],
                [1.0, 0.0, 0.0, -5e-06, 0.0, 0.263329, -0.964706, 0.581409, 0.0, 0.964706, 0.263329, 0.709435, 0.0, 0.0, 0.0, 1.0],
                [1.0, 0.0, 0.0, -5e-06, 0.0, 0.275948, -0.961173, 0.685503, 0.0, 0.961173, 0.275948, 0.699051, 0.0, 0.0, 0.0, 1.0],
                [1.0, 0.0, 0.0, -5e-06, 0.0, 0.29528, -0.955411, 0.792293, 0.0, 0.955411, 0.29528, 0.688641, 0.0, 0.0, 0.0, 1.0],
                [1.0, 0.0, 0.0, -5e-06, 0.0, 0.319899, -0.947452, 0.900978, 0.0, 0.947452, 0.319899, 0.678537, 0.0, 0.0, 0.0, 1.0],
                [1.0, 0.0, 0.0, -5e-06, 0.0, 0.348368, -0.937358, 1.010756, 0.0, 0.937358, 0.348368, 0.669073, 0.0, 0.0, 0.0, 1.0],
                [1.0, 0.0, 0.0, -5e-06, 0.0, 0.379253, -0.925293, 1.120824, 0.0, 0.925293, 0.379253, 0.660583, 0.0, 0.0, 0.0, 1.0],
                [1.0, 0.0, 0.0, -5e-06, 0.0, 0.411156, -0.911565, 1.230381, 0.0, 0.911565, 0.411156, 0.653399, 0.0, 0.0, 0.0, 1.0],
                [1.0, 0.0, 0.0, -5e-06, 0.0, 0.442735, -0.896652, 1.338624, 0.0, 0.896652, 0.442735, 0.647855, 0.0, 0.0, 0.0, 1.0],
                [1.0, 0.0, 0.0, -5e-06, 0.0, 0.472736, -0.881204, 1.444752, 0.0, 0.881204, 0.472736, 0.644284, 0.0, 0.0, 0.0, 1.0],
                [1.0, 0.0, 0.0, -5e-06, 0.0, 0.5, -0.866025, 1.547961, 0.0, 0.866025, 0.5, 0.64302, 0.0, 0.0, 0.0, 1.0],
                [1.0, 0.0, 0.0, -5e-06, 0.0, 0.523829, -0.851824, 1.64748, 0.0, 0.851824, 0.523829, 0.659063, 0.0, 0.0, 0.0, 1.0],
                [1.0, 0.0, 0.0, -5e-06, 0.0, 0.544985, -0.838446, 1.742649, 0.0, 0.838446, 0.544985, 0.70324, 0.0, 0.0, 0.0, 1.0],
                [1.0, 0.0, 0.0, -5e-06, 0.0, 0.56453, -0.825413, 1.83284, 0.0, 0.825413, 0.56453, 0.769622, 0.0, 0.0, 0.0, 1.0],
                [1.0, 0.0, 0.0, -5e-06, 0.0, 0.583462, -0.812141, 1.917423, 0.0, 0.812141, 0.583462, 0.852283, 0.0, 0.0, 0.0, 1.0],
                [1.0, 0.0, 0.0, -5e-06, 0.0, 0.602715, -0.797956, 1.99577, 0.0, 0.797956, 0.602715, 0.945295, 0.0, 0.0, 0.0, 1.0],
                [1.0, 0.0, 0.0, -5e-06, 0.0, 0.623155, -0.782098, 2.06725, 0.0, 0.782098, 0.623155, 1.042729, 0.0, 0.0, 0.0, 1.0],
                [1.0, 0.0, 0.0, -5e-06, 0.0, 0.645298, -0.763931, 2.131605, 0.0, 0.763931, 0.645298, 1.139765, 0.0, 0.0, 0.0, 1.0],
                [1.0, 0.0, 0.0, -5e-06, 0.0, 0.668562, -0.743656, 2.190056, 0.0, 0.743656, 0.668562, 1.236006, 0.0, 0.0, 0.0, 1.0],
                [1.0, 0.0, 0.0, -5e-06, 0.0, 0.692138, -0.721765, 2.244193, 0.0, 0.721765, 0.692138, 1.332167, 0.0, 0.0, 0.0, 1.0],
                [1.0, 0.0, 0.0, -5e-06, 0.0, 0.715279, -0.698839, 2.295608, 0.0, 0.698839, 0.715279, 1.428956, 0.0, 0.0, 0.0, 1.0],
                [1.0, 0.0, 0.0, -5e-06, 0.0, 0.737313, -0.675551, 2.345893, 0.0, 0.675551, 0.737313, 1.527087, 0.0, 0.0, 0.0, 1.0],
                [1.0, 0.0, 0.0, -5e-06, 0.0, 0.757659, -0.652651, 2.396637, 0.0, 0.652651, 0.757659, 1.627272, 0.0, 0.0, 0.0, 1.0],
                [1.0, 0.0, 0.0, -5e-06, 0.0, 0.77582, -0.630954, 2.449432, 0.0, 0.630954, 0.77582, 1.730221, 0.0, 0.0, 0.0, 1.0],
                [1.0, 0.0, 0.0, -5e-06, 0.0, 0.791386, -0.611317, 2.50587, 0.0, 0.611317, 0.791386, 1.836646, 0.0, 0.0, 0.0, 1.0],
                [1.0, 0.0, 0.0, -5e-06, 0.0, 0.804006, -0.594622, 2.56754, 0.0, 0.594622, 0.804006, 1.94726, 0.0, 0.0, 0.0, 1.0],
                [1.0, 0.0, 0.0, -5e-06, 0.0, 0.813366, -0.581753, 2.636036, 0.0, 0.581753, 0.813366, 2.062773, 0.0, 0.0, 0.0, 1.0],
                [1.0, 0.0, 0.0, -5e-06, 0.0, 0.819152, -0.573576, 2.712946, 0.0, 0.573576, 0.819152, 2.183897, 0.0, 0.0, 0.0, 1.0],
                [1.0, 0.0, 0.0, -5e-06, 0.0, 0.822128, -0.569303, 2.799863, 0.0, 0.569303, 0.822128, 2.311345, 0.0, 0.0, 0.0, 1.0],
                [1.0, 0.0, 0.0, -5e-06, 0.0, 0.827421, -0.561583, 2.898378, 0.0, 0.561583, 0.827421, 2.445827, 0.0, 0.0, 0.0, 1.0],
                [1.0, 0.0, 0.0, -5e-06, 0.0, 0.840899, -0.541193, 3.010081, 0.0, 0.541193, 0.840899, 2.588056, 0.0, 0.0, 0.0, 1.0],
                [1.0, 0.0, 0.0, -5e-06, 0.0, 0.867108, -0.49812, 3.136564, 0.0, 0.49812, 0.867108, 2.738742, 0.0, 0.0, 0.0, 1.0],
                [1.0, 0.0, 0.0, -5e-06, 0.0, 0.908218, -0.418498, 3.278958, 0.0, 0.418498, 0.908218, 2.897998, 0.0, 0.0, 0.0, 1.0],
                [1.0, 0.0, 0.0, -5e-06, 0.0, 0.95265, -0.30407, 3.436551, 0.0, 0.30407, 0.95265, 3.06353, 0.0, 0.0, 0.0, 1.0],
                [1.0, 0.0, 0.0, -5e-06, 0.0, 0.98547, -0.169851, 3.608173, 0.0, 0.169851, 0.98547, 3.232445, 0.0, 0.0, 0.0, 1.0],
                [1.0, 0.0, 0.0, -5e-06, 0.0, 0.999435, -0.033613, 3.792652, 0.0, 0.033613, 0.999435, 3.401851, 0.0, 0.0, 0.0, 1.0],
                [1.0, 0.0, 0.0, -5e-06, 0.0, 0.996195, 0.087156, 3.988819, 0.0, -0.087156, 0.996195, 3.568854, 0.0, 0.0, 0.0, 1.0],
                [1.0, 0.0, 0.0, -5e-06, 0.0, 0.98127, 0.192637, 4.1955, 0.0, -0.192637, 0.98127, 3.730561, 0.0, 0.0, 0.0, 1.0],
                [1.0, 0.0, 0.0, -5e-06, 0.0, 0.956209, 0.292685, 4.411526, 0.0, -0.292685, 0.956209, 3.884078, 0.0, 0.0, 0.0, 1.0],
                [1.0, 0.0, 0.0, -5e-06, 0.0, 0.922313, 0.386443, 4.635726, 0.0, -0.386443, 0.922313, 4.026514, 0.0, 0.0, 0.0, 1.0],
                [1.0, 0.0, 0.0, -5e-06, 0.0, 0.880866, 0.473365, 4.866928, 0.0, -0.473365, 0.880866, 4.154973, 0.0, 0.0, 0.0, 1.0],
                [1.0, 0.0, 0.0, -5e-06, 0.0, 0.833065, 0.553175, 5.103961, 0.0, -0.553175, 0.833065, 4.266564, 0.0, 0.0, 0.0, 1.0],
                [1.0, 0.0, 0.0, -5e-06, 0.0, 0.779985, 0.625798, 5.345655, 0.0, -0.625798, 0.779985, 4.358394, 0.0, 0.0, 0.0, 1.0],
                [1.0, 0.0, 0.0, -5e-06, 0.0, 0.722554, 0.691314, 5.590837, 0.0, -0.691314, 0.722554, 4.427567, 0.0, 0.0, 0.0, 1.0],
                [1.0, 0.0, 0.0, -5e-06, 0.0, 0.661554, 0.749898, 5.838338, 0.0, -0.749898, 0.661554, 4.471194, 0.0, 0.0, 0.0, 1.0],
                [1.0, 0.0, 0.0, -5e-06, 0.0, 0.59762, 0.801779, 6.086987, 0.0, -0.801779, 0.59762, 4.486379, 0.0, 0.0, 0.0, 1.0],
                [1.0, 0.0, 0.0, -5e-06, 0.0, 0.531259, 0.84721, 6.335757, 0.0, -0.84721, 0.531259, 4.486379, 0.0, 0.0, 0.0, 1.0],
                [1.0, 0.0, 0.0, -5e-06, 0.0, 0.462868, 0.886428, 6.584211, 0.0, -0.886428, 0.462868, 4.486379, 0.0, 0.0, 0.0, 1.0],
                [1.0, 0.0, 0.0, -5e-06, 0.0, 0.392754, 0.919643, 6.832055, 0.0, -0.919643, 0.392754, 4.486379, 0.0, 0.0, 0.0, 1.0],
                [1.0, 0.0, 0.0, -5e-06, 0.0, 0.32116, 0.947025, 7.078998, 0.0, -0.947025, 0.32116, 4.486379, 0.0, 0.0, 0.0, 1.0],
                [1.0, 0.0, 0.0, -5e-06, 0.0, 0.248281, 0.968688, 7.324745, 0.0, -0.968688, 0.248281, 4.486379, 0.0, 0.0, 0.0, 1.0],
                [1.0, 0.0, 0.0, -5e-06, 0.0, 0.174292, 0.984694, 7.569004, 0.0, -0.984694, 0.174292, 4.486379, 0.0, 0.0, 0.0, 1.0],
                [1.0, 0.0, 0.0, -5e-06, 0.0, 0.099368, 0.99505, 7.811483, 0.0, -0.99505, 0.099368, 4.486379, 0.0, 0.0, 0.0, 1.0],
                [1.0, 0.0, 0.0, -5e-06, 0.0, 0.023702, 0.999719, 8.051888, 0.0, -0.999719, 0.023702, 4.486379, 0.0, 0.0, 0.0, 1.0],
                [1.0, 0.0, 0.0, -5e-06, 0.0, -0.052479, 0.998622, 8.289928, 0.0, -0.998622, -0.052479, 4.486379, 0.0, 0.0, 0.0, 1.0],
                [1.0, 0.0, 0.0, -5e-06, 0.0, -0.128895, 0.991658, 8.525309, 0.0, -0.991658, -0.128895, 4.486379, 0.0, 0.0, 0.0, 1.0],
                [1.0, 0.0, 0.0, -5e-06, 0.0, -0.205201, 0.97872, 8.757739, 0.0, -0.97872, -0.205201, 4.486379, 0.0, 0.0, 0.0, 1.0],
                [1.0, 0.0, 0.0, -5e-06, 0.0, -0.280985, 0.959712, 8.986923, 0.0, -0.959712, -0.280985, 4.486379, 0.0, 0.0, 0.0, 1.0],
                [1.0, 0.0, 0.0, -5e-06, 0.0, -0.355759, 0.934578, 9.212572, 0.0, -0.934578, -0.355759, 4.486379, 0.0, 0.0, 0.0, 1.0],
                [1.0, 0.0, 0.0, -5e-06, 0.0, -0.428968, 0.90332, 9.43439, 0.0, -0.90332, -0.428968, 4.486379, 0.0, 0.0, 0.0, 1.0],
                [1.0, 0.0, 0.0, -5e-06, 0.0, -0.5, 0.866026, 9.652086, 0.0, -0.866026, -0.5, 4.486379, 0.0, 0.0, 0.0, 1.0],
                [1.0, 0.0, 0.0, -5e-06, 0.0, -0.570017, 0.821633, 9.865366, 0.0, -0.821633, -0.570017, 4.465215, 0.0, 0.0, 0.0, 1.0],
                [1.0, 0.0, 0.0, -5e-06, 0.0, -0.640101, 0.768291, 10.073939, 0.0, -0.768291, -0.640101, 4.404249, 0.0, 0.0, 0.0, 1.0],
                [1.0, 0.0, 0.0, -5e-06, 0.0, -0.709201, 0.705006, 10.27751, 0.0, -0.705006, -0.709201, 4.307272, 0.0, 0.0, 0.0, 1.0],
                [1.0, 0.0, 0.0, -5e-06, 0.0, -0.775864, 0.6309, 10.475788, 0.0, -0.6309, -0.775864, 4.178076, 0.0, 0.0, 0.0, 1.0],
                [1.0, 0.0, 0.0, -5e-06, 0.0, -0.838219, 0.545334, 10.668479, 0.0, -0.545334, -0.838219, 4.02045, 0.0, 0.0, 0.0, 1.0],
                [1.0, 0.0, 0.0, -5e-06, 0.0, -0.893999, 0.448068, 10.855291, 0.0, -0.448068, -0.893999, 3.838185, 0.0, 0.0, 0.0, 1.0],
                [1.0, 0.0, 0.0, -5e-06, 0.0, -0.940629, 0.339436, 11.035933, 0.0, -0.339436, -0.940629, 3.635072, 0.0, 0.0, 0.0, 1.0],
                [1.0, 0.0, 0.0, -5e-06, 0.0, -0.975386, 0.220506, 11.210109, 0.0, -0.220506, -0.975386, 3.4149, 0.0, 0.0, 0.0, 1.0],
                [1.0, 0.0, 0.0, -5e-06, 0.0, -0.995648, 0.093195, 11.377526, 0.0, -0.093195, -0.995648, 3.181462, 0.0, 0.0, 0.0, 1.0],
                [1.0, 0.0, 0.0, -5e-06, 0.0, -0.999211, -0.039705, 11.537897, 0.0, 0.039705, -0.999211, 2.938548, 0.0, 0.0, 0.0, 1.0],
                [1.0, 0.0, 0.0, -5e-06, 0.0, -0.98463, -0.174653, 11.690922, 0.0, 0.174653, -0.98463, 2.689947, 0.0, 0.0, 0.0, 1.0],
                [1.0, 0.0, 0.0, -5e-06, 0.0, -0.951507, -0.307627, 11.836311, 0.0, 0.307627, -0.951507, 2.439451, 0.0, 0.0, 0.0, 1.0],
                [1.0, 0.0, 0.0, -5e-06, 0.0, -0.900664, -0.434516, 11.973772, 0.0, 0.434516, -0.900664, 2.190851, 0.0, 0.0, 0.0, 1.0],
                [1.0, 0.0, 0.0, -5e-06, 0.0, -0.834129, -0.55157, 12.103014, 0.0, 0.55157, -0.834129, 1.947936, 0.0, 0.0, 0.0, 1.0],
                [1.0, 0.0, 0.0, -5e-06, 0.0, -0.754933, -0.655802, 12.22374, 0.0, 0.655802, -0.754933, 1.714498, 0.0, 0.0, 0.0, 1.0],
                [1.0, 0.0, 0.0, -5e-06, 0.0, -0.666763, -0.745269, 12.335659, 0.0, 0.745269, -0.666763, 1.494327, 0.0, 0.0, 0.0, 1.0],
                [1.0, 0.0, 0.0, -5e-06, 0.0, -0.573557, -0.819165, 12.438478, 0.0, 0.819165, -0.573557, 1.291214, 0.0, 0.0, 0.0, 1.0],
                [1.0, 0.0, 0.0, -5e-06, 0.0, -0.479119, -0.87775, 12.531906, 0.0, 0.87775, -0.479119, 1.108949, 0.0, 0.0, 0.0, 1.0],
                [1.0, 0.0, 0.0, -5e-06, 0.0, -0.386841, -0.922146, 12.61565, 0.0, 0.922146, -0.386841, 0.951322, 0.0, 0.0, 0.0, 1.0],
                [1.0, 0.0, 0.0, -5e-06, 0.0, -0.299544, -0.954082, 12.689416, 0.0, 0.954082, -0.299544, 0.822127, 0.0, 0.0, 0.0, 1.0],
                [1.0, 0.0, 0.0, -5e-06, 0.0, -0.219449, -0.975624, 12.752911, 0.0, 0.975624, -0.219449, 0.72515, 0.0, 0.0, 0.0, 1.0],
                [1.0, 0.0, 0.0, -5e-06, 0.0, -0.148233, -0.988953, 12.805841, 0.0, 0.988953, -0.148233, 0.664184, 0.0, 0.0, 0.0, 1.0],
                [1.0, 0.0, 0.0, -5e-06, 0.0, -0.087156, -0.996195, 12.847917, 0.0, 0.996195, -0.087156, 0.64302, 0.0, 0.0, 0.0, 1.0],
                [1.0, 0.0, 0.0, -5e-06, 0.0, -0.036742, -0.999325, 12.880812, 0.0, 0.999325, -0.036742, 0.64302, 0.0, 0.0, 0.0, 1.0],
                [1.0, 0.0, 0.0, -5e-06, 0.0, 0.003764, -0.999993, 12.90694, 0.0, 0.999993, 0.003764, 0.64302, 0.0, 0.0, 0.0, 1.0],
                [1.0, 0.0, 0.0, -5e-06, 0.0, 0.035379, -0.999374, 12.927113, 0.0, 0.999374, 0.035379, 0.64302, 0.0, 0.0, 0.0, 1.0],
                [1.0, 0.0, 0.0, -5e-06, 0.0, 0.059228, -0.998244, 12.942141, 0.0, 0.998244, 0.059228, 0.64302, 0.0, 0.0, 0.0, 1.0],
                [1.0, 0.0, 0.0, -5e-06, 0.0, 0.076479, -0.997071, 12.952837, 0.0, 0.997071, 0.076479, 0.64302, 0.0, 0.0, 0.0, 1.0],
                [1.0, 0.0, 0.0, -5e-06, 0.0, 0.088307, -0.996093, 12.960012, 0.0, 0.996093, 0.088307, 0.64302, 0.0, 0.0, 0.0, 1.0],
                [1.0, 0.0, 0.0, -5e-06, 0.0, 0.095882, -0.995393, 12.964479, 0.0, 0.995393, 0.095882, 0.64302, 0.0, 0.0, 0.0, 1.0],
                [1.0, 0.0, 0.0, -5e-06, 0.0, 0.100364, -0.994951, 12.967051, 0.0, 0.994951, 0.100364, 0.64302, 0.0, 0.0, 0.0, 1.0],
                [1.0, 0.0, 0.0, -5e-06, 0.0, 0.102906, -0.994691, 12.968537, 0.0, 0.994691, 0.102906, 0.64302, 0.0, 0.0, 0.0, 1.0],
                [1.0, 0.0, 0.0, -5e-06, 0.0, 0.104659, -0.994508, 12.969749, 0.0, 0.994508, 0.104659, 0.64302, 0.0, 0.0, 0.0, 1.0],
                [1.0, 0.0, 0.0, -5e-06, 0.0, 0.106582, -0.994304, 12.97135, 0.0, 0.994304, 0.106582, 0.64302, 0.0, 0.0, 0.0, 1.0],
                [1.0, 0.0, 0.0, -5e-06, 0.0, 0.108884, -0.994054, 12.9734, 0.0, 0.994054, 0.108884, 0.64302, 0.0, 0.0, 0.0, 1.0],
                [1.0, 0.0, 0.0, -5e-06, 0.0, 0.111586, -0.993755, 12.975806, 0.0, 0.993755, 0.111586, 0.64302, 0.0, 0.0, 0.0, 1.0],
                [1.0, 0.0, 0.0, -5e-06, 0.0, 0.11471, -0.993399, 12.978479, 0.0, 0.993399, 0.11471, 0.64302, 0.0, 0.0, 0.0, 1.0],
                [1.0, 0.0, 0.0, -5e-06, 0.0, 0.118276, -0.992981, 12.981329, 0.0, 0.992981, 0.118276, 0.64302, 0.0, 0.0, 0.0, 1.0],
                [1.0, 0.0, 0.0, -5e-06, 0.0, 0.122305, -0.992493, 12.984264, 0.0, 0.992493, 0.122305, 0.64302, 0.0, 0.0, 0.0, 1.0],
                [1.0, 0.0, 0.0, -5e-06, 0.0, 0.126817, -0.991926, 12.987192, 0.0, 0.991926, 0.126817, 0.64302, 0.0, 0.0, 0.0, 1.0],
                [1.0, 0.0, 0.0, -5e-06, 0.0, 0.131834, -0.991272, 12.990026, 0.0, 0.991272, 0.131834, 0.64302, 0.0, 0.0, 0.0, 1.0],
                [1.0, 0.0, 0.0, -5e-06, 0.0, 0.137375, -0.990519, 12.992672, 0.0, 0.990519, 0.137375, 0.64302, 0.0, 0.0, 0.0, 1.0],
                [1.0, 0.0, 0.0, -5e-06, 0.0, 0.143461, -0.989656, 12.99504, 0.0, 0.989656, 0.143461, 0.64302, 0.0, 0.0, 0.0, 1.0],
                [1.0, 0.0, 0.0, -5e-06, 0.0, 0.150112, -0.988669, 12.99704, 0.0, 0.988669, 0.150112, 0.64302, 0.0, 0.0, 0.0, 1.0],
                [1.0, 0.0, 0.0, -5e-06, 0.0, 0.157348, -0.987543, 12.998581, 0.0, 0.987543, 0.157348, 0.64302, 0.0, 0.0, 0.0, 1.0],
                [1.0, 0.0, 0.0, -5e-06, 0.0, 0.165187, -0.986262, 12.999572, 0.0, 0.986262, 0.165187, 0.64302, 0.0, 0.0, 0.0, 1.0],
                [1.0, 0.0, 0.0, -5e-06, 0.0, 0.173648, -0.984808, 12.999922, 0.0, 0.984808, 0.173648, 0.64302, 0.0, 0.0, 0.0, 1.0],
                [1.0, 0.0, 0.0, -5e-06, 0.0, 0.182708, -0.983167, 12.999922, 0.0, 0.983167, 0.182708, 0.64302, 0.0, 0.0, 0.0, 1.0],
                [1.0, 0.0, 0.0, -5e-06, 0.0, 0.192174, -0.981361, 12.999922, 0.0, 0.981361, 0.192174, 0.64302, 0.0, 0.0, 0.0, 1.0],
                [1.0, 0.0, 0.0, -5e-06, 0.0, 0.201815, -0.979424, 12.999922, 0.0, 0.979424, 0.201815, 0.64302, 0.0, 0.0, 0.0, 1.0],
                [1.0, 0.0, 0.0, -5e-06, 0.0, 0.211398, -0.9774, 12.999922, 0.0, 0.9774, 0.211398, 0.64302, 0.0, 0.0, 0.0, 1.0],
                [1.0, 0.0, 0.0, -5e-06, 0.0, 0.220695, -0.975343, 12.999922, 0.0, 0.975343, 0.220695, 0.64302, 0.0, 0.0, 0.0, 1.0],
                [1.0, 0.0, 0.0, -5e-06, 0.0, 0.229476, -0.973314, 12.999922, 0.0, 0.973314, 0.229476, 0.64302, 0.0, 0.0, 0.0, 1.0],
                [1.0, 0.0, 0.0, -5e-06, 0.0, 0.237517, -0.971383, 12.999922, 0.0, 0.971383, 0.237517, 0.64302, 0.0, 0.0, 0.0, 1.0],
                [1.0, 0.0, 0.0, -5e-06, 0.0, 0.244593, -0.969626, 12.999922, 0.0, 0.969626, 0.244593, 0.64302, 0.0, 0.0, 0.0, 1.0],
                [1.0, 0.0, 0.0, -5e-06, 0.0, 0.250483, -0.968121, 12.999922, 0.0, 0.968121, 0.250483, 0.64302, 0.0, 0.0, 0.0, 1.0],
                [1.0, 0.0, 0.0, -5e-06, 0.0, 0.254965, -0.96695, 12.999922, 0.0, 0.96695, 0.254965, 0.64302, 0.0, 0.0, 0.0, 1.0],
                [1.0, 0.0, 0.0, -5e-06, 0.0, 0.257818, -0.966193, 12.999922, 0.0, 0.966193, 0.257818, 0.64302, 0.0, 0.0, 0.0, 1.0],
                [1.0, 0.0, 0.0, -5e-06, 0.0, 0.258819, -0.965926, 12.999922, 0.0, 0.965926, 0.258819, 0.64302, 0.0, 0.0, 0.0, 1.0],
                [1.0, 0.0, 0.0, -5e-06, 0.0, 0.258819, -0.965926, 12.999922, 0.0, 0.965926, 0.258819, 0.64302, 0.0, 0.0, 0.0, 1.0],
                [1.0, 0.0, 0.0, -5e-06, 0.0, 0.258819, -0.965926, 12.999922, 0.0, 0.965926, 0.258819, 0.64302, 0.0, 0.0, 0.0, 1.0],
                [1.0, 0.0, 0.0, -5e-06, 0.0, 0.258819, -0.965926, 12.999922, 0.0, 0.965926, 0.258819, 0.64302, 0.0, 0.0, 0.0, 1.0],
                [1.0, 0.0, 0.0, -5e-06, 0.0, 0.258819, -0.965926, 12.999922, 0.0, 0.965926, 0.258819, 0.64302, 0.0, 0.0, 0.0, 1.0],
                [1.0, 0.0, 0.0, -5e-06, 0.0, 0.258819, -0.965926, 12.999922, 0.0, 0.965926, 0.258819, 0.64302, 0.0, 0.0, 0.0, 1.0],
                [1.0, 0.0, 0.0, -5e-06, 0.0, 0.258819, -0.965926, 12.999922, 0.0, 0.965926, 0.258819, 0.64302, 0.0, 0.0, 0.0, 1.0],
                [1.0, 0.0, 0.0, -5e-06, 0.0, 0.258819, -0.965926, 12.999922, 0.0, 0.965926, 0.258819, 0.64302, 0.0, 0.0, 0.0, 1.0],
                [1.0, 0.0, 0.0, -5e-06, 0.0, 0.258819, -0.965926, 12.999922, 0.0, 0.965926, 0.258819, 0.64302, 0.0, 0.0, 0.0, 1.0],
                [1.0, 0.0, 0.0, -5e-06, 0.0, 0.258819, -0.965926, 12.999922, 0.0, 0.965926, 0.258819, 0.64302, 0.0, 0.0, 0.0, 1.0],
                [1.0, 0.0, 0.0, -5e-06, 0.0, 0.258819, -0.965926, 12.999922, 0.0, 0.965926, 0.258819, 0.64302, 0.0, 0.0, 0.0, 1.0],
                [1.0, 0.0, 0.0, -5e-06, 0.0, 0.258819, -0.965926, 12.999922, 0.0, 0.965926, 0.258819, 0.64302, 0.0, 0.0, 0.0, 1.0],
                [1.0, 0.0, 0.0, -5e-06, 0.0, 0.258819, -0.965926, 12.999922, 0.0, 0.965926, 0.258819, 0.64302, 0.0, 0.0, 0.0, 1.0],
                [1.0, 0.0, 0.0, -5e-06, 0.0, 0.258819, -0.965926, 12.999922, 0.0, 0.965926, 0.258819, 0.64302, 0.0, 0.0, 0.0, 1.0],
                [1.0, 0.0, 0.0, -5e-06, 0.0, 0.258819, -0.965926, 12.999922, 0.0, 0.965926, 0.258819, 0.64302, 0.0, 0.0, 0.0, 1.0],
                [1.0, 0.0, 0.0, -5e-06, 0.0, 0.258819, -0.965926, 12.999922, 0.0, 0.965926, 0.258819, 0.64302, 0.0, 0.0, 0.0, 1.0],
                [1.0, 0.0, 0.0, -5e-06, 0.0, 0.258819, -0.965926, 12.999922, 0.0, 0.965926, 0.258819, 0.64302, 0.0, 0.0, 0.0, 1.0],
                [1.0, 0.0, 0.0, -5e-06, 0.0, 0.258819, -0.965926, 12.999922, 0.0, 0.965926, 0.258819, 0.64302, 0.0, 0.0, 0.0, 1.0],
                [1.0, 0.0, 0.0, -5e-06, 0.0, 0.258819, -0.965926, 12.999922, 0.0, 0.965926, 0.258819, 0.64302, 0.0, 0.0, 0.0, 1.0],
                [1.0, 0.0, 0.0, -5e-06, 0.0, 0.258819, -0.965926, 12.999922, 0.0, 0.965926, 0.258819, 0.64302, 0.0, 0.0, 0.0, 1.0],
                [1.0, 0.0, 0.0, -5e-06, 0.0, 0.258819, -0.965926, 12.999922, 0.0, 0.965926, 0.258819, 0.64302, 0.0, 0.0, 0.0, 1.0],
                [1.0, 0.0, 0.0, -5e-06, 0.0, 0.258819, -0.965926, 12.999922, 0.0, 0.965926, 0.258819, 0.64302, 0.0, 0.0, 0.0, 1.0],
                [1.0, 0.0, 0.0, -5e-06, 0.0, 0.258819, -0.965926, 12.999922, 0.0, 0.965926, 0.258819, 0.64302, 0.0, 0.0, 0.0, 1.0],
                [1.0, 0.0, 0.0, -5e-06, 0.0, 0.258819, -0.965926, 12.999922, 0.0, 0.965926, 0.258819, 0.64302, 0.0, 0.0, 0.0, 1.0],
                [1.0, 0.0, 0.0, -5e-06, 0.0, 0.258819, -0.965926, 12.999922, 0.0, 0.965926, 0.258819, 0.64302, 0.0, 0.0, 0.0, 1.0],
                [1.0, 0.0, 0.0, -5e-06, 0.0, 0.258819, -0.965926, 12.999922, 0.0, 0.965926, 0.258819, 0.64302, 0.0, 0.0, 0.0, 1.0],
                [1.0, 0.0, 0.0, -5e-06, 0.0, 0.258819, -0.965926, 12.999922, 0.0, 0.965926, 0.258819, 0.64302, 0.0, 0.0, 0.0, 1.0],
                [1.0, 0.0, 0.0, -5e-06, 0.0, 0.258819, -0.965926, 12.999922, 0.0, 0.965926, 0.258819, 0.64302, 0.0, 0.0, 0.0, 1.0],
                [1.0, 0.0, 0.0, -5e-06, 0.0, 0.258819, -0.965926, 12.999922, 0.0, 0.965926, 0.258819, 0.64302, 0.0, 0.0, 0.0, 1.0],
                [1.0, 0.0, 0.0, -5e-06, 0.0, 0.258819, -0.965926, 12.999922, 0.0, 0.965926, 0.258819, 0.64302, 0.0, 0.0, 0.0, 1.0],
                [1.0, 0.0, 0.0, -5e-06, 0.0, 0.258819, -0.965926, 12.999922, 0.0, 0.965926, 0.258819, 0.64302, 0.0, 0.0, 0.0, 1.0],
                [1.0, 0.0, 0.0, -5e-06, 0.0, 0.258819, -0.965926, 12.999922, 0.0, 0.965926, 0.258819, 0.64302, 0.0, 0.0, 0.0, 1.0],
                [1.0, 0.0, 0.0, -5e-06, 0.0, 0.258819, -0.965926, 12.999922, 0.0, 0.965926, 0.258819, 0.64302, 0.0, 0.0, 0.0, 1.0],
                [1.0, 0.0, 0.0, -5e-06, 0.0, 0.258819, -0.965926, 12.999922, 0.0, 0.965926, 0.258819, 0.64302, 0.0, 0.0, 0.0, 1.0],
                [0.999999, 0.00015, -0.001143, -5e-06, -0.001143, 0.258491, -0.966013, 12.999922, 0.00015, 0.966014, 0.258491, 0.64302, 0.0, 0.0, 0.0, 1.0],
                [0.99999, 0.00059, -0.004506, -5e-06, -0.004506, 0.257524, -0.966262, 12.999922, 0.00059, 0.966272, 0.257524, 0.64302, 0.0, 0.0, 0.0, 1.0],
                [0.999949, 0.001301, -0.009995, -5e-06, -0.009995, 0.255943, -0.96664, 12.999922, 0.001301, 0.966691, 0.255943, 0.64302, 0.0, 0.0, 0.0, 1.0],
                [0.999844, 0.002259, -0.017512, -5e-06, -0.017512, 0.25377, -0.967106, 12.999922, 0.002259, 0.967262, 0.25377, 0.64302, 0.0, 0.0, 0.0, 1.0],
                [0.99963, 0.00344, -0.026965, -5e-06, -0.026965, 0.251027, -0.967605, 12.999922, 0.00344, 0.967974, 0.251027, 0.64302, 0.0, 0.0, 0.0, 1.0],
                [0.999256, 0.004815, -0.038255, -5e-06, -0.038255, 0.247733, -0.968073, 12.999922, 0.004815, 0.968816, 0.247733, 0.64302, 0.0, 0.0, 0.0, 1.0],
                [0.998664, 0.006355, -0.051288, -5e-06, -0.051288, 0.243909, -0.968441, 12.999922, 0.006355, 0.969777, 0.243909, 0.64302, 0.0, 0.0, 0.0, 1.0],
                [0.99779, 0.008027, -0.065962, -5e-06, -0.065962, 0.239573, -0.968635, 12.999922, 0.008027, 0.970845, 0.239573, 0.64302, 0.0, 0.0, 0.0, 1.0],
                [0.99657, 0.009799, -0.082176, -5e-06, -0.082176, 0.234747, -0.968577, 12.999922, 0.009799, 0.972007, 0.234747, 0.64302, 0.0, 0.0, 0.0, 1.0],
                [0.994937, 0.011637, -0.099824, -5e-06, -0.099824, 0.229452, -0.968188, 12.999922, 0.011637, 0.973251, 0.229452, 0.64302, 0.0, 0.0, 0.0, 1.0],
                [0.992827, 0.013508, -0.118795, -5e-06, -0.118795, 0.223709, -0.967389, 12.999922, 0.013508, 0.974562, 0.223709, 0.64302, 0.0, 0.0, 0.0, 1.0],
                [0.990177, 0.015377, -0.138974, -5e-06, -0.138974, 0.217543, -0.966106, 12.999922, 0.015377, 0.97593, 0.217543, 0.64302, 0.0, 0.0, 0.0, 1.0],
                [0.986927, 0.017212, -0.160244, -5e-06, -0.160244, 0.21098, -0.964266, 12.999922, 0.017212, 0.977339, 0.21098, 0.64302, 0.0, 0.0, 0.0, 1.0],
                [0.983027, 0.01898, -0.182479, -5e-06, -0.182479, 0.204048, -0.961803, 12.999922, 0.01898, 0.978777, 0.204048, 0.64302, 0.0, 0.0, 0.0, 1.0],
                [0.978428, 0.020651, -0.205553, -5e-06, -0.205553, 0.196777, -0.958659, 12.999922, 0.020651, 0.980231, 0.196777, 0.64302, 0.0, 0.0, 0.0, 1.0],
                [0.973094, 0.022197, -0.229335, -5e-06, -0.229335, 0.189199, -0.954782, 12.999922, 0.022197, 0.981688, 0.189199, 0.64302, 0.0, 0.0, 0.0, 1.0],
                [0.966998, 0.023592, -0.253691, -5e-06, -0.253691, 0.18135, -0.950133, 12.999922, 0.023592, 0.983136, 0.18135, 0.64302, 0.0, 0.0, 0.0, 1.0],
                [0.96012, 0.024812, -0.278486, -5e-06, -0.278486, 0.173264, -0.944683, 12.999922, 0.024812, 0.984563, 0.173264, 0.64302, 0.0, 0.0, 0.0, 1.0],
                [0.952455, 0.025838, -0.303582, -5e-06, -0.303582, 0.16498, -0.938413, 12.999922, 0.025838, 0.985958, 0.16498, 0.64302, 0.0, 0.0, 0.0, 1.0],
                [0.944008, 0.026654, -0.328846, -5e-06, -0.328846, 0.156539, -0.93132, 12.999922, 0.026654, 0.987312, 0.156539, 0.64302, 0.0, 0.0, 0.0, 1.0],
                [0.934795, 0.027246, -0.354141, -5e-06, -0.354141, 0.14798, -0.92341, 12.999922, 0.027246, 0.988615, 0.14798, 0.64302, 0.0, 0.0, 0.0, 1.0],
                [0.924846, 0.027607, -0.379338, -5e-06, -0.379338, 0.139346, -0.914705, 12.999922, 0.027607, 0.989859, 0.139346, 0.64302, 0.0, 0.0, 0.0, 1.0],
                [0.914201, 0.027731, -0.40431, -5e-06, -0.40431, 0.130679, -0.905238, 12.999922, 0.027731, 0.991037, 0.130679, 0.64302, 0.0, 0.0, 0.0, 1.0],
                [0.902912, 0.027619, -0.428937, -5e-06, -0.428937, 0.12202, -0.895055, 12.999922, 0.027619, 0.992143, 0.12202, 0.64302, 0.0, 0.0, 0.0, 1.0],
                [0.891041, 0.027272, -0.453103, -5e-06, -0.453103, 0.113412, -0.884215, 12.999922, 0.027272, 0.993174, 0.113412, 0.64302, 0.0, 0.0, 0.0, 1.0],
                [0.878659, 0.0267, -0.476702, -5e-06, -0.476702, 0.104894, -0.872784, 12.999922, 0.0267, 0.994125, 0.104894, 0.64302, 0.0, 0.0, 0.0, 1.0],
                [0.865847, 0.025912, -0.499637, -5e-06, -0.499637, 0.096506, -0.860842, 12.999922, 0.025912, 0.994995, 0.096506, 0.64302, 0.0, 0.0, 0.0, 1.0],
                [0.852693, 0.024923, -0.521818, -5e-06, -0.521818, 0.088286, -0.848476, 12.999922, 0.024923, 0.995783, 0.088286, 0.64302, 0.0, 0.0, 0.0, 1.0],
                [0.839289, 0.02375, -0.543166, -5e-06, -0.543166, 0.080271, -0.83578, 12.999922, 0.02375, 0.99649, 0.080271, 0.64302, 0.0, 0.0, 0.0, 1.0],
                [0.825736, 0.022414, -0.563611, -5e-06, -0.563611, 0.072493, -0.822853, 12.999922, 0.022414, 0.997117, 0.072493, 0.64302, 0.0, 0.0, 0.0, 1.0],
                [0.812136, 0.020937, -0.583092, -5e-06, -0.583092, 0.064986, -0.809803, 12.999922, 0.020937, 0.997667, 0.064986, 0.64302, 0.0, 0.0, 0.0, 1.0],
                [0.798594, 0.019344, -0.60156, -5e-06, -0.60156, 0.057777, -0.796736, 12.999922, 0.019344, 0.998142, 0.057777, 0.64302, 0.0, 0.0, 0.0, 1.0],
                [0.785216, 0.017661, -0.618971, -5e-06, -0.618971, 0.050896, -0.783763, 12.999922, 0.017661, 0.998548, 0.050896, 0.64302, 0.0, 0.0, 0.0, 1.0],
                [0.772109, 0.015915, -0.635291, -5e-06, -0.635291, 0.044365, -0.770998, 12.999922, 0.015915, 0.998889, 0.044365, 0.64302, 0.0, 0.0, 0.0, 1.0],
                [0.759381, 0.014133, -0.650493, -5e-06, -0.650493, 0.038209, -0.75855, 12.999922, 0.014133, 0.99917, 0.038209, 0.64302, 0.0, 0.0, 0.0, 1.0],
                [0.747136, 0.012346, -0.664557, -5e-06, -0.664557, 0.032447, -0.746533, 12.999922, 0.012346, 0.999397, 0.032447, 0.64302, 0.0, 0.0, 0.0, 1.0],
                [0.735477, 0.010581, -0.677467, -5e-06, -0.677467, 0.027099, -0.735054, 12.999922, 0.010581, 0.999577, 0.027099, 0.64302, 0.0, 0.0, 0.0, 1.0],
                [0.724507, 0.008867, -0.689211, -5e-06, -0.689211, 0.022183, -0.724221, 12.999922, 0.008867, 0.999715, 0.022183, 0.64302, 0.0, 0.0, 0.0, 1.0],
                [0.714322, 0.007232, -0.69978, -5e-06, -0.69978, 0.017715, -0.714139, 12.999922, 0.007232, 0.999817, 0.017715, 0.64302, 0.0, 0.0, 0.0, 1.0],
                [0.705019, 0.005703, -0.709165, -5e-06, -0.709165, 0.013711, -0.704909, 12.999922, 0.005703, 0.99989, 0.013711, 0.64302, 0.0, 0.0, 0.0, 1.0],
                [0.696689, 0.004306, -0.71736, -5e-06, -0.71736, 0.010185, -0.696628, 12.999922, 0.004306, 0.999939, 0.010185, 0.64302, 0.0, 0.0, 0.0, 1.0],
                [0.689421, 0.003067, -0.724354, -5e-06, -0.724354, 0.007154, -0.689391, 12.999922, 0.003067, 0.99997, 0.007154, 0.64302, 0.0, 0.0, 0.0, 1.0],
                [0.6833, 0.002009, -0.730135, -5e-06, -0.730135, 0.004633, -0.683287, 12.999922, 0.002009, 0.999987, 0.004633, 0.64302, 0.0, 0.0, 0.0, 1.0],
                [0.678408, 0.001155, -0.734684, -5e-06, -0.734684, 0.002638, -0.678404, 12.999922, 0.001155, 0.999996, 0.002638, 0.64302, 0.0, 0.0, 0.0, 1.0],
                [0.674824, 0.000523, -0.737979, -5e-06, -0.737979, 0.001187, -0.674823, 12.999922, 0.000523, 0.999999, 0.001187, 0.64302, 0.0, 0.0, 0.0, 1.0],
                [0.672621, 0.000133, -0.739987, -5e-06, -0.739987, 0.000301, -0.672621, 12.999922, 0.000133, 1.0, 0.000301, 0.64302, 0.0, 0.0, 0.0, 1.0],
                [0.671872, 0.0, -0.740667, -5e-06, -0.740667, 0.0, -0.671872, 12.999922, 0.0, 1.0, 0.0, 0.64302, 0.0, 0.0, 0.0, 1.0]
            ]
        },
        {
            "name": "Thigh_R",
            "time": [0.0, 0.0167, 0.0333, 0.05, 0.0667, 0.0833, 0.1, 0.1167, 0.1333, 0.15, 0.1667, 0.1833, 0.2, 0.2167, 0.2333, 0.25, 0.2667, 0.2833, 0.3, 0.3167, 0.3333, 0.35, 0.3667, 0.3833, 0.4, 0.4167, 0.4333, 0.45, 0.4667, 0.4833, 0.5, 0.5167, 0.5333, 0.55, 0.5667, 0.5833, 0.6, 0.6167, 0.6333, 0.65, 0.6667, 0.6833, 0.7, 0.7167, 0.7333, 0.75, 0.7667, 0.7833, 0.8, 0.8167, 0.8333, 0.85, 0.8667, 0.8833, 0.9, 0.9167, 0.9333, 0.95, 0.9667, 0.9833, 1.0, 1.0167, 1.0333, 1.05, 1.0667, 1.0833, 1.1, 1.1167, 1.1333, 1.15, 1.1667, 1.1833, 1.2, 1.2167, 1.2333, 1.25, 1.2667, 1.2833, 1.3, 1.3167, 1.3333, 1.35, 1.3667, 1.3833, 1.4, 1.4167, 1.4333, 1.45, 1.4667, 1.4833, 1.5, 1.5167, 1.5333, 1.55, 1.5667, 1.5833, 1.6, 1.6167, 1.6333, 1.65, 1.6667, 1.6833, 1.7, 1.7167, 1.7333, 1.75, 1.7667, 1.7833, 1.8, 1.8167, 1.8333, 1.85, 1.8667, 1.8833, 1.9, 1.9167, 1.9333, 1.95, 1.9667, 1.9833, 2.0, 2.0167, 2.0333, 2.05, 2.0667, 2.0833, 2.1, 2.1167, 2.1333, 2.15, 2.1667, 2.1833, 2.2, 2.2167, 2.2333, 2.25, 2.2667, 2.2833, 2.3, 2.3167, 2.3333, 2.35, 2.3667, 2.3833, 2.4, 2.4167, 2.4333, 2.45, 2.4667, 2.4833, 2.5, 2.5167, 2.5333, 2.55, 2.5667, 2.5833, 2.6, 2.6167, 2.6333, 2.65, 2.6667, 2.6833, 2.7, 2.7167, 2.7333, 2.75, 2.7667, 2.7833, 2.8, 2.8167, 2.8333, 2.85, 2.8667, 2.8833, 2.9, 2.9167, 2.9333, 2.95, 2.9667, 2.9833, 3.0, 3.0167, 3.0333, 3.05, 3.0667, 3.0833, 3.1, 3.1167, 3.1333, 3.15, 3.1667, 3.1833, 3.2, 3.2167, 3.2333, 3.25, 3.2667, 3.2833, 3.3, 3.3167, 3.3333, 3.35, 3.3667, 3.3833, 3.4, 3.4167, 3.4333, 3.45],
            "transform": [
                [0.996195, 0.087155, -0.0, 0.124994, 0.084185, -0.96225, 0.258819, -0.005666, 0.022557, -0.257835, -0.965926, 0.032399, 0.0, 0.0, 0.0, 1.0],
                [0.996195, 0.087155, 7.7e-05, 0.124994, 0.084185, -0.962477, 0.257974, -0.005666, 0.022557, -0.256986, -0.966152, 0.032399, 0.0, 0.0, 0.0, 1.0],
                [0.996195, 0.087155, 0.000297, 0.124994, 0.084185, -0.963128, 0.255534, -0.005666, 0.022557, -0.254537, -0.9668, 0.032399, 0.0, 0.0, 0.0, 1.0],
