{
    "animation": [
        {
            "name": "Root",
            "time": [0.0, 0.0167, 0.0333, 0.05, 0.0667, 0.0833, 0.1, 0.1167, 0.1333, 0.15, 0.1667, 0.1833, 0.2, 0.2167, 0.2333, 0.25, 0.2667, 0.2833, 0.3, 0.3167, 0.3333, 0.35, 0.3667, 0.3833, 0.4, 0.4167, 0.4333, 0.45, 0.4667, 0.4833, 0.5, 0.5167, 0.5333, 0.55, 0.5667, 0.5833, 0.6, 0.6167, 0.6333, 0.65, 0.6667, 0.6833, 0.7, 0.7167, 0.7333, 0.75, 0.7667, 0.7833, 0.8, 0.8167, 0.8333, 0.85, 0.8667, 0.8833, 0.9, 0.9167, 0.9333, 0.95, 0.9667, 0.9833, 1.0, 1.0167, 1.0333, 1.05, 1.0667, 1.0833, 1.1, 1.1167, 1.1333, 1.15, 1.1667, 1.1833, 1.2, 1.2167, 1.2333, 1.25, 1.2667, 1.2833, 1.3, 1.3167, 1.3333, 1.35, 1.3667, 1.3833, 1.4, 1.4167, 1.4333, 1.45, 1.4667, 1.4833, 1.5, 1.5167, 1.5333, 1.55, 1.5667, 1.5833, 1.6, 1.6167, 1.6333, 1.65, 1.6667, 1.6833, 1.7, 1.7167, 1.7333, 1.75, 1.7667, 1.7833, 1.8, 1.8167, 1.8333, 1.85, 1.8667, 1.8833, 1.9, 1.9167, 1.9333, 1.95, 1.9667, 1.9833, 2.0, 2.0167, 2.0333, 2.05, 2.0667, 2.0833, 2.1, 2.1167, 2.1333, 2.15, 2.1667, 2.1833, 2.2, 2.2167, 2.2333, 2.25, 2.2667, 2.2833, 2.3, 2.3167, 2.3333, 2.35, 2.3667, 2.3833, 2.4, 2.4167, 2.4333, 2.45, 2.4667, 2.4833, 2.5, 2.5167, 2.5333, 2.55, 2.5667, 2.5833, 2.6, 2.6167, 2.6333, 2.65, 2.6667, 2.6833, 2.7, 2.7167, 2.7333, 2.75, 2.7667, 2.7833, 2.8, 2.8167, 2.8333, 2.85, 2.8667, 2.8833, 2.9, 2.9167, 2.9333, 2.95, 3.0667],
            "transform": [
                [0.906308, 0.0, 0.422618, -5e-06, 0.422618, 0.0, -0.906308, 0.000946, 0.0, 1.0, 0.0, 0.705314, 0.0, 0.0, 0.0, 1.0],
                [0.90619, 0.0, 0.422871, -5e-06, 0.422871, 0.0, -0.90619, 0.000946, 0.0, 1.0, 0.0, 0.705342, 0.0, 0.0, 0.0, 1.0],
                [0.905844, 0.0, 0.423612, -5e-06, 0.423612, 0.0, -0.905844, 0.000946, 0.0, 1.0, 0.0, 0.705426, 0.0, 0.0, 0.0, 1.0],
                [0.905279, 0.0, 0.424817, -5e-06, 0.424817, 0.0, -0.905279, 0.000946, 0.0, 1.0, 0.0, 0.705566, 0.0, 0.0, 0.0, 1.0],
                [0.904506, 0.0, 0.426462, -5e-06, 0.426462, 0.0, -0.904506, 0.000946, 0.0, 1.0, 0.0, 0.705763, 0.0, 0.0, 0.0, 1.0],
                [0.903532, 0.0, 0.428521, -5e-06, 0.428521, 0.0, -0.903532, 0.000946, 0.0, 1.0, 0.0, 0.706017, 0.0, 0.0, 0.0, 1.0],
                [0.902366, 0.0, 0.430971, -5e-06, 0.430971, 0.0, -0.902366, 0.000946, 0.0, 1.0, 0.0, 0.70633, 0.0, 0.0, 0.0, 1.0],
                [0.901016, 0.0, 0.433785, -5e-06, 0.433785, 0.0, -0.901016, 0.000946, 0.0, 1.0, 0.0, 0.706702, 0.0, 0.0, 0.0, 1.0],
                [0.899491, 0.0, 0.436939, -5e-06, 0.436939, 0.0, -0.899491, 0.000946, 0.0, 1.0, 0.0, 0.707133, 0.0, 0.0, 0.0, 1.0],
                [0.897798, 0.0, 0.440407, -5e-06, 0.440407, 0.0, -0.897798, 0.000946, 0.0, 1.0, 0.0, 0.707623, 0.0, 0.0, 0.0, 1.0],
                [0.895946, 0.0, 0.444164, -5e-06, 0.444164, 0.0, -0.895946, 0.000946, 0.0, 1.0, 0.0, 0.708174, 0.0, 0.0, 0.0, 1.0],
                [0.893941, 0.0, 0.448184, -5e-06, 0.448184, 0.0, -0.893941, -0.004757, 0.0, 1.0, 0.0, 0.708786, 0.0, 0.0, 0.0, 1.0],
                [0.891794, 0.0, 0.452443, -5e-06, 0.452443, 0.0, -0.891794, -0.020634, 0.0, 1.0, 0.0, 0.70946, 0.0, 0.0, 0.0, 1.0],
                [0.889511, 0.0, 0.456914, -5e-06, 0.456914, 0.0, -0.889511, -0.044834, 0.0, 1.0, 0.0, 0.710196, 0.0, 0.0, 0.0, 1.0],
                [0.887102, 0.0, 0.461573, -5e-06, 0.461573, 0.0, -0.887102, -0.075509, 0.0, 1.0, 0.0, 0.710994, 0.0, 0.0, 0.0, 1.0],
                [0.884577, 0.0, 0.466395, -5e-06, 0.466395, 0.0, -0.884577, -0.110808, 0.0, 1.0, 0.0, 0.711856, 0.0, 0.0, 0.0, 1.0],
                [0.881944, 0.0, 0.471354, -5e-06, 0.471354, 0.0, -0.881944, -0.148882, 0.0, 1.0, 0.0, 0.712781, 0.0, 0.0, 0.0, 1.0],
                [0.879214, 0.0, 0.476426, -5e-06, 0.476426, 0.0, -0.879214, -0.18788, 0.0, 1.0, 0.0, 0.713771, 0.0, 0.0, 0.0, 1.0],
                [0.876398, 0.0, 0.481587, -5e-06, 0.481587, 0.0, -0.876398, -0.225954, 0.0, 1.0, 0.0, 0.714826, 0.0, 0.0, 0.0, 1.0],
                [0.873506, 0.0, 0.486813, -5e-06, 0.486813, 0.0, -0.873506, -0.261253, 0.0, 1.0, 0.0, 0.715947, 0.0, 0.0, 0.0, 1.0],
                [0.870551, 0.0, 0.492078, -5e-06, 0.492078, 0.0, -0.870551, -0.291928, 0.0, 1.0, 0.0, 0.717133, 0.0, 0.0, 0.0, 1.0],
                [0.867544, 0.0, 0.49736, -5e-06, 0.49736, 0.0, -0.867544, -0.316128, 0.0, 1.0, 0.0, 0.718386, 0.0, 0.0, 0.0, 1.0],
                [0.864499, 0.0, 0.502635, -5e-06, 0.502635, 0.0, -0.864499, -0.332005, 0.0, 1.0, 0.0, 0.719707, 0.0, 0.0, 0.0, 1.0],
                [0.861428, 0.0, 0.50788, -5e-06, 0.50788, 0.0, -0.861428, -0.337708, 0.0, 1.0, 0.0, 0.721095, 0.0, 0.0, 0.0, 1.0],
                [0.858345, 0.0, 0.513072, -5e-06, 0.513072, 0.0, -0.858345, -0.337697, 0.0, 1.0, 0.0, 0.722551, 0.0, 0.0, 0.0, 1.0],
                [0.855266, 0.0, 0.518189, -5e-06, 0.518189, 0.0, -0.855266, -0.337616, 0.0, 1.0, 0.0, 0.724077, 0.0, 0.0, 0.0, 1.0],
                [0.852205, 0.0, 0.523209, -5e-06, 0.523209, 0.0, -0.852205, -0.337395, 0.0, 1.0, 0.0, 0.725672, 0.0, 0.0, 0.0, 1.0],
                [0.849177, 0.0, 0.528109, -5e-06, 0.528109, 0.0, -0.849177, -0.336967, 0.0, 1.0, 0.0, 0.727337, 0.0, 0.0, 0.0, 1.0],
                [0.846198, 0.0, 0.532869, -5e-06, 0.532869, 0.0, -0.846198, -0.33626, 0.0, 1.0, 0.0, 0.729073, 0.0, 0.0, 0.0, 1.0],
                [0.843285, 0.0, 0.537467, -5e-06, 0.537467, 0.0, -0.843285, -0.335205, 0.0, 1.0, 0.0, 0.73088, 0.0, 0.0, 0.0, 1.0],
                [0.840455, 0.0, 0.541882, -5e-06, 0.541882, 0.0, -0.840455, -0.333733, 0.0, 1.0, 0.0, 0.732758, 0.0, 0.0, 0.0, 1.0],
                [0.837724, 0.0, 0.546095, -5e-06, 0.546095, 0.0, -0.837724, -0.331774, 0.0, 1.0, 0.0, 0.734709, 0.0, 0.0, 0.0, 1.0],
                [0.83511, 0.0, 0.550084, -5e-06, 0.550084, 0.0, -0.83511, -0.329259, 0.0, 1.0, 0.0, 0.736733, 0.0, 0.0, 0.0, 1.0],
                [0.83263, 0.0, 0.55383, -5e-06, 0.55383, 0.0, -0.83263, -0.326118, 0.0, 1.0, 0.0, 0.738831, 0.0, 0.0, 0.0, 1.0],
                [0.830303, 0.0, 0.557312, -5e-06, 0.557312, 0.0, -0.830303, -0.322281, 0.0, 1.0, 0.0, 0.741002, 0.0, 0.0, 0.0, 1.0],
                [0.828146, 0.0, 0.560513, -5e-06, 0.560513, 0.0, -0.828146, -0.31768, 0.0, 1.0, 0.0, 0.743248, 0.0, 0.0, 0.0, 1.0],
                [0.826177, 0.0, 0.56341, -5e-06, 0.56341, 0.0, -0.826177, -0.312244, 0.0, 1.0, 0.0, 0.74557, 0.0, 0.0, 0.0, 1.0],
                [0.824415, 0.0, 0.565986, -5e-06, 0.565986, 0.0, -0.824415, -0.305904, 0.0, 1.0, 0.0, 0.747967, 0.0, 0.0, 0.0, 1.0],
                [0.822876, 0.0, 0.568221, -5e-06, 0.568221, 0.0, -0.822876, -0.29859, 0.0, 1.0, 0.0, 0.75044, 0.0, 0.0, 0.0, 1.0],
                [0.821579, 0.0, 0.570094, -5e-06, 0.570094, 0.0, -0.821579, -0.290233, 0.0, 1.0, 0.0, 0.75299, 0.0, 0.0, 0.0, 1.0],
                [0.820542, 0.0, 0.571587, -5e-06, 0.571587, 0.0, -0.820542, -0.280764, 0.0, 1.0, 0.0, 0.755618, 0.0, 0.0, 0.0, 1.0],
                [0.81978, 0.0, 0.572678, -5e-06, 0.572678, 0.0, -0.81978, -0.270112, 0.0, 1.0, 0.0, 0.758324, 0.0, 0.0, 0.0, 1.0],
                [0.819312, 0.0, 0.573348, -5e-06, 0.573348, 0.0, -0.819312, -0.258208, 0.0, 1.0, 0.0, 0.761108, 0.0, 0.0, 0.0, 1.0],
                [0.819152, 0.0, 0.573576, -5e-06, 0.573576, 0.0, -0.819152, -0.244983, 0.0, 1.0, 0.0, 0.763972, 0.0, 0.0, 0.0, 1.0],
                [0.819152, 0.0, 0.573576, -5e-06, 0.573576, 0.0, -0.819152, -0.219695, 0.0, 1.0, 0.0, 0.766904, 0.0, 0.0, 0.0, 1.0],
                [0.819152, 0.0, 0.573576, -5e-06, 0.573576, 0.0, -0.819152, -0.172907, 0.0, 1.0, 0.0, 0.769854, 0.0, 0.0, 0.0, 1.0],
                [0.819152, 0.0, 0.573576, -5e-06, 0.573576, 0.0, -0.819152, -0.106505, 0.0, 1.0, 0.0, 0.772759, 0.0, 0.0, 0.0, 1.0],
                [0.819152, 0.0, 0.573576, -5e-06, 0.573576, 0.0, -0.819152, -0.022377, 0.0, 1.0, 0.0, 0.775556, 0.0, 0.0, 0.0, 1.0],
                [0.819152, 0.0, 0.573576, -5e-06, 0.573576, 0.0, -0.819152, 0.07759, 0.0, 1.0, 0.0, 0.778183, 0.0, 0.0, 0.0, 1.0],
                [0.819152, 0.0, 0.573576, -5e-06, 0.573576, 0.0, -0.819152, 0.191509, 0.0, 1.0, 0.0, 0.780577, 0.0, 0.0, 0.0, 1.0],
                [0.819152, 0.0, 0.573576, -5e-06, 0.573576, 0.0, -0.819152, 0.317492, 0.0, 1.0, 0.0, 0.782676, 0.0, 0.0, 0.0, 1.0],
                [0.819152, 0.0, 0.573576, -5e-06, 0.573576, 0.0, -0.819152, 0.453652, 0.0, 1.0, 0.0, 0.784417, 0.0, 0.0, 0.0, 1.0],
                [0.819152, 0.0, 0.573576, -5e-06, 0.573576, 0.0, -0.819152, 0.598103, 0.0, 1.0, 0.0, 0.785738, 0.0, 0.0, 0.0, 1.0],
                [0.819152, 0.0, 0.573576, -5e-06, 0.573576, 0.0, -0.819152, 0.748956, 0.0, 1.0, 0.0, 0.786576, 0.0, 0.0, 0.0, 1.0],
                [0.819152, 0.0, 0.573576, -5e-06, 0.573576, 0.0, -0.819152, 0.904325, 0.0, 1.0, 0.0, 0.78687, 0.0, 0.0, 0.0, 1.0],
                [0.819152, 0.0, 0.573576, -5e-06, 0.573576, 0.0, -0.819152, 1.062322, 0.0, 1.0, 0.0, 0.785305, 0.0, 0.0, 0.0, 1.0],
                [0.819152, 0.0, 0.573576, -5e-06, 0.573576, 0.0, -0.819152, 1.221061, 0.0, 1.0, 0.0, 0.780925, 0.0, 0.0, 0.0, 1.0],
                [0.819152, 0.0, 0.573576, -5e-06, 0.573576, 0.0, -0.819152, 1.378653, 0.0, 1.0, 0.0, 0.774197, 0.0, 0.0, 0.0, 1.0],
                [0.819152, 0.0, 0.573576, -5e-06, 0.573576, 0.0, -0.819152, 1.533212, 0.0, 1.0, 0.0, 0.765593, 0.0, 0.0, 0.0, 1.0],
                [0.819152, 0.0, 0.573576, -5e-06, 0.573576, 0.0, -0.819152, 1.682852, 0.0, 1.0, 0.0, 0.75558, 0.0, 0.0, 0.0, 1.0],
                [0.819152, 0.0, 0.573576, -5e-06, 0.573576, 0.0, -0.819152, 1.825683, 0.0, 1.0, 0.0, 0.744628, 0.0, 0.0, 0.0, 1.0],
                [0.819152, 0.0, 0.573576, -5e-06, 0.573576, 0.0, -0.819152, 1.959819, 0.0, 1.0, 0.0, 0.733208, 0.0, 0.0, 0.0, 1.0],
                [0.819152, 0.0, 0.573576, -5e-06, 0.573576, 0.0, -0.819152, 2.083375, 0.0, 1.0, 0.0, 0.721787, 0.0, 0.0, 0.0, 1.0],
                [0.819152, 0.0, 0.573576, -5e-06, 0.573576, 0.0, -0.819152, 2.194459, 0.0, 1.0, 0.0, 0.710835, 0.0, 0.0, 0.0, 1.0],
                [0.819152, 0.0, 0.573576, -5e-06, 0.573576, 0.0, -0.819152, 2.291188, 0.0, 1.0, 0.0, 0.700823, 0.0, 0.0, 0.0, 1.0],
                [0.819152, 0.0, 0.573576, -5e-06, 0.573576, 0.0, -0.819152, 2.371673, 0.0, 1.0, 0.0, 0.692218, 0.0, 0.0, 0.0, 1.0],
                [0.819152, 0.0, 0.573576, -5e-06, 0.573576, 0.0, -0.819152, 2.434028, 0.0, 1.0, 0.0, 0.685491, 0.0, 0.0, 0.0, 1.0],
                [0.819152, 0.0, 0.573576, -5e-06, 0.573576, 0.0, -0.819152, 2.476364, 0.0, 1.0, 0.0, 0.68111, 0.0, 0.0, 0.0, 1.0],
                [0.819152, 0.0, 0.573576, -5e-06, 0.573576, 0.0, -0.819152, 2.496795, 0.0, 1.0, 0.0, 0.679546, 0.0, 0.0, 0.0, 1.0],
                [0.819152, 0.0, 0.573576, -5e-06, 0.573576, 0.0, -0.819152, 2.50528, 0.0, 1.0, 0.0, 0.679546, 0.0, 0.0, 0.0, 1.0],
                [0.819152, 0.0, 0.573576, -5e-06, 0.573576, 0.0, -0.819152, 2.513059, 0.0, 1.0, 0.0, 0.679546, 0.0, 0.0, 0.0, 1.0],
                [0.819152, 0.0, 0.573576, -5e-06, 0.573576, 0.0, -0.819152, 2.520162, 0.0, 1.0, 0.0, 0.679546, 0.0, 0.0, 0.0, 1.0],
                [0.819152, 0.0, 0.573576, -5e-06, 0.573576, 0.0, -0.819152, 2.52662, 0.0, 1.0, 0.0, 0.679546, 0.0, 0.0, 0.0, 1.0],
                [0.819152, 0.0, 0.573576, -5e-06, 0.573576, 0.0, -0.819152, 2.532463, 0.0, 1.0, 0.0, 0.679546, 0.0, 0.0, 0.0, 1.0],
                [0.819152, 0.0, 0.573576, -5e-06, 0.573576, 0.0, -0.819152, 2.537722, 0.0, 1.0, 0.0, 0.679546, 0.0, 0.0, 0.0, 1.0],
                [0.819152, 0.0, 0.573576, -5e-06, 0.573576, 0.0, -0.819152, 2.542428, 0.0, 1.0, 0.0, 0.679546, 0.0, 0.0, 0.0, 1.0],
                [0.819152, 0.0, 0.573576, -5e-06, 0.573576, 0.0, -0.819152, 2.546612, 0.0, 1.0, 0.0, 0.679546, 0.0, 0.0, 0.0, 1.0],
                [0.819152, 0.0, 0.573576, -5e-06, 0.573576, 0.0, -0.819152, 2.550304, 0.0, 1.0, 0.0, 0.679546, 0.0, 0.0, 0.0, 1.0],
                [0.819152, 0.0, 0.573576, -5e-06, 0.573576, 0.0, -0.819152, 2.553536, 0.0, 1.0, 0.0, 0.679546, 0.0, 0.0, 0.0, 1.0],
                [0.819152, 0.0, 0.573576, -5e-06, 0.573576, 0.0, -0.819152, 2.556337, 0.0, 1.0, 0.0, 0.679546, 0.0, 0.0, 0.0, 1.0],
                [0.819152, 0.0, 0.573576, -5e-06, 0.573576, 0.0, -0.819152, 2.558739, 0.0, 1.0, 0.0, 0.679546, 0.0, 0.0, 0.0, 1.0],
                [0.819152, 0.0, 0.573576, -5e-06, 0.573576, 0.0, -0.819152, 2.560772, 0.0, 1.0, 0.0, 0.679546, 0.0, 0.0, 0.0, 1.0],
                [0.819152, 0.0, 0.573576, -5e-06, 0.573576, 0.0, -0.819152, 2.562467, 0.0, 1.0, 0.0, 0.679546, 0.0, 0.0, 0.0, 1.0],
                [0.819152, 0.0, 0.573576, -5e-06, 0.573576, 0.0, -0.819152, 2.563855, 0.0, 1.0, 0.0, 0.679546, 0.0, 0.0, 0.0, 1.0],
                [0.819152, 0.0, 0.573576, -5e-06, 0.573576, 0.0, -0.819152, 2.564966, 0.0, 1.0, 0.0, 0.679546, 0.0, 0.0, 0.0, 1.0],
                [0.819152, 0.0, 0.573576, -5e-06, 0.573576, 0.0, -0.819152, 2.565831, 0.0, 1.0, 0.0, 0.679546, 0.0, 0.0, 0.0, 1.0],
                [0.819152, 0.0, 0.573576, -5e-06, 0.573576, 0.0, -0.819152, 2.566482, 0.0, 1.0, 0.0, 0.679546, 0.0, 0.0, 0.0, 1.0],
                [0.819152, 0.0, 0.573576, -5e-06, 0.573576, 0.0, -0.819152, 2.566948, 0.0, 1.0, 0.0, 0.679546, 0.0, 0.0, 0.0, 1.0],
                [0.819152, 0.0, 0.573576, -5e-06, 0.573576, 0.0, -0.819152, 2.56726, 0.0, 1.0, 0.0, 0.679546, 0.0, 0.0, 0.0, 1.0],
                [0.819152, 0.0, 0.573576, -5e-06, 0.573576, 0.0, -0.819152, 2.56745, 0.0, 1.0, 0.0, 0.679546, 0.0, 0.0, 0.0, 1.0],
                [0.819152, 0.0, 0.573576, -5e-06, 0.573576, 0.0, -0.819152, 2.567547, 0.0, 1.0, 0.0, 0.679546, 0.0, 0.0, 0.0, 1.0],
                [0.819152, 0.0, 0.573576, -5e-06, 0.573576, 0.0, -0.819152, 2.567583, 0.0, 1.0, 0.0, 0.679546, 0.0, 0.0, 0.0, 1.0],
                [0.819152, 0.0, 0.573576, -5e-06, 0.573576, 0.0, -0.819152, 2.567588, 0.0, 1.0, 0.0, 0.679546, 0.0, 0.0, 0.0, 1.0],
                [0.819152, 0.0, 0.573576, -5e-06, 0.573576, 0.0, -0.819152, 2.567593, 0.0, 1.0, 0.0, 0.679546, 0.0, 0.0, 0.0, 1.0],
                [0.819152, 0.0, 0.573576, -5e-06, 0.573576, 0.0, -0.819152, 2.567629, 0.0, 1.0, 0.0, 0.679546, 0.0, 0.0, 0.0, 1.0],
                [0.819152, 0.0, 0.573576, -5e-06, 0.573576, 0.0, -0.819152, 2.567726, 0.0, 1.0, 0.0, 0.679546, 0.0, 0.0, 0.0, 1.0],
                [0.819152, 0.0, 0.573576, -5e-06, 0.573576, 0.0, -0.819152, 2.567916, 0.0, 1.0, 0.0, 0.679546, 0.0, 0.0, 0.0, 1.0],
                [0.819152, 0.0, 0.573576, -5e-06, 0.573576, 0.0, -0.819152, 2.568228, 0.0, 1.0, 0.0, 0.679546, 0.0, 0.0, 0.0, 1.0],
                [0.819152, 0.0, 0.573576, -5e-06, 0.573576, 0.0, -0.819152, 2.568694, 0.0, 1.0, 0.0, 0.679546, 0.0, 0.0, 0.0, 1.0],
                [0.819152, 0.0, 0.573576, -5e-06, 0.573576, 0.0, -0.819152, 2.569345, 0.0, 1.0, 0.0, 0.679546, 0.0, 0.0, 0.0, 1.0],
                [0.819152, 0.0, 0.573576, -5e-06, 0.573576, 0.0, -0.819152, 2.57021, 0.0, 1.0, 0.0, 0.679546, 0.0, 0.0, 0.0, 1.0],
                [0.819152, 0.0, 0.573576, -5e-06, 0.573576, 0.0, -0.819152, 2.571321, 0.0, 1.0, 0.0, 0.679546, 0.0, 0.0, 0.0, 1.0],
                [0.819152, 0.0, 0.573576, -5e-06, 0.573576, 0.0, -0.819152, 2.572709, 0.0, 1.0, 0.0, 0.679546, 0.0, 0.0, 0.0, 1.0],
                [0.819152, 0.0, 0.573576, -5e-06, 0.573576, 0.0, -0.819152, 2.574404, 0.0, 1.0, 0.0, 0.679546, 0.0, 0.0, 0.0, 1.0],
                [0.819152, 0.0, 0.573576, -5e-06, 0.573576, 0.0, -0.819152, 2.576437, 0.0, 1.0, 0.0, 0.679546, 0.0, 0.0, 0.0, 1.0],
                [0.819152, 0.0, 0.573576, -5e-06, 0.573576, 0.0, -0.819152, 2.578839, 0.0, 1.0, 0.0, 0.679546, 0.0, 0.0, 0.0, 1.0],
                [0.819152, 0.0, 0.573576, -5e-06, 0.573576, 0.0, -0.819152, 2.58164, 0.0, 1.0, 0.0, 0.679546, 0.0, 0.0, 0.0, 1.0],
                [0.819152, 0.0, 0.573576, -5e-06, 0.573576, 0.0, -0.819152, 2.584872, 0.0, 1.0, 0.0, 0.679546, 0.0, 0.0, 0.0, 1.0],
                [0.819152, 0.0, 0.573576, -5e-06, 0.573576, 0.0, -0.819152, 2.588564, 0.0, 1.0, 0.0, 0.679546, 0.0, 0.0, 0.0, 1.0],
                [0.819152, 0.0, 0.573576, -5e-06, 0.573576, 0.0, -0.819152, 2.592748, 0.0, 1.0, 0.0, 0.679546, 0.0, 0.0, 0.0, 1.0],
                [0.819152, 0.0, 0.573576, -5e-06, 0.573576, 0.0, -0.819152, 2.597454, 0.0, 1.0, 0.0, 0.679546, 0.0, 0.0, 0.0, 1.0],
                [0.819152, 0.0, 0.573576, -5e-06, 0.573576, 0.0, -0.819152, 2.602713, 0.0, 1.0, 0.0, 0.679546, 0.0, 0.0, 0.0, 1.0],
                [0.819152, 0.0, 0.573576, -5e-06, 0.573576, 0.0, -0.819152, 2.608556, 0.0, 1.0, 0.0, 0.679546, 0.0, 0.0, 0.0, 1.0],
                [0.819152, 0.0, 0.573576, -5e-06, 0.573576, 0.0, -0.819152, 2.615014, 0.0, 1.0, 0.0, 0.679546, 0.0, 0.0, 0.0, 1.0],
                [0.819152, 0.0, 0.573576, -5e-06, 0.573576, 0.0, -0.819152, 2.622117, 0.0, 1.0, 0.0, 0.679546, 0.0, 0.0, 0.0, 1.0],
                [0.819152, 0.0, 0.573576, -5e-06, 0.573576, 0.0, -0.819152, 2.629896, 0.0, 1.0, 0.0, 0.679546, 0.0, 0.0, 0.0, 1.0],
                [0.819152, 0.0, 0.573576, -5e-06, 0.573576, 0.0, -0.819152, 2.638381, 0.0, 1.0, 0.0, 0.679546, 0.0, 0.0, 0.0, 1.0],
                [0.819152, 0.0, 0.573576, 9e-06, 0.573576, 0.0, -0.819152, 2.649421, 0.0, 1.0, 0.0, 0.680145, 0.0, 0.0, 0.0, 1.0],
                [0.819152, 0.0, 0.573576, 4.9e-05, 0.573576, 0.0, -0.819152, 2.664677, 0.0, 1.0, 0.0, 0.681868, 0.0, 0.0, 0.0, 1.0],
                [0.819152, 0.0, 0.573576, 0.000115, 0.573576, 0.0, -0.819152, 2.683903, 0.0, 1.0, 0.0, 0.684603, 0.0, 0.0, 0.0, 1.0],
                [0.819152, 0.0, 0.573576, 0.000205, 0.573576, 0.0, -0.819152, 2.706851, 0.0, 1.0, 0.0, 0.688236, 0.0, 0.0, 0.0, 1.0],
                [0.819152, 0.0, 0.573576, 0.000319, 0.573576, 0.0, -0.819152, 2.733274, 0.0, 1.0, 0.0, 0.692657, 0.0, 0.0, 0.0, 1.0],
                [0.819152, 0.0, 0.573576, 0.000456, 0.573576, 0.0, -0.819152, 2.762924, 0.0, 1.0, 0.0, 0.697751, 0.0, 0.0, 0.0, 1.0],
                [0.819152, 0.0, 0.573576, 0.000615, 0.573576, 0.0, -0.819152, 2.795556, 0.0, 1.0, 0.0, 0.703408, 0.0, 0.0, 0.0, 1.0],
                [0.819152, 0.0, 0.573576, 0.000795, 0.573576, 0.0, -0.819152, 2.83092, 0.0, 1.0, 0.0, 0.709514, 0.0, 0.0, 0.0, 1.0],
                [0.819152, 0.0, 0.573576, 0.000995, 0.573576, 0.0, -0.819152, 2.868771, 0.0, 1.0, 0.0, 0.715957, 0.0, 0.0, 0.0, 1.0],
                [0.819152, 0.0, 0.573576, 0.001215, 0.573576, 0.0, -0.819152, 2.908861, 0.0, 1.0, 0.0, 0.722625, 0.0, 0.0, 0.0, 1.0],
                [0.819152, 0.0, 0.573576, 0.001453, 0.573576, 0.0, -0.819152, 2.950942, 0.0, 1.0, 0.0, 0.729405, 0.0, 0.0, 0.0, 1.0],
                [0.819152, 0.0, 0.573576, 0.001709, 0.573576, 0.0, -0.819152, 2.994769, 0.0, 1.0, 0.0, 0.736185, 0.0, 0.0, 0.0, 1.0],
                [0.819152, 0.0, 0.573576, 0.001981, 0.573576, 0.0, -0.819152, 3.040092, 0.0, 1.0, 0.0, 0.742853, 0.0, 0.0, 0.0, 1.0],
                [0.819152, 0.0, 0.573576, 0.002269, 0.573576, 0.0, -0.819152, 3.086666, 0.0, 1.0, 0.0, 0.749296, 0.0, 0.0, 0.0, 1.0],
                [0.819152, 0.0, 0.573576, 0.002571, 0.573576, 0.0, -0.819152, 3.134243, 0.0, 1.0, 0.0, 0.755402, 0.0, 0.0, 0.0, 1.0],
                [0.819152, 0.0, 0.573576, 0.002888, 0.573576, 0.0, -0.819152, 3.182576, 0.0, 1.0, 0.0, 0.761059, 0.0, 0.0, 0.0, 1.0],
                [0.819152, 0.0, 0.573576, 0.003217, 0.573576, 0.0, -0.819152, 3.231418, 0.0, 1.0, 0.0, 0.766153, 0.0, 0.0, 0.0, 1.0],
                [0.819152, 0.0, 0.573576, 0.003559, 0.573576, 0.0, -0.819152, 3.280521, 0.0, 1.0, 0.0, 0.770574, 0.0, 0.0, 0.0, 1.0],
                [0.819152, 0.0, 0.573576, 0.003912, 0.573576, 0.0, -0.819152, 3.329638, 0.0, 1.0, 0.0, 0.774207, 0.0, 0.0, 0.0, 1.0],
                [0.819152, 0.0, 0.573576, 0.004275, 0.573576, 0.0, -0.819152, 3.378523, 0.0, 1.0, 0.0, 0.776942, 0.0, 0.0, 0.0, 1.0],
                [0.819152, 0.0, 0.573576, 0.004648, 0.573576, 0.0, -0.819152, 3.426928, 0.0, 1.0, 0.0, 0.778665, 0.0, 0.0, 0.0, 1.0],
                [0.819152, 0.0, 0.573576, 0.005029, 0.573576, 0.0, -0.819152, 3.474605, 0.0, 1.0, 0.0, 0.779265, 0.0, 0.0, 0.0, 1.0],
                [0.819152, 0.0, 0.573576, 0.005418, 0.573576, 0.0, -0.819152, 3.521307, 0.0, 1.0, 0.0, 0.778145, 0.0, 0.0, 0.0, 1.0],
                [0.819152, 0.0, 0.573576, 0.005814, 0.573576, 0.0, -0.819152, 3.566789, 0.0, 1.0, 0.0, 0.77498, 0.0, 0.0, 0.0, 1.0],
                [0.819152, 0.0, 0.573576, 0.006215, 0.573576, 0.0, -0.819152, 3.610801, 0.0, 1.0, 0.0, 0.770062, 0.0, 0.0, 0.0, 1.0],
                [0.819152, 0.0, 0.573576, 0.006621, 0.573576, 0.0, -0.819152, 3.653098, 0.0, 1.0, 0.0, 0.763683, 0.0, 0.0, 0.0, 1.0],
                [0.819152, 0.0, 0.573576, 0.007032, 0.573576, 0.0, -0.819152, 3.693431, 0.0, 1.0, 0.0, 0.756136, 0.0, 0.0, 0.0, 1.0],
                [0.819152, 0.0, 0.573576, 0.007445, 0.573576, 0.0, -0.819152, 3.731554, 0.0, 1.0, 0.0, 0.747713, 0.0, 0.0, 0.0, 1.0],
                [0.819152, 0.0, 0.573576, 0.007861, 0.573576, 0.0, -0.819152, 3.767219, 0.0, 1.0, 0.0, 0.738705, 0.0, 0.0, 0.0, 1.0],
                [0.819152, 0.0, 0.573576, 0.008278, 0.573576, 0.0, -0.819152, 3.800179, 0.0, 1.0, 0.0, 0.729405, 0.0, 0.0, 0.0, 1.0],
                [0.819152, 0.0, 0.573576, 0.008696, 0.573576, 0.0, -0.819152, 3.830188, 0.0, 1.0, 0.0, 0.720105, 0.0, 0.0, 0.0, 1.0],
                [0.819152, 0.0, 0.573576, 0.009113, 0.573576, 0.0, -0.819152, 3.856997, 0.0, 1.0, 0.0, 0.711097, 0.0, 0.0, 0.0, 1.0],
                [0.819152, 0.0, 0.573576, 0.009529, 0.573576, 0.0, -0.819152, 3.88036, 0.0, 1.0, 0.0, 0.702674, 0.0, 0.0, 0.0, 1.0],
                [0.819152, 0.0, 0.573576, 0.009942, 0.573576, 0.0, -0.819152, 3.90003, 0.0, 1.0, 0.0, 0.695127, 0.0, 0.0, 0.0, 1.0],
                [0.819152, 0.0, 0.573576, 0.010353, 0.573576, 0.0, -0.819152, 3.915758, 0.0, 1.0, 0.0, 0.688748, 0.0, 0.0, 0.0, 1.0],
                [0.819152, 0.0, 0.573576, 0.010759, 0.573576, 0.0, -0.819152, 3.927299, 0.0, 1.0, 0.0, 0.68383, 0.0, 0.0, 0.0, 1.0],
                [0.819152, 0.0, 0.573576, 0.011161, 0.573576, 0.0, -0.819152, 3.934405, 0.0, 1.0, 0.0, 0.680665, 0.0, 0.0, 0.0, 1.0],
                [0.819152, 0.0, 0.573576, 0.011556, 0.573576, 0.0, -0.819152, 3.936829, 0.0, 1.0, 0.0, 0.679546, 0.0, 0.0, 0.0, 1.0],
                [0.819152, 0.0, 0.573576, 0.011945, 0.573576, 0.0, -0.819152, 3.935153, 0.0, 1.0, 0.0, 0.679692, 0.0, 0.0, 0.0, 1.0],
                [0.819152, 0.0, 0.573576, 0.012326, 0.573576, 0.0, -0.819152, 3.930328, 0.0, 1.0, 0.0, 0.680114, 0.0, 0.0, 0.0, 1.0],
                [0.819152, 0.0, 0.573576, 0.012699, 0.573576, 0.0, -0.819152, 3.922653, 0.0, 1.0, 0.0, 0.680785, 0.0, 0.0, 0.0, 1.0],
                [0.819152, 0.0, 0.573576, 0.013062, 0.573576, 0.0, -0.819152, 3.912427, 0.0, 1.0, 0.0, 0.681679, 0.0, 0.0, 0.0, 1.0],
                [0.819152, 0.0, 0.573576, 0.013415, 0.573576, 0.0, -0.819152, 3.899952, 0.0, 1.0, 0.0, 0.68277, 0.0, 0.0, 0.0, 1.0],
                [0.819152, 0.0, 0.573576, 0.013757, 0.573576, 0.0, -0.819152, 3.885526, 0.0, 1.0, 0.0, 0.684032, 0.0, 0.0, 0.0, 1.0],
                [0.819152, 0.0, 0.573576, 0.014086, 0.573576, 0.0, -0.819152, 3.86945, 0.0, 1.0, 0.0, 0.685438, 0.0, 0.0, 0.0, 1.0],
                [0.819152, 0.0, 0.573576, 0.014403, 0.573576, 0.0, -0.819152, 3.852025, 0.0, 1.0, 0.0, 0.686962, 0.0, 0.0, 0.0, 1.0],
                [0.819152, 0.0, 0.573576, 0.014706, 0.573576, 0.0, -0.819152, 3.833548, 0.0, 1.0, 0.0, 0.688577, 0.0, 0.0, 0.0, 1.0],
                [0.819152, 0.0, 0.573576, 0.014993, 0.573576, 0.0, -0.819152, 3.814322, 0.0, 1.0, 0.0, 0.690259, 0.0, 0.0, 0.0, 1.0],
                [0.819152, 0.0, 0.573576, 0.015266, 0.573576, 0.0, -0.819152, 3.794647, 0.0, 1.0, 0.0, 0.691979, 0.0, 0.0, 0.0, 1.0],
                [0.819152, 0.0, 0.573576, 0.015521, 0.573576, 0.0, -0.819152, 3.77482, 0.0, 1.0, 0.0, 0.693713, 0.0, 0.0, 0.0, 1.0],
                [0.819152, 0.0, 0.573576, 0.015759, 0.573576, 0.0, -0.819152, 3.755144, 0.0, 1.0, 0.0, 0.695434, 0.0, 0.0, 0.0, 1.0],
                [0.819152, 0.0, 0.573576, 0.015979, 0.573576, 0.0, -0.819152, 3.735919, 0.0, 1.0, 0.0, 0.697115, 0.0, 0.0, 0.0, 1.0],
                [0.819152, 0.0, 0.573576, 0.016179, 0.573576, 0.0, -0.819152, 3.717443, 0.0, 1.0, 0.0, 0.698731, 0.0, 0.0, 0.0, 1.0],
                [0.819152, 0.0, 0.573576, 0.016359, 0.573576, 0.0, -0.819152, 3.700016, 0.0, 1.0, 0.0, 0.700255, 0.0, 0.0, 0.0, 1.0],
                [0.819152, 0.0, 0.573576, 0.016518, 0.573576, 0.0, -0.819152, 3.683941, 0.0, 1.0, 0.0, 0.70166, 0.0, 0.0, 0.0, 1.0],
                [0.819152, 0.0, 0.573576, 0.016655, 0.573576, 0.0, -0.819152, 3.669515, 0.0, 1.0, 0.0, 0.702922, 0.0, 0.0, 0.0, 1.0],
                [0.819152, 0.0, 0.573576, 0.016769, 0.573576, 0.0, -0.819152, 3.65704, 0.0, 1.0, 0.0, 0.704013, 0.0, 0.0, 0.0, 1.0],
                [0.819152, 0.0, 0.573576, 0.01686, 0.573576, 0.0, -0.819152, 3.646814, 0.0, 1.0, 0.0, 0.704907, 0.0, 0.0, 0.0, 1.0],
                [0.819152, 0.0, 0.573576, 0.016925, 0.573576, 0.0, -0.819152, 3.639138, 0.0, 1.0, 0.0, 0.705578, 0.0, 0.0, 0.0, 1.0],
                [0.819152, 0.0, 0.573576, 0.016965, 0.573576, 0.0, -0.819152, 3.634313, 0.0, 1.0, 0.0, 0.706, 0.0, 0.0, 0.0, 1.0],
                [0.819152, 0.0, 0.573576, 0.016979, 0.573576, 0.0, -0.819152, 3.632638, 0.0, 1.0, 0.0, 0.706147, 0.0, 0.0, 0.0, 1.0],
                [0.819152, 0.0, 0.573576, 0.016979, 0.573576, 0.0, -0.819152, 3.632638, 0.0, 1.0, 0.0, 0.706147, 0.0, 0.0, 0.0, 1.0]
            ]
        },
        {
            "name": "Thigh_R",
            "time": [0.0, 0.0167, 0.0333, 0.05, 0.0667, 0.0833, 0.1, 0.1167, 0.1333, 0.15, 0.1667, 0.1833, 0.2, 0.2167, 0.2333, 0.25, 0.2667, 0.2833, 0.3, 0.3167, 0.3333, 0.35, 0.3667, 0.3833, 0.4, 0.4167, 0.4333, 0.45, 0.4667, 0.4833, 0.5, 0.5167, 0.5333, 0.55, 0.5667, 0.5833, 0.6, 0.6167, 0.6333, 0.65, 0.6667, 0.6833, 0.7, 0.7167, 0.7333, 0.75, 0.7667, 0.7833, 0.8, 0.8167, 0.8333, 0.85, 0.8667, 0.8833, 0.9, 0.9167, 0.9333, 0.95, 0.9667, 0.9833, 1.0, 1.0167, 1.0333, 1.05, 1.0667, 1.0833, 1.1, 1.1167, 1.1333, 1.15, 1.1667, 1.1833, 1.2, 1.2167, 1.2333, 1.25, 1.2667, 1.2833, 1.3, 1.3167, 1.3333, 1.35, 1.3667, 1.3833, 1.4, 1.4167, 1.4333, 1.45, 1.4667, 1.4833, 1.5, 1.5167, 1.5333, 1.55, 1.5667, 1.5833, 1.6, 1.6167, 1.6333, 1.65, 1.6667, 1.6833, 1.7, 1.7167, 1.7333, 1.75, 1.7667, 1.7833, 1.8, 1.8167, 1.8333, 1.85, 1.8667, 1.8833, 1.9, 1.9167, 1.9333, 1.95, 1.9667, 1.9833, 2.0, 2.0167, 2.0333, 2.05, 2.0667, 2.0833, 2.1, 2.1167, 2.1333, 2.15, 2.1667, 2.1833, 2.2, 2.2167, 2.2333, 2.25, 2.2667, 2.2833, 2.3, 2.3167, 2.3333, 2.35, 2.3667, 2.3833, 2.4, 2.4167, 2.4333, 2.45, 2.4667, 2.4833, 2.5, 2.5167, 2.5333, 2.55, 2.5667, 2.5833, 2.6, 2.6167, 2.6333, 2.65, 2.6667, 2.6833, 2.7, 2.7167, 2.7333, 2.75, 2.7667, 2.7833, 2.8, 2.8167, 2.8333, 2.85, 2.8667, 2.8833, 2.9, 2.9167, 2.9333, 2.95, 2.9667, 2.9833, 3.0, 3.0167, 3.0333, 3.05, 3.0667],
            "transform": [
                [0.659418, 0.578224, 0.480443, 0.124994, 0.067997, -0.682331, 0.727874, -0.002831, 0.748695, -0.447305, -0.489259, -1.2e-05, 0.0, 0.0, 0.0, 1.0],
                [0.659418, 0.578224, 0.480443, 0.124994, 0.067997, -0.682331, 0.727874, -0.002831, 0.748695, -0.447305, -0.489259, -1.2e-05, 0.0, 0.0, 0.0, 1.0],
                [0.659418, 0.578224, 0.480443, 0.124994, 0.067997, -0.682331, 0.727874, -0.002831, 0.748695, -0.447305, -0.489259, -1.2e-05, 0.0, 0.0, 0.0, 1.0],
                [0.659418, 0.578224, 0.480443, 0.124994, 0.067997, -0.682331, 0.727874, -0.002831, 0.748695, -0.447305, -0.489259, -1.2e-05, 0.0, 0.0, 0.0, 1.0],
                [0.659418, 0.578224, 0.480443, 0.124994, 0.067997, -0.682331, 0.727874, -0.002831, 0.748695, -0.447305, -0.489259, -1.2e-05, 0.0, 0.0, 0.0, 1.0],
                [0.659418, 0.578224, 0.480443, 0.124994, 0.067997, -0.682331, 0.727874, -0.002831, 0.748695, -0.447305, -0.489259, -1.2e-05, 0.0, 0.0, 0.0, 1.0],
                [0.659418, 0.578224, 0.480443, 0.124994, 0.067997, -0.682331, 0.727874, -0.002831, 0.748695, -0.447305, -0.489259, -1.2e-05, 0.0, 0.0, 0.0, 1.0],
                [0.659418, 0.578224, 0.480443, 0.124994, 0.067997, -0.682331, 0.727874, -0.002831, 0.748695, -0.447305, -0.489259, -1.2e-05, 0.0, 0.0, 0.0, 1.0],
                [0.659418, 0.578224, 0.480443, 0.124994, 0.067997, -0.682331, 0.727874, -0.002831, 0.748695, -0.447305, -0.489259, -1.2e-05, 0.0, 0.0, 0.0, 1.0],
                [0.659418, 0.578224, 0.480443, 0.124994, 0.067997, -0.682331, 0.727874, -0.002831, 0.748695, -0.447305, -0.489259, -1.2e-05, 0.0, 0.0, 0.0, 1.0],
                [0.659418, 0.578224, 0.480443, 0.124994, 0.067997, -0.682331, 0.727874, -0.002831, 0.748695, -0.447305, -0.489259, -1.2e-05, 0.0, 0.0, 0.0, 1.0],
                [0.659418, 0.579632, 0.478743, 0.124994, 0.067997, -0.680191, 0.729874, -0.002831, 0.748695, -0.448739, -0.487943, -1.2e-05, 0.0, 0.0, 0.0, 1.0],
                [0.659418, 0.583526, 0.473989, 0.124994, 0.067997, -0.674202, 0.73541, -0.002831, 0.748695, -0.452713, -0.484259, -1.2e-05, 0.0, 0.0, 0.0, 1.0],
                [0.659418, 0.589389, 0.466679, 0.124994, 0.067997, -0.664983, 0.743756, -0.002831, 0.748695, -0.458714, -0.478578, -1.2e-05, 0.0, 0.0, 0.0, 1.0],
                [0.659418, 0.596691, 0.457304, 0.124994, 0.067997, -0.653144, 0.754174, -0.002831, 0.748695, -0.466221, -0.471268, -1.2e-05, 0.0, 0.0, 0.0, 1.0],
                [0.659418, 0.604913, 0.446371, 0.124994, 0.067997, -0.639313, 0.765934, -0.002831, 0.748695, -0.474719, -0.462707, -1.2e-05, 0.0, 0.0, 0.0, 1.0],
                [0.659418, 0.61356, 0.43441, 0.124994, 0.067997, -0.624154, 0.778337, -0.002831, 0.748695, -0.483711, -0.453299, -1.2e-05, 0.0, 0.0, 0.0, 1.0],
                [0.659418, 0.622171, 0.421984, 0.124994, 0.067997, -0.608376, 0.790731, -0.002831, 0.748695, -0.492729, -0.44348, -1.2e-05, 0.0, 0.0, 0.0, 1.0],
                [0.659418, 0.630336, 0.409689, 0.124994, 0.067997, -0.592735, 0.802522, -0.002831, 0.748695, -0.50134, -0.433721, -1.2e-05, 0.0, 0.0, 0.0, 1.0],
                [0.659418, 0.637686, 0.398151, 0.124994, 0.067997, -0.578035, 0.813174, -0.002831, 0.748695, -0.509149, -0.424527, -1.2e-05, 0.0, 0.0, 0.0, 1.0],
                [0.659418, 0.643899, 0.388023, 0.124994, 0.067997, -0.56511, 0.822209, -0.002831, 0.748695, -0.515795, -0.416427, -1.2e-05, 0.0, 0.0, 0.0, 1.0],
                [0.659418, 0.648686, 0.379966, 0.124994, 0.067997, -0.554817, 0.829189, -0.002831, 0.748695, -0.520946, -0.409965, -1.2e-05, 0.0, 0.0, 0.0, 1.0],
                [0.659418, 0.65177, 0.374651, 0.124994, 0.067997, -0.54802, 0.833696, -0.002831, 0.748695, -0.52428, -0.405693, -1.2e-05, 0.0, 0.0, 0.0, 1.0],
                [0.659418, 0.652867, 0.372736, 0.124994, 0.067997, -0.545571, 0.835302, -0.002831, 0.748695, -0.525468, -0.404152, -1.2e-05, 0.0, 0.0, 0.0, 1.0],
                [0.659418, 0.652865, 0.372739, 0.124994, 0.067997, -0.545575, 0.835299, -0.002831, 0.748695, -0.525466, -0.404155, -1.2e-05, 0.0, 0.0, 0.0, 1.0],
                [0.659418, 0.652853, 0.372762, 0.124994, 0.067997, -0.545604, 0.83528, -0.002831, 0.748695, -0.525452, -0.404173, -1.2e-05, 0.0, 0.0, 0.0, 1.0],
                [0.659418, 0.652817, 0.372824, 0.124994, 0.067997, -0.545683, 0.835228, -0.002831, 0.748695, -0.525414, -0.404223, -1.2e-05, 0.0, 0.0, 0.0, 1.0],
                [0.659418, 0.652749, 0.372944, 0.124994, 0.067997, -0.545836, 0.835128, -0.002831, 0.748695, -0.52534, -0.404319, -1.2e-05, 0.0, 0.0, 0.0, 1.0],
                [0.659418, 0.652636, 0.373142, 0.124994, 0.067997, -0.546089, 0.834963, -0.002831, 0.748695, -0.525217, -0.404478, -1.2e-05, 0.0, 0.0, 0.0, 1.0],
                [0.659418, 0.652467, 0.373437, 0.124994, 0.067997, -0.546467, 0.834715, -0.002831, 0.748695, -0.525034, -0.404716, -1.2e-05, 0.0, 0.0, 0.0, 1.0],
                [0.659418, 0.652231, 0.373849, 0.124994, 0.067997, -0.546994, 0.83437, -0.002831, 0.748695, -0.524778, -0.405047, -1.2e-05, 0.0, 0.0, 0.0, 1.0],
                [0.659418, 0.651916, 0.374397, 0.124994, 0.067997, -0.547695, 0.83391, -0.002831, 0.748695, -0.524438, -0.405489, -1.2e-05, 0.0, 0.0, 0.0, 1.0],
                [0.659418, 0.651512, 0.375101, 0.124994, 0.067997, -0.548595, 0.833318, -0.002831, 0.748695, -0.524, -0.406054, -1.2e-05, 0.0, 0.0, 0.0, 1.0],
                [0.659418, 0.651005, 0.375979, 0.124994, 0.067997, -0.549719, 0.832577, -0.002831, 0.748695, -0.523451, -0.406761, -1.2e-05, 0.0, 0.0, 0.0, 1.0],
                [0.659418, 0.650384, 0.377052, 0.124994, 0.067997, -0.551091, 0.831669, -0.002831, 0.748695, -0.52278, -0.407624, -1.2e-05, 0.0, 0.0, 0.0, 1.0],
                [0.659418, 0.649637, 0.378339, 0.124994, 0.067997, -0.552736, 0.830577, -0.002831, 0.748695, -0.521972, -0.408658, -1.2e-05, 0.0, 0.0, 0.0, 1.0],
                [0.659418, 0.648749, 0.379858, 0.124994, 0.067997, -0.554679, 0.829281, -0.002831, 0.748695, -0.521014, -0.409878, -1.2e-05, 0.0, 0.0, 0.0, 1.0],
                [0.659418, 0.647709, 0.381629, 0.124994, 0.067997, -0.556942, 0.827763, -0.002831, 0.748695, -0.519892, -0.4113, -1.2e-05, 0.0, 0.0, 0.0, 1.0],
                [0.659418, 0.646502, 0.383671, 0.124994, 0.067997, -0.559551, 0.826001, -0.002831, 0.748695, -0.518592, -0.412938, -1.2e-05, 0.0, 0.0, 0.0, 1.0],
                [0.659418, 0.645112, 0.386003, 0.124994, 0.067997, -0.56253, 0.823976, -0.002831, 0.748695, -0.517098, -0.414808, -1.2e-05, 0.0, 0.0, 0.0, 1.0],
                [0.659418, 0.643525, 0.388643, 0.124994, 0.067997, -0.565902, 0.821664, -0.002831, 0.748695, -0.515394, -0.416924, -1.2e-05, 0.0, 0.0, 0.0, 1.0],
                [0.659418, 0.641724, 0.39161, 0.124994, 0.067997, -0.56969, 0.819042, -0.002831, 0.748695, -0.513463, -0.419299, -1.2e-05, 0.0, 0.0, 0.0, 1.0],
                [0.659418, 0.639691, 0.394922, 0.124994, 0.067997, -0.573916, 0.816086, -0.002831, 0.748695, -0.511289, -0.421948, -1.2e-05, 0.0, 0.0, 0.0, 1.0],
                [0.659418, 0.637407, 0.398598, 0.124994, 0.067997, -0.578604, 0.812769, -0.002831, 0.748695, -0.508851, -0.424884, -1.2e-05, 0.0, 0.0, 0.0, 1.0],
                [0.659418, 0.634852, 0.402654, 0.124994, 0.067997, -0.583775, 0.809063, -0.002831, 0.748695, -0.506132, -0.42812, -1.2e-05, 0.0, 0.0, 0.0, 1.0],
                [0.659418, 0.632005, 0.407109, 0.124994, 0.067997, -0.58945, 0.804938, -0.002831, 0.748695, -0.503109, -0.431668, -1.2e-05, 0.0, 0.0, 0.0, 1.0],
                [0.659409, 0.625479, 0.417081, 0.124994, 0.067994, -0.602133, 0.795495, -0.002831, 0.748703, -0.496197, -0.439581, -1.2e-05, 0.0, 0.0, 0.0, 1.0],
                [0.659383, 0.611864, 0.436849, 0.124994, 0.067988, -0.627214, 0.775874, -0.002831, 0.748727, -0.481897, -0.455173, -1.2e-05, 0.0, 0.0, 0.0, 1.0],
                [0.659341, 0.59078, 0.465026, 0.124994, 0.06798, -0.662825, 0.745682, -0.002831, 0.748764, -0.460046, -0.477189, -1.2e-05, 0.0, 0.0, 0.0, 1.0],
                [0.659287, 0.561574, 0.499976, 0.124994, 0.067975, -0.706751, 0.704189, -0.002831, 0.748813, -0.430277, -0.504124, -1.2e-05, 0.0, 0.0, 0.0, 1.0],
                [0.659221, 0.523538, 0.539755, 0.124994, 0.067973, -0.756359, 0.650615, -0.002831, 0.74887, -0.392211, -0.534195, -1.2e-05, 0.0, 0.0, 0.0, 1.0],
                [0.659148, 0.476139, 0.582079, 0.124994, 0.06798, -0.808585, 0.584439, -0.002831, 0.748934, -0.345662, -0.565345, -1.2e-05, 0.0, 0.0, 0.0, 1.0],
                [0.659071, 0.419258, 0.624379, 0.124994, 0.067997, -0.860019, 0.50571, -0.002831, 0.749001, -0.290843, -0.595322, -1.2e-05, 0.0, 0.0, 0.0, 1.0],
                [0.658993, 0.353406, 0.663953, 0.124994, 0.068026, -0.907127, 0.415323, -0.002831, 0.749067, -0.228529, -0.621831, -1.2e-05, 0.0, 0.0, 0.0, 1.0],
                [0.658919, 0.279858, 0.698215, 0.124994, 0.068067, -0.946589, 0.315175, -0.002831, 0.749128, -0.160149, -0.642775, -1.2e-05, 0.0, 0.0, 0.0, 1.0],
                [0.658855, 0.200662, 0.725014, 0.124994, 0.068118, -0.975722, 0.208148, -0.002831, 0.74918, -0.087753, -0.656528, -1.2e-05, 0.0, 0.0, 0.0, 1.0],
                [0.658804, 0.118477, 0.742927, 0.124994, 0.068175, -0.99286, 0.097879, -0.002831, 0.74922, -0.013834, -0.662177, -1.2e-05, 0.0, 0.0, 0.0, 1.0],
                [0.65877, 0.036291, 0.751469, 0.124994, 0.068234, -0.997601, -0.01164, -0.002831, 0.749244, 0.058944, -0.659666, -1.2e-05, 0.0, 0.0, 0.0, 1.0],
                [0.658755, -0.042944, 0.751131, 0.124994, 0.068289, -0.990836, -0.116538, -0.002831, 0.749252, 0.128064, -0.649785, -1.2e-05, 0.0, 0.0, 0.0, 1.0],
                [0.658761, -0.116627, 0.743258, 0.124994, 0.068333, -0.974554, -0.213484, -0.002831, 0.749243, 0.191424, -0.634029, -1.2e-05, 0.0, 0.0, 0.0, 1.0],
                [0.658788, -0.18273, 0.7298, 0.124994, 0.068361, -0.951502, -0.29995, -0.002831, 0.749216, 0.247493, -0.614347, -1.2e-05, 0.0, 0.0, 0.0, 1.0],
                [0.658837, -0.239865, 0.713021, 0.124994, 0.068368, -0.924792, -0.374278, -0.002831, 0.749173, 0.295336, -0.592889, -1.2e-05, 0.0, 0.0, 0.0, 1.0],
                [0.658907, -0.287216, 0.695233, 0.124994, 0.06835, -0.897552, -0.435578, -0.002831, 0.749113, 0.334525, -0.571772, -1.2e-05, 0.0, 0.0, 0.0, 1.0],
                [0.658998, -0.324387, 0.678597, 0.124994, 0.068306, -0.872678, -0.483495, -0.002831, 0.749037, 0.364974, -0.552936, -1.2e-05, 0.0, 0.0, 0.0, 1.0],
                [0.659112, -0.351192, 0.665008, 0.124994, 0.068232, -0.852693, -0.517936, -0.002831, 0.748943, 0.386753, -0.538058, -1.2e-05, 0.0, 0.0, 0.0, 1.0],
                [0.659251, -0.367442, 0.65603, 0.124994, 0.068129, -0.83969, -0.538774, -0.002831, 0.74883, 0.399882, -0.528533, -1.2e-05, 0.0, 0.0, 0.0, 1.0],
                [0.659418, -0.372736, 0.652867, 0.124994, 0.067997, -0.835301, -0.545571, -0.002831, 0.748695, 0.404152, -0.525468, -1.2e-05, 0.0, 0.0, 0.0, 1.0],
                [0.65959, -0.372187, 0.653007, 0.124994, 0.067859, -0.835757, -0.54489, -0.002831, 0.748556, 0.403717, -0.526001, -1.2e-05, 0.0, 0.0, 0.0, 1.0],
                [0.659741, -0.371375, 0.653317, 0.124994, 0.06774, -0.836431, -0.54387, -0.002831, 0.748434, 0.403069, -0.526671, -1.2e-05, 0.0, 0.0, 0.0, 1.0],
                [0.65987, -0.370318, 0.653786, 0.124994, 0.067637, -0.837306, -0.542534, -0.002831, 0.748329, 0.402222, -0.527466, -1.2e-05, 0.0, 0.0, 0.0, 1.0],
                [0.65998, -0.369035, 0.654401, 0.124994, 0.067551, -0.838366, -0.540905, -0.002831, 0.74824, 0.401192, -0.528376, -1.2e-05, 0.0, 0.0, 0.0, 1.0],
                [0.660071, -0.367543, 0.655148, 0.124994, 0.06748, -0.839595, -0.539005, -0.002831, 0.748166, 0.399991, -0.529391, -1.2e-05, 0.0, 0.0, 0.0, 1.0],
                [0.660145, -0.365859, 0.656015, 0.124994, 0.067423, -0.840974, -0.536858, -0.002831, 0.748106, 0.398635, -0.530497, -1.2e-05, 0.0, 0.0, 0.0, 1.0],
                [0.660202, -0.364002, 0.656989, 0.124994, 0.067379, -0.842487, -0.534486, -0.002831, 0.748059, 0.397136, -0.531686, -1.2e-05, 0.0, 0.0, 0.0, 1.0],
                [0.660245, -0.361989, 0.658059, 0.124994, 0.067348, -0.844118, -0.53191, -0.002831, 0.748025, 0.39551, -0.532945, -1.2e-05, 0.0, 0.0, 0.0, 1.0],
                [0.660273, -0.359836, 0.65921, 0.124994, 0.067329, -0.845851, -0.529153, -0.002831, 0.748002, 0.393769, -0.534265, -1.2e-05, 0.0, 0.0, 0.0, 1.0],
                [0.660288, -0.357562, 0.660431, 0.124994, 0.067319, -0.847668, -0.526238, -0.002831, 0.74799, 0.391929, -0.535634, -1.2e-05, 0.0, 0.0, 0.0, 1.0],
                [0.66029, -0.355184, 0.66171, 0.124994, 0.06732, -0.849554, -0.523188, -0.002831, 0.747987, 0.390002, -0.537041, -1.2e-05, 0.0, 0.0, 0.0, 1.0],
                [0.660282, -0.35272, 0.663036, 0.124994, 0.067329, -0.851493, -0.520025, -0.002831, 0.747994, 0.388005, -0.538477, -1.2e-05, 0.0, 0.0, 0.0, 1.0],
                [0.660264, -0.350187, 0.664395, 0.124994, 0.067346, -0.85347, -0.516771, -0.002831, 0.748008, 0.38595, -0.539932, -1.2e-05, 0.0, 0.0, 0.0, 1.0],
                [0.660236, -0.347604, 0.665777, 0.124994, 0.06737, -0.855469, -0.513452, -0.002831, 0.74803, 0.383853, -0.541394, -1.2e-05, 0.0, 0.0, 0.0, 1.0],
                [0.660201, -0.344989, 0.667171, 0.124994, 0.067399, -0.857476, -0.510089, -0.002831, 0.748059, 0.381729, -0.542855, -1.2e-05, 0.0, 0.0, 0.0, 1.0],
                [0.660159, -0.34236, 0.668565, 0.124994, 0.067434, -0.859476, -0.506708, -0.002831, 0.748093, 0.379592, -0.544304, -1.2e-05, 0.0, 0.0, 0.0, 1.0],
