{
    "animation": [
        {
            "name": "Root",
            "time": [0.0, 0.0167, 0.0333, 0.05, 0.0667, 0.0833, 0.1, 0.1167, 0.1333, 0.15, 0.1667, 0.1833, 0.2, 0.2167, 0.2333, 0.25, 0.2667, 0.2833, 0.3, 0.3167, 0.3333, 0.35, 0.3667, 0.3833, 0.4, 0.4167, 0.4333, 0.45, 0.4667, 0.4833, 0.5, 0.5167, 0.5333, 0.55, 0.5667, 0.5833, 0.6, 0.6167, 0.6333, 0.65, 0.6667, 0.6833, 0.7, 0.7167, 0.7333, 0.75, 0.7667, 0.7833, 0.8, 0.8167, 0.8333, 0.85, 0.8667, 0.8833, 0.9, 0.9167, 0.9333, 0.95, 0.9667, 0.9833, 1.0, 1.0167, 1.0333, 1.05, 1.0667, 1.0833, 1.1, 1.1167, 1.1333, 1.15, 1.1667, 1.1833, 1.2, 1.2167, 1.2333, 1.25, 1.2667, 1.2833, 1.3, 1.3167, 1.3333, 1.35, 1.3667, 1.3833, 1.4, 1.4167, 1.4333, 1.45, 1.4667, 1.4833, 1.5, 1.5167, 1.5333, 1.55, 1.5667, 1.5833, 1.6, 1.6167, 1.6333, 1.65, 1.6667, 1.6833, 1.7, 1.7167, 1.7333, 1.75, 1.7667, 1.7833, 1.8, 1.8167, 1.8333, 1.85, 1.8667, 1.8833, 1.9, 1.9167, 1.9333, 1.95, 1.9667, 1.9833, 2.0, 2.0167, 2.0333, 2.05, 2.0667, 2.0833, 2.1, 2.1167, 2.1333, 2.15, 2.1667, 2.1833, 2.2, 2.2167, 2.2333, 2.25, 2.2667, 2.2833, 2.3, 2.3167, 2.3333, 2.35, 2.3667, 2.3833, 2.4, 2.4167, 2.4333, 2.45, 2.4667, 2.4833, 2.5, 2.5167, 2.5333, 2.55, 2.5667, 2.5833, 2.6167],
            "transform": [
                [0.939693, 0.0, 0.34202, -5e-06, 0.34202, 0.0, -0.939693, 0.000946, 0.0, 1.0, 0.0, 0.763972, 0.0, 0.0, 0.0, 1.0],
                [0.941197, 0.0, 0.337858, -5e-06, 0.337858, 0.0, -0.941197, 0.001008, 0.0, 1.0, 0.0, 0.763972, 0.0, 0.0, 0.0, 1.0],
                [0.945334, 0.0, 0.326102, -5e-06, 0.326102, 0.0, -0.945334, 0.001435, 0.0, 1.0, 0.0, 0.763972, 0.0, 0.0, 0.0, 1.0],
                [0.951447, 0.0, 0.307813, -5e-06, 0.307813, 0.0, -0.951447, 0.002596, 0.0, 1.0, 0.0, 0.763972, 0.0, 0.0, 0.0, 1.0],
                [0.958813, 0.0, 0.284039, -5e-06, 0.284039, 0.0, -0.958813, 0.004857, 0.0, 1.0, 0.0, 0.763972, 0.0, 0.0, 0.0, 1.0],
                [0.966715, 0.0, 0.255854, -5e-06, 0.255854, 0.0, -0.966715, 0.008584, 0.0, 1.0, 0.0, 0.763972, 0.0, 0.0, 0.0, 1.0],
                [0.9745, 0.0, 0.224388, -5e-06, 0.224388, 0.0, -0.9745, 0.014144, 0.0, 1.0, 0.0, 0.763972, 0.0, 0.0, 0.0, 1.0],
                [0.981624, 0.0, 0.190827, -5e-06, 0.190827, 0.0, -0.981624, 0.021904, 0.0, 1.0, 0.0, 0.763972, 0.0, 0.0, 0.0, 1.0],
                [0.987691, 0.0, 0.156417, -5e-06, 0.156417, 0.0, -0.987691, 0.03223, 0.0, 1.0, 0.0, 0.763972, 0.0, 0.0, 0.0, 1.0],
                [0.992476, 0.0, 0.122443, -5e-06, 0.122443, 0.0, -0.992476, 0.045488, 0.0, 1.0, 0.0, 0.763972, 0.0, 0.0, 0.0, 1.0],
                [0.995923, 0.0, 0.090212, -5e-06, 0.090212, 0.0, -0.995923, 0.062047, 0.0, 1.0, 0.0, 0.763972, 0.0, 0.0, 0.0, 1.0],
                [0.998136, 0.0, 0.061024, -5e-06, 0.061024, 0.0, -0.998136, 0.082271, 0.0, 1.0, 0.0, 0.763972, 0.0, 0.0, 0.0, 1.0],
                [0.999346, 0.0, 0.036164, -5e-06, 0.036164, 0.0, -0.999346, 0.106528, 0.0, 1.0, 0.0, 0.763972, 0.0, 0.0, 0.0, 1.0],
                [0.999857, 0.0, 0.016887, -5e-06, 0.016887, 0.0, -0.999857, 0.135183, 0.0, 1.0, 0.0, 0.763972, 0.0, 0.0, 0.0, 1.0],
                [0.99999, 0.0, 0.004426, -5e-06, 0.004426, 0.0, -0.99999, 0.168605, 0.0, 1.0, 0.0, 0.763972, 0.0, 0.0, 0.0, 1.0],
                [1.0, 0.0, 0.0, -5e-06, 0.0, 0.0, -1.0, 0.207159, 0.0, 1.0, 0.0, 0.763972, 0.0, 0.0, 0.0, 1.0],
                [1.0, 0.0, 0.0, -5e-06, 0.0, 0.0, -1.0, 0.259495, 0.0, 1.0, 0.0, 0.761978, 0.0, 0.0, 0.0, 1.0],
                [1.0, 0.0, 0.0, -5e-06, 0.0, 0.0, -1.0, 0.332115, 0.0, 1.0, 0.0, 0.756367, 0.0, 0.0, 0.0, 1.0],
                [1.0, 0.0, 0.0, -5e-06, 0.0, 0.0, -1.0, 0.422166, 0.0, 1.0, 0.0, 0.747695, 0.0, 0.0, 0.0, 1.0],
                [1.0, 0.0, 0.0, -5e-06, 0.0, 0.0, -1.0, 0.526796, 0.0, 1.0, 0.0, 0.736516, 0.0, 0.0, 0.0, 1.0],
                [1.0, 0.0, 0.0, -5e-06, 0.0, 0.0, -1.0, 0.643153, 0.0, 1.0, 0.0, 0.723385, 0.0, 0.0, 0.0, 1.0],
                [1.0, 0.0, 0.0, -5e-06, 0.0, 0.0, -1.0, 0.768384, 0.0, 1.0, 0.0, 0.70886, 0.0, 0.0, 0.0, 1.0],
                [1.0, 0.0, 0.0, -5e-06, 0.0, 0.0, -1.0, 0.899636, 0.0, 1.0, 0.0, 0.693493, 0.0, 0.0, 0.0, 1.0],
                [1.0, 0.0, 0.0, -5e-06, 0.0, 0.0, -1.0, 1.034057, 0.0, 1.0, 0.0, 0.677842, 0.0, 0.0, 0.0, 1.0],
                [1.0, 0.0, 0.0, -5e-06, 0.0, 0.0, -1.0, 1.168795, 0.0, 1.0, 0.0, 0.662461, 0.0, 0.0, 0.0, 1.0],
                [1.0, 0.0, 0.0, -5e-06, 0.0, 0.0, -1.0, 1.300997, 0.0, 1.0, 0.0, 0.647905, 0.0, 0.0, 0.0, 1.0],
                [1.0, 0.0, 0.0, -5e-06, 0.0, 0.0, -1.0, 1.42781, 0.0, 1.0, 0.0, 0.63473, 0.0, 0.0, 0.0, 1.0],
                [1.0, 0.0, 0.0, -5e-06, 0.0, 0.0, -1.0, 1.546382, 0.0, 1.0, 0.0, 0.623491, 0.0, 0.0, 0.0, 1.0],
                [1.0, 0.0, 0.0, -5e-06, 0.0, 0.0, -1.0, 1.653861, 0.0, 1.0, 0.0, 0.614744, 0.0, 0.0, 0.0, 1.0],
                [1.0, 0.0, 0.0, -5e-06, 0.0, 0.0, -1.0, 1.747393, 0.0, 1.0, 0.0, 0.609044, 0.0, 0.0, 0.0, 1.0],
                [1.0, 0.0, 0.0, -5e-06, 0.0, 0.0, -1.0, 1.824946, 0.0, 1.0, 0.0, 0.605331, 0.0, 0.0, 0.0, 1.0],
                [1.0, 0.0, 0.0, -5e-06, 0.0, 0.0, -1.0, 1.88776, 0.0, 1.0, 0.0, 0.602147, 0.0, 0.0, 0.0, 1.0],
                [1.0, 0.0, 0.0, -5e-06, 0.0, 0.0, -1.0, 1.937898, 0.0, 1.0, 0.0, 0.599452, 0.0, 0.0, 0.0, 1.0],
                [1.0, 0.0, 0.0, -5e-06, 0.0, 0.0, -1.0, 1.977419, 0.0, 1.0, 0.0, 0.597205, 0.0, 0.0, 0.0, 1.0],
                [1.0, 0.0, 0.0, -5e-06, 0.0, 0.0, -1.0, 2.008385, 0.0, 1.0, 0.0, 0.595365, 0.0, 0.0, 0.0, 1.0],
                [1.0, 0.0, 0.0, -5e-06, 0.0, 0.0, -1.0, 2.032856, 0.0, 1.0, 0.0, 0.593892, 0.0, 0.0, 0.0, 1.0],
                [1.0, 0.0, 0.0, -5e-06, 0.0, 0.0, -1.0, 2.052893, 0.0, 1.0, 0.0, 0.592745, 0.0, 0.0, 0.0, 1.0],
                [1.0, 0.0, 0.0, -5e-06, 0.0, 0.0, -1.0, 2.070557, 0.0, 1.0, 0.0, 0.591883, 0.0, 0.0, 0.0, 1.0],
                [1.0, 0.0, 0.0, -5e-06, 0.0, 0.0, -1.0, 2.087909, 0.0, 1.0, 0.0, 0.591265, 0.0, 0.0, 0.0, 1.0],
                [1.0, 0.0, 0.0, -5e-06, 0.0, 0.0, -1.0, 2.107009, 0.0, 1.0, 0.0, 0.590851, 0.0, 0.0, 0.0, 1.0],
                [1.0, 0.0, 0.0, -5e-06, 0.0, 0.0, -1.0, 2.129919, 0.0, 1.0, 0.0, 0.5906, 0.0, 0.0, 0.0, 1.0],
                [1.0, 0.0, 0.0, -5e-06, 0.0, 0.0, -1.0, 2.158698, 0.0, 1.0, 0.0, 0.590471, 0.0, 0.0, 0.0, 1.0],
                [1.0, 0.0, 0.0, -5e-06, 0.0, 0.0, -1.0, 2.195408, 0.0, 1.0, 0.0, 0.590423, 0.0, 0.0, 0.0, 1.0],
                [1.0, 0.0, 0.0, -5e-06, 0.0, 0.0, -1.0, 2.242111, 0.0, 1.0, 0.0, 0.590416, 0.0, 0.0, 0.0, 1.0],
                [1.0, 0.0, 0.0, -5e-06, 0.0, 0.0, -1.0, 2.30027, 0.0, 1.0, 0.0, 0.594932, 0.0, 0.0, 0.0, 1.0],
                [1.0, 0.0, 0.0, -5e-06, 0.0, 0.0, -1.0, 2.368972, 0.0, 1.0, 0.0, 0.607034, 0.0, 0.0, 0.0, 1.0],
                [1.0, 0.0, 0.0, -5e-06, 0.0, 0.0, -1.0, 2.446706, 0.0, 1.0, 0.0, 0.624554, 0.0, 0.0, 0.0, 1.0],
                [1.0, 0.0, 0.0, -5e-06, 0.0, 0.0, -1.0, 2.531962, 0.0, 1.0, 0.0, 0.645325, 0.0, 0.0, 0.0, 1.0],
                [1.0, 0.0, 0.0, -5e-06, 0.0, 0.0, -1.0, 2.62323, 0.0, 1.0, 0.0, 0.66718, 0.0, 0.0, 0.0, 1.0],
                [1.0, 0.0, 0.0, -5e-06, 0.0, 0.0, -1.0, 2.719001, 0.0, 1.0, 0.0, 0.687952, 0.0, 0.0, 0.0, 1.0],
                [1.0, 0.0, 0.0, -5e-06, 0.0, 0.0, -1.0, 2.817764, 0.0, 1.0, 0.0, 0.705472, 0.0, 0.0, 0.0, 1.0],
                [1.0, 0.0, 0.0, -5e-06, 0.0, 0.0, -1.0, 2.918008, 0.0, 1.0, 0.0, 0.717574, 0.0, 0.0, 0.0, 1.0],
                [1.0, 0.0, 0.0, -5e-06, 0.0, 0.0, -1.0, 3.018224, 0.0, 1.0, 0.0, 0.722089, 0.0, 0.0, 0.0, 1.0],
                [1.0, 0.0, 0.0, -5e-06, 0.0, 0.0, -1.0, 3.116902, 0.0, 1.0, 0.0, 0.718287, 0.0, 0.0, 0.0, 1.0],
                [1.0, 0.0, 0.0, -5e-06, 0.0, 0.0, -1.0, 3.212533, 0.0, 1.0, 0.0, 0.707935, 0.0, 0.0, 0.0, 1.0],
                [1.0, 0.0, 0.0, -5e-06, 0.0, 0.0, -1.0, 3.303604, 0.0, 1.0, 0.0, 0.692615, 0.0, 0.0, 0.0, 1.0],
                [1.0, 0.0, 0.0, -5e-06, 0.0, 0.0, -1.0, 3.388607, 0.0, 1.0, 0.0, 0.673911, 0.0, 0.0, 0.0, 1.0],
                [1.0, 0.0, 0.0, -5e-06, 0.0, 0.0, -1.0, 3.466031, 0.0, 1.0, 0.0, 0.653405, 0.0, 0.0, 0.0, 1.0],
                [1.0, 0.0, 0.0, -5e-06, 0.0, 0.0, -1.0, 3.534368, 0.0, 1.0, 0.0, 0.632679, 0.0, 0.0, 0.0, 1.0],
                [1.0, 0.0, 0.0, -5e-06, 0.0, 0.0, -1.0, 3.592105, 0.0, 1.0, 0.0, 0.613316, 0.0, 0.0, 0.0, 1.0],
                [1.0, 0.0, 0.0, -5e-06, 0.0, 0.0, -1.0, 3.637734, 0.0, 1.0, 0.0, 0.596899, 0.0, 0.0, 0.0, 1.0],
                [1.0, 0.0, 0.0, -5e-06, 0.0, 0.0, -1.0, 3.669744, 0.0, 1.0, 0.0, 0.58501, 0.0, 0.0, 0.0, 1.0],
                [1.0, 0.0, 0.0, -5e-06, 0.0, 0.0, -1.0, 3.686625, 0.0, 1.0, 0.0, 0.579232, 0.0, 0.0, 0.0, 1.0],
                [1.0, 0.0, 0.0, -5e-06, 0.0, 0.0, -1.0, 3.695196, 0.0, 1.0, 0.0, 0.577097, 0.0, 0.0, 0.0, 1.0],
                [1.0, 0.0, 0.0, -5e-06, 0.0, 0.0, -1.0, 3.703291, 0.0, 1.0, 0.0, 0.575081, 0.0, 0.0, 0.0, 1.0],
                [1.0, 0.0, 0.0, -5e-06, 0.0, 0.0, -1.0, 3.710924, 0.0, 1.0, 0.0, 0.57318, 0.0, 0.0, 0.0, 1.0],
                [1.0, 0.0, 0.0, -5e-06, 0.0, 0.0, -1.0, 3.718107, 0.0, 1.0, 0.0, 0.57139, 0.0, 0.0, 0.0, 1.0],
                [1.0, 0.0, 0.0, -5e-06, 0.0, 0.0, -1.0, 3.724856, 0.0, 1.0, 0.0, 0.56971, 0.0, 0.0, 0.0, 1.0],
                [1.0, 0.0, 0.0, -5e-06, 0.0, 0.0, -1.0, 3.731183, 0.0, 1.0, 0.0, 0.568134, 0.0, 0.0, 0.0, 1.0],
                [1.0, 0.0, 0.0, -5e-06, 0.0, 0.0, -1.0, 3.737101, 0.0, 1.0, 0.0, 0.566659, 0.0, 0.0, 0.0, 1.0],
                [1.0, 0.0, 0.0, -5e-06, 0.0, 0.0, -1.0, 3.742626, 0.0, 1.0, 0.0, 0.565284, 0.0, 0.0, 0.0, 1.0],
                [1.0, 0.0, 0.0, -5e-06, 0.0, 0.0, -1.0, 3.747769, 0.0, 1.0, 0.0, 0.564002, 0.0, 0.0, 0.0, 1.0],
                [1.0, 0.0, 0.0, -5e-06, 0.0, 0.0, -1.0, 3.752545, 0.0, 1.0, 0.0, 0.562813, 0.0, 0.0, 0.0, 1.0],
                [1.0, 0.0, 0.0, -5e-06, 0.0, 0.0, -1.0, 3.756968, 0.0, 1.0, 0.0, 0.561711, 0.0, 0.0, 0.0, 1.0],
                [1.0, 0.0, 0.0, -5e-06, 0.0, 0.0, -1.0, 3.761051, 0.0, 1.0, 0.0, 0.560694, 0.0, 0.0, 0.0, 1.0],
                [1.0, 0.0, 0.0, -5e-06, 0.0, 0.0, -1.0, 3.764807, 0.0, 1.0, 0.0, 0.559759, 0.0, 0.0, 0.0, 1.0],
                [1.0, 0.0, 0.0, -5e-06, 0.0, 0.0, -1.0, 3.76825, 0.0, 1.0, 0.0, 0.558901, 0.0, 0.0, 0.0, 1.0],
                [1.0, 0.0, 0.0, -5e-06, 0.0, 0.0, -1.0, 3.771394, 0.0, 1.0, 0.0, 0.558118, 0.0, 0.0, 0.0, 1.0],
                [1.0, 0.0, 0.0, -5e-06, 0.0, 0.0, -1.0, 3.774253, 0.0, 1.0, 0.0, 0.557406, 0.0, 0.0, 0.0, 1.0],
                [1.0, 0.0, 0.0, -5e-06, 0.0, 0.0, -1.0, 3.776839, 0.0, 1.0, 0.0, 0.556762, 0.0, 0.0, 0.0, 1.0],
                [1.0, 0.0, 0.0, -5e-06, 0.0, 0.0, -1.0, 3.779167, 0.0, 1.0, 0.0, 0.556182, 0.0, 0.0, 0.0, 1.0],
                [1.0, 0.0, 0.0, -5e-06, 0.0, 0.0, -1.0, 3.78125, 0.0, 1.0, 0.0, 0.555663, 0.0, 0.0, 0.0, 1.0],
                [1.0, 0.0, 0.0, -5e-06, 0.0, 0.0, -1.0, 3.783103, 0.0, 1.0, 0.0, 0.555202, 0.0, 0.0, 0.0, 1.0],
                [1.0, 0.0, 0.0, -5e-06, 0.0, 0.0, -1.0, 3.784737, 0.0, 1.0, 0.0, 0.554795, 0.0, 0.0, 0.0, 1.0],
                [1.0, 0.0, 0.0, -5e-06, 0.0, 0.0, -1.0, 3.786167, 0.0, 1.0, 0.0, 0.554438, 0.0, 0.0, 0.0, 1.0],
                [1.0, 0.0, 0.0, -5e-06, 0.0, 0.0, -1.0, 3.787407, 0.0, 1.0, 0.0, 0.55413, 0.0, 0.0, 0.0, 1.0],
                [1.0, 0.0, 0.0, -5e-06, 0.0, 0.0, -1.0, 3.78847, 0.0, 1.0, 0.0, 0.553865, 0.0, 0.0, 0.0, 1.0],
                [1.0, 0.0, 0.0, -5e-06, 0.0, 0.0, -1.0, 3.78937, 0.0, 1.0, 0.0, 0.553641, 0.0, 0.0, 0.0, 1.0],
                [1.0, 0.0, 0.0, -5e-06, 0.0, 0.0, -1.0, 3.790121, 0.0, 1.0, 0.0, 0.553454, 0.0, 0.0, 0.0, 1.0],
                [1.0, 0.0, 0.0, -5e-06, 0.0, 0.0, -1.0, 3.790735, 0.0, 1.0, 0.0, 0.553301, 0.0, 0.0, 0.0, 1.0],
                [1.0, 0.0, 0.0, -5e-06, 0.0, 0.0, -1.0, 3.791227, 0.0, 1.0, 0.0, 0.553178, 0.0, 0.0, 0.0, 1.0],
                [1.0, 0.0, 0.0, -5e-06, 0.0, 0.0, -1.0, 3.79161, 0.0, 1.0, 0.0, 0.553083, 0.0, 0.0, 0.0, 1.0],
                [1.0, 0.0, 0.0, -5e-06, 0.0, 0.0, -1.0, 3.791898, 0.0, 1.0, 0.0, 0.553011, 0.0, 0.0, 0.0, 1.0],
                [1.0, 0.0, 0.0, -5e-06, 0.0, 0.0, -1.0, 3.792104, 0.0, 1.0, 0.0, 0.55296, 0.0, 0.0, 0.0, 1.0],
                [1.0, 0.0, 0.0, -5e-06, 0.0, 0.0, -1.0, 3.792242, 0.0, 1.0, 0.0, 0.552925, 0.0, 0.0, 0.0, 1.0],
                [1.0, 0.0, 0.0, -5e-06, 0.0, 0.0, -1.0, 3.792326, 0.0, 1.0, 0.0, 0.552904, 0.0, 0.0, 0.0, 1.0],
                [1.0, 0.0, 0.0, -5e-06, 0.0, 0.0, -1.0, 3.792369, 0.0, 1.0, 0.0, 0.552894, 0.0, 0.0, 0.0, 1.0],
                [1.0, 0.0, 0.0, -5e-06, 0.0, 0.0, -1.0, 3.792385, 0.0, 1.0, 0.0, 0.55289, 0.0, 0.0, 0.0, 1.0],
                [1.0, 0.0, 0.0, -5e-06, 0.0, 0.0, -1.0, 3.792387, 0.0, 1.0, 0.0, 0.552889, 0.0, 0.0, 0.0, 1.0],
                [1.0, 0.0, 0.0, -5e-06, 0.0, 0.0, -1.0, 3.79175, 0.0, 1.0, 0.0, 0.553106, 0.0, 0.0, 0.0, 1.0],
                [1.0, 0.0, 0.0, -5e-06, 0.0, 0.0, -1.0, 3.789878, 0.0, 1.0, 0.0, 0.553742, 0.0, 0.0, 0.0, 1.0],
                [1.0, 0.0, 0.0, -5e-06, 0.0, 0.0, -1.0, 3.786831, 0.0, 1.0, 0.0, 0.554778, 0.0, 0.0, 0.0, 1.0],
                [1.0, 0.0, 0.0, -5e-06, 0.0, 0.0, -1.0, 3.78267, 0.0, 1.0, 0.0, 0.556192, 0.0, 0.0, 0.0, 1.0],
                [1.0, 0.0, 0.0, -5e-06, 0.0, 0.0, -1.0, 3.777454, 0.0, 1.0, 0.0, 0.557965, 0.0, 0.0, 0.0, 1.0],
                [1.0, 0.0, 0.0, -5e-06, 0.0, 0.0, -1.0, 3.771245, 0.0, 1.0, 0.0, 0.560076, 0.0, 0.0, 0.0, 1.0],
                [1.0, 0.0, 0.0, -5e-06, 0.0, 0.0, -1.0, 3.764102, 0.0, 1.0, 0.0, 0.562504, 0.0, 0.0, 0.0, 1.0],
                [1.0, 0.0, 0.0, -5e-06, 0.0, 0.0, -1.0, 3.756086, 0.0, 1.0, 0.0, 0.565229, 0.0, 0.0, 0.0, 1.0],
                [1.0, 0.0, 0.0, -5e-06, 0.0, 0.0, -1.0, 3.747257, 0.0, 1.0, 0.0, 0.56823, 0.0, 0.0, 0.0, 1.0],
                [1.0, 0.0, 0.0, -5e-06, 0.0, 0.0, -1.0, 3.737675, 0.0, 1.0, 0.0, 0.571487, 0.0, 0.0, 0.0, 1.0],
                [1.0, 0.0, 0.0, -5e-06, 0.0, 0.0, -1.0, 3.7274, 0.0, 1.0, 0.0, 0.57498, 0.0, 0.0, 0.0, 1.0],
                [1.0, 0.0, 0.0, -5e-06, 0.0, 0.0, -1.0, 3.716492, 0.0, 1.0, 0.0, 0.578687, 0.0, 0.0, 0.0, 1.0],
                [1.0, 0.0, 0.0, -5e-06, 0.0, 0.0, -1.0, 3.705013, 0.0, 1.0, 0.0, 0.582589, 0.0, 0.0, 0.0, 1.0],
                [1.0, 0.0, 0.0, -5e-06, 0.0, 0.0, -1.0, 3.693021, 0.0, 1.0, 0.0, 0.586666, 0.0, 0.0, 0.0, 1.0],
                [1.0, 0.0, 0.0, -5e-06, 0.0, 0.0, -1.0, 3.680578, 0.0, 1.0, 0.0, 0.590895, 0.0, 0.0, 0.0, 1.0],
                [1.0, 0.0, 0.0, -5e-06, 0.0, 0.0, -1.0, 3.667742, 0.0, 1.0, 0.0, 0.595258, 0.0, 0.0, 0.0, 1.0],
                [1.0, 0.0, 0.0, -5e-06, 0.0, 0.0, -1.0, 3.654576, 0.0, 1.0, 0.0, 0.599733, 0.0, 0.0, 0.0, 1.0],
                [1.0, 0.0, 0.0, -5e-06, 0.0, 0.0, -1.0, 3.641139, 0.0, 1.0, 0.0, 0.604301, 0.0, 0.0, 0.0, 1.0],
                [1.0, 0.0, 0.0, -5e-06, 0.0, 0.0, -1.0, 3.627491, 0.0, 1.0, 0.0, 0.60894, 0.0, 0.0, 0.0, 1.0],
                [1.0, 0.0, 0.0, -5e-06, 0.0, 0.0, -1.0, 3.613692, 0.0, 1.0, 0.0, 0.613631, 0.0, 0.0, 0.0, 1.0],
                [1.0, 0.0, 0.0, -5e-06, 0.0, 0.0, -1.0, 3.599803, 0.0, 1.0, 0.0, 0.618352, 0.0, 0.0, 0.0, 1.0],
                [1.0, 0.0, 0.0, -5e-06, 0.0, 0.0, -1.0, 3.585884, 0.0, 1.0, 0.0, 0.623083, 0.0, 0.0, 0.0, 1.0],
                [1.0, 0.0, 0.0, -5e-06, 0.0, 0.0, -1.0, 3.571995, 0.0, 1.0, 0.0, 0.627804, 0.0, 0.0, 0.0, 1.0],
                [1.0, 0.0, 0.0, -5e-06, 0.0, 0.0, -1.0, 3.558196, 0.0, 1.0, 0.0, 0.632495, 0.0, 0.0, 0.0, 1.0],
                [1.0, 0.0, 0.0, -5e-06, 0.0, 0.0, -1.0, 3.544548, 0.0, 1.0, 0.0, 0.637134, 0.0, 0.0, 0.0, 1.0],
                [1.0, 0.0, 0.0, -5e-06, 0.0, 0.0, -1.0, 3.531111, 0.0, 1.0, 0.0, 0.641701, 0.0, 0.0, 0.0, 1.0],
                [1.0, 0.0, 0.0, -5e-06, 0.0, 0.0, -1.0, 3.517945, 0.0, 1.0, 0.0, 0.646177, 0.0, 0.0, 0.0, 1.0],
                [1.0, 0.0, 0.0, -5e-06, 0.0, 0.0, -1.0, 3.50511, 0.0, 1.0, 0.0, 0.65054, 0.0, 0.0, 0.0, 1.0],
                [1.0, 0.0, 0.0, -5e-06, 0.0, 0.0, -1.0, 3.492666, 0.0, 1.0, 0.0, 0.654769, 0.0, 0.0, 0.0, 1.0],
                [1.0, 0.0, 0.0, -5e-06, 0.0, 0.0, -1.0, 3.480675, 0.0, 1.0, 0.0, 0.658845, 0.0, 0.0, 0.0, 1.0],
                [1.0, 0.0, 0.0, -5e-06, 0.0, 0.0, -1.0, 3.469195, 0.0, 1.0, 0.0, 0.662748, 0.0, 0.0, 0.0, 1.0],
                [1.0, 0.0, 0.0, -5e-06, 0.0, 0.0, -1.0, 3.458287, 0.0, 1.0, 0.0, 0.666455, 0.0, 0.0, 0.0, 1.0],
                [1.0, 0.0, 0.0, -5e-06, 0.0, 0.0, -1.0, 3.448012, 0.0, 1.0, 0.0, 0.669948, 0.0, 0.0, 0.0, 1.0],
                [1.0, 0.0, 0.0, -5e-06, 0.0, 0.0, -1.0, 3.43843, 0.0, 1.0, 0.0, 0.673205, 0.0, 0.0, 0.0, 1.0],
                [1.0, 0.0, 0.0, -5e-06, 0.0, 0.0, -1.0, 3.429601, 0.0, 1.0, 0.0, 0.676206, 0.0, 0.0, 0.0, 1.0],
                [1.0, 0.0, 0.0, -5e-06, 0.0, 0.0, -1.0, 3.421585, 0.0, 1.0, 0.0, 0.678931, 0.0, 0.0, 0.0, 1.0],
                [1.0, 0.0, 0.0, -5e-06, 0.0, 0.0, -1.0, 3.414442, 0.0, 1.0, 0.0, 0.681359, 0.0, 0.0, 0.0, 1.0],
                [1.0, 0.0, 0.0, -5e-06, 0.0, 0.0, -1.0, 3.408233, 0.0, 1.0, 0.0, 0.68347, 0.0, 0.0, 0.0, 1.0],
                [1.0, 0.0, 0.0, -5e-06, 0.0, 0.0, -1.0, 3.403017, 0.0, 1.0, 0.0, 0.685242, 0.0, 0.0, 0.0, 1.0],
                [1.0, 0.0, 0.0, -5e-06, 0.0, 0.0, -1.0, 3.398856, 0.0, 1.0, 0.0, 0.686657, 0.0, 0.0, 0.0, 1.0],
                [1.0, 0.0, 0.0, -5e-06, 0.0, 0.0, -1.0, 3.395809, 0.0, 1.0, 0.0, 0.687692, 0.0, 0.0, 0.0, 1.0],
                [1.0, 0.0, 0.0, -5e-06, 0.0, 0.0, -1.0, 3.393937, 0.0, 1.0, 0.0, 0.688329, 0.0, 0.0, 0.0, 1.0],
                [1.0, 0.0, 0.0, -5e-06, 0.0, 0.0, -1.0, 3.3933, 0.0, 1.0, 0.0, 0.688546, 0.0, 0.0, 0.0, 1.0],
                [1.0, 0.0, 0.0, -5e-06, 0.0, 0.0, -1.0, 3.3933, 0.0, 1.0, 0.0, 0.688546, 0.0, 0.0, 0.0, 1.0],
                [1.0, 0.0, 0.0, -5e-06, 0.0, 0.0, -1.0, 3.3933, 0.0, 1.0, 0.0, 0.688546, 0.0, 0.0, 0.0, 1.0],
                [1.0, 0.0, 0.0, -5e-06, 0.0, 0.0, -1.0, 3.3933, 0.0, 1.0, 0.0, 0.688546, 0.0, 0.0, 0.0, 1.0],
                [1.0, 0.0, 0.0, -5e-06, 0.0, 0.0, -1.0, 3.3933, 0.0, 1.0, 0.0, 0.688546, 0.0, 0.0, 0.0, 1.0],
                [1.0, 0.0, 0.0, -5e-06, 0.0, 0.0, -1.0, 3.3933, 0.0, 1.0, 0.0, 0.688546, 0.0, 0.0, 0.0, 1.0],
                [1.0, 0.0, 0.0, -5e-06, 0.0, 0.0, -1.0, 3.3933, 0.0, 1.0, 0.0, 0.688546, 0.0, 0.0, 0.0, 1.0],
                [1.0, 0.0, 0.0, -5e-06, 0.0, 0.0, -1.0, 3.3933, 0.0, 1.0, 0.0, 0.688546, 0.0, 0.0, 0.0, 1.0],
                [1.0, 0.0, 0.0, -5e-06, 0.0, 0.0, -1.0, 3.3933, 0.0, 1.0, 0.0, 0.688546, 0.0, 0.0, 0.0, 1.0],
                [1.0, 0.0, 0.0, -5e-06, 0.0, 0.0, -1.0, 3.3933, 0.0, 1.0, 0.0, 0.688546, 0.0, 0.0, 0.0, 1.0],
                [1.0, 0.0, 0.0, -5e-06, 0.0, 0.0, -1.0, 3.3933, 0.0, 1.0, 0.0, 0.688546, 0.0, 0.0, 0.0, 1.0],
                [1.0, 0.0, 0.0, -5e-06, 0.0, 0.0, -1.0, 3.3933, 0.0, 1.0, 0.0, 0.688546, 0.0, 0.0, 0.0, 1.0],
                [1.0, 0.0, 0.0, -5e-06, 0.0, 0.0, -1.0, 3.3933, 0.0, 1.0, 0.0, 0.688546, 0.0, 0.0, 0.0, 1.0],
                [1.0, 0.0, 0.0, -5e-06, 0.0, 0.0, -1.0, 3.3933, 0.0, 1.0, 0.0, 0.688546, 0.0, 0.0, 0.0, 1.0],
                [1.0, 0.0, 0.0, -5e-06, 0.0, 0.0, -1.0, 3.3933, 0.0, 1.0, 0.0, 0.688546, 0.0, 0.0, 0.0, 1.0],
                [1.0, 0.0, 0.0, -5e-06, 0.0, 0.0, -1.0, 3.3933, 0.0, 1.0, 0.0, 0.688546, 0.0, 0.0, 0.0, 1.0]
            ]
        },
        {
            "name": "Thigh_R",
            "time": [0.0, 0.0167, 0.0333, 0.05, 0.0667, 0.0833, 0.1, 0.1167, 0.1333, 0.15, 0.1667, 0.1833, 0.2, 0.2167, 0.2333, 0.25, 0.2667, 0.2833, 0.3, 0.3167, 0.3333, 0.35, 0.3667, 0.3833, 0.4, 0.4167, 0.4333, 0.45, 0.4667, 0.4833, 0.5, 0.5167, 0.5333, 0.55, 0.5667, 0.5833, 0.6, 0.6167, 0.6333, 0.65, 0.6667, 0.6833, 0.7, 0.7167, 0.7333, 0.75, 0.7667, 0.7833, 0.8, 0.8167, 0.8333, 0.85, 0.8667, 0.8833, 0.9, 0.9167, 0.9333, 0.95, 0.9667, 0.9833, 1.0, 1.0167, 1.0333, 1.05, 1.0667, 1.0833, 1.1, 1.1167, 1.1333, 1.15, 1.1667, 1.1833, 1.2, 1.2167, 1.2333, 1.25, 1.2667, 1.2833, 1.3, 1.3167, 1.3333, 1.35, 1.3667, 1.3833, 1.4, 1.4167, 1.4333, 1.45, 1.4667, 1.4833, 1.5, 1.5167, 1.5333, 1.55, 1.5667, 1.5833, 1.6, 1.6167, 1.6333, 1.65, 1.6667, 1.6833, 1.7, 1.7167, 1.7333, 1.75, 1.7667, 1.7833, 1.8, 1.8167, 1.8333, 1.85, 1.8667, 1.8833, 1.9, 1.9167, 1.9333, 1.95, 1.9667, 1.9833, 2.0, 2.0167, 2.0333, 2.05, 2.0667, 2.0833, 2.1, 2.1167, 2.1333, 2.15, 2.1667, 2.1833, 2.2, 2.2167, 2.2333, 2.25, 2.2667, 2.2833, 2.3, 2.3167, 2.3333, 2.35, 2.3667, 2.3833, 2.4, 2.4167, 2.4333, 2.45, 2.4667, 2.4833, 2.5, 2.5167, 2.5333, 2.55, 2.5667, 2.5833, 2.6167],
            "transform": [
                [0.984005, 0.176555, 0.023719, 0.124994, 0.074317, -0.52786, 0.846073, -0.002831, 0.161898, -0.830778, -0.532539, -1.2e-05, 0.0, 0.0, 0.0, 1.0],
                [0.984963, 0.171498, 0.020907, 0.124928, 0.074134, -0.528842, 0.845476, -0.002831, 0.156054, -0.831212, -0.533604, -0.000383, 0.0, 0.0, 0.0, 1.0],
                [0.987469, 0.157277, 0.013003, 0.124741, 0.073618, -0.531956, 0.843566, -0.002831, 0.139591, -0.832038, -0.536868, -0.001446, 0.0, 0.0, 0.0, 1.0],
                [0.990801, 0.135328, 0.00076, 0.124446, 0.072761, -0.537437, 0.840159, -0.002831, 0.114105, -0.832375, -0.542339, -0.003122, 0.0, 0.0, 0.0, 1.0],
                [0.99413, 0.107126, -0.015121, 0.124056, 0.071484, -0.5455, 0.835056, -0.002831, 0.081208, -0.831236, -0.549956, -0.005333, 0.0, 0.0, 0.0, 1.0],
                [0.996664, 0.07421, -0.033973, 0.123585, 0.069649, -0.556333, 0.828035, -0.002831, 0.042549, -0.827639, -0.559646, -0.008003, 0.0, 0.0, 0.0, 1.0],
                [0.997748, 0.038176, -0.055152, 0.123047, 0.067075, -0.57009, 0.818839, -0.002831, -0.000182, -0.820695, -0.571367, -0.011052, 0.0, 0.0, 0.0, 1.0],
                [0.996951, 0.000658, -0.078029, 0.122456, 0.063562, -0.586889, 0.807169, -0.002831, -0.045263, -0.809667, -0.585141, -0.014404, 0.0, 0.0, 0.0, 1.0],
                [0.994109, -0.036702, -0.101983, 0.121826, 0.058915, -0.606804, 0.792665, -0.002831, -0.090976, -0.794003, -0.601067, -0.01798, 0.0, 0.0, 0.0, 1.0],
                [0.989342, -0.072297, -0.126392, 0.121169, 0.052966, -0.629872, 0.774891, -0.002831, -0.135633, -0.773327, -0.61933, -0.021702, 0.0, 0.0, 0.0, 1.0],
                [0.983043, -0.104599, -0.150615, 0.120501, 0.045607, -0.656082, 0.75331, -0.002831, -0.177611, -0.747406, -0.640187, -0.025494, 0.0, 0.0, 0.0, 1.0],
                [0.975839, -0.13218, -0.173974, 0.119834, 0.03682, -0.685378, 0.727255, -0.002831, -0.215366, -0.71609, -0.663952, -0.029277, 0.0, 0.0, 0.0, 1.0],
                [0.968537, -0.153732, -0.19571, 0.119182, 0.02671, -0.717643, 0.695898, -0.002831, -0.247432, -0.679231, -0.690958, -0.032973, 0.0, 0.0, 0.0, 1.0],
                [0.96206, -0.168071, -0.214926, 0.118559, 0.015555, -0.75267, 0.658214, -0.002831, -0.272395, -0.636584, -0.721499, -0.036505, 0.0, 0.0, 0.0, 1.0],
                [0.957363, -0.174134, -0.230507, 0.117979, 0.003869, -0.790112, 0.612949, -0.002831, -0.288862, -0.587707, -0.755751, -0.039795, 0.0, 0.0, 0.0, 1.0],
                [0.955343, -0.170981, -0.24101, 0.117456, -0.007516, -0.829397, 0.558609, -0.002831, -0.295405, -0.531851, -0.793644, -0.042764, 0.0, 0.0, 0.0, 1.0],
                [0.957552, -0.159871, -0.239866, 0.116999, -0.021278, -0.869045, 0.494275, -0.002831, -0.287474, -0.46819, -0.835557, -0.045354, 0.0, 0.0, 0.0, 1.0],
                [0.964183, -0.144444, -0.222456, 0.116606, -0.03884, -0.906556, 0.420295, -0.002831, -0.262378, -0.396601, -0.879696, -0.047576, 0.0, 0.0, 0.0, 1.0],
                [0.973463, -0.127447, -0.19007, 0.11627, -0.057146, -0.939635, 0.337373, -0.002831, -0.221594, -0.317559, -0.921983, -0.049457, 0.0, 0.0, 0.0, 1.0],
                [0.983204, -0.111512, -0.144483, 0.115985, -0.07327, -0.966212, 0.247116, -0.002831, -0.167157, -0.232379, -0.958154, -0.051028, 0.0, 0.0, 0.0, 1.0],
                [0.991177, -0.098915, -0.088229, 0.115745, -0.084726, -0.984718, 0.152154, -0.002831, -0.101931, -0.143337, -0.984411, -0.052318, 0.0, 0.0, 0.0, 1.0],
                [0.995519, -0.091298, -0.024641, 0.115544, -0.089808, -0.994383, 0.055997, -0.002831, -0.029615, -0.053533, -0.998127, -0.053356, 0.0, 0.0, 0.0, 1.0],
                [0.995091, -0.089429, 0.042379, 0.115374, -0.087867, -0.99543, -0.03739, -0.002831, 0.04553, 0.033483, -0.998402, -0.05417, 0.0, 0.0, 0.0, 1.0],
                [0.989695, -0.093106, 0.108787, 0.11523, -0.079401, -0.989081, -0.124151, -0.002831, 0.119158, 0.114234, -0.986282, -0.05479, 0.0, 0.0, 0.0, 1.0],
                [0.980078, -0.101251, 0.170868, 0.115105, -0.065917, -0.977359, -0.201059, -0.002831, 0.187357, 0.185791, -0.964562, -0.055245, 0.0, 0.0, 0.0, 1.0],
                [0.967746, -0.112163, 0.225582, 0.114993, -0.049618, -0.962742, -0.265828, -0.002831, 0.246993, 0.246061, -0.937256, -0.055563, 0.0, 0.0, 0.0, 1.0],
                [0.954674, -0.123829, 0.270673, 0.114888, -0.033026, -0.947809, -0.317124, -0.002831, 0.295815, 0.29381, -0.908938, -0.055775, 0.0, 0.0, 0.0, 1.0],
                [0.942997, -0.134217, 0.304537, 0.114782, -0.018645, -0.934939, -0.354317, -0.002831, 0.332279, 0.328442, -0.884147, -0.055909, 0.0, 0.0, 0.0, 1.0],
                [0.934755, -0.141493, 0.325903, 0.114671, -0.008722, -0.926141, -0.377075, -0.002831, 0.355186, 0.34963, -0.86695, -0.055994, 0.0, 0.0, 0.0, 1.0],
                [0.931694, -0.144172, 0.333407, 0.114547, -0.005092, -0.922954, -0.384875, -0.002831, 0.363208, 0.356888, -0.860646, -0.056059, 0.0, 0.0, 0.0, 1.0],
                [0.931951, -0.144196, 0.332678, 0.114404, -0.005566, -0.923102, -0.384514, -0.002831, 0.362541, 0.356497, -0.861089, -0.056134, 0.0, 0.0, 0.0, 1.0],
                [0.932729, -0.144199, 0.330491, 0.114236, -0.007017, -0.923641, -0.383195, -0.002831, 0.360511, 0.355098, -0.862518, -0.056247, 0.0, 0.0, 0.0, 1.0],
                [0.934034, -0.144085, 0.326834, 0.114036, -0.009486, -0.924711, -0.380551, -0.002831, 0.357058, 0.352347, -0.865079, -0.056427, 0.0, 0.0, 0.0, 1.0],
                [0.935868, -0.143766, 0.321686, 0.113799, -0.013007, -0.926447, -0.3762, -0.002831, 0.35211, 0.34789, -0.868902, -0.056704, 0.0, 0.0, 0.0, 1.0],
                [0.938227, -0.143165, 0.315015, 0.113516, -0.01761, -0.928969, -0.369738, -0.002831, 0.345573, 0.341351, -0.874105, -0.057107, 0.0, 0.0, 0.0, 1.0],
                [0.941096, -0.142218, 0.306776, 0.113184, -0.02331, -0.932379, -0.36073, -0.002831, 0.337334, 0.332331, -0.880774, -0.057664, 0.0, 0.0, 0.0, 1.0],
                [0.944457, -0.140878, 0.296909, 0.112794, -0.030105, -0.936748, -0.348707, -0.002831, 0.327254, 0.3204, -0.888959, -0.058405, 0.0, 0.0, 0.0, 1.0],
                [0.948277, -0.13912, 0.285336, 0.112341, -0.037967, -0.942105, -0.33316, -0.002831, 0.315166, 0.305094, -0.898659, -0.059358, 0.0, 0.0, 0.0, 1.0],
                [0.952513, -0.136946, 0.271964, 0.111817, -0.046837, -0.948421, -0.313532, -0.002831, 0.300873, 0.285906, -0.909798, -0.060554, 0.0, 0.0, 0.0, 1.0],
                [0.957107, -0.134389, 0.256682, 0.111218, -0.056609, -0.955586, -0.289223, -0.002831, 0.284151, 0.262287, -0.922206, -0.06202, 0.0, 0.0, 0.0, 1.0],
                [0.96198, -0.131523, 0.239366, 0.110537, -0.067123, -0.963384, -0.259586, -0.002831, 0.264743, 0.23365, -0.935585, -0.063787, 0.0, 0.0, 0.0, 1.0],
                [0.96703, -0.128474, 0.219879, 0.109766, -0.078144, -0.971465, -0.223941, -0.002831, 0.242375, 0.199376, -0.949475, -0.065882, 0.0, 0.0, 0.0, 1.0],
                [0.972128, -0.125423, 0.198083, 0.1089, -0.089347, -0.979306, -0.181597, -0.002831, 0.21676, 0.158837, -0.963216, -0.068336, 0.0, 0.0, 0.0, 1.0],
                [0.977107, -0.122624, 0.173852, 0.107933, -0.100296, -0.986177, -0.131888, -0.002831, 0.187622, 0.111432, -0.9759, -0.071177, 0.0, 0.0, 0.0, 1.0],
                [0.981754, -0.120432, 0.147159, 0.10678, -0.110414, -0.991091, -0.074473, -0.002831, 0.154816, 0.056866, -0.986305, -0.074616, 0.0, 0.0, 0.0, 1.0],
                [0.985778, -0.119342, 0.118319, 0.105387, -0.118981, -0.992845, -0.01014, -0.002831, 0.118682, -0.004082, -0.992924, -0.078773, 0.0, 0.0, 0.0, 1.0],
                [0.988902, -0.119827, 0.087832, 0.103791, -0.125309, -0.990314, 0.059803, -0.002831, 0.079815, -0.070145, -0.994339, -0.083535, 0.0, 0.0, 0.0, 1.0],
                [0.990901, -0.122252, 0.056309, 0.102028, -0.128829, -0.982603, 0.133766, -0.002831, 0.038976, -0.139803, -0.989412, -0.088794, 0.0, 0.0, 0.0, 1.0],
                [0.991621, -0.126847, 0.024449, 0.100137, -0.129149, -0.969145, 0.209946, -0.002831, -0.002936, -0.211344, -0.977407, -0.094436, 0.0, 0.0, 0.0, 1.0],
                [0.991, -0.133681, -0.007003, 0.098154, -0.126095, -0.949769, 0.286423, -0.002831, -0.04494, -0.282962, -0.958078, -0.100353, 0.0, 0.0, 0.0, 1.0],
                [0.98907, -0.142646, -0.037311, 0.096116, -0.119737, -0.924729, 0.361303, -0.002831, -0.086041, -0.352886, -0.931702, -0.106432, 0.0, 0.0, 0.0, 1.0],
                [0.985959, -0.153477, -0.065805, 0.094061, -0.11038, -0.894682, 0.432851, -0.002831, -0.125307, -0.41951, -0.89906, -0.112565, 0.0, 0.0, 0.0, 1.0],
                [0.98187, -0.165777, -0.091921, 0.092025, -0.098533, -0.860625, 0.499615, -0.002831, -0.161934, -0.4815, -0.861356, -0.118638, 0.0, 0.0, 0.0, 1.0],
                [0.977067, -0.179054, -0.115235, 0.090046, -0.08486, -0.823794, 0.560502, -0.002831, -0.19529, -0.537869, -0.820097, -0.124543, 0.0, 0.0, 0.0, 1.0],
                [0.971847, -0.19277, -0.135472, 0.088161, -0.070117, -0.785556, 0.614805, -0.002831, -0.224937, -0.587998, -0.776957, -0.130167, 0.0, 0.0, 0.0, 1.0],
                [0.966516, -0.206379, -0.152496, 0.086407, -0.055092, -0.747308, 0.662189, -0.002831, -0.250624, -0.631615, -0.733655, -0.135402, 0.0, 0.0, 0.0, 1.0],
                [0.961369, -0.219361, -0.166287, 0.084821, -0.040561, -0.710395, 0.702633, -0.002831, -0.27226, -0.668745, -0.691849, -0.140134, 0.0, 0.0, 0.0, 1.0],
                [0.956677, -0.231243, -0.176904, 0.08344, -0.027252, -0.676057, 0.736345, -0.002831, -0.289872, -0.699624, -0.65307, -0.144255, 0.0, 0.0, 0.0, 1.0],
                [0.952682, -0.241611, -0.18445, 0.082301, -0.015826, -0.645405, 0.763676, -0.002831, -0.303557, -0.724621, -0.61869, -0.147653, 0.0, 0.0, 0.0, 1.0],
                [0.949586, -0.250105, -0.189033, 0.081441, -0.006873, -0.619428, 0.785024, -0.002831, -0.313431, -0.744148, -0.589919, -0.150217, 0.0, 0.0, 0.0, 1.0],
                [0.947559, -0.256422, -0.190733, 0.080899, -0.000917, -0.599003, 0.800746, -0.002831, -0.319578, -0.75858, -0.567826, -0.151836, 0.0, 0.0, 0.0, 1.0],
                [0.946736, -0.260303, -0.189563, 0.080709, 0.001575, -0.584932, 0.81108, -0.002831, -0.322008, -0.768177, -0.553367, -0.152401, 0.0, 0.0, 0.0, 1.0],
                [0.946552, -0.262818, -0.186992, 0.080709, 0.002173, -0.574518, 0.818489, -0.002831, -0.322544, -0.775149, -0.54324, -0.152401, 0.0, 0.0, 0.0, 1.0],
                [0.946374, -0.265192, -0.184527, 0.080709, 0.00274, -0.564552, 0.825393, -0.002831, -0.323062, -0.781636, -0.533551, -0.152401, 0.0, 0.0, 0.0, 1.0],
                [0.946201, -0.267431, -0.182166, 0.080709, 0.003273, -0.555031, 0.831823, -0.002831, -0.323564, -0.787668, -0.524295, -0.152401, 0.0, 0.0, 0.0, 1.0],
                [0.946034, -0.269543, -0.179908, 0.080709, 0.003774, -0.545954, 0.837807, -0.002831, -0.324047, -0.793272, -0.515473, -0.152401, 0.0, 0.0, 0.0, 1.0],
                [0.945872, -0.271532, -0.177752, 0.080709, 0.004242, -0.537316, 0.84337, -0.002831, -0.324511, -0.798475, -0.50708, -0.152401, 0.0, 0.0, 0.0, 1.0],
                [0.945718, -0.273404, -0.175695, 0.080709, 0.004677, -0.529112, 0.848539, -0.002831, -0.324956, -0.8033, -0.499112, -0.152401, 0.0, 0.0, 0.0, 1.0],
                [0.94557, -0.275163, -0.173735, 0.080709, 0.005078, -0.521337, 0.853335, -0.002831, -0.325381, -0.80777, -0.491563, -0.152401, 0.0, 0.0, 0.0, 1.0],
                [0.945429, -0.276814, -0.171869, 0.080709, 0.005445, -0.513983, 0.857783, -0.002831, -0.325784, -0.811908, -0.484427, -0.152401, 0.0, 0.0, 0.0, 1.0],
                [0.945295, -0.278361, -0.170094, 0.080709, 0.00578, -0.507043, 0.861901, -0.002831, -0.326165, -0.815734, -0.477696, -0.152401, 0.0, 0.0, 0.0, 1.0],
                [0.94517, -0.279809, -0.168408, 0.080709, 0.00608, -0.500507, 0.865711, -0.002831, -0.326523, -0.819268, -0.471363, -0.152401, 0.0, 0.0, 0.0, 1.0],
                [0.945053, -0.28116, -0.166808, 0.080709, 0.006347, -0.494367, 0.86923, -0.002831, -0.326857, -0.822526, -0.465419, -0.152401, 0.0, 0.0, 0.0, 1.0],
                [0.944944, -0.282418, -0.165289, 0.080709, 0.006579, -0.488614, 0.872475, -0.002831, -0.327165, -0.825528, -0.459855, -0.152401, 0.0, 0.0, 0.0, 1.0],
                [0.944845, -0.283586, -0.163848, 0.080709, 0.006778, -0.483235, 0.875464, -0.002831, -0.327446, -0.828289, -0.454661, -0.152401, 0.0, 0.0, 0.0, 1.0],
                [0.944757, -0.284666, -0.162482, 0.080709, 0.006943, -0.478222, 0.878211, -0.002831, -0.327699, -0.830824, -0.449827, -0.152401, 0.0, 0.0, 0.0, 1.0],
                [0.944678, -0.285662, -0.161186, 0.080709, 0.007074, -0.473563, 0.880731, -0.002831, -0.327923, -0.833148, -0.445344, -0.152401, 0.0, 0.0, 0.0, 1.0],
                [0.94461, -0.286575, -0.159957, 0.080709, 0.00717, -0.469247, 0.883038, -0.002831, -0.328116, -0.835274, -0.441201, -0.152401, 0.0, 0.0, 0.0, 1.0],
                [0.944554, -0.287408, -0.15879, 0.080709, 0.007233, -0.465261, 0.885144, -0.002831, -0.328276, -0.837215, -0.437386, -0.152401, 0.0, 0.0, 0.0, 1.0],
                [0.94451, -0.288162, -0.157682, 0.080709, 0.007262, -0.461594, 0.887061, -0.002831, -0.328402, -0.838983, -0.433888, -0.152401, 0.0, 0.0, 0.0, 1.0],
                [0.944478, -0.28884, -0.156627, 0.080709, 0.007257, -0.458234, 0.888802, -0.002831, -0.328493, -0.840591, -0.430696, -0.152401, 0.0, 0.0, 0.0, 1.0],
                [0.94446, -0.289442, -0.155622, 0.080709, 0.007218, -0.455168, 0.890376, -0.002831, -0.328547, -0.842048, -0.427799, -0.152401, 0.0, 0.0, 0.0, 1.0],
                [0.944456, -0.289971, -0.154662, 0.080709, 0.007145, -0.452383, 0.891795, -0.002831, -0.328561, -0.843366, -0.425184, -0.152401, 0.0, 0.0, 0.0, 1.0],
                [0.944466, -0.290428, -0.153742, 0.080709, 0.007039, -0.449867, 0.893067, -0.002831, -0.328535, -0.844554, -0.42284, -0.152401, 0.0, 0.0, 0.0, 1.0],
                [0.94449, -0.290813, -0.152858, 0.080709, 0.006899, -0.447606, 0.894204, -0.002831, -0.328467, -0.845622, -0.420754, -0.152401, 0.0, 0.0, 0.0, 1.0],
                [0.944531, -0.291129, -0.152005, 0.080709, 0.006726, -0.445588, 0.895213, -0.002831, -0.328354, -0.846578, -0.418913, -0.152401, 0.0, 0.0, 0.0, 1.0],
                [0.944587, -0.291376, -0.151178, 0.080709, 0.00652, -0.443799, 0.896102, -0.002831, -0.328195, -0.847433, -0.417307, -0.152401, 0.0, 0.0, 0.0, 1.0],
                [0.944661, -0.291555, -0.150372, 0.080709, 0.006281, -0.442225, 0.896882, -0.002831, -0.327988, -0.848194, -0.415921, -0.152401, 0.0, 0.0, 0.0, 1.0],
                [0.944752, -0.291666, -0.149583, 0.080709, 0.00601, -0.440853, 0.897559, -0.002831, -0.327732, -0.848869, -0.414744, -0.152401, 0.0, 0.0, 0.0, 1.0],
                [0.94486, -0.291712, -0.148805, 0.080709, 0.005706, -0.43967, 0.898141, -0.002831, -0.327424, -0.849467, -0.413762, -0.152401, 0.0, 0.0, 0.0, 1.0],
                [0.944988, -0.291692, -0.148034, 0.080709, 0.00537, -0.438661, 0.898636, -0.002831, -0.327062, -0.849995, -0.412963, -0.152401, 0.0, 0.0, 0.0, 1.0],
                [0.945134, -0.291608, -0.147264, 0.080709, 0.005002, -0.437812, 0.899052, -0.002831, -0.326645, -0.850462, -0.412333, -0.152401, 0.0, 0.0, 0.0, 1.0],
                [0.9453, -0.29146, -0.14649, 0.080709, 0.004604, -0.437112, 0.899395, -0.002831, -0.32617, -0.850873, -0.41186, -0.152401, 0.0, 0.0, 0.0, 1.0],
                [0.945486, -0.291249, -0.145707, 0.080709, 0.004174, -0.436543, 0.899673, -0.002831, -0.325636, -0.851237, -0.41153, -0.152401, 0.0, 0.0, 0.0, 1.0],
                [0.945693, -0.290975, -0.14491, 0.080709, 0.003713, -0.436094, 0.899893, -0.002831, -0.325041, -0.851561, -0.41133, -0.152401, 0.0, 0.0, 0.0, 1.0],
                [0.945921, -0.290639, -0.144095, 0.080709, 0.003223, -0.43575, 0.900062, -0.002831, -0.324382, -0.851852, -0.411248, -0.152401, 0.0, 0.0, 0.0, 1.0],
                [0.94617, -0.290241, -0.143255, 0.080709, 0.002703, -0.435496, 0.900186, -0.002831, -0.323658, -0.852117, -0.411269, -0.152401, 0.0, 0.0, 0.0, 1.0],
                [0.946442, -0.289784, -0.142385, 0.080709, 0.002153, -0.435318, 0.900274, -0.002831, -0.322868, -0.852363, -0.41138, -0.152401, 0.0, 0.0, 0.0, 1.0],
                [0.946736, -0.289266, -0.141482, 0.080709, 0.001575, -0.435204, 0.90033, -0.002831, -0.322008, -0.852598, -0.411567, -0.152401, 0.0, 0.0, 0.0, 1.0],
                [0.947224, -0.28813, -0.140526, 0.080787, 0.00091, -0.435942, 0.899974, -0.002831, -0.320571, -0.852605, -0.412673, -0.152133, 0.0, 0.0, 0.0, 1.0],
                [0.948064, -0.285856, -0.139504, 0.081015, 0.000112, -0.438281, 0.898838, -0.002831, -0.31808, -0.852172, -0.415486, -0.151348, 0.0, 0.0, 0.0, 1.0],
                [0.949229, -0.282503, -0.138406, 0.081386, -0.000802, -0.442135, 0.896948, -0.002831, -0.314584, -0.851298, -0.419914, -0.150073, 0.0, 0.0, 0.0, 1.0],
                [0.950693, -0.278126, -0.13722, 0.081892, -0.001809, -0.447419, 0.894323, -0.002831, -0.31013, -0.849978, -0.425861, -0.148333, 0.0, 0.0, 0.0, 1.0],
                [0.952424, -0.272783, -0.13593, 0.082525, -0.002882, -0.454044, 0.890975, -0.002831, -0.304761, -0.848194, -0.433229, -0.146155, 0.0, 0.0, 0.0, 1.0],
                [0.954394, -0.266529, -0.134515, 0.083277, -0.003994, -0.461919, 0.886913, -0.002831, -0.298524, -0.845927, -0.441917, -0.143565, 0.0, 0.0, 0.0, 1.0],
                [0.956569, -0.259421, -0.132954, 0.084141, -0.005112, -0.470952, 0.882144, -0.002831, -0.291462, -0.843152, -0.451824, -0.140592, 0.0, 0.0, 0.0, 1.0],
                [0.958916, -0.251516, -0.131224, 0.08511, -0.006205, -0.481047, 0.876672, -0.002831, -0.283622, -0.839841, -0.462845, -0.137259, 0.0, 0.0, 0.0, 1.0],
                [0.961402, -0.242871, -0.129303, 0.086174, -0.00724, -0.492108, 0.870504, -0.002831, -0.275051, -0.835969, -0.474872, -0.133596, 0.0, 0.0, 0.0, 1.0],
                [0.963994, -0.233547, -0.127167, 0.087328, -0.008184, -0.504034, 0.863645, -0.002831, -0.265798, -0.831508, -0.487797, -0.129627, 0.0, 0.0, 0.0, 1.0],
                [0.966658, -0.223605, -0.124795, 0.088562, -0.009005, -0.516725, 0.856104, -0.002831, -0.255914, -0.826435, -0.50151, -0.125379, 0.0, 0.0, 0.0, 1.0],
                [0.96936, -0.213108, -0.122169, 0.089869, -0.009674, -0.530079, 0.847893, -0.002831, -0.245452, -0.820732, -0.5159, -0.12088, 0.0, 0.0, 0.0, 1.0],
                [0.972071, -0.202119, -0.119273, 0.091243, -0.010162, -0.543992, 0.839029, -0.002831, -0.234468, -0.814383, -0.530853, -0.116155, 0.0, 0.0, 0.0, 1.0],
                [0.974758, -0.190707, -0.116094, 0.092674, -0.010443, -0.558359, 0.829533, -0.002831, -0.22302, -0.807382, -0.546257, -0.111231, 0.0, 0.0, 0.0, 1.0],
                [0.977393, -0.178938, -0.112623, 0.094155, -0.010495, -0.573077, 0.819434, -0.002831, -0.21117, -0.799727, -0.562, -0.106134, 0.0, 0.0, 0.0, 1.0],
                [0.979949, -0.166881, -0.108857, 0.095678, -0.010301, -0.588043, 0.808764, -0.002831, -0.19898, -0.791427, -0.577971, -0.100892, 0.0, 0.0, 0.0, 1.0],
                [0.982402, -0.154608, -0.104795, 0.097236, -0.009845, -0.603154, 0.797564, -0.002831, -0.186517, -0.782497, -0.594062, -0.09553, 0.0, 0.0, 0.0, 1.0],
                [0.98473, -0.142187, -0.100443, 0.098821, -0.009119, -0.618311, 0.78588, -0.002831, -0.173847, -0.772964, -0.610167, -0.090075, 0.0, 0.0, 0.0, 1.0],
                [0.986915, -0.12969, -0.095813, 0.100426, -0.008117, -0.633419, 0.773766, -0.002831, -0.16104, -0.762863, -0.626183, -0.084554, 0.0, 0.0, 0.0, 1.0],
                [0.988939, -0.117187, -0.090921, 0.102042, -0.006841, -0.648385, 0.761281, -0.002831, -0.148164, -0.752239, -0.642015, -0.078994, 0.0, 0.0, 0.0, 1.0],
