{
    "armature": {
        "joints": ["Root", "Thigh_R", "Leg_R", "Knee_R", "Thigh_L", "Leg_L", "Knee_L", "Torso", "Chest", "Head", "Shoulder_R", "Arm_R", "Hand_R", "Tool_R", "Elbow_R", "Shoulder_L", "Arm_L", "Hand_L", "Tool_L", "Elbow_L"],
        "hierarchy": [
            {
                "name": "Root",
                "transform": [1.0, 0.0, 0.0, -5e-06, 0.0, 0.0, -1.0, 0.000946, 0.0, 1.0, 0.0, 0.763972, 0.0, 0.0, 0.0, 1.0],
                "children": [
                    {
                        "name": "Thigh_R",
                        "transform": [1.0, -0.0, -0.0, 0.124994, -0.0, -1.0, 0.0, -0.002831, -0.0, -0.0, -1.0, -1.2e-05, 0.0, 0.0, 0.0, 1.0],
                        "children": [
                            {
                                "name": "Leg_R",
                                "transform": [1.0, 0.0, 1e-06, 0.0, -0.0, 1.0, 0.0, 0.37472, -1e-06, -0.0, 1.0, -0.0, 0.0, 0.0, 0.0, 1.0],
                                "children": []
                            },
                            {
                                "name": "Knee_R",
                                "transform": [1.0, 0.0, -0.0, 0.0, -0.0, 0.0, -1.0, 0.37472, -0.0, 1.0, 0.0, -0.0, 0.0, 0.0, 0.0, 1.0],
                                "children": []
                            }
                        ]
                    },
                    {
                        "name": "Thigh_L",
                        "transform": [1.0, -0.0, -0.0, -0.125006, -0.0, -1.0, 0.0, -0.002831, -0.0, -0.0, -1.0, -1.2e-05, 0.0, 0.0, 0.0, 1.0],
                        "children": [
                            {
                                "name": "Leg_L",
                                "transform": [1.0, 0.0, 1e-06, -0.0, -0.0, 1.0, 0.0, 0.37472, -1e-06, -0.0, 1.0, 0.0, 0.0, 0.0, 0.0, 1.0],
                                "children": []
                            },
                            {
                                "name": "Knee_L",
                                "transform": [1.0, 0.0, -0.0, -0.0, -0.0, 0.0, -1.0, 0.37472, -0.0, 1.0, 0.0, 0.0, 0.0, 0.0, 0.0, 1.0],
                                "children": []
                            }
                        ]
                    },
                    {
                        "name": "Torso",
                        "transform": [1.0, 0.0, 0.0, 0.0, 0.0, 1.0, 0.0, 0.05, 0.0, 0.0, 1.0, 0.0, 0.0, 0.0, 0.0, 1.0],
                        "children": [
                            {
                                "name": "Chest",
                                "transform": [1.0, 0.0, 0.0, 0.0, 0.0, 1.0, 0.0, 0.3, 0.0, 0.0, 1.0, 0.0, 0.0, 0.0, 0.0, 1.0],
                                "children": [
                                    {
                                        "name": "Head",
                                        "transform": [1.0, 0.0, 0.0, 0.0, 0.0, 1.0, 0.0, 0.4, 0.0, 0.0, 1.0, 0.0, 0.0, 0.0, 0.0, 1.0],
                                        "children": []
                                    },
                                    {
                                        "name": "Shoulder_R",
                                        "transform": [0.0, 0.952114, 0.305743, 0.0, 0.0, -0.305743, 0.952114, 0.4, 1.0, 0.0, -0.0, 0.0, 0.0, 0.0, 0.0, 1.0],
                                        "children": [
                                            {
                                                "name": "Arm_R",
                                                "transform": [0.0, -0.0, -1.0, -0.0, 0.952114, 0.305743, 0.0, 0.39386, 0.305743, -0.952114, 0.0, 0.0, 0.0, 0.0, 0.0, 1.0],
                                                "children": [
                                                    {
                                                        "name": "Hand_R",
                                                        "transform": [1.0, 0.0, 0.0, 0.0, -0.0, 0.993938, 0.109947, 0.3, -0.0, -0.109947, 0.993937, 0.0, 0.0, 0.0, 0.0, 1.0],
                                                        "children": [
                                                            {
                                                                "name": "Tool_R",
                                                                "transform": [1.0, 0.0, 0.0, -0.0, 0.0, -0.999836, 0.018122, 0.272858, 0.0, -0.018122, -0.999836, 0.0, 0.0, 0.0, 0.0, 1.0],
                                                                "children": []
                                                            }
                                                        ]
                                                    },
                                                    {
                                                        "name": "Elbow_R",
                                                        "transform": [-1.0, 0.0, -0.0, 0.0, 0.0, 0.0, -1.0, 0.3, -0.0, -1.0, -0.0, 0.0, 0.0, 0.0, 0.0, 1.0],
                                                        "children": []
                                                    }
                                                ]
                                            }
                                        ]
                                    },
                                    {
                                        "name": "Shoulder_L",
                                        "transform": [-0.0, -0.952114, -0.305743, 0.0, 0.0, -0.305743, 0.952114, 0.4, -1.0, 0.0, 0.0, 0.0, 0.0, 0.0, 0.0, 1.0],
                                        "children": [
                                            {
                                                "name": "Arm_L",
                                                "transform": [-0.0, -0.0, 1.0, -0.0, -0.952114, 0.305743, -0.0, 0.39386, -0.305743, -0.952114, -0.0, 0.0, 0.0, 0.0, 0.0, 1.0],
                                                "children": [
                                                    {
                                                        "name": "Hand_L",
                                                        "transform": [1.0, -0.0, 0.0, -0.0, 0.0, 0.993937, 0.109947, 0.3, -0.0, -0.109947, 0.993937, 0.0, 0.0, 0.0, 0.0, 1.0],
                                                        "children": [
                                                            {
                                                                "name": "Tool_L",
                                                                "transform": [1.0, 0.0, 0.0, -0.0, -0.0, -0.999836, 0.018122, 0.272858, 0.0, -0.018122, -0.999836, -0.0, 0.0, 0.0, 0.0, 1.0],
                                                                "children": []
                                                            }
                                                        ]
                                                    },
                                                    {
                                                        "name": "Elbow_L",
                                                        "transform": [-1.0, 0.0, -0.0, -0.0, 0.0, -0.0, -1.0, 0.3, -0.0, -1.0, 0.0, 0.0, 0.0, 0.0, 0.0, 1.0],
                                                        "children": []
                                                    }
                                                ]
                                            }
                                        ]
                                    }
                                ]
                            }
                        ]
                    }
                ]
            }
        ]
    },
    "animation": [
        {
            "name": "Root",
            "time": [0.0, 0.0167, 0.0333, 0.05, 0.0667, 0.0833, 0.1, 0.1167, 0.1333, 0.15, 0.1667, 0.1833, 0.2, 0.2167, 0.2333, 0.25, 0.2667, 0.2833, 0.3, 0.3167, 0.3333, 0.35, 0.3667, 0.3833, 0.4, 0.4167, 0.4333, 0.45, 0.4667, 0.4833, 0.5, 0.5167, 0.5333, 0.55, 0.5667, 0.5833, 0.6, 0.6167, 0.6333, 0.65, 0.6667, 0.6833, 0.7, 0.7167, 0.7333, 0.75, 0.7667, 0.7833, 0.8, 0.8167, 0.8333, 0.85, 0.8667, 0.8833, 0.9, 0.9167, 0.9333, 0.95, 0.9667, 0.9833, 1.0, 1.0167, 1.0333, 1.05, 1.0667, 1.0833, 1.1, 1.1167, 1.1333, 1.15, 1.1667, 1.1833, 1.2, 1.2167, 1.2333, 1.25, 1.2667, 1.2833, 1.3, 1.3167, 1.3333, 1.35, 1.3667, 1.3833, 1.4, 1.4167, 1.4333, 1.45, 1.4667, 1.4833, 1.5, 1.5167, 1.5333, 1.55, 1.5667, 1.5833, 1.6, 1.6167, 1.6333, 1.65, 1.6667, 1.6833, 1.7, 1.7167, 1.7333, 1.75, 1.7667, 1.7833, 1.8, 1.8167, 1.8333, 1.85, 1.8667, 1.8833, 1.9, 1.9167, 1.9333, 1.95, 1.9667, 1.9833, 2.0, 2.0167, 2.0333, 2.05, 2.0667, 2.0833, 2.1, 2.1167, 2.1333, 2.15, 2.1667, 2.1833, 2.2, 2.2167, 2.2333, 2.25, 2.2667, 2.2833, 2.3, 2.3167, 2.3333, 2.35, 2.3667, 2.3833, 2.4, 2.4167, 2.4333, 2.45, 2.4667, 2.4833, 2.5, 2.5167, 2.5333, 2.55, 2.5667, 2.5833, 2.6, 2.6167, 2.6333],
            "transform": [
                [1.0, 0.0, 0.0, -5e-06, 0.0, 0.0, -1.0, -0.002071, 0.0, 1.0, 0.0, 0.688546, 0.0, 0.0, 0.0, 1.0],
                [1.0, 0.0, 0.0, -5e-06, 0.0, 0.0, -1.0, -0.002071, 0.0, 1.0, 0.0, 0.688546, 0.0, 0.0, 0.0, 1.0],
                [1.0, 0.0, 0.0, -5e-06, 0.0, 0.0, -1.0, -0.002071, 0.0, 1.0, 0.0, 0.688546, 0.0, 0.0, 0.0, 1.0],
                [1.0, 0.0, 0.0, -5e-06, 0.0, 0.0, -1.0, -0.002071, 0.0, 1.0, 0.0, 0.688546, 0.0, 0.0, 0.0, 1.0],
                [1.0, 0.0, 0.0, -5e-06, 0.0, 0.0, -1.0, -0.002071, 0.0, 1.0, 0.0, 0.688546, 0.0, 0.0, 0.0, 1.0],
                [1.0, 0.0, 0.0, -5e-06, 0.0, 0.0, -1.0, -0.002071, 0.0, 1.0, 0.0, 0.688546, 0.0, 0.0, 0.0, 1.0],
                [1.0, 0.0, 0.0, -5e-06, 0.0, 0.0, -1.0, -0.002071, 0.0, 1.0, 0.0, 0.688546, 0.0, 0.0, 0.0, 1.0],
                [1.0, 0.0, 0.0, -5e-06, 0.0, 0.0, -1.0, -0.002071, 0.0, 1.0, 0.0, 0.688546, 0.0, 0.0, 0.0, 1.0],
                [1.0, 0.0, 0.0, -5e-06, 0.0, 0.0, -1.0, -0.002071, 0.0, 1.0, 0.0, 0.688546, 0.0, 0.0, 0.0, 1.0],
                [1.0, 0.0, 0.0, -5e-06, 0.0, 0.0, -1.0, -0.002071, 0.0, 1.0, 0.0, 0.688546, 0.0, 0.0, 0.0, 1.0],
                [1.0, 0.0, 0.0, -5e-06, 0.0, 0.0, -1.0, -0.002071, 0.0, 1.0, 0.0, 0.688546, 0.0, 0.0, 0.0, 1.0],
                [1.0, 0.0, 0.0, -5e-06, 0.0, 0.0, -1.0, -0.002071, 0.0, 1.0, 0.0, 0.688546, 0.0, 0.0, 0.0, 1.0],
                [1.0, 0.0, 0.0, -5e-06, 0.0, 0.0, -1.0, -0.002071, 0.0, 1.0, 0.0, 0.688546, 0.0, 0.0, 0.0, 1.0],
                [1.0, 0.0, 0.0, -5e-06, 0.0, 0.0, -1.0, -0.002071, 0.0, 1.0, 0.0, 0.688546, 0.0, 0.0, 0.0, 1.0],
                [1.0, 0.0, 0.0, -5e-06, 0.0, 0.0, -1.0, -0.002071, 0.0, 1.0, 0.0, 0.688546, 0.0, 0.0, 0.0, 1.0],
                [1.0, 0.0, 0.0, -5e-06, 0.0, 0.0, -1.0, -0.002071, 0.0, 1.0, 0.0, 0.688546, 0.0, 0.0, 0.0, 1.0],
                [1.0, 0.0, 0.0, -5e-06, 0.0, 0.0, -1.0, -0.002071, 0.0, 1.0, 0.0, 0.688546, 0.0, 0.0, 0.0, 1.0],
                [1.0, 0.0, 0.0, -5e-06, 0.0, 0.0, -1.0, -0.002071, 0.0, 1.0, 0.0, 0.688546, 0.0, 0.0, 0.0, 1.0],
                [1.0, 0.0, 0.0, -5e-06, 0.0, 0.0, -1.0, -0.002071, 0.0, 1.0, 0.0, 0.688546, 0.0, 0.0, 0.0, 1.0],
                [1.0, 0.0, 0.0, -5e-06, 0.0, 0.0, -1.0, -0.002071, 0.0, 1.0, 0.0, 0.688546, 0.0, 0.0, 0.0, 1.0],
                [1.0, 0.0, 0.0, -5e-06, 0.0, 0.0, -1.0, -0.002071, 0.0, 1.0, 0.0, 0.688546, 0.0, 0.0, 0.0, 1.0],
                [1.0, 0.0, 0.0, -5e-06, 0.0, 0.0, -1.0, -0.002071, 0.0, 1.0, 0.0, 0.688546, 0.0, 0.0, 0.0, 1.0],
                [1.0, 0.0, 0.0, -5e-06, 0.0, 0.0, -1.0, -0.002071, 0.0, 1.0, 0.0, 0.688546, 0.0, 0.0, 0.0, 1.0],
                [1.0, 0.0, 0.0, -5e-06, 0.0, 0.0, -1.0, -0.002071, 0.0, 1.0, 0.0, 0.688546, 0.0, 0.0, 0.0, 1.0],
                [1.0, 0.0, 0.0, -5e-06, 0.0, 0.0, -1.0, -0.002071, 0.0, 1.0, 0.0, 0.688546, 0.0, 0.0, 0.0, 1.0],
                [1.0, 0.0, 0.0, -5e-06, 0.0, 0.0, -1.0, -0.002071, 0.0, 1.0, 0.0, 0.688546, 0.0, 0.0, 0.0, 1.0],
                [1.0, 0.0, 0.0, -5e-06, 0.0, 0.0, -1.0, -0.002071, 0.0, 1.0, 0.0, 0.688546, 0.0, 0.0, 0.0, 1.0],
                [1.0, 0.0, 0.0, -5e-06, 0.0, 0.0, -1.0, -0.002071, 0.0, 1.0, 0.0, 0.688546, 0.0, 0.0, 0.0, 1.0],
                [1.0, 0.0, 0.0, -5e-06, 0.0, 0.0, -1.0, -0.002071, 0.0, 1.0, 0.0, 0.688546, 0.0, 0.0, 0.0, 1.0],
                [1.0, 0.0, 0.0, -5e-06, 0.0, 0.0, -1.0, -0.002071, 0.0, 1.0, 0.0, 0.688546, 0.0, 0.0, 0.0, 1.0],
                [1.0, 0.0, 0.0, -5e-06, 0.0, 0.0, -1.0, -0.002071, 0.0, 1.0, 0.0, 0.688546, 0.0, 0.0, 0.0, 1.0],
                [1.0, 0.0, 0.0, -5e-06, 0.0, 0.0, -1.0, -0.002071, 0.0, 1.0, 0.0, 0.688546, 0.0, 0.0, 0.0, 1.0],
                [0.999983, 0.0, 0.005815, -5e-06, 0.005815, 0.0, -0.999983, 0.008887, 0.0, 1.0, 0.0, 0.693455, 0.0, 0.0, 0.0, 1.0],
                [0.999752, 0.0, 0.022272, -5e-06, 0.022272, 0.0, -0.999752, 0.04005, 0.0, 1.0, 0.0, 0.705728, 0.0, 0.0, 0.0, 1.0],
                [0.998852, 0.0, 0.047894, -5e-06, 0.047894, 0.0, -0.998852, 0.088846, 0.0, 1.0, 0.0, 0.721683, 0.0, 0.0, 0.0, 1.0],
                [0.9967, 0.0, 0.08118, -5e-06, 0.08118, 0.0, -0.9967, 0.152708, 0.0, 1.0, 0.0, 0.737637, 0.0, 0.0, 0.0, 1.0],
                [0.992705, 0.0, 0.120573, -5e-06, 0.120573, 0.0, -0.992705, 0.229065, 0.0, 1.0, 0.0, 0.74991, 0.0, 0.0, 0.0, 1.0],
                [0.986387, 0.0, 0.164442, -5e-06, 0.164442, 0.0, -0.986387, 0.315347, 0.0, 1.0, 0.0, 0.75482, 0.0, 0.0, 0.0, 1.0],
                [0.977465, 0.0, 0.211097, -5e-06, 0.211097, 0.0, -0.977465, 0.409088, 0.0, 1.0, 0.0, 0.752964, 0.0, 0.0, 0.0, 1.0],
                [0.965926, 0.0, 0.258819, -5e-06, 0.258819, 0.0, -0.965926, 0.508224, 0.0, 1.0, 0.0, 0.747927, 0.0, 0.0, 0.0, 1.0],
                [0.952058, 0.0, 0.305918, -5e-06, 0.305918, 0.0, -0.952058, 0.610795, 0.0, 1.0, 0.0, 0.740504, 0.0, 0.0, 0.0, 1.0],
                [0.936457, 0.0, 0.350782, -5e-06, 0.350782, 0.0, -0.936457, 0.714841, 0.0, 1.0, 0.0, 0.731491, 0.0, 0.0, 0.0, 1.0],
                [0.919994, 0.0, 0.391933, -5e-06, 0.391933, 0.0, -0.919994, 0.818401, 0.0, 1.0, 0.0, 0.721683, 0.0, 0.0, 0.0, 1.0],
                [0.903757, 0.0, 0.428046, -5e-06, 0.428046, 0.0, -0.903757, 0.919514, 0.0, 1.0, 0.0, 0.711874, 0.0, 0.0, 0.0, 1.0],
                [0.888978, 0.0, 0.457949, -5e-06, 0.457949, 0.0, -0.888978, 1.01622, 0.0, 1.0, 0.0, 0.702861, 0.0, 0.0, 0.0, 1.0],
                [0.876947, 0.0, 0.480588, -5e-06, 0.480588, 0.0, -0.876947, 1.106558, 0.0, 1.0, 0.0, 0.695438, 0.0, 0.0, 0.0, 1.0],
                [0.868919, 0.0, 0.494955, -5e-06, 0.494955, 0.0, -0.868919, 1.188567, 0.0, 1.0, 0.0, 0.690401, 0.0, 0.0, 0.0, 1.0],
                [0.866025, 0.0, 0.5, -5e-06, 0.5, 0.0, -0.866025, 1.260288, 0.0, 1.0, 0.0, 0.688546, 0.0, 0.0, 0.0, 1.0],
                [0.866025, 0.0, 0.5, -5e-06, 0.5, 0.0, -0.866025, 1.320292, 0.0, 1.0, 0.0, 0.688546, 0.0, 0.0, 0.0, 1.0],
                [0.866025, 0.0, 0.5, -5e-06, 0.5, 0.0, -0.866025, 1.369292, 0.0, 1.0, 0.0, 0.688546, 0.0, 0.0, 0.0, 1.0],
                [0.866025, 0.0, 0.5, -5e-06, 0.5, 0.0, -0.866025, 1.40853, 0.0, 1.0, 0.0, 0.688546, 0.0, 0.0, 0.0, 1.0],
                [0.866025, 0.0, 0.5, -5e-06, 0.5, 0.0, -0.866025, 1.439251, 0.0, 1.0, 0.0, 0.688546, 0.0, 0.0, 0.0, 1.0],
                [0.866025, 0.0, 0.5, -5e-06, 0.5, 0.0, -0.866025, 1.462699, 0.0, 1.0, 0.0, 0.688546, 0.0, 0.0, 0.0, 1.0],
                [0.866025, 0.0, 0.5, -5e-06, 0.5, 0.0, -0.866025, 1.480117, 0.0, 1.0, 0.0, 0.688546, 0.0, 0.0, 0.0, 1.0],
                [0.866025, 0.0, 0.5, -5e-06, 0.5, 0.0, -0.866025, 1.492751, 0.0, 1.0, 0.0, 0.688546, 0.0, 0.0, 0.0, 1.0],
                [0.866025, 0.0, 0.5, -5e-06, 0.5, 0.0, -0.866025, 1.501844, 0.0, 1.0, 0.0, 0.688546, 0.0, 0.0, 0.0, 1.0],
                [0.866025, 0.0, 0.5, -5e-06, 0.5, 0.0, -0.866025, 1.508641, 0.0, 1.0, 0.0, 0.688546, 0.0, 0.0, 0.0, 1.0],
                [0.866025, 0.0, 0.5, -5e-06, 0.5, 0.0, -0.866025, 1.514385, 0.0, 1.0, 0.0, 0.688546, 0.0, 0.0, 0.0, 1.0],
                [0.866025, 0.0, 0.5, -5e-06, 0.5, 0.0, -0.866025, 1.520321, 0.0, 1.0, 0.0, 0.688546, 0.0, 0.0, 0.0, 1.0],
                [0.866144, 0.0, 0.499795, -5e-06, 0.499795, 0.0, -0.866144, 1.527856, 0.0, 1.0, 0.0, 0.688537, 0.0, 0.0, 0.0, 1.0],
                [0.866969, 0.0, 0.498362, -5e-06, 0.498362, 0.0, -0.866969, 1.539048, 0.0, 1.0, 0.0, 0.68848, 0.0, 0.0, 0.0, 1.0],
                [0.8692, 0.0, 0.494461, -5e-06, 0.494461, 0.0, -0.8692, 1.556119, 0.0, 1.0, 0.0, 0.688325, 0.0, 0.0, 0.0, 1.0],
                [0.873502, 0.0, 0.486821, -5e-06, 0.486821, 0.0, -0.873502, 1.581291, 0.0, 1.0, 0.0, 0.688023, 0.0, 0.0, 0.0, 1.0],
                [0.88047, 0.0, 0.474103, -5e-06, 0.474103, 0.0, -0.88047, 1.616786, 0.0, 1.0, 0.0, 0.687526, 0.0, 0.0, 0.0, 1.0],
                [0.890569, 0.0, 0.454849, -5e-06, 0.454849, 0.0, -0.890569, 1.664825, 0.0, 1.0, 0.0, 0.686783, 0.0, 0.0, 0.0, 1.0],
                [0.904048, 0.0, 0.427432, -5e-06, 0.427432, 0.0, -0.904048, 1.72763, 0.0, 1.0, 0.0, 0.685746, 0.0, 0.0, 0.0, 1.0],
                [0.920814, 0.0, 0.390003, -5e-06, 0.390003, 0.0, -0.920814, 1.807423, 0.0, 1.0, 0.0, 0.684367, 0.0, 0.0, 0.0, 1.0],
                [0.940257, 0.0, 0.340466, -5e-06, 0.340466, 0.0, -0.940257, 1.906424, 0.0, 1.0, 0.0, 0.682596, 0.0, 0.0, 0.0, 1.0],
                [0.961012, 0.0, 0.276507, -5e-06, 0.276507, 0.0, -0.961012, 2.026857, 0.0, 1.0, 0.0, 0.680385, 0.0, 0.0, 0.0, 1.0],
                [0.981214, 0.0, 0.192923, -5e-06, 0.192923, 0.0, -0.981214, 2.169344, 0.0, 1.0, 0.0, 0.673625, 0.0, 0.0, 0.0, 1.0],
                [0.995971, 0.0, 0.089681, -5e-06, 0.089681, 0.0, -0.995971, 2.328116, 0.0, 1.0, 0.0, 0.659509, 0.0, 0.0, 0.0, 1.0],
                [0.999649, 0.0, -0.026481, -5e-06, -0.026481, 0.0, -0.999649, 2.495804, 0.0, 1.0, 0.0, 0.639938, 0.0, 0.0, 0.0, 1.0],
                [0.989099, 0.0, -0.147251, -5e-06, -0.147251, 0.0, -0.989099, 2.665039, 0.0, 1.0, 0.0, 0.616811, 0.0, 0.0, 0.0, 1.0],
                [0.964577, 0.0, -0.263801, -5e-06, -0.263801, 0.0, -0.964577, 2.828454, 0.0, 1.0, 0.0, 0.592028, 0.0, 0.0, 0.0, 1.0],
                [0.92974, 0.0, -0.368218, -5e-06, -0.368218, 0.0, -0.92974, 2.978679, 0.0, 1.0, 0.0, 0.56749, 0.0, 0.0, 0.0, 1.0],
                [0.890715, 0.0, -0.454562, -5e-06, -0.454562, 0.0, -0.890715, 3.108348, 0.0, 1.0, 0.0, 0.545097, 0.0, 0.0, 0.0, 1.0],
                [0.854731, 0.0, -0.519071, -5e-06, -0.519071, 0.0, -0.854731, 3.210091, 0.0, 1.0, 0.0, 0.52675, 0.0, 0.0, 0.0, 1.0],
                [0.828861, 0.0, -0.559454, -5e-06, -0.559454, 0.0, -0.828861, 3.276541, 0.0, 1.0, 0.0, 0.514348, 0.0, 0.0, 0.0, 1.0],
                [0.819152, 0.0, -0.573576, -5e-06, -0.573576, 0.0, -0.819152, 3.300328, 0.0, 1.0, 0.0, 0.509792, 0.0, 0.0, 0.0, 1.0],
                [0.819152, 0.0, -0.573576, -5e-06, -0.573576, 0.0, -0.819152, 3.300328, 0.0, 1.0, 0.0, 0.509792, 0.0, 0.0, 0.0, 1.0],
                [0.819152, 0.0, -0.573576, -5e-06, -0.573576, 0.0, -0.819152, 3.300328, 0.0, 1.0, 0.0, 0.509792, 0.0, 0.0, 0.0, 1.0],
                [0.819152, 0.0, -0.573576, -5e-06, -0.573576, 0.0, -0.819152, 3.300328, 0.0, 1.0, 0.0, 0.509792, 0.0, 0.0, 0.0, 1.0],
                [0.819152, 0.0, -0.573576, -5e-06, -0.573576, 0.0, -0.819152, 3.300328, 0.0, 1.0, 0.0, 0.509792, 0.0, 0.0, 0.0, 1.0],
                [0.819152, 0.0, -0.573576, -5e-06, -0.573576, 0.0, -0.819152, 3.300328, 0.0, 1.0, 0.0, 0.509792, 0.0, 0.0, 0.0, 1.0],
                [0.819152, 0.0, -0.573576, -5e-06, -0.573576, 0.0, -0.819152, 3.300328, 0.0, 1.0, 0.0, 0.509792, 0.0, 0.0, 0.0, 1.0],
                [0.819152, 0.0, -0.573576, -5e-06, -0.573576, 0.0, -0.819152, 3.300328, 0.0, 1.0, 0.0, 0.509792, 0.0, 0.0, 0.0, 1.0],
                [0.819152, 0.0, -0.573576, -5e-06, -0.573576, 0.0, -0.819152, 3.300328, 0.0, 1.0, 0.0, 0.509792, 0.0, 0.0, 0.0, 1.0],
                [0.819152, 0.0, -0.573576, -5e-06, -0.573576, 0.0, -0.819152, 3.300328, 0.0, 1.0, 0.0, 0.509792, 0.0, 0.0, 0.0, 1.0],
                [0.819152, 0.0, -0.573576, -5e-06, -0.573576, 0.0, -0.819152, 3.300328, 0.0, 1.0, 0.0, 0.509792, 0.0, 0.0, 0.0, 1.0],
                [0.819152, 0.0, -0.573576, -5e-06, -0.573576, 0.0, -0.819152, 3.300328, 0.0, 1.0, 0.0, 0.509792, 0.0, 0.0, 0.0, 1.0],
                [0.819152, 0.0, -0.573576, -5e-06, -0.573576, 0.0, -0.819152, 3.300328, 0.0, 1.0, 0.0, 0.509792, 0.0, 0.0, 0.0, 1.0],
                [0.819152, 0.0, -0.573576, -5e-06, -0.573576, 0.0, -0.819152, 3.300328, 0.0, 1.0, 0.0, 0.509792, 0.0, 0.0, 0.0, 1.0],
                [0.819152, 0.0, -0.573576, -5e-06, -0.573576, 0.0, -0.819152, 3.300328, 0.0, 1.0, 0.0, 0.509792, 0.0, 0.0, 0.0, 1.0],
                [0.819152, 0.0, -0.573576, -5e-06, -0.573576, 0.0, -0.819152, 3.300328, 0.0, 1.0, 0.0, 0.509792, 0.0, 0.0, 0.0, 1.0],
                [0.819152, 0.0, -0.573576, -5e-06, -0.573576, 0.0, -0.819152, 3.300328, 0.0, 1.0, 0.0, 0.509792, 0.0, 0.0, 0.0, 1.0],
                [0.819152, 0.0, -0.573576, -5e-06, -0.573576, 0.0, -0.819152, 3.300328, 0.0, 1.0, 0.0, 0.509792, 0.0, 0.0, 0.0, 1.0],
                [0.819152, 0.0, -0.573576, -5e-06, -0.573576, 0.0, -0.819152, 3.300326, 0.0, 1.0, 0.0, 0.50986, 0.0, 0.0, 0.0, 1.0],
                [0.819152, 0.0, -0.573576, -5e-06, -0.573576, 0.0, -0.819152, 3.300312, 0.0, 1.0, 0.0, 0.510063, 0.0, 0.0, 0.0, 1.0],
                [0.819152, 0.0, -0.573576, -5e-06, -0.573576, 0.0, -0.819152, 3.300274, 0.0, 1.0, 0.0, 0.510395, 0.0, 0.0, 0.0, 1.0],
                [0.819152, 0.0, -0.573576, -5e-06, -0.573576, 0.0, -0.819152, 3.3002, 0.0, 1.0, 0.0, 0.510851, 0.0, 0.0, 0.0, 1.0],
                [0.819152, 0.0, -0.573576, -5e-06, -0.573576, 0.0, -0.819152, 3.300078, 0.0, 1.0, 0.0, 0.511426, 0.0, 0.0, 0.0, 1.0],
                [0.819152, 0.0, -0.573576, -5e-06, -0.573576, 0.0, -0.819152, 3.299896, 0.0, 1.0, 0.0, 0.512116, 0.0, 0.0, 0.0, 1.0],
                [0.819152, 0.0, -0.573576, -5e-06, -0.573576, 0.0, -0.819152, 3.299641, 0.0, 1.0, 0.0, 0.512915, 0.0, 0.0, 0.0, 1.0],
                [0.819152, 0.0, -0.573576, -5e-06, -0.573576, 0.0, -0.819152, 3.299303, 0.0, 1.0, 0.0, 0.513818, 0.0, 0.0, 0.0, 1.0],
                [0.819152, 0.0, -0.573576, -5e-06, -0.573576, 0.0, -0.819152, 3.298869, 0.0, 1.0, 0.0, 0.51482, 0.0, 0.0, 0.0, 1.0],
                [0.819152, 0.0, -0.573576, -5e-06, -0.573576, 0.0, -0.819152, 3.298326, 0.0, 1.0, 0.0, 0.515917, 0.0, 0.0, 0.0, 1.0],
                [0.819152, 0.0, -0.573576, -5e-06, -0.573576, 0.0, -0.819152, 3.297663, 0.0, 1.0, 0.0, 0.517103, 0.0, 0.0, 0.0, 1.0],
                [0.819152, 0.0, -0.573576, -5e-06, -0.573576, 0.0, -0.819152, 3.296869, 0.0, 1.0, 0.0, 0.518374, 0.0, 0.0, 0.0, 1.0],
                [0.819152, 0.0, -0.573576, -5e-06, -0.573576, 0.0, -0.819152, 3.29593, 0.0, 1.0, 0.0, 0.519724, 0.0, 0.0, 0.0, 1.0],
                [0.819152, 0.0, -0.573576, -5e-06, -0.573576, 0.0, -0.819152, 3.294835, 0.0, 1.0, 0.0, 0.521148, 0.0, 0.0, 0.0, 1.0],
                [0.819152, 0.0, -0.573576, -5e-06, -0.573576, 0.0, -0.819152, 3.293572, 0.0, 1.0, 0.0, 0.522642, 0.0, 0.0, 0.0, 1.0],
                [0.819152, 0.0, -0.573576, -5e-06, -0.573576, 0.0, -0.819152, 3.292129, 0.0, 1.0, 0.0, 0.524201, 0.0, 0.0, 0.0, 1.0],
                [0.819152, 0.0, -0.573576, -5e-06, -0.573576, 0.0, -0.819152, 3.290493, 0.0, 1.0, 0.0, 0.525819, 0.0, 0.0, 0.0, 1.0],
                [0.819152, 0.0, -0.573576, -5e-06, -0.573576, 0.0, -0.819152, 3.288654, 0.0, 1.0, 0.0, 0.527492, 0.0, 0.0, 0.0, 1.0],
                [0.819152, 0.0, -0.573576, -5e-06, -0.573576, 0.0, -0.819152, 3.286598, 0.0, 1.0, 0.0, 0.529215, 0.0, 0.0, 0.0, 1.0],
                [0.819152, 0.0, -0.573576, -5e-06, -0.573576, 0.0, -0.819152, 3.284314, 0.0, 1.0, 0.0, 0.530982, 0.0, 0.0, 0.0, 1.0],
                [0.819152, 0.0, -0.573576, -5e-06, -0.573576, 0.0, -0.819152, 3.28179, 0.0, 1.0, 0.0, 0.532789, 0.0, 0.0, 0.0, 1.0],
                [0.819152, 0.0, -0.573576, -5e-06, -0.573576, 0.0, -0.819152, 3.279014, 0.0, 1.0, 0.0, 0.534631, 0.0, 0.0, 0.0, 1.0],
                [0.819152, 0.0, -0.573576, -5e-06, -0.573576, 0.0, -0.819152, 3.275973, 0.0, 1.0, 0.0, 0.536502, 0.0, 0.0, 0.0, 1.0],
                [0.819152, 0.0, -0.573576, -5e-06, -0.573576, 0.0, -0.819152, 3.272656, 0.0, 1.0, 0.0, 0.538399, 0.0, 0.0, 0.0, 1.0],
                [0.819152, 0.0, -0.573576, -5e-06, -0.573576, 0.0, -0.819152, 3.269051, 0.0, 1.0, 0.0, 0.540315, 0.0, 0.0, 0.0, 1.0],
                [0.819152, 0.0, -0.573576, -5e-06, -0.573576, 0.0, -0.819152, 3.265146, 0.0, 1.0, 0.0, 0.542246, 0.0, 0.0, 0.0, 1.0],
                [0.819152, 0.0, -0.573576, -5e-06, -0.573576, 0.0, -0.819152, 3.260928, 0.0, 1.0, 0.0, 0.544187, 0.0, 0.0, 0.0, 1.0],
                [0.819152, 0.0, -0.573576, -5e-06, -0.573576, 0.0, -0.819152, 3.256387, 0.0, 1.0, 0.0, 0.546133, 0.0, 0.0, 0.0, 1.0],
                [0.819152, 0.0, -0.573576, -5e-06, -0.573576, 0.0, -0.819152, 3.251508, 0.0, 1.0, 0.0, 0.548079, 0.0, 0.0, 0.0, 1.0],
                [0.819152, 0.0, -0.573576, -5e-06, -0.573576, 0.0, -0.819152, 3.246282, 0.0, 1.0, 0.0, 0.55002, 0.0, 0.0, 0.0, 1.0],
                [0.819152, 0.0, -0.573576, -5e-06, -0.573576, 0.0, -0.819152, 3.240695, 0.0, 1.0, 0.0, 0.551951, 0.0, 0.0, 0.0, 1.0],
                [0.819152, 0.0, -0.573576, -5e-06, -0.573576, 0.0, -0.819152, 3.234736, 0.0, 1.0, 0.0, 0.553868, 0.0, 0.0, 0.0, 1.0],
                [0.819152, 0.0, -0.573576, -5e-06, -0.573576, 0.0, -0.819152, 3.228393, 0.0, 1.0, 0.0, 0.555764, 0.0, 0.0, 0.0, 1.0],
                [0.819152, 0.0, -0.573576, -5e-06, -0.573576, 0.0, -0.819152, 3.221653, 0.0, 1.0, 0.0, 0.557636, 0.0, 0.0, 0.0, 1.0],
                [0.819152, 0.0, -0.573576, -5e-06, -0.573576, 0.0, -0.819152, 3.214505, 0.0, 1.0, 0.0, 0.559477, 0.0, 0.0, 0.0, 1.0],
                [0.819152, 0.0, -0.573576, -5e-06, -0.573576, 0.0, -0.819152, 3.206937, 0.0, 1.0, 0.0, 0.561284, 0.0, 0.0, 0.0, 1.0],
                [0.819152, 0.0, -0.573576, -5e-06, -0.573576, 0.0, -0.819152, 3.198936, 0.0, 1.0, 0.0, 0.563052, 0.0, 0.0, 0.0, 1.0],
                [0.819152, 0.0, -0.573576, -5e-06, -0.573576, 0.0, -0.819152, 3.190491, 0.0, 1.0, 0.0, 0.564774, 0.0, 0.0, 0.0, 1.0],
                [0.819152, 0.0, -0.573576, -5e-06, -0.573576, 0.0, -0.819152, 3.181589, 0.0, 1.0, 0.0, 0.566447, 0.0, 0.0, 0.0, 1.0],
                [0.819152, 0.0, -0.573576, -5e-06, -0.573576, 0.0, -0.819152, 3.172219, 0.0, 1.0, 0.0, 0.568065, 0.0, 0.0, 0.0, 1.0],
                [0.819152, 0.0, -0.573576, -5e-06, -0.573576, 0.0, -0.819152, 3.162369, 0.0, 1.0, 0.0, 0.569624, 0.0, 0.0, 0.0, 1.0],
                [0.819152, 0.0, -0.573576, -5e-06, -0.573576, 0.0, -0.819152, 3.152026, 0.0, 1.0, 0.0, 0.571118, 0.0, 0.0, 0.0, 1.0],
                [0.819152, 0.0, -0.573576, -5e-06, -0.573576, 0.0, -0.819152, 3.141179, 0.0, 1.0, 0.0, 0.572542, 0.0, 0.0, 0.0, 1.0],
                [0.819152, 0.0, -0.573576, -5e-06, -0.573576, 0.0, -0.819152, 3.129815, 0.0, 1.0, 0.0, 0.573893, 0.0, 0.0, 0.0, 1.0],
                [0.819152, 0.0, -0.573576, -5e-06, -0.573576, 0.0, -0.819152, 3.117923, 0.0, 1.0, 0.0, 0.575163, 0.0, 0.0, 0.0, 1.0],
                [0.819152, 0.0, -0.573576, -5e-06, -0.573576, 0.0, -0.819152, 3.105491, 0.0, 1.0, 0.0, 0.576349, 0.0, 0.0, 0.0, 1.0],
                [0.819152, 0.0, -0.573576, -5e-06, -0.573576, 0.0, -0.819152, 3.092506, 0.0, 1.0, 0.0, 0.577446, 0.0, 0.0, 0.0, 1.0],
                [0.819152, 0.0, -0.573576, -5e-06, -0.573576, 0.0, -0.819152, 3.078956, 0.0, 1.0, 0.0, 0.578448, 0.0, 0.0, 0.0, 1.0],
                [0.819152, 0.0, -0.573576, -5e-06, -0.573576, 0.0, -0.819152, 3.06483, 0.0, 1.0, 0.0, 0.579352, 0.0, 0.0, 0.0, 1.0],
                [0.819152, 0.0, -0.573576, -5e-06, -0.573576, 0.0, -0.819152, 3.050116, 0.0, 1.0, 0.0, 0.58015, 0.0, 0.0, 0.0, 1.0],
                [0.819152, 0.0, -0.573576, -5e-06, -0.573576, 0.0, -0.819152, 3.034801, 0.0, 1.0, 0.0, 0.58084, 0.0, 0.0, 0.0, 1.0],
                [0.819152, 0.0, -0.573576, -5e-06, -0.573576, 0.0, -0.819152, 3.018873, 0.0, 1.0, 0.0, 0.581415, 0.0, 0.0, 0.0, 1.0],
                [0.819152, 0.0, -0.573576, -5e-06, -0.573576, 0.0, -0.819152, 3.002321, 0.0, 1.0, 0.0, 0.581871, 0.0, 0.0, 0.0, 1.0],
                [0.819152, 0.0, -0.573576, -5e-06, -0.573576, 0.0, -0.819152, 2.985133, 0.0, 1.0, 0.0, 0.582203, 0.0, 0.0, 0.0, 1.0],
                [0.819152, 0.0, -0.573576, -5e-06, -0.573576, 0.0, -0.819152, 2.967296, 0.0, 1.0, 0.0, 0.582406, 0.0, 0.0, 0.0, 1.0],
                [0.819152, 0.0, -0.573576, -5e-06, -0.573576, 0.0, -0.819152, 2.948798, 0.0, 1.0, 0.0, 0.582475, 0.0, 0.0, 0.0, 1.0],
                [0.819152, 0.0, -0.573576, -5e-06, -0.573576, 0.0, -0.819152, 2.923324, 0.0, 1.0, 0.0, 0.578448, 0.0, 0.0, 0.0, 1.0],
                [0.819152, 0.0, -0.573576, -5e-06, -0.573576, 0.0, -0.819152, 2.887929, 0.0, 1.0, 0.0, 0.568065, 0.0, 0.0, 0.0, 1.0],
                [0.819152, 0.0, -0.573576, -5e-06, -0.573576, 0.0, -0.819152, 2.847657, 0.0, 1.0, 0.0, 0.553868, 0.0, 0.0, 0.0, 1.0],
                [0.819152, 0.0, -0.573576, -5e-06, -0.573576, 0.0, -0.819152, 2.807554, 0.0, 1.0, 0.0, 0.538399, 0.0, 0.0, 0.0, 1.0],
                [0.819152, 0.0, -0.573576, -5e-06, -0.573576, 0.0, -0.819152, 2.772663, 0.0, 1.0, 0.0, 0.524201, 0.0, 0.0, 0.0, 1.0],
                [0.819152, 0.0, -0.573576, -5e-06, -0.573576, 0.0, -0.819152, 2.748029, 0.0, 1.0, 0.0, 0.513818, 0.0, 0.0, 0.0, 1.0],
                [0.819152, 0.0, -0.573576, -5e-06, -0.573576, 0.0, -0.819152, 2.738697, 0.0, 1.0, 0.0, 0.509792, 0.0, 0.0, 0.0, 1.0]
            ]
        },
        {
            "name": "Thigh_R",
            "time": [0.0, 0.0167, 0.0333, 0.05, 0.0667, 0.0833, 0.1, 0.1167, 0.1333, 0.15, 0.1667, 0.1833, 0.2, 0.2167, 0.2333, 0.25, 0.2667, 0.2833, 0.3, 0.3167, 0.3333, 0.35, 0.3667, 0.3833, 0.4, 0.4167, 0.4333, 0.45, 0.4667, 0.4833, 0.5, 0.5167, 0.5333, 0.55, 0.5667, 0.5833, 0.6, 0.6167, 0.6333, 0.65, 0.6667, 0.6833, 0.7, 0.7167, 0.7333, 0.75, 0.7667, 0.7833, 0.8, 0.8167, 0.8333, 0.85, 0.8667, 0.8833, 0.9, 0.9167, 0.9333, 0.95, 0.9667, 0.9833, 1.0, 1.0167, 1.0333, 1.05, 1.0667, 1.0833, 1.1, 1.1167, 1.1333, 1.15, 1.1667, 1.1833, 1.2, 1.2167, 1.2333, 1.25, 1.2667, 1.2833, 1.3, 1.3167, 1.3333, 1.35, 1.3667, 1.3833, 1.4, 1.4167, 1.4333, 1.45, 1.4667, 1.4833, 1.5, 1.5167, 1.5333, 1.55, 1.5667, 1.5833, 1.6, 1.6167, 1.6333, 1.65, 1.6667, 1.6833, 1.7, 1.7167, 1.7333, 1.75, 1.7667, 1.7833, 1.8, 1.8167, 1.8333, 1.85, 1.8667, 1.8833, 1.9, 1.9167, 1.9333, 1.95, 1.9667, 1.9833, 2.0, 2.0167, 2.0333, 2.05, 2.0667, 2.0833, 2.1, 2.1167, 2.1333, 2.15, 2.1667, 2.1833, 2.2, 2.2167, 2.2333, 2.25, 2.2667, 2.2833, 2.3, 2.3167, 2.3333, 2.35, 2.3667, 2.3833, 2.4, 2.4167, 2.4333, 2.45, 2.4667, 2.4833, 2.5, 2.5167, 2.5333, 2.55, 2.5667, 2.5833, 2.6, 2.6167, 2.6333],
            "transform": [
                [0.998915, 0.042282, -0.019539, 0.124994, 0.038601, -0.986241, -0.16074, -0.002831, -0.026067, 0.159811, -0.986803, -1.2e-05, 0.0, 0.0, 0.0, 1.0],
                [0.998915, 0.042339, -0.019415, 0.124994, 0.038601, -0.985766, -0.163631, -0.002831, -0.026067, 0.162704, -0.986331, -1.2e-05, 0.0, 0.0, 0.0, 1.0],
                [0.998915, 0.042499, -0.019064, 0.124994, 0.038601, -0.984376, -0.171796, -0.002831, -0.026067, 0.170874, -0.984948, -1.2e-05, 0.0, 0.0, 0.0, 1.0],
                [0.998915, 0.042741, -0.018514, 0.124994, 0.038601, -0.98208, -0.184468, -0.002831, -0.026067, 0.183554, -0.982664, -1.2e-05, 0.0, 0.0, 0.0, 1.0],
                [0.998915, 0.043044, -0.017797, 0.124994, 0.038601, -0.978857, -0.200871, -0.002831, -0.026067, 0.199966, -0.979456, -1.2e-05, 0.0, 0.0, 0.0, 1.0],
                [0.998915, 0.043389, -0.016941, 0.124994, 0.038601, -0.974685, -0.220222, -0.002831, -0.026067, 0.219329, -0.975303, -1.2e-05, 0.0, 0.0, 0.0, 1.0],
                [0.998915, 0.043753, -0.015977, 0.124994, 0.038601, -0.969574, -0.241733, -0.002831, -0.026067, 0.240854, -0.970211, -1.2e-05, 0.0, 0.0, 0.0, 1.0],
                [0.998915, 0.044119, -0.014936, 0.124994, 0.038601, -0.96358, -0.264617, -0.002831, -0.026067, 0.263754, -0.964238, -1.2e-05, 0.0, 0.0, 0.0, 1.0],
                [0.998915, 0.044471, -0.013853, 0.124994, 0.038601, -0.956823, -0.288095, -0.002831, -0.026067, 0.287248, -0.957502, -1.2e-05, 0.0, 0.0, 0.0, 1.0],
                [0.998915, 0.044796, -0.012762, 0.124994, 0.038601, -0.949494, -0.311401, -0.002831, -0.026067, 0.31057, -0.950193, -1.2e-05, 0.0, 0.0, 0.0, 1.0],
                [0.998915, 0.045086, -0.011698, 0.124994, 0.038601, -0.941856, -0.33379, -0.002831, -0.026067, 0.332976, -0.942575, -1.2e-05, 0.0, 0.0, 0.0, 1.0],
                [0.998915, 0.045333, -0.010698, 0.124994, 0.038601, -0.934241, -0.354547, -0.002831, -0.026067, 0.35375, -0.934977, -1.2e-05, 0.0, 0.0, 0.0, 1.0],
                [0.998915, 0.045536, -0.009798, 0.124994, 0.038601, -0.927034, -0.372984, -0.002831, -0.026067, 0.372201, -0.927786, -1.2e-05, 0.0, 0.0, 0.0, 1.0],
                [0.998915, 0.045694, -0.009034, 0.124994, 0.038601, -0.920665, -0.38844, -0.002831, -0.026067, 0.387669, -0.92143, -1.2e-05, 0.0, 0.0, 0.0, 1.0],
                [0.998915, 0.045807, -0.008445, 0.124994, 0.038601, -0.915582, -0.400273, -0.002831, -0.026067, 0.399512, -0.916357, -1.2e-05, 0.0, 0.0, 0.0, 1.0],
                [0.998915, 0.045875, -0.008065, 0.124994, 0.038601, -0.912233, -0.407848, -0.002831, -0.026067, 0.407094, -0.913014, -1.2e-05, 0.0, 0.0, 0.0, 1.0],
                [0.998915, 0.045898, -0.00793, 0.124994, 0.038601, -0.911033, -0.410521, -0.002831, -0.026067, 0.409769, -0.911817, -1.2e-05, 0.0, 0.0, 0.0, 1.0],
                [0.998915, 0.045898, -0.00793, 0.124994, 0.038601, -0.911033, -0.410521, -0.002831, -0.026067, 0.409769, -0.911817, -1.2e-05, 0.0, 0.0, 0.0, 1.0],
                [0.998915, 0.045898, -0.00793, 0.124994, 0.038601, -0.911033, -0.410521, -0.002831, -0.026067, 0.409769, -0.911817, -1.2e-05, 0.0, 0.0, 0.0, 1.0],
                [0.998915, 0.045898, -0.00793, 0.124994, 0.038601, -0.911033, -0.410521, -0.002831, -0.026067, 0.409769, -0.911817, -1.2e-05, 0.0, 0.0, 0.0, 1.0],
                [0.998915, 0.045898, -0.00793, 0.124994, 0.038601, -0.911033, -0.410521, -0.002831, -0.026067, 0.409769, -0.911817, -1.2e-05, 0.0, 0.0, 0.0, 1.0],
                [0.998915, 0.045898, -0.00793, 0.124994, 0.038601, -0.911033, -0.410521, -0.002831, -0.026067, 0.409769, -0.911817, -1.2e-05, 0.0, 0.0, 0.0, 1.0],
                [0.998915, 0.045898, -0.00793, 0.124994, 0.038601, -0.911033, -0.410521, -0.002831, -0.026067, 0.409769, -0.911817, -1.2e-05, 0.0, 0.0, 0.0, 1.0],
                [0.998915, 0.045898, -0.00793, 0.124994, 0.038601, -0.911033, -0.410521, -0.002831, -0.026067, 0.409769, -0.911817, -1.2e-05, 0.0, 0.0, 0.0, 1.0],
                [0.998915, 0.045898, -0.00793, 0.124994, 0.038601, -0.911033, -0.410521, -0.002831, -0.026067, 0.409769, -0.911817, -1.2e-05, 0.0, 0.0, 0.0, 1.0],
                [0.998915, 0.045898, -0.00793, 0.124994, 0.038601, -0.911033, -0.410521, -0.002831, -0.026067, 0.409769, -0.911817, -1.2e-05, 0.0, 0.0, 0.0, 1.0],
                [0.998915, 0.045898, -0.00793, 0.124994, 0.038601, -0.911033, -0.410521, -0.002831, -0.026067, 0.409769, -0.911817, -1.2e-05, 0.0, 0.0, 0.0, 1.0],
                [0.998915, 0.045898, -0.00793, 0.124994, 0.038601, -0.911033, -0.410521, -0.002831, -0.026067, 0.409769, -0.911817, -1.2e-05, 0.0, 0.0, 0.0, 1.0],
                [0.998915, 0.045898, -0.00793, 0.124994, 0.038601, -0.911033, -0.410521, -0.002831, -0.026067, 0.409769, -0.911817, -1.2e-05, 0.0, 0.0, 0.0, 1.0],
                [0.998915, 0.045898, -0.00793, 0.124994, 0.038601, -0.911033, -0.410521, -0.002831, -0.026067, 0.409769, -0.911817, -1.2e-05, 0.0, 0.0, 0.0, 1.0],
                [0.998915, 0.045898, -0.00793, 0.124994, 0.038601, -0.911033, -0.410521, -0.002831, -0.026067, 0.409769, -0.911817, -1.2e-05, 0.0, 0.0, 0.0, 1.0],
                [0.998915, 0.045898, -0.00793, 0.124994, 0.038601, -0.911033, -0.410521, -0.002831, -0.026067, 0.409769, -0.911817, -1.2e-05, 0.0, 0.0, 0.0, 1.0],
                [0.998915, 0.045898, -0.00793, 0.124994, 0.038601, -0.911033, -0.410521, -0.002831, -0.026067, 0.409769, -0.911817, -1.2e-05, 0.0, 0.0, 0.0, 1.0],
                [0.998899, 0.046091, -0.008696, 0.124994, 0.039457, -0.925983, -0.375498, -0.002831, -0.02536, 0.374741, -0.926783, -1.2e-05, 0.0, 0.0, 0.0, 1.0],
                [0.998861, 0.046471, -0.010862, 0.124994, 0.041691, -0.960462, -0.275273, -0.002831, -0.023224, 0.274506, -0.961305, -1.2e-05, 0.0, 0.0, 0.0, 1.0],
                [0.998812, 0.046603, -0.014229, 0.124994, 0.044645, -0.992253, -0.115936, -0.002831, -0.019522, 0.115163, -0.993155, -1.2e-05, 0.0, 0.0, 0.0, 1.0],
                [0.998772, 0.045989, -0.018439, 0.124994, 0.047456, -0.994887, 0.089142, -0.002831, -0.014245, -0.089908, -0.995848, -1.2e-05, 0.0, 0.0, 0.0, 1.0],
                [0.998756, 0.04431, -0.022873, 0.124994, 0.049247, -0.948487, 0.312966, -0.002831, -0.007827, -0.313703, -0.949489, -1.2e-05, 0.0, 0.0, 0.0, 1.0],
                [0.998772, 0.041668, -0.02681, 0.124994, 0.049534, -0.852476, 0.520415, -0.002831, -0.00117, -0.521104, -0.853493, -1.2e-05, 0.0, 0.0, 0.0, 1.0],
                [0.998812, 0.038592, -0.029748, 0.124994, 0.048498, -0.72823, 0.683614, -0.002831, 0.004719, -0.684245, -0.729237, -1.2e-05, 0.0, 0.0, 0.0, 1.0],
                [0.998861, 0.03577, -0.031591, 0.124994, 0.046837, -0.6078, 0.792707, -0.002831, 0.009154, -0.793284, -0.608783, -1.2e-05, 0.0, 0.0, 0.0, 1.0],
                [0.998899, 0.033785, -0.032535, 0.124994, 0.045375, -0.520413, 0.852708, -0.002831, 0.011877, -0.853246, -0.521373, -1.2e-05, 0.0, 0.0, 0.0, 1.0],
                [0.998915, 0.033049, -0.032822, 0.124994, 0.044781, -0.487545, 0.871949, -0.002831, 0.012815, -0.872472, -0.488496, -1.2e-05, 0.0, 0.0, 0.0, 1.0],
                [0.998915, 0.033049, -0.032822, 0.124994, 0.044781, -0.487545, 0.871949, -0.002831, 0.012815, -0.872472, -0.488496, -1.2e-05, 0.0, 0.0, 0.0, 1.0],
                [0.998915, 0.033049, -0.032822, 0.124994, 0.044781, -0.487545, 0.871949, -0.002831, 0.012815, -0.872472, -0.488496, -1.2e-05, 0.0, 0.0, 0.0, 1.0],
                [0.998914, 0.033049, -0.032822, 0.124994, 0.044781, -0.487545, 0.871949, -0.002831, 0.012815, -0.872472, -0.488496, -1.2e-05, 0.0, 0.0, 0.0, 1.0],
                [0.998915, 0.033049, -0.032822, 0.124994, 0.044781, -0.487545, 0.871949, -0.002831, 0.012815, -0.872472, -0.488496, -1.2e-05, 0.0, 0.0, 0.0, 1.0],
                [0.998915, 0.033049, -0.032822, 0.124994, 0.044781, -0.487545, 0.871949, -0.002831, 0.012815, -0.872472, -0.488496, -1.2e-05, 0.0, 0.0, 0.0, 1.0],
                [0.998915, 0.033049, -0.032822, 0.124994, 0.044781, -0.487545, 0.871949, -0.002831, 0.012815, -0.872472, -0.488496, -1.2e-05, 0.0, 0.0, 0.0, 1.0],
                [0.998915, 0.033049, -0.032822, 0.124994, 0.044781, -0.487545, 0.871949, -0.002831, 0.012815, -0.872472, -0.488496, -1.2e-05, 0.0, 0.0, 0.0, 1.0],
                [0.998915, 0.033049, -0.032822, 0.124994, 0.044781, -0.487545, 0.871949, -0.002831, 0.012815, -0.872472, -0.488496, -1.2e-05, 0.0, 0.0, 0.0, 1.0],
                [0.998915, 0.033049, -0.032822, 0.124994, 0.044781, -0.487545, 0.871949, -0.002831, 0.012815, -0.872472, -0.488496, -1.2e-05, 0.0, 0.0, 0.0, 1.0],
                [0.998915, 0.033049, -0.032822, 0.124994, 0.044781, -0.487545, 0.871949, -0.002831, 0.012815, -0.872472, -0.488496, -1.2e-05, 0.0, 0.0, 0.0, 1.0],
                [0.998915, 0.033049, -0.032822, 0.124994, 0.044781, -0.487545, 0.871949, -0.002831, 0.012815, -0.872472, -0.488496, -1.2e-05, 0.0, 0.0, 0.0, 1.0],
                [0.998915, 0.033049, -0.032822, 0.124994, 0.044781, -0.487545, 0.871949, -0.002831, 0.012815, -0.872472, -0.488496, -1.2e-05, 0.0, 0.0, 0.0, 1.0],
                [0.998915, 0.033049, -0.032822, 0.124994, 0.044781, -0.487545, 0.871949, -0.002831, 0.012815, -0.872472, -0.488496, -1.2e-05, 0.0, 0.0, 0.0, 1.0],
                [0.998915, 0.033049, -0.032822, 0.124994, 0.044781, -0.487545, 0.871949, -0.002831, 0.012815, -0.872472, -0.488496, -1.2e-05, 0.0, 0.0, 0.0, 1.0],
                [0.998915, 0.033049, -0.032822, 0.124994, 0.044781, -0.487545, 0.871949, -0.002831, 0.012815, -0.872472, -0.488496, -1.2e-05, 0.0, 0.0, 0.0, 1.0],
