{
    "animation": [
        {
            "name": "Root",
            "time": [0.0, 0.0167, 0.0333, 0.05, 0.0667, 0.0833, 0.1, 0.1167, 0.1333, 0.15, 0.1667, 0.1833, 0.2, 0.2167, 0.2333, 0.25, 0.2667, 0.2833, 0.3, 0.3167, 0.3333, 0.35, 0.3667, 0.3833, 0.4, 0.4167, 0.4333, 0.45, 0.4667, 0.4833, 0.5, 0.5167, 0.5333, 0.55, 0.5667, 0.5833, 0.6, 0.6167, 0.6333, 0.65, 0.6667, 0.6833, 0.7, 0.7167, 0.7333, 0.75, 0.7667, 0.7833, 0.8, 0.8167, 0.8333, 0.85, 0.8667, 0.8833, 0.9, 0.9167, 0.9333, 0.95, 0.9667, 0.9833, 1.0, 1.0167, 1.0333, 1.05, 1.0667, 1.0833, 1.1, 1.1167, 1.1333, 1.15, 1.1667, 1.1833, 1.2, 1.2167, 1.2333, 1.25, 1.2667, 1.2833, 1.3, 1.3167, 1.3333, 1.35, 1.3667, 1.3833, 1.4, 1.4167, 1.4333, 1.45, 1.4667, 1.4833, 1.5, 1.5167, 1.5333, 1.55, 1.5667, 1.5833, 1.6, 1.6167, 1.6333, 1.65, 1.6667, 1.6833, 1.7, 1.7167, 1.7333, 1.75, 1.7667, 1.7833, 1.8, 1.8167, 1.8333, 1.85, 1.8667, 1.8833, 1.9, 1.9167, 1.9333, 1.95, 1.9667, 1.9833, 2.0, 2.0167, 2.0333, 2.05, 2.0667, 2.0833, 2.1, 2.1167, 2.1333, 2.15, 2.1667, 2.1833, 2.2, 2.2167, 2.2333, 2.25, 2.2667, 2.2833, 2.3, 2.3167, 2.3333, 2.35, 2.3667, 2.3833, 2.4, 2.4167, 2.4333, 2.45, 2.4667, 2.4833, 2.5, 2.5167, 2.5333, 2.55, 2.5667, 2.5833, 2.6, 2.6167, 2.6333, 2.65, 2.6667, 2.6833, 2.7, 2.7167, 2.7333, 2.75, 2.7667, 2.7833, 2.8, 2.8167, 2.8333, 2.85, 2.8667, 2.8833, 2.9, 2.9167, 2.9333, 2.95, 2.9667, 2.9833, 3.0, 3.0167, 3.0333, 3.05, 3.0667, 3.0833, 3.1, 3.1167, 3.1333, 3.15, 3.1667, 3.1833, 3.2, 3.2167, 3.2333, 3.25, 3.2667, 3.2833, 3.3, 3.3167, 3.3333, 3.35, 3.3667, 3.3833, 3.4, 3.4167, 3.4333, 3.45, 3.4667, 3.4833, 3.5, 3.5167, 3.5333, 3.55, 3.5667],
            "transform": [
                [1.0, 0.0, 0.0, -5e-06, 0.0, 0.0, -1.0, 0.000946, 0.0, 1.0, 0.0, 0.763972, 0.0, 0.0, 0.0, 1.0],
                [1.0, 0.0, 0.0, -4e-06, 0.0, 0.0, -1.0, 0.00097, 0.0, 1.0, 0.0, 0.763972, 0.0, 0.0, 0.0, 1.0],
                [1.0, 0.0, 0.0, -2e-06, 0.0, 0.0, -1.0, 0.001137, 0.0, 1.0, 0.0, 0.763972, 0.0, 0.0, 0.0, 1.0],
                [1.0, 0.0, 0.0, 5e-06, 0.0, 0.0, -1.0, 0.00159, 0.0, 1.0, 0.0, 0.763972, 0.0, 0.0, 0.0, 1.0],
                [1.0, 0.0, 0.0, 1.9e-05, 0.0, 0.0, -1.0, 0.002473, 0.0, 1.0, 0.0, 0.763972, 0.0, 0.0, 0.0, 1.0],
                [1.0, 0.0, 0.0, 4.1e-05, 0.0, 0.0, -1.0, 0.003927, 0.0, 1.0, 0.0, 0.763972, 0.0, 0.0, 0.0, 1.0],
                [1.0, 0.0, 0.0, 7.5e-05, 0.0, 0.0, -1.0, 0.006097, 0.0, 1.0, 0.0, 0.763972, 0.0, 0.0, 0.0, 1.0],
                [1.0, 0.0, 0.0, 0.000121, 0.0, 0.0, -1.0, 0.009126, 0.0, 1.0, 0.0, 0.763972, 0.0, 0.0, 0.0, 1.0],
                [1.0, 0.0, 0.0, 0.000183, 0.0, 0.0, -1.0, 0.013156, 0.0, 1.0, 0.0, 0.763972, 0.0, 0.0, 0.0, 1.0],
                [1.0, 0.0, 0.0, 0.000263, 0.0, 0.0, -1.0, 0.018331, 0.0, 1.0, 0.0, 0.763972, 0.0, 0.0, 0.0, 1.0],
                [1.0, 0.0, 0.0, 0.000362, 0.0, 0.0, -1.0, 0.024793, 0.0, 1.0, 0.0, 0.763972, 0.0, 0.0, 0.0, 1.0],
                [1.0, 0.0, 0.0, 0.000484, 0.0, 0.0, -1.0, 0.032686, 0.0, 1.0, 0.0, 0.763972, 0.0, 0.0, 0.0, 1.0],
                [1.0, 0.0, 0.0, 0.00063, 0.0, 0.0, -1.0, 0.042153, 0.0, 1.0, 0.0, 0.763972, 0.0, 0.0, 0.0, 1.0],
                [1.0, 0.0, 0.0, 0.000802, 0.0, 0.0, -1.0, 0.053337, 0.0, 1.0, 0.0, 0.763972, 0.0, 0.0, 0.0, 1.0],
                [1.0, 0.0, 0.0, 0.001003, 0.0, 0.0, -1.0, 0.066381, 0.0, 1.0, 0.0, 0.763972, 0.0, 0.0, 0.0, 1.0],
                [1.0, 0.0, 0.0, 0.001234, 0.0, 0.0, -1.0, 0.081428, 0.0, 1.0, 0.0, 0.763972, 0.0, 0.0, 0.0, 1.0],
                [1.0, 0.0, 0.0, 0.001499, 0.0, 0.0, -1.0, 0.098622, 0.0, 1.0, 0.0, 0.763972, 0.0, 0.0, 0.0, 1.0],
                [1.0, 0.0, 0.0, 0.001799, 0.0, 0.0, -1.0, 0.118104, 0.0, 1.0, 0.0, 0.763972, 0.0, 0.0, 0.0, 1.0],
                [1.0, 0.0, 0.0, 0.002136, 0.0, 0.0, -1.0, 0.140019, 0.0, 1.0, 0.0, 0.763972, 0.0, 0.0, 0.0, 1.0],
                [1.0, 0.0, 0.0, 0.002513, 0.0, 0.0, -1.0, 0.164509, 0.0, 1.0, 0.0, 0.763972, 0.0, 0.0, 0.0, 1.0],
                [1.0, 0.0, 0.0, 0.002932, 0.0, 0.0, -1.0, 0.191718, 0.0, 1.0, 0.0, 0.763972, 0.0, 0.0, 0.0, 1.0],
                [1.0, 0.0, 0.0, 0.003395, 0.0, 0.0, -1.0, 0.221789, 0.0, 1.0, 0.0, 0.763972, 0.0, 0.0, 0.0, 1.0],
                [1.0, 0.0, 0.0, 0.003904, 0.0, 0.0, -1.0, 0.254864, 0.0, 1.0, 0.0, 0.763972, 0.0, 0.0, 0.0, 1.0],
                [1.0, 0.0, 0.0, 0.004461, 0.0, 0.0, -1.0, 0.291087, 0.0, 1.0, 0.0, 0.763972, 0.0, 0.0, 0.0, 1.0],
                [1.0, 0.0, 0.0, 0.005405, 0.0, 0.0, -1.0, 0.34541, 0.0, 1.0, 0.0, 0.763973, 0.0, 0.0, 0.0, 1.0],
                [1.0, 0.0, 0.0, 0.007006, 0.0, 0.0, -1.0, 0.430271, 0.0, 1.0, 0.0, 0.763986, 0.0, 0.0, 0.0, 1.0],
                [1.0, 0.0, 0.0, 0.009165, 0.0, 0.0, -1.0, 0.542036, 0.0, 1.0, 0.0, 0.764021, 0.0, 0.0, 0.0, 1.0],
                [1.0, 0.0, 0.0, 0.011783, 0.0, 0.0, -1.0, 0.677074, 0.0, 1.0, 0.0, 0.764089, 0.0, 0.0, 0.0, 1.0],
                [1.0, 0.0, 0.0, 0.014761, 0.0, 0.0, -1.0, 0.831753, 0.0, 1.0, 0.0, 0.764201, 0.0, 0.0, 0.0, 1.0],
                [1.0, 0.0, 0.0, 0.018, 0.0, 0.0, -1.0, 1.002441, 0.0, 1.0, 0.0, 0.764368, 0.0, 0.0, 0.0, 1.0],
                [1.0, 0.0, 0.0, 0.0214, 0.0, 0.0, -1.0, 1.185505, 0.0, 1.0, 0.0, 0.764601, 0.0, 0.0, 0.0, 1.0],
                [1.0, 0.0, 0.0, 0.024863, 0.0, 0.0, -1.0, 1.377315, 0.0, 1.0, 0.0, 0.764912, 0.0, 0.0, 0.0, 1.0],
                [1.0, 0.0, 0.0, 0.02829, 0.0, 0.0, -1.0, 1.574237, 0.0, 1.0, 0.0, 0.76531, 0.0, 0.0, 0.0, 1.0],
                [1.0, 0.0, 0.0, 0.031581, 0.0, 0.0, -1.0, 1.77264, 0.0, 1.0, 0.0, 0.765808, 0.0, 0.0, 0.0, 1.0],
                [0.99999, -0.000821, -0.00445, 0.034638, -0.00445, -0.00041, -0.99999, 1.968891, 0.000819, 1.0, -0.000413, 0.766415, 0.0, 0.0, 0.0, 1.0],
                [0.999843, -0.003221, -0.017403, 0.037361, -0.017408, -0.001582, -0.999847, 2.159359, 0.003193, 0.999994, -0.001638, 0.767144, 0.0, 0.0, 0.0, 1.0],
                [0.999242, -0.007121, -0.038269, 0.039651, -0.038294, -0.003406, -0.999261, 2.340411, 0.006986, 0.999969, -0.003676, 0.768005, 0.0, 0.0, 0.0, 1.0],
                [0.997711, -0.012458, -0.066462, 0.04141, -0.066538, -0.005743, -0.997767, 2.508417, 0.012048, 0.999906, -0.006559, 0.76901, 0.0, 0.0, 0.0, 1.0],
                [0.994663, -0.019174, -0.101384, 0.042538, -0.10156, -0.008435, -0.994794, 2.659742, 0.018219, 0.999781, -0.010337, 0.770168, 0.0, 0.0, 0.0, 1.0],
                [0.989434, -0.027216, -0.142403, 0.042936, -0.142751, -0.011306, -0.989694, 2.790756, 0.025326, 0.999566, -0.015071, 0.771492, 0.0, 0.0, 0.0, 1.0],
                [0.981328, -0.036523, -0.188844, 0.042936, -0.18946, -0.014169, -0.981786, 2.898976, 0.033182, 0.999232, -0.020824, 0.772992, 0.0, 0.0, 0.0, 1.0],
                [0.96964, -0.047025, -0.239973, 0.042936, -0.240974, -0.016834, -0.970385, 2.986516, 0.041593, 0.998752, -0.027655, 0.774679, 0.0, 0.0, 0.0, 1.0],
                [0.953699, -0.058637, -0.294991, 0.042936, -0.296518, -0.019107, -0.954836, 3.056638, 0.050353, 0.998096, -0.035609, 0.776565, 0.0, 0.0, 0.0, 1.0],
                [0.932893, -0.071257, -0.353034, 0.042936, -0.355247, -0.0208, -0.934541, 3.112608, 0.05925, 0.997241, -0.044718, 0.77866, 0.0, 0.0, 0.0, 1.0],
                [0.906695, -0.084763, -0.413182, 0.042936, -0.416258, -0.021735, -0.908987, 3.157687, 0.068068, 0.996164, -0.05499, 0.780975, 0.0, 0.0, 0.0, 1.0],
                [0.874685, -0.099017, -0.47447, 0.042936, -0.478601, -0.021748, -0.877763, 3.195139, 0.076594, 0.994848, -0.066412, 0.783521, 0.0, 0.0, 0.0, 1.0],
                [0.836564, -0.113863, -0.535907, 0.042936, -0.541295, -0.020696, -0.840578, 3.228228, 0.08462, 0.993281, -0.078947, 0.78631, 0.0, 0.0, 0.0, 1.0],
                [0.792158, -0.129135, -0.596497, 0.042936, -0.60335, -0.018455, -0.797263, 3.259717, 0.091947, 0.991455, -0.092533, 0.789352, 0.0, 0.0, 0.0, 1.0],
                [0.741421, -0.144657, -0.655263, 0.042936, -0.663788, -0.014926, -0.747772, 3.29037, 0.098389, 0.989369, -0.107088, 0.792659, 0.0, 0.0, 0.0, 1.0],
                [0.684419, -0.160247, -0.711261, 0.042936, -0.721665, -0.010035, -0.69217, 3.320454, 0.103781, 0.987026, -0.122513, 0.796241, 0.0, 0.0, 0.0, 1.0],
                [0.621318, -0.175728, -0.763599, 0.042936, -0.776084, -0.003727, -0.630619, 3.350233, 0.107971, 0.984432, -0.138696, 0.80011, 0.0, 0.0, 0.0, 1.0],
                [0.552361, -0.190923, -0.811447, 0.042936, -0.826205, 0.00403, -0.563356, 3.379971, 0.110828, 0.981597, -0.155515, 0.804276, 0.0, 0.0, 0.0, 1.0],
                [0.477842, -0.205663, -0.854032, 0.042936, -0.871247, 0.013257, -0.490666, 3.409934, 0.112234, 0.978533, -0.172848, 0.80875, 0.0, 0.0, 0.0, 1.0],
                [0.398079, -0.219785, -0.890633, 0.042936, -0.910478, 0.023964, -0.412863, 3.440386, 0.112084, 0.975254, -0.19057, 0.813544, 0.0, 0.0, 0.0, 1.0],
                [0.313393, -0.233133, -0.920561, 0.042936, -0.943198, 0.036158, -0.330257, 3.471593, 0.11028, 0.971772, -0.208559, 0.818668, 0.0, 0.0, 0.0, 1.0],
                [0.224086, -0.245552, -0.943127, 0.042936, -0.968709, 0.04985, -0.243143, 3.50382, 0.106719, 0.968101, -0.226698, 0.824134, 0.0, 0.0, 0.0, 1.0],
                [0.130427, -0.256883, -0.957601, 0.042936, -0.98627, 0.065059, -0.151784, 3.537332, 0.101292, 0.96425, -0.24487, 0.829952, 0.0, 0.0, 0.0, 1.0],
                [0.032649, -0.266951, -0.963157, 0.042936, -0.995049, 0.081821, -0.056408, 3.572392, 0.093865, 0.96023, -0.262958, 0.840748, 0.0, 0.0, 0.0, 1.0],
                [-0.069034, -0.275555, -0.958803, 0.042936, -0.994048, 0.100189, 0.042778, 3.609268, 0.084274, 0.95605, -0.280831, 0.85894, 0.0, 0.0, 0.0, 1.0],
                [-0.174399, -0.282444, -0.943298, 0.042936, -0.982016, 0.12024, 0.145555, 3.648222, 0.072311, 0.951718, -0.298334, 0.881227, 0.0, 0.0, 0.0, 1.0],
                [-0.283137, -0.287295, -0.915038, 0.042936, -0.957342, 0.142066, 0.251622, 3.689522, 0.057706, 0.947248, -0.315264, 0.904307, 0.0, 0.0, 0.0, 1.0],
                [-0.394727, -0.289676, -0.871939, 0.042936, -0.917922, 0.165769, 0.360472, 3.733431, 0.04012, 0.94266, -0.331334, 0.924879, 0.0, 0.0, 0.0, 1.0],
                [-0.508223, -0.288999, -0.811288, 0.042936, -0.861013, 0.191432, 0.471179, 3.780214, 0.019136, 0.937994, -0.346122, 0.939644, 0.0, 0.0, 0.0, 1.0],
                [-0.621884, -0.284465, -0.729616, 0.042936, -0.783088, 0.219069, 0.58205, 3.830136, -0.005736, 0.933321, -0.358996, 0.945299, 0.0, 0.0, 0.0, 1.0],
                [-0.73092, -0.275209, -0.624513, 0.042936, -0.681576, 0.247716, 0.688543, 3.883335, -0.034792, 0.928922, -0.368636, 0.943984, 0.0, 0.0, 0.0, 1.0],
                [-0.829988, -0.260391, -0.493272, 0.042936, -0.55359, 0.276336, 0.785606, 3.939438, -0.068256, 0.925113, -0.373506, 0.940221, 0.0, 0.0, 0.0, 1.0],
                [-0.912843, -0.238794, -0.331203, 0.042936, -0.394231, 0.304271, 0.86718, 3.997946, -0.106302, 0.92217, -0.371892, 0.934283, 0.0, 0.0, 0.0, 1.0],
                [-0.968558, -0.20906, -0.134869, 0.042936, -0.199696, 0.32997, 0.922628, 4.058356, -0.148382, 0.920551, -0.361343, 0.926441, 0.0, 0.0, 0.0, 1.0],
                [-0.980842, -0.170203, 0.094765, 0.042936, 0.029591, 0.350644, 0.936041, 4.120172, -0.192546, 0.920913, -0.338889, 0.916966, 0.0, 0.0, 0.0, 1.0],
                [-0.929621, -0.12256, 0.347539, 0.042936, 0.284137, 0.362174, 0.887748, 4.182891, -0.234672, 0.924018, -0.301861, 0.906132, 0.0, 0.0, 0.0, 1.0],
                [-0.797326, -0.069052, 0.599586, 0.042936, 0.540655, 0.359839, 0.7604, 4.246014, -0.268261, 0.930456, -0.249575, 0.89421, 0.0, 0.0, 0.0, 1.0],
                [-0.580253, -0.015844, 0.814282, 0.042936, 0.762638, 0.340299, 0.550073, 4.30904, -0.285815, 0.940184, -0.185376, 0.881472, 0.0, 0.0, 0.0, 1.0],
                [-0.298598, 0.028967, 0.953939, 0.042936, 0.911717, 0.304164, 0.276146, 4.371469, -0.282155, 0.952179, -0.117233, 0.868189, 0.0, 0.0, 0.0, 1.0],
                [0.006301, 0.058792, 0.99825, 0.042936, 0.966204, 0.256902, -0.021229, 4.432803, -0.2577, 0.964648, -0.055187, 0.854635, 0.0, 0.0, 0.0, 1.0],
                [0.289736, 0.071622, 0.954423, 0.042936, 0.93182, 0.206597, -0.298378, 4.492539, -0.218551, 0.975801, -0.00688, 0.841081, 0.0, 0.0, 0.0, 1.0],
                [0.522191, 0.070113, 0.849942, 0.042936, 0.83507, 0.160285, -0.526276, 4.550179, -0.173132, 0.984578, 0.02515, 0.827799, 0.0, 0.0, 0.0, 1.0],
                [0.694866, 0.059211, 0.716698, 0.042936, 0.70756, 0.121832, -0.696072, 4.605222, -0.128532, 0.990783, 0.042762, 0.81506, 0.0, 0.0, 0.0, 1.0],
                [0.813614, 0.043737, 0.579758, 0.042936, 0.574556, 0.092125, -0.813264, 4.657167, -0.08898, 0.994787, 0.049825, 0.803138, 0.0, 0.0, 0.0, 1.0],
                [0.890335, 0.027253, 0.45449, 0.042936, 0.451826, 0.070303, -0.889331, 4.705517, -0.056189, 0.997153, 0.05028, 0.792304, 0.0, 0.0, 0.0, 1.0],
                [0.937212, 0.011992, 0.348555, 0.042936, 0.347438, 0.054885, -0.936095, 4.749769, -0.030356, 0.998421, 0.047272, 0.78283, 0.0, 0.0, 0.0, 1.0],
                [0.964255, -0.000784, 0.264974, 0.042936, 0.264746, 0.044404, -0.963295, 4.789423, -0.011011, 0.999013, 0.043025, 0.774987, 0.0, 0.0, 0.0, 1.0],
                [0.978791, -0.010387, 0.204599, 0.042936, 0.204848, 0.037686, -0.978068, 4.82398, 0.002448, 0.999236, 0.039014, 0.769049, 0.0, 0.0, 0.0, 1.0],
                [0.985696, -0.016402, 0.167731, 0.042936, 0.168206, 0.033921, -0.985168, 4.852939, 0.010469, 0.99929, 0.036195, 0.765286, 0.0, 0.0, 0.0, 1.0],
                [0.987724, -0.018489, 0.155111, 0.042936, 0.155652, 0.032691, -0.987271, 4.875801, 0.013183, 0.999294, 0.035168, 0.763972, 0.0, 0.0, 0.0, 1.0],
                [0.987724, -0.018489, 0.155111, 0.042936, 0.155652, 0.032691, -0.987271, 4.894667, 0.013183, 0.999294, 0.035168, 0.763972, 0.0, 0.0, 0.0, 1.0],
                [0.987724, -0.018489, 0.155111, 0.042936, 0.155652, 0.032691, -0.987271, 4.912014, 0.013183, 0.999294, 0.035168, 0.763972, 0.0, 0.0, 0.0, 1.0],
                [0.987724, -0.018489, 0.155111, 0.042936, 0.155652, 0.032691, -0.987271, 4.927908, 0.013183, 0.999294, 0.035168, 0.763972, 0.0, 0.0, 0.0, 1.0],
                [0.987724, -0.018489, 0.155111, 0.042936, 0.155652, 0.032691, -0.987271, 4.942412, 0.013183, 0.999294, 0.035168, 0.763972, 0.0, 0.0, 0.0, 1.0],
                [0.987724, -0.018489, 0.155111, 0.042936, 0.155652, 0.032691, -0.987271, 4.95559, 0.013183, 0.999294, 0.035168, 0.763972, 0.0, 0.0, 0.0, 1.0],
                [0.987724, -0.018489, 0.155111, 0.042936, 0.155652, 0.032691, -0.987271, 4.967506, 0.013183, 0.999294, 0.035168, 0.763972, 0.0, 0.0, 0.0, 1.0],
                [0.987724, -0.018489, 0.155111, 0.042936, 0.155652, 0.032691, -0.987271, 4.978224, 0.013183, 0.999294, 0.035168, 0.763972, 0.0, 0.0, 0.0, 1.0],
                [0.987724, -0.018489, 0.155111, 0.042936, 0.155652, 0.032691, -0.987271, 4.987809, 0.013183, 0.999294, 0.035168, 0.763972, 0.0, 0.0, 0.0, 1.0],
                [0.987724, -0.018489, 0.155111, 0.042936, 0.155652, 0.032691, -0.987271, 4.996325, 0.013183, 0.999294, 0.035168, 0.763972, 0.0, 0.0, 0.0, 1.0],
                [0.987724, -0.018489, 0.155111, 0.042936, 0.155652, 0.032691, -0.987271, 5.003837, 0.013183, 0.999294, 0.035168, 0.763972, 0.0, 0.0, 0.0, 1.0],
                [0.987724, -0.018489, 0.155111, 0.042936, 0.155652, 0.032691, -0.987271, 5.010406, 0.013183, 0.999294, 0.035168, 0.763972, 0.0, 0.0, 0.0, 1.0],
                [0.987724, -0.018489, 0.155111, 0.042936, 0.155652, 0.032691, -0.987271, 5.016099, 0.013183, 0.999294, 0.035168, 0.763972, 0.0, 0.0, 0.0, 1.0],
                [0.987724, -0.018489, 0.155111, 0.042936, 0.155652, 0.032691, -0.987271, 5.02098, 0.013183, 0.999294, 0.035168, 0.763972, 0.0, 0.0, 0.0, 1.0],
                [0.987724, -0.018489, 0.155111, 0.042936, 0.155652, 0.032691, -0.987271, 5.025113, 0.013183, 0.999294, 0.035168, 0.763972, 0.0, 0.0, 0.0, 1.0],
                [0.987724, -0.018489, 0.155111, 0.042936, 0.155652, 0.032691, -0.987271, 5.02856, 0.013183, 0.999294, 0.035168, 0.763972, 0.0, 0.0, 0.0, 1.0],
                [0.987724, -0.018489, 0.155111, 0.042936, 0.155652, 0.032691, -0.987271, 5.031389, 0.013183, 0.999294, 0.035168, 0.763972, 0.0, 0.0, 0.0, 1.0],
                [0.987724, -0.018489, 0.155111, 0.042936, 0.155652, 0.032691, -0.987271, 5.033661, 0.013183, 0.999294, 0.035168, 0.763972, 0.0, 0.0, 0.0, 1.0],
                [0.987724, -0.018489, 0.155111, 0.042936, 0.155652, 0.032691, -0.987271, 5.035441, 0.013183, 0.999294, 0.035168, 0.763972, 0.0, 0.0, 0.0, 1.0],
                [0.987724, -0.018489, 0.155111, 0.042936, 0.155652, 0.032691, -0.987271, 5.036793, 0.013183, 0.999294, 0.035168, 0.763972, 0.0, 0.0, 0.0, 1.0],
                [0.987724, -0.018489, 0.155111, 0.042936, 0.155652, 0.032691, -0.987271, 5.037783, 0.013183, 0.999294, 0.035168, 0.763972, 0.0, 0.0, 0.0, 1.0],
                [0.987724, -0.018489, 0.155111, 0.042936, 0.155652, 0.032691, -0.987271, 5.038473, 0.013183, 0.999294, 0.035168, 0.763972, 0.0, 0.0, 0.0, 1.0],
                [0.987724, -0.018489, 0.155111, 0.042936, 0.155652, 0.032691, -0.987271, 5.038928, 0.013183, 0.999294, 0.035168, 0.763972, 0.0, 0.0, 0.0, 1.0],
                [0.987724, -0.018489, 0.155111, 0.042936, 0.155652, 0.032691, -0.987271, 5.039211, 0.013183, 0.999294, 0.035168, 0.763972, 0.0, 0.0, 0.0, 1.0],
                [0.987724, -0.018489, 0.155111, 0.042936, 0.155652, 0.032691, -0.987271, 5.039388, 0.013183, 0.999294, 0.035168, 0.763972, 0.0, 0.0, 0.0, 1.0],
                [0.987724, -0.018489, 0.155111, 0.042936, 0.155652, 0.032691, -0.987271, 5.039522, 0.013183, 0.999294, 0.035168, 0.763972, 0.0, 0.0, 0.0, 1.0],
                [0.987724, -0.018489, 0.155111, 0.042894, 0.155652, 0.032691, -0.987271, 5.039667, 0.013183, 0.999294, 0.035168, 0.763962, 0.0, 0.0, 0.0, 1.0],
                [0.987724, -0.018489, 0.155111, 0.042771, 0.155652, 0.032691, -0.987271, 5.039832, 0.013183, 0.999294, 0.035168, 0.763934, 0.0, 0.0, 0.0, 1.0],
                [0.987724, -0.018489, 0.155111, 0.042571, 0.155652, 0.032691, -0.987271, 5.040016, 0.013183, 0.999294, 0.035168, 0.763889, 0.0, 0.0, 0.0, 1.0],
                [0.987724, -0.018489, 0.155111, 0.042297, 0.155652, 0.032691, -0.987271, 5.040219, 0.013183, 0.999294, 0.035168, 0.763827, 0.0, 0.0, 0.0, 1.0],
                [0.987724, -0.018489, 0.155111, 0.041954, 0.155652, 0.032691, -0.987271, 5.040438, 0.013183, 0.999294, 0.035168, 0.763749, 0.0, 0.0, 0.0, 1.0],
                [0.987724, -0.018489, 0.155111, 0.041545, 0.155652, 0.032691, -0.987271, 5.040674, 0.013183, 0.999294, 0.035168, 0.763656, 0.0, 0.0, 0.0, 1.0],
                [0.987724, -0.018489, 0.155111, 0.041074, 0.155652, 0.032691, -0.987271, 5.040924, 0.013183, 0.999294, 0.035168, 0.763549, 0.0, 0.0, 0.0, 1.0],
                [0.987724, -0.018489, 0.155111, 0.040545, 0.155652, 0.032691, -0.987271, 5.041188, 0.013183, 0.999294, 0.035168, 0.76343, 0.0, 0.0, 0.0, 1.0],
                [0.987724, -0.018489, 0.155111, 0.039962, 0.155652, 0.032691, -0.987271, 5.041464, 0.013183, 0.999294, 0.035168, 0.763297, 0.0, 0.0, 0.0, 1.0],
                [0.987724, -0.018489, 0.155111, 0.039329, 0.155652, 0.032691, -0.987271, 5.041752, 0.013183, 0.999294, 0.035168, 0.763154, 0.0, 0.0, 0.0, 1.0],
                [0.987724, -0.018489, 0.155111, 0.03865, 0.155652, 0.032691, -0.987271, 5.04205, 0.013183, 0.999294, 0.035168, 0.763, 0.0, 0.0, 0.0, 1.0],
                [0.987724, -0.018489, 0.155111, 0.037928, 0.155652, 0.032691, -0.987271, 5.042358, 0.013183, 0.999294, 0.035168, 0.762836, 0.0, 0.0, 0.0, 1.0],
                [0.987724, -0.018489, 0.155111, 0.037167, 0.155652, 0.032691, -0.987271, 5.042674, 0.013183, 0.999294, 0.035168, 0.762664, 0.0, 0.0, 0.0, 1.0],
                [0.987724, -0.018489, 0.155111, 0.036372, 0.155652, 0.032691, -0.987271, 5.042996, 0.013183, 0.999294, 0.035168, 0.762483, 0.0, 0.0, 0.0, 1.0],
                [0.987724, -0.018489, 0.155111, 0.035546, 0.155652, 0.032691, -0.987271, 5.043324, 0.013183, 0.999294, 0.035168, 0.762296, 0.0, 0.0, 0.0, 1.0],
                [0.987724, -0.018489, 0.155111, 0.034692, 0.155652, 0.032691, -0.987271, 5.043657, 0.013183, 0.999294, 0.035168, 0.762103, 0.0, 0.0, 0.0, 1.0],
                [0.987724, -0.018489, 0.155111, 0.033816, 0.155652, 0.032691, -0.987271, 5.043994, 0.013183, 0.999294, 0.035168, 0.761904, 0.0, 0.0, 0.0, 1.0],
                [0.987724, -0.018489, 0.155111, 0.03292, 0.155652, 0.032691, -0.987271, 5.044333, 0.013183, 0.999294, 0.035168, 0.761701, 0.0, 0.0, 0.0, 1.0],
                [0.987724, -0.018489, 0.155111, 0.032009, 0.155652, 0.032691, -0.987271, 5.044674, 0.013183, 0.999294, 0.035168, 0.761494, 0.0, 0.0, 0.0, 1.0],
                [0.987724, -0.018489, 0.155111, 0.031086, 0.155652, 0.032691, -0.987271, 5.045015, 0.013183, 0.999294, 0.035168, 0.761285, 0.0, 0.0, 0.0, 1.0],
                [0.987724, -0.018489, 0.155111, 0.030155, 0.155652, 0.032691, -0.987271, 5.045355, 0.013183, 0.999294, 0.035168, 0.761074, 0.0, 0.0, 0.0, 1.0],
                [0.987724, -0.018489, 0.155111, 0.029221, 0.155652, 0.032691, -0.987271, 5.045694, 0.013183, 0.999294, 0.035168, 0.760862, 0.0, 0.0, 0.0, 1.0],
                [0.987724, -0.018489, 0.155111, 0.028287, 0.155652, 0.032691, -0.987271, 5.046029, 0.013183, 0.999294, 0.035168, 0.76065, 0.0, 0.0, 0.0, 1.0],
                [0.987724, -0.018489, 0.155111, 0.027356, 0.155652, 0.032691, -0.987271, 5.04636, 0.013183, 0.999294, 0.035168, 0.760439, 0.0, 0.0, 0.0, 1.0],
                [0.987724, -0.018489, 0.155111, 0.026433, 0.155652, 0.032691, -0.987271, 5.046685, 0.013183, 0.999294, 0.035168, 0.76023, 0.0, 0.0, 0.0, 1.0],
                [0.987724, -0.018489, 0.155111, 0.025522, 0.155652, 0.032691, -0.987271, 5.047005, 0.013183, 0.999294, 0.035168, 0.760023, 0.0, 0.0, 0.0, 1.0],
                [0.987724, -0.018489, 0.155111, 0.024626, 0.155652, 0.032691, -0.987271, 5.047317, 0.013183, 0.999294, 0.035168, 0.75982, 0.0, 0.0, 0.0, 1.0],
                [0.987724, -0.018489, 0.155111, 0.023749, 0.155652, 0.032691, -0.987271, 5.04762, 0.013183, 0.999294, 0.035168, 0.759622, 0.0, 0.0, 0.0, 1.0],
                [0.987724, -0.018489, 0.155111, 0.022896, 0.155652, 0.032691, -0.987271, 5.047913, 0.013183, 0.999294, 0.035168, 0.759428, 0.0, 0.0, 0.0, 1.0],
                [0.987724, -0.018489, 0.155111, 0.02207, 0.155652, 0.032691, -0.987271, 5.048196, 0.013183, 0.999294, 0.035168, 0.759241, 0.0, 0.0, 0.0, 1.0],
                [0.987724, -0.018489, 0.155111, 0.021275, 0.155652, 0.032691, -0.987271, 5.048467, 0.013183, 0.999294, 0.035168, 0.75906, 0.0, 0.0, 0.0, 1.0],
                [0.987724, -0.018489, 0.155111, 0.020514, 0.155652, 0.032691, -0.987271, 5.048725, 0.013183, 0.999294, 0.035168, 0.758888, 0.0, 0.0, 0.0, 1.0],
                [0.987724, -0.018489, 0.155111, 0.019792, 0.155652, 0.032691, -0.987271, 5.048967, 0.013183, 0.999294, 0.035168, 0.758724, 0.0, 0.0, 0.0, 1.0],
                [0.987724, -0.018489, 0.155111, 0.019113, 0.155652, 0.032691, -0.987271, 5.049195, 0.013183, 0.999294, 0.035168, 0.75857, 0.0, 0.0, 0.0, 1.0],
                [0.987724, -0.018489, 0.155111, 0.01848, 0.155652, 0.032691, -0.987271, 5.049407, 0.013183, 0.999294, 0.035168, 0.758427, 0.0, 0.0, 0.0, 1.0],
                [0.987724, -0.018489, 0.155111, 0.017897, 0.155652, 0.032691, -0.987271, 5.049601, 0.013183, 0.999294, 0.035168, 0.758295, 0.0, 0.0, 0.0, 1.0],
                [0.987724, -0.018489, 0.155111, 0.017368, 0.155652, 0.032691, -0.987271, 5.049777, 0.013183, 0.999294, 0.035168, 0.758175, 0.0, 0.0, 0.0, 1.0],
                [0.987724, -0.018489, 0.155111, 0.016897, 0.155652, 0.032691, -0.987271, 5.049932, 0.013183, 0.999294, 0.035168, 0.758068, 0.0, 0.0, 0.0, 1.0],
                [0.987724, -0.018489, 0.155111, 0.016488, 0.155652, 0.032691, -0.987271, 5.050067, 0.013183, 0.999294, 0.035168, 0.757975, 0.0, 0.0, 0.0, 1.0],
                [0.987724, -0.018489, 0.155111, 0.016145, 0.155652, 0.032691, -0.987271, 5.05018, 0.013183, 0.999294, 0.035168, 0.757897, 0.0, 0.0, 0.0, 1.0],
                [0.987724, -0.018489, 0.155111, 0.015871, 0.155652, 0.032691, -0.987271, 5.05027, 0.013183, 0.999294, 0.035168, 0.757835, 0.0, 0.0, 0.0, 1.0],
                [0.987724, -0.018489, 0.155111, 0.015671, 0.155652, 0.032691, -0.987271, 5.050335, 0.013183, 0.999294, 0.035168, 0.75779, 0.0, 0.0, 0.0, 1.0],
                [0.987724, -0.018489, 0.155111, 0.015548, 0.155652, 0.032691, -0.987271, 5.050375, 0.013183, 0.999294, 0.035168, 0.757762, 0.0, 0.0, 0.0, 1.0],
                [0.987724, -0.018489, 0.155111, 0.015506, 0.155652, 0.032691, -0.987271, 5.050389, 0.013183, 0.999294, 0.035168, 0.757753, 0.0, 0.0, 0.0, 1.0],
                [0.987724, -0.018489, 0.155111, 0.015506, 0.155652, 0.032691, -0.987271, 5.050389, 0.013183, 0.999294, 0.035168, 0.757753, 0.0, 0.0, 0.0, 1.0],
                [0.987724, -0.018489, 0.155111, 0.015506, 0.155652, 0.032691, -0.987271, 5.050389, 0.013183, 0.999294, 0.035168, 0.757753, 0.0, 0.0, 0.0, 1.0],
                [0.987724, -0.018489, 0.155111, 0.015506, 0.155652, 0.032691, -0.987271, 5.050389, 0.013183, 0.999294, 0.035168, 0.757753, 0.0, 0.0, 0.0, 1.0],
                [0.987724, -0.018489, 0.155111, 0.015506, 0.155652, 0.032691, -0.987271, 5.050389, 0.013183, 0.999294, 0.035168, 0.757753, 0.0, 0.0, 0.0, 1.0],
                [0.987724, -0.018489, 0.155111, 0.015506, 0.155652, 0.032691, -0.987271, 5.050389, 0.013183, 0.999294, 0.035168, 0.757753, 0.0, 0.0, 0.0, 1.0],
                [0.987724, -0.018489, 0.155111, 0.015506, 0.155652, 0.032691, -0.987271, 5.050389, 0.013183, 0.999294, 0.035168, 0.757753, 0.0, 0.0, 0.0, 1.0],
                [0.987724, -0.018489, 0.155111, 0.015506, 0.155652, 0.032691, -0.987271, 5.050389, 0.013183, 0.999294, 0.035168, 0.757753, 0.0, 0.0, 0.0, 1.0],
                [0.987724, -0.018489, 0.155111, 0.015506, 0.155652, 0.032691, -0.987271, 5.050389, 0.013183, 0.999294, 0.035168, 0.757753, 0.0, 0.0, 0.0, 1.0],
                [0.987724, -0.018489, 0.155111, 0.015506, 0.155652, 0.032691, -0.987271, 5.050389, 0.013183, 0.999294, 0.035168, 0.757753, 0.0, 0.0, 0.0, 1.0],
                [0.987724, -0.018489, 0.155111, 0.015939, 0.155652, 0.032691, -0.987271, 5.047636, 0.013183, 0.999294, 0.035168, 0.757851, 0.0, 0.0, 0.0, 1.0],
                [0.987724, -0.018489, 0.155111, 0.01718, 0.155652, 0.032691, -0.987271, 5.039737, 0.013183, 0.999294, 0.035168, 0.758132, 0.0, 0.0, 0.0, 1.0],
                [0.987724, -0.018489, 0.155111, 0.019144, 0.155652, 0.032691, -0.987271, 5.027236, 0.013183, 0.999294, 0.035168, 0.758577, 0.0, 0.0, 0.0, 1.0],
                [0.987724, -0.018489, 0.155111, 0.021746, 0.155652, 0.032691, -0.987271, 5.010673, 0.013183, 0.999294, 0.035168, 0.759167, 0.0, 0.0, 0.0, 1.0],
                [0.987724, -0.018489, 0.155111, 0.024901, 0.155652, 0.032691, -0.987271, 4.990588, 0.013183, 0.999294, 0.035168, 0.759883, 0.0, 0.0, 0.0, 1.0],
                [0.987724, -0.018489, 0.155111, 0.028525, 0.155652, 0.032691, -0.987271, 4.967525, 0.013183, 0.999294, 0.035168, 0.760704, 0.0, 0.0, 0.0, 1.0],
                [0.987724, -0.018489, 0.155111, 0.032531, 0.155652, 0.032691, -0.987271, 4.942026, 0.013183, 0.999294, 0.035168, 0.761613, 0.0, 0.0, 0.0, 1.0],
                [0.987724, -0.018489, 0.155111, 0.036835, 0.155652, 0.032691, -0.987271, 4.914631, 0.013183, 0.999294, 0.035168, 0.762588, 0.0, 0.0, 0.0, 1.0],
                [0.987724, -0.018489, 0.155111, 0.041352, 0.155652, 0.032691, -0.987271, 4.885882, 0.013183, 0.999294, 0.035168, 0.763613, 0.0, 0.0, 0.0, 1.0],
                [0.987724, -0.018489, 0.155111, 0.045997, 0.155652, 0.032691, -0.987271, 4.85632, 0.013183, 0.999294, 0.035168, 0.764665, 0.0, 0.0, 0.0, 1.0],
                [0.987724, -0.018489, 0.155111, 0.050684, 0.155652, 0.032691, -0.987271, 4.826487, 0.013183, 0.999294, 0.035168, 0.765728, 0.0, 0.0, 0.0, 1.0],
                [0.987724, -0.018489, 0.155111, 0.055328, 0.155652, 0.032691, -0.987271, 4.796926, 0.013183, 0.999294, 0.035168, 0.766781, 0.0, 0.0, 0.0, 1.0],
                [0.987724, -0.018489, 0.155111, 0.059845, 0.155652, 0.032691, -0.987271, 4.768177, 0.013183, 0.999294, 0.035168, 0.767805, 0.0, 0.0, 0.0, 1.0],
                [0.987724, -0.018489, 0.155111, 0.064149, 0.155652, 0.032691, -0.987271, 4.740781, 0.013183, 0.999294, 0.035168, 0.768781, 0.0, 0.0, 0.0, 1.0],
                [0.987724, -0.018489, 0.155111, 0.068155, 0.155652, 0.032691, -0.987271, 4.715281, 0.013183, 0.999294, 0.035168, 0.76969, 0.0, 0.0, 0.0, 1.0],
                [0.987724, -0.018489, 0.155111, 0.071779, 0.155652, 0.032691, -0.987271, 4.692219, 0.013183, 0.999294, 0.035168, 0.770511, 0.0, 0.0, 0.0, 1.0],
                [0.987724, -0.018489, 0.155111, 0.074934, 0.155652, 0.032691, -0.987271, 4.672135, 0.013183, 0.999294, 0.035168, 0.771226, 0.0, 0.0, 0.0, 1.0],
                [0.987724, -0.018489, 0.155111, 0.077536, 0.155652, 0.032691, -0.987271, 4.655571, 0.013183, 0.999294, 0.035168, 0.771816, 0.0, 0.0, 0.0, 1.0],
                [0.987724, -0.018489, 0.155111, 0.0795, 0.155652, 0.032691, -0.987271, 4.64307, 0.013183, 0.999294, 0.035168, 0.772262, 0.0, 0.0, 0.0, 1.0],
                [0.987724, -0.018489, 0.155111, 0.080741, 0.155652, 0.032691, -0.987271, 4.635172, 0.013183, 0.999294, 0.035168, 0.772543, 0.0, 0.0, 0.0, 1.0],
                [0.987724, -0.018489, 0.155111, 0.081174, 0.155652, 0.032691, -0.987271, 4.632419, 0.013183, 0.999294, 0.035168, 0.772641, 0.0, 0.0, 0.0, 1.0],
                [0.987724, -0.018489, 0.155111, 0.081174, 0.155652, 0.032691, -0.987271, 4.632419, 0.013183, 0.999294, 0.035168, 0.772641, 0.0, 0.0, 0.0, 1.0],
                [0.987724, -0.018489, 0.155111, 0.081174, 0.155652, 0.032691, -0.987271, 4.632419, 0.013183, 0.999294, 0.035168, 0.772641, 0.0, 0.0, 0.0, 1.0],
                [0.987724, -0.018489, 0.155111, 0.081174, 0.155652, 0.032691, -0.987271, 4.632419, 0.013183, 0.999294, 0.035168, 0.772641, 0.0, 0.0, 0.0, 1.0],
                [0.987724, -0.018489, 0.155111, 0.081174, 0.155652, 0.032691, -0.987271, 4.632419, 0.013183, 0.999294, 0.035168, 0.772641, 0.0, 0.0, 0.0, 1.0],
                [0.987724, -0.018489, 0.155111, 0.081174, 0.155652, 0.032691, -0.987271, 4.632419, 0.013183, 0.999294, 0.035168, 0.772641, 0.0, 0.0, 0.0, 1.0],
                [0.987724, -0.018489, 0.155111, 0.081174, 0.155652, 0.032691, -0.987271, 4.632419, 0.013183, 0.999294, 0.035168, 0.772641, 0.0, 0.0, 0.0, 1.0],
                [0.987724, -0.018489, 0.155111, 0.081174, 0.155652, 0.032691, -0.987271, 4.632419, 0.013183, 0.999294, 0.035168, 0.772641, 0.0, 0.0, 0.0, 1.0],
                [0.987724, -0.018489, 0.155111, 0.081174, 0.155652, 0.032691, -0.987271, 4.632419, 0.013183, 0.999294, 0.035168, 0.772641, 0.0, 0.0, 0.0, 1.0],
                [0.987724, -0.018489, 0.155111, 0.081174, 0.155652, 0.032691, -0.987271, 4.632419, 0.013183, 0.999294, 0.035168, 0.772641, 0.0, 0.0, 0.0, 1.0],
                [0.987724, -0.018489, 0.155111, 0.081174, 0.155652, 0.032691, -0.987271, 4.632419, 0.013183, 0.999294, 0.035168, 0.772641, 0.0, 0.0, 0.0, 1.0],
                [0.987724, -0.018489, 0.155111, 0.081174, 0.155652, 0.032691, -0.987271, 4.632419, 0.013183, 0.999294, 0.035168, 0.772641, 0.0, 0.0, 0.0, 1.0],
                [0.987724, -0.018489, 0.155111, 0.081174, 0.155652, 0.032691, -0.987271, 4.632419, 0.013183, 0.999294, 0.035168, 0.772641, 0.0, 0.0, 0.0, 1.0],
                [0.987724, -0.018489, 0.155111, 0.081174, 0.155652, 0.032691, -0.987271, 4.632419, 0.013183, 0.999294, 0.035168, 0.772641, 0.0, 0.0, 0.0, 1.0],
                [0.987724, -0.018489, 0.155111, 0.081174, 0.155652, 0.032691, -0.987271, 4.632419, 0.013183, 0.999294, 0.035168, 0.772641, 0.0, 0.0, 0.0, 1.0],
                [0.987724, -0.018489, 0.155111, 0.081174, 0.155652, 0.032691, -0.987271, 4.632419, 0.013183, 0.999294, 0.035168, 0.772641, 0.0, 0.0, 0.0, 1.0],
                [0.987724, -0.018489, 0.155111, 0.081174, 0.155652, 0.032691, -0.987271, 4.632419, 0.013183, 0.999294, 0.035168, 0.772641, 0.0, 0.0, 0.0, 1.0],
                [0.987724, -0.018489, 0.155111, 0.081174, 0.155652, 0.032691, -0.987271, 4.632419, 0.013183, 0.999294, 0.035168, 0.772641, 0.0, 0.0, 0.0, 1.0],
                [0.987724, -0.018489, 0.155111, 0.081174, 0.155652, 0.032691, -0.987271, 4.632419, 0.013183, 0.999294, 0.035168, 0.772641, 0.0, 0.0, 0.0, 1.0],
                [0.987724, -0.018489, 0.155111, 0.081174, 0.155652, 0.032691, -0.987271, 4.632419, 0.013183, 0.999294, 0.035168, 0.772641, 0.0, 0.0, 0.0, 1.0],
                [0.987724, -0.018489, 0.155111, 0.081174, 0.155652, 0.032691, -0.987271, 4.632419, 0.013183, 0.999294, 0.035168, 0.772641, 0.0, 0.0, 0.0, 1.0],
                [0.987724, -0.018489, 0.155111, 0.081174, 0.155652, 0.032691, -0.987271, 4.632419, 0.013183, 0.999294, 0.035168, 0.772641, 0.0, 0.0, 0.0, 1.0],
                [0.987724, -0.018489, 0.155111, 0.081174, 0.155652, 0.032691, -0.987271, 4.632419, 0.013183, 0.999294, 0.035168, 0.772641, 0.0, 0.0, 0.0, 1.0],
                [0.987724, -0.018489, 0.155111, 0.081174, 0.155652, 0.032691, -0.987271, 4.632419, 0.013183, 0.999294, 0.035168, 0.772641, 0.0, 0.0, 0.0, 1.0],
                [0.987724, -0.018489, 0.155111, 0.081174, 0.155652, 0.032691, -0.987271, 4.632419, 0.013183, 0.999294, 0.035168, 0.772641, 0.0, 0.0, 0.0, 1.0],
                [0.987724, -0.018489, 0.155111, 0.081174, 0.155652, 0.032691, -0.987271, 4.632419, 0.013183, 0.999294, 0.035168, 0.772641, 0.0, 0.0, 0.0, 1.0],
                [0.987724, -0.018489, 0.155111, 0.081174, 0.155652, 0.032691, -0.987271, 4.632419, 0.013183, 0.999294, 0.035168, 0.772641, 0.0, 0.0, 0.0, 1.0],
                [0.987724, -0.018489, 0.155111, 0.081174, 0.155652, 0.032691, -0.987271, 4.632419, 0.013183, 0.999294, 0.035168, 0.772641, 0.0, 0.0, 0.0, 1.0],
                [0.987724, -0.018489, 0.155111, 0.081174, 0.155652, 0.032691, -0.987271, 4.632419, 0.013183, 0.999294, 0.035168, 0.772641, 0.0, 0.0, 0.0, 1.0],
                [0.987724, -0.018489, 0.155111, 0.081174, 0.155652, 0.032691, -0.987271, 4.632419, 0.013183, 0.999294, 0.035168, 0.772641, 0.0, 0.0, 0.0, 1.0],
                [0.987724, -0.018489, 0.155111, 0.081174, 0.155652, 0.032691, -0.987271, 4.632419, 0.013183, 0.999294, 0.035168, 0.772641, 0.0, 0.0, 0.0, 1.0],
                [0.987724, -0.018489, 0.155111, 0.081174, 0.155652, 0.032691, -0.987271, 4.632419, 0.013183, 0.999294, 0.035168, 0.772641, 0.0, 0.0, 0.0, 1.0],
                [0.987724, -0.018489, 0.155111, 0.081174, 0.155652, 0.032691, -0.987271, 4.632419, 0.013183, 0.999294, 0.035168, 0.772641, 0.0, 0.0, 0.0, 1.0]
            ]
        },
        {
            "name": "Thigh_R",
            "time": [0.0, 0.0167, 0.0333, 0.05, 0.0667, 0.0833, 0.1, 0.1167, 0.1333, 0.15, 0.1667, 0.1833, 0.2, 0.2167, 0.2333, 0.25, 0.2667, 0.2833, 0.3, 0.3167, 0.3333, 0.35, 0.3667, 0.3833, 0.4, 0.4167, 0.4333, 0.45, 0.4667, 0.4833, 0.5, 0.5167, 0.5333, 0.55, 0.5667, 0.5833, 0.6, 0.6167, 0.6333, 0.65, 0.6667, 0.6833, 0.7, 0.7167, 0.7333, 0.75, 0.7667, 0.7833, 0.8, 0.8167, 0.8333, 0.85, 0.8667, 0.8833, 0.9, 0.9167, 0.9333, 0.95, 0.9667, 0.9833, 1.0, 1.0167, 1.0333, 1.05, 1.0667, 1.0833, 1.1, 1.1167, 1.1333, 1.15, 1.1667, 1.1833, 1.2, 1.2167, 1.2333, 1.25, 1.2667, 1.2833, 1.3, 1.3167, 1.3333, 1.35, 1.3667, 1.3833, 1.4, 1.4167, 1.4333, 1.45, 1.4667, 1.4833, 1.5, 1.5167, 1.5333, 1.55, 1.5667, 1.5833, 1.6, 1.6167, 1.6333, 1.65, 1.6667, 1.6833, 1.7, 1.7167, 1.7333, 1.75, 1.7667, 1.7833, 1.8, 1.8167, 1.8333, 1.85, 1.8667, 1.8833, 1.9, 1.9167, 1.9333, 1.95, 1.9667, 1.9833, 2.0, 2.0167, 2.0333, 2.05, 2.0667, 2.0833, 2.1, 2.1167, 2.1333, 2.15, 2.1667, 2.1833, 2.2, 2.2167, 2.2333, 2.25, 2.2667, 2.2833, 2.3, 2.3167, 2.3333, 2.35, 2.3667, 2.3833, 2.4, 2.4167, 2.4333, 2.45, 2.4667, 2.4833, 2.5, 2.5167, 2.5333, 2.55, 2.5667, 2.5833, 2.6, 2.6167, 2.6333, 2.65, 2.6667, 2.6833, 2.7, 2.7167, 2.7333, 2.75, 2.7667, 2.7833, 2.8, 2.8167, 2.8333, 2.85, 2.8667, 2.8833, 2.9, 2.9167, 2.9333, 2.95, 2.9667, 2.9833, 3.0, 3.0167, 3.0333, 3.05, 3.0667, 3.0833, 3.1, 3.1167, 3.1333, 3.15, 3.1667, 3.1833, 3.2, 3.2167, 3.2333, 3.25, 3.2667, 3.2833, 3.3, 3.3167, 3.3333, 3.35, 3.3667, 3.3833, 3.4, 3.4167, 3.4333, 3.45, 3.4667, 3.4833, 3.5, 3.5167, 3.5333, 3.55, 3.5667],
            "transform": [
                [0.998908, 0.046665, 0.002352, 0.124994, 0.041081, -0.85316, -0.520029, -0.002831, -0.022261, 0.519558, -0.854145, -1.2e-05, 0.0, 0.0, 0.0, 1.0],
                [0.998908, 0.046672, 0.002343, 0.124994, 0.041092, -0.85339, -0.51965, -0.002831, -0.022254, 0.519179, -0.854376, -1.2e-05, 0.0, 0.0, 0.0, 1.0],
                [0.998907, 0.046692, 0.002317, 0.124994, 0.041128, -0.854142, -0.51841, -0.002831, -0.022226, 0.517939, -0.855129, -1.2e-05, 0.0, 0.0, 0.0, 1.0],
                [0.998905, 0.046721, 0.002278, 0.124994, 0.041191, -0.855503, -0.516156, -0.002831, -0.022167, 0.515684, -0.856492, -1.2e-05, 0.0, 0.0, 0.0, 1.0],
                [0.998904, 0.04676, 0.002226, 0.124994, 0.041286, -0.857559, -0.512726, -0.002831, -0.022066, 0.512256, -0.858549, -1.2e-05, 0.0, 0.0, 0.0, 1.0],
                [0.998902, 0.046805, 0.002165, 0.124994, 0.041416, -0.860388, -0.507954, -0.002831, -0.021912, 0.507485, -0.861382, -1.2e-05, 0.0, 0.0, 0.0, 1.0],
                [0.998899, 0.046856, 0.002096, 0.124994, 0.041584, -0.864063, -0.501662, -0.002831, -0.021695, 0.501198, -0.865061, -1.2e-05, 0.0, 0.0, 0.0, 1.0],
                [0.998897, 0.046909, 0.002021, 0.124994, 0.041791, -0.868647, -0.493665, -0.002831, -0.021402, 0.493205, -0.86965, -1.2e-05, 0.0, 0.0, 0.0, 1.0],
                [0.998895, 0.046963, 0.001942, 0.124994, 0.042041, -0.87419, -0.483761, -0.002831, -0.021021, 0.483308, -0.875198, -1.2e-05, 0.0, 0.0, 0.0, 1.0],
                [0.998892, 0.047017, 0.001862, 0.124994, 0.042334, -0.880724, -0.471733, -0.002831, -0.020539, 0.47129, -0.881739, -1.2e-05, 0.0, 0.0, 0.0, 1.0],
                [0.99889, 0.047067, 0.001783, 0.124994, 0.04267, -0.888263, -0.457349, -0.002831, -0.019943, 0.456918, -0.889285, -1.2e-05, 0.0, 0.0, 0.0, 1.0],
                [0.998888, 0.047112, 0.001706, 0.124994, 0.043048, -0.89679, -0.440356, -0.002831, -0.019216, 0.43994, -0.897821, -1.2e-05, 0.0, 0.0, 0.0, 1.0],
                [0.998886, 0.04715, 0.001634, 0.124994, 0.043465, -0.906259, -0.420482, -0.002831, -0.018345, 0.420085, -0.907299, -1.2e-05, 0.0, 0.0, 0.0, 1.0],
                [0.998885, 0.047179, 0.00157, 0.124994, 0.043916, -0.916579, -0.397433, -0.002831, -0.017312, 0.397059, -0.91763, -1.2e-05, 0.0, 0.0, 0.0, 1.0],
                [0.998884, 0.047197, 0.001516, 0.124994, 0.044393, -0.927612, -0.370898, -0.002831, -0.016099, 0.370552, -0.928672, -1.2e-05, 0.0, 0.0, 0.0, 1.0],
                [0.998884, 0.047203, 0.001476, 0.124994, 0.044884, -0.939154, -0.34055, -0.002831, -0.014689, 0.340236, -0.940225, -1.2e-05, 0.0, 0.0, 0.0, 1.0],
                [0.998885, 0.047196, 0.001452, 0.124994, 0.045375, -0.950933, -0.30605, -0.002831, -0.013064, 0.305775, -0.952014, -1.2e-05, 0.0, 0.0, 0.0, 1.0],
                [0.998886, 0.047173, 0.001448, 0.124994, 0.045846, -0.962588, -0.267062, -0.002831, -0.011204, 0.266831, -0.963678, -1.2e-05, 0.0, 0.0, 0.0, 1.0],
                [0.998887, 0.047136, 0.001469, 0.124994, 0.046273, -0.973659, -0.223262, -0.002831, -0.009093, 0.223081, -0.974757, -1.2e-05, 0.0, 0.0, 0.0, 1.0],
                [0.99889, 0.047083, 0.001518, 0.124994, 0.046626, -0.983577, -0.174358, -0.002831, -0.006716, 0.174235, -0.984681, -1.2e-05, 0.0, 0.0, 0.0, 1.0],
                [0.998893, 0.047017, 0.0016, 0.124994, 0.046868, -0.991652, -0.120121, -0.002831, -0.004061, 0.120063, -0.992758, -1.2e-05, 0.0, 0.0, 0.0, 1.0],
                [0.998896, 0.046938, 0.00172, 0.124994, 0.046956, -0.997068, -0.060411, -0.002831, -0.001121, 0.060425, -0.998172, -1.2e-05, 0.0, 0.0, 0.0, 1.0],
                [0.9989, 0.04685, 0.001882, 0.124994, 0.046841, -0.998891, 0.004776, -0.002831, 0.002104, -0.004683, -0.999987, -1.2e-05, 0.0, 0.0, 0.0, 1.0],
