{
    "armature": {
        "joints": ["Root", "Thigh_R", "Leg_R", "Knee_R", "Thigh_L", "Leg_L", "Knee_L", "Torso", "Chest", "Head", "Shoulder_R", "Arm_R", "Hand_R", "Tool_R", "Elbow_R", "Shoulder_L", "Arm_L", "Hand_L", "Tool_L", "Elbow_L"],
        "hierarchy": [
            {
                "name": "Root",
                "transform": [1.0, 0.0, 0.0, -5e-06, 0.0, 0.0, -1.0, 0.000946, 0.0, 1.0, 0.0, 0.763972, 0.0, 0.0, 0.0, 1.0],
                "children": [
                    {
                        "name": "Thigh_R",
                        "transform": [1.0, -0.0, -0.0, 0.124994, -0.0, -1.0, 0.0, -0.002831, -0.0, -0.0, -1.0, -1.2e-05, 0.0, 0.0, 0.0, 1.0],
                        "children": [
                            {
                                "name": "Leg_R",
                                "transform": [1.0, 0.0, 1e-06, 0.0, -0.0, 1.0, 0.0, 0.37472, -1e-06, -0.0, 1.0, -0.0, 0.0, 0.0, 0.0, 1.0],
                                "children": []
                            },
                            {
                                "name": "Knee_R",
                                "transform": [1.0, 0.0, -0.0, 0.0, -0.0, 0.0, -1.0, 0.37472, -0.0, 1.0, 0.0, -0.0, 0.0, 0.0, 0.0, 1.0],
                                "children": []
                            }
                        ]
                    },
                    {
                        "name": "Thigh_L",
                        "transform": [1.0, -0.0, -0.0, -0.125006, -0.0, -1.0, 0.0, -0.002831, -0.0, -0.0, -1.0, -1.2e-05, 0.0, 0.0, 0.0, 1.0],
                        "children": [
                            {
                                "name": "Leg_L",
                                "transform": [1.0, 0.0, 1e-06, -0.0, -0.0, 1.0, 0.0, 0.37472, -1e-06, -0.0, 1.0, 0.0, 0.0, 0.0, 0.0, 1.0],
                                "children": []
                            },
                            {
                                "name": "Knee_L",
                                "transform": [1.0, 0.0, -0.0, -0.0, -0.0, 0.0, -1.0, 0.37472, -0.0, 1.0, 0.0, 0.0, 0.0, 0.0, 0.0, 1.0],
                                "children": []
                            }
                        ]
                    },
                    {
                        "name": "Torso",
                        "transform": [1.0, 0.0, 0.0, 0.0, 0.0, 1.0, 0.0, 0.05, 0.0, 0.0, 1.0, 0.0, 0.0, 0.0, 0.0, 1.0],
                        "children": [
                            {
                                "name": "Chest",
                                "transform": [1.0, 0.0, 0.0, 0.0, 0.0, 1.0, 0.0, 0.3, 0.0, 0.0, 1.0, 0.0, 0.0, 0.0, 0.0, 1.0],
                                "children": [
                                    {
                                        "name": "Head",
                                        "transform": [1.0, 0.0, 0.0, 0.0, 0.0, 1.0, 0.0, 0.4, 0.0, 0.0, 1.0, 0.0, 0.0, 0.0, 0.0, 1.0],
                                        "children": []
                                    },
                                    {
                                        "name": "Shoulder_R",
                                        "transform": [0.0, 0.952114, 0.305743, 0.0, 0.0, -0.305743, 0.952114, 0.4, 1.0, 0.0, -0.0, 0.0, 0.0, 0.0, 0.0, 1.0],
                                        "children": [
                                            {
                                                "name": "Arm_R",
                                                "transform": [0.0, -0.0, -1.0, -0.0, 0.952114, 0.305743, 0.0, 0.39386, 0.305743, -0.952114, 0.0, 0.0, 0.0, 0.0, 0.0, 1.0],
                                                "children": [
                                                    {
                                                        "name": "Hand_R",
                                                        "transform": [1.0, 0.0, 0.0, 0.0, -0.0, 0.993938, 0.109947, 0.3, -0.0, -0.109947, 0.993937, 0.0, 0.0, 0.0, 0.0, 1.0],
                                                        "children": [
                                                            {
                                                                "name": "Tool_R",
                                                                "transform": [1.0, 0.0, 0.0, -0.0, 0.0, -0.999836, 0.018122, 0.272858, 0.0, -0.018122, -0.999836, 0.0, 0.0, 0.0, 0.0, 1.0],
                                                                "children": []
                                                            }
                                                        ]
                                                    },
                                                    {
                                                        "name": "Elbow_R",
                                                        "transform": [-1.0, 0.0, -0.0, 0.0, 0.0, 0.0, -1.0, 0.3, -0.0, -1.0, -0.0, 0.0, 0.0, 0.0, 0.0, 1.0],
                                                        "children": []
                                                    }
                                                ]
                                            }
                                        ]
                                    },
                                    {
                                        "name": "Shoulder_L",
                                        "transform": [-0.0, -0.952114, -0.305743, 0.0, 0.0, -0.305743, 0.952114, 0.4, -1.0, 0.0, 0.0, 0.0, 0.0, 0.0, 0.0, 1.0],
                                        "children": [
                                            {
                                                "name": "Arm_L",
                                                "transform": [-0.0, -0.0, 1.0, -0.0, -0.952114, 0.305743, -0.0, 0.39386, -0.305743, -0.952114, -0.0, 0.0, 0.0, 0.0, 0.0, 1.0],
                                                "children": [
                                                    {
                                                        "name": "Hand_L",
                                                        "transform": [1.0, -0.0, 0.0, -0.0, 0.0, 0.993937, 0.109947, 0.3, -0.0, -0.109947, 0.993937, 0.0, 0.0, 0.0, 0.0, 1.0],
                                                        "children": [
                                                            {
                                                                "name": "Tool_L",
                                                                "transform": [1.0, 0.0, 0.0, -0.0, -0.0, -0.999836, 0.018122, 0.272858, 0.0, -0.018122, -0.999836, -0.0, 0.0, 0.0, 0.0, 1.0],
                                                                "children": []
                                                            }
                                                        ]
                                                    },
                                                    {
                                                        "name": "Elbow_L",
                                                        "transform": [-1.0, 0.0, -0.0, -0.0, 0.0, -0.0, -1.0, 0.3, -0.0, -1.0, 0.0, 0.0, 0.0, 0.0, 0.0, 1.0],
                                                        "children": []
                                                    }
                                                ]
                                            }
                                        ]
                                    }
                                ]
                            }
                        ]
                    }
                ]
            }
        ]
    },
    "animation": [
        {
            "name": "Root",
            "time": [0.0, 0.0167, 0.0333, 0.05, 0.0667, 0.0833, 0.1, 0.1167, 0.1333, 0.15, 0.1667, 0.1833, 0.2, 0.2167, 0.2333, 0.25, 0.2667, 0.2833, 0.3, 0.3167, 0.3333, 0.35, 0.3667, 0.3833, 0.4, 0.4167, 0.4333, 0.45, 0.4667, 0.4833, 0.5, 0.5167, 0.5333, 0.55, 0.5667, 0.5833, 0.6, 0.6167, 0.6333, 0.65, 0.6667, 0.6833, 0.7, 0.7167, 0.7333, 0.75, 0.7667, 0.7833, 0.8, 0.8167, 0.8333, 0.85, 0.8667, 0.8833, 0.9, 0.9167, 0.9333, 0.95, 0.9667, 0.9833, 1.0, 1.0167, 1.0333, 1.05, 1.0667, 1.0833, 1.1, 1.1167, 1.1333, 1.15, 1.1667, 1.1833, 1.2, 1.2167, 1.2333, 1.25, 1.2667, 1.2833, 1.3, 1.3167, 1.3333, 1.35, 1.3667, 1.3833, 1.4, 1.4167, 1.4333, 1.45, 1.4667, 1.4833, 1.5, 1.5167, 1.5333, 1.55, 1.5667, 1.5833, 1.6, 1.6167, 1.6333, 1.65, 1.6667, 1.6833, 1.7, 1.7167, 1.7333, 1.75, 1.7667, 1.7833, 1.8, 1.8167, 1.8333, 1.85, 1.8667, 1.8833, 1.9, 1.9167],
            "transform": [
                [1.0, 0.0, 0.0, -5e-06, 0.0, 0.0, -1.0, -0.002071, 0.0, 1.0, 0.0, 0.688546, 0.0, 0.0, 0.0, 1.0],
                [1.0, 0.0, 0.0, -5e-06, 0.0, 0.0, -1.0, -0.003537, 0.0, 1.0, 0.0, 0.688546, 0.0, 0.0, 0.0, 1.0],
                [1.0, 0.0, 0.0, -5e-06, 0.0, 0.0, -1.0, -0.007731, 0.0, 1.0, 0.0, 0.688546, 0.0, 0.0, 0.0, 1.0],
                [1.0, 0.0, 0.0, -5e-06, 0.0, 0.0, -1.0, -0.01435, 0.0, 1.0, 0.0, 0.688546, 0.0, 0.0, 0.0, 1.0],
                [1.0, 0.0, 0.0, -5e-06, 0.0, 0.0, -1.0, -0.023092, 0.0, 1.0, 0.0, 0.688546, 0.0, 0.0, 0.0, 1.0],
                [1.0, 0.0, 0.0, -5e-06, 0.0, 0.0, -1.0, -0.033653, 0.0, 1.0, 0.0, 0.688546, 0.0, 0.0, 0.0, 1.0],
                [1.0, 0.0, 0.0, -5e-06, 0.0, 0.0, -1.0, -0.045729, 0.0, 1.0, 0.0, 0.688546, 0.0, 0.0, 0.0, 1.0],
                [1.0, 0.0, 0.0, -5e-06, 0.0, 0.0, -1.0, -0.059019, 0.0, 1.0, 0.0, 0.688546, 0.0, 0.0, 0.0, 1.0],
                [1.0, 0.0, 0.0, -5e-06, 0.0, 0.0, -1.0, -0.073218, 0.0, 1.0, 0.0, 0.688546, 0.0, 0.0, 0.0, 1.0],
                [1.0, 0.0, 0.0, -5e-06, 0.0, 0.0, -1.0, -0.088023, 0.0, 1.0, 0.0, 0.688546, 0.0, 0.0, 0.0, 1.0],
                [1.0, 0.0, 0.0, -5e-06, 0.0, 0.0, -1.0, -0.103132, 0.0, 1.0, 0.0, 0.688546, 0.0, 0.0, 0.0, 1.0],
                [1.0, 0.0, 0.0, -5e-06, 0.0, 0.0, -1.0, -0.118241, 0.0, 1.0, 0.0, 0.688546, 0.0, 0.0, 0.0, 1.0],
                [1.0, 0.0, 0.0, -5e-06, 0.0, 0.0, -1.0, -0.133046, 0.0, 1.0, 0.0, 0.688546, 0.0, 0.0, 0.0, 1.0],
                [1.0, 0.0, 0.0, -5e-06, 0.0, 0.0, -1.0, -0.147245, 0.0, 1.0, 0.0, 0.688546, 0.0, 0.0, 0.0, 1.0],
                [1.0, 0.0, 0.0, -5e-06, 0.0, 0.0, -1.0, -0.160535, 0.0, 1.0, 0.0, 0.688546, 0.0, 0.0, 0.0, 1.0],
                [1.0, 0.0, 0.0, -5e-06, 0.0, 0.0, -1.0, -0.172611, 0.0, 1.0, 0.0, 0.688546, 0.0, 0.0, 0.0, 1.0],
                [1.0, 0.0, 0.0, -5e-06, 0.0, 0.0, -1.0, -0.183172, 0.0, 1.0, 0.0, 0.688546, 0.0, 0.0, 0.0, 1.0],
                [1.0, 0.0, 0.0, -5e-06, 0.0, 0.0, -1.0, -0.191914, 0.0, 1.0, 0.0, 0.688546, 0.0, 0.0, 0.0, 1.0],
                [1.0, 0.0, 0.0, -5e-06, 0.0, 0.0, -1.0, -0.198533, 0.0, 1.0, 0.0, 0.688546, 0.0, 0.0, 0.0, 1.0],
                [1.0, 0.0, 0.0, -5e-06, 0.0, 0.0, -1.0, -0.202727, 0.0, 1.0, 0.0, 0.688546, 0.0, 0.0, 0.0, 1.0],
                [1.0, 0.0, 0.0, -5e-06, 0.0, 0.0, -1.0, -0.204193, 0.0, 1.0, 0.0, 0.688546, 0.0, 0.0, 0.0, 1.0],
                [1.0, 0.0, 0.0, -5e-06, 0.0, 0.0, -1.0, -0.204193, 0.0, 1.0, 0.0, 0.688546, 0.0, 0.0, 0.0, 1.0],
                [1.0, 0.0, 0.0, -5e-06, 0.0, 0.0, -1.0, -0.204193, 0.0, 1.0, 0.0, 0.688546, 0.0, 0.0, 0.0, 1.0],
                [1.0, 0.0, 0.0, -5e-06, 0.0, 0.0, -1.0, -0.204193, 0.0, 1.0, 0.0, 0.688546, 0.0, 0.0, 0.0, 1.0],
                [1.0, 0.0, 0.0, -5e-06, 0.0, 0.0, -1.0, -0.204193, 0.0, 1.0, 0.0, 0.688546, 0.0, 0.0, 0.0, 1.0],
                [1.0, 0.0, 0.0, -5e-06, 0.0, 0.0, -1.0, -0.204193, 0.0, 1.0, 0.0, 0.688546, 0.0, 0.0, 0.0, 1.0],
                [1.0, 0.0, 0.0, -5e-06, 0.0, 0.0, -1.0, -0.204193, 0.0, 1.0, 0.0, 0.688546, 0.0, 0.0, 0.0, 1.0],
                [1.0, 0.0, 0.0, -5e-06, 0.0, 0.0, -1.0, -0.204193, 0.0, 1.0, 0.0, 0.688546, 0.0, 0.0, 0.0, 1.0],
                [1.0, 0.0, 0.0, -5e-06, 0.0, 0.0, -1.0, -0.204193, 0.0, 1.0, 0.0, 0.688546, 0.0, 0.0, 0.0, 1.0],
                [1.0, 0.0, 0.0, -5e-06, 0.0, 0.0, -1.0, -0.204193, 0.0, 1.0, 0.0, 0.688546, 0.0, 0.0, 0.0, 1.0],
                [1.0, 0.0, 0.0, -5e-06, 0.0, 0.0, -1.0, -0.204193, 0.0, 1.0, 0.0, 0.688546, 0.0, 0.0, 0.0, 1.0],
                [1.0, 0.0, 0.0, -5e-06, 0.0, 0.0, -1.0, -0.204193, 0.0, 1.0, 0.0, 0.688546, 0.0, 0.0, 0.0, 1.0],
                [1.0, 0.0, 0.0, -5e-06, 0.0, 0.0, -1.0, -0.204193, 0.0, 1.0, 0.0, 0.688546, 0.0, 0.0, 0.0, 1.0],
                [1.0, 0.0, 0.0, -5e-06, 0.0, 0.0, -1.0, -0.204193, 0.0, 1.0, 0.0, 0.688546, 0.0, 0.0, 0.0, 1.0],
                [1.0, 0.0, 0.0, -5e-06, 0.0, 0.0, -1.0, -0.204193, 0.0, 1.0, 0.0, 0.688546, 0.0, 0.0, 0.0, 1.0],
                [1.0, 0.0, 0.0, -5e-06, 0.0, 0.0, -1.0, -0.204193, 0.0, 1.0, 0.0, 0.688546, 0.0, 0.0, 0.0, 1.0],
                [1.0, 0.0, 0.0, -5e-06, 0.0, 0.0, -1.0, -0.204193, 0.0, 1.0, 0.0, 0.688546, 0.0, 0.0, 0.0, 1.0],
                [1.0, 0.0, 0.0, -5e-06, 0.0, 0.0, -1.0, -0.204193, 0.0, 1.0, 0.0, 0.688546, 0.0, 0.0, 0.0, 1.0],
                [1.0, 0.0, 0.0, -5e-06, 0.0, 0.0, -1.0, -0.204193, 0.0, 1.0, 0.0, 0.688546, 0.0, 0.0, 0.0, 1.0],
                [1.0, 0.0, 0.0, -5e-06, 0.0, 0.0, -1.0, -0.204193, 0.0, 1.0, 0.0, 0.688546, 0.0, 0.0, 0.0, 1.0],
                [1.0, 0.0, 0.0, -5e-06, 0.0, 0.0, -1.0, -0.204193, 0.0, 1.0, 0.0, 0.688546, 0.0, 0.0, 0.0, 1.0],
                [1.0, 0.0, 0.0, -5e-06, 0.0, 0.0, -1.0, -0.204193, 0.0, 1.0, 0.0, 0.688546, 0.0, 0.0, 0.0, 1.0],
                [1.0, 0.0, 0.0, -5e-06, 0.0, 0.0, -1.0, -0.204193, 0.0, 1.0, 0.0, 0.688546, 0.0, 0.0, 0.0, 1.0],
                [1.0, 0.0, 0.0, -5e-06, 0.0, 0.0, -1.0, -0.204193, 0.0, 1.0, 0.0, 0.688546, 0.0, 0.0, 0.0, 1.0],
                [1.0, 0.0, 0.0, -5e-06, 0.0, 0.0, -1.0, -0.204193, 0.0, 1.0, 0.0, 0.688546, 0.0, 0.0, 0.0, 1.0],
                [1.0, 0.0, 0.0, -5e-06, 0.0, 0.0, -1.0, -0.204193, 0.0, 1.0, 0.0, 0.688546, 0.0, 0.0, 0.0, 1.0],
                [1.0, 0.0, 0.0, -5e-06, 0.0, 0.0, -1.0, -0.204193, 0.0, 1.0, 0.0, 0.688546, 0.0, 0.0, 0.0, 1.0],
                [1.0, 0.0, 0.0, -5e-06, 0.0, 0.0, -1.0, -0.204193, 0.0, 1.0, 0.0, 0.688546, 0.0, 0.0, 0.0, 1.0],
                [1.0, 0.0, 0.0, -5e-06, 0.0, 0.0, -1.0, -0.204193, 0.0, 1.0, 0.0, 0.688546, 0.0, 0.0, 0.0, 1.0],
                [1.0, 0.0, 0.0, -5e-06, 0.0, 0.0, -1.0, -0.204193, 0.0, 1.0, 0.0, 0.688546, 0.0, 0.0, 0.0, 1.0],
                [1.0, 0.0, 0.0, -5e-06, 0.0, 0.0, -1.0, -0.204193, 0.0, 1.0, 0.0, 0.688546, 0.0, 0.0, 0.0, 1.0],
                [1.0, 0.0, 0.0, -5e-06, 0.0, 0.0, -1.0, -0.204193, 0.0, 1.0, 0.0, 0.688546, 0.0, 0.0, 0.0, 1.0],
                [1.0, 0.0, 0.0, -5e-06, 0.0, 0.0, -1.0, -0.204193, 0.0, 1.0, 0.0, 0.688546, 0.0, 0.0, 0.0, 1.0],
                [1.0, 0.0, 0.0, -5e-06, 0.0, 0.0, -1.0, -0.204193, 0.0, 1.0, 0.0, 0.688546, 0.0, 0.0, 0.0, 1.0],
                [1.0, 0.0, 0.0, -5e-06, 0.0, 0.0, -1.0, -0.204193, 0.0, 1.0, 0.0, 0.688546, 0.0, 0.0, 0.0, 1.0],
                [1.0, 0.0, 0.0, -5e-06, 0.0, 0.0, -1.0, -0.204193, 0.0, 1.0, 0.0, 0.688546, 0.0, 0.0, 0.0, 1.0],
                [1.0, 0.0, 0.0, -5e-06, 0.0, 0.0, -1.0, -0.204193, 0.0, 1.0, 0.0, 0.688546, 0.0, 0.0, 0.0, 1.0],
                [1.0, 0.0, 0.0, -5e-06, 0.0, 0.0, -1.0, -0.204193, 0.0, 1.0, 0.0, 0.688546, 0.0, 0.0, 0.0, 1.0],
                [1.0, 0.0, 0.0, -5e-06, 0.0, 0.0, -1.0, -0.204193, 0.0, 1.0, 0.0, 0.688546, 0.0, 0.0, 0.0, 1.0],
                [1.0, 0.0, 0.0, -5e-06, 0.0, 0.0, -1.0, -0.204193, 0.0, 1.0, 0.0, 0.688546, 0.0, 0.0, 0.0, 1.0],
                [1.0, 0.0, 0.0, -5e-06, 0.0, 0.0, -1.0, -0.204193, 0.0, 1.0, 0.0, 0.688546, 0.0, 0.0, 0.0, 1.0],
                [1.0, 0.0, 0.0, -5e-06, 0.0, 0.0, -1.0, -0.204193, 0.0, 1.0, 0.0, 0.688546, 0.0, 0.0, 0.0, 1.0],
                [1.0, 0.0, 0.0, -5e-06, 0.0, 0.0, -1.0, -0.204193, 0.0, 1.0, 0.0, 0.688546, 0.0, 0.0, 0.0, 1.0],
                [1.0, 0.0, 0.0, -5e-06, 0.0, 0.0, -1.0, -0.204193, 0.0, 1.0, 0.0, 0.688546, 0.0, 0.0, 0.0, 1.0],
                [1.0, 0.0, 0.0, -5e-06, 0.0, 0.0, -1.0, -0.204193, 0.0, 1.0, 0.0, 0.688546, 0.0, 0.0, 0.0, 1.0],
                [1.0, 0.0, 0.0, -5e-06, 0.0, 0.0, -1.0, -0.204193, 0.0, 1.0, 0.0, 0.688546, 0.0, 0.0, 0.0, 1.0],
                [1.0, 0.0, 0.0, -5e-06, 0.0, 0.0, -1.0, -0.204193, 0.0, 1.0, 0.0, 0.688546, 0.0, 0.0, 0.0, 1.0],
                [1.0, 0.0, 0.0, -5e-06, 0.0, 0.0, -1.0, -0.204193, 0.0, 1.0, 0.0, 0.688546, 0.0, 0.0, 0.0, 1.0],
                [1.0, 0.0, 0.0, -5e-06, 0.0, 0.0, -1.0, -0.204193, 0.0, 1.0, 0.0, 0.688546, 0.0, 0.0, 0.0, 1.0],
                [1.0, 0.0, 0.0, -5e-06, 0.0, 0.0, -1.0, -0.204193, 0.0, 1.0, 0.0, 0.688546, 0.0, 0.0, 0.0, 1.0],
                [1.0, 0.0, 0.0, -5e-06, 0.0, 0.0, -1.0, -0.204193, 0.0, 1.0, 0.0, 0.688546, 0.0, 0.0, 0.0, 1.0],
                [1.0, 0.0, 0.0, -5e-06, 0.0, 0.0, -1.0, -0.204193, 0.0, 1.0, 0.0, 0.688546, 0.0, 0.0, 0.0, 1.0],
                [1.0, 0.0, 0.0, -5e-06, 0.0, 0.0, -1.0, -0.204193, 0.0, 1.0, 0.0, 0.688546, 0.0, 0.0, 0.0, 1.0],
                [1.0, 0.0, 0.0, -5e-06, 0.0, 0.0, -1.0, -0.204193, 0.0, 1.0, 0.0, 0.688546, 0.0, 0.0, 0.0, 1.0],
                [1.0, 0.0, 0.0, -5e-06, 0.0, 0.0, -1.0, -0.204193, 0.0, 1.0, 0.0, 0.688546, 0.0, 0.0, 0.0, 1.0],
                [1.0, 0.0, 0.0, -5e-06, 0.0, 0.0, -1.0, -0.204193, 0.0, 1.0, 0.0, 0.688546, 0.0, 0.0, 0.0, 1.0],
                [1.0, 0.0, 0.0, -5e-06, 0.0, 0.0, -1.0, -0.204193, 0.0, 1.0, 0.0, 0.688546, 0.0, 0.0, 0.0, 1.0],
                [1.0, 0.0, 0.0, -5e-06, 0.0, 0.0, -1.0, -0.204193, 0.0, 1.0, 0.0, 0.688546, 0.0, 0.0, 0.0, 1.0],
                [1.0, 0.0, 0.0, -5e-06, 0.0, 0.0, -1.0, -0.204193, 0.0, 1.0, 0.0, 0.688546, 0.0, 0.0, 0.0, 1.0],
                [1.0, 0.0, 0.0, -5e-06, 0.0, 0.0, -1.0, -0.204193, 0.0, 1.0, 0.0, 0.688546, 0.0, 0.0, 0.0, 1.0],
                [1.0, 0.0, 0.0, -5e-06, 0.0, 0.0, -1.0, -0.204193, 0.0, 1.0, 0.0, 0.688546, 0.0, 0.0, 0.0, 1.0],
                [1.0, 0.0, 0.0, -5e-06, 0.0, 0.0, -1.0, -0.204193, 0.0, 1.0, 0.0, 0.688546, 0.0, 0.0, 0.0, 1.0],
                [1.0, 0.0, 0.0, -5e-06, 0.0, 0.0, -1.0, -0.204193, 0.0, 1.0, 0.0, 0.688546, 0.0, 0.0, 0.0, 1.0],
                [1.0, 0.0, 0.0, -5e-06, 0.0, 0.0, -1.0, -0.204193, 0.0, 1.0, 0.0, 0.688546, 0.0, 0.0, 0.0, 1.0],
                [1.0, 0.0, 0.0, -5e-06, 0.0, 0.0, -1.0, -0.204193, 0.0, 1.0, 0.0, 0.688546, 0.0, 0.0, 0.0, 1.0],
                [1.0, 0.0, 0.0, -5e-06, 0.0, 0.0, -1.0, -0.203575, 0.0, 1.0, 0.0, 0.688546, 0.0, 0.0, 0.0, 1.0],
                [1.0, 0.0, 0.0, -5e-06, 0.0, 0.0, -1.0, -0.201777, 0.0, 1.0, 0.0, 0.688546, 0.0, 0.0, 0.0, 1.0],
                [1.0, 0.0, 0.0, -5e-06, 0.0, 0.0, -1.0, -0.19888, 0.0, 1.0, 0.0, 0.688546, 0.0, 0.0, 0.0, 1.0],
                [1.0, 0.0, 0.0, -5e-06, 0.0, 0.0, -1.0, -0.194966, 0.0, 1.0, 0.0, 0.688546, 0.0, 0.0, 0.0, 1.0],
                [1.0, 0.0, 0.0, -5e-06, 0.0, 0.0, -1.0, -0.190115, 0.0, 1.0, 0.0, 0.688546, 0.0, 0.0, 0.0, 1.0],
                [1.0, 0.0, 0.0, -5e-06, 0.0, 0.0, -1.0, -0.184409, 0.0, 1.0, 0.0, 0.688546, 0.0, 0.0, 0.0, 1.0],
                [1.0, 0.0, 0.0, -5e-06, 0.0, 0.0, -1.0, -0.177929, 0.0, 1.0, 0.0, 0.688546, 0.0, 0.0, 0.0, 1.0],
                [1.0, 0.0, 0.0, -5e-06, 0.0, 0.0, -1.0, -0.170758, 0.0, 1.0, 0.0, 0.688546, 0.0, 0.0, 0.0, 1.0],
                [1.0, 0.0, 0.0, -5e-06, 0.0, 0.0, -1.0, -0.162976, 0.0, 1.0, 0.0, 0.688546, 0.0, 0.0, 0.0, 1.0],
                [1.0, 0.0, 0.0, -5e-06, 0.0, 0.0, -1.0, -0.154665, 0.0, 1.0, 0.0, 0.688546, 0.0, 0.0, 0.0, 1.0],
                [1.0, 0.0, 0.0, -5e-06, 0.0, 0.0, -1.0, -0.145906, 0.0, 1.0, 0.0, 0.688546, 0.0, 0.0, 0.0, 1.0],
                [1.0, 0.0, 0.0, -5e-06, 0.0, 0.0, -1.0, -0.136781, 0.0, 1.0, 0.0, 0.688546, 0.0, 0.0, 0.0, 1.0],
                [1.0, 0.0, 0.0, -5e-06, 0.0, 0.0, -1.0, -0.12737, 0.0, 1.0, 0.0, 0.688546, 0.0, 0.0, 0.0, 1.0],
                [1.0, 0.0, 0.0, -5e-06, 0.0, 0.0, -1.0, -0.117756, 0.0, 1.0, 0.0, 0.688546, 0.0, 0.0, 0.0, 1.0],
                [1.0, 0.0, 0.0, -5e-06, 0.0, 0.0, -1.0, -0.10802, 0.0, 1.0, 0.0, 0.688546, 0.0, 0.0, 0.0, 1.0],
                [1.0, 0.0, 0.0, -5e-06, 0.0, 0.0, -1.0, -0.098244, 0.0, 1.0, 0.0, 0.688546, 0.0, 0.0, 0.0, 1.0],
                [1.0, 0.0, 0.0, -5e-06, 0.0, 0.0, -1.0, -0.088508, 0.0, 1.0, 0.0, 0.688546, 0.0, 0.0, 0.0, 1.0],
                [1.0, 0.0, 0.0, -5e-06, 0.0, 0.0, -1.0, -0.078894, 0.0, 1.0, 0.0, 0.688546, 0.0, 0.0, 0.0, 1.0],
                [1.0, 0.0, 0.0, -5e-06, 0.0, 0.0, -1.0, -0.069484, 0.0, 1.0, 0.0, 0.688546, 0.0, 0.0, 0.0, 1.0],
                [1.0, 0.0, 0.0, -5e-06, 0.0, 0.0, -1.0, -0.060358, 0.0, 1.0, 0.0, 0.688546, 0.0, 0.0, 0.0, 1.0],
                [1.0, 0.0, 0.0, -5e-06, 0.0, 0.0, -1.0, -0.051599, 0.0, 1.0, 0.0, 0.688546, 0.0, 0.0, 0.0, 1.0],
                [1.0, 0.0, 0.0, -5e-06, 0.0, 0.0, -1.0, -0.043288, 0.0, 1.0, 0.0, 0.688546, 0.0, 0.0, 0.0, 1.0],
                [1.0, 0.0, 0.0, -5e-06, 0.0, 0.0, -1.0, -0.035506, 0.0, 1.0, 0.0, 0.688546, 0.0, 0.0, 0.0, 1.0],
                [1.0, 0.0, 0.0, -5e-06, 0.0, 0.0, -1.0, -0.028335, 0.0, 1.0, 0.0, 0.688546, 0.0, 0.0, 0.0, 1.0],
                [1.0, 0.0, 0.0, -5e-06, 0.0, 0.0, -1.0, -0.021855, 0.0, 1.0, 0.0, 0.688546, 0.0, 0.0, 0.0, 1.0],
                [1.0, 0.0, 0.0, -5e-06, 0.0, 0.0, -1.0, -0.016149, 0.0, 1.0, 0.0, 0.688546, 0.0, 0.0, 0.0, 1.0],
                [1.0, 0.0, 0.0, -5e-06, 0.0, 0.0, -1.0, -0.011298, 0.0, 1.0, 0.0, 0.688546, 0.0, 0.0, 0.0, 1.0],
                [1.0, 0.0, 0.0, -5e-06, 0.0, 0.0, -1.0, -0.007384, 0.0, 1.0, 0.0, 0.688546, 0.0, 0.0, 0.0, 1.0],
                [1.0, 0.0, 0.0, -5e-06, 0.0, 0.0, -1.0, -0.004486, 0.0, 1.0, 0.0, 0.688546, 0.0, 0.0, 0.0, 1.0],
                [1.0, 0.0, 0.0, -5e-06, 0.0, 0.0, -1.0, -0.002689, 0.0, 1.0, 0.0, 0.688546, 0.0, 0.0, 0.0, 1.0],
                [1.0, 0.0, 0.0, -5e-06, 0.0, 0.0, -1.0, -0.002071, 0.0, 1.0, 0.0, 0.688546, 0.0, 0.0, 0.0, 1.0]
            ]
        },
        {
            "name": "Thigh_R",
            "time": [0.0, 0.0167, 0.0333, 0.05, 0.0667, 0.0833, 0.1, 0.1167, 0.1333, 0.15, 0.1667, 0.1833, 0.2, 0.2167, 0.2333, 0.25, 0.2667, 0.2833, 0.3, 0.3167, 0.3333, 0.35, 0.3667, 0.3833, 0.4, 0.4167, 0.4333, 0.45, 0.4667, 0.4833, 0.5, 0.5167, 0.5333, 0.55, 0.5667, 0.5833, 0.6, 0.6167, 0.6333, 0.65, 0.6667, 0.6833, 0.7, 0.7167, 0.7333, 0.75, 0.7667, 0.7833, 0.8, 0.8167, 0.8333, 0.85, 0.8667, 0.8833, 0.9, 0.9167, 0.9333, 0.95, 0.9667, 0.9833, 1.0, 1.0167, 1.0333, 1.05, 1.0667, 1.0833, 1.1, 1.1167, 1.1333, 1.15, 1.1667, 1.1833, 1.2, 1.2167, 1.2333, 1.25, 1.2667, 1.2833, 1.3, 1.3167, 1.3333, 1.35, 1.3667, 1.3833, 1.4, 1.4167, 1.4333, 1.45, 1.4667, 1.4833, 1.5, 1.5167, 1.5333, 1.55, 1.5667, 1.5833, 1.6, 1.6167, 1.6333, 1.65, 1.6667, 1.6833, 1.7, 1.7167, 1.7333, 1.75, 1.7667, 1.7833, 1.8, 1.8167, 1.8333, 1.85, 1.8667, 1.8833, 1.9, 1.9167],
            "transform": [
                [0.998915, 0.042282, -0.019539, 0.124994, 0.038601, -0.986241, -0.16074, -0.002831, -0.026067, 0.159811, -0.986803, -1.2e-05, 0.0, 0.0, 0.0, 1.0],
                [0.998915, 0.042307, -0.019486, 0.124994, 0.038601, -0.986037, -0.161986, -0.002831, -0.026067, 0.161058, -0.986601, -1.2e-05, 0.0, 0.0, 0.0, 1.0],
                [0.998915, 0.042377, -0.019333, 0.124994, 0.038601, -0.985445, -0.165552, -0.002831, -0.026067, 0.164626, -0.986012, -1.2e-05, 0.0, 0.0, 0.0, 1.0],
                [0.998915, 0.042487, -0.01909, 0.124994, 0.038601, -0.984484, -0.171177, -0.002831, -0.026067, 0.170254, -0.985055, -1.2e-05, 0.0, 0.0, 0.0, 1.0],
                [0.998915, 0.042629, -0.018769, 0.124994, 0.038601, -0.983164, -0.178598, -0.002831, -0.026067, 0.17768, -0.983743, -1.2e-05, 0.0, 0.0, 0.0, 1.0],
                [0.998915, 0.042799, -0.01838, 0.124994, 0.038601, -0.981495, -0.187553, -0.002831, -0.026067, 0.18664, -0.982083, -1.2e-05, 0.0, 0.0, 0.0, 1.0],
                [0.998915, 0.042988, -0.017933, 0.124994, 0.038601, -0.979487, -0.197776, -0.002831, -0.026067, 0.19687, -0.980083, -1.2e-05, 0.0, 0.0, 0.0, 1.0],
                [0.998915, 0.043191, -0.017438, 0.124994, 0.038601, -0.977152, -0.209005, -0.002831, -0.026067, 0.208105, -0.977759, -1.2e-05, 0.0, 0.0, 0.0, 1.0],
                [0.998915, 0.043402, -0.016907, 0.124994, 0.038601, -0.974515, -0.220974, -0.002831, -0.026067, 0.220082, -0.975133, -1.2e-05, 0.0, 0.0, 0.0, 1.0],
                [0.998915, 0.043614, -0.016351, 0.124994, 0.038601, -0.971609, -0.233421, -0.002831, -0.026067, 0.232537, -0.972238, -1.2e-05, 0.0, 0.0, 0.0, 1.0],
                [0.998915, 0.043824, -0.01578, 0.124994, 0.038601, -0.968479, -0.246085, -0.002831, -0.026067, 0.245209, -0.96912, -1.2e-05, 0.0, 0.0, 0.0, 1.0],
                [0.998915, 0.044026, -0.015207, 0.124994, 0.038601, -0.965184, -0.258707, -0.002831, -0.026067, 0.257839, -0.965836, -1.2e-05, 0.0, 0.0, 0.0, 1.0],
                [0.998915, 0.044217, -0.014642, 0.124994, 0.038601, -0.961796, -0.271031, -0.002831, -0.026067, 0.270172, -0.962459, -1.2e-05, 0.0, 0.0, 0.0, 1.0],
                [0.998915, 0.044393, -0.014099, 0.124994, 0.038601, -0.958399, -0.282807, -0.002831, -0.026067, 0.281956, -0.959073, -1.2e-05, 0.0, 0.0, 0.0, 1.0],
                [0.998915, 0.044552, -0.013588, 0.124994, 0.038601, -0.955091, -0.293788, -0.002831, -0.026067, 0.292945, -0.955774, -1.2e-05, 0.0, 0.0, 0.0, 1.0],
                [0.998915, 0.044692, -0.013123, 0.124994, 0.038601, -0.951975, -0.303731, -0.002831, -0.026067, 0.302895, -0.952667, -1.2e-05, 0.0, 0.0, 0.0, 1.0],
                [0.998915, 0.044809, -0.012715, 0.124994, 0.038601, -0.949167, -0.312396, -0.002831, -0.026067, 0.311566, -0.949867, -1.2e-05, 0.0, 0.0, 0.0, 1.0],
                [0.998915, 0.044904, -0.012377, 0.124994, 0.038601, -0.946784, -0.319547, -0.002831, -0.026067, 0.318722, -0.94749, -1.2e-05, 0.0, 0.0, 0.0, 1.0],
                [0.998915, 0.044974, -0.01212, 0.124994, 0.038601, -0.944943, -0.324948, -0.002831, -0.026067, 0.324128, -0.945654, -1.2e-05, 0.0, 0.0, 0.0, 1.0],
                [0.998915, 0.045018, -0.011957, 0.124994, 0.038601, -0.943762, -0.328365, -0.002831, -0.026067, 0.327547, -0.944475, -1.2e-05, 0.0, 0.0, 0.0, 1.0],
                [0.998915, 0.045033, -0.0119, 0.124994, 0.038601, -0.943346, -0.329557, -0.002831, -0.026067, 0.32874, -0.944061, -1.2e-05, 0.0, 0.0, 0.0, 1.0],
                [0.998915, 0.045033, -0.0119, 0.124994, 0.038601, -0.943346, -0.329557, -0.002831, -0.026067, 0.32874, -0.944061, -1.2e-05, 0.0, 0.0, 0.0, 1.0],
                [0.998915, 0.045033, -0.0119, 0.124994, 0.038601, -0.943346, -0.329557, -0.002831, -0.026067, 0.32874, -0.944061, -1.2e-05, 0.0, 0.0, 0.0, 1.0],
                [0.998915, 0.045033, -0.0119, 0.124994, 0.038601, -0.943346, -0.329557, -0.002831, -0.026067, 0.32874, -0.944061, -1.2e-05, 0.0, 0.0, 0.0, 1.0],
                [0.998915, 0.045033, -0.0119, 0.124994, 0.038601, -0.943346, -0.329557, -0.002831, -0.026067, 0.32874, -0.944061, -1.2e-05, 0.0, 0.0, 0.0, 1.0],
                [0.998915, 0.045033, -0.0119, 0.124994, 0.038601, -0.943346, -0.329557, -0.002831, -0.026067, 0.32874, -0.944061, -1.2e-05, 0.0, 0.0, 0.0, 1.0],
                [0.998915, 0.045033, -0.0119, 0.124994, 0.038601, -0.943346, -0.329557, -0.002831, -0.026067, 0.32874, -0.944061, -1.2e-05, 0.0, 0.0, 0.0, 1.0],
                [0.998915, 0.045033, -0.0119, 0.124994, 0.038601, -0.943346, -0.329557, -0.002831, -0.026067, 0.32874, -0.944061, -1.2e-05, 0.0, 0.0, 0.0, 1.0],
                [0.998915, 0.045033, -0.0119, 0.124994, 0.038601, -0.943346, -0.329557, -0.002831, -0.026067, 0.32874, -0.944061, -1.2e-05, 0.0, 0.0, 0.0, 1.0],
                [0.998915, 0.045033, -0.0119, 0.124994, 0.038601, -0.943346, -0.329557, -0.002831, -0.026067, 0.32874, -0.944061, -1.2e-05, 0.0, 0.0, 0.0, 1.0],
                [0.998915, 0.045033, -0.0119, 0.124994, 0.038601, -0.943346, -0.329557, -0.002831, -0.026067, 0.32874, -0.944061, -1.2e-05, 0.0, 0.0, 0.0, 1.0],
                [0.998915, 0.045033, -0.0119, 0.124994, 0.038601, -0.943346, -0.329557, -0.002831, -0.026067, 0.32874, -0.944061, -1.2e-05, 0.0, 0.0, 0.0, 1.0],
                [0.998915, 0.045033, -0.0119, 0.124994, 0.038601, -0.943346, -0.329557, -0.002831, -0.026067, 0.32874, -0.944061, -1.2e-05, 0.0, 0.0, 0.0, 1.0],
                [0.998915, 0.045033, -0.0119, 0.124994, 0.038601, -0.943346, -0.329557, -0.002831, -0.026067, 0.32874, -0.944061, -1.2e-05, 0.0, 0.0, 0.0, 1.0],
                [0.998915, 0.045033, -0.0119, 0.124994, 0.038601, -0.943346, -0.329557, -0.002831, -0.026067, 0.32874, -0.944061, -1.2e-05, 0.0, 0.0, 0.0, 1.0],
                [0.998915, 0.045033, -0.0119, 0.124994, 0.038601, -0.943346, -0.329557, -0.002831, -0.026067, 0.32874, -0.944061, -1.2e-05, 0.0, 0.0, 0.0, 1.0],
                [0.998915, 0.045033, -0.0119, 0.124994, 0.038601, -0.943346, -0.329557, -0.002831, -0.026067, 0.32874, -0.944061, -1.2e-05, 0.0, 0.0, 0.0, 1.0],
                [0.998915, 0.045033, -0.0119, 0.124994, 0.038601, -0.943346, -0.329557, -0.002831, -0.026067, 0.32874, -0.944061, -1.2e-05, 0.0, 0.0, 0.0, 1.0],
                [0.998915, 0.045033, -0.0119, 0.124994, 0.038601, -0.943346, -0.329557, -0.002831, -0.026067, 0.32874, -0.944061, -1.2e-05, 0.0, 0.0, 0.0, 1.0],
                [0.998915, 0.045033, -0.0119, 0.124994, 0.038601, -0.943346, -0.329557, -0.002831, -0.026067, 0.32874, -0.944061, -1.2e-05, 0.0, 0.0, 0.0, 1.0],
                [0.998915, 0.045033, -0.0119, 0.124994, 0.038601, -0.943346, -0.329557, -0.002831, -0.026067, 0.32874, -0.944061, -1.2e-05, 0.0, 0.0, 0.0, 1.0],
                [0.998915, 0.045033, -0.0119, 0.124994, 0.038601, -0.943346, -0.329557, -0.002831, -0.026067, 0.32874, -0.944061, -1.2e-05, 0.0, 0.0, 0.0, 1.0],
                [0.998915, 0.045033, -0.0119, 0.124994, 0.038601, -0.943346, -0.329557, -0.002831, -0.026067, 0.32874, -0.944061, -1.2e-05, 0.0, 0.0, 0.0, 1.0],
                [0.998915, 0.045033, -0.0119, 0.124994, 0.038601, -0.943346, -0.329557, -0.002831, -0.026067, 0.32874, -0.944061, -1.2e-05, 0.0, 0.0, 0.0, 1.0],
                [0.998915, 0.045033, -0.0119, 0.124994, 0.038601, -0.943346, -0.329557, -0.002831, -0.026067, 0.32874, -0.944061, -1.2e-05, 0.0, 0.0, 0.0, 1.0],
                [0.998915, 0.045033, -0.0119, 0.124994, 0.038601, -0.943346, -0.329557, -0.002831, -0.026067, 0.32874, -0.944061, -1.2e-05, 0.0, 0.0, 0.0, 1.0],
                [0.998915, 0.045033, -0.0119, 0.124994, 0.038601, -0.943346, -0.329557, -0.002831, -0.026067, 0.32874, -0.944061, -1.2e-05, 0.0, 0.0, 0.0, 1.0],
                [0.998915, 0.045033, -0.0119, 0.124994, 0.038601, -0.943346, -0.329557, -0.002831, -0.026067, 0.32874, -0.944061, -1.2e-05, 0.0, 0.0, 0.0, 1.0],
                [0.998915, 0.045033, -0.0119, 0.124994, 0.038601, -0.943346, -0.329557, -0.002831, -0.026067, 0.32874, -0.944061, -1.2e-05, 0.0, 0.0, 0.0, 1.0],
                [0.998915, 0.045033, -0.0119, 0.124994, 0.038601, -0.943346, -0.329557, -0.002831, -0.026067, 0.32874, -0.944061, -1.2e-05, 0.0, 0.0, 0.0, 1.0],
                [0.998915, 0.045033, -0.0119, 0.124994, 0.038601, -0.943346, -0.329557, -0.002831, -0.026067, 0.32874, -0.944061, -1.2e-05, 0.0, 0.0, 0.0, 1.0],
                [0.998915, 0.045033, -0.0119, 0.124994, 0.038601, -0.943346, -0.329557, -0.002831, -0.026067, 0.32874, -0.944061, -1.2e-05, 0.0, 0.0, 0.0, 1.0],
                [0.998915, 0.045033, -0.0119, 0.124994, 0.038601, -0.943346, -0.329557, -0.002831, -0.026067, 0.32874, -0.944061, -1.2e-05, 0.0, 0.0, 0.0, 1.0],
                [0.998915, 0.045033, -0.0119, 0.124994, 0.038601, -0.943346, -0.329557, -0.002831, -0.026067, 0.32874, -0.944061, -1.2e-05, 0.0, 0.0, 0.0, 1.0],
                [0.998915, 0.045033, -0.0119, 0.124994, 0.038601, -0.943346, -0.329557, -0.002831, -0.026067, 0.32874, -0.944061, -1.2e-05, 0.0, 0.0, 0.0, 1.0],
                [0.998915, 0.045033, -0.0119, 0.124994, 0.038601, -0.943346, -0.329557, -0.002831, -0.026067, 0.32874, -0.944061, -1.2e-05, 0.0, 0.0, 0.0, 1.0],
                [0.998915, 0.045033, -0.0119, 0.124994, 0.038601, -0.943346, -0.329557, -0.002831, -0.026067, 0.32874, -0.944061, -1.2e-05, 0.0, 0.0, 0.0, 1.0],
                [0.998915, 0.045033, -0.0119, 0.124994, 0.038601, -0.943346, -0.329557, -0.002831, -0.026067, 0.32874, -0.944061, -1.2e-05, 0.0, 0.0, 0.0, 1.0],
                [0.998915, 0.045033, -0.0119, 0.124994, 0.038601, -0.943346, -0.329557, -0.002831, -0.026067, 0.32874, -0.944061, -1.2e-05, 0.0, 0.0, 0.0, 1.0],
                [0.998915, 0.045033, -0.0119, 0.124994, 0.038601, -0.943346, -0.329557, -0.002831, -0.026067, 0.32874, -0.944061, -1.2e-05, 0.0, 0.0, 0.0, 1.0],
                [0.998915, 0.045033, -0.0119, 0.124994, 0.038601, -0.943346, -0.329557, -0.002831, -0.026067, 0.32874, -0.944061, -1.2e-05, 0.0, 0.0, 0.0, 1.0],
                [0.998915, 0.045033, -0.0119, 0.124994, 0.038601, -0.943346, -0.329557, -0.002831, -0.026067, 0.32874, -0.944061, -1.2e-05, 0.0, 0.0, 0.0, 1.0],
                [0.998915, 0.045033, -0.0119, 0.124994, 0.038601, -0.943346, -0.329557, -0.002831, -0.026067, 0.32874, -0.944061, -1.2e-05, 0.0, 0.0, 0.0, 1.0],
                [0.998915, 0.045033, -0.0119, 0.124994, 0.038601, -0.943346, -0.329557, -0.002831, -0.026067, 0.32874, -0.944061, -1.2e-05, 0.0, 0.0, 0.0, 1.0],
                [0.998915, 0.045033, -0.0119, 0.124994, 0.038601, -0.943346, -0.329557, -0.002831, -0.026067, 0.32874, -0.944061, -1.2e-05, 0.0, 0.0, 0.0, 1.0],
                [0.998915, 0.045033, -0.0119, 0.124994, 0.038601, -0.943346, -0.329557, -0.002831, -0.026067, 0.32874, -0.944061, -1.2e-05, 0.0, 0.0, 0.0, 1.0],
                [0.998915, 0.045033, -0.0119, 0.124994, 0.038601, -0.943346, -0.329557, -0.002831, -0.026067, 0.32874, -0.944061, -1.2e-05, 0.0, 0.0, 0.0, 1.0],
                [0.998915, 0.045033, -0.0119, 0.124994, 0.038601, -0.943346, -0.329557, -0.002831, -0.026067, 0.32874, -0.944061, -1.2e-05, 0.0, 0.0, 0.0, 1.0],
                [0.998915, 0.045033, -0.0119, 0.124994, 0.038601, -0.943346, -0.329557, -0.002831, -0.026067, 0.32874, -0.944061, -1.2e-05, 0.0, 0.0, 0.0, 1.0],
                [0.998915, 0.045033, -0.0119, 0.124994, 0.038601, -0.943346, -0.329557, -0.002831, -0.026067, 0.32874, -0.944061, -1.2e-05, 0.0, 0.0, 0.0, 1.0],
                [0.998915, 0.045033, -0.0119, 0.124994, 0.038601, -0.943346, -0.329557, -0.002831, -0.026067, 0.32874, -0.944061, -1.2e-05, 0.0, 0.0, 0.0, 1.0],
                [0.998915, 0.045033, -0.0119, 0.124994, 0.038601, -0.943346, -0.329557, -0.002831, -0.026067, 0.32874, -0.944061, -1.2e-05, 0.0, 0.0, 0.0, 1.0],
                [0.998915, 0.045033, -0.0119, 0.124994, 0.038601, -0.943346, -0.329557, -0.002831, -0.026067, 0.32874, -0.944061, -1.2e-05, 0.0, 0.0, 0.0, 1.0],
                [0.998915, 0.045033, -0.0119, 0.124994, 0.038601, -0.943346, -0.329557, -0.002831, -0.026067, 0.32874, -0.944061, -1.2e-05, 0.0, 0.0, 0.0, 1.0],
                [0.998915, 0.045033, -0.0119, 0.124994, 0.038601, -0.943346, -0.329557, -0.002831, -0.026067, 0.32874, -0.944061, -1.2e-05, 0.0, 0.0, 0.0, 1.0],
                [0.998915, 0.045033, -0.0119, 0.124994, 0.038601, -0.943346, -0.329557, -0.002831, -0.026067, 0.32874, -0.944061, -1.2e-05, 0.0, 0.0, 0.0, 1.0],
                [0.998915, 0.045033, -0.0119, 0.124994, 0.038601, -0.943346, -0.329557, -0.002831, -0.026067, 0.32874, -0.944061, -1.2e-05, 0.0, 0.0, 0.0, 1.0],
                [0.998915, 0.045033, -0.0119, 0.124994, 0.038601, -0.943346, -0.329557, -0.002831, -0.026067, 0.32874, -0.944061, -1.2e-05, 0.0, 0.0, 0.0, 1.0],
                [0.998915, 0.045033, -0.0119, 0.124994, 0.038601, -0.943346, -0.329557, -0.002831, -0.026067, 0.32874, -0.944061, -1.2e-05, 0.0, 0.0, 0.0, 1.0],
                [0.998915, 0.045033, -0.0119, 0.124994, 0.038601, -0.943346, -0.329557, -0.002831, -0.026067, 0.32874, -0.944061, -1.2e-05, 0.0, 0.0, 0.0, 1.0],
                [0.998915, 0.045033, -0.0119, 0.124994, 0.038601, -0.943346, -0.329557, -0.002831, -0.026067, 0.32874, -0.944061, -1.2e-05, 0.0, 0.0, 0.0, 1.0],
                [0.998915, 0.045033, -0.0119, 0.124994, 0.038601, -0.943346, -0.329557, -0.002831, -0.026067, 0.32874, -0.944061, -1.2e-05, 0.0, 0.0, 0.0, 1.0],
                [0.998915, 0.045033, -0.0119, 0.124994, 0.038601, -0.943346, -0.329557, -0.002831, -0.026067, 0.32874, -0.944061, -1.2e-05, 0.0, 0.0, 0.0, 1.0],
                [0.998915, 0.045033, -0.0119, 0.124994, 0.038601, -0.943346, -0.329557, -0.002831, -0.026067, 0.32874, -0.944061, -1.2e-05, 0.0, 0.0, 0.0, 1.0],
                [0.998915, 0.045033, -0.0119, 0.124994, 0.038601, -0.943346, -0.329557, -0.002831, -0.026067, 0.32874, -0.944061, -1.2e-05, 0.0, 0.0, 0.0, 1.0],
                [0.998915, 0.045026, -0.011924, 0.124994, 0.038601, -0.943521, -0.329055, -0.002831, -0.026067, 0.328237, -0.944236, -1.2e-05, 0.0, 0.0, 0.0, 1.0],
                [0.998915, 0.045008, -0.011994, 0.124994, 0.038601, -0.94403, -0.327591, -0.002831, -0.026067, 0.326773, -0.944743, -1.2e-05, 0.0, 0.0, 0.0, 1.0],
                [0.998915, 0.044978, -0.012107, 0.124994, 0.038601, -0.944846, -0.325231, -0.002831, -0.026067, 0.324411, -0.945557, -1.2e-05, 0.0, 0.0, 0.0, 1.0],
                [0.998915, 0.044936, -0.012258, 0.124994, 0.038601, -0.945939, -0.322039, -0.002831, -0.026067, 0.321216, -0.946647, -1.2e-05, 0.0, 0.0, 0.0, 1.0],
                [0.998915, 0.044885, -0.012446, 0.124994, 0.038601, -0.947278, -0.318077, -0.002831, -0.026067, 0.317251, -0.947983, -1.2e-05, 0.0, 0.0, 0.0, 1.0],
                [0.998915, 0.044823, -0.012667, 0.124994, 0.038601, -0.948833, -0.313409, -0.002831, -0.026067, 0.31258, -0.949534, -1.2e-05, 0.0, 0.0, 0.0, 1.0],
                [0.998915, 0.044751, -0.012918, 0.124994, 0.038601, -0.950571, -0.308098, -0.002831, -0.026067, 0.307265, -0.951267, -1.2e-05, 0.0, 0.0, 0.0, 1.0],
                [0.998915, 0.044671, -0.013194, 0.124994, 0.038601, -0.95246, -0.302208, -0.002831, -0.026067, 0.30137, -0.953151, -1.2e-05, 0.0, 0.0, 0.0, 1.0],
                [0.998915, 0.044581, -0.013494, 0.124994, 0.038601, -0.954469, -0.295801, -0.002831, -0.026067, 0.294959, -0.955154, -1.2e-05, 0.0, 0.0, 0.0, 1.0],
                [0.998915, 0.044483, -0.013814, 0.124994, 0.038601, -0.956567, -0.288943, -0.002831, -0.026067, 0.288096, -0.957247, -1.2e-05, 0.0, 0.0, 0.0, 1.0],
                [0.998915, 0.044377, -0.01415, 0.124994, 0.038601, -0.958726, -0.281699, -0.002831, -0.026067, 0.280847, -0.959399, -1.2e-05, 0.0, 0.0, 0.0, 1.0],
                [0.998915, 0.044264, -0.014499, 0.124994, 0.038601, -0.960917, -0.274133, -0.002831, -0.026067, 0.273275, -0.961583, -1.2e-05, 0.0, 0.0, 0.0, 1.0],
                [0.998915, 0.044145, -0.014859, 0.124994, 0.038601, -0.963113, -0.266312, -0.002831, -0.026067, 0.265449, -0.963772, -1.2e-05, 0.0, 0.0, 0.0, 1.0],
                [0.998915, 0.04402, -0.015225, 0.124994, 0.038601, -0.965292, -0.258303, -0.002831, -0.026067, 0.257435, -0.965944, -1.2e-05, 0.0, 0.0, 0.0, 1.0],
                [0.998915, 0.04389, -0.015595, 0.124994, 0.038601, -0.967431, -0.250173, -0.002831, -0.026067, 0.2493, -0.968075, -1.2e-05, 0.0, 0.0, 0.0, 1.0],
                [0.998915, 0.043757, -0.015965, 0.124994, 0.038601, -0.96951, -0.241992, -0.002831, -0.026067, 0.241113, -0.970147, -1.2e-05, 0.0, 0.0, 0.0, 1.0],
                [0.998915, 0.043621, -0.016332, 0.124994, 0.038601, -0.971511, -0.233828, -0.002831, -0.026067, 0.232944, -0.972141, -1.2e-05, 0.0, 0.0, 0.0, 1.0],
                [0.998915, 0.043484, -0.016694, 0.124994, 0.038601, -0.97342, -0.22575, -0.002831, -0.026067, 0.224861, -0.974042, -1.2e-05, 0.0, 0.0, 0.0, 1.0],
                [0.998915, 0.043347, -0.017047, 0.124994, 0.038601, -0.975223, -0.217829, -0.002831, -0.026067, 0.216935, -0.975838, -1.2e-05, 0.0, 0.0, 0.0, 1.0],
                [0.998915, 0.043211, -0.017388, 0.124994, 0.038601, -0.97691, -0.210135, -0.002831, -0.026067, 0.209236, -0.977518, -1.2e-05, 0.0, 0.0, 0.0, 1.0],
                [0.998915, 0.043078, -0.017715, 0.124994, 0.038601, -0.978471, -0.202739, -0.002831, -0.026067, 0.201835, -0.979073, -1.2e-05, 0.0, 0.0, 0.0, 1.0],
                [0.998915, 0.04295, -0.018023, 0.124994, 0.038601, -0.979901, -0.195711, -0.002831, -0.026067, 0.194803, -0.980496, -1.2e-05, 0.0, 0.0, 0.0, 1.0],
