{
    "animation": [
        {
            "name": "Root",
            "time": [0.0, 0.0167, 0.0333, 0.05, 0.0667, 0.0833, 0.1, 0.1167, 0.1333, 0.15, 0.1667, 0.1833, 0.2, 0.2167, 0.2333, 0.25, 0.2667, 0.2833, 0.3, 0.3167, 0.3333, 0.35, 0.3667, 0.3833, 0.4, 0.4167, 0.4333, 0.45, 0.4667, 0.4833, 0.5, 0.5167, 0.5333, 0.55, 0.5667, 0.5833, 0.6, 0.6167, 0.6333, 0.65, 0.6667, 0.6833, 0.7, 0.7167, 0.7333, 0.75, 0.7667, 0.7833, 0.8, 0.8167, 0.8333, 0.85, 0.8667, 0.8833, 0.9, 0.9167, 0.9333, 0.95, 0.9667, 0.9833, 1.0, 1.0167, 1.0333, 1.05, 1.0667, 1.0833, 1.1, 1.1167, 1.1333, 1.15, 1.1667, 1.1833, 1.2, 1.2167, 1.2333, 1.25, 1.2667, 1.2833, 1.3, 1.3167, 1.3333, 1.35, 1.3667, 1.3833, 1.4, 1.4167, 1.4333, 1.45, 1.4667, 1.4833, 1.5, 1.5167, 1.5333, 1.55, 1.5667, 1.5833, 1.6, 1.6167, 1.6333, 1.65, 1.6667, 1.6833, 1.7, 1.7167, 1.7333, 1.75, 1.7667, 1.7833, 1.8, 1.8167, 1.8333, 1.85, 1.8667, 1.8833, 1.9, 1.9167, 1.9333, 1.95, 1.9667, 1.9833, 2.0, 2.0167, 2.0333, 2.05, 2.0667, 2.0833, 2.1, 2.1167, 2.1333, 2.15, 2.1667, 2.1833, 2.2, 2.2167, 2.2333, 2.25, 2.2667, 2.2833, 2.3, 2.3167, 2.3333, 2.35, 2.3667, 2.3833, 2.4, 2.4167, 2.4333, 2.45, 2.4667, 2.4833, 2.5, 2.5167, 2.5333, 2.55, 2.5667, 2.5833, 2.6, 2.6167, 2.6333, 2.65, 2.6667, 2.6833, 2.7, 2.7167, 2.7333, 2.75, 2.7667, 2.7833, 2.8, 2.8167, 2.8333, 2.85, 2.8667, 2.8833, 2.9, 2.9167, 2.9333, 2.95, 2.9667, 2.9833, 3.0, 3.0167, 3.0333, 3.05, 3.0667],
            "transform": [
                [0.642788, 0.0, 0.766045, -5e-06, 0.766045, 0.0, -0.642788, 0.000946, 0.0, 1.0, 0.0, 0.53472, 0.0, 0.0, 0.0, 1.0],
                [0.642788, 0.0, 0.766045, -5e-06, 0.766045, 0.0, -0.642788, 0.000946, 0.0, 1.0, 0.0, 0.53472, 0.0, 0.0, 0.0, 1.0],
                [0.642788, 0.0, 0.766045, -5e-06, 0.766045, 0.0, -0.642788, 0.000946, 0.0, 1.0, 0.0, 0.53472, 0.0, 0.0, 0.0, 1.0],
                [0.642788, 0.0, 0.766045, -5e-06, 0.766045, 0.0, -0.642788, 0.009771, 0.0, 1.0, 0.0, 0.53472, 0.0, 0.0, 0.0, 1.0],
                [0.642788, 0.0, 0.766045, -5e-06, 0.766045, 0.0, -0.642788, 0.036044, 0.0, 1.0, 0.0, 0.53472, 0.0, 0.0, 0.0, 1.0],
                [0.642788, 0.0, 0.766045, -5e-06, 0.766045, 0.0, -0.642788, 0.079463, 0.0, 1.0, 0.0, 0.53472, 0.0, 0.0, 0.0, 1.0],
                [0.642788, 0.0, 0.766045, -5e-06, 0.766045, 0.0, -0.642788, 0.139726, 0.0, 1.0, 0.0, 0.53472, 0.0, 0.0, 0.0, 1.0],
                [0.642788, 0.0, 0.766045, -5e-06, 0.766045, 0.0, -0.642788, 0.216531, 0.0, 1.0, 0.0, 0.53472, 0.0, 0.0, 0.0, 1.0],
                [0.642788, 0.0, 0.766045, -5e-06, 0.766045, 0.0, -0.642788, 0.309576, 0.0, 1.0, 0.0, 0.536429, 0.0, 0.0, 0.0, 1.0],
                [0.657753, 0.0, 0.753234, -5e-06, 0.753234, 0.0, -0.657753, 0.418558, 0.0, 1.0, 0.0, 0.541114, 0.0, 0.0, 0.0, 1.0],
                [0.699512, 0.0, 0.714621, -5e-06, 0.714621, 0.0, -0.699512, 0.543176, 0.0, 1.0, 0.0, 0.548114, 0.0, 0.0, 0.0, 1.0],
                [0.762047, 0.0, 0.647522, -5e-06, 0.647522, 0.0, -0.762047, 0.683128, 0.0, 1.0, 0.0, 0.556767, 0.0, 0.0, 0.0, 1.0],
                [0.836816, 0.0, 0.547484, -5e-06, 0.547484, 0.0, -0.836816, 0.838111, 0.0, 1.0, 0.0, 0.566412, 0.0, 0.0, 0.0, 1.0],
                [0.911824, 0.0, 0.410582, -5e-06, 0.410582, 0.0, -0.911824, 1.007823, 0.0, 1.0, 0.0, 0.576389, 0.0, 0.0, 0.0, 1.0],
                [0.971644, 0.0, 0.236447, -5e-06, 0.236447, 0.0, -0.971644, 1.191963, 0.0, 1.0, 0.0, 0.586034, 0.0, 0.0, 0.0, 1.0],
                [0.999507, 0.0, 0.031401, -5e-06, 0.031401, 0.0, -0.999507, 1.390228, 0.0, 1.0, 0.0, 0.594688, 0.0, 0.0, 0.0, 1.0],
                [0.981755, 0.0, -0.190149, -5e-06, -0.190149, 0.0, -0.981755, 1.602316, 0.0, 1.0, 0.0, 0.601688, 0.0, 0.0, 0.0, 1.0],
                [0.912979, 0.0, -0.408006, -5e-06, -0.408006, 0.0, -0.912979, 1.827926, 0.0, 1.0, 0.0, 0.606372, 0.0, 0.0, 0.0, 1.0],
                [0.798501, 0.0, -0.601993, -5e-06, -0.601993, 0.0, -0.798501, 2.066754, 0.0, 1.0, 0.0, 0.608081, 0.0, 0.0, 0.0, 1.0],
                [0.652161, 0.0, -0.758081, -5e-06, -0.758081, 0.0, -0.652161, 2.31776, 0.0, 1.0, 0.0, 0.604451, 0.0, 0.0, 0.0, 1.0],
                [0.490879, 0.0, -0.871228, -5e-06, -0.871228, 0.0, -0.490879, 2.576944, 0.0, 1.0, 0.0, 0.594881, 0.0, 0.0, 0.0, 1.0],
                [0.329527, 0.0, -0.944146, -5e-06, -0.944146, 0.0, -0.329527, 2.839568, 0.0, 1.0, 0.0, 0.581351, 0.0, 0.0, 0.0, 1.0],
                [0.178351, 0.0, -0.983967, -5e-06, -0.983967, 0.0, -0.178351, 3.100894, 0.0, 1.0, 0.0, 0.56584, 0.0, 0.0, 0.0, 1.0],
                [0.042884, 0.0, -0.99908, -5e-06, -0.99908, 0.0, -0.042884, 3.356184, 0.0, 1.0, 0.0, 0.55033, 0.0, 0.0, 0.0, 1.0],
                [-0.074874, 0.0, -0.997193, -5e-06, -0.997193, 0.0, 0.074874, 3.600699, 0.0, 1.0, 0.0, 0.5368, 0.0, 0.0, 0.0, 1.0],
                [-0.175062, 0.0, -0.984557, -5e-06, -0.984557, 0.0, 0.175062, 3.8297, 0.0, 1.0, 0.0, 0.52723, 0.0, 0.0, 0.0, 1.0],
                [-0.258819, 0.0, -0.965926, -5e-06, -0.965926, 0.0, 0.258819, 4.038451, 0.0, 1.0, 0.0, 0.5236, 0.0, 0.0, 0.0, 1.0],
                [-0.354484, 0.0, -0.935062, -5e-06, -0.935062, 0.0, 0.354484, 4.223324, 0.0, 1.0, 0.0, 0.554955, 0.0, 0.0, 0.0, 1.0],
                [-0.487287, 0.0, -0.873242, -5e-06, -0.873242, 0.0, 0.487287, 4.385149, 0.0, 1.0, 0.0, 0.643237, 0.0, 0.0, 0.0, 1.0],
                [-0.64865, 0.0, -0.761087, -5e-06, -0.761087, 0.0, 0.64865, 4.525865, 0.0, 1.0, 0.0, 0.779773, 0.0, 0.0, 0.0, 1.0],
                [-0.81655, 0.0, -0.577275, -5e-06, -0.577275, 0.0, 0.81655, 4.647414, 0.0, 1.0, 0.0, 0.955887, 0.0, 0.0, 0.0, 1.0],
                [-0.950282, 0.0, -0.311389, -5e-06, -0.311389, 0.0, 0.950282, 4.751737, 0.0, 1.0, 0.0, 1.162907, 0.0, 0.0, 0.0, 1.0],
                [-0.999862, 0.0, 0.016601, -5e-06, 0.016601, 0.0, 0.999862, 4.840775, 0.0, 1.0, 0.0, 1.392156, 0.0, 0.0, 0.0, 1.0],
                [-0.936407, 0.0, 0.350917, -5e-06, 0.350917, 0.0, 0.936407, 4.916469, 0.0, 1.0, 0.0, 1.634962, 0.0, 0.0, 0.0, 1.0],
                [-0.777678, 0.0, 0.628663, -5e-06, 0.628663, 0.0, 0.777678, 4.98076, 0.0, 1.0, 0.0, 1.88265, 0.0, 0.0, 0.0, 1.0],
                [-0.574959, 0.0, 0.818182, -5e-06, 0.818182, 0.0, 0.574959, 5.035588, 0.0, 1.0, 0.0, 2.126545, 0.0, 0.0, 0.0, 1.0],
                [-0.377714, 0.0, 0.925922, -5e-06, 0.925922, 0.0, 0.377714, 5.082895, 0.0, 1.0, 0.0, 2.357974, 0.0, 0.0, 0.0, 1.0],
                [-0.214625, 0.0, 0.976697, -5e-06, 0.976697, 0.0, 0.214625, 5.124622, 0.0, 1.0, 0.0, 2.568262, 0.0, 0.0, 0.0, 1.0],
                [-0.096259, 0.0, 0.995356, -5e-06, 0.995356, 0.0, 0.096259, 5.162709, 0.0, 1.0, 0.0, 2.750497, 0.0, 0.0, 0.0, 1.0],
                [-0.024504, 0.0, 0.9997, -5e-06, 0.9997, 0.0, 0.024504, 5.199098, 0.0, 1.0, 0.0, 2.904814, 0.0, 0.0, 0.0, 1.0],
                [-0.0, 0.0, 1.0, -5e-06, 1.0, 0.0, 0.0, 5.235729, 0.0, 1.0, 0.0, 3.033108, 0.0, 0.0, 0.0, 1.0],
                [-0.0, 0.0, 1.0, -5e-06, 1.0, 0.0, 0.0, 5.27409, 0.0, 1.0, 0.0, 3.137275, 0.0, 0.0, 0.0, 1.0],
                [-0.0, 0.0, 1.0, -5e-06, 1.0, 0.0, 0.0, 5.313856, 0.0, 1.0, 0.0, 3.219213, 0.0, 0.0, 0.0, 1.0],
                [-0.0, 0.0, 1.0, -5e-06, 1.0, 0.0, 0.0, 5.354249, 0.0, 1.0, 0.0, 3.280817, 0.0, 0.0, 0.0, 1.0],
                [-0.0, 0.0, 1.0, -5e-06, 1.0, 0.0, 0.0, 5.39449, 0.0, 1.0, 0.0, 3.329492, 0.0, 0.0, 0.0, 1.0],
                [-0.0, 0.0, 1.0, -5e-06, 1.0, 0.0, 0.0, 5.4338, 0.0, 1.0, 0.0, 3.371688, 0.0, 0.0, 0.0, 1.0],
                [-0.0, 0.0, 1.0, -5e-06, 1.0, 0.0, 0.0, 5.471401, 0.0, 1.0, 0.0, 3.407866, 0.0, 0.0, 0.0, 1.0],
                [-0.0, 0.0, 1.0, -5e-06, 1.0, 0.0, 0.0, 5.506515, 0.0, 1.0, 0.0, 3.43849, 0.0, 0.0, 0.0, 1.0],
                [-0.0, 0.0, 1.0, -5e-06, 1.0, 0.0, 0.0, 5.538362, 0.0, 1.0, 0.0, 3.464024, 0.0, 0.0, 0.0, 1.0],
                [-0.0, 0.0, 1.0, -5e-06, 1.0, 0.0, 0.0, 5.566164, 0.0, 1.0, 0.0, 3.484928, 0.0, 0.0, 0.0, 1.0],
                [-0.0, 0.0, 1.0, -5e-06, 1.0, 0.0, 0.0, 5.589143, 0.0, 1.0, 0.0, 3.501668, 0.0, 0.0, 0.0, 1.0],
                [-0.0, 0.0, 1.0, -5e-06, 1.0, 0.0, 0.0, 5.606521, 0.0, 1.0, 0.0, 3.514704, 0.0, 0.0, 0.0, 1.0],
                [-0.0, 0.0, 1.0, -5e-06, 1.0, 0.0, 0.0, 5.617519, 0.0, 1.0, 0.0, 3.524501, 0.0, 0.0, 0.0, 1.0],
                [-0.0, 0.0, 1.0, -5e-06, 1.0, 0.0, 0.0, 5.621358, 0.0, 1.0, 0.0, 3.531521, 0.0, 0.0, 0.0, 1.0],
                [-0.0, 0.0, 1.0, -5e-06, 1.0, 0.0, 0.0, 5.621358, 0.0, 1.0, 0.0, 3.536226, 0.0, 0.0, 0.0, 1.0],
                [-0.0, 0.0, 1.0, -5e-06, 1.0, 0.0, 0.0, 5.621358, 0.0, 1.0, 0.0, 3.539081, 0.0, 0.0, 0.0, 1.0],
                [-0.0, 0.0, 1.0, -5e-06, 1.0, 0.0, 0.0, 5.621358, 0.0, 1.0, 0.0, 3.540546, 0.0, 0.0, 0.0, 1.0],
                [-0.0, 0.0, 1.0, -5e-06, 1.0, 0.0, 0.0, 5.621358, 0.0, 1.0, 0.0, 3.541086, 0.0, 0.0, 0.0, 1.0],
                [-0.0, 0.0, 1.0, -5e-06, 1.0, 0.0, 0.0, 5.621358, 0.0, 1.0, 0.0, 3.541163, 0.0, 0.0, 0.0, 1.0],
                [-0.0, 0.0, 1.0, -5e-06, 1.0, 0.0, 0.0, 5.621358, 0.0, 1.0, 0.0, 3.497338, 0.0, 0.0, 0.0, 1.0],
                [-0.0, 0.0, 1.0, -5e-06, 1.0, 0.0, 0.0, 5.621358, 0.0, 1.0, 0.0, 3.374625, 0.0, 0.0, 0.0, 1.0],
                [-0.0, 0.0, 1.0, -5e-06, 1.0, 0.0, 0.0, 5.621358, 0.0, 1.0, 0.0, 3.186175, 0.0, 0.0, 0.0, 1.0],
                [-0.0, 0.0, 1.0, -5e-06, 1.0, 0.0, 0.0, 5.621358, 0.0, 1.0, 0.0, 2.945134, 0.0, 0.0, 0.0, 1.0],
                [-0.0, 0.0, 1.0, -5e-06, 1.0, 0.0, 0.0, 5.621358, 0.0, 1.0, 0.0, 2.664649, 0.0, 0.0, 0.0, 1.0],
                [-0.0, 0.0, 1.0, -5e-06, 1.0, 0.0, 0.0, 5.621358, 0.0, 1.0, 0.0, 2.35787, 0.0, 0.0, 0.0, 1.0],
                [-0.0, 0.0, 1.0, -5e-06, 1.0, 0.0, 0.0, 5.621358, 0.0, 1.0, 0.0, 2.037942, 0.0, 0.0, 0.0, 1.0],
                [-0.0, 0.0, 1.0, -5e-06, 1.0, 0.0, 0.0, 5.621358, 0.0, 1.0, 0.0, 1.718014, 0.0, 0.0, 0.0, 1.0],
                [-0.0, 0.0, 1.0, -5e-06, 1.0, 0.0, 0.0, 5.621358, 0.0, 1.0, 0.0, 1.411234, 0.0, 0.0, 0.0, 1.0],
                [-0.0, 0.0, 1.0, -5e-06, 1.0, 0.0, 0.0, 5.621358, 0.0, 1.0, 0.0, 1.13075, 0.0, 0.0, 0.0, 1.0],
                [-0.0, 0.0, 1.0, -5e-06, 1.0, 0.0, 0.0, 5.621358, 0.0, 1.0, 0.0, 0.889709, 0.0, 0.0, 0.0, 1.0],
                [-0.0, 0.0, 1.0, -5e-06, 1.0, 0.0, 0.0, 5.621358, 0.0, 1.0, 0.0, 0.701258, 0.0, 0.0, 0.0, 1.0],
                [-0.0, 0.0, 1.0, -5e-06, 1.0, 0.0, 0.0, 5.621358, 0.0, 1.0, 0.0, 0.578546, 0.0, 0.0, 0.0, 1.0],
                [-0.0, 0.0, 1.0, -5e-06, 1.0, 0.0, 0.0, 5.621358, 0.0, 1.0, 0.0, 0.53472, 0.0, 0.0, 0.0, 1.0],
                [-0.0, 0.0, 1.0, -5e-06, 1.0, 0.0, 0.0, 5.621358, 0.0, 1.0, 0.0, 0.53472, 0.0, 0.0, 0.0, 1.0],
                [-0.0, 0.0, 1.0, -5e-06, 1.0, 0.0, 0.0, 5.621358, 0.0, 1.0, 0.0, 0.53472, 0.0, 0.0, 0.0, 1.0],
                [-0.0, 0.0, 1.0, -5e-06, 1.0, 0.0, 0.0, 5.621358, 0.0, 1.0, 0.0, 0.53472, 0.0, 0.0, 0.0, 1.0],
                [-0.0, 0.0, 1.0, -5e-06, 1.0, 0.0, 0.0, 5.621358, 0.0, 1.0, 0.0, 0.53472, 0.0, 0.0, 0.0, 1.0],
                [-0.0, 0.0, 1.0, -5e-06, 1.0, 0.0, 0.0, 5.621358, 0.0, 1.0, 0.0, 0.53472, 0.0, 0.0, 0.0, 1.0],
                [-0.0, 0.0, 1.0, -5e-06, 1.0, 0.0, 0.0, 5.621358, 0.0, 1.0, 0.0, 0.53472, 0.0, 0.0, 0.0, 1.0],
                [-0.0, 0.0, 1.0, -5e-06, 1.0, 0.0, 0.0, 5.621358, 0.0, 1.0, 0.0, 0.53472, 0.0, 0.0, 0.0, 1.0],
                [-0.0, 0.0, 1.0, -5e-06, 1.0, 0.0, 0.0, 5.621358, 0.0, 1.0, 0.0, 0.53472, 0.0, 0.0, 0.0, 1.0],
                [-0.0, 0.0, 1.0, -5e-06, 1.0, 0.0, 0.0, 5.621358, 0.0, 1.0, 0.0, 0.53472, 0.0, 0.0, 0.0, 1.0],
                [-0.0, 0.0, 1.0, -5e-06, 1.0, 0.0, 0.0, 5.621358, 0.0, 1.0, 0.0, 0.53472, 0.0, 0.0, 0.0, 1.0],
                [-0.0, 0.0, 1.0, -5e-06, 1.0, 0.0, 0.0, 5.621358, 0.0, 1.0, 0.0, 0.53472, 0.0, 0.0, 0.0, 1.0],
                [-0.0, 0.0, 1.0, -5e-06, 1.0, 0.0, 0.0, 5.621358, 0.0, 1.0, 0.0, 0.53472, 0.0, 0.0, 0.0, 1.0],
                [-0.0, 0.0, 1.0, -5e-06, 1.0, 0.0, 0.0, 5.621358, 0.0, 1.0, 0.0, 0.53472, 0.0, 0.0, 0.0, 1.0],
                [-0.0, 0.0, 1.0, -5e-06, 1.0, 0.0, 0.0, 5.621358, 0.0, 1.0, 0.0, 0.53472, 0.0, 0.0, 0.0, 1.0],
                [-0.0, 0.0, 1.0, -5e-06, 1.0, 0.0, 0.0, 5.621358, 0.0, 1.0, 0.0, 0.53472, 0.0, 0.0, 0.0, 1.0],
                [-0.0, 0.0, 1.0, -5e-06, 1.0, 0.0, 0.0, 5.621358, 0.0, 1.0, 0.0, 0.53472, 0.0, 0.0, 0.0, 1.0],
                [-0.0, 0.0, 1.0, -5e-06, 1.0, 0.0, 0.0, 5.621358, 0.0, 1.0, 0.0, 0.53472, 0.0, 0.0, 0.0, 1.0],
                [-0.0, 0.0, 1.0, -5e-06, 1.0, 0.0, 0.0, 5.621358, 0.0, 1.0, 0.0, 0.53472, 0.0, 0.0, 0.0, 1.0],
                [-0.0, 0.0, 1.0, -5e-06, 1.0, 0.0, 0.0, 5.621358, 0.0, 1.0, 0.0, 0.53472, 0.0, 0.0, 0.0, 1.0],
                [-0.0, 0.0, 1.0, -5e-06, 1.0, 0.0, 0.0, 5.621358, 0.0, 1.0, 0.0, 0.53472, 0.0, 0.0, 0.0, 1.0],
                [-0.0, 0.0, 1.0, -5e-06, 1.0, 0.0, 0.0, 5.621358, 0.0, 1.0, 0.0, 0.53472, 0.0, 0.0, 0.0, 1.0],
                [-0.0, 0.0, 1.0, -5e-06, 1.0, 0.0, 0.0, 5.621358, 0.0, 1.0, 0.0, 0.53472, 0.0, 0.0, 0.0, 1.0],
                [-0.0, 0.0, 1.0, -5e-06, 1.0, 0.0, 0.0, 5.621358, 0.0, 1.0, 0.0, 0.53472, 0.0, 0.0, 0.0, 1.0],
                [-0.0, 0.0, 1.0, -5e-06, 1.0, 0.0, 0.0, 5.621358, 0.0, 1.0, 0.0, 0.53472, 0.0, 0.0, 0.0, 1.0],
                [0.000549, 0.0, 1.0, -5e-06, 1.0, 0.0, -0.000549, 5.62144, 0.0, 1.0, 0.0, 0.534664, 0.0, 0.0, 0.0, 1.0],
                [0.00217, 0.0, 0.999998, -5e-06, 0.999998, 0.0, -0.00217, 5.621682, 0.0, 1.0, 0.0, 0.534499, 0.0, 0.0, 0.0, 1.0],
                [0.004824, 0.0, 0.999988, -5e-06, 0.999988, 0.0, -0.004824, 5.622077, 0.0, 1.0, 0.0, 0.534228, 0.0, 0.0, 0.0, 1.0],
                [0.008475, 0.0, 0.999964, -5e-06, 0.999964, 0.0, -0.008475, 5.622621, 0.0, 1.0, 0.0, 0.533856, 0.0, 0.0, 0.0, 1.0],
                [0.013084, 0.0, 0.999914, -5e-06, 0.999914, 0.0, -0.013084, 5.623307, 0.0, 1.0, 0.0, 0.533387, 0.0, 0.0, 0.0, 1.0],
                [0.018614, 0.0, 0.999827, -5e-06, 0.999827, 0.0, -0.018614, 5.624129, 0.0, 1.0, 0.0, 0.532824, 0.0, 0.0, 0.0, 1.0],
                [0.025027, 0.0, 0.999687, -5e-06, 0.999687, 0.0, -0.025027, 5.625082, 0.0, 1.0, 0.0, 0.532172, 0.0, 0.0, 0.0, 1.0],
                [0.032287, 0.0, 0.999479, -5e-06, 0.999479, 0.0, -0.032287, 5.626161, 0.0, 1.0, 0.0, 0.531434, 0.0, 0.0, 0.0, 1.0],
                [0.040355, 0.0, 0.999186, -5e-06, 0.999186, 0.0, -0.040355, 5.627358, 0.0, 1.0, 0.0, 0.530615, 0.0, 0.0, 0.0, 1.0],
                [0.049193, 0.0, 0.998789, -5e-06, 0.998789, 0.0, -0.049193, 5.628669, 0.0, 1.0, 0.0, 0.529718, 0.0, 0.0, 0.0, 1.0],
                [0.058763, 0.0, 0.998272, -5e-06, 0.998272, 0.0, -0.058763, 5.630087, 0.0, 1.0, 0.0, 0.528747, 0.0, 0.0, 0.0, 1.0],
                [0.069026, 0.0, 0.997615, -5e-06, 0.997615, 0.0, -0.069026, 5.631607, 0.0, 1.0, 0.0, 0.527708, 0.0, 0.0, 0.0, 1.0],
                [0.079942, 0.0, 0.9968, -5e-06, 0.9968, 0.0, -0.079942, 5.633223, 0.0, 1.0, 0.0, 0.526602, 0.0, 0.0, 0.0, 1.0],
                [0.091471, 0.0, 0.995808, -5e-06, 0.995808, 0.0, -0.091471, 5.634928, 0.0, 1.0, 0.0, 0.525435, 0.0, 0.0, 0.0, 1.0],
                [0.103571, 0.0, 0.994622, -5e-06, 0.994622, 0.0, -0.103571, 5.636719, 0.0, 1.0, 0.0, 0.52421, 0.0, 0.0, 0.0, 1.0],
                [0.1162, 0.0, 0.993226, -5e-06, 0.993226, 0.0, -0.1162, 5.638587, 0.0, 1.0, 0.0, 0.522932, 0.0, 0.0, 0.0, 1.0],
                [0.129318, 0.0, 0.991603, -5e-06, 0.991603, 0.0, -0.129318, 5.640528, 0.0, 1.0, 0.0, 0.521604, 0.0, 0.0, 0.0, 1.0],
                [0.142878, 0.0, 0.98974, -5e-06, 0.98974, 0.0, -0.142878, 5.642536, 0.0, 1.0, 0.0, 0.52023, 0.0, 0.0, 0.0, 1.0],
                [0.156839, 0.0, 0.987624, -5e-06, 0.987624, 0.0, -0.156839, 5.644605, 0.0, 1.0, 0.0, 0.518815, 0.0, 0.0, 0.0, 1.0],
                [0.171154, 0.0, 0.985244, -5e-06, 0.985244, 0.0, -0.171154, 5.646729, 0.0, 1.0, 0.0, 0.517361, 0.0, 0.0, 0.0, 1.0],
                [0.185779, 0.0, 0.982591, -5e-06, 0.982591, 0.0, -0.185779, 5.648902, 0.0, 1.0, 0.0, 0.515874, 0.0, 0.0, 0.0, 1.0],
                [0.200669, 0.0, 0.979659, -5e-06, 0.979659, 0.0, -0.200669, 5.65112, 0.0, 1.0, 0.0, 0.514357, 0.0, 0.0, 0.0, 1.0],
                [0.215777, 0.0, 0.976443, -5e-06, 0.976443, 0.0, -0.215777, 5.653374, 0.0, 1.0, 0.0, 0.512815, 0.0, 0.0, 0.0, 1.0],
                [0.231056, 0.0, 0.97294, -5e-06, 0.97294, 0.0, -0.231056, 5.655661, 0.0, 1.0, 0.0, 0.51125, 0.0, 0.0, 0.0, 1.0],
                [0.246461, 0.0, 0.969153, -5e-06, 0.969153, 0.0, -0.246461, 5.657974, 0.0, 1.0, 0.0, 0.509667, 0.0, 0.0, 0.0, 1.0],
                [0.261946, 0.0, 0.965082, -5e-06, 0.965082, 0.0, -0.261946, 5.660307, 0.0, 1.0, 0.0, 0.508071, 0.0, 0.0, 0.0, 1.0],
                [0.277465, 0.0, 0.960736, -5e-06, 0.960736, 0.0, -0.277465, 5.662655, 0.0, 1.0, 0.0, 0.506465, 0.0, 0.0, 0.0, 1.0],
                [0.292971, 0.0, 0.956121, -5e-06, 0.956121, 0.0, -0.292971, 5.665012, 0.0, 1.0, 0.0, 0.504852, 0.0, 0.0, 0.0, 1.0],
                [0.308421, 0.0, 0.95125, -5e-06, 0.95125, 0.0, -0.308421, 5.667371, 0.0, 1.0, 0.0, 0.503238, 0.0, 0.0, 0.0, 1.0],
                [0.32377, 0.0, 0.946136, -5e-06, 0.946136, 0.0, -0.32377, 5.669727, 0.0, 1.0, 0.0, 0.501626, 0.0, 0.0, 0.0, 1.0],
                [0.338975, 0.0, 0.940795, -5e-06, 0.940795, 0.0, -0.338975, 5.672075, 0.0, 1.0, 0.0, 0.500019, 0.0, 0.0, 0.0, 1.0],
                [0.353994, 0.0, 0.935248, -5e-06, 0.935248, 0.0, -0.353994, 5.674409, 0.0, 1.0, 0.0, 0.498423, 0.0, 0.0, 0.0, 1.0],
                [0.368786, 0.0, 0.929515, -5e-06, 0.929515, 0.0, -0.368786, 5.676722, 0.0, 1.0, 0.0, 0.496841, 0.0, 0.0, 0.0, 1.0],
                [0.383311, 0.0, 0.92362, -5e-06, 0.92362, 0.0, -0.383311, 5.679008, 0.0, 1.0, 0.0, 0.495276, 0.0, 0.0, 0.0, 1.0],
                [0.397531, 0.0, 0.917589, -5e-06, 0.917589, 0.0, -0.397531, 5.681263, 0.0, 1.0, 0.0, 0.493733, 0.0, 0.0, 0.0, 1.0],
                [0.41141, 0.0, 0.911451, -5e-06, 0.911451, 0.0, -0.41141, 5.68348, 0.0, 1.0, 0.0, 0.492216, 0.0, 0.0, 0.0, 1.0],
                [0.424912, 0.0, 0.905235, -5e-06, 0.905235, 0.0, -0.424912, 5.685654, 0.0, 1.0, 0.0, 0.490729, 0.0, 0.0, 0.0, 1.0],
                [0.438003, 0.0, 0.898973, -5e-06, 0.898973, 0.0, -0.438003, 5.687778, 0.0, 1.0, 0.0, 0.489276, 0.0, 0.0, 0.0, 1.0],
                [0.450653, 0.0, 0.892699, -5e-06, 0.892699, 0.0, -0.450653, 5.689847, 0.0, 1.0, 0.0, 0.48786, 0.0, 0.0, 0.0, 1.0],
                [0.462829, 0.0, 0.886447, -5e-06, 0.886447, 0.0, -0.462829, 5.691854, 0.0, 1.0, 0.0, 0.486487, 0.0, 0.0, 0.0, 1.0],
                [0.474505, 0.0, 0.880253, -5e-06, 0.880253, 0.0, -0.474505, 5.693796, 0.0, 1.0, 0.0, 0.485158, 0.0, 0.0, 0.0, 1.0],
                [0.485652, 0.0, 0.874152, -5e-06, 0.874152, 0.0, -0.485652, 5.695664, 0.0, 1.0, 0.0, 0.48388, 0.0, 0.0, 0.0, 1.0],
                [0.496244, 0.0, 0.868183, -5e-06, 0.868183, 0.0, -0.496244, 5.697454, 0.0, 1.0, 0.0, 0.482655, 0.0, 0.0, 0.0, 1.0],
                [0.506256, 0.0, 0.862383, -5e-06, 0.862383, 0.0, -0.506256, 5.69916, 0.0, 1.0, 0.0, 0.481488, 0.0, 0.0, 0.0, 1.0],
                [0.515666, 0.0, 0.85679, -5e-06, 0.85679, 0.0, -0.515666, 5.700776, 0.0, 1.0, 0.0, 0.480383, 0.0, 0.0, 0.0, 1.0],
                [0.524449, 0.0, 0.851442, -5e-06, 0.851442, 0.0, -0.524449, 5.702295, 0.0, 1.0, 0.0, 0.479343, 0.0, 0.0, 0.0, 1.0],
                [0.532585, 0.0, 0.846376, -5e-06, 0.846376, 0.0, -0.532585, 5.703713, 0.0, 1.0, 0.0, 0.478373, 0.0, 0.0, 0.0, 1.0],
                [0.540052, 0.0, 0.841631, -5e-06, 0.841631, 0.0, -0.540052, 5.705024, 0.0, 1.0, 0.0, 0.477476, 0.0, 0.0, 0.0, 1.0],
                [0.54683, 0.0, 0.837244, -5e-06, 0.837244, 0.0, -0.54683, 5.706222, 0.0, 1.0, 0.0, 0.476657, 0.0, 0.0, 0.0, 1.0],
                [0.552896, 0.0, 0.833251, -5e-06, 0.833251, 0.0, -0.552896, 5.7073, 0.0, 1.0, 0.0, 0.475919, 0.0, 0.0, 0.0, 1.0],
                [0.55823, 0.0, 0.829686, -5e-06, 0.829686, 0.0, -0.55823, 5.708253, 0.0, 1.0, 0.0, 0.475267, 0.0, 0.0, 0.0, 1.0],
                [0.56281, 0.0, 0.826586, -5e-06, 0.826586, 0.0, -0.56281, 5.709076, 0.0, 1.0, 0.0, 0.474704, 0.0, 0.0, 0.0, 1.0],
                [0.566614, 0.0, 0.823984, -5e-06, 0.823984, 0.0, -0.566614, 5.709762, 0.0, 1.0, 0.0, 0.474234, 0.0, 0.0, 0.0, 1.0],
                [0.569618, 0.0, 0.82191, -5e-06, 0.82191, 0.0, -0.569618, 5.710306, 0.0, 1.0, 0.0, 0.473862, 0.0, 0.0, 0.0, 1.0],
                [0.571798, 0.0, 0.820395, -5e-06, 0.820395, 0.0, -0.571798, 5.710701, 0.0, 1.0, 0.0, 0.473592, 0.0, 0.0, 0.0, 1.0],
                [0.573127, 0.0, 0.819467, -5e-06, 0.819467, 0.0, -0.573127, 5.710943, 0.0, 1.0, 0.0, 0.473426, 0.0, 0.0, 0.0, 1.0],
                [0.573576, 0.0, 0.819152, -5e-06, 0.819152, 0.0, -0.573576, 5.711025, 0.0, 1.0, 0.0, 0.47337, 0.0, 0.0, 0.0, 1.0],
                [0.573576, 0.0, 0.819152, -5e-06, 0.819152, 0.0, -0.573576, 5.709429, 0.0, 1.0, 0.0, 0.474318, 0.0, 0.0, 0.0, 1.0],
                [0.573576, 0.0, 0.819152, -5e-06, 0.819152, 0.0, -0.573576, 5.704786, 0.0, 1.0, 0.0, 0.477073, 0.0, 0.0, 0.0, 1.0],
                [0.573576, 0.0, 0.819152, -5e-06, 0.819152, 0.0, -0.573576, 5.697313, 0.0, 1.0, 0.0, 0.481507, 0.0, 0.0, 0.0, 1.0],
                [0.573576, 0.0, 0.819152, -5e-06, 0.819152, 0.0, -0.573576, 5.687229, 0.0, 1.0, 0.0, 0.487491, 0.0, 0.0, 0.0, 1.0],
                [0.573576, 0.0, 0.819152, -5e-06, 0.819152, 0.0, -0.573576, 5.674751, 0.0, 1.0, 0.0, 0.494896, 0.0, 0.0, 0.0, 1.0],
                [0.573576, 0.0, 0.819152, -5e-06, 0.819152, 0.0, -0.573576, 5.660097, 0.0, 1.0, 0.0, 0.503593, 0.0, 0.0, 0.0, 1.0],
                [0.573576, 0.0, 0.819152, -5e-06, 0.819152, 0.0, -0.573576, 5.643483, 0.0, 1.0, 0.0, 0.513452, 0.0, 0.0, 0.0, 1.0],
                [0.573576, 0.0, 0.819152, -5e-06, 0.819152, 0.0, -0.573576, 5.625128, 0.0, 1.0, 0.0, 0.524344, 0.0, 0.0, 0.0, 1.0],
                [0.573576, 0.0, 0.819152, -5e-06, 0.819152, 0.0, -0.573576, 5.60525, 0.0, 1.0, 0.0, 0.53614, 0.0, 0.0, 0.0, 1.0],
                [0.573576, 0.0, 0.819152, -5e-06, 0.819152, 0.0, -0.573576, 5.584066, 0.0, 1.0, 0.0, 0.548711, 0.0, 0.0, 0.0, 1.0],
                [0.573576, 0.0, 0.819152, -5e-06, 0.819152, 0.0, -0.573576, 5.561794, 0.0, 1.0, 0.0, 0.561928, 0.0, 0.0, 0.0, 1.0],
                [0.573576, 0.0, 0.819152, -5e-06, 0.819152, 0.0, -0.573576, 5.538651, 0.0, 1.0, 0.0, 0.575662, 0.0, 0.0, 0.0, 1.0],
                [0.573576, 0.0, 0.819152, -5e-06, 0.819152, 0.0, -0.573576, 5.514856, 0.0, 1.0, 0.0, 0.589783, 0.0, 0.0, 0.0, 1.0],
                [0.573576, 0.0, 0.819152, -5e-06, 0.819152, 0.0, -0.573576, 5.490624, 0.0, 1.0, 0.0, 0.604162, 0.0, 0.0, 0.0, 1.0],
                [0.573576, 0.0, 0.819152, -5e-06, 0.819152, 0.0, -0.573576, 5.466176, 0.0, 1.0, 0.0, 0.618671, 0.0, 0.0, 0.0, 1.0],
                [0.573576, 0.0, 0.819152, -5e-06, 0.819152, 0.0, -0.573576, 5.441727, 0.0, 1.0, 0.0, 0.63318, 0.0, 0.0, 0.0, 1.0],
                [0.573576, 0.0, 0.819152, -5e-06, 0.819152, 0.0, -0.573576, 5.417497, 0.0, 1.0, 0.0, 0.647559, 0.0, 0.0, 0.0, 1.0],
                [0.573576, 0.0, 0.819152, -5e-06, 0.819152, 0.0, -0.573576, 5.393701, 0.0, 1.0, 0.0, 0.66168, 0.0, 0.0, 0.0, 1.0],
                [0.573576, 0.0, 0.819152, -5e-06, 0.819152, 0.0, -0.573576, 5.370558, 0.0, 1.0, 0.0, 0.675414, 0.0, 0.0, 0.0, 1.0],
                [0.573576, 0.0, 0.819152, -5e-06, 0.819152, 0.0, -0.573576, 5.348286, 0.0, 1.0, 0.0, 0.688631, 0.0, 0.0, 0.0, 1.0],
                [0.573576, 0.0, 0.819152, -5e-06, 0.819152, 0.0, -0.573576, 5.327102, 0.0, 1.0, 0.0, 0.701202, 0.0, 0.0, 0.0, 1.0],
                [0.573576, 0.0, 0.819152, -5e-06, 0.819152, 0.0, -0.573576, 5.307224, 0.0, 1.0, 0.0, 0.712998, 0.0, 0.0, 0.0, 1.0],
                [0.573576, 0.0, 0.819152, -5e-06, 0.819152, 0.0, -0.573576, 5.288869, 0.0, 1.0, 0.0, 0.72389, 0.0, 0.0, 0.0, 1.0],
                [0.573576, 0.0, 0.819152, -5e-06, 0.819152, 0.0, -0.573576, 5.272256, 0.0, 1.0, 0.0, 0.733749, 0.0, 0.0, 0.0, 1.0],
                [0.573576, 0.0, 0.819152, -5e-06, 0.819152, 0.0, -0.573576, 5.257601, 0.0, 1.0, 0.0, 0.742446, 0.0, 0.0, 0.0, 1.0],
                [0.573576, 0.0, 0.819152, -5e-06, 0.819152, 0.0, -0.573576, 5.245123, 0.0, 1.0, 0.0, 0.749851, 0.0, 0.0, 0.0, 1.0],
                [0.573576, 0.0, 0.819152, -5e-06, 0.819152, 0.0, -0.573576, 5.235039, 0.0, 1.0, 0.0, 0.755835, 0.0, 0.0, 0.0, 1.0],
                [0.573576, 0.0, 0.819152, -5e-06, 0.819152, 0.0, -0.573576, 5.227566, 0.0, 1.0, 0.0, 0.760269, 0.0, 0.0, 0.0, 1.0],
                [0.573576, 0.0, 0.819152, -5e-06, 0.819152, 0.0, -0.573576, 5.222923, 0.0, 1.0, 0.0, 0.763024, 0.0, 0.0, 0.0, 1.0],
                [0.573576, 0.0, 0.819152, -5e-06, 0.819152, 0.0, -0.573576, 5.221327, 0.0, 1.0, 0.0, 0.763972, 0.0, 0.0, 0.0, 1.0],
                [0.573576, 0.0, 0.819152, -5e-06, 0.819152, 0.0, -0.573576, 5.221327, 0.0, 1.0, 0.0, 0.763972, 0.0, 0.0, 0.0, 1.0]
            ]
        },
        {
            "name": "Thigh_R",
            "time": [0.0, 0.0167, 0.0333, 0.05, 0.0667, 0.0833, 0.1, 0.1167, 0.1333, 0.15, 0.1667, 0.1833, 0.2, 0.2167, 0.2333, 0.25, 0.2667, 0.2833, 0.3, 0.3167, 0.3333, 0.35, 0.3667, 0.3833, 0.4, 0.4167, 0.4333, 0.45, 0.4667, 0.4833, 0.5, 0.5167, 0.5333, 0.55, 0.5667, 0.5833, 0.6, 0.6167, 0.6333, 0.65, 0.6667, 0.6833, 0.7, 0.7167, 0.7333, 0.75, 0.7667, 0.7833, 0.8, 0.8167, 0.8333, 0.85, 0.8667, 0.8833, 0.9, 0.9167, 0.9333, 0.95, 0.9667, 0.9833, 1.0, 1.0167, 1.0333, 1.05, 1.0667, 1.0833, 1.1, 1.1167, 1.1333, 1.15, 1.1667, 1.1833, 1.2, 1.2167, 1.2333, 1.25, 1.2667, 1.2833, 1.3, 1.3167, 1.3333, 1.35, 1.3667, 1.3833, 1.4, 1.4167, 1.4333, 1.45, 1.4667, 1.4833, 1.5, 1.5167, 1.5333, 1.55, 1.5667, 1.5833, 1.6, 1.6167, 1.6333, 1.65, 1.6667, 1.6833, 1.7, 1.7167, 1.7333, 1.75, 1.7667, 1.7833, 1.8, 1.8167, 1.8333, 1.85, 1.8667, 1.8833, 1.9, 1.9167, 1.9333, 1.95, 1.9667, 1.9833, 2.0, 2.0167, 2.0333, 2.05, 2.0667, 2.0833, 2.1, 2.1167, 2.1333, 2.15, 2.1667, 2.1833, 2.2, 2.2167, 2.2333, 2.25, 2.2667, 2.2833, 2.3, 2.3167, 2.3333, 2.35, 2.3667, 2.3833, 2.4, 2.4167, 2.4333, 2.45, 2.4667, 2.4833, 2.5, 2.5167, 2.5333, 2.55, 2.5667, 2.5833, 2.6, 2.6167, 2.6333, 2.65, 2.6667, 2.6833, 2.7, 2.7167, 2.7333, 2.75, 2.7667, 2.7833, 2.8, 2.8167, 2.8333, 2.85, 2.8667, 2.8833, 2.9, 2.9167, 2.9333, 2.95, 2.9667, 2.9833, 3.0, 3.0167, 3.0333, 3.05, 3.0667],
            "transform": [
                [0.52881, 0.734583, 0.425145, 0.124994, 0.077122, -0.540428, 0.837848, -0.002831, 0.845229, -0.410274, -0.342437, -1.2e-05, 0.0, 0.0, 0.0, 1.0],
                [0.528693, 0.731481, 0.430603, 0.124994, 0.077059, -0.546567, 0.833862, -0.002831, 0.845308, -0.407676, -0.345333, -1.2e-05, 0.0, 0.0, 0.0, 1.0],
                [0.52836, 0.722236, 0.44633, 0.124994, 0.076884, -0.564241, 0.822022, -0.002831, 0.845532, -0.400008, -0.353651, -1.2e-05, 0.0, 0.0, 0.0, 1.0],
                [0.527826, 0.706595, 0.471299, 0.124994, 0.076626, -0.592245, 0.802106, -0.002831, 0.845889, -0.387259, -0.366746, -1.2e-05, 0.0, 0.0, 0.0, 1.0],
                [0.527109, 0.683951, 0.504349, 0.124994, 0.076322, -0.629196, 0.77349, -0.002831, 0.846364, -0.369221, -0.383855, -1.2e-05, 0.0, 0.0, 0.0, 1.0],
                [0.526222, 0.653482, 0.544107, 0.124994, 0.07601, -0.67345, 0.735314, -0.002831, 0.846943, -0.345581, -0.404056, -1.2e-05, 0.0, 0.0, 0.0, 1.0],
                [0.525184, 0.614303, 0.588909, 0.124994, 0.075736, -0.723023, 0.686659, -0.002831, 0.847612, -0.316021, -0.426245, -1.2e-05, 0.0, 0.0, 0.0, 1.0],
                [0.524021, 0.56564, 0.636752, 0.124994, 0.075544, -0.775541, 0.62676, -0.002831, 0.848348, -0.280333, -0.449131, -1.2e-05, 0.0, 0.0, 0.0, 1.0],
                [0.522768, 0.507034, 0.685295, 0.124994, 0.075477, -0.828262, 0.555235, -0.002831, 0.849127, -0.238535, -0.471258, -1.2e-05, 0.0, 0.0, 0.0, 1.0],
                [0.521473, 0.438541, 0.731948, 0.124994, 0.075569, -0.878183, 0.472318, -0.002831, 0.849915, -0.190989, -0.491089, -1.2e-05, 0.0, 0.0, 0.0, 1.0],
                [0.520192, 0.360909, 0.774045, 0.124994, 0.075841, -0.922263, 0.37905, -0.002831, 0.850675, -0.138474, -0.507126, -1.2e-05, 0.0, 0.0, 0.0, 1.0],
                [0.518991, 0.275662, 0.80911, 0.124994, 0.076297, -0.957732, 0.277358, -0.002831, 0.851368, -0.082213, -0.518086, -1.2e-05, 0.0, 0.0, 0.0, 1.0],
                [0.517936, 0.185062, 0.835161, 0.124994, 0.076917, -0.982438, 0.169996, -0.002831, 0.851954, -0.023809, -0.523075, -1.2e-05, 0.0, 0.0, 0.0, 1.0],
                [0.517093, 0.091927, 0.850979, 0.124994, 0.077661, -0.995154, 0.060312, -0.002831, 0.852399, 0.034901, -0.521726, -1.2e-05, 0.0, 0.0, 0.0, 1.0],
                [0.516513, -0.000664, 0.856279, 0.124994, 0.07847, -0.995755, -0.048106, -0.002831, 0.852676, 0.092039, -0.514268, -1.2e-05, 0.0, 0.0, 0.0, 1.0],
                [0.516236, -0.089721, 0.851734, 0.124994, 0.079272, -0.985222, -0.151829, -0.002831, 0.85277, 0.145899, -0.501495, -1.2e-05, 0.0, 0.0, 0.0, 1.0],
                [0.516284, -0.172643, 0.838835, 0.124994, 0.079995, -0.965466, -0.247941, -0.002831, 0.852673, 0.195111, -0.484644, -1.2e-05, 0.0, 0.0, 0.0, 1.0],
                [0.516667, -0.247429, 0.819655, 0.124994, 0.080569, -0.939033, -0.334253, -0.002831, 0.852387, 0.238736, -0.465233, -1.2e-05, 0.0, 0.0, 0.0, 1.0],
                [0.517384, -0.312741, 0.796559, 0.124994, 0.080934, -0.908773, -0.409367, -0.002831, 0.851918, 0.276269, -0.444874, -1.2e-05, 0.0, 0.0, 0.0, 1.0],
                [0.51843, -0.367853, 0.771955, 0.124994, 0.081044, -0.877544, -0.472596, -0.002831, 0.851271, 0.30757, -0.425133, -1.2e-05, 0.0, 0.0, 0.0, 1.0],
                [0.519802, -0.412509, 0.748093, 0.124994, 0.080866, -0.848001, -0.523789, -0.002831, 0.850451, 0.332761, -0.407434, -1.2e-05, 0.0, 0.0, 0.0, 1.0],
                [0.521502, -0.44674, 0.726952, 0.124994, 0.080383, -0.822468, -0.563103, -0.002831, 0.849455, 0.352094, -0.393009, -1.2e-05, 0.0, 0.0, 0.0, 1.0],
                [0.523548, -0.470671, 0.710188, 0.124994, 0.079589, -0.802894, -0.590784, -0.002831, 0.848271, 0.365827, -0.382893, -1.2e-05, 0.0, 0.0, 0.0, 1.0],
                [0.525968, -0.484343, 0.699121, 0.124994, 0.078494, -0.790855, -0.606949, -0.002831, 0.846874, 0.374112, -0.377947, -1.2e-05, 0.0, 0.0, 0.0, 1.0],
                [0.52881, -0.48755, 0.694734, 0.124994, 0.077122, -0.787558, -0.611395, -0.002831, 0.845229, 0.376891, -0.378868, -1.2e-05, 0.0, 0.0, 0.0, 1.0],
                [0.531362, -0.468182, 0.706017, 0.124994, 0.075924, -0.803734, -0.590124, -0.002831, 0.843736, 0.367173, -0.391528, -1.2e-05, 0.0, 0.0, 0.0, 1.0],
                [0.533021, -0.416887, 0.736271, 0.124994, 0.075337, -0.84335, -0.532057, -0.002831, 0.842741, 0.339066, -0.418116, -1.2e-05, 0.0, 0.0, 0.0, 1.0],
                [0.533927, -0.336119, 0.775852, 0.124994, 0.075298, -0.895044, -0.439575, -0.002831, 0.842171, 0.293121, -0.452579, -1.2e-05, 0.0, 0.0, 0.0, 1.0],
                [0.534164, -0.229424, 0.813655, 0.124994, 0.075655, -0.945635, -0.316306, -0.002831, 0.841989, 0.230516, -0.487767, -1.2e-05, 0.0, 0.0, 0.0, 1.0],
                [0.533814, -0.103889, 0.839196, 0.124994, 0.076206, -0.982475, -0.170101, -0.002831, 0.842161, 0.154754, -0.516542, -1.2e-05, 0.0, 0.0, 0.0, 1.0],
                [0.533007, 0.029363, 0.845601, 0.124994, 0.076745, -0.996956, -0.013756, -0.002831, 0.842623, 0.072228, -0.533638, -1.2e-05, 0.0, 0.0, 0.0, 1.0],
                [0.531928, 0.157122, 0.832085, 0.124994, 0.07712, -0.98754, 0.137176, -0.002831, 0.843271, -0.008797, -0.537417, -1.2e-05, 0.0, 0.0, 0.0, 1.0],
                [0.530787, 0.267358, 0.80423, 0.124994, 0.077278, -0.960252, 0.268224, -0.002831, 0.843975, -0.08022, -0.53035, -1.2e-05, 0.0, 0.0, 0.0, 1.0],
                [0.529781, 0.351586, 0.771829, 0.124994, 0.077261, -0.926253, 0.368898, -0.002831, 0.844608, -0.135803, -0.517875, -1.2e-05, 0.0, 0.0, 0.0, 1.0],
                [0.529076, 0.404854, 0.745769, 0.124994, 0.077171, -0.898163, 0.432835, -0.002831, 0.845058, -0.171451, -0.50644, -1.2e-05, 0.0, 0.0, 0.0, 1.0],
                [0.52881, 0.423596, 0.735477, 0.124994, 0.077122, -0.886948, 0.455384, -0.002831, 0.845229, -0.18409, -0.501696, -1.2e-05, 0.0, 0.0, 0.0, 1.0],
                [0.52881, 0.423596, 0.735477, 0.124994, 0.077122, -0.886948, 0.455384, -0.002831, 0.845229, -0.18409, -0.501696, -1.2e-05, 0.0, 0.0, 0.0, 1.0],
                [0.52881, 0.423596, 0.735477, 0.124994, 0.077122, -0.886948, 0.455384, -0.002831, 0.845229, -0.18409, -0.501696, -1.2e-05, 0.0, 0.0, 0.0, 1.0],
                [0.52881, 0.423596, 0.735477, 0.124994, 0.077122, -0.886948, 0.455384, -0.002831, 0.845229, -0.18409, -0.501696, -1.2e-05, 0.0, 0.0, 0.0, 1.0],
                [0.52881, 0.423596, 0.735477, 0.124994, 0.077122, -0.886948, 0.455384, -0.002831, 0.845229, -0.18409, -0.501696, -1.2e-05, 0.0, 0.0, 0.0, 1.0],
                [0.52881, 0.423596, 0.735477, 0.124994, 0.077122, -0.886948, 0.455384, -0.002831, 0.845229, -0.18409, -0.501696, -1.2e-05, 0.0, 0.0, 0.0, 1.0],
                [0.52881, 0.423596, 0.735477, 0.124994, 0.077122, -0.886948, 0.455384, -0.002831, 0.845229, -0.18409, -0.501696, -1.2e-05, 0.0, 0.0, 0.0, 1.0],
                [0.52881, 0.423596, 0.735477, 0.124994, 0.077122, -0.886948, 0.455384, -0.002831, 0.845229, -0.18409, -0.501696, -1.2e-05, 0.0, 0.0, 0.0, 1.0],
                [0.52881, 0.423596, 0.735477, 0.124994, 0.077122, -0.886948, 0.455384, -0.002831, 0.845229, -0.18409, -0.501696, -1.2e-05, 0.0, 0.0, 0.0, 1.0],
                [0.52881, 0.423596, 0.735477, 0.124994, 0.077122, -0.886948, 0.455384, -0.002831, 0.845229, -0.18409, -0.501696, -1.2e-05, 0.0, 0.0, 0.0, 1.0],
                [0.52881, 0.423596, 0.735477, 0.124994, 0.077122, -0.886948, 0.455384, -0.002831, 0.845229, -0.18409, -0.501696, -1.2e-05, 0.0, 0.0, 0.0, 1.0],
                [0.52881, 0.423596, 0.735477, 0.124994, 0.077122, -0.886948, 0.455384, -0.002831, 0.845229, -0.18409, -0.501696, -1.2e-05, 0.0, 0.0, 0.0, 1.0],
                [0.52881, 0.423596, 0.735477, 0.124994, 0.077122, -0.886948, 0.455384, -0.002831, 0.845229, -0.18409, -0.501696, -1.2e-05, 0.0, 0.0, 0.0, 1.0],
                [0.52881, 0.423596, 0.735477, 0.124994, 0.077122, -0.886948, 0.455384, -0.002831, 0.845229, -0.18409, -0.501696, -1.2e-05, 0.0, 0.0, 0.0, 1.0],
                [0.52881, 0.423596, 0.735477, 0.124994, 0.077122, -0.886948, 0.455384, -0.002831, 0.845229, -0.18409, -0.501696, -1.2e-05, 0.0, 0.0, 0.0, 1.0],
                [0.52881, 0.423596, 0.735477, 0.124994, 0.077122, -0.886948, 0.455384, -0.002831, 0.845229, -0.18409, -0.501696, -1.2e-05, 0.0, 0.0, 0.0, 1.0],
                [0.52881, 0.423596, 0.735477, 0.124994, 0.077122, -0.886948, 0.455384, -0.002831, 0.845229, -0.18409, -0.501696, -1.2e-05, 0.0, 0.0, 0.0, 1.0],
                [0.52881, 0.423596, 0.735477, 0.124994, 0.077122, -0.886948, 0.455384, -0.002831, 0.845229, -0.18409, -0.501696, -1.2e-05, 0.0, 0.0, 0.0, 1.0],
                [0.52881, 0.423596, 0.735477, 0.124994, 0.077122, -0.886948, 0.455384, -0.002831, 0.845229, -0.18409, -0.501696, -1.2e-05, 0.0, 0.0, 0.0, 1.0],
                [0.52881, 0.423596, 0.735477, 0.124994, 0.077122, -0.886948, 0.455384, -0.002831, 0.845229, -0.18409, -0.501696, -1.2e-05, 0.0, 0.0, 0.0, 1.0],
                [0.52881, 0.423596, 0.735477, 0.124994, 0.077122, -0.886948, 0.455384, -0.002831, 0.845229, -0.18409, -0.501696, -1.2e-05, 0.0, 0.0, 0.0, 1.0],
                [0.52881, 0.423596, 0.735477, 0.124994, 0.077122, -0.886948, 0.455384, -0.002831, 0.845229, -0.18409, -0.501696, -1.2e-05, 0.0, 0.0, 0.0, 1.0],
                [0.52881, 0.423596, 0.735477, 0.124994, 0.077122, -0.886948, 0.455384, -0.002831, 0.845229, -0.18409, -0.501696, -1.2e-05, 0.0, 0.0, 0.0, 1.0],
                [0.52881, 0.423596, 0.735477, 0.124994, 0.077122, -0.886948, 0.455384, -0.002831, 0.845229, -0.18409, -0.501696, -1.2e-05, 0.0, 0.0, 0.0, 1.0],
                [0.52881, 0.423596, 0.735477, 0.124994, 0.077122, -0.886948, 0.455384, -0.002831, 0.845229, -0.18409, -0.501696, -1.2e-05, 0.0, 0.0, 0.0, 1.0],
                [0.52881, 0.423596, 0.735477, 0.124994, 0.077122, -0.886948, 0.455384, -0.002831, 0.845229, -0.18409, -0.501696, -1.2e-05, 0.0, 0.0, 0.0, 1.0],
                [0.52881, 0.423596, 0.735477, 0.124994, 0.077122, -0.886948, 0.455384, -0.002831, 0.845229, -0.18409, -0.501696, -1.2e-05, 0.0, 0.0, 0.0, 1.0],
                [0.52881, 0.423596, 0.735477, 0.124994, 0.077122, -0.886948, 0.455384, -0.002831, 0.845229, -0.18409, -0.501696, -1.2e-05, 0.0, 0.0, 0.0, 1.0],
                [0.52881, 0.423596, 0.735477, 0.124994, 0.077122, -0.886948, 0.455384, -0.002831, 0.845229, -0.18409, -0.501696, -1.2e-05, 0.0, 0.0, 0.0, 1.0],
                [0.52881, 0.423596, 0.735477, 0.124994, 0.077122, -0.886948, 0.455384, -0.002831, 0.845229, -0.18409, -0.501696, -1.2e-05, 0.0, 0.0, 0.0, 1.0],
                [0.52881, 0.423596, 0.735477, 0.124994, 0.077122, -0.886948, 0.455384, -0.002831, 0.845229, -0.18409, -0.501696, -1.2e-05, 0.0, 0.0, 0.0, 1.0],
                [0.52881, 0.423596, 0.735477, 0.124994, 0.077122, -0.886948, 0.455384, -0.002831, 0.845229, -0.18409, -0.501696, -1.2e-05, 0.0, 0.0, 0.0, 1.0],
                [0.52881, 0.423596, 0.735477, 0.124994, 0.077122, -0.886948, 0.455384, -0.002831, 0.845229, -0.18409, -0.501696, -1.2e-05, 0.0, 0.0, 0.0, 1.0],
                [0.52881, 0.423596, 0.735477, 0.124994, 0.077122, -0.886948, 0.455384, -0.002831, 0.845229, -0.18409, -0.501696, -1.2e-05, 0.0, 0.0, 0.0, 1.0],
                [0.52881, 0.423596, 0.735477, 0.124994, 0.077122, -0.886948, 0.455384, -0.002831, 0.845229, -0.18409, -0.501696, -1.2e-05, 0.0, 0.0, 0.0, 1.0],
                [0.52881, 0.423596, 0.735477, 0.124994, 0.077122, -0.886948, 0.455384, -0.002831, 0.845229, -0.18409, -0.501696, -1.2e-05, 0.0, 0.0, 0.0, 1.0],
                [0.52881, 0.423596, 0.735477, 0.124994, 0.077122, -0.886948, 0.455384, -0.002831, 0.845229, -0.18409, -0.501696, -1.2e-05, 0.0, 0.0, 0.0, 1.0],
                [0.52881, 0.423596, 0.735477, 0.124994, 0.077122, -0.886948, 0.455384, -0.002831, 0.845229, -0.18409, -0.501696, -1.2e-05, 0.0, 0.0, 0.0, 1.0],
                [0.52881, 0.423596, 0.735477, 0.124994, 0.077122, -0.886948, 0.455384, -0.002831, 0.845229, -0.18409, -0.501696, -1.2e-05, 0.0, 0.0, 0.0, 1.0],
                [0.52881, 0.423596, 0.735477, 0.124994, 0.077122, -0.886948, 0.455384, -0.002831, 0.845229, -0.18409, -0.501696, -1.2e-05, 0.0, 0.0, 0.0, 1.0],
                [0.52881, 0.423596, 0.735477, 0.124994, 0.077122, -0.886948, 0.455384, -0.002831, 0.845229, -0.18409, -0.501696, -1.2e-05, 0.0, 0.0, 0.0, 1.0],
                [0.52881, 0.423596, 0.735477, 0.124994, 0.077122, -0.886948, 0.455384, -0.002831, 0.845229, -0.18409, -0.501696, -1.2e-05, 0.0, 0.0, 0.0, 1.0],
                [0.52881, 0.423596, 0.735477, 0.124994, 0.077122, -0.886948, 0.455384, -0.002831, 0.845229, -0.18409, -0.501696, -1.2e-05, 0.0, 0.0, 0.0, 1.0],
                [0.52881, 0.423596, 0.735477, 0.124994, 0.077122, -0.886948, 0.455384, -0.002831, 0.845229, -0.18409, -0.501696, -1.2e-05, 0.0, 0.0, 0.0, 1.0],
                [0.52881, 0.423596, 0.735477, 0.124994, 0.077122, -0.886948, 0.455384, -0.002831, 0.845229, -0.18409, -0.501696, -1.2e-05, 0.0, 0.0, 0.0, 1.0],
                [0.52881, 0.423596, 0.735477, 0.124994, 0.077122, -0.886948, 0.455384, -0.002831, 0.845229, -0.18409, -0.501696, -1.2e-05, 0.0, 0.0, 0.0, 1.0],
                [0.52881, 0.423596, 0.735477, 0.124994, 0.077122, -0.886948, 0.455384, -0.002831, 0.845229, -0.18409, -0.501696, -1.2e-05, 0.0, 0.0, 0.0, 1.0],
                [0.52881, 0.423596, 0.735477, 0.124994, 0.077122, -0.886948, 0.455384, -0.002831, 0.845229, -0.18409, -0.501696, -1.2e-05, 0.0, 0.0, 0.0, 1.0],
                [0.52881, 0.423596, 0.735477, 0.124994, 0.077122, -0.886948, 0.455384, -0.002831, 0.845229, -0.18409, -0.501696, -1.2e-05, 0.0, 0.0, 0.0, 1.0],
                [0.52881, 0.423596, 0.735477, 0.124994, 0.077122, -0.886948, 0.455384, -0.002831, 0.845229, -0.18409, -0.501696, -1.2e-05, 0.0, 0.0, 0.0, 1.0],
                [0.52881, 0.423596, 0.735477, 0.124994, 0.077122, -0.886948, 0.455384, -0.002831, 0.845229, -0.18409, -0.501696, -1.2e-05, 0.0, 0.0, 0.0, 1.0],
