{
    "animation": [
        {
            "name": "Root",
            "time": [0.0, 0.0167, 0.0333, 0.05, 0.0667, 0.0833, 0.1, 0.1167, 0.1333, 0.15, 0.1667, 0.1833, 0.2, 0.2167, 0.2333, 0.25, 0.2667, 0.2833, 0.3, 0.3167, 0.3333, 0.35, 0.3667, 0.3833, 0.4, 0.4167, 0.4333, 0.45, 0.4667, 0.4833, 0.5, 0.5167, 0.5333, 0.55, 0.5667, 0.5833, 0.6, 0.6167, 0.6333, 0.65, 0.6667, 0.6833, 0.7, 0.7167, 0.7333, 0.75, 0.7667, 0.7833, 0.8, 0.8167, 0.8333, 0.85, 0.8667, 0.8833, 0.9, 0.9167, 0.9333, 0.95, 0.9667, 0.9833, 1.0, 1.0167, 1.0333, 1.05, 1.0667, 1.0833, 1.1, 1.1167, 1.1333, 1.15, 1.1667, 1.1833, 1.2, 1.2167, 1.2333, 1.25, 1.2667, 1.2833, 1.3, 1.3167, 1.3333, 1.35, 1.3667, 1.3833, 1.4, 1.4167],
            "transform": [
                [0.819152, 0.0, 0.573576, -5e-06, 0.573576, 0.0, -0.819152, 0.000946, 0.0, 1.0, 0.0, 0.763972, 0.0, 0.0, 0.0, 1.0],
                [0.819152, 0.0, 0.573576, -5e-06, 0.573576, 0.0, -0.819152, 0.000972, 0.0, 1.0, 0.0, 0.763972, 0.0, 0.0, 0.0, 1.0],
                [0.819152, 0.0, 0.573576, -5e-06, 0.573576, 0.0, -0.819152, 0.001154, 0.0, 1.0, 0.0, 0.763972, 0.0, 0.0, 0.0, 1.0],
                [0.819152, 0.0, 0.573576, -5e-06, 0.573576, 0.0, -0.819152, 0.001648, 0.0, 1.0, 0.0, 0.763972, 0.0, 0.0, 0.0, 1.0],
                [0.819152, 0.0, 0.573576, -5e-06, 0.573576, 0.0, -0.819152, 0.00261, 0.0, 1.0, 0.0, 0.763972, 0.0, 0.0, 0.0, 1.0],
                [0.819152, 0.0, 0.573576, -5e-06, 0.573576, 0.0, -0.819152, 0.004196, 0.0, 1.0, 0.0, 0.763972, 0.0, 0.0, 0.0, 1.0],
                [0.819152, 0.0, 0.573576, -5e-06, 0.573576, 0.0, -0.819152, 0.006561, 0.0, 1.0, 0.0, 0.763972, 0.0, 0.0, 0.0, 1.0],
                [0.819152, 0.0, 0.573576, -5e-06, 0.573576, 0.0, -0.819152, 0.009862, 0.0, 1.0, 0.0, 0.763972, 0.0, 0.0, 0.0, 1.0],
                [0.819152, 0.0, 0.573576, -5e-06, 0.573576, 0.0, -0.819152, 0.014255, 0.0, 1.0, 0.0, 0.763972, 0.0, 0.0, 0.0, 1.0],
                [0.819152, 0.0, 0.573576, -5e-06, 0.573576, 0.0, -0.819152, 0.019896, 0.0, 1.0, 0.0, 0.763972, 0.0, 0.0, 0.0, 1.0],
                [0.819152, 0.0, 0.573576, -5e-06, 0.573576, 0.0, -0.819152, 0.02694, 0.0, 1.0, 0.0, 0.763972, 0.0, 0.0, 0.0, 1.0],
                [0.819152, 0.0, 0.573576, -5e-06, 0.573576, 0.0, -0.819152, 0.035544, 0.0, 1.0, 0.0, 0.763972, 0.0, 0.0, 0.0, 1.0],
                [0.819152, 0.0, 0.573576, -5e-06, 0.573576, 0.0, -0.819152, 0.045863, 0.0, 1.0, 0.0, 0.763972, 0.0, 0.0, 0.0, 1.0],
                [0.819152, 0.0, 0.573576, -5e-06, 0.573576, 0.0, -0.819152, 0.058054, 0.0, 1.0, 0.0, 0.763972, 0.0, 0.0, 0.0, 1.0],
                [0.819152, 0.0, 0.573576, -5e-06, 0.573576, 0.0, -0.819152, 0.072273, 0.0, 1.0, 0.0, 0.763972, 0.0, 0.0, 0.0, 1.0],
                [0.819152, 0.0, 0.573576, -5e-06, 0.573576, 0.0, -0.819152, 0.088675, 0.0, 1.0, 0.0, 0.763972, 0.0, 0.0, 0.0, 1.0],
                [0.819152, 0.0, 0.573576, -5e-06, 0.573576, 0.0, -0.819152, 0.107416, 0.0, 1.0, 0.0, 0.763972, 0.0, 0.0, 0.0, 1.0],
                [0.819152, 0.0, 0.573576, -5e-06, 0.573576, 0.0, -0.819152, 0.142626, 0.0, 1.0, 0.0, 0.763972, 0.0, 0.0, 0.0, 1.0],
                [0.819152, 0.0, 0.573576, -5e-06, 0.573576, 0.0, -0.819152, 0.206155, 0.0, 1.0, 0.0, 0.763972, 0.0, 0.0, 0.0, 1.0],
                [0.819152, 0.0, 0.573576, -5e-06, 0.573576, 0.0, -0.819152, 0.294747, 0.0, 1.0, 0.0, 0.763972, 0.0, 0.0, 0.0, 1.0],
                [0.819152, 0.0, 0.573576, -5e-06, 0.573576, 0.0, -0.819152, 0.405145, 0.0, 1.0, 0.0, 0.763972, 0.0, 0.0, 0.0, 1.0],
                [0.819152, 0.0, 0.573576, -5e-06, 0.573576, 0.0, -0.819152, 0.53409, 0.0, 1.0, 0.0, 0.763972, 0.0, 0.0, 0.0, 1.0],
                [0.819152, 0.0, 0.573576, -5e-06, 0.573576, 0.0, -0.819152, 0.678325, 0.0, 1.0, 0.0, 0.763972, 0.0, 0.0, 0.0, 1.0],
                [0.819152, 0.0, 0.573576, -5e-06, 0.573576, 0.0, -0.819152, 0.834592, 0.0, 1.0, 0.0, 0.763972, 0.0, 0.0, 0.0, 1.0],
                [0.819152, 0.0, 0.573576, -5e-06, 0.573576, 0.0, -0.819152, 0.999635, 0.0, 1.0, 0.0, 0.763972, 0.0, 0.0, 0.0, 1.0],
                [0.819152, 0.0, 0.573576, -5e-06, 0.573576, 0.0, -0.819152, 1.170193, 0.0, 1.0, 0.0, 0.759461, 0.0, 0.0, 0.0, 1.0],
                [0.819152, 0.0, 0.573576, -5e-06, 0.573576, 0.0, -0.819152, 1.343012, 0.0, 1.0, 0.0, 0.74699, 0.0, 0.0, 0.0, 1.0],
                [0.819152, 0.0, 0.573576, -5e-06, 0.573576, 0.0, -0.819152, 1.514832, 0.0, 1.0, 0.0, 0.728151, 0.0, 0.0, 0.0, 1.0],
                [0.819152, 0.0, 0.573576, -5e-06, 0.573576, 0.0, -0.819152, 1.682397, 0.0, 1.0, 0.0, 0.704536, 0.0, 0.0, 0.0, 1.0],
                [0.819152, 0.0, 0.573576, -5e-06, 0.573576, 0.0, -0.819152, 1.842448, 0.0, 1.0, 0.0, 0.677737, 0.0, 0.0, 0.0, 1.0],
                [0.819152, 0.0, 0.573576, -5e-06, 0.573576, 0.0, -0.819152, 1.991728, 0.0, 1.0, 0.0, 0.649346, 0.0, 0.0, 0.0, 1.0],
                [0.819152, 0.0, 0.573576, -5e-06, 0.573576, 0.0, -0.819152, 2.12698, 0.0, 1.0, 0.0, 0.620955, 0.0, 0.0, 0.0, 1.0],
                [0.819152, 0.0, 0.573576, -5e-06, 0.573576, 0.0, -0.819152, 2.244946, 0.0, 1.0, 0.0, 0.594156, 0.0, 0.0, 0.0, 1.0],
                [0.819152, 0.0, 0.573576, -5e-06, 0.573576, 0.0, -0.819152, 2.342367, 0.0, 1.0, 0.0, 0.570541, 0.0, 0.0, 0.0, 1.0],
                [0.819152, 0.0, 0.573576, -5e-06, 0.573576, 0.0, -0.819152, 2.415987, 0.0, 1.0, 0.0, 0.551702, 0.0, 0.0, 0.0, 1.0],
                [0.819152, 0.0, 0.573576, -5e-06, 0.573576, 0.0, -0.819152, 2.462548, 0.0, 1.0, 0.0, 0.539231, 0.0, 0.0, 0.0, 1.0],
                [0.819152, 0.0, 0.573576, -5e-06, 0.573576, 0.0, -0.819152, 2.478792, 0.0, 1.0, 0.0, 0.53472, 0.0, 0.0, 0.0, 1.0],
                [0.819152, 0.0, 0.573576, -5e-06, 0.573576, 0.0, -0.819152, 2.478792, 0.0, 1.0, 0.0, 0.53472, 0.0, 0.0, 0.0, 1.0],
                [0.819152, 0.0, 0.573576, -5e-06, 0.573576, 0.0, -0.819152, 2.478792, 0.0, 1.0, 0.0, 0.53472, 0.0, 0.0, 0.0, 1.0],
                [0.819152, 0.0, 0.573576, -5e-06, 0.573576, 0.0, -0.819152, 2.478792, 0.0, 1.0, 0.0, 0.53472, 0.0, 0.0, 0.0, 1.0],
                [0.819152, 0.0, 0.573576, -5e-06, 0.573576, 0.0, -0.819152, 2.478792, 0.0, 1.0, 0.0, 0.53472, 0.0, 0.0, 0.0, 1.0],
                [0.819152, 0.0, 0.573576, -5e-06, 0.573576, 0.0, -0.819152, 2.478792, 0.0, 1.0, 0.0, 0.53472, 0.0, 0.0, 0.0, 1.0],
                [0.819152, 0.0, 0.573576, -5e-06, 0.573576, 0.0, -0.819152, 2.478792, 0.0, 1.0, 0.0, 0.53472, 0.0, 0.0, 0.0, 1.0],
                [0.819152, 0.0, 0.573576, -5e-06, 0.573576, 0.0, -0.819152, 2.478792, 0.0, 1.0, 0.0, 0.53472, 0.0, 0.0, 0.0, 1.0],
                [0.819152, 0.0, 0.573576, -5e-06, 0.573576, 0.0, -0.819152, 2.478792, 0.0, 1.0, 0.0, 0.53472, 0.0, 0.0, 0.0, 1.0],
                [0.819152, 0.0, 0.573576, -5e-06, 0.573576, 0.0, -0.819152, 2.478792, 0.0, 1.0, 0.0, 0.53472, 0.0, 0.0, 0.0, 1.0],
                [0.819152, 0.0, 0.573576, -5e-06, 0.573576, 0.0, -0.819152, 2.478792, 0.0, 1.0, 0.0, 0.53472, 0.0, 0.0, 0.0, 1.0],
                [0.819152, 0.0, 0.573576, -5e-06, 0.573576, 0.0, -0.819152, 2.478792, 0.0, 1.0, 0.0, 0.53472, 0.0, 0.0, 0.0, 1.0],
                [0.819152, 0.0, 0.573576, -5e-06, 0.573576, 0.0, -0.819152, 2.478792, 0.0, 1.0, 0.0, 0.53472, 0.0, 0.0, 0.0, 1.0],
                [0.819152, 0.0, 0.573576, -5e-06, 0.573576, 0.0, -0.819152, 2.478792, 0.0, 1.0, 0.0, 0.53472, 0.0, 0.0, 0.0, 1.0],
                [0.819152, 0.0, 0.573576, -5e-06, 0.573576, 0.0, -0.819152, 2.478792, 0.0, 1.0, 0.0, 0.53472, 0.0, 0.0, 0.0, 1.0],
                [0.819152, 0.0, 0.573576, -5e-06, 0.573576, 0.0, -0.819152, 2.478792, 0.0, 1.0, 0.0, 0.53472, 0.0, 0.0, 0.0, 1.0],
                [0.819152, 0.0, 0.573576, -5e-06, 0.573576, 0.0, -0.819152, 2.478792, 0.0, 1.0, 0.0, 0.53472, 0.0, 0.0, 0.0, 1.0],
                [0.819152, 0.0, 0.573576, -5e-06, 0.573576, 0.0, -0.819152, 2.476627, 0.0, 1.0, 0.0, 0.536098, 0.0, 0.0, 0.0, 1.0],
                [0.819152, 0.0, 0.573576, -5e-06, 0.573576, 0.0, -0.819152, 2.470309, 0.0, 1.0, 0.0, 0.540059, 0.0, 0.0, 0.0, 1.0],
                [0.819152, 0.0, 0.573576, -5e-06, 0.573576, 0.0, -0.819152, 2.460106, 0.0, 1.0, 0.0, 0.546346, 0.0, 0.0, 0.0, 1.0],
                [0.819152, 0.0, 0.573576, -5e-06, 0.573576, 0.0, -0.819152, 2.446287, 0.0, 1.0, 0.0, 0.5547, 0.0, 0.0, 0.0, 1.0],
                [0.819152, 0.0, 0.573576, -5e-06, 0.573576, 0.0, -0.819152, 2.42912, 0.0, 1.0, 0.0, 0.564862, 0.0, 0.0, 0.0, 1.0],
                [0.819152, 0.0, 0.573576, -5e-06, 0.573576, 0.0, -0.819152, 2.408871, 0.0, 1.0, 0.0, 0.576574, 0.0, 0.0, 0.0, 1.0],
                [0.819152, 0.0, 0.573576, -5e-06, 0.573576, 0.0, -0.819152, 2.38581, 0.0, 1.0, 0.0, 0.589579, 0.0, 0.0, 0.0, 1.0],
                [0.819152, 0.0, 0.573576, -5e-06, 0.573576, 0.0, -0.819152, 2.360204, 0.0, 1.0, 0.0, 0.603616, 0.0, 0.0, 0.0, 1.0],
                [0.819152, 0.0, 0.573576, -5e-06, 0.573576, 0.0, -0.819152, 2.33232, 0.0, 1.0, 0.0, 0.618429, 0.0, 0.0, 0.0, 1.0],
                [0.819152, 0.0, 0.573576, -5e-06, 0.573576, 0.0, -0.819152, 2.302427, 0.0, 1.0, 0.0, 0.633758, 0.0, 0.0, 0.0, 1.0],
                [0.819152, 0.0, 0.573576, -5e-06, 0.573576, 0.0, -0.819152, 2.270793, 0.0, 1.0, 0.0, 0.649346, 0.0, 0.0, 0.0, 1.0],
                [0.819152, 0.0, 0.573576, -5e-06, 0.573576, 0.0, -0.819152, 2.237685, 0.0, 1.0, 0.0, 0.664934, 0.0, 0.0, 0.0, 1.0],
                [0.819152, 0.0, 0.573576, -5e-06, 0.573576, 0.0, -0.819152, 2.203372, 0.0, 1.0, 0.0, 0.680263, 0.0, 0.0, 0.0, 1.0],
                [0.819152, 0.0, 0.573576, -5e-06, 0.573576, 0.0, -0.819152, 2.168122, 0.0, 1.0, 0.0, 0.695076, 0.0, 0.0, 0.0, 1.0],
                [0.819152, 0.0, 0.573576, -5e-06, 0.573576, 0.0, -0.819152, 2.132201, 0.0, 1.0, 0.0, 0.709113, 0.0, 0.0, 0.0, 1.0],
                [0.819152, 0.0, 0.573576, -5e-06, 0.573576, 0.0, -0.819152, 2.095879, 0.0, 1.0, 0.0, 0.722117, 0.0, 0.0, 0.0, 1.0],
                [0.819152, 0.0, 0.573576, -5e-06, 0.573576, 0.0, -0.819152, 2.059423, 0.0, 1.0, 0.0, 0.73383, 0.0, 0.0, 0.0, 1.0],
                [0.819152, 0.0, 0.573576, -5e-06, 0.573576, 0.0, -0.819152, 2.0231, 0.0, 1.0, 0.0, 0.743992, 0.0, 0.0, 0.0, 1.0],
                [0.819152, 0.0, 0.573576, -5e-06, 0.573576, 0.0, -0.819152, 1.98718, 0.0, 1.0, 0.0, 0.752345, 0.0, 0.0, 0.0, 1.0],
                [0.819152, 0.0, 0.573576, -5e-06, 0.573576, 0.0, -0.819152, 1.951929, 0.0, 1.0, 0.0, 0.758632, 0.0, 0.0, 0.0, 1.0],
                [0.819152, 0.0, 0.573576, -5e-06, 0.573576, 0.0, -0.819152, 1.917616, 0.0, 1.0, 0.0, 0.762594, 0.0, 0.0, 0.0, 1.0],
                [0.819152, 0.0, 0.573576, -5e-06, 0.573576, 0.0, -0.819152, 1.884509, 0.0, 1.0, 0.0, 0.763972, 0.0, 0.0, 0.0, 1.0],
                [0.819152, 0.0, 0.573576, -5e-06, 0.573576, 0.0, -0.819152, 1.852875, 0.0, 1.0, 0.0, 0.763972, 0.0, 0.0, 0.0, 1.0],
                [0.819152, 0.0, 0.573576, -5e-06, 0.573576, 0.0, -0.819152, 1.822982, 0.0, 1.0, 0.0, 0.763972, 0.0, 0.0, 0.0, 1.0],
                [0.819152, 0.0, 0.573576, -5e-06, 0.573576, 0.0, -0.819152, 1.795098, 0.0, 1.0, 0.0, 0.763972, 0.0, 0.0, 0.0, 1.0],
                [0.819152, 0.0, 0.573576, -5e-06, 0.573576, 0.0, -0.819152, 1.769492, 0.0, 1.0, 0.0, 0.763972, 0.0, 0.0, 0.0, 1.0],
                [0.819152, 0.0, 0.573576, -5e-06, 0.573576, 0.0, -0.819152, 1.74643, 0.0, 1.0, 0.0, 0.763972, 0.0, 0.0, 0.0, 1.0],
                [0.819152, 0.0, 0.573576, -5e-06, 0.573576, 0.0, -0.819152, 1.726182, 0.0, 1.0, 0.0, 0.763972, 0.0, 0.0, 0.0, 1.0],
                [0.819152, 0.0, 0.573576, -5e-06, 0.573576, 0.0, -0.819152, 1.709014, 0.0, 1.0, 0.0, 0.763972, 0.0, 0.0, 0.0, 1.0],
                [0.819152, 0.0, 0.573576, -5e-06, 0.573576, 0.0, -0.819152, 1.695195, 0.0, 1.0, 0.0, 0.763972, 0.0, 0.0, 0.0, 1.0],
                [0.819152, 0.0, 0.573576, -5e-06, 0.573576, 0.0, -0.819152, 1.684993, 0.0, 1.0, 0.0, 0.763972, 0.0, 0.0, 0.0, 1.0],
                [0.819152, 0.0, 0.573576, -5e-06, 0.573576, 0.0, -0.819152, 1.678675, 0.0, 1.0, 0.0, 0.763972, 0.0, 0.0, 0.0, 1.0],
                [0.819152, 0.0, 0.573576, -5e-06, 0.573576, 0.0, -0.819152, 1.676509, 0.0, 1.0, 0.0, 0.763972, 0.0, 0.0, 0.0, 1.0]
            ]
        },
        {
            "name": "Thigh_R",
            "time": [0.0, 0.0167, 0.0333, 0.05, 0.0667, 0.0833, 0.1, 0.1167, 0.1333, 0.15, 0.1667, 0.1833, 0.2, 0.2167, 0.2333, 0.25, 0.2667, 0.2833, 0.3, 0.3167, 0.3333, 0.35, 0.3667, 0.3833, 0.4, 0.4167, 0.4333, 0.45, 0.4667, 0.4833, 0.5, 0.5167, 0.5333, 0.55, 0.5667, 0.5833, 0.6, 0.6167, 0.6333, 0.65, 0.6667, 0.6833, 0.7, 0.7167, 0.7333, 0.75, 0.7667, 0.7833, 0.8, 0.8167, 0.8333, 0.85, 0.8667, 0.8833, 0.9, 0.9167, 0.9333, 0.95, 0.9667, 0.9833, 1.0, 1.0167, 1.0333, 1.05, 1.0667, 1.0833, 1.1, 1.1167, 1.1333, 1.15, 1.1667, 1.1833, 1.2, 1.2167, 1.2333, 1.25, 1.2667, 1.2833, 1.3, 1.3167, 1.3333, 1.35, 1.3667, 1.3833, 1.4, 1.4167],
            "transform": [
                [0.560396, 0.367848, 0.742054, 0.124994, 0.036243, -0.90599, 0.421743, -0.002831, 0.827432, -0.209449, -0.521045, -1.2e-05, 0.0, 0.0, 0.0, 1.0],
                [0.560396, 0.370219, 0.740874, 0.124994, 0.036243, -0.904637, 0.424638, -0.002831, 0.827432, -0.211114, -0.520373, -1.2e-05, 0.0, 0.0, 0.0, 1.0],
                [0.560396, 0.376904, 0.737496, 0.124994, 0.036243, -0.90076, 0.432802, -0.002831, 0.827432, -0.215811, -0.518442, -1.2e-05, 0.0, 0.0, 0.0, 1.0],
                [0.560396, 0.387245, 0.732119, 0.124994, 0.036243, -0.89458, 0.445435, -0.002831, 0.827432, -0.223086, -0.515354, -1.2e-05, 0.0, 0.0, 0.0, 1.0],
                [0.560396, 0.400568, 0.724915, 0.124994, 0.036243, -0.886285, 0.461719, -0.002831, 0.827432, -0.232473, -0.511188, -1.2e-05, 0.0, 0.0, 0.0, 1.0],
                [0.560396, 0.416193, 0.716059, 0.124994, 0.036243, -0.876065, 0.480828, -0.002831, 0.827432, -0.243502, -0.506027, -1.2e-05, 0.0, 0.0, 0.0, 1.0],
                [0.560396, 0.433438, 0.705754, 0.124994, 0.036243, -0.864145, 0.501936, -0.002831, 0.827432, -0.255704, -0.499972, -1.2e-05, 0.0, 0.0, 0.0, 1.0],
                [0.560396, 0.451637, 0.694249, 0.124994, 0.036243, -0.850806, 0.524228, -0.002831, 0.827432, -0.268614, -0.493157, -1.2e-05, 0.0, 0.0, 0.0, 1.0],
                [0.560396, 0.47014, 0.681854, 0.124994, 0.036243, -0.836403, 0.546915, -0.002831, 0.827432, -0.281776, -0.485756, -1.2e-05, 0.0, 0.0, 0.0, 1.0],
                [0.560396, 0.488332, 0.668946, 0.124994, 0.036243, -0.821371, 0.569241, -0.002831, 0.827432, -0.294756, -0.477991, -1.2e-05, 0.0, 0.0, 0.0, 1.0],
                [0.560396, 0.505636, 0.655964, 0.124994, 0.036243, -0.806225, 0.590498, -0.002831, 0.827432, -0.307139, -0.470131, -1.2e-05, 0.0, 0.0, 0.0, 1.0],
                [0.560396, 0.521519, 0.643409, 0.124994, 0.036243, -0.79155, 0.610028, -0.002831, 0.827432, -0.318538, -0.462483, -1.2e-05, 0.0, 0.0, 0.0, 1.0],
                [0.560396, 0.535491, 0.631828, 0.124994, 0.036243, -0.777994, 0.627225, -0.002831, 0.827432, -0.328595, -0.455392, -1.2e-05, 0.0, 0.0, 0.0, 1.0],
                [0.560396, 0.547102, 0.621801, 0.124994, 0.036243, -0.766243, 0.641528, -0.002831, 0.827432, -0.336974, -0.449228, -1.2e-05, 0.0, 0.0, 0.0, 1.0],
                [0.560396, 0.555926, 0.613924, 0.124994, 0.036243, -0.757003, 0.652405, -0.002831, 0.827432, -0.343355, -0.444369, -1.2e-05, 0.0, 0.0, 0.0, 1.0],
                [0.560396, 0.561545, 0.608789, 0.124994, 0.036243, -0.750975, 0.659335, -0.002831, 0.827432, -0.347424, -0.441195, -1.2e-05, 0.0, 0.0, 0.0, 1.0],
                [0.560396, 0.563522, 0.60696, 0.124994, 0.036243, -0.748827, 0.661773, -0.002831, 0.827432, -0.348857, -0.440063, -1.2e-05, 0.0, 0.0, 0.0, 1.0],
                [0.55996, 0.559109, 0.611427, 0.124994, 0.037542, -0.754338, 0.655411, -0.002831, 0.827669, -0.34405, -0.443389, -1.2e-05, 0.0, 0.0, 0.0, 1.0],
                [0.55875, 0.546206, 0.624066, 0.124994, 0.0413, -0.76988, 0.636851, -0.002831, 0.828307, -0.330067, -0.452729, -1.2e-05, 0.0, 0.0, 0.0, 1.0],
                [0.55696, 0.525021, 0.643543, 0.124994, 0.047349, -0.793662, 0.606513, -0.002831, 0.829188, -0.307333, -0.466898, -1.2e-05, 0.0, 0.0, 0.0, 1.0],
                [0.554836, 0.495539, 0.66828, 0.124994, 0.055544, -0.823531, 0.564545, -0.002831, 0.830104, -0.276111, -0.484449, -1.2e-05, 0.0, 0.0, 0.0, 1.0],
                [0.552658, 0.457721, 0.696463, 0.124994, 0.06572, -0.857013, 0.511086, -0.002831, 0.830813, -0.236685, -0.503717, -1.2e-05, 0.0, 0.0, 0.0, 1.0],
                [0.55073, 0.411702, 0.726084, 0.124994, 0.077661, -0.891392, 0.446529, -0.002831, 0.831063, -0.189529, -0.522889, -1.2e-05, 0.0, 0.0, 0.0, 1.0],
                [0.549348, 0.357963, 0.755036, 0.124994, 0.091071, -0.923859, 0.37174, -0.002831, 0.830616, -0.135453, -0.54012, -1.2e-05, 0.0, 0.0, 0.0, 1.0],
                [0.548777, 0.29746, 0.781256, 0.124994, 0.105566, -0.951729, 0.288214, -0.002831, 0.829276, -0.075691, -0.553689, -1.2e-05, 0.0, 0.0, 0.0, 1.0],
                [0.549211, 0.231675, 0.802928, 0.124994, 0.12068, -0.97272, 0.19812, -0.002831, 0.826924, -0.011913, -0.562188, -1.2e-05, 0.0, 0.0, 0.0, 1.0],
                [0.55075, 0.162559, 0.818687, 0.124994, 0.135895, -0.985227, 0.104207, -0.002831, 0.823533, 0.053864, -0.564705, -1.2e-05, 0.0, 0.0, 0.0, 1.0],
                [0.553376, 0.092389, 0.827792, 0.124994, 0.150691, -0.988534, 0.009593, -0.002831, 0.819187, 0.119432, -0.560953, -1.2e-05, 0.0, 0.0, 0.0, 1.0],
                [0.556959, 0.023547, 0.830206, 0.124994, 0.16459, -0.982902, -0.08254, -0.002831, 0.814068, 0.182615, -0.551312, -1.2e-05, 0.0, 0.0, 0.0, 1.0],
                [0.561267, -0.041708, 0.826583, 0.124994, 0.177205, -0.969512, -0.169245, -0.002831, 0.808441, 0.241466, -0.536765, -1.2e-05, 0.0, 0.0, 0.0, 1.0],
                [0.566002, -0.101428, 0.818141, 0.124994, 0.188265, -0.950276, -0.248054, -0.002831, 0.80262, 0.294426, -0.518763, -1.2e-05, 0.0, 0.0, 0.0, 1.0],
                [0.570827, -0.154084, 0.806483, 0.124994, 0.197618, -0.927577, -0.317094, -0.002831, 0.796934, 0.340381, -0.499036, -1.2e-05, 0.0, 0.0, 0.0, 1.0],
                [0.575403, -0.198573, 0.793398, 0.124994, 0.205214, -0.903991, -0.375082, -0.002831, 0.791706, 0.37864, -0.47941, -1.2e-05, 0.0, 0.0, 0.0, 1.0],
                [0.57941, -0.23414, 0.780681, 0.124994, 0.211074, -0.882064, -0.421202, -0.002831, 0.787231, 0.40883, -0.461656, -1.2e-05, 0.0, 0.0, 0.0, 1.0],
                [0.582559, -0.260246, 0.769998, 0.124994, 0.215247, -0.864132, -0.454912, -0.002831, 0.783769, 0.430753, -0.44739, -1.2e-05, 0.0, 0.0, 0.0, 1.0],
                [0.5846, -0.276399, 0.762789, 0.124994, 0.217773, -0.85222, -0.475706, -0.002831, 0.781549, 0.444212, -0.438015, -1.2e-05, 0.0, 0.0, 0.0, 1.0],
                [0.585321, -0.28197, 0.760193, 0.124994, 0.218633, -0.847962, -0.482865, -0.002831, 0.780768, 0.448835, -0.434682, -1.2e-05, 0.0, 0.0, 0.0, 1.0],
                [0.585321, -0.28197, 0.760193, 0.124994, 0.218633, -0.847962, -0.482865, -0.002831, 0.780768, 0.448835, -0.434682, -1.2e-05, 0.0, 0.0, 0.0, 1.0],
                [0.585321, -0.28197, 0.760193, 0.124994, 0.218633, -0.847962, -0.482865, -0.002831, 0.780768, 0.448835, -0.434682, -1.2e-05, 0.0, 0.0, 0.0, 1.0],
                [0.585321, -0.28197, 0.760193, 0.124994, 0.218633, -0.847962, -0.482865, -0.002831, 0.780768, 0.448835, -0.434682, -1.2e-05, 0.0, 0.0, 0.0, 1.0],
                [0.585321, -0.28197, 0.760193, 0.124994, 0.218633, -0.847962, -0.482865, -0.002831, 0.780768, 0.448835, -0.434682, -1.2e-05, 0.0, 0.0, 0.0, 1.0],
                [0.585321, -0.28197, 0.760193, 0.124994, 0.218633, -0.847962, -0.482865, -0.002831, 0.780768, 0.448835, -0.434682, -1.2e-05, 0.0, 0.0, 0.0, 1.0],
                [0.585321, -0.28197, 0.760193, 0.124994, 0.218633, -0.847962, -0.482865, -0.002831, 0.780768, 0.448835, -0.434682, -1.2e-05, 0.0, 0.0, 0.0, 1.0],
                [0.585321, -0.28197, 0.760193, 0.124994, 0.218633, -0.847962, -0.482865, -0.002831, 0.780768, 0.448835, -0.434682, -1.2e-05, 0.0, 0.0, 0.0, 1.0],
                [0.585321, -0.28197, 0.760193, 0.124994, 0.218633, -0.847962, -0.482865, -0.002831, 0.780768, 0.448835, -0.434682, -1.2e-05, 0.0, 0.0, 0.0, 1.0],
                [0.585321, -0.28197, 0.760193, 0.124994, 0.218633, -0.847962, -0.482865, -0.002831, 0.780768, 0.448835, -0.434682, -1.2e-05, 0.0, 0.0, 0.0, 1.0],
                [0.585321, -0.28197, 0.760193, 0.124994, 0.218633, -0.847962, -0.482865, -0.002831, 0.780768, 0.448835, -0.434682, -1.2e-05, 0.0, 0.0, 0.0, 1.0],
                [0.585321, -0.28197, 0.760193, 0.124994, 0.218633, -0.847962, -0.482865, -0.002831, 0.780768, 0.448835, -0.434682, -1.2e-05, 0.0, 0.0, 0.0, 1.0],
                [0.585321, -0.28197, 0.760193, 0.124994, 0.218633, -0.847962, -0.482865, -0.002831, 0.780768, 0.448835, -0.434682, -1.2e-05, 0.0, 0.0, 0.0, 1.0],
                [0.585321, -0.28197, 0.760193, 0.124994, 0.218633, -0.847962, -0.482865, -0.002831, 0.780768, 0.448835, -0.434682, -1.2e-05, 0.0, 0.0, 0.0, 1.0],
                [0.585321, -0.28197, 0.760193, 0.124994, 0.218633, -0.847962, -0.482865, -0.002831, 0.780768, 0.448835, -0.434682, -1.2e-05, 0.0, 0.0, 0.0, 1.0],
                [0.585321, -0.28197, 0.760193, 0.124994, 0.218633, -0.847962, -0.482865, -0.002831, 0.780768, 0.448835, -0.434682, -1.2e-05, 0.0, 0.0, 0.0, 1.0],
                [0.585321, -0.28197, 0.760193, 0.124994, 0.218633, -0.847962, -0.482865, -0.002831, 0.780768, 0.448835, -0.434682, -1.2e-05, 0.0, 0.0, 0.0, 1.0],
                [0.585098, -0.280399, 0.760945, 0.124994, 0.21826, -0.849253, -0.480761, -0.002831, 0.78104, 0.447376, -0.435696, -1.2e-05, 0.0, 0.0, 0.0, 1.0],
                [0.58445, -0.275798, 0.763121, 0.124994, 0.217165, -0.852993, -0.474597, -0.002831, 0.78183, 0.443101, -0.438638, -1.2e-05, 0.0, 0.0, 0.0, 1.0],
                [0.583415, -0.268316, 0.766573, 0.124994, 0.215376, -0.858948, -0.464565, -0.002831, 0.783097, 0.436136, -0.443334, -1.2e-05, 0.0, 0.0, 0.0, 1.0],
                [0.582033, -0.258082, 0.771123, 0.124994, 0.212915, -0.866847, -0.450824, -0.002831, 0.784796, 0.426578, -0.449585, -1.2e-05, 0.0, 0.0, 0.0, 1.0],
                [0.580352, -0.245212, 0.776571, 0.124994, 0.209796, -0.876384, -0.433515, -0.002831, 0.786878, 0.414513, -0.457167, -1.2e-05, 0.0, 0.0, 0.0, 1.0],
                [0.578422, -0.229817, 0.782696, 0.124994, 0.206032, -0.887227, -0.41277, -0.002831, 0.78929, 0.400016, -0.465842, -1.2e-05, 0.0, 0.0, 0.0, 1.0],
                [0.576295, -0.212011, 0.789263, 0.124994, 0.201636, -0.89902, -0.388722, -0.002831, 0.791977, 0.383162, -0.475352, -1.2e-05, 0.0, 0.0, 0.0, 1.0],
                [0.574026, -0.191922, 0.796028, 0.124994, 0.19662, -0.911396, -0.361522, -0.002831, 0.79488, 0.364038, -0.48543, -1.2e-05, 0.0, 0.0, 0.0, 1.0],
                [0.571674, -0.169689, 0.802742, 0.124994, 0.191003, -0.923976, -0.33134, -0.002831, 0.797939, 0.342745, -0.495802, -1.2e-05, 0.0, 0.0, 0.0, 1.0],
                [0.569295, -0.145478, 0.80916, 0.124994, 0.184811, -0.936384, -0.298378, -0.002831, 0.801092, 0.319407, -0.506193, -1.2e-05, 0.0, 0.0, 0.0, 1.0],
                [0.566946, -0.119478, 0.815044, 0.124994, 0.178075, -0.948254, -0.262875, -0.002831, 0.804277, 0.294175, -0.516333, -1.2e-05, 0.0, 0.0, 0.0, 1.0],
                [0.564682, -0.091905, 0.820175, 0.124994, 0.170838, -0.959239, -0.225109, -0.002831, 0.807433, 0.267232, -0.525965, -1.2e-05, 0.0, 0.0, 0.0, 1.0],
                [0.562554, -0.063005, 0.824356, 0.124994, 0.163151, -0.969025, -0.185399, -0.002831, 0.810503, 0.238791, -0.53485, -1.2e-05, 0.0, 0.0, 0.0, 1.0],
                [0.560607, -0.033048, 0.827422, 0.124994, 0.155074, -0.977336, -0.144103, -0.002831, 0.813432, 0.209097, -0.542777, -1.2e-05, 0.0, 0.0, 0.0, 1.0],
                [0.558881, -0.002326, 0.829245, 0.124994, 0.146679, -0.983951, -0.101616, -0.002831, 0.816173, 0.178424, -0.54957, -1.2e-05, 0.0, 0.0, 0.0, 1.0],
                [0.557406, 0.02885, 0.829739, 0.124994, 0.138045, -0.988705, -0.058359, -0.002831, 0.818683, 0.14707, -0.555093, -1.2e-05, 0.0, 0.0, 0.0, 1.0],
                [0.556205, 0.06016, 0.828865, 0.124994, 0.129256, -0.991501, -0.014772, -0.002831, 0.820932, 0.115352, -0.559254, -1.2e-05, 0.0, 0.0, 0.0, 1.0],
                [0.55529, 0.091282, 0.826632, 0.124994, 0.120405, -0.99231, 0.028695, -0.002831, 0.822895, 0.083597, -0.562011, -1.2e-05, 0.0, 0.0, 0.0, 1.0],
                [0.554664, 0.121896, 0.823098, 0.124994, 0.111584, -0.991172, 0.071594, -0.002831, 0.824559, 0.052134, -0.563369, -1.2e-05, 0.0, 0.0, 0.0, 1.0],
                [0.554319, 0.151698, 0.818364, 0.124994, 0.102888, -0.988197, 0.113488, -0.002831, 0.825921, 0.021291, -0.563384, -1.2e-05, 0.0, 0.0, 0.0, 1.0],
                [0.554238, 0.180398, 0.812575, 0.124994, 0.094408, -0.983556, 0.153964, -0.002831, 0.826987, -0.008619, -0.562155, -1.2e-05, 0.0, 0.0, 0.0, 1.0],
                [0.554395, 0.207735, 0.805911, 0.124994, 0.086234, -0.977474, 0.192636, -0.002831, 0.827774, -0.0373, -0.559821, -1.2e-05, 0.0, 0.0, 0.0, 1.0],
                [0.55476, 0.23347, 0.798582, 0.124994, 0.078448, -0.970224, 0.229154, -0.002831, 0.828304, -0.064478, -0.556556, -1.2e-05, 0.0, 0.0, 0.0, 1.0],
                [0.555292, 0.257397, 0.790821, 0.124994, 0.071129, -0.962114, 0.263205, -0.002831, 0.828608, -0.089905, -0.552563, -1.2e-05, 0.0, 0.0, 0.0, 1.0],
                [0.55595, 0.279335, 0.782874, 0.124994, 0.064348, -0.953478, 0.294513, -0.002831, 0.828721, -0.113358, -0.548061, -1.2e-05, 0.0, 0.0, 0.0, 1.0],
                [0.556689, 0.299132, 0.774995, 0.124994, 0.058168, -0.944665, 0.322838, -0.002831, 0.828682, -0.13464, -0.543284, -1.2e-05, 0.0, 0.0, 0.0, 1.0],
                [0.557461, 0.316654, 0.767442, 0.124994, 0.052649, -0.936026, 0.347969, -0.002831, 0.828532, -0.153574, -0.53847, -1.2e-05, 0.0, 0.0, 0.0, 1.0],
                [0.55822, 0.331787, 0.760465, 0.124994, 0.047845, -0.92791, 0.369721, -0.002831, 0.828312, -0.170002, -0.533852, -1.2e-05, 0.0, 0.0, 0.0, 1.0],
                [0.558923, 0.344425, 0.754306, 0.124994, 0.043804, -0.92065, 0.387922, -0.002831, 0.828062, -0.183777, -0.52966, -1.2e-05, 0.0, 0.0, 0.0, 1.0],
                [0.559527, 0.354465, 0.749189, 0.124994, 0.040574, -0.914562, 0.402405, -0.002831, 0.827819, -0.194759, -0.526104, -1.2e-05, 0.0, 0.0, 0.0, 1.0],
                [0.559994, 0.3618, 0.745324, 0.124994, 0.038204, -0.90993, 0.412999, -0.002831, 0.827616, -0.202802, -0.523377, -1.2e-05, 0.0, 0.0, 0.0, 1.0],
                [0.560292, 0.366309, 0.742894, 0.124994, 0.036743, -0.907003, 0.419517, -0.002831, 0.82748, -0.207756, -0.521646, -1.2e-05, 0.0, 0.0, 0.0, 1.0],
                [0.560396, 0.367848, 0.742054, 0.124994, 0.036243, -0.90599, 0.421743, -0.002831, 0.827432, -0.209449, -0.521045, -1.2e-05, 0.0, 0.0, 0.0, 1.0]
            ]
        },
        {
            "name": "Leg_R",
            "time": [0.0, 0.0167, 0.0333, 0.05, 0.0667, 0.0833, 0.1, 0.1167, 0.1333, 0.15, 0.1667, 0.1833, 0.2, 0.2167, 0.2333, 0.25, 0.2667, 0.2833, 0.3, 0.3167, 0.3333, 0.35, 0.3667, 0.3833, 0.4, 0.4167, 0.4333, 0.45, 0.4667, 0.4833, 0.5, 0.5167, 0.5333, 0.55, 0.5667, 0.5833, 0.6, 0.6167, 0.6333, 0.65, 0.6667, 0.6833, 0.7, 0.7167, 0.7333, 0.75, 0.7667, 0.7833, 0.8, 0.8167, 0.8333, 0.85, 0.8667, 0.8833, 0.9, 0.9167, 0.9333, 0.95, 0.9667, 0.9833, 1.0, 1.0167, 1.0333, 1.05, 1.0667, 1.0833, 1.1, 1.1167, 1.1333, 1.15, 1.1667, 1.1833, 1.2, 1.2167, 1.2333, 1.25, 1.2667, 1.2833, 1.3, 1.3167, 1.3333, 1.35, 1.3667, 1.3833, 1.4, 1.4167],
            "transform": [
                [1.0, 0.0, 1e-06, 0.0, -1e-06, 0.906308, 0.422619, 0.37472, -1e-06, -0.422619, 0.906308, 0.0, 0.0, 0.0, 0.0, 1.0],
                [1.0, 0.0, 1e-06, 0.0, -1e-06, 0.904731, 0.425983, 0.37472, -1e-06, -0.425983, 0.904731, -0.0, 0.0, 0.0, 0.0, 1.0],
                [1.0, 0.0, 1e-06, -0.0, -1e-06, 0.900204, 0.435469, 0.37472, -1e-06, -0.435469, 0.900204, -0.0, 0.0, 0.0, 0.0, 1.0],
                [1.0, 0.0, 1e-06, 0.0, -1e-06, 0.892957, 0.450141, 0.37472, -1e-06, -0.450141, 0.892957, 0.0, 0.0, 0.0, 0.0, 1.0],
                [1.0, 0.0, 1e-06, 0.0, -1e-06, 0.883177, 0.469041, 0.37472, -1e-06, -0.469041, 0.883177, 0.0, 0.0, 0.0, 0.0, 1.0],
                [1.0, 0.0, 1e-06, 0.0, -1e-06, 0.871051, 0.491192, 0.37472, -1e-06, -0.491192, 0.871051, 0.0, 0.0, 0.0, 0.0, 1.0],
                [1.0, 0.0, 1e-06, -0.0, -1e-06, 0.856818, 0.515619, 0.37472, -1e-06, -0.515619, 0.856818, -0.0, 0.0, 0.0, 0.0, 1.0],
                [1.0, -0.0, 1e-06, -0.0, -1e-06, 0.840792, 0.541359, 0.37472, -1e-06, -0.541359, 0.840792, 0.0, 0.0, 0.0, 0.0, 1.0],
                [1.0, -0.0, 1e-06, 0.0, -1e-06, 0.823388, 0.567478, 0.37472, -1e-06, -0.567478, 0.823388, 0.0, 0.0, 0.0, 0.0, 1.0],
                [1.0, -0.0, 1e-06, -0.0, -1e-06, 0.805133, 0.593094, 0.37472, -1e-06, -0.593094, 0.805133, -0.0, 0.0, 0.0, 0.0, 1.0],
                [1.0, -0.0, 1e-06, 0.0, -1e-06, 0.786661, 0.617386, 0.37472, -1e-06, -0.617386, 0.786661, 0.0, 0.0, 0.0, 0.0, 1.0],
                [1.0, -0.0, 1e-06, -0.0, -1e-06, 0.768702, 0.639607, 0.37472, -1e-06, -0.639607, 0.768702, -0.0, 0.0, 0.0, 0.0, 1.0],
                [1.0, -0.0, 1e-06, 0.0, -0.0, 0.752068, 0.659086, 0.37472, -1e-06, -0.659086, 0.752068, 0.0, 0.0, 0.0, 0.0, 1.0],
                [1.0, -0.0, 1e-06, 0.0, -1e-06, 0.73762, 0.675216, 0.37472, -1e-06, -0.675216, 0.73762, -0.0, 0.0, 0.0, 0.0, 1.0],
                [1.0, -0.0, 1e-06, 0.0, -1e-06, 0.726244, 0.687437, 0.37472, -1e-06, -0.687437, 0.726244, 0.0, 0.0, 0.0, 0.0, 1.0],
                [1.0, -0.0, 1e-06, -0.0, -1e-06, 0.718816, 0.6952, 0.37472, -1e-06, -0.6952, 0.718816, 0.0, 0.0, 0.0, 0.0, 1.0],
                [1.0, -0.0, 1e-06, -0.0, -1e-06, 0.716168, 0.697928, 0.37472, -1e-06, -0.697928, 0.716168, 0.0, 0.0, 0.0, 0.0, 1.0],
                [1.0, -0.0, 1e-06, 0.0, -0.0, 0.73552, 0.677503, 0.37472, -1e-06, -0.677503, 0.73552, -0.0, 0.0, 0.0, 0.0, 1.0],
                [1.0, -0.0, 1e-06, 0.0, -0.0, 0.784, 0.620761, 0.37472, -1e-06, -0.620761, 0.784, 0.0, 0.0, 0.0, 0.0, 1.0],
                [1.0, -0.0, 1e-06, 0.0, -1e-06, 0.845477, 0.534012, 0.37472, -1e-06, -0.534012, 0.845477, -0.0, 0.0, 0.0, 0.0, 1.0],
                [1.0, 0.0, 1e-06, 0.0, -1e-06, 0.904371, 0.426747, 0.37472, -1e-06, -0.426747, 0.904371, -0.0, 0.0, 0.0, 0.0, 1.0],
                [1.0, 0.0, 1e-06, 0.0, -1e-06, 0.949619, 0.313408, 0.37472, -1e-06, -0.313408, 0.949619, 0.0, 0.0, 0.0, 0.0, 1.0],
                [1.0, 0.0, 1e-06, -0.0, -1e-06, 0.977352, 0.21162, 0.37472, -1e-06, -0.21162, 0.977352, 0.0, 0.0, 0.0, 0.0, 1.0],
                [1.0, 0.0, 1e-06, -0.0, -1e-06, 0.990292, 0.139002, 0.37472, -1e-06, -0.139002, 0.990292, 0.0, 0.0, 0.0, 0.0, 1.0],
                [1.0, 0.0, 1e-06, -0.0, -1e-06, 0.993767, 0.111472, 0.37472, -1e-06, -0.111472, 0.993767, 0.0, 0.0, 0.0, 0.0, 1.0],
                [1.0, 0.0, 1e-06, 0.0, -1e-06, 0.991619, 0.129198, 0.37472, -1e-06, -0.129198, 0.991619, 0.0, 0.0, 0.0, 0.0, 1.0],
                [1.0, 0.0, 1e-06, -0.0, -1e-06, 0.983972, 0.178325, 0.37472, -1e-06, -0.178325, 0.983972, 0.0, 0.0, 0.0, 0.0, 1.0],
                [1.0, 0.0, 1e-06, 0.0, -1e-06, 0.967589, 0.25253, 0.37472, -1e-06, -0.25253, 0.967589, -0.0, 0.0, 0.0, 0.0, 1.0],
                [1.0, 0.0, 1e-06, 0.0, -0.0, 0.938746, 0.34461, 0.37472, -1e-06, -0.34461, 0.938746, -0.0, 0.0, 0.0, 0.0, 1.0],
                [1.0, 0.0, 1e-06, 0.0, -1e-06, 0.894922, 0.446223, 0.37472, -1e-06, -0.446223, 0.894922, -0.0, 0.0, 0.0, 0.0, 1.0],
                [1.0, -0.0, 1e-06, -0.0, -1e-06, 0.836198, 0.548428, 0.37472, -1e-06, -0.548428, 0.836198, -0.0, 0.0, 0.0, 0.0, 1.0],
                [1.0, -0.0, 1e-06, 0.0, -1e-06, 0.765941, 0.642911, 0.37472, -1e-06, -0.642911, 0.765941, -0.0, 0.0, 0.0, 0.0, 1.0],
                [1.0, -0.0, 1e-06, 0.0, -1e-06, 0.69048, 0.723351, 0.37472, -1e-06, -0.723351, 0.69048, -0.0, 0.0, 0.0, 0.0, 1.0],
                [1.0, -0.0, 1e-06, -0.0, -1e-06, 0.617947, 0.78622, 0.37472, -1e-06, -0.78622, 0.617947, 0.0, 0.0, 0.0, 0.0, 1.0],
                [1.0, -0.0, 1e-06, 0.0, -1e-06, 0.556888, 0.830588, 0.37472, -1e-06, -0.830588, 0.556888, -0.0, 0.0, 0.0, 0.0, 1.0],
                [1.0, -0.0, 1e-06, -0.0, -1e-06, 0.515253, 0.857038, 0.37472, -1e-06, -0.857038, 0.515253, 0.0, 0.0, 0.0, 0.0, 1.0],
                [1.0, -1e-06, 1e-06, 0.0, -1e-06, 0.5, 0.866026, 0.37472, -1e-06, -0.866026, 0.5, 0.0, 0.0, 0.0, 0.0, 1.0],
                [1.0, -1e-06, 1e-06, 0.0, -1e-06, 0.5, 0.866026, 0.37472, -1e-06, -0.866026, 0.5, 0.0, 0.0, 0.0, 0.0, 1.0],
                [1.0, -1e-06, 1e-06, 0.0, -1e-06, 0.5, 0.866026, 0.37472, -1e-06, -0.866026, 0.5, 0.0, 0.0, 0.0, 0.0, 1.0],
                [1.0, -1e-06, 1e-06, 0.0, -1e-06, 0.5, 0.866026, 0.37472, -1e-06, -0.866026, 0.5, 0.0, 0.0, 0.0, 0.0, 1.0],
                [1.0, -1e-06, 1e-06, 0.0, -1e-06, 0.5, 0.866026, 0.37472, -1e-06, -0.866026, 0.5, 0.0, 0.0, 0.0, 0.0, 1.0],
                [1.0, -1e-06, 1e-06, 0.0, -1e-06, 0.5, 0.866026, 0.37472, -1e-06, -0.866026, 0.5, 0.0, 0.0, 0.0, 0.0, 1.0],
                [1.0, -1e-06, 1e-06, 0.0, -1e-06, 0.5, 0.866026, 0.37472, -1e-06, -0.866026, 0.5, 0.0, 0.0, 0.0, 0.0, 1.0],
                [1.0, -1e-06, 1e-06, 0.0, -1e-06, 0.5, 0.866026, 0.37472, -1e-06, -0.866026, 0.5, 0.0, 0.0, 0.0, 0.0, 1.0],
                [1.0, -1e-06, 1e-06, 0.0, -1e-06, 0.5, 0.866026, 0.37472, -1e-06, -0.866026, 0.5, 0.0, 0.0, 0.0, 0.0, 1.0],
                [1.0, -1e-06, 1e-06, 0.0, -1e-06, 0.5, 0.866026, 0.37472, -1e-06, -0.866026, 0.5, 0.0, 0.0, 0.0, 0.0, 1.0],
                [1.0, -1e-06, 1e-06, 0.0, -1e-06, 0.5, 0.866026, 0.37472, -1e-06, -0.866026, 0.5, 0.0, 0.0, 0.0, 0.0, 1.0],
                [1.0, -1e-06, 1e-06, 0.0, -1e-06, 0.5, 0.866026, 0.37472, -1e-06, -0.866026, 0.5, 0.0, 0.0, 0.0, 0.0, 1.0],
                [1.0, -1e-06, 1e-06, 0.0, -1e-06, 0.5, 0.866026, 0.37472, -1e-06, -0.866026, 0.5, 0.0, 0.0, 0.0, 0.0, 1.0],
                [1.0, -1e-06, 1e-06, 0.0, -1e-06, 0.5, 0.866026, 0.37472, -1e-06, -0.866026, 0.5, 0.0, 0.0, 0.0, 0.0, 1.0],
                [1.0, -1e-06, 1e-06, 0.0, -1e-06, 0.5, 0.866026, 0.37472, -1e-06, -0.866026, 0.5, 0.0, 0.0, 0.0, 0.0, 1.0],
                [1.0, -1e-06, 1e-06, 0.0, -1e-06, 0.5, 0.866026, 0.37472, -1e-06, -0.866026, 0.5, 0.0, 0.0, 0.0, 0.0, 1.0],
                [1.0, -1e-06, 1e-06, 0.0, -1e-06, 0.5, 0.866026, 0.37472, -1e-06, -0.866026, 0.5, 0.0, 0.0, 0.0, 0.0, 1.0],
                [1.0, -0.0, 1e-06, 0.0, -1e-06, 0.501405, 0.865213, 0.37472, -1e-06, -0.865213, 0.501405, 0.0, 0.0, 0.0, 0.0, 1.0],
                [1.0, -0.0, 1e-06, 0.0, -1e-06, 0.5055, 0.862827, 0.37472, -1e-06, -0.862827, 0.5055, 0.0, 0.0, 0.0, 0.0, 1.0],
                [1.0, -0.0, 1e-06, -0.0, -1e-06, 0.512094, 0.858929, 0.37472, -1e-06, -0.858929, 0.512094, -0.0, 0.0, 0.0, 0.0, 1.0],
                [1.0, -0.0, 1e-06, 0.0, -1e-06, 0.520989, 0.853563, 0.37472, -1e-06, -0.853563, 0.520989, -0.0, 0.0, 0.0, 0.0, 1.0],
                [1.0, -0.0, 1e-06, 0.0, -1e-06, 0.53198, 0.846757, 0.37472, -1e-06, -0.846757, 0.53198, 0.0, 0.0, 0.0, 0.0, 1.0],
                [1.0, -0.0, 1e-06, 0.0, -1e-06, 0.544852, 0.838532, 0.37472, -1e-06, -0.838532, 0.544852, -0.0, 0.0, 0.0, 0.0, 1.0],
                [1.0, -0.0, 1e-06, -0.0, -1e-06, 0.559388, 0.828906, 0.37472, -1e-06, -0.828906, 0.559389, 0.0, 0.0, 0.0, 0.0, 1.0],
                [1.0, -0.0, 1e-06, -0.0, -1e-06, 0.575363, 0.817898, 0.37472, -1e-06, -0.817898, 0.575363, -0.0, 0.0, 0.0, 0.0, 1.0],
                [1.0, -0.0, 1e-06, -0.0, -1e-06, 0.59255, 0.805534, 0.37472, -1e-06, -0.805534, 0.59255, 0.0, 0.0, 0.0, 0.0, 1.0],
                [1.0, -0.0, 1e-06, 0.0, -1e-06, 0.610718, 0.791848, 0.37472, -1e-06, -0.791848, 0.610718, -0.0, 0.0, 0.0, 0.0, 1.0],
                [1.0, -0.0, 1e-06, 0.0, -1e-06, 0.629638, 0.776888, 0.37472, -1e-06, -0.776888, 0.629638, -0.0, 0.0, 0.0, 0.0, 1.0],
                [1.0, -0.0, 1e-06, -0.0, -1e-06, 0.649082, 0.760718, 0.37472, -1e-06, -0.760718, 0.649082, -0.0, 0.0, 0.0, 0.0, 1.0],
                [1.0, -0.0, 1e-06, -0.0, -1e-06, 0.668827, 0.743419, 0.37472, -1e-06, -0.743419, 0.668826, -0.0, 0.0, 0.0, 0.0, 1.0],
                [1.0, -0.0, 1e-06, -0.0, -1e-06, 0.688655, 0.725089, 0.37472, -1e-06, -0.725089, 0.688655, -0.0, 0.0, 0.0, 0.0, 1.0],
                [1.0, -0.0, 1e-06, -0.0, -1e-06, 0.708363, 0.705848, 0.37472, -1e-06, -0.705848, 0.708363, -0.0, 0.0, 0.0, 0.0, 1.0],
                [1.0, -0.0, 1e-06, -0.0, -1e-06, 0.727755, 0.685837, 0.37472, -1e-06, -0.685837, 0.727755, -0.0, 0.0, 0.0, 0.0, 1.0],
                [1.0, -0.0, 1e-06, 0.0, -1e-06, 0.746655, 0.665212, 0.37472, -1e-06, -0.665212, 0.746655, -0.0, 0.0, 0.0, 0.0, 1.0],
                [1.0, -0.0, 1e-06, 0.0, -1e-06, 0.7649, 0.644149, 0.37472, -1e-06, -0.644149, 0.7649, -0.0, 0.0, 0.0, 0.0, 1.0],
                [1.0, -0.0, 1e-06, -0.0, -1e-06, 0.782349, 0.62284, 0.37472, -1e-06, -0.62284, 0.782349, 0.0, 0.0, 0.0, 0.0, 1.0],
                [1.0, -0.0, 1e-06, 0.0, -1e-06, 0.798881, 0.601489, 0.37472, -1e-06, -0.601489, 0.798881, -0.0, 0.0, 0.0, 0.0, 1.0],
                [1.0, -0.0, 1e-06, -0.0, -1e-06, 0.814395, 0.580312, 0.37472, -1e-06, -0.580312, 0.814395, 0.0, 0.0, 0.0, 0.0, 1.0],
                [1.0, -0.0, 1e-06, 0.0, -1e-06, 0.828808, 0.559532, 0.37472, -1e-06, -0.559532, 0.828809, 0.0, 0.0, 0.0, 0.0, 1.0],
                [1.0, -0.0, 1e-06, 0.0, -1e-06, 0.842062, 0.539381, 0.37472, -1e-06, -0.539381, 0.842062, 0.0, 0.0, 0.0, 0.0, 1.0],
                [1.0, 0.0, 1e-06, -0.0, -1e-06, 0.854112, 0.520089, 0.37472, -1e-06, -0.520089, 0.854112, -0.0, 0.0, 0.0, 0.0, 1.0],
                [1.0, 0.0, 1e-06, -0.0, -1e-06, 0.864932, 0.50189, 0.37472, -1e-06, -0.50189, 0.864931, -0.0, 0.0, 0.0, 0.0, 1.0],
                [1.0, 0.0, 1e-06, 0.0, -1e-06, 0.874505, 0.485016, 0.37472, -1e-06, -0.485016, 0.874505, 0.0, 0.0, 0.0, 0.0, 1.0],
                [1.0, 0.0, 1e-06, 0.0, -1e-06, 0.882828, 0.469697, 0.37472, -1e-06, -0.469697, 0.882828, -0.0, 0.0, 0.0, 0.0, 1.0],
                [1.0, 0.0, 1e-06, 0.0, -1e-06, 0.8899, 0.456156, 0.37472, -1e-06, -0.456156, 0.8899, 0.0, 0.0, 0.0, 0.0, 1.0],
                [1.0, 0.0, 1e-06, 0.0, -0.0, 0.895722, 0.444614, 0.37472, -1e-06, -0.444614, 0.895722, -0.0, 0.0, 0.0, 0.0, 1.0],
                [1.0, 0.0, 1e-06, -0.0, -1e-06, 0.900293, 0.435285, 0.37472, -1e-06, -0.435285, 0.900293, -0.0, 0.0, 0.0, 0.0, 1.0],
                [1.0, 0.0, 1e-06, -0.0, -1e-06, 0.9036, 0.428376, 0.37472, -1e-06, -0.428376, 0.9036, -0.0, 0.0, 0.0, 0.0, 1.0],
                [1.0, 0.0, 1e-06, 0.0, -1e-06, 0.90562, 0.424089, 0.37472, -1e-06, -0.424089, 0.90562, 0.0, 0.0, 0.0, 0.0, 1.0],
                [1.0, 0.0, 1e-06, 0.0, -1e-06, 0.906308, 0.422619, 0.37472, -1e-06, -0.422619, 0.906308, 0.0, 0.0, 0.0, 0.0, 1.0]
            ]
        },
        {
            "name": "Knee_R",
            "time": [0.0, 0.0167, 0.0333, 0.05, 0.0667, 0.0833, 0.1, 0.1167, 0.1333, 0.15, 0.1667, 0.1833, 0.2, 0.2167, 0.2333, 0.25, 0.2667, 0.2833, 0.3, 0.3167, 0.3333, 0.35, 0.3667, 0.3833, 0.4, 0.4167, 0.4333, 0.45, 0.4667, 0.4833, 0.5, 0.5167, 0.5333, 0.55, 0.5667, 0.5833, 0.6, 0.6167, 0.6333, 0.65, 0.6667, 0.6833, 0.7, 0.7167, 0.7333, 0.75, 0.7667, 0.7833, 0.8, 0.8167, 0.8333, 0.85, 0.8667, 0.8833, 0.9, 0.9167, 0.9333, 0.95, 0.9667, 0.9833, 1.0, 1.0167, 1.0333, 1.05, 1.0667, 1.0833, 1.1, 1.1167, 1.1333, 1.15, 1.1667, 1.1833, 1.2, 1.2167, 1.2333, 1.25, 1.2667, 1.2833, 1.3, 1.3167, 1.3333, 1.35, 1.3667, 1.3833, 1.4, 1.4167],
            "transform": [
                [1.0, 0.0, -0.0, 0.0, -0.0, 0.0, -1.0, 0.37472, -0.0, 1.0, 0.0, 0.0, 0.0, 0.0, 0.0, 1.0],
                [1.0, 0.0, -0.0, 0.0, -0.0, 0.0, -1.0, 0.37472, -0.0, 1.0, 0.0, -0.0, 0.0, 0.0, 0.0, 1.0],
                [1.0, 0.0, -0.0, -0.0, -0.0, 0.0, -1.0, 0.37472, -0.0, 1.0, 0.0, -0.0, 0.0, 0.0, 0.0, 1.0],
                [1.0, 0.0, -0.0, 0.0, -0.0, 0.0, -1.0, 0.37472, -0.0, 1.0, 0.0, 0.0, 0.0, 0.0, 0.0, 1.0],
                [1.0, 0.0, -0.0, 0.0, -0.0, 0.0, -1.0, 0.37472, -0.0, 1.0, 0.0, 0.0, 0.0, 0.0, 0.0, 1.0],
                [1.0, 0.0, -0.0, 0.0, -0.0, 0.0, -1.0, 0.37472, -0.0, 1.0, 0.0, 0.0, 0.0, 0.0, 0.0, 1.0],
