{
    "animation": [
        {
            "name": "Root",
            "time": [0.0, 0.0167, 0.0333, 0.05, 0.0667, 0.0833, 0.1, 0.1167, 0.1333, 0.15, 0.1667, 0.1833, 0.2, 0.2167, 0.2333, 0.25, 0.2667, 0.2833, 0.3, 0.3167, 0.3333, 0.35, 0.3667, 0.3833, 0.4, 0.4167, 0.4333, 0.45, 0.4667, 0.4833, 0.5, 0.5167, 0.5333, 0.55, 0.5667, 0.5833, 0.6, 0.6167, 0.6333, 0.65, 0.6667, 0.6833, 0.7, 0.7167, 0.7333, 0.75, 0.7667, 0.7833, 0.8, 0.8167, 0.8333, 0.85, 0.8667, 0.8833, 0.9, 0.9167, 0.9333, 0.95, 0.9667, 0.9833, 1.0, 1.0167, 1.0333, 1.05, 1.0667, 1.0833, 1.1, 1.1167, 1.1333, 1.15, 1.1667, 1.1833, 1.2, 1.2167, 1.2333, 1.25, 1.2667, 1.2833, 1.3, 1.3167, 1.3333, 1.35, 1.3667, 1.3833, 1.4, 1.4167, 1.4333, 1.45],
            "transform": [
                [1.0, 0.0, 0.0, -5e-06, 0.0, 0.0, -1.0, -0.002071, 0.0, 1.0, 0.0, 0.688546, 0.0, 0.0, 0.0, 1.0],
                [1.0, 0.0, -7.5e-05, -5e-06, -7.5e-05, 0.0, -1.0, -0.001876, 0.0, 1.0, 0.0, 0.688546, 0.0, 0.0, 0.0, 1.0],
                [1.0, 0.0, -0.0006, -5e-06, -0.0006, 0.0, -1.0, -0.000507, 0.0, 1.0, 0.0, 0.688546, 0.0, 0.0, 0.0, 1.0],
                [0.999998, 0.0, -0.002026, -5e-06, -0.002026, 0.0, -0.999998, 0.003209, 0.0, 1.0, 0.0, 0.688546, 0.0, 0.0, 0.0, 1.0],
                [0.999988, 0.0, -0.004802, -5e-06, -0.004802, 0.0, -0.999988, 0.010445, 0.0, 1.0, 0.0, 0.688546, 0.0, 0.0, 0.0, 1.0],
                [0.999956, 0.0, -0.009381, -5e-06, -0.009381, 0.0, -0.999956, 0.022375, 0.0, 1.0, 0.0, 0.688546, 0.0, 0.0, 0.0, 1.0],
                [0.999869, 0.0, -0.016214, -5e-06, -0.016214, 0.0, -0.999869, 0.040172, 0.0, 1.0, 0.0, 0.688546, 0.0, 0.0, 0.0, 1.0],
                [0.999668, 0.0, -0.025755, -5e-06, -0.025755, 0.0, -0.999668, 0.065009, 0.0, 1.0, 0.0, 0.688546, 0.0, 0.0, 0.0, 1.0],
                [0.99926, 0.0, -0.038459, -5e-06, -0.038459, 0.0, -0.99926, 0.098061, 0.0, 1.0, 0.0, 0.688546, 0.0, 0.0, 0.0, 1.0],
                [0.998499, 0.0, -0.054777, -5e-06, -0.054777, 0.0, -0.998499, 0.140499, 0.0, 1.0, 0.0, 0.688546, 0.0, 0.0, 0.0, 1.0],
                [0.997172, 0.0, -0.075157, -5e-06, -0.075157, 0.0, -0.997172, 0.193499, 0.0, 1.0, 0.0, 0.688546, 0.0, 0.0, 0.0, 1.0],
                [0.994881, 0.0, -0.101056, -5e-06, -0.101056, 0.0, -0.994881, 0.263188, 0.0, 1.0, 0.0, 0.688546, 0.0, 0.0, 0.0, 1.0],
                [0.991207, 0.0, -0.132323, -5e-06, -0.132323, 0.0, -0.991207, 0.351596, 0.0, 1.0, 0.0, 0.688546, 0.0, 0.0, 0.0, 1.0],
                [0.985964, 0.0, -0.166958, -5e-06, -0.166958, 0.0, -0.985964, 0.453749, 0.0, 1.0, 0.0, 0.688546, 0.0, 0.0, 0.0, 1.0],
                [0.979188, 0.0, -0.202955, -5e-06, -0.202955, 0.0, -0.979188, 0.564673, 0.0, 1.0, 0.0, 0.688546, 0.0, 0.0, 0.0, 1.0],
                [0.971183, 0.0, -0.238334, -5e-06, -0.238334, 0.0, -0.971183, 0.679392, 0.0, 1.0, 0.0, 0.688546, 0.0, 0.0, 0.0, 1.0],
                [0.962528, 0.0, -0.271181, -5e-06, -0.271181, 0.0, -0.962528, 0.792933, 0.0, 1.0, 0.0, 0.688546, 0.0, 0.0, 0.0, 1.0],
                [0.954041, 0.0, -0.299674, -5e-06, -0.299674, 0.0, -0.954041, 0.900321, 0.0, 1.0, 0.0, 0.688546, 0.0, 0.0, 0.0, 1.0],
                [0.946711, 0.0, -0.322085, -5e-06, -0.322085, 0.0, -0.946711, 0.996582, 0.0, 1.0, 0.0, 0.688546, 0.0, 0.0, 0.0, 1.0],
                [0.941593, 0.0, -0.336753, -5e-06, -0.336753, 0.0, -0.941593, 1.07674, 0.0, 1.0, 0.0, 0.688546, 0.0, 0.0, 0.0, 1.0],
                [0.939693, 0.0, -0.34202, -5e-06, -0.34202, 0.0, -0.939693, 1.135823, 0.0, 1.0, 0.0, 0.688546, 0.0, 0.0, 0.0, 1.0],
                [0.939693, 0.0, -0.34202, -5e-06, -0.34202, 0.0, -0.939693, 1.180005, 0.0, 1.0, 0.0, 0.688546, 0.0, 0.0, 0.0, 1.0],
                [0.939693, 0.0, -0.34202, -5e-06, -0.34202, 0.0, -0.939693, 1.218995, 0.0, 1.0, 0.0, 0.688546, 0.0, 0.0, 0.0, 1.0],
                [0.939693, 0.0, -0.34202, -5e-06, -0.34202, 0.0, -0.939693, 1.253119, 0.0, 1.0, 0.0, 0.688546, 0.0, 0.0, 0.0, 1.0],
                [0.939693, 0.0, -0.34202, -5e-06, -0.34202, 0.0, -0.939693, 1.2827, 0.0, 1.0, 0.0, 0.688546, 0.0, 0.0, 0.0, 1.0],
                [0.939693, 0.0, -0.34202, -5e-06, -0.34202, 0.0, -0.939693, 1.308063, 0.0, 1.0, 0.0, 0.688546, 0.0, 0.0, 0.0, 1.0],
                [0.939693, 0.0, -0.34202, -5e-06, -0.34202, 0.0, -0.939693, 1.329532, 0.0, 1.0, 0.0, 0.688546, 0.0, 0.0, 0.0, 1.0],
                [0.939693, 0.0, -0.34202, -5e-06, -0.34202, 0.0, -0.939693, 1.347432, 0.0, 1.0, 0.0, 0.688546, 0.0, 0.0, 0.0, 1.0],
                [0.939693, 0.0, -0.34202, -5e-06, -0.34202, 0.0, -0.939693, 1.362087, 0.0, 1.0, 0.0, 0.688546, 0.0, 0.0, 0.0, 1.0],
                [0.939693, 0.0, -0.34202, -5e-06, -0.34202, 0.0, -0.939693, 1.373822, 0.0, 1.0, 0.0, 0.688546, 0.0, 0.0, 0.0, 1.0],
                [0.939693, 0.0, -0.34202, -5e-06, -0.34202, 0.0, -0.939693, 1.382961, 0.0, 1.0, 0.0, 0.688546, 0.0, 0.0, 0.0, 1.0],
                [0.939693, 0.0, -0.34202, -5e-06, -0.34202, 0.0, -0.939693, 1.389829, 0.0, 1.0, 0.0, 0.688546, 0.0, 0.0, 0.0, 1.0],
                [0.939693, 0.0, -0.34202, -5e-06, -0.34202, 0.0, -0.939693, 1.39475, 0.0, 1.0, 0.0, 0.688546, 0.0, 0.0, 0.0, 1.0],
                [0.939693, 0.0, -0.34202, -5e-06, -0.34202, 0.0, -0.939693, 1.398049, 0.0, 1.0, 0.0, 0.688546, 0.0, 0.0, 0.0, 1.0],
                [0.939693, 0.0, -0.34202, -5e-06, -0.34202, 0.0, -0.939693, 1.40005, 0.0, 1.0, 0.0, 0.688546, 0.0, 0.0, 0.0, 1.0],
                [0.939693, 0.0, -0.34202, -5e-06, -0.34202, 0.0, -0.939693, 1.401078, 0.0, 1.0, 0.0, 0.688546, 0.0, 0.0, 0.0, 1.0],
                [0.939693, 0.0, -0.34202, -5e-06, -0.34202, 0.0, -0.939693, 1.401456, 0.0, 1.0, 0.0, 0.688546, 0.0, 0.0, 0.0, 1.0],
                [0.939693, 0.0, -0.34202, -5e-06, -0.34202, 0.0, -0.939693, 1.40151, 0.0, 1.0, 0.0, 0.688546, 0.0, 0.0, 0.0, 1.0],
                [0.939693, 0.0, -0.34202, -5e-06, -0.34202, 0.0, -0.939693, 1.40151, 0.0, 1.0, 0.0, 0.688546, 0.0, 0.0, 0.0, 1.0],
                [0.939693, 0.0, -0.34202, -5e-06, -0.34202, 0.0, -0.939693, 1.40151, 0.0, 1.0, 0.0, 0.688546, 0.0, 0.0, 0.0, 1.0],
                [0.939693, 0.0, -0.34202, -5e-06, -0.34202, 0.0, -0.939693, 1.40151, 0.0, 1.0, 0.0, 0.688546, 0.0, 0.0, 0.0, 1.0],
                [0.939693, 0.0, -0.34202, -5e-06, -0.34202, 0.0, -0.939693, 1.40151, 0.0, 1.0, 0.0, 0.688546, 0.0, 0.0, 0.0, 1.0],
                [0.939693, 0.0, -0.34202, -5e-06, -0.34202, 0.0, -0.939693, 1.40151, 0.0, 1.0, 0.0, 0.688546, 0.0, 0.0, 0.0, 1.0],
                [0.939693, 0.0, -0.34202, -5e-06, -0.34202, 0.0, -0.939693, 1.40151, 0.0, 1.0, 0.0, 0.688546, 0.0, 0.0, 0.0, 1.0],
                [0.939693, 0.0, -0.34202, -5e-06, -0.34202, 0.0, -0.939693, 1.40151, 0.0, 1.0, 0.0, 0.688546, 0.0, 0.0, 0.0, 1.0],
                [0.939693, 0.0, -0.34202, -5e-06, -0.34202, 0.0, -0.939693, 1.40151, 0.0, 1.0, 0.0, 0.688546, 0.0, 0.0, 0.0, 1.0],
                [0.939693, 0.0, -0.34202, -5e-06, -0.34202, 0.0, -0.939693, 1.40151, 0.0, 1.0, 0.0, 0.688546, 0.0, 0.0, 0.0, 1.0],
                [0.939693, 0.0, -0.34202, -5e-06, -0.34202, 0.0, -0.939693, 1.40151, 0.0, 1.0, 0.0, 0.688546, 0.0, 0.0, 0.0, 1.0],
                [0.939693, 0.0, -0.34202, -5e-06, -0.34202, 0.0, -0.939693, 1.40151, 0.0, 1.0, 0.0, 0.688546, 0.0, 0.0, 0.0, 1.0],
                [0.939693, 0.0, -0.34202, -5e-06, -0.34202, 0.0, -0.939693, 1.40151, 0.0, 1.0, 0.0, 0.688546, 0.0, 0.0, 0.0, 1.0],
                [0.939693, 0.0, -0.34202, -5e-06, -0.34202, 0.0, -0.939693, 1.40151, 0.0, 1.0, 0.0, 0.688546, 0.0, 0.0, 0.0, 1.0],
                [0.939693, 0.0, -0.34202, -5e-06, -0.34202, 0.0, -0.939693, 1.40151, 0.0, 1.0, 0.0, 0.688546, 0.0, 0.0, 0.0, 1.0],
                [0.939962, 0.0, -0.341279, -5e-06, -0.341279, 0.0, -0.939962, 1.399725, 0.0, 1.0, 0.0, 0.688546, 0.0, 0.0, 0.0, 1.0],
                [0.940747, 0.0, -0.339108, -5e-06, -0.339108, 0.0, -0.940747, 1.394505, 0.0, 1.0, 0.0, 0.688546, 0.0, 0.0, 0.0, 1.0],
                [0.942008, 0.0, -0.335589, -5e-06, -0.335589, 0.0, -0.942008, 1.386052, 0.0, 1.0, 0.0, 0.688546, 0.0, 0.0, 0.0, 1.0],
                [0.943701, 0.0, -0.330799, -5e-06, -0.330799, 0.0, -0.943701, 1.374567, 0.0, 1.0, 0.0, 0.688546, 0.0, 0.0, 0.0, 1.0],
                [0.945778, 0.0, -0.324813, -5e-06, -0.324813, 0.0, -0.945778, 1.360254, 0.0, 1.0, 0.0, 0.688546, 0.0, 0.0, 0.0, 1.0],
                [0.948188, 0.0, -0.317709, -5e-06, -0.317709, 0.0, -0.948188, 1.343314, 0.0, 1.0, 0.0, 0.688546, 0.0, 0.0, 0.0, 1.0],
                [0.950879, 0.0, -0.309561, -5e-06, -0.309561, 0.0, -0.950879, 1.323949, 0.0, 1.0, 0.0, 0.688546, 0.0, 0.0, 0.0, 1.0],
                [0.953799, 0.0, -0.300446, -5e-06, -0.300446, 0.0, -0.953799, 1.302361, 0.0, 1.0, 0.0, 0.688546, 0.0, 0.0, 0.0, 1.0],
                [0.956894, 0.0, -0.290438, -5e-06, -0.290438, 0.0, -0.956894, 1.278752, 0.0, 1.0, 0.0, 0.688546, 0.0, 0.0, 0.0, 1.0],
                [0.960111, 0.0, -0.279618, -5e-06, -0.279618, 0.0, -0.960111, 1.253325, 0.0, 1.0, 0.0, 0.688546, 0.0, 0.0, 0.0, 1.0],
                [0.963401, 0.0, -0.268063, -5e-06, -0.268063, 0.0, -0.963401, 1.226281, 0.0, 1.0, 0.0, 0.688546, 0.0, 0.0, 0.0, 1.0],
                [0.966715, 0.0, -0.255854, -5e-06, -0.255854, 0.0, -0.966715, 1.197822, 0.0, 1.0, 0.0, 0.688546, 0.0, 0.0, 0.0, 1.0],
                [0.970007, 0.0, -0.243075, -5e-06, -0.243075, 0.0, -0.970007, 1.168152, 0.0, 1.0, 0.0, 0.688546, 0.0, 0.0, 0.0, 1.0],
                [0.973235, 0.0, -0.22981, -5e-06, -0.22981, 0.0, -0.973235, 1.137471, 0.0, 1.0, 0.0, 0.688546, 0.0, 0.0, 0.0, 1.0],
                [0.976361, 0.0, -0.216146, -5e-06, -0.216146, 0.0, -0.976361, 1.105981, 0.0, 1.0, 0.0, 0.688546, 0.0, 0.0, 0.0, 1.0],
                [0.97935, 0.0, -0.202171, -5e-06, -0.202171, 0.0, -0.97935, 1.073886, 0.0, 1.0, 0.0, 0.688546, 0.0, 0.0, 0.0, 1.0],
                [0.982174, 0.0, -0.187974, -5e-06, -0.187974, 0.0, -0.982174, 1.041386, 0.0, 1.0, 0.0, 0.688546, 0.0, 0.0, 0.0, 1.0],
                [0.984808, 0.0, -0.173648, -5e-06, -0.173648, 0.0, -0.984808, 1.008684, 0.0, 1.0, 0.0, 0.688546, 0.0, 0.0, 0.0, 1.0],
                [0.987233, 0.0, -0.159285, -5e-06, -0.159285, 0.0, -0.987233, 0.975982, 0.0, 1.0, 0.0, 0.688546, 0.0, 0.0, 0.0, 1.0],
                [0.989435, 0.0, -0.144979, -5e-06, -0.144979, 0.0, -0.989435, 0.943482, 0.0, 1.0, 0.0, 0.688546, 0.0, 0.0, 0.0, 1.0],
                [0.991406, 0.0, -0.130824, -5e-06, -0.130824, 0.0, -0.991406, 0.911387, 0.0, 1.0, 0.0, 0.688546, 0.0, 0.0, 0.0, 1.0],
                [0.993142, 0.0, -0.116915, -5e-06, -0.116915, 0.0, -0.993142, 0.879897, 0.0, 1.0, 0.0, 0.688546, 0.0, 0.0, 0.0, 1.0],
                [0.994645, 0.0, -0.103346, -5e-06, -0.103346, 0.0, -0.994645, 0.849216, 0.0, 1.0, 0.0, 0.688546, 0.0, 0.0, 0.0, 1.0],
                [0.995923, 0.0, -0.090212, -5e-06, -0.090212, 0.0, -0.995923, 0.819545, 0.0, 1.0, 0.0, 0.688546, 0.0, 0.0, 0.0, 1.0],
                [0.996984, 0.0, -0.077606, -5e-06, -0.077606, 0.0, -0.996984, 0.791087, 0.0, 1.0, 0.0, 0.688546, 0.0, 0.0, 0.0, 1.0],
                [0.997845, 0.0, -0.065623, -5e-06, -0.065623, 0.0, -0.997845, 0.764043, 0.0, 1.0, 0.0, 0.688546, 0.0, 0.0, 0.0, 1.0],
                [0.998522, 0.0, -0.054354, -5e-06, -0.054354, 0.0, -0.998522, 0.738616, 0.0, 1.0, 0.0, 0.688546, 0.0, 0.0, 0.0, 1.0],
                [0.999036, 0.0, -0.043892, -5e-06, -0.043892, 0.0, -0.999036, 0.715007, 0.0, 1.0, 0.0, 0.688546, 0.0, 0.0, 0.0, 1.0],
                [0.999411, 0.0, -0.034327, -5e-06, -0.034327, 0.0, -0.999411, 0.693419, 0.0, 1.0, 0.0, 0.688546, 0.0, 0.0, 0.0, 1.0],
                [0.999668, 0.0, -0.02575, -5e-06, -0.02575, 0.0, -0.999668, 0.674054, 0.0, 1.0, 0.0, 0.688546, 0.0, 0.0, 0.0, 1.0],
                [0.999833, 0.0, -0.01825, -5e-06, -0.01825, 0.0, -0.999833, 0.657114, 0.0, 1.0, 0.0, 0.688546, 0.0, 0.0, 0.0, 1.0],
                [0.999929, 0.0, -0.011916, -5e-06, -0.011916, 0.0, -0.999929, 0.6428, 0.0, 1.0, 0.0, 0.688546, 0.0, 0.0, 0.0, 1.0],
                [0.999977, 0.0, -0.006835, -5e-06, -0.006835, 0.0, -0.999977, 0.631316, 0.0, 1.0, 0.0, 0.688546, 0.0, 0.0, 0.0, 1.0],
                [0.999995, 0.0, -0.003097, -5e-06, -0.003097, 0.0, -0.999995, 0.622863, 0.0, 1.0, 0.0, 0.688546, 0.0, 0.0, 0.0, 1.0],
                [1.0, 0.0, -0.000789, -5e-06, -0.000789, 0.0, -1.0, 0.617643, 0.0, 1.0, 0.0, 0.688546, 0.0, 0.0, 0.0, 1.0],
                [1.0, 0.0, 0.0, -5e-06, 0.0, 0.0, -1.0, 0.615857, 0.0, 1.0, 0.0, 0.688546, 0.0, 0.0, 0.0, 1.0]
            ]
        },
        {
            "name": "Thigh_R",
            "time": [0.0, 0.0167, 0.0333, 0.05, 0.0667, 0.0833, 0.1, 0.1167, 0.1333, 0.15, 0.1667, 0.1833, 0.2, 0.2167, 0.2333, 0.25, 0.2667, 0.2833, 0.3, 0.3167, 0.3333, 0.35, 0.3667, 0.3833, 0.4, 0.4167, 0.4333, 0.45, 0.4667, 0.4833, 0.5, 0.5167, 0.5333, 0.55, 0.5667, 0.5833, 0.6, 0.6167, 0.6333, 0.65, 0.6667, 0.6833, 0.7, 0.7167, 0.7333, 0.75, 0.7667, 0.7833, 0.8, 0.8167, 0.8333, 0.85, 0.8667, 0.8833, 0.9, 0.9167, 0.9333, 0.95, 0.9667, 0.9833, 1.0, 1.0167, 1.0333, 1.05, 1.0667, 1.0833, 1.1, 1.1167, 1.1333, 1.15, 1.1667, 1.1833, 1.2, 1.2167, 1.2333, 1.25, 1.2667, 1.2833, 1.3, 1.3167, 1.3333, 1.35, 1.3667, 1.3833, 1.4, 1.4167, 1.4333, 1.45],
            "transform": [
                [0.998915, 0.042282, -0.019539, 0.124994, 0.038601, -0.986241, -0.16074, -0.002831, -0.026067, 0.159811, -0.986803, -1.2e-05, 0.0, 0.0, 0.0, 1.0],
                [0.998914, 0.042287, -0.019565, 0.124994, 0.038607, -0.986273, -0.160544, -0.002831, -0.026085, 0.159614, -0.986835, -1.2e-05, 0.0, 0.0, 0.0, 1.0],
                [0.998909, 0.04232, -0.01974, 0.124994, 0.038649, -0.986494, -0.159172, -0.002831, -0.02621, 0.158236, -0.987053, -1.2e-05, 0.0, 0.0, 0.0, 1.0],
                [0.998896, 0.04241, -0.020219, 0.124994, 0.038762, -0.987083, -0.155445, -0.002831, -0.02655, 0.15449, -0.987638, -1.2e-05, 0.0, 0.0, 0.0, 1.0],
                [0.998869, 0.042579, -0.021152, 0.124994, 0.038987, -0.988193, -0.14817, -0.002831, -0.027211, 0.147178, -0.988736, -1.2e-05, 0.0, 0.0, 0.0, 1.0],
                [0.998824, 0.042844, -0.022696, 0.124994, 0.039368, -0.989908, -0.136132, -0.002831, -0.0283, 0.135079, -0.990431, -1.2e-05, 0.0, 0.0, 0.0, 1.0],
                [0.998753, 0.043205, -0.025015, 0.124994, 0.039964, -0.9922, -0.118074, -0.002831, -0.029921, 0.116927, -0.99269, -1.2e-05, 0.0, 0.0, 0.0, 1.0],
                [0.998647, 0.04364, -0.028276, 0.124994, 0.04085, -0.994857, -0.092685, -0.002831, -0.032175, 0.091404, -0.995294, -1.2e-05, 0.0, 0.0, 0.0, 1.0],
                [0.998494, 0.044091, -0.032658, 0.124994, 0.042126, -0.997392, -0.0586, -0.002831, -0.035156, 0.057136, -0.997747, -1.2e-05, 0.0, 0.0, 0.0, 1.0],
                [0.998275, 0.04445, -0.038344, 0.124994, 0.043926, -0.998931, -0.014418, -0.002831, -0.038944, 0.012709, -0.999161, -1.2e-05, 0.0, 0.0, 0.0, 1.0],
                [0.99797, 0.044543, -0.045518, 0.124994, 0.046428, -0.99807, 0.041238, -0.002831, -0.043593, -0.043268, -0.998112, -1.2e-05, 0.0, 0.0, 0.0, 1.0],
                [0.997529, 0.044072, -0.054707, 0.124994, 0.05001, -0.992404, 0.112399, -0.002831, -0.049338, -0.114857, -0.992156, -1.2e-05, 0.0, 0.0, 0.0, 1.0],
                [0.996921, 0.042608, -0.065825, 0.124994, 0.054918, -0.978601, 0.198301, -0.002831, -0.055967, -0.201305, -0.977928, -1.2e-05, 0.0, 0.0, 0.0, 1.0],
                [0.996154, 0.039825, -0.078042, 0.124994, 0.061064, -0.954334, 0.292435, -0.002831, -0.062831, -0.296076, -0.953096, -1.2e-05, 0.0, 0.0, 0.0, 1.0],
                [0.995262, 0.035648, -0.090463, 0.124994, 0.068176, -0.919197, 0.38785, -0.002831, -0.069328, -0.39218, -0.917272, -1.2e-05, 0.0, 0.0, 0.0, 1.0],
                [0.994299, 0.030299, -0.102229, 0.124994, 0.075805, -0.875125, 0.477922, -0.002831, -0.074983, -0.482947, -0.872433, -1.2e-05, 0.0, 0.0, 0.0, 1.0],
                [0.993341, 0.024286, -0.11262, 0.124994, 0.083369, -0.826199, 0.557175, -0.002831, -0.079514, -0.562854, -0.822723, -1.2e-05, 0.0, 0.0, 0.0, 1.0],
                [0.992469, 0.018309, -0.121122, 0.124994, 0.090236, -0.777964, 0.621795, -0.002831, -0.082844, -0.628042, -0.773757, -1.2e-05, 0.0, 0.0, 0.0, 1.0],
                [0.991761, 0.013149, -0.127428, 0.124994, 0.095795, -0.73655, 0.669565, -0.002831, -0.085053, -0.676256, -0.731741, -1.2e-05, 0.0, 0.0, 0.0, 1.0],
                [0.991289, 0.009569, -0.131358, 0.124994, 0.099493, -0.707916, 0.699253, -0.002831, -0.0863, -0.706231, -0.702702, -1.2e-05, 0.0, 0.0, 0.0, 1.0],
                [0.991118, 0.008246, -0.13273, 0.124994, 0.100831, -0.697355, 0.709597, -0.002831, -0.086708, -0.716678, -0.691993, -1.2e-05, 0.0, 0.0, 0.0, 1.0],
                [0.991118, 0.008246, -0.13273, 0.124994, 0.100831, -0.697355, 0.709597, -0.002831, -0.086708, -0.716678, -0.691993, -1.2e-05, 0.0, 0.0, 0.0, 1.0],
                [0.991118, 0.008246, -0.13273, 0.124994, 0.100831, -0.697355, 0.709597, -0.002831, -0.086708, -0.716678, -0.691993, -1.2e-05, 0.0, 0.0, 0.0, 1.0],
                [0.991118, 0.008246, -0.13273, 0.124994, 0.100831, -0.697355, 0.709597, -0.002831, -0.086708, -0.716678, -0.691993, -1.2e-05, 0.0, 0.0, 0.0, 1.0],
                [0.991118, 0.008246, -0.13273, 0.124994, 0.100831, -0.697355, 0.709597, -0.002831, -0.086708, -0.716678, -0.691993, -1.2e-05, 0.0, 0.0, 0.0, 1.0],
                [0.991118, 0.008246, -0.13273, 0.124994, 0.100831, -0.697355, 0.709597, -0.002831, -0.086708, -0.716678, -0.691993, -1.2e-05, 0.0, 0.0, 0.0, 1.0],
                [0.991118, 0.008246, -0.13273, 0.124994, 0.100831, -0.697355, 0.709597, -0.002831, -0.086708, -0.716678, -0.691993, -1.2e-05, 0.0, 0.0, 0.0, 1.0],
                [0.991118, 0.008246, -0.13273, 0.124994, 0.100831, -0.697355, 0.709597, -0.002831, -0.086708, -0.716678, -0.691993, -1.2e-05, 0.0, 0.0, 0.0, 1.0],
                [0.991118, 0.008246, -0.13273, 0.124994, 0.100831, -0.697355, 0.709597, -0.002831, -0.086708, -0.716678, -0.691993, -1.2e-05, 0.0, 0.0, 0.0, 1.0],
                [0.991118, 0.008246, -0.13273, 0.124994, 0.100831, -0.697355, 0.709597, -0.002831, -0.086708, -0.716678, -0.691993, -1.2e-05, 0.0, 0.0, 0.0, 1.0],
                [0.991118, 0.008246, -0.13273, 0.124994, 0.100831, -0.697355, 0.709597, -0.002831, -0.086708, -0.716678, -0.691993, -1.2e-05, 0.0, 0.0, 0.0, 1.0],
                [0.991118, 0.008246, -0.13273, 0.124994, 0.100831, -0.697355, 0.709597, -0.002831, -0.086708, -0.716678, -0.691993, -1.2e-05, 0.0, 0.0, 0.0, 1.0],
                [0.991118, 0.008246, -0.13273, 0.124994, 0.100831, -0.697355, 0.709597, -0.002831, -0.086708, -0.716678, -0.691993, -1.2e-05, 0.0, 0.0, 0.0, 1.0],
                [0.991118, 0.008246, -0.13273, 0.124994, 0.100831, -0.697355, 0.709597, -0.002831, -0.086708, -0.716678, -0.691993, -1.2e-05, 0.0, 0.0, 0.0, 1.0],
                [0.991118, 0.008246, -0.13273, 0.124994, 0.100831, -0.697355, 0.709597, -0.002831, -0.086708, -0.716678, -0.691993, -1.2e-05, 0.0, 0.0, 0.0, 1.0],
                [0.991118, 0.008246, -0.13273, 0.124994, 0.100831, -0.697355, 0.709597, -0.002831, -0.086708, -0.716678, -0.691993, -1.2e-05, 0.0, 0.0, 0.0, 1.0],
                [0.991118, 0.008246, -0.13273, 0.124994, 0.100831, -0.697355, 0.709597, -0.002831, -0.086708, -0.716678, -0.691993, -1.2e-05, 0.0, 0.0, 0.0, 1.0],
                [0.991118, 0.008246, -0.13273, 0.124994, 0.100831, -0.697355, 0.709597, -0.002831, -0.086708, -0.716678, -0.691993, -1.2e-05, 0.0, 0.0, 0.0, 1.0],
                [0.991118, 0.008246, -0.13273, 0.124994, 0.100831, -0.697355, 0.709597, -0.002831, -0.086708, -0.716678, -0.691993, -1.2e-05, 0.0, 0.0, 0.0, 1.0],
                [0.991118, 0.008246, -0.13273, 0.124994, 0.100831, -0.697355, 0.709597, -0.002831, -0.086708, -0.716678, -0.691993, -1.2e-05, 0.0, 0.0, 0.0, 1.0],
                [0.991118, 0.008246, -0.13273, 0.124994, 0.100831, -0.697355, 0.709597, -0.002831, -0.086708, -0.716678, -0.691993, -1.2e-05, 0.0, 0.0, 0.0, 1.0],
                [0.991118, 0.008246, -0.13273, 0.124994, 0.100831, -0.697355, 0.709597, -0.002831, -0.086708, -0.716678, -0.691993, -1.2e-05, 0.0, 0.0, 0.0, 1.0],
                [0.991118, 0.008246, -0.13273, 0.124994, 0.100831, -0.697355, 0.709597, -0.002831, -0.086708, -0.716678, -0.691993, -1.2e-05, 0.0, 0.0, 0.0, 1.0],
                [0.991118, 0.008246, -0.13273, 0.124994, 0.100831, -0.697355, 0.709597, -0.002831, -0.086708, -0.716678, -0.691993, -1.2e-05, 0.0, 0.0, 0.0, 1.0],
                [0.991118, 0.008246, -0.13273, 0.124994, 0.100831, -0.697355, 0.709597, -0.002831, -0.086708, -0.716678, -0.691993, -1.2e-05, 0.0, 0.0, 0.0, 1.0],
                [0.991118, 0.008246, -0.13273, 0.124994, 0.100831, -0.697355, 0.709597, -0.002831, -0.086708, -0.716678, -0.691993, -1.2e-05, 0.0, 0.0, 0.0, 1.0],
                [0.991118, 0.008246, -0.13273, 0.124994, 0.100831, -0.697355, 0.709597, -0.002831, -0.086708, -0.716678, -0.691993, -1.2e-05, 0.0, 0.0, 0.0, 1.0],
                [0.991118, 0.008246, -0.13273, 0.124994, 0.100831, -0.697355, 0.709597, -0.002831, -0.086708, -0.716678, -0.691993, -1.2e-05, 0.0, 0.0, 0.0, 1.0],
                [0.991118, 0.008246, -0.13273, 0.124994, 0.100831, -0.697355, 0.709597, -0.002831, -0.086708, -0.716678, -0.691993, -1.2e-05, 0.0, 0.0, 0.0, 1.0],
                [0.991118, 0.008246, -0.13273, 0.124994, 0.100831, -0.697355, 0.709597, -0.002831, -0.086708, -0.716678, -0.691993, -1.2e-05, 0.0, 0.0, 0.0, 1.0],
                [0.991118, 0.008246, -0.13273, 0.124994, 0.100831, -0.697355, 0.709597, -0.002831, -0.086708, -0.716678, -0.691993, -1.2e-05, 0.0, 0.0, 0.0, 1.0],
                [0.991118, 0.008246, -0.13273, 0.124994, 0.100831, -0.697355, 0.709597, -0.002831, -0.086708, -0.716678, -0.691993, -1.2e-05, 0.0, 0.0, 0.0, 1.0],
                [0.991142, 0.008434, -0.132538, 0.124994, 0.100642, -0.698851, 0.708151, -0.002831, -0.086652, -0.715218, -0.693509, -1.2e-05, 0.0, 0.0, 0.0, 1.0],
                [0.991213, 0.00898, -0.131974, 0.124994, 0.100091, -0.703211, 0.7039, -0.002831, -0.086485, -0.710924, -0.697931, -1.2e-05, 0.0, 0.0, 0.0, 1.0],
                [0.991326, 0.009858, -0.131052, 0.124994, 0.099198, -0.71023, 0.696945, -0.002831, -0.086206, -0.7039, -0.705048, -1.2e-05, 0.0, 0.0, 0.0, 1.0],
                [0.991481, 0.011041, -0.129782, 0.124994, 0.097987, -0.71968, 0.687357, -0.002831, -0.085813, -0.694218, -0.714631, -1.2e-05, 0.0, 0.0, 0.0, 1.0],
                [0.991673, 0.012495, -0.128171, 0.124994, 0.09648, -0.731312, 0.675184, -0.002831, -0.085297, -0.681928, -0.726429, -1.2e-05, 0.0, 0.0, 0.0, 1.0],
                [0.9919, 0.014186, -0.126225, 0.124994, 0.094701, -0.744864, 0.660461, -0.002831, -0.084651, -0.667065, -0.740174, -1.2e-05, 0.0, 0.0, 0.0, 1.0],
                [0.992159, 0.01608, -0.123947, 0.124994, 0.092674, -0.760054, 0.643218, -0.002831, -0.083864, -0.649661, -0.755585, -1.2e-05, 0.0, 0.0, 0.0, 1.0],
                [0.992445, 0.018138, -0.121345, 0.124994, 0.090425, -0.776588, 0.623485, -0.002831, -0.082926, -0.629747, -0.772361, -1.2e-05, 0.0, 0.0, 0.0, 1.0],
                [0.992755, 0.020321, -0.118423, 0.124994, 0.087983, -0.794161, 0.601305, -0.002831, -0.081828, -0.607368, -0.790195, -1.2e-05, 0.0, 0.0, 0.0, 1.0],
                [0.993087, 0.022588, -0.11519, 0.124994, 0.085376, -0.812457, 0.576735, -0.002831, -0.08056, -0.582582, -0.808769, -1.2e-05, 0.0, 0.0, 0.0, 1.0],
                [0.993435, 0.024899, -0.111659, 0.124994, 0.082634, -0.831161, 0.549858, -0.002831, -0.079116, -0.555475, -0.827761, -1.2e-05, 0.0, 0.0, 0.0, 1.0],
                [0.993795, 0.027213, -0.107844, 0.124994, 0.079788, -0.849954, 0.52078, -0.002831, -0.07749, -0.526154, -0.846852, -1.2e-05, 0.0, 0.0, 0.0, 1.0],
                [0.994165, 0.029492, -0.103764, 0.124994, 0.076871, -0.868527, 0.489645, -0.002831, -0.075681, -0.494764, -0.865726, -1.2e-05, 0.0, 0.0, 0.0, 1.0],
                [0.994538, 0.031698, -0.099444, 0.124994, 0.073915, -0.886583, 0.456625, -0.002831, -0.073691, -0.461482, -0.884084, -1.2e-05, 0.0, 0.0, 0.0, 1.0],
                [0.994912, 0.033795, -0.094911, 0.124994, 0.070952, -0.903847, 0.421931, -0.002831, -0.071526, -0.426519, -0.901646, -1.2e-05, 0.0, 0.0, 0.0, 1.0],
                [0.995282, 0.035752, -0.090197, 0.124994, 0.068014, -0.920069, 0.385807, -0.002831, -0.069194, -0.390121, -0.91816, -1.2e-05, 0.0, 0.0, 0.0, 1.0],
                [0.995644, 0.037544, -0.085339, 0.124994, 0.065131, -0.935033, 0.348527, -0.002831, -0.06671, -0.352567, -0.933406, -1.2e-05, 0.0, 0.0, 0.0, 1.0],
                [0.995996, 0.039147, -0.080377, 0.124994, 0.062332, -0.948562, 0.310394, -0.002831, -0.064091, -0.314161, -0.947204, -1.2e-05, 0.0, 0.0, 0.0, 1.0],
                [0.996332, 0.040547, -0.075352, 0.124994, 0.059641, -0.960523, 0.271733, -0.002831, -0.061359, -0.27523, -0.959418, -1.2e-05, 0.0, 0.0, 0.0, 1.0],
                [0.996652, 0.041733, -0.070309, 0.124994, 0.05708, -0.970828, 0.232883, -0.002831, -0.058539, -0.236117, -0.96996, -1.2e-05, 0.0, 0.0, 0.0, 1.0],
                [0.996952, 0.042701, -0.065293, 0.124994, 0.054669, -0.979438, 0.194195, -0.002831, -0.055658, -0.197173, -0.978788, -1.2e-05, 0.0, 0.0, 0.0, 1.0],
                [0.997231, 0.043453, -0.060349, 0.124994, 0.052421, -0.986362, 0.156018, -0.002831, -0.052746, -0.158749, -0.985909, -1.2e-05, 0.0, 0.0, 0.0, 1.0],
                [0.997488, 0.043999, -0.055521, 0.124994, 0.050348, -0.991653, 0.118698, -0.002831, -0.049835, -0.121195, -0.991377, -1.2e-05, 0.0, 0.0, 0.0, 1.0],
                [0.997721, 0.04435, -0.050853, 0.124994, 0.048456, -0.995406, 0.08257, -0.002831, -0.046957, -0.084846, -0.995287, -1.2e-05, 0.0, 0.0, 0.0, 1.0],
                [0.997931, 0.044526, -0.046384, 0.124994, 0.046747, -0.997755, 0.047953, -0.002831, -0.044145, -0.050022, -0.997772, -1.2e-05, 0.0, 0.0, 0.0, 1.0],
                [0.998117, 0.044549, -0.042154, 0.124994, 0.045222, -0.998862, 0.015148, -0.002831, -0.041431, -0.017026, -0.998996, -1.2e-05, 0.0, 0.0, 0.0, 1.0],
                [0.998281, 0.044444, -0.038196, 0.124994, 0.043877, -0.998915, -0.015567, -0.002831, -0.038847, 0.013865, -0.999149, -1.2e-05, 0.0, 0.0, 0.0, 1.0],
                [0.998423, 0.044238, -0.034545, 0.124994, 0.042705, -0.998121, -0.043935, -0.002831, -0.036423, 0.04239, -0.998437, -1.2e-05, 0.0, 0.0, 0.0, 1.0],
                [0.998545, 0.043961, -0.031228, 0.124994, 0.041699, -0.996695, -0.069718, -0.002831, -0.03419, 0.068314, -0.997078, -1.2e-05, 0.0, 0.0, 0.0, 1.0],
                [0.998647, 0.04364, -0.028274, 0.124994, 0.04085, -0.994856, -0.092698, -0.002831, -0.032174, 0.091417, -0.995293, -1.2e-05, 0.0, 0.0, 0.0, 1.0],
                [0.998731, 0.043305, -0.025708, 0.124994, 0.040148, -0.992821, -0.112671, -0.002831, -0.030403, 0.111496, -0.9933, -1.2e-05, 0.0, 0.0, 0.0, 1.0],
                [0.998798, 0.042983, -0.023555, 0.124994, 0.039586, -0.990796, -0.129445, -0.002831, -0.028902, 0.128357, -0.991307, -1.2e-05, 0.0, 0.0, 0.0, 1.0],
                [0.998849, 0.042699, -0.021837, 0.124994, 0.039154, -0.988972, -0.142831, -0.002831, -0.027695, 0.141811, -0.989506, -1.2e-05, 0.0, 0.0, 0.0, 1.0],
                [0.998886, 0.042476, -0.020578, 0.124994, 0.038848, -0.987518, -0.15264, -0.002831, -0.026805, 0.151671, -0.988068, -1.2e-05, 0.0, 0.0, 0.0, 1.0],
                [0.998907, 0.042332, -0.019804, 0.124994, 0.038664, -0.986573, -0.158679, -0.002831, -0.026255, 0.15774, -0.987132, -1.2e-05, 0.0, 0.0, 0.0, 1.0],
                [0.998915, 0.042282, -0.019539, 0.124994, 0.038601, -0.986241, -0.16074, -0.002831, -0.026067, 0.159811, -0.986803, -1.2e-05, 0.0, 0.0, 0.0, 1.0]
            ]
        },
        {
            "name": "Leg_R",
            "time": [0.0, 0.0167, 0.0333, 0.05, 0.0667, 0.0833, 0.1, 0.1167, 0.1333, 0.15, 0.1667, 0.1833, 0.2, 0.2167, 0.2333, 0.25, 0.2667, 0.2833, 0.3, 0.3167, 0.3333, 0.35, 0.3667, 0.3833, 0.4, 0.4167, 0.4333, 0.45, 0.4667, 0.4833, 0.5, 0.5167, 0.5333, 0.55, 0.5667, 0.5833, 0.6, 0.6167, 0.6333, 0.65, 0.6667, 0.6833, 0.7, 0.7167, 0.7333, 0.75, 0.7667, 0.7833, 0.8, 0.8167, 0.8333, 0.85, 0.8667, 0.8833, 0.9, 0.9167, 0.9333, 0.95, 0.9667, 0.9833, 1.0, 1.0167, 1.0333, 1.05, 1.0667, 1.0833, 1.1, 1.1167, 1.1333, 1.15, 1.1667, 1.1833, 1.2, 1.2167, 1.2333, 1.25, 1.2667, 1.2833, 1.3, 1.3167, 1.3333, 1.35, 1.3667, 1.3833, 1.4, 1.4167, 1.4333, 1.45],
            "transform": [
                [1.0, 1e-06, 1e-06, -0.0, -1e-06, 0.999995, 0.00307, 0.37472, -1e-06, -0.00307, 0.999995, -0.0, 0.0, 0.0, 0.0, 1.0],
                [1.0, 1e-06, 1e-06, 0.0, -1e-06, 0.999995, 0.003218, 0.37472, -1e-06, -0.003218, 0.999995, -0.0, 0.0, 0.0, 0.0, 1.0],
                [1.0, 1e-06, 1e-06, -0.0, -1e-06, 0.999991, 0.004252, 0.37472, -1e-06, -0.004252, 0.999991, -0.0, 0.0, 0.0, 0.0, 1.0],
                [1.0, 1e-06, 1e-06, -0.0, -1e-06, 0.999975, 0.00706, 0.37472, -1e-06, -0.00706, 0.999975, 0.0, 0.0, 0.0, 0.0, 1.0],
                [1.0, 1e-06, 1e-06, 0.0, -1e-06, 0.999921, 0.012533, 0.37472, -1e-06, -0.012533, 0.999921, 0.0, 0.0, 0.0, 0.0, 1.0],
                [1.0, 1e-06, 1e-06, 0.0, -1e-06, 0.999767, 0.021567, 0.37472, -1e-06, -0.021567, 0.999767, 0.0, 0.0, 0.0, 0.0, 1.0],
                [1.0, 1e-06, 1e-06, 0.0, -1e-06, 0.999385, 0.035065, 0.37472, -1e-06, -0.035064, 0.999385, 0.0, 0.0, 0.0, 0.0, 1.0],
                [1.0, 1e-06, 1e-06, 0.0, -1e-06, 0.998544, 0.053939, 0.37472, -1e-06, -0.053939, 0.998544, -0.0, 0.0, 0.0, 0.0, 1.0],
                [1.0, 1e-06, 1e-06, -0.0, -1e-06, 0.996866, 0.079108, 0.37472, -1e-06, -0.079108, 0.996866, -0.0, 0.0, 0.0, 0.0, 1.0],
                [1.0, 1e-06, 1e-06, 0.0, -1e-06, 0.993767, 0.111475, 0.37472, -1e-06, -0.111475, 0.993767, -0.0, 0.0, 0.0, 0.0, 1.0],
                [1.0, 1e-06, 1e-06, 0.0, -1e-06, 0.988395, 0.151904, 0.37472, -1e-06, -0.151904, 0.988395, -0.0, 0.0, 0.0, 0.0, 1.0],
                [1.0, 1e-06, 1e-06, -0.0, -1e-06, 0.979142, 0.203175, 0.37472, -1e-06, -0.203175, 0.979142, 0.0, 0.0, 0.0, 0.0, 1.0],
                [1.0, 1e-06, 1e-06, -0.0, -1e-06, 0.964332, 0.264695, 0.37472, -1e-06, -0.264695, 0.964332, -0.0, 0.0, 0.0, 0.0, 1.0],
                [1.0, 1e-06, 1e-06, 0.0, -1e-06, 0.94327, 0.332028, 0.37472, -1e-06, -0.332028, 0.94327, 0.0, 0.0, 0.0, 0.0, 1.0],
                [1.0, 1e-06, 1e-06, -0.0, -1e-06, 0.916215, 0.400687, 0.37472, -1e-06, -0.400687, 0.916215, 0.0, 0.0, 0.0, 0.0, 1.0],
                [1.0, 0.0, 1e-06, -0.0, -1e-06, 0.884562, 0.466422, 0.37472, -1e-06, -0.466422, 0.884562, 0.0, 0.0, 0.0, 0.0, 1.0],
                [1.0, 0.0, 1e-06, 0.0, -1e-06, 0.850773, 0.525533, 0.37472, -1e-06, -0.525533, 0.850773, -0.0, 0.0, 0.0, 0.0, 1.0],
                [1.0, 0.0, 1e-06, -0.0, -1e-06, 0.818121, 0.575045, 0.37472, -1e-06, -0.575046, 0.818121, -0.0, 0.0, 0.0, 0.0, 1.0],
                [1.0, 0.0, 1e-06, 0.0, -1e-06, 0.79032, 0.612694, 0.37472, -1e-06, -0.612694, 0.79032, -0.0, 0.0, 0.0, 0.0, 1.0],
                [1.0, 0.0, 1e-06, -0.0, -1e-06, 0.771141, 0.636664, 0.37472, -1e-06, -0.636664, 0.771142, 0.0, 0.0, 0.0, 0.0, 1.0],
                [1.0, 0.0, 1e-06, -0.0, -1e-06, 0.764068, 0.645136, 0.37472, -1e-06, -0.645136, 0.764068, -0.0, 0.0, 0.0, 0.0, 1.0],
                [1.0, 0.0, 1e-06, -0.0, -1e-06, 0.764068, 0.645136, 0.37472, -1e-06, -0.645136, 0.764068, -0.0, 0.0, 0.0, 0.0, 1.0],
                [1.0, 0.0, 1e-06, -0.0, -1e-06, 0.764068, 0.645136, 0.37472, -1e-06, -0.645136, 0.764068, -0.0, 0.0, 0.0, 0.0, 1.0],
                [1.0, 0.0, 1e-06, -0.0, -1e-06, 0.764068, 0.645136, 0.37472, -1e-06, -0.645136, 0.764068, -0.0, 0.0, 0.0, 0.0, 1.0],
                [1.0, 0.0, 1e-06, 0.0, -1e-06, 0.764068, 0.645136, 0.37472, -1e-06, -0.645136, 0.764068, -0.0, 0.0, 0.0, 0.0, 1.0],
                [1.0, 0.0, 1e-06, -0.0, -1e-06, 0.764068, 0.645136, 0.37472, -1e-06, -0.645136, 0.764068, -0.0, 0.0, 0.0, 0.0, 1.0],
                [1.0, 0.0, 1e-06, 0.0, -1e-06, 0.764068, 0.645136, 0.37472, -1e-06, -0.645136, 0.764068, -0.0, 0.0, 0.0, 0.0, 1.0],
                [1.0, 0.0, 1e-06, 0.0, -1e-06, 0.764068, 0.645136, 0.37472, -1e-06, -0.645136, 0.764068, -0.0, 0.0, 0.0, 0.0, 1.0],
                [1.0, 0.0, 1e-06, -0.0, -1e-06, 0.764068, 0.645136, 0.37472, -1e-06, -0.645136, 0.764068, -0.0, 0.0, 0.0, 0.0, 1.0],
                [1.0, 0.0, 1e-06, 0.0, -1e-06, 0.764068, 0.645136, 0.37472, -1e-06, -0.645136, 0.764068, -0.0, 0.0, 0.0, 0.0, 1.0],
                [1.0, 0.0, 1e-06, 0.0, -1e-06, 0.764068, 0.645136, 0.37472, -1e-06, -0.645136, 0.764068, -0.0, 0.0, 0.0, 0.0, 1.0],
                [1.0, 0.0, 1e-06, 0.0, -1e-06, 0.764068, 0.645136, 0.37472, -1e-06, -0.645136, 0.764068, -0.0, 0.0, 0.0, 0.0, 1.0],
                [1.0, 0.0, 1e-06, 0.0, -1e-06, 0.764068, 0.645136, 0.37472, -1e-06, -0.645136, 0.764068, -0.0, 0.0, 0.0, 0.0, 1.0],
                [1.0, 0.0, 1e-06, -0.0, -1e-06, 0.764068, 0.645136, 0.37472, -1e-06, -0.645136, 0.764068, -0.0, 0.0, 0.0, 0.0, 1.0],
                [1.0, 0.0, 1e-06, -0.0, -1e-06, 0.764068, 0.645136, 0.37472, -1e-06, -0.645136, 0.764068, -0.0, 0.0, 0.0, 0.0, 1.0],
                [1.0, 0.0, 1e-06, 0.0, -1e-06, 0.764068, 0.645136, 0.37472, -1e-06, -0.645136, 0.764068, -0.0, 0.0, 0.0, 0.0, 1.0],
                [1.0, 0.0, 1e-06, -0.0, -1e-06, 0.764068, 0.645136, 0.37472, -1e-06, -0.645136, 0.764068, -0.0, 0.0, 0.0, 0.0, 1.0],
                [1.0, 0.0, 1e-06, 0.0, -1e-06, 0.764068, 0.645136, 0.37472, -1e-06, -0.645136, 0.764068, -0.0, 0.0, 0.0, 0.0, 1.0],
                [1.0, 0.0, 1e-06, 0.0, -1e-06, 0.764068, 0.645136, 0.37472, -1e-06, -0.645136, 0.764068, -0.0, 0.0, 0.0, 0.0, 1.0],
                [1.0, 0.0, 1e-06, 0.0, -1e-06, 0.764068, 0.645136, 0.37472, -1e-06, -0.645136, 0.764068, -0.0, 0.0, 0.0, 0.0, 1.0],
                [1.0, 0.0, 1e-06, 0.0, -1e-06, 0.764068, 0.645136, 0.37472, -1e-06, -0.645136, 0.764068, -0.0, 0.0, 0.0, 0.0, 1.0],
                [1.0, 0.0, 1e-06, 0.0, -1e-06, 0.764068, 0.645136, 0.37472, -1e-06, -0.645136, 0.764068, -0.0, 0.0, 0.0, 0.0, 1.0],
                [1.0, 0.0, 1e-06, 0.0, -1e-06, 0.764068, 0.645136, 0.37472, -1e-06, -0.645136, 0.764068, -0.0, 0.0, 0.0, 0.0, 1.0],
                [1.0, 0.0, 1e-06, 0.0, -1e-06, 0.764068, 0.645136, 0.37472, -1e-06, -0.645136, 0.764068, -0.0, 0.0, 0.0, 0.0, 1.0],
                [1.0, 0.0, 1e-06, 0.0, -1e-06, 0.764068, 0.645136, 0.37472, -1e-06, -0.645136, 0.764068, -0.0, 0.0, 0.0, 0.0, 1.0],
                [1.0, 0.0, 1e-06, 0.0, -1e-06, 0.764068, 0.645136, 0.37472, -1e-06, -0.645136, 0.764068, -0.0, 0.0, 0.0, 0.0, 1.0],
                [1.0, 0.0, 1e-06, 0.0, -1e-06, 0.764068, 0.645136, 0.37472, -1e-06, -0.645136, 0.764068, -0.0, 0.0, 0.0, 0.0, 1.0],
                [1.0, 0.0, 1e-06, 0.0, -1e-06, 0.764068, 0.645136, 0.37472, -1e-06, -0.645136, 0.764068, -0.0, 0.0, 0.0, 0.0, 1.0],
                [1.0, 0.0, 1e-06, 0.0, -1e-06, 0.764068, 0.645136, 0.37472, -1e-06, -0.645136, 0.764068, -0.0, 0.0, 0.0, 0.0, 1.0],
                [1.0, 0.0, 1e-06, 0.0, -1e-06, 0.764068, 0.645136, 0.37472, -1e-06, -0.645136, 0.764068, -0.0, 0.0, 0.0, 0.0, 1.0],
                [1.0, 0.0, 1e-06, 0.0, -1e-06, 0.764068, 0.645136, 0.37472, -1e-06, -0.645136, 0.764068, -0.0, 0.0, 0.0, 0.0, 1.0],
                [1.0, 0.0, 1e-06, 0.0, -1e-06, 0.764068, 0.645136, 0.37472, -1e-06, -0.645136, 0.764068, -0.0, 0.0, 0.0, 0.0, 1.0],
                [1.0, 0.0, 1e-06, -0.0, -1e-06, 0.765069, 0.643948, 0.37472, -1e-06, -0.643948, 0.76507, 0.0, 0.0, 0.0, 0.0, 1.0],
                [1.0, 0.0, 1e-06, -0.0, -1e-06, 0.76799, 0.640462, 0.37472, -1e-06, -0.640462, 0.76799, 0.0, 0.0, 0.0, 0.0, 1.0],
                [1.0, 0.0, 1e-06, -0.0, -1e-06, 0.772691, 0.634782, 0.37472, -1e-06, -0.634782, 0.772691, 0.0, 0.0, 0.0, 0.0, 1.0],
                [1.0, 0.0, 1e-06, 0.0, -1e-06, 0.77902, 0.627, 0.37472, -1e-06, -0.627, 0.77902, 0.0, 0.0, 0.0, 0.0, 1.0],
                [1.0, 0.0, 1e-06, -0.0, -1e-06, 0.786811, 0.617194, 0.37472, -1e-06, -0.617194, 0.786811, -0.0, 0.0, 0.0, 0.0, 1.0],
                [1.0, 0.0, 1e-06, 0.0, -1e-06, 0.795893, 0.605438, 0.37472, -1e-06, -0.605437, 0.795893, -0.0, 0.0, 0.0, 0.0, 1.0],
                [1.0, 0.0, 1e-06, -0.0, -1e-06, 0.806083, 0.591802, 0.37472, -1e-06, -0.591802, 0.806083, 0.0, 0.0, 0.0, 0.0, 1.0],
                [1.0, 0.0, 1e-06, 0.0, -1e-06, 0.817195, 0.576361, 0.37472, -1e-06, -0.576361, 0.817195, 0.0, 0.0, 0.0, 0.0, 1.0],
                [1.0, 0.0, 1e-06, 0.0, -1e-06, 0.82904, 0.55919, 0.37472, -1e-06, -0.55919, 0.82904, 0.0, 0.0, 0.0, 0.0, 1.0],
                [1.0, 0.0, 1e-06, -0.0, -1e-06, 0.841425, 0.540374, 0.37472, -1e-06, -0.540374, 0.841425, 0.0, 0.0, 0.0, 0.0, 1.0],
                [1.0, 0.0, 1e-06, 0.0, -1e-06, 0.85416, 0.52001, 0.37472, -1e-06, -0.52001, 0.85416, 0.0, 0.0, 0.0, 0.0, 1.0],
                [1.0, 0.0, 1e-06, 0.0, -1e-06, 0.86706, 0.498204, 0.37472, -1e-06, -0.498203, 0.86706, 0.0, 0.0, 0.0, 0.0, 1.0],
                [1.0, 0.0, 1e-06, 0.0, -1e-06, 0.879944, 0.475077, 0.37472, -1e-06, -0.475077, 0.879944, 0.0, 0.0, 0.0, 0.0, 1.0],
                [1.0, 0.0, 1e-06, -0.0, -1e-06, 0.892642, 0.450766, 0.37472, -1e-06, -0.450766, 0.892642, 0.0, 0.0, 0.0, 0.0, 1.0],
                [1.0, 1e-06, 1e-06, 0.0, -1e-06, 0.904995, 0.425421, 0.37472, -1e-06, -0.425421, 0.904995, -0.0, 0.0, 0.0, 0.0, 1.0],
                [1.0, 1e-06, 1e-06, 0.0, -1e-06, 0.91686, 0.399208, 0.37472, -1e-06, -0.399208, 0.91686, 0.0, 0.0, 0.0, 0.0, 1.0],
                [1.0, 1e-06, 1e-06, -0.0, -1e-06, 0.928111, 0.372305, 0.37472, -1e-06, -0.372305, 0.92811, 0.0, 0.0, 0.0, 0.0, 1.0],
                [1.0, 1e-06, 1e-06, 0.0, -1e-06, 0.938638, 0.344903, 0.37472, -1e-06, -0.344903, 0.938638, -0.0, 0.0, 0.0, 0.0, 1.0],
                [1.0, 1e-06, 1e-06, 0.0, -1e-06, 0.948357, 0.317204, 0.37472, -1e-06, -0.317204, 0.948357, -0.0, 0.0, 0.0, 0.0, 1.0],
                [1.0, 1e-06, 1e-06, 0.0, -1e-06, 0.957203, 0.289418, 0.37472, -1e-06, -0.289418, 0.957203, 0.0, 0.0, 0.0, 0.0, 1.0],
                [1.0, 1e-06, 1e-06, 0.0, -1e-06, 0.965133, 0.261759, 0.37472, -1e-06, -0.261759, 0.965133, 0.0, 0.0, 0.0, 0.0, 1.0],
                [1.0, 1e-06, 1e-06, -0.0, -1e-06, 0.972129, 0.234445, 0.37472, -1e-06, -0.234445, 0.972129, 0.0, 0.0, 0.0, 0.0, 1.0],
                [1.0, 1e-06, 1e-06, 0.0, -1e-06, 0.978193, 0.207697, 0.37472, -1e-06, -0.207697, 0.978193, 0.0, 0.0, 0.0, 0.0, 1.0],
                [1.0, 1e-06, 1e-06, -0.0, -1e-06, 0.983348, 0.18173, 0.37472, -1e-06, -0.18173, 0.983349, -0.0, 0.0, 0.0, 0.0, 1.0],
                [1.0, 1e-06, 1e-06, 0.0, -1e-06, 0.987637, 0.15676, 0.37472, -1e-06, -0.15676, 0.987637, 0.0, 0.0, 0.0, 0.0, 1.0],
                [1.0, 1e-06, 1e-06, -0.0, -1e-06, 0.991117, 0.132994, 0.37472, -1e-06, -0.132994, 0.991117, 0.0, 0.0, 0.0, 0.0, 1.0],
                [1.0, 1e-06, 1e-06, 0.0, -1e-06, 0.993861, 0.110636, 0.37472, -1e-06, -0.110636, 0.993861, -0.0, 0.0, 0.0, 0.0, 1.0],
                [1.0, 1e-06, 1e-06, -0.0, -1e-06, 0.995953, 0.089882, 0.37472, -1e-06, -0.089882, 0.995952, 0.0, 0.0, 0.0, 0.0, 1.0],
                [1.0, 1e-06, 1e-06, -0.0, -1e-06, 0.997482, 0.070919, 0.37472, -1e-06, -0.070919, 0.997482, 0.0, 0.0, 0.0, 0.0, 1.0],
                [1.0, 1e-06, 1e-06, 0.0, -1e-06, 0.998545, 0.05393, 0.37472, -1e-06, -0.05393, 0.998545, -0.0, 0.0, 0.0, 0.0, 1.0],
                [1.0, 1e-06, 1e-06, -0.0, -1e-06, 0.999236, 0.03909, 0.37472, -1e-06, -0.03909, 0.999236, -0.0, 0.0, 0.0, 0.0, 1.0],
                [1.0, 1e-06, 1e-06, 0.0, -1e-06, 0.999647, 0.026572, 0.37472, -1e-06, -0.026572, 0.999647, 0.0, 0.0, 0.0, 0.0, 1.0],
                [1.0, 1e-06, 1e-06, -0.0, -1e-06, 0.999863, 0.016544, 0.37472, -1e-06, -0.016544, 0.999863, -0.0, 0.0, 0.0, 0.0, 1.0],
                [1.0, 1e-06, 1e-06, 0.0, -1e-06, 0.999958, 0.009172, 0.37472, -1e-06, -0.009172, 0.999958, -0.0, 0.0, 0.0, 0.0, 1.0],
                [1.0, 1e-06, 1e-06, 0.0, -1e-06, 0.999989, 0.004624, 0.37472, -1e-06, -0.004624, 0.999989, 0.0, 0.0, 0.0, 0.0, 1.0],
                [1.0, 1e-06, 1e-06, 0.0, -1e-06, 0.999995, 0.00307, 0.37472, -1e-06, -0.00307, 0.999995, 0.0, 0.0, 0.0, 0.0, 1.0]
            ]
        },
        {
            "name": "Knee_R",
