{
    "animation": [
        {
            "name": "Root",
            "time": [0.0, 0.0167, 0.0333, 0.05, 0.0667, 0.0833, 0.1, 0.1167, 0.1333, 0.15, 0.1667, 0.1833, 0.2, 0.2167, 0.2333, 0.25, 0.2667, 0.2833, 0.3, 0.3167, 0.3333, 0.35, 0.3667, 0.3833, 0.4, 0.4167, 0.4333, 0.45, 0.4667, 0.4833, 0.5, 0.5167, 0.5333, 0.55, 0.5667, 0.5833, 0.6, 0.6167, 0.6333, 0.65, 0.6667, 0.6833, 0.7, 0.7167, 0.7333, 0.75, 0.7667, 0.7833, 0.8, 0.8167, 0.8333, 0.85, 0.8667, 0.8833, 0.9, 0.9167, 0.9333, 0.95, 0.9667, 0.9833, 1.0, 1.0167, 1.0333, 1.05, 1.0667, 1.0833, 1.1, 1.1167, 1.1333, 1.15, 1.1667, 1.1833, 1.2, 1.2167, 1.2333, 1.25, 1.2667, 1.2833, 1.3, 1.3167, 1.3333, 1.35, 1.3667, 1.3833, 1.4, 1.4167, 1.4333, 1.45, 1.4667, 1.4833, 1.5, 1.5167, 1.5333, 1.55, 1.5667, 1.5833, 1.6, 1.6167, 1.6333, 1.65, 1.6667, 1.6833, 1.7, 1.7167, 1.7333, 1.75, 1.7667, 1.7833, 1.8, 1.8167, 1.8333, 1.85, 1.8667, 1.8833, 1.9, 1.9167, 1.9333, 1.95, 1.9667, 1.9833, 2.0, 2.0167, 2.0333, 2.05, 2.0667, 2.0833, 2.1, 2.1167, 2.1333, 2.15, 2.1667, 2.1833, 2.2, 2.2167, 2.2333, 2.25, 2.2667, 2.2833, 2.3, 2.3167, 2.3333, 2.35, 2.3667, 2.3833, 2.4, 2.4167, 2.4333, 2.45, 2.4667, 2.4833, 2.5],
            "transform": [
                [0.939693, 0.0, -0.34202, -5e-06, -0.34202, 0.0, -0.939693, 0.000946, 0.0, 1.0, 0.0, 0.763972, 0.0, 0.0, 0.0, 1.0],
                [0.944695, 0.0, -0.327951, -5e-06, -0.327951, 0.0, -0.944695, -0.006449, 0.0, 1.0, 0.0, 0.760731, 0.0, 0.0, 0.0, 1.0],
                [0.956894, 0.0, -0.290438, -5e-06, -0.290438, 0.0, -0.956894, -0.027258, 0.0, 1.0, 0.0, 0.752186, 0.0, 0.0, 0.0, 1.0],
                [0.971632, 0.0, -0.236498, -5e-06, -0.236498, 0.0, -0.971632, -0.059418, 0.0, 1.0, 0.0, 0.740106, 0.0, 0.0, 0.0, 1.0],
                [0.984808, 0.0, -0.173648, -5e-06, -0.173648, 0.0, -0.984808, -0.100864, 0.0, 1.0, 0.0, 0.726259, 0.0, 0.0, 0.0, 1.0],
                [0.993923, 0.0, -0.110082, -5e-06, -0.110082, 0.0, -0.993923, -0.149534, 0.0, 1.0, 0.0, 0.712411, 0.0, 0.0, 0.0, 1.0],
                [0.998522, 0.0, -0.054354, -5e-06, -0.054354, 0.0, -0.998522, -0.203363, 0.0, 1.0, 0.0, 0.700331, 0.0, 0.0, 0.0, 1.0],
                [0.999889, 0.0, -0.014932, -5e-06, -0.014932, 0.0, -0.999889, -0.260287, 0.0, 1.0, 0.0, 0.691787, 0.0, 0.0, 0.0, 1.0],
                [1.0, 0.0, 0.0, -5e-06, 0.0, 0.0, -1.0, -0.318244, 0.0, 1.0, 0.0, 0.688546, 0.0, 0.0, 0.0, 1.0],
                [1.0, 0.0, 0.0, -5e-06, 0.0, 0.0, -1.0, -0.375168, 0.0, 1.0, 0.0, 0.688546, 0.0, 0.0, 0.0, 1.0],
                [1.0, 0.0, 0.0, -5e-06, 0.0, 0.0, -1.0, -0.428997, 0.0, 1.0, 0.0, 0.688546, 0.0, 0.0, 0.0, 1.0],
                [1.0, 0.0, 0.0, -5e-06, 0.0, 0.0, -1.0, -0.477667, 0.0, 1.0, 0.0, 0.688546, 0.0, 0.0, 0.0, 1.0],
                [1.0, 0.0, 0.0, -5e-06, 0.0, 0.0, -1.0, -0.519113, 0.0, 1.0, 0.0, 0.688546, 0.0, 0.0, 0.0, 1.0],
                [1.0, 0.0, 0.0, -5e-06, 0.0, 0.0, -1.0, -0.551273, 0.0, 1.0, 0.0, 0.688546, 0.0, 0.0, 0.0, 1.0],
                [1.0, 0.0, 0.0, -5e-06, 0.0, 0.0, -1.0, -0.572082, 0.0, 1.0, 0.0, 0.688546, 0.0, 0.0, 0.0, 1.0],
                [1.0, 0.0, 0.0, -5e-06, 0.0, 0.0, -1.0, -0.579477, 0.0, 1.0, 0.0, 0.688546, 0.0, 0.0, 0.0, 1.0],
                [1.0, 0.0, 0.0, -5e-06, 0.0, 0.0, -1.0, -0.577381, 0.0, 1.0, 0.0, 0.688546, 0.0, 0.0, 0.0, 1.0],
                [1.0, 0.0, 0.0, -5e-06, 0.0, 0.0, -1.0, -0.56978, 0.0, 1.0, 0.0, 0.688546, 0.0, 0.0, 0.0, 1.0],
                [1.0, 0.0, 0.0, -5e-06, 0.0, 0.0, -1.0, -0.554711, 0.0, 1.0, 0.0, 0.688546, 0.0, 0.0, 0.0, 1.0],
                [1.0, 0.0, 0.0, -5e-06, 0.0, 0.0, -1.0, -0.530208, 0.0, 1.0, 0.0, 0.688546, 0.0, 0.0, 0.0, 1.0],
                [1.0, 0.0, 0.0, -5e-06, 0.0, 0.0, -1.0, -0.494307, 0.0, 1.0, 0.0, 0.688546, 0.0, 0.0, 0.0, 1.0],
                [1.0, 0.0, 0.0, -5e-06, 0.0, 0.0, -1.0, -0.445041, 0.0, 1.0, 0.0, 0.688546, 0.0, 0.0, 0.0, 1.0],
                [1.0, 0.0, 0.0, -5e-06, 0.0, 0.0, -1.0, -0.380447, 0.0, 1.0, 0.0, 0.688546, 0.0, 0.0, 0.0, 1.0],
                [1.0, 0.0, 0.0, -5e-06, 0.0, 0.0, -1.0, -0.298558, 0.0, 1.0, 0.0, 0.688546, 0.0, 0.0, 0.0, 1.0],
                [1.0, 0.0, 0.0, -5e-06, 0.0, 0.0, -1.0, -0.198328, 0.0, 1.0, 0.0, 0.688546, 0.0, 0.0, 0.0, 1.0],
                [1.0, 0.0, 0.0, -5e-06, 0.0, 0.0, -1.0, -0.082378, 0.0, 1.0, 0.0, 0.688546, 0.0, 0.0, 0.0, 1.0],
                [1.0, 0.0, 0.0, -5e-06, 0.0, 0.0, -1.0, 0.045753, 0.0, 1.0, 0.0, 0.688546, 0.0, 0.0, 0.0, 1.0],
                [1.0, 0.0, 0.0, -5e-06, 0.0, 0.0, -1.0, 0.182526, 0.0, 1.0, 0.0, 0.688546, 0.0, 0.0, 0.0, 1.0],
                [1.0, 0.0, 0.0, -5e-06, 0.0, 0.0, -1.0, 0.324401, 0.0, 1.0, 0.0, 0.688546, 0.0, 0.0, 0.0, 1.0],
                [1.0, 0.0, 0.0, -5e-06, 0.0, 0.0, -1.0, 0.46784, 0.0, 1.0, 0.0, 0.688546, 0.0, 0.0, 0.0, 1.0],
                [1.0, 0.0, 0.0, -5e-06, 0.0, 0.0, -1.0, 0.609303, 0.0, 1.0, 0.0, 0.688546, 0.0, 0.0, 0.0, 1.0],
                [1.0, 0.0, 0.0, -5e-06, 0.0, 0.0, -1.0, 0.745252, 0.0, 1.0, 0.0, 0.688546, 0.0, 0.0, 0.0, 1.0],
                [1.0, 0.0, 0.0, -5e-06, 0.0, 0.0, -1.0, 0.872147, 0.0, 1.0, 0.0, 0.688546, 0.0, 0.0, 0.0, 1.0],
                [1.0, 0.0, 0.0, -5e-06, 0.0, 0.0, -1.0, 0.986448, 0.0, 1.0, 0.0, 0.688546, 0.0, 0.0, 0.0, 1.0],
                [1.0, 0.0, 0.0, -5e-06, 0.0, 0.0, -1.0, 1.084618, 0.0, 1.0, 0.0, 0.688546, 0.0, 0.0, 0.0, 1.0],
                [1.0, 0.0, 0.0, -5e-06, 0.0, 0.0, -1.0, 1.163117, 0.0, 1.0, 0.0, 0.688546, 0.0, 0.0, 0.0, 1.0],
                [1.0, 0.0, 0.0, -5e-06, 0.0, 0.0, -1.0, 1.218406, 0.0, 1.0, 0.0, 0.688546, 0.0, 0.0, 0.0, 1.0],
                [1.0, 0.0, 0.0, -5e-06, 0.0, 0.0, -1.0, 1.252967, 0.0, 1.0, 0.0, 0.688546, 0.0, 0.0, 0.0, 1.0],
                [1.0, 0.0, 0.0, -5e-06, 0.0, 0.0, -1.0, 1.273918, 0.0, 1.0, 0.0, 0.688546, 0.0, 0.0, 0.0, 1.0],
                [1.0, 0.0, 0.0, -5e-06, 0.0, 0.0, -1.0, 1.284673, 0.0, 1.0, 0.0, 0.688546, 0.0, 0.0, 0.0, 1.0],
                [1.0, 0.0, 0.0, -5e-06, 0.0, 0.0, -1.0, 1.288644, 0.0, 1.0, 0.0, 0.688546, 0.0, 0.0, 0.0, 1.0],
                [1.0, 0.0, 0.0, -5e-06, 0.0, 0.0, -1.0, 1.289245, 0.0, 1.0, 0.0, 0.688546, 0.0, 0.0, 0.0, 1.0],
                [1.0, 0.0, 0.0, -5e-06, 0.0, 0.0, -1.0, 1.28932, 0.0, 1.0, 0.0, 0.688546, 0.0, 0.0, 0.0, 1.0],
                [1.0, 0.0, 0.0, -5e-06, 0.0, 0.0, -1.0, 1.289436, 0.0, 1.0, 0.0, 0.688546, 0.0, 0.0, 0.0, 1.0],
                [1.0, 0.0, 0.0, -5e-06, 0.0, 0.0, -1.0, 1.28959, 0.0, 1.0, 0.0, 0.688546, 0.0, 0.0, 0.0, 1.0],
                [1.0, 0.0, 0.0, -5e-06, 0.0, 0.0, -1.0, 1.289782, 0.0, 1.0, 0.0, 0.688546, 0.0, 0.0, 0.0, 1.0],
                [1.0, 0.0, 0.0, -5e-06, 0.0, 0.0, -1.0, 1.290007, 0.0, 1.0, 0.0, 0.688546, 0.0, 0.0, 0.0, 1.0],
                [1.0, 0.0, 0.0, -5e-06, 0.0, 0.0, -1.0, 1.290266, 0.0, 1.0, 0.0, 0.688546, 0.0, 0.0, 0.0, 1.0],
                [1.0, 0.0, 0.0, -5e-06, 0.0, 0.0, -1.0, 1.290554, 0.0, 1.0, 0.0, 0.688546, 0.0, 0.0, 0.0, 1.0],
                [1.0, 0.0, 0.0, -5e-06, 0.0, 0.0, -1.0, 1.290871, 0.0, 1.0, 0.0, 0.688546, 0.0, 0.0, 0.0, 1.0],
                [1.0, 0.0, 0.0, -5e-06, 0.0, 0.0, -1.0, 1.291213, 0.0, 1.0, 0.0, 0.688546, 0.0, 0.0, 0.0, 1.0],
                [1.0, 0.0, 0.0, -5e-06, 0.0, 0.0, -1.0, 1.29158, 0.0, 1.0, 0.0, 0.688546, 0.0, 0.0, 0.0, 1.0],
                [1.0, 0.0, 0.0, -5e-06, 0.0, 0.0, -1.0, 1.291969, 0.0, 1.0, 0.0, 0.688546, 0.0, 0.0, 0.0, 1.0],
                [1.0, 0.0, 0.0, -5e-06, 0.0, 0.0, -1.0, 1.292377, 0.0, 1.0, 0.0, 0.688546, 0.0, 0.0, 0.0, 1.0],
                [1.0, 0.0, 0.0, -5e-06, 0.0, 0.0, -1.0, 1.292803, 0.0, 1.0, 0.0, 0.688546, 0.0, 0.0, 0.0, 1.0],
                [1.0, 0.0, 0.0, -5e-06, 0.0, 0.0, -1.0, 1.293245, 0.0, 1.0, 0.0, 0.688546, 0.0, 0.0, 0.0, 1.0],
                [1.0, 0.0, 0.0, -5e-06, 0.0, 0.0, -1.0, 1.293701, 0.0, 1.0, 0.0, 0.688546, 0.0, 0.0, 0.0, 1.0],
                [1.0, 0.0, 0.0, -5e-06, 0.0, 0.0, -1.0, 1.294167, 0.0, 1.0, 0.0, 0.688546, 0.0, 0.0, 0.0, 1.0],
                [1.0, 0.0, 0.0, -5e-06, 0.0, 0.0, -1.0, 1.294643, 0.0, 1.0, 0.0, 0.688546, 0.0, 0.0, 0.0, 1.0],
                [1.0, 0.0, 0.0, -5e-06, 0.0, 0.0, -1.0, 1.295126, 0.0, 1.0, 0.0, 0.688546, 0.0, 0.0, 0.0, 1.0],
                [1.0, 0.0, 0.0, -5e-06, 0.0, 0.0, -1.0, 1.295614, 0.0, 1.0, 0.0, 0.688546, 0.0, 0.0, 0.0, 1.0],
                [1.0, 0.0, 0.0, -5e-06, 0.0, 0.0, -1.0, 1.296105, 0.0, 1.0, 0.0, 0.688546, 0.0, 0.0, 0.0, 1.0],
                [1.0, 0.0, 0.0, -5e-06, 0.0, 0.0, -1.0, 1.296597, 0.0, 1.0, 0.0, 0.688546, 0.0, 0.0, 0.0, 1.0],
                [1.0, 0.0, 0.0, -5e-06, 0.0, 0.0, -1.0, 1.297087, 0.0, 1.0, 0.0, 0.688546, 0.0, 0.0, 0.0, 1.0],
                [1.0, 0.0, 0.0, -5e-06, 0.0, 0.0, -1.0, 1.297574, 0.0, 1.0, 0.0, 0.688546, 0.0, 0.0, 0.0, 1.0],
                [1.0, 0.0, 0.0, -5e-06, 0.0, 0.0, -1.0, 1.298056, 0.0, 1.0, 0.0, 0.688546, 0.0, 0.0, 0.0, 1.0],
                [1.0, 0.0, 0.0, -5e-06, 0.0, 0.0, -1.0, 1.29853, 0.0, 1.0, 0.0, 0.688546, 0.0, 0.0, 0.0, 1.0],
                [1.0, 0.0, 0.0, -5e-06, 0.0, 0.0, -1.0, 1.298994, 0.0, 1.0, 0.0, 0.688546, 0.0, 0.0, 0.0, 1.0],
                [1.0, 0.0, 0.0, -5e-06, 0.0, 0.0, -1.0, 1.299447, 0.0, 1.0, 0.0, 0.688546, 0.0, 0.0, 0.0, 1.0],
                [1.0, 0.0, 0.0, -5e-06, 0.0, 0.0, -1.0, 1.299886, 0.0, 1.0, 0.0, 0.688546, 0.0, 0.0, 0.0, 1.0],
                [1.0, 0.0, 0.0, -5e-06, 0.0, 0.0, -1.0, 1.300308, 0.0, 1.0, 0.0, 0.688546, 0.0, 0.0, 0.0, 1.0],
                [1.0, 0.0, 0.0, -5e-06, 0.0, 0.0, -1.0, 1.300712, 0.0, 1.0, 0.0, 0.688546, 0.0, 0.0, 0.0, 1.0],
                [1.0, 0.0, 0.0, -5e-06, 0.0, 0.0, -1.0, 1.301097, 0.0, 1.0, 0.0, 0.688546, 0.0, 0.0, 0.0, 1.0],
                [1.0, 0.0, 0.0, -5e-06, 0.0, 0.0, -1.0, 1.301458, 0.0, 1.0, 0.0, 0.688546, 0.0, 0.0, 0.0, 1.0],
                [1.0, 0.0, 0.0, -5e-06, 0.0, 0.0, -1.0, 1.301796, 0.0, 1.0, 0.0, 0.688546, 0.0, 0.0, 0.0, 1.0],
                [1.0, 0.0, 0.0, -5e-06, 0.0, 0.0, -1.0, 1.302107, 0.0, 1.0, 0.0, 0.688546, 0.0, 0.0, 0.0, 1.0],
                [1.0, 0.0, 0.0, -5e-06, 0.0, 0.0, -1.0, 1.302389, 0.0, 1.0, 0.0, 0.688546, 0.0, 0.0, 0.0, 1.0],
                [1.0, 0.0, 0.0, -5e-06, 0.0, 0.0, -1.0, 1.30264, 0.0, 1.0, 0.0, 0.688546, 0.0, 0.0, 0.0, 1.0],
                [1.0, 0.0, 0.0, -5e-06, 0.0, 0.0, -1.0, 1.302859, 0.0, 1.0, 0.0, 0.688546, 0.0, 0.0, 0.0, 1.0],
                [1.0, 0.0, 0.0, -5e-06, 0.0, 0.0, -1.0, 1.303042, 0.0, 1.0, 0.0, 0.688546, 0.0, 0.0, 0.0, 1.0],
                [1.0, 0.0, 0.0, -5e-06, 0.0, 0.0, -1.0, 1.303188, 0.0, 1.0, 0.0, 0.688546, 0.0, 0.0, 0.0, 1.0],
                [1.0, 0.0, 0.0, -5e-06, 0.0, 0.0, -1.0, 1.303296, 0.0, 1.0, 0.0, 0.688546, 0.0, 0.0, 0.0, 1.0],
                [1.0, 0.0, 0.0, -5e-06, 0.0, 0.0, -1.0, 1.303361, 0.0, 1.0, 0.0, 0.688546, 0.0, 0.0, 0.0, 1.0],
                [1.0, 0.0, 0.0, -5e-06, 0.0, 0.0, -1.0, 1.303384, 0.0, 1.0, 0.0, 0.688546, 0.0, 0.0, 0.0, 1.0],
                [1.0, 0.0, 0.0, -5e-06, 0.0, 0.0, -1.0, 1.302722, 0.0, 1.0, 0.0, 0.688701, 0.0, 0.0, 0.0, 1.0],
                [1.0, 0.0, 0.0, -5e-06, 0.0, 0.0, -1.0, 1.300772, 0.0, 1.0, 0.0, 0.689154, 0.0, 0.0, 0.0, 1.0],
                [1.0, 0.0, 0.0, -5e-06, 0.0, 0.0, -1.0, 1.297585, 0.0, 1.0, 0.0, 0.689886, 0.0, 0.0, 0.0, 1.0],
                [1.0, 0.0, 0.0, -5e-06, 0.0, 0.0, -1.0, 1.293211, 0.0, 1.0, 0.0, 0.69088, 0.0, 0.0, 0.0, 1.0],
                [1.0, 0.0, 0.0, -5e-06, 0.0, 0.0, -1.0, 1.287704, 0.0, 1.0, 0.0, 0.692115, 0.0, 0.0, 0.0, 1.0],
                [1.0, 0.0, 0.0, -5e-06, 0.0, 0.0, -1.0, 1.281114, 0.0, 1.0, 0.0, 0.693574, 0.0, 0.0, 0.0, 1.0],
                [1.0, 0.0, 0.0, -5e-06, 0.0, 0.0, -1.0, 1.273494, 0.0, 1.0, 0.0, 0.695237, 0.0, 0.0, 0.0, 1.0],
                [1.0, 0.0, 0.0, -5e-06, 0.0, 0.0, -1.0, 1.264894, 0.0, 1.0, 0.0, 0.697087, 0.0, 0.0, 0.0, 1.0],
                [1.0, 0.0, 0.0, -5e-06, 0.0, 0.0, -1.0, 1.255365, 0.0, 1.0, 0.0, 0.699105, 0.0, 0.0, 0.0, 1.0],
                [1.0, 0.0, 0.0, -5e-06, 0.0, 0.0, -1.0, 1.244961, 0.0, 1.0, 0.0, 0.701271, 0.0, 0.0, 0.0, 1.0],
                [1.0, 0.0, 0.0, -5e-06, 0.0, 0.0, -1.0, 1.233732, 0.0, 1.0, 0.0, 0.703568, 0.0, 0.0, 0.0, 1.0],
                [1.0, 0.0, 0.0, -5e-06, 0.0, 0.0, -1.0, 1.221729, 0.0, 1.0, 0.0, 0.705977, 0.0, 0.0, 0.0, 1.0],
                [1.0, 0.0, 0.0, -5e-06, 0.0, 0.0, -1.0, 1.209005, 0.0, 1.0, 0.0, 0.708478, 0.0, 0.0, 0.0, 1.0],
                [1.0, 0.0, 0.0, -5e-06, 0.0, 0.0, -1.0, 1.195611, 0.0, 1.0, 0.0, 0.711054, 0.0, 0.0, 0.0, 1.0],
                [1.0, 0.0, 0.0, -5e-06, 0.0, 0.0, -1.0, 1.181598, 0.0, 1.0, 0.0, 0.713686, 0.0, 0.0, 0.0, 1.0],
                [1.0, 0.0, 0.0, -5e-06, 0.0, 0.0, -1.0, 1.167018, 0.0, 1.0, 0.0, 0.716356, 0.0, 0.0, 0.0, 1.0],
                [1.0, 0.0, 0.0, -5e-06, 0.0, 0.0, -1.0, 1.151923, 0.0, 1.0, 0.0, 0.719044, 0.0, 0.0, 0.0, 1.0],
                [1.0, 0.0, 0.0, -5e-06, 0.0, 0.0, -1.0, 1.136363, 0.0, 1.0, 0.0, 0.721732, 0.0, 0.0, 0.0, 1.0],
                [1.0, 0.0, 0.0, -5e-06, 0.0, 0.0, -1.0, 1.120392, 0.0, 1.0, 0.0, 0.724401, 0.0, 0.0, 0.0, 1.0],
                [1.0, 0.0, 0.0, -5e-06, 0.0, 0.0, -1.0, 1.104059, 0.0, 1.0, 0.0, 0.727033, 0.0, 0.0, 0.0, 1.0],
                [1.0, 0.0, 0.0, -5e-06, 0.0, 0.0, -1.0, 1.087417, 0.0, 1.0, 0.0, 0.729609, 0.0, 0.0, 0.0, 1.0],
                [1.0, 0.0, 0.0, -5e-06, 0.0, 0.0, -1.0, 1.070518, 0.0, 1.0, 0.0, 0.732111, 0.0, 0.0, 0.0, 1.0],
                [1.0, 0.0, 0.0, -5e-06, 0.0, 0.0, -1.0, 1.053412, 0.0, 1.0, 0.0, 0.734519, 0.0, 0.0, 0.0, 1.0],
                [1.0, 0.0, 0.0, -5e-06, 0.0, 0.0, -1.0, 1.036151, 0.0, 1.0, 0.0, 0.736816, 0.0, 0.0, 0.0, 1.0],
                [1.0, 0.0, 0.0, -5e-06, 0.0, 0.0, -1.0, 1.018788, 0.0, 1.0, 0.0, 0.738983, 0.0, 0.0, 0.0, 1.0],
                [1.0, 0.0, 0.0, -5e-06, 0.0, 0.0, -1.0, 1.001372, 0.0, 1.0, 0.0, 0.741, 0.0, 0.0, 0.0, 1.0],
                [1.0, 0.0, 0.0, -5e-06, 0.0, 0.0, -1.0, 0.983957, 0.0, 1.0, 0.0, 0.74285, 0.0, 0.0, 0.0, 1.0],
                [1.0, 0.0, 0.0, -5e-06, 0.0, 0.0, -1.0, 0.966594, 0.0, 1.0, 0.0, 0.744514, 0.0, 0.0, 0.0, 1.0],
                [1.0, 0.0, 0.0, -5e-06, 0.0, 0.0, -1.0, 0.949333, 0.0, 1.0, 0.0, 0.745972, 0.0, 0.0, 0.0, 1.0],
                [1.0, 0.0, 0.0, -5e-06, 0.0, 0.0, -1.0, 0.932227, 0.0, 1.0, 0.0, 0.747208, 0.0, 0.0, 0.0, 1.0],
                [1.0, 0.0, 0.0, -5e-06, 0.0, 0.0, -1.0, 0.915328, 0.0, 1.0, 0.0, 0.748201, 0.0, 0.0, 0.0, 1.0],
                [1.0, 0.0, 0.0, -5e-06, 0.0, 0.0, -1.0, 0.898686, 0.0, 1.0, 0.0, 0.748933, 0.0, 0.0, 0.0, 1.0],
                [1.0, 0.0, 0.0, -5e-06, 0.0, 0.0, -1.0, 0.882353, 0.0, 1.0, 0.0, 0.749387, 0.0, 0.0, 0.0, 1.0],
                [1.0, 0.0, 0.0, -5e-06, 0.0, 0.0, -1.0, 0.866382, 0.0, 1.0, 0.0, 0.749542, 0.0, 0.0, 0.0, 1.0],
                [1.0, 0.0, 0.0, -5e-06, 0.0, 0.0, -1.0, 0.850822, 0.0, 1.0, 0.0, 0.749215, 0.0, 0.0, 0.0, 1.0],
                [1.0, 0.0, 0.0, -5e-06, 0.0, 0.0, -1.0, 0.835727, 0.0, 1.0, 0.0, 0.748285, 0.0, 0.0, 0.0, 1.0],
                [1.0, 0.0, 0.0, -5e-06, 0.0, 0.0, -1.0, 0.821147, 0.0, 1.0, 0.0, 0.746826, 0.0, 0.0, 0.0, 1.0],
                [1.0, 0.0, 0.0, -5e-06, 0.0, 0.0, -1.0, 0.807134, 0.0, 1.0, 0.0, 0.744915, 0.0, 0.0, 0.0, 1.0],
                [1.0, 0.0, 0.0, -5e-06, 0.0, 0.0, -1.0, 0.79374, 0.0, 1.0, 0.0, 0.742627, 0.0, 0.0, 0.0, 1.0],
                [1.0, 0.0, 0.0, -5e-06, 0.0, 0.0, -1.0, 0.781016, 0.0, 1.0, 0.0, 0.740038, 0.0, 0.0, 0.0, 1.0],
                [1.0, 0.0, 0.0, -5e-06, 0.0, 0.0, -1.0, 0.769013, 0.0, 1.0, 0.0, 0.737222, 0.0, 0.0, 0.0, 1.0],
                [1.0, 0.0, 0.0, -5e-06, 0.0, 0.0, -1.0, 0.757784, 0.0, 1.0, 0.0, 0.734255, 0.0, 0.0, 0.0, 1.0],
                [1.0, 0.0, 0.0, -5e-06, 0.0, 0.0, -1.0, 0.747379, 0.0, 1.0, 0.0, 0.731212, 0.0, 0.0, 0.0, 1.0],
                [1.0, 0.0, 0.0, -5e-06, 0.0, 0.0, -1.0, 0.737851, 0.0, 1.0, 0.0, 0.72817, 0.0, 0.0, 0.0, 1.0],
                [1.0, 0.0, 0.0, -5e-06, 0.0, 0.0, -1.0, 0.729251, 0.0, 1.0, 0.0, 0.725203, 0.0, 0.0, 0.0, 1.0],
                [1.0, 0.0, 0.0, -5e-06, 0.0, 0.0, -1.0, 0.721631, 0.0, 1.0, 0.0, 0.722387, 0.0, 0.0, 0.0, 1.0],
                [1.0, 0.0, 0.0, -5e-06, 0.0, 0.0, -1.0, 0.715041, 0.0, 1.0, 0.0, 0.719798, 0.0, 0.0, 0.0, 1.0],
                [1.0, 0.0, 0.0, -5e-06, 0.0, 0.0, -1.0, 0.709534, 0.0, 1.0, 0.0, 0.71751, 0.0, 0.0, 0.0, 1.0],
                [1.0, 0.0, 0.0, -5e-06, 0.0, 0.0, -1.0, 0.70516, 0.0, 1.0, 0.0, 0.715599, 0.0, 0.0, 0.0, 1.0],
                [1.0, 0.0, 0.0, -5e-06, 0.0, 0.0, -1.0, 0.701973, 0.0, 1.0, 0.0, 0.71414, 0.0, 0.0, 0.0, 1.0],
                [1.0, 0.0, 0.0, -5e-06, 0.0, 0.0, -1.0, 0.700023, 0.0, 1.0, 0.0, 0.71321, 0.0, 0.0, 0.0, 1.0],
                [1.0, 0.0, 0.0, -5e-06, 0.0, 0.0, -1.0, 0.699361, 0.0, 1.0, 0.0, 0.712883, 0.0, 0.0, 0.0, 1.0],
                [1.0, 0.0, 0.0, -5e-06, 0.0, 0.0, -1.0, 0.699361, 0.0, 1.0, 0.0, 0.712883, 0.0, 0.0, 0.0, 1.0],
                [1.0, 0.0, 0.0, -5e-06, 0.0, 0.0, -1.0, 0.699361, 0.0, 1.0, 0.0, 0.712883, 0.0, 0.0, 0.0, 1.0],
                [1.0, 0.0, 0.0, -5e-06, 0.0, 0.0, -1.0, 0.699361, 0.0, 1.0, 0.0, 0.712883, 0.0, 0.0, 0.0, 1.0],
                [1.0, 0.0, 0.0, -5e-06, 0.0, 0.0, -1.0, 0.699361, 0.0, 1.0, 0.0, 0.712883, 0.0, 0.0, 0.0, 1.0],
                [1.0, 0.0, 0.0, -5e-06, 0.0, 0.0, -1.0, 0.699361, 0.0, 1.0, 0.0, 0.712883, 0.0, 0.0, 0.0, 1.0],
                [1.0, 0.0, 0.0, -5e-06, 0.0, 0.0, -1.0, 0.699361, 0.0, 1.0, 0.0, 0.712883, 0.0, 0.0, 0.0, 1.0],
                [1.0, 0.0, 0.0, -5e-06, 0.0, 0.0, -1.0, 0.699361, 0.0, 1.0, 0.0, 0.712883, 0.0, 0.0, 0.0, 1.0],
                [1.0, 0.0, 0.0, -5e-06, 0.0, 0.0, -1.0, 0.699361, 0.0, 1.0, 0.0, 0.712883, 0.0, 0.0, 0.0, 1.0],
                [1.0, 0.0, 0.0, -5e-06, 0.0, 0.0, -1.0, 0.699361, 0.0, 1.0, 0.0, 0.712883, 0.0, 0.0, 0.0, 1.0],
                [1.0, 0.0, 0.0, -5e-06, 0.0, 0.0, -1.0, 0.699361, 0.0, 1.0, 0.0, 0.712883, 0.0, 0.0, 0.0, 1.0],
                [1.0, 0.0, 0.0, -5e-06, 0.0, 0.0, -1.0, 0.699361, 0.0, 1.0, 0.0, 0.712883, 0.0, 0.0, 0.0, 1.0],
                [1.0, 0.0, 0.0, -5e-06, 0.0, 0.0, -1.0, 0.699361, 0.0, 1.0, 0.0, 0.712883, 0.0, 0.0, 0.0, 1.0],
                [1.0, 0.0, 0.0, -5e-06, 0.0, 0.0, -1.0, 0.699361, 0.0, 1.0, 0.0, 0.712883, 0.0, 0.0, 0.0, 1.0],
                [1.0, 0.0, 0.0, -5e-06, 0.0, 0.0, -1.0, 0.699361, 0.0, 1.0, 0.0, 0.712883, 0.0, 0.0, 0.0, 1.0],
                [1.0, 0.0, 0.0, -5e-06, 0.0, 0.0, -1.0, 0.699361, 0.0, 1.0, 0.0, 0.712883, 0.0, 0.0, 0.0, 1.0]
            ]
        },
        {
            "name": "Thigh_R",
            "time": [0.0, 0.0167, 0.0333, 0.05, 0.0667, 0.0833, 0.1, 0.1167, 0.1333, 0.15, 0.1667, 0.1833, 0.2, 0.2167, 0.2333, 0.25, 0.2667, 0.2833, 0.3, 0.3167, 0.3333, 0.35, 0.3667, 0.3833, 0.4, 0.4167, 0.4333, 0.45, 0.4667, 0.4833, 0.5, 0.5167, 0.5333, 0.55, 0.5667, 0.5833, 0.6, 0.6167, 0.6333, 0.65, 0.6667, 0.6833, 0.7, 0.7167, 0.7333, 0.75, 0.7667, 0.7833, 0.8, 0.8167, 0.8333, 0.85, 0.8667, 0.8833, 0.9, 0.9167, 0.9333, 0.95, 0.9667, 0.9833, 1.0, 1.0167, 1.0333, 1.05, 1.0667, 1.0833, 1.1, 1.1167, 1.1333, 1.15, 1.1667, 1.1833, 1.2, 1.2167, 1.2333, 1.25, 1.2667, 1.2833, 1.3, 1.3167, 1.3333, 1.35, 1.3667, 1.3833, 1.4, 1.4167, 1.4333, 1.45, 1.4667, 1.4833, 1.5, 1.5167, 1.5333, 1.55, 1.5667, 1.5833, 1.6, 1.6167, 1.6333, 1.65, 1.6667, 1.6833, 1.7, 1.7167, 1.7333, 1.75, 1.7667, 1.7833, 1.8, 1.8167, 1.8333, 1.85, 1.8667, 1.8833, 1.9, 1.9167, 1.9333, 1.95, 1.9667, 1.9833, 2.0, 2.0167, 2.0333, 2.05, 2.0667, 2.0833, 2.1, 2.1167, 2.1333, 2.15, 2.1667, 2.1833, 2.2, 2.2167, 2.2333, 2.25, 2.2667, 2.2833, 2.3, 2.3167, 2.3333, 2.35, 2.3667, 2.3833, 2.4, 2.4167, 2.4333, 2.45, 2.4667, 2.4833, 2.5],
            "transform": [
                [0.991118, 0.008246, -0.13273, 0.124994, 0.100831, -0.697355, 0.709597, -0.002831, -0.086708, -0.716678, -0.691993, -1.2e-05, 0.0, 0.0, 0.0, 1.0],
                [0.991233, 0.009733, -0.13177, 0.124974, 0.099923, -0.70772, 0.69939, -0.002831, -0.086449, -0.706426, -0.702488, -0.000127, 0.0, 0.0, 0.0, 1.0],
                [0.991558, 0.013855, -0.128924, 0.124914, 0.097352, -0.736307, 0.669608, -0.002831, -0.08565, -0.676506, -0.731439, -0.000464, 0.0, 0.0, 0.0, 1.0],
                [0.992067, 0.020035, -0.124105, 0.124818, 0.093354, -0.778587, 0.620554, -0.002831, -0.084193, -0.627216, -0.774281, -0.001008, 0.0, 0.0, 0.0, 1.0],
                [0.992729, 0.027589, -0.117165, 0.124689, 0.088206, -0.829074, 0.552137, -0.002831, -0.081905, -0.558457, -0.82548, -0.001744, 0.0, 0.0, 0.0, 1.0],
                [0.993506, 0.035722, -0.108023, 0.124527, 0.082247, -0.881521, 0.464926, -0.002831, -0.078616, -0.470792, -0.878735, -0.002659, 0.0, 0.0, 0.0, 1.0],
                [0.994351, 0.043576, -0.096788, 0.124337, 0.075875, -0.92946, 0.361035, -0.002831, -0.074228, -0.36634, -0.927516, -0.003738, 0.0, 0.0, 0.0, 1.0],
                [0.995208, 0.050329, -0.083838, 0.12412, 0.069516, -0.967123, 0.244622, -0.002831, -0.06877, -0.249278, -0.965987, -0.004967, 0.0, 0.0, 0.0, 1.0],
                [0.996023, 0.055332, -0.069831, 0.12388, 0.063562, -0.990523, 0.121749, -0.002831, -0.062433, -0.125703, -0.990101, -0.006331, 0.0, 0.0, 0.0, 1.0],
                [0.996753, 0.058229, -0.05562, 0.123618, 0.058296, -0.998299, -0.000413, -0.002831, -0.055549, -0.002831, -0.998452, -0.007817, 0.0, 0.0, 0.0, 1.0],
                [0.997368, 0.059013, -0.042114, 0.123337, 0.053846, -0.991934, -0.114751, -0.002831, -0.048546, 0.112182, -0.992501, -0.00941, 0.0, 0.0, 0.0, 1.0],
                [0.997863, 0.057981, -0.030138, 0.12304, 0.050166, -0.975266, -0.215264, -0.002831, -0.041874, 0.213292, -0.976091, -0.011096, 0.0, 0.0, 0.0, 1.0],
                [0.998244, 0.05563, -0.020338, 0.122728, 0.047075, -0.953532, -0.297589, -0.002831, -0.035947, 0.296109, -0.954477, -0.01286, 0.0, 0.0, 0.0, 1.0],
                [0.998533, 0.052521, -0.013169, 0.122406, 0.044305, -0.932331, -0.35888, -0.002831, -0.031126, 0.35777, -0.933291, -0.014689, 0.0, 0.0, 0.0, 1.0],
                [0.998751, 0.049159, -0.008947, 0.122075, 0.041567, -0.916798, -0.397181, -0.002831, -0.027727, 0.396313, -0.917697, -0.016567, 0.0, 0.0, 0.0, 1.0],
                [0.998915, 0.045898, -0.00793, 0.121737, 0.038601, -0.911033, -0.410521, -0.002831, -0.026067, 0.409769, -0.911817, -0.018481, 0.0, 0.0, 0.0, 1.0],
                [0.999022, 0.04255, -0.012021, 0.121396, 0.034137, -0.915042, -0.401911, -0.002831, -0.028101, 0.401107, -0.9156, -0.020417, 0.0, 0.0, 0.0, 1.0],
                [0.999003, 0.038624, -0.022401, 0.121053, 0.02734, -0.925803, -0.377016, -0.002831, -0.035301, 0.376027, -0.925936, -0.022359, 0.0, 0.0, 0.0, 1.0],
                [0.998699, 0.033677, -0.038293, 0.120712, 0.018825, -0.941349, -0.336909, -0.002831, -0.047393, 0.335749, -0.940758, -0.024295, 0.0, 0.0, 0.0, 1.0],
                [0.997897, 0.027101, -0.058883, 0.120375, 0.00938, -0.959219, -0.282506, -0.002831, -0.064138, 0.28136, -0.957457, -0.026209, 0.0, 0.0, 0.0, 1.0],
                [0.996362, 0.01824, -0.083252, 0.120043, -8e-05, -0.97663, -0.214926, -0.002831, -0.085227, 0.21415, -0.973076, -0.028088, 0.0, 0.0, 0.0, 1.0],
                [0.993875, 0.006511, -0.110319, 0.119721, -0.008582, -0.9907, -0.13579, -0.002831, -0.110177, 0.135905, -0.984577, -0.029916, 0.0, 0.0, 0.0, 1.0],
                [0.990278, -0.008469, -0.138842, 0.11941, -0.015191, -0.998759, -0.047428, -0.002831, -0.138268, 0.049076, -0.989178, -0.03168, 0.0, 0.0, 0.0, 1.0],
                [0.985511, -0.026776, -0.167484, 0.119113, -0.019133, -0.998707, 0.047088, -0.002831, -0.168528, -0.043201, -0.98475, -0.033366, 0.0, 0.0, 0.0, 1.0],
                [0.979639, -0.048107, -0.194919, 0.118832, -0.019913, -0.989362, 0.144101, -0.002831, -0.199778, -0.137286, -0.970176, -0.034959, 0.0, 0.0, 0.0, 1.0],
                [0.972859, -0.071773, -0.219986, 0.11857, -0.01741, -0.970689, 0.239708, -0.002831, -0.230743, -0.229372, -0.945593, -0.036445, 0.0, 0.0, 0.0, 1.0],
                [0.965484, -0.09677, -0.241819, 0.118329, -0.011902, -0.943841, 0.330185, -0.002831, -0.26019, -0.31591, -0.912415, -0.037809, 0.0, 0.0, 0.0, 1.0],
                [0.957903, -0.121897, -0.259929, 0.118113, -0.004026, -0.910999, 0.412388, -0.002831, -0.287064, -0.393981, -0.87314, -0.039038, 0.0, 0.0, 0.0, 1.0],
                [0.950535, -0.145898, -0.274219, 0.117922, 0.005317, -0.875051, 0.484001, -0.002831, -0.310571, -0.461518, -0.830991, -0.040117, 0.0, 0.0, 0.0, 1.0],
                [0.94379, -0.167577, -0.284917, 0.117761, 0.015093, -0.839215, 0.543589, -0.002831, -0.3302, -0.517335, -0.789514, -0.041032, 0.0, 0.0, 0.0, 1.0],
                [0.938038, -0.185875, -0.292464, 0.117631, 0.02424, -0.80671, 0.59045, -0.002831, -0.345683, -0.560954, -0.752219, -0.041769, 0.0, 0.0, 0.0, 1.0],
                [0.933601, -0.19988, -0.297384, 0.117535, 0.031765, -0.780514, 0.62433, -0.002831, -0.356904, -0.592322, -0.72234, -0.042312, 0.0, 0.0, 0.0, 1.0],
                [0.930758, -0.208807, -0.30015, 0.117476, 0.036794, -0.763242, 0.645064, -0.002831, -0.363781, -0.611442, -0.702711, -0.042649, 0.0, 0.0, 0.0, 1.0],
                [0.929757, -0.211937, -0.301055, 0.117456, 0.038601, -0.757078, 0.652183, -0.002831, -0.366144, -0.617993, -0.695718, -0.042764, 0.0, 0.0, 0.0, 1.0],
                [0.929757, -0.211937, -0.301055, 0.117456, 0.038601, -0.757078, 0.652183, -0.002831, -0.366144, -0.617993, -0.695718, -0.042764, 0.0, 0.0, 0.0, 1.0],
                [0.929757, -0.211937, -0.301055, 0.117456, 0.038601, -0.757078, 0.652183, -0.002831, -0.366144, -0.617993, -0.695718, -0.042764, 0.0, 0.0, 0.0, 1.0],
                [0.929757, -0.211937, -0.301055, 0.117456, 0.038601, -0.757078, 0.652183, -0.002831, -0.366144, -0.617993, -0.695718, -0.042764, 0.0, 0.0, 0.0, 1.0],
                [0.929757, -0.211937, -0.301055, 0.117456, 0.038601, -0.757078, 0.652183, -0.002831, -0.366144, -0.617993, -0.695718, -0.042764, 0.0, 0.0, 0.0, 1.0],
                [0.929757, -0.211937, -0.301055, 0.117456, 0.038601, -0.757078, 0.652183, -0.002831, -0.366144, -0.617993, -0.695718, -0.042764, 0.0, 0.0, 0.0, 1.0],
                [0.929757, -0.211937, -0.301055, 0.117456, 0.038601, -0.757078, 0.652183, -0.002831, -0.366144, -0.617993, -0.695718, -0.042764, 0.0, 0.0, 0.0, 1.0],
                [0.929757, -0.211937, -0.301055, 0.117456, 0.038601, -0.757078, 0.652183, -0.002831, -0.366144, -0.617993, -0.695718, -0.042764, 0.0, 0.0, 0.0, 1.0],
                [0.929757, -0.211937, -0.301055, 0.117456, 0.038601, -0.757078, 0.652183, -0.002831, -0.366144, -0.617993, -0.695718, -0.042764, 0.0, 0.0, 0.0, 1.0],
                [0.929757, -0.211937, -0.301055, 0.117456, 0.038601, -0.757078, 0.652183, -0.002831, -0.366144, -0.617993, -0.695718, -0.042764, 0.0, 0.0, 0.0, 1.0],
                [0.929757, -0.211937, -0.301055, 0.117456, 0.038601, -0.757078, 0.652183, -0.002831, -0.366144, -0.617993, -0.695718, -0.042764, 0.0, 0.0, 0.0, 1.0],
                [0.929757, -0.211937, -0.301055, 0.117456, 0.038601, -0.757078, 0.652183, -0.002831, -0.366144, -0.617993, -0.695718, -0.042764, 0.0, 0.0, 0.0, 1.0],
                [0.929757, -0.211937, -0.301055, 0.117456, 0.038601, -0.757078, 0.652183, -0.002831, -0.366144, -0.617993, -0.695718, -0.042764, 0.0, 0.0, 0.0, 1.0],
                [0.929757, -0.211937, -0.301055, 0.117456, 0.038601, -0.757078, 0.652183, -0.002831, -0.366144, -0.617993, -0.695718, -0.042764, 0.0, 0.0, 0.0, 1.0],
                [0.929757, -0.211937, -0.301055, 0.117456, 0.038601, -0.757078, 0.652183, -0.002831, -0.366144, -0.617993, -0.695718, -0.042764, 0.0, 0.0, 0.0, 1.0],
                [0.929757, -0.211937, -0.301055, 0.117456, 0.038601, -0.757078, 0.652183, -0.002831, -0.366144, -0.617993, -0.695718, -0.042764, 0.0, 0.0, 0.0, 1.0],
                [0.929757, -0.211937, -0.301055, 0.117456, 0.038601, -0.757078, 0.652183, -0.002831, -0.366144, -0.617993, -0.695718, -0.042764, 0.0, 0.0, 0.0, 1.0],
                [0.929757, -0.211937, -0.301055, 0.117456, 0.038601, -0.757078, 0.652183, -0.002831, -0.366144, -0.617993, -0.695718, -0.042764, 0.0, 0.0, 0.0, 1.0],
                [0.929757, -0.211937, -0.301055, 0.117456, 0.038601, -0.757078, 0.652183, -0.002831, -0.366144, -0.617993, -0.695718, -0.042764, 0.0, 0.0, 0.0, 1.0],
                [0.929757, -0.211937, -0.301055, 0.117456, 0.038601, -0.757078, 0.652183, -0.002831, -0.366144, -0.617993, -0.695718, -0.042764, 0.0, 0.0, 0.0, 1.0],
                [0.929757, -0.211937, -0.301055, 0.117456, 0.038601, -0.757078, 0.652183, -0.002831, -0.366144, -0.617993, -0.695718, -0.042764, 0.0, 0.0, 0.0, 1.0],
                [0.929757, -0.211937, -0.301055, 0.117456, 0.038601, -0.757078, 0.652183, -0.002831, -0.366144, -0.617993, -0.695718, -0.042764, 0.0, 0.0, 0.0, 1.0],
                [0.929757, -0.211937, -0.301055, 0.117456, 0.038601, -0.757078, 0.652183, -0.002831, -0.366144, -0.617993, -0.695718, -0.042764, 0.0, 0.0, 0.0, 1.0],
                [0.929757, -0.211937, -0.301055, 0.117456, 0.038601, -0.757078, 0.652183, -0.002831, -0.366144, -0.617993, -0.695718, -0.042764, 0.0, 0.0, 0.0, 1.0],
                [0.929757, -0.211937, -0.301055, 0.117456, 0.038601, -0.757078, 0.652183, -0.002831, -0.366144, -0.617993, -0.695718, -0.042764, 0.0, 0.0, 0.0, 1.0],
                [0.929757, -0.211937, -0.301055, 0.117456, 0.038601, -0.757078, 0.652183, -0.002831, -0.366144, -0.617993, -0.695718, -0.042764, 0.0, 0.0, 0.0, 1.0],
                [0.929757, -0.211937, -0.301055, 0.117456, 0.038601, -0.757078, 0.652183, -0.002831, -0.366144, -0.617993, -0.695718, -0.042764, 0.0, 0.0, 0.0, 1.0],
                [0.929757, -0.211937, -0.301055, 0.117456, 0.038601, -0.757078, 0.652183, -0.002831, -0.366144, -0.617993, -0.695718, -0.042764, 0.0, 0.0, 0.0, 1.0],
                [0.929757, -0.211937, -0.301055, 0.117456, 0.038601, -0.757078, 0.652183, -0.002831, -0.366144, -0.617993, -0.695718, -0.042764, 0.0, 0.0, 0.0, 1.0],
                [0.929757, -0.211937, -0.301055, 0.117456, 0.038601, -0.757078, 0.652183, -0.002831, -0.366144, -0.617993, -0.695718, -0.042764, 0.0, 0.0, 0.0, 1.0],
                [0.929757, -0.211937, -0.301055, 0.117456, 0.038601, -0.757078, 0.652183, -0.002831, -0.366144, -0.617993, -0.695718, -0.042764, 0.0, 0.0, 0.0, 1.0],
                [0.929757, -0.211937, -0.301055, 0.117456, 0.038601, -0.757078, 0.652183, -0.002831, -0.366144, -0.617993, -0.695718, -0.042764, 0.0, 0.0, 0.0, 1.0],
                [0.929757, -0.211937, -0.301055, 0.117456, 0.038601, -0.757078, 0.652183, -0.002831, -0.366144, -0.617993, -0.695718, -0.042764, 0.0, 0.0, 0.0, 1.0],
                [0.929757, -0.211937, -0.301055, 0.117456, 0.038601, -0.757078, 0.652183, -0.002831, -0.366144, -0.617993, -0.695718, -0.042764, 0.0, 0.0, 0.0, 1.0],
                [0.929757, -0.211937, -0.301055, 0.117456, 0.038601, -0.757078, 0.652183, -0.002831, -0.366144, -0.617993, -0.695718, -0.042764, 0.0, 0.0, 0.0, 1.0],
                [0.929757, -0.211937, -0.301055, 0.117456, 0.038601, -0.757078, 0.652183, -0.002831, -0.366144, -0.617993, -0.695718, -0.042764, 0.0, 0.0, 0.0, 1.0],
                [0.929757, -0.211937, -0.301055, 0.117456, 0.038601, -0.757078, 0.652183, -0.002831, -0.366144, -0.617993, -0.695718, -0.042764, 0.0, 0.0, 0.0, 1.0],
                [0.929757, -0.211937, -0.301055, 0.117456, 0.038601, -0.757078, 0.652183, -0.002831, -0.366144, -0.617993, -0.695718, -0.042764, 0.0, 0.0, 0.0, 1.0],
                [0.929757, -0.211937, -0.301055, 0.117456, 0.038601, -0.757078, 0.652183, -0.002831, -0.366144, -0.617993, -0.695718, -0.042764, 0.0, 0.0, 0.0, 1.0],
                [0.929757, -0.211937, -0.301055, 0.117456, 0.038601, -0.757078, 0.652183, -0.002831, -0.366144, -0.617993, -0.695718, -0.042764, 0.0, 0.0, 0.0, 1.0],
                [0.929757, -0.211937, -0.301055, 0.117456, 0.038601, -0.757078, 0.652183, -0.002831, -0.366144, -0.617993, -0.695718, -0.042764, 0.0, 0.0, 0.0, 1.0],
                [0.929757, -0.211937, -0.301055, 0.117456, 0.038601, -0.757078, 0.652183, -0.002831, -0.366144, -0.617993, -0.695718, -0.042764, 0.0, 0.0, 0.0, 1.0],
                [0.929757, -0.211937, -0.301055, 0.117456, 0.038601, -0.757078, 0.652183, -0.002831, -0.366144, -0.617993, -0.695718, -0.042764, 0.0, 0.0, 0.0, 1.0],
                [0.929757, -0.211937, -0.301055, 0.117456, 0.038601, -0.757078, 0.652183, -0.002831, -0.366144, -0.617993, -0.695718, -0.042764, 0.0, 0.0, 0.0, 1.0],
                [0.929757, -0.211937, -0.301055, 0.117456, 0.038601, -0.757078, 0.652183, -0.002831, -0.366144, -0.617993, -0.695718, -0.042764, 0.0, 0.0, 0.0, 1.0],
                [0.929757, -0.211937, -0.301055, 0.117456, 0.038601, -0.757078, 0.652183, -0.002831, -0.366144, -0.617993, -0.695718, -0.042764, 0.0, 0.0, 0.0, 1.0],
                [0.929757, -0.211937, -0.301055, 0.117456, 0.038601, -0.757078, 0.652183, -0.002831, -0.366144, -0.617993, -0.695718, -0.042764, 0.0, 0.0, 0.0, 1.0],
                [0.929757, -0.211937, -0.301055, 0.117456, 0.038601, -0.757078, 0.652183, -0.002831, -0.366144, -0.617993, -0.695718, -0.042764, 0.0, 0.0, 0.0, 1.0],
                [0.929757, -0.211937, -0.301055, 0.117456, 0.038601, -0.757078, 0.652183, -0.002831, -0.366144, -0.617993, -0.695718, -0.042764, 0.0, 0.0, 0.0, 1.0],
                [0.929757, -0.211937, -0.301055, 0.117456, 0.038601, -0.757078, 0.652183, -0.002831, -0.366144, -0.617993, -0.695718, -0.042764, 0.0, 0.0, 0.0, 1.0],
                [0.929757, -0.211937, -0.301055, 0.117456, 0.038601, -0.757078, 0.652183, -0.002831, -0.366144, -0.617993, -0.695718, -0.042764, 0.0, 0.0, 0.0, 1.0],
                [0.929834, -0.211582, -0.301069, 0.11746, 0.038476, -0.75778, 0.651374, -0.002831, -0.365963, -0.617254, -0.696469, -0.042736, 0.0, 0.0, 0.0, 1.0],
                [0.930059, -0.210532, -0.301109, 0.117475, 0.038108, -0.759847, 0.648984, -0.002831, -0.365429, -0.615068, -0.69868, -0.042652, 0.0, 0.0, 0.0, 1.0],
                [0.930427, -0.208815, -0.301167, 0.1175, 0.03751, -0.763213, 0.645057, -0.002831, -0.364552, -0.611476, -0.702282, -0.042515, 0.0, 0.0, 0.0, 1.0],
                [0.930933, -0.206454, -0.301231, 0.117533, 0.036695, -0.767805, 0.639631, -0.002831, -0.363341, -0.606508, -0.707199, -0.042325, 0.0, 0.0, 0.0, 1.0],
                [0.931571, -0.203473, -0.301287, 0.117575, 0.035681, -0.773546, 0.632735, -0.002831, -0.361804, -0.600188, -0.713353, -0.042086, 0.0, 0.0, 0.0, 1.0],
                [0.932335, -0.199897, -0.301317, 0.117626, 0.034483, -0.780351, 0.62439, -0.002831, -0.359947, -0.592532, -0.720656, -0.041797, 0.0, 0.0, 0.0, 1.0],
                [0.93322, -0.195748, -0.301301, 0.117685, 0.033121, -0.788131, 0.614615, -0.002831, -0.357775, -0.583551, -0.729017, -0.041462, 0.0, 0.0, 0.0, 1.0],
                [0.934221, -0.19105, -0.301217, 0.117752, 0.031614, -0.796793, 0.603425, -0.002831, -0.355292, -0.573255, -0.738341, -0.041081, 0.0, 0.0, 0.0, 1.0],
                [0.93533, -0.185827, -0.301042, 0.117827, 0.029983, -0.806237, 0.590832, -0.002831, -0.352503, -0.561649, -0.748526, -0.040657, 0.0, 0.0, 0.0, 1.0],
                [0.936543, -0.180105, -0.30075, 0.117909, 0.02825, -0.816361, 0.57685, -0.002831, -0.349414, -0.548741, -0.759469, -0.040191, 0.0, 0.0, 0.0, 1.0],
                [0.937852, -0.173909, -0.300316, 0.117998, 0.026436, -0.827058, 0.561494, -0.002831, -0.346028, -0.534537, -0.771061, -0.039686, 0.0, 0.0, 0.0, 1.0],
                [0.939251, -0.167268, -0.299715, 0.118094, 0.024564, -0.838218, 0.544782, -0.002831, -0.342351, -0.51905, -0.783188, -0.039141, 0.0, 0.0, 0.0, 1.0],
                [0.940733, -0.160212, -0.298922, 0.118197, 0.022659, -0.849727, 0.526736, -0.002831, -0.338391, -0.502291, -0.795735, -0.03856, 0.0, 0.0, 0.0, 1.0],
                [0.94229, -0.152771, -0.29791, 0.118305, 0.020744, -0.861471, 0.507383, -0.002831, -0.334154, -0.484282, -0.808586, -0.037944, 0.0, 0.0, 0.0, 1.0],
                [0.943915, -0.144979, -0.296657, 0.11842, 0.018842, -0.873333, 0.486758, -0.002831, -0.32965, -0.465048, -0.821621, -0.037295, 0.0, 0.0, 0.0, 1.0],
                [0.945599, -0.136871, -0.295141, 0.11854, 0.016978, -0.885199, 0.464903, -0.002831, -0.32489, -0.444623, -0.83472, -0.036614, 0.0, 0.0, 0.0, 1.0],
                [0.947334, -0.128485, -0.293342, 0.118665, 0.015173, -0.896952, 0.441868, -0.002831, -0.319887, -0.423047, -0.847764, -0.035904, 0.0, 0.0, 0.0, 1.0],
                [0.949111, -0.119858, -0.291241, 0.118795, 0.01345, -0.90848, 0.417712, -0.002831, -0.314653, -0.400372, -0.860637, -0.035165, 0.0, 0.0, 0.0, 1.0],
                [0.950921, -0.111034, -0.288826, 0.11893, 0.011831, -0.919674, 0.392504, -0.002831, -0.309207, -0.376658, -0.873224, -0.0344, 0.0, 0.0, 0.0, 1.0],
                [0.952755, -0.102052, -0.286084, 0.11907, 0.010336, -0.93043, 0.366323, -0.002831, -0.303565, -0.351973, -0.885417, -0.03361, 0.0, 0.0, 0.0, 1.0],
                [0.954602, -0.092957, -0.283009, 0.119213, 0.008981, -0.94065, 0.339258, -0.002831, -0.297749, -0.326398, -0.897112, -0.032797, 0.0, 0.0, 0.0, 1.0],
                [0.956454, -0.083792, -0.279598, 0.11936, 0.007784, -0.950245, 0.311406, -0.002831, -0.29178, -0.300022, -0.908213, -0.031963, 0.0, 0.0, 0.0, 1.0],
                [0.958301, -0.074602, -0.275851, 0.119511, 0.006759, -0.959134, 0.282872, -0.002831, -0.285681, -0.272941, -0.918635, -0.031109, 0.0, 0.0, 0.0, 1.0],
                [0.960134, -0.065431, -0.271775, 0.119664, 0.005917, -0.967246, 0.253772, -0.002831, -0.279478, -0.245263, -0.928299, -0.030237, 0.0, 0.0, 0.0, 1.0],
                [0.961944, -0.056322, -0.267379, 0.119821, 0.005267, -0.974523, 0.224225, -0.002831, -0.273196, -0.2171, -0.93714, -0.029349, 0.0, 0.0, 0.0, 1.0],
                [0.963722, -0.047318, -0.262679, 0.11998, 0.004814, -0.980918, 0.19436, -0.002831, -0.266864, -0.188573, -0.945105, -0.028447, 0.0, 0.0, 0.0, 1.0],
                [0.965461, -0.038459, -0.257694, 0.120141, 0.004563, -0.986399, 0.164306, -0.002831, -0.260508, -0.159807, -0.952154, -0.027532, 0.0, 0.0, 0.0, 1.0],
                [0.967152, -0.029783, -0.252447, 0.120305, 0.004513, -0.990944, 0.134197, -0.002831, -0.254158, -0.130928, -0.95826, -0.026605, 0.0, 0.0, 0.0, 1.0],
                [0.96879, -0.021327, -0.246965, 0.12047, 0.004661, -0.994548, 0.104169, -0.002831, -0.24784, -0.102069, -0.963409, -0.025669, 0.0, 0.0, 0.0, 1.0],
                [0.970367, -0.013123, -0.241279, 0.120636, 0.005002, -0.997219, 0.074356, -0.002831, -0.241584, -0.073359, -0.967603, -0.024726, 0.0, 0.0, 0.0, 1.0],
                [0.971879, -0.005202, -0.235424, 0.120804, 0.005527, -0.998976, 0.044891, -0.002831, -0.235416, -0.04493, -0.970856, -0.023777, 0.0, 0.0, 0.0, 1.0],
                [0.973321, 0.002411, -0.229435, 0.120972, 0.006226, -0.999854, 0.015903, -0.002831, -0.229364, -0.016908, -0.973194, -0.022823, 0.0, 0.0, 0.0, 1.0],
                [0.974689, 0.009693, -0.223353, 0.12114, 0.007084, -0.999897, -0.01248, -0.002831, -0.223451, 0.010582, -0.974658, -0.021867, 0.0, 0.0, 0.0, 1.0],
                [0.975981, 0.016626, -0.217218, 0.121309, 0.008087, -0.999161, -0.040141, -0.002831, -0.217703, 0.03742, -0.975297, -0.02091, 0.0, 0.0, 0.0, 1.0],
                [0.977195, 0.023192, -0.211072, 0.121478, 0.009215, -0.997713, -0.066964, -0.002831, -0.212142, 0.063492, -0.975174, -0.019953, 0.0, 0.0, 0.0, 1.0],
                [0.97833, 0.029383, -0.204957, 0.121646, 0.010452, -0.995626, -0.092843, -0.002831, -0.206789, 0.088689, -0.974358, -0.019, 0.0, 0.0, 0.0, 1.0],
                [0.979384, 0.035187, -0.198918, 0.121813, 0.011775, -0.992982, -0.117678, -0.002831, -0.201663, 0.11291, -0.972925, -0.01805, 0.0, 0.0, 0.0, 1.0],
                [0.980359, 0.040602, -0.192996, 0.12198, 0.013164, -0.989868, -0.141378, -0.002831, -0.196781, 0.13606, -0.970961, -0.017107, 0.0, 0.0, 0.0, 1.0],
                [0.981255, 0.045624, -0.187236, 0.122145, 0.014596, -0.986376, -0.163857, -0.002831, -0.192161, 0.158053, -0.968552, -0.016171, 0.0, 0.0, 0.0, 1.0],
                [0.982073, 0.050254, -0.181678, 0.122308, 0.01605, -0.9826, -0.185039, -0.002831, -0.187815, 0.178806, -0.965792, -0.015245, 0.0, 0.0, 0.0, 1.0],
