{
    "armature": {
        "joints": ["Root", "Thigh_R", "Leg_R", "Knee_R", "Thigh_L", "Leg_L", "Knee_L", "Torso", "Chest", "Head", "Shoulder_R", "Arm_R", "Hand_R", "Tool_R", "Elbow_R", "Shoulder_L", "Arm_L", "Hand_L", "Tool_L", "Elbow_L"],
        "hierarchy": [
            {
                "name": "Root",
                "transform": [1.0, 0.0, 0.0, -5e-06, 0.0, 0.0, -1.0, 0.000946, 0.0, 1.0, 0.0, 0.763972, 0.0, 0.0, 0.0, 1.0],
                "children": [
                    {
                        "name": "Thigh_R",
                        "transform": [1.0, -0.0, -0.0, 0.124994, -0.0, -1.0, 0.0, -0.002831, -0.0, -0.0, -1.0, -1.2e-05, 0.0, 0.0, 0.0, 1.0],
                        "children": [
                            {
                                "name": "Leg_R",
                                "transform": [1.0, 0.0, 1e-06, 0.0, -0.0, 1.0, 0.0, 0.37472, -1e-06, -0.0, 1.0, -0.0, 0.0, 0.0, 0.0, 1.0],
                                "children": []
                            },
                            {
                                "name": "Knee_R",
                                "transform": [1.0, 0.0, -0.0, 0.0, -0.0, 0.0, -1.0, 0.37472, -0.0, 1.0, 0.0, -0.0, 0.0, 0.0, 0.0, 1.0],
                                "children": []
                            }
                        ]
                    },
                    {
                        "name": "Thigh_L",
                        "transform": [1.0, -0.0, -0.0, -0.125006, -0.0, -1.0, 0.0, -0.002831, -0.0, -0.0, -1.0, -1.2e-05, 0.0, 0.0, 0.0, 1.0],
                        "children": [
                            {
                                "name": "Leg_L",
                                "transform": [1.0, 0.0, 1e-06, -0.0, -0.0, 1.0, 0.0, 0.37472, -1e-06, -0.0, 1.0, 0.0, 0.0, 0.0, 0.0, 1.0],
                                "children": []
                            },
                            {
                                "name": "Knee_L",
                                "transform": [1.0, 0.0, -0.0, -0.0, -0.0, 0.0, -1.0, 0.37472, -0.0, 1.0, 0.0, 0.0, 0.0, 0.0, 0.0, 1.0],
                                "children": []
                            }
                        ]
                    },
                    {
                        "name": "Torso",
                        "transform": [1.0, 0.0, 0.0, 0.0, 0.0, 1.0, 0.0, 0.05, 0.0, 0.0, 1.0, 0.0, 0.0, 0.0, 0.0, 1.0],
                        "children": [
                            {
                                "name": "Chest",
                                "transform": [1.0, 0.0, 0.0, 0.0, 0.0, 1.0, 0.0, 0.3, 0.0, 0.0, 1.0, 0.0, 0.0, 0.0, 0.0, 1.0],
                                "children": [
                                    {
                                        "name": "Head",
                                        "transform": [1.0, 0.0, 0.0, 0.0, 0.0, 1.0, 0.0, 0.4, 0.0, 0.0, 1.0, 0.0, 0.0, 0.0, 0.0, 1.0],
                                        "children": []
                                    },
                                    {
                                        "name": "Shoulder_R",
                                        "transform": [0.0, 0.952114, 0.305743, 0.0, 0.0, -0.305743, 0.952114, 0.4, 1.0, 0.0, -0.0, 0.0, 0.0, 0.0, 0.0, 1.0],
                                        "children": [
                                            {
                                                "name": "Arm_R",
                                                "transform": [0.0, -0.0, -1.0, -0.0, 0.952114, 0.305743, 0.0, 0.39386, 0.305743, -0.952114, 0.0, 0.0, 0.0, 0.0, 0.0, 1.0],
                                                "children": [
                                                    {
                                                        "name": "Hand_R",
                                                        "transform": [1.0, 0.0, 0.0, 0.0, -0.0, 0.993938, 0.109947, 0.3, -0.0, -0.109947, 0.993937, 0.0, 0.0, 0.0, 0.0, 1.0],
                                                        "children": [
                                                            {
                                                                "name": "Tool_R",
                                                                "transform": [1.0, 0.0, 0.0, -0.0, 0.0, -0.999836, 0.018122, 0.272858, 0.0, -0.018122, -0.999836, 0.0, 0.0, 0.0, 0.0, 1.0],
                                                                "children": []
                                                            }
                                                        ]
                                                    },
                                                    {
                                                        "name": "Elbow_R",
                                                        "transform": [-1.0, 0.0, -0.0, 0.0, 0.0, 0.0, -1.0, 0.3, -0.0, -1.0, -0.0, 0.0, 0.0, 0.0, 0.0, 1.0],
                                                        "children": []
                                                    }
                                                ]
                                            }
                                        ]
                                    },
                                    {
                                        "name": "Shoulder_L",
                                        "transform": [-0.0, -0.952114, -0.305743, 0.0, 0.0, -0.305743, 0.952114, 0.4, -1.0, 0.0, 0.0, 0.0, 0.0, 0.0, 0.0, 1.0],
                                        "children": [
                                            {
                                                "name": "Arm_L",
                                                "transform": [-0.0, -0.0, 1.0, -0.0, -0.952114, 0.305743, -0.0, 0.39386, -0.305743, -0.952114, -0.0, 0.0, 0.0, 0.0, 0.0, 1.0],
                                                "children": [
                                                    {
                                                        "name": "Hand_L",
                                                        "transform": [1.0, -0.0, 0.0, -0.0, 0.0, 0.993937, 0.109947, 0.3, -0.0, -0.109947, 0.993937, 0.0, 0.0, 0.0, 0.0, 1.0],
                                                        "children": [
                                                            {
                                                                "name": "Tool_L",
                                                                "transform": [1.0, 0.0, 0.0, -0.0, -0.0, -0.999836, 0.018122, 0.272858, 0.0, -0.018122, -0.999836, -0.0, 0.0, 0.0, 0.0, 1.0],
                                                                "children": []
                                                            }
                                                        ]
                                                    },
                                                    {
                                                        "name": "Elbow_L",
                                                        "transform": [-1.0, 0.0, -0.0, -0.0, 0.0, -0.0, -1.0, 0.3, -0.0, -1.0, 0.0, 0.0, 0.0, 0.0, 0.0, 1.0],
                                                        "children": []
                                                    }
                                                ]
                                            }
                                        ]
                                    }
                                ]
                            }
                        ]
                    }
                ]
            }
        ]
    },
    "animation": [
        {
            "name": "Root",
            "time": [0.0, 0.0167, 0.0333, 0.05, 0.0667, 0.0833, 0.1, 0.1167, 0.1333, 0.15, 0.1667, 0.1833, 0.2, 0.2167, 0.2333, 0.25, 0.2667, 0.2833, 0.3, 0.3167, 0.3333, 0.35, 0.3667, 0.3833, 0.4, 0.4167, 0.4333, 0.45, 0.4667, 0.4833, 0.5, 0.5167, 0.5333, 0.55, 0.5667, 0.5833, 0.6, 0.6167, 0.6333, 0.65, 0.6667, 0.6833, 0.7, 0.7167, 0.7333, 0.75, 0.7667, 0.7833, 0.8, 0.8167, 0.8333, 0.85, 0.8667, 0.8833, 0.9, 0.9167, 0.9333, 0.95, 0.9667, 0.9833, 1.0, 1.0167, 1.0333, 1.05, 1.0667, 1.0833, 1.1, 1.1167, 1.1333, 1.15, 1.1667, 1.1833, 1.2, 1.2167, 1.2333, 1.25, 1.2667, 1.2833, 1.3, 1.3167, 1.3333, 1.35, 1.3667, 1.3833, 1.4, 1.4167, 1.4333, 1.45, 1.4667, 1.4833, 1.5, 1.5167, 1.5333, 1.55, 1.5667, 1.5833, 1.6, 1.6167, 1.6333, 1.65, 1.6667, 1.6833, 1.7, 1.7167, 1.7333, 1.75, 1.7667, 1.7833, 1.8, 1.8167, 1.8333, 1.85, 1.8667, 1.8833, 1.9, 1.9167, 1.9333, 1.95, 1.9667, 1.9833, 2.0, 2.0167, 2.0333, 2.05, 2.0667, 2.0833, 2.1, 2.1167, 2.1333, 2.15, 2.1667, 2.1833, 2.2, 2.2167, 2.2333, 2.25, 2.2667, 2.2833, 2.3, 2.3167, 2.3333, 2.35, 2.3667, 2.3833, 2.4, 2.4167, 2.4333, 2.45, 2.4667, 2.4833, 2.5, 2.5167, 2.5333, 2.55, 2.5667, 2.5833, 2.6, 2.6167, 2.6333],
            "transform": [
                [1.0, 0.0, 0.0, -5e-06, 0.0, 0.34202, -0.939693, -0.002071, 0.0, 0.939693, 0.34202, 0.688546, 0.0, 0.0, 0.0, 1.0],
                [0.999998, -6.3e-05, 0.002023, -5e-06, 0.001923, 0.342025, -0.939689, 0.020401, -0.000632, 0.939691, 0.342024, 0.69215, 0.0, 0.0, 0.0, 1.0],
                [0.999972, -0.000203, 0.007527, -5e-06, 0.007142, 0.342034, -0.93966, 0.082403, -0.002383, 0.939687, 0.342026, 0.70116, 0.0, 0.0, 0.0, 1.0],
                [0.999877, -0.000343, 0.015663, -5e-06, 0.014835, 0.342043, -0.939567, 0.17581, -0.005035, 0.939684, 0.342006, 0.712873, 0.0, 0.0, 0.0, 1.0],
                [0.999673, -0.000407, 0.025582, -5e-06, 0.024178, 0.342045, -0.939372, 0.2925, -0.008368, 0.939683, 0.341943, 0.724586, 0.0, 0.0, 0.0, 1.0],
                [0.999336, -0.000318, 0.036434, -5e-06, 0.034345, 0.342038, -0.939058, 0.424349, -0.012163, 0.939686, 0.341822, 0.733595, 0.0, 0.0, 0.0, 1.0],
                [0.998878, 0.0, 0.047365, -5e-06, 0.044509, 0.34202, -0.938638, 0.563233, -0.0162, 0.939693, 0.341636, 0.737199, 0.0, 0.0, 0.0, 1.0],
                [0.998333, 0.000584, 0.057707, -5e-06, 0.054028, 0.341993, -0.938148, 0.702072, -0.020283, 0.939702, 0.341391, 0.735109, 0.0, 0.0, 0.0, 1.0],
                [0.997718, 0.001317, 0.067511, -5e-06, 0.062992, 0.341965, -0.937599, 0.837955, -0.024321, 0.939712, 0.341102, 0.729597, 0.0, 0.0, 0.0, 1.0],
                [0.997028, 0.00204, 0.077014, -5e-06, 0.071676, 0.341944, -0.936983, 0.969014, -0.028245, 0.939718, 0.340781, 0.721805, 0.0, 0.0, 0.0, 1.0],
                [0.996253, 0.002596, 0.08645, -5e-06, 0.080355, 0.341934, -0.936282, 1.093379, -0.031991, 0.93972, 0.340444, 0.712873, 0.0, 0.0, 0.0, 1.0],
                [0.995372, 0.002827, 0.096055, -5e-06, 0.089303, 0.341939, -0.935469, 1.209183, -0.03549, 0.939718, 0.340104, 0.70394, 0.0, 0.0, 0.0, 1.0],
                [0.994356, 0.002577, 0.106063, -5e-06, 0.098793, 0.341959, -0.934507, 1.314558, -0.038678, 0.939712, 0.339774, 0.696148, 0.0, 0.0, 0.0, 1.0],
                [0.993165, 0.001687, 0.116709, -5e-06, 0.109099, 0.341989, -0.933349, 1.407634, -0.041488, 0.939703, 0.339467, 0.690636, 0.0, 0.0, 0.0, 1.0],
                [0.991745, 0.0, 0.128226, -5e-06, 0.120493, 0.34202, -0.931935, 1.486545, -0.043856, 0.939693, 0.339197, 0.688546, 0.0, 0.0, 0.0, 1.0],
                [0.990035, -0.00244, 0.140799, -5e-06, 0.133133, 0.342041, -0.930206, 1.553866, -0.04589, 0.939682, 0.338957, 0.688546, 0.0, 0.0, 0.0, 1.0],
                [0.988006, -0.005426, 0.154319, -5e-06, 0.146847, 0.342036, -0.928142, 1.613716, -0.047747, 0.939671, 0.33873, 0.688546, 0.0, 0.0, 0.0, 1.0],
                [0.985649, -0.008876, 0.168576, -5e-06, 0.161409, 0.341989, -0.925738, 1.666533, -0.049434, 0.939662, 0.338514, 0.688546, 0.0, 0.0, 0.0, 1.0],
                [0.982964, -0.012707, 0.183358, -5e-06, 0.176592, 0.341889, -0.922999, 1.712757, -0.050959, 0.939655, 0.338308, 0.688546, 0.0, 0.0, 0.0, 1.0],
                [0.979966, -0.016834, 0.198452, -5e-06, 0.192167, 0.341723, -0.919944, 1.752828, -0.05233, 0.93965, 0.338112, 0.688546, 0.0, 0.0, 0.0, 1.0],
                [0.976681, -0.021172, 0.21365, -5e-06, 0.20791, 0.341488, -0.916602, 1.787184, -0.053552, 0.939648, 0.337927, 0.688546, 0.0, 0.0, 0.0, 1.0],
                [0.973149, -0.025638, 0.228742, -5e-06, 0.223596, 0.341181, -0.913017, 1.816267, -0.054634, 0.939648, 0.337752, 0.688546, 0.0, 0.0, 0.0, 1.0],
                [0.969426, -0.030147, 0.243524, -5e-06, 0.239004, 0.340805, -0.909246, 1.840514, -0.055583, 0.939651, 0.33759, 0.688546, 0.0, 0.0, 0.0, 1.0],
                [0.96558, -0.034614, 0.257793, -5e-06, 0.253917, 0.340368, -0.90536, 1.860367, -0.056407, 0.939655, 0.337442, 0.688546, 0.0, 0.0, 0.0, 1.0],
                [0.961691, -0.038956, 0.271352, -5e-06, 0.268119, 0.339883, -0.901439, 1.876263, -0.057112, 0.93966, 0.337308, 0.688546, 0.0, 0.0, 0.0, 1.0],
                [0.957854, -0.04309, 0.284007, -5e-06, 0.281401, 0.339367, -0.897576, 1.888643, -0.057706, 0.939667, 0.337189, 0.688546, 0.0, 0.0, 0.0, 1.0],
                [0.954168, -0.046934, 0.295568, -5e-06, 0.293558, 0.338839, -0.893874, 1.897947, -0.058197, 0.939673, 0.337088, 0.688546, 0.0, 0.0, 0.0, 1.0],
                [0.950745, -0.050407, 0.30585, -5e-06, 0.304388, 0.338324, -0.890441, 1.904613, -0.058592, 0.939679, 0.337003, 0.688546, 0.0, 0.0, 0.0, 1.0],
                [0.947697, -0.053428, 0.314669, -5e-06, 0.313691, 0.337846, -0.887388, 1.909081, -0.058899, 0.939684, 0.336935, 0.688546, 0.0, 0.0, 0.0, 1.0],
                [0.945139, -0.055916, 0.321846, -5e-06, 0.321272, 0.337432, -0.88483, 1.911792, -0.059125, 0.939688, 0.336884, 0.688546, 0.0, 0.0, 0.0, 1.0],
                [0.943186, -0.057793, 0.3272, -5e-06, 0.326934, 0.337108, -0.882877, 1.913184, -0.059278, 0.939691, 0.33685, 0.688546, 0.0, 0.0, 0.0, 1.0],
                [0.941944, -0.058978, 0.330549, -5e-06, 0.33048, 0.336898, -0.881637, 1.913697, -0.059364, 0.939692, 0.33683, 0.688546, 0.0, 0.0, 0.0, 1.0],
                [0.941511, -0.059391, 0.331707, -5e-06, 0.331707, 0.336824, -0.881204, 1.91377, -0.059391, 0.939693, 0.336824, 0.688546, 0.0, 0.0, 0.0, 1.0],
                [0.941511, -0.059391, 0.331707, -5e-06, 0.331707, 0.336824, -0.881204, 1.91377, -0.059391, 0.939693, 0.336824, 0.688546, 0.0, 0.0, 0.0, 1.0],
                [0.941511, -0.059391, 0.331707, -5e-06, 0.331707, 0.336824, -0.881204, 1.91377, -0.059391, 0.939693, 0.336824, 0.688546, 0.0, 0.0, 0.0, 1.0],
                [0.941511, -0.059391, 0.331707, -5e-06, 0.331707, 0.336824, -0.881204, 1.91377, -0.059391, 0.939693, 0.336824, 0.688546, 0.0, 0.0, 0.0, 1.0],
                [0.941511, -0.059391, 0.331707, -5e-06, 0.331707, 0.336824, -0.881204, 1.91377, -0.059391, 0.939693, 0.336824, 0.688546, 0.0, 0.0, 0.0, 1.0],
                [0.941511, -0.059391, 0.331707, -5e-06, 0.331707, 0.336824, -0.881204, 1.91377, -0.059391, 0.939693, 0.336824, 0.688546, 0.0, 0.0, 0.0, 1.0],
                [0.941511, -0.059391, 0.331707, -5e-06, 0.331707, 0.336824, -0.881204, 1.91377, -0.059391, 0.939693, 0.336824, 0.688546, 0.0, 0.0, 0.0, 1.0],
                [0.941511, -0.059391, 0.331707, -5e-06, 0.331707, 0.336824, -0.881204, 1.91377, -0.059391, 0.939693, 0.336824, 0.688546, 0.0, 0.0, 0.0, 1.0],
                [0.941511, -0.059391, 0.331707, -5e-06, 0.331707, 0.336824, -0.881204, 1.91377, -0.059391, 0.939693, 0.336824, 0.688546, 0.0, 0.0, 0.0, 1.0],
                [0.942794, -0.059072, 0.3281, -5e-06, 0.3281, 0.338801, -0.881796, 1.995311, -0.059072, 0.939002, 0.338801, 0.687715, 0.0, 0.0, 0.0, 1.0],
                [0.946349, -0.058124, 0.317876, -5e-06, 0.317876, 0.34438, -0.883378, 2.22652, -0.058124, 0.937029, 0.34438, 0.685367, 0.0, 0.0, 0.0, 1.0],
                [0.95166, -0.056523, 0.301906, -5e-06, 0.301906, 0.353019, -0.885568, 2.587273, -0.056523, 0.933907, 0.353019, 0.681718, 0.0, 0.0, 0.0, 1.0],
                [0.95816, -0.054213, 0.281054, -5e-06, 0.281054, 0.364161, -0.887916, 3.057447, -0.054213, 0.929757, 0.364161, 0.676986, 0.0, 0.0, 0.0, 1.0],
                [0.96527, -0.051138, 0.256201, -5e-06, 0.256201, 0.377243, -0.889971, 3.616918, -0.051138, 0.924701, 0.377243, 0.671386, 0.0, 0.0, 0.0, 1.0],
                [0.972451, -0.047273, 0.228266, -5e-06, 0.228266, 0.391692, -0.891332, 4.245563, -0.047273, 0.918881, 0.391692, 0.665137, 0.0, 0.0, 0.0, 1.0],
                [0.979231, -0.042639, 0.198212, -5e-06, 0.198212, 0.406941, -0.89169, 4.92326, -0.042639, 0.912459, 0.406941, 0.658453, 0.0, 0.0, 0.0, 1.0],
                [0.985243, -0.037319, 0.167043, -5e-06, 0.167043, 0.422435, -0.890868, 5.629883, -0.037319, 0.905625, 0.422435, 0.651554, 0.0, 0.0, 0.0, 1.0],
                [0.990238, -0.031463, 0.135791, -5e-06, 0.135791, 0.437647, -0.888834, 6.345312, -0.031463, 0.898596, 0.437647, 0.644654, 0.0, 0.0, 0.0, 1.0],
                [0.994098, -0.025292, 0.105497, -5e-06, 0.105497, 0.452085, -0.885714, 7.049422, -0.025292, 0.891616, 0.452085, 0.637971, 0.0, 0.0, 0.0, 1.0],
                [0.996833, -0.019088, 0.077197, -5e-06, 0.077197, 0.4653, -0.881781, 7.72209, -0.019088, 0.884947, 0.4653, 0.631721, 0.0, 0.0, 0.0, 1.0],
                [0.998565, -0.013184, 0.051902, -5e-06, 0.051902, 0.476887, -0.877431, 8.343192, -0.013184, 0.878865, 0.476887, 0.626122, 0.0, 0.0, 0.0, 1.0],
                [0.9995, -0.007945, 0.030593, -5e-06, 0.030593, 0.486485, -0.873153, 8.892605, -0.007945, 0.873653, 0.486485, 0.621389, 0.0, 0.0, 0.0, 1.0],
                [0.999892, -0.003756, 0.014219, -5e-06, 0.014219, 0.493757, -0.869483, 9.350207, -0.003756, 0.869592, 0.493757, 0.617741, 0.0, 0.0, 0.0, 1.0],
                [0.999993, -0.000991, 0.003712, -5e-06, 0.003712, 0.498377, -0.866953, 9.695873, -0.000991, 0.86696, 0.498377, 0.615392, 0.0, 0.0, 0.0, 1.0],
                [1.0, 0.0, 0.0, -5e-06, 0.0, 0.5, -0.866025, 9.909482, 0.0, 0.866025, 0.5, 0.614562, 0.0, 0.0, 0.0, 1.0],
                [1.0, 0.0, 0.0, -5e-06, 0.0, 0.5, -0.866025, 10.044047, 0.0, 0.866025, 0.5, 0.614562, 0.0, 0.0, 0.0, 1.0],
                [1.0, 0.0, 0.0, -5e-06, 0.0, 0.5, -0.866025, 10.166389, 0.0, 0.866025, 0.5, 0.614562, 0.0, 0.0, 0.0, 1.0],
                [1.0, 0.0, 0.0, -5e-06, 0.0, 0.5, -0.866025, 10.277086, 0.0, 0.866025, 0.5, 0.614562, 0.0, 0.0, 0.0, 1.0],
                [1.0, 0.0, 0.0, -5e-06, 0.0, 0.5, -0.866025, 10.376724, 0.0, 0.866025, 0.5, 0.614562, 0.0, 0.0, 0.0, 1.0],
                [1.0, 0.0, 0.0, -5e-06, 0.0, 0.5, -0.866025, 10.465884, 0.0, 0.866025, 0.5, 0.614562, 0.0, 0.0, 0.0, 1.0],
                [1.0, 0.0, 0.0, -5e-06, 0.0, 0.5, -0.866025, 10.54515, 0.0, 0.866025, 0.5, 0.614562, 0.0, 0.0, 0.0, 1.0],
                [1.0, 0.0, 0.0, -5e-06, 0.0, 0.5, -0.866025, 10.6151, 0.0, 0.866025, 0.5, 0.614562, 0.0, 0.0, 0.0, 1.0],
                [1.0, 0.0, 0.0, -5e-06, 0.0, 0.5, -0.866025, 10.676319, 0.0, 0.866025, 0.5, 0.614562, 0.0, 0.0, 0.0, 1.0],
                [1.0, 0.0, 0.0, -5e-06, 0.0, 0.5, -0.866025, 10.729388, 0.0, 0.866025, 0.5, 0.614562, 0.0, 0.0, 0.0, 1.0],
                [1.0, 0.0, 0.0, -5e-06, 0.0, 0.5, -0.866025, 10.77489, 0.0, 0.866025, 0.5, 0.614562, 0.0, 0.0, 0.0, 1.0],
                [1.0, 0.0, 0.0, -5e-06, 0.0, 0.5, -0.866025, 10.813406, 0.0, 0.866025, 0.5, 0.614562, 0.0, 0.0, 0.0, 1.0],
                [1.0, 0.0, 0.0, -5e-06, 0.0, 0.5, -0.866025, 10.845519, 0.0, 0.866025, 0.5, 0.614562, 0.0, 0.0, 0.0, 1.0],
                [1.0, 0.0, 0.0, -5e-06, 0.0, 0.5, -0.866025, 10.871811, 0.0, 0.866025, 0.5, 0.614562, 0.0, 0.0, 0.0, 1.0],
                [1.0, 0.0, 0.0, -5e-06, 0.0, 0.5, -0.866025, 10.892865, 0.0, 0.866025, 0.5, 0.614562, 0.0, 0.0, 0.0, 1.0],
                [1.0, 0.0, 0.0, -5e-06, 0.0, 0.5, -0.866025, 10.909261, 0.0, 0.866025, 0.5, 0.614562, 0.0, 0.0, 0.0, 1.0],
                [1.0, 0.0, 0.0, -5e-06, 0.0, 0.5, -0.866025, 10.921583, 0.0, 0.866025, 0.5, 0.614562, 0.0, 0.0, 0.0, 1.0],
                [1.0, 0.0, 0.0, -5e-06, 0.0, 0.5, -0.866025, 10.930411, 0.0, 0.866025, 0.5, 0.614562, 0.0, 0.0, 0.0, 1.0],
                [1.0, 0.0, 0.0, -5e-06, 0.0, 0.5, -0.866025, 10.93633, 0.0, 0.866025, 0.5, 0.614562, 0.0, 0.0, 0.0, 1.0],
                [1.0, 0.0, 0.0, -5e-06, 0.0, 0.5, -0.866025, 10.939919, 0.0, 0.866025, 0.5, 0.614562, 0.0, 0.0, 0.0, 1.0],
                [1.0, 0.0, 0.0, -5e-06, 0.0, 0.5, -0.866025, 10.941762, 0.0, 0.866025, 0.5, 0.614562, 0.0, 0.0, 0.0, 1.0],
                [1.0, 0.0, 0.0, -5e-06, 0.0, 0.5, -0.866025, 10.942441, 0.0, 0.866025, 0.5, 0.614562, 0.0, 0.0, 0.0, 1.0],
                [1.0, 0.0, 0.0, -5e-06, 0.0, 0.5, -0.866025, 10.942538, 0.0, 0.866025, 0.5, 0.614562, 0.0, 0.0, 0.0, 1.0],
                [1.0, 0.0, 0.0, -5e-06, 0.0, 0.5, -0.866025, 10.942538, 0.0, 0.866025, 0.5, 0.614562, 0.0, 0.0, 0.0, 1.0],
                [1.0, 0.0, 0.0, -5e-06, 0.0, 0.5, -0.866025, 10.942538, 0.0, 0.866025, 0.5, 0.614562, 0.0, 0.0, 0.0, 1.0],
                [1.0, 0.0, 0.0, -5e-06, 0.0, 0.5, -0.866025, 10.942538, 0.0, 0.866025, 0.5, 0.614562, 0.0, 0.0, 0.0, 1.0],
                [1.0, 0.0, 0.0, -5e-06, 0.0, 0.5, -0.866025, 10.942538, 0.0, 0.866025, 0.5, 0.614562, 0.0, 0.0, 0.0, 1.0],
                [1.0, 0.0, 0.0, -5e-06, 0.0, 0.5, -0.866025, 10.942538, 0.0, 0.866025, 0.5, 0.614562, 0.0, 0.0, 0.0, 1.0],
                [1.0, 0.0, 0.0, -5e-06, 0.0, 0.5, -0.866025, 10.942538, 0.0, 0.866025, 0.5, 0.614562, 0.0, 0.0, 0.0, 1.0],
                [1.0, 0.0, 0.0, -5e-06, 0.0, 0.5, -0.866025, 10.942538, 0.0, 0.866025, 0.5, 0.614562, 0.0, 0.0, 0.0, 1.0],
                [1.0, 0.0, 0.0, -5e-06, 0.0, 0.5, -0.866025, 10.942538, 0.0, 0.866025, 0.5, 0.614562, 0.0, 0.0, 0.0, 1.0],
                [1.0, 0.0, 0.0, -5e-06, 0.0, 0.5, -0.866025, 10.942538, 0.0, 0.866025, 0.5, 0.614562, 0.0, 0.0, 0.0, 1.0],
                [1.0, 0.0, 0.0, -5e-06, 0.0, 0.5, -0.866025, 10.942538, 0.0, 0.866025, 0.5, 0.614562, 0.0, 0.0, 0.0, 1.0],
                [1.0, 0.0, 0.0, -5e-06, 0.0, 0.5, -0.866025, 10.942538, 0.0, 0.866025, 0.5, 0.614562, 0.0, 0.0, 0.0, 1.0],
                [1.0, 0.0, 0.0, -5e-06, 0.0, 0.5, -0.866025, 10.942538, 0.0, 0.866025, 0.5, 0.614562, 0.0, 0.0, 0.0, 1.0],
                [1.0, 0.0, 0.0, -5e-06, 0.0, 0.5, -0.866025, 10.942538, 0.0, 0.866025, 0.5, 0.614562, 0.0, 0.0, 0.0, 1.0],
                [1.0, 0.0, 0.0, -5e-06, 0.0, 0.5, -0.866025, 10.942538, 0.0, 0.866025, 0.5, 0.614562, 0.0, 0.0, 0.0, 1.0],
                [1.0, 0.0, 0.0, -5e-06, 0.0, 0.5, -0.866025, 10.942538, 0.0, 0.866025, 0.5, 0.614562, 0.0, 0.0, 0.0, 1.0],
                [1.0, 0.0, 0.0, -5e-06, 0.0, 0.5, -0.866025, 10.942538, 0.0, 0.866025, 0.5, 0.614562, 0.0, 0.0, 0.0, 1.0],
                [1.0, 0.0, 0.0, -5e-06, 0.0, 0.5, -0.866025, 10.942538, 0.0, 0.866025, 0.5, 0.614562, 0.0, 0.0, 0.0, 1.0],
                [1.0, 0.0, 0.0, -5e-06, 0.0, 0.5, -0.866025, 10.942538, 0.0, 0.866025, 0.5, 0.614562, 0.0, 0.0, 0.0, 1.0],
                [1.0, 0.0, 0.0, -5e-06, 0.0, 0.5, -0.866025, 10.942538, 0.0, 0.866025, 0.5, 0.614562, 0.0, 0.0, 0.0, 1.0],
                [1.0, 0.0, 0.0, -5e-06, 0.0, 0.5, -0.866025, 10.942538, 0.0, 0.866025, 0.5, 0.614562, 0.0, 0.0, 0.0, 1.0],
                [1.0, 0.0, 0.0, -5e-06, 0.0, 0.5, -0.866025, 10.942538, 0.0, 0.866025, 0.5, 0.614562, 0.0, 0.0, 0.0, 1.0],
                [1.0, 0.0, 0.0, -5e-06, 0.0, 0.5, -0.866025, 10.942538, 0.0, 0.866025, 0.5, 0.614562, 0.0, 0.0, 0.0, 1.0],
                [1.0, 0.0, 0.0, -5e-06, 0.0, 0.5, -0.866025, 10.942538, 0.0, 0.866025, 0.5, 0.614562, 0.0, 0.0, 0.0, 1.0],
                [1.0, 0.0, 0.0, -5e-06, 0.0, 0.5, -0.866025, 10.942538, 0.0, 0.866025, 0.5, 0.614562, 0.0, 0.0, 0.0, 1.0],
                [1.0, 0.0, 0.0, -5e-06, 0.0, 0.5, -0.866025, 10.942538, 0.0, 0.866025, 0.5, 0.614562, 0.0, 0.0, 0.0, 1.0],
                [1.0, 0.0, 0.0, -5e-06, 0.0, 0.5, -0.866025, 10.942538, 0.0, 0.866025, 0.5, 0.614562, 0.0, 0.0, 0.0, 1.0],
                [1.0, 0.0, 0.0, -5e-06, 0.0, 0.5, -0.866025, 10.942538, 0.0, 0.866025, 0.5, 0.614562, 0.0, 0.0, 0.0, 1.0],
                [1.0, 0.0, 0.0, -5e-06, 0.0, 0.5, -0.866025, 10.942538, 0.0, 0.866025, 0.5, 0.614562, 0.0, 0.0, 0.0, 1.0],
                [1.0, 0.0, 0.0, -5e-06, 0.0, 0.5, -0.866025, 10.941684, 0.0, 0.866025, 0.5, 0.614562, 0.0, 0.0, 0.0, 1.0],
                [1.0, 0.0, 0.0, -5e-06, 0.0, 0.5, -0.866025, 10.93916, 0.0, 0.866025, 0.5, 0.614562, 0.0, 0.0, 0.0, 1.0],
                [1.0, 0.0, 0.0, -5e-06, 0.0, 0.5, -0.866025, 10.935027, 0.0, 0.866025, 0.5, 0.614562, 0.0, 0.0, 0.0, 1.0],
                [1.0, 0.0, 0.0, -5e-06, 0.0, 0.5, -0.866025, 10.929343, 0.0, 0.866025, 0.5, 0.614562, 0.0, 0.0, 0.0, 1.0],
                [1.0, 0.0, 0.0, -5e-06, 0.0, 0.5, -0.866025, 10.922166, 0.0, 0.866025, 0.5, 0.614562, 0.0, 0.0, 0.0, 1.0],
                [1.0, 0.0, 0.0, -5e-06, 0.0, 0.5, -0.866025, 10.913554, 0.0, 0.866025, 0.5, 0.614562, 0.0, 0.0, 0.0, 1.0],
                [1.0, 0.0, 0.0, -5e-06, 0.0, 0.5, -0.866025, 10.903568, 0.0, 0.866025, 0.5, 0.614562, 0.0, 0.0, 0.0, 1.0],
                [1.0, 0.0, 0.0, -5e-06, 0.0, 0.5, -0.866025, 10.892266, 0.0, 0.866025, 0.5, 0.614562, 0.0, 0.0, 0.0, 1.0],
                [1.0, 0.0, 0.0, -5e-06, 0.0, 0.5, -0.866025, 10.879706, 0.0, 0.866025, 0.5, 0.614562, 0.0, 0.0, 0.0, 1.0],
                [1.0, 0.0, 0.0, -5e-06, 0.0, 0.5, -0.866025, 10.865949, 0.0, 0.866025, 0.5, 0.614562, 0.0, 0.0, 0.0, 1.0],
                [1.0, 0.0, 0.0, -5e-06, 0.0, 0.5, -0.866025, 10.851049, 0.0, 0.866025, 0.5, 0.614562, 0.0, 0.0, 0.0, 1.0],
                [1.0, 0.0, 0.0, -5e-06, 0.0, 0.5, -0.866025, 10.835072, 0.0, 0.866025, 0.5, 0.614562, 0.0, 0.0, 0.0, 1.0],
                [1.0, 0.0, 0.0, -5e-06, 0.0, 0.5, -0.866025, 10.81807, 0.0, 0.866025, 0.5, 0.614562, 0.0, 0.0, 0.0, 1.0],
                [1.0, 0.0, 0.0, -5e-06, 0.0, 0.5, -0.866025, 10.800106, 0.0, 0.866025, 0.5, 0.614562, 0.0, 0.0, 0.0, 1.0],
                [1.0, 0.0, 0.0, -5e-06, 0.0, 0.5, -0.866025, 10.781238, 0.0, 0.866025, 0.5, 0.614562, 0.0, 0.0, 0.0, 1.0],
                [1.0, 0.0, 0.0, -5e-06, 0.0, 0.5, -0.866025, 10.761522, 0.0, 0.866025, 0.5, 0.614562, 0.0, 0.0, 0.0, 1.0],
                [1.0, 0.0, 0.0, -5e-06, 0.0, 0.5, -0.866025, 10.74102, 0.0, 0.866025, 0.5, 0.614562, 0.0, 0.0, 0.0, 1.0],
                [1.0, 0.0, 0.0, -5e-06, 0.0, 0.5, -0.866025, 10.71979, 0.0, 0.866025, 0.5, 0.614562, 0.0, 0.0, 0.0, 1.0],
                [1.0, 0.0, 0.0, -5e-06, 0.0, 0.5, -0.866025, 10.697892, 0.0, 0.866025, 0.5, 0.614562, 0.0, 0.0, 0.0, 1.0],
                [1.0, 0.0, 0.0, -5e-06, 0.0, 0.5, -0.866025, 10.675383, 0.0, 0.866025, 0.5, 0.614562, 0.0, 0.0, 0.0, 1.0],
                [1.0, 0.0, 0.0, -5e-06, 0.0, 0.5, -0.866025, 10.652322, 0.0, 0.866025, 0.5, 0.614562, 0.0, 0.0, 0.0, 1.0],
                [1.0, 0.0, 0.0, -5e-06, 0.0, 0.5, -0.866025, 10.628768, 0.0, 0.866025, 0.5, 0.614562, 0.0, 0.0, 0.0, 1.0],
                [1.0, 0.0, 0.0, -5e-06, 0.0, 0.499508, -0.866309, 10.604783, 0.0, 0.866309, 0.499508, 0.614562, 0.0, 0.0, 0.0, 1.0],
                [1.0, 0.0, 0.0, -5e-06, 0.0, 0.498075, -0.867134, 10.580447, 0.0, 0.867134, 0.498075, 0.614562, 0.0, 0.0, 0.0, 1.0],
                [1.0, 0.0, 0.0, -5e-06, 0.0, 0.495767, -0.868456, 10.55584, 0.0, 0.868456, 0.495767, 0.614562, 0.0, 0.0, 0.0, 1.0],
                [1.0, 0.0, 0.0, -5e-06, 0.0, 0.492645, -0.87023, 10.531045, 0.0, 0.87023, 0.492645, 0.614562, 0.0, 0.0, 0.0, 1.0],
                [1.0, 0.0, 0.0, -5e-06, 0.0, 0.488774, -0.872411, 10.506144, 0.0, 0.872411, 0.488774, 0.614562, 0.0, 0.0, 0.0, 1.0],
                [1.0, 0.0, 0.0, -5e-06, 0.0, 0.484213, -0.87495, 10.481215, 0.0, 0.87495, 0.484213, 0.614562, 0.0, 0.0, 0.0, 1.0],
                [1.0, 0.0, 0.0, -5e-06, 0.0, 0.479026, -0.8778, 10.456344, 0.0, 0.8778, 0.479026, 0.614562, 0.0, 0.0, 0.0, 1.0],
                [1.0, 0.0, 0.0, -5e-06, 0.0, 0.473275, -0.880915, 10.431611, 0.0, 0.880915, 0.473275, 0.614562, 0.0, 0.0, 0.0, 1.0],
                [1.0, 0.0, 0.0, -5e-06, 0.0, 0.467023, -0.884245, 10.407099, 0.0, 0.884245, 0.467023, 0.614562, 0.0, 0.0, 0.0, 1.0],
                [1.0, 0.0, 0.0, -5e-06, 0.0, 0.460333, -0.887746, 10.382889, 0.0, 0.887746, 0.460333, 0.614562, 0.0, 0.0, 0.0, 1.0],
                [1.0, 0.0, 0.0, -5e-06, 0.0, 0.453269, -0.891374, 10.359062, 0.0, 0.891374, 0.453269, 0.614562, 0.0, 0.0, 0.0, 1.0],
                [1.0, 0.0, 0.0, -5e-06, 0.0, 0.445899, -0.895083, 10.3357, 0.0, 0.895083, 0.445899, 0.614562, 0.0, 0.0, 0.0, 1.0],
                [1.0, 0.0, 0.0, -5e-06, 0.0, 0.438288, -0.898835, 10.312886, 0.0, 0.898835, 0.438288, 0.614562, 0.0, 0.0, 0.0, 1.0],
                [1.0, 0.0, 0.0, -5e-06, 0.0, 0.430504, -0.902588, 10.290702, 0.0, 0.902588, 0.430504, 0.614562, 0.0, 0.0, 0.0, 1.0],
                [1.0, 0.0, 0.0, -5e-06, 0.0, 0.422618, -0.906308, 10.269228, 0.0, 0.906308, 0.422618, 0.614562, 0.0, 0.0, 0.0, 1.0],
                [1.0, 0.0, 0.0, -5e-06, 0.0, 0.4147, -0.909958, 10.248548, 0.0, 0.909958, 0.4147, 0.614562, 0.0, 0.0, 0.0, 1.0],
                [1.0, 0.0, 0.0, -5e-06, 0.0, 0.406822, -0.913508, 10.228741, 0.0, 0.913508, 0.406822, 0.614562, 0.0, 0.0, 0.0, 1.0],
                [1.0, 0.0, 0.0, -5e-06, 0.0, 0.399055, -0.916927, 10.20989, 0.0, 0.916927, 0.399055, 0.614562, 0.0, 0.0, 0.0, 1.0],
                [1.0, 0.0, 0.0, -5e-06, 0.0, 0.391476, -0.920188, 10.192079, 0.0, 0.920188, 0.391476, 0.614562, 0.0, 0.0, 0.0, 1.0],
                [1.0, 0.0, 0.0, -5e-06, 0.0, 0.384157, -0.923268, 10.175386, 0.0, 0.923268, 0.384157, 0.614562, 0.0, 0.0, 0.0, 1.0],
                [1.0, 0.0, 0.0, -5e-06, 0.0, 0.377175, -0.926142, 10.159895, 0.0, 0.926142, 0.377175, 0.614562, 0.0, 0.0, 0.0, 1.0],
                [1.0, 0.0, 0.0, -5e-06, 0.0, 0.370604, -0.928791, 10.145688, 0.0, 0.928791, 0.370604, 0.614562, 0.0, 0.0, 0.0, 1.0],
                [1.0, 0.0, 0.0, -5e-06, 0.0, 0.364522, -0.931195, 10.132845, 0.0, 0.931195, 0.364522, 0.614562, 0.0, 0.0, 0.0, 1.0],
                [1.0, 0.0, 0.0, -5e-06, 0.0, 0.359004, -0.933336, 10.121449, 0.0, 0.933336, 0.359004, 0.614562, 0.0, 0.0, 0.0, 1.0],
                [1.0, 0.0, 0.0, -5e-06, 0.0, 0.354128, -0.935197, 10.111584, 0.0, 0.935197, 0.354128, 0.614562, 0.0, 0.0, 0.0, 1.0],
                [1.0, 0.0, 0.0, -5e-06, 0.0, 0.349969, -0.936761, 10.103328, 0.0, 0.936761, 0.349969, 0.614562, 0.0, 0.0, 0.0, 1.0],
                [1.0, 0.0, 0.0, -5e-06, 0.0, 0.346603, -0.938012, 10.096764, 0.0, 0.938012, 0.346603, 0.614562, 0.0, 0.0, 0.0, 1.0],
                [1.0, 0.0, 0.0, -5e-06, 0.0, 0.344106, -0.938931, 10.091974, 0.0, 0.938931, 0.344106, 0.614562, 0.0, 0.0, 0.0, 1.0],
                [1.0, 0.0, 0.0, -5e-06, 0.0, 0.342554, -0.939498, 10.089041, 0.0, 0.939498, 0.342554, 0.614562, 0.0, 0.0, 0.0, 1.0],
                [1.0, 0.0, 0.0, -5e-06, 0.0, 0.34202, -0.939693, 10.088044, 0.0, 0.939693, 0.34202, 0.614562, 0.0, 0.0, 0.0, 1.0]
            ]
        },
        {
            "name": "Thigh_R",
            "time": [0.0, 0.0167, 0.0333, 0.05, 0.0667, 0.0833, 0.1, 0.1167, 0.1333, 0.15, 0.1667, 0.1833, 0.2, 0.2167, 0.2333, 0.25, 0.2667, 0.2833, 0.3, 0.3167, 0.3333, 0.35, 0.3667, 0.3833, 0.4, 0.4167, 0.4333, 0.45, 0.4667, 0.4833, 0.5, 0.5167, 0.5333, 0.55, 0.5667, 0.5833, 0.6, 0.6167, 0.6333, 0.65, 0.6667, 0.6833, 0.7, 0.7167, 0.7333, 0.75, 0.7667, 0.7833, 0.8, 0.8167, 0.8333, 0.85, 0.8667, 0.8833, 0.9, 0.9167, 0.9333, 0.95, 0.9667, 0.9833, 1.0, 1.0167, 1.0333, 1.05, 1.0667, 1.0833, 1.1, 1.1167, 1.1333, 1.15, 1.1667, 1.1833, 1.2, 1.2167, 1.2333, 1.25, 1.2667, 1.2833, 1.3, 1.3167, 1.3333, 1.35, 1.3667, 1.3833, 1.4, 1.4167, 1.4333, 1.45, 1.4667, 1.4833, 1.5, 1.5167, 1.5333, 1.55, 1.5667, 1.5833, 1.6, 1.6167, 1.6333, 1.65, 1.6667, 1.6833, 1.7, 1.7167, 1.7333, 1.75, 1.7667, 1.7833, 1.8, 1.8167, 1.8333, 1.85, 1.8667, 1.8833, 1.9, 1.9167, 1.9333, 1.95, 1.9667, 1.9833, 2.0, 2.0167, 2.0333, 2.05, 2.0667, 2.0833, 2.1, 2.1167, 2.1333, 2.15, 2.1667, 2.1833, 2.2, 2.2167, 2.2333, 2.25, 2.2667, 2.2833, 2.3, 2.3167, 2.3333, 2.35, 2.3667, 2.3833, 2.4, 2.4167, 2.4333, 2.45, 2.4667, 2.4833, 2.5, 2.5167, 2.6333],
            "transform": [
                [0.998915, 0.033049, -0.032822, 0.124994, 0.000788, -0.716557, -0.697528, -0.002831, -0.046572, 0.696745, -0.715806, -1.2e-05, 0.0, 0.0, 0.0, 1.0],
                [0.998871, 0.034037, -0.033128, 0.124994, 0.00215, -0.729168, -0.684331, -0.002831, -0.047449, 0.683488, -0.728418, -1.2e-05, 0.0, 0.0, 0.0, 1.0],
                [0.998728, 0.037032, -0.034228, 0.124994, 0.006216, -0.763982, -0.645208, -0.002831, -0.050043, 0.644174, -0.76324, -1.2e-05, 0.0, 0.0, 0.0, 1.0],
                [0.998446, 0.042058, -0.036563, 0.124994, 0.013134, -0.815186, -0.57905, -0.002831, -0.054159, 0.57767, -0.814472, -1.2e-05, 0.0, 0.0, 0.0, 1.0],
                [0.997965, 0.049025, -0.040779, 0.124994, 0.023211, -0.874891, -0.483763, -0.002831, -0.059394, 0.481832, -0.874249, -1.2e-05, 0.0, 0.0, 0.0, 1.0],
                [0.997201, 0.057613, -0.047663, 0.124994, 0.036772, -0.932888, -0.358283, -0.002831, -0.065105, 0.355527, -0.932396, -1.2e-05, 0.0, 0.0, 0.0, 1.0],
                [0.996055, 0.067163, -0.05799, 0.124994, 0.053976, -0.977314, -0.204799, -0.002831, -0.07043, 0.200862, -0.977085, -1.2e-05, 0.0, 0.0, 0.0, 1.0],
                [0.99443, 0.076677, -0.072311, 0.124994, 0.074639, -0.996744, -0.030477, -0.002831, -0.074413, 0.02491, -0.996916, -1.2e-05, 0.0, 0.0, 0.0, 1.0],
                [0.992244, 0.084977, -0.090726, 0.124994, 0.098165, -0.983415, 0.152503, -0.002831, -0.076262, -0.160226, -0.98413, -1.2e-05, 0.0, 0.0, 0.0, 1.0],
                [0.989439, 0.091016, -0.112812, 0.124994, 0.123655, -0.936089, 0.329311, -0.002831, -0.07563, -0.339783, -0.937458, -1.2e-05, 0.0, 0.0, 0.0, 1.0],
                [0.985973, 0.0942, -0.13778, 0.124994, 0.150205, -0.860718, 0.486419, -0.002831, -0.072769, -0.500291, -0.862794, -1.2e-05, 0.0, 0.0, 0.0, 1.0],
                [0.981786, 0.09454, -0.164798, 0.124994, 0.177218, -0.76836, 0.614993, -0.002831, -0.068483, -0.632997, -0.77112, -1.2e-05, 0.0, 0.0, 0.0, 1.0],
                [0.976759, 0.092591, -0.19331, 0.124994, 0.204588, -0.671701, 0.712012, -0.002831, -0.063921, -0.735014, -0.675033, -1.2e-05, 0.0, 0.0, 0.0, 1.0],
                [0.970672, 0.089279, -0.223215, 0.124994, 0.2327, -0.582136, 0.779081, -0.002831, -0.060386, -0.808175, -0.585839, -1.2e-05, 0.0, 0.0, 0.0, 1.0],
                [0.963162, 0.085753, -0.254883, 0.124994, 0.262309, -0.508475, 0.820151, -0.002831, -0.059271, -0.856796, -0.512237, -1.2e-05, 0.0, 0.0, 0.0, 1.0],
                [0.953665, 0.083379, -0.289086, 0.124994, 0.29438, -0.45707, 0.839301, -0.002831, -0.062153, -0.885514, -0.460437, -1.2e-05, 0.0, 0.0, 0.0, 1.0],
                [0.941338, 0.083888, -0.326874, 0.124994, 0.329901, -0.432696, 0.83901, -0.002831, -0.071054, -0.897628, -0.434988, -1.2e-05, 0.0, 0.0, 0.0, 1.0],
                [0.925773, 0.086052, -0.368158, 0.124994, 0.368396, -0.424299, 0.827197, -0.002831, -0.085027, -0.901424, -0.424506, -1.2e-05, 0.0, 0.0, 0.0, 1.0],
                [0.907246, 0.087288, -0.411443, 0.124994, 0.408264, -0.417941, 0.81157, -0.002831, -0.101119, -0.904271, -0.414812, -1.2e-05, 0.0, 0.0, 0.0, 1.0],
                [0.885757, 0.087777, -0.455773, 0.124994, 0.44866, -0.413474, 0.792303, -0.002831, -0.118904, -0.906275, -0.40562, -1.2e-05, 0.0, 0.0, 0.0, 1.0],
                [0.861457, 0.087705, -0.5002, 0.124994, 0.488737, -0.410733, 0.769697, -0.002831, -0.137942, -0.907528, -0.396694, -1.2e-05, 0.0, 0.0, 0.0, 1.0],
                [0.834658, 0.087252, -0.543813, 0.124994, 0.527686, -0.409532, 0.744198, -0.002831, -0.157776, -0.908113, -0.387861, -1.2e-05, 0.0, 0.0, 0.0, 1.0],
                [0.805837, 0.086583, -0.585772, 0.124994, 0.564767, -0.409666, 0.716388, -0.002831, -0.177944, -0.908117, -0.379024, -1.2e-05, 0.0, 0.0, 0.0, 1.0],
                [0.775623, 0.085838, -0.625332, 0.124994, 0.59934, -0.410913, 0.68698, -0.002831, -0.197988, -0.907624, -0.37016, -1.2e-05, 0.0, 0.0, 0.0, 1.0],
                [0.744772, 0.08513, -0.661866, 0.124994, 0.630892, -0.413035, 0.656793, -0.002831, -0.217461, -0.906727, -0.361325, -1.2e-05, 0.0, 0.0, 0.0, 1.0],
                [0.71414, 0.084537, -0.694879, 0.124994, 0.659041, -0.415791, 0.626724, -0.002831, -0.235943, -0.905523, -0.352646, -1.2e-05, 0.0, 0.0, 0.0, 1.0],
                [0.684646, 0.084102, -0.724007, 0.124994, 0.683542, -0.418932, 0.597717, -0.002831, -0.253041, -0.904114, -0.344307, -1.2e-05, 0.0, 0.0, 0.0, 1.0],
                [0.657242, 0.083836, -0.749002, 0.124994, 0.704271, -0.422216, 0.570732, -0.002831, -0.268393, -0.90261, -0.336541, -1.2e-05, 0.0, 0.0, 0.0, 1.0],
                [0.632878, 0.083722, -0.769712, 0.124994, 0.7212, -0.425404, 0.546719, -0.002831, -0.281666, -0.901123, -0.329609, -1.2e-05, 0.0, 0.0, 0.0, 1.0],
                [0.61248, 0.083723, -0.78604, 0.124994, 0.73436, -0.428267, 0.526595, -0.002831, -0.292547, -0.899765, -0.323788, -1.2e-05, 0.0, 0.0, 0.0, 1.0],
                [0.596931, 0.083786, -0.797905, 0.124994, 0.743797, -0.430582, 0.511238, -0.002831, -0.300729, -0.898654, -0.319348, -1.2e-05, 0.0, 0.0, 0.0, 1.0],
                [0.587057, 0.083857, -0.805191, 0.124994, 0.749527, -0.432131, 0.501469, -0.002831, -0.305897, -0.897903, -0.316539, -1.2e-05, 0.0, 0.0, 0.0, 1.0],
                [0.583611, 0.083888, -0.807688, 0.124994, 0.751476, -0.432697, 0.498053, -0.002831, -0.307703, -0.897628, -0.315566, -1.2e-05, 0.0, 0.0, 0.0, 1.0],
                [0.583611, 0.083888, -0.807688, 0.124994, 0.751476, -0.432697, 0.498053, -0.002831, -0.307703, -0.897628, -0.315566, -1.2e-05, 0.0, 0.0, 0.0, 1.0],
                [0.583611, 0.083888, -0.807688, 0.124994, 0.751476, -0.432697, 0.498053, -0.002831, -0.307703, -0.897628, -0.315566, -1.2e-05, 0.0, 0.0, 0.0, 1.0],
                [0.583611, 0.083888, -0.807688, 0.124994, 0.751476, -0.432697, 0.498053, -0.002831, -0.307703, -0.897628, -0.315566, -1.2e-05, 0.0, 0.0, 0.0, 1.0],
                [0.583611, 0.083888, -0.807688, 0.124994, 0.751476, -0.432697, 0.498053, -0.002831, -0.307703, -0.897628, -0.315566, -1.2e-05, 0.0, 0.0, 0.0, 1.0],
                [0.583611, 0.083888, -0.807688, 0.124994, 0.751476, -0.432697, 0.498053, -0.002831, -0.307703, -0.897628, -0.315566, -1.2e-05, 0.0, 0.0, 0.0, 1.0],
                [0.583611, 0.083888, -0.807688, 0.124994, 0.751476, -0.432697, 0.498053, -0.002831, -0.307703, -0.897628, -0.315566, -1.2e-05, 0.0, 0.0, 0.0, 1.0],
                [0.583611, 0.083888, -0.807688, 0.124994, 0.751476, -0.432697, 0.498053, -0.002831, -0.307703, -0.897628, -0.315566, -1.2e-05, 0.0, 0.0, 0.0, 1.0],
                [0.583611, 0.083888, -0.807688, 0.124994, 0.751476, -0.432697, 0.498053, -0.002831, -0.307703, -0.897628, -0.315566, -1.2e-05, 0.0, 0.0, 0.0, 1.0],
                [0.587092, 0.085803, -0.804961, 0.124994, 0.746043, -0.443336, 0.496864, -0.002831, -0.314235, -0.89224, -0.324292, -1.2e-05, 0.0, 0.0, 0.0, 1.0],
                [0.597032, 0.090963, -0.797044, 0.124994, 0.730109, -0.473298, 0.492879, -0.002831, -0.332405, -0.876193, -0.348987, -1.2e-05, 0.0, 0.0, 0.0, 1.0],
                [0.612754, 0.098195, -0.784149, 0.124994, 0.703672, -0.519414, 0.484823, -0.002831, -0.359691, -0.848862, -0.38737, -1.1e-05, 0.0, 0.0, 0.0, 1.0],
                [0.633548, 0.106035, -0.766403, 0.124994, 0.666409, -0.578047, 0.470914, -0.002831, -0.393083, -0.809085, -0.436884, -1.1e-05, 0.0, 0.0, 0.0, 1.0],
                [0.658534, 0.112864, -0.74404, 0.124994, 0.618189, -0.644949, 0.449313, -0.002831, -0.429156, -0.755845, -0.494492, -1.2e-05, 0.0, 0.0, 0.0, 1.0],
                [0.686565, 0.117102, -0.717576, 0.124994, 0.559534, -0.715318, 0.418619, -0.002831, -0.464274, -0.688917, -0.556635, -1.2e-05, 0.0, 0.0, 0.0, 1.0],
                [0.716229, 0.117449, -0.687911, 0.124994, 0.491955, -0.784121, 0.378331, -0.002831, -0.494971, -0.609392, -0.619391, -1.2e-05, 0.0, 0.0, 0.0, 1.0],
                [0.745949, 0.113143, -0.656322, 0.124994, 0.418055, -0.84668, 0.329185, -0.002831, -0.518449, -0.519934, -0.67888, -1.1e-05, 0.0, 0.0, 0.0, 1.0],
                [0.774171, 0.104136, -0.624352, 0.124994, 0.341335, -0.89935, 0.273239, -0.002831, -0.533057, -0.424647, -0.731796, -1.2e-05, 0.0, 0.0, 0.0, 1.0],
