{
    "animation": [
        {
            "name": "Root",
            "time": [0.0, 0.0167, 0.0333, 0.05, 0.0667, 0.0833, 0.1, 0.1167, 0.1333, 0.15, 0.1667, 0.1833, 0.2, 0.2167, 0.2333, 0.25, 0.2667, 0.2833, 0.3, 0.3167, 0.3333, 0.35, 0.3667, 0.3833, 0.4, 0.4167, 0.4333, 0.45, 0.4667, 0.4833, 0.5, 0.5167, 0.5333, 0.55, 0.5667, 0.5833, 0.6, 0.6167, 0.6333, 0.65, 0.6667, 0.6833, 0.7, 0.7167, 0.7333, 0.75, 0.7667, 0.7833, 0.8, 0.8167, 0.8333, 0.85, 0.8667, 0.8833, 0.9, 0.9167, 0.9333, 0.95, 0.9667, 0.9833, 1.0, 1.0167, 1.0333, 1.05, 1.0667, 1.0833, 1.1, 1.1167, 1.1333, 1.15, 1.1667, 1.1833, 1.2, 1.2167, 1.2333, 1.25, 1.2667, 1.2833, 1.3, 1.3167, 1.3333, 1.35, 1.3667, 1.3833, 1.4, 1.4167, 1.4333, 1.45, 1.4667, 1.4833, 1.5, 1.5167, 1.5333, 1.55, 1.5667, 1.5833, 1.6, 1.6167, 1.6333, 1.65, 1.6667, 1.6833, 1.7, 1.7167, 1.7333, 1.75, 1.7667, 1.7833, 1.8, 1.8167, 1.8333, 1.85, 1.8667, 1.8833, 1.9, 1.9167, 1.9333, 1.95, 1.9667, 1.9833, 2.0, 2.0167, 2.0333, 2.05, 2.0667, 2.0833, 2.1, 2.1167, 2.1333, 2.15, 2.1667, 2.1833, 2.2, 2.2167, 2.2333, 2.25, 2.2667, 2.2833, 2.3, 2.3167, 2.3333, 2.35, 2.3667, 2.3833, 2.4, 2.4167, 2.4333, 2.45, 2.4667, 2.4833, 2.5, 2.5167, 2.5333, 2.55, 2.6167],
            "transform": [
                [0.688347, 0.238001, 0.685225, -5e-06, 0.607844, 0.32626, -0.723934, 0.000946, -0.395859, 0.914828, 0.079912, 0.763972, 0.0, 0.0, 0.0, 1.0],
                [0.691278, 0.237045, 0.682601, -5e-06, 0.606255, 0.32375, -0.726389, 0.00391, -0.393179, 0.915967, 0.080092, 0.763972, 0.0, 0.0, 0.0, 1.0],
                [0.699619, 0.234241, 0.675029, -5e-06, 0.601616, 0.316561, -0.733381, 0.012524, -0.385476, 0.919196, 0.080549, 0.763972, 0.0, 0.0, 0.0, 1.0],
                [0.712573, 0.229639, 0.662952, -5e-06, 0.594058, 0.30525, -0.744257, 0.026375, -0.373277, 0.924169, 0.081094, 0.763972, 0.0, 0.0, 0.0, 1.0],
                [0.729235, 0.223252, 0.646819, -5e-06, 0.583667, 0.290427, -0.758278, 0.045051, -0.357141, 0.930489, 0.081485, 0.763972, 0.0, 0.0, 0.0, 1.0],
                [0.748653, 0.215092, 0.6271, -5e-06, 0.570533, 0.272732, -0.774667, 0.068137, -0.337655, 0.937738, 0.081464, 0.763972, 0.0, 0.0, 0.0, 1.0],
                [0.769879, 0.205201, 0.6043, -5e-06, 0.554787, 0.252819, -0.79265, 0.095221, -0.315431, 0.945503, 0.080798, 0.763972, 0.0, 0.0, 0.0, 1.0],
                [0.792019, 0.193669, 0.578963, -5e-06, 0.536628, 0.231338, -0.811488, 0.125888, -0.291096, 0.953402, 0.079296, 0.763972, 0.0, 0.0, 0.0, 1.0],
                [0.814267, 0.180647, 0.551667, -5e-06, 0.51633, 0.20891, -0.830518, 0.159726, -0.265279, 0.961105, 0.076836, 0.763972, 0.0, 0.0, 0.0, 1.0],
                [0.835939, 0.166345, 0.523006, -5e-06, 0.494246, 0.186116, -0.849165, 0.196322, -0.238594, 0.968344, 0.073366, 0.763972, 0.0, 0.0, 0.0, 1.0],
                [0.856486, 0.151026, 0.493581, -5e-06, 0.470795, 0.163472, -0.866966, 0.235261, -0.211621, 0.974919, 0.068909, 0.763972, 0.0, 0.0, 0.0, 1.0],
                [0.875503, 0.134994, 0.463973, -5e-06, 0.446439, 0.141429, -0.883567, 0.27613, -0.184896, 0.980701, 0.063554, 0.763972, 0.0, 0.0, 0.0, 1.0],
                [0.892719, 0.118578, 0.434731, -5e-06, 0.42167, 0.120356, -0.898726, 0.318516, -0.158892, 0.985623, 0.057444, 0.763972, 0.0, 0.0, 0.0, 1.0],
                [0.907989, 0.102115, 0.40636, -5e-06, 0.396982, 0.100551, -0.912302, 0.362006, -0.134019, 0.989678, 0.050762, 0.763972, 0.0, 0.0, 0.0, 1.0],
                [0.921271, 0.085941, 0.379308, -5e-06, 0.372857, 0.082237, -0.924237, 0.406186, -0.110623, 0.9929, 0.043719, 0.763972, 0.0, 0.0, 0.0, 1.0],
                [0.932606, 0.070378, 0.353967, -5e-06, 0.349754, 0.065576, -0.934544, 0.450643, -0.088983, 0.995363, 0.036541, 0.763972, 0.0, 0.0, 0.0, 1.0],
                [0.942097, 0.055729, 0.330677, -5e-06, 0.328096, 0.050676, -0.943284, 0.494964, -0.069325, 0.997159, 0.029458, 0.763972, 0.0, 0.0, 0.0, 1.0],
                [0.949885, 0.042273, 0.309729, -5e-06, 0.308274, 0.037609, -0.950554, 0.538734, -0.051832, 0.998398, 0.022693, 0.763972, 0.0, 0.0, 0.0, 1.0],
                [0.95613, 0.030269, 0.291376, -5e-06, 0.290643, 0.026419, -0.956467, 0.581542, -0.036649, 0.999193, 0.016462, 0.763972, 0.0, 0.0, 0.0, 1.0],
                [0.960995, 0.019955, 0.275846, -5e-06, 0.275532, 0.017137, -0.961139, 0.622972, -0.023907, 0.999654, 0.01097, 0.763972, 0.0, 0.0, 0.0, 1.0],
                [0.96463, 0.011555, 0.263354, -5e-06, 0.26325, 0.009794, -0.964678, 0.662613, -0.013726, 0.999885, 0.006406, 0.763972, 0.0, 0.0, 0.0, 1.0],
                [0.967159, 0.005285, 0.254117, -5e-06, 0.254096, 0.004437, -0.967169, 0.70005, -0.006239, 0.999976, 0.002948, 0.763972, 0.0, 0.0, 0.0, 1.0],
                [0.968664, 0.00136, 0.248372, -5e-06, 0.248371, 0.001135, -0.968664, 0.73487, -0.001599, 0.999998, 0.000761, 0.763972, 0.0, 0.0, 0.0, 1.0],
                [0.969171, 0.0, 0.246389, -5e-06, 0.246389, 0.0, -0.969171, 0.766659, 0.0, 1.0, 0.0, 0.763972, 0.0, 0.0, 0.0, 1.0],
                [0.969056, 0.0, 0.246843, -5e-06, 0.246843, 0.0, -0.969056, 0.795369, 0.0, 1.0, 0.0, 0.763972, 0.0, 0.0, 0.0, 1.0],
                [0.96872, 0.0, 0.248155, -5e-06, 0.248155, 0.0, -0.96872, 0.822405, 0.0, 1.0, 0.0, 0.763972, 0.0, 0.0, 0.0, 1.0],
                [0.968181, 0.0, 0.250249, -5e-06, 0.250249, 0.0, -0.968181, 0.849534, 0.0, 1.0, 0.0, 0.763972, 0.0, 0.0, 0.0, 1.0],
                [0.967453, 0.0, 0.25305, -5e-06, 0.25305, 0.0, -0.967453, 0.878527, 0.0, 1.0, 0.0, 0.763972, 0.0, 0.0, 0.0, 1.0],
                [0.966549, 0.0, 0.256481, -5e-06, 0.256481, 0.0, -0.966549, 0.911151, 0.0, 1.0, 0.0, 0.763972, 0.0, 0.0, 0.0, 1.0],
                [0.965483, 0.0, 0.260467, -5e-06, 0.260467, 0.0, -0.965483, 0.949177, 0.0, 1.0, 0.0, 0.763972, 0.0, 0.0, 0.0, 1.0],
                [0.964268, 0.0, 0.26493, -5e-06, 0.26493, 0.0, -0.964268, 0.994372, 0.0, 1.0, 0.0, 0.763972, 0.0, 0.0, 0.0, 1.0],
                [0.962918, 0.0, 0.269794, -5e-06, 0.269794, 0.0, -0.962918, 1.048506, 0.0, 1.0, 0.0, 0.763972, 0.0, 0.0, 0.0, 1.0],
                [0.961449, 0.0, 0.274984, -5e-06, 0.274984, 0.0, -0.961449, 1.113348, 0.0, 1.0, 0.0, 0.763972, 0.0, 0.0, 0.0, 1.0],
                [0.959876, 0.0, 0.280424, -5e-06, 0.280424, 0.0, -0.959876, 1.190667, 0.0, 1.0, 0.0, 0.763972, 0.0, 0.0, 0.0, 1.0],
                [0.958218, 0.0, 0.286038, -5e-06, 0.286038, 0.0, -0.958218, 1.28223, 0.0, 1.0, 0.0, 0.763972, 0.0, 0.0, 0.0, 1.0],
                [0.956494, 0.0, 0.291751, -5e-06, 0.291751, 0.0, -0.956494, 1.389128, 0.0, 1.0, 0.0, 0.763972, 0.0, 0.0, 0.0, 1.0],
                [0.954725, 0.0, 0.297489, -5e-06, 0.297489, 0.0, -0.954725, 1.509721, 0.0, 1.0, 0.0, 0.763972, 0.0, 0.0, 0.0, 1.0],
                [0.952934, 0.0, 0.303179, -5e-06, 0.303179, 0.0, -0.952934, 1.641692, 0.0, 1.0, 0.0, 0.763972, 0.0, 0.0, 0.0, 1.0],
                [0.951144, 0.0, 0.308747, -5e-06, 0.308747, 0.0, -0.951144, 1.782721, 0.0, 1.0, 0.0, 0.763972, 0.0, 0.0, 0.0, 1.0],
                [0.949383, 0.0, 0.31412, -5e-06, 0.31412, 0.0, -0.949383, 1.930491, 0.0, 1.0, 0.0, 0.763972, 0.0, 0.0, 0.0, 1.0],
                [0.947679, 0.0, 0.319226, -5e-06, 0.319226, 0.0, -0.947679, 2.082684, 0.0, 1.0, 0.0, 0.763972, 0.0, 0.0, 0.0, 1.0],
                [0.946059, 0.0, 0.323996, -5e-06, 0.323996, 0.0, -0.946059, 2.236979, 0.0, 1.0, 0.0, 0.763972, 0.0, 0.0, 0.0, 1.0],
                [0.944554, 0.0, 0.328356, -5e-06, 0.328356, 0.0, -0.944554, 2.391061, 0.0, 1.0, 0.0, 0.763972, 0.0, 0.0, 0.0, 1.0],
                [0.943195, 0.0, 0.332238, -5e-06, 0.332238, 0.0, -0.943195, 2.542608, 0.0, 1.0, 0.0, 0.763972, 0.0, 0.0, 0.0, 1.0],
                [0.942015, 0.0, 0.335572, -5e-06, 0.335572, 0.0, -0.942015, 2.689304, 0.0, 1.0, 0.0, 0.763972, 0.0, 0.0, 0.0, 1.0],
                [0.941043, 0.0, 0.338287, -5e-06, 0.338287, 0.0, -0.941043, 2.828829, 0.0, 1.0, 0.0, 0.763972, 0.0, 0.0, 0.0, 1.0],
                [0.940312, 0.0, 0.340314, -5e-06, 0.340314, 0.0, -0.940312, 2.958866, 0.0, 1.0, 0.0, 0.763972, 0.0, 0.0, 0.0, 1.0],
                [0.939852, 0.0, 0.341582, -5e-06, 0.341582, 0.0, -0.939852, 3.077096, 0.0, 1.0, 0.0, 0.763972, 0.0, 0.0, 0.0, 1.0],
                [0.939693, 0.0, 0.34202, -5e-06, 0.34202, 0.0, -0.939693, 3.181199, 0.0, 1.0, 0.0, 0.763972, 0.0, 0.0, 0.0, 1.0],
                [0.939693, 0.0, 0.34202, -5e-06, 0.34202, 0.0, -0.939693, 3.269458, 0.0, 1.0, 0.0, 0.763972, 0.0, 0.0, 0.0, 1.0],
                [0.939693, 0.0, 0.34202, -5e-06, 0.34202, 0.0, -0.939693, 3.34255, 0.0, 1.0, 0.0, 0.763972, 0.0, 0.0, 0.0, 1.0],
                [0.939693, 0.0, 0.34202, -5e-06, 0.34202, 0.0, -0.939693, 3.401752, 0.0, 1.0, 0.0, 0.763972, 0.0, 0.0, 0.0, 1.0],
                [0.939693, 0.0, 0.34202, -5e-06, 0.34202, 0.0, -0.939693, 3.448342, 0.0, 1.0, 0.0, 0.763972, 0.0, 0.0, 0.0, 1.0],
                [0.939693, 0.0, 0.34202, -5e-06, 0.34202, 0.0, -0.939693, 3.483596, 0.0, 1.0, 0.0, 0.763972, 0.0, 0.0, 0.0, 1.0],
                [0.939693, 0.0, 0.34202, -5e-06, 0.34202, 0.0, -0.939693, 3.508793, 0.0, 1.0, 0.0, 0.763972, 0.0, 0.0, 0.0, 1.0],
                [0.939693, 0.0, 0.34202, -5e-06, 0.34202, 0.0, -0.939693, 3.52521, 0.0, 1.0, 0.0, 0.763972, 0.0, 0.0, 0.0, 1.0],
                [0.939693, 0.0, 0.34202, -5e-06, 0.34202, 0.0, -0.939693, 3.534123, 0.0, 1.0, 0.0, 0.763972, 0.0, 0.0, 0.0, 1.0],
                [0.939693, 0.0, 0.34202, -5e-06, 0.34202, 0.0, -0.939693, 3.53681, 0.0, 1.0, 0.0, 0.763972, 0.0, 0.0, 0.0, 1.0],
                [0.939693, 0.0, 0.34202, -5e-06, 0.34202, 0.0, -0.939693, 3.53681, 0.0, 1.0, 0.0, 0.763972, 0.0, 0.0, 0.0, 1.0],
                [0.939693, 0.0, 0.34202, -5e-06, 0.34202, 0.0, -0.939693, 3.53681, 0.0, 1.0, 0.0, 0.763972, 0.0, 0.0, 0.0, 1.0],
                [0.939693, 0.0, 0.34202, -5e-06, 0.34202, 0.0, -0.939693, 3.53681, 0.0, 1.0, 0.0, 0.763972, 0.0, 0.0, 0.0, 1.0],
                [0.939693, 0.0, 0.34202, -5e-06, 0.34202, 0.0, -0.939693, 3.53681, 0.0, 1.0, 0.0, 0.763972, 0.0, 0.0, 0.0, 1.0],
                [0.939693, 0.0, 0.34202, -5e-06, 0.34202, 0.0, -0.939693, 3.53681, 0.0, 1.0, 0.0, 0.763972, 0.0, 0.0, 0.0, 1.0],
                [0.939693, 0.0, 0.34202, -5e-06, 0.34202, 0.0, -0.939693, 3.53681, 0.0, 1.0, 0.0, 0.763972, 0.0, 0.0, 0.0, 1.0],
                [0.939693, 0.0, 0.34202, -5e-06, 0.34202, 0.0, -0.939693, 3.53681, 0.0, 1.0, 0.0, 0.763972, 0.0, 0.0, 0.0, 1.0],
                [0.939693, 0.0, 0.34202, -5e-06, 0.34202, 0.0, -0.939693, 3.53681, 0.0, 1.0, 0.0, 0.763972, 0.0, 0.0, 0.0, 1.0],
                [0.939693, 0.0, 0.34202, -5e-06, 0.34202, 0.0, -0.939693, 3.53681, 0.0, 1.0, 0.0, 0.763972, 0.0, 0.0, 0.0, 1.0],
                [0.939693, 0.0, 0.34202, -5e-06, 0.34202, 0.0, -0.939693, 3.53681, 0.0, 1.0, 0.0, 0.763972, 0.0, 0.0, 0.0, 1.0],
                [0.939693, 0.0, 0.34202, -5e-06, 0.34202, 0.0, -0.939693, 3.53681, 0.0, 1.0, 0.0, 0.763972, 0.0, 0.0, 0.0, 1.0],
                [0.939693, 0.0, 0.34202, -5e-06, 0.34202, 0.0, -0.939693, 3.53681, 0.0, 1.0, 0.0, 0.763972, 0.0, 0.0, 0.0, 1.0],
                [0.939693, 0.0, 0.34202, -5e-06, 0.34202, 0.0, -0.939693, 3.53681, 0.0, 1.0, 0.0, 0.763972, 0.0, 0.0, 0.0, 1.0],
                [0.939693, 0.0, 0.34202, -5e-06, 0.34202, 0.0, -0.939693, 3.53681, 0.0, 1.0, 0.0, 0.763972, 0.0, 0.0, 0.0, 1.0],
                [0.939693, 0.0, 0.34202, -5e-06, 0.34202, 0.0, -0.939693, 3.53681, 0.0, 1.0, 0.0, 0.763972, 0.0, 0.0, 0.0, 1.0],
                [0.939693, 0.0, 0.34202, -5e-06, 0.34202, 0.0, -0.939693, 3.53681, 0.0, 1.0, 0.0, 0.763972, 0.0, 0.0, 0.0, 1.0],
                [0.939693, 0.0, 0.34202, -5e-06, 0.34202, 0.0, -0.939693, 3.53681, 0.0, 1.0, 0.0, 0.763972, 0.0, 0.0, 0.0, 1.0],
                [0.939693, 0.0, 0.34202, -5e-06, 0.34202, 0.0, -0.939693, 3.53681, 0.0, 1.0, 0.0, 0.763972, 0.0, 0.0, 0.0, 1.0],
                [0.939693, 0.0, 0.34202, -5e-06, 0.34202, 0.0, -0.939693, 3.53681, 0.0, 1.0, 0.0, 0.763972, 0.0, 0.0, 0.0, 1.0],
                [0.939693, 0.0, 0.34202, -5e-06, 0.34202, 0.0, -0.939693, 3.53681, 0.0, 1.0, 0.0, 0.763972, 0.0, 0.0, 0.0, 1.0],
                [0.939693, 0.0, 0.34202, -5e-06, 0.34202, 0.0, -0.939693, 3.53681, 0.0, 1.0, 0.0, 0.763972, 0.0, 0.0, 0.0, 1.0],
                [0.939693, 0.0, 0.34202, -5e-06, 0.34202, 0.0, -0.939693, 3.53681, 0.0, 1.0, 0.0, 0.763972, 0.0, 0.0, 0.0, 1.0],
                [0.939693, 0.0, 0.34202, -5e-06, 0.34202, 0.0, -0.939693, 3.53681, 0.0, 1.0, 0.0, 0.763972, 0.0, 0.0, 0.0, 1.0],
                [0.939693, 0.0, 0.34202, -5e-06, 0.34202, 0.0, -0.939693, 3.53681, 0.0, 1.0, 0.0, 0.763972, 0.0, 0.0, 0.0, 1.0],
                [0.939693, 0.0, 0.34202, -5e-06, 0.34202, 0.0, -0.939693, 3.53681, 0.0, 1.0, 0.0, 0.763972, 0.0, 0.0, 0.0, 1.0],
                [0.939693, 0.0, 0.34202, -5e-06, 0.34202, 0.0, -0.939693, 3.53681, 0.0, 1.0, 0.0, 0.763972, 0.0, 0.0, 0.0, 1.0],
                [0.939693, 0.0, 0.34202, -5e-06, 0.34202, 0.0, -0.939693, 3.53681, 0.0, 1.0, 0.0, 0.763972, 0.0, 0.0, 0.0, 1.0],
                [0.939693, 0.0, 0.34202, -5e-06, 0.34202, 0.0, -0.939693, 3.53681, 0.0, 1.0, 0.0, 0.763972, 0.0, 0.0, 0.0, 1.0],
                [0.939693, 0.0, 0.34202, -5e-06, 0.34202, 0.0, -0.939693, 3.53681, 0.0, 1.0, 0.0, 0.763972, 0.0, 0.0, 0.0, 1.0],
                [0.939693, 0.0, 0.34202, -5e-06, 0.34202, 0.0, -0.939693, 3.53681, 0.0, 1.0, 0.0, 0.763972, 0.0, 0.0, 0.0, 1.0],
                [0.939693, 0.0, 0.34202, -5e-06, 0.34202, 0.0, -0.939693, 3.53681, 0.0, 1.0, 0.0, 0.763972, 0.0, 0.0, 0.0, 1.0],
                [0.939693, 0.0, 0.34202, -5e-06, 0.34202, 0.0, -0.939693, 3.53681, 0.0, 1.0, 0.0, 0.763972, 0.0, 0.0, 0.0, 1.0],
                [0.939693, 0.0, 0.34202, -5e-06, 0.34202, 0.0, -0.939693, 3.53681, 0.0, 1.0, 0.0, 0.763972, 0.0, 0.0, 0.0, 1.0],
                [0.939693, 0.0, 0.34202, -5e-06, 0.34202, 0.0, -0.939693, 3.53681, 0.0, 1.0, 0.0, 0.763972, 0.0, 0.0, 0.0, 1.0],
                [0.939693, 0.0, 0.34202, -5e-06, 0.34202, 0.0, -0.939693, 3.53681, 0.0, 1.0, 0.0, 0.763972, 0.0, 0.0, 0.0, 1.0],
                [0.939693, 0.0, 0.34202, -5e-06, 0.34202, 0.0, -0.939693, 3.53681, 0.0, 1.0, 0.0, 0.763972, 0.0, 0.0, 0.0, 1.0],
                [0.939693, 0.0, 0.34202, -5e-06, 0.34202, 0.0, -0.939693, 3.53681, 0.0, 1.0, 0.0, 0.763972, 0.0, 0.0, 0.0, 1.0],
                [0.939693, 0.0, 0.34202, -5e-06, 0.34202, 0.0, -0.939693, 3.53681, 0.0, 1.0, 0.0, 0.763972, 0.0, 0.0, 0.0, 1.0],
                [0.939693, 0.0, 0.34202, -5e-06, 0.34202, 0.0, -0.939693, 3.53681, 0.0, 1.0, 0.0, 0.763972, 0.0, 0.0, 0.0, 1.0],
                [0.939693, 0.0, 0.34202, -5e-06, 0.34202, 0.0, -0.939693, 3.53681, 0.0, 1.0, 0.0, 0.763972, 0.0, 0.0, 0.0, 1.0],
                [0.939693, 0.0, 0.34202, -5e-06, 0.34202, 0.0, -0.939693, 3.53681, 0.0, 1.0, 0.0, 0.763972, 0.0, 0.0, 0.0, 1.0],
                [0.939693, 0.0, 0.34202, -5e-06, 0.34202, 0.0, -0.939693, 3.53681, 0.0, 1.0, 0.0, 0.763972, 0.0, 0.0, 0.0, 1.0],
                [0.939693, 0.0, 0.34202, -5e-06, 0.34202, 0.0, -0.939693, 3.53681, 0.0, 1.0, 0.0, 0.763972, 0.0, 0.0, 0.0, 1.0],
                [0.939693, 0.0, 0.34202, -5e-06, 0.34202, 0.0, -0.939693, 3.53681, 0.0, 1.0, 0.0, 0.763972, 0.0, 0.0, 0.0, 1.0],
                [0.939693, 0.0, 0.34202, -5e-06, 0.34202, 0.0, -0.939693, 3.53681, 0.0, 1.0, 0.0, 0.763972, 0.0, 0.0, 0.0, 1.0],
                [0.939693, 0.0, 0.34202, -5e-06, 0.34202, 0.0, -0.939693, 3.53681, 0.0, 1.0, 0.0, 0.763972, 0.0, 0.0, 0.0, 1.0],
                [0.939693, 0.0, 0.34202, -5e-06, 0.34202, 0.0, -0.939693, 3.53681, 0.0, 1.0, 0.0, 0.763972, 0.0, 0.0, 0.0, 1.0],
                [0.939693, 0.0, 0.34202, -5e-06, 0.34202, 0.0, -0.939693, 3.53681, 0.0, 1.0, 0.0, 0.763972, 0.0, 0.0, 0.0, 1.0],
                [0.939693, 0.0, 0.34202, -5e-06, 0.34202, 0.0, -0.939693, 3.53681, 0.0, 1.0, 0.0, 0.763972, 0.0, 0.0, 0.0, 1.0],
                [0.939693, 0.0, 0.34202, -5e-06, 0.34202, 0.0, -0.939693, 3.53681, 0.0, 1.0, 0.0, 0.763972, 0.0, 0.0, 0.0, 1.0],
                [0.939693, 0.0, 0.34202, -5e-06, 0.34202, 0.0, -0.939693, 3.53681, 0.0, 1.0, 0.0, 0.763972, 0.0, 0.0, 0.0, 1.0],
                [0.939693, 0.0, 0.34202, -5e-06, 0.34202, 0.0, -0.939693, 3.53681, 0.0, 1.0, 0.0, 0.763972, 0.0, 0.0, 0.0, 1.0],
                [0.939693, 0.0, 0.34202, -5e-06, 0.34202, 0.0, -0.939693, 3.53681, 0.0, 1.0, 0.0, 0.763972, 0.0, 0.0, 0.0, 1.0],
                [0.939693, 0.0, 0.34202, -5e-06, 0.34202, 0.0, -0.939693, 3.53681, 0.0, 1.0, 0.0, 0.763972, 0.0, 0.0, 0.0, 1.0],
                [0.939693, 0.0, 0.34202, -5e-06, 0.34202, 0.0, -0.939693, 3.53681, 0.0, 1.0, 0.0, 0.763972, 0.0, 0.0, 0.0, 1.0],
                [0.939693, 0.0, 0.34202, -5e-06, 0.34202, 0.0, -0.939693, 3.535421, 0.0, 1.0, 0.0, 0.76405, 0.0, 0.0, 0.0, 1.0],
                [0.939693, 0.0, 0.34202, -5e-06, 0.34202, 0.0, -0.939693, 3.531305, 0.0, 1.0, 0.0, 0.764278, 0.0, 0.0, 0.0, 1.0],
                [0.939693, 0.0, 0.34202, -5e-06, 0.34202, 0.0, -0.939693, 3.524534, 0.0, 1.0, 0.0, 0.764642, 0.0, 0.0, 0.0, 1.0],
                [0.939693, 0.0, 0.34202, -5e-06, 0.34202, 0.0, -0.939693, 3.515183, 0.0, 1.0, 0.0, 0.76513, 0.0, 0.0, 0.0, 1.0],
                [0.939693, 0.0, 0.34202, -5e-06, 0.34202, 0.0, -0.939693, 3.503325, 0.0, 1.0, 0.0, 0.76573, 0.0, 0.0, 0.0, 1.0],
                [0.939693, 0.0, 0.34202, -5e-06, 0.34202, 0.0, -0.939693, 3.489035, 0.0, 1.0, 0.0, 0.766429, 0.0, 0.0, 0.0, 1.0],
                [0.939693, 0.0, 0.34202, -5e-06, 0.34202, 0.0, -0.939693, 3.472386, 0.0, 1.0, 0.0, 0.767216, 0.0, 0.0, 0.0, 1.0],
                [0.939693, 0.0, 0.34202, -5e-06, 0.34202, 0.0, -0.939693, 3.453451, 0.0, 1.0, 0.0, 0.768076, 0.0, 0.0, 0.0, 1.0],
                [0.939693, 0.0, 0.34202, -5e-06, 0.34202, 0.0, -0.939693, 3.432305, 0.0, 1.0, 0.0, 0.768999, 0.0, 0.0, 0.0, 1.0],
                [0.939693, 0.0, 0.34202, -5e-06, 0.34202, 0.0, -0.939693, 3.409021, 0.0, 1.0, 0.0, 0.769972, 0.0, 0.0, 0.0, 1.0],
                [0.939693, 0.0, 0.34202, -5e-06, 0.34202, 0.0, -0.939693, 3.383673, 0.0, 1.0, 0.0, 0.770981, 0.0, 0.0, 0.0, 1.0],
                [0.939693, 0.0, 0.34202, -5e-06, 0.34202, 0.0, -0.939693, 3.356335, 0.0, 1.0, 0.0, 0.772016, 0.0, 0.0, 0.0, 1.0],
                [0.939693, 0.0, 0.34202, -5e-06, 0.34202, 0.0, -0.939693, 3.32708, 0.0, 1.0, 0.0, 0.773063, 0.0, 0.0, 0.0, 1.0],
                [0.939693, 0.0, 0.34202, -5e-06, 0.34202, 0.0, -0.939693, 3.295984, 0.0, 1.0, 0.0, 0.774109, 0.0, 0.0, 0.0, 1.0],
                [0.939693, 0.0, 0.34202, -5e-06, 0.34202, 0.0, -0.939693, 3.263118, 0.0, 1.0, 0.0, 0.775144, 0.0, 0.0, 0.0, 1.0],
                [0.939693, 0.0, 0.34202, -5e-06, 0.34202, 0.0, -0.939693, 3.228557, 0.0, 1.0, 0.0, 0.776154, 0.0, 0.0, 0.0, 1.0],
                [0.939693, 0.0, 0.34202, -5e-06, 0.34202, 0.0, -0.939693, 3.192375, 0.0, 1.0, 0.0, 0.777126, 0.0, 0.0, 0.0, 1.0],
                [0.939693, 0.0, 0.34202, -5e-06, 0.34202, 0.0, -0.939693, 3.154646, 0.0, 1.0, 0.0, 0.778049, 0.0, 0.0, 0.0, 1.0],
                [0.939693, 0.0, 0.34202, -5e-06, 0.34202, 0.0, -0.939693, 3.115443, 0.0, 1.0, 0.0, 0.778909, 0.0, 0.0, 0.0, 1.0],
                [0.939693, 0.0, 0.34202, -5e-06, 0.34202, 0.0, -0.939693, 3.07484, 0.0, 1.0, 0.0, 0.779696, 0.0, 0.0, 0.0, 1.0],
                [0.939693, 0.0, 0.34202, -5e-06, 0.34202, 0.0, -0.939693, 3.032911, 0.0, 1.0, 0.0, 0.780395, 0.0, 0.0, 0.0, 1.0],
                [0.939693, 0.0, 0.34202, -5e-06, 0.34202, 0.0, -0.939693, 2.989729, 0.0, 1.0, 0.0, 0.780995, 0.0, 0.0, 0.0, 1.0],
                [0.939693, 0.0, 0.34202, -5e-06, 0.34202, 0.0, -0.939693, 2.945369, 0.0, 1.0, 0.0, 0.781483, 0.0, 0.0, 0.0, 1.0],
                [0.939693, 0.0, 0.34202, -5e-06, 0.34202, 0.0, -0.939693, 2.899904, 0.0, 1.0, 0.0, 0.781847, 0.0, 0.0, 0.0, 1.0],
                [0.939693, 0.0, 0.34202, -5e-06, 0.34202, 0.0, -0.939693, 2.853409, 0.0, 1.0, 0.0, 0.782075, 0.0, 0.0, 0.0, 1.0],
                [0.939693, 0.0, 0.34202, -5e-06, 0.34202, 0.0, -0.939693, 2.805955, 0.0, 1.0, 0.0, 0.782154, 0.0, 0.0, 0.0, 1.0],
                [0.939693, 0.0, 0.34202, -5e-06, 0.34202, 0.0, -0.939693, 2.757697, 0.0, 1.0, 0.0, 0.782154, 0.0, 0.0, 0.0, 1.0],
                [0.939693, 0.0, 0.34202, -5e-06, 0.34202, 0.0, -0.939693, 2.709099, 0.0, 1.0, 0.0, 0.782154, 0.0, 0.0, 0.0, 1.0],
                [0.939693, 0.0, 0.34202, -5e-06, 0.34202, 0.0, -0.939693, 2.660705, 0.0, 1.0, 0.0, 0.782154, 0.0, 0.0, 0.0, 1.0],
                [0.939693, 0.0, 0.34202, -5e-06, 0.34202, 0.0, -0.939693, 2.613058, 0.0, 1.0, 0.0, 0.782154, 0.0, 0.0, 0.0, 1.0],
                [0.939693, 0.0, 0.34202, -5e-06, 0.34202, 0.0, -0.939693, 2.566703, 0.0, 1.0, 0.0, 0.782154, 0.0, 0.0, 0.0, 1.0],
                [0.939693, 0.0, 0.34202, -5e-06, 0.34202, 0.0, -0.939693, 2.522182, 0.0, 1.0, 0.0, 0.782154, 0.0, 0.0, 0.0, 1.0],
                [0.939693, 0.0, 0.34202, -5e-06, 0.34202, 0.0, -0.939693, 2.480039, 0.0, 1.0, 0.0, 0.782154, 0.0, 0.0, 0.0, 1.0],
                [0.939693, 0.0, 0.34202, -5e-06, 0.34202, 0.0, -0.939693, 2.440819, 0.0, 1.0, 0.0, 0.782154, 0.0, 0.0, 0.0, 1.0],
                [0.939693, 0.0, 0.34202, -5e-06, 0.34202, 0.0, -0.939693, 2.405064, 0.0, 1.0, 0.0, 0.782154, 0.0, 0.0, 0.0, 1.0],
                [0.939693, 0.0, 0.34202, -5e-06, 0.34202, 0.0, -0.939693, 2.373318, 0.0, 1.0, 0.0, 0.782154, 0.0, 0.0, 0.0, 1.0],
                [0.939693, 0.0, 0.34202, -5e-06, 0.34202, 0.0, -0.939693, 2.346125, 0.0, 1.0, 0.0, 0.782154, 0.0, 0.0, 0.0, 1.0],
                [0.939693, 0.0, 0.34202, -5e-06, 0.34202, 0.0, -0.939693, 2.324029, 0.0, 1.0, 0.0, 0.782154, 0.0, 0.0, 0.0, 1.0],
                [0.939693, 0.0, 0.34202, -5e-06, 0.34202, 0.0, -0.939693, 2.307573, 0.0, 1.0, 0.0, 0.782154, 0.0, 0.0, 0.0, 1.0],
                [0.939693, 0.0, 0.34202, -5e-06, 0.34202, 0.0, -0.939693, 2.297301, 0.0, 1.0, 0.0, 0.782154, 0.0, 0.0, 0.0, 1.0],
                [0.939693, 0.0, 0.34202, -5e-06, 0.34202, 0.0, -0.939693, 2.293756, 0.0, 1.0, 0.0, 0.782154, 0.0, 0.0, 0.0, 1.0],
                [0.939693, 0.0, 0.34202, -5e-06, 0.34202, 0.0, -0.939693, 2.293756, 0.0, 1.0, 0.0, 0.782154, 0.0, 0.0, 0.0, 1.0]
            ]
        },
        {
            "name": "Thigh_R",
            "time": [0.0, 0.0167, 0.0333, 0.05, 0.0667, 0.0833, 0.1, 0.1167, 0.1333, 0.15, 0.1667, 0.1833, 0.2, 0.2167, 0.2333, 0.25, 0.2667, 0.2833, 0.3, 0.3167, 0.3333, 0.35, 0.3667, 0.3833, 0.4, 0.4167, 0.4333, 0.45, 0.4667, 0.4833, 0.5, 0.5167, 0.5333, 0.55, 0.5667, 0.5833, 0.6, 0.6167, 0.6333, 0.65, 0.6667, 0.6833, 0.7, 0.7167, 0.7333, 0.75, 0.7667, 0.7833, 0.8, 0.8167, 0.8333, 0.85, 0.8667, 0.8833, 0.9, 0.9167, 0.9333, 0.95, 0.9667, 0.9833, 1.0, 1.0167, 1.0333, 1.05, 1.0667, 1.0833, 1.1, 1.1167, 1.1333, 1.15, 1.1667, 1.1833, 1.2, 1.2167, 1.2333, 1.25, 1.2667, 1.2833, 1.3, 1.3167, 1.3333, 1.35, 1.3667, 1.3833, 1.4, 1.4167, 1.4333, 1.45, 1.4667, 1.4833, 1.5, 1.5167, 1.5333, 1.55, 1.5667, 1.5833, 1.6, 1.6167, 1.6333, 1.65, 1.6667, 1.6833, 1.7, 1.7167, 1.7333, 1.75, 1.7667, 1.7833, 1.8, 1.8167, 1.8333, 1.85, 1.8667, 1.8833, 1.9, 1.9167, 1.9333, 1.95, 1.9667, 1.9833, 2.0, 2.0167, 2.0333, 2.05, 2.0667, 2.0833, 2.1, 2.1167, 2.1333, 2.15, 2.1667, 2.1833, 2.2, 2.2167, 2.2333, 2.25, 2.2667, 2.2833, 2.3, 2.3167, 2.3333, 2.35, 2.3667, 2.3833, 2.4, 2.4167, 2.4333, 2.45, 2.4667, 2.4833, 2.6167],
            "transform": [
                [-0.230653, -0.105769, 0.96727, 0.124994, 0.639801, -0.765448, 0.068865, -0.002831, 0.733112, 0.634745, 0.244225, -1.2e-05, 0.0, 0.0, 0.0, 1.0],
                [-0.228131, -0.102456, 0.968225, 0.124994, 0.637906, -0.767004, 0.069138, -0.002831, 0.735549, 0.633409, 0.240335, -1.2e-05, 0.0, 0.0, 0.0, 1.0],
                [-0.220673, -0.092777, 0.970925, 0.124994, 0.632334, -0.771527, 0.069995, -0.002831, 0.742601, 0.629395, 0.228921, -1.2e-05, 0.0, 0.0, 0.0, 1.0],
                [-0.20832, -0.077102, 0.975017, 0.124994, 0.623203, -0.778778, 0.071569, -0.002831, 0.753804, 0.622543, 0.210286, -1.2e-05, 0.0, 0.0, 0.0, 1.0],
                [-0.190969, -0.055796, 0.980009, 0.124994, 0.610572, -0.788487, 0.074087, -0.002831, 0.768591, 0.612515, 0.184644, -1.2e-05, 0.0, 0.0, 0.0, 1.0],
                [-0.168417, -0.029252, 0.985282, 0.124994, 0.594471, -0.800339, 0.077854, -0.002831, 0.786282, 0.598833, 0.15218, -1.2e-05, 0.0, 0.0, 0.0, 1.0],
                [-0.140408, 0.002077, 0.990091, 0.124994, 0.574922, -0.813963, 0.083239, -0.002831, 0.806071, 0.580913, 0.113093, -1.2e-05, 0.0, 0.0, 0.0, 1.0],
                [-0.106679, 0.037633, 0.993581, 0.124994, 0.551977, -0.828916, 0.090661, -0.002831, 0.827007, 0.558105, 0.067655, -1.2e-05, 0.0, 0.0, 0.0, 1.0],
                [-0.067016, 0.076723, 0.994798, 0.124994, 0.52574, -0.84468, 0.100563, -0.002831, 0.848001, 0.529745, 0.016271, -1.2e-05, 0.0, 0.0, 0.0, 1.0],
                [-0.021317, 0.118488, 0.992727, 0.124994, 0.496409, -0.860652, 0.113384, -0.002831, 0.867827, 0.495216, -0.040472, -1.2e-05, 0.0, 0.0, 0.0, 1.0],
                [0.030342, 0.161888, 0.986343, 0.124994, 0.464298, -0.876157, 0.129521, -0.002831, 0.885159, 0.454027, -0.101749, -1.2e-05, 0.0, 0.0, 0.0, 1.0],
                [0.087646, 0.205712, 0.97468, 0.124994, 0.429862, -0.890468, 0.149284, -0.002831, 0.898631, 0.405894, -0.166474, -1.2e-05, 0.0, 0.0, 0.0, 1.0],
                [0.149995, 0.248612, 0.956919, 0.124994, 0.393706, -0.902839, 0.17285, -0.002831, 0.906916, 0.350818, -0.233301, -1.2e-05, 0.0, 0.0, 0.0, 1.0],
                [0.216476, 0.289171, 0.93248, 0.124994, 0.356574, -0.912561, 0.200215, -0.002831, 0.908841, 0.289157, -0.300659, -1.2e-05, 0.0, 0.0, 0.0, 1.0],
                [0.285887, 0.325995, 0.901108, 0.124994, 0.319322, -0.919019, 0.231166, -0.002831, 0.903495, 0.221656, -0.366833, -1.2e-05, 0.0, 0.0, 0.0, 1.0],
                [0.356782, 0.357831, 0.862939, 0.124994, 0.282855, -0.92175, 0.265272, -0.002831, 0.890337, 0.149443, -0.430078, -1.2e-05, 0.0, 0.0, 0.0, 1.0],
                [0.427575, 0.383676, 0.818518, 0.124994, 0.248072, -0.9205, 0.301893, -0.002831, 0.869275, 0.073969, -0.488762, -1.2e-05, 0.0, 0.0, 0.0, 1.0],
                [0.496663, 0.402874, 0.768777, 0.124994, 0.215779, -0.91525, 0.34023, -0.002831, 0.840694, -0.003094, -0.541502, -1.2e-05, 0.0, 0.0, 0.0, 1.0],
                [0.56255, 0.41517, 0.714962, 0.124994, 0.18663, -0.90622, 0.379386, -0.002831, 0.805423, -0.079991, -0.587278, -1.2e-05, 0.0, 0.0, 0.0, 1.0],
                [0.623975, 0.42072, 0.658521, 0.124994, 0.161077, -0.893847, 0.418439, -0.002831, 0.764663, -0.155023, -0.625506, -1.2e-05, 0.0, 0.0, 0.0, 1.0],
                [0.679982, 0.420053, 0.600983, 0.124994, 0.139348, -0.878733, 0.456519, -0.002831, 0.719866, -0.22668, -0.656056, -1.2e-05, 0.0, 0.0, 0.0, 1.0],
                [0.729968, 0.413994, 0.543834, 0.124994, 0.121453, -0.861589, 0.492863, -0.002831, 0.672603, -0.293724, -0.679213, -1.2e-05, 0.0, 0.0, 0.0, 1.0],
                [0.773674, 0.403568, 0.488428, 0.124994, 0.107213, -0.843169, 0.526851, -0.002831, 0.624447, -0.355245, -0.695605, -1.2e-05, 0.0, 0.0, 0.0, 1.0],
                [0.81114, 0.389906, 0.435918, 0.124994, 0.096301, -0.824216, 0.558026, -0.002831, 0.576869, -0.410658, -0.706104, -1.2e-05, 0.0, 0.0, 0.0, 1.0],
                [0.84265, 0.374153, 0.387235, 0.124994, 0.088293, -0.805425, 0.586084, -0.002831, 0.531173, -0.459673, -0.711727, -1.2e-05, 0.0, 0.0, 0.0, 1.0],
                [0.868651, 0.357404, 0.343086, 0.124994, 0.082713, -0.787411, 0.610853, -0.002831, 0.488472, -0.50224, -0.713548, -1.2e-05, 0.0, 0.0, 0.0, 1.0],
                [0.889685, 0.340665, 0.303988, 0.124994, 0.079074, -0.770705, 0.632267, -0.002831, 0.449676, -0.538481, -0.712622, -1.2e-05, 0.0, 0.0, 0.0, 1.0],
                [0.906326, 0.324825, 0.270299, 0.124994, 0.076907, -0.75575, 0.650329, -0.002831, 0.415522, -0.568622, -0.709937, -1.2e-05, 0.0, 0.0, 0.0, 1.0],
                [0.919129, 0.310652, 0.242275, 0.124994, 0.075784, -0.742915, 0.665081, -0.002831, 0.386599, -0.592935, -0.706378, -1.2e-05, 0.0, 0.0, 0.0, 1.0],
                [0.928586, 0.2988, 0.220108, 0.124994, 0.075335, -0.73251, 0.676575, -0.002831, 0.363392, -0.611676, -0.702708, -1.2e-05, 0.0, 0.0, 0.0, 1.0],
                [0.935093, 0.289818, 0.203977, 0.124994, 0.075252, -0.724796, 0.684841, -0.002831, 0.346321, -0.625041, -0.699561, -1.2e-05, 0.0, 0.0, 0.0, 1.0],
                [0.938926, 0.284162, 0.194089, 0.124994, 0.075303, -0.720009, 0.689866, -0.002831, 0.33578, -0.633118, -0.697434, -1.2e-05, 0.0, 0.0, 0.0, 1.0],
                [0.940205, 0.282208, 0.190718, 0.124994, 0.075338, -0.718367, 0.691573, -0.002831, 0.332172, -0.635852, -0.696673, -1.2e-05, 0.0, 0.0, 0.0, 1.0],
                [0.940205, 0.282208, 0.190717, 0.124994, 0.075338, -0.718367, 0.691573, -0.002831, 0.332172, -0.635852, -0.696673, -1.2e-05, 0.0, 0.0, 0.0, 1.0],
                [0.940205, 0.282208, 0.190717, 0.124994, 0.075338, -0.718367, 0.691573, -0.002831, 0.332172, -0.635852, -0.696673, -1.2e-05, 0.0, 0.0, 0.0, 1.0],
                [0.940205, 0.282208, 0.190717, 0.124994, 0.075338, -0.718367, 0.691573, -0.002831, 0.332172, -0.635852, -0.696673, -1.2e-05, 0.0, 0.0, 0.0, 1.0],
                [0.941585, 0.276983, 0.191566, 0.124994, 0.078764, -0.734169, 0.674383, -0.002831, 0.327434, -0.6199, -0.713099, -1.2e-05, 0.0, 0.0, 0.0, 1.0],
                [0.945418, 0.262364, 0.193261, 0.124994, 0.087641, -0.775952, 0.624673, -0.002831, 0.313853, -0.57364, -0.756593, -1.2e-05, 0.0, 0.0, 0.0, 1.0],
                [0.951229, 0.239895, 0.193942, 0.124994, 0.099316, -0.833372, 0.543715, -0.002831, 0.292061, -0.497936, -0.816554, -1.2e-05, 0.0, 0.0, 0.0, 1.0],
                [0.958432, 0.211509, 0.191499, 0.124994, 0.110698, -0.894252, 0.433658, -0.002831, 0.262971, -0.394433, -0.880494, -1.2e-05, 0.0, 0.0, 0.0, 1.0],
                [0.966278, 0.179836, 0.184301, 0.124994, 0.118837, -0.946381, 0.3004, -0.002831, 0.228441, -0.268369, -0.935838, -1.2e-05, 0.0, 0.0, 0.0, 1.0],
                [0.97393, 0.148017, 0.171907, 0.124994, 0.121717, -0.980449, 0.154611, -0.002831, 0.191431, -0.129656, -0.972905, -1.2e-05, 0.0, 0.0, 0.0, 1.0],
                [0.980645, 0.119064, 0.155432, 0.124994, 0.118929, -0.99285, 0.010199, -0.002831, 0.155535, 0.008484, -0.987794, -1.2e-05, 0.0, 0.0, 0.0, 1.0],
                [0.985949, 0.095149, 0.137298, 0.124994, 0.111772, -0.986592, -0.118924, -0.002831, 0.124141, 0.132599, -0.983365, -1.2e-05, 0.0, 0.0, 0.0, 1.0],
                [0.989693, 0.07728, 0.120563, 0.124994, 0.102721, -0.969699, -0.221659, -0.002831, 0.09978, 0.231758, -0.967642, -1.2e-05, 0.0, 0.0, 0.0, 1.0],
                [0.991961, 0.065552, 0.108246, 0.124994, 0.094616, -0.952212, -0.290414, -0.002831, 0.084036, 0.298321, -0.950759, -1.2e-05, 0.0, 0.0, 0.0, 1.0],
                [0.992885, 0.059805, 0.102972, 0.124994, 0.089958, -0.943292, -0.319543, -0.002831, 0.078023, 0.326532, -0.94196, -1.2e-05, 0.0, 0.0, 0.0, 1.0],
                [0.993143, 0.057146, 0.101986, 0.124994, 0.087704, -0.941023, -0.326776, -0.002831, 0.077297, 0.33348, -0.939583, -1.2e-05, 0.0, 0.0, 0.0, 1.0],
                [0.993387, 0.054583, 0.101013, 0.124994, 0.085519, -0.938773, -0.333752, -0.002831, 0.076611, 0.340184, -0.937233, -1.2e-05, 0.0, 0.0, 0.0, 1.0],
                [0.993616, 0.052112, 0.100054, 0.124994, 0.083404, -0.936546, -0.340478, -0.002831, 0.075962, 0.346649, -0.934914, -1.2e-05, 0.0, 0.0, 0.0, 1.0],
                [0.993833, 0.049733, 0.099112, 0.124994, 0.081358, -0.934345, -0.346958, -0.002831, 0.075349, 0.352882, -0.932629, -1.2e-05, 0.0, 0.0, 0.0, 1.0],
                [0.994037, 0.047443, 0.098187, 0.124994, 0.079378, -0.932174, -0.353199, -0.002831, 0.07477, 0.358886, -0.930382, -1.2e-05, 0.0, 0.0, 0.0, 1.0],
                [0.994228, 0.04524, 0.09728, 0.124994, 0.077466, -0.930037, -0.359206, -0.002831, 0.074223, 0.364669, -0.928174, -1.2e-05, 0.0, 0.0, 0.0, 1.0],
                [0.994409, 0.043122, 0.096392, 0.124994, 0.075619, -0.927937, -0.364986, -0.002831, 0.073707, 0.370234, -0.92601, -1.2e-05, 0.0, 0.0, 0.0, 1.0],
                [0.994579, 0.041086, 0.095524, 0.124994, 0.073837, -0.925875, -0.370544, -0.002831, 0.07322, 0.375588, -0.92389, -1.2e-05, 0.0, 0.0, 0.0, 1.0],
                [0.994739, 0.039131, 0.094678, 0.124994, 0.072119, -0.923855, -0.375885, -0.002831, 0.07276, 0.380736, -0.921817, -1.2e-05, 0.0, 0.0, 0.0, 1.0],
                [0.994889, 0.037254, 0.093852, 0.124994, 0.070464, -0.921879, -0.381016, -0.002831, 0.072326, 0.385682, -0.919792, -1.2e-05, 0.0, 0.0, 0.0, 1.0],
                [0.99503, 0.035455, 0.093049, 0.124994, 0.06887, -0.919948, -0.385942, -0.002831, 0.071917, 0.390432, -0.917818, -1.2e-05, 0.0, 0.0, 0.0, 1.0],
                [0.995163, 0.033729, 0.092269, 0.124994, 0.067338, -0.918065, -0.390668, -0.002831, 0.071532, 0.394992, -0.915896, -1.2e-05, 0.0, 0.0, 0.0, 1.0],
                [0.995287, 0.032076, 0.091512, 0.124994, 0.065865, -0.91623, -0.3952, -0.002831, 0.071169, 0.399365, -0.914025, -1.2e-05, 0.0, 0.0, 0.0, 1.0],
                [0.995404, 0.030494, 0.090778, 0.124994, 0.064451, -0.914446, -0.399543, -0.002831, 0.070828, 0.403558, -0.912209, -1.2e-05, 0.0, 0.0, 0.0, 1.0],
                [0.995514, 0.028981, 0.090068, 0.124994, 0.063095, -0.912712, -0.403702, -0.002831, 0.070506, 0.407574, -0.910446, -1.2e-05, 0.0, 0.0, 0.0, 1.0],
                [0.995617, 0.027534, 0.089382, 0.124994, 0.061795, -0.91103, -0.407683, -0.002831, 0.070204, 0.411419, -0.908738, -1.2e-05, 0.0, 0.0, 0.0, 1.0],
                [0.995713, 0.026153, 0.08872, 0.124994, 0.06055, -0.9094, -0.41149, -0.002831, 0.06992, 0.415098, -0.907086, -1.2e-05, 0.0, 0.0, 0.0, 1.0],
                [0.995804, 0.024834, 0.088082, 0.124994, 0.059359, -0.907824, -0.415128, -0.002831, 0.069654, 0.418615, -0.905489, -1.2e-05, 0.0, 0.0, 0.0, 1.0],
                [0.995888, 0.023577, 0.087468, 0.124994, 0.058222, -0.906301, -0.418603, -0.002831, 0.069403, 0.421975, -0.903947, -1.2e-05, 0.0, 0.0, 0.0, 1.0],
                [0.995968, 0.02238, 0.086879, 0.124994, 0.057136, -0.904831, -0.421919, -0.002831, 0.069168, 0.425182, -0.902461, -1.2e-05, 0.0, 0.0, 0.0, 1.0],
                [0.996042, 0.02124, 0.086314, 0.124994, 0.056101, -0.903415, -0.425082, -0.002831, 0.068948, 0.428241, -0.90103, -1.2e-05, 0.0, 0.0, 0.0, 1.0],
                [0.996111, 0.020156, 0.085773, 0.124994, 0.055115, -0.902052, -0.428094, -0.002831, 0.068743, 0.431157, -0.899655, -1.2e-05, 0.0, 0.0, 0.0, 1.0],
                [0.996176, 0.019127, 0.085255, 0.124994, 0.054178, -0.900742, -0.430962, -0.002831, 0.06855, 0.433933, -0.898333, -1.2e-05, 0.0, 0.0, 0.0, 1.0],
                [0.996236, 0.01815, 0.084762, 0.124994, 0.053287, -0.899485, -0.43369, -0.002831, 0.068371, 0.436575, -0.897066, -1.2e-05, 0.0, 0.0, 0.0, 1.0],
                [0.996292, 0.017225, 0.084292, 0.124994, 0.052442, -0.89828, -0.436283, -0.002831, 0.068203, 0.439086, -0.895853, -1.2e-05, 0.0, 0.0, 0.0, 1.0],
                [0.996345, 0.016349, 0.083845, 0.124994, 0.051642, -0.897127, -0.438743, -0.002831, 0.068047, 0.44147, -0.894692, -1.2e-05, 0.0, 0.0, 0.0, 1.0],
                [0.996394, 0.015521, 0.083421, 0.124994, 0.050886, -0.896025, -0.441078, -0.002831, 0.067902, 0.443732, -0.893583, -1.2e-05, 0.0, 0.0, 0.0, 1.0],
                [0.996439, 0.014739, 0.08302, 0.124994, 0.050171, -0.894973, -0.443289, -0.002831, 0.067767, 0.445876, -0.892526, -1.2e-05, 0.0, 0.0, 0.0, 1.0],
                [0.996481, 0.014001, 0.082641, 0.124994, 0.049498, -0.893971, -0.445382, -0.002831, 0.067643, 0.447906, -0.891518, -1.2e-05, 0.0, 0.0, 0.0, 1.0],
                [0.99652, 0.013307, 0.082284, 0.124994, 0.048864, -0.893017, -0.447361, -0.002831, 0.067528, 0.449825, -0.89056, -1.2e-05, 0.0, 0.0, 0.0, 1.0],
                [0.996556, 0.012654, 0.081948, 0.124994, 0.048269, -0.892111, -0.44923, -0.002831, 0.067422, 0.451638, -0.88965, -1.2e-05, 0.0, 0.0, 0.0, 1.0],
                [0.99659, 0.012042, 0.081634, 0.124994, 0.047711, -0.891251, -0.450993, -0.002831, 0.067325, 0.453349, -0.888787, -1.2e-05, 0.0, 0.0, 0.0, 1.0],
                [0.996621, 0.011468, 0.081339, 0.124994, 0.047189, -0.890437, -0.452653, -0.002831, 0.067237, 0.454962, -0.887969, -1.3e-05, 0.0, 0.0, 0.0, 1.0],
                [0.996649, 0.010931, 0.081065, 0.124994, 0.046703, -0.889666, -0.454216, -0.002831, 0.067156, 0.45648, -0.887196, -1.3e-05, 0.0, 0.0, 0.0, 1.0],
                [0.996675, 0.01043, 0.080811, 0.124994, 0.04625, -0.888939, -0.455684, -0.002831, 0.067083, 0.457907, -0.886466, -1.3e-05, 0.0, 0.0, 0.0, 1.0],
                [0.996699, 0.009963, 0.080575, 0.124994, 0.045829, -0.888253, -0.457063, -0.002831, 0.067017, 0.459247, -0.885777, -1.3e-05, 0.0, 0.0, 0.0, 1.0],
                [0.99672, 0.009529, 0.080358, 0.124994, 0.04544, -0.887607, -0.458355, -0.002831, 0.066958, 0.460503, -0.885129, -1.3e-05, 0.0, 0.0, 0.0, 1.0],
                [0.99674, 0.009127, 0.080159, 0.124994, 0.04508, -0.886999, -0.459564, -0.002831, 0.066907, 0.46168, -0.88452, -1.3e-05, 0.0, 0.0, 0.0, 1.0],
                [0.996758, 0.008754, 0.079977, 0.124994, 0.04475, -0.886429, -0.460695, -0.002831, 0.066861, 0.46278, -0.883948, -1.3e-05, 0.0, 0.0, 0.0, 1.0],
                [0.996774, 0.00841, 0.079812, 0.124994, 0.044447, -0.885895, -0.46175, -0.002831, 0.066822, 0.463809, -0.883412, -1.3e-05, 0.0, 0.0, 0.0, 1.0],
                [0.996789, 0.008093, 0.079664, 0.124994, 0.044171, -0.885395, -0.462735, -0.002831, 0.066789, 0.464768, -0.88291, -1.4e-05, 0.0, 0.0, 0.0, 1.0],
                [0.996802, 0.007802, 0.079531, 0.124994, 0.04392, -0.884928, -0.463651, -0.002831, 0.066761, 0.465662, -0.882441, -1.4e-05, 0.0, 0.0, 0.0, 1.0],
                [0.996813, 0.007536, 0.079413, 0.124994, 0.043692, -0.884492, -0.464504, -0.002831, 0.066739, 0.466494, -0.882003, -1.4e-05, 0.0, 0.0, 0.0, 1.0],
                [0.996823, 0.007293, 0.079309, 0.124994, 0.043488, -0.884086, -0.465296, -0.002831, 0.066723, 0.467267, -0.881595, -1.4e-05, 0.0, 0.0, 0.0, 1.0],
                [0.996832, 0.007072, 0.07922, 0.124994, 0.043305, -0.883707, -0.466032, -0.002831, 0.066711, 0.467987, -0.881214, -1.4e-05, 0.0, 0.0, 0.0, 1.0],
                [0.99684, 0.006871, 0.079143, 0.124994, 0.043143, -0.883355, -0.466715, -0.002831, 0.066705, 0.468654, -0.88086, -1.4e-05, 0.0, 0.0, 0.0, 1.0],
                [0.996846, 0.006689, 0.079079, 0.124994, 0.043, -0.883027, -0.467348, -0.002831, 0.066703, 0.469274, -0.88053, -1.4e-05, 0.0, 0.0, 0.0, 1.0],
                [0.996851, 0.006525, 0.079027, 0.124994, 0.042874, -0.882722, -0.467935, -0.002831, 0.066706, 0.46985, -0.880222, -1.5e-05, 0.0, 0.0, 0.0, 1.0],
                [0.996855, 0.006378, 0.078986, 0.124994, 0.042766, -0.882438, -0.46848, -0.002831, 0.066713, 0.470385, -0.879936, -1.5e-05, 0.0, 0.0, 0.0, 1.0],
                [0.996859, 0.006245, 0.078956, 0.124994, 0.042673, -0.882174, -0.468986, -0.002831, 0.066724, 0.470882, -0.879669, -1.5e-05, 0.0, 0.0, 0.0, 1.0],
                [0.996861, 0.006127, 0.078936, 0.124994, 0.042594, -0.881927, -0.469457, -0.002831, 0.06674, 0.471346, -0.87942, -1.5e-05, 0.0, 0.0, 0.0, 1.0],
                [0.996862, 0.006021, 0.078925, 0.124994, 0.042529, -0.881696, -0.469896, -0.002831, 0.066759, 0.471779, -0.879186, -1.5e-05, 0.0, 0.0, 0.0, 1.0],
                [0.996863, 0.005926, 0.078923, 0.124994, 0.042475, -0.88148, -0.470308, -0.002831, 0.066782, 0.472185, -0.878966, -1.5e-05, 0.0, 0.0, 0.0, 1.0],
                [0.996863, 0.005841, 0.078929, 0.124994, 0.042432, -0.881275, -0.470694, -0.002831, 0.066809, 0.472567, -0.878759, -1.5e-05, 0.0, 0.0, 0.0, 1.0],
                [0.996863, 0.005765, 0.078942, 0.124994, 0.042399, -0.881081, -0.47106, -0.002831, 0.066839, 0.472929, -0.878562, -1.6e-05, 0.0, 0.0, 0.0, 1.0],
                [0.996861, 0.005696, 0.078962, 0.124994, 0.042374, -0.880897, -0.471408, -0.002831, 0.066872, 0.473274, -0.878373, -1.6e-05, 0.0, 0.0, 0.0, 1.0],
                [0.99686, 0.005633, 0.078988, 0.124994, 0.042356, -0.880718, -0.471742, -0.002831, 0.066909, 0.473606, -0.878192, -1.6e-05, 0.0, 0.0, 0.0, 1.0],
