{
    "animation": [
        {
            "name": "Root",
            "time": [0.0, 0.0167, 0.0333, 0.05, 0.0667, 0.0833, 0.1, 0.1167, 0.1333, 0.15, 0.1667, 0.1833, 0.2, 0.2167, 0.2333, 0.25, 0.2667, 0.2833, 0.3, 0.3167, 0.3333, 0.35, 0.3667, 0.3833, 0.4, 0.4167, 0.4333, 0.45, 0.4667, 0.4833, 0.5, 0.5167, 0.5333, 0.55, 0.5667, 0.5833, 0.6, 0.6167, 0.6333, 0.65, 0.6667, 0.6833, 0.7, 0.7167, 0.7333, 0.75, 0.7667, 0.7833, 0.8, 0.8167, 0.8333, 0.85, 0.8667, 0.8833, 0.9, 0.9167, 0.9333, 0.95, 0.9667, 0.9833, 1.0, 1.0167, 1.0333, 1.05, 1.0667, 1.0833, 1.1, 1.1167, 1.1333, 1.15, 1.1667, 1.1833, 1.2, 1.2167, 1.2333, 1.25, 1.2667, 1.2833, 1.3, 1.3167, 1.3333, 1.35, 1.3667, 1.3833, 1.4, 1.4167, 1.4333, 1.45, 1.4667, 1.4833, 1.5, 1.5167, 1.5333, 1.55, 1.5667, 1.5833, 1.6, 1.6167, 1.6333, 1.65, 1.6667, 1.6833, 1.7, 1.7167, 1.7333, 1.75, 1.7667, 1.7833, 1.8, 1.8167, 1.8333, 1.85, 1.8667, 1.8833, 1.9, 1.9167, 1.9333, 1.95, 1.9667, 1.9833, 2.0, 2.0167, 2.0333, 2.05, 2.0667, 2.0833, 2.1, 2.1167, 2.1333, 2.15, 2.1667, 2.1833, 2.2, 2.2167, 2.2333, 2.25, 2.2667, 2.2833, 2.3, 2.3167, 2.3333, 2.35, 2.3667, 2.3833, 2.4, 2.4167, 2.4333, 2.45, 2.4667, 2.4833, 2.5, 2.5167, 2.5333, 2.55, 2.5667, 2.5833, 2.6, 2.6167, 2.6333, 2.65, 2.6667, 2.6833, 2.7, 2.7333],
            "transform": [
                [1.0, 0.0, 0.0, -5e-06, 0.0, 0.0, -1.0, 0.000946, 0.0, 1.0, 0.0, 0.763972, 0.0, 0.0, 0.0, 1.0],
                [1.0, 0.0, 0.0, -5e-06, 0.0, 0.0, -1.0, 0.001008, 0.0, 1.0, 0.0, 0.763972, 0.0, 0.0, 0.0, 1.0],
                [1.0, 0.0, 0.0, -5e-06, 0.0, 0.0, -1.0, 0.001435, 0.0, 1.0, 0.0, 0.763972, 0.0, 0.0, 0.0, 1.0],
                [1.0, 0.0, 0.0, -5e-06, 0.0, 0.0, -1.0, 0.002596, 0.0, 1.0, 0.0, 0.763972, 0.0, 0.0, 0.0, 1.0],
                [1.0, 0.0, 0.0, -5e-06, 0.0, 0.0, -1.0, 0.004857, 0.0, 1.0, 0.0, 0.763972, 0.0, 0.0, 0.0, 1.0],
                [1.0, 0.0, 0.0, -5e-06, 0.0, 0.0, -1.0, 0.008584, 0.0, 1.0, 0.0, 0.763972, 0.0, 0.0, 0.0, 1.0],
                [1.0, 0.0, 0.0, -5e-06, 0.0, 0.0, -1.0, 0.014144, 0.0, 1.0, 0.0, 0.763972, 0.0, 0.0, 0.0, 1.0],
                [1.0, 0.0, 0.0, -5e-06, 0.0, 0.0, -1.0, 0.021904, 0.0, 1.0, 0.0, 0.763972, 0.0, 0.0, 0.0, 1.0],
                [1.0, 0.0, 0.0, -5e-06, 0.0, 0.0, -1.0, 0.03223, 0.0, 1.0, 0.0, 0.763972, 0.0, 0.0, 0.0, 1.0],
                [1.0, 0.0, 0.0, -5e-06, 0.0, 0.0, -1.0, 0.045488, 0.0, 1.0, 0.0, 0.763972, 0.0, 0.0, 0.0, 1.0],
                [1.0, 0.0, 0.0, -5e-06, 0.0, 0.0, -1.0, 0.062047, 0.0, 1.0, 0.0, 0.763972, 0.0, 0.0, 0.0, 1.0],
                [1.0, 0.0, 0.0, -5e-06, 0.0, 0.0, -1.0, 0.082271, 0.0, 1.0, 0.0, 0.763972, 0.0, 0.0, 0.0, 1.0],
                [1.0, 0.0, 0.0, -5e-06, 0.0, 0.0, -1.0, 0.106528, 0.0, 1.0, 0.0, 0.763972, 0.0, 0.0, 0.0, 1.0],
                [1.0, 0.0, 0.0, -5e-06, 0.0, 0.0, -1.0, 0.135183, 0.0, 1.0, 0.0, 0.763972, 0.0, 0.0, 0.0, 1.0],
                [1.0, 0.0, 0.0, -5e-06, 0.0, 0.0, -1.0, 0.168605, 0.0, 1.0, 0.0, 0.763972, 0.0, 0.0, 0.0, 1.0],
                [1.0, 0.0, 0.0, -5e-06, 0.0, 0.0, -1.0, 0.207159, 0.0, 1.0, 0.0, 0.763972, 0.0, 0.0, 0.0, 1.0],
                [1.0, 0.0, 0.0, -5e-06, 0.0, 0.0, -1.0, 0.258813, 0.0, 1.0, 0.0, 0.762516, 0.0, 0.0, 0.0, 1.0],
                [1.0, 0.0, 0.0, -5e-06, 0.0, 0.0, -1.0, 0.329412, 0.0, 1.0, 0.0, 0.758378, 0.0, 0.0, 0.0, 1.0],
                [1.0, 0.0, 0.0, -5e-06, 0.0, 0.0, -1.0, 0.41614, 0.0, 1.0, 0.0, 0.751903, 0.0, 0.0, 0.0, 1.0],
                [1.0, 0.0, 0.0, -5e-06, 0.0, 0.0, -1.0, 0.516182, 0.0, 1.0, 0.0, 0.743436, 0.0, 0.0, 0.0, 1.0],
                [1.0, 0.0, 0.0, -5e-06, 0.0, 0.0, -1.0, 0.626724, 0.0, 1.0, 0.0, 0.733322, 0.0, 0.0, 0.0, 1.0],
                [1.0, 0.0, 0.0, -5e-06, 0.0, 0.0, -1.0, 0.744949, 0.0, 1.0, 0.0, 0.721906, 0.0, 0.0, 0.0, 1.0],
                [1.0, 0.0, 0.0, -5e-06, 0.0, 0.0, -1.0, 0.868043, 0.0, 1.0, 0.0, 0.709532, 0.0, 0.0, 0.0, 1.0],
                [1.0, 0.0, 0.0, -5e-06, 0.0, 0.0, -1.0, 0.99319, 0.0, 1.0, 0.0, 0.696547, 0.0, 0.0, 0.0, 1.0],
                [1.0, 0.0, 0.0, -5e-06, 0.0, 0.0, -1.0, 1.117576, 0.0, 1.0, 0.0, 0.683294, 0.0, 0.0, 0.0, 1.0],
                [1.0, 0.0, 0.0, -5e-06, 0.0, 0.0, -1.0, 1.238384, 0.0, 1.0, 0.0, 0.670119, 0.0, 0.0, 0.0, 1.0],
                [1.0, 0.0, 0.0, -5e-06, 0.0, 0.0, -1.0, 1.352799, 0.0, 1.0, 0.0, 0.657366, 0.0, 0.0, 0.0, 1.0],
                [1.0, 0.0, 0.0, -5e-06, 0.0, 0.0, -1.0, 1.458007, 0.0, 1.0, 0.0, 0.645381, 0.0, 0.0, 0.0, 1.0],
                [1.0, 0.0, 0.0, -5e-06, 0.0, 0.0, -1.0, 1.551191, 0.0, 1.0, 0.0, 0.634509, 0.0, 0.0, 0.0, 1.0],
                [1.0, 0.0, 0.0, -5e-06, 0.0, 0.0, -1.0, 1.629538, 0.0, 1.0, 0.0, 0.625094, 0.0, 0.0, 0.0, 1.0],
                [1.0, 0.0, 0.0, -5e-06, 0.0, 0.0, -1.0, 1.69023, 0.0, 1.0, 0.0, 0.617482, 0.0, 0.0, 0.0, 1.0],
                [1.0, 0.0, 0.0, -5e-06, 0.0, 0.0, -1.0, 1.730454, 0.0, 1.0, 0.0, 0.612017, 0.0, 0.0, 0.0, 1.0],
                [1.0, 0.0, 0.0, -5e-06, 0.0, 0.0, -1.0, 1.747393, 0.0, 1.0, 0.0, 0.609044, 0.0, 0.0, 0.0, 1.0],
                [1.0, 0.0, 0.0, -5e-06, 0.0, 0.0, -1.0, 1.751669, 0.0, 1.0, 0.0, 0.607463, 0.0, 0.0, 0.0, 1.0],
                [1.0, 0.0, 0.0, -5e-06, 0.0, 0.0, -1.0, 1.75578, 0.0, 1.0, 0.0, 0.605943, 0.0, 0.0, 0.0, 1.0],
                [1.0, 0.0, 0.0, -5e-06, 0.0, 0.0, -1.0, 1.75973, 0.0, 1.0, 0.0, 0.604483, 0.0, 0.0, 0.0, 1.0],
                [1.0, 0.0, 0.0, -5e-06, 0.0, 0.0, -1.0, 1.763522, 0.0, 1.0, 0.0, 0.603081, 0.0, 0.0, 0.0, 1.0],
                [1.0, 0.0, 0.0, -5e-06, 0.0, 0.0, -1.0, 1.767159, 0.0, 1.0, 0.0, 0.601737, 0.0, 0.0, 0.0, 1.0],
                [1.0, 0.0, 0.0, -5e-06, 0.0, 0.0, -1.0, 1.770645, 0.0, 1.0, 0.0, 0.600448, 0.0, 0.0, 0.0, 1.0],
                [1.0, 0.0, 0.0, -5e-06, 0.0, 0.0, -1.0, 1.773982, 0.0, 1.0, 0.0, 0.599214, 0.0, 0.0, 0.0, 1.0],
                [1.0, 0.0, 0.0, -5e-06, 0.0, 0.0, -1.0, 1.777174, 0.0, 1.0, 0.0, 0.598034, 0.0, 0.0, 0.0, 1.0],
                [1.0, 0.0, 0.0, -5e-06, 0.0, 0.0, -1.0, 1.780225, 0.0, 1.0, 0.0, 0.596906, 0.0, 0.0, 0.0, 1.0],
                [1.0, 0.0, 0.0, -5e-06, 0.0, 0.0, -1.0, 1.783136, 0.0, 1.0, 0.0, 0.595829, 0.0, 0.0, 0.0, 1.0],
                [1.0, 0.0, 0.0, -5e-06, 0.0, 0.0, -1.0, 1.785913, 0.0, 1.0, 0.0, 0.594803, 0.0, 0.0, 0.0, 1.0],
                [1.0, 0.0, 0.0, -5e-06, 0.0, 0.0, -1.0, 1.788557, 0.0, 1.0, 0.0, 0.593825, 0.0, 0.0, 0.0, 1.0],
                [1.0, 0.0, 0.0, -5e-06, 0.0, 0.0, -1.0, 1.791072, 0.0, 1.0, 0.0, 0.592896, 0.0, 0.0, 0.0, 1.0],
                [1.0, 0.0, 0.0, -5e-06, 0.0, 0.0, -1.0, 1.793462, 0.0, 1.0, 0.0, 0.592012, 0.0, 0.0, 0.0, 1.0],
                [1.0, 0.0, 0.0, -5e-06, 0.0, 0.0, -1.0, 1.795729, 0.0, 1.0, 0.0, 0.591174, 0.0, 0.0, 0.0, 1.0],
                [1.0, 0.0, 0.0, -5e-06, 0.0, 0.0, -1.0, 1.797877, 0.0, 1.0, 0.0, 0.59038, 0.0, 0.0, 0.0, 1.0],
                [1.0, 0.0, 0.0, -5e-06, 0.0, 0.0, -1.0, 1.799908, 0.0, 1.0, 0.0, 0.589629, 0.0, 0.0, 0.0, 1.0],
                [1.0, 0.0, 0.0, -5e-06, 0.0, 0.0, -1.0, 1.801827, 0.0, 1.0, 0.0, 0.588919, 0.0, 0.0, 0.0, 1.0],
                [1.0, 0.0, 0.0, -5e-06, 0.0, 0.0, -1.0, 1.803636, 0.0, 1.0, 0.0, 0.588251, 0.0, 0.0, 0.0, 1.0],
                [1.0, 0.0, 0.0, -5e-06, 0.0, 0.0, -1.0, 1.805339, 0.0, 1.0, 0.0, 0.587621, 0.0, 0.0, 0.0, 1.0],
                [1.0, 0.0, 0.0, -5e-06, 0.0, 0.0, -1.0, 1.806939, 0.0, 1.0, 0.0, 0.58703, 0.0, 0.0, 0.0, 1.0],
                [1.0, 0.0, 0.0, -5e-06, 0.0, 0.0, -1.0, 1.808439, 0.0, 1.0, 0.0, 0.586475, 0.0, 0.0, 0.0, 1.0],
                [1.0, 0.0, 0.0, -5e-06, 0.0, 0.0, -1.0, 1.809841, 0.0, 1.0, 0.0, 0.585956, 0.0, 0.0, 0.0, 1.0],
                [1.0, 0.0, 0.0, -5e-06, 0.0, 0.0, -1.0, 1.811151, 0.0, 1.0, 0.0, 0.585472, 0.0, 0.0, 0.0, 1.0],
                [1.0, 0.0, 0.0, -5e-06, 0.0, 0.0, -1.0, 1.81237, 0.0, 1.0, 0.0, 0.585022, 0.0, 0.0, 0.0, 1.0],
                [1.0, 0.0, 0.0, -5e-06, 0.0, 0.0, -1.0, 1.813502, 0.0, 1.0, 0.0, 0.584603, 0.0, 0.0, 0.0, 1.0],
                [1.0, 0.0, 0.0, -5e-06, 0.0, 0.0, -1.0, 1.814551, 0.0, 1.0, 0.0, 0.584215, 0.0, 0.0, 0.0, 1.0],
                [1.0, 0.0, 0.0, -5e-06, 0.0, 0.0, -1.0, 1.815518, 0.0, 1.0, 0.0, 0.583858, 0.0, 0.0, 0.0, 1.0],
                [1.0, 0.0, 0.0, -5e-06, 0.0, 0.0, -1.0, 1.816409, 0.0, 1.0, 0.0, 0.583528, 0.0, 0.0, 0.0, 1.0],
                [1.0, 0.0, 0.0, -5e-06, 0.0, 0.0, -1.0, 1.817225, 0.0, 1.0, 0.0, 0.583227, 0.0, 0.0, 0.0, 1.0],
                [1.0, 0.0, 0.0, -5e-06, 0.0, 0.0, -1.0, 1.81797, 0.0, 1.0, 0.0, 0.582951, 0.0, 0.0, 0.0, 1.0],
                [1.0, 0.0, 0.0, -5e-06, 0.0, 0.0, -1.0, 1.818648, 0.0, 1.0, 0.0, 0.582701, 0.0, 0.0, 0.0, 1.0],
                [1.0, 0.0, 0.0, -5e-06, 0.0, 0.0, -1.0, 1.819261, 0.0, 1.0, 0.0, 0.582474, 0.0, 0.0, 0.0, 1.0],
                [1.0, 0.0, 0.0, -5e-06, 0.0, 0.0, -1.0, 1.819813, 0.0, 1.0, 0.0, 0.58227, 0.0, 0.0, 0.0, 1.0],
                [1.0, 0.0, 0.0, -5e-06, 0.0, 0.0, -1.0, 1.820307, 0.0, 1.0, 0.0, 0.582087, 0.0, 0.0, 0.0, 1.0],
                [1.0, 0.0, 0.0, -5e-06, 0.0, 0.0, -1.0, 1.820746, 0.0, 1.0, 0.0, 0.581925, 0.0, 0.0, 0.0, 1.0],
                [1.0, 0.0, 0.0, -5e-06, 0.0, 0.0, -1.0, 1.821133, 0.0, 1.0, 0.0, 0.581782, 0.0, 0.0, 0.0, 1.0],
                [1.0, 0.0, 0.0, -5e-06, 0.0, 0.0, -1.0, 1.821472, 0.0, 1.0, 0.0, 0.581657, 0.0, 0.0, 0.0, 1.0],
                [1.0, 0.0, 0.0, -5e-06, 0.0, 0.0, -1.0, 1.821766, 0.0, 1.0, 0.0, 0.581548, 0.0, 0.0, 0.0, 1.0],
                [1.0, 0.0, 0.0, -5e-06, 0.0, 0.0, -1.0, 1.822018, 0.0, 1.0, 0.0, 0.581455, 0.0, 0.0, 0.0, 1.0],
                [1.0, 0.0, 0.0, -5e-06, 0.0, 0.0, -1.0, 1.822231, 0.0, 1.0, 0.0, 0.581376, 0.0, 0.0, 0.0, 1.0],
                [1.0, 0.0, 0.0, -5e-06, 0.0, 0.0, -1.0, 1.822409, 0.0, 1.0, 0.0, 0.58131, 0.0, 0.0, 0.0, 1.0],
                [1.0, 0.0, 0.0, -5e-06, 0.0, 0.0, -1.0, 1.822555, 0.0, 1.0, 0.0, 0.581256, 0.0, 0.0, 0.0, 1.0],
                [1.0, 0.0, 0.0, -5e-06, 0.0, 0.0, -1.0, 1.822671, 0.0, 1.0, 0.0, 0.581213, 0.0, 0.0, 0.0, 1.0],
                [1.0, 0.0, 0.0, -5e-06, 0.0, 0.0, -1.0, 1.822762, 0.0, 1.0, 0.0, 0.58118, 0.0, 0.0, 0.0, 1.0],
                [1.0, 0.0, 0.0, -5e-06, 0.0, 0.0, -1.0, 1.82283, 0.0, 1.0, 0.0, 0.581154, 0.0, 0.0, 0.0, 1.0],
                [1.0, 0.0, 0.0, -5e-06, 0.0, 0.0, -1.0, 1.822879, 0.0, 1.0, 0.0, 0.581136, 0.0, 0.0, 0.0, 1.0],
                [1.0, 0.0, 0.0, -5e-06, 0.0, 0.0, -1.0, 1.822912, 0.0, 1.0, 0.0, 0.581124, 0.0, 0.0, 0.0, 1.0],
                [1.0, 0.0, 0.0, -5e-06, 0.0, 0.0, -1.0, 1.822932, 0.0, 1.0, 0.0, 0.581117, 0.0, 0.0, 0.0, 1.0],
                [1.0, 0.0, 0.0, -5e-06, 0.0, 0.0, -1.0, 1.822942, 0.0, 1.0, 0.0, 0.581113, 0.0, 0.0, 0.0, 1.0],
                [1.0, 0.0, 0.0, -5e-06, 0.0, 0.0, -1.0, 1.822946, 0.0, 1.0, 0.0, 0.581112, 0.0, 0.0, 0.0, 1.0],
                [1.0, 0.0, 0.0, -5e-06, 0.0, 0.0, -1.0, 1.822946, 0.0, 1.0, 0.0, 0.581111, 0.0, 0.0, 0.0, 1.0],
                [1.0, 0.0, 0.0, -5e-06, 0.0, 0.0, -1.0, 1.822946, 0.0, 1.0, 0.0, 0.581111, 0.0, 0.0, 0.0, 1.0],
                [1.0, 0.0, 0.0, -5e-06, 0.0, 0.0, -1.0, 1.822946, 0.0, 1.0, 0.0, 0.581111, 0.0, 0.0, 0.0, 1.0],
                [1.0, 0.0, 0.0, -5e-06, 0.0, 0.0, -1.0, 1.822946, 0.0, 1.0, 0.0, 0.581111, 0.0, 0.0, 0.0, 1.0],
                [1.0, 0.0, 0.0, -5e-06, 0.0, 0.0, -1.0, 1.822946, 0.0, 1.0, 0.0, 0.581111, 0.0, 0.0, 0.0, 1.0],
                [1.0, 0.0, 0.0, -5e-06, 0.0, 0.0, -1.0, 1.822946, 0.0, 1.0, 0.0, 0.581111, 0.0, 0.0, 0.0, 1.0],
                [1.0, 0.0, 0.0, -5e-06, 0.0, 0.0, -1.0, 1.822946, 0.0, 1.0, 0.0, 0.581111, 0.0, 0.0, 0.0, 1.0],
                [1.0, 0.0, 0.0, -5e-06, 0.0, 0.0, -1.0, 1.822946, 0.0, 1.0, 0.0, 0.581111, 0.0, 0.0, 0.0, 1.0],
                [1.0, 0.0, 0.0, -5e-06, 0.0, 0.0, -1.0, 1.822946, 0.0, 1.0, 0.0, 0.581111, 0.0, 0.0, 0.0, 1.0],
                [1.0, 0.0, 0.0, -5e-06, 0.0, 0.0, -1.0, 1.821926, 0.0, 1.0, 0.0, 0.582102, 0.0, 0.0, 0.0, 1.0],
                [1.0, 0.0, 0.0, -5e-06, 0.0, 0.0, -1.0, 1.818925, 0.0, 1.0, 0.0, 0.584937, 0.0, 0.0, 0.0, 1.0],
                [1.0, 0.0, 0.0, -5e-06, 0.0, 0.0, -1.0, 1.814038, 0.0, 1.0, 0.0, 0.589411, 0.0, 0.0, 0.0, 1.0],
                [1.0, 0.0, 0.0, -5e-06, 0.0, 0.0, -1.0, 1.807358, 0.0, 1.0, 0.0, 0.59532, 0.0, 0.0, 0.0, 1.0],
                [1.0, 0.0, 0.0, -5e-06, 0.0, 0.0, -1.0, 1.798976, 0.0, 1.0, 0.0, 0.602458, 0.0, 0.0, 0.0, 1.0],
                [1.0, 0.0, 0.0, -5e-06, 0.0, 0.0, -1.0, 1.788987, 0.0, 1.0, 0.0, 0.610621, 0.0, 0.0, 0.0, 1.0],
                [1.0, 0.0, 0.0, -5e-06, 0.0, 0.0, -1.0, 1.777483, 0.0, 1.0, 0.0, 0.619603, 0.0, 0.0, 0.0, 1.0],
                [1.0, 0.0, 0.0, -5e-06, 0.0, 0.0, -1.0, 1.764557, 0.0, 1.0, 0.0, 0.629201, 0.0, 0.0, 0.0, 1.0],
                [1.0, 0.0, 0.0, -5e-06, 0.0, 0.0, -1.0, 1.750303, 0.0, 1.0, 0.0, 0.639208, 0.0, 0.0, 0.0, 1.0],
                [1.0, 0.0, 0.0, -5e-06, 0.0, 0.0, -1.0, 1.734812, 0.0, 1.0, 0.0, 0.64942, 0.0, 0.0, 0.0, 1.0],
                [1.0, 0.0, 0.0, -5e-06, 0.0, 0.0, -1.0, 1.718179, 0.0, 1.0, 0.0, 0.659632, 0.0, 0.0, 0.0, 1.0],
                [1.0, 0.0, 0.0, -5e-06, 0.0, 0.0, -1.0, 1.700495, 0.0, 1.0, 0.0, 0.669639, 0.0, 0.0, 0.0, 1.0],
                [1.0, 0.0, 0.0, -5e-06, 0.0, 0.0, -1.0, 1.681854, 0.0, 1.0, 0.0, 0.679237, 0.0, 0.0, 0.0, 1.0],
                [1.0, 0.0, 0.0, -5e-06, 0.0, 0.0, -1.0, 1.66235, 0.0, 1.0, 0.0, 0.688219, 0.0, 0.0, 0.0, 1.0],
                [1.0, 0.0, 0.0, -5e-06, 0.0, 0.0, -1.0, 1.642074, 0.0, 1.0, 0.0, 0.696382, 0.0, 0.0, 0.0, 1.0],
                [1.0, 0.0, 0.0, -5e-06, 0.0, 0.0, -1.0, 1.62112, 0.0, 1.0, 0.0, 0.703521, 0.0, 0.0, 0.0, 1.0],
                [1.0, 0.0, 0.0, -5e-06, 0.0, 0.0, -1.0, 1.599581, 0.0, 1.0, 0.0, 0.709429, 0.0, 0.0, 0.0, 1.0],
                [1.0, 0.0, 0.0, -5e-06, 0.0, 0.0, -1.0, 1.57755, 0.0, 1.0, 0.0, 0.713904, 0.0, 0.0, 0.0, 1.0],
                [1.0, 0.0, 0.0, -5e-06, 0.0, 0.0, -1.0, 1.555119, 0.0, 1.0, 0.0, 0.716738, 0.0, 0.0, 0.0, 1.0],
                [1.0, 0.0, 0.0, -5e-06, 0.0, 0.0, -1.0, 1.532382, 0.0, 1.0, 0.0, 0.717729, 0.0, 0.0, 0.0, 1.0],
                [1.0, 0.0, 0.0, -5e-06, 0.0, 0.0, -1.0, 1.509432, 0.0, 1.0, 0.0, 0.717663, 0.0, 0.0, 0.0, 1.0],
                [1.0, 0.0, 0.0, -5e-06, 0.0, 0.0, -1.0, 1.486362, 0.0, 1.0, 0.0, 0.717469, 0.0, 0.0, 0.0, 1.0],
                [1.0, 0.0, 0.0, -5e-06, 0.0, 0.0, -1.0, 1.463264, 0.0, 1.0, 0.0, 0.717155, 0.0, 0.0, 0.0, 1.0],
                [1.0, 0.0, 0.0, -5e-06, 0.0, 0.0, -1.0, 1.440231, 0.0, 1.0, 0.0, 0.716728, 0.0, 0.0, 0.0, 1.0],
                [1.0, 0.0, 0.0, -5e-06, 0.0, 0.0, -1.0, 1.417357, 0.0, 1.0, 0.0, 0.716196, 0.0, 0.0, 0.0, 1.0],
                [1.0, 0.0, 0.0, -5e-06, 0.0, 0.0, -1.0, 1.394735, 0.0, 1.0, 0.0, 0.715567, 0.0, 0.0, 0.0, 1.0],
                [1.0, 0.0, 0.0, -5e-06, 0.0, 0.0, -1.0, 1.372456, 0.0, 1.0, 0.0, 0.714848, 0.0, 0.0, 0.0, 1.0],
                [1.0, 0.0, 0.0, -5e-06, 0.0, 0.0, -1.0, 1.350616, 0.0, 1.0, 0.0, 0.714046, 0.0, 0.0, 0.0, 1.0],
                [1.0, 0.0, 0.0, -5e-06, 0.0, 0.0, -1.0, 1.329305, 0.0, 1.0, 0.0, 0.713169, 0.0, 0.0, 0.0, 1.0],
                [1.0, 0.0, 0.0, -5e-06, 0.0, 0.0, -1.0, 1.308618, 0.0, 1.0, 0.0, 0.712224, 0.0, 0.0, 0.0, 1.0],
                [1.0, 0.0, 0.0, -5e-06, 0.0, 0.0, -1.0, 1.288647, 0.0, 1.0, 0.0, 0.71122, 0.0, 0.0, 0.0, 1.0],
                [1.0, 0.0, 0.0, -5e-06, 0.0, 0.0, -1.0, 1.269486, 0.0, 1.0, 0.0, 0.710163, 0.0, 0.0, 0.0, 1.0],
                [1.0, 0.0, 0.0, -5e-06, 0.0, 0.0, -1.0, 1.251226, 0.0, 1.0, 0.0, 0.709061, 0.0, 0.0, 0.0, 1.0],
                [1.0, 0.0, 0.0, -5e-06, 0.0, 0.0, -1.0, 1.233962, 0.0, 1.0, 0.0, 0.707921, 0.0, 0.0, 0.0, 1.0],
                [1.0, 0.0, 0.0, -5e-06, 0.0, 0.0, -1.0, 1.217786, 0.0, 1.0, 0.0, 0.706751, 0.0, 0.0, 0.0, 1.0],
                [1.0, 0.0, 0.0, -5e-06, 0.0, 0.0, -1.0, 1.202791, 0.0, 1.0, 0.0, 0.705559, 0.0, 0.0, 0.0, 1.0],
                [1.0, 0.0, 0.0, -5e-06, 0.0, 0.0, -1.0, 1.189045, 0.0, 1.0, 0.0, 0.704352, 0.0, 0.0, 0.0, 1.0],
                [1.0, 0.0, 0.0, -5e-06, 0.0, 0.0, -1.0, 1.176518, 0.0, 1.0, 0.0, 0.703137, 0.0, 0.0, 0.0, 1.0],
                [1.0, 0.0, 0.0, -5e-06, 0.0, 0.0, -1.0, 1.165153, 0.0, 1.0, 0.0, 0.701922, 0.0, 0.0, 0.0, 1.0],
                [1.0, 0.0, 0.0, -5e-06, 0.0, 0.0, -1.0, 1.154896, 0.0, 1.0, 0.0, 0.700715, 0.0, 0.0, 0.0, 1.0],
                [1.0, 0.0, 0.0, -5e-06, 0.0, 0.0, -1.0, 1.145691, 0.0, 1.0, 0.0, 0.699523, 0.0, 0.0, 0.0, 1.0],
                [1.0, 0.0, 0.0, -5e-06, 0.0, 0.0, -1.0, 1.137483, 0.0, 1.0, 0.0, 0.698353, 0.0, 0.0, 0.0, 1.0],
                [1.0, 0.0, 0.0, -5e-06, 0.0, 0.0, -1.0, 1.130215, 0.0, 1.0, 0.0, 0.697214, 0.0, 0.0, 0.0, 1.0],
                [1.0, 0.0, 0.0, -5e-06, 0.0, 0.0, -1.0, 1.123832, 0.0, 1.0, 0.0, 0.696112, 0.0, 0.0, 0.0, 1.0],
                [1.0, 0.0, 0.0, -5e-06, 0.0, 0.0, -1.0, 1.118279, 0.0, 1.0, 0.0, 0.695055, 0.0, 0.0, 0.0, 1.0],
                [1.0, 0.0, 0.0, -5e-06, 0.0, 0.0, -1.0, 1.1135, 0.0, 1.0, 0.0, 0.69405, 0.0, 0.0, 0.0, 1.0],
                [1.0, 0.0, 0.0, -5e-06, 0.0, 0.0, -1.0, 1.109441, 0.0, 1.0, 0.0, 0.693105, 0.0, 0.0, 0.0, 1.0],
                [1.0, 0.0, 0.0, -5e-06, 0.0, 0.0, -1.0, 1.106044, 0.0, 1.0, 0.0, 0.692229, 0.0, 0.0, 0.0, 1.0],
                [1.0, 0.0, 0.0, -5e-06, 0.0, 0.0, -1.0, 1.103254, 0.0, 1.0, 0.0, 0.691427, 0.0, 0.0, 0.0, 1.0],
                [1.0, 0.0, 0.0, -5e-06, 0.0, 0.0, -1.0, 1.101017, 0.0, 1.0, 0.0, 0.690707, 0.0, 0.0, 0.0, 1.0],
                [1.0, 0.0, 0.0, -5e-06, 0.0, 0.0, -1.0, 1.099277, 0.0, 1.0, 0.0, 0.690078, 0.0, 0.0, 0.0, 1.0],
                [1.0, 0.0, 0.0, -5e-06, 0.0, 0.0, -1.0, 1.097977, 0.0, 1.0, 0.0, 0.689546, 0.0, 0.0, 0.0, 1.0],
                [1.0, 0.0, 0.0, -5e-06, 0.0, 0.0, -1.0, 1.097063, 0.0, 1.0, 0.0, 0.68912, 0.0, 0.0, 0.0, 1.0],
                [1.0, 0.0, 0.0, -5e-06, 0.0, 0.0, -1.0, 1.096479, 0.0, 1.0, 0.0, 0.688806, 0.0, 0.0, 0.0, 1.0],
                [1.0, 0.0, 0.0, -5e-06, 0.0, 0.0, -1.0, 1.096169, 0.0, 1.0, 0.0, 0.688612, 0.0, 0.0, 0.0, 1.0],
                [1.0, 0.0, 0.0, -5e-06, 0.0, 0.0, -1.0, 1.096078, 0.0, 1.0, 0.0, 0.688546, 0.0, 0.0, 0.0, 1.0],
                [1.0, 0.0, 0.0, -5e-06, 0.0, 0.0, -1.0, 1.096078, 0.0, 1.0, 0.0, 0.688546, 0.0, 0.0, 0.0, 1.0],
                [1.0, 0.0, 0.0, -5e-06, 0.0, 0.0, -1.0, 1.096078, 0.0, 1.0, 0.0, 0.688546, 0.0, 0.0, 0.0, 1.0],
                [1.0, 0.0, 0.0, -5e-06, 0.0, 0.0, -1.0, 1.096078, 0.0, 1.0, 0.0, 0.688546, 0.0, 0.0, 0.0, 1.0],
                [1.0, 0.0, 0.0, -5e-06, 0.0, 0.0, -1.0, 1.096078, 0.0, 1.0, 0.0, 0.688546, 0.0, 0.0, 0.0, 1.0],
                [1.0, 0.0, 0.0, -5e-06, 0.0, 0.0, -1.0, 1.096078, 0.0, 1.0, 0.0, 0.688546, 0.0, 0.0, 0.0, 1.0],
                [1.0, 0.0, 0.0, -5e-06, 0.0, 0.0, -1.0, 1.096078, 0.0, 1.0, 0.0, 0.688546, 0.0, 0.0, 0.0, 1.0],
                [1.0, 0.0, 0.0, -5e-06, 0.0, 0.0, -1.0, 1.096078, 0.0, 1.0, 0.0, 0.688546, 0.0, 0.0, 0.0, 1.0],
                [1.0, 0.0, 0.0, -5e-06, 0.0, 0.0, -1.0, 1.096078, 0.0, 1.0, 0.0, 0.688546, 0.0, 0.0, 0.0, 1.0],
                [1.0, 0.0, 0.0, -5e-06, 0.0, 0.0, -1.0, 1.096078, 0.0, 1.0, 0.0, 0.688546, 0.0, 0.0, 0.0, 1.0],
                [1.0, 0.0, 0.0, -5e-06, 0.0, 0.0, -1.0, 1.096078, 0.0, 1.0, 0.0, 0.688546, 0.0, 0.0, 0.0, 1.0],
                [1.0, 0.0, 0.0, -5e-06, 0.0, 0.0, -1.0, 1.096078, 0.0, 1.0, 0.0, 0.688546, 0.0, 0.0, 0.0, 1.0],
                [1.0, 0.0, 0.0, -5e-06, 0.0, 0.0, -1.0, 1.096078, 0.0, 1.0, 0.0, 0.688546, 0.0, 0.0, 0.0, 1.0],
                [1.0, 0.0, 0.0, -5e-06, 0.0, 0.0, -1.0, 1.096078, 0.0, 1.0, 0.0, 0.688546, 0.0, 0.0, 0.0, 1.0],
                [1.0, 0.0, 0.0, -5e-06, 0.0, 0.0, -1.0, 1.096078, 0.0, 1.0, 0.0, 0.688546, 0.0, 0.0, 0.0, 1.0],
                [1.0, 0.0, 0.0, -5e-06, 0.0, 0.0, -1.0, 1.096078, 0.0, 1.0, 0.0, 0.688546, 0.0, 0.0, 0.0, 1.0]
            ]
        },
        {
            "name": "Thigh_R",
            "time": [0.0, 0.0167, 0.0333, 0.05, 0.0667, 0.0833, 0.1, 0.1167, 0.1333, 0.15, 0.1667, 0.1833, 0.2, 0.2167, 0.2333, 0.25, 0.2667, 0.2833, 0.3, 0.3167, 0.3333, 0.35, 0.3667, 0.3833, 0.4, 0.4167, 0.4333, 0.45, 0.4667, 0.4833, 0.5, 0.5167, 0.5333, 0.55, 0.5667, 0.5833, 0.6, 0.6167, 0.6333, 0.65, 0.6667, 0.6833, 0.7, 0.7167, 0.7333, 0.75, 0.7667, 0.7833, 0.8, 0.8167, 0.8333, 0.85, 0.8667, 0.8833, 0.9, 0.9167, 0.9333, 0.95, 0.9667, 0.9833, 1.0, 1.0167, 1.0333, 1.05, 1.0667, 1.0833, 1.1, 1.1167, 1.1333, 1.15, 1.1667, 1.1833, 1.2, 1.2167, 1.2333, 1.25, 1.2667, 1.2833, 1.3, 1.3167, 1.3333, 1.35, 1.3667, 1.3833, 1.4, 1.4167, 1.4333, 1.45, 1.4667, 1.4833, 1.5, 1.5167, 1.5333, 1.55, 1.5667, 1.5833, 1.6, 1.6167, 1.6333, 1.65, 1.6667, 1.6833, 1.7, 1.7167, 1.7333, 1.75, 1.7667, 1.7833, 1.8, 1.8167, 1.8333, 1.85, 1.8667, 1.8833, 1.9, 1.9167, 1.9333, 1.95, 1.9667, 1.9833, 2.0, 2.0167, 2.0333, 2.05, 2.0667, 2.0833, 2.1, 2.1167, 2.1333, 2.15, 2.1667, 2.1833, 2.2, 2.2167, 2.2333, 2.25, 2.2667, 2.2833, 2.3, 2.3167, 2.3333, 2.35, 2.3667, 2.3833, 2.4, 2.4167, 2.4333, 2.45, 2.4667, 2.4833, 2.5, 2.5167, 2.5333, 2.55, 2.5667, 2.5833, 2.6, 2.6167, 2.6333, 2.65, 2.6667, 2.6833, 2.7, 2.7333],
            "transform": [
                [0.929757, -0.211937, -0.301055, 0.117456, 0.038601, -0.757078, 0.652183, -0.002831, -0.366144, -0.617993, -0.695718, -0.042764, 0.0, 0.0, 0.0, 1.0],
                [0.929765, -0.211924, -0.301039, 0.117456, 0.038587, -0.7571, 0.652158, -0.002831, -0.366125, -0.61797, -0.695748, -0.042764, 0.0, 0.0, 0.0, 1.0],
                [0.929823, -0.211835, -0.300924, 0.117456, 0.038485, -0.757257, 0.651982, -0.002831, -0.365989, -0.617809, -0.695963, -0.042764, 0.0, 0.0, 0.0, 1.0],
                [0.929979, -0.211591, -0.300614, 0.117456, 0.038207, -0.757684, 0.651502, -0.002831, -0.365622, -0.617369, -0.696546, -0.042764, 0.0, 0.0, 0.0, 1.0],
                [0.930282, -0.211116, -0.300009, 0.117456, 0.037667, -0.758514, 0.650567, -0.002831, -0.364906, -0.616512, -0.697679, -0.042764, 0.0, 0.0, 0.0, 1.0],
                [0.930781, -0.210335, -0.299009, 0.117456, 0.036779, -0.75988, 0.649022, -0.002831, -0.363723, -0.615094, -0.699546, -0.042764, 0.0, 0.0, 0.0, 1.0],
                [0.931523, -0.209173, -0.29751, 0.117456, 0.035457, -0.761915, 0.646705, -0.002831, -0.361951, -0.61297, -0.702325, -0.042764, 0.0, 0.0, 0.0, 1.0],
                [0.932553, -0.207555, -0.295407, 0.117456, 0.03362, -0.764748, 0.643451, -0.002831, -0.359463, -0.609984, -0.706191, -0.042764, 0.0, 0.0, 0.0, 1.0],
                [0.933916, -0.205412, -0.292585, 0.117456, 0.031187, -0.768505, 0.639083, -0.002831, -0.356129, -0.605975, -0.711313, -0.042764, 0.0, 0.0, 0.0, 1.0],
                [0.935652, -0.202676, -0.288925, 0.117456, 0.028085, -0.773306, 0.633411, -0.002831, -0.351805, -0.600767, -0.717853, -0.042764, 0.0, 0.0, 0.0, 1.0],
                [0.937796, -0.199286, -0.284296, 0.117456, 0.024246, -0.779263, 0.626227, -0.002831, -0.34634, -0.594167, -0.725958, -0.042764, 0.0, 0.0, 0.0, 1.0],
                [0.940378, -0.195185, -0.278554, 0.117456, 0.019613, -0.78648, 0.617304, -0.002831, -0.339566, -0.585962, -0.73576, -0.042764, 0.0, 0.0, 0.0, 1.0],
                [0.943419, -0.190329, -0.271542, 0.117456, 0.014138, -0.795045, 0.606385, -0.002831, -0.331301, -0.575914, -0.74737, -0.042764, 0.0, 0.0, 0.0, 1.0],
                [0.946932, -0.184684, -0.263082, 0.117456, 0.007793, -0.805029, 0.593184, -0.002831, -0.32134, -0.563755, -0.760868, -0.042764, 0.0, 0.0, 0.0, 1.0],
                [0.950913, -0.178233, -0.252978, 0.117456, 0.000569, -0.816476, 0.577379, -0.002831, -0.309458, -0.549181, -0.776296, -0.042764, 0.0, 0.0, 0.0, 1.0],
                [0.955343, -0.170981, -0.24101, 0.117456, -0.007516, -0.829397, 0.558609, -0.002831, -0.295405, -0.531851, -0.793644, -0.042764, 0.0, 0.0, 0.0, 1.0],
                [0.961017, -0.161587, -0.224359, 0.117456, -0.017912, -0.846132, 0.532672, -0.002831, -0.27591, -0.507888, -0.816041, -0.042764, 0.0, 0.0, 0.0, 1.0],
                [0.968225, -0.149413, -0.200541, 0.117456, -0.03124, -0.867884, 0.495784, -0.002831, -0.248123, -0.473766, -0.844974, -0.042764, 0.0, 0.0, 0.0, 1.0],
                [0.976089, -0.135649, -0.169854, 0.117456, -0.046074, -0.892747, 0.448197, -0.002831, -0.212434, -0.429654, -0.87765, -0.042764, 0.0, 0.0, 0.0, 1.0],
                [0.983661, -0.121598, -0.132759, 0.117456, -0.060867, -0.918626, 0.39041, -0.002831, -0.169429, -0.375951, -0.911019, -0.042764, 0.0, 0.0, 0.0, 1.0],
                [0.990004, -0.10858, -0.090014, 0.117456, -0.07406, -0.94336, 0.323398, -0.002831, -0.12003, -0.313498, -0.941972, -0.042764, 0.0, 0.0, 0.0, 1.0],
                [0.994285, -0.097823, -0.042753, 0.117456, -0.084237, -0.964899, 0.248744, -0.002831, -0.065585, -0.243721, -0.967625, -0.042764, 0.0, 0.0, 0.0, 1.0],
                [0.995885, -0.090317, 0.00752, 0.117456, -0.090288, -0.981529, 0.168667, -0.002831, -0.007853, -0.168651, -0.985644, -0.042764, 0.0, 0.0, 0.0, 1.0],
                [0.994487, -0.086682, 0.059016, 0.117456, -0.091569, -0.992088, 0.085888, -0.002831, 0.051104, -0.090818, -0.994555, -0.042764, 0.0, 0.0, 0.0, 1.0],
                [0.990128, -0.087087, 0.109829, 0.117456, -0.08799, -0.996115, 0.003391, -0.002831, 0.109107, -0.013021, -0.993945, -0.042764, 0.0, 0.0, 0.0, 1.0],
                [0.983195, -0.091235, 0.158125, 0.117456, -0.080024, -0.9939, -0.075884, -0.002831, 0.164084, 0.061955, -0.984499, -0.042764, 0.0, 0.0, 0.0, 1.0],
                [0.974363, -0.098416, 0.202313, 0.117456, -0.068626, -0.986403, -0.149328, -0.002831, 0.214259, 0.131615, -0.967869, -0.042764, 0.0, 0.0, 0.0, 1.0],
                [0.9645, -0.107627, 0.241156, 0.117456, -0.055089, -0.975092, -0.21485, -0.002831, 0.258273, 0.193938, -0.946405, -0.042764, 0.0, 0.0, 0.0, 1.0],
                [0.954561, -0.117703, 0.273788, 0.117456, -0.040876, -0.961728, -0.27094, -0.002831, 0.295201, 0.247438, -0.922839, -0.042764, 0.0, 0.0, 0.0, 1.0],
                [0.945494, -0.127451, 0.299663, 0.117456, -0.027468, -0.948161, -0.316601, -0.002831, 0.32448, 0.291113, -0.899981, -0.042764, 0.0, 0.0, 0.0, 1.0],
                [0.938175, -0.135743, 0.318436, 0.117456, -0.016255, -0.936167, -0.35118, -0.002831, 0.345779, 0.324292, -0.880495, -0.042764, 0.0, 0.0, 0.0, 1.0],
                [0.933367, -0.141587, 0.329816, 0.117456, -0.00846, -0.927328, -0.374154, -0.002831, 0.358823, 0.346433, -0.866735, -0.042764, 0.0, 0.0, 0.0, 1.0],
                [0.931694, -0.144172, 0.333407, 0.117456, -0.005092, -0.922954, -0.384875, -0.002831, 0.363208, 0.356888, -0.860646, -0.042764, 0.0, 0.0, 0.0, 1.0],
                [0.931756, -0.144913, 0.332914, 0.117456, -0.004249, -0.921189, -0.389091, -0.002831, 0.363061, 0.361123, -0.858939, -0.042764, 0.0, 0.0, 0.0, 1.0],
                [0.931813, -0.145658, 0.332428, 0.117456, -0.003473, -0.919469, -0.393146, -0.002831, 0.362922, 0.365184, -0.857279, -0.042764, 0.0, 0.0, 0.0, 1.0],
                [0.931866, -0.146407, 0.33195, 0.117456, -0.002761, -0.917795, -0.397045, -0.002831, 0.362792, 0.369076, -0.855666, -0.042764, 0.0, 0.0, 0.0, 1.0],
                [0.931915, -0.147158, 0.331479, 0.117456, -0.002111, -0.916167, -0.400791, -0.002831, 0.36267, 0.372804, -0.854101, -0.042764, 0.0, 0.0, 0.0, 1.0],
                [0.931961, -0.147912, 0.331016, 0.117456, -0.001522, -0.914585, -0.404389, -0.002831, 0.362556, 0.376371, -0.852583, -0.042764, 0.0, 0.0, 0.0, 1.0],
                [0.932002, -0.148667, 0.33056, 0.117456, -0.000991, -0.913051, -0.407843, -0.002831, 0.362452, 0.379783, -0.851113, -0.042764, 0.0, 0.0, 0.0, 1.0],
                [0.93204, -0.149424, 0.330113, 0.117456, -0.000517, -0.911565, -0.411156, -0.002831, 0.362355, 0.383043, -0.849692, -0.042764, 0.0, 0.0, 0.0, 1.0],
                [0.932074, -0.15018, 0.329673, 0.117456, -9.6e-05, -0.910126, -0.414331, -0.002831, 0.362268, 0.386156, -0.848319, -0.042764, 0.0, 0.0, 0.0, 1.0],
                [0.932104, -0.150937, 0.329241, 0.117456, 0.000273, -0.908735, -0.417373, -0.002831, 0.36219, 0.389125, -0.846995, -0.042764, 0.0, 0.0, 0.0, 1.0],
                [0.932131, -0.151692, 0.328817, 0.117456, 0.000592, -0.907392, -0.420284, -0.002831, 0.36212, 0.391955, -0.845719, -0.042764, 0.0, 0.0, 0.0, 1.0],
                [0.932155, -0.152446, 0.328401, 0.117456, 0.000864, -0.906097, -0.423069, -0.002831, 0.362059, 0.394649, -0.844491, -0.042764, 0.0, 0.0, 0.0, 1.0],
                [0.932175, -0.153198, 0.327994, 0.117456, 0.001089, -0.904849, -0.42573, -0.002831, 0.362006, 0.397212, -0.843311, -0.042764, 0.0, 0.0, 0.0, 1.0],
                [0.932192, -0.153947, 0.327595, 0.117456, 0.001271, -0.903649, -0.428271, -0.002831, 0.361962, 0.399647, -0.842179, -0.042764, 0.0, 0.0, 0.0, 1.0],
                [0.932206, -0.154692, 0.327204, 0.117456, 0.001411, -0.902496, -0.430695, -0.002831, 0.361926, 0.401958, -0.841094, -0.042764, 0.0, 0.0, 0.0, 1.0],
                [0.932217, -0.155433, 0.326822, 0.117456, 0.001512, -0.90139, -0.433004, -0.002831, 0.361898, 0.404148, -0.840056, -0.042764, 0.0, 0.0, 0.0, 1.0],
                [0.932224, -0.156169, 0.326449, 0.117456, 0.001575, -0.90033, -0.435204, -0.002831, 0.361877, 0.406221, -0.839064, -0.042764, 0.0, 0.0, 0.0, 1.0],
                [0.932229, -0.156899, 0.326084, 0.117456, 0.001601, -0.899316, -0.437295, -0.002831, 0.361864, 0.408181, -0.838118, -0.042764, 0.0, 0.0, 0.0, 1.0],
                [0.932232, -0.157623, 0.325729, 0.117456, 0.001594, -0.898348, -0.439282, -0.002831, 0.361859, 0.410032, -0.837217, -0.042764, 0.0, 0.0, 0.0, 1.0],
                [0.932231, -0.15834, 0.325382, 0.117456, 0.001555, -0.897424, -0.441167, -0.002831, 0.36186, 0.411775, -0.83636, -0.042764, 0.0, 0.0, 0.0, 1.0],
                [0.932228, -0.159048, 0.325044, 0.117456, 0.001486, -0.896543, -0.442953, -0.002831, 0.361867, 0.413416, -0.835547, -0.042764, 0.0, 0.0, 0.0, 1.0],
                [0.932223, -0.159748, 0.324716, 0.117456, 0.001389, -0.895707, -0.444643, -0.002831, 0.361881, 0.414957, -0.834777, -0.042764, 0.0, 0.0, 0.0, 1.0],
                [0.932216, -0.160439, 0.324397, 0.117456, 0.001266, -0.894912, -0.44624, -0.002831, 0.361901, 0.416402, -0.834048, -0.042764, 0.0, 0.0, 0.0, 1.0],
                [0.932206, -0.161119, 0.324087, 0.117456, 0.001118, -0.89416, -0.447746, -0.002831, 0.361926, 0.417754, -0.833361, -0.042764, 0.0, 0.0, 0.0, 1.0],
                [0.932194, -0.161789, 0.323787, 0.117456, 0.000949, -0.893448, -0.449165, -0.002831, 0.361957, 0.419017, -0.832714, -0.042764, 0.0, 0.0, 0.0, 1.0],
                [0.932181, -0.162446, 0.323497, 0.117456, 0.000759, -0.892776, -0.450499, -0.002831, 0.361992, 0.420192, -0.832106, -0.042764, 0.0, 0.0, 0.0, 1.0],
                [0.932166, -0.163091, 0.323216, 0.117456, 0.00055, -0.892143, -0.451751, -0.002831, 0.362032, 0.421285, -0.831536, -0.042764, 0.0, 0.0, 0.0, 1.0],
                [0.932149, -0.163723, 0.322945, 0.117456, 0.000325, -0.891549, -0.452924, -0.002831, 0.362076, 0.422297, -0.831003, -0.042764, 0.0, 0.0, 0.0, 1.0],
                [0.93213, -0.16434, 0.322685, 0.117456, 8.5e-05, -0.890992, -0.454019, -0.002831, 0.362123, 0.423233, -0.830507, -0.042764, 0.0, 0.0, 0.0, 1.0],
                [0.932111, -0.164943, 0.322434, 0.117456, -0.000168, -0.890471, -0.45504, -0.002831, 0.362173, 0.424094, -0.830045, -0.042764, 0.0, 0.0, 0.0, 1.0],
                [0.93209, -0.165529, 0.322193, 0.117456, -0.000431, -0.889984, -0.45599, -0.002831, 0.362227, 0.424885, -0.829617, -0.042764, 0.0, 0.0, 0.0, 1.0],
                [0.932068, -0.166099, 0.321962, 0.117456, -0.000703, -0.889533, -0.456871, -0.002831, 0.362282, 0.425608, -0.829222, -0.042764, 0.0, 0.0, 0.0, 1.0],
                [0.932046, -0.166652, 0.321742, 0.117456, -0.000983, -0.889114, -0.457685, -0.002831, 0.362339, 0.426267, -0.828859, -0.042764, 0.0, 0.0, 0.0, 1.0],
                [0.932023, -0.167186, 0.321532, 0.117456, -0.001267, -0.888727, -0.458435, -0.002831, 0.362398, 0.426864, -0.828526, -0.042764, 0.0, 0.0, 0.0, 1.0],
                [0.931999, -0.167701, 0.321332, 0.117456, -0.001555, -0.888371, -0.459123, -0.002831, 0.362458, 0.427403, -0.828222, -0.042764, 0.0, 0.0, 0.0, 1.0],
                [0.931975, -0.168196, 0.321143, 0.117456, -0.001844, -0.888045, -0.459753, -0.002831, 0.362518, 0.427886, -0.827946, -0.042764, 0.0, 0.0, 0.0, 1.0],
                [0.931951, -0.16867, 0.320965, 0.117456, -0.002133, -0.887747, -0.460326, -0.002831, 0.362579, 0.428317, -0.827696, -0.042764, 0.0, 0.0, 0.0, 1.0],
                [0.931927, -0.169122, 0.320797, 0.117456, -0.002418, -0.887477, -0.460846, -0.002831, 0.362639, 0.428699, -0.827472, -0.042764, 0.0, 0.0, 0.0, 1.0],
                [0.931903, -0.169551, 0.320639, 0.117456, -0.0027, -0.887233, -0.461314, -0.002831, 0.362698, 0.429034, -0.827273, -0.042764, 0.0, 0.0, 0.0, 1.0],
                [0.931879, -0.169957, 0.320493, 0.117456, -0.002975, -0.887014, -0.461733, -0.002831, 0.362756, 0.429326, -0.827096, -0.042764, 0.0, 0.0, 0.0, 1.0],
                [0.931856, -0.170338, 0.320357, 0.117456, -0.003242, -0.886819, -0.462105, -0.002831, 0.362813, 0.429577, -0.82694, -0.042764, 0.0, 0.0, 0.0, 1.0],
                [0.931834, -0.170695, 0.320232, 0.117456, -0.003498, -0.886647, -0.462434, -0.002831, 0.362867, 0.429792, -0.826805, -0.042764, 0.0, 0.0, 0.0, 1.0],
                [0.931813, -0.171024, 0.320117, 0.117456, -0.003743, -0.886496, -0.462721, -0.002831, 0.362919, 0.429971, -0.826689, -0.042764, 0.0, 0.0, 0.0, 1.0],
                [0.931793, -0.171327, 0.320014, 0.117456, -0.003973, -0.886365, -0.462969, -0.002831, 0.362969, 0.43012, -0.82659, -0.042764, 0.0, 0.0, 0.0, 1.0],
                [0.931774, -0.171602, 0.319921, 0.117456, -0.004187, -0.886254, -0.463181, -0.002831, 0.363014, 0.43024, -0.826507, -0.042764, 0.0, 0.0, 0.0, 1.0],
                [0.931757, -0.171848, 0.31984, 0.117456, -0.004383, -0.88616, -0.463358, -0.002831, 0.363056, 0.430335, -0.826439, -0.042764, 0.0, 0.0, 0.0, 1.0],
                [0.931741, -0.172064, 0.319769, 0.117456, -0.00456, -0.886083, -0.463504, -0.002831, 0.363094, 0.430408, -0.826385, -0.042764, 0.0, 0.0, 0.0, 1.0],
                [0.931728, -0.172249, 0.319709, 0.117456, -0.004714, -0.886021, -0.46362, -0.002831, 0.363127, 0.430461, -0.826343, -0.042764, 0.0, 0.0, 0.0, 1.0],
                [0.931716, -0.172402, 0.31966, 0.117456, -0.004845, -0.885974, -0.46371, -0.002831, 0.363155, 0.430497, -0.826311, -0.042764, 0.0, 0.0, 0.0, 1.0],
                [0.931707, -0.172523, 0.319622, 0.117456, -0.00495, -0.885939, -0.463776, -0.002831, 0.363177, 0.430521, -0.826289, -0.042764, 0.0, 0.0, 0.0, 1.0],
                [0.9317, -0.172611, 0.319595, 0.117456, -0.005028, -0.885915, -0.463819, -0.002831, 0.363194, 0.430534, -0.826275, -0.042764, 0.0, 0.0, 0.0, 1.0],
                [0.931696, -0.172664, 0.319578, 0.117456, -0.005076, -0.885902, -0.463844, -0.002831, 0.363204, 0.430539, -0.826268, -0.042764, 0.0, 0.0, 0.0, 1.0],
                [0.931694, -0.172682, 0.319573, 0.117456, -0.005092, -0.885898, -0.463851, -0.002831, 0.363208, 0.43054, -0.826266, -0.042764, 0.0, 0.0, 0.0, 1.0],
                [0.931694, -0.172682, 0.319573, 0.117456, -0.005092, -0.885898, -0.463851, -0.002831, 0.363208, 0.43054, -0.826266, -0.042764, 0.0, 0.0, 0.0, 1.0],
                [0.931694, -0.172682, 0.319573, 0.117456, -0.005092, -0.885898, -0.463851, -0.002831, 0.363208, 0.43054, -0.826266, -0.042764, 0.0, 0.0, 0.0, 1.0],
                [0.931694, -0.172682, 0.319573, 0.117456, -0.005092, -0.885898, -0.463851, -0.002831, 0.363208, 0.43054, -0.826266, -0.042764, 0.0, 0.0, 0.0, 1.0],
                [0.931694, -0.172682, 0.319573, 0.117456, -0.005092, -0.885898, -0.463851, -0.002831, 0.363208, 0.43054, -0.826266, -0.042764, 0.0, 0.0, 0.0, 1.0],
                [0.931694, -0.172682, 0.319573, 0.117456, -0.005092, -0.885898, -0.463851, -0.002831, 0.363208, 0.43054, -0.826266, -0.042764, 0.0, 0.0, 0.0, 1.0],
                [0.931694, -0.172682, 0.319573, 0.117456, -0.005092, -0.885898, -0.463851, -0.002831, 0.363208, 0.43054, -0.826266, -0.042764, 0.0, 0.0, 0.0, 1.0],
                [0.931694, -0.172682, 0.319573, 0.117456, -0.005092, -0.885898, -0.463851, -0.002831, 0.363208, 0.43054, -0.826266, -0.042764, 0.0, 0.0, 0.0, 1.0],
                [0.931694, -0.172682, 0.319573, 0.117456, -0.005092, -0.885898, -0.463851, -0.002831, 0.363208, 0.43054, -0.826266, -0.042764, 0.0, 0.0, 0.0, 1.0],
                [0.931989, -0.172065, 0.319046, 0.117473, -0.005164, -0.886372, -0.462945, -0.002831, 0.36245, 0.429812, -0.826978, -0.042667, 0.0, 0.0, 0.0, 1.0],
                [0.932847, -0.170257, 0.317504, 0.117523, -0.005377, -0.887769, -0.460257, -0.002831, 0.360232, 0.427642, -0.829069, -0.042383, 0.0, 0.0, 0.0, 1.0],
                [0.934227, -0.167326, 0.314996, 0.117604, -0.005719, -0.890047, -0.455832, -0.002831, 0.356634, 0.424049, -0.832463, -0.041923, 0.0, 0.0, 0.0, 1.0],
                [0.93608, -0.163342, 0.311566, 0.117714, -0.006171, -0.893155, -0.449707, -0.002831, 0.351732, 0.419039, -0.837072, -0.041298, 0.0, 0.0, 0.0, 1.0],
                [0.938358, -0.158378, 0.307247, 0.117851, -0.006707, -0.897032, -0.441913, -0.002831, 0.345599, 0.412612, -0.8428, -0.040519, 0.0, 0.0, 0.0, 1.0],
                [0.941008, -0.152509, 0.302068, 0.118014, -0.007298, -0.901616, -0.432476, -0.002831, 0.338306, 0.404759, -0.84954, -0.039598, 0.0, 0.0, 0.0, 1.0],
                [0.943974, -0.145815, 0.296058, 0.1182, -0.007908, -0.906831, -0.42142, -0.002831, 0.329924, 0.395469, -0.857178, -0.038544, 0.0, 0.0, 0.0, 1.0],
                [0.947203, -0.138377, 0.289239, 0.118407, -0.008501, -0.912599, -0.408767, -0.002831, 0.320523, 0.384726, -0.865593, -0.037369, 0.0, 0.0, 0.0, 1.0],
                [0.950636, -0.13028, 0.281636, 0.118633, -0.009036, -0.918836, -0.394537, -0.002831, 0.310177, 0.372516, -0.874655, -0.036084, 0.0, 0.0, 0.0, 1.0],
                [0.954218, -0.12161, 0.273274, 0.118877, -0.009474, -0.925449, -0.378753, -0.002831, 0.298961, 0.358824, -0.884233, -0.034701, 0.0, 0.0, 0.0, 1.0],
                [0.957895, -0.112457, 0.264179, 0.119137, -0.009775, -0.932344, -0.361441, -0.002831, 0.286953, 0.34364, -0.894187, -0.033229, 0.0, 0.0, 0.0, 1.0],
                [0.961612, -0.102912, 0.254385, 0.11941, -0.009898, -0.939419, -0.342628, -0.002831, 0.274234, 0.326958, -0.904375, -0.03168, 0.0, 0.0, 0.0, 1.0],
                [0.965318, -0.093069, 0.243925, 0.119695, -0.009808, -0.94657, -0.322349, -0.002831, 0.260893, 0.308777, -0.914654, -0.030066, 0.0, 0.0, 0.0, 1.0],
                [0.968964, -0.083022, 0.232842, 0.119989, -0.009468, -0.953689, -0.300643, -0.002831, 0.247019, 0.289108, -0.924877, -0.028396, 0.0, 0.0, 0.0, 1.0],
                [0.972506, -0.072865, 0.221185, 0.120291, -0.008851, -0.960669, -0.277556, -0.002831, 0.232709, 0.267967, -0.934901, -0.026683, 0.0, 0.0, 0.0, 1.0],
                [0.975902, -0.062692, 0.209008, 0.120599, -0.007931, -0.967397, -0.25314, -0.002831, 0.218064, 0.245382, -0.944582, -0.024936, 0.0, 0.0, 0.0, 1.0],
                [0.979117, -0.052595, 0.196376, 0.120911, -0.006688, -0.973765, -0.227457, -0.002831, 0.203187, 0.221394, -0.953782, -0.023168, 0.0, 0.0, 0.0, 1.0],
                [0.98212, -0.042665, 0.183359, 0.121225, -0.005112, -0.979665, -0.200576, -0.002831, 0.188188, 0.196052, -0.962366, -0.021388, 0.0, 0.0, 0.0, 1.0],
                [0.984885, -0.032988, 0.170038, 0.121539, -0.003197, -0.984991, -0.172573, -0.002831, 0.173179, 0.169421, -0.970209, -0.019608, 0.0, 0.0, 0.0, 1.0],
                [0.987395, -0.023645, 0.1565, 0.12185, -0.000949, -0.989645, -0.143532, -0.002831, 0.158273, 0.141574, -0.977193, -0.01784, 0.0, 0.0, 0.0, 1.0],
                [0.989636, -0.014711, 0.14284, 0.122158, 0.00162, -0.993531, -0.113546, -0.002831, 0.143586, 0.1126, -0.983211, -0.016093, 0.0, 0.0, 0.0, 1.0],
                [0.991604, -0.006255, 0.129159, 0.12246, 0.004487, -0.996563, -0.082711, -0.002831, 0.129232, 0.082596, -0.988168, -0.01438, 0.0, 0.0, 0.0, 1.0],
                [0.993298, 0.001664, 0.115566, 0.122755, 0.007622, -0.998663, -0.051131, -0.002831, 0.115326, 0.051669, -0.991983, -0.01271, 0.0, 0.0, 0.0, 1.0],
