{
    "animation": [
        {
            "name": "Root",
            "time": [0.0, 0.0167, 0.0333, 0.05, 0.0667, 0.0833, 0.1, 0.1167, 0.1333, 0.15, 0.1667, 0.1833, 0.2, 0.2167, 0.2333, 0.25, 0.2667, 0.2833, 0.3, 0.3167, 0.3333, 0.35, 0.3667, 0.3833, 0.4, 0.4167, 0.4333, 0.45, 0.4667, 0.4833, 0.5, 0.5167, 0.5333, 0.55, 0.5667, 0.5833, 0.6, 0.6167, 0.6333, 0.65, 0.6667, 0.6833, 0.7, 0.7167, 0.7333, 0.75, 0.7667, 0.7833, 0.8, 0.8167, 0.8333, 0.85, 0.8667, 0.8833, 0.9, 0.9167, 0.9333, 0.95, 0.9667, 0.9833, 1.0, 1.0167, 1.0333, 1.05, 1.0667, 1.0833, 1.1, 1.1167, 1.1333, 1.15, 1.1667, 1.1833, 1.2, 1.2167, 1.2333, 1.25, 1.2667, 1.2833, 1.3, 1.3167, 1.3333, 1.35, 1.3667, 1.3833, 1.4, 1.4167, 1.4333, 1.45, 1.4667, 1.4833, 1.5, 1.5167, 1.5333, 1.55, 1.5667, 1.5833, 1.6, 1.6167, 1.6333, 1.65, 1.6667, 1.6833, 1.7, 1.7167, 1.7333, 1.75, 1.7667, 1.7833, 1.8, 1.8167, 1.8333, 1.85, 1.8667, 1.8833, 1.9, 1.9167, 1.9333, 1.95, 1.9667, 1.9833, 2.0, 2.0167, 2.0333, 2.05, 2.0667, 2.0833, 2.1, 2.1167, 2.1333, 2.15, 2.1667, 2.1833, 2.2, 2.2167, 2.2333, 2.25, 2.2667, 2.2833, 2.3, 2.3167, 2.3333, 2.35, 2.3667, 2.3833, 2.4, 2.4167, 2.4333, 2.45, 2.4667, 2.4833, 2.5, 2.5167, 2.5333, 2.55, 2.5667, 2.5833, 2.6, 2.6167, 2.6333, 2.65, 2.6667, 2.6833, 2.7, 2.7167, 2.7333, 2.75, 2.7667, 2.7833, 2.8, 2.8167, 2.8333, 2.85, 2.8667, 2.8833, 2.9, 2.9167, 2.9333, 2.95, 3.0667],
            "transform": [
                [0.642788, 0.0, 0.766045, -5e-06, 0.766045, 0.0, -0.642788, 0.000946, 0.0, 1.0, 0.0, 0.53472, 0.0, 0.0, 0.0, 1.0],
                [0.642788, 0.0, 0.766045, -5e-06, 0.766045, 0.0, -0.642788, 0.000971, 0.0, 1.0, 0.0, 0.53472, 0.0, 0.0, 0.0, 1.0],
                [0.642788, 0.0, 0.766045, -5e-06, 0.766045, 0.0, -0.642788, 0.00114, 0.0, 1.0, 0.0, 0.53472, 0.0, 0.0, 0.0, 1.0],
                [0.642788, 0.0, 0.766045, -5e-06, 0.766045, 0.0, -0.642788, 0.001599, 0.0, 1.0, 0.0, 0.53472, 0.0, 0.0, 0.0, 1.0],
                [0.642788, 0.0, 0.766045, -5e-06, 0.766045, 0.0, -0.642788, 0.002494, 0.0, 1.0, 0.0, 0.53472, 0.0, 0.0, 0.0, 1.0],
                [0.642788, 0.0, 0.766045, -5e-06, 0.766045, 0.0, -0.642788, 0.003969, 0.0, 1.0, 0.0, 0.53472, 0.0, 0.0, 0.0, 1.0],
                [0.642788, 0.0, 0.766045, -5e-06, 0.766045, 0.0, -0.642788, 0.00617, 0.0, 1.0, 0.0, 0.53472, 0.0, 0.0, 0.0, 1.0],
                [0.642788, 0.0, 0.766045, -5e-06, 0.766045, 0.0, -0.642788, 0.009241, 0.0, 1.0, 0.0, 0.53472, 0.0, 0.0, 0.0, 1.0],
                [0.642788, 0.0, 0.766045, -5e-06, 0.766045, 0.0, -0.642788, 0.013328, 0.0, 1.0, 0.0, 0.53472, 0.0, 0.0, 0.0, 1.0],
                [0.642788, 0.0, 0.766045, -5e-06, 0.766045, 0.0, -0.642788, 0.018576, 0.0, 1.0, 0.0, 0.53472, 0.0, 0.0, 0.0, 1.0],
                [0.642788, 0.0, 0.766045, -5e-06, 0.766045, 0.0, -0.642788, 0.02513, 0.0, 1.0, 0.0, 0.53472, 0.0, 0.0, 0.0, 1.0],
                [0.642788, 0.0, 0.766045, -5e-06, 0.766045, 0.0, -0.642788, 0.033134, 0.0, 1.0, 0.0, 0.53472, 0.0, 0.0, 0.0, 1.0],
                [0.642788, 0.0, 0.766045, -5e-06, 0.766045, 0.0, -0.642788, 0.042735, 0.0, 1.0, 0.0, 0.53472, 0.0, 0.0, 0.0, 1.0],
                [0.642788, 0.0, 0.766045, -5e-06, 0.766045, 0.0, -0.642788, 0.054077, 0.0, 1.0, 0.0, 0.53472, 0.0, 0.0, 0.0, 1.0],
                [0.642788, 0.0, 0.766045, -5e-06, 0.766045, 0.0, -0.642788, 0.067305, 0.0, 1.0, 0.0, 0.53472, 0.0, 0.0, 0.0, 1.0],
                [0.642788, 0.0, 0.766045, -5e-06, 0.766045, 0.0, -0.642788, 0.082565, 0.0, 1.0, 0.0, 0.53472, 0.0, 0.0, 0.0, 1.0],
                [0.642788, 0.0, 0.766045, -5e-06, 0.766045, 0.0, -0.642788, 0.100001, 0.0, 1.0, 0.0, 0.53472, 0.0, 0.0, 0.0, 1.0],
                [0.642788, 0.0, 0.766045, -5e-06, 0.766045, 0.0, -0.642788, 0.119759, 0.0, 1.0, 0.0, 0.53472, 0.0, 0.0, 0.0, 1.0],
                [0.642788, 0.0, 0.766045, -5e-06, 0.766045, 0.0, -0.642788, 0.141983, 0.0, 1.0, 0.0, 0.53472, 0.0, 0.0, 0.0, 1.0],
                [0.642788, 0.0, 0.766045, -5e-06, 0.766045, 0.0, -0.642788, 0.16682, 0.0, 1.0, 0.0, 0.53472, 0.0, 0.0, 0.0, 1.0],
                [0.642788, 0.0, 0.766045, -5e-06, 0.766045, 0.0, -0.642788, 0.194413, 0.0, 1.0, 0.0, 0.53472, 0.0, 0.0, 0.0, 1.0],
                [0.642788, 0.0, 0.766045, -5e-06, 0.766045, 0.0, -0.642788, 0.224908, 0.0, 1.0, 0.0, 0.53472, 0.0, 0.0, 0.0, 1.0],
                [0.642788, 0.0, 0.766045, -5e-06, 0.766045, 0.0, -0.642788, 0.25845, 0.0, 1.0, 0.0, 0.53472, 0.0, 0.0, 0.0, 1.0],
                [0.642788, 0.0, 0.766045, -5e-06, 0.766045, 0.0, -0.642788, 0.295185, 0.0, 1.0, 0.0, 0.53472, 0.0, 0.0, 0.0, 1.0],
                [0.642788, 0.0, 0.766045, -5e-06, 0.766045, 0.0, -0.642788, 0.335256, 0.0, 1.0, 0.0, 0.53472, 0.0, 0.0, 0.0, 1.0],
                [0.642788, 0.0, 0.766045, -5e-06, 0.766045, 0.0, -0.642788, 0.395503, 0.0, 1.0, 0.0, 0.539183, 0.0, 0.0, 0.0, 1.0],
                [0.642788, 0.0, 0.766045, -5e-06, 0.766045, 0.0, -0.642788, 0.490163, 0.0, 1.0, 0.0, 0.551299, 0.0, 0.0, 0.0, 1.0],
                [0.642788, 0.0, 0.766045, -5e-06, 0.766045, 0.0, -0.642788, 0.615489, 0.0, 1.0, 0.0, 0.569152, 0.0, 0.0, 0.0, 1.0],
                [0.642788, 0.0, 0.766045, -5e-06, 0.766045, 0.0, -0.642788, 0.767729, 0.0, 1.0, 0.0, 0.590832, 0.0, 0.0, 0.0, 1.0],
                [0.642788, 0.0, 0.766045, -5e-06, 0.766045, 0.0, -0.642788, 0.943132, 0.0, 1.0, 0.0, 0.614425, 0.0, 0.0, 0.0, 1.0],
                [0.642788, 0.0, 0.766045, -5e-06, 0.766045, 0.0, -0.642788, 1.13795, 0.0, 1.0, 0.0, 0.638017, 0.0, 0.0, 0.0, 1.0],
                [0.642788, 0.0, 0.766045, -5e-06, 0.766045, 0.0, -0.642788, 1.348431, 0.0, 1.0, 0.0, 0.659697, 0.0, 0.0, 0.0, 1.0],
                [0.642788, 0.0, 0.766045, -5e-06, 0.766045, 0.0, -0.642788, 1.570827, 0.0, 1.0, 0.0, 0.677551, 0.0, 0.0, 0.0, 1.0],
                [0.642788, 0.0, 0.766045, -5e-06, 0.766045, 0.0, -0.642788, 1.801385, 0.0, 1.0, 0.0, 0.689666, 0.0, 0.0, 0.0, 1.0],
                [0.642788, 0.0, 0.766045, -5e-06, 0.766045, 0.0, -0.642788, 2.036356, 0.0, 1.0, 0.0, 0.694129, 0.0, 0.0, 0.0, 1.0],
                [0.642788, 0.0, 0.766045, -5e-06, 0.766045, 0.0, -0.642788, 2.271991, 0.0, 1.0, 0.0, 0.692741, 0.0, 0.0, 0.0, 1.0],
                [0.642788, 0.0, 0.766045, -5e-06, 0.766045, 0.0, -0.642788, 2.504539, 0.0, 1.0, 0.0, 0.688876, 0.0, 0.0, 0.0, 1.0],
                [0.642788, 0.0, 0.766045, -5e-06, 0.766045, 0.0, -0.642788, 2.730248, 0.0, 1.0, 0.0, 0.682984, 0.0, 0.0, 0.0, 1.0],
                [0.642788, 0.0, 0.766045, -5e-06, 0.766045, 0.0, -0.642788, 2.945371, 0.0, 1.0, 0.0, 0.675516, 0.0, 0.0, 0.0, 1.0],
                [0.642788, 0.0, 0.766045, -5e-06, 0.766045, 0.0, -0.642788, 3.146155, 0.0, 1.0, 0.0, 0.666922, 0.0, 0.0, 0.0, 1.0],
                [0.642788, 0.0, 0.766045, -5e-06, 0.766045, 0.0, -0.642788, 3.328851, 0.0, 1.0, 0.0, 0.657653, 0.0, 0.0, 0.0, 1.0],
                [0.642788, 0.0, 0.766045, -5e-06, 0.766045, 0.0, -0.642788, 3.48971, 0.0, 1.0, 0.0, 0.648159, 0.0, 0.0, 0.0, 1.0],
                [0.642788, 0.0, 0.766045, -5e-06, 0.766045, 0.0, -0.642788, 3.62498, 0.0, 1.0, 0.0, 0.63889, 0.0, 0.0, 0.0, 1.0],
                [0.642788, 0.0, 0.766045, -5e-06, 0.766045, 0.0, -0.642788, 3.730911, 0.0, 1.0, 0.0, 0.630296, 0.0, 0.0, 0.0, 1.0],
                [0.642788, 0.0, 0.766045, -5e-06, 0.766045, 0.0, -0.642788, 3.805839, 0.0, 1.0, 0.0, 0.622828, 0.0, 0.0, 0.0, 1.0],
                [0.642788, 0.0, 0.766045, -5e-06, 0.766045, 0.0, -0.642788, 3.854809, 0.0, 1.0, 0.0, 0.616937, 0.0, 0.0, 0.0, 1.0],
                [0.642788, 0.0, 0.766045, -5e-06, 0.766045, 0.0, -0.642788, 3.884131, 0.0, 1.0, 0.0, 0.613072, 0.0, 0.0, 0.0, 1.0],
                [0.642788, 0.0, 0.766045, -5e-06, 0.766045, 0.0, -0.642788, 3.900118, 0.0, 1.0, 0.0, 0.611683, 0.0, 0.0, 0.0, 1.0],
                [0.642788, 0.0, 0.766045, -5e-06, 0.766045, 0.0, -0.642788, 3.909081, 0.0, 1.0, 0.0, 0.612876, 0.0, 0.0, 0.0, 1.0],
                [0.642788, 0.0, 0.766045, -5e-06, 0.766045, 0.0, -0.642788, 3.917335, 0.0, 1.0, 0.0, 0.616233, 0.0, 0.0, 0.0, 1.0],
                [0.642788, 0.0, 0.766045, -5e-06, 0.766045, 0.0, -0.642788, 3.931189, 0.0, 1.0, 0.0, 0.621421, 0.0, 0.0, 0.0, 1.0],
                [0.642788, 0.0, 0.766045, -5e-06, 0.766045, 0.0, -0.642788, 3.956955, 0.0, 1.0, 0.0, 0.628107, 0.0, 0.0, 0.0, 1.0],
                [0.642788, 0.0, 0.766045, -5e-06, 0.766045, 0.0, -0.642788, 4.000947, 0.0, 1.0, 0.0, 0.635958, 0.0, 0.0, 0.0, 1.0],
                [0.642788, 0.0, 0.766045, -5e-06, 0.766045, 0.0, -0.642788, 4.067891, 0.0, 1.0, 0.0, 0.644641, 0.0, 0.0, 0.0, 1.0],
                [0.642788, 0.0, 0.766045, -5e-06, 0.766045, 0.0, -0.642788, 4.156178, 0.0, 1.0, 0.0, 0.653824, 0.0, 0.0, 0.0, 1.0],
                [0.642788, 0.0, 0.766045, -5e-06, 0.766045, 0.0, -0.642788, 4.262615, 0.0, 1.0, 0.0, 0.663173, 0.0, 0.0, 0.0, 1.0],
                [0.642788, 0.0, 0.766045, -5e-06, 0.766045, 0.0, -0.642788, 4.384008, 0.0, 1.0, 0.0, 0.672356, 0.0, 0.0, 0.0, 1.0],
                [0.642788, 0.0, 0.766045, -5e-06, 0.766045, 0.0, -0.642788, 4.517164, 0.0, 1.0, 0.0, 0.681039, 0.0, 0.0, 0.0, 1.0],
                [0.642788, 0.0, 0.766045, -5e-06, 0.766045, 0.0, -0.642788, 4.658889, 0.0, 1.0, 0.0, 0.688891, 0.0, 0.0, 0.0, 1.0],
                [0.642788, 0.0, 0.766045, -5e-06, 0.766045, 0.0, -0.642788, 4.80599, 0.0, 1.0, 0.0, 0.695577, 0.0, 0.0, 0.0, 1.0],
                [0.642788, 0.0, 0.766045, -5e-06, 0.766045, 0.0, -0.642788, 4.955273, 0.0, 1.0, 0.0, 0.700764, 0.0, 0.0, 0.0, 1.0],
                [0.642788, 0.0, 0.766045, -5e-06, 0.766045, 0.0, -0.642788, 5.103543, 0.0, 1.0, 0.0, 0.704121, 0.0, 0.0, 0.0, 1.0],
                [0.642788, 0.0, 0.766045, -5e-06, 0.766045, 0.0, -0.642788, 5.247609, 0.0, 1.0, 0.0, 0.705314, 0.0, 0.0, 0.0, 1.0],
                [0.642788, 0.0, 0.766045, -5e-06, 0.766045, 0.0, -0.642788, 5.384276, 0.0, 1.0, 0.0, 0.705314, 0.0, 0.0, 0.0, 1.0],
                [0.642788, 0.0, 0.766045, -5e-06, 0.766045, 0.0, -0.642788, 5.510351, 0.0, 1.0, 0.0, 0.705314, 0.0, 0.0, 0.0, 1.0],
                [0.642788, 0.0, 0.766045, -5e-06, 0.766045, 0.0, -0.642788, 5.62264, 0.0, 1.0, 0.0, 0.705314, 0.0, 0.0, 0.0, 1.0],
                [0.642788, 0.0, 0.766045, -5e-06, 0.766045, 0.0, -0.642788, 5.717949, 0.0, 1.0, 0.0, 0.705314, 0.0, 0.0, 0.0, 1.0],
                [0.642788, 0.0, 0.766045, -5e-06, 0.766045, 0.0, -0.642788, 5.793087, 0.0, 1.0, 0.0, 0.705314, 0.0, 0.0, 0.0, 1.0],
                [0.642788, 0.0, 0.766045, -5e-06, 0.766045, 0.0, -0.642788, 5.844857, 0.0, 1.0, 0.0, 0.705314, 0.0, 0.0, 0.0, 1.0],
                [0.642788, 0.0, 0.766045, -5e-06, 0.766045, 0.0, -0.642788, 5.880717, 0.0, 1.0, 0.0, 0.705314, 0.0, 0.0, 0.0, 1.0],
                [0.642788, 0.0, 0.766045, -5e-06, 0.766045, 0.0, -0.642788, 5.910616, 0.0, 1.0, 0.0, 0.705314, 0.0, 0.0, 0.0, 1.0],
                [0.642788, 0.0, 0.766045, -5e-06, 0.766045, 0.0, -0.642788, 5.935096, 0.0, 1.0, 0.0, 0.705314, 0.0, 0.0, 0.0, 1.0],
                [0.642788, 0.0, 0.766045, -5e-06, 0.766045, 0.0, -0.642788, 5.954698, 0.0, 1.0, 0.0, 0.705314, 0.0, 0.0, 0.0, 1.0],
                [0.642788, 0.0, 0.766045, -5e-06, 0.766045, 0.0, -0.642788, 5.969963, 0.0, 1.0, 0.0, 0.705314, 0.0, 0.0, 0.0, 1.0],
                [0.642788, 0.0, 0.766045, -5e-06, 0.766045, 0.0, -0.642788, 5.981435, 0.0, 1.0, 0.0, 0.705314, 0.0, 0.0, 0.0, 1.0],
                [0.642788, 0.0, 0.766045, -5e-06, 0.766045, 0.0, -0.642788, 5.989655, 0.0, 1.0, 0.0, 0.705314, 0.0, 0.0, 0.0, 1.0],
                [0.642788, 0.0, 0.766045, -5e-06, 0.766045, 0.0, -0.642788, 5.995165, 0.0, 1.0, 0.0, 0.705314, 0.0, 0.0, 0.0, 1.0],
                [0.642788, 0.0, 0.766045, -5e-06, 0.766045, 0.0, -0.642788, 5.998507, 0.0, 1.0, 0.0, 0.705314, 0.0, 0.0, 0.0, 1.0],
                [0.642788, 0.0, 0.766045, -5e-06, 0.766045, 0.0, -0.642788, 6.000224, 0.0, 1.0, 0.0, 0.705314, 0.0, 0.0, 0.0, 1.0],
                [0.642788, 0.0, 0.766045, -5e-06, 0.766045, 0.0, -0.642788, 6.000856, 0.0, 1.0, 0.0, 0.705314, 0.0, 0.0, 0.0, 1.0],
                [0.642788, 0.0, 0.766045, -5e-06, 0.766045, 0.0, -0.642788, 6.000947, 0.0, 1.0, 0.0, 0.705314, 0.0, 0.0, 0.0, 1.0],
                [0.642788, 0.0, 0.766045, -5e-06, 0.766045, 0.0, -0.642788, 6.000947, 0.0, 1.0, 0.0, 0.705314, 0.0, 0.0, 0.0, 1.0],
                [0.642788, 0.0, 0.766045, -5e-06, 0.766045, 0.0, -0.642788, 6.000947, 0.0, 1.0, 0.0, 0.705314, 0.0, 0.0, 0.0, 1.0],
                [0.642788, 0.0, 0.766045, -5e-06, 0.766045, 0.0, -0.642788, 6.000947, 0.0, 1.0, 0.0, 0.705314, 0.0, 0.0, 0.0, 1.0],
                [0.642788, 0.0, 0.766045, -5e-06, 0.766045, 0.0, -0.642788, 6.000947, 0.0, 1.0, 0.0, 0.705314, 0.0, 0.0, 0.0, 1.0],
                [0.642788, 0.0, 0.766045, -5e-06, 0.766045, 0.0, -0.642788, 6.000947, 0.0, 1.0, 0.0, 0.705314, 0.0, 0.0, 0.0, 1.0],
                [0.642788, 0.0, 0.766045, -5e-06, 0.766045, 0.0, -0.642788, 6.000947, 0.0, 1.0, 0.0, 0.705314, 0.0, 0.0, 0.0, 1.0],
                [0.642788, 0.0, 0.766045, -5e-06, 0.766045, 0.0, -0.642788, 6.000947, 0.0, 1.0, 0.0, 0.705314, 0.0, 0.0, 0.0, 1.0],
                [0.642788, 0.0, 0.766045, -5e-06, 0.766045, 0.0, -0.642788, 6.000947, 0.0, 1.0, 0.0, 0.705314, 0.0, 0.0, 0.0, 1.0],
                [0.642788, 0.0, 0.766045, -5e-06, 0.766045, 0.0, -0.642788, 6.000947, 0.0, 1.0, 0.0, 0.705314, 0.0, 0.0, 0.0, 1.0],
                [0.642788, 0.0, 0.766045, -5e-06, 0.766045, 0.0, -0.642788, 6.000947, 0.0, 1.0, 0.0, 0.705314, 0.0, 0.0, 0.0, 1.0],
                [0.642788, 0.0, 0.766045, -5e-06, 0.766045, 0.0, -0.642788, 6.000947, 0.0, 1.0, 0.0, 0.705314, 0.0, 0.0, 0.0, 1.0],
                [0.642788, 0.0, 0.766045, -5e-06, 0.766045, 0.0, -0.642788, 6.000947, 0.0, 1.0, 0.0, 0.705314, 0.0, 0.0, 0.0, 1.0],
                [0.642788, 0.0, 0.766045, -5e-06, 0.766045, 0.0, -0.642788, 6.000947, 0.0, 1.0, 0.0, 0.705314, 0.0, 0.0, 0.0, 1.0],
                [0.642788, 0.0, 0.766045, -5e-06, 0.766045, 0.0, -0.642788, 6.000947, 0.0, 1.0, 0.0, 0.705314, 0.0, 0.0, 0.0, 1.0],
                [0.642788, 0.0, 0.766045, -5e-06, 0.766045, 0.0, -0.642788, 6.000947, 0.0, 1.0, 0.0, 0.705314, 0.0, 0.0, 0.0, 1.0],
                [0.642788, 0.0, 0.766045, -5e-06, 0.766045, 0.0, -0.642788, 6.000947, 0.0, 1.0, 0.0, 0.705314, 0.0, 0.0, 0.0, 1.0],
                [0.642788, 0.0, 0.766045, -5e-06, 0.766045, 0.0, -0.642788, 6.000947, 0.0, 1.0, 0.0, 0.705314, 0.0, 0.0, 0.0, 1.0],
                [0.642788, 0.0, 0.766045, -5e-06, 0.766045, 0.0, -0.642788, 6.000947, 0.0, 1.0, 0.0, 0.705314, 0.0, 0.0, 0.0, 1.0],
                [0.642788, 0.0, 0.766045, -5e-06, 0.766045, 0.0, -0.642788, 6.000947, 0.0, 1.0, 0.0, 0.705314, 0.0, 0.0, 0.0, 1.0],
                [0.642788, 0.0, 0.766045, -5e-06, 0.766045, 0.0, -0.642788, 6.000947, 0.0, 1.0, 0.0, 0.705314, 0.0, 0.0, 0.0, 1.0],
                [0.642788, 0.0, 0.766045, -5e-06, 0.766045, 0.0, -0.642788, 6.000947, 0.0, 1.0, 0.0, 0.705314, 0.0, 0.0, 0.0, 1.0],
                [0.642788, 0.0, 0.766045, -5e-06, 0.766045, 0.0, -0.642788, 6.000947, 0.0, 1.0, 0.0, 0.705314, 0.0, 0.0, 0.0, 1.0],
                [0.642788, 0.0, 0.766045, -5e-06, 0.766045, 0.0, -0.642788, 6.000947, 0.0, 1.0, 0.0, 0.705314, 0.0, 0.0, 0.0, 1.0],
                [0.642788, 0.0, 0.766045, -5e-06, 0.766045, 0.0, -0.642788, 6.000947, 0.0, 1.0, 0.0, 0.705314, 0.0, 0.0, 0.0, 1.0],
                [0.642788, 0.0, 0.766045, -5e-06, 0.766045, 0.0, -0.642788, 6.000947, 0.0, 1.0, 0.0, 0.705314, 0.0, 0.0, 0.0, 1.0],
                [0.642788, 0.0, 0.766045, -5e-06, 0.766045, 0.0, -0.642788, 6.000947, 0.0, 1.0, 0.0, 0.705314, 0.0, 0.0, 0.0, 1.0],
                [0.642788, 0.0, 0.766045, -5e-06, 0.766045, 0.0, -0.642788, 6.000947, 0.0, 1.0, 0.0, 0.705314, 0.0, 0.0, 0.0, 1.0],
                [0.642788, 0.0, 0.766045, -5e-06, 0.766045, 0.0, -0.642788, 6.000947, 0.0, 1.0, 0.0, 0.705314, 0.0, 0.0, 0.0, 1.0],
                [0.642788, 0.0, 0.766045, -5e-06, 0.766045, 0.0, -0.642788, 6.000947, 0.0, 1.0, 0.0, 0.705314, 0.0, 0.0, 0.0, 1.0],
                [0.642788, 0.0, 0.766045, -5e-06, 0.766045, 0.0, -0.642788, 6.000947, 0.0, 1.0, 0.0, 0.705314, 0.0, 0.0, 0.0, 1.0],
                [0.642788, 0.0, 0.766045, -5e-06, 0.766045, 0.0, -0.642788, 6.000947, 0.0, 1.0, 0.0, 0.705314, 0.0, 0.0, 0.0, 1.0],
                [0.642788, 0.0, 0.766045, -5e-06, 0.766045, 0.0, -0.642788, 6.000947, 0.0, 1.0, 0.0, 0.705314, 0.0, 0.0, 0.0, 1.0],
                [0.642788, 0.0, 0.766045, 7e-06, 0.766045, 0.0, -0.642788, 5.99791, 0.0, 1.0, 0.0, 0.705161, 0.0, 0.0, 0.0, 1.0],
                [0.642788, 0.0, 0.766045, 4.3e-05, 0.766045, 0.0, -0.642788, 5.988997, 0.0, 1.0, 0.0, 0.704709, 0.0, 0.0, 0.0, 1.0],
                [0.642788, 0.0, 0.766045, 0.000101, 0.766045, 0.0, -0.642788, 5.974502, 0.0, 1.0, 0.0, 0.70397, 0.0, 0.0, 0.0, 1.0],
                [0.642788, 0.0, 0.766045, 0.00018, 0.766045, 0.0, -0.642788, 5.954717, 0.0, 1.0, 0.0, 0.702957, 0.0, 0.0, 0.0, 1.0],
                [0.642788, 0.0, 0.766045, 0.000281, 0.766045, 0.0, -0.642788, 5.929937, 0.0, 1.0, 0.0, 0.70168, 0.0, 0.0, 0.0, 1.0],
                [0.642788, 0.0, 0.766045, 0.000403, 0.766045, 0.0, -0.642788, 5.900456, 0.0, 1.0, 0.0, 0.700152, 0.0, 0.0, 0.0, 1.0],
                [0.642788, 0.0, 0.766045, 0.000544, 0.766045, 0.0, -0.642788, 5.866568, 0.0, 1.0, 0.0, 0.698384, 0.0, 0.0, 0.0, 1.0],
                [0.642788, 0.0, 0.766045, 0.000704, 0.766045, 0.0, -0.642788, 5.828565, 0.0, 1.0, 0.0, 0.696389, 0.0, 0.0, 0.0, 1.0],
                [0.642788, 0.0, 0.766045, 0.000882, 0.766045, 0.0, -0.642788, 5.786743, 0.0, 1.0, 0.0, 0.694178, 0.0, 0.0, 0.0, 1.0],
                [0.642788, 0.0, 0.766045, 0.001078, 0.766045, 0.0, -0.642788, 5.741395, 0.0, 1.0, 0.0, 0.691763, 0.0, 0.0, 0.0, 1.0],
                [0.642788, 0.0, 0.766045, 0.00129, 0.766045, 0.0, -0.642788, 5.692815, 0.0, 1.0, 0.0, 0.689156, 0.0, 0.0, 0.0, 1.0],
                [0.642788, 0.0, 0.766045, 0.001518, 0.766045, 0.0, -0.642788, 5.641296, 0.0, 1.0, 0.0, 0.686368, 0.0, 0.0, 0.0, 1.0],
                [0.642788, 0.0, 0.766045, 0.001762, 0.766045, 0.0, -0.642788, 5.587133, 0.0, 1.0, 0.0, 0.683412, 0.0, 0.0, 0.0, 1.0],
                [0.642788, 0.0, 0.766045, 0.00202, 0.766045, 0.0, -0.642788, 5.53062, 0.0, 1.0, 0.0, 0.6803, 0.0, 0.0, 0.0, 1.0],
                [0.642788, 0.0, 0.766045, 0.002291, 0.766045, 0.0, -0.642788, 5.472049, 0.0, 1.0, 0.0, 0.677043, 0.0, 0.0, 0.0, 1.0],
                [0.642788, 0.0, 0.766045, 0.002576, 0.766045, 0.0, -0.642788, 5.411716, 0.0, 1.0, 0.0, 0.673652, 0.0, 0.0, 0.0, 1.0],
                [0.642788, 0.0, 0.766045, 0.002873, 0.766045, 0.0, -0.642788, 5.349913, 0.0, 1.0, 0.0, 0.670141, 0.0, 0.0, 0.0, 1.0],
                [0.642788, 0.0, 0.766045, 0.003181, 0.766045, 0.0, -0.642788, 5.286935, 0.0, 1.0, 0.0, 0.66652, 0.0, 0.0, 0.0, 1.0],
                [0.642788, 0.0, 0.766045, 0.0035, 0.766045, 0.0, -0.642788, 5.223076, 0.0, 1.0, 0.0, 0.662802, 0.0, 0.0, 0.0, 1.0],
                [0.642788, 0.0, 0.766045, 0.00383, 0.766045, 0.0, -0.642788, 5.158629, 0.0, 1.0, 0.0, 0.658998, 0.0, 0.0, 0.0, 1.0],
                [0.642788, 0.0, 0.766045, 0.004168, 0.766045, 0.0, -0.642788, 5.093887, 0.0, 1.0, 0.0, 0.655121, 0.0, 0.0, 0.0, 1.0],
                [0.642788, 0.0, 0.766045, 0.004515, 0.766045, 0.0, -0.642788, 5.029147, 0.0, 1.0, 0.0, 0.651181, 0.0, 0.0, 0.0, 1.0],
                [0.642788, 0.0, 0.766045, 0.00487, 0.766045, 0.0, -0.642788, 4.964699, 0.0, 1.0, 0.0, 0.647192, 0.0, 0.0, 0.0, 1.0],
                [0.642788, 0.0, 0.766045, 0.005232, 0.766045, 0.0, -0.642788, 4.90084, 0.0, 1.0, 0.0, 0.643164, 0.0, 0.0, 0.0, 1.0],
                [0.642788, 0.0, 0.766045, 0.0056, 0.766045, 0.0, -0.642788, 4.837862, 0.0, 1.0, 0.0, 0.639109, 0.0, 0.0, 0.0, 1.0],
                [0.642788, 0.0, 0.766045, 0.005974, 0.766045, 0.0, -0.642788, 4.77606, 0.0, 1.0, 0.0, 0.63504, 0.0, 0.0, 0.0, 1.0],
                [0.642788, 0.0, 0.766045, 0.006352, 0.766045, 0.0, -0.642788, 4.715726, 0.0, 1.0, 0.0, 0.630972, 0.0, 0.0, 0.0, 1.0],
                [0.642788, 0.0, 0.766045, 0.006735, 0.766045, 0.0, -0.642788, 4.657156, 0.0, 1.0, 0.0, 0.626933, 0.0, 0.0, 0.0, 1.0],
                [0.642788, 0.0, 0.766045, 0.007121, 0.766045, 0.0, -0.642788, 4.600642, 0.0, 1.0, 0.0, 0.622955, 0.0, 0.0, 0.0, 1.0],
                [0.642788, 0.0, 0.766045, 0.007509, 0.766045, 0.0, -0.642788, 4.546479, 0.0, 1.0, 0.0, 0.619072, 0.0, 0.0, 0.0, 1.0],
                [0.642788, 0.0, 0.766045, 0.0079, 0.766045, 0.0, -0.642788, 4.49496, 0.0, 1.0, 0.0, 0.615314, 0.0, 0.0, 0.0, 1.0],
                [0.642788, 0.0, 0.766045, 0.008291, 0.766045, 0.0, -0.642788, 4.44638, 0.0, 1.0, 0.0, 0.611714, 0.0, 0.0, 0.0, 1.0],
                [0.642788, 0.0, 0.766045, 0.008683, 0.766045, 0.0, -0.642788, 4.401032, 0.0, 1.0, 0.0, 0.608304, 0.0, 0.0, 0.0, 1.0],
                [0.642788, 0.0, 0.766045, 0.009075, 0.766045, 0.0, -0.642788, 4.35921, 0.0, 1.0, 0.0, 0.605117, 0.0, 0.0, 0.0, 1.0],
                [0.642788, 0.0, 0.766045, 0.009465, 0.766045, 0.0, -0.642788, 4.321208, 0.0, 1.0, 0.0, 0.602184, 0.0, 0.0, 0.0, 1.0],
                [0.642788, 0.0, 0.766045, 0.009854, 0.766045, 0.0, -0.642788, 4.287319, 0.0, 1.0, 0.0, 0.599538, 0.0, 0.0, 0.0, 1.0],
                [0.642788, 0.0, 0.766045, 0.010239, 0.766045, 0.0, -0.642788, 4.257838, 0.0, 1.0, 0.0, 0.597211, 0.0, 0.0, 0.0, 1.0],
                [0.642788, 0.0, 0.766045, 0.010622, 0.766045, 0.0, -0.642788, 4.233058, 0.0, 1.0, 0.0, 0.595234, 0.0, 0.0, 0.0, 1.0],
                [0.642788, 0.0, 0.766045, 0.011001, 0.766045, 0.0, -0.642788, 4.213274, 0.0, 1.0, 0.0, 0.593641, 0.0, 0.0, 0.0, 1.0],
                [0.642788, 0.0, 0.766045, 0.011374, 0.766045, 0.0, -0.642788, 4.198778, 0.0, 1.0, 0.0, 0.592463, 0.0, 0.0, 0.0, 1.0],
                [0.642788, 0.0, 0.766045, 0.011742, 0.766045, 0.0, -0.642788, 4.189865, 0.0, 1.0, 0.0, 0.591733, 0.0, 0.0, 0.0, 1.0],
                [0.642788, 0.0, 0.766045, 0.012104, 0.766045, 0.0, -0.642788, 4.186829, 0.0, 1.0, 0.0, 0.591483, 0.0, 0.0, 0.0, 1.0],
                [0.642788, 0.0, 0.766045, 0.012459, 0.766045, 0.0, -0.642788, 4.188779, 0.0, 1.0, 0.0, 0.592144, 0.0, 0.0, 0.0, 1.0],
                [0.642788, 0.0, 0.766045, 0.012806, 0.766045, 0.0, -0.642788, 4.194397, 0.0, 1.0, 0.0, 0.59405, 0.0, 0.0, 0.0, 1.0],
                [0.642788, 0.0, 0.766045, 0.013145, 0.766045, 0.0, -0.642788, 4.203335, 0.0, 1.0, 0.0, 0.597081, 0.0, 0.0, 0.0, 1.0],
                [0.642788, 0.0, 0.766045, 0.013474, 0.766045, 0.0, -0.642788, 4.215241, 0.0, 1.0, 0.0, 0.601119, 0.0, 0.0, 0.0, 1.0],
                [0.642788, 0.0, 0.766045, 0.013793, 0.766045, 0.0, -0.642788, 4.229769, 0.0, 1.0, 0.0, 0.606046, 0.0, 0.0, 0.0, 1.0],
                [0.642788, 0.0, 0.766045, 0.014101, 0.766045, 0.0, -0.642788, 4.246566, 0.0, 1.0, 0.0, 0.611743, 0.0, 0.0, 0.0, 1.0],
                [0.642788, 0.0, 0.766045, 0.014398, 0.766045, 0.0, -0.642788, 4.265285, 0.0, 1.0, 0.0, 0.618092, 0.0, 0.0, 0.0, 1.0],
                [0.642788, 0.0, 0.766045, 0.014683, 0.766045, 0.0, -0.642788, 4.285576, 0.0, 1.0, 0.0, 0.624974, 0.0, 0.0, 0.0, 1.0],
                [0.642788, 0.0, 0.766045, 0.014955, 0.766045, 0.0, -0.642788, 4.30709, 0.0, 1.0, 0.0, 0.632271, 0.0, 0.0, 0.0, 1.0],
                [0.642788, 0.0, 0.766045, 0.015212, 0.766045, 0.0, -0.642788, 4.329477, 0.0, 1.0, 0.0, 0.639864, 0.0, 0.0, 0.0, 1.0],
                [0.642788, 0.0, 0.766045, 0.015456, 0.766045, 0.0, -0.642788, 4.352388, 0.0, 1.0, 0.0, 0.647634, 0.0, 0.0, 0.0, 1.0],
                [0.642788, 0.0, 0.766045, 0.015684, 0.766045, 0.0, -0.642788, 4.375474, 0.0, 1.0, 0.0, 0.655464, 0.0, 0.0, 0.0, 1.0],
                [0.642788, 0.0, 0.766045, 0.015897, 0.766045, 0.0, -0.642788, 4.398385, 0.0, 1.0, 0.0, 0.663235, 0.0, 0.0, 0.0, 1.0],
                [0.642788, 0.0, 0.766045, 0.016092, 0.766045, 0.0, -0.642788, 4.420772, 0.0, 1.0, 0.0, 0.670827, 0.0, 0.0, 0.0, 1.0],
                [0.642788, 0.0, 0.766045, 0.01627, 0.766045, 0.0, -0.642788, 4.442286, 0.0, 1.0, 0.0, 0.678124, 0.0, 0.0, 0.0, 1.0],
                [0.642788, 0.0, 0.766045, 0.01643, 0.766045, 0.0, -0.642788, 4.462577, 0.0, 1.0, 0.0, 0.685006, 0.0, 0.0, 0.0, 1.0],
                [0.642788, 0.0, 0.766045, 0.016571, 0.766045, 0.0, -0.642788, 4.481296, 0.0, 1.0, 0.0, 0.691355, 0.0, 0.0, 0.0, 1.0],
                [0.642788, 0.0, 0.766045, 0.016693, 0.766045, 0.0, -0.642788, 4.498093, 0.0, 1.0, 0.0, 0.697052, 0.0, 0.0, 0.0, 1.0],
                [0.642788, 0.0, 0.766045, 0.016794, 0.766045, 0.0, -0.642788, 4.51262, 0.0, 1.0, 0.0, 0.701979, 0.0, 0.0, 0.0, 1.0],
                [0.642788, 0.0, 0.766045, 0.016874, 0.766045, 0.0, -0.642788, 4.524527, 0.0, 1.0, 0.0, 0.706017, 0.0, 0.0, 0.0, 1.0],
                [0.642788, 0.0, 0.766045, 0.016932, 0.766045, 0.0, -0.642788, 4.533464, 0.0, 1.0, 0.0, 0.709048, 0.0, 0.0, 0.0, 1.0],
                [0.642788, 0.0, 0.766045, 0.016967, 0.766045, 0.0, -0.642788, 4.539083, 0.0, 1.0, 0.0, 0.710954, 0.0, 0.0, 0.0, 1.0],
                [0.642788, 0.0, 0.766045, 0.016979, 0.766045, 0.0, -0.642788, 4.541033, 0.0, 1.0, 0.0, 0.711615, 0.0, 0.0, 0.0, 1.0],
                [0.642788, 0.0, 0.766045, 0.016979, 0.766045, 0.0, -0.642788, 4.541033, 0.0, 1.0, 0.0, 0.711615, 0.0, 0.0, 0.0, 1.0]
            ]
        },
        {
            "name": "Thigh_R",
            "time": [0.0, 0.0167, 0.0333, 0.05, 0.0667, 0.0833, 0.1, 0.1167, 0.1333, 0.15, 0.1667, 0.1833, 0.2, 0.2167, 0.2333, 0.25, 0.2667, 0.2833, 0.3, 0.3167, 0.3333, 0.35, 0.3667, 0.3833, 0.4, 0.4167, 0.4333, 0.45, 0.4667, 0.4833, 0.5, 0.5167, 0.5333, 0.55, 0.5667, 0.5833, 0.6, 0.6167, 0.6333, 0.65, 0.6667, 0.6833, 0.7, 0.7167, 0.7333, 0.75, 0.7667, 0.7833, 0.8, 0.8167, 0.8333, 0.85, 0.8667, 0.8833, 0.9, 0.9167, 0.9333, 0.95, 0.9667, 0.9833, 1.0, 1.0167, 1.0333, 1.05, 1.0667, 1.0833, 1.1, 1.1167, 1.1333, 1.15, 1.1667, 1.1833, 1.2, 1.2167, 1.2333, 1.25, 1.2667, 1.2833, 1.3, 1.3167, 1.3333, 1.35, 1.3667, 1.3833, 1.4, 1.4167, 1.4333, 1.45, 1.4667, 1.4833, 1.5, 1.5167, 1.5333, 1.55, 1.5667, 1.5833, 1.6, 1.6167, 1.6333, 1.65, 1.6667, 1.6833, 1.7, 1.7167, 1.7333, 1.75, 1.7667, 1.7833, 1.8, 1.8167, 1.8333, 1.85, 1.8667, 1.8833, 1.9, 1.9167, 1.9333, 1.95, 1.9667, 1.9833, 2.0, 2.0167, 2.0333, 2.05, 2.0667, 2.0833, 2.1, 2.1167, 2.1333, 2.15, 2.1667, 2.1833, 2.2, 2.2167, 2.2333, 2.25, 2.2667, 2.2833, 2.3, 2.3167, 2.3333, 2.35, 2.3667, 2.3833, 2.4, 2.4167, 2.4333, 2.45, 2.4667, 2.4833, 2.5, 2.5167, 2.5333, 2.55, 2.5667, 2.5833, 2.6, 2.6167, 2.6333, 2.65, 2.6667, 2.6833, 2.7, 2.7167, 2.7333, 2.75, 2.7667, 2.7833, 2.8, 2.8167, 2.8333, 2.85, 2.8667, 2.8833, 2.9, 2.9167, 2.9333, 2.95, 2.9667, 2.9833, 3.0, 3.0167, 3.0333, 3.05, 3.0667],
            "transform": [
                [0.52881, 0.734583, 0.425145, 0.124994, 0.077122, -0.540428, 0.837848, -0.002831, 0.845229, -0.410274, -0.342437, -1.2e-05, 0.0, 0.0, 0.0, 1.0],
                [0.528816, 0.734574, 0.425153, 0.124994, 0.077128, -0.540443, 0.837838, -0.002831, 0.845225, -0.410271, -0.342452, -1.2e-05, 0.0, 0.0, 0.0, 1.0],
                [0.528838, 0.734515, 0.425228, 0.124994, 0.077157, -0.540554, 0.837764, -0.002831, 0.845209, -0.410232, -0.342538, -1.2e-05, 0.0, 0.0, 0.0, 1.0],
                [0.52888, 0.734356, 0.42545, 0.124994, 0.077223, -0.540858, 0.837561, -0.002831, 0.845176, -0.410115, -0.342758, -1.2e-05, 0.0, 0.0, 0.0, 1.0],
                [0.528948, 0.734048, 0.425896, 0.124994, 0.077341, -0.541455, 0.837164, -0.002831, 0.845123, -0.409877, -0.343173, -1.2e-05, 0.0, 0.0, 0.0, 1.0],
                [0.529046, 0.733543, 0.426644, 0.124994, 0.077526, -0.542443, 0.836507, -0.002831, 0.845044, -0.409475, -0.343846, -1.2e-05, 0.0, 0.0, 0.0, 1.0],
                [0.529182, 0.732789, 0.427771, 0.124994, 0.077794, -0.543921, 0.835522, -0.002831, 0.844935, -0.408865, -0.344839, -1.2e-05, 0.0, 0.0, 0.0, 1.0],
                [0.529358, 0.731734, 0.429354, 0.124994, 0.078159, -0.545985, 0.834141, -0.002831, 0.844791, -0.408002, -0.346213, -1.2e-05, 0.0, 0.0, 0.0, 1.0],
                [0.529583, 0.730325, 0.431472, 0.124994, 0.078636, -0.548734, 0.83229, -0.002831, 0.844605, -0.406838, -0.34803, -1.2e-05, 0.0, 0.0, 0.0, 1.0],
                [0.529862, 0.728504, 0.434199, 0.124994, 0.079239, -0.552263, 0.829896, -0.002831, 0.844374, -0.405324, -0.350349, -1.2e-05, 0.0, 0.0, 0.0, 1.0],
                [0.530201, 0.726212, 0.437611, 0.124994, 0.079984, -0.556667, 0.826876, -0.002831, 0.844091, -0.403409, -0.353231, -1.2e-05, 0.0, 0.0, 0.0, 1.0],
                [0.53061, 0.723382, 0.441782, 0.124994, 0.080886, -0.56204, 0.823145, -0.002831, 0.843748, -0.401035, -0.356735, -1.2e-05, 0.0, 0.0, 0.0, 1.0],
                [0.531095, 0.719945, 0.446784, 0.124994, 0.081957, -0.568472, 0.81861, -0.002831, 0.843339, -0.398143, -0.360917, -1.2e-05, 0.0, 0.0, 0.0, 1.0],
                [0.531667, 0.715823, 0.452688, 0.124994, 0.083212, -0.576052, 0.813166, -0.002831, 0.842856, -0.394665, -0.365833, -1.2e-05, 0.0, 0.0, 0.0, 1.0],
                [0.532337, 0.71093, 0.45956, 0.124994, 0.084665, -0.584864, 0.8067, -0.002831, 0.842288, -0.390528, -0.371536, -1.2e-05, 0.0, 0.0, 0.0, 1.0],
                [0.533117, 0.70517, 0.467463, 0.124994, 0.086329, -0.594986, 0.799086, -0.002831, 0.841626, -0.385651, -0.378073, -1.2e-05, 0.0, 0.0, 0.0, 1.0],
                [0.534021, 0.698436, 0.476454, 0.124994, 0.088215, -0.60649, 0.790182, -0.002831, 0.840857, -0.379944, -0.385491, -1.2e-05, 0.0, 0.0, 0.0, 1.0],
                [0.535447, 0.688555, 0.489069, 0.124994, 0.090451, -0.622496, 0.777378, -0.002831, 0.839712, -0.372008, -0.395594, -1.2e-05, 0.0, 0.0, 0.0, 1.0],
                [0.537768, 0.673385, 0.507305, 0.124994, 0.093091, -0.645465, 0.758095, -0.002831, 0.837937, -0.360454, -0.409797, -1.2e-05, 0.0, 0.0, 0.0, 1.0],
                [0.540973, 0.652762, 0.53033, 0.124994, 0.09602, -0.674377, 0.732117, -0.002831, 0.835541, -0.345133, -0.427498, -1.2e-05, 0.0, 0.0, 0.0, 1.0],
                [0.545046, 0.62646, 0.5572, 0.124994, 0.099098, -0.708073, 0.69915, -0.002831, 0.832529, -0.325851, -0.448014, -1.2e-05, 0.0, 0.0, 0.0, 1.0],
                [0.549965, 0.594262, 0.586848, 0.124994, 0.10217, -0.745247, 0.658914, -0.002831, 0.828915, -0.302422, -0.470576, -1.2e-05, 0.0, 0.0, 0.0, 1.0],
                [0.555693, 0.556033, 0.618088, 0.124994, 0.105062, -0.784446, 0.611233, -0.002831, 0.824723, -0.27472, -0.494329, -1.2e-05, 0.0, 0.0, 0.0, 1.0],
                [0.562166, 0.51179, 0.649646, 0.124994, 0.107597, -0.824106, 0.556122, -0.002831, 0.819995, -0.242732, -0.518352, -1.2e-05, 0.0, 0.0, 0.0, 1.0],
                [0.569294, 0.461773, 0.680199, 0.124994, 0.109604, -0.862601, 0.493869, -0.002831, 0.814795, -0.206604, -0.541686, -1.2e-05, 0.0, 0.0, 0.0, 1.0],
                [0.576956, 0.406482, 0.708445, 0.124994, 0.110925, -0.898327, 0.425092, -0.002831, 0.809208, -0.166675, -0.563384, -1.2e-05, 0.0, 0.0, 0.0, 1.0],
                [0.585001, 0.346703, 0.733192, 0.124994, 0.111437, -0.92981, 0.350764, -0.002831, 0.80334, -0.123492, -0.582575, -1.2e-05, 0.0, 0.0, 0.0, 1.0],
                [0.593255, 0.283494, 0.753445, 0.124994, 0.111059, -0.955813, 0.27219, -0.002831, 0.797317, -0.077801, -0.598526, -1.2e-05, 0.0, 0.0, 0.0, 1.0],
                [0.601534, 0.218129, 0.76849, 0.124994, 0.109764, -0.975443, 0.190953, -0.002831, 0.79127, -0.030512, -0.610705, -1.2e-05, 0.0, 0.0, 0.0, 1.0],
                [0.609649, 0.152026, 0.777956, 0.124994, 0.107582, -0.988224, 0.108809, -0.002831, 0.785337, 0.017358, -0.618825, -1.2e-05, 0.0, 0.0, 0.0, 1.0],
                [0.617428, 0.086642, 0.781841, 0.124994, 0.104598, -0.994132, 0.027566, -0.002831, 0.779642, 0.064759, -0.622868, -1.2e-05, 0.0, 0.0, 0.0, 1.0],
                [0.62472, 0.023377, 0.780499, 0.124994, 0.100946, -0.993582, -0.05104, -0.002831, 0.774296, 0.110674, -0.623071, -1.2e-05, 0.0, 0.0, 0.0, 1.0],
                [0.631408, -0.036514, 0.774591, 0.124994, 0.096798, -0.987366, -0.125449, -0.002831, 0.769386, 0.154189, -0.619897, -1.2e-05, 0.0, 0.0, 0.0, 1.0],
                [0.637409, -0.091979, 0.765016, 0.124994, 0.092347, -0.976574, -0.194357, -0.002831, 0.764972, 0.194532, -0.613983, -1.2e-05, 0.0, 0.0, 0.0, 1.0],
                [0.642676, -0.142197, 0.752827, 0.124994, 0.087795, -0.962483, -0.256746, -0.002831, 0.761091, 0.231099, -0.60608, -1.2e-05, 0.0, 0.0, 0.0, 1.0],
                [0.647191, -0.186573, 0.739144, 0.124994, 0.08334, -0.94646, -0.311876, -0.002831, 0.757758, 0.263444, -0.596992, -1.2e-05, 0.0, 0.0, 0.0, 1.0],
                [0.650962, -0.224709, 0.725089, 0.124994, 0.079172, -0.929876, -0.359252, -0.002831, 0.75497, 0.291266, -0.587523, -1.2e-05, 0.0, 0.0, 0.0, 1.0],
                [0.65401, -0.256348, 0.711728, 0.124994, 0.075461, -0.914034, -0.398556, -0.002831, 0.752713, 0.314367, -0.578443, -1.2e-05, 0.0, 0.0, 0.0, 1.0],
                [0.656361, -0.28132, 0.700035, 0.124994, 0.072361, -0.900126, -0.429577, -0.002831, 0.750969, 0.332613, -0.570451, -1.2e-05, 0.0, 0.0, 0.0, 1.0],
                [0.658041, -0.299474, 0.690867, 0.124994, 0.070007, -0.889202, -0.452127, -0.002831, 0.749721, 0.345884, -0.564166, -1.2e-05, 0.0, 0.0, 0.0, 1.0],
                [0.659062, -0.31061, 0.684951, 0.124994, 0.068517, -0.882148, -0.465961, -0.002831, 0.748961, 0.354029, -0.560109, -1.2e-05, 0.0, 0.0, 0.0, 1.0],
                [0.659418, -0.314417, 0.682869, 0.124994, 0.067997, -0.879672, -0.470693, -0.002831, 0.748695, 0.356817, -0.558693, -1.2e-05, 0.0, 0.0, 0.0, 1.0],
                [0.659429, -0.314356, 0.682886, 0.124994, 0.067993, -0.879712, -0.470619, -0.002831, 0.748685, 0.356772, -0.558735, -1.2e-05, 0.0, 0.0, 0.0, 1.0],
                [0.659444, -0.313938, 0.683064, 0.124994, 0.067989, -0.879997, -0.470087, -0.002831, 0.748673, 0.356437, -0.558964, -1.2e-05, 0.0, 0.0, 0.0, 1.0],
                [0.659473, -0.312807, 0.683555, 0.124994, 0.06798, -0.880769, -0.46864, -0.002831, 0.748649, 0.355524, -0.559579, -1.2e-05, 0.0, 0.0, 0.0, 1.0],
                [0.659529, -0.310599, 0.684508, 0.124994, 0.067963, -0.882267, -0.465816, -0.002831, 0.748601, 0.353741, -0.560771, -1.2e-05, 0.0, 0.0, 0.0, 1.0],
                [0.659624, -0.306946, 0.686062, 0.124994, 0.067935, -0.884721, -0.461143, -0.002831, 0.748519, 0.350789, -0.562731, -1.2e-05, 0.0, 0.0, 0.0, 1.0],
                [0.659771, -0.301467, 0.688346, 0.124994, 0.067893, -0.888344, -0.454132, -0.002831, 0.748394, 0.346357, -0.565636, -1.2e-05, 0.0, 0.0, 0.0, 1.0],
                [0.659933, -0.29152, 0.692462, 0.124994, 0.06785, -0.894766, -0.44135, -0.002831, 0.748254, 0.338245, -0.570707, -1.2e-05, 0.0, 0.0, 0.0, 1.0],
                [0.660069, -0.274948, 0.69908, 0.124994, 0.067822, -0.904998, -0.419973, -0.002831, 0.748137, 0.324624, -0.578714, -1.2e-05, 0.0, 0.0, 0.0, 1.0],
                [0.660178, -0.252036, 0.707561, 0.124994, 0.067809, -0.918176, -0.390326, -0.002831, 0.748042, 0.305664, -0.58907, -1.2e-05, 0.0, 0.0, 0.0, 1.0],
                [0.660264, -0.223035, 0.717152, 0.124994, 0.067811, -0.933282, -0.352684, -0.002831, 0.747966, 0.281495, -0.601089, -1.2e-05, 0.0, 0.0, 0.0, 1.0],
                [0.660327, -0.188225, 0.727007, 0.124994, 0.067826, -0.949176, -0.307351, -0.002831, 0.747909, 0.252262, -0.614, -1.2e-05, 0.0, 0.0, 0.0, 1.0],
                [0.660368, -0.147965, 0.73622, 0.124994, 0.067853, -0.964628, -0.254732, -0.002831, 0.74787, 0.218172, -0.62697, -1.2e-05, 0.0, 0.0, 0.0, 1.0],
                [0.660388, -0.102738, 0.743863, 0.124994, 0.06789, -0.978371, -0.195398, -0.002831, 0.747849, 0.179539, -0.639131, -1.2e-05, 0.0, 0.0, 0.0, 1.0],
                [0.660388, -0.053186, 0.749038, 0.124994, 0.067932, -0.989167, -0.130129, -0.002831, 0.747845, 0.13682, -0.649621, -1.2e-05, 0.0, 0.0, 0.0, 1.0],
                [0.660369, -0.000127, 0.750941, 0.124994, 0.067978, -0.995884, -0.059947, -0.002831, 0.747858, 0.090635, -0.657643, -1.2e-05, 0.0, 0.0, 0.0, 1.0],
                [0.660333, 0.055458, 0.748922, 0.124994, 0.068024, -0.997587, 0.013894, -0.002831, 0.747886, 0.04177, -0.662512, -1.2e-05, 0.0, 0.0, 0.0, 1.0],
                [0.660282, 0.112448, 0.742552, 0.124994, 0.068067, -0.993618, 0.089943, -0.002831, 0.747927, -0.008845, -0.663722, -1.2e-05, 0.0, 0.0, 0.0, 1.0],
                [0.660217, 0.169646, 0.731665, 0.124994, 0.068103, -0.983666, 0.166623, -0.002831, 0.747981, -0.060179, -0.660987, -1.2e-05, 0.0, 0.0, 0.0, 1.0],
                [0.660143, 0.225843, 0.716384, 0.124994, 0.068132, -0.967801, 0.24232, -0.002831, 0.748044, -0.111157, -0.654274, -1.2e-05, 0.0, 0.0, 0.0, 1.0],
                [0.660062, 0.279895, 0.697121, 0.124994, 0.068151, -0.94648, 0.315485, -0.002831, 0.748114, -0.16073, -0.64381, -1.2e-05, 0.0, 0.0, 0.0, 1.0],
                [0.659976, 0.330797, 0.67454, 0.124994, 0.06816, -0.920508, 0.384732, -0.002831, 0.748188, -0.207938, -0.630061, -1.2e-05, 0.0, 0.0, 0.0, 1.0],
                [0.65989, 0.377731, 0.649511, 0.124994, 0.068159, -0.890974, 0.448909, -0.002831, 0.748264, -0.251961, -0.613691, -1.2e-05, 0.0, 0.0, 0.0, 1.0],
                [0.659805, 0.420096, 0.623038, 0.124993, 0.068148, -0.859165, 0.50714, -0.002831, 0.74834, -0.292155, -0.595511, -1.2e-05, 0.0, 0.0, 0.0, 1.0],
                [0.659725, 0.457512, 0.596193, 0.124994, 0.068131, -0.826474, 0.558836, -0.002831, 0.748412, -0.328059, -0.576417, -1.2e-05, 0.0, 0.0, 0.0, 1.0],
                [0.659651, 0.489794, 0.570055, 0.124993, 0.068109, -0.794319, 0.60367, -0.002831, 0.74848, -0.359386, -0.557333, -1.2e-05, 0.0, 0.0, 0.0, 1.0],
                [0.659585, 0.516916, 0.545661, 0.124994, 0.068083, -0.764075, 0.641525, -0.002831, 0.74854, -0.38599, -0.539165, -1.2e-05, 0.0, 0.0, 0.0, 1.0],
                [0.659528, 0.538954, 0.523976, 0.124993, 0.068057, -0.737025, 0.67243, -0.002831, 0.748593, -0.407826, -0.522768, -1.2e-05, 0.0, 0.0, 0.0, 1.0],
                [0.659482, 0.556035, 0.505874, 0.124994, 0.068034, -0.714341, 0.696482, -0.002831, 0.748636, -0.424901, -0.508924, -1.2e-05, 0.0, 0.0, 0.0, 1.0],
                [0.659447, 0.56827, 0.492137, 0.124994, 0.068014, -0.69707, 0.713769, -0.002831, 0.748668, -0.437221, -0.498332, -1.2e-05, 0.0, 0.0, 0.0, 1.0],
                [0.659426, 0.575697, 0.483457, 0.124993, 0.068001, -0.686133, 0.72429, -0.002831, 0.748688, -0.44474, -0.491602, -1.2e-05, 0.0, 0.0, 0.0, 1.0],
                [0.659418, 0.578224, 0.480443, 0.124994, 0.067997, -0.682331, 0.727874, -0.002831, 0.748695, -0.447305, -0.489259, -1.2e-05, 0.0, 0.0, 0.0, 1.0],
                [0.659418, 0.578224, 0.480443, 0.124993, 0.067997, -0.682331, 0.727874, -0.002831, 0.748695, -0.447305, -0.489259, -1.2e-05, 0.0, 0.0, 0.0, 1.0],
                [0.659418, 0.578224, 0.480443, 0.124993, 0.067997, -0.682331, 0.727874, -0.002831, 0.748695, -0.447305, -0.489259, -1.2e-05, 0.0, 0.0, 0.0, 1.0],
                [0.659418, 0.578224, 0.480443, 0.124993, 0.067997, -0.682331, 0.727874, -0.002831, 0.748695, -0.447305, -0.489259, -1.2e-05, 0.0, 0.0, 0.0, 1.0],
                [0.659418, 0.578224, 0.480443, 0.124994, 0.067997, -0.682331, 0.727874, -0.002831, 0.748695, -0.447305, -0.489259, -1.2e-05, 0.0, 0.0, 0.0, 1.0],
                [0.659418, 0.578224, 0.480443, 0.124993, 0.067997, -0.682331, 0.727874, -0.002831, 0.748695, -0.447305, -0.489259, -1.2e-05, 0.0, 0.0, 0.0, 1.0],
                [0.659418, 0.578224, 0.480443, 0.124993, 0.067997, -0.682331, 0.727874, -0.002831, 0.748695, -0.447305, -0.489259, -1.2e-05, 0.0, 0.0, 0.0, 1.0],
                [0.659418, 0.578224, 0.480443, 0.124994, 0.067997, -0.682331, 0.727874, -0.002831, 0.748695, -0.447305, -0.489259, -1.2e-05, 0.0, 0.0, 0.0, 1.0],
                [0.659418, 0.578224, 0.480443, 0.124993, 0.067997, -0.682331, 0.727874, -0.002831, 0.748695, -0.447305, -0.489259, -1.2e-05, 0.0, 0.0, 0.0, 1.0],
                [0.659418, 0.578224, 0.480443, 0.124993, 0.067997, -0.682331, 0.727874, -0.002831, 0.748695, -0.447305, -0.489259, -1.2e-05, 0.0, 0.0, 0.0, 1.0],
                [0.659418, 0.578224, 0.480443, 0.124993, 0.067997, -0.682331, 0.727874, -0.002831, 0.748695, -0.447305, -0.489259, -1.2e-05, 0.0, 0.0, 0.0, 1.0],
