{
    "animation": [
        {
            "name": "Root",
            "time": [0.0167, 0.0333, 0.05, 0.0667, 0.0833, 0.1, 0.1167, 0.1333, 0.15, 0.1667, 0.1833, 0.2, 0.2167, 0.2333, 0.25, 0.2667, 0.2833, 0.3, 0.3167, 0.3333, 0.35, 0.3667, 0.3833, 0.4, 0.4167, 0.4333, 0.45, 0.4667, 0.4833, 0.5, 0.5167, 0.5333, 0.55, 0.5667, 0.5833, 0.6, 0.6167, 0.6333, 0.65, 0.6667, 0.6833, 0.7, 0.7167, 0.7333, 0.75, 0.7667, 0.7833, 0.8, 0.8167, 0.8333, 0.85, 0.8667, 0.8833, 0.9, 0.9167, 0.9333, 0.95, 0.9667, 0.9833, 1.0, 1.0167, 1.0333, 1.05, 1.0667, 1.0833, 1.1, 1.1167, 1.1333, 1.15, 1.1667, 1.1833, 1.2, 1.2167, 1.2333, 1.25, 1.2667, 1.2833, 1.3, 1.3167, 1.3333, 1.35, 1.3667, 1.3833, 1.4, 1.4167, 1.4333, 1.45, 1.4667, 1.4833, 1.5, 1.5167, 1.5333, 1.55, 1.5667, 1.5833, 1.6, 1.6167, 1.6333, 1.65, 1.6667, 1.6833, 1.7, 1.7167, 1.7333, 1.75, 1.7667, 1.7833, 1.8, 1.8167, 1.8333, 1.85, 1.8667, 1.8833, 1.9, 1.9167, 1.9333, 1.95, 1.9667, 1.9833, 2.0, 2.0167, 2.0333, 2.5667],
            "transform": [
                [1.0, 0.0, 0.0, -5e-06, 0.0, 0.0, -1.0, 0.000946, 0.0, 1.0, 0.0, 0.763972, 0.0, 0.0, 0.0, 1.0],
                [1.0, 0.0, 0.0, -5e-06, 0.0, 0.0, -1.0, 0.000946, 0.0, 1.0, 0.0, 0.762766, 0.0, 0.0, 0.0, 1.0],
                [1.0, 0.0, 0.0, -5e-06, 0.0, 0.0, -1.0, 0.000946, 0.0, 1.0, 0.0, 0.759275, 0.0, 0.0, 0.0, 1.0],
                [1.0, 0.0, 0.0, -5e-06, 0.0, 0.0, -1.0, 0.000946, 0.0, 1.0, 0.0, 0.753687, 0.0, 0.0, 0.0, 1.0],
                [1.0, 0.0, 0.0, -5e-06, 0.0, 0.0, -1.0, 0.000946, 0.0, 1.0, 0.0, 0.746192, 0.0, 0.0, 0.0, 1.0],
                [1.0, 0.0, 0.0, -5e-06, 0.0, 0.0, -1.0, 0.000946, 0.0, 1.0, 0.0, 0.736978, 0.0, 0.0, 0.0, 1.0],
                [1.0, 0.0, 0.0, -5e-06, 0.0, 0.0, -1.0, 0.000946, 0.0, 1.0, 0.0, 0.726233, 0.0, 0.0, 0.0, 1.0],
                [1.0, 0.0, 0.0, -5e-06, 0.0, 0.0, -1.0, 0.000946, 0.0, 1.0, 0.0, 0.714148, 0.0, 0.0, 0.0, 1.0],
                [1.0, 0.0, 0.0, -5e-06, 0.0, 0.0, -1.0, 0.000946, 0.0, 1.0, 0.0, 0.700911, 0.0, 0.0, 0.0, 1.0],
                [1.0, 0.0, 0.0, -5e-06, 0.0, 0.0, -1.0, 0.000946, 0.0, 1.0, 0.0, 0.68671, 0.0, 0.0, 0.0, 1.0],
                [1.0, 0.0, 0.0, -5e-06, 0.0, 0.0, -1.0, 0.000946, 0.0, 1.0, 0.0, 0.671734, 0.0, 0.0, 0.0, 1.0],
                [1.0, 0.0, 0.0, -5e-06, 0.0, 0.0, -1.0, 0.000946, 0.0, 1.0, 0.0, 0.656173, 0.0, 0.0, 0.0, 1.0],
                [1.0, 0.0, 0.0, -5e-06, 0.0, 0.0, -1.0, 0.000946, 0.0, 1.0, 0.0, 0.640214, 0.0, 0.0, 0.0, 1.0],
                [1.0, 0.0, 0.0, -5e-06, 0.0, 0.0, -1.0, 0.000946, 0.0, 1.0, 0.0, 0.624048, 0.0, 0.0, 0.0, 1.0],
                [1.0, 0.0, 0.0, -5e-06, 0.0, 0.0, -1.0, 0.000946, 0.0, 1.0, 0.0, 0.607863, 0.0, 0.0, 0.0, 1.0],
                [1.0, 0.0, 0.0, -5e-06, 0.0, 0.0, -1.0, 0.000946, 0.0, 1.0, 0.0, 0.591847, 0.0, 0.0, 0.0, 1.0],
                [1.0, 0.0, 0.0, -5e-06, 0.0, 0.0, -1.0, 0.000946, 0.0, 1.0, 0.0, 0.57619, 0.0, 0.0, 0.0, 1.0],
                [1.0, 0.0, 0.0, -5e-06, 0.0, 0.0, -1.0, 0.000946, 0.0, 1.0, 0.0, 0.561081, 0.0, 0.0, 0.0, 1.0],
                [1.0, 0.0, 0.0, -5e-06, 0.0, 0.0, -1.0, 0.000946, 0.0, 1.0, 0.0, 0.546708, 0.0, 0.0, 0.0, 1.0],
                [1.0, 0.0, 0.0, -5e-06, 0.0, 0.0, -1.0, 0.000946, 0.0, 1.0, 0.0, 0.533259, 0.0, 0.0, 0.0, 1.0],
                [1.0, 0.0, 0.0, -5e-06, 0.0, 0.0, -1.0, 0.000946, 0.0, 1.0, 0.0, 0.520925, 0.0, 0.0, 0.0, 1.0],
                [1.0, 0.0, 0.0, -5e-06, 0.0, 0.0, -1.0, 0.000946, 0.0, 1.0, 0.0, 0.509894, 0.0, 0.0, 0.0, 1.0],
                [1.0, 0.0, 0.0, -5e-06, 0.0, 0.0, -1.0, 0.000946, 0.0, 1.0, 0.0, 0.500354, 0.0, 0.0, 0.0, 1.0],
                [1.0, 0.0, 0.0, -5e-06, 0.0, 0.0, -1.0, 0.000946, 0.0, 1.0, 0.0, 0.492601, 0.0, 0.0, 0.0, 1.0],
                [1.0, 0.0, 0.0, -5e-06, 0.0, 0.0, -1.0, 0.000946, 0.0, 1.0, 0.0, 0.487347, 0.0, 0.0, 0.0, 1.0],
                [1.0, 0.0, 0.0, -5e-06, 0.0, 0.0, -1.0, 0.000946, 0.0, 1.0, 0.0, 0.485414, 0.0, 0.0, 0.0, 1.0],
                [0.999961, 0.0, 0.008815, -5e-06, 0.008815, 0.0, -0.999961, 0.06221, 0.0, 1.0, 0.0, 0.485793, 0.0, 0.0, 0.0, 1.0],
                [0.999466, 0.0, 0.03269, -5e-06, 0.03269, 0.0, -0.999466, 0.227945, 0.0, 1.0, 0.0, 0.486818, 0.0, 0.0, 0.0, 1.0],
                [0.997703, 0.0, 0.067745, -5e-06, 0.067745, 0.0, -0.997703, 0.471067, 0.0, 1.0, 0.0, 0.488323, 0.0, 0.0, 0.0, 1.0],
                [0.993929, 0.0, 0.110024, -5e-06, 0.110024, 0.0, -0.993929, 0.764489, 0.0, 1.0, 0.0, 0.490138, 0.0, 0.0, 0.0, 1.0],
                [0.987838, 0.0, 0.155486, -5e-06, 0.155486, 0.0, -0.987838, 1.081126, 0.0, 1.0, 0.0, 0.492098, 0.0, 0.0, 0.0, 1.0],
                [0.979777, 0.0, 0.200091, -5e-06, 0.200091, 0.0, -0.979777, 1.393895, 0.0, 1.0, 0.0, 0.494033, 0.0, 0.0, 0.0, 1.0],
                [0.970795, 0.0, 0.23991, -5e-06, 0.23991, 0.0, -0.970795, 1.675709, 0.0, 1.0, 0.0, 0.495777, 0.0, 0.0, 0.0, 1.0],
                [0.96252, 0.0, 0.27121, -5e-06, 0.27121, 0.0, -0.96252, 1.899484, 0.0, 1.0, 0.0, 0.497162, 0.0, 0.0, 0.0, 1.0],
                [0.956894, 0.0, 0.290438, -5e-06, 0.290438, 0.0, -0.956894, 2.038134, 0.0, 1.0, 0.0, 0.49802, 0.0, 0.0, 0.0, 1.0],
                [0.953452, 0.0, 0.301544, -5e-06, 0.301544, 0.0, -0.953452, 2.118668, 0.0, 1.0, 0.0, 0.498518, 0.0, 0.0, 0.0, 1.0],
                [0.950441, 0.0, 0.310906, -5e-06, 0.310906, 0.0, -0.950441, 2.186838, 0.0, 1.0, 0.0, 0.49894, 0.0, 0.0, 0.0, 1.0],
                [0.947861, 0.0, 0.318684, -5e-06, 0.318684, 0.0, -0.947861, 2.243676, 0.0, 1.0, 0.0, 0.499292, 0.0, 0.0, 0.0, 1.0],
                [0.945703, 0.0, 0.325033, -5e-06, 0.325033, 0.0, -0.945703, 2.29021, 0.0, 1.0, 0.0, 0.49958, 0.0, 0.0, 0.0, 1.0],
                [0.943945, 0.0, 0.330103, -5e-06, 0.330103, 0.0, -0.943945, 2.327473, 0.0, 1.0, 0.0, 0.49981, 0.0, 0.0, 0.0, 1.0],
                [0.942558, 0.0, 0.334044, -5e-06, 0.334044, 0.0, -0.942558, 2.356492, 0.0, 1.0, 0.0, 0.49999, 0.0, 0.0, 0.0, 1.0],
                [0.941504, 0.0, 0.337001, -5e-06, 0.337001, 0.0, -0.941504, 2.3783, 0.0, 1.0, 0.0, 0.500125, 0.0, 0.0, 0.0, 1.0],
                [0.940744, 0.0, 0.339117, -5e-06, 0.339117, 0.0, -0.940744, 2.393926, 0.0, 1.0, 0.0, 0.500221, 0.0, 0.0, 0.0, 1.0],
                [0.940232, 0.0, 0.340534, -5e-06, 0.340534, 0.0, -0.940232, 2.404401, 0.0, 1.0, 0.0, 0.500286, 0.0, 0.0, 0.0, 1.0],
                [0.939921, 0.0, 0.341393, -5e-06, 0.341393, 0.0, -0.939921, 2.410754, 0.0, 1.0, 0.0, 0.500326, 0.0, 0.0, 0.0, 1.0],
                [0.93976, 0.0, 0.341834, -5e-06, 0.341834, 0.0, -0.93976, 2.414017, 0.0, 1.0, 0.0, 0.500346, 0.0, 0.0, 0.0, 1.0],
                [0.939701, 0.0, 0.341997, -5e-06, 0.341997, 0.0, -0.939701, 2.415219, 0.0, 1.0, 0.0, 0.500353, 0.0, 0.0, 0.0, 1.0],
                [0.939693, 0.0, 0.34202, -5e-06, 0.34202, 0.0, -0.939693, 2.41539, 0.0, 1.0, 0.0, 0.500354, 0.0, 0.0, 0.0, 1.0],
                [0.939693, 0.0, 0.34202, -5e-06, 0.34202, 0.0, -0.939693, 2.41539, 0.0, 1.0, 0.0, 0.500354, 0.0, 0.0, 0.0, 1.0],
                [0.939693, 0.0, 0.34202, -5e-06, 0.34202, 0.0, -0.939693, 2.41539, 0.0, 1.0, 0.0, 0.500354, 0.0, 0.0, 0.0, 1.0],
                [0.939693, 0.0, 0.34202, -5e-06, 0.34202, 0.0, -0.939693, 2.41539, 0.0, 1.0, 0.0, 0.500354, 0.0, 0.0, 0.0, 1.0],
                [0.939693, 0.0, 0.34202, -5e-06, 0.34202, 0.0, -0.939693, 2.41539, 0.0, 1.0, 0.0, 0.500354, 0.0, 0.0, 0.0, 1.0],
                [0.939693, 0.0, 0.34202, -5e-06, 0.34202, 0.0, -0.939693, 2.41539, 0.0, 1.0, 0.0, 0.500354, 0.0, 0.0, 0.0, 1.0],
                [0.939693, 0.0, 0.34202, -5e-06, 0.34202, 0.0, -0.939693, 2.41539, 0.0, 1.0, 0.0, 0.500354, 0.0, 0.0, 0.0, 1.0],
                [0.939693, 0.0, 0.34202, -5e-06, 0.34202, 0.0, -0.939693, 2.41539, 0.0, 1.0, 0.0, 0.500354, 0.0, 0.0, 0.0, 1.0],
                [0.939693, 0.0, 0.34202, -5e-06, 0.34202, 0.0, -0.939693, 2.41539, 0.0, 1.0, 0.0, 0.500354, 0.0, 0.0, 0.0, 1.0],
                [0.939693, 0.0, 0.34202, -5e-06, 0.34202, 0.0, -0.939693, 2.41539, 0.0, 1.0, 0.0, 0.500354, 0.0, 0.0, 0.0, 1.0],
                [0.939693, 0.0, 0.34202, -5e-06, 0.34202, 0.0, -0.939693, 2.41539, 0.0, 1.0, 0.0, 0.500354, 0.0, 0.0, 0.0, 1.0],
                [0.939693, 0.0, 0.34202, -5e-06, 0.34202, 0.0, -0.939693, 2.41539, 0.0, 1.0, 0.0, 0.500354, 0.0, 0.0, 0.0, 1.0],
                [0.939693, 0.0, 0.34202, -5e-06, 0.34202, 0.0, -0.939693, 2.41539, 0.0, 1.0, 0.0, 0.500354, 0.0, 0.0, 0.0, 1.0],
                [0.939693, 0.0, 0.34202, -5e-06, 0.34202, 0.0, -0.939693, 2.41539, 0.0, 1.0, 0.0, 0.500354, 0.0, 0.0, 0.0, 1.0],
                [0.939693, 0.0, 0.34202, -5e-06, 0.34202, 0.0, -0.939693, 2.41539, 0.0, 1.0, 0.0, 0.500354, 0.0, 0.0, 0.0, 1.0],
                [0.939693, 0.0, 0.34202, -5e-06, 0.34202, 0.0, -0.939693, 2.41539, 0.0, 1.0, 0.0, 0.500354, 0.0, 0.0, 0.0, 1.0],
                [0.939962, 0.0, 0.341279, -5e-06, 0.341279, 0.0, -0.939962, 2.415239, 0.0, 1.0, 0.0, 0.500782, 0.0, 0.0, 0.0, 1.0],
                [0.940747, 0.0, 0.339108, -5e-06, 0.339108, 0.0, -0.940747, 2.414769, 0.0, 1.0, 0.0, 0.502032, 0.0, 0.0, 0.0, 1.0],
                [0.942008, 0.0, 0.335589, -5e-06, 0.335589, 0.0, -0.942008, 2.413956, 0.0, 1.0, 0.0, 0.504057, 0.0, 0.0, 0.0, 1.0],
                [0.943701, 0.0, 0.330799, -5e-06, 0.330799, 0.0, -0.943701, 2.412777, 0.0, 1.0, 0.0, 0.506808, 0.0, 0.0, 0.0, 1.0],
                [0.945778, 0.0, 0.324813, -5e-06, 0.324813, 0.0, -0.945778, 2.411209, 0.0, 1.0, 0.0, 0.510237, 0.0, 0.0, 0.0, 1.0],
                [0.948188, 0.0, 0.317709, -5e-06, 0.317709, 0.0, -0.948188, 2.409226, 0.0, 1.0, 0.0, 0.514294, 0.0, 0.0, 0.0, 1.0],
                [0.950879, 0.0, 0.309561, -5e-06, 0.309561, 0.0, -0.950879, 2.406806, 0.0, 1.0, 0.0, 0.518933, 0.0, 0.0, 0.0, 1.0],
                [0.953799, 0.0, 0.300446, -5e-06, 0.300446, 0.0, -0.953799, 2.403924, 0.0, 1.0, 0.0, 0.524104, 0.0, 0.0, 0.0, 1.0],
                [0.956894, 0.0, 0.290438, -5e-06, 0.290438, 0.0, -0.956894, 2.400557, 0.0, 1.0, 0.0, 0.529759, 0.0, 0.0, 0.0, 1.0],
                [0.960111, 0.0, 0.279618, -5e-06, 0.279618, 0.0, -0.960111, 2.396682, 0.0, 1.0, 0.0, 0.53585, 0.0, 0.0, 0.0, 1.0],
                [0.963401, 0.0, 0.268063, -5e-06, 0.268063, 0.0, -0.963401, 2.392273, 0.0, 1.0, 0.0, 0.542328, 0.0, 0.0, 0.0, 1.0],
                [0.966715, 0.0, 0.255854, -5e-06, 0.255854, 0.0, -0.966715, 2.387309, 0.0, 1.0, 0.0, 0.549145, 0.0, 0.0, 0.0, 1.0],
                [0.970007, 0.0, 0.243075, -5e-06, 0.243075, 0.0, -0.970007, 2.381764, 0.0, 1.0, 0.0, 0.556252, 0.0, 0.0, 0.0, 1.0],
                [0.973235, 0.0, 0.22981, -5e-06, 0.22981, 0.0, -0.973235, 2.375615, 0.0, 1.0, 0.0, 0.563601, 0.0, 0.0, 0.0, 1.0],
                [0.976361, 0.0, 0.216146, -5e-06, 0.216146, 0.0, -0.976361, 2.368838, 0.0, 1.0, 0.0, 0.571144, 0.0, 0.0, 0.0, 1.0],
                [0.97935, 0.0, 0.202171, -5e-06, 0.202171, 0.0, -0.97935, 2.36141, 0.0, 1.0, 0.0, 0.578832, 0.0, 0.0, 0.0, 1.0],
                [0.982174, 0.0, 0.187974, -5e-06, 0.187974, 0.0, -0.982174, 2.353307, 0.0, 1.0, 0.0, 0.586617, 0.0, 0.0, 0.0, 1.0],
                [0.984808, 0.0, 0.173648, -5e-06, 0.173648, 0.0, -0.984808, 2.344504, 0.0, 1.0, 0.0, 0.59445, 0.0, 0.0, 0.0, 1.0],
                [0.987233, 0.0, 0.159285, -5e-06, 0.159285, 0.0, -0.987233, 2.334978, 0.0, 1.0, 0.0, 0.602283, 0.0, 0.0, 0.0, 1.0],
                [0.989435, 0.0, 0.144979, -5e-06, 0.144979, 0.0, -0.989435, 2.324706, 0.0, 1.0, 0.0, 0.610068, 0.0, 0.0, 0.0, 1.0],
                [0.991406, 0.0, 0.130824, -5e-06, 0.130824, 0.0, -0.991406, 2.313663, 0.0, 1.0, 0.0, 0.617756, 0.0, 0.0, 0.0, 1.0],
                [0.993142, 0.0, 0.116915, -5e-06, 0.116915, 0.0, -0.993142, 2.301827, 0.0, 1.0, 0.0, 0.625299, 0.0, 0.0, 0.0, 1.0],
                [0.994645, 0.0, 0.103346, -5e-06, 0.103346, 0.0, -0.994645, 2.289172, 0.0, 1.0, 0.0, 0.632648, 0.0, 0.0, 0.0, 1.0],
                [0.995923, 0.0, 0.090212, -5e-06, 0.090212, 0.0, -0.995923, 2.275676, 0.0, 1.0, 0.0, 0.639755, 0.0, 0.0, 0.0, 1.0],
                [0.996984, 0.0, 0.077606, -5e-06, 0.077606, 0.0, -0.996984, 2.261314, 0.0, 1.0, 0.0, 0.646572, 0.0, 0.0, 0.0, 1.0],
                [0.997845, 0.0, 0.065623, -5e-06, 0.065623, 0.0, -0.997845, 2.246063, 0.0, 1.0, 0.0, 0.65305, 0.0, 0.0, 0.0, 1.0],
                [0.998522, 0.0, 0.054354, -5e-06, 0.054354, 0.0, -0.998522, 2.229898, 0.0, 1.0, 0.0, 0.659141, 0.0, 0.0, 0.0, 1.0],
                [0.999036, 0.0, 0.043892, -5e-06, 0.043892, 0.0, -0.999036, 2.212797, 0.0, 1.0, 0.0, 0.664796, 0.0, 0.0, 0.0, 1.0],
                [0.999411, 0.0, 0.034327, -5e-06, 0.034327, 0.0, -0.999411, 2.194736, 0.0, 1.0, 0.0, 0.669967, 0.0, 0.0, 0.0, 1.0],
                [0.999668, 0.0, 0.02575, -5e-06, 0.02575, 0.0, -0.999668, 2.175689, 0.0, 1.0, 0.0, 0.674605, 0.0, 0.0, 0.0, 1.0],
                [0.999833, 0.0, 0.01825, -5e-06, 0.01825, 0.0, -0.999833, 2.155635, 0.0, 1.0, 0.0, 0.678663, 0.0, 0.0, 0.0, 1.0],
                [0.999929, 0.0, 0.011916, -5e-06, 0.011916, 0.0, -0.999929, 2.134549, 0.0, 1.0, 0.0, 0.682092, 0.0, 0.0, 0.0, 1.0],
                [0.999977, 0.0, 0.006835, -5e-06, 0.006835, 0.0, -0.999977, 2.112407, 0.0, 1.0, 0.0, 0.684843, 0.0, 0.0, 0.0, 1.0],
                [0.999995, 0.0, 0.003097, -5e-06, 0.003097, 0.0, -0.999995, 2.089185, 0.0, 1.0, 0.0, 0.686868, 0.0, 0.0, 0.0, 1.0],
                [1.0, 0.0, 0.000789, -5e-06, 0.000789, 0.0, -1.0, 2.064861, 0.0, 1.0, 0.0, 0.688118, 0.0, 0.0, 0.0, 1.0],
                [1.0, 0.0, 0.0, -5e-06, 0.0, 0.0, -1.0, 2.039409, 0.0, 1.0, 0.0, 0.688546, 0.0, 0.0, 0.0, 1.0],
                [1.0, 0.0, 0.0, -5e-06, 0.0, 0.0, -1.0, 2.012835, 0.0, 1.0, 0.0, 0.688546, 0.0, 0.0, 0.0, 1.0],
                [1.0, 0.0, 0.0, -5e-06, 0.0, 0.0, -1.0, 1.985251, 0.0, 1.0, 0.0, 0.688546, 0.0, 0.0, 0.0, 1.0],
                [1.0, 0.0, 0.0, -5e-06, 0.0, 0.0, -1.0, 1.956802, 0.0, 1.0, 0.0, 0.688546, 0.0, 0.0, 0.0, 1.0],
                [1.0, 0.0, 0.0, -5e-06, 0.0, 0.0, -1.0, 1.927629, 0.0, 1.0, 0.0, 0.688546, 0.0, 0.0, 0.0, 1.0],
                [1.0, 0.0, 0.0, -5e-06, 0.0, 0.0, -1.0, 1.897875, 0.0, 1.0, 0.0, 0.688546, 0.0, 0.0, 0.0, 1.0],
                [1.0, 0.0, 0.0, -5e-06, 0.0, 0.0, -1.0, 1.867681, 0.0, 1.0, 0.0, 0.688546, 0.0, 0.0, 0.0, 1.0],
                [1.0, 0.0, 0.0, -5e-06, 0.0, 0.0, -1.0, 1.837192, 0.0, 1.0, 0.0, 0.688546, 0.0, 0.0, 0.0, 1.0],
                [1.0, 0.0, 0.0, -5e-06, 0.0, 0.0, -1.0, 1.806548, 0.0, 1.0, 0.0, 0.688546, 0.0, 0.0, 0.0, 1.0],
                [1.0, 0.0, 0.0, -5e-06, 0.0, 0.0, -1.0, 1.775892, 0.0, 1.0, 0.0, 0.688546, 0.0, 0.0, 0.0, 1.0],
                [1.0, 0.0, 0.0, -5e-06, 0.0, 0.0, -1.0, 1.745367, 0.0, 1.0, 0.0, 0.688546, 0.0, 0.0, 0.0, 1.0],
                [1.0, 0.0, 0.0, -5e-06, 0.0, 0.0, -1.0, 1.715115, 0.0, 1.0, 0.0, 0.688546, 0.0, 0.0, 0.0, 1.0],
                [1.0, 0.0, 0.0, -5e-06, 0.0, 0.0, -1.0, 1.685278, 0.0, 1.0, 0.0, 0.688546, 0.0, 0.0, 0.0, 1.0],
                [1.0, 0.0, 0.0, -5e-06, 0.0, 0.0, -1.0, 1.655999, 0.0, 1.0, 0.0, 0.688546, 0.0, 0.0, 0.0, 1.0],
                [1.0, 0.0, 0.0, -5e-06, 0.0, 0.0, -1.0, 1.62747, 0.0, 1.0, 0.0, 0.688546, 0.0, 0.0, 0.0, 1.0],
                [1.0, 0.0, 0.0, -5e-06, 0.0, 0.0, -1.0, 1.600079, 0.0, 1.0, 0.0, 0.688546, 0.0, 0.0, 0.0, 1.0],
                [1.0, 0.0, 0.0, -5e-06, 0.0, 0.0, -1.0, 1.574267, 0.0, 1.0, 0.0, 0.688546, 0.0, 0.0, 0.0, 1.0],
                [1.0, 0.0, 0.0, -5e-06, 0.0, 0.0, -1.0, 1.550472, 0.0, 1.0, 0.0, 0.688546, 0.0, 0.0, 0.0, 1.0],
                [1.0, 0.0, 0.0, -5e-06, 0.0, 0.0, -1.0, 1.529134, 0.0, 1.0, 0.0, 0.688546, 0.0, 0.0, 0.0, 1.0],
                [1.0, 0.0, 0.0, -5e-06, 0.0, 0.0, -1.0, 1.51069, 0.0, 1.0, 0.0, 0.688546, 0.0, 0.0, 0.0, 1.0],
                [1.0, 0.0, 0.0, -5e-06, 0.0, 0.0, -1.0, 1.495581, 0.0, 1.0, 0.0, 0.688546, 0.0, 0.0, 0.0, 1.0],
                [1.0, 0.0, 0.0, -5e-06, 0.0, 0.0, -1.0, 1.484245, 0.0, 1.0, 0.0, 0.688546, 0.0, 0.0, 0.0, 1.0],
                [1.0, 0.0, 0.0, -5e-06, 0.0, 0.0, -1.0, 1.477122, 0.0, 1.0, 0.0, 0.688546, 0.0, 0.0, 0.0, 1.0],
                [1.0, 0.0, 0.0, -5e-06, 0.0, 0.0, -1.0, 1.47465, 0.0, 1.0, 0.0, 0.688546, 0.0, 0.0, 0.0, 1.0],
                [1.0, 0.0, 0.0, -5e-06, 0.0, 0.0, -1.0, 1.47465, 0.0, 1.0, 0.0, 0.688546, 0.0, 0.0, 0.0, 1.0]
            ]
        },
        {
            "name": "Thigh_R",
            "time": [0.0167, 0.0333, 0.05, 0.0667, 0.0833, 0.1, 0.1167, 0.1333, 0.15, 0.1667, 0.1833, 0.2, 0.2167, 0.2333, 0.25, 0.2667, 0.2833, 0.3, 0.3167, 0.3333, 0.35, 0.3667, 0.3833, 0.4, 0.4167, 0.4333, 0.45, 0.4667, 0.4833, 0.5, 0.5167, 0.5333, 0.55, 0.5667, 0.5833, 0.6, 0.6167, 0.6333, 0.65, 0.6667, 0.6833, 0.7, 0.7167, 0.7333, 0.75, 0.7667, 0.7833, 0.8, 0.8167, 0.8333, 0.85, 0.8667, 0.8833, 0.9, 0.9167, 0.9333, 0.95, 0.9667, 0.9833, 1.0, 1.0167, 1.0333, 1.05, 1.0667, 1.0833, 1.1, 1.1167, 1.1333, 1.15, 1.1667, 1.1833, 1.2, 1.2167, 1.2333, 1.25, 1.2667, 1.2833, 1.3, 1.3167, 1.3333, 1.35, 1.3667, 1.3833, 1.4, 1.4167, 1.4333, 1.45, 1.4667, 1.4833, 1.5, 1.5167, 1.5333, 1.55, 1.5667, 1.5833, 1.6, 1.6167, 1.6333, 1.65, 1.6667, 1.6833, 1.7, 1.7167, 1.7333, 1.75, 1.7667, 1.7833, 1.8, 1.8167, 1.8333, 1.85, 1.8667, 1.8833, 1.9, 1.9167, 1.9333, 1.95, 1.9667, 1.9833, 2.0, 2.0167, 2.0333, 2.5667],
            "transform": [
                [0.998908, 0.046665, 0.002352, 0.124994, 0.041081, -0.85316, -0.520029, -0.002831, -0.022261, 0.519558, -0.854145, -1.2e-05, 0.0, 0.0, 0.0, 1.0],
                [0.998908, 0.046664, 0.002376, 0.124994, 0.041081, -0.852887, -0.520477, -0.002831, -0.022261, 0.520006, -0.853873, -1.2e-05, 0.0, 0.0, 0.0, 1.0],
                [0.998908, 0.046661, 0.002447, 0.124994, 0.041081, -0.852101, -0.521762, -0.002831, -0.022261, 0.521292, -0.853088, -1.2e-05, 0.0, 0.0, 0.0, 1.0],
                [0.998908, 0.046655, 0.002558, 0.124994, 0.041081, -0.850851, -0.523799, -0.002831, -0.022261, 0.523332, -0.851838, -1.2e-05, 0.0, 0.0, 0.0, 1.0],
                [0.998908, 0.046646, 0.002707, 0.124994, 0.041081, -0.849181, -0.526501, -0.002831, -0.022261, 0.526038, -0.85017, -1.2e-05, 0.0, 0.0, 0.0, 1.0],
                [0.998908, 0.046635, 0.002887, 0.124994, 0.041081, -0.847138, -0.529782, -0.002831, -0.022261, 0.529322, -0.848129, -1.2e-05, 0.0, 0.0, 0.0, 1.0],
                [0.998908, 0.046622, 0.003095, 0.124994, 0.041081, -0.844768, -0.533553, -0.002831, -0.022261, 0.533098, -0.845761, -1.2e-05, 0.0, 0.0, 0.0, 1.0],
                [0.998908, 0.046606, 0.003326, 0.124994, 0.041081, -0.842116, -0.537728, -0.002831, -0.022261, 0.537278, -0.843112, -1.2e-05, 0.0, 0.0, 0.0, 1.0],
                [0.998908, 0.046588, 0.003575, 0.124994, 0.041081, -0.839231, -0.542221, -0.002831, -0.022261, 0.541775, -0.840228, -1.2e-05, 0.0, 0.0, 0.0, 1.0],
                [0.998908, 0.046567, 0.003837, 0.124994, 0.041081, -0.83616, -0.546945, -0.002831, -0.022261, 0.546505, -0.83716, -1.2e-05, 0.0, 0.0, 0.0, 1.0],
                [0.998908, 0.046544, 0.004109, 0.124994, 0.041081, -0.832954, -0.551815, -0.002831, -0.022261, 0.551381, -0.833956, -1.2e-05, 0.0, 0.0, 0.0, 1.0],
                [0.998908, 0.046518, 0.004385, 0.124994, 0.041081, -0.829664, -0.556749, -0.002831, -0.022261, 0.556321, -0.830669, -1.2e-05, 0.0, 0.0, 0.0, 1.0],
                [0.998908, 0.046492, 0.004661, 0.124994, 0.041081, -0.826346, -0.561662, -0.002831, -0.022261, 0.561241, -0.827353, -1.2e-05, 0.0, 0.0, 0.0, 1.0],
                [0.998908, 0.046464, 0.004932, 0.124994, 0.041081, -0.823054, -0.566475, -0.002831, -0.022261, 0.566059, -0.824064, -1.2e-05, 0.0, 0.0, 0.0, 1.0],
                [0.998908, 0.046435, 0.005194, 0.124994, 0.041081, -0.819846, -0.571108, -0.002831, -0.022261, 0.570697, -0.820859, -1.2e-05, 0.0, 0.0, 0.0, 1.0],
                [0.998908, 0.046407, 0.005442, 0.124994, 0.041081, -0.816783, -0.575481, -0.002831, -0.022261, 0.575076, -0.817797, -1.2e-05, 0.0, 0.0, 0.0, 1.0],
                [0.998908, 0.046379, 0.005672, 0.124994, 0.041081, -0.813924, -0.579517, -0.002831, -0.022261, 0.579117, -0.814941, -1.2e-05, 0.0, 0.0, 0.0, 1.0],
                [0.998908, 0.046353, 0.005879, 0.124994, 0.041081, -0.811332, -0.583139, -0.002831, -0.022261, 0.582744, -0.812351, -1.2e-05, 0.0, 0.0, 0.0, 1.0],
                [0.998908, 0.04633, 0.006058, 0.124994, 0.041081, -0.809071, -0.586273, -0.002831, -0.022261, 0.585882, -0.810091, -1.2e-05, 0.0, 0.0, 0.0, 1.0],
                [0.998908, 0.046311, 0.006205, 0.124994, 0.041081, -0.807203, -0.588842, -0.002831, -0.022261, 0.588454, -0.808224, -1.2e-05, 0.0, 0.0, 0.0, 1.0],
                [0.998908, 0.046296, 0.006316, 0.124994, 0.041081, -0.805792, -0.590772, -0.002831, -0.022261, 0.590386, -0.806814, -1.2e-05, 0.0, 0.0, 0.0, 1.0],
                [0.998908, 0.046286, 0.006386, 0.124994, 0.041081, -0.8049, -0.591986, -0.002831, -0.022261, 0.591602, -0.805923, -1.2e-05, 0.0, 0.0, 0.0, 1.0],
                [0.998908, 0.046283, 0.00641, 0.124994, 0.041081, -0.80459, -0.592408, -0.002831, -0.022261, 0.592024, -0.805613, -1.2e-05, 0.0, 0.0, 0.0, 1.0],
                [0.998912, 0.046329, 0.005325, 0.124994, 0.040965, -0.817168, -0.574942, -0.002831, -0.022285, 0.574534, -0.818177, -1.2e-05, 0.0, 0.0, 0.0, 1.0],
                [0.998916, 0.046484, 0.002453, 0.124994, 0.040851, -0.850155, -0.524944, -0.002831, -0.022316, 0.524476, -0.851133, -1.2e-05, 0.0, 0.0, 0.0, 1.0],
                [0.998908, 0.046693, -0.001724, 0.124994, 0.041081, -0.895237, -0.443692, -0.002831, -0.022261, 0.443137, -0.896177, -1.2e-05, 0.0, 0.0, 0.0, 1.0],
                [0.998886, 0.046676, -0.006962, 0.124994, 0.041813, -0.943748, -0.328009, -0.002831, -0.02188, 0.327353, -0.944649, -1.9e-05, 0.0, 0.0, 0.0, 1.0],
                [0.99886, 0.045886, -0.013158, 0.124993, 0.042876, -0.983588, -0.175262, -0.002831, -0.020984, 0.174498, -0.984434, -3.9e-05, 0.0, 0.0, 0.0, 1.0],
                [0.998838, 0.043835, -0.020021, 0.124991, 0.044068, -0.998963, 0.011387, -0.002831, -0.019501, -0.012256, -0.999735, -6.9e-05, 0.0, 0.0, 0.0, 1.0],
                [0.998829, 0.040152, -0.026993, 0.12499, 0.045134, -0.974249, 0.220908, -0.002831, -0.017428, -0.221868, -0.974921, -0.000106, 0.0, 0.0, 0.0, 1.0],
                [0.998839, 0.034794, -0.033311, 0.124988, 0.04581, -0.899919, 0.433643, -0.002831, -0.014889, -0.434666, -0.900469, -0.000149, 0.0, 0.0, 0.0, 1.0],
                [0.998871, 0.028174, -0.03824, 0.124986, 0.045921, -0.778585, 0.625857, -0.002831, -0.01214, -0.626907, -0.779, -0.000193, 0.0, 0.0, 0.0, 1.0],
                [0.998921, 0.021079, -0.041379, 0.124984, 0.045456, -0.626095, 0.778421, -0.002831, -0.009498, -0.779462, -0.626377, -0.000238, 0.0, 0.0, 0.0, 1.0],
                [0.99898, 0.01438, -0.042808, 0.124982, 0.044576, -0.465747, 0.883794, -0.002831, -0.007229, -0.884801, -0.465913, -0.000281, 0.0, 0.0, 0.0, 1.0],
                [0.999037, 0.00875, -0.04299, 0.124981, 0.043529, -0.319904, 0.946449, -0.002831, -0.005471, -0.94741, -0.319977, -0.000319, 0.0, 0.0, 0.0, 1.0],
                [0.999085, 0.004564, -0.042532, 0.124979, 0.042564, -0.204875, 0.977862, -0.002831, -0.004251, -0.978777, -0.204882, -0.000348, 0.0, 0.0, 0.0, 1.0],
                [0.999116, 0.001979, -0.041984, 0.124978, 0.041882, -0.130821, 0.990521, -0.002831, -0.003532, -0.991404, -0.130789, -0.000368, 0.0, 0.0, 0.0, 1.0],
                [0.999128, 0.001087, -0.041746, 0.124978, 0.04163, -0.104665, 0.993635, -0.002831, -0.00329, -0.994507, -0.104619, -0.000375, 0.0, 0.0, 0.0, 1.0],
                [0.999128, 0.001087, -0.041746, 0.124978, 0.04163, -0.104665, 0.993635, -0.002831, -0.00329, -0.994507, -0.104619, -0.000375, 0.0, 0.0, 0.0, 1.0],
                [0.999128, 0.001087, -0.041746, 0.124978, 0.04163, -0.104665, 0.993635, -0.002831, -0.00329, -0.994507, -0.104619, -0.000375, 0.0, 0.0, 0.0, 1.0],
                [0.999128, 0.001087, -0.041746, 0.124978, 0.04163, -0.104665, 0.993635, -0.002831, -0.00329, -0.994507, -0.104619, -0.000375, 0.0, 0.0, 0.0, 1.0],
                [0.999128, 0.001087, -0.041746, 0.124978, 0.04163, -0.104665, 0.993635, -0.002831, -0.00329, -0.994507, -0.104619, -0.000375, 0.0, 0.0, 0.0, 1.0],
                [0.999128, 0.001087, -0.041746, 0.124978, 0.04163, -0.104665, 0.993635, -0.002831, -0.00329, -0.994507, -0.104619, -0.000375, 0.0, 0.0, 0.0, 1.0],
                [0.999128, 0.001087, -0.041746, 0.124978, 0.04163, -0.104665, 0.993635, -0.002831, -0.00329, -0.994507, -0.104619, -0.000375, 0.0, 0.0, 0.0, 1.0],
                [0.999128, 0.001087, -0.041746, 0.124978, 0.04163, -0.104665, 0.993635, -0.002831, -0.00329, -0.994507, -0.104619, -0.000375, 0.0, 0.0, 0.0, 1.0],
                [0.999128, 0.001087, -0.041746, 0.124978, 0.04163, -0.104665, 0.993635, -0.002831, -0.00329, -0.994507, -0.104619, -0.000375, 0.0, 0.0, 0.0, 1.0],
                [0.999128, 0.001087, -0.041746, 0.124978, 0.04163, -0.104665, 0.993635, -0.002831, -0.00329, -0.994507, -0.104619, -0.000375, 0.0, 0.0, 0.0, 1.0],
                [0.999128, 0.001087, -0.041746, 0.124978, 0.04163, -0.104665, 0.993635, -0.002831, -0.00329, -0.994507, -0.104619, -0.000375, 0.0, 0.0, 0.0, 1.0],
                [0.999128, 0.001087, -0.041746, 0.124978, 0.04163, -0.104665, 0.993635, -0.002831, -0.00329, -0.994507, -0.104619, -0.000375, 0.0, 0.0, 0.0, 1.0],
                [0.999128, 0.001087, -0.041746, 0.124978, 0.04163, -0.104665, 0.993635, -0.002831, -0.00329, -0.994507, -0.104619, -0.000375, 0.0, 0.0, 0.0, 1.0],
                [0.999128, 0.001087, -0.041746, 0.124978, 0.04163, -0.104665, 0.993635, -0.002831, -0.00329, -0.994507, -0.104619, -0.000375, 0.0, 0.0, 0.0, 1.0],
                [0.999128, 0.001087, -0.041746, 0.124978, 0.04163, -0.104665, 0.993635, -0.002831, -0.00329, -0.994507, -0.104619, -0.000375, 0.0, 0.0, 0.0, 1.0],
                [0.999128, 0.001087, -0.041746, 0.124978, 0.04163, -0.104665, 0.993635, -0.002831, -0.00329, -0.994507, -0.104619, -0.000375, 0.0, 0.0, 0.0, 1.0],
                [0.999128, 0.001087, -0.041746, 0.124978, 0.04163, -0.104665, 0.993635, -0.002831, -0.00329, -0.994507, -0.104619, -0.000375, 0.0, 0.0, 0.0, 1.0],
                [0.999128, 0.001087, -0.041746, 0.124978, 0.04163, -0.104665, 0.993635, -0.002831, -0.00329, -0.994507, -0.104619, -0.000375, 0.0, 0.0, 0.0, 1.0],
                [0.999128, 0.001087, -0.041746, 0.124978, 0.04163, -0.104665, 0.993635, -0.002831, -0.00329, -0.994507, -0.104619, -0.000375, 0.0, 0.0, 0.0, 1.0],
                [0.999128, 0.001087, -0.041746, 0.124978, 0.04163, -0.104665, 0.993635, -0.002831, -0.00329, -0.994507, -0.104619, -0.000375, 0.0, 0.0, 0.0, 1.0],
                [0.999128, 0.001087, -0.041746, 0.124978, 0.04163, -0.104665, 0.993635, -0.002831, -0.00329, -0.994507, -0.104619, -0.000375, 0.0, 0.0, 0.0, 1.0],
                [0.999128, 0.001087, -0.041746, 0.124978, 0.04163, -0.104665, 0.993635, -0.002831, -0.00329, -0.994507, -0.104619, -0.000375, 0.0, 0.0, 0.0, 1.0],
                [0.999128, 0.001087, -0.041746, 0.124978, 0.04163, -0.104665, 0.993635, -0.002831, -0.00329, -0.994507, -0.104619, -0.000375, 0.0, 0.0, 0.0, 1.0],
                [0.999128, 0.001087, -0.041746, 0.124978, 0.04163, -0.104665, 0.993635, -0.002831, -0.00329, -0.994507, -0.104619, -0.000375, 0.0, 0.0, 0.0, 1.0],
                [0.999128, 0.001087, -0.041746, 0.124978, 0.04163, -0.104665, 0.993635, -0.002831, -0.00329, -0.994507, -0.104619, -0.000375, 0.0, 0.0, 0.0, 1.0],
                [0.999128, 0.001087, -0.041746, 0.124978, 0.04163, -0.104665, 0.993635, -0.002831, -0.00329, -0.994507, -0.104619, -0.000375, 0.0, 0.0, 0.0, 1.0],
                [0.999129, 0.001221, -0.041723, 0.124978, 0.041614, -0.106778, 0.993411, -0.002831, -0.003242, -0.994282, -0.106736, -0.000375, 0.0, 0.0, 0.0, 1.0],
                [0.999131, 0.001625, -0.041648, 0.124978, 0.041565, -0.11295, 0.992731, -0.002831, -0.003091, -0.993599, -0.112919, -0.000376, 0.0, 0.0, 0.0, 1.0],
                [0.999135, 0.002302, -0.04151, 0.124978, 0.041479, -0.122932, 0.991548, -0.002831, -0.00282, -0.992412, -0.122921, -0.00038, 0.0, 0.0, 0.0, 1.0],
                [0.999142, 0.003255, -0.041296, 0.124978, 0.041354, -0.136485, 0.989778, -0.002831, -0.002414, -0.990637, -0.136502, -0.000386, 0.0, 0.0, 0.0, 1.0],
                [0.99915, 0.004486, -0.040987, 0.124977, 0.04119, -0.15337, 0.98731, -0.002831, -0.001857, -0.988159, -0.153424, -0.000396, 0.0, 0.0, 0.0, 1.0],
                [0.999159, 0.005996, -0.040564, 0.124976, 0.040989, -0.173344, 0.984008, -0.002831, -0.001131, -0.984843, -0.173444, -0.000411, 0.0, 0.0, 0.0, 1.0],
                [0.999169, 0.007787, -0.040004, 0.124975, 0.040755, -0.196155, 0.979725, -0.002831, -0.000218, -0.980542, -0.19631, -0.000432, 0.0, 0.0, 0.0, 1.0],
                [0.999179, 0.009859, -0.039283, 0.124974, 0.040492, -0.221537, 0.974311, -0.002831, 0.000903, -0.975102, -0.221755, -0.000461, 0.0, 0.0, 0.0, 1.0],
                [0.999189, 0.012208, -0.038375, 0.124973, 0.040207, -0.249207, 0.967615, -0.002831, 0.002249, -0.968373, -0.249496, -0.000497, 0.0, 0.0, 0.0, 1.0],
                [0.999196, 0.014829, -0.037252, 0.124971, 0.039911, -0.278861, 0.959502, -0.002831, 0.00384, -0.960217, -0.279229, -0.000543, 0.0, 0.0, 0.0, 1.0],
                [0.999199, 0.017716, -0.035888, 0.124968, 0.039615, -0.310175, 0.949854, -0.002831, 0.005696, -0.950514, -0.310628, -0.000598, 0.0, 0.0, 0.0, 1.0],
                [0.999196, 0.020857, -0.034254, 0.124965, 0.039331, -0.342804, 0.938583, -0.002831, 0.007833, -0.939175, -0.343349, -0.000665, 0.0, 0.0, 0.0, 1.0],
                [0.999183, 0.024239, -0.032324, 0.124962, 0.039076, -0.376389, 0.925637, -0.002831, 0.01027, -0.926145, -0.377029, -0.000743, 0.0, 0.0, 0.0, 1.0],
                [0.99916, 0.027847, -0.030075, 0.124958, 0.038864, -0.410553, 0.911008, -0.002831, 0.013021, -0.911411, -0.411291, -0.000835, 0.0, 0.0, 0.0, 1.0],
                [0.999121, 0.031663, -0.027485, 0.124953, 0.038713, -0.444917, 0.894734, -0.002831, 0.016101, -0.895012, -0.445751, -0.000941, 0.0, 0.0, 0.0, 1.0],
                [0.999062, 0.035667, -0.024535, 0.124948, 0.038639, -0.479098, 0.87691, -0.002831, 0.019522, -0.877036, -0.480027, -0.001061, 0.0, 0.0, 0.0, 1.0],
                [0.998981, 0.039838, -0.021212, 0.124942, 0.038658, -0.512723, 0.857683, -0.002831, 0.023293, -0.857629, -0.513741, -0.001198, 0.0, 0.0, 0.0, 1.0],
                [0.998871, 0.044156, -0.017507, 0.124935, 0.038786, -0.545436, 0.837255, -0.002831, 0.027421, -0.836989, -0.546533, -0.001352, 0.0, 0.0, 0.0, 1.0],
                [0.998728, 0.048602, -0.013416, 0.124928, 0.039034, -0.576904, 0.815879, -0.002831, 0.031913, -0.815365, -0.578067, -0.001524, 0.0, 0.0, 0.0, 1.0],
                [0.998546, 0.053157, -0.008941, 0.12492, 0.039412, -0.606826, 0.793857, -0.002831, 0.036774, -0.793055, -0.608039, -0.001715, 0.0, 0.0, 0.0, 1.0],
                [0.998319, 0.057808, -0.004088, 0.12491, 0.039926, -0.63494, 0.771529, -0.002831, 0.042005, -0.770396, -0.636181, -0.001926, 0.0, 0.0, 0.0, 1.0],
                [0.998042, 0.062536, 0.001129, 0.124899, 0.040572, -0.661034, 0.749258, -0.002831, 0.047602, -0.747746, -0.662277, -0.002175, 0.0, 0.0, 0.0, 1.0],
                [0.997711, 0.067292, 0.006691, 0.124886, 0.041322, -0.684985, 0.727384, -0.002831, 0.05353, -0.725443, -0.686198, -0.002483, 0.0, 0.0, 0.0, 1.0],
                [0.997324, 0.072024, 0.012567, 0.12487, 0.042138, -0.706709, 0.706248, -0.002831, 0.059748, -0.703828, -0.707853, -0.002857, 0.0, 0.0, 0.0, 1.0],
                [0.99688, 0.076685, 0.01872, 0.12485, 0.042973, -0.726149, 0.686192, -0.002831, 0.066214, -0.683247, -0.727179, -0.003303, 0.0, 0.0, 0.0, 1.0],
                [0.996379, 0.081232, 0.025108, 0.124827, 0.043775, -0.74327, 0.667558, -0.002831, 0.072889, -0.664041, -0.744135, -0.003831, 0.0, 0.0, 0.0, 1.0],
                [0.995823, 0.085631, 0.031681, 0.1248, 0.044485, -0.758054, 0.650672, -0.002831, 0.079734, -0.646545, -0.758698, -0.004446, 0.0, 0.0, 0.0, 1.0],
                [0.995215, 0.089853, 0.038387, 0.124769, 0.045039, -0.7705, 0.635847, -0.002831, 0.08671, -0.631076, -0.77086, -0.005157, 0.0, 0.0, 0.0, 1.0],
                [0.994559, 0.093877, 0.045169, 0.124734, 0.045371, -0.78061, 0.623369, -0.002831, 0.09378, -0.617928, -0.780622, -0.005969, 0.0, 0.0, 0.0, 1.0],
                [0.993862, 0.097677, 0.051932, 0.124694, 0.045457, -0.788576, 0.613255, -0.002831, 0.100853, -0.60713, -0.788176, -0.006879, 0.0, 0.0, 0.0, 1.0],
                [0.993149, 0.101196, 0.058428, 0.124653, 0.045472, -0.795297, 0.604512, -0.002831, 0.107642, -0.597714, -0.79445, -0.007832, 0.0, 0.0, 0.0, 1.0],
                [0.992452, 0.104365, 0.064399, 0.124612, 0.045649, -0.801781, 0.595872, -0.002831, 0.113822, -0.588434, -0.800493, -0.008761, 0.0, 0.0, 0.0, 1.0],
                [0.991808, 0.107105, 0.069612, 0.124575, 0.046227, -0.808962, 0.58604, -0.002831, 0.119081, -0.578021, -0.807286, -0.0096, 0.0, 0.0, 0.0, 1.0],
                [0.991257, 0.109336, 0.073854, 0.124546, 0.047448, -0.817695, 0.573693, -0.002831, 0.123116, -0.565173, -0.815734, -0.010281, 0.0, 0.0, 0.0, 1.0],
                [0.990841, 0.11098, 0.07692, 0.124526, 0.049548, -0.828736, 0.557442, -0.002831, 0.125611, -0.548525, -0.826645, -0.010739, 0.0, 0.0, 0.0, 1.0],
                [0.990598, 0.111972, 0.078599, 0.124518, 0.052744, -0.842708, 0.535781, -0.002831, 0.126229, -0.526598, -0.840691, -0.010906, 0.0, 0.0, 0.0, 1.0],
                [0.990497, 0.112429, 0.079219, 0.124518, 0.057013, -0.859814, 0.507414, -0.002831, 0.125161, -0.498076, -0.858053, -0.010906, 0.0, 0.0, 0.0, 1.0],
                [0.990479, 0.112542, 0.079288, 0.124518, 0.062076, -0.879174, 0.472439, -0.002831, 0.122877, -0.463019, -0.87779, -0.010906, 0.0, 0.0, 0.0, 1.0],
                [0.990532, 0.112379, 0.078854, 0.124518, 0.067728, -0.89964, 0.431348, -0.002831, 0.119415, -0.421923, -0.898733, -0.010906, 0.0, 0.0, 0.0, 1.0],
                [0.990644, 0.112011, 0.077963, 0.124518, 0.073754, -0.920077, 0.384731, -0.002831, 0.114826, -0.375382, -0.91973, -0.010906, 0.0, 0.0, 0.0, 1.0],
                [0.990802, 0.111509, 0.076661, 0.124518, 0.079935, -0.939417, 0.333326, -0.002831, 0.109185, -0.324132, -0.93969, -0.010906, 0.0, 0.0, 0.0, 1.0],
                [0.990993, 0.11094, 0.075, 0.124518, 0.086059, -0.956706, 0.27804, -0.002831, 0.102598, -0.269081, -0.957637, -0.010906, 0.0, 0.0, 0.0, 1.0],
                [0.991204, 0.110366, 0.073039, 0.124518, 0.091927, -0.971168, 0.219957, -0.002831, 0.095209, -0.211308, -0.972771, -0.010906, 0.0, 0.0, 0.0, 1.0],
                [0.991421, 0.109838, 0.070847, 0.124518, 0.097366, -0.982252, 0.160314, -0.002831, 0.087198, -0.152041, -0.98452, -0.010906, 0.0, 0.0, 0.0, 1.0],
                [0.991635, 0.109397, 0.068498, 0.124518, 0.102241, -0.989674, 0.100461, -0.002831, 0.07878, -0.092617, -0.99258, -0.010906, 0.0, 0.0, 0.0, 1.0],
                [0.991836, 0.109067, 0.066073, 0.124518, 0.106458, -0.993438, 0.041803, -0.002831, 0.070199, -0.034428, -0.996939, -0.010906, 0.0, 0.0, 0.0, 1.0],
                [0.992017, 0.108858, 0.063656, 0.124518, 0.109972, -0.993832, -0.014251, -0.002831, 0.061712, 0.021138, -0.99787, -0.010906, 0.0, 0.0, 0.0, 1.0],
                [0.992173, 0.108768, 0.061332, 0.124518, 0.112785, -0.991401, -0.066352, -0.002831, 0.053587, 0.07275, -0.99591, -0.010906, 0.0, 0.0, 0.0, 1.0],
                [0.992303, 0.108777, 0.059182, 0.124518, 0.114938, -0.986897, -0.113241, -0.002831, 0.046089, 0.119171, -0.991803, -0.010906, 0.0, 0.0, 0.0, 1.0],
                [0.992405, 0.108862, 0.057275, 0.124518, 0.116519, -0.981174, -0.154016, -0.002831, 0.03943, 0.15952, -0.986407, -0.010906, 0.0, 0.0, 0.0, 1.0],
                [0.992485, 0.108997, 0.055615, 0.124518, 0.117651, -0.974936, -0.188833, -0.002831, 0.033639, 0.193957, -0.980433, -0.010906, 0.0, 0.0, 0.0, 1.0],
                [0.992546, 0.109156, 0.054193, 0.124518, 0.118443, -0.968709, -0.218115, -0.002831, 0.028689, 0.222908, -0.974417, -0.010906, 0.0, 0.0, 0.0, 1.0],
                [0.992593, 0.10932, 0.052996, 0.124518, 0.118983, -0.962882, -0.242284, -0.002831, 0.024543, 0.246795, -0.968757, -0.010906, 0.0, 0.0, 0.0, 1.0],
                [0.992628, 0.109474, 0.052012, 0.124518, 0.11934, -0.957729, -0.26175, -0.002831, 0.021158, 0.266028, -0.963733, -0.010906, 0.0, 0.0, 0.0, 1.0],
                [0.992654, 0.109608, 0.051229, 0.124518, 0.119567, -0.953429, -0.276904, -0.002831, 0.018493, 0.280995, -0.959531, -0.010906, 0.0, 0.0, 0.0, 1.0],
                [0.992672, 0.109716, 0.050637, 0.124518, 0.119706, -0.950085, -0.288112, -0.002831, 0.016499, 0.292063, -0.956257, -0.010906, 0.0, 0.0, 0.0, 1.0],
                [0.992685, 0.109793, 0.050226, 0.124518, 0.119784, -0.947734, -0.295722, -0.002831, 0.015132, 0.299575, -0.953953, -0.010906, 0.0, 0.0, 0.0, 1.0],
                [0.992692, 0.109839, 0.049986, 0.124518, 0.119822, -0.946365, -0.300059, -0.002831, 0.014346, 0.303856, -0.95261, -0.010906, 0.0, 0.0, 0.0, 1.0],
                [0.992694, 0.109854, 0.049907, 0.124518, 0.119833, -0.945925, -0.301437, -0.002831, 0.014094, 0.305216, -0.952179, -0.010906, 0.0, 0.0, 0.0, 1.0],
                [0.992694, 0.109854, 0.049907, 0.124518, 0.119833, -0.945925, -0.301437, -0.002831, 0.014094, 0.305216, -0.952179, -0.010906, 0.0, 0.0, 0.0, 1.0]
            ]
        },
        {
            "name": "Leg_R",
            "time": [0.0167, 0.0333, 0.05, 0.0667, 0.0833, 0.1, 0.1167, 0.1333, 0.15, 0.1667, 0.1833, 0.2, 0.2167, 0.2333, 0.25, 0.2667, 0.2833, 0.3, 0.3167, 0.3333, 0.35, 0.3667, 0.3833, 0.4, 0.4167, 0.4333, 0.45, 0.4667, 0.4833, 0.5, 0.5167, 0.5333, 0.55, 0.5667, 0.5833, 0.6, 0.6167, 0.6333, 0.65, 0.6667, 0.6833, 0.7, 0.7167, 0.7333, 0.75, 0.7667, 0.7833, 0.8, 0.8167, 0.8333, 0.85, 0.8667, 0.8833, 0.9, 0.9167, 0.9333, 0.95, 0.9667, 0.9833, 1.0, 1.0167, 1.0333, 1.05, 1.0667, 1.0833, 1.1, 1.1167, 1.1333, 1.15, 1.1667, 1.1833, 1.2, 1.2167, 1.2333, 1.25, 1.2667, 1.2833, 1.3, 1.3167, 1.3333, 1.35, 1.3667, 1.3833, 1.4, 1.4167, 1.4333, 1.45, 1.4667, 1.4833, 1.5, 1.5167, 1.5333, 1.55, 1.5667, 1.5833, 1.6, 1.6167, 1.6333, 1.65, 1.6667, 1.6833, 1.7, 1.7167, 1.7333, 1.75, 1.7667, 1.7833, 1.8, 1.8167, 1.8333, 1.85, 1.8667, 1.8833, 1.9, 1.9167, 1.9333, 1.95, 1.9667, 1.9833, 2.0, 2.0167, 2.5667],
            "transform": [
                [0.999991, 0.001602, -0.003892, -0.0, 0.000329, 0.892148, 0.451744, 0.37472, 0.004196, -0.451741, 0.892139, 0.0, 0.0, 0.0, 0.0, 1.0],
                [0.999989, 8.2e-05, -0.004768, 0.0, 0.002081, 0.892131, 0.451772, 0.37472, 0.004291, -0.451777, 0.892121, 0.0, 0.0, 0.0, 0.0, 1.0],
                [0.999964, -0.004278, -0.007333, -0.0, 0.007131, 0.892002, 0.451976, 0.37472, 0.004608, -0.452012, 0.892, 0.0, 0.0, 0.0, 0.0, 1.0],
                [0.999871, -0.011173, -0.011498, -0.0, 0.015167, 0.891622, 0.452526, 0.37472, 0.005196, -0.452642, 0.891677, 0.0, 0.0, 0.0, 0.0, 1.0],
                [0.999646, -0.020295, -0.017176, -0.0, 0.025879, 0.890839, 0.453581, 0.37472, 0.006096, -0.453865, 0.89105, -0.0, 0.0, 0.0, 0.0, 1.0],
                [0.999214, -0.031329, -0.02429, 0.0, 0.038957, 0.88949, 0.45529, 0.37472, 0.007342, -0.455878, 0.890012, 0.0, 0.0, 0.0, 0.0, 1.0],
                [0.998496, -0.043956, -0.032768, -0.0, 0.054089, 0.887409, 0.457798, 0.37472, 0.008956, -0.458882, 0.888452, 0.0, 0.0, 0.0, 0.0, 1.0],
                [0.997419, -0.057845, -0.042547, 0.0, 0.070968, 0.88443, 0.461245, 0.37472, 0.010949, -0.463074, 0.886252, 0.0, 0.0, 0.0, 0.0, 1.0],
                [0.995917, -0.072657, -0.05357, 0.0, 0.089283, 0.880391, 0.465769, 0.37472, 0.013321, -0.46865, 0.883283, -0.0, 0.0, 0.0, 0.0, 1.0],
                [0.993942, -0.088043, -0.065789, 0.0, 0.108728, 0.875135, 0.471505, 0.37472, 0.016061, -0.475802, 0.879406, 0.0, 0.0, 0.0, 0.0, 1.0],
                [0.99146, -0.103642, -0.079156, -0.0, 0.128999, 0.868512, 0.478588, 0.37472, 0.019146, -0.484711, 0.874465, 0.0, 0.0, 0.0, 0.0, 1.0],
                [0.98846, -0.119083, -0.09363, -0.0, 0.149797, 0.860377, 0.487148, 0.37472, 0.022545, -0.495551, 0.868286, -0.0, 0.0, 0.0, 0.0, 1.0],
