{
    "animation": [
        {
            "name": "Root",
            "time": [0.0, 0.0167, 0.0333, 0.05, 0.0667, 0.0833, 0.1, 0.1167, 0.1333, 0.15, 0.1667, 0.1833, 0.2, 0.2167, 0.2333, 0.25, 0.2667, 0.2833, 0.3, 0.3167, 0.3333, 0.35, 0.3667, 0.3833, 0.4, 0.4167, 0.4333, 0.45, 0.4667, 0.4833, 0.5, 0.5167, 0.5333, 0.55, 0.5667, 0.5833, 0.6, 0.6167, 0.6333, 0.65, 0.6667, 0.6833, 0.7, 0.7167, 0.7333, 0.75, 0.7667, 0.7833, 0.8, 0.8167, 0.8333, 0.85, 0.8667, 0.8833, 0.9, 0.9167, 0.9333, 0.95, 0.9667, 0.9833, 1.0, 1.0167, 1.0333, 1.05, 1.0667, 1.0833, 1.1, 1.1167, 1.1333, 1.15, 1.1667, 1.1833, 1.2, 1.2167, 1.2333, 1.25, 1.2667, 1.2833, 1.3, 1.3167, 1.3333, 1.35, 1.3667, 1.3833, 1.4, 1.4167, 1.4333, 1.45, 1.4667, 1.4833, 1.5, 1.5167, 1.5333, 1.55, 1.5667, 1.5833, 1.6, 1.6167, 1.6333, 1.65, 1.6667, 1.6833, 1.7, 1.7167, 1.7333, 1.75, 1.7667, 1.7833, 1.8, 1.8167, 1.8333, 1.85, 1.8667, 1.8833, 1.9, 1.9167, 1.9333, 1.95, 1.9667, 1.9833, 2.0, 2.0167, 2.0333, 2.05, 2.0667, 2.0833, 2.1, 2.1167, 2.1333, 2.15, 2.1667, 2.1833, 2.2, 2.2167, 2.2333, 2.25, 2.2667, 2.2833, 2.3, 2.3167, 2.3333, 2.35, 2.3667, 2.3833, 2.4, 2.4167, 2.4333, 2.45, 2.4667, 2.4833, 2.5, 2.5167, 2.5333, 2.55, 2.5667, 2.5833, 2.6, 2.6167, 2.6333, 2.65, 2.6667, 2.6833, 2.7, 2.7167, 2.7333, 2.75, 2.7667, 2.7833, 2.8, 2.8167, 2.9333],
            "transform": [
                [0.642788, 0.0, 0.766045, -5e-06, 0.766045, 0.0, -0.642788, 0.000946, 0.0, 1.0, 0.0, 0.705314, 0.0, 0.0, 0.0, 1.0],
                [0.649756, 0.0, 0.760143, -5e-06, 0.760143, 0.0, -0.649756, 0.00122, 0.0, 1.0, 0.0, 0.705314, 0.0, 0.0, 0.0, 1.0],
                [0.669748, 0.0, 0.742589, -5e-06, 0.742589, 0.0, -0.669748, 0.002328, 0.0, 1.0, 0.0, 0.705314, 0.0, 0.0, 0.0, 1.0],
                [0.701176, 0.0, 0.712988, -5e-06, 0.712988, 0.0, -0.701176, 0.004699, 0.0, 1.0, 0.0, 0.705314, 0.0, 0.0, 0.0, 1.0],
                [0.742091, 0.0, 0.670299, -5e-06, 0.670299, 0.0, -0.742091, 0.008763, 0.0, 1.0, 0.0, 0.705314, 0.0, 0.0, 0.0, 1.0],
                [0.79003, 0.0, 0.613068, -5e-06, 0.613068, 0.0, -0.79003, 0.014948, 0.0, 1.0, 0.0, 0.705314, 0.0, 0.0, 0.0, 1.0],
                [0.841849, 0.0, 0.539713, -5e-06, 0.539713, 0.0, -0.841849, 0.023683, 0.0, 1.0, 0.0, 0.705314, 0.0, 0.0, 0.0, 1.0],
                [0.89359, 0.0, 0.448883, -5e-06, 0.448883, 0.0, -0.89359, 0.035399, 0.0, 1.0, 0.0, 0.705314, 0.0, 0.0, 0.0, 1.0],
                [0.940458, 0.0, 0.339909, -5e-06, 0.339909, 0.0, -0.940458, 0.050523, 0.0, 1.0, 0.0, 0.705314, 0.0, 0.0, 0.0, 1.0],
                [0.976985, 0.0, 0.213307, -5e-06, 0.213307, 0.0, -0.976985, 0.069486, 0.0, 1.0, 0.0, 0.705314, 0.0, 0.0, 0.0, 1.0],
                [0.997459, 0.0, 0.071249, -5e-06, 0.071249, 0.0, -0.997459, 0.092716, 0.0, 1.0, 0.0, 0.705314, 0.0, 0.0, 0.0, 1.0],
                [0.996618, 0.0, -0.082177, -5e-06, -0.082177, 0.0, -0.996618, 0.120642, 0.0, 1.0, 0.0, 0.705314, 0.0, 0.0, 0.0, 1.0],
                [0.970509, 0.0, -0.241065, -5e-06, -0.241065, 0.0, -0.970509, 0.153695, 0.0, 1.0, 0.0, 0.705314, 0.0, 0.0, 0.0, 1.0],
                [0.917276, 0.0, -0.398251, -5e-06, -0.398251, 0.0, -0.917276, 0.192302, 0.0, 1.0, 0.0, 0.705314, 0.0, 0.0, 0.0, 1.0],
                [0.837612, 0.0, -0.546266, -5e-06, -0.546266, 0.0, -0.837612, 0.236893, 0.0, 1.0, 0.0, 0.705314, 0.0, 0.0, 0.0, 1.0],
                [0.734668, 0.0, -0.678427, -5e-06, -0.678427, 0.0, -0.734668, 0.287898, 0.0, 1.0, 0.0, 0.705314, 0.0, 0.0, 0.0, 1.0],
                [0.613447, 0.0, -0.789735, -5e-06, -0.789735, 0.0, -0.613447, 0.345745, 0.0, 1.0, 0.0, 0.705314, 0.0, 0.0, 0.0, 1.0],
                [0.479868, 0.0, -0.877341, -5e-06, -0.877341, 0.0, -0.479868, 0.410863, 0.0, 1.0, 0.0, 0.705314, 0.0, 0.0, 0.0, 1.0],
                [0.339815, 0.0, -0.940492, -5e-06, -0.940492, 0.0, -0.339815, 0.483683, 0.0, 1.0, 0.0, 0.705314, 0.0, 0.0, 0.0, 1.0],
                [0.198414, 0.0, -0.980118, -5e-06, -0.980118, 0.0, -0.198414, 0.564632, 0.0, 1.0, 0.0, 0.705314, 0.0, 0.0, 0.0, 1.0],
                [0.059633, 0.0, -0.99822, -5e-06, -0.99822, 0.0, -0.059633, 0.654141, 0.0, 1.0, 0.0, 0.705314, 0.0, 0.0, 0.0, 1.0],
                [-0.073805, 0.0, -0.997273, -5e-06, -0.997273, 0.0, 0.073805, 0.752638, 0.0, 1.0, 0.0, 0.705314, 0.0, 0.0, 0.0, 1.0],
                [-0.200304, 0.0, -0.979734, -5e-06, -0.979734, 0.0, 0.200304, 0.860552, 0.0, 1.0, 0.0, 0.705314, 0.0, 0.0, 0.0, 1.0],
                [-0.319164, 0.0, -0.9477, -5e-06, -0.9477, 0.0, 0.319164, 0.978313, 0.0, 1.0, 0.0, 0.705314, 0.0, 0.0, 0.0, 1.0],
                [-0.430327, 0.0, -0.902673, -5e-06, -0.902673, 0.0, 0.430327, 1.10635, 0.0, 1.0, 0.0, 0.705314, 0.0, 0.0, 0.0, 1.0],
                [-0.534115, 0.0, -0.845412, -5e-06, -0.845412, 0.0, 0.534115, 1.245092, 0.0, 1.0, 0.0, 0.705314, 0.0, 0.0, 0.0, 1.0],
                [-0.630991, 0.0, -0.77579, -5e-06, -0.77579, 0.0, 0.630991, 1.394968, 0.0, 1.0, 0.0, 0.705314, 0.0, 0.0, 0.0, 1.0],
                [-0.721284, 0.0, -0.692639, -5e-06, -0.692639, 0.0, 0.721284, 1.556407, 0.0, 1.0, 0.0, 0.705314, 0.0, 0.0, 0.0, 1.0],
                [-0.805263, 0.0, -0.592918, -5e-06, -0.592918, 0.0, 0.805263, 1.729488, 0.0, 1.0, 0.0, 0.705314, 0.0, 0.0, 0.0, 1.0],
                [-0.881069, 0.0, -0.472988, -5e-06, -0.472988, 0.0, 0.881069, 1.912886, 0.0, 1.0, 0.0, 0.705314, 0.0, 0.0, 0.0, 1.0],
                [-0.943949, 0.0, -0.330089, -5e-06, -0.330089, 0.0, 0.943949, 2.104926, 0.0, 1.0, 0.0, 0.705314, 0.0, 0.0, 0.0, 1.0],
                [-0.9867, 0.0, -0.162557, -5e-06, -0.162557, 0.0, 0.9867, 2.303931, 0.0, 1.0, 0.0, 0.705314, 0.0, 0.0, 0.0, 1.0],
                [-0.999588, 0.0, 0.028699, -5e-06, 0.028699, 0.0, 0.999588, 2.508227, 0.0, 1.0, 0.0, 0.705314, 0.0, 0.0, 0.0, 1.0],
                [-0.971212, 0.0, 0.238216, -5e-06, 0.238216, 0.0, 0.971212, 2.716137, 0.0, 1.0, 0.0, 0.705314, 0.0, 0.0, 0.0, 1.0],
                [-0.890926, 0.0, 0.454148, -5e-06, 0.454148, 0.0, 0.890926, 2.925986, 0.0, 1.0, 0.0, 0.705314, 0.0, 0.0, 0.0, 1.0],
                [-0.753015, 0.0, 0.658004, -5e-06, 0.658004, 0.0, 0.753015, 3.136098, 0.0, 1.0, 0.0, 0.705314, 0.0, 0.0, 0.0, 1.0],
                [-0.561252, 0.0, 0.827644, -5e-06, 0.827644, 0.0, 0.561252, 3.344799, 0.0, 1.0, 0.0, 0.705314, 0.0, 0.0, 0.0, 1.0],
                [-0.330865, 0.0, 0.943678, -5e-06, 0.943678, 0.0, 0.330865, 3.550412, 0.0, 1.0, 0.0, 0.705314, 0.0, 0.0, 0.0, 1.0],
                [-0.08534, 0.0, 0.996352, -5e-06, 0.996352, 0.0, 0.08534, 3.751261, 0.0, 1.0, 0.0, 0.705314, 0.0, 0.0, 0.0, 1.0],
                [0.150874, 0.0, 0.988553, -5e-06, 0.988553, 0.0, -0.150874, 3.945671, 0.0, 1.0, 0.0, 0.705314, 0.0, 0.0, 0.0, 1.0],
                [0.359424, 0.0, 0.933174, -5e-06, 0.933174, 0.0, -0.359424, 4.131968, 0.0, 1.0, 0.0, 0.705314, 0.0, 0.0, 0.0, 1.0],
                [0.531118, 0.0, 0.847298, -5e-06, 0.847298, 0.0, -0.531118, 4.308474, 0.0, 1.0, 0.0, 0.705314, 0.0, 0.0, 0.0, 1.0],
                [0.664843, 0.0, 0.746983, -5e-06, 0.746983, 0.0, -0.664843, 4.473513, 0.0, 1.0, 0.0, 0.705314, 0.0, 0.0, 0.0, 1.0],
                [0.764537, 0.0, 0.64458, -5e-06, 0.64458, 0.0, -0.764537, 4.625412, 0.0, 1.0, 0.0, 0.705314, 0.0, 0.0, 0.0, 1.0],
                [0.836278, 0.0, 0.548306, -5e-06, 0.548306, 0.0, -0.836278, 4.762495, 0.0, 1.0, 0.0, 0.705314, 0.0, 0.0, 0.0, 1.0],
                [0.886348, 0.0, 0.46302, -5e-06, 0.46302, 0.0, -0.886348, 4.883084, 0.0, 1.0, 0.0, 0.705314, 0.0, 0.0, 0.0, 1.0],
                [0.920262, 0.0, 0.391303, -5e-06, 0.391303, 0.0, -0.920262, 4.985507, 0.0, 1.0, 0.0, 0.705314, 0.0, 0.0, 0.0, 1.0],
                [0.942428, 0.0, 0.33441, -5e-06, 0.33441, 0.0, -0.942428, 5.068084, 0.0, 1.0, 0.0, 0.705314, 0.0, 0.0, 0.0, 1.0],
                [0.956118, 0.0, 0.292981, -5e-06, 0.292981, 0.0, -0.956118, 5.129143, 0.0, 1.0, 0.0, 0.705314, 0.0, 0.0, 0.0, 1.0],
                [0.963548, 0.0, 0.267537, -5e-06, 0.267537, 0.0, -0.963548, 5.167007, 0.0, 1.0, 0.0, 0.705314, 0.0, 0.0, 0.0, 1.0],
                [0.965926, 0.0, 0.258819, -5e-06, 0.258819, 0.0, -0.965926, 5.18, 0.0, 1.0, 0.0, 0.705314, 0.0, 0.0, 0.0, 1.0],
                [0.965926, 0.0, 0.258819, -5e-06, 0.258819, 0.0, -0.965926, 5.18, 0.0, 1.0, 0.0, 0.705314, 0.0, 0.0, 0.0, 1.0],
                [0.965926, 0.0, 0.258819, -5e-06, 0.258819, 0.0, -0.965926, 5.18, 0.0, 1.0, 0.0, 0.705314, 0.0, 0.0, 0.0, 1.0],
                [0.965926, 0.0, 0.258819, -5e-06, 0.258819, 0.0, -0.965926, 5.18, 0.0, 1.0, 0.0, 0.705314, 0.0, 0.0, 0.0, 1.0],
                [0.965926, 0.0, 0.258819, -5e-06, 0.258819, 0.0, -0.965926, 5.18, 0.0, 1.0, 0.0, 0.705314, 0.0, 0.0, 0.0, 1.0],
                [0.965926, 0.0, 0.258819, -5e-06, 0.258819, 0.0, -0.965926, 5.18, 0.0, 1.0, 0.0, 0.705314, 0.0, 0.0, 0.0, 1.0],
                [0.965926, 0.0, 0.258819, -5e-06, 0.258819, 0.0, -0.965926, 5.18, 0.0, 1.0, 0.0, 0.705314, 0.0, 0.0, 0.0, 1.0],
                [0.965926, 0.0, 0.258819, -5e-06, 0.258819, 0.0, -0.965926, 5.18, 0.0, 1.0, 0.0, 0.705314, 0.0, 0.0, 0.0, 1.0],
                [0.965926, 0.0, 0.258819, -5e-06, 0.258819, 0.0, -0.965926, 5.18, 0.0, 1.0, 0.0, 0.705314, 0.0, 0.0, 0.0, 1.0],
                [0.965926, 0.0, 0.258819, -5e-06, 0.258819, 0.0, -0.965926, 5.18, 0.0, 1.0, 0.0, 0.705314, 0.0, 0.0, 0.0, 1.0],
                [0.965926, 0.0, 0.258819, -5e-06, 0.258819, 0.0, -0.965926, 5.18, 0.0, 1.0, 0.0, 0.705314, 0.0, 0.0, 0.0, 1.0],
                [0.965926, 0.0, 0.258819, -5e-06, 0.258819, 0.0, -0.965926, 5.18, 0.0, 1.0, 0.0, 0.705314, 0.0, 0.0, 0.0, 1.0],
                [0.965926, 0.0, 0.258819, -5e-06, 0.258819, 0.0, -0.965926, 5.18, 0.0, 1.0, 0.0, 0.705314, 0.0, 0.0, 0.0, 1.0],
                [0.965926, 0.0, 0.258819, -5e-06, 0.258819, 0.0, -0.965926, 5.18, 0.0, 1.0, 0.0, 0.705314, 0.0, 0.0, 0.0, 1.0],
                [0.965926, 0.0, 0.258819, -5e-06, 0.258819, 0.0, -0.965926, 5.18, 0.0, 1.0, 0.0, 0.705314, 0.0, 0.0, 0.0, 1.0],
                [0.965926, 0.0, 0.258819, -5e-06, 0.258819, 0.0, -0.965926, 5.18, 0.0, 1.0, 0.0, 0.705314, 0.0, 0.0, 0.0, 1.0],
                [0.965926, 0.0, 0.258819, -5e-06, 0.258819, 0.0, -0.965926, 5.18, 0.0, 1.0, 0.0, 0.705314, 0.0, 0.0, 0.0, 1.0],
                [0.965926, 0.0, 0.258819, -5e-06, 0.258819, 0.0, -0.965926, 5.18, 0.0, 1.0, 0.0, 0.705314, 0.0, 0.0, 0.0, 1.0],
                [0.965926, 0.0, 0.258819, -5e-06, 0.258819, 0.0, -0.965926, 5.18, 0.0, 1.0, 0.0, 0.705314, 0.0, 0.0, 0.0, 1.0],
                [0.965926, 0.0, 0.258819, -5e-06, 0.258819, 0.0, -0.965926, 5.18, 0.0, 1.0, 0.0, 0.705314, 0.0, 0.0, 0.0, 1.0],
                [0.965926, 0.0, 0.258819, -5e-06, 0.258819, 0.0, -0.965926, 5.18, 0.0, 1.0, 0.0, 0.705314, 0.0, 0.0, 0.0, 1.0],
                [0.965926, 0.0, 0.258819, -5e-06, 0.258819, 0.0, -0.965926, 5.18, 0.0, 1.0, 0.0, 0.705314, 0.0, 0.0, 0.0, 1.0],
                [0.965926, 0.0, 0.258819, -5e-06, 0.258819, 0.0, -0.965926, 5.18, 0.0, 1.0, 0.0, 0.705314, 0.0, 0.0, 0.0, 1.0],
                [0.965926, 0.0, 0.258819, -5e-06, 0.258819, 0.0, -0.965926, 5.18, 0.0, 1.0, 0.0, 0.705314, 0.0, 0.0, 0.0, 1.0],
                [0.965926, 0.0, 0.258819, -5e-06, 0.258819, 0.0, -0.965926, 5.18, 0.0, 1.0, 0.0, 0.705314, 0.0, 0.0, 0.0, 1.0],
                [0.965926, 0.0, 0.258819, -5e-06, 0.258819, 0.0, -0.965926, 5.18, 0.0, 1.0, 0.0, 0.705314, 0.0, 0.0, 0.0, 1.0],
                [0.965926, 0.0, 0.258819, -5e-06, 0.258819, 0.0, -0.965926, 5.18, 0.0, 1.0, 0.0, 0.705314, 0.0, 0.0, 0.0, 1.0],
                [0.965926, 0.0, 0.258819, -5e-06, 0.258819, 0.0, -0.965926, 5.18, 0.0, 1.0, 0.0, 0.705314, 0.0, 0.0, 0.0, 1.0],
                [0.965926, 0.0, 0.258819, -5e-06, 0.258819, 0.0, -0.965926, 5.18, 0.0, 1.0, 0.0, 0.705314, 0.0, 0.0, 0.0, 1.0],
                [0.965926, 0.0, 0.258819, -5e-06, 0.258819, 0.0, -0.965926, 5.18, 0.0, 1.0, 0.0, 0.705314, 0.0, 0.0, 0.0, 1.0],
                [0.965926, 0.0, 0.258819, -5e-06, 0.258819, 0.0, -0.965926, 5.18, 0.0, 1.0, 0.0, 0.705314, 0.0, 0.0, 0.0, 1.0],
                [0.965926, 0.0, 0.258819, -5e-06, 0.258819, 0.0, -0.965926, 5.18, 0.0, 1.0, 0.0, 0.705314, 0.0, 0.0, 0.0, 1.0],
                [0.965926, 0.0, 0.258819, -5e-06, 0.258819, 0.0, -0.965926, 5.18, 0.0, 1.0, 0.0, 0.705314, 0.0, 0.0, 0.0, 1.0],
                [0.965926, 0.0, 0.258819, -5e-06, 0.258819, 0.0, -0.965926, 5.18, 0.0, 1.0, 0.0, 0.705314, 0.0, 0.0, 0.0, 1.0],
                [0.965926, 0.0, 0.258819, -5e-06, 0.258819, 0.0, -0.965926, 5.18, 0.0, 1.0, 0.0, 0.705314, 0.0, 0.0, 0.0, 1.0],
                [0.965926, 0.0, 0.258819, -5e-06, 0.258819, 0.0, -0.965926, 5.18, 0.0, 1.0, 0.0, 0.705314, 0.0, 0.0, 0.0, 1.0],
                [0.965926, 0.0, 0.258819, -5e-06, 0.258819, 0.0, -0.965926, 5.18, 0.0, 1.0, 0.0, 0.705314, 0.0, 0.0, 0.0, 1.0],
                [0.965926, 0.0, 0.258819, -5e-06, 0.258819, 0.0, -0.965926, 5.18, 0.0, 1.0, 0.0, 0.705314, 0.0, 0.0, 0.0, 1.0],
                [0.965926, 0.0, 0.258819, -5e-06, 0.258819, 0.0, -0.965926, 5.18, 0.0, 1.0, 0.0, 0.705314, 0.0, 0.0, 0.0, 1.0],
                [0.965926, 0.0, 0.258819, -5e-06, 0.258819, 0.0, -0.965926, 5.18, 0.0, 1.0, 0.0, 0.705314, 0.0, 0.0, 0.0, 1.0],
                [0.965926, 0.0, 0.258819, -5e-06, 0.258819, 0.0, -0.965926, 5.18, 0.0, 1.0, 0.0, 0.705314, 0.0, 0.0, 0.0, 1.0],
                [0.965926, 0.0, 0.258819, -5e-06, 0.258819, 0.0, -0.965926, 5.18, 0.0, 1.0, 0.0, 0.705314, 0.0, 0.0, 0.0, 1.0],
                [0.965926, 0.0, 0.258819, -5e-06, 0.258819, 0.0, -0.965926, 5.18, 0.0, 1.0, 0.0, 0.705314, 0.0, 0.0, 0.0, 1.0],
                [0.965926, 0.0, 0.258819, -5e-06, 0.258819, 0.0, -0.965926, 5.18, 0.0, 1.0, 0.0, 0.705314, 0.0, 0.0, 0.0, 1.0],
                [0.965926, 0.0, 0.258819, -5e-06, 0.258819, 0.0, -0.965926, 5.18, 0.0, 1.0, 0.0, 0.705314, 0.0, 0.0, 0.0, 1.0],
                [0.965926, 0.0, 0.258819, -5e-06, 0.258819, 0.0, -0.965926, 5.18, 0.0, 1.0, 0.0, 0.705314, 0.0, 0.0, 0.0, 1.0],
                [0.965926, 0.0, 0.258819, -5e-06, 0.258819, 0.0, -0.965926, 5.18, 0.0, 1.0, 0.0, 0.705314, 0.0, 0.0, 0.0, 1.0],
                [0.964404, 0.0, 0.264432, 5e-06, 0.264432, 0.0, -0.964404, 5.178528, 0.0, 1.0, 0.0, 0.705243, 0.0, 0.0, 0.0, 1.0],
                [0.959922, 0.0, 0.280268, 3.3e-05, 0.280268, 0.0, -0.959922, 5.174192, 0.0, 1.0, 0.0, 0.705031, 0.0, 0.0, 0.0, 1.0],
                [0.952422, 0.0, 0.304784, 7.9e-05, 0.304784, 0.0, -0.952422, 5.167111, 0.0, 1.0, 0.0, 0.704679, 0.0, 0.0, 0.0, 1.0],
                [0.941727, 0.0, 0.336378, 0.000143, 0.336378, 0.0, -0.941727, 5.157404, 0.0, 1.0, 0.0, 0.70419, 0.0, 0.0, 0.0, 1.0],
                [0.927672, 0.0, 0.373395, 0.000224, 0.373395, 0.0, -0.927672, 5.145191, 0.0, 1.0, 0.0, 0.703566, 0.0, 0.0, 0.0, 1.0],
                [0.910216, 0.0, 0.414134, 0.000321, 0.414134, 0.0, -0.910216, 5.130591, 0.0, 1.0, 0.0, 0.702808, 0.0, 0.0, 0.0, 1.0],
                [0.889523, 0.0, 0.45689, 0.000434, 0.45689, 0.0, -0.889523, 5.113724, 0.0, 1.0, 0.0, 0.701918, 0.0, 0.0, 0.0, 1.0],
                [0.866025, 0.0, 0.5, 0.000563, 0.5, 0.0, -0.866025, 5.094709, 0.0, 1.0, 0.0, 0.700898, 0.0, 0.0, 0.0, 1.0],
                [0.84044, 0.0, 0.541904, 0.000706, 0.541904, 0.0, -0.84044, 5.073664, 0.0, 1.0, 0.0, 0.699751, 0.0, 0.0, 0.0, 1.0],
                [0.813759, 0.0, 0.581203, 0.000864, 0.581203, 0.0, -0.813759, 5.05071, 0.0, 1.0, 0.0, 0.698478, 0.0, 0.0, 0.0, 1.0],
                [0.787206, 0.0, 0.61669, 0.001036, 0.61669, 0.0, -0.787206, 5.025966, 0.0, 1.0, 0.0, 0.69708, 0.0, 0.0, 0.0, 1.0],
                [0.762176, 0.0, 0.64737, 0.001221, 0.64737, 0.0, -0.762176, 4.999552, 0.0, 1.0, 0.0, 0.69556, 0.0, 0.0, 0.0, 1.0],
                [0.740161, 0.0, 0.67243, 0.001419, 0.67243, 0.0, -0.740161, 4.971585, 0.0, 1.0, 0.0, 0.69392, 0.0, 0.0, 0.0, 1.0],
                [0.72268, 0.0, 0.691183, 0.00163, 0.691183, 0.0, -0.72268, 4.942186, 0.0, 1.0, 0.0, 0.692162, 0.0, 0.0, 0.0, 1.0],
                [0.711207, 0.0, 0.702983, 0.001852, 0.702983, 0.0, -0.711207, 4.911475, 0.0, 1.0, 0.0, 0.690287, 0.0, 0.0, 0.0, 1.0],
                [0.707107, 0.0, 0.707107, 0.002085, 0.707107, 0.0, -0.707107, 4.87957, 0.0, 1.0, 0.0, 0.688297, 0.0, 0.0, 0.0, 1.0],
                [0.707107, 0.0, 0.707107, 0.00233, 0.707107, 0.0, -0.707107, 4.846592, 0.0, 1.0, 0.0, 0.686195, 0.0, 0.0, 0.0, 1.0],
                [0.707107, 0.0, 0.707107, 0.002584, 0.707107, 0.0, -0.707107, 4.812658, 0.0, 1.0, 0.0, 0.683982, 0.0, 0.0, 0.0, 1.0],
                [0.707107, 0.0, 0.707107, 0.002848, 0.707107, 0.0, -0.707107, 4.777889, 0.0, 1.0, 0.0, 0.68166, 0.0, 0.0, 0.0, 1.0],
                [0.707107, 0.0, 0.707107, 0.003121, 0.707107, 0.0, -0.707107, 4.742404, 0.0, 1.0, 0.0, 0.679231, 0.0, 0.0, 0.0, 1.0],
                [0.707107, 0.0, 0.707107, 0.003403, 0.707107, 0.0, -0.707107, 4.706322, 0.0, 1.0, 0.0, 0.676696, 0.0, 0.0, 0.0, 1.0],
                [0.707107, 0.0, 0.707107, 0.003693, 0.707107, 0.0, -0.707107, 4.669763, 0.0, 1.0, 0.0, 0.674058, 0.0, 0.0, 0.0, 1.0],
                [0.707107, 0.0, 0.707107, 0.003991, 0.707107, 0.0, -0.707107, 4.632845, 0.0, 1.0, 0.0, 0.671319, 0.0, 0.0, 0.0, 1.0],
                [0.707107, 0.0, 0.707107, 0.004295, 0.707107, 0.0, -0.707107, 4.595689, 0.0, 1.0, 0.0, 0.668481, 0.0, 0.0, 0.0, 1.0],
                [0.707107, 0.0, 0.707107, 0.004607, 0.707107, 0.0, -0.707107, 4.558414, 0.0, 1.0, 0.0, 0.665545, 0.0, 0.0, 0.0, 1.0],
                [0.707107, 0.0, 0.707107, 0.004924, 0.707107, 0.0, -0.707107, 4.521139, 0.0, 1.0, 0.0, 0.662513, 0.0, 0.0, 0.0, 1.0],
                [0.707107, 0.0, 0.707107, 0.005247, 0.707107, 0.0, -0.707107, 4.483983, 0.0, 1.0, 0.0, 0.659387, 0.0, 0.0, 0.0, 1.0],
                [0.707107, 0.0, 0.707107, 0.005574, 0.707107, 0.0, -0.707107, 4.447066, 0.0, 1.0, 0.0, 0.65617, 0.0, 0.0, 0.0, 1.0],
                [0.707107, 0.0, 0.707107, 0.005907, 0.707107, 0.0, -0.707107, 4.410507, 0.0, 1.0, 0.0, 0.652862, 0.0, 0.0, 0.0, 1.0],
                [0.707107, 0.0, 0.707107, 0.006243, 0.707107, 0.0, -0.707107, 4.374425, 0.0, 1.0, 0.0, 0.649467, 0.0, 0.0, 0.0, 1.0],
                [0.707107, 0.0, 0.707107, 0.006582, 0.707107, 0.0, -0.707107, 4.33894, 0.0, 1.0, 0.0, 0.645985, 0.0, 0.0, 0.0, 1.0],
                [0.707107, 0.0, 0.707107, 0.006925, 0.707107, 0.0, -0.707107, 4.304171, 0.0, 1.0, 0.0, 0.642418, 0.0, 0.0, 0.0, 1.0],
                [0.707107, 0.0, 0.707107, 0.007269, 0.707107, 0.0, -0.707107, 4.270237, 0.0, 1.0, 0.0, 0.63877, 0.0, 0.0, 0.0, 1.0],
                [0.707107, 0.0, 0.707107, 0.007616, 0.707107, 0.0, -0.707107, 4.237258, 0.0, 1.0, 0.0, 0.63504, 0.0, 0.0, 0.0, 1.0],
                [0.707107, 0.0, 0.707107, 0.007964, 0.707107, 0.0, -0.707107, 4.205354, 0.0, 1.0, 0.0, 0.631239, 0.0, 0.0, 0.0, 1.0],
                [0.707107, 0.0, 0.707107, 0.008313, 0.707107, 0.0, -0.707107, 4.174643, 0.0, 1.0, 0.0, 0.627398, 0.0, 0.0, 0.0, 1.0],
                [0.707107, 0.0, 0.707107, 0.008662, 0.707107, 0.0, -0.707107, 4.145244, 0.0, 1.0, 0.0, 0.623556, 0.0, 0.0, 0.0, 1.0],
                [0.707107, 0.0, 0.707107, 0.00901, 0.707107, 0.0, -0.707107, 4.117278, 0.0, 1.0, 0.0, 0.619754, 0.0, 0.0, 0.0, 1.0],
                [0.707107, 0.0, 0.707107, 0.009358, 0.707107, 0.0, -0.707107, 4.090862, 0.0, 1.0, 0.0, 0.616031, 0.0, 0.0, 0.0, 1.0],
                [0.707107, 0.0, 0.707107, 0.009705, 0.707107, 0.0, -0.707107, 4.066119, 0.0, 1.0, 0.0, 0.612425, 0.0, 0.0, 0.0, 1.0],
                [0.707107, 0.0, 0.707107, 0.010049, 0.707107, 0.0, -0.707107, 4.043165, 0.0, 1.0, 0.0, 0.608976, 0.0, 0.0, 0.0, 1.0],
                [0.707107, 0.0, 0.707107, 0.010392, 0.707107, 0.0, -0.707107, 4.02212, 0.0, 1.0, 0.0, 0.605724, 0.0, 0.0, 0.0, 1.0],
                [0.707107, 0.0, 0.707107, 0.010731, 0.707107, 0.0, -0.707107, 4.003105, 0.0, 1.0, 0.0, 0.602707, 0.0, 0.0, 0.0, 1.0],
                [0.707107, 0.0, 0.707107, 0.011068, 0.707107, 0.0, -0.707107, 3.986237, 0.0, 1.0, 0.0, 0.599965, 0.0, 0.0, 0.0, 1.0],
                [0.707107, 0.0, 0.707107, 0.0114, 0.707107, 0.0, -0.707107, 3.971637, 0.0, 1.0, 0.0, 0.597537, 0.0, 0.0, 0.0, 1.0],
                [0.707107, 0.0, 0.707107, 0.011727, 0.707107, 0.0, -0.707107, 3.959424, 0.0, 1.0, 0.0, 0.595462, 0.0, 0.0, 0.0, 1.0],
                [0.707107, 0.0, 0.707107, 0.01205, 0.707107, 0.0, -0.707107, 3.949718, 0.0, 1.0, 0.0, 0.59378, 0.0, 0.0, 0.0, 1.0],
                [0.707107, 0.0, 0.707107, 0.012367, 0.707107, 0.0, -0.707107, 3.942637, 0.0, 1.0, 0.0, 0.59253, 0.0, 0.0, 0.0, 1.0],
                [0.707107, 0.0, 0.707107, 0.012679, 0.707107, 0.0, -0.707107, 3.938301, 0.0, 1.0, 0.0, 0.591751, 0.0, 0.0, 0.0, 1.0],
                [0.707107, 0.0, 0.707107, 0.012983, 0.707107, 0.0, -0.707107, 3.936829, 0.0, 1.0, 0.0, 0.591483, 0.0, 0.0, 0.0, 1.0],
                [0.707107, 0.0, 0.707107, 0.013281, 0.707107, 0.0, -0.707107, 3.938779, 0.0, 1.0, 0.0, 0.592144, 0.0, 0.0, 0.0, 1.0],
                [0.707107, 0.0, 0.707107, 0.013571, 0.707107, 0.0, -0.707107, 3.944398, 0.0, 1.0, 0.0, 0.59405, 0.0, 0.0, 0.0, 1.0],
                [0.707107, 0.0, 0.707107, 0.013853, 0.707107, 0.0, -0.707107, 3.953335, 0.0, 1.0, 0.0, 0.597081, 0.0, 0.0, 0.0, 1.0],
                [0.707107, 0.0, 0.707107, 0.014126, 0.707107, 0.0, -0.707107, 3.965242, 0.0, 1.0, 0.0, 0.601119, 0.0, 0.0, 0.0, 1.0],
                [0.707107, 0.0, 0.707107, 0.01439, 0.707107, 0.0, -0.707107, 3.979769, 0.0, 1.0, 0.0, 0.606046, 0.0, 0.0, 0.0, 1.0],
                [0.707107, 0.0, 0.707107, 0.014645, 0.707107, 0.0, -0.707107, 3.996566, 0.0, 1.0, 0.0, 0.611743, 0.0, 0.0, 0.0, 1.0],
                [0.707107, 0.0, 0.707107, 0.014889, 0.707107, 0.0, -0.707107, 4.015285, 0.0, 1.0, 0.0, 0.618092, 0.0, 0.0, 0.0, 1.0],
                [0.707107, 0.0, 0.707107, 0.015122, 0.707107, 0.0, -0.707107, 4.035576, 0.0, 1.0, 0.0, 0.624974, 0.0, 0.0, 0.0, 1.0],
                [0.707107, 0.0, 0.707107, 0.015344, 0.707107, 0.0, -0.707107, 4.05709, 0.0, 1.0, 0.0, 0.632271, 0.0, 0.0, 0.0, 1.0],
                [0.707107, 0.0, 0.707107, 0.015555, 0.707107, 0.0, -0.707107, 4.079477, 0.0, 1.0, 0.0, 0.639864, 0.0, 0.0, 0.0, 1.0],
                [0.707107, 0.0, 0.707107, 0.015753, 0.707107, 0.0, -0.707107, 4.102388, 0.0, 1.0, 0.0, 0.647634, 0.0, 0.0, 0.0, 1.0],
                [0.707107, 0.0, 0.707107, 0.015938, 0.707107, 0.0, -0.707107, 4.125474, 0.0, 1.0, 0.0, 0.655464, 0.0, 0.0, 0.0, 1.0],
                [0.707107, 0.0, 0.707107, 0.01611, 0.707107, 0.0, -0.707107, 4.148385, 0.0, 1.0, 0.0, 0.663235, 0.0, 0.0, 0.0, 1.0],
                [0.707107, 0.0, 0.707107, 0.016268, 0.707107, 0.0, -0.707107, 4.170772, 0.0, 1.0, 0.0, 0.670827, 0.0, 0.0, 0.0, 1.0],
                [0.707107, 0.0, 0.707107, 0.016412, 0.707107, 0.0, -0.707107, 4.192286, 0.0, 1.0, 0.0, 0.678124, 0.0, 0.0, 0.0, 1.0],
                [0.707107, 0.0, 0.707107, 0.01654, 0.707107, 0.0, -0.707107, 4.212577, 0.0, 1.0, 0.0, 0.685006, 0.0, 0.0, 0.0, 1.0],
                [0.707107, 0.0, 0.707107, 0.016653, 0.707107, 0.0, -0.707107, 4.231296, 0.0, 1.0, 0.0, 0.691355, 0.0, 0.0, 0.0, 1.0],
                [0.707107, 0.0, 0.707107, 0.016751, 0.707107, 0.0, -0.707107, 4.248093, 0.0, 1.0, 0.0, 0.697052, 0.0, 0.0, 0.0, 1.0],
                [0.707107, 0.0, 0.707107, 0.016831, 0.707107, 0.0, -0.707107, 4.26262, 0.0, 1.0, 0.0, 0.701979, 0.0, 0.0, 0.0, 1.0],
                [0.707107, 0.0, 0.707107, 0.016895, 0.707107, 0.0, -0.707107, 4.274527, 0.0, 1.0, 0.0, 0.706017, 0.0, 0.0, 0.0, 1.0],
                [0.707107, 0.0, 0.707107, 0.016941, 0.707107, 0.0, -0.707107, 4.283464, 0.0, 1.0, 0.0, 0.709048, 0.0, 0.0, 0.0, 1.0],
                [0.707107, 0.0, 0.707107, 0.016969, 0.707107, 0.0, -0.707107, 4.289083, 0.0, 1.0, 0.0, 0.710954, 0.0, 0.0, 0.0, 1.0],
                [0.707107, 0.0, 0.707107, 0.016979, 0.707107, 0.0, -0.707107, 4.291033, 0.0, 1.0, 0.0, 0.711615, 0.0, 0.0, 0.0, 1.0],
                [0.707107, 0.0, 0.707107, 0.016979, 0.707107, 0.0, -0.707107, 4.291033, 0.0, 1.0, 0.0, 0.711615, 0.0, 0.0, 0.0, 1.0]
            ]
        },
        {
            "name": "Thigh_R",
            "time": [0.0, 0.0167, 0.0333, 0.05, 0.0667, 0.0833, 0.1, 0.1167, 0.1333, 0.15, 0.1667, 0.1833, 0.2, 0.2167, 0.2333, 0.25, 0.2667, 0.2833, 0.3, 0.3167, 0.3333, 0.35, 0.3667, 0.3833, 0.4, 0.4167, 0.4333, 0.45, 0.4667, 0.4833, 0.5, 0.5167, 0.5333, 0.55, 0.5667, 0.5833, 0.6, 0.6167, 0.6333, 0.65, 0.6667, 0.6833, 0.7, 0.7167, 0.7333, 0.75, 0.7667, 0.7833, 0.8, 0.8167, 0.8333, 0.85, 0.8667, 0.8833, 0.9, 0.9167, 0.9333, 0.95, 0.9667, 0.9833, 1.0, 1.0167, 1.0333, 1.05, 1.0667, 1.0833, 1.1, 1.1167, 1.1333, 1.15, 1.1667, 1.1833, 1.2, 1.2167, 1.2333, 1.25, 1.2667, 1.2833, 1.3, 1.3167, 1.3333, 1.35, 1.3667, 1.3833, 1.4, 1.4167, 1.4333, 1.45, 1.4667, 1.4833, 1.5, 1.5167, 1.5333, 1.55, 1.5667, 1.5833, 1.6, 1.6167, 1.6333, 1.65, 1.6667, 1.6833, 1.7, 1.7167, 1.7333, 1.75, 1.7667, 1.7833, 1.8, 1.8167, 1.8333, 1.85, 1.8667, 1.8833, 1.9, 1.9167, 1.9333, 1.95, 1.9667, 1.9833, 2.0, 2.0167, 2.0333, 2.05, 2.0667, 2.0833, 2.1, 2.1167, 2.1333, 2.15, 2.1667, 2.1833, 2.2, 2.2167, 2.2333, 2.25, 2.2667, 2.2833, 2.3, 2.3167, 2.3333, 2.35, 2.3667, 2.3833, 2.4, 2.4167, 2.4333, 2.45, 2.4667, 2.4833, 2.5, 2.5167, 2.5333, 2.55, 2.5667, 2.5833, 2.6, 2.6167, 2.6333, 2.65, 2.6667, 2.6833, 2.7, 2.7167, 2.7333, 2.75, 2.7667, 2.7833, 2.8, 2.8167, 2.8333, 2.85, 2.8667, 2.8833, 2.9, 2.9167, 2.9333],
            "transform": [
                [0.659418, -0.314417, 0.682869, 0.124994, 0.067997, -0.879672, -0.470693, -0.002831, 0.748695, 0.356817, -0.558693, -1.2e-05, 0.0, 0.0, 0.0, 1.0],
                [0.659418, -0.314264, 0.682939, 0.124994, 0.067997, -0.879777, -0.470497, -0.002831, 0.748695, 0.356692, -0.558772, -1.2e-05, 0.0, 0.0, 0.0, 1.0],
                [0.659418, -0.313823, 0.683142, 0.124994, 0.067997, -0.880082, -0.469928, -0.002831, 0.748695, 0.35633, -0.559003, -1.2e-05, 0.0, 0.0, 0.0, 1.0],
                [0.659418, -0.313114, 0.683467, 0.124994, 0.067997, -0.880568, -0.469015, -0.002831, 0.748695, 0.355751, -0.559372, -1.2e-05, 0.0, 0.0, 0.0, 1.0],
                [0.659418, -0.312161, 0.683903, 0.124994, 0.067997, -0.881221, -0.467788, -0.002831, 0.748695, 0.354971, -0.559867, -1.2e-05, 0.0, 0.0, 0.0, 1.0],
                [0.659418, -0.310987, 0.684438, 0.124994, 0.067997, -0.882023, -0.466275, -0.002831, 0.748695, 0.354009, -0.560476, -1.2e-05, 0.0, 0.0, 0.0, 1.0],
                [0.659418, -0.309613, 0.68506, 0.124994, 0.067997, -0.882956, -0.464504, -0.002831, 0.748695, 0.352884, -0.561185, -1.2e-05, 0.0, 0.0, 0.0, 1.0],
                [0.659418, -0.308063, 0.685759, 0.124994, 0.067997, -0.884005, -0.462505, -0.002831, 0.748695, 0.351614, -0.561982, -1.2e-05, 0.0, 0.0, 0.0, 1.0],
                [0.659418, -0.306357, 0.686522, 0.124994, 0.067997, -0.885152, -0.460307, -0.002831, 0.748695, 0.350216, -0.562854, -1.2e-05, 0.0, 0.0, 0.0, 1.0],
                [0.659418, -0.30452, 0.687339, 0.124994, 0.067997, -0.88638, -0.457938, -0.002831, 0.748695, 0.348709, -0.563789, -1.2e-05, 0.0, 0.0, 0.0, 1.0],
                [0.659418, -0.302573, 0.688198, 0.124994, 0.067997, -0.887672, -0.455427, -0.002831, 0.748695, 0.347112, -0.564773, -1.2e-05, 0.0, 0.0, 0.0, 1.0],
                [0.659418, -0.30054, 0.689089, 0.124994, 0.067997, -0.889013, -0.452804, -0.002831, 0.748695, 0.345443, -0.565796, -1.2e-05, 0.0, 0.0, 0.0, 1.0],
                [0.659418, -0.298444, 0.689999, 0.124994, 0.067997, -0.890386, -0.450099, -0.002831, 0.748695, 0.343721, -0.566843, -1.2e-05, 0.0, 0.0, 0.0, 1.0],
                [0.659418, -0.296307, 0.69092, 0.124994, 0.067997, -0.891775, -0.447341, -0.002831, 0.748695, 0.341965, -0.567905, -1.2e-05, 0.0, 0.0, 0.0, 1.0],
                [0.659418, -0.294153, 0.69184, 0.124994, 0.067997, -0.893164, -0.444561, -0.002831, 0.748695, 0.340194, -0.568967, -1.2e-05, 0.0, 0.0, 0.0, 1.0],
                [0.659418, -0.292006, 0.692748, 0.124994, 0.067997, -0.894538, -0.441789, -0.002831, 0.748695, 0.338428, -0.570019, -1.2e-05, 0.0, 0.0, 0.0, 1.0],
                [0.659418, -0.28989, 0.693637, 0.124994, 0.067997, -0.895883, -0.439056, -0.002831, 0.748695, 0.336687, -0.57105, -1.2e-05, 0.0, 0.0, 0.0, 1.0],
                [0.659418, -0.287828, 0.694495, 0.124994, 0.067997, -0.897183, -0.436393, -0.002831, 0.748695, 0.334989, -0.572047, -1.2e-05, 0.0, 0.0, 0.0, 1.0],
                [0.659418, -0.285846, 0.695313, 0.124994, 0.067997, -0.898424, -0.433832, -0.002831, 0.748695, 0.333356, -0.573001, -1.2e-05, 0.0, 0.0, 0.0, 1.0],
                [0.659418, -0.283967, 0.696082, 0.124994, 0.067997, -0.899592, -0.431404, -0.002831, 0.748695, 0.331807, -0.573899, -1.2e-05, 0.0, 0.0, 0.0, 1.0],
                [0.659418, -0.282217, 0.696794, 0.124994, 0.067997, -0.900674, -0.429142, -0.002831, 0.748695, 0.330364, -0.574731, -1.2e-05, 0.0, 0.0, 0.0, 1.0],
                [0.659418, -0.280619, 0.697439, 0.124994, 0.067997, -0.901655, -0.427077, -0.002831, 0.748695, 0.329046, -0.575486, -1.2e-05, 0.0, 0.0, 0.0, 1.0],
                [0.659418, -0.279199, 0.698008, 0.124994, 0.067997, -0.902522, -0.425241, -0.002831, 0.748695, 0.327874, -0.576155, -1.2e-05, 0.0, 0.0, 0.0, 1.0],
                [0.659418, -0.277982, 0.698494, 0.124994, 0.067997, -0.903262, -0.423667, -0.002831, 0.748695, 0.326869, -0.576726, -1.2e-05, 0.0, 0.0, 0.0, 1.0],
                [0.659418, -0.276992, 0.698887, 0.124994, 0.067997, -0.903861, -0.422387, -0.002831, 0.748695, 0.326052, -0.577188, -1.2e-05, 0.0, 0.0, 0.0, 1.0],
                [0.659418, -0.276255, 0.699179, 0.124994, 0.067997, -0.904306, -0.421433, -0.002831, 0.748695, 0.325443, -0.577532, -1.2e-05, 0.0, 0.0, 0.0, 1.0],
                [0.659418, -0.275795, 0.69936, 0.124994, 0.067997, -0.904584, -0.420838, -0.002831, 0.748695, 0.325062, -0.577746, -1.2e-05, 0.0, 0.0, 0.0, 1.0],
                [0.659418, -0.275636, 0.699423, 0.124994, 0.067997, -0.904679, -0.420632, -0.002831, 0.748695, 0.324931, -0.57782, -1.2e-05, 0.0, 0.0, 0.0, 1.0],
                [0.659418, -0.281802, 0.696962, 0.124994, 0.067997, -0.900929, -0.428606, -0.002831, 0.748695, 0.330022, -0.574927, -1.2e-05, 0.0, 0.0, 0.0, 1.0],
                [0.659418, -0.29523, 0.691381, 0.124994, 0.067997, -0.89247, -0.445952, -0.002831, 0.748695, 0.34108, -0.568436, -1.2e-05, 0.0, 0.0, 0.0, 1.0],
                [0.659418, -0.308466, 0.685578, 0.124994, 0.067997, -0.883733, -0.463025, -0.002831, 0.748695, 0.351944, -0.561775, -1.2e-05, 0.0, 0.0, 0.0, 1.0],
                [0.659418, -0.314416, 0.682869, 0.124994, 0.067997, -0.879673, -0.470693, -0.002831, 0.748695, 0.356816, -0.558693, -1.2e-05, 0.0, 0.0, 0.0, 1.0],
                [0.659418, -0.307724, 0.685911, 0.124994, 0.067997, -0.884233, -0.462068, -0.002831, 0.748695, 0.351336, -0.562155, -1.2e-05, 0.0, 0.0, 0.0, 1.0],
                [0.659418, -0.288338, 0.694283, 0.124994, 0.067997, -0.896862, -0.437051, -0.002831, 0.748695, 0.335409, -0.571801, -1.2e-05, 0.0, 0.0, 0.0, 1.0],
                [0.659418, -0.257024, 0.706475, 0.124994, 0.067997, -0.915497, -0.396536, -0.002831, 0.748695, 0.309521, -0.586219, -1.2e-05, 0.0, 0.0, 0.0, 1.0],
                [0.659418, -0.2144, 0.720556, 0.124994, 0.067997, -0.937532, -0.341188, -0.002831, 0.748695, 0.273981, -0.603647, -1.2e-05, 0.0, 0.0, 0.0, 1.0],
                [0.659418, -0.161204, 0.73429, 0.124994, 0.067997, -0.959946, -0.271807, -0.002831, 0.748695, 0.229164, -0.622045, -1.2e-05, 0.0, 0.0, 0.0, 1.0],
                [0.659418, -0.098538, 0.745291, 0.124994, 0.067997, -0.979491, -0.189665, -0.002831, 0.748695, 0.175746, -0.639194, -1.2e-05, 0.0, 0.0, 0.0, 1.0],
                [0.659418, -0.028052, 0.751253, 0.124994, 0.067997, -0.992982, -0.096762, -0.002831, 0.748695, 0.11489, -0.652883, -1.2e-05, 0.0, 0.0, 0.0, 1.0],
                [0.659418, 0.047991, 0.750243, 0.124994, 0.067997, -0.997677, 0.004053, -0.002831, 0.748695, 0.048341, -0.66115, -1.2e-05, 0.0, 0.0, 0.0, 1.0],
                [0.659418, 0.126791, 0.741007, 0.124994, 0.067997, -0.991694, 0.109176, -0.002831, 0.748695, -0.021606, -0.662562, -1.2e-05, 0.0, 0.0, 0.0, 1.0],
                [0.659418, 0.205254, 0.723214, 0.124994, 0.067997, -0.974347, 0.21453, -0.002831, 0.748695, -0.092289, -0.656459, -1.2e-05, 0.0, 0.0, 0.0, 1.0],
                [0.659418, 0.28033, 0.697555, 0.124994, 0.067997, -0.946312, 0.316021, -0.002831, 0.748695, -0.160959, -0.643077, -1.2e-05, 0.0, 0.0, 0.0, 1.0],
                [0.659418, 0.34937, 0.665664, 0.124994, 0.067997, -0.909543, 0.41001, -0.002831, 0.748695, -0.225105, -0.623525, -1.2e-05, 0.0, 0.0, 0.0, 1.0],
                [0.659418, 0.410389, 0.62988, 0.124994, 0.067997, -0.866979, 0.493683, -0.002831, 0.748695, -0.282714, -0.599607, -1.2e-05, 0.0, 0.0, 0.0, 1.0],
                [0.659418, 0.462179, 0.592923, 0.124994, 0.067997, -0.822131, 0.565223, -0.002831, 0.748695, -0.332401, -0.573555, -1.2e-05, 0.0, 0.0, 0.0, 1.0],
                [0.659418, 0.504247, 0.557586, 0.124994, 0.067997, -0.778656, 0.623755, -0.002831, 0.748695, -0.373402, -0.547747, -1.2e-05, 0.0, 0.0, 0.0, 1.0],
                [0.659418, 0.536628, 0.526496, 0.124994, 0.067996, -0.740039, 0.669117, -0.002831, 0.748695, -0.405428, -0.524484, -1.2e-05, 0.0, 0.0, 0.0, 1.0],
                [0.659418, 0.55962, 0.501989, 0.124994, 0.067997, -0.709399, 0.701519, -0.002831, 0.748695, -0.428461, -0.505843, -1.2e-05, 0.0, 0.0, 0.0, 1.0],
                [0.659418, 0.573498, 0.486074, 0.124994, 0.067997, -0.689416, 0.721167, -0.002831, 0.748695, -0.442499, -0.493609, -1.2e-05, 0.0, 0.0, 0.0, 1.0],
                [0.659418, 0.578224, 0.480443, 0.124994, 0.067997, -0.682331, 0.727874, -0.002831, 0.748695, -0.447305, -0.489259, -1.3e-05, 0.0, 0.0, 0.0, 1.0],
                [0.659418, 0.578224, 0.480443, 0.124994, 0.067997, -0.682331, 0.727874, -0.002831, 0.748695, -0.447305, -0.489259, -1.3e-05, 0.0, 0.0, 0.0, 1.0],
                [0.659418, 0.578224, 0.480443, 0.124994, 0.067997, -0.682331, 0.727874, -0.002831, 0.748695, -0.447305, -0.489259, -1.3e-05, 0.0, 0.0, 0.0, 1.0],
                [0.659418, 0.578224, 0.480443, 0.124994, 0.067997, -0.682331, 0.727874, -0.002831, 0.748695, -0.447305, -0.489259, -1.3e-05, 0.0, 0.0, 0.0, 1.0],
                [0.659418, 0.578224, 0.480443, 0.124994, 0.067997, -0.682331, 0.727874, -0.002831, 0.748695, -0.447305, -0.489259, -1.3e-05, 0.0, 0.0, 0.0, 1.0],
                [0.659418, 0.578224, 0.480443, 0.124994, 0.067997, -0.682331, 0.727874, -0.002831, 0.748695, -0.447305, -0.489259, -1.3e-05, 0.0, 0.0, 0.0, 1.0],
                [0.659418, 0.578224, 0.480443, 0.124994, 0.067997, -0.682331, 0.727874, -0.002831, 0.748695, -0.447305, -0.489259, -1.3e-05, 0.0, 0.0, 0.0, 1.0],
                [0.659418, 0.578224, 0.480443, 0.124994, 0.067997, -0.682331, 0.727874, -0.002831, 0.748695, -0.447305, -0.489259, -1.3e-05, 0.0, 0.0, 0.0, 1.0],
                [0.659418, 0.578224, 0.480443, 0.124994, 0.067997, -0.682331, 0.727874, -0.002831, 0.748695, -0.447305, -0.489259, -1.3e-05, 0.0, 0.0, 0.0, 1.0],
                [0.659418, 0.578224, 0.480443, 0.124994, 0.067997, -0.682331, 0.727874, -0.002831, 0.748695, -0.447305, -0.489259, -1.3e-05, 0.0, 0.0, 0.0, 1.0],
                [0.659418, 0.578224, 0.480443, 0.124994, 0.067997, -0.682331, 0.727874, -0.002831, 0.748695, -0.447305, -0.489259, -1.3e-05, 0.0, 0.0, 0.0, 1.0],
                [0.659418, 0.578224, 0.480443, 0.124994, 0.067997, -0.682331, 0.727874, -0.002831, 0.748695, -0.447305, -0.489259, -1.3e-05, 0.0, 0.0, 0.0, 1.0],
                [0.659418, 0.578224, 0.480443, 0.124994, 0.067997, -0.682331, 0.727874, -0.002831, 0.748695, -0.447305, -0.489259, -1.3e-05, 0.0, 0.0, 0.0, 1.0],
                [0.659418, 0.578224, 0.480443, 0.124994, 0.067997, -0.682331, 0.727874, -0.002831, 0.748695, -0.447305, -0.489259, -1.3e-05, 0.0, 0.0, 0.0, 1.0],
                [0.659418, 0.578224, 0.480443, 0.124994, 0.067997, -0.682331, 0.727874, -0.002831, 0.748695, -0.447305, -0.489259, -1.3e-05, 0.0, 0.0, 0.0, 1.0],
                [0.659418, 0.578224, 0.480443, 0.124994, 0.067997, -0.682331, 0.727874, -0.002831, 0.748695, -0.447305, -0.489259, -1.3e-05, 0.0, 0.0, 0.0, 1.0],
                [0.659418, 0.578224, 0.480443, 0.124994, 0.067997, -0.682331, 0.727874, -0.002831, 0.748695, -0.447305, -0.489259, -1.3e-05, 0.0, 0.0, 0.0, 1.0],
                [0.659418, 0.578224, 0.480443, 0.124994, 0.067997, -0.682331, 0.727874, -0.002831, 0.748695, -0.447305, -0.489259, -1.3e-05, 0.0, 0.0, 0.0, 1.0],
                [0.659418, 0.578224, 0.480443, 0.124994, 0.067997, -0.682331, 0.727874, -0.002831, 0.748695, -0.447305, -0.489259, -1.3e-05, 0.0, 0.0, 0.0, 1.0],
                [0.659418, 0.578224, 0.480443, 0.124994, 0.067997, -0.682331, 0.727874, -0.002831, 0.748695, -0.447305, -0.489259, -1.3e-05, 0.0, 0.0, 0.0, 1.0],
                [0.659418, 0.578224, 0.480443, 0.124994, 0.067997, -0.682331, 0.727874, -0.002831, 0.748695, -0.447305, -0.489259, -1.3e-05, 0.0, 0.0, 0.0, 1.0],
                [0.659418, 0.578224, 0.480443, 0.124994, 0.067997, -0.682331, 0.727874, -0.002831, 0.748695, -0.447305, -0.489259, -1.3e-05, 0.0, 0.0, 0.0, 1.0],
                [0.659418, 0.578224, 0.480443, 0.124994, 0.067997, -0.682331, 0.727874, -0.002831, 0.748695, -0.447305, -0.489259, -1.3e-05, 0.0, 0.0, 0.0, 1.0],
                [0.659418, 0.578224, 0.480443, 0.124994, 0.067997, -0.682331, 0.727874, -0.002831, 0.748695, -0.447305, -0.489259, -1.3e-05, 0.0, 0.0, 0.0, 1.0],
                [0.659418, 0.578224, 0.480443, 0.124994, 0.067997, -0.682331, 0.727874, -0.002831, 0.748695, -0.447305, -0.489259, -1.3e-05, 0.0, 0.0, 0.0, 1.0],
                [0.659418, 0.578224, 0.480443, 0.124994, 0.067997, -0.682331, 0.727874, -0.002831, 0.748695, -0.447305, -0.489259, -1.3e-05, 0.0, 0.0, 0.0, 1.0],
                [0.659418, 0.578224, 0.480443, 0.124994, 0.067997, -0.682331, 0.727874, -0.002831, 0.748695, -0.447305, -0.489259, -1.3e-05, 0.0, 0.0, 0.0, 1.0],
                [0.659418, 0.578224, 0.480443, 0.124994, 0.067997, -0.682331, 0.727874, -0.002831, 0.748695, -0.447305, -0.489259, -1.3e-05, 0.0, 0.0, 0.0, 1.0],
                [0.659418, 0.578224, 0.480443, 0.124994, 0.067997, -0.682331, 0.727874, -0.002831, 0.748695, -0.447305, -0.489259, -1.3e-05, 0.0, 0.0, 0.0, 1.0],
                [0.659418, 0.578224, 0.480443, 0.124994, 0.067997, -0.682331, 0.727874, -0.002831, 0.748695, -0.447305, -0.489259, -1.3e-05, 0.0, 0.0, 0.0, 1.0],
                [0.659418, 0.578224, 0.480443, 0.124994, 0.067997, -0.682331, 0.727874, -0.002831, 0.748695, -0.447305, -0.489259, -1.3e-05, 0.0, 0.0, 0.0, 1.0],
                [0.659418, 0.578224, 0.480443, 0.124994, 0.067997, -0.682331, 0.727874, -0.002831, 0.748695, -0.447305, -0.489259, -1.3e-05, 0.0, 0.0, 0.0, 1.0],
                [0.659418, 0.578224, 0.480443, 0.124994, 0.067997, -0.682331, 0.727874, -0.002831, 0.748695, -0.447305, -0.489259, -1.3e-05, 0.0, 0.0, 0.0, 1.0],
                [0.659418, 0.578224, 0.480443, 0.124994, 0.067997, -0.682331, 0.727874, -0.002831, 0.748695, -0.447305, -0.489259, -1.3e-05, 0.0, 0.0, 0.0, 1.0],
                [0.659418, 0.578224, 0.480443, 0.124994, 0.067997, -0.682331, 0.727874, -0.002831, 0.748695, -0.447305, -0.489259, -1.3e-05, 0.0, 0.0, 0.0, 1.0],
                [0.659418, 0.578224, 0.480443, 0.124994, 0.067997, -0.682331, 0.727874, -0.002831, 0.748695, -0.447305, -0.489259, -1.3e-05, 0.0, 0.0, 0.0, 1.0],
                [0.659418, 0.578224, 0.480443, 0.124994, 0.067997, -0.682331, 0.727874, -0.002831, 0.748695, -0.447305, -0.489259, -1.3e-05, 0.0, 0.0, 0.0, 1.0],
                [0.659418, 0.578224, 0.480443, 0.124994, 0.067997, -0.682331, 0.727874, -0.002831, 0.748695, -0.447305, -0.489259, -1.3e-05, 0.0, 0.0, 0.0, 1.0],
                [0.659418, 0.578224, 0.480443, 0.124994, 0.067997, -0.682331, 0.727874, -0.002831, 0.748695, -0.447305, -0.489259, -1.3e-05, 0.0, 0.0, 0.0, 1.0],
                [0.659418, 0.578224, 0.480443, 0.124994, 0.067997, -0.682331, 0.727874, -0.002831, 0.748695, -0.447305, -0.489259, -1.3e-05, 0.0, 0.0, 0.0, 1.0],
                [0.659418, 0.578224, 0.480443, 0.124994, 0.067997, -0.682331, 0.727874, -0.002831, 0.748695, -0.447305, -0.489259, -1.3e-05, 0.0, 0.0, 0.0, 1.0],
