{
    "animation": [
        {
            "name": "Root",
            "time": [0.0, 0.0167, 0.0333, 0.05, 0.0667, 0.0833, 0.1, 0.1167, 0.1333, 0.15, 0.1667, 0.1833, 0.2, 0.2167, 0.2333, 0.25, 0.2667, 0.2833, 0.3, 0.3167, 0.3333, 0.35, 0.3667, 0.3833, 0.4, 0.4167, 0.4333, 0.45, 0.4667, 0.4833, 0.5, 0.5167, 0.5333, 0.55, 0.5667, 0.5833, 0.6, 0.6167, 0.6333, 0.65, 0.6667, 0.6833, 0.7, 0.7167, 0.7333, 0.75, 0.7667, 0.7833, 0.8, 0.8167, 0.8333, 0.85, 0.8667, 0.8833, 0.9, 0.9167, 0.9333, 0.95, 0.9667, 0.9833, 1.0, 1.0167, 1.0333, 1.05, 1.0667, 1.0833, 1.1, 1.1167, 1.1333, 1.15, 1.1667, 1.1833, 1.2, 1.2167, 1.2333, 1.25, 1.2667, 1.2833, 1.3, 1.3167, 1.3333, 1.35, 1.3667, 1.3833, 1.4, 1.4167, 1.4333, 1.45, 1.4667, 1.4833, 1.5, 1.5167, 1.5333, 1.55, 1.5667, 1.5833, 1.6, 1.6167, 1.6333, 1.65, 1.6667, 1.6833, 1.7, 1.7167, 1.7333, 1.75, 1.7667, 1.7833, 1.8, 1.8167, 1.8333, 1.85, 1.8667, 1.8833, 1.9, 1.9167, 1.9333, 1.95, 1.9667, 1.9833, 2.0, 2.0167, 2.0333, 2.05, 2.0667, 2.0833, 2.1, 2.1167, 2.1333, 2.15, 2.1667, 2.1833, 2.2, 2.2167, 2.2333, 2.25, 2.2667, 2.2833, 2.3, 2.3167, 2.3333, 2.35, 2.3667, 2.3833, 2.4, 2.4167, 2.4333, 2.45, 2.4667, 2.4833, 2.5, 2.5167, 2.5333, 2.55, 2.5667, 2.5833, 2.6, 2.6167, 2.6333, 2.65, 2.6667, 2.6833, 2.7, 2.7167, 2.7333],
            "transform": [
                [0.688347, 0.238001, 0.685225, -5e-06, 0.607844, 0.32626, -0.723934, 0.000946, -0.395859, 0.914828, 0.079912, 0.763972, 0.0, 0.0, 0.0, 1.0],
                [0.693141, 0.237023, 0.680717, 8.5e-05, 0.604668, 0.322839, -0.728115, 3.6e-05, -0.392342, 0.916294, 0.080453, 0.763972, 0.0, 0.0, 0.0, 1.0],
                [0.706622, 0.234103, 0.667743, 0.00034, 0.595433, 0.313117, -0.739877, -0.002568, -0.382289, 0.92041, 0.081863, 0.763972, 0.0, 0.0, 0.0, 1.0],
                [0.727179, 0.229147, 0.647072, 0.000744, 0.58044, 0.297985, -0.757822, -0.006679, -0.366471, 0.926659, 0.083682, 0.763972, 0.0, 0.0, 0.0, 1.0],
                [0.752973, 0.221988, 0.619478, 0.001277, 0.559926, 0.278426, -0.78036, -0.012107, -0.34571, 0.934452, 0.08535, 0.763972, 0.0, 0.0, 0.0, 1.0],
                [0.782091, 0.212483, 0.58582, 0.001921, 0.534194, 0.25548, -0.805833, -0.018665, -0.320891, 0.943176, 0.086302, 0.763972, 0.0, 0.0, 0.0, 1.0],
                [0.812684, 0.200586, 0.547093, 0.002657, 0.503705, 0.23021, -0.832637, -0.026165, -0.292962, 0.952244, 0.086052, 0.763972, 0.0, 0.0, 0.0, 1.0],
                [0.84309, 0.186397, 0.504435, 0.003467, 0.469126, 0.203655, -0.859329, -0.034418, -0.262907, 0.961135, 0.084256, 0.763972, 0.0, 0.0, 0.0, 1.0],
                [0.871936, 0.170171, 0.459096, 0.004333, 0.431321, 0.17678, -0.88471, -0.043235, -0.231711, 0.969428, 0.080743, 0.763972, 0.0, 0.0, 0.0, 1.0],
                [0.898192, 0.152306, 0.412376, 0.005236, 0.391314, 0.150435, -0.907878, -0.052429, -0.200311, 0.976817, 0.07552, 0.763972, 0.0, 0.0, 0.0, 1.0],
                [0.921194, 0.133311, 0.365554, 0.006157, 0.350217, 0.12532, -0.928247, -0.061812, -0.169557, 0.983119, 0.068756, 0.763972, 0.0, 0.0, 0.0, 1.0],
                [0.940622, 0.113758, 0.319826, 0.007078, 0.309161, 0.101971, -0.945527, -0.071194, -0.140175, 0.988262, 0.060747, 0.763972, 0.0, 0.0, 0.0, 1.0],
                [0.956453, 0.094243, 0.276252, 0.007981, 0.269227, 0.080766, -0.959684, -0.080388, -0.112755, 0.992268, 0.051876, 0.763972, 0.0, 0.0, 0.0, 1.0],
                [0.968891, 0.075345, 0.235738, 0.008846, 0.231407, 0.061937, -0.970884, -0.089206, -0.087752, 0.995232, 0.042575, 0.763972, 0.0, 0.0, 0.0, 1.0],
                [0.978299, 0.057607, 0.199028, 0.009656, 0.196572, 0.045599, -0.979428, -0.097458, -0.065498, 0.997297, 0.033285, 0.763972, 0.0, 0.0, 0.0, 1.0],
                [0.985129, 0.041521, 0.166724, 0.010393, 0.165481, 0.031786, -0.985701, -0.104958, -0.046227, 0.998632, 0.024442, 0.763972, 0.0, 0.0, 0.0, 1.0],
                [0.989865, 0.027526, 0.13932, 0.011037, 0.138785, 0.020479, -0.990111, -0.111516, -0.030107, 0.999411, 0.016451, 0.763972, 0.0, 0.0, 0.0, 1.0],
                [0.992974, 0.016017, 0.11724, 0.01157, 0.117062, 0.011643, -0.993056, -0.116945, -0.01727, 0.999804, 0.009687, 0.763972, 0.0, 0.0, 0.0, 1.0],
                [0.994871, 0.007358, 0.100887, 0.011973, 0.10085, 0.005258, -0.994888, -0.121055, -0.007851, 0.999959, 0.004489, 0.763972, 0.0, 0.0, 0.0, 1.0],
                [0.995877, 0.001901, 0.090689, 0.012229, 0.090686, 0.001344, -0.995879, -0.12366, -0.002015, 0.999997, 0.001166, 0.763972, 0.0, 0.0, 0.0, 1.0],
                [0.996195, 0.0, 0.087156, 0.012318, 0.087156, 0.0, -0.996195, -0.12457, 0.0, 1.0, 0.0, 0.763972, 0.0, 0.0, 0.0, 1.0],
                [0.996193, 0.0, 0.087174, 0.01218, 0.087174, 0.0, -0.996193, -0.123673, 0.0, 1.0, 0.0, 0.763972, 0.0, 0.0, 0.0, 1.0],
                [0.996182, 0.0, 0.087306, 0.011789, 0.087306, 0.0, -0.996182, -0.120581, 0.0, 1.0, 0.0, 0.763972, 0.0, 0.0, 0.0, 1.0],
                [0.99615, 0.0, 0.087662, 0.011181, 0.087662, 0.0, -0.99615, -0.114693, 0.0, 1.0, 0.0, 0.763972, 0.0, 0.0, 0.0, 1.0],
                [0.996089, 0.0, 0.088356, 0.010393, 0.088356, 0.0, -0.996089, -0.105408, 0.0, 1.0, 0.0, 0.763972, 0.0, 0.0, 0.0, 1.0],
                [0.995987, 0.0, 0.089501, 0.00946, 0.089501, 0.0, -0.995987, -0.092125, 0.0, 1.0, 0.0, 0.763972, 0.0, 0.0, 0.0, 1.0],
                [0.995832, 0.0, 0.091208, 0.008419, 0.091208, 0.0, -0.995832, -0.074244, 0.0, 1.0, 0.0, 0.763972, 0.0, 0.0, 0.0, 1.0],
                [0.995611, 0.0, 0.09359, 0.007306, 0.09359, 0.0, -0.995611, -0.051163, 0.0, 1.0, 0.0, 0.763972, 0.0, 0.0, 0.0, 1.0],
                [0.995308, 0.0, 0.09676, 0.006157, 0.09676, 0.0, -0.995308, -0.022282, 0.0, 1.0, 0.0, 0.763972, 0.0, 0.0, 0.0, 1.0],
                [0.994904, 0.0, 0.10083, 0.005008, 0.10083, 0.0, -0.994904, 0.013, 0.0, 1.0, 0.0, 0.763972, 0.0, 0.0, 0.0, 1.0],
                [0.994376, 0.0, 0.105911, 0.003894, 0.105911, 0.0, -0.994376, 0.055285, 0.0, 1.0, 0.0, 0.763972, 0.0, 0.0, 0.0, 1.0],
                [0.993695, 0.0, 0.112115, 0.002853, 0.112115, 0.0, -0.993695, 0.105173, 0.0, 1.0, 0.0, 0.763972, 0.0, 0.0, 0.0, 1.0],
                [0.992828, 0.0, 0.119554, 0.001921, 0.119554, 0.0, -0.992828, 0.163265, 0.0, 1.0, 0.0, 0.763972, 0.0, 0.0, 0.0, 1.0],
                [0.991731, 0.0, 0.128337, 0.001133, 0.128337, 0.0, -0.991731, 0.230162, 0.0, 1.0, 0.0, 0.763972, 0.0, 0.0, 0.0, 1.0],
                [0.990352, 0.0, 0.138571, 0.000525, 0.138571, 0.0, -0.990352, 0.306466, 0.0, 1.0, 0.0, 0.763972, 0.0, 0.0, 0.0, 1.0],
                [0.988631, 0.0, 0.150365, 0.000134, 0.150365, 0.0, -0.988631, 0.392776, 0.0, 1.0, 0.0, 0.763972, 0.0, 0.0, 0.0, 1.0],
                [0.98649, 0.0, 0.163819, -5e-06, 0.163819, 0.0, -0.98649, 0.489694, 0.0, 1.0, 0.0, 0.763972, 0.0, 0.0, 0.0, 1.0],
                [0.983773, 0.0, 0.179416, -5e-06, 0.179416, 0.0, -0.983773, 0.59729, 0.0, 1.0, 0.0, 0.763972, 0.0, 0.0, 0.0, 1.0],
                [0.980382, 0.0, 0.197106, -5e-06, 0.197106, 0.0, -0.980382, 0.713518, 0.0, 1.0, 0.0, 0.763972, 0.0, 0.0, 0.0, 1.0],
                [0.976349, 0.0, 0.216199, -5e-06, 0.216199, 0.0, -0.976349, 0.835798, 0.0, 1.0, 0.0, 0.763972, 0.0, 0.0, 0.0, 1.0],
                [0.971751, 0.0, 0.236009, -5e-06, 0.236009, 0.0, -0.971751, 0.961553, 0.0, 1.0, 0.0, 0.763972, 0.0, 0.0, 0.0, 1.0],
                [0.966715, 0.0, 0.255857, -5e-06, 0.255857, 0.0, -0.966715, 1.088204, 0.0, 1.0, 0.0, 0.763972, 0.0, 0.0, 0.0, 1.0],
                [0.961422, 0.0, 0.275078, -5e-06, 0.275078, 0.0, -0.961422, 1.213175, 0.0, 1.0, 0.0, 0.763972, 0.0, 0.0, 0.0, 1.0],
                [0.956106, 0.0, 0.293022, -5e-06, 0.293022, 0.0, -0.956106, 1.333886, 0.0, 1.0, 0.0, 0.763972, 0.0, 0.0, 0.0, 1.0],
                [0.951043, 0.0, 0.30906, -5e-06, 0.30906, 0.0, -0.951043, 1.447759, 0.0, 1.0, 0.0, 0.763972, 0.0, 0.0, 0.0, 1.0],
                [0.946543, 0.0, 0.322578, -5e-06, 0.322578, 0.0, -0.946543, 1.552217, 0.0, 1.0, 0.0, 0.763972, 0.0, 0.0, 0.0, 1.0],
                [0.942936, 0.0, 0.332975, -5e-06, 0.332975, 0.0, -0.942936, 1.644683, 0.0, 1.0, 0.0, 0.763972, 0.0, 0.0, 0.0, 1.0],
                [0.94055, 0.0, 0.339657, -5e-06, 0.339657, 0.0, -0.94055, 1.722576, 0.0, 1.0, 0.0, 0.763972, 0.0, 0.0, 0.0, 1.0],
                [0.939693, 0.0, 0.34202, -5e-06, 0.34202, 0.0, -0.939693, 1.78332, 0.0, 1.0, 0.0, 0.763972, 0.0, 0.0, 0.0, 1.0],
                [0.939693, 0.0, 0.34202, -5e-06, 0.34202, 0.0, -0.939693, 1.82914, 0.0, 1.0, 0.0, 0.763972, 0.0, 0.0, 0.0, 1.0],
                [0.939693, 0.0, 0.34202, -5e-06, 0.34202, 0.0, -0.939693, 1.864825, 0.0, 1.0, 0.0, 0.763972, 0.0, 0.0, 0.0, 1.0],
                [0.939693, 0.0, 0.34202, -5e-06, 0.34202, 0.0, -0.939693, 1.891642, 0.0, 1.0, 0.0, 0.763972, 0.0, 0.0, 0.0, 1.0],
                [0.939693, 0.0, 0.34202, -5e-06, 0.34202, 0.0, -0.939693, 1.910857, 0.0, 1.0, 0.0, 0.763972, 0.0, 0.0, 0.0, 1.0],
                [0.939693, 0.0, 0.34202, -5e-06, 0.34202, 0.0, -0.939693, 1.923737, 0.0, 1.0, 0.0, 0.763972, 0.0, 0.0, 0.0, 1.0],
                [0.939693, 0.0, 0.34202, -5e-06, 0.34202, 0.0, -0.939693, 1.93155, 0.0, 1.0, 0.0, 0.763972, 0.0, 0.0, 0.0, 1.0],
                [0.939693, 0.0, 0.34202, -5e-06, 0.34202, 0.0, -0.939693, 1.935562, 0.0, 1.0, 0.0, 0.763972, 0.0, 0.0, 0.0, 1.0],
                [0.939693, 0.0, 0.34202, -5e-06, 0.34202, 0.0, -0.939693, 1.937039, 0.0, 1.0, 0.0, 0.763972, 0.0, 0.0, 0.0, 1.0],
                [0.939693, 0.0, 0.34202, -5e-06, 0.34202, 0.0, -0.939693, 1.937251, 0.0, 1.0, 0.0, 0.763972, 0.0, 0.0, 0.0, 1.0],
                [0.939693, 0.0, 0.34202, -5e-06, 0.34202, 0.0, -0.939693, 1.937251, 0.0, 1.0, 0.0, 0.763972, 0.0, 0.0, 0.0, 1.0],
                [0.939693, 0.0, 0.34202, -5e-06, 0.34202, 0.0, -0.939693, 1.937251, 0.0, 1.0, 0.0, 0.763972, 0.0, 0.0, 0.0, 1.0],
                [0.939693, 0.0, 0.34202, -5e-06, 0.34202, 0.0, -0.939693, 1.937251, 0.0, 1.0, 0.0, 0.763972, 0.0, 0.0, 0.0, 1.0],
                [0.939693, 0.0, 0.34202, -5e-06, 0.34202, 0.0, -0.939693, 1.937251, 0.0, 1.0, 0.0, 0.763972, 0.0, 0.0, 0.0, 1.0],
                [0.939693, 0.0, 0.34202, -5e-06, 0.34202, 0.0, -0.939693, 1.937251, 0.0, 1.0, 0.0, 0.763972, 0.0, 0.0, 0.0, 1.0],
                [0.939693, 0.0, 0.34202, -5e-06, 0.34202, 0.0, -0.939693, 1.937251, 0.0, 1.0, 0.0, 0.763972, 0.0, 0.0, 0.0, 1.0],
                [0.939693, 0.0, 0.34202, -5e-06, 0.34202, 0.0, -0.939693, 1.937251, 0.0, 1.0, 0.0, 0.763972, 0.0, 0.0, 0.0, 1.0],
                [0.939693, 0.0, 0.34202, -5e-06, 0.34202, 0.0, -0.939693, 1.937251, 0.0, 1.0, 0.0, 0.763972, 0.0, 0.0, 0.0, 1.0],
                [0.939693, 0.0, 0.34202, -5e-06, 0.34202, 0.0, -0.939693, 1.937251, 0.0, 1.0, 0.0, 0.763972, 0.0, 0.0, 0.0, 1.0],
                [0.939693, 0.0, 0.34202, -5e-06, 0.34202, 0.0, -0.939693, 1.937251, 0.0, 1.0, 0.0, 0.763972, 0.0, 0.0, 0.0, 1.0],
                [0.939693, 0.0, 0.34202, -5e-06, 0.34202, 0.0, -0.939693, 1.937251, 0.0, 1.0, 0.0, 0.763972, 0.0, 0.0, 0.0, 1.0],
                [0.939693, 0.0, 0.34202, -5e-06, 0.34202, 0.0, -0.939693, 1.937251, 0.0, 1.0, 0.0, 0.763972, 0.0, 0.0, 0.0, 1.0],
                [0.939693, 0.0, 0.34202, -5e-06, 0.34202, 0.0, -0.939693, 1.937251, 0.0, 1.0, 0.0, 0.763972, 0.0, 0.0, 0.0, 1.0],
                [0.939693, 0.0, 0.34202, -5e-06, 0.34202, 0.0, -0.939693, 1.937251, 0.0, 1.0, 0.0, 0.763972, 0.0, 0.0, 0.0, 1.0],
                [0.939693, 0.0, 0.34202, -5e-06, 0.34202, 0.0, -0.939693, 1.937251, 0.0, 1.0, 0.0, 0.763972, 0.0, 0.0, 0.0, 1.0],
                [0.939693, 0.0, 0.34202, -5e-06, 0.34202, 0.0, -0.939693, 1.937251, 0.0, 1.0, 0.0, 0.763972, 0.0, 0.0, 0.0, 1.0],
                [0.939693, 0.0, 0.34202, -5e-06, 0.34202, 0.0, -0.939693, 1.937251, 0.0, 1.0, 0.0, 0.763972, 0.0, 0.0, 0.0, 1.0],
                [0.939693, 0.0, 0.34202, -5e-06, 0.34202, 0.0, -0.939693, 1.937251, 0.0, 1.0, 0.0, 0.763972, 0.0, 0.0, 0.0, 1.0],
                [0.939693, 0.0, 0.34202, -5e-06, 0.34202, 0.0, -0.939693, 1.937251, 0.0, 1.0, 0.0, 0.763972, 0.0, 0.0, 0.0, 1.0],
                [0.939693, 0.0, 0.34202, -5e-06, 0.34202, 0.0, -0.939693, 1.937251, 0.0, 1.0, 0.0, 0.763972, 0.0, 0.0, 0.0, 1.0],
                [0.939693, 0.0, 0.34202, -5e-06, 0.34202, 0.0, -0.939693, 1.937251, 0.0, 1.0, 0.0, 0.763972, 0.0, 0.0, 0.0, 1.0],
                [0.939693, 0.0, 0.34202, -5e-06, 0.34202, 0.0, -0.939693, 1.937251, 0.0, 1.0, 0.0, 0.763972, 0.0, 0.0, 0.0, 1.0],
                [0.939693, 0.0, 0.34202, -5e-06, 0.34202, 0.0, -0.939693, 1.937251, 0.0, 1.0, 0.0, 0.763972, 0.0, 0.0, 0.0, 1.0],
                [0.939693, 0.0, 0.34202, -5e-06, 0.34202, 0.0, -0.939693, 1.937251, 0.0, 1.0, 0.0, 0.763972, 0.0, 0.0, 0.0, 1.0],
                [0.939693, 0.0, 0.34202, -5e-06, 0.34202, 0.0, -0.939693, 1.937251, 0.0, 1.0, 0.0, 0.763972, 0.0, 0.0, 0.0, 1.0],
                [0.939693, 0.0, 0.34202, -5e-06, 0.34202, 0.0, -0.939693, 1.937251, 0.0, 1.0, 0.0, 0.763972, 0.0, 0.0, 0.0, 1.0],
                [0.939693, 0.0, 0.34202, -5e-06, 0.34202, 0.0, -0.939693, 1.937251, 0.0, 1.0, 0.0, 0.763972, 0.0, 0.0, 0.0, 1.0],
                [0.939693, 0.0, 0.34202, -5e-06, 0.34202, 0.0, -0.939693, 1.937251, 0.0, 1.0, 0.0, 0.763972, 0.0, 0.0, 0.0, 1.0],
                [0.939693, 0.0, 0.34202, -5e-06, 0.34202, 0.0, -0.939693, 1.937251, 0.0, 1.0, 0.0, 0.763972, 0.0, 0.0, 0.0, 1.0],
                [0.939693, 0.0, 0.34202, -5e-06, 0.34202, 0.0, -0.939693, 1.937251, 0.0, 1.0, 0.0, 0.763972, 0.0, 0.0, 0.0, 1.0],
                [0.939693, 0.0, 0.34202, -5e-06, 0.34202, 0.0, -0.939693, 1.937251, 0.0, 1.0, 0.0, 0.763972, 0.0, 0.0, 0.0, 1.0],
                [0.939693, 0.0, 0.34202, -5e-06, 0.34202, 0.0, -0.939693, 1.937251, 0.0, 1.0, 0.0, 0.763972, 0.0, 0.0, 0.0, 1.0],
                [0.939693, 0.0, 0.34202, -5e-06, 0.34202, 0.0, -0.939693, 1.937251, 0.0, 1.0, 0.0, 0.763972, 0.0, 0.0, 0.0, 1.0],
                [0.939693, 0.0, 0.34202, -5e-06, 0.34202, 0.0, -0.939693, 1.937251, 0.0, 1.0, 0.0, 0.763972, 0.0, 0.0, 0.0, 1.0],
                [0.939693, 0.0, 0.34202, -5e-06, 0.34202, 0.0, -0.939693, 1.937251, 0.0, 1.0, 0.0, 0.763972, 0.0, 0.0, 0.0, 1.0],
                [0.939693, 0.0, 0.34202, -5e-06, 0.34202, 0.0, -0.939693, 1.937251, 0.0, 1.0, 0.0, 0.763972, 0.0, 0.0, 0.0, 1.0],
                [0.939693, 0.0, 0.34202, -5e-06, 0.34202, 0.0, -0.939693, 1.937251, 0.0, 1.0, 0.0, 0.763972, 0.0, 0.0, 0.0, 1.0],
                [0.939693, 0.0, 0.34202, -5e-06, 0.34202, 0.0, -0.939693, 1.937251, 0.0, 1.0, 0.0, 0.763972, 0.0, 0.0, 0.0, 1.0],
                [0.939693, 0.0, 0.34202, -5e-06, 0.34202, 0.0, -0.939693, 1.937251, 0.0, 1.0, 0.0, 0.763972, 0.0, 0.0, 0.0, 1.0],
                [0.939693, 0.0, 0.34202, -5e-06, 0.34202, 0.0, -0.939693, 1.937251, 0.0, 1.0, 0.0, 0.763972, 0.0, 0.0, 0.0, 1.0],
                [0.939693, 0.0, 0.34202, -5e-06, 0.34202, 0.0, -0.939693, 1.937251, 0.0, 1.0, 0.0, 0.763972, 0.0, 0.0, 0.0, 1.0],
                [0.939693, 0.0, 0.34202, -5e-06, 0.34202, 0.0, -0.939693, 1.937251, 0.0, 1.0, 0.0, 0.763972, 0.0, 0.0, 0.0, 1.0],
                [0.939693, 0.0, 0.34202, -5e-06, 0.34202, 0.0, -0.939693, 1.937251, 0.0, 1.0, 0.0, 0.763972, 0.0, 0.0, 0.0, 1.0],
                [0.939693, 0.0, 0.34202, -5e-06, 0.34202, 0.0, -0.939693, 1.937251, 0.0, 1.0, 0.0, 0.763972, 0.0, 0.0, 0.0, 1.0],
                [0.939693, 0.0, 0.34202, -5e-06, 0.34202, 0.0, -0.939693, 1.937251, 0.0, 1.0, 0.0, 0.763972, 0.0, 0.0, 0.0, 1.0],
                [0.939693, 0.0, 0.34202, -5e-06, 0.34202, 0.0, -0.939693, 1.937251, 0.0, 1.0, 0.0, 0.763972, 0.0, 0.0, 0.0, 1.0],
                [0.939693, 0.0, 0.34202, -5e-06, 0.34202, 0.0, -0.939693, 1.937251, 0.0, 1.0, 0.0, 0.763972, 0.0, 0.0, 0.0, 1.0],
                [0.939693, 0.0, 0.34202, -5e-06, 0.34202, 0.0, -0.939693, 1.937251, 0.0, 1.0, 0.0, 0.763972, 0.0, 0.0, 0.0, 1.0],
                [0.939693, 0.0, 0.34202, -5e-06, 0.34202, 0.0, -0.939693, 1.937251, 0.0, 1.0, 0.0, 0.763972, 0.0, 0.0, 0.0, 1.0],
                [0.939693, 0.0, 0.34202, -5e-06, 0.34202, 0.0, -0.939693, 1.937251, 0.0, 1.0, 0.0, 0.763972, 0.0, 0.0, 0.0, 1.0],
                [0.939693, 0.0, 0.34202, -5e-06, 0.34202, 0.0, -0.939693, 1.937251, 0.0, 1.0, 0.0, 0.763972, 0.0, 0.0, 0.0, 1.0],
                [0.939693, 0.0, 0.34202, -5e-06, 0.34202, 0.0, -0.939693, 1.937251, 0.0, 1.0, 0.0, 0.763972, 0.0, 0.0, 0.0, 1.0],
                [0.939693, 0.0, 0.34202, -5e-06, 0.34202, 0.0, -0.939693, 1.937251, 0.0, 1.0, 0.0, 0.763972, 0.0, 0.0, 0.0, 1.0],
                [0.939693, 0.0, 0.34202, -5e-06, 0.34202, 0.0, -0.939693, 1.936723, 0.0, 1.0, 0.0, 0.763998, 0.0, 0.0, 0.0, 1.0],
                [0.939693, 0.0, 0.34202, -5e-06, 0.34202, 0.0, -0.939693, 1.935173, 0.0, 1.0, 0.0, 0.764076, 0.0, 0.0, 0.0, 1.0],
                [0.939693, 0.0, 0.34202, -5e-06, 0.34202, 0.0, -0.939693, 1.932647, 0.0, 1.0, 0.0, 0.764203, 0.0, 0.0, 0.0, 1.0],
                [0.939693, 0.0, 0.34202, -5e-06, 0.34202, 0.0, -0.939693, 1.929193, 0.0, 1.0, 0.0, 0.764377, 0.0, 0.0, 0.0, 1.0],
                [0.939693, 0.0, 0.34202, -5e-06, 0.34202, 0.0, -0.939693, 1.924858, 0.0, 1.0, 0.0, 0.764595, 0.0, 0.0, 0.0, 1.0],
                [0.939693, 0.0, 0.34202, -5e-06, 0.34202, 0.0, -0.939693, 1.919691, 0.0, 1.0, 0.0, 0.764855, 0.0, 0.0, 0.0, 1.0],
                [0.939693, 0.0, 0.34202, -5e-06, 0.34202, 0.0, -0.939693, 1.913738, 0.0, 1.0, 0.0, 0.765155, 0.0, 0.0, 0.0, 1.0],
                [0.939693, 0.0, 0.34202, -5e-06, 0.34202, 0.0, -0.939693, 1.907049, 0.0, 1.0, 0.0, 0.765491, 0.0, 0.0, 0.0, 1.0],
                [0.939693, 0.0, 0.34202, -5e-06, 0.34202, 0.0, -0.939693, 1.899669, 0.0, 1.0, 0.0, 0.765862, 0.0, 0.0, 0.0, 1.0],
                [0.939693, 0.0, 0.34202, -5e-06, 0.34202, 0.0, -0.939693, 1.891646, 0.0, 1.0, 0.0, 0.766266, 0.0, 0.0, 0.0, 1.0],
                [0.939693, 0.0, 0.34202, -5e-06, 0.34202, 0.0, -0.939693, 1.883029, 0.0, 1.0, 0.0, 0.7667, 0.0, 0.0, 0.0, 1.0],
                [0.939693, 0.0, 0.34202, -5e-06, 0.34202, 0.0, -0.939693, 1.873864, 0.0, 1.0, 0.0, 0.767161, 0.0, 0.0, 0.0, 1.0],
                [0.939693, 0.0, 0.34202, -5e-06, 0.34202, 0.0, -0.939693, 1.8642, 0.0, 1.0, 0.0, 0.767647, 0.0, 0.0, 0.0, 1.0],
                [0.939693, 0.0, 0.34202, -5e-06, 0.34202, 0.0, -0.939693, 1.854084, 0.0, 1.0, 0.0, 0.768156, 0.0, 0.0, 0.0, 1.0],
                [0.939693, 0.0, 0.34202, -5e-06, 0.34202, 0.0, -0.939693, 1.843563, 0.0, 1.0, 0.0, 0.768685, 0.0, 0.0, 0.0, 1.0],
                [0.939693, 0.0, 0.34202, -5e-06, 0.34202, 0.0, -0.939693, 1.832685, 0.0, 1.0, 0.0, 0.769233, 0.0, 0.0, 0.0, 1.0],
                [0.939693, 0.0, 0.34202, -5e-06, 0.34202, 0.0, -0.939693, 1.821498, 0.0, 1.0, 0.0, 0.769796, 0.0, 0.0, 0.0, 1.0],
                [0.939693, 0.0, 0.34202, -5e-06, 0.34202, 0.0, -0.939693, 1.81005, 0.0, 1.0, 0.0, 0.770372, 0.0, 0.0, 0.0, 1.0],
                [0.939693, 0.0, 0.34202, -5e-06, 0.34202, 0.0, -0.939693, 1.798387, 0.0, 1.0, 0.0, 0.770958, 0.0, 0.0, 0.0, 1.0],
                [0.939693, 0.0, 0.34202, -5e-06, 0.34202, 0.0, -0.939693, 1.786557, 0.0, 1.0, 0.0, 0.771554, 0.0, 0.0, 0.0, 1.0],
                [0.939693, 0.0, 0.34202, -5e-06, 0.34202, 0.0, -0.939693, 1.774609, 0.0, 1.0, 0.0, 0.772155, 0.0, 0.0, 0.0, 1.0],
                [0.939693, 0.0, 0.34202, -5e-06, 0.34202, 0.0, -0.939693, 1.762589, 0.0, 1.0, 0.0, 0.77276, 0.0, 0.0, 0.0, 1.0],
                [0.939693, 0.0, 0.34202, -5e-06, 0.34202, 0.0, -0.939693, 1.750545, 0.0, 1.0, 0.0, 0.773366, 0.0, 0.0, 0.0, 1.0],
                [0.939693, 0.0, 0.34202, -5e-06, 0.34202, 0.0, -0.939693, 1.738526, 0.0, 1.0, 0.0, 0.77397, 0.0, 0.0, 0.0, 1.0],
                [0.939693, 0.0, 0.34202, -5e-06, 0.34202, 0.0, -0.939693, 1.726577, 0.0, 1.0, 0.0, 0.774571, 0.0, 0.0, 0.0, 1.0],
                [0.939693, 0.0, 0.34202, -5e-06, 0.34202, 0.0, -0.939693, 1.714748, 0.0, 1.0, 0.0, 0.775167, 0.0, 0.0, 0.0, 1.0],
                [0.939693, 0.0, 0.34202, -5e-06, 0.34202, 0.0, -0.939693, 1.703085, 0.0, 1.0, 0.0, 0.775753, 0.0, 0.0, 0.0, 1.0],
                [0.939693, 0.0, 0.34202, -5e-06, 0.34202, 0.0, -0.939693, 1.691636, 0.0, 1.0, 0.0, 0.77633, 0.0, 0.0, 0.0, 1.0],
                [0.939693, 0.0, 0.34202, -5e-06, 0.34202, 0.0, -0.939693, 1.680449, 0.0, 1.0, 0.0, 0.776892, 0.0, 0.0, 0.0, 1.0],
                [0.939693, 0.0, 0.34202, -5e-06, 0.34202, 0.0, -0.939693, 1.669571, 0.0, 1.0, 0.0, 0.77744, 0.0, 0.0, 0.0, 1.0],
                [0.939693, 0.0, 0.34202, -5e-06, 0.34202, 0.0, -0.939693, 1.659051, 0.0, 1.0, 0.0, 0.777969, 0.0, 0.0, 0.0, 1.0],
                [0.939693, 0.0, 0.34202, -5e-06, 0.34202, 0.0, -0.939693, 1.648934, 0.0, 1.0, 0.0, 0.778478, 0.0, 0.0, 0.0, 1.0],
                [0.939693, 0.0, 0.34202, -5e-06, 0.34202, 0.0, -0.939693, 1.63927, 0.0, 1.0, 0.0, 0.778964, 0.0, 0.0, 0.0, 1.0],
                [0.939693, 0.0, 0.34202, -5e-06, 0.34202, 0.0, -0.939693, 1.630106, 0.0, 1.0, 0.0, 0.779425, 0.0, 0.0, 0.0, 1.0],
                [0.939693, 0.0, 0.34202, -5e-06, 0.34202, 0.0, -0.939693, 1.621488, 0.0, 1.0, 0.0, 0.779859, 0.0, 0.0, 0.0, 1.0],
                [0.939693, 0.0, 0.34202, -5e-06, 0.34202, 0.0, -0.939693, 1.613466, 0.0, 1.0, 0.0, 0.780263, 0.0, 0.0, 0.0, 1.0],
                [0.939693, 0.0, 0.34202, -5e-06, 0.34202, 0.0, -0.939693, 1.606086, 0.0, 1.0, 0.0, 0.780634, 0.0, 0.0, 0.0, 1.0],
                [0.939693, 0.0, 0.34202, -5e-06, 0.34202, 0.0, -0.939693, 1.599396, 0.0, 1.0, 0.0, 0.780971, 0.0, 0.0, 0.0, 1.0],
                [0.939693, 0.0, 0.34202, -5e-06, 0.34202, 0.0, -0.939693, 1.593444, 0.0, 1.0, 0.0, 0.78127, 0.0, 0.0, 0.0, 1.0],
                [0.939693, 0.0, 0.34202, -5e-06, 0.34202, 0.0, -0.939693, 1.588276, 0.0, 1.0, 0.0, 0.78153, 0.0, 0.0, 0.0, 1.0],
                [0.939693, 0.0, 0.34202, -5e-06, 0.34202, 0.0, -0.939693, 1.583942, 0.0, 1.0, 0.0, 0.781748, 0.0, 0.0, 0.0, 1.0],
                [0.939693, 0.0, 0.34202, -5e-06, 0.34202, 0.0, -0.939693, 1.580488, 0.0, 1.0, 0.0, 0.781922, 0.0, 0.0, 0.0, 1.0],
                [0.939693, 0.0, 0.34202, -5e-06, 0.34202, 0.0, -0.939693, 1.577962, 0.0, 1.0, 0.0, 0.782049, 0.0, 0.0, 0.0, 1.0],
                [0.939693, 0.0, 0.34202, -5e-06, 0.34202, 0.0, -0.939693, 1.576411, 0.0, 1.0, 0.0, 0.782127, 0.0, 0.0, 0.0, 1.0],
                [0.939693, 0.0, 0.34202, -5e-06, 0.34202, 0.0, -0.939693, 1.575884, 0.0, 1.0, 0.0, 0.782154, 0.0, 0.0, 0.0, 1.0],
                [0.939693, 0.0, 0.34202, -5e-06, 0.34202, 0.0, -0.939693, 1.575884, 0.0, 1.0, 0.0, 0.782154, 0.0, 0.0, 0.0, 1.0],
                [0.939693, 0.0, 0.34202, -5e-06, 0.34202, 0.0, -0.939693, 1.575884, 0.0, 1.0, 0.0, 0.782154, 0.0, 0.0, 0.0, 1.0],
                [0.939693, 0.0, 0.34202, -5e-06, 0.34202, 0.0, -0.939693, 1.575884, 0.0, 1.0, 0.0, 0.782154, 0.0, 0.0, 0.0, 1.0],
                [0.939693, 0.0, 0.34202, -5e-06, 0.34202, 0.0, -0.939693, 1.575884, 0.0, 1.0, 0.0, 0.782154, 0.0, 0.0, 0.0, 1.0],
                [0.939693, 0.0, 0.34202, -5e-06, 0.34202, 0.0, -0.939693, 1.575884, 0.0, 1.0, 0.0, 0.782154, 0.0, 0.0, 0.0, 1.0],
                [0.939693, 0.0, 0.34202, -5e-06, 0.34202, 0.0, -0.939693, 1.575884, 0.0, 1.0, 0.0, 0.782154, 0.0, 0.0, 0.0, 1.0],
                [0.939693, 0.0, 0.34202, -5e-06, 0.34202, 0.0, -0.939693, 1.575884, 0.0, 1.0, 0.0, 0.782154, 0.0, 0.0, 0.0, 1.0],
                [0.939693, 0.0, 0.34202, -5e-06, 0.34202, 0.0, -0.939693, 1.575884, 0.0, 1.0, 0.0, 0.782154, 0.0, 0.0, 0.0, 1.0],
                [0.939693, 0.0, 0.34202, -5e-06, 0.34202, 0.0, -0.939693, 1.575884, 0.0, 1.0, 0.0, 0.782154, 0.0, 0.0, 0.0, 1.0]
            ]
        },
        {
            "name": "Thigh_R",
            "time": [0.0, 0.0167, 0.0333, 0.05, 0.0667, 0.0833, 0.1, 0.1167, 0.1333, 0.15, 0.1667, 0.1833, 0.2, 0.2167, 0.2333, 0.25, 0.2667, 0.2833, 0.3, 0.3167, 0.3333, 0.35, 0.3667, 0.3833, 0.4, 0.4167, 0.4333, 0.45, 0.4667, 0.4833, 0.5, 0.5167, 0.5333, 0.55, 0.5667, 0.5833, 0.6, 0.6167, 0.6333, 0.65, 0.6667, 0.6833, 0.7, 0.7167, 0.7333, 0.75, 0.7667, 0.7833, 0.8, 0.8167, 0.8333, 0.85, 0.8667, 0.8833, 0.9, 0.9167, 0.9333, 0.95, 0.9667, 0.9833, 1.0, 1.0167, 1.0333, 1.05, 1.0667, 1.0833, 1.1, 1.1167, 1.1333, 1.15, 1.1667, 1.1833, 1.2, 1.2167, 1.2333, 1.25, 1.2667, 1.2833, 1.3, 1.3167, 1.3333, 1.35, 1.3667, 1.3833, 1.4, 1.4167, 1.4333, 1.45, 1.4667, 1.4833, 1.5, 1.5167, 1.5333, 1.55, 1.5667, 1.5833, 1.6, 1.6167, 1.6333, 1.65, 1.6667, 1.6833, 1.7, 1.7167, 1.7333, 1.75, 1.7667, 1.7833, 1.8, 1.8167, 1.8333, 1.85, 1.8667, 1.8833, 1.9, 1.9167, 1.9333, 1.95, 1.9667, 1.9833, 2.0, 2.0167, 2.0333, 2.05, 2.0667, 2.0833, 2.1, 2.1167, 2.1333, 2.15, 2.1667, 2.1833, 2.2, 2.2167, 2.2333, 2.25, 2.2667, 2.2833, 2.3, 2.3167, 2.3333, 2.35, 2.3667, 2.3833, 2.4, 2.4167, 2.4333, 2.45, 2.4667, 2.4833, 2.7333],
            "transform": [
                [-0.230653, -0.105769, 0.96727, 0.124994, 0.639801, -0.765448, 0.068865, -0.002831, 0.733112, 0.634745, 0.244225, -1.2e-05, 0.0, 0.0, 0.0, 1.0],
                [-0.226387, -0.10386, 0.968484, 0.124994, 0.639252, -0.766049, 0.067277, -0.002831, 0.734919, 0.634336, 0.239817, -1.2e-05, 0.0, 0.0, 0.0, 1.0],
                [-0.214078, -0.098379, 0.97185, 0.124994, 0.637634, -0.76778, 0.062736, -0.002831, 0.739996, 0.633115, 0.227095, -1.2e-05, 0.0, 0.0, 0.0, 1.0],
                [-0.194409, -0.089714, 0.976809, 0.124994, 0.634945, -0.770554, 0.055599, -0.002831, 0.747697, 0.631029, 0.206766, -1.2e-05, 0.0, 0.0, 0.0, 1.0],
                [-0.168035, -0.078271, 0.982669, 0.124994, 0.631138, -0.77429, 0.04625, -0.002831, 0.75725, 0.627972, 0.179508, -1.2e-05, 0.0, 0.0, 0.0, 1.0],
                [-0.135617, -0.064481, 0.988661, 0.124994, 0.626152, -0.778911, 0.03509, -0.002831, 0.767816, 0.623811, 0.146008, -1.2e-05, 0.0, 0.0, 0.0, 1.0],
                [-0.097861, -0.048786, 0.994004, 0.124994, 0.619928, -0.784335, 0.022537, -0.002831, 0.778532, 0.618416, 0.107, -1.2e-05, 0.0, 0.0, 0.0, 1.0],
                [-0.055537, -0.031647, 0.997955, 0.124994, 0.612436, -0.790468, 0.009015, -0.002831, 0.788567, 0.611685, 0.063282, -1.2e-05, 0.0, 0.0, 0.0, 1.0],
                [-0.009489, -0.013525, 0.999863, 0.124994, 0.603688, -0.797204, -0.005055, -0.002831, 0.797164, 0.603558, 0.015729, -1.2e-05, 0.0, 0.0, 0.0, 1.0],
                [0.039369, 0.005126, 0.999212, 0.124994, 0.593749, -0.804419, -0.019267, -0.002831, 0.803687, 0.594039, -0.034712, -1.2e-05, 0.0, 0.0, 0.0, 1.0],
                [0.090069, 0.023874, 0.995649, 0.124994, 0.582739, -0.811979, -0.033246, -0.002831, 0.807652, 0.583199, -0.087046, -1.2e-05, 0.0, 0.0, 0.0, 1.0],
                [0.141619, 0.042328, 0.989016, 0.124994, 0.570841, -0.819733, -0.046657, -0.002831, 0.808755, 0.571179, -0.140253, -1.2e-05, 0.0, 0.0, 0.0, 1.0],
                [0.193038, 0.060144, 0.979346, 0.124994, 0.558288, -0.827531, -0.059223, -0.002831, 0.806878, 0.558189, -0.193323, -1.2e-05, 0.0, 0.0, 0.0, 1.0],
                [0.243385, 0.077047, 0.966864, 0.124994, 0.545355, -0.835215, -0.070724, -0.002831, 0.802091, 0.544498, -0.245297, -1.2e-05, 0.0, 0.0, 0.0, 1.0],
                [0.291793, 0.092826, 0.951966, 0.124994, 0.532354, -0.842637, -0.08101, -0.002831, 0.794642, 0.530421, -0.295292, -1.2e-05, 0.0, 0.0, 0.0, 1.0],
                [0.337487, 0.107345, 0.935189, 0.124994, 0.519612, -0.84965, -0.08999, -0.002831, 0.784924, 0.516307, -0.342524, -1.2e-05, 0.0, 0.0, 0.0, 1.0],
                [0.379799, 0.120532, 0.917183, 0.124994, 0.50747, -0.85612, -0.097632, -0.002831, 0.773451, 0.502524, -0.38632, -1.2e-05, 0.0, 0.0, 0.0, 1.0],
                [0.418163, 0.132378, 0.898674, 0.124994, 0.496268, -0.861923, -0.103955, -0.002831, 0.760827, 0.489454, -0.426119, -1.2e-05, 0.0, 0.0, 0.0, 1.0],
                [0.452102, 0.142918, 0.880442, 0.124994, 0.486344, -0.866941, -0.109008, -0.002831, 0.747712, 0.477481, -0.461454, -1.2e-05, 0.0, 0.0, 0.0, 1.0],
                [0.481206, 0.152224, 0.863289, 0.124994, 0.478032, -0.87106, -0.112865, -0.002831, 0.734796, 0.466992, -0.491928, -1.2e-05, 0.0, 0.0, 0.0, 1.0],
                [0.505093, 0.160383, 0.848032, 0.124994, 0.471668, -0.874166, -0.115602, -0.002831, 0.72278, 0.458379, -0.517182, -1.2e-05, 0.0, 0.0, 0.0, 1.0],
                [0.525171, 0.167721, 0.834305, 0.124994, 0.466625, -0.876615, -0.117501, -0.002831, 0.711657, 0.451016, -0.538636, -1.2e-05, 0.0, 0.0, 0.0, 1.0],
                [0.543301, 0.174711, 0.821158, 0.124994, 0.461868, -0.878987, -0.118571, -0.002831, 0.701072, 0.443686, -0.558248, -1.2e-05, 0.0, 0.0, 0.0, 1.0],
                [0.559787, 0.181654, 0.808481, 0.124994, 0.457117, -0.881484, -0.118448, -0.002831, 0.691146, 0.435876, -0.57648, -1.2e-05, 0.0, 0.0, 0.0, 1.0],
                [0.574944, 0.188832, 0.796105, 0.124994, 0.452085, -0.884302, -0.116743, -0.002831, 0.681952, 0.427028, -0.593792, -1.2e-05, 0.0, 0.0, 0.0, 1.0],
                [0.589097, 0.196508, 0.783804, 0.124994, 0.446483, -0.887623, -0.113034, -0.002831, 0.673511, 0.416544, -0.610635, -1.2e-05, 0.0, 0.0, 0.0, 1.0],
                [0.602581, 0.204927, 0.771298, 0.124994, 0.440016, -0.891607, -0.106873, -0.002831, 0.665794, 0.403783, -0.627437, -1.2e-05, 0.0, 0.0, 0.0, 1.0],
                [0.615736, 0.214307, 0.75825, 0.124994, 0.432381, -0.896374, -0.097769, -0.002831, 0.658723, 0.388053, -0.644592, -1.2e-05, 0.0, 0.0, 0.0, 1.0],
                [0.628911, 0.224832, 0.744259, 0.124994, 0.423272, -0.901988, -0.085192, -0.002831, 0.652159, 0.368603, -0.662435, -1.2e-05, 0.0, 0.0, 0.0, 1.0],
                [0.642467, 0.236644, 0.728859, 0.124994, 0.412378, -0.90843, -0.068552, -0.002831, 0.645895, 0.344608, -0.681223, -1.2e-05, 0.0, 0.0, 0.0, 1.0],
                [0.656773, 0.249817, 0.711506, 0.124994, 0.399388, -0.915566, -0.047201, -0.002831, 0.639639, 0.315167, -0.701093, -1.2e-05, 0.0, 0.0, 0.0, 1.0],
                [0.672209, 0.264334, 0.691565, 0.124994, 0.384003, -0.923106, -0.02042, -0.002831, 0.63299, 0.27929, -0.722025, -1.2e-05, 0.0, 0.0, 0.0, 1.0],
                [0.689153, 0.280047, 0.668313, 0.124994, 0.36595, -0.930549, 0.012571, -0.002831, 0.625418, 0.235906, -0.743774, -1.2e-05, 0.0, 0.0, 0.0, 1.0],
                [0.707974, 0.296626, 0.640926, 0.124994, 0.345015, -0.937122, 0.052601, -0.002831, 0.616229, 0.183889, -0.765798, -1.2e-05, 0.0, 0.0, 0.0, 1.0],
                [0.729001, 0.313495, 0.608505, 0.124994, 0.321077, -0.941705, 0.100499, -0.002831, 0.604538, 0.122113, -0.787161, -1.2e-05, 0.0, 0.0, 0.0, 1.0],
                [0.752489, 0.329758, 0.570105, 0.124994, 0.294182, -0.942763, 0.157016, -0.002831, 0.589251, 0.049562, -0.806428, -1.2e-05, 0.0, 0.0, 0.0, 1.0],
                [0.778554, 0.344124, 0.524816, 0.124994, 0.264614, -0.93829, 0.22269, -0.002831, 0.569063, -0.034502, -0.82157, -1.2e-05, 0.0, 0.0, 0.0, 1.0],
                [0.806901, 0.354799, 0.472259, 0.124994, 0.233214, -0.925912, 0.29715, -0.002831, 0.542699, -0.129634, -0.829864, -1.2e-05, 0.0, 0.0, 0.0, 1.0],
                [0.836227, 0.359702, 0.413932, 0.124994, 0.201929, -0.903758, 0.377419, -0.002831, 0.509853, -0.232023, -0.828381, -1.2e-05, 0.0, 0.0, 0.0, 1.0],
                [0.864955, 0.357396, 0.352309, 0.124994, 0.172821, -0.871206, 0.459492, -0.002831, 0.471154, -0.336553, -0.815319, -1.2e-05, 0.0, 0.0, 0.0, 1.0],
                [0.891634, 0.347475, 0.290259, 0.124994, 0.147555, -0.829104, 0.539271, -0.002831, 0.428039, -0.438003, -0.790529, -1.2e-05, 0.0, 0.0, 0.0, 1.0],
                [0.915134, 0.330641, 0.230665, 0.124994, 0.127169, -0.779696, 0.613109, -0.002831, 0.382568, -0.531743, -0.755573, -1.2e-05, 0.0, 0.0, 0.0, 1.0],
                [0.934779, 0.308543, 0.176037, 0.124994, 0.111978, -0.726235, 0.678265, -0.002831, 0.337118, -0.614316, -0.713419, -1.2e-05, 0.0, 0.0, 0.0, 1.0],
                [0.950373, 0.283448, 0.128253, 0.124994, 0.101628, -0.672464, 0.733119, -0.002831, 0.294046, -0.683703, -0.667898, -1.2e-05, 0.0, 0.0, 0.0, 1.0],
                [0.96212, 0.257869, 0.088485, 0.124994, 0.095269, -0.622112, 0.77711, -0.002831, 0.25544, -0.739243, -0.623113, -1.2e-05, 0.0, 0.0, 0.0, 1.0],
                [0.970486, 0.23425, 0.057311, 0.124994, 0.091788, -0.578558, 0.81046, -0.002831, 0.223008, -0.781279, -0.582984, -1.2e-05, 0.0, 0.0, 0.0, 1.0],
                [0.976038, 0.214779, 0.034932, 0.124994, 0.090022, -0.544701, 0.833785, -0.002831, 0.198107, -0.810661, -0.550983, -1.2e-05, 0.0, 0.0, 0.0, 1.0],
                [0.979294, 0.201305, 0.021455, 0.124994, 0.088937, -0.522997, 0.847682, -0.002831, 0.181864, -0.828221, -0.530071, -1.2e-05, 0.0, 0.0, 0.0, 1.0],
                [0.980585, 0.195342, 0.01718, 0.124994, 0.08778, -0.515599, 0.852321, -0.002831, 0.175352, -0.834265, -0.522736, -1.2e-05, 0.0, 0.0, 0.0, 1.0],
                [0.980919, 0.193611, 0.0177, 0.124994, 0.086477, -0.516035, 0.85219, -0.002831, 0.174127, -0.834399, -0.522932, -1.2e-05, 0.0, 0.0, 0.0, 1.0],
                [0.981228, 0.19199, 0.018192, 0.124994, 0.085261, -0.516487, 0.85204, -0.002831, 0.172979, -0.834495, -0.523161, -1.2e-05, 0.0, 0.0, 0.0, 1.0],
                [0.981515, 0.190475, 0.018656, 0.124994, 0.084128, -0.516951, 0.851871, -0.002831, 0.171904, -0.834554, -0.52342, -1.2e-05, 0.0, 0.0, 0.0, 1.0],
                [0.981779, 0.189062, 0.019095, 0.124994, 0.083077, -0.517427, 0.851685, -0.002831, 0.170902, -0.83458, -0.523706, -1.2e-05, 0.0, 0.0, 0.0, 1.0],
                [0.982023, 0.187749, 0.019508, 0.124994, 0.082103, -0.517914, 0.851484, -0.002831, 0.169969, -0.834575, -0.524018, -1.2e-05, 0.0, 0.0, 0.0, 1.0],
                [0.982248, 0.186531, 0.019897, 0.124994, 0.081203, -0.518408, 0.851269, -0.002831, 0.169103, -0.834541, -0.524352, -1.2e-05, 0.0, 0.0, 0.0, 1.0],
                [0.982454, 0.185404, 0.020261, 0.124994, 0.080376, -0.51891, 0.851042, -0.002831, 0.168301, -0.834481, -0.524707, -1.2e-05, 0.0, 0.0, 0.0, 1.0],
                [0.982642, 0.184366, 0.020602, 0.124994, 0.079616, -0.519415, 0.850804, -0.002831, 0.16756, -0.834396, -0.525078, -1.2e-05, 0.0, 0.0, 0.0, 1.0],
                [0.982814, 0.183412, 0.02092, 0.124994, 0.078923, -0.519924, 0.850558, -0.002831, 0.16688, -0.834289, -0.525464, -1.2e-05, 0.0, 0.0, 0.0, 1.0],
                [0.98297, 0.182539, 0.021217, 0.124994, 0.078292, -0.520434, 0.850305, -0.002831, 0.166256, -0.834163, -0.525862, -1.2e-05, 0.0, 0.0, 0.0, 1.0],
                [0.983111, 0.181744, 0.021492, 0.124994, 0.077721, -0.520943, 0.850046, -0.002831, 0.165687, -0.834019, -0.52627, -1.2e-05, 0.0, 0.0, 0.0, 1.0],
                [0.983239, 0.181022, 0.021747, 0.124994, 0.077207, -0.521448, 0.849782, -0.002831, 0.165169, -0.83386, -0.526685, -1.2e-05, 0.0, 0.0, 0.0, 1.0],
                [0.983353, 0.18037, 0.021983, 0.124994, 0.076747, -0.521949, 0.849517, -0.002831, 0.164701, -0.833688, -0.527104, -1.2e-05, 0.0, 0.0, 0.0, 1.0],
                [0.983455, 0.179785, 0.022199, 0.124994, 0.076338, -0.522444, 0.849249, -0.002831, 0.16428, -0.833504, -0.527525, -1.2e-05, 0.0, 0.0, 0.0, 1.0],
                [0.983546, 0.179263, 0.022398, 0.124994, 0.075976, -0.522929, 0.848983, -0.002831, 0.163904, -0.833313, -0.527945, -1.2e-05, 0.0, 0.0, 0.0, 1.0],
                [0.983626, 0.1788, 0.022579, 0.124994, 0.07566, -0.523404, 0.848719, -0.002831, 0.163569, -0.833114, -0.528362, -1.2e-05, 0.0, 0.0, 0.0, 1.0],
                [0.983696, 0.178394, 0.022744, 0.124994, 0.075386, -0.523866, 0.848458, -0.002831, 0.163274, -0.832911, -0.528773, -1.2e-05, 0.0, 0.0, 0.0, 1.0],
                [0.983757, 0.178039, 0.022893, 0.124994, 0.075151, -0.524313, 0.848203, -0.002831, 0.163016, -0.832705, -0.529176, -1.2e-05, 0.0, 0.0, 0.0, 1.0],
                [0.983809, 0.177733, 0.023026, 0.124994, 0.074952, -0.524743, 0.847954, -0.002831, 0.162793, -0.8325, -0.529569, -1.2e-05, 0.0, 0.0, 0.0, 1.0],
                [0.983854, 0.177472, 0.023146, 0.124994, 0.074787, -0.525154, 0.847714, -0.002831, 0.162601, -0.832296, -0.529948, -1.2e-05, 0.0, 0.0, 0.0, 1.0],
                [0.983891, 0.177253, 0.023251, 0.124994, 0.074652, -0.525544, 0.847484, -0.002831, 0.162439, -0.832096, -0.530311, -1.2e-05, 0.0, 0.0, 0.0, 1.0],
                [0.983921, 0.177072, 0.023344, 0.124994, 0.074544, -0.525912, 0.847266, -0.002831, 0.162304, -0.831903, -0.530655, -1.2e-05, 0.0, 0.0, 0.0, 1.0],
                [0.983946, 0.176925, 0.023425, 0.124994, 0.074461, -0.526254, 0.847061, -0.002831, 0.162194, -0.831718, -0.530979, -1.2e-05, 0.0, 0.0, 0.0, 1.0],
                [0.983965, 0.176809, 0.023494, 0.124994, 0.074399, -0.526569, 0.846871, -0.002831, 0.162105, -0.831543, -0.53128, -1.2e-05, 0.0, 0.0, 0.0, 1.0],
                [0.983979, 0.17672, 0.023552, 0.124994, 0.074355, -0.526854, 0.846697, -0.002831, 0.162037, -0.831381, -0.531554, -1.2e-05, 0.0, 0.0, 0.0, 1.0],
                [0.98399, 0.176654, 0.023601, 0.124994, 0.074327, -0.527109, 0.846541, -0.002831, 0.161985, -0.831234, -0.5318, -1.2e-05, 0.0, 0.0, 0.0, 1.0],
                [0.983997, 0.176609, 0.02364, 0.124994, 0.074312, -0.52733, 0.846405, -0.002831, 0.161948, -0.831103, -0.532015, -1.2e-05, 0.0, 0.0, 0.0, 1.0],
                [0.984002, 0.17658, 0.02367, 0.124994, 0.074306, -0.527515, 0.84629, -0.002831, 0.161924, -0.830992, -0.532197, -1.2e-05, 0.0, 0.0, 0.0, 1.0],
                [0.984004, 0.176563, 0.023692, 0.124994, 0.074306, -0.527663, 0.846197, -0.002831, 0.161909, -0.830901, -0.532343, -1.2e-05, 0.0, 0.0, 0.0, 1.0],
                [0.984005, 0.176556, 0.023707, 0.124994, 0.07431, -0.527771, 0.846129, -0.002831, 0.161901, -0.830834, -0.53245, -1.2e-05, 0.0, 0.0, 0.0, 1.0],
                [0.984005, 0.176555, 0.023716, 0.124994, 0.074315, -0.527838, 0.846088, -0.002831, 0.161899, -0.830792, -0.532516, -1.2e-05, 0.0, 0.0, 0.0, 1.0],
                [0.984005, 0.176555, 0.023719, 0.124994, 0.074317, -0.52786, 0.846073, -0.002831, 0.161898, -0.830778, -0.532539, -1.2e-05, 0.0, 0.0, 0.0, 1.0],
                [0.984005, 0.176555, 0.023719, 0.124994, 0.074317, -0.52786, 0.846073, -0.002831, 0.161898, -0.830778, -0.532539, -1.2e-05, 0.0, 0.0, 0.0, 1.0],
                [0.984005, 0.176555, 0.023719, 0.124994, 0.074317, -0.52786, 0.846073, -0.002831, 0.161898, -0.830778, -0.532539, -1.2e-05, 0.0, 0.0, 0.0, 1.0],
                [0.984005, 0.176555, 0.023719, 0.124994, 0.074317, -0.52786, 0.846073, -0.002831, 0.161898, -0.830778, -0.532539, -1.2e-05, 0.0, 0.0, 0.0, 1.0],
                [0.984005, 0.176555, 0.023719, 0.124994, 0.074317, -0.52786, 0.846073, -0.002831, 0.161898, -0.830778, -0.532539, -1.2e-05, 0.0, 0.0, 0.0, 1.0],
                [0.984005, 0.176555, 0.023719, 0.124994, 0.074317, -0.52786, 0.846073, -0.002831, 0.161898, -0.830778, -0.532539, -1.2e-05, 0.0, 0.0, 0.0, 1.0],
                [0.984005, 0.176555, 0.023719, 0.124994, 0.074317, -0.52786, 0.846073, -0.002831, 0.161898, -0.830778, -0.532539, -1.2e-05, 0.0, 0.0, 0.0, 1.0],
                [0.984005, 0.176555, 0.023719, 0.124994, 0.074317, -0.52786, 0.846073, -0.002831, 0.161898, -0.830778, -0.532539, -1.2e-05, 0.0, 0.0, 0.0, 1.0],
                [0.984005, 0.176555, 0.023719, 0.124994, 0.074317, -0.52786, 0.846073, -0.002831, 0.161898, -0.830778, -0.532539, -1.2e-05, 0.0, 0.0, 0.0, 1.0],
                [0.984005, 0.176555, 0.023719, 0.124994, 0.074317, -0.52786, 0.846073, -0.002831, 0.161898, -0.830778, -0.532539, -1.2e-05, 0.0, 0.0, 0.0, 1.0],
                [0.984005, 0.176555, 0.023719, 0.124994, 0.074317, -0.52786, 0.846073, -0.002831, 0.161898, -0.830778, -0.532539, -1.2e-05, 0.0, 0.0, 0.0, 1.0],
                [0.984005, 0.176555, 0.023719, 0.124994, 0.074317, -0.52786, 0.846073, -0.002831, 0.161898, -0.830778, -0.532539, -1.2e-05, 0.0, 0.0, 0.0, 1.0],
                [0.984005, 0.176555, 0.023719, 0.124994, 0.074317, -0.52786, 0.846073, -0.002831, 0.161898, -0.830778, -0.532539, -1.2e-05, 0.0, 0.0, 0.0, 1.0],
                [0.984005, 0.176555, 0.023719, 0.124994, 0.074317, -0.52786, 0.846073, -0.002831, 0.161898, -0.830778, -0.532539, -1.2e-05, 0.0, 0.0, 0.0, 1.0],
                [0.984005, 0.176555, 0.023719, 0.124994, 0.074317, -0.52786, 0.846073, -0.002831, 0.161898, -0.830778, -0.532539, -1.2e-05, 0.0, 0.0, 0.0, 1.0],
