{
    "animation": [
        {
            "name": "Root",
            "time": [0.0, 0.0167, 0.0333, 0.05, 0.0667, 0.0833, 0.1, 0.1167, 0.1333, 0.15, 0.1667, 0.1833, 0.2, 0.2167, 0.2333, 0.25, 0.2667, 0.2833, 0.3, 0.3167, 0.3333, 0.35, 0.3667, 0.3833, 0.4, 0.4167, 0.4333, 0.45, 0.4667, 0.4833, 0.5, 0.5167, 0.5333, 0.55, 0.5667, 0.5833, 0.6, 0.6167, 0.6333, 0.65, 0.6667, 0.6833, 0.7, 0.7167, 0.7333, 0.75, 0.7667, 0.7833, 0.8, 0.8167, 0.8333, 0.85, 0.8667, 0.8833, 0.9, 0.9167, 0.9333, 0.95, 0.9667, 0.9833, 1.0, 1.0167, 1.0333, 1.05, 1.0667, 1.0833, 1.1, 1.1167, 1.1333, 1.15, 1.1667, 1.1833, 1.2, 1.2167, 1.2333, 1.25, 1.2667, 1.2833, 1.3, 1.3167, 1.3333, 1.35, 1.3667, 1.3833, 1.4, 1.4167, 1.4333, 1.45, 1.4667, 1.4833, 1.5, 1.5167, 1.5333, 1.55, 1.5667, 1.5833, 1.6, 1.6167, 1.6333, 1.65, 1.6667, 1.6833, 1.7, 1.7167, 1.7333, 1.75, 1.7667, 1.7833, 1.8, 1.8167, 1.8333, 1.85, 1.8667, 1.8833, 1.9, 1.9167, 1.9333, 1.95, 1.9667, 1.9833, 2.0, 2.0167, 2.0333, 2.05, 2.0667, 2.0833, 2.1, 2.1167, 2.1333, 2.15, 2.1667, 2.1833, 2.2, 2.2167, 2.2333, 2.25, 2.2667, 2.2833, 2.3, 2.3167, 2.3333, 2.35, 2.3667, 2.3833, 2.4, 2.4167, 2.4333, 2.45, 2.4667, 2.4833, 2.5, 2.5167, 2.5333, 2.55, 2.5667, 2.5833, 2.6, 2.6167, 2.6333, 2.65, 2.6667, 2.6833, 2.7, 2.7167, 2.7333, 2.75, 2.7667, 2.7833, 2.8, 2.8167, 2.8333, 2.85, 2.8667, 2.8833, 2.9, 2.9167, 2.9333, 2.95, 2.9667, 2.9833, 3.0, 3.0167, 3.0333, 3.05, 3.0667, 3.0833, 3.1, 3.1167, 3.1333, 3.15, 3.1667, 3.1833, 3.2, 3.2167, 3.2333, 3.25, 3.2667, 3.2833, 3.3, 3.3167, 3.3333, 3.35, 3.3667, 3.3833, 3.4, 3.4167, 3.5333],
            "transform": [
                [0.642788, 0.0, 0.766045, -5e-06, 0.766045, 0.0, -0.642788, 0.000946, 0.0, 1.0, 0.0, 0.53472, 0.0, 0.0, 0.0, 1.0],
                [0.641303, 0.0, 0.767288, -5e-06, 0.767288, 0.0, -0.641303, 0.00093, 0.0, 1.0, 0.0, 0.53472, 0.0, 0.0, 0.0, 1.0],
                [0.637044, 0.0, 0.770828, -5e-06, 0.770828, 0.0, -0.637044, 0.000818, 0.0, 1.0, 0.0, 0.53472, 0.0, 0.0, 0.0, 1.0],
                [0.63029, 0.0, 0.77636, -5e-06, 0.77636, 0.0, -0.63029, 0.000513, 0.0, 1.0, 0.0, 0.53472, 0.0, 0.0, 0.0, 1.0],
                [0.621312, 0.0, 0.783563, -5e-06, 0.783563, 0.0, -0.621312, -8.1e-05, 0.0, 1.0, 0.0, 0.53472, 0.0, 0.0, 0.0, 1.0],
                [0.610376, 0.0, 0.792112, -5e-06, 0.792112, 0.0, -0.610376, -0.00106, 0.0, 1.0, 0.0, 0.53472, 0.0, 0.0, 0.0, 1.0],
                [0.597753, 0.0, 0.801681, -5e-06, 0.801681, 0.0, -0.597753, -0.00252, 0.0, 1.0, 0.0, 0.53472, 0.0, 0.0, 0.0, 1.0],
                [0.583719, 0.0, 0.811956, -5e-06, 0.811956, 0.0, -0.583719, -0.004558, 0.0, 1.0, 0.0, 0.53472, 0.0, 0.0, 0.0, 1.0],
                [0.568564, 0.0, 0.822639, -5e-06, 0.822639, 0.0, -0.568564, -0.007271, 0.0, 1.0, 0.0, 0.53472, 0.0, 0.0, 0.0, 1.0],
                [0.552592, 0.0, 0.833452, -5e-06, 0.833452, 0.0, -0.552592, -0.010753, 0.0, 1.0, 0.0, 0.53472, 0.0, 0.0, 0.0, 1.0],
                [0.536116, 0.0, 0.844144, -5e-06, 0.844144, 0.0, -0.536116, -0.015103, 0.0, 1.0, 0.0, 0.53472, 0.0, 0.0, 0.0, 1.0],
                [0.519468, 0.0, 0.85449, -5e-06, 0.85449, 0.0, -0.519468, -0.020415, 0.0, 1.0, 0.0, 0.53472, 0.0, 0.0, 0.0, 1.0],
                [0.502986, 0.0, 0.864295, -5e-06, 0.864295, 0.0, -0.502986, -0.026786, 0.0, 1.0, 0.0, 0.53472, 0.0, 0.0, 0.0, 1.0],
                [0.487022, 0.0, 0.87339, -5e-06, 0.87339, 0.0, -0.487022, -0.034313, 0.0, 1.0, 0.0, 0.53472, 0.0, 0.0, 0.0, 1.0],
                [0.471935, 0.0, 0.881633, -5e-06, 0.881633, 0.0, -0.471935, -0.043092, 0.0, 1.0, 0.0, 0.53472, 0.0, 0.0, 0.0, 1.0],
                [0.45809, 0.0, 0.888906, -5e-06, 0.888906, 0.0, -0.45809, -0.053219, 0.0, 1.0, 0.0, 0.53472, 0.0, 0.0, 0.0, 1.0],
                [0.445859, 0.0, 0.895103, -5e-06, 0.895103, 0.0, -0.445859, -0.064791, 0.0, 1.0, 0.0, 0.53472, 0.0, 0.0, 0.0, 1.0],
                [0.435616, 0.0, 0.900133, -5e-06, 0.900133, 0.0, -0.435616, -0.077903, 0.0, 1.0, 0.0, 0.53472, 0.0, 0.0, 0.0, 1.0],
                [0.427741, 0.0, 0.903901, -5e-06, 0.903901, 0.0, -0.427741, -0.096929, 0.0, 1.0, 0.0, 0.53472, 0.0, 0.0, 0.0, 1.0],
                [0.422618, 0.0, 0.906308, -5e-06, 0.906308, 0.0, -0.422618, -0.125861, 0.0, 1.0, 0.0, 0.53472, 0.0, 0.0, 0.0, 1.0],
                [0.442425, -0.001721, 0.896804, -5e-06, 0.896805, 0.000839, -0.442425, -0.164225, 9e-06, 0.999998, 0.001915, 0.53472, 0.0, 0.0, 0.0, 1.0],
                [0.505472, -0.006645, 0.862817, -5e-06, 0.862843, 0.00353, -0.50546, -0.211544, 0.000313, 0.999972, 0.007518, 0.53472, 0.0, 0.0, 0.0, 1.0],
                [0.605369, -0.014336, 0.795816, -5e-06, 0.795943, 0.008733, -0.605308, -0.267344, 0.001728, 0.999859, 0.016697, 0.53472, 0.0, 0.0, 0.0, 1.0],
                [0.731063, -0.024003, 0.681888, -5e-06, 0.682287, 0.017519, -0.730874, -0.33115, 0.005597, 0.999558, 0.029184, 0.53472, 0.0, 0.0, 0.0, 1.0],
                [0.861748, -0.034112, 0.506188, -5e-06, 0.507152, 0.031049, -0.861297, -0.402487, 0.013664, 0.998936, 0.044056, 0.53472, 0.0, 0.0, 0.0, 1.0],
                [0.964032, -0.042153, 0.262424, -5e-06, 0.26436, 0.049863, -0.963134, -0.480878, 0.027514, 0.997866, 0.059213, 0.53472, 0.0, 0.0, 0.0, 1.0],
                [0.998391, -0.045111, -0.034356, -5e-06, -0.031009, 0.07291, -0.996856, -0.565851, 0.047474, 0.996318, 0.071394, 0.53472, 0.0, 0.0, 0.0, 1.0],
                [0.938362, -0.040903, -0.343226, -5e-06, -0.338149, 0.097172, -0.936062, -0.656928, 0.07164, 0.994427, 0.077351, 0.53472, 0.0, 0.0, 0.0, 1.0],
                [0.789248, -0.029828, -0.61335, -5e-06, -0.606471, 0.118836, -0.786175, -0.753635, 0.096339, 0.992466, 0.075701, 0.53472, 0.0, 0.0, 0.0, 1.0],
                [0.585327, -0.014409, -0.810669, -5e-06, -0.802154, 0.135312, -0.581584, -0.855497, 0.118074, 0.990698, 0.067644, 0.53472, 0.0, 0.0, 0.0, 1.0],
                [0.367761, 0.00226, -0.929918, -5e-06, -0.920052, 0.146179, -0.363504, -0.962039, 0.135113, 0.989256, 0.055838, 0.53472, 0.0, 0.0, 0.0, 1.0],
                [0.166024, 0.017933, -0.985959, -5e-06, -0.975023, 0.152572, -0.161408, -1.072786, 0.147535, 0.98813, 0.042816, 0.53472, 0.0, 0.0, 0.0, 1.0],
                [-0.006048, 0.031541, -0.999484, -5e-06, -0.987678, 0.156119, 0.010903, -1.187261, 0.156383, 0.987234, 0.030208, 0.53472, 0.0, 0.0, 0.0, 1.0],
                [-0.145514, 0.04285, -0.988428, -5e-06, -0.975849, 0.158308, 0.150525, -1.304992, 0.162926, 0.986459, 0.018778, 0.53472, 0.0, 0.0, 0.0, 1.0],
                [-0.254593, 0.052035, -0.965648, -5e-06, -0.952285, 0.160328, 0.259709, -1.425501, 0.168334, 0.985691, 0.008734, 0.53472, 0.0, 0.0, 0.0, 1.0],
                [-0.336824, 0.059391, -0.939693, -5e-06, -0.925417, 0.163176, 0.34202, -1.548314, 0.173648, 0.984808, 0.0, 0.53472, 0.0, 0.0, 0.0, 1.0],
                [-0.409917, 0.065759, -0.909749, -5e-06, -0.89446, 0.166351, 0.415052, -1.672957, 0.178631, 0.983871, -0.009371, 0.53472, 0.0, 0.0, 0.0, 1.0],
                [-0.489375, 0.071834, -0.86911, -5e-06, -0.852847, 0.168691, 0.49416, -1.798953, 0.182109, 0.983048, -0.02129, 0.53472, 0.0, 0.0, 0.0, 1.0],
                [-0.574565, 0.077644, -0.814768, -5e-06, -0.797604, 0.170174, 0.578678, -1.925828, 0.183583, 0.98235, -0.035847, 0.53472, 0.0, 0.0, 0.0, 1.0],
                [-0.663927, 0.083173, -0.743158, -5e-06, -0.725219, 0.17075, 0.66701, -2.053106, 0.182372, 0.981798, -0.053047, 0.53472, 0.0, 0.0, 0.0, 1.0],
                [-0.754497, 0.088351, -0.65033, -5e-06, -0.631818, 0.170357, 0.756164, -2.180312, 0.177596, 0.981414, -0.072712, 0.53472, 0.0, 0.0, 0.0, 1.0],
                [-0.841354, 0.093037, -0.532416, -5e-06, -0.513642, 0.168937, 0.841208, -2.306972, 0.168209, 0.981226, -0.094348, 0.53472, 0.0, 0.0, 0.0, 1.0],
                [-0.917151, 0.097015, -0.38655, -5e-06, -0.367958, 0.16647, 0.914819, -2.43261, 0.1531, 0.981262, -0.116981, 0.53472, 0.0, 0.0, 0.0, 1.0],
                [-0.972071, 0.099996, -0.212318, -5e-06, -0.194498, 0.163021, 0.967262, -2.556751, 0.131334, 0.981542, -0.139019, 0.53472, 0.0, 0.0, 0.0, 1.0],
                [-0.994727, 0.101658, -0.013547, -5e-06, 0.002782, 0.158792, 0.987308, -2.67892, 0.102519, 0.982065, -0.158238, 0.53472, 0.0, 0.0, 0.0, 1.0],
                [-0.974445, 0.101727, 0.200269, -5e-06, 0.214323, 0.154155, 0.964522, -2.798641, 0.067246, 0.982796, -0.172018, 0.53472, 0.0, 0.0, 0.0, 1.0],
                [-0.904704, 0.100085, 0.414118, -5e-06, 0.42516, 0.149629, 0.892664, -2.91544, 0.027378, 0.983664, -0.177922, 0.53472, 0.0, 0.0, 0.0, 1.0],
                [-0.786388, 0.096858, 0.610091, -5e-06, 0.617572, 0.145784, 0.772885, -3.028841, -0.014081, 0.984564, -0.17446, 0.53472, 0.0, 0.0, 0.0, 1.0],
                [-0.628817, 0.092431, 0.77204, -5e-06, 0.7757, 0.143087, 0.614667, -3.138369, -0.053654, 0.985385, -0.161674, 0.53472, 0.0, 0.0, 0.0, 1.0],
                [-0.447444, 0.08735, 0.890036, -5e-06, 0.88994, 0.141775, 0.433481, -3.24355, -0.08832, 0.986037, -0.141173, 0.53472, 0.0, 0.0, 0.0, 1.0],
                [-0.259338, 0.082172, 0.962285, -5e-06, 0.958766, 0.141825, 0.246279, -3.343907, -0.116238, 0.986475, -0.115564, 0.53472, 0.0, 0.0, 0.0, 1.0],
                [-0.078928, 0.077334, 0.993876, -5e-06, 0.987432, 0.143005, 0.067289, -3.438967, -0.136926, 0.986696, -0.087649, 0.53472, 0.0, 0.0, 0.0, 1.0],
                [0.08422, 0.073101, 0.993762, -5e-06, 0.984944, 0.144992, -0.094138, -3.528253, -0.150969, 0.986729, -0.059789, 0.53472, 0.0, 0.0, 0.0, 1.0],
                [0.225437, 0.069577, 0.97177, -5e-06, 0.961106, 0.147456, -0.23352, -3.611291, -0.159541, 0.986618, -0.033629, 0.53472, 0.0, 0.0, 0.0, 1.0],
                [0.343766, 0.066753, 0.93668, -5e-06, 0.924627, 0.150121, -0.350041, -3.687604, -0.163982, 0.986412, -0.010115, 0.53472, 0.0, 0.0, 0.0, 1.0],
                [0.440498, 0.064556, 0.89543, -5e-06, 0.88236, 0.152778, -0.445083, -3.75672, -0.165534, 0.98615, 0.010337, 0.53472, 0.0, 0.0, 0.0, 1.0],
                [0.51798, 0.062888, 0.853078, -5e-06, 0.839282, 0.155279, -0.521051, -3.818162, -0.165233, 0.985867, 0.027651, 0.53472, 0.0, 0.0, 0.0, 1.0],
                [0.578824, 0.06165, 0.813119, -5e-06, 0.798815, 0.157527, -0.580585, -3.871455, -0.163882, 0.985588, 0.041933, 0.53472, 0.0, 0.0, 0.0, 1.0],
                [0.625455, 0.060753, 0.777892, -5e-06, 0.763241, 0.159457, -0.626129, -3.916123, -0.16208, 0.985334, 0.053364, 0.53472, 0.0, 0.0, 0.0, 1.0],
                [0.659892, 0.060125, 0.748951, -5e-06, 0.73407, 0.161024, -0.659707, -3.951692, -0.160264, 0.985117, 0.062123, 0.53472, 0.0, 0.0, 0.0, 1.0],
                [0.68365, 0.05971, 0.727364, -5e-06, 0.712337, 0.16219, -0.68284, -3.977687, -0.158744, 0.984951, 0.068348, 0.53472, 0.0, 0.0, 0.0, 1.0],
                [0.697693, 0.059471, 0.713924, -5e-06, 0.698816, 0.162921, -0.6965, -3.993632, -0.157735, 0.984845, 0.07211, 0.53472, 0.0, 0.0, 0.0, 1.0],
                [0.702398, 0.059391, 0.709303, -5e-06, 0.694168, 0.163176, -0.701073, -3.999053, -0.157379, 0.984808, 0.073387, 0.53472, 0.0, 0.0, 0.0, 1.0],
                [0.702398, 0.059391, 0.709303, -5e-06, 0.694168, 0.163176, -0.701073, -3.999053, -0.157379, 0.984808, 0.073387, 0.53472, 0.0, 0.0, 0.0, 1.0],
                [0.702398, 0.059391, 0.709303, -5e-06, 0.694168, 0.163176, -0.701073, -3.999053, -0.157379, 0.984808, 0.073387, 0.53472, 0.0, 0.0, 0.0, 1.0],
                [0.702398, 0.059391, 0.709303, -5e-06, 0.694168, 0.163176, -0.701073, -3.999053, -0.157379, 0.984808, 0.073387, 0.53472, 0.0, 0.0, 0.0, 1.0],
                [0.702398, 0.059391, 0.709303, -5e-06, 0.694168, 0.163176, -0.701073, -3.999053, -0.157379, 0.984808, 0.073387, 0.53472, 0.0, 0.0, 0.0, 1.0],
                [0.702398, 0.059391, 0.709303, -5e-06, 0.694168, 0.163176, -0.701073, -3.999053, -0.157379, 0.984808, 0.073387, 0.53472, 0.0, 0.0, 0.0, 1.0],
                [0.702398, 0.059391, 0.709303, -5e-06, 0.694168, 0.163176, -0.701073, -3.999053, -0.157379, 0.984808, 0.073387, 0.53472, 0.0, 0.0, 0.0, 1.0],
                [0.702398, 0.059391, 0.709303, -5e-06, 0.694168, 0.163176, -0.701073, -3.999053, -0.157379, 0.984808, 0.073387, 0.53472, 0.0, 0.0, 0.0, 1.0],
                [0.702398, 0.059391, 0.709303, -5e-06, 0.694168, 0.163176, -0.701073, -3.999053, -0.157379, 0.984808, 0.073387, 0.53472, 0.0, 0.0, 0.0, 1.0],
                [0.702398, 0.059391, 0.709303, -5e-06, 0.694168, 0.163176, -0.701073, -3.999053, -0.157379, 0.984808, 0.073387, 0.53472, 0.0, 0.0, 0.0, 1.0],
                [0.702398, 0.059391, 0.709303, -5e-06, 0.694168, 0.163176, -0.701073, -3.999053, -0.157379, 0.984808, 0.073387, 0.53472, 0.0, 0.0, 0.0, 1.0],
                [0.702398, 0.059391, 0.709303, -5e-06, 0.694168, 0.163176, -0.701073, -3.999053, -0.157379, 0.984808, 0.073387, 0.53472, 0.0, 0.0, 0.0, 1.0],
                [0.702398, 0.059391, 0.709303, -5e-06, 0.694168, 0.163176, -0.701073, -3.999053, -0.157379, 0.984808, 0.073387, 0.53472, 0.0, 0.0, 0.0, 1.0],
                [0.702398, 0.059391, 0.709303, -5e-06, 0.694168, 0.163176, -0.701073, -3.999053, -0.157379, 0.984808, 0.073387, 0.53472, 0.0, 0.0, 0.0, 1.0],
                [0.702398, 0.059391, 0.709303, -5e-06, 0.694168, 0.163176, -0.701073, -3.999053, -0.157379, 0.984808, 0.073387, 0.53472, 0.0, 0.0, 0.0, 1.0],
                [0.702398, 0.059391, 0.709303, -5e-06, 0.694168, 0.163176, -0.701073, -3.999053, -0.157379, 0.984808, 0.073387, 0.53472, 0.0, 0.0, 0.0, 1.0],
                [0.702398, 0.059391, 0.709303, -5e-06, 0.694168, 0.163176, -0.701073, -3.999053, -0.157379, 0.984808, 0.073387, 0.53472, 0.0, 0.0, 0.0, 1.0],
                [0.702398, 0.059391, 0.709303, -5e-06, 0.694168, 0.163176, -0.701073, -3.999053, -0.157379, 0.984808, 0.073387, 0.53472, 0.0, 0.0, 0.0, 1.0],
                [0.702398, 0.059391, 0.709303, -5e-06, 0.694168, 0.163176, -0.701073, -3.999053, -0.157379, 0.984808, 0.073387, 0.53472, 0.0, 0.0, 0.0, 1.0],
                [0.702398, 0.059391, 0.709303, -5e-06, 0.694168, 0.163176, -0.701073, -3.999053, -0.157379, 0.984808, 0.073387, 0.53472, 0.0, 0.0, 0.0, 1.0],
                [0.702398, 0.059391, 0.709303, -5e-06, 0.694168, 0.163176, -0.701073, -3.999053, -0.157379, 0.984808, 0.073387, 0.53472, 0.0, 0.0, 0.0, 1.0],
                [0.702398, 0.059391, 0.709303, -5e-06, 0.694168, 0.163176, -0.701073, -3.999053, -0.157379, 0.984808, 0.073387, 0.53472, 0.0, 0.0, 0.0, 1.0],
                [0.702398, 0.059391, 0.709303, -5e-06, 0.694168, 0.163176, -0.701073, -3.999053, -0.157379, 0.984808, 0.073387, 0.53472, 0.0, 0.0, 0.0, 1.0],
                [0.702398, 0.059391, 0.709303, -5e-06, 0.694168, 0.163176, -0.701073, -3.999053, -0.157379, 0.984808, 0.073387, 0.53472, 0.0, 0.0, 0.0, 1.0],
                [0.702398, 0.059391, 0.709303, -5e-06, 0.694168, 0.163176, -0.701073, -3.999053, -0.157379, 0.984808, 0.073387, 0.53472, 0.0, 0.0, 0.0, 1.0],
                [0.702398, 0.059391, 0.709303, -5e-06, 0.694168, 0.163176, -0.701073, -3.999053, -0.157379, 0.984808, 0.073387, 0.53472, 0.0, 0.0, 0.0, 1.0],
                [0.702398, 0.059391, 0.709303, -5e-06, 0.694168, 0.163176, -0.701073, -3.999053, -0.157379, 0.984808, 0.073387, 0.53472, 0.0, 0.0, 0.0, 1.0],
                [0.702398, 0.059391, 0.709303, -5e-06, 0.694168, 0.163176, -0.701073, -3.999053, -0.157379, 0.984808, 0.073387, 0.53472, 0.0, 0.0, 0.0, 1.0],
                [0.702398, 0.059391, 0.709303, -5e-06, 0.694168, 0.163176, -0.701073, -3.999053, -0.157379, 0.984808, 0.073387, 0.53472, 0.0, 0.0, 0.0, 1.0],
                [0.702398, 0.059391, 0.709303, -5e-06, 0.694168, 0.163176, -0.701073, -3.999053, -0.157379, 0.984808, 0.073387, 0.53472, 0.0, 0.0, 0.0, 1.0],
                [0.702398, 0.059391, 0.709303, -5e-06, 0.694168, 0.163176, -0.701073, -3.999053, -0.157379, 0.984808, 0.073387, 0.53472, 0.0, 0.0, 0.0, 1.0],
                [0.702398, 0.059391, 0.709303, -5e-06, 0.694168, 0.163176, -0.701073, -3.999053, -0.157379, 0.984808, 0.073387, 0.53472, 0.0, 0.0, 0.0, 1.0],
                [0.702398, 0.059391, 0.709303, -5e-06, 0.694168, 0.163176, -0.701073, -3.999053, -0.157379, 0.984808, 0.073387, 0.53472, 0.0, 0.0, 0.0, 1.0],
                [0.702398, 0.059391, 0.709303, -5e-06, 0.694168, 0.163176, -0.701073, -3.999053, -0.157379, 0.984808, 0.073387, 0.53472, 0.0, 0.0, 0.0, 1.0],
                [0.702398, 0.059391, 0.709303, -5e-06, 0.694168, 0.163176, -0.701073, -3.999053, -0.157379, 0.984808, 0.073387, 0.53472, 0.0, 0.0, 0.0, 1.0],
                [0.702398, 0.059391, 0.709303, -5e-06, 0.694168, 0.163176, -0.701073, -3.999053, -0.157379, 0.984808, 0.073387, 0.53472, 0.0, 0.0, 0.0, 1.0],
                [0.702398, 0.059391, 0.709303, -5e-06, 0.694168, 0.163176, -0.701073, -3.999053, -0.157379, 0.984808, 0.073387, 0.53472, 0.0, 0.0, 0.0, 1.0],
                [0.702398, 0.059391, 0.709303, -5e-06, 0.694168, 0.163176, -0.701073, -3.999053, -0.157379, 0.984808, 0.073387, 0.53472, 0.0, 0.0, 0.0, 1.0],
                [0.702398, 0.059391, 0.709303, -5e-06, 0.694168, 0.163176, -0.701073, -3.999053, -0.157379, 0.984808, 0.073387, 0.53472, 0.0, 0.0, 0.0, 1.0],
                [0.702398, 0.059391, 0.709303, -5e-06, 0.694168, 0.163176, -0.701073, -3.999053, -0.157379, 0.984808, 0.073387, 0.53472, 0.0, 0.0, 0.0, 1.0],
                [0.702398, 0.059391, 0.709303, -5e-06, 0.694168, 0.163176, -0.701073, -3.999053, -0.157379, 0.984808, 0.073387, 0.53472, 0.0, 0.0, 0.0, 1.0],
                [0.702398, 0.059391, 0.709303, -5e-06, 0.694168, 0.163176, -0.701073, -3.999053, -0.157379, 0.984808, 0.073387, 0.53472, 0.0, 0.0, 0.0, 1.0],
                [0.702398, 0.059391, 0.709303, -5e-06, 0.694168, 0.163176, -0.701073, -3.999053, -0.157379, 0.984808, 0.073387, 0.53472, 0.0, 0.0, 0.0, 1.0],
                [0.702398, 0.059391, 0.709303, -5e-06, 0.694168, 0.163176, -0.701073, -3.999053, -0.157379, 0.984808, 0.073387, 0.53472, 0.0, 0.0, 0.0, 1.0],
                [0.702398, 0.059391, 0.709303, -5e-06, 0.694168, 0.163176, -0.701073, -3.999053, -0.157379, 0.984808, 0.073387, 0.53472, 0.0, 0.0, 0.0, 1.0],
                [0.702398, 0.059391, 0.709303, -5e-06, 0.694168, 0.163176, -0.701073, -3.999053, -0.157379, 0.984808, 0.073387, 0.53472, 0.0, 0.0, 0.0, 1.0],
                [0.702398, 0.059391, 0.709303, -5e-06, 0.694168, 0.163176, -0.701073, -3.999053, -0.157379, 0.984808, 0.073387, 0.53472, 0.0, 0.0, 0.0, 1.0],
                [0.702398, 0.059391, 0.709303, -5e-06, 0.694168, 0.163176, -0.701073, -3.999053, -0.157379, 0.984808, 0.073387, 0.53472, 0.0, 0.0, 0.0, 1.0],
                [0.702398, 0.059391, 0.709303, -5e-06, 0.694168, 0.163176, -0.701073, -3.999053, -0.157379, 0.984808, 0.073387, 0.53472, 0.0, 0.0, 0.0, 1.0],
                [0.702398, 0.059391, 0.709303, -5e-06, 0.694168, 0.163176, -0.701073, -3.999053, -0.157379, 0.984808, 0.073387, 0.53472, 0.0, 0.0, 0.0, 1.0],
                [0.702398, 0.059391, 0.709303, -5e-06, 0.694168, 0.163176, -0.701073, -3.999053, -0.157379, 0.984808, 0.073387, 0.53472, 0.0, 0.0, 0.0, 1.0],
                [0.702398, 0.059391, 0.709303, -5e-06, 0.694168, 0.163176, -0.701073, -3.999053, -0.157379, 0.984808, 0.073387, 0.53472, 0.0, 0.0, 0.0, 1.0],
                [0.702398, 0.059391, 0.709303, -5e-06, 0.694168, 0.163176, -0.701073, -3.999053, -0.157379, 0.984808, 0.073387, 0.53472, 0.0, 0.0, 0.0, 1.0],
                [0.702398, 0.059391, 0.709303, -5e-06, 0.694168, 0.163176, -0.701073, -3.999053, -0.157379, 0.984808, 0.073387, 0.53472, 0.0, 0.0, 0.0, 1.0],
                [0.702398, 0.059391, 0.709303, -5e-06, 0.694168, 0.163176, -0.701073, -3.999053, -0.157379, 0.984808, 0.073387, 0.53472, 0.0, 0.0, 0.0, 1.0],
                [0.702398, 0.059391, 0.709303, -5e-06, 0.694168, 0.163176, -0.701073, -3.999053, -0.157379, 0.984808, 0.073387, 0.53472, 0.0, 0.0, 0.0, 1.0],
                [0.702398, 0.059391, 0.709303, -5e-06, 0.694168, 0.163176, -0.701073, -3.999053, -0.157379, 0.984808, 0.073387, 0.53472, 0.0, 0.0, 0.0, 1.0],
                [0.702398, 0.059391, 0.709303, -5e-06, 0.694168, 0.163176, -0.701073, -3.999053, -0.157379, 0.984808, 0.073387, 0.53472, 0.0, 0.0, 0.0, 1.0],
                [0.702398, 0.059391, 0.709303, -5e-06, 0.694168, 0.163176, -0.701073, -3.999053, -0.157379, 0.984808, 0.073387, 0.53472, 0.0, 0.0, 0.0, 1.0],
                [0.702398, 0.059391, 0.709303, -5e-06, 0.694168, 0.163176, -0.701073, -3.999053, -0.157379, 0.984808, 0.073387, 0.53472, 0.0, 0.0, 0.0, 1.0],
                [0.702398, 0.059391, 0.709303, -5e-06, 0.694168, 0.163176, -0.701073, -3.999053, -0.157379, 0.984808, 0.073387, 0.53472, 0.0, 0.0, 0.0, 1.0],
                [0.702398, 0.059391, 0.709303, -5e-06, 0.694168, 0.163176, -0.701073, -3.999053, -0.157379, 0.984808, 0.073387, 0.53472, 0.0, 0.0, 0.0, 1.0],
                [0.702398, 0.059391, 0.709303, -5e-06, 0.694168, 0.163176, -0.701073, -3.999053, -0.157379, 0.984808, 0.073387, 0.53472, 0.0, 0.0, 0.0, 1.0],
                [0.702398, 0.059391, 0.709303, -5e-06, 0.694168, 0.163176, -0.701073, -3.999053, -0.157379, 0.984808, 0.073387, 0.53472, 0.0, 0.0, 0.0, 1.0],
                [0.702398, 0.059391, 0.709303, -5e-06, 0.694168, 0.163176, -0.701073, -3.999053, -0.157379, 0.984808, 0.073387, 0.53472, 0.0, 0.0, 0.0, 1.0],
                [0.702398, 0.059391, 0.709303, -5e-06, 0.694168, 0.163176, -0.701073, -3.999053, -0.157379, 0.984808, 0.073387, 0.53472, 0.0, 0.0, 0.0, 1.0],
                [0.702398, 0.059391, 0.709303, -5e-06, 0.694168, 0.163176, -0.701073, -3.999053, -0.157379, 0.984808, 0.073387, 0.53472, 0.0, 0.0, 0.0, 1.0],
                [0.702448, 0.059271, 0.709262, 4e-06, 0.694205, 0.162751, -0.701136, -3.998541, -0.15699, 0.984885, 0.073178, 0.535064, 0.0, 0.0, 0.0, 1.0],
                [0.702597, 0.058919, 0.709145, 2.9e-05, 0.694311, 0.161508, -0.701318, -3.996986, -0.155853, 0.985111, 0.072567, 0.536072, 0.0, 0.0, 0.0, 1.0],
                [0.702835, 0.058349, 0.708955, 7.1e-05, 0.694479, 0.1595, -0.701611, -3.994358, -0.154016, 0.985472, 0.07158, 0.537709, 0.0, 0.0, 0.0, 1.0],
                [0.703157, 0.057575, 0.708699, 0.000128, 0.694701, 0.156775, -0.702006, -3.990627, -0.151524, 0.985955, 0.07024, 0.539937, 0.0, 0.0, 0.0, 1.0],
                [0.703555, 0.056611, 0.708382, 0.000201, 0.694968, 0.153384, -0.702491, -3.985764, -0.148423, 0.986544, 0.068571, 0.542723, 0.0, 0.0, 0.0, 1.0],
                [0.704021, 0.055471, 0.708009, 0.000289, 0.695269, 0.149377, -0.703056, -3.97974, -0.144759, 0.987223, 0.066597, 0.546028, 0.0, 0.0, 0.0, 1.0],
                [0.704547, 0.054166, 0.707587, 0.000391, 0.695594, 0.144803, -0.703691, -3.972525, -0.140577, 0.987977, 0.064343, 0.549819, 0.0, 0.0, 0.0, 1.0],
                [0.705126, 0.052712, 0.70712, 0.000507, 0.695933, 0.139714, -0.704385, -3.964089, -0.135924, 0.988788, 0.061832, 0.554058, 0.0, 0.0, 0.0, 1.0],
                [0.705748, 0.051122, 0.706616, 0.000637, 0.696275, 0.134158, -0.705126, -3.954404, -0.130846, 0.98964, 0.059087, 0.55871, 0.0, 0.0, 0.0, 1.0],
                [0.706408, 0.049408, 0.706078, 0.00078, 0.69661, 0.128188, -0.705905, -3.943439, -0.125388, 0.990518, 0.056135, 0.563739, 0.0, 0.0, 0.0, 1.0],
                [0.707097, 0.047586, 0.705514, 0.000936, 0.696929, 0.121852, -0.706712, -3.931166, -0.119597, 0.991407, 0.052997, 0.569109, 0.0, 0.0, 0.0, 1.0],
                [0.707808, 0.045668, 0.704927, 0.001104, 0.697224, 0.115202, -0.707536, -3.917554, -0.113521, 0.992292, 0.0497, 0.574784, 0.0, 0.0, 0.0, 1.0],
                [0.708533, 0.043669, 0.704325, 0.001284, 0.697487, 0.10829, -0.708368, -3.902574, -0.107205, 0.99316, 0.046269, 0.580728, 0.0, 0.0, 0.0, 1.0],
                [0.709267, 0.041603, 0.703711, 0.001476, 0.697711, 0.101167, -0.7092, -3.886197, -0.100697, 0.993999, 0.042727, 0.586906, 0.0, 0.0, 0.0, 1.0],
                [0.710002, 0.039486, 0.703092, 0.001678, 0.697891, 0.093884, -0.710024, -3.868394, -0.094044, 0.9948, 0.039101, 0.593281, 0.0, 0.0, 0.0, 1.0],
                [0.710733, 0.03733, 0.702471, 0.001891, 0.698024, 0.086493, -0.710831, -3.849134, -0.087294, 0.995553, 0.035416, 0.599818, 0.0, 0.0, 0.0, 1.0],
                [0.711454, 0.035153, 0.701853, 0.002113, 0.698108, 0.079047, -0.711616, -3.828389, -0.080495, 0.996251, 0.031698, 0.60648, 0.0, 0.0, 0.0, 1.0],
                [0.712159, 0.032968, 0.701243, 0.002346, 0.698139, 0.071597, -0.712373, -3.806128, -0.073693, 0.996889, 0.027972, 0.613232, 0.0, 0.0, 0.0, 1.0],
                [0.712845, 0.030792, 0.700645, 0.002587, 0.69812, 0.064197, -0.713097, -3.782323, -0.066937, 0.997462, 0.024266, 0.620038, 0.0, 0.0, 0.0, 1.0],
                [0.713506, 0.028639, 0.700064, 0.002838, 0.698052, 0.056897, -0.713783, -3.756944, -0.060274, 0.997969, 0.020605, 0.626862, 0.0, 0.0, 0.0, 1.0],
                [0.714139, 0.026526, 0.699501, 0.003096, 0.697937, 0.049752, -0.714429, -3.729961, -0.053753, 0.998409, 0.017016, 0.633668, 0.0, 0.0, 0.0, 1.0],
                [0.71474, 0.024469, 0.698963, 0.003362, 0.697781, 0.042813, -0.71503, -3.701345, -0.04742, 0.998783, 0.013526, 0.64042, 0.0, 0.0, 0.0, 1.0],
                [0.715305, 0.022483, 0.69845, 0.003636, 0.697589, 0.036132, -0.715586, -3.671066, -0.041324, 0.999094, 0.010162, 0.647082, 0.0, 0.0, 0.0, 1.0],
                [0.715833, 0.020584, 0.697968, 0.003917, 0.697368, 0.029761, -0.716095, -3.639096, -0.035512, 0.999345, 0.006949, 0.653619, 0.0, 0.0, 0.0, 1.0],
                [0.71632, 0.01879, 0.697519, 0.004204, 0.697125, 0.023753, -0.716556, -3.605404, -0.030032, 0.999541, 0.003916, 0.659994, 0.0, 0.0, 0.0, 1.0],
                [0.716765, 0.017115, 0.697105, 0.004497, 0.696869, 0.018159, -0.716969, -3.56996, -0.024929, 0.999689, 0.001088, 0.666172, 0.0, 0.0, 0.0, 1.0],
                [0.717165, 0.015577, 0.696729, 0.004796, 0.696609, 0.01303, -0.717333, -3.532737, -0.020253, 0.999794, -0.001506, 0.672116, 0.0, 0.0, 0.0, 1.0],
                [0.717519, 0.014192, 0.696395, 0.005099, 0.696355, 0.00842, -0.717649, -3.493703, -0.016048, 0.999864, -0.003841, 0.677791, 0.0, 0.0, 0.0, 1.0],
                [0.717823, 0.012975, 0.696104, 0.005408, 0.696116, 0.004377, -0.717916, -3.45283, -0.012362, 0.999906, -0.00589, 0.683161, 0.0, 0.0, 0.0, 1.0],
                [0.718078, 0.011944, 0.69586, 0.005721, 0.695901, 0.000955, -0.718137, -3.410089, -0.009242, 0.999928, -0.007626, 0.68819, 0.0, 0.0, 0.0, 1.0],
                [0.71828, 0.011114, 0.695665, 0.006037, 0.695721, -0.001796, -0.71831, -3.365448, -0.006734, 0.999937, -0.009022, 0.692842, 0.0, 0.0, 0.0, 1.0],
                [0.718428, 0.010501, 0.695522, 0.006357, 0.695584, -0.003824, -0.718434, -3.31888, -0.004885, 0.999938, -0.010052, 0.697081, 0.0, 0.0, 0.0, 1.0],
                [0.718519, 0.010122, 0.695434, 0.00668, 0.695498, -0.005079, -0.718511, -3.270355, -0.003741, 0.999936, -0.010689, 0.700872, 0.0, 0.0, 0.0, 1.0],
                [0.71855, 0.009992, 0.695404, 0.007005, 0.695467, -0.005508, -0.718537, -3.219842, -0.003349, 0.999935, -0.010907, 0.704177, 0.0, 0.0, 0.0, 1.0],
                [0.71855, 0.009992, 0.695404, 0.007332, 0.695467, -0.005508, -0.718537, -3.167395, -0.003349, 0.999935, -0.010907, 0.706963, 0.0, 0.0, 0.0, 1.0],
                [0.71855, 0.009992, 0.695404, 0.007661, 0.695467, -0.005508, -0.718537, -3.113391, -0.003349, 0.999935, -0.010907, 0.709191, 0.0, 0.0, 0.0, 1.0],
                [0.71855, 0.009992, 0.695404, 0.007991, 0.695467, -0.005508, -0.718537, -3.058289, -0.003349, 0.999935, -0.010907, 0.710828, 0.0, 0.0, 0.0, 1.0],
                [0.71855, 0.009992, 0.695404, 0.008322, 0.695467, -0.005508, -0.718537, -3.002549, -0.003349, 0.999935, -0.010907, 0.711836, 0.0, 0.0, 0.0, 1.0],
                [0.71855, 0.009992, 0.695404, 0.008652, 0.695467, -0.005508, -0.718537, -2.946628, -0.003349, 0.999935, -0.010907, 0.71218, 0.0, 0.0, 0.0, 1.0],
                [0.71855, 0.009992, 0.695404, 0.008983, 0.695467, -0.005508, -0.718537, -2.890988, -0.003349, 0.999935, -0.010907, 0.709919, 0.0, 0.0, 0.0, 1.0],
                [0.71855, 0.009992, 0.695404, 0.009313, 0.695467, -0.005508, -0.718537, -2.836086, -0.003349, 0.999935, -0.010907, 0.703557, 0.0, 0.0, 0.0, 1.0],
                [0.71855, 0.009992, 0.695404, 0.009642, 0.695467, -0.005508, -0.718537, -2.782382, -0.003349, 0.999935, -0.010907, 0.693724, 0.0, 0.0, 0.0, 1.0],
                [0.71855, 0.009992, 0.695404, 0.009969, 0.695467, -0.005508, -0.718537, -2.730337, -0.003349, 0.999935, -0.010907, 0.681052, 0.0, 0.0, 0.0, 1.0],
                [0.71855, 0.009992, 0.695404, 0.010294, 0.695467, -0.005508, -0.718537, -2.680407, -0.003349, 0.999935, -0.010907, 0.666172, 0.0, 0.0, 0.0, 1.0],
                [0.71855, 0.009992, 0.695404, 0.010617, 0.695467, -0.005508, -0.718537, -2.633054, -0.003349, 0.999935, -0.010907, 0.649714, 0.0, 0.0, 0.0, 1.0],
                [0.71855, 0.009992, 0.695404, 0.010937, 0.695467, -0.005508, -0.718537, -2.588735, -0.003349, 0.999935, -0.010907, 0.63231, 0.0, 0.0, 0.0, 1.0],
                [0.71855, 0.009992, 0.695404, 0.011254, 0.695467, -0.005508, -0.718537, -2.54791, -0.003349, 0.999935, -0.010907, 0.61459, 0.0, 0.0, 0.0, 1.0],
                [0.71855, 0.009992, 0.695404, 0.011566, 0.695467, -0.005508, -0.718537, -2.511039, -0.003349, 0.999935, -0.010907, 0.597186, 0.0, 0.0, 0.0, 1.0],
                [0.71855, 0.009992, 0.695404, 0.011875, 0.695467, -0.005508, -0.718537, -2.478581, -0.003349, 0.999935, -0.010907, 0.580728, 0.0, 0.0, 0.0, 1.0],
                [0.71855, 0.009992, 0.695404, 0.012179, 0.695467, -0.005508, -0.718537, -2.450994, -0.003349, 0.999935, -0.010907, 0.565848, 0.0, 0.0, 0.0, 1.0],
                [0.71855, 0.009992, 0.695404, 0.012477, 0.695467, -0.005508, -0.718537, -2.428739, -0.003349, 0.999935, -0.010907, 0.553176, 0.0, 0.0, 0.0, 1.0],
                [0.71855, 0.009992, 0.695404, 0.01277, 0.695467, -0.005508, -0.718537, -2.412273, -0.003349, 0.999935, -0.010907, 0.543343, 0.0, 0.0, 0.0, 1.0],
                [0.71855, 0.009992, 0.695404, 0.013057, 0.695467, -0.005508, -0.718537, -2.402057, -0.003349, 0.999935, -0.010907, 0.536981, 0.0, 0.0, 0.0, 1.0],
                [0.71855, 0.009992, 0.695404, 0.013338, 0.695467, -0.005508, -0.718537, -2.39855, -0.003349, 0.999935, -0.010907, 0.53472, 0.0, 0.0, 0.0, 1.0],
                [0.71855, 0.009992, 0.695404, 0.013612, 0.695467, -0.005508, -0.718537, -2.401228, -0.003349, 0.999935, -0.010907, 0.53472, 0.0, 0.0, 0.0, 1.0],
                [0.71855, 0.009992, 0.695404, 0.013878, 0.695467, -0.005508, -0.718537, -2.408943, -0.003349, 0.999935, -0.010907, 0.53472, 0.0, 0.0, 0.0, 1.0],
                [0.71855, 0.009992, 0.695404, 0.014137, 0.695467, -0.005508, -0.718537, -2.421215, -0.003349, 0.999935, -0.010907, 0.53472, 0.0, 0.0, 0.0, 1.0],
                [0.71855, 0.009992, 0.695404, 0.014387, 0.695467, -0.005508, -0.718537, -2.437564, -0.003349, 0.999935, -0.010907, 0.53472, 0.0, 0.0, 0.0, 1.0],
                [0.71855, 0.009992, 0.695404, 0.014628, 0.695467, -0.005508, -0.718537, -2.457511, -0.003349, 0.999935, -0.010907, 0.53472, 0.0, 0.0, 0.0, 1.0],
                [0.71855, 0.009992, 0.695404, 0.014861, 0.695467, -0.005508, -0.718537, -2.480576, -0.003349, 0.999935, -0.010907, 0.53472, 0.0, 0.0, 0.0, 1.0],
                [0.71855, 0.009992, 0.695404, 0.015084, 0.695467, -0.005508, -0.718537, -2.50628, -0.003349, 0.999935, -0.010907, 0.53472, 0.0, 0.0, 0.0, 1.0],
                [0.71855, 0.009992, 0.695404, 0.015296, 0.695467, -0.005508, -0.718537, -2.534142, -0.003349, 0.999935, -0.010907, 0.53472, 0.0, 0.0, 0.0, 1.0],
                [0.71855, 0.009992, 0.695404, 0.015499, 0.695467, -0.005508, -0.718537, -2.563683, -0.003349, 0.999935, -0.010907, 0.53472, 0.0, 0.0, 0.0, 1.0],
                [0.71855, 0.009992, 0.695404, 0.01569, 0.695467, -0.005508, -0.718537, -2.594423, -0.003349, 0.999935, -0.010907, 0.53472, 0.0, 0.0, 0.0, 1.0],
                [0.71855, 0.009992, 0.695404, 0.01587, 0.695467, -0.005508, -0.718537, -2.625882, -0.003349, 0.999935, -0.010907, 0.53472, 0.0, 0.0, 0.0, 1.0],
                [0.71855, 0.009992, 0.695404, 0.016038, 0.695467, -0.005508, -0.718537, -2.657582, -0.003349, 0.999935, -0.010907, 0.53472, 0.0, 0.0, 0.0, 1.0],
                [0.71855, 0.009992, 0.695404, 0.016194, 0.695467, -0.005508, -0.718537, -2.689041, -0.003349, 0.999935, -0.010907, 0.53472, 0.0, 0.0, 0.0, 1.0],
                [0.71855, 0.009992, 0.695404, 0.016337, 0.695467, -0.005508, -0.718537, -2.719781, -0.003349, 0.999935, -0.010907, 0.53472, 0.0, 0.0, 0.0, 1.0],
                [0.71855, 0.009992, 0.695404, 0.016467, 0.695467, -0.005508, -0.718537, -2.749322, -0.003349, 0.999935, -0.010907, 0.53472, 0.0, 0.0, 0.0, 1.0],
                [0.71855, 0.009992, 0.695404, 0.016583, 0.695467, -0.005508, -0.718537, -2.777184, -0.003349, 0.999935, -0.010907, 0.53472, 0.0, 0.0, 0.0, 1.0],
                [0.71855, 0.009992, 0.695404, 0.016685, 0.695467, -0.005508, -0.718537, -2.802888, -0.003349, 0.999935, -0.010907, 0.53472, 0.0, 0.0, 0.0, 1.0],
                [0.71855, 0.009992, 0.695404, 0.016773, 0.695467, -0.005508, -0.718537, -2.825953, -0.003349, 0.999935, -0.010907, 0.53472, 0.0, 0.0, 0.0, 1.0],
                [0.71855, 0.009992, 0.695404, 0.016846, 0.695467, -0.005508, -0.718537, -2.8459, -0.003349, 0.999935, -0.010907, 0.53472, 0.0, 0.0, 0.0, 1.0],
                [0.71855, 0.009992, 0.695404, 0.016903, 0.695467, -0.005508, -0.718537, -2.862249, -0.003349, 0.999935, -0.010907, 0.53472, 0.0, 0.0, 0.0, 1.0],
                [0.71855, 0.009992, 0.695404, 0.016945, 0.695467, -0.005508, -0.718537, -2.874521, -0.003349, 0.999935, -0.010907, 0.53472, 0.0, 0.0, 0.0, 1.0],
                [0.71855, 0.009992, 0.695404, 0.01697, 0.695467, -0.005508, -0.718537, -2.882236, -0.003349, 0.999935, -0.010907, 0.53472, 0.0, 0.0, 0.0, 1.0],
                [0.71855, 0.009992, 0.695404, 0.016979, 0.695467, -0.005508, -0.718537, -2.884914, -0.003349, 0.999935, -0.010907, 0.53472, 0.0, 0.0, 0.0, 1.0],
                [0.71855, 0.009992, 0.695404, 0.016979, 0.695467, -0.005508, -0.718537, -2.884914, -0.003349, 0.999935, -0.010907, 0.53472, 0.0, 0.0, 0.0, 1.0]
            ]
        },
        {
            "name": "Thigh_R",
            "time": [0.0, 0.0167, 0.0333, 0.05, 0.0667, 0.0833, 0.1, 0.1167, 0.1333, 0.15, 0.1667, 0.1833, 0.2, 0.2167, 0.2333, 0.25, 0.2667, 0.2833, 0.3, 0.3167, 0.3333, 0.35, 0.3667, 0.3833, 0.4, 0.4167, 0.4333, 0.45, 0.4667, 0.4833, 0.5, 0.5167, 0.5333, 0.55, 0.5667, 0.5833, 0.6, 0.6167, 0.6333, 0.65, 0.6667, 0.6833, 0.7, 0.7167, 0.7333, 0.75, 0.7667, 0.7833, 0.8, 0.8167, 0.8333, 0.85, 0.8667, 0.8833, 0.9, 0.9167, 0.9333, 0.95, 0.9667, 0.9833, 1.0, 1.0167, 1.0333, 1.05, 1.0667, 1.0833, 1.1, 1.1167, 1.1333, 1.15, 1.1667, 1.1833, 1.2, 1.2167, 1.2333, 1.25, 1.2667, 1.2833, 1.3, 1.3167, 1.3333, 1.35, 1.3667, 1.3833, 1.4, 1.4167, 1.4333, 1.45, 1.4667, 1.4833, 1.5, 1.5167, 1.5333, 1.55, 1.5667, 1.5833, 1.6, 1.6167, 1.6333, 1.65, 1.6667, 1.6833, 1.7, 1.7167, 1.7333, 1.75, 1.7667, 1.7833, 1.8, 1.8167, 1.8333, 1.85, 1.8667, 1.8833, 1.9, 1.9167, 1.9333, 1.95, 1.9667, 1.9833, 2.0, 2.0167, 2.0333, 2.05, 2.0667, 2.0833, 2.1, 2.1167, 2.1333, 2.15, 2.1667, 2.1833, 2.2, 2.2167, 2.2333, 2.25, 2.2667, 2.2833, 2.3, 2.3167, 2.3333, 2.35, 2.3667, 2.3833, 2.4, 2.4167, 2.4333, 2.45, 2.4667, 2.4833, 2.5, 2.5167, 2.5333, 2.55, 2.5667, 2.5833, 2.6, 2.6167, 2.6333, 2.65, 2.6667, 2.6833, 2.7, 2.7167, 2.7333, 2.75, 2.7667, 2.7833, 2.8, 2.8167, 2.8333, 2.85, 2.8667, 2.8833, 2.9, 2.9167, 2.9333, 2.95, 2.9667, 2.9833, 3.0, 3.0167, 3.0333, 3.05, 3.0667, 3.0833, 3.1, 3.1167, 3.1333, 3.15, 3.1667, 3.1833, 3.2, 3.2167, 3.2333, 3.25, 3.2667, 3.2833, 3.3, 3.3167, 3.3333, 3.35, 3.3667, 3.3833, 3.4, 3.4167, 3.4333, 3.45, 3.4667, 3.4833, 3.5, 3.5167, 3.5333],
            "transform": [
                [0.52881, 0.734583, 0.425145, 0.124994, 0.077122, -0.540428, 0.837848, -0.002831, 0.845229, -0.410274, -0.342437, -1.2e-05, 0.0, 0.0, 0.0, 1.0],
                [0.52975, 0.730599, 0.430802, 0.124994, 0.077757, -0.547625, 0.833103, -0.002831, 0.844582, -0.407838, -0.346914, -1.2e-05, 0.0, 0.0, 0.0, 1.0],
                [0.532468, 0.718902, 0.446831, 0.124994, 0.079525, -0.56804, 0.819149, -0.002831, 0.842706, -0.400637, -0.359634, -1.2e-05, 0.0, 0.0, 0.0, 1.0],
                [0.536847, 0.699531, 0.471647, 0.124994, 0.08216, -0.599726, 0.795976, -0.002831, 0.83967, -0.388567, -0.379434, -1.2e-05, 0.0, 0.0, 0.0, 1.0],
                [0.542789, 0.672259, 0.503437, 0.124994, 0.085338, -0.640466, 0.76323, -0.002831, 0.835523, -0.37131, -0.405007, -1.2e-05, 0.0, 0.0, 0.0, 1.0],
                [0.550183, 0.636819, 0.540149, 0.124994, 0.088693, -0.687756, 0.720503, -0.002831, 0.830321, -0.348501, -0.434873, -1.2e-05, 0.0, 0.0, 0.0, 1.0],
                [0.558881, 0.593131, 0.579524, 0.124994, 0.091836, -0.738826, 0.667609, -0.002831, 0.824147, -0.319893, -0.467386, -1.2e-05, 0.0, 0.0, 0.0, 1.0],
                [0.568672, 0.541499, 0.619186, 0.124994, 0.094391, -0.790736, 0.604835, -0.002831, 0.817131, -0.285507, -0.500782, -1.2e-05, 0.0, 0.0, 0.0, 1.0],
                [0.579278, 0.482754, 0.656799, 0.124994, 0.096031, -0.840567, 0.533128, -0.002831, 0.809453, -0.245756, -0.533282, -1.2e-05, 0.0, 0.0, 0.0, 1.0],
                [0.590361, 0.418316, 0.69028, 0.124994, 0.096518, -0.885668, 0.454177, -0.002831, 0.801348, -0.201504, -0.563238, -1.2e-05, 0.0, 0.0, 0.0, 1.0],
                [0.601538, 0.35015, 0.718016, 0.124994, 0.095737, -0.923939, 0.370366, -0.002831, 0.793086, -0.154049, -0.589307, -1.2e-05, 0.0, 0.0, 0.0, 1.0],
                [0.612425, 0.280615, 0.739047, 0.124994, 0.093715, -0.954056, 0.284595, -0.002831, 0.784954, -0.105034, -0.610586, -1.2e-05, 0.0, 0.0, 0.0, 1.0],
                [0.622663, 0.212246, 0.753155, 0.124994, 0.090619, -0.975594, 0.200013, -0.002831, 0.777225, -0.056291, -0.626699, -1.2e-05, 0.0, 0.0, 0.0, 1.0],
                [0.631952, 0.147519, 0.760838, 0.124994, 0.08673, -0.989012, 0.119722, -0.002831, 0.770139, -0.009671, -0.637803, -1.2e-05, 0.0, 0.0, 0.0, 1.0],
                [0.640069, 0.08867, 0.763184, 0.124994, 0.082412, -0.995511, 0.046545, -0.002831, 0.763885, 0.033104, -0.644503, -1.2e-05, 0.0, 0.0, 0.0, 1.0],
                [0.646864, 0.037582, 0.761679, 0.124994, 0.078066, -0.996801, -0.017115, -0.002831, 0.7586, 0.070533, -0.647728, -1.2e-05, 0.0, 0.0, 0.0, 1.0],
                [0.652248, -0.004217, 0.757994, 0.124994, 0.074096, -0.994841, -0.069294, -0.002831, 0.754375, 0.101361, -0.648571, -1.2e-05, 0.0, 0.0, 0.0, 1.0],
                [0.656172, -0.035475, 0.753777, 0.124994, 0.070881, -0.99158, -0.10837, -0.002831, 0.751275, 0.124538, -0.648133, -1.2e-05, 0.0, 0.0, 0.0, 1.0],
                [0.658587, -0.055083, 0.750486, 0.124994, 0.068756, -0.988741, -0.132906, -0.002831, 0.749357, 0.13913, -0.647384, -1.2e-05, 0.0, 0.0, 0.0, 1.0],
                [0.659418, -0.0619, 0.749224, 0.124994, 0.067996, -0.987608, -0.141441, -0.002831, 0.748695, 0.144214, -0.647038, -1.2e-05, 0.0, 0.0, 0.0, 1.0],
                [0.659418, -0.054117, 0.749826, 0.124994, 0.067996, -0.989024, -0.131178, -0.002831, 0.748695, 0.137487, -0.648501, -1.2e-05, 0.0, 0.0, 0.0, 1.0],
                [0.659418, -0.031988, 0.751095, 0.124994, 0.067996, -0.992461, -0.101964, -0.002831, 0.748695, 0.118309, -0.652272, -1.2e-05, 0.0, 0.0, 0.0, 1.0],
                [0.659418, 0.002735, 0.751771, 0.124994, 0.067996, -0.996111, -0.056019, -0.002831, 0.748695, 0.088058, -0.65704, -1.2e-05, 0.0, 0.0, 0.0, 1.0],
                [0.659418, 0.048227, 0.750228, 0.124994, 0.067996, -0.997676, 0.004367, -0.002831, 0.748695, 0.048133, -0.661165, -1.2e-05, 0.0, 0.0, 0.0, 1.0],
                [0.659418, 0.102405, 0.744769, 0.124994, 0.067996, -0.994743, 0.076572, -0.002831, 0.748695, 0.000149, -0.662915, -1.2e-05, 0.0, 0.0, 0.0, 1.0],
                [0.659418, 0.162823, 0.733932, 0.124994, 0.067996, -0.98518, 0.157469, -0.002831, 0.748695, -0.053933, -0.660717, -1.2e-05, 0.0, 0.0, 0.0, 1.0],
                [0.659418, 0.226694, 0.716783, 0.124994, 0.067996, -0.967529, 0.243442, -0.002831, 0.748695, -0.111792, -0.653421, -1.2e-05, 0.0, 0.0, 0.0, 1.0],
