{
    "animation": [
        {
            "name": "Root",
            "time": [0.0, 0.0167, 0.0333, 0.05, 0.0667, 0.0833, 0.1, 0.1167, 0.1333, 0.15, 0.1667, 0.1833, 0.2, 0.2167, 0.2333, 0.25, 0.2667, 0.2833, 0.3, 0.3167, 0.3333, 0.35, 0.3667, 0.3833, 0.4, 0.4167, 0.4333, 0.45, 0.4667, 0.4833, 0.5, 0.5167, 0.5333, 0.55, 0.5667, 0.5833, 0.6, 0.6167, 0.6333, 0.65, 0.6667, 0.6833, 0.7, 0.7167, 0.7333, 0.75, 0.7667, 0.7833, 0.8, 0.8167, 0.8333, 0.85, 0.8667, 0.8833, 0.9, 0.9167, 0.9333, 0.95, 0.9667, 0.9833, 1.0, 1.0167, 1.0333, 1.05, 1.0667, 1.0833, 1.1, 1.1167, 1.1333, 1.15, 1.1667, 1.1833, 1.2, 1.2167, 1.2333, 1.25, 1.2667, 1.2833, 1.3, 1.3167, 1.3333, 1.35, 1.3667, 1.3833, 1.4, 1.4167, 1.4333, 1.45, 1.4667, 1.4833, 1.5, 1.5167, 1.5333, 1.55, 1.5667, 1.5833, 1.6, 1.6167, 1.6333, 1.65, 1.6667, 1.6833, 1.7, 1.7167, 1.7333, 1.75, 1.7667, 1.7833, 1.8, 1.8167, 1.8333, 1.85, 1.8667, 1.8833, 1.9, 1.9167, 1.9333, 1.95, 1.9667, 1.9833, 2.0, 2.0167, 2.0333, 2.05, 2.0667, 2.0833, 2.1, 2.1167, 2.1333, 2.15, 2.1667, 2.1833, 2.2, 2.2167, 2.2333, 2.25, 2.2667, 2.2833, 2.3, 2.3167, 2.3333, 2.35, 2.3667, 2.3833, 2.4, 2.4167, 2.4333, 2.45, 2.4667, 2.4833, 2.5, 2.5167, 2.5333, 2.55, 2.5667, 2.5833, 2.6, 2.6167, 2.6333, 2.65, 2.6667, 2.6833, 2.7, 2.7167, 2.7333, 2.75, 2.7667, 2.7833, 2.8, 2.8167, 2.8333, 2.85, 2.8667, 2.8833, 2.9, 2.9167, 2.9333, 2.95, 2.9667, 2.9833, 3.0, 3.0167, 3.0333, 3.05, 3.0667, 3.0833, 3.1, 3.1167, 3.1333, 3.15, 3.1667, 3.1833, 3.2, 3.2167, 3.2333, 3.25, 3.2667, 3.2833, 3.3, 3.3167, 3.3333, 3.35, 3.3667, 3.7333],
            "transform": [
                [1.0, 0.0, 0.0, -5e-06, 0.0, 0.0, -1.0, 0.000946, 0.0, 1.0, 0.0, 0.763972, 0.0, 0.0, 0.0, 1.0],
                [1.0, 0.0, 0.0, -5e-06, 0.0, 0.0, -1.0, 0.000946, 0.0, 1.0, 0.0, 0.763972, 0.0, 0.0, 0.0, 1.0],
                [1.0, 0.0, 0.0, -5e-06, 0.0, 0.0, -1.0, 0.000946, 0.0, 1.0, 0.0, 0.763972, 0.0, 0.0, 0.0, 1.0],
                [1.0, 0.0, 0.0, -5e-06, 0.0, 0.0, -1.0, 0.000946, 0.0, 1.0, 0.0, 0.763972, 0.0, 0.0, 0.0, 1.0],
                [1.0, 0.0, 0.0, -5e-06, 0.0, 0.0, -1.0, 0.000946, 0.0, 1.0, 0.0, 0.763972, 0.0, 0.0, 0.0, 1.0],
                [1.0, 0.0, 0.0, -5e-06, 0.0, 0.0, -1.0, 0.000946, 0.0, 1.0, 0.0, 0.763972, 0.0, 0.0, 0.0, 1.0],
                [1.0, 0.0, 0.0, -5e-06, 0.0, 0.0, -1.0, 0.000946, 0.0, 1.0, 0.0, 0.763972, 0.0, 0.0, 0.0, 1.0],
                [1.0, 0.0, 0.0, -5e-06, 0.0, 0.0, -1.0, 0.000946, 0.0, 1.0, 0.0, 0.763972, 0.0, 0.0, 0.0, 1.0],
                [1.0, 0.0, 0.0, -5e-06, 0.0, 0.0, -1.0, 0.000946, 0.0, 1.0, 0.0, 0.763972, 0.0, 0.0, 0.0, 1.0],
                [1.0, 0.0, 0.0, -5e-06, 0.0, 0.0, -1.0, 0.002293, 0.0, 1.0, 0.0, 0.763972, 0.0, 0.0, 0.0, 1.0],
                [1.0, 0.0, 0.0, -5e-06, 0.0, 0.0, -1.0, 0.00637, 0.0, 1.0, 0.0, 0.763972, 0.0, 0.0, 0.0, 1.0],
                [1.0, 0.0, 0.0, -5e-06, 0.0, 0.0, -1.0, 0.013232, 0.0, 1.0, 0.0, 0.763972, 0.0, 0.0, 0.0, 1.0],
                [1.0, 0.0, 0.0, -5e-06, 0.0, 0.0, -1.0, 0.022935, 0.0, 1.0, 0.0, 0.763972, 0.0, 0.0, 0.0, 1.0],
                [1.0, 0.0, 0.0, -5e-06, 0.0, 0.0, -1.0, 0.035533, 0.0, 1.0, 0.0, 0.763972, 0.0, 0.0, 0.0, 1.0],
                [1.0, 0.0, 0.0, -5e-06, 0.0, 0.0, -1.0, 0.051083, 0.0, 1.0, 0.0, 0.763972, 0.0, 0.0, 0.0, 1.0],
                [1.0, 0.0, 0.0, -5e-06, 0.0, 0.0, -1.0, 0.069637, 0.0, 1.0, 0.0, 0.763972, 0.0, 0.0, 0.0, 1.0],
                [1.0, 0.0, 0.0, -5e-06, 0.0, 0.0, -1.0, 0.091253, 0.0, 1.0, 0.0, 0.763972, 0.0, 0.0, 0.0, 1.0],
                [1.0, 0.0, 0.0, -5e-06, 0.0, 0.0, -1.0, 0.115985, 0.0, 1.0, 0.0, 0.763972, 0.0, 0.0, 0.0, 1.0],
                [1.0, 0.0, 0.0, -5e-06, 0.0, 0.0, -1.0, 0.143889, 0.0, 1.0, 0.0, 0.763972, 0.0, 0.0, 0.0, 1.0],
                [0.998904, 0.018254, -0.043091, -5e-06, -0.04307, -0.001517, -0.999071, 0.175018, -0.018303, 0.999832, -0.000729, 0.763972, 0.0, 0.0, 0.0, 1.0],
                [0.991206, 0.05033, -0.122387, -5e-06, -0.122229, -0.006207, -0.992483, 0.20943, -0.050711, 0.998713, -0.0, 0.763972, 0.0, 0.0, 0.0, 1.0],
                [0.97394, 0.083841, -0.210742, -5e-06, -0.210298, -0.014185, -0.977534, 0.247177, -0.084947, 0.996378, 0.003816, 0.763972, 0.0, 0.0, 0.0, 1.0],
                [0.947068, 0.114932, -0.299755, -5e-06, -0.298905, -0.024965, -0.953956, 0.288317, -0.117124, 0.99306, 0.01071, 0.763972, 0.0, 0.0, 0.0, 1.0],
                [0.91153, 0.141983, -0.385944, -5e-06, -0.384616, -0.037809, -0.922302, 0.332904, -0.145543, 0.989147, 0.020145, 0.763972, 0.0, 0.0, 0.0, 1.0],
                [0.868474, 0.164214, -0.467747, -5e-06, -0.465918, -0.051914, -0.883304, 0.380992, -0.169334, 0.985058, 0.031424, 0.763972, 0.0, 0.0, 0.0, 1.0],
                [0.818924, 0.181217, -0.54454, -5e-06, -0.542238, -0.066492, -0.83759, 0.432638, -0.187993, 0.981193, 0.043811, 0.763972, 0.0, 0.0, 0.0, 1.0],
                [0.763632, 0.192738, -0.616212, -5e-06, -0.61351, -0.080768, -0.785546, 0.487896, -0.201174, 0.977921, 0.056569, 0.763972, 0.0, 0.0, 0.0, 1.0],
                [0.70298, 0.198553, -0.682932, -5e-06, -0.679942, -0.093961, -0.727221, 0.546821, -0.20856, 0.975576, 0.068952, 0.763972, 0.0, 0.0, 0.0, 1.0],
                [0.636902, 0.198376, -0.744985, -5e-06, -0.741859, -0.105223, -0.662248, 0.609469, -0.209764, 0.974461, 0.08015, 0.763972, 0.0, 0.0, 0.0, 1.0],
                [0.564785, 0.191786, -0.802643, -5e-06, -0.799564, -0.113545, -0.58975, 0.675895, -0.204242, 0.974847, 0.089216, 0.763972, 0.0, 0.0, 0.0, 1.0],
                [0.488406, 0.183177, -0.853174, -5e-06, -0.850611, -0.118247, -0.512327, 0.746096, -0.194731, 0.975943, 0.09806, 0.763972, 0.0, 0.0, 0.0, 1.0],
                [0.410243, 0.177184, -0.894598, -5e-06, -0.89319, -0.120019, -0.433368, 0.819843, -0.184154, 0.976832, 0.109022, 0.763972, 0.0, 0.0, 0.0, 1.0],
                [0.330122, 0.173586, -0.92784, -5e-06, -0.928111, -0.119554, -0.352585, 0.896846, -0.172131, 0.977535, 0.12164, 0.763972, 0.0, 0.0, 0.0, 1.0],
                [0.247769, 0.172159, -0.9534, -5e-06, -0.955793, -0.117394, -0.269589, 0.976819, -0.158336, 0.978049, 0.135461, 0.763972, 0.0, 0.0, 0.0, 1.0],
                [0.162883, 0.172685, -0.971416, -5e-06, -0.976304, -0.113968, -0.183962, 1.059474, -0.142478, 0.978361, 0.150029, 0.763972, 0.0, 0.0, 0.0, 1.0],
                [0.075189, 0.174956, -0.981701, -5e-06, -0.989392, -0.109629, -0.095316, 1.144523, -0.124299, 0.978454, 0.164858, 0.763972, 0.0, 0.0, 0.0, 1.0],
                [-0.01551, 0.178771, -0.983769, -5e-06, -0.994501, -0.10467, -0.003341, 1.231677, -0.103568, 0.978307, 0.179411, 0.763972, 0.0, 0.0, 0.0, 1.0],
                [-0.109274, 0.183926, -0.976847, -5e-06, -0.990779, -0.099346, 0.092127, 1.32065, -0.080102, 0.977907, 0.193086, 0.763972, 0.0, 0.0, 0.0, 1.0],
                [-0.205954, 0.190212, -0.959897, -5e-06, -0.977083, -0.093879, 0.191039, 1.411153, -0.053776, 0.977244, 0.205188, 0.763972, 0.0, 0.0, 0.0, 1.0],
                [-0.305112, 0.197408, -0.931631, -5e-06, -0.952, -0.08846, 0.293039, 1.502899, -0.024564, 0.976322, 0.214923, 0.763972, 0.0, 0.0, 0.0, 1.0],
                [-0.40591, 0.205268, -0.890562, -5e-06, -0.913883, -0.083253, 0.39735, 1.5956, 0.007421, 0.975158, 0.221384, 0.763972, 0.0, 0.0, 0.0, 1.0],
                [-0.506996, 0.213519, -0.835083, -5e-06, -0.860931, -0.078385, 0.502647, 1.688968, 0.041867, 0.973789, 0.223566, 0.763972, 0.0, 0.0, 0.0, 1.0],
                [-0.606379, 0.221859, -0.763599, -5e-06, -0.791322, -0.073932, 0.606913, 1.782716, 0.078194, 0.972272, 0.220393, 0.763972, 0.0, 0.0, 0.0, 1.0],
                [-0.701323, 0.229952, -0.674736, -5e-06, -0.703428, -0.069906, 0.707321, 1.876555, 0.115481, 0.970688, 0.210781, 0.763972, 0.0, 0.0, 0.0, 1.0],
                [-0.788299, 0.237446, -0.56763, -5e-06, -0.59612, -0.066227, 0.80016, 1.970198, 0.152403, 0.96914, 0.193753, 0.763972, 0.0, 0.0, 0.0, 1.0],
                [-0.863046, 0.243992, -0.442289, -5e-06, -0.469158, -0.062703, 0.880885, 2.063356, 0.187197, 0.967748, 0.168587, 0.763972, 0.0, 0.0, 0.0, 1.0],
                [-0.920799, 0.249279, -0.299983, -5e-06, -0.323629, -0.059015, 0.944342, 2.155743, 0.217701, 0.966632, 0.135015, 0.763972, 0.0, 0.0, 0.0, 1.0],
                [-0.956731, 0.253081, -0.143584, -5e-06, -0.162333, -0.054714, 0.985218, 2.247071, 0.241484, 0.965897, 0.09343, 0.763972, 0.0, 0.0, 0.0, 1.0],
                [-0.966602, 0.255313, 0.022279, -5e-06, 0.010013, -0.049244, 0.998737, 2.33705, 0.256087, 0.965604, 0.045043, 0.763972, 0.0, 0.0, 0.0, 1.0],
                [-0.947523, 0.256067, 0.191386, -5e-06, 0.186895, -0.041998, 0.981481, 2.425395, 0.259363, 0.965746, -0.008064, 0.763972, 0.0, 0.0, 0.0, 1.0],
                [-0.898652, 0.25564, 0.356472, -5e-06, 0.360554, -0.032398, 0.932176, 2.511816, 0.24985, 0.966229, -0.063058, 0.763972, 0.0, 0.0, 0.0, 1.0],
                [-0.819751, 0.248772, 0.515869, -5e-06, 0.528687, -0.017654, 0.848633, 2.596, 0.220224, 0.968401, -0.117051, 0.763972, 0.0, 0.0, 0.0, 1.0],
                [-0.705612, 0.233237, 0.669113, -5e-06, 0.689185, 0.006372, 0.724557, 2.677526, 0.16473, 0.972399, -0.165239, 0.763972, 0.0, 0.0, 0.0, 1.0],
                [-0.552285, 0.21406, 0.805704, -5e-06, 0.829207, 0.041352, 0.557409, 2.755944, 0.086001, 0.975945, -0.200338, 0.763972, 0.0, 0.0, 0.0, 1.0],
                [-0.362965, 0.19659, 0.910829, -5e-06, 0.93175, 0.086979, 0.352529, 2.830807, -0.00992, 0.97662, -0.214743, 0.763972, 0.0, 0.0, 0.0, 1.0],
                [-0.151285, 0.185735, 0.970884, -5e-06, 0.982061, 0.140078, 0.126229, 2.901667, -0.112554, 0.972564, -0.203595, 0.763972, 0.0, 0.0, 0.0, 1.0],
                [0.060227, 0.184296, 0.981024, -5e-06, 0.97607, 0.194858, -0.096529, 2.968076, -0.20895, 0.963362, -0.16815, 0.763972, 0.0, 0.0, 0.0, 1.0],
                [0.247475, 0.191657, 0.949749, -5e-06, 0.925067, 0.244745, -0.290432, 3.029586, -0.28811, 0.950456, -0.116728, 0.763972, 0.0, 0.0, 0.0, 1.0],
                [0.393136, 0.204069, 0.896549, -5e-06, 0.852431, 0.284627, -0.438576, 3.085748, -0.344682, 0.936666, -0.062057, 0.763972, 0.0, 0.0, 0.0, 1.0],
                [0.489636, 0.21629, 0.844675, -5e-06, 0.785204, 0.311808, -0.535005, 3.136116, -0.379092, 0.9252, -0.017159, 0.763972, 0.0, 0.0, 0.0, 1.0],
                [0.535357, 0.223367, 0.814555, -5e-06, 0.746898, 0.325108, -0.580041, 3.180239, -0.394381, 0.918919, 0.007217, 0.763972, 0.0, 0.0, 0.0, 1.0],
                [0.553836, 0.226428, 0.801247, -5e-06, 0.730051, 0.330665, -0.598069, 3.218733, -0.400364, 0.916183, 0.017831, 0.763972, 0.0, 0.0, 0.0, 1.0],
                [0.569785, 0.229231, 0.789176, -5e-06, 0.714846, 0.335466, -0.613561, 3.252699, -0.405389, 0.913737, 0.027278, 0.763972, 0.0, 0.0, 0.0, 1.0],
                [0.583459, 0.231761, 0.778372, -5e-06, 0.701293, 0.339586, -0.626794, 3.282421, -0.40959, 0.911575, 0.035603, 0.763972, 0.0, 0.0, 0.0, 1.0],
                [0.595094, 0.234009, 0.768832, -5e-06, 0.689366, 0.343094, -0.638013, 3.308183, -0.413082, 0.909685, 0.042856, 0.763972, 0.0, 0.0, 0.0, 1.0],
                [0.604906, 0.235976, 0.760529, -5e-06, 0.679015, 0.346055, -0.647445, 3.330268, -0.415966, 0.908054, 0.0491, 0.763972, 0.0, 0.0, 0.0, 1.0],
                [0.613091, 0.237669, 0.753414, -5e-06, 0.670165, 0.348526, -0.655292, 3.348959, -0.418327, 0.906666, 0.054401, 0.763972, 0.0, 0.0, 0.0, 1.0],
                [0.61983, 0.239099, 0.747424, -5e-06, 0.662729, 0.350562, -0.661738, 3.364541, -0.420239, 0.905504, 0.058831, 0.763972, 0.0, 0.0, 0.0, 1.0],
                [0.62529, 0.240283, 0.74248, -5e-06, 0.656601, 0.352212, -0.666949, 3.377297, -0.421767, 0.90455, 0.062464, 0.763972, 0.0, 0.0, 0.0, 1.0],
                [0.629623, 0.24124, 0.738497, -5e-06, 0.65167, 0.353523, -0.67108, 3.387511, -0.422966, 0.903784, 0.065377, 0.763972, 0.0, 0.0, 0.0, 1.0],
                [0.632975, 0.241989, 0.73538, -5e-06, 0.647815, 0.354536, -0.67427, 3.395466, -0.423885, 0.903186, 0.067649, 0.763972, 0.0, 0.0, 0.0, 1.0],
                [0.635481, 0.242556, 0.733028, -5e-06, 0.644908, 0.355294, -0.676653, 3.401446, -0.424567, 0.902736, 0.069357, 0.763972, 0.0, 0.0, 0.0, 1.0],
                [0.637271, 0.242963, 0.731338, -5e-06, 0.64282, 0.355835, -0.678353, 3.405735, -0.42505, 0.902414, 0.070582, 0.763972, 0.0, 0.0, 0.0, 1.0],
                [0.638469, 0.243238, 0.730201, -5e-06, 0.641417, 0.356196, -0.679491, 3.408616, -0.425373, 0.902197, 0.071403, 0.763972, 0.0, 0.0, 0.0, 1.0],
                [0.639196, 0.243405, 0.729508, -5e-06, 0.640562, 0.356415, -0.680182, 3.410373, -0.425568, 0.902066, 0.071903, 0.763972, 0.0, 0.0, 0.0, 1.0],
                [0.639574, 0.243493, 0.729148, -5e-06, 0.640119, 0.356527, -0.680541, 3.41129, -0.425668, 0.901998, 0.072161, 0.763972, 0.0, 0.0, 0.0, 1.0],
                [0.639718, 0.243527, 0.729009, -5e-06, 0.63995, 0.356568, -0.680679, 3.411649, -0.425705, 0.901972, 0.072258, 0.763972, 0.0, 0.0, 0.0, 1.0],
                [0.639749, 0.243535, 0.72898, -5e-06, 0.639916, 0.356573, -0.680708, 3.411736, -0.425711, 0.901968, 0.072275, 0.763972, 0.0, 0.0, 0.0, 1.0],
                [0.639762, 0.24354, 0.728967, -5e-06, 0.639902, 0.356572, -0.680722, 3.411786, -0.425712, 0.901967, 0.072279, 0.763972, 0.0, 0.0, 0.0, 1.0],
                [0.639778, 0.243545, 0.728951, -5e-06, 0.639885, 0.35657, -0.680738, 3.411846, -0.425713, 0.901966, 0.072285, 0.763972, 0.0, 0.0, 0.0, 1.0],
                [0.639796, 0.243551, 0.728933, -5e-06, 0.639866, 0.356569, -0.680757, 3.411914, -0.425714, 0.901965, 0.072291, 0.763972, 0.0, 0.0, 0.0, 1.0],
                [0.639817, 0.243558, 0.728912, -5e-06, 0.639844, 0.356567, -0.680779, 3.411991, -0.425716, 0.901964, 0.072298, 0.763972, 0.0, 0.0, 0.0, 1.0],
                [0.63984, 0.243566, 0.72889, -5e-06, 0.63982, 0.356565, -0.680802, 3.412075, -0.425717, 0.901963, 0.072306, 0.763972, 0.0, 0.0, 0.0, 1.0],
                [0.639865, 0.243575, 0.728865, -5e-06, 0.639794, 0.356563, -0.680828, 3.412165, -0.425719, 0.901961, 0.072315, 0.763972, 0.0, 0.0, 0.0, 1.0],
                [0.639892, 0.243584, 0.728838, -5e-06, 0.639766, 0.356561, -0.680856, 3.412261, -0.425721, 0.90196, 0.072324, 0.763972, 0.0, 0.0, 0.0, 1.0],
                [0.639921, 0.243594, 0.72881, -5e-06, 0.639736, 0.356559, -0.680885, 3.412363, -0.425723, 0.901958, 0.072334, 0.763972, 0.0, 0.0, 0.0, 1.0],
                [0.639951, 0.243604, 0.72878, -5e-06, 0.639704, 0.356556, -0.680916, 3.412468, -0.425725, 0.901956, 0.072344, 0.763972, 0.0, 0.0, 0.0, 1.0],
                [0.639982, 0.243615, 0.728748, -5e-06, 0.639671, 0.356554, -0.680948, 3.412577, -0.425727, 0.901954, 0.072355, 0.763972, 0.0, 0.0, 0.0, 1.0],
                [0.640015, 0.243626, 0.728716, -5e-06, 0.639637, 0.356551, -0.680982, 3.412688, -0.425729, 0.901952, 0.072366, 0.763972, 0.0, 0.0, 0.0, 1.0],
                [0.640049, 0.243637, 0.728682, -5e-06, 0.639601, 0.356548, -0.681016, 3.412802, -0.425731, 0.90195, 0.072378, 0.763972, 0.0, 0.0, 0.0, 1.0],
                [0.640084, 0.243649, 0.728648, -5e-06, 0.639565, 0.356546, -0.681052, 3.412916, -0.425734, 0.901948, 0.07239, 0.763972, 0.0, 0.0, 0.0, 1.0],
                [0.640119, 0.243661, 0.728613, -5e-06, 0.639528, 0.356543, -0.681088, 3.41303, -0.425736, 0.901946, 0.072402, 0.763972, 0.0, 0.0, 0.0, 1.0],
                [0.640155, 0.243673, 0.728577, -5e-06, 0.63949, 0.35654, -0.681125, 3.413145, -0.425739, 0.901944, 0.072414, 0.763972, 0.0, 0.0, 0.0, 1.0],
                [0.640192, 0.243686, 0.728541, -5e-06, 0.639452, 0.356537, -0.681163, 3.413257, -0.425741, 0.901942, 0.072427, 0.763972, 0.0, 0.0, 0.0, 1.0],
                [0.640229, 0.243698, 0.728504, -5e-06, 0.639413, 0.356534, -0.681201, 3.413368, -0.425744, 0.901939, 0.072439, 0.763972, 0.0, 0.0, 0.0, 1.0],
                [0.640266, 0.243711, 0.728467, -5e-06, 0.639375, 0.356531, -0.681239, 3.413476, -0.425746, 0.901937, 0.072452, 0.763972, 0.0, 0.0, 0.0, 1.0],
                [0.640303, 0.243723, 0.728431, -5e-06, 0.639336, 0.356528, -0.681276, 3.41358, -0.425749, 0.901935, 0.072465, 0.763972, 0.0, 0.0, 0.0, 1.0],
                [0.640339, 0.243736, 0.728394, -5e-06, 0.639297, 0.356525, -0.681314, 3.413679, -0.425751, 0.901933, 0.072477, 0.763972, 0.0, 0.0, 0.0, 1.0],
                [0.640376, 0.243748, 0.728358, -5e-06, 0.639259, 0.356522, -0.681351, 3.413774, -0.425754, 0.901931, 0.07249, 0.763972, 0.0, 0.0, 0.0, 1.0],
                [0.640411, 0.24376, 0.728323, -5e-06, 0.639222, 0.356519, -0.681388, 3.413862, -0.425756, 0.901929, 0.072502, 0.763972, 0.0, 0.0, 0.0, 1.0],
                [0.640447, 0.243772, 0.728288, -5e-06, 0.639185, 0.356516, -0.681424, 3.413943, -0.425759, 0.901926, 0.072514, 0.763972, 0.0, 0.0, 0.0, 1.0],
                [0.640481, 0.243784, 0.728254, -5e-06, 0.639149, 0.356513, -0.681459, 3.414017, -0.425761, 0.901924, 0.072526, 0.763972, 0.0, 0.0, 0.0, 1.0],
                [0.640514, 0.243795, 0.728221, -5e-06, 0.639114, 0.356511, -0.681493, 3.414082, -0.425763, 0.901922, 0.072537, 0.763972, 0.0, 0.0, 0.0, 1.0],
                [0.640547, 0.243806, 0.728189, -5e-06, 0.63908, 0.356508, -0.681526, 3.414141, -0.425765, 0.90192, 0.072548, 0.763972, 0.0, 0.0, 0.0, 1.0],
                [0.640577, 0.243817, 0.728158, -5e-06, 0.639048, 0.356506, -0.681558, 3.414197, -0.425768, 0.901919, 0.072559, 0.763972, 0.0, 0.0, 0.0, 1.0],
                [0.640607, 0.243827, 0.728129, -5e-06, 0.639017, 0.356503, -0.681588, 3.414251, -0.42577, 0.901917, 0.072569, 0.763972, 0.0, 0.0, 0.0, 1.0],
                [0.640635, 0.243836, 0.728101, -5e-06, 0.638988, 0.356501, -0.681617, 3.414301, -0.425772, 0.901915, 0.072578, 0.763972, 0.0, 0.0, 0.0, 1.0],
                [0.640661, 0.243845, 0.728075, -5e-06, 0.638961, 0.356499, -0.681643, 3.414349, -0.425773, 0.901914, 0.072587, 0.763972, 0.0, 0.0, 0.0, 1.0],
                [0.640685, 0.243853, 0.728051, -5e-06, 0.638936, 0.356497, -0.681668, 3.414394, -0.425775, 0.901912, 0.072596, 0.763972, 0.0, 0.0, 0.0, 1.0],
                [0.640707, 0.243861, 0.728029, -5e-06, 0.638913, 0.356495, -0.681691, 3.414437, -0.425776, 0.901911, 0.072603, 0.763972, 0.0, 0.0, 0.0, 1.0],
                [0.640727, 0.243867, 0.72801, -5e-06, 0.638892, 0.356493, -0.681711, 3.414477, -0.425778, 0.90191, 0.07261, 0.763972, 0.0, 0.0, 0.0, 1.0],
                [0.640744, 0.243873, 0.727993, -5e-06, 0.638874, 0.356492, -0.681728, 3.414515, -0.425779, 0.901909, 0.072616, 0.763972, 0.0, 0.0, 0.0, 1.0],
                [0.640758, 0.243878, 0.727978, -5e-06, 0.638858, 0.356491, -0.681744, 3.41455, -0.42578, 0.901908, 0.072621, 0.763972, 0.0, 0.0, 0.0, 1.0],
                [0.640771, 0.243882, 0.727966, -5e-06, 0.638846, 0.35649, -0.681756, 3.414583, -0.425781, 0.901907, 0.072625, 0.763972, 0.0, 0.0, 0.0, 1.0],
                [0.64078, 0.243885, 0.727957, -5e-06, 0.638836, 0.356489, -0.681765, 3.414614, -0.425781, 0.901907, 0.072628, 0.763972, 0.0, 0.0, 0.0, 1.0],
                [0.640835, 0.243883, 0.727909, -5e-06, 0.6388, 0.356458, -0.681815, 3.414643, -0.425752, 0.90192, 0.072639, 0.763976, 0.0, 0.0, 0.0, 1.0],
                [0.641184, 0.24385, 0.727613, -5e-06, 0.638589, 0.356244, -0.682125, 3.41467, -0.425543, 0.902013, 0.072698, 0.764005, 0.0, 0.0, 0.0, 1.0],
                [0.642122, 0.243757, 0.726816, -5e-06, 0.638023, 0.355663, -0.682957, 3.414694, -0.424977, 0.902267, 0.072857, 0.764086, 0.0, 0.0, 0.0, 1.0],
                [0.643943, 0.243573, 0.725266, -5e-06, 0.636922, 0.354532, -0.684571, 3.414716, -0.423873, 0.902762, 0.073162, 0.764242, 0.0, 0.0, 0.0, 1.0],
                [0.646932, 0.243263, 0.722705, -5e-06, 0.635099, 0.352671, -0.687221, 3.414738, -0.422052, 0.903574, 0.073658, 0.764499, 0.0, 0.0, 0.0, 1.0],
                [0.651366, 0.242786, 0.718872, -5e-06, 0.632361, 0.349898, -0.691152, 3.414757, -0.419334, 0.904779, 0.074383, 0.764884, 0.0, 0.0, 0.0, 1.0],
                [0.657506, 0.242094, 0.713496, -5e-06, 0.628501, 0.346039, -0.696594, 3.414775, -0.415538, 0.906448, 0.075367, 0.76542, 0.0, 0.0, 0.0, 1.0],
                [0.665588, 0.241122, 0.706295, -5e-06, 0.623295, 0.34092, -0.703759, 3.41479, -0.410482, 0.908644, 0.076622, 0.766134, 0.0, 0.0, 0.0, 1.0],
                [0.675815, 0.239791, 0.696975, -5e-06, 0.6165, 0.334379, -0.712824, 3.414805, -0.403983, 0.911423, 0.078147, 0.76705, 0.0, 0.0, 0.0, 1.0],
                [0.688347, 0.238001, 0.685225, -5e-06, 0.607844, 0.32626, -0.723934, 3.414818, -0.395859, 0.914828, 0.079912, 0.768194, 0.0, 0.0, 0.0, 1.0],
                [0.704425, 0.235426, 0.669597, -5e-06, 0.59619, 0.315661, -0.738184, 3.41483, -0.385153, 0.919202, 0.082001, 0.769687, 0.0, 0.0, 0.0, 1.0],
                [0.724579, 0.231723, 0.649068, -5e-06, 0.580652, 0.302063, -0.756043, 3.41484, -0.371252, 0.924696, 0.084318, 0.771617, 0.0, 0.0, 0.0, 1.0],
                [0.747819, 0.22675, 0.623981, -5e-06, 0.561325, 0.285928, -0.776633, 3.414849, -0.354515, 0.931037, 0.086542, 0.77396, 0.0, 0.0, 0.0, 1.0],
                [0.773133, 0.220381, 0.594725, -5e-06, 0.538349, 0.267739, -0.799059, 3.414857, -0.335329, 0.937949, 0.088356, 0.776694, 0.0, 0.0, 0.0, 1.0],
                [0.799533, 0.212532, 0.561762, -5e-06, 0.51194, 0.247993, -0.822446, 3.414864, -0.314109, 0.945161, 0.089475, 0.779794, 0.0, 0.0, 0.0, 1.0],
                [0.826093, 0.203176, 0.525634, -5e-06, 0.482406, 0.22719, -0.845972, 3.41487, -0.2913, 0.95242, 0.089667, 0.783237, 0.0, 0.0, 0.0, 1.0],
                [0.851985, 0.192355, 0.48695, -5e-06, 0.450154, 0.205818, -0.868907, 3.414875, -0.267362, 0.959499, 0.088765, 0.787001, 0.0, 0.0, 0.0, 1.0],
                [0.876515, 0.180177, 0.446382, -5e-06, 0.41568, 0.184336, -0.890635, 3.414879, -0.242757, 0.966207, 0.086677, 0.791061, 0.0, 0.0, 0.0, 1.0],
                [0.899137, 0.166816, 0.40463, -5e-06, 0.37955, 0.163158, -0.910671, 3.414882, -0.217934, 0.972395, 0.083386, 0.795395, 0.0, 0.0, 0.0, 1.0],
                [0.919461, 0.152497, 0.362403, -5e-06, 0.342375, 0.142647, -0.928672, 3.414885, -0.193315, 0.977955, 0.078947, 0.799978, 0.0, 0.0, 0.0, 1.0],
                [0.937257, 0.137484, 0.320387, -5e-06, 0.304782, 0.123101, -0.944433, 3.414887, -0.169284, 0.982825, 0.073474, 0.804789, 0.0, 0.0, 0.0, 1.0],
                [0.952436, 0.122065, 0.279225, -5e-06, 0.267394, 0.104753, -0.957876, 3.414889, -0.146173, 0.986979, 0.067131, 0.809802, 0.0, 0.0, 0.0, 1.0],
                [0.965034, 0.106537, 0.239498, -5e-06, 0.2308, 0.087775, -0.969034, 3.41489, -0.12426, 0.990427, 0.060117, 0.814996, 0.0, 0.0, 0.0, 1.0],
                [0.975189, 0.091193, 0.201716, -5e-06, 0.195544, 0.072278, -0.978028, 3.414891, -0.103769, 0.993207, 0.052653, 0.820346, 0.0, 0.0, 0.0, 1.0],
                [0.983115, 0.076315, 0.166315, -5e-06, 0.162114, 0.058323, -0.985047, 3.414891, -0.084874, 0.995377, 0.044966, 0.82583, 0.0, 0.0, 0.0, 1.0],
                [0.989076, 0.062165, 0.133658, -5e-06, 0.13094, 0.04593, -0.990326, 3.414892, -0.067702, 0.997009, 0.037288, 0.831423, 0.0, 0.0, 0.0, 1.0],
                [0.993366, 0.048981, 0.104045, -5e-06, 0.102394, 0.035088, -0.994125, 3.414892, -0.052344, 0.998183, 0.02984, 0.837103, 0.0, 0.0, 0.0, 1.0],
                [0.996289, 0.036982, 0.077723, -5e-06, 0.076799, 0.025769, -0.996714, 3.414892, -0.038864, 0.998984, 0.022833, 0.842847, 0.0, 0.0, 0.0, 1.0],
                [0.998144, 0.026365, 0.054902, -5e-06, 0.05444, 0.01793, -0.998356, 3.414889, -0.027306, 0.999492, 0.016462, 0.84863, 0.0, 0.0, 0.0, 1.0],
                [0.99921, 0.01731, 0.035769, -5e-06, 0.035572, 0.011533, -0.999301, 3.41487, -0.01771, 0.999784, 0.010908, 0.85443, 0.0, 0.0, 0.0, 1.0],
                [0.99974, 0.009984, 0.020505, -5e-06, 0.02044, 0.006543, -0.99977, 3.414818, -0.010116, 0.999929, 0.006337, 0.860222, 0.0, 0.0, 0.0, 1.0],
                [0.999946, 0.004549, 0.009301, -5e-06, 0.009288, 0.002945, -0.999953, 3.414717, -0.004576, 0.999985, 0.002902, 0.865985, 0.0, 0.0, 0.0, 1.0],
                [0.999996, 0.001166, 0.002377, -5e-06, 0.002376, 0.000749, -0.999997, 3.41455, -0.001168, 0.999999, 0.000746, 0.871694, 0.0, 0.0, 0.0, 1.0],
                [1.0, 0.0, 0.0, -5e-06, 0.0, 0.0, -1.0, 3.414301, 0.0, 1.0, 0.0, 0.877327, 0.0, 0.0, 0.0, 1.0],
                [1.0, 0.0, 0.0, -5e-06, 0.0, 0.0, -1.0, 3.413954, 0.0, 1.0, 0.0, 0.882859, 0.0, 0.0, 0.0, 1.0],
                [1.0, 0.0, 0.0, -5e-06, 0.0, 0.0, -1.0, 3.413491, 0.0, 1.0, 0.0, 0.888267, 0.0, 0.0, 0.0, 1.0],
                [1.0, 0.0, 0.0, -5e-06, 0.0, 0.0, -1.0, 3.412898, 0.0, 1.0, 0.0, 0.893529, 0.0, 0.0, 0.0, 1.0],
                [1.0, 0.0, 0.0, -5e-06, 0.0, 0.0, -1.0, 3.412157, 0.0, 1.0, 0.0, 0.898621, 0.0, 0.0, 0.0, 1.0],
                [1.0, 0.0, 0.0, -5e-06, 0.0, 0.0, -1.0, 3.411252, 0.0, 1.0, 0.0, 0.903518, 0.0, 0.0, 0.0, 1.0],
                [1.0, 0.0, 0.0, -5e-06, 0.0, 0.0, -1.0, 3.410166, 0.0, 1.0, 0.0, 0.908199, 0.0, 0.0, 0.0, 1.0],
                [1.0, 0.0, 0.0, -5e-06, 0.0, 0.0, -1.0, 3.408883, 0.0, 1.0, 0.0, 0.91264, 0.0, 0.0, 0.0, 1.0],
                [1.0, 0.0, 0.0, -5e-06, 0.0, 0.0, -1.0, 3.407387, 0.0, 1.0, 0.0, 0.916817, 0.0, 0.0, 0.0, 1.0],
                [1.0, 0.0, 0.0, -5e-06, 0.0, 0.0, -1.0, 3.405662, 0.0, 1.0, 0.0, 0.920707, 0.0, 0.0, 0.0, 1.0],
                [1.0, 0.0, 0.0, -5e-06, 0.0, 0.0, -1.0, 3.40369, 0.0, 1.0, 0.0, 0.924286, 0.0, 0.0, 0.0, 1.0],
                [1.0, 0.0, 0.0, -5e-06, 0.0, 0.0, -1.0, 3.401456, 0.0, 1.0, 0.0, 0.927532, 0.0, 0.0, 0.0, 1.0],
                [1.0, 0.0, 0.0, -5e-06, 0.0, 0.0, -1.0, 3.398942, 0.0, 1.0, 0.0, 0.930421, 0.0, 0.0, 0.0, 1.0],
                [1.0, 0.0, 0.0, -5e-06, 0.0, 0.0, -1.0, 3.396134, 0.0, 1.0, 0.0, 0.93293, 0.0, 0.0, 0.0, 1.0],
                [1.0, 0.0, 0.0, -5e-06, 0.0, 0.0, -1.0, 3.393013, 0.0, 1.0, 0.0, 0.935035, 0.0, 0.0, 0.0, 1.0],
                [1.0, 0.0, 0.0, -5e-06, 0.0, 0.0, -1.0, 3.389565, 0.0, 1.0, 0.0, 0.936712, 0.0, 0.0, 0.0, 1.0],
                [1.0, 0.0, 0.0, -5e-06, 0.0, 0.0, -1.0, 3.385772, 0.0, 1.0, 0.0, 0.937939, 0.0, 0.0, 0.0, 1.0],
                [1.0, 0.0, 0.0, -5e-06, 0.0, 0.0, -1.0, 3.381617, 0.0, 1.0, 0.0, 0.938693, 0.0, 0.0, 0.0, 1.0],
                [1.0, 0.0, 0.0, -5e-06, 0.0, 0.0, -1.0, 3.377086, 0.0, 1.0, 0.0, 0.938949, 0.0, 0.0, 0.0, 1.0],
                [1.0, 0.0, 0.0, -5e-06, 0.0, 0.0, -1.0, 3.370518, 0.0, 1.0, 0.0, 0.938949, 0.0, 0.0, 0.0, 1.0],
                [1.0, 0.0, 0.0, -5e-06, 0.0, 0.0, -1.0, 3.360485, 0.0, 1.0, 0.0, 0.938949, 0.0, 0.0, 0.0, 1.0],
                [1.0, 0.0, 0.0, -5e-06, 0.0, 0.0, -1.0, 3.347319, 0.0, 1.0, 0.0, 0.938949, 0.0, 0.0, 0.0, 1.0],
                [1.0, 0.0, 0.0, -5e-06, 0.0, 0.0, -1.0, 3.331349, 0.0, 1.0, 0.0, 0.938949, 0.0, 0.0, 0.0, 1.0],
                [1.0, 0.0, 0.0, -5e-06, 0.0, 0.0, -1.0, 3.312906, 0.0, 1.0, 0.0, 0.938949, 0.0, 0.0, 0.0, 1.0],
                [1.0, 0.0, 0.0, -5e-06, 0.0, 0.0, -1.0, 3.29232, 0.0, 1.0, 0.0, 0.938949, 0.0, 0.0, 0.0, 1.0],
                [1.0, 0.0, 0.0, -5e-06, 0.0, 0.0, -1.0, 3.269922, 0.0, 1.0, 0.0, 0.938949, 0.0, 0.0, 0.0, 1.0],
                [1.0, 0.0, 0.0, -5e-06, 0.0, 0.0, -1.0, 3.246042, 0.0, 1.0, 0.0, 0.938949, 0.0, 0.0, 0.0, 1.0],
                [1.0, 0.0, 0.0, -5e-06, 0.0, 0.0, -1.0, 3.221009, 0.0, 1.0, 0.0, 0.938949, 0.0, 0.0, 0.0, 1.0],
                [1.0, 0.0, 0.0, -5e-06, 0.0, 0.0, -1.0, 3.195155, 0.0, 1.0, 0.0, 0.938949, 0.0, 0.0, 0.0, 1.0],
                [1.0, 0.0, 0.0, -5e-06, 0.0, 0.0, -1.0, 3.168811, 0.0, 1.0, 0.0, 0.938949, 0.0, 0.0, 0.0, 1.0],
                [1.0, 0.0, 0.0, -5e-06, 0.0, 0.0, -1.0, 3.142306, 0.0, 1.0, 0.0, 0.938949, 0.0, 0.0, 0.0, 1.0],
                [1.0, 0.0, 0.0, -5e-06, 0.0, 0.0, -1.0, 3.11597, 0.0, 1.0, 0.0, 0.938949, 0.0, 0.0, 0.0, 1.0],
                [1.0, 0.0, 0.0, -5e-06, 0.0, 0.0, -1.0, 3.090135, 0.0, 1.0, 0.0, 0.938949, 0.0, 0.0, 0.0, 1.0],
                [1.0, 0.0, 0.0, -5e-06, 0.0, 0.0, -1.0, 3.06513, 0.0, 1.0, 0.0, 0.938949, 0.0, 0.0, 0.0, 1.0],
                [1.0, 0.0, 0.0, -5e-06, 0.0, 0.0, -1.0, 3.041286, 0.0, 1.0, 0.0, 0.938949, 0.0, 0.0, 0.0, 1.0],
                [1.0, 0.0, 0.0, -5e-06, 0.0, 0.0, -1.0, 3.018933, 0.0, 1.0, 0.0, 0.938949, 0.0, 0.0, 0.0, 1.0],
                [1.0, 0.0, 0.0, -5e-06, 0.0, 0.0, -1.0, 2.998402, 0.0, 1.0, 0.0, 0.938949, 0.0, 0.0, 0.0, 1.0],
                [1.0, 0.0, 0.0, -5e-06, 0.0, 0.0, -1.0, 2.980023, 0.0, 1.0, 0.0, 0.938949, 0.0, 0.0, 0.0, 1.0],
                [1.0, 0.0, 0.0, -5e-06, 0.0, 0.0, -1.0, 2.964126, 0.0, 1.0, 0.0, 0.938949, 0.0, 0.0, 0.0, 1.0],
                [1.0, 0.0, 0.0, -5e-06, 0.0, 0.0, -1.0, 2.951042, 0.0, 1.0, 0.0, 0.938949, 0.0, 0.0, 0.0, 1.0],
                [1.0, 0.0, 0.0, -5e-06, 0.0, 0.0, -1.0, 2.941101, 0.0, 1.0, 0.0, 0.938949, 0.0, 0.0, 0.0, 1.0],
                [1.0, 0.0, 0.0, -5e-06, 0.0, 0.0, -1.0, 2.933417, 0.0, 1.0, 0.0, 0.938949, 0.0, 0.0, 0.0, 1.0],
                [1.0, 0.0, 0.0, -5e-06, 0.0, 0.0, -1.0, 2.926829, 0.0, 1.0, 0.0, 0.938949, 0.0, 0.0, 0.0, 1.0],
                [1.0, 0.0, 0.0, -5e-06, 0.0, 0.0, -1.0, 2.921252, 0.0, 1.0, 0.0, 0.938949, 0.0, 0.0, 0.0, 1.0],
                [1.0, 0.0, 0.0, -5e-06, 0.0, 0.0, -1.0, 2.916603, 0.0, 1.0, 0.0, 0.938949, 0.0, 0.0, 0.0, 1.0],
                [1.0, 0.0, 0.0, -5e-06, 0.0, 0.0, -1.0, 2.912796, 0.0, 1.0, 0.0, 0.938949, 0.0, 0.0, 0.0, 1.0],
                [1.0, 0.0, 0.0, -5e-06, 0.0, 0.0, -1.0, 2.909748, 0.0, 1.0, 0.0, 0.938949, 0.0, 0.0, 0.0, 1.0],
                [1.0, 0.0, 0.0, -5e-06, 0.0, 0.0, -1.0, 2.907374, 0.0, 1.0, 0.0, 0.938949, 0.0, 0.0, 0.0, 1.0],
                [1.0, 0.0, 0.0, -5e-06, 0.0, 0.0, -1.0, 2.905591, 0.0, 1.0, 0.0, 0.938949, 0.0, 0.0, 0.0, 1.0],
                [1.0, 0.0, 0.0, -5e-06, 0.0, 0.0, -1.0, 2.904312, 0.0, 1.0, 0.0, 0.938949, 0.0, 0.0, 0.0, 1.0],
                [1.0, 0.0, 0.0, -5e-06, 0.0, 0.0, -1.0, 2.903455, 0.0, 1.0, 0.0, 0.938949, 0.0, 0.0, 0.0, 1.0],
                [1.0, 0.0, 0.0, -5e-06, 0.0, 0.0, -1.0, 2.902936, 0.0, 1.0, 0.0, 0.938949, 0.0, 0.0, 0.0, 1.0],
                [1.0, 0.0, 0.0, -5e-06, 0.0, 0.0, -1.0, 2.902668, 0.0, 1.0, 0.0, 0.938949, 0.0, 0.0, 0.0, 1.0],
                [1.0, 0.0, 0.0, -5e-06, 0.0, 0.0, -1.0, 2.90257, 0.0, 1.0, 0.0, 0.938949, 0.0, 0.0, 0.0, 1.0],
                [1.0, 0.0, 0.0, -5e-06, 0.0, 0.0, -1.0, 2.902556, 0.0, 1.0, 0.0, 0.938949, 0.0, 0.0, 0.0, 1.0],
                [1.0, 0.0, 0.0, -5e-06, 0.0, 0.0, -1.0, 2.902556, 0.0, 1.0, 0.0, 0.938949, 0.0, 0.0, 0.0, 1.0]
            ]
        },
        {
            "name": "Thigh_R",
            "time": [0.0, 0.0167, 0.0333, 0.05, 0.0667, 0.0833, 0.1, 0.1167, 0.1333, 0.15, 0.1667, 0.1833, 0.2, 0.2167, 0.2333, 0.25, 0.2667, 0.2833, 0.3, 0.3167, 0.3333, 0.35, 0.3667, 0.3833, 0.4, 0.4167, 0.4333, 0.45, 0.4667, 0.4833, 0.5, 0.5167, 0.5333, 0.55, 0.5667, 0.5833, 0.6, 0.6167, 0.6333, 0.65, 0.6667, 0.6833, 0.7, 0.7167, 0.7333, 0.75, 0.7667, 0.7833, 0.8, 0.8167, 0.8333, 0.85, 0.8667, 0.8833, 0.9, 0.9167, 0.9333, 0.95, 0.9667, 0.9833, 1.0, 1.0167, 1.0333, 1.05, 1.0667, 1.0833, 1.1, 1.1167, 1.1333, 1.15, 1.1667, 1.1833, 1.2, 1.2167, 1.2333, 1.25, 1.2667, 1.2833, 1.3, 1.3167, 1.3333, 1.35, 1.3667, 1.3833, 1.4, 1.4167, 1.4333, 1.45, 1.4667, 1.4833, 1.5, 1.5167, 1.5333, 1.55, 1.5667, 1.5833, 1.6, 1.6167, 1.6333, 1.65, 1.6667, 1.6833, 1.7, 1.7167, 1.7333, 1.75, 1.7667, 1.7833, 1.8, 1.8167, 1.8333, 1.85, 1.8667, 1.8833, 1.9, 1.9167, 1.9333, 1.95, 1.9667, 1.9833, 2.0, 2.0167, 2.0333, 2.05, 2.0667, 2.0833, 2.1, 2.1167, 2.1333, 2.15, 2.1667, 2.1833, 2.2, 2.2167, 2.2333, 2.25, 2.2667, 2.2833, 2.3, 2.3167, 2.3333, 2.35, 2.3667, 2.3833, 2.4, 2.4167, 2.4333, 2.45, 2.4667, 2.4833, 2.5, 2.5167, 2.5333, 2.55, 2.5667, 2.5833, 2.6, 2.6167, 2.6333, 2.65, 2.6667, 2.6833, 2.7, 2.7167, 2.7333, 2.75, 2.7667, 2.7833, 2.8, 2.8167, 2.8333, 2.85, 2.8667, 2.8833, 2.9, 2.9167, 2.9333, 2.95, 2.9667, 2.9833, 3.0, 3.0167, 3.0333, 3.05, 3.0667, 3.0833, 3.1, 3.1167, 3.1333, 3.15, 3.1667, 3.1833, 3.2, 3.2167, 3.2333, 3.25, 3.2667, 3.2833, 3.3, 3.3167, 3.3333, 3.7333],
            "transform": [
                [0.931694, -0.172682, 0.319573, 0.117456, -0.005092, -0.885898, -0.463851, -0.002831, 0.363208, 0.43054, -0.826266, -0.042764, 0.0, 0.0, 0.0, 1.0],
                [0.931694, -0.172682, 0.319573, 0.117456, -0.005092, -0.885898, -0.463851, -0.002831, 0.363208, 0.43054, -0.826266, -0.042764, 0.0, 0.0, 0.0, 1.0],
                [0.931694, -0.172682, 0.319573, 0.117456, -0.005092, -0.885898, -0.463851, -0.002831, 0.363208, 0.43054, -0.826266, -0.042764, 0.0, 0.0, 0.0, 1.0],
                [0.931694, -0.172682, 0.319573, 0.117456, -0.005092, -0.885898, -0.463851, -0.002831, 0.363208, 0.43054, -0.826266, -0.042764, 0.0, 0.0, 0.0, 1.0],
                [0.931694, -0.172682, 0.319573, 0.117456, -0.005092, -0.885898, -0.463851, -0.002831, 0.363208, 0.43054, -0.826266, -0.042764, 0.0, 0.0, 0.0, 1.0],
                [0.931694, -0.172682, 0.319573, 0.117456, -0.005092, -0.885898, -0.463851, -0.002831, 0.363208, 0.43054, -0.826266, -0.042764, 0.0, 0.0, 0.0, 1.0],
                [0.931694, -0.172682, 0.319573, 0.117456, -0.005092, -0.885898, -0.463851, -0.002831, 0.363208, 0.43054, -0.826266, -0.042764, 0.0, 0.0, 0.0, 1.0],
                [0.931694, -0.172682, 0.319573, 0.117456, -0.005092, -0.885898, -0.463851, -0.002831, 0.363208, 0.43054, -0.826266, -0.042764, 0.0, 0.0, 0.0, 1.0],
                [0.931694, -0.172682, 0.319573, 0.117456, -0.005092, -0.885898, -0.463851, -0.002831, 0.363208, 0.43054, -0.826266, -0.042764, 0.0, 0.0, 0.0, 1.0],
                [0.931324, -0.172823, 0.320573, 0.117458, -0.004934, -0.886141, -0.46339, -0.002831, 0.364157, 0.429984, -0.826137, -0.04275, 0.0, 0.0, 0.0, 1.0],
                [0.930224, -0.17323, 0.323534, 0.117466, -0.004455, -0.886849, -0.462038, -0.002831, 0.366965, 0.428358, -0.82574, -0.042707, 0.0, 0.0, 0.0, 1.0],
                [0.928399, -0.173876, 0.328394, 0.117478, -0.003651, -0.88799, -0.459847, -0.002831, 0.371567, 0.425723, -0.825044, -0.042636, 0.0, 0.0, 0.0, 1.0],
                [0.925845, -0.174727, 0.335085, 0.117495, -0.002524, -0.889533, -0.456863, -0.002831, 0.377896, 0.422138, -0.824011, -0.042539, 0.0, 0.0, 0.0, 1.0],
                [0.922548, -0.175743, 0.343539, 0.117517, -0.001081, -0.891444, -0.453129, -0.002831, 0.38588, 0.417663, -0.82259, -0.042414, 0.0, 0.0, 0.0, 1.0],
                [0.918488, -0.176882, 0.353684, 0.117544, 0.000672, -0.893687, -0.448689, -0.002831, 0.395448, 0.412353, -0.820723, -0.042264, 0.0, 0.0, 0.0, 1.0],
                [0.913637, -0.178099, 0.365442, 0.117575, 0.002721, -0.896229, -0.443582, -0.002831, 0.406521, 0.406267, -0.818344, -0.042088, 0.0, 0.0, 0.0, 1.0],
                [0.907962, -0.179346, 0.378735, 0.11761, 0.005055, -0.899035, -0.437847, -0.002831, 0.419023, 0.399463, -0.815383, -0.041888, 0.0, 0.0, 0.0, 1.0],
                [0.901424, -0.180574, 0.39348, 0.11765, 0.007659, -0.902071, -0.43152, -0.002831, 0.432869, 0.391997, -0.811766, -0.041664, 0.0, 0.0, 0.0, 1.0],
                [0.893984, -0.181735, 0.409591, 0.117693, 0.010518, -0.905301, -0.424639, -0.002831, 0.447975, 0.383929, -0.807414, -0.041416, 0.0, 0.0, 0.0, 1.0],
                [0.885598, -0.182779, 0.426976, 0.117741, 0.013619, -0.908694, -0.417239, -0.002831, 0.464254, 0.375321, -0.802249, -0.041145, 0.0, 0.0, 0.0, 1.0],
                [0.87622, -0.183659, 0.445542, 0.117793, 0.016945, -0.912217, -0.409355, -0.002831, 0.481613, 0.366235, -0.796191, -0.040852, 0.0, 0.0, 0.0, 1.0],
                [0.865806, -0.184329, 0.465191, 0.117848, 0.020485, -0.915839, -0.401021, -0.002831, 0.499961, 0.356736, -0.789163, -0.040537, 0.0, 0.0, 0.0, 1.0],
                [0.85431, -0.184746, 0.485822, 0.117907, 0.024225, -0.91953, -0.392273, -0.002831, 0.519199, 0.346892, -0.781088, -0.040202, 0.0, 0.0, 0.0, 1.0],
                [0.841689, -0.184868, 0.507329, 0.11797, 0.028155, -0.92326, -0.383143, -0.002831, 0.539227, 0.336772, -0.771893, -0.039846, 0.0, 0.0, 0.0, 1.0],
                [0.827901, -0.18466, 0.529604, 0.118036, 0.032268, -0.927001, -0.373666, -0.002831, 0.559945, 0.326448, -0.761507, -0.03947, 0.0, 0.0, 0.0, 1.0],
                [0.812906, -0.184089, 0.552535, 0.118106, 0.036556, -0.93073, -0.363875, -0.002831, 0.581246, 0.315995, -0.749866, -0.039075, 0.0, 0.0, 0.0, 1.0],
                [0.796667, -0.183127, 0.576008, 0.118179, 0.041016, -0.93442, -0.353804, -0.002831, 0.603025, 0.30549, -0.736911, -0.038662, 0.0, 0.0, 0.0, 1.0],
                [0.779152, -0.181752, 0.599907, 0.118255, 0.045648, -0.938048, -0.343484, -0.002831, 0.625171, 0.295011, -0.722585, -0.03823, 0.0, 0.0, 0.0, 1.0],
                [0.76033, -0.179946, 0.624114, 0.118334, 0.050453, -0.941594, -0.332948, -0.002831, 0.647575, 0.284639, -0.706844, -0.037782, 0.0, 0.0, 0.0, 1.0],
                [0.740176, -0.177699, 0.648507, 0.118416, 0.055438, -0.945038, -0.322226, -0.002831, 0.670123, 0.274456, -0.689644, -0.037316, 0.0, 0.0, 0.0, 1.0],
                [0.718671, -0.175004, 0.672968, 0.118501, 0.060611, -0.948361, -0.311347, -0.002831, 0.692704, 0.264545, -0.670952, -0.036835, 0.0, 0.0, 0.0, 1.0],
                [0.695795, -0.171865, 0.697375, 0.118589, 0.065984, -0.951547, -0.300339, -0.002831, 0.715203, 0.25499, -0.650742, -0.036338, 0.0, 0.0, 0.0, 1.0],
                [0.671538, -0.168289, 0.721606, 0.118679, 0.071573, -0.95458, -0.289229, -0.002831, 0.737505, 0.245875, -0.628992, -0.035827, 0.0, 0.0, 0.0, 1.0],
                [0.645891, -0.164291, 0.745542, 0.118772, 0.077397, -0.957446, -0.278039, -0.002831, 0.759496, 0.237285, -0.605691, -0.035301, 0.0, 0.0, 0.0, 1.0],
                [0.618851, -0.159892, 0.769063, 0.118867, 0.083479, -0.960132, -0.266791, -0.002831, 0.78106, 0.229304, -0.580831, -0.034761, 0.0, 0.0, 0.0, 1.0],
                [0.590418, -0.155123, 0.792051, 0.118964, 0.089844, -0.962625, -0.255502, -0.002831, 0.802082, 0.222014, -0.554414, -0.034209, 0.0, 0.0, 0.0, 1.0],
                [0.560595, -0.150017, 0.814388, 0.119064, 0.096522, -0.964912, -0.244188, -0.002831, 0.822445, 0.215497, -0.526445, -0.033644, 0.0, 0.0, 0.0, 1.0],
                [0.529392, -0.144619, 0.83596, 0.119165, 0.103546, -0.966982, -0.232859, -0.002831, 0.842035, 0.209834, -0.496938, -0.033068, 0.0, 0.0, 0.0, 1.0],
                [0.496819, -0.138978, 0.856654, 0.119269, 0.11095, -0.968823, -0.221522, -0.002831, 0.860733, 0.205102, -0.46591, -0.03248, 0.0, 0.0, 0.0, 1.0],
                [0.462892, -0.133151, 0.876357, 0.119375, 0.118773, -0.970421, -0.210179, -0.002831, 0.878421, 0.201378, -0.433386, -0.031882, 0.0, 0.0, 0.0, 1.0],
                [0.427629, -0.127203, 0.89496, 0.119482, 0.127055, -0.971763, -0.198828, -0.002831, 0.894981, 0.198733, -0.399393, -0.031274, 0.0, 0.0, 0.0, 1.0],
                [0.391051, -0.121203, 0.912353, 0.11959, 0.135839, -0.972834, -0.187461, -0.002831, 0.910289, 0.19724, -0.363964, -0.030657, 0.0, 0.0, 0.0, 1.0],
                [0.353184, -0.115232, 0.92843, 0.119701, 0.14517, -0.973615, -0.176064, -0.002831, 0.924222, 0.196963, -0.327137, -0.030031, 0.0, 0.0, 0.0, 1.0],
                [0.314054, -0.109374, 0.943084, 0.119813, 0.155095, -0.974087, -0.164617, -0.002831, 0.936651, 0.197966, -0.288953, -0.029397, 0.0, 0.0, 0.0, 1.0],
                [0.273695, -0.103723, 0.956207, 0.119926, 0.16566, -0.974227, -0.153094, -0.002831, 0.947443, 0.200307, -0.249459, -0.028756, 0.0, 0.0, 0.0, 1.0],
                [0.232144, -0.09838, 0.967693, 0.12004, 0.176914, -0.974007, -0.141463, -0.002831, 0.956457, 0.204038, -0.208705, -0.028108, 0.0, 0.0, 0.0, 1.0],
                [0.189441, -0.093455, 0.977434, 0.120155, 0.188904, -0.973395, -0.129681, -0.002831, 0.963549, 0.209209, -0.166747, -0.027453, 0.0, 0.0, 0.0, 1.0],
                [0.144139, -0.088056, 0.985632, 0.120272, 0.209367, -0.97077, -0.117346, -0.002831, 0.967155, 0.223273, -0.12149, -0.026793, 0.0, 0.0, 0.0, 1.0],
                [0.09537, -0.082227, 0.99204, 0.120389, 0.24382, -0.964296, -0.103367, -0.002831, 0.96512, 0.251738, -0.071917, -0.026129, 0.0, 0.0, 0.0, 1.0],
