{
    "animation": [
        {
            "name": "Root",
            "time": [0.0, 0.0167, 0.0333, 0.05, 0.0667, 0.0833, 0.1, 0.1167, 0.1333, 0.15, 0.1667, 0.1833, 0.2, 0.2167, 0.2333, 0.25, 0.2667, 0.2833, 0.3, 0.3167, 0.3333, 0.35, 0.3667, 0.3833, 0.4, 0.4167, 0.4333, 0.45, 0.4667, 0.4833, 0.5, 0.5167, 0.5333, 0.55, 0.5667, 0.5833, 0.6, 0.6167, 0.6333, 0.65, 0.6667, 0.6833, 0.7, 0.7167, 0.7333, 0.75, 0.7667, 0.7833, 0.8, 0.8167, 0.8333, 0.85, 0.8667, 0.8833, 0.9, 0.9167, 0.9333, 0.95, 0.9667, 0.9833, 1.0, 1.0167, 1.0333, 1.05, 1.0667, 1.0833, 1.1, 1.1167, 1.1333, 1.15, 1.1667, 1.1833, 1.2, 1.2167, 1.2333, 1.25, 1.2667, 1.2833, 1.3, 1.3167, 1.3333, 1.35, 1.3667, 1.3833, 1.4, 1.4167, 1.4333, 1.45, 1.4667, 1.4833, 1.5, 1.5167, 1.5333, 1.55, 1.5667, 1.5833, 1.6, 1.6167, 1.6333, 1.65, 1.6667, 1.6833, 1.7, 1.7167, 1.7333, 1.75, 1.7667, 1.7833, 1.8, 1.8167, 1.8333, 1.85, 1.8667, 1.8833, 1.9, 1.9167, 1.9333, 1.95, 1.9667, 1.9833, 2.0, 2.0167, 2.0333, 2.05, 2.0667, 2.0833, 2.1, 2.1167, 2.1333, 2.15, 2.1667, 2.1833, 2.2, 2.2167, 2.2333, 2.25, 2.2667, 2.2833, 2.3, 2.3167, 2.3333, 2.35, 2.3667, 2.3833, 2.4, 2.4167, 2.4333, 2.45, 2.4667, 2.4833, 2.5, 2.5167, 2.5333, 2.55, 2.5667, 2.5833, 2.6, 2.6167, 2.6333, 2.65, 2.6667, 2.6833, 2.7, 2.7167, 2.7333, 2.75, 2.7667, 2.7833, 2.8, 2.8167, 2.8333, 2.85, 2.8667, 2.8833, 2.9, 2.9167, 2.9333, 2.95, 2.9667, 2.9833, 3.0, 3.0167, 3.0333, 3.05, 3.0667, 3.0833, 3.1, 3.1167, 3.1333, 3.15, 3.1667, 3.1833, 3.2, 3.2167, 3.2333, 3.25, 3.2667, 3.2833, 3.3, 3.3167, 3.3833],
            "transform": [
                [0.642788, 0.0, 0.766045, -5e-06, 0.766045, 0.0, -0.642788, 0.000946, 0.0, 1.0, 0.0, 0.705314, 0.0, 0.0, 0.0, 1.0],
                [0.642788, 0.0, 0.766045, -5e-06, 0.766045, 0.0, -0.642788, 0.000946, 0.0, 1.0, 0.0, 0.705314, 0.0, 0.0, 0.0, 1.0],
                [0.642788, 0.0, 0.766045, -5e-06, 0.766045, 0.0, -0.642788, 0.000946, 0.0, 1.0, 0.0, 0.705314, 0.0, 0.0, 0.0, 1.0],
                [0.642788, 0.0, 0.766045, -5e-06, 0.766045, 0.0, -0.642788, 0.000946, 0.0, 1.0, 0.0, 0.705314, 0.0, 0.0, 0.0, 1.0],
                [0.642788, 0.0, 0.766045, -5e-06, 0.766045, 0.0, -0.642788, 0.000946, 0.0, 1.0, 0.0, 0.705314, 0.0, 0.0, 0.0, 1.0],
                [0.642788, 0.0, 0.766045, -5e-06, 0.766045, 0.0, -0.642788, 0.000946, 0.0, 1.0, 0.0, 0.705314, 0.0, 0.0, 0.0, 1.0],
                [0.642788, 0.0, 0.766045, -5e-06, 0.766045, 0.0, -0.642788, 0.000946, 0.0, 1.0, 0.0, 0.705314, 0.0, 0.0, 0.0, 1.0],
                [0.642788, 0.0, 0.766045, -5e-06, 0.766045, 0.0, -0.642788, 0.000946, 0.0, 1.0, 0.0, 0.705314, 0.0, 0.0, 0.0, 1.0],
                [0.642788, 0.0, 0.766045, -5e-06, 0.766045, 0.0, -0.642788, 0.000946, 0.0, 1.0, 0.0, 0.705314, 0.0, 0.0, 0.0, 1.0],
                [0.642788, 0.0, 0.766045, -5e-06, 0.766045, 0.0, -0.642788, 0.000946, 0.0, 1.0, 0.0, 0.705314, 0.0, 0.0, 0.0, 1.0],
                [0.642788, 0.0, 0.766045, -5e-06, 0.766045, 0.0, -0.642788, 0.000946, 0.0, 1.0, 0.0, 0.705314, 0.0, 0.0, 0.0, 1.0],
                [0.642788, 0.0, 0.766045, -5e-06, 0.766045, 0.0, -0.642788, 0.000946, 0.0, 1.0, 0.0, 0.705314, 0.0, 0.0, 0.0, 1.0],
                [0.642788, 0.0, 0.766045, -5e-06, 0.766045, 0.0, -0.642788, 0.000946, 0.0, 1.0, 0.0, 0.705314, 0.0, 0.0, 0.0, 1.0],
                [0.642788, 0.0, 0.766045, -5e-06, 0.766045, 0.0, -0.642788, 0.000946, 0.0, 1.0, 0.0, 0.705314, 0.0, 0.0, 0.0, 1.0],
                [0.625194, 0.006586, 0.780441, -5e-06, 0.780265, 0.017561, -0.625202, 0.025875, -0.017823, 0.999824, 0.00584, 0.71644, 0.0, 0.0, 0.0, 1.0],
                [0.571344, 0.023331, 0.820379, -5e-06, 0.817719, 0.069096, -0.571456, 0.097018, -0.070018, 0.997337, 0.020399, 0.748199, 0.0, 0.0, 0.0, 1.0],
                [0.475031, 0.042984, 0.878919, -5e-06, 0.865908, 0.15501, -0.47558, 0.208911, -0.156684, 0.986977, 0.036414, 0.798164, 0.0, 0.0, 0.0, 1.0],
                [0.327307, 0.053426, 0.943406, -5e-06, 0.903367, 0.275118, -0.328996, 0.356093, -0.277125, 0.959925, 0.041785, 0.863907, 0.0, 0.0, 0.0, 1.0],
                [0.123955, 0.036994, 0.991598, -5e-06, 0.897336, 0.422401, -0.12793, 0.533099, -0.423584, 0.905654, 0.019162, 0.943001, 0.0, 0.0, 0.0, 1.0],
                [-0.122289, -0.025518, 0.992166, -5e-06, 0.80951, 0.575816, 0.114586, 0.734466, -0.574229, 0.817181, -0.049759, 1.033019, 0.0, 0.0, 0.0, 1.0],
                [-0.372519, -0.143101, 0.916925, -5e-06, 0.616896, 0.699955, 0.359865, 0.954731, -0.693303, 0.699704, -0.172468, 1.131532, 0.0, 0.0, 0.0, 1.0],
                [-0.572742, -0.302167, 0.762012, -5e-06, 0.336786, 0.760765, 0.554807, 1.188429, -0.747357, 0.574396, -0.333956, 1.236115, 0.0, 0.0, 0.0, 1.0],
                [-0.685702, -0.470397, 0.555463, -5e-06, 0.024201, 0.747966, 0.663296, 1.430099, -0.72748, 0.468266, -0.501497, 1.344338, 0.0, 0.0, 0.0, 1.0],
                [-0.710837, -0.616887, 0.337878, -5e-06, -0.263277, 0.678822, 0.685483, 1.674276, -0.652224, 0.398311, -0.644944, 1.453775, 0.0, 0.0, 0.0, 1.0],
                [-0.673065, -0.726546, 0.138255, -5e-06, -0.494494, 0.581095, 0.646379, 1.915498, -0.549963, 0.366688, -0.750387, 1.561999, 0.0, 0.0, 0.0, 1.0],
                [-0.600989, -0.798577, -0.032969, -5e-06, -0.665312, 0.476987, 0.57432, 2.148299, -0.442913, 0.367095, -0.817967, 1.666581, 0.0, 0.0, 0.0, 1.0],
                [-0.515226, -0.838358, -0.178043, -5e-06, -0.785407, 0.378705, 0.48961, 2.367219, -0.343042, 0.392096, -0.853571, 1.765095, 0.0, 0.0, 0.0, 1.0],
                [-0.41044, -0.863761, -0.292329, -5e-06, -0.879527, 0.290338, 0.377009, 2.568107, -0.240771, 0.411851, -0.878868, 1.855112, 0.0, 0.0, 0.0, 1.0],
                [-0.26711, -0.890144, -0.369185, -5e-06, -0.95716, 0.200622, 0.208795, 2.752074, -0.111791, 0.40914, -0.905598, 1.934206, 0.0, 0.0, 0.0, 1.0],
                [-0.076643, -0.913642, -0.399229, -5e-06, -0.995303, 0.093856, -0.023714, 2.921543, 0.059136, 0.395536, -0.916545, 1.999949, 0.0, 0.0, 0.0, 1.0],
                [0.160322, -0.921264, -0.354358, -5e-06, -0.946812, -0.042057, -0.319026, 3.078941, 0.279003, 0.386657, -0.879007, 2.049914, 0.0, 0.0, 0.0, 1.0],
                [0.410911, -0.890348, -0.196044, -5e-06, -0.745233, -0.204168, -0.634778, 3.226691, 0.525147, 0.406936, -0.747412, 2.081673, 0.0, 0.0, 0.0, 1.0],
                [0.592084, -0.801437, 0.084471, -5e-06, -0.358362, -0.355725, -0.863155, 3.367218, 0.721813, 0.480789, -0.497824, 2.092799, 0.0, 0.0, 0.0, 1.0],
                [0.618438, -0.667466, 0.414757, -5e-06, 0.127565, -0.435522, -0.891093, 3.502644, 0.775411, 0.603994, -0.184198, 2.0868, 0.0, 0.0, 0.0, 1.0],
                [0.498913, -0.534591, 0.682127, -5e-06, 0.547452, -0.415763, -0.726249, 3.633873, 0.671849, 0.735767, 0.085234, 2.069432, 0.0, 0.0, 0.0, 1.0],
                [0.324486, -0.437506, 0.838628, -5e-06, 0.812723, -0.324643, -0.483826, 3.761505, 0.483932, 0.838568, 0.250229, 2.041645, 0.0, 0.0, 0.0, 1.0],
                [0.17319, -0.378578, 0.909221, -5e-06, 0.94309, -0.202343, -0.263892, 3.886144, 0.283879, 0.903181, 0.321989, 2.004384, 0.0, 0.0, 0.0, 1.0],
                [0.078749, -0.343805, 0.935733, -5e-06, 0.991582, -0.069763, -0.109081, 4.008391, 0.102782, 0.936446, 0.335417, 1.958598, 0.0, 0.0, 0.0, 1.0],
                [0.051749, -0.316343, 0.947232, -5e-06, 0.997029, 0.070555, -0.030906, 4.128847, -0.057055, 0.946017, 0.319055, 1.905233, 0.0, 0.0, 0.0, 1.0],
                [-0.103002, -0.299787, 0.94843, -5e-06, 0.974589, 0.160264, 0.1565, 4.248114, -0.198916, 0.940448, 0.275662, 1.845237, 0.0, 0.0, 0.0, 1.0],
                [-0.279974, -0.298244, 0.912505, -5e-06, 0.894618, 0.263746, 0.360689, 4.366792, -0.348243, 0.917327, 0.192973, 1.779557, 0.0, 0.0, 0.0, 1.0],
                [-0.464722, -0.31959, 0.82577, -5e-06, 0.739441, 0.372951, 0.560478, 4.485483, -0.487095, 0.871074, 0.063, 1.709141, 0.0, 0.0, 0.0, 1.0],
                [-0.631281, -0.369461, 0.681896, -5e-06, 0.503898, 0.472974, 0.72276, 4.60479, -0.589551, 0.799871, -0.112409, 1.634935, 0.0, 0.0, 0.0, 1.0],
                [-0.74839, -0.446714, 0.490264, -5e-06, 0.206537, 0.545463, 0.812288, 4.725312, -0.630282, 0.709166, -0.315956, 1.557888, 0.0, 0.0, 0.0, 1.0],
                [-0.79377, -0.541366, 0.277223, -5e-06, -0.110792, 0.576869, 0.809288, 4.847651, -0.598042, 0.611674, -0.51788, 1.478946, 0.0, 0.0, 0.0, 1.0],
                [-0.766036, -0.638366, 0.075355, -5e-06, -0.400425, 0.56561, 0.720933, 4.972411, -0.50284, 0.522087, -0.688895, 1.399057, 0.0, 0.0, 0.0, 1.0],
                [-0.683032, -0.724659, -0.091301, -5e-06, -0.630143, 0.521459, 0.575325, 5.100191, -0.369305, 0.450499, -0.812813, 1.319167, 0.0, 0.0, 0.0, 1.0],
                [-0.569703, -0.793533, -0.213877, -5e-06, -0.790932, 0.458671, 0.405028, 5.231593, -0.223304, 0.399908, -0.888937, 1.240225, 0.0, 0.0, 0.0, 1.0],
                [-0.447218, -0.844225, -0.295432, -5e-06, -0.890553, 0.389592, 0.234803, 5.367218, -0.083129, 0.368106, -0.92606, 1.163178, 0.0, 0.0, 0.0, 1.0],
                [-0.277616, -0.862604, -0.422899, -5e-06, -0.959948, 0.266403, 0.086773, 5.506948, 0.037811, 0.43005, -0.902013, 1.088972, 0.0, 0.0, 0.0, 1.0],
                [-0.056168, -0.858089, -0.51042, -5e-06, -0.985338, 0.130131, -0.110338, 5.647779, 0.161101, 0.496739, -0.852817, 1.018556, 0.0, 0.0, 0.0, 1.0],
                [0.220707, -0.814559, -0.536453, -5e-06, -0.934054, -0.018189, -0.356668, 5.785987, 0.28077, 0.579795, -0.764857, 0.952876, 0.0, 0.0, 0.0, 1.0],
                [0.52784, -0.711959, -0.463141, -5e-06, -0.763372, -0.158616, -0.626182, 5.917849, 0.372354, 0.684073, -0.627214, 0.892881, 0.0, 0.0, 0.0, 1.0],
                [0.794649, -0.545727, -0.265924, -5e-06, -0.457828, -0.251075, -0.852851, 6.03964, 0.398656, 0.799465, -0.449366, 0.839516, 0.0, 0.0, 0.0, 1.0],
                [0.937051, -0.348593, 0.020424, -5e-06, -0.076329, -0.261552, -0.962166, 6.147638, 0.340747, 0.900041, -0.271696, 0.793729, 0.0, 0.0, 0.0, 1.0],
                [0.935439, -0.175405, 0.3069, -5e-06, 0.271396, -0.199907, -0.941478, 6.238119, 0.226491, 0.963987, -0.139396, 0.756469, 0.0, 0.0, 0.0, 1.0],
                [0.851237, -0.058713, 0.521486, -5e-06, 0.513411, -0.112556, -0.850729, 6.307359, 0.108645, 0.991909, -0.065668, 0.728681, 0.0, 0.0, 0.0, 1.0],
                [0.76382, 0.002799, 0.645423, -5e-06, 0.644919, -0.043079, -0.763036, 6.351633, 0.025669, 0.999068, -0.03471, 0.711314, 0.0, 0.0, 0.0, 1.0],
                [0.727248, 0.021744, 0.686031, -5e-06, 0.68636, -0.01651, -0.727074, 6.367218, -0.004483, 0.999627, -0.026931, 0.705314, 0.0, 0.0, 0.0, 1.0],
                [0.727248, 0.021744, 0.686031, -5e-06, 0.68636, -0.01651, -0.727074, 6.367218, -0.004483, 0.999627, -0.026931, 0.705314, 0.0, 0.0, 0.0, 1.0],
                [0.727248, 0.021744, 0.686031, -5e-06, 0.68636, -0.01651, -0.727074, 6.367218, -0.004483, 0.999627, -0.026931, 0.705314, 0.0, 0.0, 0.0, 1.0],
                [0.727248, 0.021744, 0.686031, -5e-06, 0.68636, -0.01651, -0.727074, 6.367218, -0.004483, 0.999627, -0.026931, 0.705314, 0.0, 0.0, 0.0, 1.0],
                [0.727248, 0.021744, 0.686031, -5e-06, 0.68636, -0.01651, -0.727074, 6.367218, -0.004483, 0.999627, -0.026931, 0.705314, 0.0, 0.0, 0.0, 1.0],
                [0.727248, 0.021744, 0.686031, -5e-06, 0.68636, -0.01651, -0.727074, 6.367218, -0.004483, 0.999627, -0.026931, 0.705314, 0.0, 0.0, 0.0, 1.0],
                [0.727248, 0.021744, 0.686031, -5e-06, 0.68636, -0.01651, -0.727074, 6.367218, -0.004483, 0.999627, -0.026931, 0.705314, 0.0, 0.0, 0.0, 1.0],
                [0.727248, 0.021744, 0.686031, -5e-06, 0.68636, -0.01651, -0.727074, 6.367218, -0.004483, 0.999627, -0.026931, 0.705314, 0.0, 0.0, 0.0, 1.0],
                [0.727248, 0.021744, 0.686031, -5e-06, 0.68636, -0.01651, -0.727074, 6.367218, -0.004483, 0.999627, -0.026931, 0.705314, 0.0, 0.0, 0.0, 1.0],
                [0.727248, 0.021744, 0.686031, -5e-06, 0.68636, -0.01651, -0.727074, 6.367218, -0.004483, 0.999627, -0.026931, 0.705314, 0.0, 0.0, 0.0, 1.0],
                [0.727248, 0.021744, 0.686031, -5e-06, 0.68636, -0.01651, -0.727074, 6.367218, -0.004483, 0.999627, -0.026931, 0.705314, 0.0, 0.0, 0.0, 1.0],
                [0.727248, 0.021744, 0.686031, -5e-06, 0.68636, -0.01651, -0.727074, 6.367218, -0.004483, 0.999627, -0.026931, 0.705314, 0.0, 0.0, 0.0, 1.0],
                [0.727248, 0.021744, 0.686031, -5e-06, 0.68636, -0.01651, -0.727074, 6.367218, -0.004483, 0.999627, -0.026931, 0.705314, 0.0, 0.0, 0.0, 1.0],
                [0.727248, 0.021744, 0.686031, -5e-06, 0.68636, -0.01651, -0.727074, 6.367218, -0.004483, 0.999627, -0.026931, 0.705314, 0.0, 0.0, 0.0, 1.0],
                [0.727248, 0.021744, 0.686031, -5e-06, 0.68636, -0.01651, -0.727074, 6.367218, -0.004483, 0.999627, -0.026931, 0.705314, 0.0, 0.0, 0.0, 1.0],
                [0.727248, 0.021744, 0.686031, -5e-06, 0.68636, -0.01651, -0.727074, 6.367218, -0.004483, 0.999627, -0.026931, 0.705314, 0.0, 0.0, 0.0, 1.0],
                [0.727248, 0.021744, 0.686031, -5e-06, 0.68636, -0.01651, -0.727074, 6.367218, -0.004483, 0.999627, -0.026931, 0.705314, 0.0, 0.0, 0.0, 1.0],
                [0.727248, 0.021744, 0.686031, -5e-06, 0.68636, -0.01651, -0.727074, 6.367218, -0.004483, 0.999627, -0.026931, 0.705314, 0.0, 0.0, 0.0, 1.0],
                [0.727248, 0.021744, 0.686031, -5e-06, 0.68636, -0.01651, -0.727074, 6.367218, -0.004483, 0.999627, -0.026931, 0.705314, 0.0, 0.0, 0.0, 1.0],
                [0.727248, 0.021744, 0.686031, -5e-06, 0.68636, -0.01651, -0.727074, 6.367218, -0.004483, 0.999627, -0.026931, 0.705314, 0.0, 0.0, 0.0, 1.0],
                [0.727248, 0.021744, 0.686031, -5e-06, 0.68636, -0.01651, -0.727074, 6.367218, -0.004483, 0.999627, -0.026931, 0.705314, 0.0, 0.0, 0.0, 1.0],
                [0.727248, 0.021744, 0.686031, -5e-06, 0.68636, -0.01651, -0.727074, 6.367218, -0.004483, 0.999627, -0.026931, 0.705314, 0.0, 0.0, 0.0, 1.0],
                [0.727248, 0.021744, 0.686031, -5e-06, 0.68636, -0.01651, -0.727074, 6.367218, -0.004483, 0.999627, -0.026931, 0.705314, 0.0, 0.0, 0.0, 1.0],
                [0.727248, 0.021744, 0.686031, -5e-06, 0.68636, -0.01651, -0.727074, 6.367218, -0.004483, 0.999627, -0.026931, 0.705314, 0.0, 0.0, 0.0, 1.0],
                [0.727248, 0.021744, 0.686031, -5e-06, 0.68636, -0.01651, -0.727074, 6.367218, -0.004483, 0.999627, -0.026931, 0.705314, 0.0, 0.0, 0.0, 1.0],
                [0.727248, 0.021744, 0.686031, -5e-06, 0.68636, -0.01651, -0.727074, 6.367218, -0.004483, 0.999627, -0.026931, 0.705314, 0.0, 0.0, 0.0, 1.0],
                [0.727248, 0.021744, 0.686031, -5e-06, 0.68636, -0.01651, -0.727074, 6.367218, -0.004483, 0.999627, -0.026931, 0.705314, 0.0, 0.0, 0.0, 1.0],
                [0.727248, 0.021744, 0.686031, -5e-06, 0.68636, -0.01651, -0.727074, 6.367218, -0.004483, 0.999627, -0.026931, 0.705314, 0.0, 0.0, 0.0, 1.0],
                [0.727248, 0.021744, 0.686031, -5e-06, 0.68636, -0.01651, -0.727074, 6.367218, -0.004483, 0.999627, -0.026931, 0.705314, 0.0, 0.0, 0.0, 1.0],
                [0.727248, 0.021744, 0.686031, -5e-06, 0.68636, -0.01651, -0.727074, 6.367218, -0.004483, 0.999627, -0.026931, 0.705314, 0.0, 0.0, 0.0, 1.0],
                [0.727248, 0.021744, 0.686031, -5e-06, 0.68636, -0.01651, -0.727074, 6.367218, -0.004483, 0.999627, -0.026931, 0.705314, 0.0, 0.0, 0.0, 1.0],
                [0.727248, 0.021744, 0.686031, -5e-06, 0.68636, -0.01651, -0.727074, 6.367218, -0.004483, 0.999627, -0.026931, 0.705314, 0.0, 0.0, 0.0, 1.0],
                [0.727248, 0.021744, 0.686031, -5e-06, 0.68636, -0.01651, -0.727074, 6.367218, -0.004483, 0.999627, -0.026931, 0.705314, 0.0, 0.0, 0.0, 1.0],
                [0.727248, 0.021744, 0.686031, -5e-06, 0.68636, -0.01651, -0.727074, 6.367218, -0.004483, 0.999627, -0.026931, 0.705314, 0.0, 0.0, 0.0, 1.0],
                [0.727248, 0.021744, 0.686031, -5e-06, 0.68636, -0.01651, -0.727074, 6.367218, -0.004483, 0.999627, -0.026931, 0.705314, 0.0, 0.0, 0.0, 1.0],
                [0.727248, 0.021744, 0.686031, -5e-06, 0.68636, -0.01651, -0.727074, 6.367218, -0.004483, 0.999627, -0.026931, 0.705314, 0.0, 0.0, 0.0, 1.0],
                [0.727248, 0.021744, 0.686031, -5e-06, 0.68636, -0.01651, -0.727074, 6.367218, -0.004483, 0.999627, -0.026931, 0.705314, 0.0, 0.0, 0.0, 1.0],
                [0.727248, 0.021744, 0.686031, -5e-06, 0.68636, -0.01651, -0.727074, 6.367218, -0.004483, 0.999627, -0.026931, 0.705314, 0.0, 0.0, 0.0, 1.0],
                [0.727248, 0.021744, 0.686031, -5e-06, 0.68636, -0.01651, -0.727074, 6.367218, -0.004483, 0.999627, -0.026931, 0.705314, 0.0, 0.0, 0.0, 1.0],
                [0.727248, 0.021744, 0.686031, -5e-06, 0.68636, -0.01651, -0.727074, 6.367218, -0.004483, 0.999627, -0.026931, 0.705314, 0.0, 0.0, 0.0, 1.0],
                [0.727248, 0.021744, 0.686031, -5e-06, 0.68636, -0.01651, -0.727074, 6.367218, -0.004483, 0.999627, -0.026931, 0.705314, 0.0, 0.0, 0.0, 1.0],
                [0.727248, 0.021744, 0.686031, -5e-06, 0.68636, -0.01651, -0.727074, 6.367218, -0.004483, 0.999627, -0.026931, 0.705314, 0.0, 0.0, 0.0, 1.0],
                [0.727248, 0.021744, 0.686031, -5e-06, 0.68636, -0.01651, -0.727074, 6.367218, -0.004483, 0.999627, -0.026931, 0.705314, 0.0, 0.0, 0.0, 1.0],
                [0.727248, 0.021744, 0.686031, -5e-06, 0.68636, -0.01651, -0.727074, 6.367218, -0.004483, 0.999627, -0.026931, 0.705314, 0.0, 0.0, 0.0, 1.0],
                [0.727248, 0.021744, 0.686031, -5e-06, 0.68636, -0.01651, -0.727074, 6.367218, -0.004483, 0.999627, -0.026931, 0.705314, 0.0, 0.0, 0.0, 1.0],
                [0.727248, 0.021744, 0.686031, -5e-06, 0.68636, -0.01651, -0.727074, 6.367218, -0.004483, 0.999627, -0.026931, 0.705314, 0.0, 0.0, 0.0, 1.0],
                [0.727248, 0.021744, 0.686031, -5e-06, 0.68636, -0.01651, -0.727074, 6.367218, -0.004483, 0.999627, -0.026931, 0.705314, 0.0, 0.0, 0.0, 1.0],
                [0.727248, 0.021744, 0.686031, -5e-06, 0.68636, -0.01651, -0.727074, 6.367218, -0.004483, 0.999627, -0.026931, 0.705314, 0.0, 0.0, 0.0, 1.0],
                [0.727248, 0.021744, 0.686031, -5e-06, 0.68636, -0.01651, -0.727074, 6.367218, -0.004483, 0.999627, -0.026931, 0.705314, 0.0, 0.0, 0.0, 1.0],
                [0.727248, 0.021744, 0.686031, -5e-06, 0.68636, -0.01651, -0.727074, 6.367347, -0.004483, 0.999627, -0.026931, 0.705269, 0.0, 0.0, 0.0, 1.0],
                [0.727248, 0.021744, 0.686031, -5e-06, 0.68636, -0.01651, -0.727074, 6.367726, -0.004483, 0.999627, -0.026931, 0.705136, 0.0, 0.0, 0.0, 1.0],
                [0.727248, 0.021744, 0.686031, -5e-06, 0.68636, -0.01651, -0.727074, 6.368348, -0.004483, 0.999627, -0.026931, 0.704919, 0.0, 0.0, 0.0, 1.0],
                [0.727248, 0.021744, 0.686031, -5e-06, 0.68636, -0.01651, -0.727074, 6.369202, -0.004483, 0.999627, -0.026931, 0.70462, 0.0, 0.0, 0.0, 1.0],
                [0.727248, 0.021744, 0.686031, -5e-06, 0.68636, -0.01651, -0.727074, 6.37028, -0.004483, 0.999627, -0.026931, 0.704243, 0.0, 0.0, 0.0, 1.0],
                [0.727248, 0.021744, 0.686031, -5e-06, 0.68636, -0.01651, -0.727074, 6.371572, -0.004483, 0.999627, -0.026931, 0.703791, 0.0, 0.0, 0.0, 1.0],
                [0.727248, 0.021744, 0.686031, -5e-06, 0.68636, -0.01651, -0.727074, 6.37307, -0.004483, 0.999627, -0.026931, 0.703266, 0.0, 0.0, 0.0, 1.0],
                [0.727248, 0.021744, 0.686031, -5e-06, 0.68636, -0.01651, -0.727074, 6.374764, -0.004483, 0.999627, -0.026931, 0.702674, 0.0, 0.0, 0.0, 1.0],
                [0.727248, 0.021744, 0.686031, -5e-06, 0.68636, -0.01651, -0.727074, 6.376645, -0.004483, 0.999627, -0.026931, 0.702015, 0.0, 0.0, 0.0, 1.0],
                [0.727248, 0.021744, 0.686031, -5e-06, 0.68636, -0.01651, -0.727074, 6.378704, -0.004483, 0.999627, -0.026931, 0.701295, 0.0, 0.0, 0.0, 1.0],
                [0.727248, 0.021744, 0.686031, -5e-06, 0.68636, -0.01651, -0.727074, 6.380932, -0.004483, 0.999627, -0.026931, 0.700515, 0.0, 0.0, 0.0, 1.0],
                [0.727248, 0.021744, 0.686031, -5e-06, 0.68636, -0.01651, -0.727074, 6.383319, -0.004483, 0.999627, -0.026931, 0.69968, 0.0, 0.0, 0.0, 1.0],
                [0.727248, 0.021744, 0.686031, -5e-06, 0.68636, -0.01651, -0.727074, 6.385858, -0.004483, 0.999627, -0.026931, 0.698791, 0.0, 0.0, 0.0, 1.0],
                [0.727248, 0.021744, 0.686031, -5e-06, 0.68636, -0.01651, -0.727074, 6.388537, -0.004483, 0.999627, -0.026931, 0.697854, 0.0, 0.0, 0.0, 1.0],
                [0.727248, 0.021744, 0.686031, -5e-06, 0.68636, -0.01651, -0.727074, 6.39135, -0.004483, 0.999627, -0.026931, 0.69687, 0.0, 0.0, 0.0, 1.0],
                [0.727248, 0.021744, 0.686031, -5e-06, 0.68636, -0.01651, -0.727074, 6.394285, -0.004483, 0.999627, -0.026931, 0.695842, 0.0, 0.0, 0.0, 1.0],
                [0.727248, 0.021744, 0.686031, -5e-06, 0.68636, -0.01651, -0.727074, 6.397334, -0.004483, 0.999627, -0.026931, 0.694775, 0.0, 0.0, 0.0, 1.0],
                [0.727248, 0.021744, 0.686031, -5e-06, 0.68636, -0.01651, -0.727074, 6.400488, -0.004483, 0.999627, -0.026931, 0.693671, 0.0, 0.0, 0.0, 1.0],
                [0.727248, 0.021744, 0.686031, -5e-06, 0.68636, -0.01651, -0.727074, 6.403739, -0.004483, 0.999627, -0.026931, 0.692534, 0.0, 0.0, 0.0, 1.0],
                [0.727248, 0.021744, 0.686031, -5e-06, 0.68636, -0.01651, -0.727074, 6.407075, -0.004483, 0.999627, -0.026931, 0.691366, 0.0, 0.0, 0.0, 1.0],
                [0.727248, 0.021744, 0.686031, -5e-06, 0.68636, -0.01651, -0.727074, 6.41049, -0.004483, 0.999627, -0.026931, 0.690171, 0.0, 0.0, 0.0, 1.0],
                [0.727248, 0.021744, 0.686031, -5e-06, 0.68636, -0.01651, -0.727074, 6.413973, -0.004483, 0.999627, -0.026931, 0.688952, 0.0, 0.0, 0.0, 1.0],
                [0.727248, 0.021744, 0.686031, -5e-06, 0.68636, -0.01651, -0.727074, 6.417515, -0.004483, 0.999627, -0.026931, 0.687713, 0.0, 0.0, 0.0, 1.0],
                [0.727248, 0.021744, 0.686031, -5e-06, 0.68636, -0.01651, -0.727074, 6.421108, -0.004483, 0.999627, -0.026931, 0.686456, 0.0, 0.0, 0.0, 1.0],
                [0.727248, 0.021744, 0.686031, -5e-06, 0.68636, -0.01651, -0.727074, 6.424741, -0.004483, 0.999627, -0.026931, 0.685184, 0.0, 0.0, 0.0, 1.0],
                [0.727248, 0.021744, 0.686031, -5e-06, 0.68636, -0.01651, -0.727074, 6.428407, -0.004483, 0.999627, -0.026931, 0.683901, 0.0, 0.0, 0.0, 1.0],
                [0.727248, 0.021744, 0.686031, -5e-06, 0.68636, -0.01651, -0.727074, 6.432095, -0.004483, 0.999627, -0.026931, 0.682611, 0.0, 0.0, 0.0, 1.0],
                [0.727248, 0.021744, 0.686031, -5e-06, 0.68636, -0.01651, -0.727074, 6.435797, -0.004483, 0.999627, -0.026931, 0.681315, 0.0, 0.0, 0.0, 1.0],
                [0.727248, 0.021744, 0.686031, -5e-06, 0.68636, -0.01651, -0.727074, 6.439503, -0.004483, 0.999627, -0.026931, 0.680018, 0.0, 0.0, 0.0, 1.0],
                [0.727248, 0.021744, 0.686031, -5e-06, 0.68636, -0.01651, -0.727074, 6.443205, -0.004483, 0.999627, -0.026931, 0.678723, 0.0, 0.0, 0.0, 1.0],
                [0.727248, 0.021744, 0.686031, -5e-06, 0.68636, -0.01651, -0.727074, 6.446894, -0.004483, 0.999627, -0.026931, 0.677432, 0.0, 0.0, 0.0, 1.0],
                [0.727248, 0.021744, 0.686031, -5e-06, 0.68636, -0.01651, -0.727074, 6.450559, -0.004483, 0.999627, -0.026931, 0.676149, 0.0, 0.0, 0.0, 1.0],
                [0.727248, 0.021744, 0.686031, -5e-06, 0.68636, -0.01651, -0.727074, 6.454193, -0.004483, 0.999627, -0.026931, 0.674878, 0.0, 0.0, 0.0, 1.0],
                [0.727248, 0.021744, 0.686031, -5e-06, 0.68636, -0.01651, -0.727074, 6.457785, -0.004483, 0.999627, -0.026931, 0.67362, 0.0, 0.0, 0.0, 1.0],
                [0.727248, 0.021744, 0.686031, -5e-06, 0.68636, -0.01651, -0.727074, 6.461328, -0.004483, 0.999627, -0.026931, 0.672381, 0.0, 0.0, 0.0, 1.0],
                [0.727248, 0.021744, 0.686031, -5e-06, 0.68636, -0.01651, -0.727074, 6.46481, -0.004483, 0.999627, -0.026931, 0.671162, 0.0, 0.0, 0.0, 1.0],
                [0.727248, 0.021744, 0.686031, -5e-06, 0.68636, -0.01651, -0.727074, 6.468225, -0.004483, 0.999627, -0.026931, 0.669967, 0.0, 0.0, 0.0, 1.0],
                [0.727248, 0.021744, 0.686031, -5e-06, 0.68636, -0.01651, -0.727074, 6.471562, -0.004483, 0.999627, -0.026931, 0.668799, 0.0, 0.0, 0.0, 1.0],
                [0.727248, 0.021744, 0.686031, -5e-06, 0.68636, -0.01651, -0.727074, 6.474812, -0.004483, 0.999627, -0.026931, 0.667662, 0.0, 0.0, 0.0, 1.0],
                [0.727248, 0.021744, 0.686031, -5e-06, 0.68636, -0.01651, -0.727074, 6.477966, -0.004483, 0.999627, -0.026931, 0.666558, 0.0, 0.0, 0.0, 1.0],
                [0.727248, 0.021744, 0.686031, -5e-06, 0.68636, -0.01651, -0.727074, 6.481016, -0.004483, 0.999627, -0.026931, 0.665491, 0.0, 0.0, 0.0, 1.0],
                [0.727248, 0.021744, 0.686031, -5e-06, 0.68636, -0.01651, -0.727074, 6.483951, -0.004483, 0.999627, -0.026931, 0.664464, 0.0, 0.0, 0.0, 1.0],
                [0.727248, 0.021744, 0.686031, -5e-06, 0.68636, -0.01651, -0.727074, 6.486763, -0.004483, 0.999627, -0.026931, 0.66348, 0.0, 0.0, 0.0, 1.0],
                [0.727248, 0.021744, 0.686031, -5e-06, 0.68636, -0.01651, -0.727074, 6.489442, -0.004483, 0.999627, -0.026931, 0.662542, 0.0, 0.0, 0.0, 1.0],
                [0.727248, 0.021744, 0.686031, -5e-06, 0.68636, -0.01651, -0.727074, 6.491981, -0.004483, 0.999627, -0.026931, 0.661654, 0.0, 0.0, 0.0, 1.0],
                [0.727248, 0.021744, 0.686031, -5e-06, 0.68636, -0.01651, -0.727074, 6.494368, -0.004483, 0.999627, -0.026931, 0.660818, 0.0, 0.0, 0.0, 1.0],
                [0.727248, 0.021744, 0.686031, -5e-06, 0.68636, -0.01651, -0.727074, 6.496596, -0.004483, 0.999627, -0.026931, 0.660038, 0.0, 0.0, 0.0, 1.0],
                [0.727248, 0.021744, 0.686031, -5e-06, 0.68636, -0.01651, -0.727074, 6.498656, -0.004483, 0.999627, -0.026931, 0.659318, 0.0, 0.0, 0.0, 1.0],
                [0.727248, 0.021744, 0.686031, -5e-06, 0.68636, -0.01651, -0.727074, 6.500536, -0.004483, 0.999627, -0.026931, 0.65866, 0.0, 0.0, 0.0, 1.0],
                [0.727248, 0.021744, 0.686031, -5e-06, 0.68636, -0.01651, -0.727074, 6.502231, -0.004483, 0.999627, -0.026931, 0.658067, 0.0, 0.0, 0.0, 1.0],
                [0.727248, 0.021744, 0.686031, -5e-06, 0.68636, -0.01651, -0.727074, 6.503728, -0.004483, 0.999627, -0.026931, 0.657543, 0.0, 0.0, 0.0, 1.0],
                [0.727248, 0.021744, 0.686031, -5e-06, 0.68636, -0.01651, -0.727074, 6.50502, -0.004483, 0.999627, -0.026931, 0.65709, 0.0, 0.0, 0.0, 1.0],
                [0.727248, 0.021744, 0.686031, -5e-06, 0.68636, -0.01651, -0.727074, 6.506098, -0.004483, 0.999627, -0.026931, 0.656713, 0.0, 0.0, 0.0, 1.0],
                [0.727248, 0.021744, 0.686031, -5e-06, 0.68636, -0.01651, -0.727074, 6.506952, -0.004483, 0.999627, -0.026931, 0.656414, 0.0, 0.0, 0.0, 1.0],
                [0.727248, 0.021744, 0.686031, -5e-06, 0.68636, -0.01651, -0.727074, 6.507574, -0.004483, 0.999627, -0.026931, 0.656197, 0.0, 0.0, 0.0, 1.0],
                [0.727248, 0.021744, 0.686031, -5e-06, 0.68636, -0.01651, -0.727074, 6.507954, -0.004483, 0.999627, -0.026931, 0.656064, 0.0, 0.0, 0.0, 1.0],
                [0.727248, 0.021744, 0.686031, -5e-06, 0.68636, -0.01651, -0.727074, 6.508082, -0.004483, 0.999627, -0.026931, 0.656019, 0.0, 0.0, 0.0, 1.0],
                [0.727248, 0.021744, 0.686031, -5e-06, 0.68636, -0.01651, -0.727074, 6.508082, -0.004483, 0.999627, -0.026931, 0.656019, 0.0, 0.0, 0.0, 1.0],
                [0.727248, 0.021744, 0.686031, -5e-06, 0.68636, -0.01651, -0.727074, 6.508082, -0.004483, 0.999627, -0.026931, 0.656019, 0.0, 0.0, 0.0, 1.0],
                [0.727248, 0.021744, 0.686031, -5e-06, 0.68636, -0.01651, -0.727074, 6.508082, -0.004483, 0.999627, -0.026931, 0.656019, 0.0, 0.0, 0.0, 1.0],
                [0.727248, 0.021744, 0.686031, -5e-06, 0.68636, -0.01651, -0.727074, 6.508082, -0.004483, 0.999627, -0.026931, 0.656019, 0.0, 0.0, 0.0, 1.0],
                [0.727248, 0.021744, 0.686031, -5e-06, 0.68636, -0.01651, -0.727074, 6.508082, -0.004483, 0.999627, -0.026931, 0.656019, 0.0, 0.0, 0.0, 1.0],
                [0.727248, 0.021744, 0.686031, -5e-06, 0.68636, -0.01651, -0.727074, 6.508082, -0.004483, 0.999627, -0.026931, 0.656019, 0.0, 0.0, 0.0, 1.0],
                [0.727248, 0.021744, 0.686031, -5e-06, 0.68636, -0.01651, -0.727074, 6.508082, -0.004483, 0.999627, -0.026931, 0.656019, 0.0, 0.0, 0.0, 1.0],
                [0.727248, 0.021744, 0.686031, -5e-06, 0.68636, -0.01651, -0.727074, 6.508082, -0.004483, 0.999627, -0.026931, 0.656019, 0.0, 0.0, 0.0, 1.0],
                [0.727248, 0.021744, 0.686031, -5e-06, 0.68636, -0.01651, -0.727074, 6.508082, -0.004483, 0.999627, -0.026931, 0.656019, 0.0, 0.0, 0.0, 1.0],
                [0.727248, 0.021744, 0.686031, -5e-06, 0.68636, -0.01651, -0.727074, 6.508082, -0.004483, 0.999627, -0.026931, 0.656019, 0.0, 0.0, 0.0, 1.0],
                [0.727248, 0.021744, 0.686031, -5e-06, 0.68636, -0.01651, -0.727074, 6.508082, -0.004483, 0.999627, -0.026931, 0.656019, 0.0, 0.0, 0.0, 1.0],
                [0.727248, 0.021744, 0.686031, -5e-06, 0.68636, -0.01651, -0.727074, 6.508082, -0.004483, 0.999627, -0.026931, 0.656019, 0.0, 0.0, 0.0, 1.0],
                [0.727248, 0.021744, 0.686031, -5e-06, 0.68636, -0.01651, -0.727074, 6.508082, -0.004483, 0.999627, -0.026931, 0.656019, 0.0, 0.0, 0.0, 1.0],
                [0.727248, 0.021744, 0.686031, -5e-06, 0.68636, -0.01651, -0.727074, 6.508082, -0.004483, 0.999627, -0.026931, 0.656019, 0.0, 0.0, 0.0, 1.0],
                [0.727248, 0.021744, 0.686031, -5e-06, 0.68636, -0.01651, -0.727074, 6.505723, -0.004483, 0.999627, -0.026931, 0.656521, 0.0, 0.0, 0.0, 1.0],
                [0.727248, 0.021744, 0.686031, -5e-06, 0.68636, -0.01651, -0.727074, 6.49894, -0.004483, 0.999627, -0.026931, 0.657966, 0.0, 0.0, 0.0, 1.0],
                [0.727248, 0.021744, 0.686031, -5e-06, 0.68636, -0.01651, -0.727074, 6.488176, -0.004483, 0.999627, -0.026931, 0.660258, 0.0, 0.0, 0.0, 1.0],
                [0.727248, 0.021744, 0.686031, -5e-06, 0.68636, -0.01651, -0.727074, 6.473873, -0.004483, 0.999627, -0.026931, 0.663304, 0.0, 0.0, 0.0, 1.0],
                [0.727248, 0.021744, 0.686031, -5e-06, 0.68636, -0.01651, -0.727074, 6.456474, -0.004483, 0.999627, -0.026931, 0.66701, 0.0, 0.0, 0.0, 1.0],
                [0.727248, 0.021744, 0.686031, -5e-06, 0.68636, -0.01651, -0.727074, 6.436421, -0.004483, 0.999627, -0.026931, 0.671281, 0.0, 0.0, 0.0, 1.0],
                [0.727248, 0.021744, 0.686031, -5e-06, 0.68636, -0.01651, -0.727074, 6.414156, -0.004483, 0.999627, -0.026931, 0.676023, 0.0, 0.0, 0.0, 1.0],
                [0.727248, 0.021744, 0.686031, -5e-06, 0.68636, -0.01651, -0.727074, 6.390121, -0.004483, 0.999627, -0.026931, 0.681141, 0.0, 0.0, 0.0, 1.0],
                [0.727248, 0.021744, 0.686031, -5e-06, 0.68636, -0.01651, -0.727074, 6.36476, -0.004483, 0.999627, -0.026931, 0.686543, 0.0, 0.0, 0.0, 1.0],
                [0.727248, 0.021744, 0.686031, -5e-06, 0.68636, -0.01651, -0.727074, 6.338514, -0.004483, 0.999627, -0.026931, 0.692132, 0.0, 0.0, 0.0, 1.0],
                [0.727248, 0.021744, 0.686031, -5e-06, 0.68636, -0.01651, -0.727074, 6.311825, -0.004483, 0.999627, -0.026931, 0.697816, 0.0, 0.0, 0.0, 1.0],
                [0.727248, 0.021744, 0.686031, -5e-06, 0.68636, -0.01651, -0.727074, 6.285137, -0.004483, 0.999627, -0.026931, 0.7035, 0.0, 0.0, 0.0, 1.0],
                [0.727248, 0.021744, 0.686031, -5e-06, 0.68636, -0.01651, -0.727074, 6.258891, -0.004483, 0.999627, -0.026931, 0.70909, 0.0, 0.0, 0.0, 1.0],
                [0.727248, 0.021744, 0.686031, -5e-06, 0.68636, -0.01651, -0.727074, 6.233529, -0.004483, 0.999627, -0.026931, 0.714491, 0.0, 0.0, 0.0, 1.0],
                [0.727248, 0.021744, 0.686031, -5e-06, 0.68636, -0.01651, -0.727074, 6.209495, -0.004483, 0.999627, -0.026931, 0.71961, 0.0, 0.0, 0.0, 1.0],
                [0.727248, 0.021744, 0.686031, -5e-06, 0.68636, -0.01651, -0.727074, 6.18723, -0.004483, 0.999627, -0.026931, 0.724352, 0.0, 0.0, 0.0, 1.0],
                [0.727248, 0.021744, 0.686031, -5e-06, 0.68636, -0.01651, -0.727074, 6.167177, -0.004483, 0.999627, -0.026931, 0.728622, 0.0, 0.0, 0.0, 1.0],
                [0.727248, 0.021744, 0.686031, -5e-06, 0.68636, -0.01651, -0.727074, 6.149777, -0.004483, 0.999627, -0.026931, 0.732328, 0.0, 0.0, 0.0, 1.0],
                [0.727248, 0.021744, 0.686031, -5e-06, 0.68636, -0.01651, -0.727074, 6.135475, -0.004483, 0.999627, -0.026931, 0.735374, 0.0, 0.0, 0.0, 1.0],
                [0.727248, 0.021744, 0.686031, -5e-06, 0.68636, -0.01651, -0.727074, 6.124711, -0.004483, 0.999627, -0.026931, 0.737666, 0.0, 0.0, 0.0, 1.0],
                [0.727248, 0.021744, 0.686031, -5e-06, 0.68636, -0.01651, -0.727074, 6.117928, -0.004483, 0.999627, -0.026931, 0.739111, 0.0, 0.0, 0.0, 1.0],
                [0.727248, 0.021744, 0.686031, -5e-06, 0.68636, -0.01651, -0.727074, 6.115569, -0.004483, 0.999627, -0.026931, 0.739613, 0.0, 0.0, 0.0, 1.0],
                [0.727248, 0.021744, 0.686031, -5e-06, 0.68636, -0.01651, -0.727074, 6.115569, -0.004483, 0.999627, -0.026931, 0.739613, 0.0, 0.0, 0.0, 1.0]
            ]
        },
        {
            "name": "Thigh_R",
            "time": [0.0, 0.0167, 0.0333, 0.05, 0.0667, 0.0833, 0.1, 0.1167, 0.1333, 0.15, 0.1667, 0.1833, 0.2, 0.2167, 0.2333, 0.25, 0.2667, 0.2833, 0.3, 0.3167, 0.3333, 0.35, 0.3667, 0.3833, 0.4, 0.4167, 0.4333, 0.45, 0.4667, 0.4833, 0.5, 0.5167, 0.5333, 0.55, 0.5667, 0.5833, 0.6, 0.6167, 0.6333, 0.65, 0.6667, 0.6833, 0.7, 0.7167, 0.7333, 0.75, 0.7667, 0.7833, 0.8, 0.8167, 0.8333, 0.85, 0.8667, 0.8833, 0.9, 0.9167, 0.9333, 0.95, 0.9667, 0.9833, 1.0, 1.0167, 1.0333, 1.05, 1.0667, 1.0833, 1.1, 1.1167, 1.1333, 1.15, 1.1667, 1.1833, 1.2, 1.2167, 1.2333, 1.25, 1.2667, 1.2833, 1.3, 1.3167, 1.3333, 1.35, 1.3667, 1.3833, 1.4, 1.4167, 1.4333, 1.45, 1.4667, 1.4833, 1.5, 1.5167, 1.5333, 1.55, 1.5667, 1.5833, 1.6, 1.6167, 1.6333, 1.65, 1.6667, 1.6833, 1.7, 1.7167, 1.7333, 1.75, 1.7667, 1.7833, 1.8, 1.8167, 1.8333, 1.85, 1.8667, 1.8833, 1.9, 1.9167, 1.9333, 1.95, 1.9667, 1.9833, 2.0, 2.0167, 2.0333, 2.05, 2.0667, 2.0833, 2.1, 2.1167, 2.1333, 2.15, 2.1667, 2.1833, 2.2, 2.2167, 2.2333, 2.25, 2.2667, 2.2833, 2.3, 2.3167, 2.3333, 2.35, 2.3667, 2.3833, 2.4, 2.4167, 2.4333, 2.45, 2.4667, 2.4833, 2.5, 2.5167, 2.5333, 2.55, 2.5667, 2.5833, 2.6, 2.6167, 2.6333, 2.65, 2.6667, 2.6833, 2.7, 2.7167, 2.7333, 2.75, 2.7667, 2.7833, 2.8, 2.8167, 2.8333, 2.85, 2.8667, 2.8833, 2.9, 2.9167, 2.9333, 2.95, 2.9667, 2.9833, 3.0, 3.0167, 3.0333, 3.05, 3.0667, 3.0833, 3.1, 3.1167, 3.1333, 3.15, 3.1667, 3.1833, 3.2, 3.2167, 3.2333, 3.25, 3.2667, 3.2833, 3.3, 3.3167, 3.3333, 3.35, 3.3667, 3.3833],
            "transform": [
                [0.659418, 0.578224, 0.480443, 0.124994, 0.067997, -0.682331, 0.727874, -0.002831, 0.748695, -0.447305, -0.489259, -1.2e-05, 0.0, 0.0, 0.0, 1.0],
                [0.659418, 0.578224, 0.480443, 0.124994, 0.067997, -0.682331, 0.727874, -0.002831, 0.748695, -0.447305, -0.489259, -1.2e-05, 0.0, 0.0, 0.0, 1.0],
                [0.659418, 0.578224, 0.480443, 0.124994, 0.067997, -0.682331, 0.727874, -0.002831, 0.748695, -0.447305, -0.489259, -1.2e-05, 0.0, 0.0, 0.0, 1.0],
                [0.659418, 0.578224, 0.480443, 0.124994, 0.067997, -0.682331, 0.727874, -0.002831, 0.748695, -0.447305, -0.489259, -1.2e-05, 0.0, 0.0, 0.0, 1.0],
                [0.659418, 0.578224, 0.480443, 0.124994, 0.067997, -0.682331, 0.727874, -0.002831, 0.748695, -0.447305, -0.489259, -1.2e-05, 0.0, 0.0, 0.0, 1.0],
                [0.659418, 0.578224, 0.480443, 0.124994, 0.067997, -0.682331, 0.727874, -0.002831, 0.748695, -0.447305, -0.489259, -1.2e-05, 0.0, 0.0, 0.0, 1.0],
                [0.659418, 0.578224, 0.480443, 0.124994, 0.067997, -0.682331, 0.727874, -0.002831, 0.748695, -0.447305, -0.489259, -1.2e-05, 0.0, 0.0, 0.0, 1.0],
                [0.659418, 0.578224, 0.480443, 0.124994, 0.067997, -0.682331, 0.727874, -0.002831, 0.748695, -0.447305, -0.489259, -1.2e-05, 0.0, 0.0, 0.0, 1.0],
                [0.659418, 0.578224, 0.480443, 0.124994, 0.067997, -0.682331, 0.727874, -0.002831, 0.748695, -0.447305, -0.489259, -1.2e-05, 0.0, 0.0, 0.0, 1.0],
                [0.659418, 0.578224, 0.480443, 0.124994, 0.067997, -0.682331, 0.727874, -0.002831, 0.748695, -0.447305, -0.489259, -1.2e-05, 0.0, 0.0, 0.0, 1.0],
                [0.659418, 0.578224, 0.480443, 0.124994, 0.067997, -0.682331, 0.727874, -0.002831, 0.748695, -0.447305, -0.489259, -1.2e-05, 0.0, 0.0, 0.0, 1.0],
                [0.659418, 0.578224, 0.480443, 0.124994, 0.067997, -0.682331, 0.727874, -0.002831, 0.748695, -0.447305, -0.489259, -1.2e-05, 0.0, 0.0, 0.0, 1.0],
                [0.659418, 0.578224, 0.480443, 0.124994, 0.067997, -0.682331, 0.727874, -0.002831, 0.748695, -0.447305, -0.489259, -1.2e-05, 0.0, 0.0, 0.0, 1.0],
                [0.659418, 0.578224, 0.480443, 0.124994, 0.067997, -0.682331, 0.727874, -0.002831, 0.748695, -0.447305, -0.489259, -1.2e-05, 0.0, 0.0, 0.0, 1.0],
                [0.659418, 0.578224, 0.480443, 0.124994, 0.067997, -0.682331, 0.727874, -0.002831, 0.748695, -0.447305, -0.489259, -1.2e-05, 0.0, 0.0, 0.0, 1.0],
                [0.659418, 0.578224, 0.480443, 0.124994, 0.067997, -0.682331, 0.727874, -0.002831, 0.748695, -0.447305, -0.489259, -1.2e-05, 0.0, 0.0, 0.0, 1.0],
                [0.659418, 0.578224, 0.480443, 0.124994, 0.067997, -0.682331, 0.727874, -0.002831, 0.748695, -0.447305, -0.489259, -1.2e-05, 0.0, 0.0, 0.0, 1.0],
                [0.659418, 0.578224, 0.480443, 0.124994, 0.067997, -0.682331, 0.727874, -0.002831, 0.748695, -0.447305, -0.489259, -1.2e-05, 0.0, 0.0, 0.0, 1.0],
                [0.659418, 0.578224, 0.480443, 0.124994, 0.067997, -0.682331, 0.727874, -0.002831, 0.748695, -0.447305, -0.489259, -1.2e-05, 0.0, 0.0, 0.0, 1.0],
                [0.659418, 0.578224, 0.480443, 0.124994, 0.067997, -0.682331, 0.727874, -0.002831, 0.748695, -0.447305, -0.489259, -1.2e-05, 0.0, 0.0, 0.0, 1.0],
                [0.659418, 0.578224, 0.480443, 0.124994, 0.067997, -0.682331, 0.727874, -0.002831, 0.748695, -0.447305, -0.489259, -1.2e-05, 0.0, 0.0, 0.0, 1.0],
                [0.659418, 0.578224, 0.480443, 0.124994, 0.067997, -0.682331, 0.727874, -0.002831, 0.748695, -0.447305, -0.489259, -1.2e-05, 0.0, 0.0, 0.0, 1.0],
                [0.659418, 0.578224, 0.480443, 0.124994, 0.067997, -0.682331, 0.727874, -0.002831, 0.748695, -0.447305, -0.489259, -1.2e-05, 0.0, 0.0, 0.0, 1.0],
                [0.659418, 0.578224, 0.480443, 0.124994, 0.067997, -0.682331, 0.727874, -0.00283, 0.748695, -0.447305, -0.489259, -1.2e-05, 0.0, 0.0, 0.0, 1.0],
                [0.659418, 0.578224, 0.480443, 0.124994, 0.067997, -0.682331, 0.727874, -0.002831, 0.748695, -0.447305, -0.489259, -1.2e-05, 0.0, 0.0, 0.0, 1.0],
                [0.659418, 0.578224, 0.480443, 0.124994, 0.067997, -0.682331, 0.727874, -0.002831, 0.748695, -0.447305, -0.489259, -1.2e-05, 0.0, 0.0, 0.0, 1.0],
                [0.659418, 0.578224, 0.480443, 0.124994, 0.067997, -0.682331, 0.727874, -0.002831, 0.748695, -0.447305, -0.489259, -1.2e-05, 0.0, 0.0, 0.0, 1.0],
                [0.659418, 0.578224, 0.480443, 0.124994, 0.067997, -0.682331, 0.727874, -0.002831, 0.748695, -0.447305, -0.489259, -1.2e-05, 0.0, 0.0, 0.0, 1.0],
                [0.659418, 0.578224, 0.480443, 0.124994, 0.067997, -0.682331, 0.727874, -0.002831, 0.748695, -0.447305, -0.489259, -1.2e-05, 0.0, 0.0, 0.0, 1.0],
                [0.659418, 0.578224, 0.480443, 0.124994, 0.067997, -0.682331, 0.727874, -0.002831, 0.748695, -0.447305, -0.489259, -1.2e-05, 0.0, 0.0, 0.0, 1.0],
                [0.659418, 0.578224, 0.480443, 0.124994, 0.067997, -0.682331, 0.727874, -0.002831, 0.748695, -0.447305, -0.489259, -1.2e-05, 0.0, 0.0, 0.0, 1.0],
                [0.659418, 0.578224, 0.480443, 0.124994, 0.067997, -0.682331, 0.727874, -0.002831, 0.748695, -0.447305, -0.489259, -1.2e-05, 0.0, 0.0, 0.0, 1.0],
                [0.659418, 0.578224, 0.480443, 0.124994, 0.067997, -0.682331, 0.727874, -0.002831, 0.748695, -0.447305, -0.489259, -1.2e-05, 0.0, 0.0, 0.0, 1.0],
