{
    "animation": [
        {
            "name": "Root",
            "time": [0.0, 0.0167, 0.0333, 0.05, 0.0667, 0.0833, 0.1, 0.1167, 0.1333, 0.15, 0.1667, 0.1833, 0.2, 0.2167, 0.2333, 0.25, 0.2667, 0.2833, 0.3, 0.3167, 0.3333, 0.35, 0.3667, 0.3833, 0.4, 0.4167, 0.4333, 0.45, 0.4667, 0.4833, 0.5, 0.5167, 0.5333, 0.55, 0.5667, 0.5833, 0.6, 0.6167, 0.6333, 0.65, 0.6667, 0.6833, 0.7, 0.7167, 0.7333, 0.75, 0.7667, 0.7833, 0.8, 0.8167, 0.8333, 0.85, 0.8667, 0.8833, 0.9, 0.9167, 0.9333, 0.95, 0.9667, 0.9833, 1.0, 1.0167, 1.0333, 1.05, 1.0667, 1.0833, 1.1, 1.1167, 1.1333, 1.15, 1.1667, 1.1833, 1.2, 1.2167, 1.2333, 1.25, 1.2667, 1.2833, 1.3, 1.3167, 1.3333, 1.35, 1.3667, 1.3833, 1.4, 1.4167, 1.4333, 1.45, 1.4667, 1.4833, 1.5, 1.5167, 1.5333, 1.55, 1.5667, 1.5833, 1.6, 1.6167, 1.6333, 1.65, 1.6667, 1.6833, 1.7, 1.7167, 1.7333, 1.75, 1.7667, 1.7833, 1.8, 1.8167, 1.8333, 1.85, 1.8667, 1.8833, 1.9, 1.9167, 1.9333, 1.95, 1.9667, 1.9833, 2.0, 2.0167, 2.0333, 2.05, 2.0667, 2.0833, 2.1, 2.1167, 2.1333, 2.15, 2.1667, 2.1833, 2.2, 2.2167, 2.2333, 2.25, 2.2667, 2.2833, 2.3, 2.3167, 2.3333, 2.35, 2.3667, 2.3833, 2.4, 2.4167, 2.4333, 2.45, 2.4667, 2.4833, 2.5, 2.5167, 2.5333, 2.55, 2.5667, 2.5833, 2.6, 2.6167, 2.6333, 2.65, 2.6667, 2.6833, 2.7, 2.7167, 2.7333, 2.75, 2.7667, 2.7833, 2.8, 2.8167, 2.8333, 2.85, 2.8667, 2.8833, 2.9, 2.9167, 2.9333, 2.95, 2.9667, 2.9833, 3.0, 3.0167, 3.0333, 3.05, 3.0667, 3.0833, 3.1, 3.1167, 3.1333, 3.15, 3.1667, 3.1833, 3.2, 3.2167, 3.2333, 3.25, 3.2667, 3.2833, 3.3, 3.3167, 3.3333, 3.35, 3.3667, 3.3833, 3.4, 3.4167, 3.4333, 3.45, 3.4667, 3.4833, 3.5, 3.5167, 3.5333, 3.55, 3.5667, 3.5833, 3.6, 3.6167, 3.6333, 3.65, 3.6667, 3.6833, 3.7, 3.7167, 3.7333, 3.75, 3.7667, 3.7833, 3.8, 3.8167, 3.8333, 3.85],
            "transform": [
                [0.959701, 0.019592, 0.280341, -5e-06, 0.280716, -0.113545, -0.953051, 0.000946, 0.013159, 0.99334, -0.114469, 0.763972, 0.0, 0.0, 0.0, 1.0],
                [0.960285, 0.020578, 0.278262, -5e-06, 0.278767, -0.113418, -0.953638, 0.000995, 0.011936, 0.993334, -0.114651, 0.763972, 0.0, 0.0, 0.0, 1.0],
                [0.962001, 0.023414, 0.272041, -5e-06, 0.272918, -0.113043, -0.955373, 0.001337, 0.008384, 0.993314, -0.115137, 0.763972, 0.0, 0.0, 0.0, 1.0],
                [0.964751, 0.027914, 0.261679, -5e-06, 0.26315, -0.112437, -0.95818, 0.002265, 0.002676, 0.993267, -0.11582, 0.763972, 0.0, 0.0, 0.0, 1.0],
                [0.968382, 0.033902, 0.247157, -5e-06, 0.249421, -0.11164, -0.961939, 0.004071, -0.005019, 0.99317, -0.116566, 0.763972, 0.0, 0.0, 0.0, 1.0],
                [0.972687, 0.041206, 0.228436, -5e-06, 0.231667, -0.110701, -0.966476, 0.007049, -0.014537, 0.992999, -0.117223, 0.763972, 0.0, 0.0, 0.0, 1.0],
                [0.977404, 0.049655, 0.205463, -5e-06, 0.209809, -0.109679, -0.971571, 0.011492, -0.025709, 0.992726, -0.117619, 0.763972, 0.0, 0.0, 0.0, 1.0],
                [0.982222, 0.059081, 0.178181, -5e-06, 0.18376, -0.108643, -0.976949, 0.017693, -0.038361, 0.992324, -0.117569, 0.763972, 0.0, 0.0, 0.0, 1.0],
                [0.986775, 0.069313, 0.14653, -5e-06, 0.153425, -0.107664, -0.982278, 0.025945, -0.052308, 0.991768, -0.116875, 0.763972, 0.0, 0.0, 0.0, 1.0],
                [0.990641, 0.080178, 0.110461, -5e-06, 0.118719, -0.106813, -0.987166, 0.036539, -0.06735, 0.991041, -0.115332, 0.763972, 0.0, 0.0, 0.0, 1.0],
                [0.993346, 0.091498, 0.069946, -5e-06, 0.07957, -0.10616, -0.99116, 0.049771, -0.083264, 0.99013, -0.112734, 0.763972, 0.0, 0.0, 0.0, 1.0],
                [0.994358, 0.10309, 0.024988, -5e-06, 0.035938, -0.105766, -0.993741, 0.065932, -0.099802, 0.989033, -0.108874, 0.763972, 0.0, 0.0, 0.0, 1.0],
                [0.993094, 0.114762, -0.024359, -5e-06, -0.012176, -0.105685, -0.994325, 0.085315, -0.116685, 0.987755, -0.103558, 0.763972, 0.0, 0.0, 0.0, 1.0],
                [0.98892, 0.126318, -0.077977, -5e-06, -0.064707, -0.105952, -0.992264, 0.108214, -0.133603, 0.986315, -0.096605, 0.763972, 0.0, 0.0, 0.0, 1.0],
                [0.981159, 0.137554, -0.135667, -5e-06, -0.121511, -0.106585, -0.986851, 0.134921, -0.150206, 0.984743, -0.087862, 0.763972, 0.0, 0.0, 0.0, 1.0],
                [0.969102, 0.148264, -0.197128, -5e-06, -0.182345, -0.107574, -0.977332, 0.165729, -0.166109, 0.98308, -0.077215, 0.763972, 0.0, 0.0, 0.0, 1.0],
                [0.952023, 0.158239, -0.26194, -5e-06, -0.24684, -0.108882, -0.96292, 0.200931, -0.180892, 0.981379, -0.064598, 0.763972, 0.0, 0.0, 0.0, 1.0],
                [0.929204, 0.167276, -0.329544, -5e-06, -0.314491, -0.110433, -0.942815, 0.240821, -0.194103, 0.979706, -0.050008, 0.763972, 0.0, 0.0, 0.0, 1.0],
                [0.899957, 0.175185, -0.399233, -5e-06, -0.384631, -0.112116, -0.916236, 0.28569, -0.205271, 0.978131, -0.033518, 0.763972, 0.0, 0.0, 0.0, 1.0],
                [0.863666, 0.181791, -0.470142, -5e-06, -0.456423, -0.113775, -0.882458, 0.335833, -0.213913, 0.976733, -0.01529, 0.763972, 0.0, 0.0, 0.0, 1.0],
                [0.819819, 0.18695, -0.541246, -5e-06, -0.528859, -0.115213, -0.840853, 0.391542, -0.219556, 0.97559, 0.004417, 0.763972, 0.0, 0.0, 0.0, 1.0],
                [0.768055, 0.190557, -0.611375, -5e-06, -0.600762, -0.116192, -0.790939, 0.453109, -0.221756, 0.974776, 0.025237, 0.763972, 0.0, 0.0, 0.0, 1.0],
                [0.708208, 0.192554, -0.679238, -5e-06, -0.670811, -0.116441, -0.73243, 0.520829, -0.220124, 0.974353, 0.046702, 0.763972, 0.0, 0.0, 0.0, 1.0],
                [0.640342, 0.192942, -0.743462, -5e-06, -0.737574, -0.115662, -0.665287, 0.594993, -0.214352, 0.974369, 0.068245, 0.763972, 0.0, 0.0, 0.0, 1.0],
                [0.564785, 0.191786, -0.802643, -5e-06, -0.799564, -0.113545, -0.58975, 0.675895, -0.204242, 0.974847, 0.089216, 0.763972, 0.0, 0.0, 0.0, 1.0],
                [0.476539, 0.190967, -0.858162, -5e-06, -0.85842, -0.109666, -0.501087, 0.767935, -0.189802, 0.975451, 0.11167, 0.763972, 0.0, 0.0, 0.0, 1.0],
                [0.369264, 0.192194, -0.909233, -5e-06, -0.913596, -0.104165, -0.393054, 0.873986, -0.170253, 0.975813, 0.137123, 0.763972, 0.0, 0.0, 0.0, 1.0],
                [0.242045, 0.195359, -0.950394, -5e-06, -0.959463, -0.097559, -0.264409, 0.992049, -0.144374, 0.975867, 0.163826, 0.763972, 0.0, 0.0, 0.0, 1.0],
                [0.095277, 0.200346, -0.975082, -5e-06, -0.98922, -0.090368, -0.115226, 1.120125, -0.111202, 0.975549, 0.189577, 0.763972, 0.0, 0.0, 0.0, 1.0],
                [-0.068544, 0.20696, -0.975945, -5e-06, -0.995167, -0.083125, 0.052266, 1.256214, -0.070308, 0.974812, 0.211658, 0.763972, 0.0, 0.0, 0.0, 1.0],
                [-0.244079, 0.214866, -0.945652, -5e-06, -0.969502, -0.076337, 0.23289, 1.398318, -0.022149, 0.973656, 0.226945, 0.763972, 0.0, 0.0, 0.0, 1.0],
                [-0.422791, 0.223552, -0.878221, -5e-06, -0.905675, -0.070417, 0.418084, 1.544439, 0.031622, 0.972145, 0.232237, 0.763972, 0.0, 0.0, 0.0, 1.0],
                [-0.593349, 0.232348, -0.770682, -5e-06, -0.800121, -0.065574, 0.596244, 1.692576, 0.087999, 0.97042, 0.224815, 0.763972, 0.0, 0.0, 0.0, 1.0],
                [-0.743052, 0.240494, -0.624529, -5e-06, -0.653817, -0.061717, 0.754132, 1.840732, 0.14282, 0.968686, 0.203098, 0.763972, 0.0, 0.0, 0.0, 1.0],
                [-0.860061, 0.247286, -0.446255, -5e-06, -0.47295, -0.058394, 0.879152, 1.986906, 0.191344, 0.967181, 0.167177, 0.763972, 0.0, 0.0, 0.0, 1.0],
                [-0.935741, 0.252219, -0.246527, -5e-06, -0.268173, -0.054828, 0.96181, 2.129101, 0.22907, 0.966116, 0.118943, 0.763972, 0.0, 0.0, 0.0, 1.0],
                [-0.966161, 0.255101, -0.038166, -5e-06, -0.052604, -0.050016, 0.997362, 2.265317, 0.252519, 0.96562, 0.061743, 0.763972, 0.0, 0.0, 0.0, 1.0],
                [-0.952245, 0.256087, 0.166282, -5e-06, 0.160658, -0.042882, 0.986078, 2.393555, 0.259653, 0.965702, -0.000308, 0.763972, 0.0, 0.0, 0.0, 1.0],
                [-0.898652, 0.25564, 0.356472, -5e-06, 0.360554, -0.032398, 0.932176, 2.511816, 0.24985, 0.966229, -0.063058, 0.763972, 0.0, 0.0, 0.0, 1.0],
                [-0.810667, 0.248973, 0.529934, -5e-06, 0.543557, -0.0164, 0.839212, 2.618576, 0.217632, 0.968371, -0.122037, 0.763972, 0.0, 0.0, 0.0, 1.0],
                [-0.687493, 0.234149, 0.687406, -5e-06, 0.708466, 0.008398, 0.705695, 2.714208, 0.159465, 0.972164, -0.171661, 0.763972, 0.0, 0.0, 0.0, 1.0],
                [-0.528269, 0.216015, 0.821139, -5e-06, 0.845373, 0.043572, 0.532397, 2.799557, 0.079227, 0.975417, -0.20563, 0.763972, 0.0, 0.0, 0.0, 1.0],
                [-0.337999, 0.199532, 0.919752, -5e-06, 0.941003, 0.088726, 0.32656, 2.875471, -0.016446, 0.975866, -0.21775, 0.763972, 0.0, 0.0, 0.0, 1.0],
                [-0.130155, 0.189144, 0.973285, -5e-06, 0.98452, 0.140876, 0.10428, 2.942796, -0.117389, 0.971791, -0.204551, 0.763972, 0.0, 0.0, 0.0, 1.0],
                [0.074834, 0.1874, 0.979429, -5e-06, 0.974478, 0.194711, -0.111711, 3.002381, -0.21164, 0.962792, -0.168046, 0.763972, 0.0, 0.0, 0.0, 1.0],
                [0.255583, 0.193851, 0.947153, -5e-06, 0.922534, 0.244111, -0.298901, 3.05507, -0.289153, 0.950174, -0.116444, 0.763972, 0.0, 0.0, 0.0, 1.0],
                [0.39652, 0.20519, 0.894801, -5e-06, 0.85077, 0.284068, -0.442149, 3.101712, -0.344909, 0.936591, -0.061931, 0.763972, 0.0, 0.0, 0.0, 1.0],
                [0.490434, 0.216597, 0.844133, -5e-06, 0.784702, 0.311603, -0.53586, 3.143152, -0.3791, 0.925197, -0.017143, 0.763972, 0.0, 0.0, 0.0, 1.0],
                [0.535357, 0.223367, 0.814555, -5e-06, 0.746898, 0.325108, -0.580041, 3.180239, -0.394381, 0.918919, 0.007217, 0.763972, 0.0, 0.0, 0.0, 1.0],
                [0.553836, 0.226428, 0.801247, -5e-06, 0.730051, 0.330665, -0.598069, 3.213706, -0.400364, 0.916183, 0.017831, 0.763972, 0.0, 0.0, 0.0, 1.0],
                [0.569785, 0.229231, 0.789176, -5e-06, 0.714846, 0.335466, -0.613561, 3.243835, -0.405389, 0.913737, 0.027278, 0.763972, 0.0, 0.0, 0.0, 1.0],
                [0.583459, 0.231761, 0.778372, -5e-06, 0.701293, 0.339586, -0.626793, 3.270801, -0.40959, 0.911575, 0.035602, 0.763972, 0.0, 0.0, 0.0, 1.0],
                [0.595094, 0.234008, 0.768833, -5e-06, 0.689367, 0.343094, -0.638013, 3.294771, -0.413082, 0.909685, 0.042856, 0.763972, 0.0, 0.0, 0.0, 1.0],
                [0.604905, 0.235976, 0.76053, -5e-06, 0.679016, 0.346055, -0.647444, 3.315919, -0.415966, 0.908054, 0.049099, 0.763972, 0.0, 0.0, 0.0, 1.0],
                [0.61309, 0.237668, 0.753415, -5e-06, 0.670167, 0.348526, -0.655291, 3.334414, -0.418327, 0.906666, 0.0544, 0.763972, 0.0, 0.0, 0.0, 1.0],
                [0.619829, 0.239099, 0.747425, -5e-06, 0.66273, 0.350562, -0.661737, 3.350428, -0.420239, 0.905504, 0.058831, 0.763972, 0.0, 0.0, 0.0, 1.0],
                [0.625288, 0.240283, 0.742482, -5e-06, 0.656603, 0.352212, -0.666948, 3.364133, -0.421767, 0.90455, 0.062464, 0.763972, 0.0, 0.0, 0.0, 1.0],
                [0.629622, 0.241239, 0.738499, -5e-06, 0.651672, 0.353523, -0.671078, 3.375698, -0.422966, 0.903784, 0.065377, 0.763972, 0.0, 0.0, 0.0, 1.0],
                [0.632973, 0.241989, 0.735382, -5e-06, 0.647816, 0.354536, -0.674268, 3.385295, -0.423885, 0.903186, 0.067648, 0.763972, 0.0, 0.0, 0.0, 1.0],
                [0.635479, 0.242555, 0.73303, -5e-06, 0.64491, 0.355294, -0.676651, 3.393095, -0.424566, 0.902736, 0.069356, 0.763972, 0.0, 0.0, 0.0, 1.0],
                [0.637269, 0.242963, 0.73134, -5e-06, 0.642822, 0.355835, -0.678351, 3.399269, -0.42505, 0.902414, 0.070581, 0.763972, 0.0, 0.0, 0.0, 1.0],
                [0.638467, 0.243237, 0.730203, -5e-06, 0.641419, 0.356197, -0.679489, 3.403988, -0.425373, 0.902197, 0.071403, 0.763972, 0.0, 0.0, 0.0, 1.0],
                [0.639195, 0.243405, 0.729509, -5e-06, 0.640564, 0.356415, -0.680181, 3.407423, -0.425568, 0.902066, 0.071902, 0.763972, 0.0, 0.0, 0.0, 1.0],
                [0.639572, 0.243492, 0.729149, -5e-06, 0.640121, 0.356527, -0.68054, 3.409746, -0.425668, 0.901998, 0.07216, 0.763972, 0.0, 0.0, 0.0, 1.0],
                [0.639718, 0.243527, 0.72901, -5e-06, 0.639951, 0.356568, -0.680678, 3.411126, -0.425705, 0.901972, 0.072258, 0.763972, 0.0, 0.0, 0.0, 1.0],
                [0.639749, 0.243535, 0.72898, -5e-06, 0.639916, 0.356573, -0.680708, 3.411736, -0.425711, 0.901968, 0.072275, 0.763972, 0.0, 0.0, 0.0, 1.0],
                [0.639763, 0.24354, 0.728966, -5e-06, 0.639901, 0.356571, -0.680723, 3.412004, -0.425712, 0.901967, 0.07228, 0.763972, 0.0, 0.0, 0.0, 1.0],
                [0.639779, 0.243546, 0.72895, -5e-06, 0.639883, 0.35657, -0.68074, 3.412245, -0.425713, 0.901966, 0.072285, 0.763972, 0.0, 0.0, 0.0, 1.0],
                [0.639799, 0.243552, 0.728931, -5e-06, 0.639863, 0.356569, -0.68076, 3.412462, -0.425714, 0.901965, 0.072292, 0.763972, 0.0, 0.0, 0.0, 1.0],
                [0.63982, 0.243559, 0.72891, -5e-06, 0.639841, 0.356567, -0.680782, 3.412655, -0.425716, 0.901964, 0.072299, 0.763972, 0.0, 0.0, 0.0, 1.0],
                [0.639844, 0.243567, 0.728886, -5e-06, 0.639816, 0.356565, -0.680806, 3.412826, -0.425717, 0.901962, 0.072307, 0.763972, 0.0, 0.0, 0.0, 1.0],
                [0.639869, 0.243576, 0.728861, -5e-06, 0.639789, 0.356563, -0.680832, 3.412977, -0.425719, 0.901961, 0.072316, 0.763972, 0.0, 0.0, 0.0, 1.0],
                [0.639897, 0.243585, 0.728833, -5e-06, 0.639761, 0.356561, -0.68086, 3.41311, -0.425721, 0.901959, 0.072326, 0.763972, 0.0, 0.0, 0.0, 1.0],
                [0.639926, 0.243595, 0.728805, -5e-06, 0.63973, 0.356558, -0.68089, 3.413225, -0.425723, 0.901958, 0.072336, 0.763972, 0.0, 0.0, 0.0, 1.0],
                [0.639956, 0.243606, 0.728774, -5e-06, 0.639698, 0.356556, -0.680921, 3.413325, -0.425725, 0.901956, 0.072346, 0.763972, 0.0, 0.0, 0.0, 1.0],
                [0.639988, 0.243617, 0.728743, -5e-06, 0.639665, 0.356553, -0.680954, 3.413411, -0.425727, 0.901954, 0.072357, 0.763972, 0.0, 0.0, 0.0, 1.0],
                [0.640021, 0.243628, 0.72871, -5e-06, 0.63963, 0.356551, -0.680988, 3.413484, -0.42573, 0.901952, 0.072368, 0.763972, 0.0, 0.0, 0.0, 1.0],
                [0.640055, 0.243639, 0.728676, -5e-06, 0.639595, 0.356548, -0.681023, 3.413547, -0.425732, 0.90195, 0.07238, 0.763972, 0.0, 0.0, 0.0, 1.0],
                [0.64009, 0.243651, 0.728642, -5e-06, 0.639558, 0.356545, -0.681059, 3.4136, -0.425734, 0.901948, 0.072392, 0.763972, 0.0, 0.0, 0.0, 1.0],
                [0.640126, 0.243663, 0.728606, -5e-06, 0.639521, 0.356542, -0.681095, 3.413646, -0.425737, 0.901946, 0.072404, 0.763972, 0.0, 0.0, 0.0, 1.0],
                [0.640162, 0.243676, 0.72857, -5e-06, 0.639483, 0.356539, -0.681132, 3.413685, -0.425739, 0.901943, 0.072416, 0.763972, 0.0, 0.0, 0.0, 1.0],
                [0.640198, 0.243688, 0.728534, -5e-06, 0.639445, 0.356536, -0.68117, 3.41372, -0.425742, 0.901941, 0.072429, 0.763972, 0.0, 0.0, 0.0, 1.0],
                [0.640235, 0.2437, 0.728498, -5e-06, 0.639407, 0.356533, -0.681207, 3.413752, -0.425744, 0.901939, 0.072441, 0.763972, 0.0, 0.0, 0.0, 1.0],
                [0.640272, 0.243713, 0.728461, -5e-06, 0.639368, 0.35653, -0.681245, 3.413782, -0.425747, 0.901937, 0.072454, 0.763972, 0.0, 0.0, 0.0, 1.0],
                [0.640308, 0.243725, 0.728425, -5e-06, 0.63933, 0.356527, -0.681282, 3.413812, -0.425749, 0.901935, 0.072467, 0.763972, 0.0, 0.0, 0.0, 1.0],
                [0.640345, 0.243738, 0.728389, -5e-06, 0.639292, 0.356524, -0.681319, 3.413844, -0.425752, 0.901933, 0.072479, 0.763972, 0.0, 0.0, 0.0, 1.0],
                [0.64038, 0.24375, 0.728354, -5e-06, 0.639255, 0.356522, -0.681356, 3.413879, -0.425754, 0.90193, 0.072491, 0.763972, 0.0, 0.0, 0.0, 1.0],
                [0.640415, 0.243762, 0.728319, -5e-06, 0.639218, 0.356519, -0.681392, 3.413919, -0.425757, 0.901928, 0.072503, 0.763972, 0.0, 0.0, 0.0, 1.0],
                [0.64045, 0.243773, 0.728285, -5e-06, 0.639182, 0.356516, -0.681427, 3.413965, -0.425759, 0.901926, 0.072515, 0.763972, 0.0, 0.0, 0.0, 1.0],
                [0.640483, 0.243785, 0.728252, -5e-06, 0.639147, 0.356513, -0.681461, 3.414018, -0.425761, 0.901924, 0.072526, 0.763972, 0.0, 0.0, 0.0, 1.0],
                [0.640515, 0.243796, 0.72822, -5e-06, 0.639113, 0.356511, -0.681494, 3.414082, -0.425763, 0.901922, 0.072537, 0.763972, 0.0, 0.0, 0.0, 1.0],
                [0.640546, 0.243806, 0.728189, -5e-06, 0.639081, 0.356508, -0.681526, 3.414155, -0.425766, 0.90192, 0.072548, 0.763972, 0.0, 0.0, 0.0, 1.0],
                [0.640576, 0.243817, 0.728159, -5e-06, 0.639049, 0.356506, -0.681557, 3.414237, -0.425768, 0.901919, 0.072558, 0.763972, 0.0, 0.0, 0.0, 1.0],
                [0.640605, 0.243827, 0.72813, -5e-06, 0.639019, 0.356504, -0.681587, 3.414324, -0.42577, 0.901917, 0.072568, 0.763972, 0.0, 0.0, 0.0, 1.0],
                [0.640633, 0.243836, 0.728103, -5e-06, 0.63899, 0.356502, -0.681615, 3.414413, -0.425772, 0.901915, 0.072578, 0.763972, 0.0, 0.0, 0.0, 1.0],
                [0.640658, 0.243845, 0.728077, -5e-06, 0.638962, 0.3565, -0.681641, 3.414503, -0.425774, 0.901913, 0.072587, 0.763972, 0.0, 0.0, 0.0, 1.0],
                [0.640683, 0.243853, 0.728053, -5e-06, 0.638937, 0.356498, -0.681666, 3.414589, -0.425776, 0.901912, 0.072595, 0.763972, 0.0, 0.0, 0.0, 1.0],
                [0.640705, 0.243861, 0.728031, -5e-06, 0.638914, 0.356497, -0.681689, 3.41467, -0.425778, 0.90191, 0.072603, 0.763972, 0.0, 0.0, 0.0, 1.0],
                [0.640725, 0.243868, 0.728011, -5e-06, 0.638893, 0.356495, -0.681709, 3.414742, -0.425779, 0.901909, 0.07261, 0.763972, 0.0, 0.0, 0.0, 1.0],
                [0.640742, 0.243874, 0.727994, -5e-06, 0.638874, 0.356493, -0.681727, 3.414804, -0.42578, 0.901908, 0.072616, 0.763972, 0.0, 0.0, 0.0, 1.0],
                [0.640758, 0.243879, 0.727979, -5e-06, 0.638858, 0.356492, -0.681743, 3.414851, -0.425781, 0.901907, 0.072621, 0.763972, 0.0, 0.0, 0.0, 1.0],
                [0.64077, 0.243883, 0.727966, -5e-06, 0.638846, 0.356491, -0.681756, 3.414881, -0.425781, 0.901907, 0.072625, 0.763972, 0.0, 0.0, 0.0, 1.0],
                [0.64078, 0.243885, 0.727957, -5e-06, 0.638836, 0.356489, -0.681765, 3.414892, -0.425781, 0.901907, 0.072628, 0.763972, 0.0, 0.0, 0.0, 1.0],
                [0.640835, 0.243882, 0.727909, -5e-06, 0.6388, 0.356457, -0.681816, 3.414892, -0.425751, 0.90192, 0.072638, 0.763976, 0.0, 0.0, 0.0, 1.0],
                [0.641185, 0.243849, 0.727612, -5e-06, 0.638589, 0.356243, -0.682126, 3.414892, -0.425542, 0.902014, 0.072698, 0.764005, 0.0, 0.0, 0.0, 1.0],
                [0.642123, 0.243756, 0.726816, -5e-06, 0.638023, 0.355662, -0.682958, 3.414892, -0.424976, 0.902268, 0.072856, 0.764086, 0.0, 0.0, 0.0, 1.0],
                [0.643943, 0.243572, 0.725265, -5e-06, 0.636922, 0.354531, -0.684571, 3.414892, -0.423872, 0.902763, 0.073162, 0.764242, 0.0, 0.0, 0.0, 1.0],
                [0.646932, 0.243262, 0.722705, -5e-06, 0.6351, 0.35267, -0.687221, 3.414892, -0.422051, 0.903575, 0.073658, 0.764499, 0.0, 0.0, 0.0, 1.0],
                [0.651367, 0.242786, 0.718872, -5e-06, 0.632361, 0.349898, -0.691152, 3.414892, -0.419334, 0.90478, 0.074383, 0.764884, 0.0, 0.0, 0.0, 1.0],
                [0.657507, 0.242093, 0.713495, -5e-06, 0.628501, 0.346038, -0.696595, 3.414892, -0.415538, 0.906448, 0.075367, 0.76542, 0.0, 0.0, 0.0, 1.0],
                [0.665588, 0.241122, 0.706295, -5e-06, 0.623296, 0.34092, -0.703759, 3.414892, -0.410481, 0.908644, 0.076622, 0.766134, 0.0, 0.0, 0.0, 1.0],
                [0.675815, 0.239791, 0.696975, -5e-06, 0.6165, 0.334378, -0.712824, 3.414892, -0.403982, 0.911423, 0.078147, 0.76705, 0.0, 0.0, 0.0, 1.0],
                [0.688347, 0.238001, 0.685225, -5e-06, 0.607844, 0.32626, -0.723934, 3.414892, -0.395859, 0.914828, 0.079912, 0.768194, 0.0, 0.0, 0.0, 1.0],
                [0.704425, 0.235426, 0.669597, -5e-06, 0.59619, 0.315661, -0.738184, 3.414892, -0.385153, 0.919202, 0.082001, 0.769687, 0.0, 0.0, 0.0, 1.0],
                [0.724579, 0.231723, 0.649068, -5e-06, 0.580652, 0.302063, -0.756043, 3.414892, -0.371252, 0.924696, 0.084318, 0.771617, 0.0, 0.0, 0.0, 1.0],
                [0.747819, 0.22675, 0.623981, -5e-06, 0.561325, 0.285928, -0.776633, 3.414892, -0.354515, 0.931037, 0.086542, 0.77396, 0.0, 0.0, 0.0, 1.0],
                [0.773133, 0.220381, 0.594725, -5e-06, 0.538349, 0.267739, -0.799059, 3.414892, -0.335329, 0.937949, 0.088356, 0.776694, 0.0, 0.0, 0.0, 1.0],
                [0.799533, 0.212532, 0.561762, -5e-06, 0.51194, 0.247993, -0.822446, 3.414892, -0.314109, 0.945161, 0.089475, 0.779794, 0.0, 0.0, 0.0, 1.0],
                [0.826093, 0.203176, 0.525634, -5e-06, 0.482406, 0.22719, -0.845972, 3.414892, -0.2913, 0.95242, 0.089667, 0.783237, 0.0, 0.0, 0.0, 1.0],
                [0.851985, 0.192355, 0.48695, -5e-06, 0.450154, 0.205818, -0.868907, 3.414892, -0.267362, 0.959499, 0.088765, 0.787001, 0.0, 0.0, 0.0, 1.0],
                [0.876515, 0.180177, 0.446382, -5e-06, 0.41568, 0.184336, -0.890635, 3.414892, -0.242757, 0.966207, 0.086677, 0.791061, 0.0, 0.0, 0.0, 1.0],
                [0.899137, 0.166816, 0.40463, -5e-06, 0.37955, 0.163158, -0.910671, 3.414892, -0.217934, 0.972395, 0.083386, 0.795395, 0.0, 0.0, 0.0, 1.0],
                [0.919461, 0.152497, 0.362403, -5e-06, 0.342375, 0.142647, -0.928672, 3.414892, -0.193315, 0.977955, 0.078947, 0.799978, 0.0, 0.0, 0.0, 1.0],
                [0.937257, 0.137484, 0.320387, -5e-06, 0.304782, 0.123101, -0.944433, 3.414892, -0.169284, 0.982825, 0.073474, 0.804789, 0.0, 0.0, 0.0, 1.0],
                [0.952436, 0.122065, 0.279225, -5e-06, 0.267394, 0.104753, -0.957876, 3.414892, -0.146173, 0.986979, 0.067131, 0.809802, 0.0, 0.0, 0.0, 1.0],
                [0.965034, 0.106537, 0.239498, -5e-06, 0.2308, 0.087775, -0.969034, 3.414892, -0.12426, 0.990427, 0.060117, 0.814996, 0.0, 0.0, 0.0, 1.0],
                [0.975189, 0.091193, 0.201716, -5e-06, 0.195544, 0.072278, -0.978028, 3.414892, -0.103769, 0.993207, 0.052653, 0.820346, 0.0, 0.0, 0.0, 1.0],
                [0.983115, 0.076315, 0.166315, -5e-06, 0.162114, 0.058323, -0.985047, 3.414892, -0.084874, 0.995377, 0.044966, 0.82583, 0.0, 0.0, 0.0, 1.0],
                [0.989076, 0.062165, 0.133658, -5e-06, 0.13094, 0.04593, -0.990326, 3.414892, -0.067702, 0.997009, 0.037288, 0.831423, 0.0, 0.0, 0.0, 1.0],
                [0.993366, 0.048981, 0.104045, -5e-06, 0.102394, 0.035088, -0.994125, 3.414892, -0.052344, 0.998183, 0.02984, 0.837103, 0.0, 0.0, 0.0, 1.0],
                [0.996289, 0.036982, 0.077723, -5e-06, 0.076799, 0.025769, -0.996714, 3.414892, -0.038864, 0.998984, 0.022833, 0.842847, 0.0, 0.0, 0.0, 1.0],
                [0.998144, 0.026365, 0.054902, -5e-06, 0.05444, 0.01793, -0.998356, 3.414889, -0.027306, 0.999492, 0.016462, 0.84863, 0.0, 0.0, 0.0, 1.0],
                [0.99921, 0.01731, 0.035769, -5e-06, 0.035572, 0.011533, -0.999301, 3.41487, -0.01771, 0.999784, 0.010908, 0.85443, 0.0, 0.0, 0.0, 1.0],
                [0.99974, 0.009984, 0.020505, -5e-06, 0.02044, 0.006543, -0.99977, 3.414818, -0.010116, 0.999929, 0.006337, 0.860222, 0.0, 0.0, 0.0, 1.0],
                [0.999946, 0.004549, 0.009301, -5e-06, 0.009288, 0.002945, -0.999953, 3.414717, -0.004576, 0.999985, 0.002902, 0.865985, 0.0, 0.0, 0.0, 1.0],
                [0.999996, 0.001166, 0.002377, -5e-06, 0.002376, 0.000749, -0.999997, 3.41455, -0.001168, 0.999999, 0.000746, 0.871694, 0.0, 0.0, 0.0, 1.0],
                [1.0, 0.0, 0.0, -5e-06, 0.0, 0.0, -1.0, 3.414301, 0.0, 1.0, 0.0, 0.877327, 0.0, 0.0, 0.0, 1.0],
                [1.0, 0.0, 0.0, -5e-06, 0.0, 0.0, -1.0, 3.413954, 0.0, 1.0, 0.0, 0.882859, 0.0, 0.0, 0.0, 1.0],
                [1.0, 0.0, 0.0, -5e-06, 0.0, 0.0, -1.0, 3.413491, 0.0, 1.0, 0.0, 0.888267, 0.0, 0.0, 0.0, 1.0],
                [1.0, 0.0, 0.0, -5e-06, 0.0, 0.0, -1.0, 3.412898, 0.0, 1.0, 0.0, 0.893529, 0.0, 0.0, 0.0, 1.0],
                [1.0, 0.0, 0.0, -5e-06, 0.0, 0.0, -1.0, 3.412157, 0.0, 1.0, 0.0, 0.898621, 0.0, 0.0, 0.0, 1.0],
                [1.0, 0.0, 0.0, -5e-06, 0.0, 0.0, -1.0, 3.411252, 0.0, 1.0, 0.0, 0.903518, 0.0, 0.0, 0.0, 1.0],
                [1.0, 0.0, 0.0, -5e-06, 0.0, 0.0, -1.0, 3.410166, 0.0, 1.0, 0.0, 0.908199, 0.0, 0.0, 0.0, 1.0],
                [1.0, 0.0, 0.0, -5e-06, 0.0, 0.0, -1.0, 3.408883, 0.0, 1.0, 0.0, 0.91264, 0.0, 0.0, 0.0, 1.0],
                [1.0, 0.0, 0.0, -5e-06, 0.0, 0.0, -1.0, 3.407387, 0.0, 1.0, 0.0, 0.916817, 0.0, 0.0, 0.0, 1.0],
                [1.0, 0.0, 0.0, -5e-06, 0.0, 0.0, -1.0, 3.405662, 0.0, 1.0, 0.0, 0.920707, 0.0, 0.0, 0.0, 1.0],
                [1.0, 0.0, 0.0, -5e-06, 0.0, 0.0, -1.0, 3.40369, 0.0, 1.0, 0.0, 0.924286, 0.0, 0.0, 0.0, 1.0],
                [1.0, 0.0, 0.0, -5e-06, 0.0, 0.0, -1.0, 3.401456, 0.0, 1.0, 0.0, 0.927532, 0.0, 0.0, 0.0, 1.0],
                [1.0, 0.0, 0.0, -5e-06, 0.0, 0.0, -1.0, 3.398942, 0.0, 1.0, 0.0, 0.930421, 0.0, 0.0, 0.0, 1.0],
                [1.0, 0.0, 0.0, -5e-06, 0.0, 0.0, -1.0, 3.396134, 0.0, 1.0, 0.0, 0.93293, 0.0, 0.0, 0.0, 1.0],
                [1.0, 0.0, 0.0, -5e-06, 0.0, 0.0, -1.0, 3.393013, 0.0, 1.0, 0.0, 0.935035, 0.0, 0.0, 0.0, 1.0],
                [1.0, 0.0, 0.0, -5e-06, 0.0, 0.0, -1.0, 3.389565, 0.0, 1.0, 0.0, 0.936712, 0.0, 0.0, 0.0, 1.0],
                [1.0, 0.0, 0.0, -5e-06, 0.0, 0.0, -1.0, 3.385772, 0.0, 1.0, 0.0, 0.937939, 0.0, 0.0, 0.0, 1.0],
                [1.0, 0.0, 0.0, -5e-06, 0.0, 0.0, -1.0, 3.381617, 0.0, 1.0, 0.0, 0.938693, 0.0, 0.0, 0.0, 1.0],
                [1.0, 0.0, 0.0, -5e-06, 0.0, 0.0, -1.0, 3.377086, 0.0, 1.0, 0.0, 0.938949, 0.0, 0.0, 0.0, 1.0],
                [1.0, 0.0, 0.0, -5e-06, 0.0, 0.0, -1.0, 3.370518, 0.0, 1.0, 0.0, 0.938949, 0.0, 0.0, 0.0, 1.0],
                [1.0, 0.0, 0.0, -5e-06, 0.0, 0.0, -1.0, 3.360485, 0.0, 1.0, 0.0, 0.938949, 0.0, 0.0, 0.0, 1.0],
                [1.0, 0.0, 0.0, -5e-06, 0.0, 0.0, -1.0, 3.347319, 0.0, 1.0, 0.0, 0.938949, 0.0, 0.0, 0.0, 1.0],
                [1.0, 0.0, 0.0, -5e-06, 0.0, 0.0, -1.0, 3.331349, 0.0, 1.0, 0.0, 0.938949, 0.0, 0.0, 0.0, 1.0],
                [1.0, 0.0, 0.0, -5e-06, 0.0, 0.0, -1.0, 3.312906, 0.0, 1.0, 0.0, 0.938949, 0.0, 0.0, 0.0, 1.0],
                [1.0, 0.0, 0.0, -5e-06, 0.0, 0.0, -1.0, 3.29232, 0.0, 1.0, 0.0, 0.938949, 0.0, 0.0, 0.0, 1.0],
                [1.0, 0.0, 0.0, -5e-06, 0.0, 0.0, -1.0, 3.269922, 0.0, 1.0, 0.0, 0.938949, 0.0, 0.0, 0.0, 1.0],
                [1.0, 0.0, 0.0, -5e-06, 0.0, 0.0, -1.0, 3.246042, 0.0, 1.0, 0.0, 0.938949, 0.0, 0.0, 0.0, 1.0],
                [1.0, 0.0, 0.0, -5e-06, 0.0, 0.0, -1.0, 3.221009, 0.0, 1.0, 0.0, 0.938949, 0.0, 0.0, 0.0, 1.0],
                [1.0, 0.0, 0.0, -5e-06, 0.0, 0.0, -1.0, 3.195155, 0.0, 1.0, 0.0, 0.938949, 0.0, 0.0, 0.0, 1.0],
                [1.0, 0.0, 0.0, -5e-06, 0.0, 0.0, -1.0, 3.168811, 0.0, 1.0, 0.0, 0.938949, 0.0, 0.0, 0.0, 1.0],
                [1.0, 0.0, 0.0, -5e-06, 0.0, 0.0, -1.0, 3.142306, 0.0, 1.0, 0.0, 0.938949, 0.0, 0.0, 0.0, 1.0],
                [1.0, 0.0, 0.0, -5e-06, 0.0, 0.0, -1.0, 3.11597, 0.0, 1.0, 0.0, 0.938949, 0.0, 0.0, 0.0, 1.0],
                [1.0, 0.0, 0.0, -5e-06, 0.0, 0.0, -1.0, 3.090135, 0.0, 1.0, 0.0, 0.938949, 0.0, 0.0, 0.0, 1.0],
                [1.0, 0.0, 0.0, -5e-06, 0.0, 0.0, -1.0, 3.06513, 0.0, 1.0, 0.0, 0.938949, 0.0, 0.0, 0.0, 1.0],
                [1.0, 0.0, 0.0, -5e-06, 0.0, 0.0, -1.0, 3.041286, 0.0, 1.0, 0.0, 0.938949, 0.0, 0.0, 0.0, 1.0],
                [1.0, 0.0, 0.0, -5e-06, 0.0, 0.0, -1.0, 3.018933, 0.0, 1.0, 0.0, 0.938949, 0.0, 0.0, 0.0, 1.0],
                [1.0, 0.0, 0.0, -5e-06, 0.0, 0.0, -1.0, 2.998402, 0.0, 1.0, 0.0, 0.938949, 0.0, 0.0, 0.0, 1.0],
                [1.0, 0.0, 0.0, -5e-06, 0.0, 0.0, -1.0, 2.980023, 0.0, 1.0, 0.0, 0.938949, 0.0, 0.0, 0.0, 1.0],
                [1.0, 0.0, 0.0, -5e-06, 0.0, 0.0, -1.0, 2.964126, 0.0, 1.0, 0.0, 0.938949, 0.0, 0.0, 0.0, 1.0],
                [1.0, 0.0, 0.0, -5e-06, 0.0, 0.0, -1.0, 2.951042, 0.0, 1.0, 0.0, 0.938949, 0.0, 0.0, 0.0, 1.0],
                [1.0, 0.0, 0.0, -5e-06, 0.0, 0.0, -1.0, 2.941101, 0.0, 1.0, 0.0, 0.938949, 0.0, 0.0, 0.0, 1.0],
                [1.0, 0.0, 0.0, -5e-06, 0.0, 0.0, -1.0, 2.933417, 0.0, 1.0, 0.0, 0.938949, 0.0, 0.0, 0.0, 1.0],
                [1.0, 0.0, 0.0, -5e-06, 0.0, 0.0, -1.0, 2.926829, 0.0, 1.0, 0.0, 0.938949, 0.0, 0.0, 0.0, 1.0],
                [1.0, 0.0, 0.0, -5e-06, 0.0, 0.0, -1.0, 2.921252, 0.0, 1.0, 0.0, 0.938949, 0.0, 0.0, 0.0, 1.0],
                [1.0, 0.0, 0.0, -5e-06, 0.0, 0.0, -1.0, 2.916603, 0.0, 1.0, 0.0, 0.938949, 0.0, 0.0, 0.0, 1.0],
                [1.0, 0.0, 0.0, -5e-06, 0.0, 0.0, -1.0, 2.912796, 0.0, 1.0, 0.0, 0.938949, 0.0, 0.0, 0.0, 1.0],
                [1.0, 0.0, 0.0, -5e-06, 0.0, 0.0, -1.0, 2.909748, 0.0, 1.0, 0.0, 0.938949, 0.0, 0.0, 0.0, 1.0],
                [1.0, 0.0, 0.0, -5e-06, 0.0, 0.0, -1.0, 2.907374, 0.0, 1.0, 0.0, 0.938949, 0.0, 0.0, 0.0, 1.0],
                [1.0, 0.0, 0.0, -5e-06, 0.0, 0.0, -1.0, 2.905591, 0.0, 1.0, 0.0, 0.938949, 0.0, 0.0, 0.0, 1.0],
                [1.0, 0.0, 0.0, -5e-06, 0.0, 0.0, -1.0, 2.904312, 0.0, 1.0, 0.0, 0.938949, 0.0, 0.0, 0.0, 1.0],
                [1.0, 0.0, 0.0, -5e-06, 0.0, 0.0, -1.0, 2.903455, 0.0, 1.0, 0.0, 0.938949, 0.0, 0.0, 0.0, 1.0],
                [1.0, 0.0, 0.0, -5e-06, 0.0, 0.0, -1.0, 2.902936, 0.0, 1.0, 0.0, 0.938949, 0.0, 0.0, 0.0, 1.0],
                [1.0, 0.0, 0.0, -5e-06, 0.0, 0.0, -1.0, 2.902668, 0.0, 1.0, 0.0, 0.938949, 0.0, 0.0, 0.0, 1.0],
                [1.0, 0.0, 0.0, -5e-06, 0.0, 0.0, -1.0, 2.90257, 0.0, 1.0, 0.0, 0.938949, 0.0, 0.0, 0.0, 1.0],
                [1.0, 0.0, 0.0, -5e-06, 0.0, 0.0, -1.0, 2.902556, 0.0, 1.0, 0.0, 0.938949, 0.0, 0.0, 0.0, 1.0],
                [1.0, 0.0, 0.0, -5e-06, 0.0, 0.0, -1.0, 2.902556, 0.0, 1.0, 0.0, 0.938949, 0.0, 0.0, 0.0, 1.0],
                [1.0, 0.0, 0.0, -5e-06, 0.0, 0.0, -1.0, 2.902556, 0.0, 1.0, 0.0, 0.938949, 0.0, 0.0, 0.0, 1.0],
                [1.0, 0.0, 0.0, -5e-06, 0.0, 0.0, -1.0, 2.902556, 0.0, 1.0, 0.0, 0.938949, 0.0, 0.0, 0.0, 1.0],
                [1.0, 0.0, 0.0, -5e-06, 0.0, 0.0, -1.0, 2.902556, 0.0, 1.0, 0.0, 0.938949, 0.0, 0.0, 0.0, 1.0],
                [1.0, 0.0, 0.0, -5e-06, 0.0, 0.0, -1.0, 2.902556, 0.0, 1.0, 0.0, 0.938949, 0.0, 0.0, 0.0, 1.0],
                [1.0, 0.0, 0.0, -5e-06, 0.0, 0.0, -1.0, 2.902556, 0.0, 1.0, 0.0, 0.938949, 0.0, 0.0, 0.0, 1.0],
                [1.0, 0.0, 0.0, -5e-06, 0.0, 0.0, -1.0, 2.902556, 0.0, 1.0, 0.0, 0.938949, 0.0, 0.0, 0.0, 1.0],
                [1.0, 0.0, 0.0, -5e-06, 0.0, 0.0, -1.0, 2.902556, 0.0, 1.0, 0.0, 0.938949, 0.0, 0.0, 0.0, 1.0],
                [1.0, 0.0, 0.0, -5e-06, 0.0, 0.0, -1.0, 2.902556, 0.0, 1.0, 0.0, 0.938949, 0.0, 0.0, 0.0, 1.0],
                [1.0, 0.0, 0.0, -5e-06, 0.0, 0.0, -1.0, 2.902556, 0.0, 1.0, 0.0, 0.938949, 0.0, 0.0, 0.0, 1.0],
                [1.0, 0.0, 0.0, -5e-06, 0.0, 0.0, -1.0, 2.902556, 0.0, 1.0, 0.0, 0.938949, 0.0, 0.0, 0.0, 1.0],
                [1.0, 0.0, 0.0, -5e-06, 0.0, 0.0, -1.0, 2.902556, 0.0, 1.0, 0.0, 0.938949, 0.0, 0.0, 0.0, 1.0],
                [1.0, 0.0, 0.0, -5e-06, 0.0, 0.0, -1.0, 2.902556, 0.0, 1.0, 0.0, 0.938949, 0.0, 0.0, 0.0, 1.0],
                [1.0, 0.0, 0.0, -5e-06, 0.0, 0.0, -1.0, 2.902556, 0.0, 1.0, 0.0, 0.938949, 0.0, 0.0, 0.0, 1.0],
                [1.0, 0.0, 0.0, -5e-06, 0.0, 0.0, -1.0, 2.902556, 0.0, 1.0, 0.0, 0.938949, 0.0, 0.0, 0.0, 1.0],
                [1.0, 0.0, 0.0, -5e-06, 0.0, 0.0, -1.0, 2.902556, 0.0, 1.0, 0.0, 0.938949, 0.0, 0.0, 0.0, 1.0],
                [1.0, 0.0, 0.0, -5e-06, 0.0, 0.0, -1.0, 2.902556, 0.0, 1.0, 0.0, 0.938949, 0.0, 0.0, 0.0, 1.0],
                [1.0, 0.0, 0.0, -5e-06, 0.0, 0.0, -1.0, 2.902556, 0.0, 1.0, 0.0, 0.938949, 0.0, 0.0, 0.0, 1.0],
                [1.0, 0.0, 0.0, -5e-06, 0.0, 0.0, -1.0, 2.902556, 0.0, 1.0, 0.0, 0.938949, 0.0, 0.0, 0.0, 1.0],
                [1.0, 0.0, 0.0, -5e-06, 0.0, 0.0, -1.0, 2.902556, 0.0, 1.0, 0.0, 0.938949, 0.0, 0.0, 0.0, 1.0],
                [1.0, 0.0, 0.0, -5e-06, 0.0, 0.0, -1.0, 2.902556, 0.0, 1.0, 0.0, 0.938949, 0.0, 0.0, 0.0, 1.0],
                [1.0, 0.0, 0.0, -5e-06, 0.0, 0.0, -1.0, 2.902556, 0.0, 1.0, 0.0, 0.938949, 0.0, 0.0, 0.0, 1.0],
                [1.0, 0.0, 0.0, -5e-06, 0.0, 0.0, -1.0, 2.902556, 0.0, 1.0, 0.0, 0.938949, 0.0, 0.0, 0.0, 1.0],
                [1.0, 0.0, 0.0, -5e-06, 0.0, 0.0, -1.0, 2.902556, 0.0, 1.0, 0.0, 0.938949, 0.0, 0.0, 0.0, 1.0],
                [1.0, 0.0, 0.0, -5e-06, 0.0, 0.0, -1.0, 2.902556, 0.0, 1.0, 0.0, 0.938949, 0.0, 0.0, 0.0, 1.0],
                [1.0, 0.0, 0.0, -5e-06, 0.0, 0.0, -1.0, 2.902556, 0.0, 1.0, 0.0, 0.938949, 0.0, 0.0, 0.0, 1.0],
                [1.0, 0.0, 0.0, -5e-06, 0.0, 0.0, -1.0, 2.902556, 0.0, 1.0, 0.0, 0.938949, 0.0, 0.0, 0.0, 1.0],
                [1.0, 0.0, 0.0, -5e-06, 0.0, 0.0, -1.0, 2.902556, 0.0, 1.0, 0.0, 0.938949, 0.0, 0.0, 0.0, 1.0],
                [1.0, 0.0, 0.0, -5e-06, 0.0, 0.0, -1.0, 2.902556, 0.0, 1.0, 0.0, 0.938949, 0.0, 0.0, 0.0, 1.0],
                [1.0, 0.0, 0.0, -5e-06, 0.0, 0.0, -1.0, 2.902556, 0.0, 1.0, 0.0, 0.938949, 0.0, 0.0, 0.0, 1.0],
                [1.0, 0.0, 0.0, -5e-06, 0.0, 0.0, -1.0, 2.902556, 0.0, 1.0, 0.0, 0.938949, 0.0, 0.0, 0.0, 1.0],
                [1.0, 0.0, 0.0, -5e-06, 0.0, 0.0, -1.0, 2.902556, 0.0, 1.0, 0.0, 0.938949, 0.0, 0.0, 0.0, 1.0],
                [1.0, 0.0, 0.0, -5e-06, 0.0, 0.0, -1.0, 2.902556, 0.0, 1.0, 0.0, 0.938949, 0.0, 0.0, 0.0, 1.0],
                [1.0, 0.0, 0.0, -5e-06, 0.0, 0.0, -1.0, 2.902556, 0.0, 1.0, 0.0, 0.938949, 0.0, 0.0, 0.0, 1.0],
                [1.0, 0.0, 0.0, -5e-06, 0.0, 0.0, -1.0, 2.902556, 0.0, 1.0, 0.0, 0.938949, 0.0, 0.0, 0.0, 1.0],
                [1.0, 0.0, 0.0, -5e-06, 0.0, 0.0, -1.0, 2.902556, 0.0, 1.0, 0.0, 0.938949, 0.0, 0.0, 0.0, 1.0],
                [1.0, 0.0, 0.0, -5e-06, 0.0, 0.0, -1.0, 2.902556, 0.0, 1.0, 0.0, 0.938949, 0.0, 0.0, 0.0, 1.0],
                [1.0, 0.0, 0.0, -5e-06, 0.0, 0.0, -1.0, 2.902556, 0.0, 1.0, 0.0, 0.938949, 0.0, 0.0, 0.0, 1.0],
                [1.0, 0.0, 0.0, -5e-06, 0.0, 0.0, -1.0, 2.902556, 0.0, 1.0, 0.0, 0.938949, 0.0, 0.0, 0.0, 1.0],
                [1.0, 0.0, 0.0, -5e-06, 0.0, 0.0, -1.0, 2.902556, 0.0, 1.0, 0.0, 0.938949, 0.0, 0.0, 0.0, 1.0],
                [1.0, 0.0, 0.0, -5e-06, 0.0, 0.0, -1.0, 2.902556, 0.0, 1.0, 0.0, 0.938949, 0.0, 0.0, 0.0, 1.0]
            ]
        },
        {
            "name": "Thigh_R",
            "time": [0.0, 0.0167, 0.0333, 0.05, 0.0667, 0.0833, 0.1, 0.1167, 0.1333, 0.15, 0.1667, 0.1833, 0.2, 0.2167, 0.2333, 0.25, 0.2667, 0.2833, 0.3, 0.3167, 0.3333, 0.35, 0.3667, 0.3833, 0.4, 0.4167, 0.4333, 0.45, 0.4667, 0.4833, 0.5, 0.5167, 0.5333, 0.55, 0.5667, 0.5833, 0.6, 0.6167, 0.6333, 0.65, 0.6667, 0.6833, 0.7, 0.7167, 0.7333, 0.75, 0.7667, 0.7833, 0.8, 0.8167, 0.8333, 0.85, 0.8667, 0.8833, 0.9, 0.9167, 0.9333, 0.95, 0.9667, 0.9833, 1.0, 1.0167, 1.0333, 1.05, 1.0667, 1.0833, 1.1, 1.1167, 1.1333, 1.15, 1.1667, 1.1833, 1.2, 1.2167, 1.2333, 1.25, 1.2667, 1.2833, 1.3, 1.3167, 1.3333, 1.35, 1.3667, 1.3833, 1.4, 1.4167, 1.4333, 1.45, 1.4667, 1.4833, 1.5, 1.5167, 1.5333, 1.55, 1.5667, 1.5833, 1.6, 1.6167, 1.6333, 1.65, 1.6667, 1.6833, 1.7, 1.7167, 1.7333, 1.75, 1.7667, 1.7833, 1.8, 1.8167, 1.8333, 1.85, 1.8667, 1.8833, 1.9, 1.9167, 1.9333, 1.95, 1.9667, 1.9833, 2.0, 2.0167, 2.0333, 2.05, 2.0667, 2.0833, 2.1, 2.1167, 2.1333, 2.15, 2.1667, 2.1833, 2.2, 2.2167, 2.2333, 2.25, 2.2667, 2.2833, 2.3, 2.3167, 2.3333, 2.35, 2.3667, 2.3833, 2.4, 2.4167, 2.4333, 2.45, 2.4667, 2.4833, 2.5, 2.5167, 2.5333, 2.55, 2.5667, 2.5833, 2.6, 2.6167, 2.6333, 2.65, 2.6667, 2.6833, 2.7, 2.7167, 2.7333, 2.75, 2.7667, 2.7833, 2.8, 2.8167, 2.8333, 2.85, 2.8667, 2.8833, 2.9, 2.9167, 2.9333, 2.95, 2.9667, 2.9833, 3.0, 3.0167, 3.0333, 3.05, 3.0667, 3.0833, 3.1, 3.1167, 3.1333, 3.15, 3.1667, 3.1833, 3.2, 3.2167, 3.2333, 3.25, 3.2667, 3.2833, 3.3, 3.3167, 3.3333, 3.35, 3.3667, 3.3833, 3.4, 3.4167, 3.4333, 3.45, 3.4667, 3.4833, 3.5, 3.5167, 3.5333, 3.55, 3.5667, 3.5833, 3.6, 3.6167, 3.6333, 3.65, 3.6667, 3.6833, 3.7, 3.7167, 3.7333, 3.75, 3.7667, 3.7833, 3.8, 3.8167, 3.8333, 3.85],
            "transform": [
                [0.878692, 0.200903, 0.433057, 0.124994, 0.31318, -0.927239, -0.205293, -0.002831, 0.360303, 0.316014, -0.877677, -1.2e-05, 0.0, 0.0, 0.0, 1.0],
                [0.881998, 0.200076, 0.426673, 0.124994, 0.310899, -0.927454, -0.207773, -0.002831, 0.35415, 0.315908, -0.880216, -1.2e-05, 0.0, 0.0, 0.0, 1.0],
                [0.890936, 0.197692, 0.408841, 0.124994, 0.304399, -0.92806, -0.21458, -0.002831, 0.337009, 0.315628, -0.88702, -1.2e-05, 0.0, 0.0, 0.0, 1.0],
                [0.903842, 0.193888, 0.381416, 0.124994, 0.294102, -0.928986, -0.224697, -0.002831, 0.310764, 0.315266, -0.896679, -1.2e-05, 0.0, 0.0, 0.0, 1.0],
                [0.91895, 0.188796, 0.346247, 0.124994, 0.280414, -0.930147, -0.237052, -0.002831, 0.277306, 0.314931, -0.9077, -1.2e-05, 0.0, 0.0, 0.0, 1.0],
                [0.93458, 0.182562, 0.305338, 0.124994, 0.263816, -0.931458, -0.250571, -0.002831, 0.238665, 0.314732, -0.918685, -1.2e-05, 0.0, 0.0, 0.0, 1.0],
                [0.949299, 0.175347, 0.260931, 0.124994, 0.244938, -0.932836, -0.26424, -0.002831, 0.197072, 0.314755, -0.928489, -1.2e-05, 0.0, 0.0, 0.0, 1.0],
                [0.962056, 0.167333, 0.21552, 0.124994, 0.224579, -0.934209, -0.277161, -0.002831, 0.154962, 0.315046, -0.93634, -1.2e-05, 0.0, 0.0, 0.0, 1.0],
                [0.972263, 0.158711, 0.1718, 0.124994, 0.203711, -0.935526, -0.288604, -0.002831, 0.114919, 0.315596, -0.941909, -1.2e-05, 0.0, 0.0, 0.0, 1.0],
                [0.979805, 0.149677, 0.132585, 0.124994, 0.183431, -0.936765, -0.298035, -0.002831, 0.079592, 0.316336, -0.945302, -1.2e-05, 0.0, 0.0, 0.0, 1.0],
                [0.984956, 0.140418, 0.100717, 0.124994, 0.164913, -0.937929, -0.305111, -0.002831, 0.051623, 0.31713, -0.946976, -1.2e-05, 0.0, 0.0, 0.0, 1.0],
                [0.988214, 0.131115, 0.079008, 0.124994, 0.149348, -0.939054, -0.309631, -0.002831, 0.033595, 0.317782, -0.947569, -1.2e-05, 0.0, 0.0, 0.0, 1.0],
                [0.990051, 0.121939, 0.070209, 0.124994, 0.137886, -0.940203, -0.311456, -0.002831, 0.028032, 0.318038, -0.947663, -1.2e-05, 0.0, 0.0, 0.0, 1.0],
                [0.990892, 0.112466, 0.074061, 0.124994, 0.130102, -0.941451, -0.311037, -0.002831, 0.034744, 0.31784, -0.947508, -1.2e-05, 0.0, 0.0, 0.0, 1.0],
                [0.990862, 0.102216, 0.088008, 0.124994, 0.124714, -0.942815, -0.309106, -0.002831, 0.05138, 0.317257, -0.946947, -1.2e-05, 0.0, 0.0, 0.0, 1.0],
                [0.989584, 0.091285, 0.11131, 0.124994, 0.12151, -0.944292, -0.305855, -0.002831, 0.077189, 0.316195, -0.945549, -1.2e-05, 0.0, 0.0, 0.0, 1.0],
                [0.986473, 0.079781, 0.143198, 0.124994, 0.120252, -0.94588, -0.301415, -0.002831, 0.111401, 0.314557, -0.942679, -1.2e-05, 0.0, 0.0, 0.0, 1.0],
                [0.980799, 0.067828, 0.182848, 0.124994, 0.120688, -0.947573, -0.295871, -0.002831, 0.153193, 0.312257, -0.937564, -1.2e-05, 0.0, 0.0, 0.0, 1.0],
                [0.971758, 0.055562, 0.229348, 0.124994, 0.122557, -0.949365, -0.289283, -0.002831, 0.201661, 0.309221, -0.929363, -1.2e-05, 0.0, 0.0, 0.0, 1.0],
                [0.958539, 0.043136, 0.281677, 0.124994, 0.125588, -0.951247, -0.281701, -0.002831, 0.255793, 0.305397, -0.917225, -1.2e-05, 0.0, 0.0, 0.0, 1.0],
                [0.940394, 0.030708, 0.338698, 0.124994, 0.129516, -0.953204, -0.273179, -0.002831, 0.31446, 0.300763, -0.900365, -1.2e-05, 0.0, 0.0, 0.0, 1.0],
                [0.916697, 0.018443, 0.399158, 0.124994, 0.134078, -0.955217, -0.263786, -0.002831, 0.376418, 0.295331, -0.878117, -1.2e-05, 0.0, 0.0, 0.0, 1.0],
                [0.887003, 0.006498, 0.461718, 0.124994, 0.139029, -0.957262, -0.253615, -0.002831, 0.440337, 0.289149, -0.849997, -1.2e-05, 0.0, 0.0, 0.0, 1.0],
                [0.851093, -0.004982, 0.524992, 0.124994, 0.144144, -0.959311, -0.242784, -0.002831, 0.50484, 0.282306, -0.815745, -1.2e-05, 0.0, 0.0, 0.0, 1.0],
                [0.808995, -0.015878, 0.5876, 0.124994, 0.149234, -0.961335, -0.231439, -0.002831, 0.568555, 0.274924, -0.775346, -1.2e-05, 0.0, 0.0, 0.0, 1.0],
                [0.760995, -0.026102, 0.648232, 0.124994, 0.154148, -0.9633, -0.219752, -0.002831, 0.630178, 0.267154, -0.729043, -1.2e-05, 0.0, 0.0, 0.0, 1.0],
