{
    "animation": [
        {
            "name": "Root",
            "time": [0.0, 0.0167, 0.0333, 0.05, 0.0667, 0.0833, 0.1, 0.1167, 0.1333, 0.15, 0.1667, 0.1833, 0.2, 0.2167, 0.2333, 0.25, 0.2667, 0.2833, 0.3, 0.3167, 0.3333, 0.35, 0.3667, 0.3833, 0.4, 0.4167, 0.4333, 0.45, 0.4667, 0.4833, 0.5, 0.5167, 0.5333, 0.55, 0.5667, 0.5833, 0.6, 0.6167, 0.6333, 0.65, 0.6667, 0.6833, 0.7, 0.7167, 0.7333, 0.75, 0.7667, 0.7833, 0.8, 0.8167, 0.8333, 0.85, 0.8667, 0.8833, 0.9, 0.9167, 0.9333, 0.95, 0.9667, 0.9833, 1.0, 1.0167, 1.0333, 1.05, 1.0667, 1.0833, 1.1, 1.1167, 1.1333, 1.15, 1.1667, 1.1833, 1.2, 1.2167, 1.2333, 1.25, 1.2667, 1.2833, 1.3, 1.3167, 1.3333, 1.35, 1.3667, 1.3833, 1.4, 1.4167, 1.4333, 1.45, 1.4667, 1.4833, 1.5, 1.5167, 1.5333, 1.55, 1.5667, 1.5833, 1.6, 1.6167, 1.6333, 1.65, 1.6667, 1.6833, 1.7, 1.7167, 1.7333, 1.75, 1.7667, 1.7833, 1.8, 1.8167, 1.8333, 1.85, 1.8667, 1.8833, 1.9, 1.9167, 1.9333, 1.95, 1.9667, 1.9833, 2.0, 2.0167, 2.0333, 2.05, 2.0667, 2.0833, 2.1, 2.1167, 2.1333, 2.15, 2.1667, 2.1833, 2.2, 2.2167, 2.2333, 2.25, 2.2667, 2.2833, 2.3, 2.3167, 2.3333, 2.35, 2.3667, 2.3833, 2.4, 2.4167, 2.4333, 2.45, 2.4667, 2.4833, 2.5, 2.5167, 2.5333, 2.55, 2.5667, 2.5833, 2.6, 2.6167, 2.6333, 2.65, 2.6667, 2.6833, 2.7, 2.7167, 2.7333, 2.75, 2.7667, 2.7833, 2.8, 2.8167, 2.8333, 2.85, 2.8667, 2.8833, 2.9, 2.9167, 2.9333, 2.95, 2.9667, 2.9833, 3.0, 3.0167, 3.0333, 3.05, 3.0667, 3.0833, 3.1, 3.1167, 3.1333, 3.15, 3.1667, 3.1833, 3.2, 3.2167, 3.2333, 3.25, 3.2667, 3.2833, 3.3, 3.3167, 3.3333],
            "transform": [
                [0.819152, 0.0, 0.573576, -5e-06, 0.573576, 0.0, -0.819152, 0.000946, 0.0, 1.0, 0.0, 0.53472, 0.0, 0.0, 0.0, 1.0],
                [0.819702, 0.0, 0.57279, -5e-06, 0.57279, 0.0, -0.819702, 0.000969, 0.0, 1.0, 0.0, 0.53472, 0.0, 0.0, 0.0, 1.0],
                [0.821283, 0.0, 0.570521, -5e-06, 0.570521, 0.0, -0.821283, 0.001128, 0.0, 1.0, 0.0, 0.53472, 0.0, 0.0, 0.0, 1.0],
                [0.823785, 0.0, 0.566902, -5e-06, 0.566902, 0.0, -0.823785, 0.001561, 0.0, 1.0, 0.0, 0.53472, 0.0, 0.0, 0.0, 1.0],
                [0.827094, 0.0, 0.562063, -5e-06, 0.562063, 0.0, -0.827094, 0.002403, 0.0, 1.0, 0.0, 0.53472, 0.0, 0.0, 0.0, 1.0],
                [0.831094, 0.0, 0.556132, -5e-06, 0.556132, 0.0, -0.831094, 0.003791, 0.0, 1.0, 0.0, 0.53472, 0.0, 0.0, 0.0, 1.0],
                [0.835667, 0.0, 0.549236, -5e-06, 0.549236, 0.0, -0.835667, 0.005861, 0.0, 1.0, 0.0, 0.53472, 0.0, 0.0, 0.0, 1.0],
                [0.840697, 0.0, 0.541506, -5e-06, 0.541506, 0.0, -0.840697, 0.008751, 0.0, 1.0, 0.0, 0.53472, 0.0, 0.0, 0.0, 1.0],
                [0.84607, 0.0, 0.533072, -5e-06, 0.533072, 0.0, -0.84607, 0.012597, 0.0, 1.0, 0.0, 0.53472, 0.0, 0.0, 0.0, 1.0],
                [0.851675, 0.0, 0.52407, -5e-06, 0.52407, 0.0, -0.851675, 0.017535, 0.0, 1.0, 0.0, 0.53472, 0.0, 0.0, 0.0, 1.0],
                [0.857407, 0.0, 0.514639, -5e-06, 0.514639, 0.0, -0.857407, 0.023701, 0.0, 1.0, 0.0, 0.53472, 0.0, 0.0, 0.0, 1.0],
                [0.863166, 0.0, 0.504921, -5e-06, 0.504921, 0.0, -0.863166, 0.031233, 0.0, 1.0, 0.0, 0.53472, 0.0, 0.0, 0.0, 1.0],
                [0.868857, 0.0, 0.495063, -5e-06, 0.495063, 0.0, -0.868857, 0.040266, 0.0, 1.0, 0.0, 0.53472, 0.0, 0.0, 0.0, 1.0],
                [0.874394, 0.0, 0.485217, -5e-06, 0.485217, 0.0, -0.874394, 0.050938, 0.0, 1.0, 0.0, 0.53472, 0.0, 0.0, 0.0, 1.0],
                [0.879696, 0.0, 0.475537, -5e-06, 0.475537, 0.0, -0.879696, 0.063385, 0.0, 1.0, 0.0, 0.53472, 0.0, 0.0, 0.0, 1.0],
                [0.884689, 0.0, 0.466182, -5e-06, 0.466182, 0.0, -0.884689, 0.077743, 0.0, 1.0, 0.0, 0.53472, 0.0, 0.0, 0.0, 1.0],
                [0.889306, 0.0, 0.457312, -5e-06, 0.457312, 0.0, -0.889306, 0.094149, 0.0, 1.0, 0.0, 0.53472, 0.0, 0.0, 0.0, 1.0],
                [0.893486, 0.0, 0.449091, -5e-06, 0.449091, 0.0, -0.893486, 0.11274, 0.0, 1.0, 0.0, 0.53472, 0.0, 0.0, 0.0, 1.0],
                [0.897171, 0.0, 0.441682, -5e-06, 0.441682, 0.0, -0.897171, 0.133651, 0.0, 1.0, 0.0, 0.53472, 0.0, 0.0, 0.0, 1.0],
                [0.900308, 0.0, 0.435253, -5e-06, 0.435253, 0.0, -0.900308, 0.15702, 0.0, 1.0, 0.0, 0.53472, 0.0, 0.0, 0.0, 1.0],
                [0.902844, 0.0, 0.429968, -5e-06, 0.429968, 0.0, -0.902844, 0.182983, 0.0, 1.0, 0.0, 0.53472, 0.0, 0.0, 0.0, 1.0],
                [0.904727, 0.0, 0.425992, -5e-06, 0.425992, 0.0, -0.904727, 0.211677, 0.0, 1.0, 0.0, 0.53472, 0.0, 0.0, 0.0, 1.0],
                [0.905902, 0.0, 0.423488, -5e-06, 0.423488, 0.0, -0.905902, 0.243238, 0.0, 1.0, 0.0, 0.53472, 0.0, 0.0, 0.0, 1.0],
                [0.906308, 0.0, 0.422618, -5e-06, 0.422618, 0.0, -0.906308, 0.277802, 0.0, 1.0, 0.0, 0.53472, 0.0, 0.0, 0.0, 1.0],
                [0.903622, 0.0, 0.428331, -5e-06, 0.428331, 0.0, -0.903622, 0.336718, 0.0, 1.0, 0.0, 0.543335, 0.0, 0.0, 0.0, 1.0],
                [0.895901, 0.0, 0.444254, -5e-06, 0.444254, 0.0, -0.895901, 0.437366, 0.0, 1.0, 0.0, 0.565553, 0.0, 0.0, 0.0, 1.0],
                [0.883471, 0.0, 0.468487, -5e-06, 0.468487, 0.0, -0.883471, 0.573933, 0.0, 1.0, 0.0, 0.595932, 0.0, 0.0, 0.0, 1.0],
                [0.866573, 0.0, 0.499051, -5e-06, 0.499051, 0.0, -0.866573, 0.740602, 0.0, 1.0, 0.0, 0.629032, 0.0, 0.0, 0.0, 1.0],
                [0.845528, 0.0, 0.533932, -5e-06, 0.533932, 0.0, -0.845528, 0.931559, 0.0, 1.0, 0.0, 0.659411, 0.0, 0.0, 0.0, 1.0],
                [0.820855, 0.0, 0.571137, -5e-06, 0.571137, 0.0, -0.820855, 1.14099, 0.0, 1.0, 0.0, 0.681629, 0.0, 0.0, 0.0, 1.0],
                [0.793353, 0.0, 0.608761, -5e-06, 0.608761, 0.0, -0.793353, 1.363079, 0.0, 1.0, 0.0, 0.690244, 0.0, 0.0, 0.0, 1.0],
                [0.764129, 0.0, 0.645064, -5e-06, 0.645064, 0.0, -0.764129, 1.592012, 0.0, 1.0, 0.0, 0.681629, 0.0, 0.0, 0.0, 1.0],
                [0.734577, 0.0, 0.678525, -5e-06, 0.678525, 0.0, -0.734577, 1.821974, 0.0, 1.0, 0.0, 0.659411, 0.0, 0.0, 0.0, 1.0],
                [0.706331, 0.0, 0.707881, -5e-06, 0.707881, 0.0, -0.706331, 2.047151, 0.0, 1.0, 0.0, 0.629032, 0.0, 0.0, 0.0, 1.0],
                [0.681182, 0.0, 0.732114, -5e-06, 0.732114, 0.0, -0.681182, 2.261726, 0.0, 1.0, 0.0, 0.595932, 0.0, 0.0, 0.0, 1.0],
                [0.660993, 0.0, 0.750392, -5e-06, 0.750392, 0.0, -0.660993, 2.459888, 0.0, 1.0, 0.0, 0.565553, 0.0, 0.0, 0.0, 1.0],
                [0.64761, 0.0, 0.761972, -5e-06, 0.761972, 0.0, -0.64761, 2.635818, 0.0, 1.0, 0.0, 0.543335, 0.0, 0.0, 0.0, 1.0],
                [0.642788, 0.0, 0.766045, -5e-06, 0.766045, 0.0, -0.642788, 2.783705, 0.0, 1.0, 0.0, 0.53472, 0.0, 0.0, 0.0, 1.0],
                [0.642788, 0.0, 0.766045, -5e-06, 0.766045, 0.0, -0.642788, 2.897731, 0.0, 1.0, 0.0, 0.53472, 0.0, 0.0, 0.0, 1.0],
                [0.642788, 0.0, 0.766045, -5e-06, 0.766045, 0.0, -0.642788, 2.972083, 0.0, 1.0, 0.0, 0.53472, 0.0, 0.0, 0.0, 1.0],
                [0.642788, 0.0, 0.766045, -5e-06, 0.766045, 0.0, -0.642788, 3.000947, 0.0, 1.0, 0.0, 0.53472, 0.0, 0.0, 0.0, 1.0],
                [0.642788, 0.0, 0.766045, -5e-06, 0.766045, 0.0, -0.642788, 3.005049, 0.0, 1.0, 0.0, 0.53472, 0.0, 0.0, 0.0, 1.0],
                [0.642788, 0.0, 0.766045, -5e-06, 0.766045, 0.0, -0.642788, 3.008996, 0.0, 1.0, 0.0, 0.53472, 0.0, 0.0, 0.0, 1.0],
                [0.642788, 0.0, 0.766045, -5e-06, 0.766045, 0.0, -0.642788, 3.012792, 0.0, 1.0, 0.0, 0.53472, 0.0, 0.0, 0.0, 1.0],
                [0.642788, 0.0, 0.766045, -5e-06, 0.766045, 0.0, -0.642788, 3.016438, 0.0, 1.0, 0.0, 0.53472, 0.0, 0.0, 0.0, 1.0],
                [0.642788, 0.0, 0.766045, -5e-06, 0.766045, 0.0, -0.642788, 3.019939, 0.0, 1.0, 0.0, 0.53472, 0.0, 0.0, 0.0, 1.0],
                [0.642788, 0.0, 0.766045, -5e-06, 0.766045, 0.0, -0.642788, 3.023297, 0.0, 1.0, 0.0, 0.53472, 0.0, 0.0, 0.0, 1.0],
                [0.642788, 0.0, 0.766045, -5e-06, 0.766045, 0.0, -0.642788, 3.026516, 0.0, 1.0, 0.0, 0.53472, 0.0, 0.0, 0.0, 1.0],
                [0.642788, 0.0, 0.766045, -5e-06, 0.766045, 0.0, -0.642788, 3.029597, 0.0, 1.0, 0.0, 0.53472, 0.0, 0.0, 0.0, 1.0],
                [0.642788, 0.0, 0.766045, -5e-06, 0.766045, 0.0, -0.642788, 3.032544, 0.0, 1.0, 0.0, 0.53472, 0.0, 0.0, 0.0, 1.0],
                [0.642788, 0.0, 0.766045, -5e-06, 0.766045, 0.0, -0.642788, 3.03536, 0.0, 1.0, 0.0, 0.53472, 0.0, 0.0, 0.0, 1.0],
                [0.642788, 0.0, 0.766045, -5e-06, 0.766045, 0.0, -0.642788, 3.038049, 0.0, 1.0, 0.0, 0.53472, 0.0, 0.0, 0.0, 1.0],
                [0.642788, 0.0, 0.766045, -5e-06, 0.766045, 0.0, -0.642788, 3.040612, 0.0, 1.0, 0.0, 0.53472, 0.0, 0.0, 0.0, 1.0],
                [0.642788, 0.0, 0.766045, -5e-06, 0.766045, 0.0, -0.642788, 3.043053, 0.0, 1.0, 0.0, 0.53472, 0.0, 0.0, 0.0, 1.0],
                [0.642788, 0.0, 0.766045, -5e-06, 0.766045, 0.0, -0.642788, 3.045376, 0.0, 1.0, 0.0, 0.53472, 0.0, 0.0, 0.0, 1.0],
                [0.642788, 0.0, 0.766045, -5e-06, 0.766045, 0.0, -0.642788, 3.047582, 0.0, 1.0, 0.0, 0.53472, 0.0, 0.0, 0.0, 1.0],
                [0.642788, 0.0, 0.766045, -5e-06, 0.766045, 0.0, -0.642788, 3.049675, 0.0, 1.0, 0.0, 0.53472, 0.0, 0.0, 0.0, 1.0],
                [0.642788, 0.0, 0.766045, -5e-06, 0.766045, 0.0, -0.642788, 3.051657, 0.0, 1.0, 0.0, 0.53472, 0.0, 0.0, 0.0, 1.0],
                [0.642788, 0.0, 0.766045, -5e-06, 0.766045, 0.0, -0.642788, 3.053533, 0.0, 1.0, 0.0, 0.53472, 0.0, 0.0, 0.0, 1.0],
                [0.642788, 0.0, 0.766045, -5e-06, 0.766045, 0.0, -0.642788, 3.055305, 0.0, 1.0, 0.0, 0.53472, 0.0, 0.0, 0.0, 1.0],
                [0.642788, 0.0, 0.766045, -5e-06, 0.766045, 0.0, -0.642788, 3.056975, 0.0, 1.0, 0.0, 0.53472, 0.0, 0.0, 0.0, 1.0],
                [0.642788, 0.0, 0.766045, -5e-06, 0.766045, 0.0, -0.642788, 3.058547, 0.0, 1.0, 0.0, 0.53472, 0.0, 0.0, 0.0, 1.0],
                [0.642788, 0.0, 0.766045, -5e-06, 0.766045, 0.0, -0.642788, 3.060024, 0.0, 1.0, 0.0, 0.53472, 0.0, 0.0, 0.0, 1.0],
                [0.642788, 0.0, 0.766045, -5e-06, 0.766045, 0.0, -0.642788, 3.061409, 0.0, 1.0, 0.0, 0.53472, 0.0, 0.0, 0.0, 1.0],
                [0.642788, 0.0, 0.766045, -5e-06, 0.766045, 0.0, -0.642788, 3.062704, 0.0, 1.0, 0.0, 0.53472, 0.0, 0.0, 0.0, 1.0],
                [0.642788, 0.0, 0.766045, -5e-06, 0.766045, 0.0, -0.642788, 3.063913, 0.0, 1.0, 0.0, 0.53472, 0.0, 0.0, 0.0, 1.0],
                [0.642788, 0.0, 0.766045, -5e-06, 0.766045, 0.0, -0.642788, 3.065038, 0.0, 1.0, 0.0, 0.53472, 0.0, 0.0, 0.0, 1.0],
                [0.642788, 0.0, 0.766045, -5e-06, 0.766045, 0.0, -0.642788, 3.066084, 0.0, 1.0, 0.0, 0.53472, 0.0, 0.0, 0.0, 1.0],
                [0.642788, 0.0, 0.766045, -5e-06, 0.766045, 0.0, -0.642788, 3.067052, 0.0, 1.0, 0.0, 0.53472, 0.0, 0.0, 0.0, 1.0],
                [0.642788, 0.0, 0.766045, -5e-06, 0.766045, 0.0, -0.642788, 3.067945, 0.0, 1.0, 0.0, 0.53472, 0.0, 0.0, 0.0, 1.0],
                [0.642788, 0.0, 0.766045, -5e-06, 0.766045, 0.0, -0.642788, 3.068767, 0.0, 1.0, 0.0, 0.53472, 0.0, 0.0, 0.0, 1.0],
                [0.642788, 0.0, 0.766045, -5e-06, 0.766045, 0.0, -0.642788, 3.069521, 0.0, 1.0, 0.0, 0.53472, 0.0, 0.0, 0.0, 1.0],
                [0.642788, 0.0, 0.766045, -5e-06, 0.766045, 0.0, -0.642788, 3.070209, 0.0, 1.0, 0.0, 0.53472, 0.0, 0.0, 0.0, 1.0],
                [0.642788, 0.0, 0.766045, -5e-06, 0.766045, 0.0, -0.642788, 3.070834, 0.0, 1.0, 0.0, 0.53472, 0.0, 0.0, 0.0, 1.0],
                [0.642788, 0.0, 0.766045, -5e-06, 0.766045, 0.0, -0.642788, 3.0714, 0.0, 1.0, 0.0, 0.53472, 0.0, 0.0, 0.0, 1.0],
                [0.642788, 0.0, 0.766045, -5e-06, 0.766045, 0.0, -0.642788, 3.07191, 0.0, 1.0, 0.0, 0.53472, 0.0, 0.0, 0.0, 1.0],
                [0.642788, 0.0, 0.766045, -5e-06, 0.766045, 0.0, -0.642788, 3.072366, 0.0, 1.0, 0.0, 0.53472, 0.0, 0.0, 0.0, 1.0],
                [0.642788, 0.0, 0.766045, -5e-06, 0.766045, 0.0, -0.642788, 3.072771, 0.0, 1.0, 0.0, 0.53472, 0.0, 0.0, 0.0, 1.0],
                [0.642788, 0.0, 0.766045, -5e-06, 0.766045, 0.0, -0.642788, 3.073129, 0.0, 1.0, 0.0, 0.53472, 0.0, 0.0, 0.0, 1.0],
                [0.642788, 0.0, 0.766045, -5e-06, 0.766045, 0.0, -0.642788, 3.073442, 0.0, 1.0, 0.0, 0.53472, 0.0, 0.0, 0.0, 1.0],
                [0.642788, 0.0, 0.766045, -5e-06, 0.766045, 0.0, -0.642788, 3.073713, 0.0, 1.0, 0.0, 0.53472, 0.0, 0.0, 0.0, 1.0],
                [0.642788, 0.0, 0.766045, -5e-06, 0.766045, 0.0, -0.642788, 3.073946, 0.0, 1.0, 0.0, 0.53472, 0.0, 0.0, 0.0, 1.0],
                [0.642788, 0.0, 0.766045, -5e-06, 0.766045, 0.0, -0.642788, 3.074143, 0.0, 1.0, 0.0, 0.53472, 0.0, 0.0, 0.0, 1.0],
                [0.642788, 0.0, 0.766045, -5e-06, 0.766045, 0.0, -0.642788, 3.074307, 0.0, 1.0, 0.0, 0.53472, 0.0, 0.0, 0.0, 1.0],
                [0.642788, 0.0, 0.766045, -5e-06, 0.766045, 0.0, -0.642788, 3.074441, 0.0, 1.0, 0.0, 0.53472, 0.0, 0.0, 0.0, 1.0],
                [0.642788, 0.0, 0.766045, -5e-06, 0.766045, 0.0, -0.642788, 3.074549, 0.0, 1.0, 0.0, 0.53472, 0.0, 0.0, 0.0, 1.0],
                [0.642788, 0.0, 0.766045, -5e-06, 0.766045, 0.0, -0.642788, 3.074633, 0.0, 1.0, 0.0, 0.53472, 0.0, 0.0, 0.0, 1.0],
                [0.642788, 0.0, 0.766045, -5e-06, 0.766045, 0.0, -0.642788, 3.074696, 0.0, 1.0, 0.0, 0.53472, 0.0, 0.0, 0.0, 1.0],
                [0.642788, 0.0, 0.766045, -5e-06, 0.766045, 0.0, -0.642788, 3.074741, 0.0, 1.0, 0.0, 0.53472, 0.0, 0.0, 0.0, 1.0],
                [0.642788, 0.0, 0.766045, -5e-06, 0.766045, 0.0, -0.642788, 3.074771, 0.0, 1.0, 0.0, 0.53472, 0.0, 0.0, 0.0, 1.0],
                [0.642788, 0.0, 0.766045, -5e-06, 0.766045, 0.0, -0.642788, 3.07479, 0.0, 1.0, 0.0, 0.53472, 0.0, 0.0, 0.0, 1.0],
                [0.642788, 0.0, 0.766045, -5e-06, 0.766045, 0.0, -0.642788, 3.074799, 0.0, 1.0, 0.0, 0.53472, 0.0, 0.0, 0.0, 1.0],
                [0.642788, 0.0, 0.766045, -5e-06, 0.766045, 0.0, -0.642788, 3.074802, 0.0, 1.0, 0.0, 0.53472, 0.0, 0.0, 0.0, 1.0],
                [0.642788, 0.0, 0.766045, -5e-06, 0.766045, 0.0, -0.642788, 3.074803, 0.0, 1.0, 0.0, 0.53472, 0.0, 0.0, 0.0, 1.0],
                [0.642788, 0.0, 0.766045, -5e-06, 0.766045, 0.0, -0.642788, 3.074803, 0.0, 1.0, 0.0, 0.53472, 0.0, 0.0, 0.0, 1.0],
                [0.642788, 0.0, 0.766045, -5e-06, 0.766045, 0.0, -0.642788, 3.074801, 0.0, 1.0, 0.0, 0.53472, 0.0, 0.0, 0.0, 1.0],
                [0.642788, 0.0, 0.766045, -5e-06, 0.766045, 0.0, -0.642788, 3.074797, 0.0, 1.0, 0.0, 0.53472, 0.0, 0.0, 0.0, 1.0],
                [0.642788, 0.0, 0.766045, -5e-06, 0.766045, 0.0, -0.642788, 3.074789, 0.0, 1.0, 0.0, 0.53472, 0.0, 0.0, 0.0, 1.0],
                [0.642788, 0.0, 0.766045, -5e-06, 0.766045, 0.0, -0.642788, 3.074775, 0.0, 1.0, 0.0, 0.53472, 0.0, 0.0, 0.0, 1.0],
                [0.642788, 0.0, 0.766045, -5e-06, 0.766045, 0.0, -0.642788, 3.074754, 0.0, 1.0, 0.0, 0.53472, 0.0, 0.0, 0.0, 1.0],
                [0.642788, 0.0, 0.766045, -5e-06, 0.766045, 0.0, -0.642788, 3.074726, 0.0, 1.0, 0.0, 0.53472, 0.0, 0.0, 0.0, 1.0],
                [0.642788, 0.0, 0.766045, -5e-06, 0.766045, 0.0, -0.642788, 3.074688, 0.0, 1.0, 0.0, 0.53472, 0.0, 0.0, 0.0, 1.0],
                [0.642788, 0.0, 0.766045, -5e-06, 0.766045, 0.0, -0.642788, 3.074639, 0.0, 1.0, 0.0, 0.53472, 0.0, 0.0, 0.0, 1.0],
                [0.642788, 0.0, 0.766045, -5e-06, 0.766045, 0.0, -0.642788, 3.074578, 0.0, 1.0, 0.0, 0.53472, 0.0, 0.0, 0.0, 1.0],
                [0.642788, 0.0, 0.766045, -5e-06, 0.766045, 0.0, -0.642788, 3.074504, 0.0, 1.0, 0.0, 0.53472, 0.0, 0.0, 0.0, 1.0],
                [0.642788, 0.0, 0.766045, -5e-06, 0.766045, 0.0, -0.642788, 3.074415, 0.0, 1.0, 0.0, 0.53472, 0.0, 0.0, 0.0, 1.0],
                [0.642788, 0.0, 0.766045, -5e-06, 0.766045, 0.0, -0.642788, 3.074309, 0.0, 1.0, 0.0, 0.53472, 0.0, 0.0, 0.0, 1.0],
                [0.642788, 0.0, 0.766045, -5e-06, 0.766045, 0.0, -0.642788, 3.074186, 0.0, 1.0, 0.0, 0.53472, 0.0, 0.0, 0.0, 1.0],
                [0.642788, 0.0, 0.766045, -5e-06, 0.766045, 0.0, -0.642788, 3.074044, 0.0, 1.0, 0.0, 0.53472, 0.0, 0.0, 0.0, 1.0],
                [0.642788, 0.0, 0.766045, -5e-06, 0.766045, 0.0, -0.642788, 3.073882, 0.0, 1.0, 0.0, 0.53472, 0.0, 0.0, 0.0, 1.0],
                [0.642788, 0.0, 0.766045, -5e-06, 0.766045, 0.0, -0.642788, 3.073699, 0.0, 1.0, 0.0, 0.53472, 0.0, 0.0, 0.0, 1.0],
                [0.642788, 0.0, 0.766045, -5e-06, 0.766045, 0.0, -0.642788, 3.073492, 0.0, 1.0, 0.0, 0.53472, 0.0, 0.0, 0.0, 1.0],
                [0.642788, 0.0, 0.766045, -5e-06, 0.766045, 0.0, -0.642788, 3.073261, 0.0, 1.0, 0.0, 0.53472, 0.0, 0.0, 0.0, 1.0],
                [0.642788, 0.0, 0.766045, -5e-06, 0.766045, 0.0, -0.642788, 3.073004, 0.0, 1.0, 0.0, 0.53472, 0.0, 0.0, 0.0, 1.0],
                [0.642788, 0.0, 0.766045, -5e-06, 0.766045, 0.0, -0.642788, 3.072721, 0.0, 1.0, 0.0, 0.53472, 0.0, 0.0, 0.0, 1.0],
                [0.642788, 0.0, 0.766045, -5e-06, 0.766045, 0.0, -0.642788, 3.072409, 0.0, 1.0, 0.0, 0.53472, 0.0, 0.0, 0.0, 1.0],
                [0.642788, 0.0, 0.766045, -5e-06, 0.766045, 0.0, -0.642788, 3.072068, 0.0, 1.0, 0.0, 0.53472, 0.0, 0.0, 0.0, 1.0],
                [0.642788, 0.0, 0.766045, -5e-06, 0.766045, 0.0, -0.642788, 3.071695, 0.0, 1.0, 0.0, 0.53472, 0.0, 0.0, 0.0, 1.0],
                [0.642788, 0.0, 0.766045, -5e-06, 0.766045, 0.0, -0.642788, 3.07129, 0.0, 1.0, 0.0, 0.53472, 0.0, 0.0, 0.0, 1.0],
                [0.642788, 0.0, 0.766045, -5e-06, 0.766045, 0.0, -0.642788, 3.070852, 0.0, 1.0, 0.0, 0.53472, 0.0, 0.0, 0.0, 1.0],
                [0.642788, 0.0, 0.766045, -5e-06, 0.766045, 0.0, -0.642788, 3.070378, 0.0, 1.0, 0.0, 0.53472, 0.0, 0.0, 0.0, 1.0],
                [0.642788, 0.0, 0.766045, -5e-06, 0.766045, 0.0, -0.642788, 3.069868, 0.0, 1.0, 0.0, 0.53472, 0.0, 0.0, 0.0, 1.0],
                [0.642788, 0.0, 0.766045, -5e-06, 0.766045, 0.0, -0.642788, 3.06932, 0.0, 1.0, 0.0, 0.53472, 0.0, 0.0, 0.0, 1.0],
                [0.642788, 0.0, 0.766045, -5e-06, 0.766045, 0.0, -0.642788, 3.068733, 0.0, 1.0, 0.0, 0.53472, 0.0, 0.0, 0.0, 1.0],
                [0.642788, 0.0, 0.766045, -5e-06, 0.766045, 0.0, -0.642788, 3.068105, 0.0, 1.0, 0.0, 0.53472, 0.0, 0.0, 0.0, 1.0],
                [0.642788, 0.0, 0.766045, -5e-06, 0.766045, 0.0, -0.642788, 3.067436, 0.0, 1.0, 0.0, 0.53472, 0.0, 0.0, 0.0, 1.0],
                [0.642788, 0.0, 0.766045, -5e-06, 0.766045, 0.0, -0.642788, 3.066724, 0.0, 1.0, 0.0, 0.53472, 0.0, 0.0, 0.0, 1.0],
                [0.642788, 0.0, 0.766045, -5e-06, 0.766045, 0.0, -0.642788, 3.065967, 0.0, 1.0, 0.0, 0.53472, 0.0, 0.0, 0.0, 1.0],
                [0.642788, 0.0, 0.766045, -5e-06, 0.766045, 0.0, -0.642788, 3.065164, 0.0, 1.0, 0.0, 0.53472, 0.0, 0.0, 0.0, 1.0],
                [0.642788, 0.0, 0.766045, -5e-06, 0.766045, 0.0, -0.642788, 3.064314, 0.0, 1.0, 0.0, 0.53472, 0.0, 0.0, 0.0, 1.0],
                [0.642788, 0.0, 0.766045, -5e-06, 0.766045, 0.0, -0.642788, 3.063415, 0.0, 1.0, 0.0, 0.53472, 0.0, 0.0, 0.0, 1.0],
                [0.642788, 0.0, 0.766045, -5e-06, 0.766045, 0.0, -0.642788, 3.062467, 0.0, 1.0, 0.0, 0.53472, 0.0, 0.0, 0.0, 1.0],
                [0.642788, 0.0, 0.766045, -5e-06, 0.766045, 0.0, -0.642788, 3.061467, 0.0, 1.0, 0.0, 0.53472, 0.0, 0.0, 0.0, 1.0],
                [0.642788, 0.0, 0.766045, -5e-06, 0.766045, 0.0, -0.642788, 3.060414, 0.0, 1.0, 0.0, 0.53472, 0.0, 0.0, 0.0, 1.0],
                [0.642788, 0.0, 0.766045, -5e-06, 0.766045, 0.0, -0.642788, 3.059308, 0.0, 1.0, 0.0, 0.53472, 0.0, 0.0, 0.0, 1.0],
                [0.642788, 0.0, 0.766045, -5e-06, 0.766045, 0.0, -0.642788, 3.058146, 0.0, 1.0, 0.0, 0.53472, 0.0, 0.0, 0.0, 1.0],
                [0.642788, 0.0, 0.766045, -5e-06, 0.766045, 0.0, -0.642788, 3.056928, 0.0, 1.0, 0.0, 0.53472, 0.0, 0.0, 0.0, 1.0],
                [0.642788, 0.0, 0.766045, -5e-06, 0.766045, 0.0, -0.642788, 3.055652, 0.0, 1.0, 0.0, 0.53472, 0.0, 0.0, 0.0, 1.0],
                [0.642788, 0.0, 0.766045, -5e-06, 0.766045, 0.0, -0.642788, 3.054316, 0.0, 1.0, 0.0, 0.53472, 0.0, 0.0, 0.0, 1.0],
                [0.642788, 0.0, 0.766045, -5e-06, 0.766045, 0.0, -0.642788, 3.05292, 0.0, 1.0, 0.0, 0.53472, 0.0, 0.0, 0.0, 1.0],
                [0.642788, 0.0, 0.766045, -5e-06, 0.766045, 0.0, -0.642788, 3.051461, 0.0, 1.0, 0.0, 0.53472, 0.0, 0.0, 0.0, 1.0],
                [0.642788, 0.0, 0.766045, -5e-06, 0.766045, 0.0, -0.642788, 3.049939, 0.0, 1.0, 0.0, 0.53472, 0.0, 0.0, 0.0, 1.0],
                [0.642788, 0.0, 0.766045, -5e-06, 0.766045, 0.0, -0.642788, 3.048353, 0.0, 1.0, 0.0, 0.53472, 0.0, 0.0, 0.0, 1.0],
                [0.642788, 0.0, 0.766045, -5e-06, 0.766045, 0.0, -0.642788, 3.0467, 0.0, 1.0, 0.0, 0.53472, 0.0, 0.0, 0.0, 1.0],
                [0.642788, 0.0, 0.766045, -5e-06, 0.766045, 0.0, -0.642788, 3.04498, 0.0, 1.0, 0.0, 0.53472, 0.0, 0.0, 0.0, 1.0],
                [0.642788, 0.0, 0.766045, -5e-06, 0.766045, 0.0, -0.642788, 3.043191, 0.0, 1.0, 0.0, 0.53472, 0.0, 0.0, 0.0, 1.0],
                [0.642788, 0.0, 0.766045, -5e-06, 0.766045, 0.0, -0.642788, 3.041332, 0.0, 1.0, 0.0, 0.53472, 0.0, 0.0, 0.0, 1.0],
                [0.642788, 0.0, 0.766045, -5e-06, 0.766045, 0.0, -0.642788, 3.039402, 0.0, 1.0, 0.0, 0.53472, 0.0, 0.0, 0.0, 1.0],
                [0.642788, 0.0, 0.766045, -5e-06, 0.766045, 0.0, -0.642788, 3.037398, 0.0, 1.0, 0.0, 0.53472, 0.0, 0.0, 0.0, 1.0],
                [0.642788, 0.0, 0.766045, -5e-06, 0.766045, 0.0, -0.642788, 3.035321, 0.0, 1.0, 0.0, 0.53472, 0.0, 0.0, 0.0, 1.0],
                [0.642788, 0.0, 0.766045, -5e-06, 0.766045, 0.0, -0.642788, 3.033167, 0.0, 1.0, 0.0, 0.53472, 0.0, 0.0, 0.0, 1.0],
                [0.642788, 0.0, 0.766045, -5e-06, 0.766045, 0.0, -0.642788, 3.030937, 0.0, 1.0, 0.0, 0.53472, 0.0, 0.0, 0.0, 1.0],
                [0.642788, 0.0, 0.766045, -5e-06, 0.766045, 0.0, -0.642788, 3.028629, 0.0, 1.0, 0.0, 0.53472, 0.0, 0.0, 0.0, 1.0],
                [0.642788, 0.0, 0.766045, -5e-06, 0.766045, 0.0, -0.642788, 3.026241, 0.0, 1.0, 0.0, 0.53472, 0.0, 0.0, 0.0, 1.0],
                [0.642788, 0.0, 0.766045, -5e-06, 0.766045, 0.0, -0.642788, 3.023772, 0.0, 1.0, 0.0, 0.53472, 0.0, 0.0, 0.0, 1.0],
                [0.642788, 0.0, 0.766045, -5e-06, 0.766045, 0.0, -0.642788, 3.021221, 0.0, 1.0, 0.0, 0.53472, 0.0, 0.0, 0.0, 1.0],
                [0.642788, 0.0, 0.766045, -5e-06, 0.766045, 0.0, -0.642788, 3.018587, 0.0, 1.0, 0.0, 0.53472, 0.0, 0.0, 0.0, 1.0],
                [0.642788, 0.0, 0.766045, -5e-06, 0.766045, 0.0, -0.642788, 3.015867, 0.0, 1.0, 0.0, 0.53472, 0.0, 0.0, 0.0, 1.0],
                [0.642788, 0.0, 0.766045, -5e-06, 0.766045, 0.0, -0.642788, 3.013061, 0.0, 1.0, 0.0, 0.53472, 0.0, 0.0, 0.0, 1.0],
                [0.642788, 0.0, 0.766045, -5e-06, 0.766045, 0.0, -0.642788, 3.010167, 0.0, 1.0, 0.0, 0.53472, 0.0, 0.0, 0.0, 1.0],
                [0.642788, 0.0, 0.766045, -5e-06, 0.766045, 0.0, -0.642788, 3.007185, 0.0, 1.0, 0.0, 0.53472, 0.0, 0.0, 0.0, 1.0],
                [0.642788, 0.0, 0.766045, -5e-06, 0.766045, 0.0, -0.642788, 3.004111, 0.0, 1.0, 0.0, 0.53472, 0.0, 0.0, 0.0, 1.0],
                [0.642788, 0.0, 0.766045, -5e-06, 0.766045, 0.0, -0.642788, 3.000947, 0.0, 1.0, 0.0, 0.53472, 0.0, 0.0, 0.0, 1.0],
                [0.643218, 0.0, 0.765683, -5e-06, 0.765683, 0.0, -0.643218, 2.995011, 0.0, 1.0, 0.0, 0.535213, 0.0, 0.0, 0.0, 1.0],
                [0.644476, 0.0, 0.764625, -5e-06, 0.764625, 0.0, -0.644476, 2.983831, 0.0, 1.0, 0.0, 0.536657, 0.0, 0.0, 0.0, 1.0],
                [0.646511, 0.0, 0.762904, -5e-06, 0.762904, 0.0, -0.646511, 2.96771, 0.0, 1.0, 0.0, 0.538997, 0.0, 0.0, 0.0, 1.0],
                [0.649273, 0.0, 0.760556, -5e-06, 0.760556, 0.0, -0.649273, 2.946954, 0.0, 1.0, 0.0, 0.542179, 0.0, 0.0, 0.0, 1.0],
                [0.652706, 0.0, 0.757611, -5e-06, 0.757611, 0.0, -0.652706, 2.921866, 0.0, 1.0, 0.0, 0.546148, 0.0, 0.0, 0.0, 1.0],
                [0.656757, 0.0, 0.754102, -5e-06, 0.754102, 0.0, -0.656757, 2.892753, 0.0, 1.0, 0.0, 0.55085, 0.0, 0.0, 0.0, 1.0],
                [0.661372, 0.0, 0.750058, -5e-06, 0.750058, 0.0, -0.661372, 2.859917, 0.0, 1.0, 0.0, 0.556232, 0.0, 0.0, 0.0, 1.0],
                [0.666494, 0.0, 0.74551, -5e-06, 0.74551, 0.0, -0.666494, 2.823664, 0.0, 1.0, 0.0, 0.562238, 0.0, 0.0, 0.0, 1.0],
                [0.672069, 0.0, 0.740488, -5e-06, 0.740488, 0.0, -0.672069, 2.7843, 0.0, 1.0, 0.0, 0.568814, 0.0, 0.0, 0.0, 1.0],
                [0.678041, 0.0, 0.735024, -5e-06, 0.735024, 0.0, -0.678041, 2.742127, 0.0, 1.0, 0.0, 0.575906, 0.0, 0.0, 0.0, 1.0],
                [0.684355, 0.0, 0.729149, -5e-06, 0.729149, 0.0, -0.684355, 2.697452, 0.0, 1.0, 0.0, 0.58346, 0.0, 0.0, 0.0, 1.0],
                [0.690957, 0.0, 0.722896, -5e-06, 0.722896, 0.0, -0.690957, 2.650578, 0.0, 1.0, 0.0, 0.591421, 0.0, 0.0, 0.0, 1.0],
                [0.697793, 0.0, 0.7163, -5e-06, 0.7163, 0.0, -0.697793, 2.60181, 0.0, 1.0, 0.0, 0.599735, 0.0, 0.0, 0.0, 1.0],
                [0.704809, 0.0, 0.709397, -5e-06, 0.709397, 0.0, -0.704809, 2.551454, 0.0, 1.0, 0.0, 0.608348, 0.0, 0.0, 0.0, 1.0],
                [0.711955, 0.0, 0.702225, -5e-06, 0.702225, 0.0, -0.711955, 2.499814, 0.0, 1.0, 0.0, 0.617205, 0.0, 0.0, 0.0, 1.0],
                [0.719181, 0.0, 0.694822, -5e-06, 0.694822, 0.0, -0.719181, 2.447193, 0.0, 1.0, 0.0, 0.626252, 0.0, 0.0, 0.0, 1.0],
                [0.726437, 0.0, 0.687232, -5e-06, 0.687232, 0.0, -0.726437, 2.393899, 0.0, 1.0, 0.0, 0.635435, 0.0, 0.0, 0.0, 1.0],
                [0.733678, 0.0, 0.679498, -5e-06, 0.679498, 0.0, -0.733678, 2.340233, 0.0, 1.0, 0.0, 0.6447, 0.0, 0.0, 0.0, 1.0],
                [0.740856, 0.0, 0.671663, -5e-06, 0.671663, 0.0, -0.740856, 2.286502, 0.0, 1.0, 0.0, 0.653992, 0.0, 0.0, 0.0, 1.0],
                [0.747931, 0.0, 0.663777, -5e-06, 0.663777, 0.0, -0.747931, 2.233011, 0.0, 1.0, 0.0, 0.663256, 0.0, 0.0, 0.0, 1.0],
                [0.754859, 0.0, 0.655887, -5e-06, 0.655887, 0.0, -0.754859, 2.180063, 0.0, 1.0, 0.0, 0.672439, 0.0, 0.0, 0.0, 1.0],
                [0.761603, 0.0, 0.648043, -5e-06, 0.648043, 0.0, -0.761603, 2.127963, 0.0, 1.0, 0.0, 0.681487, 0.0, 0.0, 0.0, 1.0],
                [0.768126, 0.0, 0.640299, -5e-06, 0.640299, 0.0, -0.768126, 2.077017, 0.0, 1.0, 0.0, 0.690344, 0.0, 0.0, 0.0, 1.0],
                [0.774391, 0.0, 0.632708, -5e-06, 0.632708, 0.0, -0.774391, 2.027529, 0.0, 1.0, 0.0, 0.698957, 0.0, 0.0, 0.0, 1.0],
                [0.780366, 0.0, 0.625323, -5e-06, 0.625323, 0.0, -0.780366, 1.979803, 0.0, 1.0, 0.0, 0.707271, 0.0, 0.0, 0.0, 1.0],
                [0.78602, 0.0, 0.618202, -5e-06, 0.618202, 0.0, -0.78602, 1.934144, 0.0, 1.0, 0.0, 0.715232, 0.0, 0.0, 0.0, 1.0],
                [0.791322, 0.0, 0.611399, -5e-06, 0.611399, 0.0, -0.791322, 1.890857, 0.0, 1.0, 0.0, 0.722786, 0.0, 0.0, 0.0, 1.0],
                [0.796245, 0.0, 0.604974, -5e-06, 0.604974, 0.0, -0.796245, 1.850247, 0.0, 1.0, 0.0, 0.729878, 0.0, 0.0, 0.0, 1.0],
                [0.800762, 0.0, 0.598982, -5e-06, 0.598982, 0.0, -0.800762, 1.812618, 0.0, 1.0, 0.0, 0.736454, 0.0, 0.0, 0.0, 1.0],
                [0.804847, 0.0, 0.593483, -5e-06, 0.593483, 0.0, -0.804847, 1.778275, 0.0, 1.0, 0.0, 0.74246, 0.0, 0.0, 0.0, 1.0],
                [0.808473, 0.0, 0.588534, -5e-06, 0.588534, 0.0, -0.808473, 1.747522, 0.0, 1.0, 0.0, 0.747841, 0.0, 0.0, 0.0, 1.0],
                [0.811616, 0.0, 0.584192, -5e-06, 0.584192, 0.0, -0.811616, 1.720665, 0.0, 1.0, 0.0, 0.752544, 0.0, 0.0, 0.0, 1.0],
                [0.81425, 0.0, 0.580515, -5e-06, 0.580515, 0.0, -0.81425, 1.698007, 0.0, 1.0, 0.0, 0.756513, 0.0, 0.0, 0.0, 1.0],
                [0.816348, 0.0, 0.57756, -5e-06, 0.57756, 0.0, -0.816348, 1.679855, 0.0, 1.0, 0.0, 0.759695, 0.0, 0.0, 0.0, 1.0],
                [0.817885, 0.0, 0.575382, -5e-06, 0.575382, 0.0, -0.817885, 1.666511, 0.0, 1.0, 0.0, 0.762034, 0.0, 0.0, 0.0, 1.0],
                [0.81883, 0.0, 0.574036, -5e-06, 0.574036, 0.0, -0.81883, 1.658281, 0.0, 1.0, 0.0, 0.763478, 0.0, 0.0, 0.0, 1.0],
                [0.819152, 0.0, 0.573576, -5e-06, 0.573576, 0.0, -0.819152, 1.65547, 0.0, 1.0, 0.0, 0.763972, 0.0, 0.0, 0.0, 1.0],
                [0.819152, 0.0, 0.573576, -5e-06, 0.573576, 0.0, -0.819152, 1.65547, 0.0, 1.0, 0.0, 0.763972, 0.0, 0.0, 0.0, 1.0]
            ]
        },
        {
            "name": "Thigh_R",
            "time": [0.0, 0.0167, 0.0333, 0.05, 0.0667, 0.0833, 0.1, 0.1167, 0.1333, 0.15, 0.1667, 0.1833, 0.2, 0.2167, 0.2333, 0.25, 0.2667, 0.2833, 0.3, 0.3167, 0.3333, 0.35, 0.3667, 0.3833, 0.4, 0.4167, 0.4333, 0.45, 0.4667, 0.4833, 0.5, 0.5167, 0.5333, 0.55, 0.5667, 0.5833, 0.6, 0.6167, 0.6333, 0.65, 0.6667, 0.6833, 0.7, 0.7167, 0.7333, 0.75, 0.7667, 0.7833, 0.8, 0.8167, 0.8333, 0.85, 0.8667, 0.8833, 0.9, 0.9167, 0.9333, 0.95, 0.9667, 0.9833, 1.0, 1.0167, 1.0333, 1.05, 1.0667, 1.0833, 1.1, 1.1167, 1.1333, 1.15, 1.1667, 1.1833, 1.2, 1.2167, 1.2333, 1.25, 1.2667, 1.2833, 1.3, 1.3167, 1.3333, 1.35, 1.3667, 1.3833, 1.4, 1.4167, 1.4333, 1.45, 1.4667, 1.4833, 1.5, 1.5167, 1.5333, 1.55, 1.5667, 1.5833, 1.6, 1.6167, 1.6333, 1.65, 1.6667, 1.6833, 1.7, 1.7167, 1.7333, 1.75, 1.7667, 1.7833, 1.8, 1.8167, 1.8333, 1.85, 1.8667, 1.8833, 1.9, 1.9167, 1.9333, 1.95, 1.9667, 1.9833, 2.0, 2.0167, 2.0333, 2.05, 2.0667, 2.0833, 2.1, 2.1167, 2.1333, 2.15, 2.1667, 2.1833, 2.2, 2.2167, 2.2333, 2.25, 2.2667, 2.2833, 2.3, 2.3167, 2.3333, 2.35, 2.3667, 2.3833, 2.4, 2.4167, 2.4333, 2.45, 2.4667, 2.4833, 2.5, 2.5167, 2.5333, 2.55, 2.5667, 2.5833, 2.6, 2.6167, 2.6333, 2.65, 2.6667, 2.6833, 2.7, 2.7167, 2.7333, 2.75, 2.7667, 2.7833, 2.8, 2.8167, 2.8333, 2.85, 2.8667, 2.8833, 2.9, 2.9167, 2.9333, 2.95, 2.9667, 2.9833, 3.0, 3.0167, 3.0333, 3.05, 3.0667, 3.0833, 3.1, 3.1167, 3.1333, 3.15, 3.1667, 3.1833, 3.2, 3.2167, 3.2333, 3.25, 3.2667, 3.2833, 3.3, 3.3167, 3.3333],
            "transform": [
                [0.585321, -0.28197, 0.760193, 0.124994, 0.218633, -0.847962, -0.482865, -0.002831, 0.780768, 0.448835, -0.434682, -1.2e-05, 0.0, 0.0, 0.0, 1.0],
                [0.58532, -0.281966, 0.760194, 0.124994, 0.218633, -0.847966, -0.48286, -0.002831, 0.780769, 0.448831, -0.434684, -1.2e-05, 0.0, 0.0, 0.0, 1.0],
                [0.585316, -0.281934, 0.760209, 0.124994, 0.218632, -0.847988, -0.482822, -0.002831, 0.780772, 0.448809, -0.434701, -1.2e-05, 0.0, 0.0, 0.0, 1.0],
                [0.585305, -0.281849, 0.760249, 0.124994, 0.218628, -0.848048, -0.482718, -0.002831, 0.780781, 0.448749, -0.434747, -1.2e-05, 0.0, 0.0, 0.0, 1.0],
                [0.585285, -0.281684, 0.760326, 0.124994, 0.21862, -0.848165, -0.482515, -0.002831, 0.780799, 0.448631, -0.434837, -1.2e-05, 0.0, 0.0, 0.0, 1.0],
                [0.585251, -0.28141, 0.760454, 0.124994, 0.218607, -0.848358, -0.482181, -0.002831, 0.780828, 0.448437, -0.434984, -1.2e-05, 0.0, 0.0, 0.0, 1.0],
                [0.585199, -0.281003, 0.760644, 0.124994, 0.218588, -0.848646, -0.481683, -0.002831, 0.780872, 0.448148, -0.435204, -1.2e-05, 0.0, 0.0, 0.0, 1.0],
                [0.585128, -0.280433, 0.760909, 0.124994, 0.218561, -0.849048, -0.480987, -0.002831, 0.780933, 0.447744, -0.43551, -1.2e-05, 0.0, 0.0, 0.0, 1.0],
                [0.585033, -0.279675, 0.761261, 0.124994, 0.218525, -0.849582, -0.48006, -0.002831, 0.781014, 0.447205, -0.435918, -1.2e-05, 0.0, 0.0, 0.0, 1.0],
                [0.584912, -0.2787, 0.761712, 0.124994, 0.218478, -0.850266, -0.478868, -0.002831, 0.781118, 0.446513, -0.436441, -1.2e-05, 0.0, 0.0, 0.0, 1.0],
                [0.58476, -0.277481, 0.762273, 0.124994, 0.21842, -0.851119, -0.477378, -0.002831, 0.781248, 0.445647, -0.437093, -1.2e-05, 0.0, 0.0, 0.0, 1.0],
                [0.584574, -0.27599, 0.762957, 0.124994, 0.218348, -0.852157, -0.475554, -0.002831, 0.781407, 0.444587, -0.437887, -1.2e-05, 0.0, 0.0, 0.0, 1.0],
                [0.584351, -0.274198, 0.763773, 0.124994, 0.218261, -0.853399, -0.473362, -0.002831, 0.781598, 0.443312, -0.438838, -1.2e-05, 0.0, 0.0, 0.0, 1.0],
                [0.584088, -0.272076, 0.764733, 0.124994, 0.218157, -0.854861, -0.470766, -0.002831, 0.781824, 0.441801, -0.439959, -1.2e-05, 0.0, 0.0, 0.0, 1.0],
                [0.583781, -0.269594, 0.765845, 0.124994, 0.218035, -0.856558, -0.467728, -0.002831, 0.782087, 0.440032, -0.441262, -1.2e-05, 0.0, 0.0, 0.0, 1.0],
                [0.583427, -0.266722, 0.76712, 0.124994, 0.217891, -0.858505, -0.464211, -0.002831, 0.782391, 0.437982, -0.442759, -1.2e-05, 0.0, 0.0, 0.0, 1.0],
                [0.583023, -0.263428, 0.768564, 0.124994, 0.217725, -0.860716, -0.460177, -0.002831, 0.782739, 0.435629, -0.444463, -1.2e-05, 0.0, 0.0, 0.0, 1.0],
                [0.582565, -0.25968, 0.770185, 0.124994, 0.217533, -0.863204, -0.455585, -0.002831, 0.783133, 0.432949, -0.446383, -1.2e-05, 0.0, 0.0, 0.0, 1.0],
                [0.582049, -0.255446, 0.771988, 0.124994, 0.217313, -0.86598, -0.450393, -0.002831, 0.783577, 0.429914, -0.448531, -1.2e-05, 0.0, 0.0, 0.0, 1.0],
                [0.581474, -0.25069, 0.773979, 0.124994, 0.217062, -0.869052, -0.444558, -0.002831, 0.784074, 0.426501, -0.450916, -1.2e-05, 0.0, 0.0, 0.0, 1.0],
                [0.580834, -0.245376, 0.776159, 0.124994, 0.216777, -0.872429, -0.438035, -0.002831, 0.784627, 0.422679, -0.453545, -1.2e-05, 0.0, 0.0, 0.0, 1.0],
                [0.580128, -0.239468, 0.778528, 0.124994, 0.216453, -0.876116, -0.430777, -0.002831, 0.785238, 0.418421, -0.456426, -1.2e-05, 0.0, 0.0, 0.0, 1.0],
                [0.578183, -0.222974, 0.784849, 0.124994, 0.215515, -0.886033, -0.410486, -0.002831, 0.786929, 0.406483, -0.464235, -1.2e-05, 0.0, 0.0, 0.0, 1.0],
                [0.574061, -0.186939, 0.797188, 0.124994, 0.213296, -0.905836, -0.366013, -0.002831, 0.790543, 0.380151, -0.480132, -1.2e-05, 0.0, 0.0, 0.0, 1.0],
                [0.568155, -0.132525, 0.81218, 0.124994, 0.209525, -0.931125, -0.298505, -0.002831, 0.795801, 0.339769, -0.501256, -1.2e-05, 0.0, 0.0, 0.0, 1.0],
                [0.560946, -0.061043, 0.825598, 0.124994, 0.203846, -0.956387, -0.209214, -0.002831, 0.802363, 0.285653, -0.524039, -1.2e-05, 0.0, 0.0, 0.0, 1.0],
                [0.553027, 0.025321, 0.832779, 0.124994, 0.195941, -0.975456, -0.100461, -0.002831, 0.809795, 0.218733, -0.544415, -1.2e-05, 0.0, 0.0, 0.0, 1.0],
                [0.545086, 0.12297, 0.829313, 0.124994, 0.185665, -0.982329, 0.023627, -0.002831, 0.817563, 0.141096, -0.558285, -1.2e-05, 0.0, 0.0, 0.0, 1.0],
                [0.537838, 0.226793, 0.81197, 0.124994, 0.173162, -0.972318, 0.156881, -0.002831, 0.825073, 0.056226, -0.562222, -1.2e-05, 0.0, 0.0, 0.0, 1.0],
                [0.531904, 0.330639, 0.779587, 0.124994, 0.158919, -0.94324, 0.29162, -0.002831, 0.831759, -0.031223, -0.554258, -1.2e-05, 0.0, 0.0, 0.0, 1.0],
                [0.527685, 0.428316, 0.733549, 0.124994, 0.143722, -0.896136, 0.419862, -0.002831, 0.837193, -0.116128, -0.534436, -1.2e-05, 0.0, 0.0, 0.0, 1.0],
                [0.525285, 0.514734, 0.677587, 0.124994, 0.128518, -0.83515, 0.534796, -0.002831, 0.841165, -0.193838, -0.504845, -1.2e-05, 0.0, 0.0, 0.0, 1.0],
                [0.524511, 0.586715, 0.616972, 0.124994, 0.114236, -0.766597, 0.631885, -0.002831, 0.843705, -0.260951, -0.469113, -1.2e-05, 0.0, 0.0, 0.0, 1.0],
                [0.524952, 0.643175, 0.557451, 0.124994, 0.10165, -0.697641, 0.7092, -0.002831, 0.84504, -0.315631, -0.431607, -1.2e-05, 0.0, 0.0, 0.0, 1.0],
                [0.526088, 0.684709, 0.504386, 0.124994, 0.09132, -0.635149, 0.766972, -0.002831, 0.845513, -0.357434, -0.396672, -1.2e-05, 0.0, 0.0, 0.0, 1.0],
                [0.527395, 0.712828, 0.46231, 0.124994, 0.083616, -0.585042, 0.806681, -0.002831, 0.845496, -0.386783, -0.368152, -1.2e-05, 0.0, 0.0, 0.0, 1.0],
                [0.528417, 0.729142, 0.434887, 0.124994, 0.078798, -0.552154, 0.83001, -0.002831, 0.84532, -0.404323, -0.349223, -1.2e-05, 0.0, 0.0, 0.0, 1.0],
                [0.52881, 0.734583, 0.425145, 0.124994, 0.077122, -0.540428, 0.837848, -0.002831, 0.845229, -0.410274, -0.342437, -1.2e-05, 0.0, 0.0, 0.0, 1.0],
                [0.52881, 0.734583, 0.425145, 0.124994, 0.077122, -0.540428, 0.837848, -0.002831, 0.845229, -0.410274, -0.342437, -1.2e-05, 0.0, 0.0, 0.0, 1.0],
                [0.52881, 0.734583, 0.425145, 0.124994, 0.077122, -0.540428, 0.837848, -0.002831, 0.845229, -0.410274, -0.342437, -1.2e-05, 0.0, 0.0, 0.0, 1.0],
                [0.52881, 0.734583, 0.425145, 0.124994, 0.077122, -0.540428, 0.837848, -0.002831, 0.845229, -0.410274, -0.342437, -1.2e-05, 0.0, 0.0, 0.0, 1.0],
                [0.52881, 0.734583, 0.425145, 0.124994, 0.077122, -0.540428, 0.837848, -0.002831, 0.845229, -0.410274, -0.342437, -1.2e-05, 0.0, 0.0, 0.0, 1.0],
                [0.52881, 0.734583, 0.425145, 0.124994, 0.077122, -0.540428, 0.837848, -0.002831, 0.845229, -0.410274, -0.342437, -1.2e-05, 0.0, 0.0, 0.0, 1.0],
                [0.52881, 0.734583, 0.425145, 0.124994, 0.077122, -0.540428, 0.837848, -0.002831, 0.845229, -0.410274, -0.342437, -1.2e-05, 0.0, 0.0, 0.0, 1.0],
                [0.52881, 0.734583, 0.425145, 0.124994, 0.077122, -0.540428, 0.837848, -0.002831, 0.845229, -0.410274, -0.342437, -1.2e-05, 0.0, 0.0, 0.0, 1.0],
                [0.52881, 0.734583, 0.425145, 0.124994, 0.077122, -0.540428, 0.837848, -0.002831, 0.845229, -0.410274, -0.342437, -1.2e-05, 0.0, 0.0, 0.0, 1.0],
                [0.52881, 0.734583, 0.425145, 0.124994, 0.077122, -0.540428, 0.837848, -0.002831, 0.845229, -0.410274, -0.342437, -1.2e-05, 0.0, 0.0, 0.0, 1.0],
                [0.52881, 0.734583, 0.425145, 0.124994, 0.077122, -0.540428, 0.837848, -0.002831, 0.845229, -0.410274, -0.342437, -1.2e-05, 0.0, 0.0, 0.0, 1.0],
                [0.52881, 0.734583, 0.425145, 0.124994, 0.077122, -0.540428, 0.837848, -0.002831, 0.845229, -0.410274, -0.342437, -1.2e-05, 0.0, 0.0, 0.0, 1.0],
                [0.52881, 0.734583, 0.425145, 0.124994, 0.077122, -0.540428, 0.837848, -0.002831, 0.845229, -0.410274, -0.342437, -1.2e-05, 0.0, 0.0, 0.0, 1.0],
                [0.52881, 0.734583, 0.425145, 0.124994, 0.077122, -0.540428, 0.837848, -0.002831, 0.845229, -0.410274, -0.342437, -1.2e-05, 0.0, 0.0, 0.0, 1.0],
                [0.52881, 0.734583, 0.425145, 0.124994, 0.077122, -0.540428, 0.837848, -0.002831, 0.845229, -0.410274, -0.342437, -1.2e-05, 0.0, 0.0, 0.0, 1.0],
                [0.52881, 0.734583, 0.425145, 0.124994, 0.077122, -0.540428, 0.837848, -0.002831, 0.845229, -0.410274, -0.342437, -1.2e-05, 0.0, 0.0, 0.0, 1.0],
                [0.52881, 0.734583, 0.425145, 0.124994, 0.077122, -0.540428, 0.837848, -0.002831, 0.845229, -0.410274, -0.342437, -1.2e-05, 0.0, 0.0, 0.0, 1.0],
                [0.52881, 0.734583, 0.425145, 0.124994, 0.077122, -0.540428, 0.837848, -0.002831, 0.845229, -0.410274, -0.342437, -1.2e-05, 0.0, 0.0, 0.0, 1.0],
                [0.52881, 0.734583, 0.425145, 0.124994, 0.077122, -0.540428, 0.837848, -0.002831, 0.845229, -0.410274, -0.342437, -1.2e-05, 0.0, 0.0, 0.0, 1.0],
                [0.52881, 0.734583, 0.425145, 0.124994, 0.077122, -0.540428, 0.837848, -0.002831, 0.845229, -0.410274, -0.342437, -1.2e-05, 0.0, 0.0, 0.0, 1.0],
                [0.52881, 0.734583, 0.425145, 0.124994, 0.077122, -0.540428, 0.837848, -0.002831, 0.845229, -0.410274, -0.342437, -1.2e-05, 0.0, 0.0, 0.0, 1.0],
                [0.52881, 0.734583, 0.425145, 0.124994, 0.077122, -0.540428, 0.837848, -0.002831, 0.845229, -0.410274, -0.342437, -1.2e-05, 0.0, 0.0, 0.0, 1.0],
                [0.52881, 0.734583, 0.425145, 0.124994, 0.077122, -0.540428, 0.837848, -0.002831, 0.845229, -0.410274, -0.342437, -1.2e-05, 0.0, 0.0, 0.0, 1.0],
                [0.52881, 0.734583, 0.425145, 0.124994, 0.077122, -0.540428, 0.837848, -0.002831, 0.845229, -0.410274, -0.342437, -1.2e-05, 0.0, 0.0, 0.0, 1.0],
                [0.52881, 0.734583, 0.425145, 0.124994, 0.077122, -0.540428, 0.837848, -0.002831, 0.845229, -0.410274, -0.342437, -1.2e-05, 0.0, 0.0, 0.0, 1.0],
                [0.52881, 0.734583, 0.425145, 0.124994, 0.077122, -0.540428, 0.837848, -0.002831, 0.845229, -0.410274, -0.342437, -1.2e-05, 0.0, 0.0, 0.0, 1.0],
                [0.52881, 0.734583, 0.425145, 0.124994, 0.077122, -0.540428, 0.837848, -0.002831, 0.845229, -0.410274, -0.342437, -1.2e-05, 0.0, 0.0, 0.0, 1.0],
                [0.52881, 0.734583, 0.425145, 0.124994, 0.077122, -0.540428, 0.837848, -0.002831, 0.845229, -0.410274, -0.342437, -1.2e-05, 0.0, 0.0, 0.0, 1.0],
