{
    "armature": {
        "joints": ["Root", "Thigh_R", "Leg_R", "Knee_R", "Thigh_L", "Leg_L", "Knee_L", "Torso", "Chest", "Head", "Shoulder_R", "Arm_R", "Hand_R", "Tool_R", "Elbow_R", "Shoulder_L", "Arm_L", "Hand_L", "Tool_L", "Elbow_L"],
        "hierarchy": [
            {
                "name": "Root",
                "transform": [1.0, 0.0, 0.0, -5e-06, 0.0, 0.0, -1.0, 0.000946, 0.0, 1.0, 0.0, 0.763972, 0.0, 0.0, 0.0, 1.0],
                "children": [
                    {
                        "name": "Thigh_R",
                        "transform": [1.0, -0.0, -0.0, 0.124994, -0.0, -1.0, 0.0, -0.002831, -0.0, -0.0, -1.0, -1.2e-05, 0.0, 0.0, 0.0, 1.0],
                        "children": [
                            {
                                "name": "Leg_R",
                                "transform": [1.0, 0.0, 1e-06, 0.0, -0.0, 1.0, 0.0, 0.37472, -1e-06, -0.0, 1.0, -0.0, 0.0, 0.0, 0.0, 1.0],
                                "children": []
                            },
                            {
                                "name": "Knee_R",
                                "transform": [1.0, 0.0, -0.0, 0.0, -0.0, 0.0, -1.0, 0.37472, -0.0, 1.0, 0.0, -0.0, 0.0, 0.0, 0.0, 1.0],
                                "children": []
                            }
                        ]
                    },
                    {
                        "name": "Thigh_L",
                        "transform": [1.0, -0.0, -0.0, -0.125006, -0.0, -1.0, 0.0, -0.002831, -0.0, -0.0, -1.0, -1.2e-05, 0.0, 0.0, 0.0, 1.0],
                        "children": [
                            {
                                "name": "Leg_L",
                                "transform": [1.0, 0.0, 1e-06, -0.0, -0.0, 1.0, 0.0, 0.37472, -1e-06, -0.0, 1.0, 0.0, 0.0, 0.0, 0.0, 1.0],
                                "children": []
                            },
                            {
                                "name": "Knee_L",
                                "transform": [1.0, 0.0, -0.0, -0.0, -0.0, 0.0, -1.0, 0.37472, -0.0, 1.0, 0.0, 0.0, 0.0, 0.0, 0.0, 1.0],
                                "children": []
                            }
                        ]
                    },
                    {
                        "name": "Torso",
                        "transform": [1.0, 0.0, 0.0, 0.0, 0.0, 1.0, 0.0, 0.05, 0.0, 0.0, 1.0, 0.0, 0.0, 0.0, 0.0, 1.0],
                        "children": [
                            {
                                "name": "Chest",
                                "transform": [1.0, 0.0, 0.0, 0.0, 0.0, 1.0, 0.0, 0.3, 0.0, 0.0, 1.0, 0.0, 0.0, 0.0, 0.0, 1.0],
                                "children": [
                                    {
                                        "name": "Head",
                                        "transform": [1.0, 0.0, 0.0, 0.0, 0.0, 1.0, 0.0, 0.4, 0.0, 0.0, 1.0, 0.0, 0.0, 0.0, 0.0, 1.0],
                                        "children": []
                                    },
                                    {
                                        "name": "Shoulder_R",
                                        "transform": [0.0, 0.952114, 0.305743, 0.0, 0.0, -0.305743, 0.952114, 0.4, 1.0, 0.0, -0.0, 0.0, 0.0, 0.0, 0.0, 1.0],
                                        "children": [
                                            {
                                                "name": "Arm_R",
                                                "transform": [0.0, -0.0, -1.0, -0.0, 0.952114, 0.305743, 0.0, 0.39386, 0.305743, -0.952114, 0.0, 0.0, 0.0, 0.0, 0.0, 1.0],
                                                "children": [
                                                    {
                                                        "name": "Hand_R",
                                                        "transform": [1.0, 0.0, 0.0, 0.0, -0.0, 0.993938, 0.109947, 0.3, -0.0, -0.109947, 0.993937, 0.0, 0.0, 0.0, 0.0, 1.0],
                                                        "children": [
                                                            {
                                                                "name": "Tool_R",
                                                                "transform": [1.0, 0.0, 0.0, -0.0, 0.0, -0.999836, 0.018122, 0.272858, 0.0, -0.018122, -0.999836, 0.0, 0.0, 0.0, 0.0, 1.0],
                                                                "children": []
                                                            }
                                                        ]
                                                    },
                                                    {
                                                        "name": "Elbow_R",
                                                        "transform": [-1.0, 0.0, -0.0, 0.0, 0.0, 0.0, -1.0, 0.3, -0.0, -1.0, -0.0, 0.0, 0.0, 0.0, 0.0, 1.0],
                                                        "children": []
                                                    }
                                                ]
                                            }
                                        ]
                                    },
                                    {
                                        "name": "Shoulder_L",
                                        "transform": [-0.0, -0.952114, -0.305743, 0.0, 0.0, -0.305743, 0.952114, 0.4, -1.0, 0.0, 0.0, 0.0, 0.0, 0.0, 0.0, 1.0],
                                        "children": [
                                            {
                                                "name": "Arm_L",
                                                "transform": [-0.0, -0.0, 1.0, -0.0, -0.952114, 0.305743, -0.0, 0.39386, -0.305743, -0.952114, -0.0, 0.0, 0.0, 0.0, 0.0, 1.0],
                                                "children": [
                                                    {
                                                        "name": "Hand_L",
                                                        "transform": [1.0, -0.0, 0.0, -0.0, 0.0, 0.993937, 0.109947, 0.3, -0.0, -0.109947, 0.993937, 0.0, 0.0, 0.0, 0.0, 1.0],
                                                        "children": [
                                                            {
                                                                "name": "Tool_L",
                                                                "transform": [1.0, 0.0, 0.0, -0.0, -0.0, -0.999836, 0.018122, 0.272858, 0.0, -0.018122, -0.999836, -0.0, 0.0, 0.0, 0.0, 1.0],
                                                                "children": []
                                                            }
                                                        ]
                                                    },
                                                    {
                                                        "name": "Elbow_L",
                                                        "transform": [-1.0, 0.0, -0.0, -0.0, 0.0, -0.0, -1.0, 0.3, -0.0, -1.0, 0.0, 0.0, 0.0, 0.0, 0.0, 1.0],
                                                        "children": []
                                                    }
                                                ]
                                            }
                                        ]
                                    }
                                ]
                            }
                        ]
                    }
                ]
            }
        ]
    },
    "animation": [
        {
            "name": "Root",
            "time": [0.0, 0.0167, 0.0333, 0.05, 0.0667, 0.0833, 0.1, 0.1167, 0.1333, 0.15, 0.1667, 0.1833, 0.2, 0.2167, 0.2333, 0.25, 0.2667, 0.2833, 0.3, 0.3167, 0.3333, 0.35, 0.3667, 0.3833, 0.4, 0.4167, 0.4333, 0.45, 0.4667, 0.4833, 0.5, 0.5167, 0.5333, 0.55, 0.5667, 0.5833, 0.6, 0.6167, 0.6333, 0.65, 0.6667, 0.6833, 0.7, 0.7167, 0.7333, 0.75, 0.7667, 0.7833, 0.8, 0.8167, 0.8333, 0.85, 0.8667, 0.8833, 1.3833],
            "transform": [
                [1.0, 0.0, 0.0, -5e-06, 0.0, 0.0, -1.0, 0.000946, 0.0, 1.0, 0.0, 0.763972, 0.0, 0.0, 0.0, 1.0],
                [0.999987, -2e-05, -0.005175, -5e-06, -0.005175, 0.000438, -0.999987, 0.004169, 2.2e-05, 1.0, 0.000438, 0.763972, 0.0, 0.0, 0.0, 1.0],
                [0.999795, -0.000149, -0.020256, -5e-06, -0.020255, 0.001719, -0.999793, 0.013431, 0.000184, 0.999999, 0.001715, 0.763972, 0.0, 0.0, 0.0, 1.0],
                [0.999006, -0.000478, -0.044576, -5e-06, -0.044574, 0.003796, -0.998999, 0.028121, 0.000647, 0.999993, 0.003771, 0.763972, 0.0, 0.0, 0.0, 1.0],
                [0.996995, -0.001077, -0.077461, -5e-06, -0.077452, 0.006634, -0.996974, 0.047627, 0.001588, 0.999977, 0.006531, 0.763972, 0.0, 0.0, 0.0, 1.0],
                [0.992988, -0.002005, -0.118202, -5e-06, -0.118176, 0.010212, -0.99294, 0.071341, 0.003198, 0.999946, 0.009903, 0.763972, 0.0, 0.0, 0.0, 1.0],
                [0.986114, -0.003309, -0.166036, -5e-06, -0.165972, 0.014521, -0.986024, 0.09865, 0.005674, 0.999889, 0.01377, 0.763972, 0.0, 0.0, 0.0, 1.0],
                [0.975461, -0.005026, -0.220116, -5e-06, -0.219981, 0.019571, -0.975308, 0.128944, 0.00921, 0.999796, 0.017985, 0.763972, 0.0, 0.0, 0.0, 1.0],
                [0.960118, -0.007186, -0.279503, -5e-06, -0.279245, 0.025386, -0.959884, 0.161612, 0.013994, 0.999652, 0.022367, 0.763972, 0.0, 0.0, 0.0, 1.0],
                [0.939229, -0.009813, -0.34315, -5e-06, -0.342696, 0.032008, -0.938901, 0.196044, 0.020197, 0.999439, 0.0267, 0.763972, 0.0, 0.0, 0.0, 1.0],
                [0.912034, -0.01292, -0.40991, -5e-06, -0.409159, 0.039495, -0.911608, 0.231629, 0.027967, 0.999136, 0.030735, 0.763972, 0.0, 0.0, 0.0, 1.0],
                [0.877906, -0.016513, -0.478548, -5e-06, -0.477368, 0.047921, -0.877396, 0.267756, 0.037421, 0.998715, 0.034187, 0.763972, 0.0, 0.0, 0.0, 1.0],
                [0.836381, -0.020588, -0.547762, -5e-06, -0.545987, 0.057375, -0.835827, 0.303814, 0.048636, 0.99814, 0.036747, 0.763972, 0.0, 0.0, 0.0, 1.0],
                [0.787174, -0.02513, -0.616219, -5e-06, -0.613642, 0.067964, -0.786654, 0.339193, 0.06165, 0.997371, 0.038079, 0.763972, 0.0, 0.0, 0.0, 1.0],
                [0.73019, -0.030111, -0.682581, -5e-06, -0.678954, 0.079809, -0.729831, 0.373282, 0.076452, 0.996355, 0.037832, 0.763972, 0.0, 0.0, 0.0, 1.0],
                [0.665514, -0.035487, -0.745542, -5e-06, -0.740571, 0.093045, -0.665505, 0.40547, 0.092986, 0.995029, 0.035642, 0.763972, 0.0, 0.0, 0.0, 1.0],
                [0.593395, -0.041197, -0.803856, -5e-06, -0.797201, 0.107825, -0.594008, 0.435147, 0.111147, 0.993316, 0.03114, 0.763972, 0.0, 0.0, 0.0, 1.0],
                [0.514225, -0.047161, -0.856357, -5e-06, -0.847624, 0.124315, -0.515828, 0.461701, 0.130785, 0.991121, 0.023951, 0.763972, 0.0, 0.0, 0.0, 1.0],
                [0.428507, -0.053272, -0.901967, -5e-06, -0.890713, 0.142699, -0.431588, 0.484522, 0.151701, 0.988331, 0.013698, 0.763972, 0.0, 0.0, 0.0, 1.0],
                [0.336824, -0.059391, -0.939693, -5e-06, -0.925417, 0.163176, -0.34202, 0.503, 0.173648, 0.984808, -0.0, 0.763972, 0.0, 0.0, 0.0, 1.0],
                [0.23131, -0.06649, -0.970605, -5e-06, -0.952336, 0.188466, -0.239867, 0.516872, 0.198875, 0.979826, -0.019726, 0.763972, 0.0, 0.0, 0.0, 1.0],
                [0.102497, -0.073875, -0.991986, -5e-06, -0.968203, 0.221372, -0.116526, 0.527272, 0.228206, 0.972387, -0.048836, 0.763972, 0.0, 0.0, 0.0, 1.0],
                [-0.05023, -0.078496, -0.995648, -5e-06, -0.964674, 0.261952, 0.028015, 0.535683, 0.258613, 0.961883, -0.088881, 0.763972, 0.0, 0.0, 0.0, 1.0],
                [-0.224549, -0.076717, -0.971438, -5e-06, -0.931556, 0.309456, 0.190892, 0.543589, 0.285973, 0.947814, -0.140954, 0.763972, 0.0, 0.0, 0.0, 1.0],
                [-0.413191, -0.064564, -0.908353, -5e-06, -0.858049, 0.361687, 0.364601, 0.552471, 0.304999, 0.930061, -0.204845, 0.763972, 0.0, 0.0, 0.0, 1.0],
                [-0.602413, -0.038531, -0.797254, -5e-06, -0.735604, 0.414499, 0.535796, 0.563812, 0.309817, 0.909234, -0.278043, 0.763972, 0.0, 0.0, 0.0, 1.0],
                [-0.772491, 0.003085, -0.635018, -5e-06, -0.56212, 0.461897, 0.686055, 0.579096, 0.295429, 0.886928, -0.355077, 0.763972, 0.0, 0.0, 0.0, 1.0],
                [-0.901696, 0.058822, -0.428351, -5e-06, -0.345629, 0.497177, 0.795837, 0.599805, 0.259779, 0.865653, -0.427972, 0.763972, 0.0, 0.0, 0.0, 1.0],
                [-0.973116, 0.123661, -0.194302, -5e-06, -0.104443, 0.514968, 0.850823, 0.627421, 0.205273, 0.848243, -0.488208, 0.763972, 0.0, 0.0, 0.0, 1.0],
                [-0.980741, 0.190249, 0.044179, -5e-06, 0.137697, 0.513095, 0.847215, 0.663429, 0.138514, 0.836982, -0.529411, 0.763972, 0.0, 0.0, 0.0, 1.0],
                [-0.930789, 0.251219, 0.265557, -5e-06, 0.35915, 0.493048, 0.79241, 0.70931, 0.068136, 0.832942, -0.549149, 0.763972, 0.0, 0.0, 0.0, 1.0],
                [-0.837768, 0.301158, 0.455465, -5e-06, 0.546022, 0.458843, 0.700944, 0.766547, 0.002108, 0.835923, -0.548843, 0.763972, 0.0, 0.0, 0.0, 1.0],
                [-0.718513, 0.337299, 0.60825, -5e-06, 0.693418, 0.41524, 0.588853, 0.836623, -0.05395, 0.84487, -0.532245, 0.763972, 0.0, 0.0, 0.0, 1.0],
                [-0.581149, 0.351673, 0.733889, -5e-06, 0.806904, 0.366139, 0.463517, 0.936204, -0.105699, 0.86155, -0.496547, 0.763972, 0.0, 0.0, 0.0, 1.0],
                [-0.422317, 0.339833, 0.840335, -5e-06, 0.892818, 0.316115, 0.320856, 1.073413, -0.156605, 0.885768, -0.43691, 0.763972, 0.0, 0.0, 0.0, 1.0],
                [-0.242051, 0.305147, 0.92103, -5e-06, 0.949444, 0.270082, 0.160038, 1.236919, -0.199919, 0.913204, -0.355094, 0.763972, 0.0, 0.0, 0.0, 1.0],
                [-0.044356, 0.251469, 0.966848, -5e-06, 0.972402, 0.232768, -0.01593, 1.415388, -0.229058, 0.939459, -0.254853, 0.763972, 0.0, 0.0, 0.0, 1.0],
                [0.161622, 0.184662, 0.969422, -5e-06, 0.957551, 0.208256, -0.199313, 1.59749, -0.238693, 0.960484, -0.143165, 0.763972, 0.0, 0.0, 0.0, 1.0],
                [0.362378, 0.113064, 0.925148, -5e-06, 0.904054, 0.198739, -0.378404, 1.771894, -0.226647, 0.973509, -0.030197, 0.763972, 0.0, 0.0, 0.0, 1.0],
                [0.543215, 0.046532, 0.838303, -5e-06, 0.816508, 0.203253, -0.540373, 1.927266, -0.195533, 0.97802, 0.072417, 0.763972, 0.0, 0.0, 0.0, 1.0],
                [0.692617, -0.005507, 0.721284, -5e-06, 0.704897, 0.217244, -0.675222, 2.052276, -0.152976, 0.976102, 0.154349, 0.763972, 0.0, 0.0, 0.0, 1.0],
                [0.805468, -0.03582, 0.591556, -5e-06, 0.582316, 0.233333, -0.778758, 2.135592, -0.110135, 0.971737, 0.208801, 0.763972, 0.0, 0.0, 0.0, 1.0],
                [0.883287, -0.039715, 0.467148, -5e-06, 0.462043, 0.242713, -0.852999, 2.165882, -0.079506, 0.969285, 0.232735, 0.763972, 0.0, 0.0, 0.0, 1.0],
                [0.933492, -0.029681, 0.357368, -5e-06, 0.353523, 0.243258, -0.903243, 2.165882, -0.060124, 0.969507, 0.237572, 0.763972, 0.0, 0.0, 0.0, 1.0],
                [0.964561, -0.020995, 0.263024, -5e-06, 0.260266, 0.23968, -0.935315, 2.165882, -0.043404, 0.970625, 0.23665, 0.763972, 0.0, 0.0, 0.0, 1.0],
                [0.982538, -0.014034, 0.185532, -5e-06, 0.183653, 0.233094, -0.954955, 2.165882, -0.029844, 0.972353, 0.231601, 0.763972, 0.0, 0.0, 0.0, 1.0],
                [0.992184, -0.008816, 0.124468, -5e-06, 0.123259, 0.224524, -0.966642, 2.165882, -0.019424, 0.974429, 0.223856, 0.763972, 0.0, 0.0, 0.0, 1.0],
                [0.99691, -0.005148, 0.078386, -5e-06, 0.077658, 0.214863, -0.973552, 2.165882, -0.01183, 0.976631, 0.214599, 0.763972, 0.0, 0.0, 0.0, 1.0],
                [0.998968, -0.002743, 0.045343, -5e-06, 0.044943, 0.204891, -0.977752, 2.165882, -0.006609, 0.978781, 0.204803, 0.763972, 0.0, 0.0, 0.0, 1.0],
                [0.99973, -0.001289, 0.023206, -5e-06, 0.023011, 0.195308, -0.980472, 2.165882, -0.003268, 0.980741, 0.195285, 0.763972, 0.0, 0.0, 0.0, 1.0],
                [0.999952, -0.000501, 0.009789, -5e-06, 0.00971, 0.186766, -0.982357, 2.165882, -0.001336, 0.982404, 0.186761, 0.763972, 0.0, 0.0, 0.0, 1.0],
                [0.999996, -0.000138, 0.0029, -5e-06, 0.002878, 0.179893, -0.983682, 2.165882, -0.000386, 0.983686, 0.179892, 0.763972, 0.0, 0.0, 0.0, 1.0],
                [1.0, -1.6e-05, 0.000363, -5e-06, 0.00036, 0.175313, -0.984513, 2.165882, -4.7e-05, 0.984513, 0.175313, 0.763972, 0.0, 0.0, 0.0, 1.0],
                [1.0, 0.0, 0.0, -5e-06, 0.0, 0.173648, -0.984808, 2.165882, 0.0, 0.984808, 0.173648, 0.763972, 0.0, 0.0, 0.0, 1.0],
                [1.0, 0.0, 0.0, -5e-06, 0.0, 0.173648, -0.984808, 2.165882, 0.0, 0.984808, 0.173648, 0.763972, 0.0, 0.0, 0.0, 1.0]
            ]
        },
        {
            "name": "Thigh_R",
            "time": [0.0, 1.3833],
            "transform": [
                [0.995031, 0.001807, -0.099551, 0.124994, 0.059227, -0.814453, 0.577198, -0.002831, -0.080037, -0.580226, -0.810513, -1.2e-05, 0.0, 0.0, 0.0, 1.0],
                [0.995031, 0.001807, -0.099551, 0.124994, 0.059227, -0.814453, 0.577198, -0.002831, -0.080037, -0.580226, -0.810513, -1.2e-05, 0.0, 0.0, 0.0, 1.0]
            ]
        },
        {
            "name": "Leg_R",
            "time": [0.0, 1.3833],
            "transform": [
                [1.0, 0.0, 1e-06, 0.0, -0.0, 0.939692, 0.342021, 0.37472, -1e-06, -0.342021, 0.939693, -0.0, 0.0, 0.0, 0.0, 1.0],
                [1.0, 0.0, 1e-06, -0.0, -0.0, 0.939693, 0.342021, 0.37472, -1e-06, -0.342021, 0.939692, -0.0, 0.0, 0.0, 0.0, 1.0]
            ]
        },
        {
            "name": "Knee_R",
            "time": [0.0, 1.3833],
            "transform": [
                [1.0, 0.0, -0.0, 0.0, -0.0, 0.0, -1.0, 0.37472, -0.0, 1.0, 0.0, -0.0, 0.0, 0.0, 0.0, 1.0],
                [1.0, 0.0, -0.0, -0.0, -0.0, 0.0, -1.0, 0.37472, -0.0, 1.0, 0.0, -0.0, 0.0, 0.0, 0.0, 1.0]
            ]
        },
        {
            "name": "Thigh_L",
            "time": [0.0, 1.3833],
            "transform": [
                [0.995512, -0.094598, -0.00272, -0.125006, -0.089704, -0.93408, -0.345611, -0.002831, 0.030153, 0.344304, -0.938374, -1.2e-05, 0.0, 0.0, 0.0, 1.0],
                [0.995512, -0.094598, -0.00272, -0.125006, -0.089704, -0.93408, -0.345611, -0.002831, 0.030153, 0.344304, -0.938374, -1.2e-05, 0.0, 0.0, 0.0, 1.0]
            ]
        },
        {
            "name": "Leg_L",
            "time": [0.0, 1.3833],
            "transform": [
                [1.0, 0.0, 1e-06, 0.0, -0.0, 0.939693, 0.342021, 0.37472, -1e-06, -0.342021, 0.939693, -0.0, 0.0, 0.0, 0.0, 1.0],
                [1.0, 0.0, 1e-06, -0.0, -0.0, 0.939693, 0.342021, 0.37472, -1e-06, -0.34202, 0.939693, 0.0, 0.0, 0.0, 0.0, 1.0]
            ]
        },
        {
            "name": "Knee_L",
            "time": [0.0, 1.3833],
            "transform": [
                [1.0, 0.0, -0.0, 0.0, -0.0, 0.0, -1.0, 0.37472, -0.0, 1.0, 0.0, -0.0, 0.0, 0.0, 0.0, 1.0],
                [1.0, 0.0, -0.0, -0.0, -0.0, 0.0, -1.0, 0.37472, -0.0, 1.0, 0.0, 0.0, 0.0, 0.0, 0.0, 1.0]
            ]
        },
        {
            "name": "Torso",
            "time": [0.0, 1.3833],
            "transform": [
                [1.0, 0.0, 0.0, 0.0, 0.0, 0.984808, -0.173648, 0.05, 0.0, 0.173648, 0.984808, 0.0, 0.0, 0.0, 0.0, 1.0],
                [1.0, 0.0, 0.0, 0.0, 0.0, 0.984808, -0.173648, 0.05, 0.0, 0.173648, 0.984808, 0.0, 0.0, 0.0, 0.0, 1.0]
            ]
        },
        {
            "name": "Chest",
            "time": [0.0, 0.0167, 0.0333, 0.05, 0.0667, 0.0833, 0.1, 0.1167, 0.1333, 0.15, 0.1667, 0.1833, 0.2, 0.2167, 0.2333, 0.25, 0.2667, 0.2833, 0.3, 0.3167, 0.3333, 0.35, 0.3667, 0.3833, 0.4, 0.4167, 0.4333, 0.45, 0.4667, 0.4833, 0.5, 0.5167, 0.5333, 0.55, 0.5667, 0.5833, 0.6, 0.6167, 0.6333, 0.65, 0.6667, 0.6833, 0.7, 0.7167, 0.7333, 0.75, 0.7667, 0.7833, 0.8, 0.8167, 0.8333, 0.85, 0.8667, 0.8833, 0.9, 0.9167, 0.9333, 0.95, 0.9667, 0.9833, 1.0, 1.0167, 1.0333, 1.05, 1.0667, 1.0833, 1.1, 1.1167, 1.1333, 1.15, 1.1667, 1.1833, 1.2, 1.2167, 1.2333, 1.25, 1.2667, 1.2833, 1.3, 1.3167, 1.3333, 1.35, 1.3667, 1.3833],
            "transform": [
                [0.999097, -0.035375, -0.023543, 0.0, 0.035834, 0.99917, 0.019384, 0.3, 0.022837, -0.02021, 0.999535, -0.0, 0.0, 0.0, 0.0, 1.0],
                [0.999097, -0.035375, -0.023543, -0.0, 0.035834, 0.99917, 0.019384, 0.3, 0.022837, -0.02021, 0.999535, 0.0, 0.0, 0.0, 0.0, 1.0],
                [0.999097, -0.035375, -0.023543, -0.0, 0.035834, 0.99917, 0.019384, 0.3, 0.022837, -0.02021, 0.999535, -0.0, 0.0, 0.0, 0.0, 1.0],
                [0.999097, -0.035375, -0.023543, -0.0, 0.035834, 0.99917, 0.019384, 0.3, 0.022837, -0.02021, 0.999535, -0.0, 0.0, 0.0, 0.0, 1.0],
                [0.999097, -0.035375, -0.023543, -0.0, 0.035834, 0.99917, 0.019384, 0.3, 0.022837, -0.02021, 0.999535, -0.0, 0.0, 0.0, 0.0, 1.0],
                [0.999097, -0.035375, -0.023543, -0.0, 0.035834, 0.99917, 0.019384, 0.3, 0.022837, -0.02021, 0.999535, 0.0, 0.0, 0.0, 0.0, 1.0],
                [0.999097, -0.035375, -0.023543, 0.0, 0.035834, 0.99917, 0.019384, 0.3, 0.022837, -0.02021, 0.999535, -0.0, 0.0, 0.0, 0.0, 1.0],
                [0.999097, -0.035375, -0.023543, -0.0, 0.035834, 0.99917, 0.019384, 0.3, 0.022837, -0.02021, 0.999535, 0.0, 0.0, 0.0, 0.0, 1.0],
                [0.999097, -0.035375, -0.023543, -0.0, 0.035834, 0.99917, 0.019384, 0.3, 0.022837, -0.02021, 0.999535, -0.0, 0.0, 0.0, 0.0, 1.0],
                [0.999097, -0.035375, -0.023543, 0.0, 0.035834, 0.99917, 0.019384, 0.3, 0.022837, -0.02021, 0.999535, 0.0, 0.0, 0.0, 0.0, 1.0],
                [0.999097, -0.035375, -0.023543, 0.0, 0.035834, 0.99917, 0.019384, 0.3, 0.022837, -0.02021, 0.999535, -0.0, 0.0, 0.0, 0.0, 1.0],
                [0.999097, -0.035375, -0.023543, 0.0, 0.035834, 0.99917, 0.019384, 0.3, 0.022837, -0.02021, 0.999535, -0.0, 0.0, 0.0, 0.0, 1.0],
                [0.999097, -0.035375, -0.023543, -0.0, 0.035834, 0.99917, 0.019384, 0.3, 0.022837, -0.02021, 0.999535, -0.0, 0.0, 0.0, 0.0, 1.0],
                [0.999097, -0.035375, -0.023543, -0.0, 0.035834, 0.99917, 0.019384, 0.3, 0.022837, -0.02021, 0.999535, -0.0, 0.0, 0.0, 0.0, 1.0],
                [0.999097, -0.035375, -0.023543, -0.0, 0.035834, 0.99917, 0.019384, 0.3, 0.022837, -0.02021, 0.999535, -0.0, 0.0, 0.0, 0.0, 1.0],
                [0.999097, -0.035375, -0.023543, 0.0, 0.035834, 0.99917, 0.019384, 0.3, 0.022837, -0.02021, 0.999535, 0.0, 0.0, 0.0, 0.0, 1.0],
                [0.999097, -0.035375, -0.023543, -0.0, 0.035834, 0.99917, 0.019384, 0.3, 0.022837, -0.02021, 0.999535, 0.0, 0.0, 0.0, 0.0, 1.0],
                [0.999097, -0.035375, -0.023543, -0.0, 0.035834, 0.99917, 0.019384, 0.3, 0.022837, -0.02021, 0.999535, 0.0, 0.0, 0.0, 0.0, 1.0],
                [0.999097, -0.035375, -0.023543, -0.0, 0.035834, 0.99917, 0.019384, 0.3, 0.022837, -0.02021, 0.999535, -0.0, 0.0, 0.0, 0.0, 1.0],
                [0.999097, -0.035375, -0.023543, -0.0, 0.035834, 0.99917, 0.019384, 0.3, 0.022837, -0.02021, 0.999535, -0.0, 0.0, 0.0, 0.0, 1.0],
                [0.999097, -0.035375, -0.023543, -0.0, 0.035834, 0.99917, 0.019384, 0.3, 0.022837, -0.02021, 0.999535, -0.0, 0.0, 0.0, 0.0, 1.0],
                [0.999097, -0.035375, -0.023543, 0.0, 0.035834, 0.99917, 0.019384, 0.3, 0.022837, -0.02021, 0.999535, 0.0, 0.0, 0.0, 0.0, 1.0],
                [0.999097, -0.035375, -0.023543, -0.0, 0.035834, 0.99917, 0.019384, 0.3, 0.022837, -0.02021, 0.999535, -0.0, 0.0, 0.0, 0.0, 1.0],
                [0.999097, -0.035375, -0.023543, -0.0, 0.035834, 0.99917, 0.019384, 0.3, 0.022837, -0.02021, 0.999535, -0.0, 0.0, 0.0, 0.0, 1.0],
                [0.999097, -0.035375, -0.023543, 0.0, 0.035834, 0.99917, 0.019384, 0.3, 0.022837, -0.02021, 0.999535, -0.0, 0.0, 0.0, 0.0, 1.0],
                [0.999097, -0.035375, -0.023543, 0.0, 0.035834, 0.99917, 0.019384, 0.3, 0.022837, -0.02021, 0.999535, -0.0, 0.0, 0.0, 0.0, 1.0],
                [0.999097, -0.035375, -0.023543, -0.0, 0.035834, 0.99917, 0.019384, 0.3, 0.022837, -0.02021, 0.999535, -0.0, 0.0, 0.0, 0.0, 1.0],
                [0.999097, -0.035375, -0.023543, -0.0, 0.035834, 0.99917, 0.019384, 0.3, 0.022837, -0.02021, 0.999535, -0.0, 0.0, 0.0, 0.0, 1.0],
                [0.999097, -0.035375, -0.023543, 0.0, 0.035834, 0.99917, 0.019384, 0.3, 0.022837, -0.02021, 0.999535, 0.0, 0.0, 0.0, 0.0, 1.0],
                [0.999097, -0.035375, -0.023543, 0.0, 0.035834, 0.99917, 0.019384, 0.3, 0.022837, -0.02021, 0.999535, -0.0, 0.0, 0.0, 0.0, 1.0],
                [0.999097, -0.035375, -0.023543, -0.0, 0.035834, 0.99917, 0.019384, 0.3, 0.022837, -0.02021, 0.999535, -0.0, 0.0, 0.0, 0.0, 1.0],
                [0.999097, -0.035375, -0.023543, -0.0, 0.035834, 0.99917, 0.019384, 0.3, 0.022837, -0.02021, 0.999535, 0.0, 0.0, 0.0, 0.0, 1.0],
                [0.999097, -0.035375, -0.023543, 0.0, 0.035834, 0.99917, 0.019384, 0.3, 0.022837, -0.02021, 0.999535, -0.0, 0.0, 0.0, 0.0, 1.0],
                [0.999097, -0.035375, -0.023543, -0.0, 0.035834, 0.99917, 0.019384, 0.3, 0.022837, -0.02021, 0.999535, 0.0, 0.0, 0.0, 0.0, 1.0],
                [0.999097, -0.035375, -0.023543, -0.0, 0.035834, 0.99917, 0.019384, 0.3, 0.022837, -0.02021, 0.999535, 0.0, 0.0, 0.0, 0.0, 1.0],
                [0.999097, -0.035375, -0.023543, -0.0, 0.035834, 0.99917, 0.019384, 0.3, 0.022837, -0.02021, 0.999535, -0.0, 0.0, 0.0, 0.0, 1.0],
                [0.999097, -0.035375, -0.023543, 0.0, 0.035834, 0.99917, 0.019384, 0.3, 0.022837, -0.02021, 0.999535, -0.0, 0.0, 0.0, 0.0, 1.0],
                [0.999097, -0.035375, -0.023543, -0.0, 0.035834, 0.99917, 0.019384, 0.3, 0.022837, -0.02021, 0.999535, 0.0, 0.0, 0.0, 0.0, 1.0],
                [0.999097, -0.035375, -0.023543, -0.0, 0.035834, 0.99917, 0.019384, 0.3, 0.022837, -0.02021, 0.999535, 0.0, 0.0, 0.0, 0.0, 1.0],
                [0.999097, -0.035375, -0.023543, -0.0, 0.035834, 0.99917, 0.019384, 0.3, 0.022837, -0.02021, 0.999535, 0.0, 0.0, 0.0, 0.0, 1.0],
                [0.999097, -0.035375, -0.023543, -0.0, 0.035834, 0.99917, 0.019384, 0.3, 0.022837, -0.02021, 0.999535, -0.0, 0.0, 0.0, 0.0, 1.0],
                [0.999097, -0.035375, -0.023543, 0.0, 0.035834, 0.99917, 0.019384, 0.3, 0.022837, -0.02021, 0.999535, -0.0, 0.0, 0.0, 0.0, 1.0],
                [0.999097, -0.035375, -0.023543, -0.0, 0.035834, 0.99917, 0.019384, 0.3, 0.022837, -0.02021, 0.999535, -0.0, 0.0, 0.0, 0.0, 1.0],
                [0.999097, -0.035375, -0.023543, -0.0, 0.035834, 0.99917, 0.019384, 0.3, 0.022837, -0.02021, 0.999535, -0.0, 0.0, 0.0, 0.0, 1.0],
                [0.999097, -0.035375, -0.023543, 0.0, 0.035834, 0.99917, 0.019384, 0.3, 0.022837, -0.02021, 0.999535, 0.0, 0.0, 0.0, 0.0, 1.0],
                [0.999097, -0.035375, -0.023543, 0.0, 0.035834, 0.99917, 0.019384, 0.3, 0.022837, -0.02021, 0.999535, 0.0, 0.0, 0.0, 0.0, 1.0],
                [0.999097, -0.035375, -0.023543, -0.0, 0.035834, 0.99917, 0.019384, 0.3, 0.022837, -0.02021, 0.999535, 0.0, 0.0, 0.0, 0.0, 1.0],
                [0.999097, -0.035375, -0.023543, 0.0, 0.035834, 0.99917, 0.019384, 0.3, 0.022837, -0.02021, 0.999535, 0.0, 0.0, 0.0, 0.0, 1.0],
                [0.999097, -0.035375, -0.023543, 0.0, 0.035834, 0.99917, 0.019384, 0.3, 0.022837, -0.02021, 0.999535, -0.0, 0.0, 0.0, 0.0, 1.0],
                [0.999097, -0.035375, -0.023543, -0.0, 0.035834, 0.99917, 0.019384, 0.3, 0.022837, -0.02021, 0.999535, -0.0, 0.0, 0.0, 0.0, 1.0],
                [0.999097, -0.035375, -0.023543, -0.0, 0.035834, 0.99917, 0.019384, 0.3, 0.022837, -0.02021, 0.999535, 0.0, 0.0, 0.0, 0.0, 1.0],
                [0.999097, -0.035375, -0.023543, -0.0, 0.035834, 0.99917, 0.019384, 0.3, 0.022837, -0.02021, 0.999535, -0.0, 0.0, 0.0, 0.0, 1.0],
                [0.999097, -0.035375, -0.023543, 0.0, 0.035834, 0.99917, 0.019384, 0.3, 0.022837, -0.02021, 0.999535, 0.0, 0.0, 0.0, 0.0, 1.0],
                [0.999097, -0.035375, -0.023543, -0.0, 0.035834, 0.99917, 0.019384, 0.3, 0.022837, -0.02021, 0.999535, -0.0, 0.0, 0.0, 0.0, 1.0],
                [0.999097, -0.035375, -0.023543, -0.0, 0.035834, 0.99917, 0.019384, 0.3, 0.022837, -0.02021, 0.999535, -0.0, 0.0, 0.0, 0.0, 1.0],
                [0.999097, -0.035375, -0.023543, -0.0, 0.035834, 0.99917, 0.019384, 0.3, 0.022837, -0.02021, 0.999535, -0.0, 0.0, 0.0, 0.0, 1.0],
                [0.999097, -0.035375, -0.023543, -0.0, 0.035834, 0.99917, 0.019384, 0.3, 0.022837, -0.02021, 0.999535, -0.0, 0.0, 0.0, 0.0, 1.0],
                [0.999097, -0.035375, -0.023543, -0.0, 0.035834, 0.99917, 0.019384, 0.3, 0.022837, -0.02021, 0.999535, -0.0, 0.0, 0.0, 0.0, 1.0],
                [0.999097, -0.035375, -0.023543, -0.0, 0.035834, 0.99917, 0.019384, 0.3, 0.022837, -0.02021, 0.999535, -0.0, 0.0, 0.0, 0.0, 1.0],
                [0.999097, -0.035375, -0.023543, -0.0, 0.035834, 0.99917, 0.019384, 0.3, 0.022837, -0.02021, 0.999535, -0.0, 0.0, 0.0, 0.0, 1.0],
                [0.999097, -0.035375, -0.023543, -0.0, 0.035834, 0.99917, 0.019384, 0.3, 0.022837, -0.02021, 0.999535, -0.0, 0.0, 0.0, 0.0, 1.0],
                [0.999097, -0.035375, -0.023543, -0.0, 0.035834, 0.99917, 0.019384, 0.3, 0.022837, -0.02021, 0.999535, -0.0, 0.0, 0.0, 0.0, 1.0],
                [0.999097, -0.035375, -0.023543, -0.0, 0.035834, 0.99917, 0.019384, 0.3, 0.022837, -0.02021, 0.999535, -0.0, 0.0, 0.0, 0.0, 1.0],
                [0.999097, -0.035375, -0.023543, -0.0, 0.035834, 0.99917, 0.019384, 0.3, 0.022837, -0.02021, 0.999535, -0.0, 0.0, 0.0, 0.0, 1.0],
                [0.999097, -0.035375, -0.023543, -0.0, 0.035834, 0.99917, 0.019384, 0.3, 0.022837, -0.02021, 0.999535, -0.0, 0.0, 0.0, 0.0, 1.0],
                [0.999097, -0.035375, -0.023543, -0.0, 0.035834, 0.99917, 0.019384, 0.3, 0.022837, -0.02021, 0.999535, -0.0, 0.0, 0.0, 0.0, 1.0],
                [0.999097, -0.035375, -0.023543, -0.0, 0.035834, 0.99917, 0.019384, 0.3, 0.022837, -0.02021, 0.999535, -0.0, 0.0, 0.0, 0.0, 1.0],
                [0.999097, -0.035375, -0.023543, -0.0, 0.035834, 0.99917, 0.019384, 0.3, 0.022837, -0.02021, 0.999535, -0.0, 0.0, 0.0, 0.0, 1.0],
                [0.999097, -0.035375, -0.023543, -0.0, 0.035834, 0.99917, 0.019384, 0.3, 0.022837, -0.02021, 0.999535, -0.0, 0.0, 0.0, 0.0, 1.0],
                [0.999097, -0.035375, -0.023543, -0.0, 0.035834, 0.99917, 0.019384, 0.3, 0.022837, -0.02021, 0.999535, -0.0, 0.0, 0.0, 0.0, 1.0],
                [0.999097, -0.035375, -0.023543, -0.0, 0.035834, 0.99917, 0.019384, 0.3, 0.022837, -0.02021, 0.999535, -0.0, 0.0, 0.0, 0.0, 1.0],
                [0.999097, -0.035375, -0.023543, -0.0, 0.035834, 0.99917, 0.019384, 0.3, 0.022837, -0.02021, 0.999535, -0.0, 0.0, 0.0, 0.0, 1.0],
                [0.999097, -0.035375, -0.023543, -0.0, 0.035834, 0.99917, 0.019384, 0.3, 0.022837, -0.02021, 0.999535, -0.0, 0.0, 0.0, 0.0, 1.0],
                [0.999097, -0.035375, -0.023543, -0.0, 0.035834, 0.99917, 0.019384, 0.3, 0.022837, -0.02021, 0.999535, -0.0, 0.0, 0.0, 0.0, 1.0],
                [0.999097, -0.035375, -0.023543, -0.0, 0.035834, 0.99917, 0.019384, 0.3, 0.022837, -0.02021, 0.999535, -0.0, 0.0, 0.0, 0.0, 1.0],
                [0.999097, -0.035375, -0.023543, -0.0, 0.035834, 0.99917, 0.019384, 0.3, 0.022837, -0.02021, 0.999535, -0.0, 0.0, 0.0, 0.0, 1.0],
                [0.999097, -0.035375, -0.023543, -0.0, 0.035834, 0.99917, 0.019384, 0.3, 0.022837, -0.02021, 0.999535, -0.0, 0.0, 0.0, 0.0, 1.0],
                [0.999097, -0.035375, -0.023543, -0.0, 0.035834, 0.99917, 0.019384, 0.3, 0.022837, -0.02021, 0.999535, -0.0, 0.0, 0.0, 0.0, 1.0],
                [0.999097, -0.035375, -0.023543, -0.0, 0.035834, 0.99917, 0.019384, 0.3, 0.022837, -0.02021, 0.999535, -0.0, 0.0, 0.0, 0.0, 1.0],
                [0.999097, -0.035375, -0.023543, -0.0, 0.035834, 0.99917, 0.019384, 0.3, 0.022837, -0.02021, 0.999535, -0.0, 0.0, 0.0, 0.0, 1.0],
                [0.999097, -0.035375, -0.023543, -0.0, 0.035834, 0.99917, 0.019384, 0.3, 0.022837, -0.02021, 0.999535, -0.0, 0.0, 0.0, 0.0, 1.0],
                [0.999097, -0.035375, -0.023543, -0.0, 0.035834, 0.99917, 0.019384, 0.3, 0.022837, -0.02021, 0.999535, -0.0, 0.0, 0.0, 0.0, 1.0],
                [0.999097, -0.035375, -0.023543, -0.0, 0.035834, 0.99917, 0.019384, 0.3, 0.022837, -0.02021, 0.999535, -0.0, 0.0, 0.0, 0.0, 1.0],
                [0.999097, -0.035375, -0.023543, -0.0, 0.035834, 0.99917, 0.019384, 0.3, 0.022837, -0.02021, 0.999535, -0.0, 0.0, 0.0, 0.0, 1.0]
            ]
        },
        {
            "name": "Head",
            "time": [0.0, 1.3833],
            "transform": [
                [1.0, 0.0, -0.0, 0.0, 0.0, 1.0, 0.0, 0.4, 0.0, -0.0, 1.0, -0.0, 0.0, 0.0, 0.0, 1.0],
                [1.0, 0.0, 0.0, -0.0, -0.0, 1.0, 0.0, 0.4, -0.0, -0.0, 1.0, -0.0, 0.0, 0.0, 0.0, 1.0]
            ]
        },
        {
            "name": "Shoulder_R",
            "time": [0.0, 0.0167, 0.0333, 0.05, 0.0667, 0.0833, 0.1, 0.1167, 0.1333, 0.15, 0.1667, 0.1833, 0.2, 0.2167, 0.2333, 0.25, 0.2667, 0.2833, 0.3, 0.3167, 0.3333, 0.35, 0.3667, 0.3833, 0.4, 0.4167, 0.4333, 0.45, 0.4667, 0.4833, 0.5, 0.5167, 0.5333, 0.55, 0.5667, 0.5833, 0.6, 0.6167, 0.6333, 0.65, 0.6667, 0.6833, 0.7, 1.3833],
            "transform": [
                [-0.529524, 0.767562, 0.361183, 0.0, 0.128695, -0.348158, 0.92856, 0.4, 0.838476, 0.538177, 0.085577, -0.0, 0.0, 0.0, 0.0, 1.0],
                [-0.529513, 0.767823, 0.360642, 0.0, 0.128691, -0.347505, 0.928805, 0.4, 0.838483, 0.538226, 0.085196, -0.0, 0.0, 0.0, 0.0, 1.0],
                [-0.529482, 0.768584, 0.359064, -0.0, 0.12868, -0.345599, 0.929517, 0.4, 0.838505, 0.538367, 0.084087, -0.0, 0.0, 0.0, 0.0, 1.0],
                [-0.529432, 0.769806, 0.356511, 0.0, 0.128662, -0.342518, 0.93066, 0.4, 0.838539, 0.538591, 0.082295, -0.0, 0.0, 0.0, 0.0, 1.0],
                [-0.529366, 0.771447, 0.353046, -0.0, 0.128639, -0.338337, 0.932191, 0.4, 0.838584, 0.538886, 0.079866, 0.0, 0.0, 0.0, 0.0, 1.0],
                [-0.529285, 0.773462, 0.34873, -0.0, 0.128611, -0.333132, 0.934067, 0.4, 0.838639, 0.539239, 0.076846, 0.0, 0.0, 0.0, 0.0, 1.0],
                [-0.529192, 0.775808, 0.343624, 0.0, 0.12858, -0.326978, 0.936244, 0.4, 0.838703, 0.539636, 0.073281, -0.0, 0.0, 0.0, 0.0, 1.0],
                [-0.529088, 0.778437, 0.337788, -0.0, 0.128546, -0.319949, 0.938674, 0.4, 0.838773, 0.540063, 0.069216, -0.0, 0.0, 0.0, 0.0, 1.0],
                [-0.528976, 0.781304, 0.331283, -0.0, 0.12851, -0.312121, 0.941311, 0.4, 0.83885, 0.540504, 0.064699, -0.0, 0.0, 0.0, 0.0, 1.0],
                [-0.528857, 0.784361, 0.324171, -0.0, 0.128474, -0.303569, 0.944108, 0.4, 0.83893, 0.540946, 0.059774, 0.0, 0.0, 0.0, 0.0, 1.0],
                [-0.528734, 0.787566, 0.316513, 0.0, 0.128438, -0.294369, 0.947022, 0.4, 0.839014, 0.541375, 0.054489, -0.0, 0.0, 0.0, 0.0, 1.0],
                [-0.528607, 0.790872, 0.308374, -0.0, 0.128404, -0.284601, 0.950008, 0.4, 0.839098, 0.541778, 0.048891, -0.0, 0.0, 0.0, 0.0, 1.0],
                [-0.528481, 0.79424, 0.299818, 0.0, 0.128371, -0.274341, 0.953026, 0.4, 0.839183, 0.542144, 0.043027, -0.0, 0.0, 0.0, 0.0, 1.0],
                [-0.528355, 0.797628, 0.290911, 0.0, 0.12834, -0.263672, 0.956036, 0.4, 0.839267, 0.542463, 0.036945, 0.0, 0.0, 0.0, 0.0, 1.0],
                [-0.528234, 0.801001, 0.281721, -0.0, 0.128313, -0.252674, 0.959005, 0.4, 0.839348, 0.542728, 0.030692, 0.0, 0.0, 0.0, 0.0, 1.0],
                [-0.528118, 0.804323, 0.272316, 0.0, 0.128289, -0.241431, 0.9619, 0.4, 0.839424, 0.542933, 0.024318, -0.0, 0.0, 0.0, 0.0, 1.0],
                [-0.528011, 0.807563, 0.262766, 0.0, 0.12827, -0.230027, 0.964694, 0.4, 0.839495, 0.543074, 0.01787, 0.0, 0.0, 0.0, 0.0, 1.0],
                [-0.527913, 0.810695, 0.253144, 0.0, 0.128255, -0.218546, 0.967361, 0.4, 0.839558, 0.54315, 0.011398, -0.0, 0.0, 0.0, 0.0, 1.0],
                [-0.527827, 0.813692, 0.243522, -0.0, 0.128244, -0.207076, 0.969883, 0.4, 0.839613, 0.543161, 0.004949, 0.0, 0.0, 0.0, 0.0, 1.0],
                [-0.527757, 0.816535, 0.233973, 0.0, 0.128239, -0.195704, 0.972242, 0.4, 0.839659, 0.543112, -0.001427, 0.0, 0.0, 0.0, 0.0, 1.0],
                [-0.527703, 0.819205, 0.224572, 0.0, 0.128238, -0.184517, 0.974427, 0.4, 0.839693, 0.543007, -0.007683, 0.0, 0.0, 0.0, 0.0, 1.0],
                [-0.527668, 0.821688, 0.215394, 0.0, 0.128242, -0.173603, 0.97643, 0.4, 0.839714, 0.542854, -0.013771, 0.0, 0.0, 0.0, 0.0, 1.0],
                [-0.527654, 0.823974, 0.206515, 0.0, 0.128252, -0.163051, 0.978246, 0.4, 0.839722, 0.542661, -0.019642, -0.0, 0.0, 0.0, 0.0, 1.0],
                [-0.527664, 0.826052, 0.19801, 0.0, 0.128266, -0.152949, 0.979875, 0.4, 0.839713, 0.542442, -0.025249, -0.0, 0.0, 0.0, 0.0, 1.0],
                [-0.527699, 0.827919, 0.189956, -0.0, 0.128285, -0.143385, 0.981317, 0.4, 0.839688, 0.542208, -0.030546, 0.0, 0.0, 0.0, 0.0, 1.0],
                [-0.527762, 0.82957, 0.182428, -0.0, 0.12831, -0.134447, 0.982578, 0.4, 0.839645, 0.541975, -0.035486, 0.0, 0.0, 0.0, 0.0, 1.0],
                [-0.527855, 0.831004, 0.175503, -0.0, 0.128338, -0.126224, 0.983665, 0.4, 0.839582, 0.541756, -0.040022, 0.0, 0.0, 0.0, 0.0, 1.0],
                [-0.52798, 0.83222, 0.169256, 0.0, 0.128372, -0.118802, 0.984584, 0.4, 0.839498, 0.541569, -0.044109, -0.0, 0.0, 0.0, 0.0, 1.0],
                [-0.528139, 0.833217, 0.163763, -0.0, 0.128411, -0.112269, 0.985346, 0.4, 0.839392, 0.541429, -0.047701, 0.0, 0.0, 0.0, 0.0, 1.0],
                [-0.528335, 0.833996, 0.159099, 0.0, 0.128456, -0.106711, 0.985957, 0.4, 0.839262, 0.541353, -0.050752, 0.0, 0.0, 0.0, 0.0, 1.0],
                [-0.528569, 0.834557, 0.155337, -0.0, 0.128506, -0.102216, 0.986427, 0.4, 0.839107, 0.541357, -0.053217, -0.0, 0.0, 0.0, 0.0, 1.0],
                [-0.528844, 0.834896, 0.152554, -0.0, 0.128562, -0.098869, 0.986761, 0.4, 0.838925, 0.541455, -0.055049, 0.0, 0.0, 0.0, 0.0, 1.0],
                [-0.529161, 0.835009, 0.150823, -0.0, 0.128624, -0.096757, 0.986962, 0.4, 0.838715, 0.541662, -0.056202, 0.0, 0.0, 0.0, 0.0, 1.0],
                [-0.529524, 0.834889, 0.150216, -0.0, 0.128695, -0.095966, 0.98703, 0.4, 0.838476, 0.541988, -0.05663, -0.0, 0.0, 0.0, 0.0, 1.0],
                [-0.537283, 0.829919, 0.150202, 0.0, 0.129608, -0.094729, 0.98703, 0.4, 0.833384, 0.549782, -0.056668, -0.0, 0.0, 0.0, 0.0, 1.0],
                [-0.557227, 0.816664, 0.150194, -0.0, 0.131878, -0.091544, 0.98703, 0.4, 0.819821, 0.569807, -0.056689, -0.0, 0.0, 0.0, 0.0, 1.0],
                [-0.585379, 0.796727, 0.150193, -0.0, 0.134996, -0.086882, 0.98703, 0.4, 0.799442, 0.598062, -0.056696, 0.0, 0.0, 0.0, 0.0, 1.0],
                [-0.617775, 0.771877, 0.150196, 0.0, 0.138466, -0.081239, 0.987029, 0.4, 0.774067, 0.63056, -0.056691, 0.0, 0.0, 0.0, 0.0, 1.0],
                [-0.650684, 0.744345, 0.150201, -0.0, 0.141855, -0.075167, 0.987029, 0.4, 0.74598, 0.663552, -0.056679, -0.0, 0.0, 0.0, 0.0, 1.0],
                [-0.680779, 0.716922, 0.150207, -0.0, 0.144822, -0.069277, 0.987029, 0.4, 0.718029, 0.693703, -0.056663, -0.0, 0.0, 0.0, 0.0, 1.0],
                [-0.70522, 0.692893, 0.150212, 0.0, 0.147129, -0.064231, 0.98703, 0.4, 0.693554, 0.718174, -0.056647, -0.0, 0.0, 0.0, 0.0, 1.0],
                [-0.721576, 0.675842, 0.150215, -0.0, 0.148616, -0.060708, 0.98703, 0.4, 0.676196, 0.734542, -0.056635, -0.0, 0.0, 0.0, 0.0, 1.0],
                [-0.727566, 0.66939, 0.150216, 0.0, 0.149148, -0.059387, 0.98703, 0.4, 0.669629, 0.740534, -0.05663, -0.0, 0.0, 0.0, 0.0, 1.0],
                [-0.727566, 0.66939, 0.150216, -0.0, 0.149148, -0.059387, 0.98703, 0.4, 0.669629, 0.740534, -0.05663, -0.0, 0.0, 0.0, 0.0, 1.0]
            ]
        },
        {
            "name": "Arm_R",
