{
    "armature": {
        "joints": ["Root", "Thigh_R", "Leg_R", "Knee_R", "Thigh_L", "Leg_L", "Knee_L", "Torso", "Chest", "Head", "Shoulder_R", "Arm_R", "Hand_R", "Tool_R", "Elbow_R", "Shoulder_L", "Arm_L", "Hand_L", "Tool_L", "Elbow_L"],
        "hierarchy": [
            {
                "name": "Root",
                "transform": [1.0, 0.0, 0.0, -5e-06, 0.0, 0.0, -1.0, 0.000946, 0.0, 1.0, 0.0, 0.763972, 0.0, 0.0, 0.0, 1.0],
                "children": [
                    {
                        "name": "Thigh_R",
                        "transform": [1.0, -0.0, -0.0, 0.124994, -0.0, -1.0, 0.0, -0.002831, -0.0, -0.0, -1.0, -1.2e-05, 0.0, 0.0, 0.0, 1.0],
                        "children": [
                            {
                                "name": "Leg_R",
                                "transform": [1.0, 0.0, 1e-06, 0.0, -0.0, 1.0, 0.0, 0.37472, -1e-06, -0.0, 1.0, -0.0, 0.0, 0.0, 0.0, 1.0],
                                "children": []
                            },
                            {
                                "name": "Knee_R",
                                "transform": [1.0, 0.0, -0.0, 0.0, -0.0, 0.0, -1.0, 0.37472, -0.0, 1.0, 0.0, -0.0, 0.0, 0.0, 0.0, 1.0],
                                "children": []
                            }
                        ]
                    },
                    {
                        "name": "Thigh_L",
                        "transform": [1.0, -0.0, -0.0, -0.125006, -0.0, -1.0, 0.0, -0.002831, -0.0, -0.0, -1.0, -1.2e-05, 0.0, 0.0, 0.0, 1.0],
                        "children": [
                            {
                                "name": "Leg_L",
                                "transform": [1.0, 0.0, 1e-06, -0.0, -0.0, 1.0, 0.0, 0.37472, -1e-06, -0.0, 1.0, 0.0, 0.0, 0.0, 0.0, 1.0],
                                "children": []
                            },
                            {
                                "name": "Knee_L",
                                "transform": [1.0, 0.0, -0.0, -0.0, -0.0, 0.0, -1.0, 0.37472, -0.0, 1.0, 0.0, 0.0, 0.0, 0.0, 0.0, 1.0],
                                "children": []
                            }
                        ]
                    },
                    {
                        "name": "Torso",
                        "transform": [1.0, 0.0, 0.0, 0.0, 0.0, 1.0, 0.0, 0.05, 0.0, 0.0, 1.0, 0.0, 0.0, 0.0, 0.0, 1.0],
                        "children": [
                            {
                                "name": "Chest",
                                "transform": [1.0, 0.0, 0.0, 0.0, 0.0, 1.0, 0.0, 0.3, 0.0, 0.0, 1.0, 0.0, 0.0, 0.0, 0.0, 1.0],
                                "children": [
                                    {
                                        "name": "Head",
                                        "transform": [1.0, 0.0, 0.0, 0.0, 0.0, 1.0, 0.0, 0.4, 0.0, 0.0, 1.0, 0.0, 0.0, 0.0, 0.0, 1.0],
                                        "children": []
                                    },
                                    {
                                        "name": "Shoulder_R",
                                        "transform": [0.0, 0.952114, 0.305743, 0.0, 0.0, -0.305743, 0.952114, 0.4, 1.0, 0.0, -0.0, 0.0, 0.0, 0.0, 0.0, 1.0],
                                        "children": [
                                            {
                                                "name": "Arm_R",
                                                "transform": [0.0, -0.0, -1.0, -0.0, 0.952114, 0.305743, 0.0, 0.39386, 0.305743, -0.952114, 0.0, 0.0, 0.0, 0.0, 0.0, 1.0],
                                                "children": [
                                                    {
                                                        "name": "Hand_R",
                                                        "transform": [1.0, 0.0, 0.0, 0.0, -0.0, 0.993938, 0.109947, 0.3, -0.0, -0.109947, 0.993937, 0.0, 0.0, 0.0, 0.0, 1.0],
                                                        "children": [
                                                            {
                                                                "name": "Tool_R",
                                                                "transform": [1.0, 0.0, 0.0, -0.0, 0.0, -0.999836, 0.018122, 0.272858, 0.0, -0.018122, -0.999836, 0.0, 0.0, 0.0, 0.0, 1.0],
                                                                "children": []
                                                            }
                                                        ]
                                                    },
                                                    {
                                                        "name": "Elbow_R",
                                                        "transform": [-1.0, 0.0, -0.0, 0.0, 0.0, 0.0, -1.0, 0.3, -0.0, -1.0, -0.0, 0.0, 0.0, 0.0, 0.0, 1.0],
                                                        "children": []
                                                    }
                                                ]
                                            }
                                        ]
                                    },
                                    {
                                        "name": "Shoulder_L",
                                        "transform": [-0.0, -0.952114, -0.305743, 0.0, 0.0, -0.305743, 0.952114, 0.4, -1.0, 0.0, 0.0, 0.0, 0.0, 0.0, 0.0, 1.0],
                                        "children": [
                                            {
                                                "name": "Arm_L",
                                                "transform": [-0.0, -0.0, 1.0, -0.0, -0.952114, 0.305743, -0.0, 0.39386, -0.305743, -0.952114, -0.0, 0.0, 0.0, 0.0, 0.0, 1.0],
                                                "children": [
                                                    {
                                                        "name": "Hand_L",
                                                        "transform": [1.0, -0.0, 0.0, -0.0, 0.0, 0.993937, 0.109947, 0.3, -0.0, -0.109947, 0.993937, 0.0, 0.0, 0.0, 0.0, 1.0],
                                                        "children": [
                                                            {
                                                                "name": "Tool_L",
                                                                "transform": [1.0, 0.0, 0.0, -0.0, -0.0, -0.999836, 0.018122, 0.272858, 0.0, -0.018122, -0.999836, -0.0, 0.0, 0.0, 0.0, 1.0],
                                                                "children": []
                                                            }
                                                        ]
                                                    },
                                                    {
                                                        "name": "Elbow_L",
                                                        "transform": [-1.0, 0.0, -0.0, -0.0, 0.0, -0.0, -1.0, 0.3, -0.0, -1.0, 0.0, 0.0, 0.0, 0.0, 0.0, 1.0],
                                                        "children": []
                                                    }
                                                ]
                                            }
                                        ]
                                    }
                                ]
                            }
                        ]
                    }
                ]
            }
        ]
    },
    "animation": [
        {
            "name": "Root",
            "time": [0.0, 0.0167, 0.0333, 0.05, 0.0667, 0.0833, 0.1, 0.1167, 0.1333, 0.15, 0.1667, 0.1833, 0.2, 0.2167, 0.2333, 0.25, 0.2667, 0.2833, 0.3, 0.3167, 0.3333, 0.35, 0.3667, 0.3833, 0.4, 0.4167, 0.4333, 0.45, 0.4667, 0.4833, 0.5, 0.5167, 0.5333, 0.55, 0.5667, 0.5833, 0.6, 0.6167, 0.6333, 0.65, 0.6667, 0.6833, 0.7, 0.7167, 0.7333, 0.75, 0.7667, 0.7833, 0.8, 0.8167, 0.8333, 0.85, 0.8667, 0.8833, 0.9, 0.9167, 0.9333, 0.95, 0.9667, 0.9833, 1.0, 1.0167, 1.0333, 1.05, 1.0667, 1.0833, 1.1, 1.1167, 1.1333, 1.15, 1.1667, 1.1833, 1.2, 1.2167, 1.2333],
            "transform": [
                [1.0, 0.0, 0.0, -5e-06, 0.0, 0.0, -1.0, 0.000946, 0.0, 1.0, 0.0, 0.763972, 0.0, 0.0, 0.0, 1.0],
                [1.0, 0.0, 0.0, -5e-06, 0.0, 0.0, -1.0, 0.000969, 0.0, 1.0, 0.0, 0.763972, 0.0, 0.0, 0.0, 1.0],
                [1.0, 0.0, 0.0, -5e-06, 0.0, 0.0, -1.0, 0.001128, 0.0, 1.0, 0.0, 0.763972, 0.0, 0.0, 0.0, 1.0],
                [1.0, 0.0, 0.0, -5e-06, 0.0, 0.0, -1.0, 0.00156, 0.0, 1.0, 0.0, 0.763972, 0.0, 0.0, 0.0, 1.0],
                [1.0, 0.0, 0.0, -5e-06, 0.0, 0.0, -1.0, 0.002401, 0.0, 1.0, 0.0, 0.763972, 0.0, 0.0, 0.0, 1.0],
                [1.0, 0.0, 0.0, -5e-06, 0.0, 0.0, -1.0, 0.003787, 0.0, 1.0, 0.0, 0.763972, 0.0, 0.0, 0.0, 1.0],
                [1.0, 0.0, 0.0, -5e-06, 0.0, 0.0, -1.0, 0.005856, 0.0, 1.0, 0.0, 0.763972, 0.0, 0.0, 0.0, 1.0],
                [1.0, 0.0, 0.0, -5e-06, 0.0, 0.0, -1.0, 0.008742, 0.0, 1.0, 0.0, 0.763972, 0.0, 0.0, 0.0, 1.0],
                [1.0, 0.0, 0.0, -5e-06, 0.0, 0.0, -1.0, 0.012583, 0.0, 1.0, 0.0, 0.763972, 0.0, 0.0, 0.0, 1.0],
                [1.0, 0.0, 0.0, -5e-06, 0.0, 0.0, -1.0, 0.017515, 0.0, 1.0, 0.0, 0.763972, 0.0, 0.0, 0.0, 1.0],
                [1.0, 0.0, 0.0, -5e-06, 0.0, 0.0, -1.0, 0.023674, 0.0, 1.0, 0.0, 0.763972, 0.0, 0.0, 0.0, 1.0],
                [1.0, 0.0, 0.0, -5e-06, 0.0, 0.0, -1.0, 0.031197, 0.0, 1.0, 0.0, 0.763972, 0.0, 0.0, 0.0, 1.0],
                [1.0, 0.0, 0.0, -5e-06, 0.0, 0.0, -1.0, 0.04022, 0.0, 1.0, 0.0, 0.763972, 0.0, 0.0, 0.0, 1.0],
                [1.0, 0.0, 0.0, -5e-06, 0.0, 0.0, -1.0, 0.050879, 0.0, 1.0, 0.0, 0.763972, 0.0, 0.0, 0.0, 1.0],
                [1.0, 0.0, 0.0, -5e-06, 0.0, 0.0, -1.0, 0.063312, 0.0, 1.0, 0.0, 0.763972, 0.0, 0.0, 0.0, 1.0],
                [1.0, 0.0, 0.0, -5e-06, 0.0, 0.0, -1.0, 0.077653, 0.0, 1.0, 0.0, 0.763972, 0.0, 0.0, 0.0, 1.0],
                [1.0, 0.0, 0.0, -5e-06, 0.0, 0.0, -1.0, 0.09404, 0.0, 1.0, 0.0, 0.763972, 0.0, 0.0, 0.0, 1.0],
                [1.0, 0.0, 0.0, -5e-06, 0.0, 0.0, -1.0, 0.112608, 0.0, 1.0, 0.0, 0.763972, 0.0, 0.0, 0.0, 1.0],
                [1.0, 0.0, 0.0, -5e-06, 0.0, 0.0, -1.0, 0.133495, 0.0, 1.0, 0.0, 0.763972, 0.0, 0.0, 0.0, 1.0],
                [1.0, 0.0, 0.0, -5e-06, 0.0, 0.0, -1.0, 0.156837, 0.0, 1.0, 0.0, 0.763972, 0.0, 0.0, 0.0, 1.0],
                [1.0, 0.0, 0.0, -5e-06, 0.0, 0.0, -1.0, 0.182769, 0.0, 1.0, 0.0, 0.763972, 0.0, 0.0, 0.0, 1.0],
                [1.0, 0.0, 0.0, -5e-06, 0.0, 0.0, -1.0, 0.211429, 0.0, 1.0, 0.0, 0.763972, 0.0, 0.0, 0.0, 1.0],
                [1.0, 0.0, 0.0, -5e-06, 0.0, 0.0, -1.0, 0.242953, 0.0, 1.0, 0.0, 0.763972, 0.0, 0.0, 0.0, 1.0],
                [1.0, 0.0, 0.0, -5e-06, 0.0, 0.0, -1.0, 0.277476, 0.0, 1.0, 0.0, 0.763972, 0.0, 0.0, 0.0, 1.0],
                [1.0, 0.0, 0.0, -5e-06, 0.0, 0.0, -1.0, 0.315136, 0.0, 1.0, 0.0, 0.763972, 0.0, 0.0, 0.0, 1.0],
                [1.0, 0.0, 0.0, -5e-06, 0.0, 0.0, -1.0, 0.364051, 0.0, 1.0, 0.0, 0.763972, 0.0, 0.0, 0.0, 1.0],
                [1.0, 0.0, 0.0, -5e-06, 0.0, 0.0, -1.0, 0.43021, 0.0, 1.0, 0.0, 0.763972, 0.0, 0.0, 0.0, 1.0],
                [1.0, 0.0, 0.0, -5e-06, 0.0, 0.0, -1.0, 0.510559, 0.0, 1.0, 0.0, 0.763972, 0.0, 0.0, 0.0, 1.0],
                [1.0, 0.0, 0.0, -5e-06, 0.0, 0.0, -1.0, 0.60204, 0.0, 1.0, 0.0, 0.763972, 0.0, 0.0, 0.0, 1.0],
                [1.0, 0.0, 0.0, -5e-06, 0.0, 0.0, -1.0, 0.701599, 0.0, 1.0, 0.0, 0.763972, 0.0, 0.0, 0.0, 1.0],
                [1.0, 0.0, 0.0, -5e-06, 0.0, 0.0, -1.0, 0.806179, 0.0, 1.0, 0.0, 0.763972, 0.0, 0.0, 0.0, 1.0],
                [1.0, 0.0, 0.0, -5e-06, 0.0, 0.0, -1.0, 0.912725, 0.0, 1.0, 0.0, 0.763972, 0.0, 0.0, 0.0, 1.0],
                [1.0, 0.0, 0.0, -5e-06, 0.0, 0.0, -1.0, 1.01818, 0.0, 1.0, 0.0, 0.763972, 0.0, 0.0, 0.0, 1.0],
                [1.0, 0.0, 0.0, -5e-06, 0.0, 0.0, -1.0, 1.11949, 0.0, 1.0, 0.0, 0.763972, 0.0, 0.0, 0.0, 1.0],
                [1.0, 0.0, 0.0, -5e-06, 0.0, 0.0, -1.0, 1.213597, 0.0, 1.0, 0.0, 0.763972, 0.0, 0.0, 0.0, 1.0],
                [1.0, 0.0, 0.0, -5e-06, 0.0, 0.0, -1.0, 1.297446, 0.0, 1.0, 0.0, 0.763972, 0.0, 0.0, 0.0, 1.0],
                [1.0, 0.0, 0.0, -5e-06, 0.0, 0.0, -1.0, 1.367982, 0.0, 1.0, 0.0, 0.763972, 0.0, 0.0, 0.0, 1.0],
                [1.0, 0.0, 0.0, -5e-06, 0.0, 0.0, -1.0, 1.422148, 0.0, 1.0, 0.0, 0.763972, 0.0, 0.0, 0.0, 1.0],
                [1.0, 0.0, 0.0, -5e-06, 0.0, 0.0, -1.0, 1.456888, 0.0, 1.0, 0.0, 0.763972, 0.0, 0.0, 0.0, 1.0],
                [1.0, 0.0, 0.0, -5e-06, 0.0, 0.0, -1.0, 1.469148, 0.0, 1.0, 0.0, 0.763972, 0.0, 0.0, 0.0, 1.0],
                [1.0, 0.0, 0.0, -5e-06, 0.0, 0.0, -1.0, 1.469148, 0.0, 1.0, 0.0, 0.763972, 0.0, 0.0, 0.0, 1.0],
                [1.0, 0.0, 0.0, -5e-06, 0.0, 0.0, -1.0, 1.469148, 0.0, 1.0, 0.0, 0.763972, 0.0, 0.0, 0.0, 1.0],
                [1.0, 0.0, 0.0, -5e-06, 0.0, 0.0, -1.0, 1.469148, 0.0, 1.0, 0.0, 0.763972, 0.0, 0.0, 0.0, 1.0],
                [1.0, 0.0, 0.0, -5e-06, 0.0, 0.0, -1.0, 1.469148, 0.0, 1.0, 0.0, 0.763972, 0.0, 0.0, 0.0, 1.0],
                [1.0, 0.0, 0.0, -5e-06, 0.0, 0.0, -1.0, 1.469148, 0.0, 1.0, 0.0, 0.763972, 0.0, 0.0, 0.0, 1.0],
                [1.0, 0.0, 0.0, -5e-06, 0.0, 0.0, -1.0, 1.469148, 0.0, 1.0, 0.0, 0.763972, 0.0, 0.0, 0.0, 1.0],
                [1.0, 0.0, 0.0, -5e-06, 0.0, 0.0, -1.0, 1.469148, 0.0, 1.0, 0.0, 0.763972, 0.0, 0.0, 0.0, 1.0],
                [1.0, 0.0, 0.0, -5e-06, 0.0, 0.0, -1.0, 1.469148, 0.0, 1.0, 0.0, 0.763972, 0.0, 0.0, 0.0, 1.0],
                [1.0, 0.0, 0.0, -5e-06, 0.0, 0.0, -1.0, 1.469148, 0.0, 1.0, 0.0, 0.763972, 0.0, 0.0, 0.0, 1.0],
                [1.0, 0.0, 0.0, -5e-06, 0.0, 0.0, -1.0, 1.469148, 0.0, 1.0, 0.0, 0.763972, 0.0, 0.0, 0.0, 1.0],
                [1.0, 0.0, 0.0, -5e-06, 0.0, 0.0, -1.0, 1.469148, 0.0, 1.0, 0.0, 0.763972, 0.0, 0.0, 0.0, 1.0],
                [1.0, 0.0, 0.0, -5e-06, 0.0, 0.0, -1.0, 1.469148, 0.0, 1.0, 0.0, 0.763972, 0.0, 0.0, 0.0, 1.0],
                [1.0, 0.0, 0.0, -5e-06, 0.0, 0.0, -1.0, 1.469148, 0.0, 1.0, 0.0, 0.763972, 0.0, 0.0, 0.0, 1.0],
                [1.0, 0.0, 0.0, -5e-06, 0.0, 0.0, -1.0, 1.469148, 0.0, 1.0, 0.0, 0.763972, 0.0, 0.0, 0.0, 1.0],
                [1.0, 0.0, 0.0, -5e-06, 0.0, 0.0, -1.0, 1.469148, 0.0, 1.0, 0.0, 0.763972, 0.0, 0.0, 0.0, 1.0],
                [1.0, 0.0, 0.0, -5e-06, 0.0, 0.0, -1.0, 1.469148, 0.0, 1.0, 0.0, 0.763972, 0.0, 0.0, 0.0, 1.0],
                [1.0, 0.0, 0.0, -5e-06, 0.0, 0.0, -1.0, 1.469148, 0.0, 1.0, 0.0, 0.763972, 0.0, 0.0, 0.0, 1.0],
                [1.0, 0.0, 0.0, -5e-06, 0.0, 0.0, -1.0, 1.469148, 0.0, 1.0, 0.0, 0.763972, 0.0, 0.0, 0.0, 1.0],
                [1.0, 0.0, 0.0, -5e-06, 0.0, 0.0, -1.0, 1.469148, 0.0, 1.0, 0.0, 0.763972, 0.0, 0.0, 0.0, 1.0],
                [1.0, 0.0, 0.0, -5e-06, 0.0, 0.0, -1.0, 1.469148, 0.0, 1.0, 0.0, 0.763972, 0.0, 0.0, 0.0, 1.0],
                [1.0, 0.0, 0.0, -5e-06, 0.0, 0.0, -1.0, 1.469148, 0.0, 1.0, 0.0, 0.763972, 0.0, 0.0, 0.0, 1.0],
                [1.0, 0.0, 0.0, -5e-06, 0.0, 0.0, -1.0, 1.469148, 0.0, 1.0, 0.0, 0.763972, 0.0, 0.0, 0.0, 1.0],
                [1.0, 0.0, 0.0, -5e-06, 0.0, 0.0, -1.0, 1.469148, 0.0, 1.0, 0.0, 0.763972, 0.0, 0.0, 0.0, 1.0],
                [1.0, 0.0, 0.0, -5e-06, 0.0, 0.0, -1.0, 1.469148, 0.0, 1.0, 0.0, 0.763972, 0.0, 0.0, 0.0, 1.0],
                [1.0, 0.0, 0.0, -5e-06, 0.0, 0.0, -1.0, 1.469148, 0.0, 1.0, 0.0, 0.763972, 0.0, 0.0, 0.0, 1.0],
                [1.0, 0.0, 0.0, -5e-06, 0.0, 0.0, -1.0, 1.469148, 0.0, 1.0, 0.0, 0.763972, 0.0, 0.0, 0.0, 1.0],
                [1.0, 0.0, 0.0, -5e-06, 0.0, 0.0, -1.0, 1.469148, 0.0, 1.0, 0.0, 0.763972, 0.0, 0.0, 0.0, 1.0],
                [1.0, 0.0, 0.0, -5e-06, 0.0, 0.0, -1.0, 1.469148, 0.0, 1.0, 0.0, 0.763972, 0.0, 0.0, 0.0, 1.0],
                [1.0, 0.0, 0.0, -5e-06, 0.0, 0.0, -1.0, 1.469148, 0.0, 1.0, 0.0, 0.763972, 0.0, 0.0, 0.0, 1.0],
                [1.0, 0.0, 0.0, -5e-06, 0.0, 0.0, -1.0, 1.469148, 0.0, 1.0, 0.0, 0.763972, 0.0, 0.0, 0.0, 1.0],
                [1.0, 0.0, 0.0, -5e-06, 0.0, 0.0, -1.0, 1.469148, 0.0, 1.0, 0.0, 0.763972, 0.0, 0.0, 0.0, 1.0],
                [1.0, 0.0, 0.0, -5e-06, 0.0, 0.0, -1.0, 1.469148, 0.0, 1.0, 0.0, 0.763972, 0.0, 0.0, 0.0, 1.0],
                [1.0, 0.0, 0.0, -5e-06, 0.0, 0.0, -1.0, 1.469148, 0.0, 1.0, 0.0, 0.763972, 0.0, 0.0, 0.0, 1.0],
                [1.0, 0.0, 0.0, -5e-06, 0.0, 0.0, -1.0, 1.469148, 0.0, 1.0, 0.0, 0.763972, 0.0, 0.0, 0.0, 1.0],
                [1.0, 0.0, 0.0, -5e-06, 0.0, 0.0, -1.0, 1.469148, 0.0, 1.0, 0.0, 0.763972, 0.0, 0.0, 0.0, 1.0]
            ]
        },
        {
            "name": "Thigh_R",
            "time": [0.0, 0.0167, 0.0333, 0.05, 0.0667, 0.0833, 0.1, 0.1167, 0.1333, 0.15, 0.1667, 0.1833, 0.2, 0.2167, 0.2333, 0.25, 0.2667, 0.2833, 0.3, 0.3167, 0.3333, 0.35, 0.3667, 0.3833, 0.4, 0.4167, 0.4333, 0.45, 0.4667, 0.4833, 0.5, 0.5167, 0.5333, 0.55, 0.5667, 0.5833, 0.6, 0.6167, 0.6333, 0.65, 0.6667, 0.6833, 0.7, 0.7167, 0.7333, 0.75, 0.7667, 0.7833, 0.8, 0.8167, 0.8333, 0.85, 0.8667, 0.8833, 0.9, 0.9167, 0.9333, 0.95, 0.9667, 0.9833, 1.0, 1.0167, 1.0333, 1.05, 1.0667, 1.0833, 1.1, 1.1167, 1.1333, 1.15, 1.1667, 1.1833, 1.2, 1.2167, 1.2333],
            "transform": [
                [0.994941, 0.075686, -0.066061, 0.124994, 0.056671, -0.965802, -0.253009, -0.002831, -0.082951, 0.247985, -0.965206, -1.2e-05, 0.0, 0.0, 0.0, 1.0],
                [0.994942, 0.075457, -0.066314, 0.124994, 0.056639, -0.966575, -0.250049, -0.002831, -0.082965, 0.245029, -0.965959, -1.2e-05, 0.0, 0.0, 0.0, 1.0],
                [0.994943, 0.074786, -0.067045, 0.124994, 0.056549, -0.968767, -0.24144, -0.002831, -0.083007, 0.236427, -0.968097, -1.2e-05, 0.0, 0.0, 0.0, 1.0],
                [0.994946, 0.0737, -0.068204, 0.124994, 0.05641, -0.972129, -0.227558, -0.002831, -0.083074, 0.222561, -0.971373, -1.2e-05, 0.0, 0.0, 0.0, 1.0],
                [0.994948, 0.072213, -0.069738, 0.124994, 0.056231, -0.976348, -0.208763, -0.002831, -0.083164, 0.203787, -0.975477, -1.2e-05, 0.0, 0.0, 0.0, 1.0],
                [0.994951, 0.070343, -0.071589, 0.124994, 0.056021, -0.981064, -0.185404, -0.002831, -0.083275, 0.180458, -0.980051, -1.2e-05, 0.0, 0.0, 0.0, 1.0],
                [0.994953, 0.0681, -0.073697, 0.124994, 0.055788, -0.985887, -0.157843, -0.002831, -0.083407, 0.152935, -0.98471, -1.2e-05, 0.0, 0.0, 0.0, 1.0],
                [0.994954, 0.065502, -0.076001, 0.124994, 0.055543, -0.990415, -0.126461, -0.002831, -0.083556, 0.121601, -0.989056, -1.2e-05, 0.0, 0.0, 0.0, 1.0],
                [0.994954, 0.062566, -0.078435, 0.124994, 0.055295, -0.994253, -0.09167, -0.002831, -0.08372, 0.08687, -0.992696, -1.2e-05, 0.0, 0.0, 0.0, 1.0],
                [0.994953, 0.059316, -0.080938, 0.124994, 0.055054, -0.997026, -0.053922, -0.002831, -0.083896, 0.049193, -0.99526, -1.2e-05, 0.0, 0.0, 0.0, 1.0],
                [0.99495, 0.055783, -0.083447, 0.124994, 0.054827, -0.998402, -0.013707, -0.002831, -0.084078, 0.009062, -0.996418, -1.2e-05, 0.0, 0.0, 0.0, 1.0],
                [0.994945, 0.052003, -0.085904, 0.124994, 0.054624, -0.998102, 0.028444, -0.002831, -0.084262, -0.032993, -0.995897, -1.2e-05, 0.0, 0.0, 0.0, 1.0],
                [0.99494, 0.048021, -0.088257, 0.124994, 0.054452, -0.995919, 0.07197, -0.002831, -0.084441, -0.076411, -0.993494, -1.2e-05, 0.0, 0.0, 0.0, 1.0],
                [0.994933, 0.043888, -0.090458, 0.124994, 0.054319, -0.991729, 0.116284, -0.002831, -0.084607, -0.120608, -0.989088, -1.2e-05, 0.0, 0.0, 0.0, 1.0],
                [0.994925, 0.039663, -0.09247, 0.124994, 0.054232, -0.985497, 0.160792, -0.002831, -0.084751, -0.164991, -0.982647, -1.2e-05, 0.0, 0.0, 0.0, 1.0],
                [0.994917, 0.035409, -0.094263, 0.124994, 0.054195, -0.97728, 0.204904, -0.002831, -0.084866, -0.208971, -0.974232, -1.2e-05, 0.0, 0.0, 0.0, 1.0],
                [0.99491, 0.031192, -0.095817, 0.124994, 0.054213, -0.967229, 0.248048, -0.002831, -0.08494, -0.25198, -0.963997, -1.2e-05, 0.0, 0.0, 0.0, 1.0],
                [0.994904, 0.02708, -0.097124, 0.124994, 0.054289, -0.955581, 0.289686, -0.002831, -0.084965, -0.293482, -0.952181, -1.2e-05, 0.0, 0.0, 0.0, 1.0],
                [0.994899, 0.023143, -0.098182, 0.124994, 0.054427, -0.942647, 0.329323, -0.002831, -0.08493, -0.332987, -0.939099, -1.2e-05, 0.0, 0.0, 0.0, 1.0],
                [0.994897, 0.019448, -0.099002, 0.124994, 0.054628, -0.928806, 0.366516, -0.002831, -0.084825, -0.370054, -0.92513, -1.2e-05, 0.0, 0.0, 0.0, 1.0],
                [0.994898, 0.016062, -0.099598, 0.124994, 0.054895, -0.914485, 0.400878, -0.002831, -0.084642, -0.4043, -0.910701, -1.2e-05, 0.0, 0.0, 0.0, 1.0],
                [0.994903, 0.013046, -0.099993, 0.124994, 0.05523, -0.900145, 0.432075, -0.002831, -0.084371, -0.435395, -0.896277, -1.2e-05, 0.0, 0.0, 0.0, 1.0],
                [0.994911, 0.010462, -0.100212, 0.124994, 0.055635, -0.886265, 0.459824, -0.002831, -0.084004, -0.463059, -0.882338, -1.2e-05, 0.0, 0.0, 0.0, 1.0],
                [0.994924, 0.008364, -0.100282, 0.124994, 0.056114, -0.873334, 0.483878, -0.002831, -0.083533, -0.487049, -0.869371, -1.2e-05, 0.0, 0.0, 0.0, 1.0],
                [0.994941, 0.006806, -0.10023, 0.124994, 0.056671, -0.86183, 0.504021, -0.002831, -0.082951, -0.507151, -0.857856, -1.2e-05, 0.0, 0.0, 0.0, 1.0],
                [0.994959, 0.005643, -0.100122, 0.124994, 0.05722, -0.851874, 0.520611, -0.002831, -0.082353, -0.523716, -0.847903, -1.2e-05, 0.0, 0.0, 0.0, 1.0],
                [0.994975, 0.004679, -0.100013, 0.124994, 0.057679, -0.843278, 0.534374, -0.002831, -0.081838, -0.537458, -0.83931, -1.2e-05, 0.0, 0.0, 0.0, 1.0],
                [0.994989, 0.003893, -0.09991, 0.124994, 0.058059, -0.836013, 0.545629, -0.002831, -0.081402, -0.548695, -0.83205, -1.2e-05, 0.0, 0.0, 0.0, 1.0],
                [0.995, 0.003266, -0.099819, 0.124994, 0.058369, -0.83002, 0.55467, -0.002831, -0.08104, -0.557724, -0.826061, -1.2e-05, 0.0, 0.0, 0.0, 1.0],
                [0.99501, 0.002781, -0.099741, 0.124994, 0.058619, -0.825213, 0.561771, -0.002831, -0.080746, -0.564814, -0.821258, -1.2e-05, 0.0, 0.0, 0.0, 1.0],
                [0.995017, 0.002417, -0.099678, 0.124994, 0.058815, -0.821487, 0.567185, -0.002831, -0.080514, -0.570221, -0.817536, -1.2e-05, 0.0, 0.0, 0.0, 1.0],
                [0.995022, 0.002158, -0.09963, 0.124994, 0.058964, -0.818722, 0.571154, -0.002831, -0.080337, -0.574186, -0.814774, -1.2e-05, 0.0, 0.0, 0.0, 1.0],
                [0.995026, 0.001985, -0.099595, 0.124994, 0.059074, -0.816786, 0.573909, -0.002831, -0.080209, -0.576938, -0.81284, -1.2e-05, 0.0, 0.0, 0.0, 1.0],
                [0.995029, 0.001881, -0.099572, 0.124994, 0.059149, -0.815538, 0.575672, -0.002831, -0.080122, -0.5787, -0.811595, -1.2e-05, 0.0, 0.0, 0.0, 1.0],
                [0.99503, 0.001828, -0.099559, 0.124994, 0.059196, -0.814834, 0.576664, -0.002831, -0.08007, -0.579692, -0.810892, -1.2e-05, 0.0, 0.0, 0.0, 1.0],
                [0.995031, 0.00181, -0.099553, 0.124994, 0.05922, -0.814523, 0.577101, -0.002831, -0.080044, -0.580128, -0.810583, -1.2e-05, 0.0, 0.0, 0.0, 1.0],
                [0.995031, 0.001807, -0.099551, 0.124994, 0.059227, -0.814453, 0.577198, -0.002831, -0.080037, -0.580226, -0.810513, -1.2e-05, 0.0, 0.0, 0.0, 1.0],
                [0.995031, 0.001807, -0.099551, 0.124994, 0.059227, -0.814453, 0.577198, -0.002831, -0.080037, -0.580226, -0.810513, -1.2e-05, 0.0, 0.0, 0.0, 1.0],
                [0.995031, 0.001807, -0.099551, 0.124994, 0.059227, -0.814453, 0.577198, -0.002831, -0.080037, -0.580226, -0.810513, -1.2e-05, 0.0, 0.0, 0.0, 1.0],
                [0.995031, 0.001807, -0.099551, 0.124994, 0.059227, -0.814453, 0.577198, -0.002831, -0.080037, -0.580226, -0.810513, -1.2e-05, 0.0, 0.0, 0.0, 1.0],
                [0.995031, 0.001807, -0.099551, 0.124994, 0.059227, -0.814453, 0.577198, -0.002831, -0.080037, -0.580226, -0.810513, -1.2e-05, 0.0, 0.0, 0.0, 1.0],
                [0.995031, 0.001807, -0.099551, 0.124994, 0.059227, -0.814453, 0.577198, -0.002831, -0.080037, -0.580226, -0.810513, -1.2e-05, 0.0, 0.0, 0.0, 1.0],
                [0.995031, 0.001807, -0.099551, 0.124994, 0.059227, -0.814453, 0.577198, -0.002831, -0.080037, -0.580226, -0.810513, -1.2e-05, 0.0, 0.0, 0.0, 1.0],
                [0.995031, 0.001807, -0.099551, 0.124994, 0.059227, -0.814453, 0.577198, -0.002831, -0.080037, -0.580226, -0.810513, -1.2e-05, 0.0, 0.0, 0.0, 1.0],
                [0.995031, 0.001807, -0.099551, 0.124994, 0.059227, -0.814453, 0.577198, -0.002831, -0.080037, -0.580226, -0.810513, -1.2e-05, 0.0, 0.0, 0.0, 1.0],
                [0.995031, 0.001807, -0.099551, 0.124994, 0.059227, -0.814453, 0.577198, -0.002831, -0.080037, -0.580226, -0.810513, -1.2e-05, 0.0, 0.0, 0.0, 1.0],
                [0.995031, 0.001807, -0.099551, 0.124994, 0.059227, -0.814453, 0.577198, -0.002831, -0.080037, -0.580226, -0.810513, -1.2e-05, 0.0, 0.0, 0.0, 1.0],
                [0.995031, 0.001807, -0.099551, 0.124994, 0.059227, -0.814453, 0.577198, -0.002831, -0.080037, -0.580226, -0.810513, -1.2e-05, 0.0, 0.0, 0.0, 1.0],
                [0.995031, 0.001807, -0.099551, 0.124994, 0.059227, -0.814453, 0.577198, -0.002831, -0.080037, -0.580226, -0.810513, -1.2e-05, 0.0, 0.0, 0.0, 1.0],
                [0.995031, 0.001807, -0.099551, 0.124994, 0.059227, -0.814453, 0.577198, -0.002831, -0.080037, -0.580226, -0.810513, -1.2e-05, 0.0, 0.0, 0.0, 1.0],
                [0.995031, 0.001807, -0.099551, 0.124994, 0.059227, -0.814453, 0.577198, -0.002831, -0.080037, -0.580226, -0.810513, -1.2e-05, 0.0, 0.0, 0.0, 1.0],
                [0.995031, 0.001807, -0.099551, 0.124994, 0.059227, -0.814453, 0.577198, -0.002831, -0.080037, -0.580226, -0.810513, -1.2e-05, 0.0, 0.0, 0.0, 1.0],
                [0.995031, 0.001807, -0.099551, 0.124994, 0.059227, -0.814453, 0.577198, -0.002831, -0.080037, -0.580226, -0.810513, -1.2e-05, 0.0, 0.0, 0.0, 1.0],
                [0.995031, 0.001807, -0.099551, 0.124994, 0.059227, -0.814453, 0.577198, -0.002831, -0.080037, -0.580226, -0.810513, -1.2e-05, 0.0, 0.0, 0.0, 1.0],
                [0.995031, 0.001807, -0.099551, 0.124994, 0.059227, -0.814453, 0.577198, -0.002831, -0.080037, -0.580226, -0.810513, -1.2e-05, 0.0, 0.0, 0.0, 1.0],
                [0.995031, 0.001807, -0.099551, 0.124994, 0.059227, -0.814453, 0.577198, -0.002831, -0.080037, -0.580226, -0.810513, -1.2e-05, 0.0, 0.0, 0.0, 1.0],
                [0.995031, 0.001807, -0.099551, 0.124994, 0.059227, -0.814453, 0.577198, -0.002831, -0.080037, -0.580226, -0.810513, -1.2e-05, 0.0, 0.0, 0.0, 1.0],
                [0.995031, 0.001807, -0.099551, 0.124994, 0.059227, -0.814453, 0.577198, -0.002831, -0.080037, -0.580226, -0.810513, -1.2e-05, 0.0, 0.0, 0.0, 1.0],
                [0.995031, 0.001807, -0.099551, 0.124994, 0.059227, -0.814453, 0.577198, -0.002831, -0.080037, -0.580226, -0.810513, -1.2e-05, 0.0, 0.0, 0.0, 1.0],
                [0.995031, 0.001807, -0.099551, 0.124994, 0.059227, -0.814453, 0.577198, -0.002831, -0.080037, -0.580226, -0.810513, -1.2e-05, 0.0, 0.0, 0.0, 1.0],
                [0.995031, 0.001807, -0.099551, 0.124994, 0.059227, -0.814453, 0.577198, -0.002831, -0.080037, -0.580226, -0.810513, -1.2e-05, 0.0, 0.0, 0.0, 1.0],
                [0.995031, 0.001807, -0.099551, 0.124994, 0.059227, -0.814453, 0.577198, -0.002831, -0.080037, -0.580226, -0.810513, -1.2e-05, 0.0, 0.0, 0.0, 1.0],
                [0.995031, 0.001807, -0.099551, 0.124994, 0.059227, -0.814453, 0.577198, -0.002831, -0.080037, -0.580226, -0.810513, -1.2e-05, 0.0, 0.0, 0.0, 1.0],
                [0.995031, 0.001807, -0.099551, 0.124994, 0.059227, -0.814453, 0.577198, -0.002831, -0.080037, -0.580226, -0.810513, -1.2e-05, 0.0, 0.0, 0.0, 1.0],
                [0.995031, 0.001807, -0.099551, 0.124994, 0.059227, -0.814453, 0.577198, -0.002831, -0.080037, -0.580226, -0.810513, -1.2e-05, 0.0, 0.0, 0.0, 1.0],
                [0.995031, 0.001807, -0.099551, 0.124994, 0.059227, -0.814453, 0.577198, -0.002831, -0.080037, -0.580226, -0.810513, -1.2e-05, 0.0, 0.0, 0.0, 1.0],
                [0.995031, 0.001807, -0.099551, 0.124994, 0.059227, -0.814453, 0.577198, -0.002831, -0.080037, -0.580226, -0.810513, -1.2e-05, 0.0, 0.0, 0.0, 1.0],
                [0.995031, 0.001807, -0.099551, 0.124994, 0.059227, -0.814453, 0.577198, -0.002831, -0.080037, -0.580226, -0.810513, -1.2e-05, 0.0, 0.0, 0.0, 1.0],
                [0.995031, 0.001807, -0.099551, 0.124994, 0.059227, -0.814453, 0.577198, -0.002831, -0.080037, -0.580226, -0.810513, -1.2e-05, 0.0, 0.0, 0.0, 1.0],
                [0.995031, 0.001807, -0.099551, 0.124994, 0.059227, -0.814453, 0.577198, -0.002831, -0.080037, -0.580226, -0.810513, -1.2e-05, 0.0, 0.0, 0.0, 1.0],
                [0.995031, 0.001807, -0.099551, 0.124994, 0.059227, -0.814453, 0.577198, -0.002831, -0.080037, -0.580226, -0.810513, -1.2e-05, 0.0, 0.0, 0.0, 1.0],
                [0.995031, 0.001807, -0.099551, 0.124994, 0.059227, -0.814453, 0.577198, -0.002831, -0.080037, -0.580226, -0.810513, -1.2e-05, 0.0, 0.0, 0.0, 1.0],
                [0.995031, 0.001807, -0.099551, 0.124994, 0.059227, -0.814453, 0.577198, -0.002831, -0.080037, -0.580226, -0.810513, -1.2e-05, 0.0, 0.0, 0.0, 1.0],
                [0.995031, 0.001807, -0.099551, 0.124994, 0.059227, -0.814453, 0.577198, -0.002831, -0.080037, -0.580226, -0.810513, -1.2e-05, 0.0, 0.0, 0.0, 1.0],
                [0.995031, 0.001807, -0.099551, 0.124994, 0.059227, -0.814453, 0.577198, -0.002831, -0.080037, -0.580226, -0.810513, -1.2e-05, 0.0, 0.0, 0.0, 1.0]
            ]
        },
        {
            "name": "Leg_R",
            "time": [0.0, 0.0167, 0.0333, 0.05, 0.0667, 0.0833, 0.1, 0.1167, 0.1333, 0.15, 0.1667, 0.1833, 0.2, 0.2167, 0.2333, 0.25, 0.2667, 0.2833, 0.3, 0.3167, 0.3333, 0.35, 0.3667, 0.3833, 0.4, 0.4167, 0.4333, 0.45, 0.4667, 0.4833, 0.5, 0.5167, 0.5333, 0.55, 0.5667, 0.5833, 0.6, 0.6167, 0.6333, 0.65, 0.6667, 0.6833, 0.7, 0.7167, 0.7333, 0.75, 0.7667, 0.7833, 0.8, 0.8167, 0.8333, 0.85, 0.8667, 0.8833, 0.9, 0.9167, 0.9333, 0.95, 0.9667, 0.9833, 1.0, 1.0167, 1.0333, 1.05, 1.0667, 1.0833, 1.1, 1.1167, 1.1333, 1.15, 1.1667, 1.1833, 1.2, 1.2167, 1.2333],
            "transform": [
                [1.0, 0.0, 1e-06, -0.0, -0.0, 0.939692, 0.342021, 0.37472, -1e-06, -0.342021, 0.939692, -0.0, 0.0, 0.0, 0.0, 1.0],
                [1.0, 0.0, 1e-06, 0.0, -0.0, 0.939692, 0.342021, 0.37472, -1e-06, -0.342021, 0.939693, -0.0, 0.0, 0.0, 0.0, 1.0],
                [1.0, 0.0, 1e-06, -0.0, -0.0, 0.939693, 0.342021, 0.37472, -1e-06, -0.342021, 0.939692, -0.0, 0.0, 0.0, 0.0, 1.0],
                [1.0, 0.0, 1e-06, 0.0, -0.0, 0.939693, 0.342021, 0.37472, -1e-06, -0.342021, 0.939692, 0.0, 0.0, 0.0, 0.0, 1.0],
                [1.0, 0.0, 1e-06, 0.0, -0.0, 0.939693, 0.342021, 0.37472, -1e-06, -0.342021, 0.939692, 0.0, 0.0, 0.0, 0.0, 1.0],
                [1.0, 0.0, 1e-06, -0.0, -0.0, 0.939692, 0.342021, 0.37472, -1e-06, -0.342021, 0.939692, -0.0, 0.0, 0.0, 0.0, 1.0],
                [1.0, 0.0, 1e-06, 0.0, -0.0, 0.939693, 0.342021, 0.37472, -1e-06, -0.342021, 0.939693, 0.0, 0.0, 0.0, 0.0, 1.0],
                [1.0, 0.0, 1e-06, 0.0, -0.0, 0.939693, 0.342021, 0.37472, -1e-06, -0.342021, 0.939692, 0.0, 0.0, 0.0, 0.0, 1.0],
                [1.0, 0.0, 1e-06, 0.0, -0.0, 0.939692, 0.342021, 0.37472, -1e-06, -0.342021, 0.939693, 0.0, 0.0, 0.0, 0.0, 1.0],
                [1.0, 0.0, 1e-06, 0.0, -0.0, 0.939693, 0.342021, 0.37472, -1e-06, -0.342021, 0.939692, -0.0, 0.0, 0.0, 0.0, 1.0],
                [1.0, 0.0, 1e-06, 0.0, -0.0, 0.939693, 0.342021, 0.37472, -1e-06, -0.342021, 0.939692, 0.0, 0.0, 0.0, 0.0, 1.0],
                [1.0, 0.0, 1e-06, -0.0, -0.0, 0.939692, 0.342021, 0.37472, -1e-06, -0.342021, 0.939692, 0.0, 0.0, 0.0, 0.0, 1.0],
                [1.0, 0.0, 1e-06, -0.0, -0.0, 0.939692, 0.342021, 0.37472, -1e-06, -0.342021, 0.939692, -0.0, 0.0, 0.0, 0.0, 1.0],
                [1.0, 0.0, 1e-06, -0.0, -0.0, 0.939693, 0.342021, 0.37472, -1e-06, -0.342021, 0.939692, -0.0, 0.0, 0.0, 0.0, 1.0],
                [1.0, 0.0, 1e-06, -0.0, -0.0, 0.939693, 0.342021, 0.37472, -1e-06, -0.342021, 0.939693, -0.0, 0.0, 0.0, 0.0, 1.0],
                [1.0, 0.0, 1e-06, 0.0, -0.0, 0.939692, 0.342021, 0.37472, -1e-06, -0.342021, 0.939692, -0.0, 0.0, 0.0, 0.0, 1.0],
                [1.0, 0.0, 1e-06, 0.0, -0.0, 0.939692, 0.342021, 0.37472, -1e-06, -0.342021, 0.939692, -0.0, 0.0, 0.0, 0.0, 1.0],
                [1.0, 0.0, 1e-06, -0.0, -0.0, 0.939692, 0.342021, 0.37472, -1e-06, -0.342021, 0.939692, -0.0, 0.0, 0.0, 0.0, 1.0],
                [1.0, 0.0, 1e-06, 0.0, -0.0, 0.939692, 0.342021, 0.37472, -1e-06, -0.342021, 0.939692, 0.0, 0.0, 0.0, 0.0, 1.0],
                [1.0, 0.0, 1e-06, 0.0, -0.0, 0.939693, 0.342021, 0.37472, -1e-06, -0.342021, 0.939693, 0.0, 0.0, 0.0, 0.0, 1.0],
                [1.0, 0.0, 1e-06, -0.0, -0.0, 0.939692, 0.342021, 0.37472, -1e-06, -0.342021, 0.939693, 0.0, 0.0, 0.0, 0.0, 1.0],
                [1.0, 0.0, 1e-06, 0.0, -0.0, 0.939692, 0.342021, 0.37472, -1e-06, -0.342021, 0.939692, -0.0, 0.0, 0.0, 0.0, 1.0],
                [1.0, 0.0, 1e-06, 0.0, -0.0, 0.939693, 0.342021, 0.37472, -1e-06, -0.342021, 0.939692, -0.0, 0.0, 0.0, 0.0, 1.0],
                [1.0, 0.0, 1e-06, 0.0, -0.0, 0.939693, 0.342021, 0.37472, -1e-06, -0.342021, 0.939692, 0.0, 0.0, 0.0, 0.0, 1.0],
                [1.0, 0.0, 1e-06, 0.0, -0.0, 0.939693, 0.342021, 0.37472, -1e-06, -0.342021, 0.939692, -0.0, 0.0, 0.0, 0.0, 1.0],
                [1.0, 0.0, 1e-06, -0.0, -0.0, 0.939693, 0.342021, 0.37472, -1e-06, -0.342021, 0.939692, -0.0, 0.0, 0.0, 0.0, 1.0],
                [1.0, 0.0, 1e-06, -0.0, -0.0, 0.939693, 0.342021, 0.37472, -1e-06, -0.342021, 0.939693, 0.0, 0.0, 0.0, 0.0, 1.0],
                [1.0, 0.0, 1e-06, 0.0, -0.0, 0.939692, 0.342021, 0.37472, -1e-06, -0.342021, 0.939692, 0.0, 0.0, 0.0, 0.0, 1.0],
                [1.0, 0.0, 1e-06, -0.0, -0.0, 0.939692, 0.342021, 0.37472, -1e-06, -0.342021, 0.939692, 0.0, 0.0, 0.0, 0.0, 1.0],
                [1.0, 0.0, 1e-06, -0.0, -0.0, 0.939692, 0.342021, 0.37472, -1e-06, -0.342021, 0.939692, -0.0, 0.0, 0.0, 0.0, 1.0],
                [1.0, 0.0, 1e-06, 0.0, -0.0, 0.939692, 0.342021, 0.37472, -1e-06, -0.342021, 0.939693, 0.0, 0.0, 0.0, 0.0, 1.0],
                [1.0, 0.0, 1e-06, 0.0, -0.0, 0.939692, 0.342021, 0.37472, -1e-06, -0.342021, 0.939692, 0.0, 0.0, 0.0, 0.0, 1.0],
                [1.0, 0.0, 1e-06, -0.0, -0.0, 0.939692, 0.342021, 0.37472, -1e-06, -0.342021, 0.939693, -0.0, 0.0, 0.0, 0.0, 1.0],
                [1.0, 0.0, 1e-06, -0.0, -0.0, 0.939692, 0.342021, 0.37472, -1e-06, -0.342021, 0.939692, -0.0, 0.0, 0.0, 0.0, 1.0],
                [1.0, 0.0, 1e-06, 0.0, -0.0, 0.939692, 0.342021, 0.37472, -1e-06, -0.342021, 0.939693, 0.0, 0.0, 0.0, 0.0, 1.0],
                [1.0, 0.0, 1e-06, -0.0, -0.0, 0.939693, 0.342021, 0.37472, -1e-06, -0.342021, 0.939693, -0.0, 0.0, 0.0, 0.0, 1.0],
                [1.0, 0.0, 1e-06, -0.0, -0.0, 0.939692, 0.342021, 0.37472, -1e-06, -0.342021, 0.939693, 0.0, 0.0, 0.0, 0.0, 1.0],
                [1.0, 0.0, 1e-06, -0.0, -0.0, 0.939692, 0.342021, 0.37472, -1e-06, -0.342021, 0.939693, 0.0, 0.0, 0.0, 0.0, 1.0],
                [1.0, 0.0, 1e-06, -0.0, -0.0, 0.939692, 0.342021, 0.37472, -1e-06, -0.342021, 0.939693, 0.0, 0.0, 0.0, 0.0, 1.0],
                [1.0, 0.0, 1e-06, 0.0, -0.0, 0.939692, 0.342021, 0.37472, -1e-06, -0.342021, 0.939693, -0.0, 0.0, 0.0, 0.0, 1.0],
                [1.0, 0.0, 1e-06, 0.0, -0.0, 0.939692, 0.342021, 0.37472, -1e-06, -0.342021, 0.939693, -0.0, 0.0, 0.0, 0.0, 1.0],
                [1.0, 0.0, 1e-06, 0.0, -0.0, 0.939692, 0.342021, 0.37472, -1e-06, -0.342021, 0.939693, -0.0, 0.0, 0.0, 0.0, 1.0],
                [1.0, 0.0, 1e-06, 0.0, -0.0, 0.939692, 0.342021, 0.37472, -1e-06, -0.342021, 0.939693, -0.0, 0.0, 0.0, 0.0, 1.0],
                [1.0, 0.0, 1e-06, 0.0, -0.0, 0.939692, 0.342021, 0.37472, -1e-06, -0.342021, 0.939693, -0.0, 0.0, 0.0, 0.0, 1.0],
                [1.0, 0.0, 1e-06, 0.0, -0.0, 0.939692, 0.342021, 0.37472, -1e-06, -0.342021, 0.939693, -0.0, 0.0, 0.0, 0.0, 1.0],
                [1.0, 0.0, 1e-06, 0.0, -0.0, 0.939692, 0.342021, 0.37472, -1e-06, -0.342021, 0.939693, -0.0, 0.0, 0.0, 0.0, 1.0],
                [1.0, 0.0, 1e-06, 0.0, -0.0, 0.939692, 0.342021, 0.37472, -1e-06, -0.342021, 0.939693, -0.0, 0.0, 0.0, 0.0, 1.0],
                [1.0, 0.0, 1e-06, 0.0, -0.0, 0.939692, 0.342021, 0.37472, -1e-06, -0.342021, 0.939693, -0.0, 0.0, 0.0, 0.0, 1.0],
                [1.0, 0.0, 1e-06, 0.0, -0.0, 0.939692, 0.342021, 0.37472, -1e-06, -0.342021, 0.939693, -0.0, 0.0, 0.0, 0.0, 1.0],
                [1.0, 0.0, 1e-06, 0.0, -0.0, 0.939692, 0.342021, 0.37472, -1e-06, -0.342021, 0.939693, -0.0, 0.0, 0.0, 0.0, 1.0],
                [1.0, 0.0, 1e-06, 0.0, -0.0, 0.939692, 0.342021, 0.37472, -1e-06, -0.342021, 0.939693, -0.0, 0.0, 0.0, 0.0, 1.0],
                [1.0, 0.0, 1e-06, 0.0, -0.0, 0.939692, 0.342021, 0.37472, -1e-06, -0.342021, 0.939693, -0.0, 0.0, 0.0, 0.0, 1.0],
                [1.0, 0.0, 1e-06, 0.0, -0.0, 0.939692, 0.342021, 0.37472, -1e-06, -0.342021, 0.939693, -0.0, 0.0, 0.0, 0.0, 1.0],
                [1.0, 0.0, 1e-06, 0.0, -0.0, 0.939692, 0.342021, 0.37472, -1e-06, -0.342021, 0.939693, -0.0, 0.0, 0.0, 0.0, 1.0],
                [1.0, 0.0, 1e-06, 0.0, -0.0, 0.939692, 0.342021, 0.37472, -1e-06, -0.342021, 0.939693, -0.0, 0.0, 0.0, 0.0, 1.0],
                [1.0, 0.0, 1e-06, 0.0, -0.0, 0.939692, 0.342021, 0.37472, -1e-06, -0.342021, 0.939693, -0.0, 0.0, 0.0, 0.0, 1.0],
                [1.0, 0.0, 1e-06, 0.0, -0.0, 0.939692, 0.342021, 0.37472, -1e-06, -0.342021, 0.939693, -0.0, 0.0, 0.0, 0.0, 1.0],
                [1.0, 0.0, 1e-06, 0.0, -0.0, 0.939692, 0.342021, 0.37472, -1e-06, -0.342021, 0.939693, -0.0, 0.0, 0.0, 0.0, 1.0],
                [1.0, 0.0, 1e-06, 0.0, -0.0, 0.939692, 0.342021, 0.37472, -1e-06, -0.342021, 0.939693, -0.0, 0.0, 0.0, 0.0, 1.0],
                [1.0, 0.0, 1e-06, 0.0, -0.0, 0.939692, 0.342021, 0.37472, -1e-06, -0.342021, 0.939693, -0.0, 0.0, 0.0, 0.0, 1.0],
                [1.0, 0.0, 1e-06, 0.0, -0.0, 0.939692, 0.342021, 0.37472, -1e-06, -0.342021, 0.939693, -0.0, 0.0, 0.0, 0.0, 1.0],
                [1.0, 0.0, 1e-06, 0.0, -0.0, 0.939692, 0.342021, 0.37472, -1e-06, -0.342021, 0.939693, -0.0, 0.0, 0.0, 0.0, 1.0],
                [1.0, 0.0, 1e-06, 0.0, -0.0, 0.939692, 0.342021, 0.37472, -1e-06, -0.342021, 0.939693, -0.0, 0.0, 0.0, 0.0, 1.0],
                [1.0, 0.0, 1e-06, 0.0, -0.0, 0.939692, 0.342021, 0.37472, -1e-06, -0.342021, 0.939693, -0.0, 0.0, 0.0, 0.0, 1.0],
                [1.0, 0.0, 1e-06, 0.0, -0.0, 0.939692, 0.342021, 0.37472, -1e-06, -0.342021, 0.939693, -0.0, 0.0, 0.0, 0.0, 1.0],
                [1.0, 0.0, 1e-06, 0.0, -0.0, 0.939692, 0.342021, 0.37472, -1e-06, -0.342021, 0.939693, -0.0, 0.0, 0.0, 0.0, 1.0],
                [1.0, 0.0, 1e-06, 0.0, -0.0, 0.939692, 0.342021, 0.37472, -1e-06, -0.342021, 0.939693, -0.0, 0.0, 0.0, 0.0, 1.0],
                [1.0, 0.0, 1e-06, 0.0, -0.0, 0.939692, 0.342021, 0.37472, -1e-06, -0.342021, 0.939693, -0.0, 0.0, 0.0, 0.0, 1.0],
                [1.0, 0.0, 1e-06, 0.0, -0.0, 0.939692, 0.342021, 0.37472, -1e-06, -0.342021, 0.939693, -0.0, 0.0, 0.0, 0.0, 1.0],
                [1.0, 0.0, 1e-06, 0.0, -0.0, 0.939692, 0.342021, 0.37472, -1e-06, -0.342021, 0.939693, -0.0, 0.0, 0.0, 0.0, 1.0],
                [1.0, 0.0, 1e-06, 0.0, -0.0, 0.939692, 0.342021, 0.37472, -1e-06, -0.342021, 0.939693, -0.0, 0.0, 0.0, 0.0, 1.0],
                [1.0, 0.0, 1e-06, 0.0, -0.0, 0.939692, 0.342021, 0.37472, -1e-06, -0.342021, 0.939693, -0.0, 0.0, 0.0, 0.0, 1.0],
                [1.0, 0.0, 1e-06, 0.0, -0.0, 0.939692, 0.342021, 0.37472, -1e-06, -0.342021, 0.939693, -0.0, 0.0, 0.0, 0.0, 1.0],
                [1.0, 0.0, 1e-06, 0.0, -0.0, 0.939692, 0.342021, 0.37472, -1e-06, -0.342021, 0.939693, -0.0, 0.0, 0.0, 0.0, 1.0],
                [1.0, 0.0, 1e-06, 0.0, -0.0, 0.939692, 0.342021, 0.37472, -1e-06, -0.342021, 0.939693, -0.0, 0.0, 0.0, 0.0, 1.0]
            ]
        },
        {
