{
    "armature": {
        "joints": ["Root", "Thigh_R", "Leg_R", "Knee_R", "Thigh_L", "Leg_L", "Knee_L", "Torso", "Chest", "Head", "Shoulder_R", "Arm_R", "Hand_R", "Tool_R", "Elbow_R", "Shoulder_L", "Arm_L", "Hand_L", "Tool_L", "Elbow_L"],
        "hierarchy": [
            {
                "name": "Root",
                "transform": [1.0, 0.0, 0.0, -5e-06, 0.0, 0.0, -1.0, 0.000946, 0.0, 1.0, 0.0, 0.763972, 0.0, 0.0, 0.0, 1.0],
                "children": [
                    {
                        "name": "Thigh_R",
                        "transform": [1.0, -0.0, -0.0, 0.124994, -0.0, -1.0, 0.0, -0.002831, -0.0, -0.0, -1.0, -1.2e-05, 0.0, 0.0, 0.0, 1.0],
                        "children": [
                            {
                                "name": "Leg_R",
                                "transform": [1.0, 0.0, 1e-06, 0.0, -0.0, 1.0, 0.0, 0.37472, -1e-06, -0.0, 1.0, -0.0, 0.0, 0.0, 0.0, 1.0],
                                "children": []
                            },
                            {
                                "name": "Knee_R",
                                "transform": [1.0, 0.0, -0.0, 0.0, -0.0, 0.0, -1.0, 0.37472, -0.0, 1.0, 0.0, -0.0, 0.0, 0.0, 0.0, 1.0],
                                "children": []
                            }
                        ]
                    },
                    {
                        "name": "Thigh_L",
                        "transform": [1.0, -0.0, -0.0, -0.125006, -0.0, -1.0, 0.0, -0.002831, -0.0, -0.0, -1.0, -1.2e-05, 0.0, 0.0, 0.0, 1.0],
                        "children": [
                            {
                                "name": "Leg_L",
                                "transform": [1.0, 0.0, 1e-06, -0.0, -0.0, 1.0, 0.0, 0.37472, -1e-06, -0.0, 1.0, 0.0, 0.0, 0.0, 0.0, 1.0],
                                "children": []
                            },
                            {
                                "name": "Knee_L",
                                "transform": [1.0, 0.0, -0.0, -0.0, -0.0, 0.0, -1.0, 0.37472, -0.0, 1.0, 0.0, 0.0, 0.0, 0.0, 0.0, 1.0],
                                "children": []
                            }
                        ]
                    },
                    {
                        "name": "Torso",
                        "transform": [1.0, 0.0, 0.0, 0.0, 0.0, 1.0, 0.0, 0.05, 0.0, 0.0, 1.0, 0.0, 0.0, 0.0, 0.0, 1.0],
                        "children": [
                            {
                                "name": "Chest",
                                "transform": [1.0, 0.0, 0.0, 0.0, 0.0, 1.0, 0.0, 0.3, 0.0, 0.0, 1.0, 0.0, 0.0, 0.0, 0.0, 1.0],
                                "children": [
                                    {
                                        "name": "Head",
                                        "transform": [1.0, 0.0, 0.0, 0.0, 0.0, 1.0, 0.0, 0.4, 0.0, 0.0, 1.0, 0.0, 0.0, 0.0, 0.0, 1.0],
                                        "children": []
                                    },
                                    {
                                        "name": "Shoulder_R",
                                        "transform": [0.0, 0.952114, 0.305743, 0.0, 0.0, -0.305743, 0.952114, 0.4, 1.0, 0.0, -0.0, 0.0, 0.0, 0.0, 0.0, 1.0],
                                        "children": [
                                            {
                                                "name": "Arm_R",
                                                "transform": [0.0, -0.0, -1.0, -0.0, 0.952114, 0.305743, 0.0, 0.39386, 0.305743, -0.952114, 0.0, 0.0, 0.0, 0.0, 0.0, 1.0],
                                                "children": [
                                                    {
                                                        "name": "Hand_R",
                                                        "transform": [1.0, 0.0, 0.0, 0.0, -0.0, 0.993938, 0.109947, 0.3, -0.0, -0.109947, 0.993937, 0.0, 0.0, 0.0, 0.0, 1.0],
                                                        "children": [
                                                            {
                                                                "name": "Tool_R",
                                                                "transform": [1.0, 0.0, 0.0, -0.0, 0.0, -0.999836, 0.018122, 0.272858, 0.0, -0.018122, -0.999836, 0.0, 0.0, 0.0, 0.0, 1.0],
                                                                "children": []
                                                            }
                                                        ]
                                                    },
                                                    {
                                                        "name": "Elbow_R",
                                                        "transform": [-1.0, 0.0, -0.0, 0.0, 0.0, 0.0, -1.0, 0.3, -0.0, -1.0, -0.0, 0.0, 0.0, 0.0, 0.0, 1.0],
                                                        "children": []
                                                    }
                                                ]
                                            }
                                        ]
                                    },
                                    {
                                        "name": "Shoulder_L",
                                        "transform": [-0.0, -0.952114, -0.305743, 0.0, 0.0, -0.305743, 0.952114, 0.4, -1.0, 0.0, 0.0, 0.0, 0.0, 0.0, 0.0, 1.0],
                                        "children": [
                                            {
                                                "name": "Arm_L",
                                                "transform": [-0.0, -0.0, 1.0, -0.0, -0.952114, 0.305743, -0.0, 0.39386, -0.305743, -0.952114, -0.0, 0.0, 0.0, 0.0, 0.0, 1.0],
                                                "children": [
                                                    {
                                                        "name": "Hand_L",
                                                        "transform": [1.0, -0.0, 0.0, -0.0, 0.0, 0.993937, 0.109947, 0.3, -0.0, -0.109947, 0.993937, 0.0, 0.0, 0.0, 0.0, 1.0],
                                                        "children": [
                                                            {
                                                                "name": "Tool_L",
                                                                "transform": [1.0, 0.0, 0.0, -0.0, -0.0, -0.999836, 0.018122, 0.272858, 0.0, -0.018122, -0.999836, -0.0, 0.0, 0.0, 0.0, 1.0],
                                                                "children": []
                                                            }
                                                        ]
                                                    },
                                                    {
                                                        "name": "Elbow_L",
                                                        "transform": [-1.0, 0.0, -0.0, -0.0, 0.0, -0.0, -1.0, 0.3, -0.0, -1.0, 0.0, 0.0, 0.0, 0.0, 0.0, 1.0],
                                                        "children": []
                                                    }
                                                ]
                                            }
                                        ]
                                    }
                                ]
                            }
                        ]
                    }
                ]
            }
        ]
    },
    "animation": [
        {
            "name": "Root",
            "time": [0.0, 0.0167, 0.0333, 0.05, 0.0667, 0.0833, 0.1, 0.1167, 0.1333, 0.15, 0.1667, 0.1833, 0.2, 0.2167, 0.2333, 0.25, 0.2667, 0.2833, 0.3, 0.3167, 0.3333, 0.35, 0.3667, 0.3833, 0.4, 0.4167, 0.4333, 0.45, 0.4667, 0.4833, 0.5, 0.5167, 0.5333, 0.55, 0.5667, 0.5833, 0.6, 0.6167, 0.6333, 0.65, 0.6667, 0.6833, 0.7, 0.7167, 0.7333, 0.75, 0.7667, 0.7833, 0.8, 0.8167, 0.8333, 0.85, 0.8667, 0.8833, 0.9, 0.9167, 0.9333, 0.95, 0.9667, 0.9833, 1.0, 1.0167, 1.0333, 1.05, 1.0667, 1.0833, 1.1, 1.1167, 1.1333, 1.15, 1.1667, 1.1833, 1.2, 1.2167, 1.2333, 1.25, 1.2667, 1.2833, 1.3, 1.3167, 1.3333, 1.35, 1.3667, 1.3833, 1.4, 1.4167, 1.4333, 1.45, 1.4667, 1.4833, 1.5, 1.5167, 1.5333, 1.55, 1.5667, 1.5833, 1.6, 1.6167, 1.6333, 1.65, 1.6667, 1.6833, 1.7, 1.7167, 1.7333, 1.75, 1.7667, 1.7833, 1.8, 1.8167, 1.8333, 1.85, 1.8667, 1.8833, 1.9, 1.9167, 1.9333, 1.95, 1.9667, 1.9833, 2.0, 2.0167, 2.0333, 2.05, 2.0667, 2.0833, 2.1, 2.1167, 2.1333, 2.15, 2.1667, 2.1833, 2.2, 2.2167, 2.2333, 2.25, 2.2667, 2.2833, 2.3, 2.3167, 2.3333, 2.35, 2.3667, 2.3833, 2.4, 2.4167, 2.4333, 2.45, 2.4667, 2.4833, 2.5, 2.5167, 2.5333, 2.55, 2.5667, 2.5833, 2.6, 2.6167, 2.6333, 2.65, 2.6667, 2.6833, 2.7, 2.7167, 2.7333, 2.75, 2.7667, 2.7833, 2.8, 2.8167, 2.8333, 2.85, 2.8667, 2.8833, 2.9, 2.9167, 2.9333, 2.95, 2.9667, 2.9833, 3.0, 3.0167, 3.0333, 3.05, 3.0667, 3.0833, 3.1, 3.1167, 3.1333, 3.15, 3.1667, 3.1833, 3.2, 3.2167, 3.2333, 3.25, 3.2667, 3.2833, 3.3, 3.3167, 3.3333, 3.35, 3.3667, 3.3833, 3.4, 3.4167, 3.4333, 3.45, 3.4667, 3.4833, 3.5, 3.5167, 3.5333, 3.55, 3.5667, 3.5833, 3.6, 3.6167, 3.6333, 3.65, 3.6667, 3.6833, 3.7, 3.7167, 3.7333, 3.75, 3.7667, 3.7833, 3.8, 3.8167, 3.8333, 3.85, 3.8667, 3.8833, 3.9, 3.9167, 3.9333, 3.95, 3.9667, 3.9833, 4.0, 4.0167, 4.0333, 4.05, 4.0667, 4.0833, 4.1, 4.1167, 4.1333, 4.15, 4.1667, 4.1833, 4.2, 4.2167, 4.2333, 4.25, 4.2667, 4.2833, 4.3, 4.3167, 4.3333, 4.35, 4.3667, 4.3833, 4.4, 4.4167, 4.4333, 4.45, 4.4667, 4.4833, 4.5, 4.5167, 4.5333, 4.55, 4.5667, 4.5833, 4.6, 4.6167, 4.6333, 4.65, 4.6667, 4.6833, 4.7, 4.7167, 4.7333, 4.75, 4.7667, 4.7833, 4.8, 4.8167, 4.8333, 4.85, 4.8667, 4.8833, 4.9, 4.9167, 4.9333, 4.95, 4.9667, 4.9833, 5.0, 5.0167, 5.0333, 5.05, 5.0667, 5.0833, 5.1, 5.1167, 5.1333, 5.15, 5.1667, 5.1833, 5.2, 5.2167, 5.2333, 5.25, 5.2667, 5.2833, 5.3, 5.3167, 5.3333, 5.35, 5.3667, 5.3833, 5.4, 5.4167, 5.4333, 5.45, 5.4667, 5.4833, 5.5, 5.5167, 5.5333, 5.55, 5.5667, 5.5833, 5.6, 5.6167, 5.6333, 5.65, 5.6667, 5.6833, 5.7, 5.7167, 5.7333, 5.75, 5.7667, 5.7833, 5.8, 5.8167, 5.8333, 5.85, 5.8667, 5.8833, 5.9, 5.9167, 5.9333, 5.95, 5.9667, 5.9833, 6.0, 6.0167, 6.0333, 6.05, 6.0667, 6.0833, 6.1, 6.1167, 6.1333, 6.15, 6.1667, 6.1833, 6.2, 6.2167, 6.2333, 6.25, 6.2667, 6.2833, 6.3, 6.3167, 6.3333, 6.35, 6.3667, 6.3833, 6.4, 6.4167, 6.4333, 6.45, 6.4667, 6.4833, 6.5, 6.5167, 6.5333, 6.55, 6.5667, 6.5833, 6.6, 6.6167, 6.6333, 6.65, 6.6667, 6.6833, 6.7, 6.7167],
            "transform": [
                [1.0, 0.0, 0.0, -5e-06, 0.0, 0.0, -1.0, 0.000946, 0.0, 1.0, 0.0, 0.763972, 0.0, 0.0, 0.0, 1.0],
                [1.0, 0.0, -0.000225, -5e-06, -0.000225, 0.0, -1.0, 0.000946, 0.0, 1.0, 0.0, 0.763972, 0.0, 0.0, 0.0, 1.0],
                [0.999998, 0.0, -0.0018, -5e-06, -0.0018, 0.0, -0.999998, 0.000946, 0.0, 1.0, 0.0, 0.763972, 0.0, 0.0, 0.0, 1.0],
                [0.999982, 0.0, -0.006081, -5e-06, -0.006081, 0.0, -0.999982, 0.000946, 0.0, 1.0, 0.0, 0.763972, 0.0, 0.0, 0.0, 1.0],
                [0.999896, 0.0, -0.014444, -5e-06, -0.014444, 0.0, -0.999896, 0.000946, 0.0, 1.0, 0.0, 0.763972, 0.0, 0.0, 0.0, 1.0],
                [0.999599, 0.0, -0.028304, -5e-06, -0.028304, 0.0, -0.999599, 0.000946, 0.0, 1.0, 0.0, 0.763972, 0.0, 0.0, 0.0, 1.0],
                [0.998792, 0.0, -0.049143, -5e-06, -0.049143, 0.0, -0.998792, 0.000946, 0.0, 1.0, 0.0, 0.763972, 0.0, 0.0, 0.0, 1.0],
                [0.996912, 0.0, -0.078531, -5e-06, -0.078531, 0.0, -0.996912, 0.000946, 0.0, 1.0, 0.0, 0.763972, 0.0, 0.0, 0.0, 1.0],
                [0.992997, 0.0, -0.118139, -5e-06, -0.118139, 0.0, -0.992997, 0.000946, 0.0, 1.0, 0.0, 0.763972, 0.0, 0.0, 0.0, 1.0],
                [0.985494, 0.0, -0.169709, -5e-06, -0.169709, 0.0, -0.985494, 0.000946, 0.0, 1.0, 0.0, 0.763972, 0.0, 0.0, 0.0, 1.0],
                [0.972008, 0.0, -0.23495, -5e-06, -0.23495, 0.0, -0.972008, 0.000946, 0.0, 1.0, 0.0, 0.763972, 0.0, 0.0, 0.0, 1.0],
                [0.948996, 0.0, -0.315288, -5e-06, -0.315288, 0.0, -0.948996, 0.000946, 0.0, 1.0, 0.0, 0.763972, 0.0, 0.0, 0.0, 1.0],
                [0.911466, 0.0, -0.411375, -5e-06, -0.411375, 0.0, -0.911466, 0.000946, 0.0, 1.0, 0.0, 0.763972, 0.0, 0.0, 0.0, 1.0],
                [0.852803, 0.0, -0.522232, -5e-06, -0.522232, 0.0, -0.852803, 0.000946, 0.0, 1.0, 0.0, 0.763972, 0.0, 0.0, 0.0, 1.0],
                [0.765053, 0.0, -0.643967, -5e-06, -0.643967, 0.0, -0.765053, 0.000946, 0.0, 1.0, 0.0, 0.763972, 0.0, 0.0, 0.0, 1.0],
                [0.640159, 0.0, -0.768243, -5e-06, -0.768243, 0.0, -0.640159, 0.000946, 0.0, 1.0, 0.0, 0.763972, 0.0, 0.0, 0.0, 1.0],
                [0.472656, 0.0, -0.881247, -5e-06, -0.881247, 0.0, -0.472656, 0.000946, 0.0, 1.0, 0.0, 0.763972, 0.0, 0.0, 0.0, 1.0],
                [0.222031, 0.0, -0.97504, -5e-06, -0.97504, 0.0, -0.222031, 0.000946, 0.0, 1.0, 0.0, 0.763972, 0.0, 0.0, 0.0, 1.0],
                [-0.128385, 0.0, -0.991724, -5e-06, -0.991724, 0.0, 0.128385, 0.000946, 0.0, 1.0, 0.0, 0.763972, 0.0, 0.0, 0.0, 1.0],
                [-0.499227, 0.0, -0.866471, -5e-06, -0.866471, 0.0, 0.499227, 0.000946, 0.0, 1.0, 0.0, 0.763972, 0.0, 0.0, 0.0, 1.0],
                [-0.790646, 0.0, -0.612274, -5e-06, -0.612274, 0.0, 0.790646, 0.000946, 0.0, 1.0, 0.0, 0.763972, 0.0, 0.0, 0.0, 1.0],
                [-0.953394, 0.0, -0.301729, -5e-06, -0.301729, 0.0, 0.953394, 0.000946, 0.0, 1.0, 0.0, 0.763972, 0.0, 0.0, 0.0, 1.0],
                [-1.0, 0.0, -0.0, -5e-06, -0.0, 0.0, 1.0, 0.000946, 0.0, 1.0, 0.0, 0.763972, 0.0, 0.0, 0.0, 1.0],
                [-0.964211, 0.0, 0.265135, -5e-06, 0.265135, 0.0, 0.964211, 0.000946, 0.0, 1.0, 0.0, 0.763972, 0.0, 0.0, 0.0, 1.0],
                [-0.873438, 0.0, 0.486936, -5e-06, 0.486936, 0.0, 0.873438, 0.000946, 0.0, 1.0, 0.0, 0.763972, 0.0, 0.0, 0.0, 1.0],
                [-0.745592, 0.0, 0.666402, -5e-06, 0.666402, 0.0, 0.745592, 0.000946, 0.0, 1.0, 0.0, 0.763972, 0.0, 0.0, 0.0, 1.0],
                [-0.591384, 0.0, 0.80639, -5e-06, 0.80639, 0.0, 0.591384, 0.000946, 0.0, 1.0, 0.0, 0.763972, 0.0, 0.0, 0.0, 1.0],
                [-0.417402, 0.0, 0.908722, -5e-06, 0.908722, 0.0, 0.417402, 0.000946, 0.0, 1.0, 0.0, 0.763972, 0.0, 0.0, 0.0, 1.0],
                [-0.228827, 0.0, 0.973467, -5e-06, 0.973467, 0.0, 0.228827, 0.000946, 0.0, 1.0, 0.0, 0.763972, 0.0, 0.0, 0.0, 1.0],
                [-0.031506, 0.0, 0.999503, -5e-06, 0.999503, 0.0, 0.031506, 0.000946, 0.0, 1.0, 0.0, 0.763972, 0.0, 0.0, 0.0, 1.0],
                [0.166753, 0.0, 0.985999, -5e-06, 0.985999, 0.0, -0.166753, 0.000946, 0.0, 1.0, 0.0, 0.763972, 0.0, 0.0, 0.0, 1.0],
                [0.356016, 0.0, 0.93448, -5e-06, 0.93448, 0.0, -0.356016, 0.000946, 0.0, 1.0, 0.0, 0.763972, 0.0, 0.0, 0.0, 1.0],
                [0.525526, 0.0, 0.850777, -5e-06, 0.850777, 0.0, -0.525526, 0.000946, 0.0, 1.0, 0.0, 0.763972, 0.0, 0.0, 0.0, 1.0],
                [0.666832, 0.0, 0.745208, -5e-06, 0.745208, 0.0, -0.666832, 0.000946, 0.0, 1.0, 0.0, 0.763972, 0.0, 0.0, 0.0, 1.0],
                [0.777805, 0.0, 0.628506, -5e-06, 0.628506, 0.0, -0.777805, 0.000946, 0.0, 1.0, 0.0, 0.763972, 0.0, 0.0, 0.0, 1.0],
                [0.860416, 0.0, 0.509593, -5e-06, 0.509593, 0.0, -0.860416, 0.000946, 0.0, 1.0, 0.0, 0.763972, 0.0, 0.0, 0.0, 1.0],
                [0.91867, 0.0, 0.395025, -5e-06, 0.395025, 0.0, -0.91867, 0.000946, 0.0, 1.0, 0.0, 0.763972, 0.0, 0.0, 0.0, 1.0],
                [0.957329, 0.0, 0.289, -5e-06, 0.289, 0.0, -0.957329, 0.000946, 0.0, 1.0, 0.0, 0.763972, 0.0, 0.0, 0.0, 1.0],
                [0.981043, 0.0, 0.193789, -5e-06, 0.193789, 0.0, -0.981043, 0.000946, 0.0, 1.0, 0.0, 0.763972, 0.0, 0.0, 0.0, 1.0],
                [0.9939, 0.0, 0.110284, -5e-06, 0.110284, 0.0, -0.9939, 0.000946, 0.0, 1.0, 0.0, 0.763972, 0.0, 0.0, 0.0, 1.0],
                [0.999259, 0.0, 0.038494, -5e-06, 0.038494, 0.0, -0.999259, 0.000946, 0.0, 1.0, 0.0, 0.763972, 0.0, 0.0, 0.0, 1.0],
                [0.999756, 0.0, -0.022077, -5e-06, -0.022077, 0.0, -0.999756, 0.000946, 0.0, 1.0, 0.0, 0.763972, 0.0, 0.0, 0.0, 1.0],
                [0.997393, 0.0, -0.072166, -5e-06, -0.072166, 0.0, -0.997393, 0.000946, 0.0, 1.0, 0.0, 0.763972, 0.0, 0.0, 0.0, 1.0],
                [0.993641, 0.0, -0.112595, -5e-06, -0.112595, 0.0, -0.993641, 0.000946, 0.0, 1.0, 0.0, 0.763972, 0.0, 0.0, 0.0, 1.0],
                [0.989553, 0.0, -0.144168, -5e-06, -0.144168, 0.0, -0.989553, 0.000946, 0.0, 1.0, 0.0, 0.763972, 0.0, 0.0, 0.0, 1.0],
                [0.98585, 0.0, -0.167627, -5e-06, -0.167627, 0.0, -0.98585, 0.000946, 0.0, 1.0, 0.0, 0.763972, 0.0, 0.0, 0.0, 1.0],
                [0.982995, 0.0, -0.183634, -5e-06, -0.183634, 0.0, -0.982995, 0.000946, 0.0, 1.0, 0.0, 0.763972, 0.0, 0.0, 0.0, 1.0],
                [0.981244, 0.0, -0.192769, -5e-06, -0.192769, 0.0, -0.981244, 0.000946, 0.0, 1.0, 0.0, 0.763972, 0.0, 0.0, 0.0, 1.0],
                [0.980695, 0.0, -0.195542, -5e-06, -0.195542, 0.0, -0.980695, 0.000946, 0.0, 1.0, 0.0, 0.763972, 0.0, 0.0, 0.0, 1.0],
                [0.980983, 0.0, -0.194093, -5e-06, -0.194093, 0.0, -0.980983, 0.000946, 0.0, 1.0, 0.0, 0.763972, 0.0, 0.0, 0.0, 1.0],
                [0.981709, 0.0, -0.190389, -5e-06, -0.190389, 0.0, -0.981709, 0.000946, 0.0, 1.0, 0.0, 0.763972, 0.0, 0.0, 0.0, 1.0],
                [0.982806, 0.0, -0.184641, -5e-06, -0.184641, 0.0, -0.982806, 0.000946, 0.0, 1.0, 0.0, 0.763972, 0.0, 0.0, 0.0, 1.0],
                [0.984201, 0.0, -0.177055, -5e-06, -0.177055, 0.0, -0.984201, 0.000946, 0.0, 1.0, 0.0, 0.763972, 0.0, 0.0, 0.0, 1.0],
                [0.985815, 0.0, -0.167836, -5e-06, -0.167836, 0.0, -0.985815, 0.000946, 0.0, 1.0, 0.0, 0.763972, 0.0, 0.0, 0.0, 1.0],
                [0.987569, 0.0, -0.157187, -5e-06, -0.157187, 0.0, -0.987569, 0.000946, 0.0, 1.0, 0.0, 0.763972, 0.0, 0.0, 0.0, 1.0],
                [0.989385, 0.0, -0.145315, -5e-06, -0.145315, 0.0, -0.989385, 0.000946, 0.0, 1.0, 0.0, 0.763972, 0.0, 0.0, 0.0, 1.0],
                [0.991193, 0.0, -0.132424, -5e-06, -0.132424, 0.0, -0.991193, 0.000946, 0.0, 1.0, 0.0, 0.763972, 0.0, 0.0, 0.0, 1.0],
                [0.992928, 0.0, -0.118721, -5e-06, -0.118721, 0.0, -0.992928, 0.000946, 0.0, 1.0, 0.0, 0.763972, 0.0, 0.0, 0.0, 1.0],
                [0.994534, 0.0, -0.104413, -5e-06, -0.104413, 0.0, -0.994534, 0.000946, 0.0, 1.0, 0.0, 0.763972, 0.0, 0.0, 0.0, 1.0],
                [0.995968, 0.0, -0.08971, -5e-06, -0.08971, 0.0, -0.995968, 0.000946, 0.0, 1.0, 0.0, 0.763972, 0.0, 0.0, 0.0, 1.0],
                [0.997197, 0.0, -0.07482, -5e-06, -0.07482, 0.0, -0.997197, 0.000946, 0.0, 1.0, 0.0, 0.763972, 0.0, 0.0, 0.0, 1.0],
                [0.998201, 0.0, -0.059952, -5e-06, -0.059952, 0.0, -0.998201, 0.000946, 0.0, 1.0, 0.0, 0.763972, 0.0, 0.0, 0.0, 1.0],
                [0.998973, 0.0, -0.045316, -5e-06, -0.045316, 0.0, -0.998973, 0.000946, 0.0, 1.0, 0.0, 0.763972, 0.0, 0.0, 0.0, 1.0],
                [0.999516, 0.0, -0.031119, -5e-06, -0.031119, 0.0, -0.999516, 0.000946, 0.0, 1.0, 0.0, 0.763972, 0.0, 0.0, 0.0, 1.0],
                [0.999846, 0.0, -0.017566, -5e-06, -0.017566, 0.0, -0.999846, 0.000946, 0.0, 1.0, 0.0, 0.763972, 0.0, 0.0, 0.0, 1.0],
                [0.999988, 0.0, -0.004862, -5e-06, -0.004862, 0.0, -0.999988, 0.000946, 0.0, 1.0, 0.0, 0.763972, 0.0, 0.0, 0.0, 1.0],
                [0.999977, 0.0, 0.006791, -5e-06, 0.006791, 0.0, -0.999977, 0.000946, 0.0, 1.0, 0.0, 0.763972, 0.0, 0.0, 0.0, 1.0],
                [0.999852, 0.0, 0.017194, -5e-06, 0.017194, 0.0, -0.999852, 0.000946, 0.0, 1.0, 0.0, 0.763972, 0.0, 0.0, 0.0, 1.0],
                [0.999658, 0.0, 0.026148, -5e-06, 0.026148, 0.0, -0.999658, 0.000946, 0.0, 1.0, 0.0, 0.763972, 0.0, 0.0, 0.0, 1.0],
                [0.99944, 0.0, 0.033456, -5e-06, 0.033456, 0.0, -0.99944, 0.000946, 0.0, 1.0, 0.0, 0.763972, 0.0, 0.0, 0.0, 1.0],
                [0.999242, 0.0, 0.038921, -5e-06, 0.038921, 0.0, -0.999242, 0.000946, 0.0, 1.0, 0.0, 0.763972, 0.0, 0.0, 0.0, 1.0],
                [0.999103, 0.0, 0.042347, -5e-06, 0.042347, 0.0, -0.999103, 0.000946, 0.0, 1.0, 0.0, 0.763972, 0.0, 0.0, 0.0, 1.0],
                [0.999052, 0.0, 0.043533, -5e-06, 0.043533, 0.0, -0.999052, 0.000946, 0.0, 1.0, 0.0, 0.763972, 0.0, 0.0, 0.0, 1.0],
                [0.999052, 0.0, 0.043535, -5e-06, 0.043535, 0.0, -0.999052, 0.000946, 0.0, 1.0, 0.0, 0.763972, 0.0, 0.0, 0.0, 1.0],
                [0.999052, 0.0, 0.043538, -5e-06, 0.043538, 0.0, -0.999052, 0.000946, 0.0, 1.0, 0.0, 0.763972, 0.0, 0.0, 0.0, 1.0],
                [0.999052, 0.0, 0.043545, -5e-06, 0.043545, 0.0, -0.999052, 0.000946, 0.0, 1.0, 0.0, 0.763972, 0.0, 0.0, 0.0, 1.0],
                [0.999051, 0.0, 0.043553, -5e-06, 0.043553, 0.0, -0.999051, 0.000946, 0.0, 1.0, 0.0, 0.763972, 0.0, 0.0, 0.0, 1.0],
                [0.999051, 0.0, 0.043565, -5e-06, 0.043565, 0.0, -0.999051, 0.000946, 0.0, 1.0, 0.0, 0.763972, 0.0, 0.0, 0.0, 1.0],
                [0.99905, 0.0, 0.043578, -5e-06, 0.043578, 0.0, -0.99905, 0.000946, 0.0, 1.0, 0.0, 0.763972, 0.0, 0.0, 0.0, 1.0],
                [0.999049, 0.0, 0.043595, -5e-06, 0.043595, 0.0, -0.999049, 0.000946, 0.0, 1.0, 0.0, 0.763972, 0.0, 0.0, 0.0, 1.0],
                [0.999048, 0.0, 0.043613, -5e-06, 0.043613, 0.0, -0.999048, 0.000946, 0.0, 1.0, 0.0, 0.763972, 0.0, 0.0, 0.0, 1.0],
                [0.999048, 0.0, 0.043634, -5e-06, 0.043634, 0.0, -0.999048, 0.000946, 0.0, 1.0, 0.0, 0.763972, 0.0, 0.0, 0.0, 1.0],
                [0.999047, 0.0, 0.043658, -5e-06, 0.043658, 0.0, -0.999047, 0.000946, 0.0, 1.0, 0.0, 0.763972, 0.0, 0.0, 0.0, 1.0],
                [0.999045, 0.0, 0.043684, -5e-06, 0.043684, 0.0, -0.999045, 0.000946, 0.0, 1.0, 0.0, 0.763972, 0.0, 0.0, 0.0, 1.0],
                [0.999044, 0.0, 0.043713, -5e-06, 0.043713, 0.0, -0.999044, 0.000946, 0.0, 1.0, 0.0, 0.763972, 0.0, 0.0, 0.0, 1.0],
                [0.999043, 0.0, 0.043744, -5e-06, 0.043744, 0.0, -0.999043, 0.000946, 0.0, 1.0, 0.0, 0.763972, 0.0, 0.0, 0.0, 1.0],
                [0.999041, 0.0, 0.043777, -5e-06, 0.043777, 0.0, -0.999041, 0.000946, 0.0, 1.0, 0.0, 0.763972, 0.0, 0.0, 0.0, 1.0],
                [0.99904, 0.0, 0.043813, -5e-06, 0.043813, 0.0, -0.99904, 0.000946, 0.0, 1.0, 0.0, 0.763972, 0.0, 0.0, 0.0, 1.0],
                [0.999038, 0.0, 0.043852, -5e-06, 0.043852, 0.0, -0.999038, 0.000946, 0.0, 1.0, 0.0, 0.763972, 0.0, 0.0, 0.0, 1.0],
                [0.999036, 0.0, 0.043892, -5e-06, 0.043892, 0.0, -0.999036, 0.000946, 0.0, 1.0, 0.0, 0.763972, 0.0, 0.0, 0.0, 1.0],
                [0.999034, 0.0, 0.043936, -5e-06, 0.043936, 0.0, -0.999034, 0.000946, 0.0, 1.0, 0.0, 0.763972, 0.0, 0.0, 0.0, 1.0],
                [0.999032, 0.0, 0.043982, -5e-06, 0.043982, 0.0, -0.999032, 0.000946, 0.0, 1.0, 0.0, 0.763972, 0.0, 0.0, 0.0, 1.0],
                [0.99903, 0.0, 0.04403, -5e-06, 0.04403, 0.0, -0.99903, 0.000946, 0.0, 1.0, 0.0, 0.763972, 0.0, 0.0, 0.0, 1.0],
                [0.999028, 0.0, 0.044081, -5e-06, 0.044081, 0.0, -0.999028, 0.000946, 0.0, 1.0, 0.0, 0.763972, 0.0, 0.0, 0.0, 1.0],
                [0.999026, 0.0, 0.044135, -5e-06, 0.044135, 0.0, -0.999026, 0.000946, 0.0, 1.0, 0.0, 0.763972, 0.0, 0.0, 0.0, 1.0],
                [0.999023, 0.0, 0.044191, -5e-06, 0.044191, 0.0, -0.999023, 0.000946, 0.0, 1.0, 0.0, 0.763972, 0.0, 0.0, 0.0, 1.0],
                [0.999021, 0.0, 0.04425, -5e-06, 0.04425, 0.0, -0.999021, 0.000946, 0.0, 1.0, 0.0, 0.763972, 0.0, 0.0, 0.0, 1.0],
                [0.999018, 0.0, 0.044311, -5e-06, 0.044311, 0.0, -0.999018, 0.000946, 0.0, 1.0, 0.0, 0.763972, 0.0, 0.0, 0.0, 1.0],
                [0.999015, 0.0, 0.044375, -5e-06, 0.044375, 0.0, -0.999015, 0.000946, 0.0, 1.0, 0.0, 0.763972, 0.0, 0.0, 0.0, 1.0],
                [0.999012, 0.0, 0.044442, -5e-06, 0.044442, 0.0, -0.999012, 0.000946, 0.0, 1.0, 0.0, 0.763972, 0.0, 0.0, 0.0, 1.0],
                [0.999009, 0.0, 0.044511, -5e-06, 0.044511, 0.0, -0.999009, 0.000946, 0.0, 1.0, 0.0, 0.763972, 0.0, 0.0, 0.0, 1.0],
                [0.999006, 0.0, 0.044583, -5e-06, 0.044583, 0.0, -0.999006, 0.000946, 0.0, 1.0, 0.0, 0.763972, 0.0, 0.0, 0.0, 1.0],
                [0.999002, 0.0, 0.044658, -5e-06, 0.044658, 0.0, -0.999002, 0.000946, 0.0, 1.0, 0.0, 0.763972, 0.0, 0.0, 0.0, 1.0],
                [0.998999, 0.0, 0.044736, -5e-06, 0.044736, 0.0, -0.998999, 0.000946, 0.0, 1.0, 0.0, 0.763972, 0.0, 0.0, 0.0, 1.0],
                [0.998995, 0.0, 0.044816, -5e-06, 0.044816, 0.0, -0.998995, 0.000946, 0.0, 1.0, 0.0, 0.763972, 0.0, 0.0, 0.0, 1.0],
                [0.998992, 0.0, 0.044899, -5e-06, 0.044899, 0.0, -0.998992, 0.000946, 0.0, 1.0, 0.0, 0.763972, 0.0, 0.0, 0.0, 1.0],
                [0.998988, 0.0, 0.044985, -5e-06, 0.044985, 0.0, -0.998988, 0.000946, 0.0, 1.0, 0.0, 0.763972, 0.0, 0.0, 0.0, 1.0],
                [0.998984, 0.0, 0.045074, -5e-06, 0.045074, 0.0, -0.998984, 0.000946, 0.0, 1.0, 0.0, 0.763972, 0.0, 0.0, 0.0, 1.0],
                [0.998979, 0.0, 0.045167, -5e-06, 0.045167, 0.0, -0.998979, 0.000946, 0.0, 1.0, 0.0, 0.763972, 0.0, 0.0, 0.0, 1.0],
                [0.998975, 0.0, 0.045262, -5e-06, 0.045262, 0.0, -0.998975, 0.000946, 0.0, 1.0, 0.0, 0.763972, 0.0, 0.0, 0.0, 1.0],
                [0.998971, 0.0, 0.04536, -5e-06, 0.04536, 0.0, -0.998971, 0.000946, 0.0, 1.0, 0.0, 0.763972, 0.0, 0.0, 0.0, 1.0],
                [0.998966, 0.0, 0.045461, -5e-06, 0.045461, 0.0, -0.998966, 0.000946, 0.0, 1.0, 0.0, 0.763972, 0.0, 0.0, 0.0, 1.0],
                [0.998961, 0.0, 0.045565, -5e-06, 0.045565, 0.0, -0.998961, 0.000946, 0.0, 1.0, 0.0, 0.763972, 0.0, 0.0, 0.0, 1.0],
                [0.998956, 0.0, 0.045673, -5e-06, 0.045673, 0.0, -0.998956, 0.000946, 0.0, 1.0, 0.0, 0.763972, 0.0, 0.0, 0.0, 1.0],
                [0.998951, 0.0, 0.045784, -5e-06, 0.045784, 0.0, -0.998951, 0.000946, 0.0, 1.0, 0.0, 0.763972, 0.0, 0.0, 0.0, 1.0],
                [0.998946, 0.0, 0.045898, -5e-06, 0.045898, 0.0, -0.998946, 0.000946, 0.0, 1.0, 0.0, 0.763972, 0.0, 0.0, 0.0, 1.0],
                [0.998941, 0.0, 0.046015, -5e-06, 0.046015, 0.0, -0.998941, 0.000946, 0.0, 1.0, 0.0, 0.763972, 0.0, 0.0, 0.0, 1.0],
                [0.998935, 0.0, 0.046136, -5e-06, 0.046136, 0.0, -0.998935, 0.000946, 0.0, 1.0, 0.0, 0.763972, 0.0, 0.0, 0.0, 1.0],
                [0.998929, 0.0, 0.046261, -5e-06, 0.046261, 0.0, -0.998929, 0.000946, 0.0, 1.0, 0.0, 0.763972, 0.0, 0.0, 0.0, 1.0],
                [0.998923, 0.0, 0.046389, -5e-06, 0.046389, 0.0, -0.998923, 0.000946, 0.0, 1.0, 0.0, 0.763972, 0.0, 0.0, 0.0, 1.0],
                [0.998917, 0.0, 0.04652, -5e-06, 0.04652, 0.0, -0.998917, 0.000946, 0.0, 1.0, 0.0, 0.763972, 0.0, 0.0, 0.0, 1.0],
                [0.998911, 0.0, 0.046656, -5e-06, 0.046656, 0.0, -0.998911, 0.000946, 0.0, 1.0, 0.0, 0.763972, 0.0, 0.0, 0.0, 1.0],
                [0.998905, 0.0, 0.046795, -5e-06, 0.046795, 0.0, -0.998905, 0.000946, 0.0, 1.0, 0.0, 0.763972, 0.0, 0.0, 0.0, 1.0],
                [0.998898, 0.0, 0.046938, -5e-06, 0.046938, 0.0, -0.998898, 0.000946, 0.0, 1.0, 0.0, 0.763972, 0.0, 0.0, 0.0, 1.0],
                [0.998891, 0.0, 0.047085, -5e-06, 0.047085, 0.0, -0.998891, 0.000946, 0.0, 1.0, 0.0, 0.763972, 0.0, 0.0, 0.0, 1.0],
                [0.998884, 0.0, 0.047236, -5e-06, 0.047236, 0.0, -0.998884, 0.000946, 0.0, 1.0, 0.0, 0.763972, 0.0, 0.0, 0.0, 1.0],
                [0.998876, 0.0, 0.047391, -5e-06, 0.047391, 0.0, -0.998876, 0.000946, 0.0, 1.0, 0.0, 0.763972, 0.0, 0.0, 0.0, 1.0],
                [0.998869, 0.0, 0.04755, -5e-06, 0.04755, 0.0, -0.998869, 0.000946, 0.0, 1.0, 0.0, 0.763972, 0.0, 0.0, 0.0, 1.0],
                [0.998861, 0.0, 0.047714, -5e-06, 0.047714, 0.0, -0.998861, 0.000946, 0.0, 1.0, 0.0, 0.763972, 0.0, 0.0, 0.0, 1.0],
                [0.998853, 0.0, 0.047882, -5e-06, 0.047882, 0.0, -0.998853, 0.000946, 0.0, 1.0, 0.0, 0.763972, 0.0, 0.0, 0.0, 1.0],
                [0.998845, 0.0, 0.048054, -5e-06, 0.048054, 0.0, -0.998845, 0.000946, 0.0, 1.0, 0.0, 0.763972, 0.0, 0.0, 0.0, 1.0],
                [0.998836, 0.0, 0.048232, -5e-06, 0.048232, 0.0, -0.998836, 0.000946, 0.0, 1.0, 0.0, 0.763972, 0.0, 0.0, 0.0, 1.0],
                [0.998827, 0.0, 0.048414, -5e-06, 0.048414, 0.0, -0.998827, 0.000946, 0.0, 1.0, 0.0, 0.763972, 0.0, 0.0, 0.0, 1.0],
                [0.998818, 0.0, 0.048601, -5e-06, 0.048601, 0.0, -0.998818, 0.000946, 0.0, 1.0, 0.0, 0.763972, 0.0, 0.0, 0.0, 1.0],
                [0.998809, 0.0, 0.048793, -5e-06, 0.048793, 0.0, -0.998809, 0.000946, 0.0, 1.0, 0.0, 0.763972, 0.0, 0.0, 0.0, 1.0],
                [0.998799, 0.0, 0.04899, -5e-06, 0.04899, 0.0, -0.998799, 0.000946, 0.0, 1.0, 0.0, 0.763972, 0.0, 0.0, 0.0, 1.0],
                [0.998789, 0.0, 0.049192, -5e-06, 0.049192, 0.0, -0.998789, 0.000946, 0.0, 1.0, 0.0, 0.763972, 0.0, 0.0, 0.0, 1.0],
                [0.998779, 0.0, 0.0494, -5e-06, 0.0494, 0.0, -0.998779, 0.000946, 0.0, 1.0, 0.0, 0.763972, 0.0, 0.0, 0.0, 1.0],
                [0.998769, 0.0, 0.049613, -5e-06, 0.049613, 0.0, -0.998769, 0.000946, 0.0, 1.0, 0.0, 0.763972, 0.0, 0.0, 0.0, 1.0],
                [0.998758, 0.0, 0.049832, -5e-06, 0.049832, 0.0, -0.998758, 0.000946, 0.0, 1.0, 0.0, 0.763972, 0.0, 0.0, 0.0, 1.0],
                [0.998746, 0.0, 0.050057, -5e-06, 0.050057, 0.0, -0.998746, 0.000946, 0.0, 1.0, 0.0, 0.763972, 0.0, 0.0, 0.0, 1.0],
                [0.998735, 0.0, 0.050289, -5e-06, 0.050289, 0.0, -0.998735, 0.000946, 0.0, 1.0, 0.0, 0.763972, 0.0, 0.0, 0.0, 1.0],
                [0.998723, 0.0, 0.050526, -5e-06, 0.050526, 0.0, -0.998723, 0.000946, 0.0, 1.0, 0.0, 0.763972, 0.0, 0.0, 0.0, 1.0],
                [0.99871, 0.0, 0.05077, -5e-06, 0.05077, 0.0, -0.99871, 0.000946, 0.0, 1.0, 0.0, 0.763972, 0.0, 0.0, 0.0, 1.0],
                [0.998698, 0.0, 0.05102, -5e-06, 0.05102, 0.0, -0.998698, 0.000946, 0.0, 1.0, 0.0, 0.763972, 0.0, 0.0, 0.0, 1.0],
                [0.998684, 0.0, 0.051277, -5e-06, 0.051277, 0.0, -0.998684, 0.000946, 0.0, 1.0, 0.0, 0.763972, 0.0, 0.0, 0.0, 1.0],
                [0.998671, 0.0, 0.051542, -5e-06, 0.051542, 0.0, -0.998671, 0.000946, 0.0, 1.0, 0.0, 0.763972, 0.0, 0.0, 0.0, 1.0],
                [0.998657, 0.0, 0.051814, -5e-06, 0.051814, 0.0, -0.998657, 0.000946, 0.0, 1.0, 0.0, 0.763972, 0.0, 0.0, 0.0, 1.0],
                [0.998642, 0.0, 0.052093, -5e-06, 0.052093, 0.0, -0.998642, 0.000946, 0.0, 1.0, 0.0, 0.763972, 0.0, 0.0, 0.0, 1.0],
                [0.998627, 0.0, 0.05238, -5e-06, 0.05238, 0.0, -0.998627, 0.000946, 0.0, 1.0, 0.0, 0.763972, 0.0, 0.0, 0.0, 1.0],
                [0.998612, 0.0, 0.052675, -5e-06, 0.052675, 0.0, -0.998612, 0.000946, 0.0, 1.0, 0.0, 0.763972, 0.0, 0.0, 0.0, 1.0],
                [0.998596, 0.0, 0.052978, -5e-06, 0.052978, 0.0, -0.998596, 0.000946, 0.0, 1.0, 0.0, 0.763972, 0.0, 0.0, 0.0, 1.0],
                [0.998579, 0.0, 0.05329, -5e-06, 0.05329, 0.0, -0.998579, 0.000946, 0.0, 1.0, 0.0, 0.763972, 0.0, 0.0, 0.0, 1.0],
                [0.998562, 0.0, 0.053611, -5e-06, 0.053611, 0.0, -0.998562, 0.000946, 0.0, 1.0, 0.0, 0.763972, 0.0, 0.0, 0.0, 1.0],
                [0.998544, 0.0, 0.053941, -5e-06, 0.053941, 0.0, -0.998544, 0.000946, 0.0, 1.0, 0.0, 0.763972, 0.0, 0.0, 0.0, 1.0],
                [0.998526, 0.0, 0.054281, -5e-06, 0.054281, 0.0, -0.998526, 0.000946, 0.0, 1.0, 0.0, 0.763972, 0.0, 0.0, 0.0, 1.0],
                [0.998507, 0.0, 0.054631, -5e-06, 0.054631, 0.0, -0.998507, 0.000946, 0.0, 1.0, 0.0, 0.763972, 0.0, 0.0, 0.0, 1.0],
                [0.998487, 0.0, 0.05499, -5e-06, 0.05499, 0.0, -0.998487, 0.000946, 0.0, 1.0, 0.0, 0.763972, 0.0, 0.0, 0.0, 1.0],
                [0.998466, 0.0, 0.055361, -5e-06, 0.055361, 0.0, -0.998466, 0.000946, 0.0, 1.0, 0.0, 0.763972, 0.0, 0.0, 0.0, 1.0],
                [0.998445, 0.0, 0.055743, -5e-06, 0.055743, 0.0, -0.998445, 0.000946, 0.0, 1.0, 0.0, 0.763972, 0.0, 0.0, 0.0, 1.0],
                [0.998423, 0.0, 0.056136, -5e-06, 0.056136, 0.0, -0.998423, 0.000946, 0.0, 1.0, 0.0, 0.763972, 0.0, 0.0, 0.0, 1.0],
                [0.9984, 0.0, 0.056541, -5e-06, 0.056541, 0.0, -0.9984, 0.000946, 0.0, 1.0, 0.0, 0.763972, 0.0, 0.0, 0.0, 1.0],
                [0.998377, 0.0, 0.056959, -5e-06, 0.056959, 0.0, -0.998377, 0.000946, 0.0, 1.0, 0.0, 0.763972, 0.0, 0.0, 0.0, 1.0],
                [0.998352, 0.0, 0.05739, -5e-06, 0.05739, 0.0, -0.998352, 0.000946, 0.0, 1.0, 0.0, 0.763972, 0.0, 0.0, 0.0, 1.0],
                [0.998326, 0.0, 0.057834, -5e-06, 0.057834, 0.0, -0.998326, 0.000946, 0.0, 1.0, 0.0, 0.763972, 0.0, 0.0, 0.0, 1.0],
                [0.9983, 0.0, 0.058292, -5e-06, 0.058292, 0.0, -0.9983, 0.000946, 0.0, 1.0, 0.0, 0.763972, 0.0, 0.0, 0.0, 1.0],
                [0.998272, 0.0, 0.058765, -5e-06, 0.058765, 0.0, -0.998272, 0.000946, 0.0, 1.0, 0.0, 0.763972, 0.0, 0.0, 0.0, 1.0],
                [0.998243, 0.0, 0.059253, -5e-06, 0.059253, 0.0, -0.998243, 0.000946, 0.0, 1.0, 0.0, 0.763972, 0.0, 0.0, 0.0, 1.0],
                [0.998213, 0.0, 0.059758, -5e-06, 0.059758, 0.0, -0.998213, 0.000946, 0.0, 1.0, 0.0, 0.763972, 0.0, 0.0, 0.0, 1.0],
                [0.998182, 0.0, 0.060279, -5e-06, 0.060279, 0.0, -0.998182, 0.000946, 0.0, 1.0, 0.0, 0.763972, 0.0, 0.0, 0.0, 1.0],
                [0.998149, 0.0, 0.060818, -5e-06, 0.060818, 0.0, -0.998149, 0.000946, 0.0, 1.0, 0.0, 0.763972, 0.0, 0.0, 0.0, 1.0],
                [0.998115, 0.0, 0.061374, -5e-06, 0.061374, 0.0, -0.998115, 0.000946, 0.0, 1.0, 0.0, 0.763972, 0.0, 0.0, 0.0, 1.0],
                [0.998079, 0.0, 0.061951, -5e-06, 0.061951, 0.0, -0.998079, 0.000946, 0.0, 1.0, 0.0, 0.763972, 0.0, 0.0, 0.0, 1.0],
                [0.998042, 0.0, 0.062547, -5e-06, 0.062547, 0.0, -0.998042, 0.000946, 0.0, 1.0, 0.0, 0.763972, 0.0, 0.0, 0.0, 1.0],
                [0.998003, 0.0, 0.063165, -5e-06, 0.063165, 0.0, -0.998003, 0.000946, 0.0, 1.0, 0.0, 0.763972, 0.0, 0.0, 0.0, 1.0],
                [0.997962, 0.0, 0.063804, -5e-06, 0.063804, 0.0, -0.997962, 0.000946, 0.0, 1.0, 0.0, 0.763972, 0.0, 0.0, 0.0, 1.0],
                [0.99792, 0.0, 0.064467, -5e-06, 0.064467, 0.0, -0.99792, 0.000946, 0.0, 1.0, 0.0, 0.763972, 0.0, 0.0, 0.0, 1.0],
                [0.997875, 0.0, 0.065155, -5e-06, 0.065155, 0.0, -0.997875, 0.000946, 0.0, 1.0, 0.0, 0.763972, 0.0, 0.0, 0.0, 1.0],
                [0.997828, 0.0, 0.065868, -5e-06, 0.065868, 0.0, -0.997828, 0.000946, 0.0, 1.0, 0.0, 0.763972, 0.0, 0.0, 0.0, 1.0],
                [0.997779, 0.0, 0.066609, -5e-06, 0.066609, 0.0, -0.997779, 0.000946, 0.0, 1.0, 0.0, 0.763972, 0.0, 0.0, 0.0, 1.0],
                [0.997728, 0.0, 0.067378, -5e-06, 0.067378, 0.0, -0.997728, 0.000946, 0.0, 1.0, 0.0, 0.763972, 0.0, 0.0, 0.0, 1.0],
                [0.997673, 0.0, 0.068178, -5e-06, 0.068178, 0.0, -0.997673, 0.000946, 0.0, 1.0, 0.0, 0.763972, 0.0, 0.0, 0.0, 1.0],
                [0.997616, 0.0, 0.069009, -5e-06, 0.069009, 0.0, -0.997616, 0.000946, 0.0, 1.0, 0.0, 0.763972, 0.0, 0.0, 0.0, 1.0],
                [0.997556, 0.0, 0.069875, -5e-06, 0.069875, 0.0, -0.997556, 0.000946, 0.0, 1.0, 0.0, 0.763972, 0.0, 0.0, 0.0, 1.0],
                [0.997492, 0.0, 0.070776, -5e-06, 0.070776, 0.0, -0.997492, 0.000946, 0.0, 1.0, 0.0, 0.763972, 0.0, 0.0, 0.0, 1.0],
                [0.997425, 0.0, 0.071716, -5e-06, 0.071716, 0.0, -0.997425, 0.000946, 0.0, 1.0, 0.0, 0.763972, 0.0, 0.0, 0.0, 1.0],
                [0.997354, 0.0, 0.072696, -5e-06, 0.072696, 0.0, -0.997354, 0.000946, 0.0, 1.0, 0.0, 0.763972, 0.0, 0.0, 0.0, 1.0],
                [0.997279, 0.0, 0.073719, -5e-06, 0.073719, 0.0, -0.997279, 0.000946, 0.0, 1.0, 0.0, 0.763972, 0.0, 0.0, 0.0, 1.0],
                [0.997199, 0.0, 0.074788, -5e-06, 0.074788, 0.0, -0.997199, 0.000946, 0.0, 1.0, 0.0, 0.763972, 0.0, 0.0, 0.0, 1.0],
                [0.997115, 0.0, 0.075905, -5e-06, 0.075905, 0.0, -0.997115, 0.000946, 0.0, 1.0, 0.0, 0.763972, 0.0, 0.0, 0.0, 1.0],
                [0.997025, 0.0, 0.077075, -5e-06, 0.077075, 0.0, -0.997025, 0.000946, 0.0, 1.0, 0.0, 0.763972, 0.0, 0.0, 0.0, 1.0],
                [0.99693, 0.0, 0.078301, -5e-06, 0.078301, 0.0, -0.99693, 0.000946, 0.0, 1.0, 0.0, 0.763972, 0.0, 0.0, 0.0, 1.0],
                [0.996828, 0.0, 0.079586, -5e-06, 0.079586, 0.0, -0.996828, 0.000946, 0.0, 1.0, 0.0, 0.763972, 0.0, 0.0, 0.0, 1.0],
                [0.996719, 0.0, 0.080935, -5e-06, 0.080935, 0.0, -0.996719, 0.000946, 0.0, 1.0, 0.0, 0.763972, 0.0, 0.0, 0.0, 1.0],
                [0.996603, 0.0, 0.082353, -5e-06, 0.082353, 0.0, -0.996603, 0.000946, 0.0, 1.0, 0.0, 0.763972, 0.0, 0.0, 0.0, 1.0],
                [0.996479, 0.0, 0.083845, -5e-06, 0.083845, 0.0, -0.996479, 0.000946, 0.0, 1.0, 0.0, 0.763972, 0.0, 0.0, 0.0, 1.0],
                [0.996345, 0.0, 0.085416, -5e-06, 0.085416, 0.0, -0.996345, 0.000946, 0.0, 1.0, 0.0, 0.763972, 0.0, 0.0, 0.0, 1.0],
                [0.996202, 0.0, 0.087074, -5e-06, 0.087074, 0.0, -0.996202, 0.000946, 0.0, 1.0, 0.0, 0.763972, 0.0, 0.0, 0.0, 1.0],
                [0.996047, 0.0, 0.088825, -5e-06, 0.088825, 0.0, -0.996047, 0.000946, 0.0, 1.0, 0.0, 0.763972, 0.0, 0.0, 0.0, 1.0],
                [0.99588, 0.0, 0.090677, -5e-06, 0.090677, 0.0, -0.99588, 0.000946, 0.0, 1.0, 0.0, 0.763972, 0.0, 0.0, 0.0, 1.0],
                [0.9957, 0.0, 0.092639, -5e-06, 0.092639, 0.0, -0.9957, 0.000946, 0.0, 1.0, 0.0, 0.763972, 0.0, 0.0, 0.0, 1.0],
                [0.995504, 0.0, 0.094721, -5e-06, 0.094721, 0.0, -0.995504, 0.000946, 0.0, 1.0, 0.0, 0.763972, 0.0, 0.0, 0.0, 1.0],
                [0.995291, 0.0, 0.096934, -5e-06, 0.096934, 0.0, -0.995291, 0.000946, 0.0, 1.0, 0.0, 0.763972, 0.0, 0.0, 0.0, 1.0],
                [0.995058, 0.0, 0.099291, -5e-06, 0.099291, 0.0, -0.995058, 0.000946, 0.0, 1.0, 0.0, 0.763972, 0.0, 0.0, 0.0, 1.0],
                [0.994804, 0.0, 0.101806, -5e-06, 0.101806, 0.0, -0.994804, 0.000946, 0.0, 1.0, 0.0, 0.763972, 0.0, 0.0, 0.0, 1.0],
                [0.994526, 0.0, 0.104494, -5e-06, 0.104494, 0.0, -0.994526, 0.000946, 0.0, 1.0, 0.0, 0.763972, 0.0, 0.0, 0.0, 1.0],
                [0.994219, 0.0, 0.107374, -5e-06, 0.107374, 0.0, -0.994219, 0.000946, 0.0, 1.0, 0.0, 0.763972, 0.0, 0.0, 0.0, 1.0],
                [0.99388, 0.0, 0.110468, -5e-06, 0.110468, 0.0, -0.99388, 0.000946, 0.0, 1.0, 0.0, 0.763972, 0.0, 0.0, 0.0, 1.0],
                [0.993504, 0.0, 0.1138, -5e-06, 0.1138, 0.0, -0.993504, 0.000946, 0.0, 1.0, 0.0, 0.763972, 0.0, 0.0, 0.0, 1.0],
                [0.993085, 0.0, 0.117397, -5e-06, 0.117397, 0.0, -0.993085, 0.000946, 0.0, 1.0, 0.0, 0.763972, 0.0, 0.0, 0.0, 1.0],
                [0.992617, 0.0, 0.121293, -5e-06, 0.121293, 0.0, -0.992617, 0.000946, 0.0, 1.0, 0.0, 0.763972, 0.0, 0.0, 0.0, 1.0],
                [0.99209, 0.0, 0.125525, -5e-06, 0.125525, 0.0, -0.99209, 0.000946, 0.0, 1.0, 0.0, 0.763972, 0.0, 0.0, 0.0, 1.0],
                [0.991496, 0.0, 0.13014, -5e-06, 0.13014, 0.0, -0.991496, 0.000946, 0.0, 1.0, 0.0, 0.763972, 0.0, 0.0, 0.0, 1.0],
                [0.99082, 0.0, 0.135189, -5e-06, 0.135189, 0.0, -0.99082, 0.000946, 0.0, 1.0, 0.0, 0.763972, 0.0, 0.0, 0.0, 1.0],
                [0.990047, 0.0, 0.140738, -5e-06, 0.140738, 0.0, -0.990047, 0.000946, 0.0, 1.0, 0.0, 0.763972, 0.0, 0.0, 0.0, 1.0],
                [0.989157, 0.0, 0.146863, -5e-06, 0.146863, 0.0, -0.989157, 0.000946, 0.0, 1.0, 0.0, 0.763972, 0.0, 0.0, 0.0, 1.0],
                [0.988124, 0.0, 0.153658, -5e-06, 0.153658, 0.0, -0.988124, 0.000946, 0.0, 1.0, 0.0, 0.763972, 0.0, 0.0, 0.0, 1.0],
                [0.986916, 0.0, 0.161238, -5e-06, 0.161238, 0.0, -0.986916, 0.000946, 0.0, 1.0, 0.0, 0.763972, 0.0, 0.0, 0.0, 1.0],
                [0.985488, 0.0, 0.169746, -5e-06, 0.169746, 0.0, -0.985488, 0.000946, 0.0, 1.0, 0.0, 0.763972, 0.0, 0.0, 0.0, 1.0],
                [0.983783, 0.0, 0.179362, -5e-06, 0.179362, 0.0, -0.983783, 0.000946, 0.0, 1.0, 0.0, 0.763972, 0.0, 0.0, 0.0, 1.0],
                [0.981723, 0.0, 0.190314, -5e-06, 0.190314, 0.0, -0.981723, 0.000946, 0.0, 1.0, 0.0, 0.763972, 0.0, 0.0, 0.0, 1.0],
                [0.9792, 0.0, 0.202898, -5e-06, 0.202898, 0.0, -0.9792, 0.000946, 0.0, 1.0, 0.0, 0.763972, 0.0, 0.0, 0.0, 1.0],
                [0.97606, 0.0, 0.217502, -5e-06, 0.217502, 0.0, -0.97606, 0.000946, 0.0, 1.0, 0.0, 0.763972, 0.0, 0.0, 0.0, 1.0],
