{
    "armature": {
        "joints": ["Root", "Thigh_R", "Leg_R", "Knee_R", "Thigh_L", "Leg_L", "Knee_L", "Torso", "Chest", "Head", "Shoulder_R", "Arm_R", "Hand_R", "Tool_R", "Elbow_R", "Shoulder_L", "Arm_L", "Hand_L", "Tool_L", "Elbow_L"],
        "hierarchy": [
            {
                "name": "Root",
                "transform": [1.0, 0.0, 0.0, -5e-06, 0.0, 0.0, -1.0, 0.000946, 0.0, 1.0, 0.0, 0.763972, 0.0, 0.0, 0.0, 1.0],
                "children": [
                    {
                        "name": "Thigh_R",
                        "transform": [1.0, -0.0, -0.0, 0.124994, -0.0, -1.0, 0.0, -0.002831, -0.0, -0.0, -1.0, -1.2e-05, 0.0, 0.0, 0.0, 1.0],
                        "children": [
                            {
                                "name": "Leg_R",
                                "transform": [1.0, 0.0, 1e-06, 0.0, -0.0, 1.0, 0.0, 0.37472, -1e-06, -0.0, 1.0, -0.0, 0.0, 0.0, 0.0, 1.0],
                                "children": []
                            },
                            {
                                "name": "Knee_R",
                                "transform": [1.0, 0.0, -0.0, 0.0, -0.0, 0.0, -1.0, 0.37472, -0.0, 1.0, 0.0, -0.0, 0.0, 0.0, 0.0, 1.0],
                                "children": []
                            }
                        ]
                    },
                    {
                        "name": "Thigh_L",
                        "transform": [1.0, -0.0, -0.0, -0.125006, -0.0, -1.0, 0.0, -0.002831, -0.0, -0.0, -1.0, -1.2e-05, 0.0, 0.0, 0.0, 1.0],
                        "children": [
                            {
                                "name": "Leg_L",
                                "transform": [1.0, 0.0, 1e-06, -0.0, -0.0, 1.0, 0.0, 0.37472, -1e-06, -0.0, 1.0, 0.0, 0.0, 0.0, 0.0, 1.0],
                                "children": []
                            },
                            {
                                "name": "Knee_L",
                                "transform": [1.0, 0.0, -0.0, -0.0, -0.0, 0.0, -1.0, 0.37472, -0.0, 1.0, 0.0, 0.0, 0.0, 0.0, 0.0, 1.0],
                                "children": []
                            }
                        ]
                    },
                    {
                        "name": "Torso",
                        "transform": [1.0, 0.0, 0.0, 0.0, 0.0, 1.0, 0.0, 0.05, 0.0, 0.0, 1.0, 0.0, 0.0, 0.0, 0.0, 1.0],
                        "children": [
                            {
                                "name": "Chest",
                                "transform": [1.0, 0.0, 0.0, 0.0, 0.0, 1.0, 0.0, 0.3, 0.0, 0.0, 1.0, 0.0, 0.0, 0.0, 0.0, 1.0],
                                "children": [
                                    {
                                        "name": "Head",
                                        "transform": [1.0, 0.0, 0.0, 0.0, 0.0, 1.0, 0.0, 0.4, 0.0, 0.0, 1.0, 0.0, 0.0, 0.0, 0.0, 1.0],
                                        "children": []
                                    },
                                    {
                                        "name": "Shoulder_R",
                                        "transform": [0.0, 0.952114, 0.305743, 0.0, 0.0, -0.305743, 0.952114, 0.4, 1.0, 0.0, -0.0, 0.0, 0.0, 0.0, 0.0, 1.0],
                                        "children": [
                                            {
                                                "name": "Arm_R",
                                                "transform": [0.0, -0.0, -1.0, -0.0, 0.952114, 0.305743, 0.0, 0.39386, 0.305743, -0.952114, 0.0, 0.0, 0.0, 0.0, 0.0, 1.0],
                                                "children": [
                                                    {
                                                        "name": "Hand_R",
                                                        "transform": [1.0, 0.0, 0.0, 0.0, -0.0, 0.993938, 0.109947, 0.3, -0.0, -0.109947, 0.993937, 0.0, 0.0, 0.0, 0.0, 1.0],
                                                        "children": [
                                                            {
                                                                "name": "Tool_R",
                                                                "transform": [1.0, 0.0, 0.0, -0.0, 0.0, -0.999836, 0.018122, 0.272858, 0.0, -0.018122, -0.999836, 0.0, 0.0, 0.0, 0.0, 1.0],
                                                                "children": []
                                                            }
                                                        ]
                                                    },
                                                    {
                                                        "name": "Elbow_R",
                                                        "transform": [-1.0, 0.0, -0.0, 0.0, 0.0, 0.0, -1.0, 0.3, -0.0, -1.0, -0.0, 0.0, 0.0, 0.0, 0.0, 1.0],
                                                        "children": []
                                                    }
                                                ]
                                            }
                                        ]
                                    },
                                    {
                                        "name": "Shoulder_L",
                                        "transform": [-0.0, -0.952114, -0.305743, 0.0, 0.0, -0.305743, 0.952114, 0.4, -1.0, 0.0, 0.0, 0.0, 0.0, 0.0, 0.0, 1.0],
                                        "children": [
                                            {
                                                "name": "Arm_L",
                                                "transform": [-0.0, -0.0, 1.0, -0.0, -0.952114, 0.305743, -0.0, 0.39386, -0.305743, -0.952114, -0.0, 0.0, 0.0, 0.0, 0.0, 1.0],
                                                "children": [
                                                    {
                                                        "name": "Hand_L",
                                                        "transform": [1.0, -0.0, 0.0, -0.0, 0.0, 0.993937, 0.109947, 0.3, -0.0, -0.109947, 0.993937, 0.0, 0.0, 0.0, 0.0, 1.0],
                                                        "children": [
                                                            {
                                                                "name": "Tool_L",
                                                                "transform": [1.0, 0.0, 0.0, -0.0, -0.0, -0.999836, 0.018122, 0.272858, 0.0, -0.018122, -0.999836, -0.0, 0.0, 0.0, 0.0, 1.0],
                                                                "children": []
                                                            }
                                                        ]
                                                    },
                                                    {
                                                        "name": "Elbow_L",
                                                        "transform": [-1.0, 0.0, -0.0, -0.0, 0.0, -0.0, -1.0, 0.3, -0.0, -1.0, 0.0, 0.0, 0.0, 0.0, 0.0, 1.0],
                                                        "children": []
                                                    }
                                                ]
                                            }
                                        ]
                                    }
                                ]
                            }
                        ]
                    }
                ]
            }
        ]
    },
    "animation": [
        {
            "name": "Root",
            "time": [0.0, 0.0167, 0.0333, 0.05, 0.0667, 0.0833, 0.1, 0.1167, 0.1333, 0.15, 0.1667, 0.1833, 0.2, 0.2167, 0.2333, 0.25, 0.2667, 0.2833, 0.3, 0.3167, 0.3333, 0.35, 0.3667, 0.3833, 0.4, 0.4167, 0.4333, 0.45, 0.4667, 0.4833, 0.5, 0.5167, 0.5333, 0.55, 0.5667, 0.5833, 0.6, 0.6167, 0.6333, 0.65, 0.6667, 0.6833, 0.7, 0.7167, 0.7333, 0.75, 0.7667, 0.7833, 0.8, 0.8167, 0.8333, 0.85, 0.8667, 0.8833, 0.9, 0.9167, 0.9333, 0.95, 0.9667, 0.9833, 1.0, 1.0167, 1.0333, 1.05, 1.0667, 1.0833, 1.1, 1.1167, 1.1333, 1.15, 1.1667, 1.1833, 1.2, 1.2167, 1.2333, 1.25, 1.2667, 1.2833, 1.3, 1.3167, 1.3333, 1.35, 1.3667, 1.3833, 1.4, 1.4167, 1.4333, 1.45, 1.4667, 1.4833, 1.5, 1.5167, 1.5333],
            "transform": [
                [1.0, 0.0, 0.0, -5e-06, 0.0, 0.0, -1.0, 0.000946, 0.0, 1.0, 0.0, 0.763972, 0.0, 0.0, 0.0, 1.0],
                [0.999903, -0.000604, -0.013906, -5e-06, -0.013903, 0.004096, -0.999895, 0.005927, 0.000661, 0.999991, 0.004087, 0.763972, 0.0, 0.0, 0.0, 1.0],
                [0.998524, -0.002081, -0.054281, -5e-06, -0.05424, 0.016036, -0.998399, 0.020484, 0.002948, 0.999869, 0.015899, 0.763972, 0.0, 0.0, 0.0, 1.0],
                [0.992812, -0.003534, -0.119629, -5e-06, -0.11943, 0.035513, -0.992207, 0.044036, 0.007754, 0.999363, 0.034835, 0.763972, 0.0, 0.0, 0.0, 1.0],
                [0.978013, -0.003573, -0.208513, -5e-06, -0.207891, 0.062324, -0.976164, 0.076004, 0.016483, 0.99805, 0.060211, 0.763972, 0.0, 0.0, 0.0, 1.0],
                [0.947897, -0.000338, -0.318577, -5e-06, -0.317073, 0.096083, -0.943522, 0.115808, 0.030929, 0.995373, 0.09097, 0.763972, 0.0, 0.0, 0.0, 1.0],
                [0.89529, 0.008411, -0.445405, -5e-06, -0.442313, 0.135868, -0.886509, 0.162868, 0.05306, 0.990691, 0.125361, 0.763972, 0.0, 0.0, 0.0, 1.0],
                [0.813206, 0.025024, -0.581437, -5e-06, -0.57579, 0.179863, -0.797568, 0.216605, 0.084621, 0.983373, 0.160674, 0.763972, 0.0, 0.0, 0.0, 1.0],
                [0.696728, 0.051456, -0.715488, -5e-06, -0.706087, 0.225136, -0.671382, 0.276439, 0.126536, 0.972968, 0.193191, 0.763972, 0.0, 0.0, 0.0, 1.0],
                [0.545287, 0.088585, -0.833555, -5e-06, -0.819079, 0.267758, -0.507362, 0.34179, 0.178246, 0.959405, 0.218563, 0.763972, 0.0, 0.0, 0.0, 1.0],
                [0.36438, 0.135601, -0.921325, -5e-06, -0.900502, 0.303435, -0.311485, 0.412078, 0.237325, 0.943154, 0.232674, 0.763972, 0.0, 0.0, 0.0, 1.0],
                [0.16543, 0.189859, -0.967774, -5e-06, -0.939582, 0.32854, -0.096158, 0.486725, 0.299696, 0.925211, 0.232739, 0.763972, 0.0, 0.0, 0.0, 1.0],
                [-0.036678, 0.247426, -0.968212, -5e-06, -0.932019, 0.341087, 0.122471, 0.565149, 0.360547, 0.906885, 0.218095, 0.763972, 0.0, 0.0, 0.0, 1.0],
                [-0.22741, 0.304109, -0.925096, -5e-06, -0.880692, 0.341143, 0.328639, 0.646771, 0.415532, 0.88946, 0.190247, 0.763972, 0.0, 0.0, 0.0, 1.0],
                [-0.395845, 0.356467, -0.846308, -5e-06, -0.793826, 0.330495, 0.510503, 0.731012, 0.461678, 0.873902, 0.152149, 0.763972, 0.0, 0.0, 0.0, 1.0],
                [-0.536058, 0.402355, -0.742127, -5e-06, -0.681901, 0.311856, 0.661632, 0.817291, 0.497648, 0.86073, 0.107193, 0.763972, 0.0, 0.0, 0.0, 1.0],
                [-0.646636, 0.440933, -0.622447, -5e-06, -0.55486, 0.288062, 0.780481, 0.905029, 0.523443, 0.850058, 0.058385, 0.763972, 0.0, 0.0, 0.0, 1.0],
                [-0.729201, 0.472343, -0.495135, -5e-06, -0.420498, 0.261539, 0.86878, 0.993647, 0.539859, 0.841718, 0.007905, 0.763972, 0.0, 0.0, 0.0, 1.0],
                [-0.786826, 0.497301, -0.365509, -5e-06, -0.28398, 0.234091, 0.929815, 1.082563, 0.54796, 0.8354, -0.042965, 0.763972, 0.0, 0.0, 0.0, 1.0],
                [-0.82281, 0.516759, -0.236524, -5e-06, -0.148053, 0.206907, 0.967093, 1.1712, 0.548693, 0.830752, -0.093738, 0.763972, 0.0, 0.0, 0.0, 1.0],
                [-0.839867, 0.531689, -0.109228, -5e-06, -0.013528, 0.180668, 0.983451, 1.258976, 0.542624, 0.827446, -0.144544, 0.763972, 0.0, 0.0, 0.0, 1.0],
                [-0.839311, 0.543395, 0.016716, -5e-06, 0.119861, 0.154968, 0.980621, 1.345379, 0.530274, 0.82505, -0.195198, 0.763972, 0.0, 0.0, 0.0, 1.0],
                [-0.821433, 0.552678, 0.140693, -5e-06, 0.251205, 0.129161, 0.959278, 1.430159, 0.512, 0.823325, -0.244933, 0.763972, 0.0, 0.0, 0.0, 1.0],
                [-0.786505, 0.559617, 0.261225, -5e-06, 0.378927, 0.103273, 0.919646, 1.513135, 0.487672, 0.822291, -0.293279, 0.763972, 0.0, 0.0, 0.0, 1.0],
                [-0.734739, 0.56422, 0.376583, -5e-06, 0.501162, 0.077366, 0.861888, 1.594122, 0.457159, 0.821992, -0.339609, 0.763972, 0.0, 0.0, 0.0, 1.0],
                [-0.666462, 0.566447, 0.484734, -5e-06, 0.615708, 0.051562, 0.786285, 1.672939, 0.420395, 0.822484, -0.38313, 0.763972, 0.0, 0.0, 0.0, 1.0],
                [-0.582295, 0.566243, 0.583354, -5e-06, 0.720041, 0.026056, 0.693442, 1.749403, 0.377457, 0.823827, -0.42289, 0.763972, 0.0, 0.0, 0.0, 1.0],
                [-0.483335, 0.563563, 0.669914, -5e-06, 0.811409, 0.001122, 0.584478, 1.823332, 0.328638, 0.826072, -0.457822, 0.763972, 0.0, 0.0, 0.0, 1.0],
                [-0.3713, 0.558408, 0.741833, -5e-06, 0.887005, -0.022892, 0.461193, 1.894543, 0.274516, 0.82925, -0.486811, 0.763972, 0.0, 0.0, 0.0, 1.0],
                [-0.248618, 0.550855, 0.796711, -5e-06, 0.944214, -0.045583, 0.326164, 1.962852, 0.215985, 0.833355, -0.508792, 0.763972, 0.0, 0.0, 0.0, 1.0],
                [-0.118414, 0.541079, 0.832593, -5e-06, 0.980909, -0.066521, 0.182738, 2.028078, 0.154261, 0.838337, -0.522872, 0.763972, 0.0, 0.0, 0.0, 1.0],
                [0.015611, 0.52937, 0.848248, -5e-06, 0.995744, -0.085294, 0.034905, 2.090038, 0.090828, 0.844093, -0.528448, 0.763972, 0.0, 0.0, 0.0, 1.0],
                [0.149422, 0.516123, 0.843381, -5e-06, 0.988396, -0.101553, -0.112967, 2.148549, 0.027343, 0.850473, -0.525307, 0.763972, 0.0, 0.0, 0.0, 1.0],
                [0.278971, 0.501822, 0.818749, -5e-06, 0.959679, -0.11505, -0.256475, 2.203429, -0.034508, 0.857285, -0.513684, 0.763972, 0.0, 0.0, 0.0, 1.0],
                [0.400552, 0.487003, 0.776136, -5e-06, 0.911526, -0.125673, -0.391569, 2.254495, -0.093156, 0.864311, -0.494255, 0.763972, 0.0, 0.0, 0.0, 1.0],
                [0.511108, 0.472209, 0.718183, -5e-06, 0.846802, -0.133456, -0.514894, 2.301564, -0.147292, 0.871326, -0.468078, 0.763972, 0.0, 0.0, 0.0, 1.0],
                [0.608454, 0.457947, 0.648127, -5e-06, 0.769014, -0.138569, -0.624032, 2.344454, -0.195963, 0.878114, -0.43648, 0.763972, 0.0, 0.0, 0.0, 1.0],
                [0.691359, 0.444656, 0.569476, -5e-06, 0.681969, -0.141294, -0.717603, 2.382982, -0.238623, 0.884487, -0.400927, 0.763972, 0.0, 0.0, 0.0, 1.0],
                [0.759517, 0.432686, 0.485713, -5e-06, 0.589443, -0.141991, -0.795233, 2.416965, -0.27512, 0.890293, -0.362889, 0.763972, 0.0, 0.0, 0.0, 1.0],
                [0.81341, 0.422291, 0.400043, -5e-06, 0.494917, -0.141058, -0.857415, 2.446221, -0.305649, 0.895418, -0.323737, 0.763972, 0.0, 0.0, 0.0, 1.0],
                [0.854123, 0.413634, 0.315248, -5e-06, 0.401405, -0.138898, -0.905308, 2.470568, -0.330678, 0.899786, -0.28467, 0.763972, 0.0, 0.0, 0.0, 1.0],
                [0.883142, 0.406806, 0.2336, -5e-06, 0.311375, -0.135894, -0.94052, 2.489822, -0.350864, 0.90335, -0.246683, 0.763972, 0.0, 0.0, 0.0, 1.0],
                [0.90217, 0.401846, 0.156875, -5e-06, 0.226754, -0.13239, -0.964912, 2.503801, -0.366977, 0.906087, -0.210559, 0.763972, 0.0, 0.0, 0.0, 1.0],
                [0.912977, 0.398759, 0.086396, -5e-06, 0.148984, -0.128683, -0.980431, 2.512322, -0.379838, 0.907982, -0.176894, 0.763972, 0.0, 0.0, 0.0, 1.0],
                [0.917292, 0.397543, 0.02313, -5e-06, 0.07912, -0.12502, -0.988994, 2.515203, -0.390276, 0.909027, -0.146133, 0.763972, 0.0, 0.0, 0.0, 1.0],
                [0.917054, 0.397425, -0.032643, -5e-06, 0.017284, -0.121399, -0.992453, 2.515203, -0.398389, 0.909569, -0.118198, 0.763972, 0.0, 0.0, 0.0, 1.0],
                [0.913951, 0.397599, -0.081288, -5e-06, -0.03705, -0.117719, -0.992356, 2.515203, -0.404129, 0.909976, -0.092859, 0.763972, 0.0, 0.0, 0.0, 1.0],
                [0.909074, 0.398016, -0.123155, -5e-06, -0.084181, -0.114028, -0.989905, 2.515203, -0.408041, 0.910264, -0.070154, 0.763972, 0.0, 0.0, 0.0, 1.0],
                [0.903276, 0.398627, -0.158712, -5e-06, -0.124553, -0.110362, -0.986056, 2.515203, -0.410585, 0.910449, -0.050037, 0.763972, 0.0, 0.0, 0.0, 1.0],
                [0.897199, 0.399384, -0.188485, -5e-06, -0.158684, -0.106751, -0.981541, 2.515203, -0.412133, 0.910547, -0.032401, 0.763972, 0.0, 0.0, 0.0, 1.0],
                [0.891305, 0.400244, -0.213026, -5e-06, -0.187132, -0.103218, -0.976897, 2.515203, -0.412986, 0.910577, -0.017101, 0.763972, 0.0, 0.0, 0.0, 1.0],
                [0.885907, 0.401167, -0.232883, -5e-06, -0.21046, -0.099785, -0.972497, 2.515203, -0.413372, 0.910554, -0.003971, 0.763972, 0.0, 0.0, 0.0, 1.0],
                [0.881195, 0.402115, -0.248594, -5e-06, -0.229225, -0.09647, -0.968581, 2.515203, -0.413463, 0.910493, 0.007166, 0.763972, 0.0, 0.0, 0.0, 1.0],
                [0.877265, 0.403058, -0.260673, -5e-06, -0.243966, -0.093291, -0.965286, 2.515203, -0.413384, 0.910407, 0.016492, 0.763972, 0.0, 0.0, 0.0, 1.0],
                [0.87414, 0.403965, -0.269615, -5e-06, -0.255204, -0.090267, -0.962664, 2.515203, -0.41322, 0.91031, 0.024187, 0.763972, 0.0, 0.0, 0.0, 1.0],
                [0.871784, 0.404812, -0.275899, -5e-06, -0.263446, -0.087421, -0.960705, 2.515203, -0.413024, 0.910211, 0.030434, 0.763972, 0.0, 0.0, 0.0, 1.0],
                [0.870124, 0.405578, -0.279984, -5e-06, -0.269181, -0.084772, -0.959351, 2.515203, -0.412827, 0.910121, 0.035412, 0.763972, 0.0, 0.0, 0.0, 1.0],
                [0.869056, 0.406245, -0.282323, -5e-06, -0.27289, -0.082347, -0.958514, 2.515203, -0.41264, 0.910046, 0.039296, 0.763972, 0.0, 0.0, 0.0, 1.0],
                [0.868461, 0.406797, -0.283359, -5e-06, -0.275047, -0.080171, -0.958082, 2.515203, -0.412462, 0.909994, 0.042263, 0.763972, 0.0, 0.0, 0.0, 1.0],
                [0.868204, 0.407223, -0.283534, -5e-06, -0.276124, -0.078272, -0.95793, 2.515203, -0.412284, 0.909969, 0.044488, 0.763972, 0.0, 0.0, 0.0, 1.0],
                [0.868148, 0.407513, -0.283288, -5e-06, -0.27659, -0.076679, -0.957924, 2.515203, -0.412089, 0.909974, 0.046145, 0.763972, 0.0, 0.0, 0.0, 1.0],
                [0.868874, 0.406674, -0.282265, -5e-06, -0.276192, -0.074959, -0.958175, 2.515206, -0.410823, 0.910493, 0.04719, 0.763972, 0.0, 0.0, 0.0, 1.0],
                [0.870984, 0.403801, -0.279878, -5e-06, -0.274416, -0.072689, -0.95886, 2.515213, -0.407532, 0.911955, 0.047498, 0.763972, 0.0, 0.0, 0.0, 1.0],
                [0.874358, 0.399007, -0.27621, -5e-06, -0.271338, -0.06992, -0.959941, 2.515225, -0.402335, 0.914278, 0.047131, 0.763972, 0.0, 0.0, 0.0, 1.0],
                [0.878863, 0.392399, -0.271336, -5e-06, -0.267027, -0.066707, -0.961377, 2.515241, -0.395343, 0.917373, 0.046155, 0.763972, 0.0, 0.0, 0.0, 1.0],
                [0.884355, 0.384079, -0.26533, -5e-06, -0.261552, -0.063114, -0.963124, 2.515262, -0.386661, 0.921141, 0.044642, 0.763972, 0.0, 0.0, 0.0, 1.0],
                [0.890683, 0.374146, -0.25826, -5e-06, -0.254977, -0.059205, -0.965133, 2.515285, -0.376391, 0.925478, 0.042666, 0.763972, 0.0, 0.0, 0.0, 1.0],
                [0.89769, 0.362702, -0.250198, -5e-06, -0.247371, -0.055051, -0.967356, 2.515312, -0.364636, 0.930278, 0.040303, 0.763972, 0.0, 0.0, 0.0, 1.0],
                [0.90522, 0.349849, -0.241212, -5e-06, -0.238802, -0.050721, -0.969743, 2.515342, -0.351498, 0.935432, 0.037631, 0.763972, 0.0, 0.0, 0.0, 1.0],
                [0.913112, 0.335695, -0.231376, -5e-06, -0.229344, -0.046285, -0.972244, 2.515374, -0.337087, 0.940833, 0.034727, 0.763972, 0.0, 0.0, 0.0, 1.0],
                [0.921214, 0.320355, -0.220767, -5e-06, -0.219072, -0.041812, -0.974812, 2.515409, -0.321517, 0.946374, 0.031663, 0.763972, 0.0, 0.0, 0.0, 1.0],
                [0.929375, 0.30395, -0.209467, -5e-06, -0.20807, -0.037369, -0.9774, 2.515446, -0.304909, 0.951955, 0.028513, 0.763972, 0.0, 0.0, 0.0, 1.0],
                [0.937455, 0.286612, -0.197563, -5e-06, -0.196426, -0.033019, -0.979963, 2.515484, -0.287392, 0.957478, 0.025345, 0.763972, 0.0, 0.0, 0.0, 1.0],
                [0.945325, 0.268479, -0.185147, -5e-06, -0.184235, -0.028819, -0.98246, 2.515524, -0.269105, 0.962855, 0.02222, 0.763972, 0.0, 0.0, 0.0, 1.0],
                [0.952868, 0.249698, -0.172317, -5e-06, -0.171597, -0.024822, -0.984855, 2.515565, -0.250194, 0.968005, 0.019195, 0.763972, 0.0, 0.0, 0.0, 1.0],
                [0.959982, 0.230428, -0.159177, -5e-06, -0.158618, -0.021073, -0.987115, 2.515606, -0.230813, 0.972861, 0.016321, 0.763972, 0.0, 0.0, 0.0, 1.0],
                [0.966583, 0.210831, -0.145836, -5e-06, -0.14541, -0.017608, -0.989215, 2.515647, -0.211125, 0.977364, 0.013637, 0.763972, 0.0, 0.0, 0.0, 1.0],
                [0.972604, 0.191076, -0.132406, -5e-06, -0.132088, -0.014457, -0.991132, 2.515689, -0.191296, 0.981469, 0.011178, 0.763972, 0.0, 0.0, 0.0, 1.0],
                [0.977998, 0.171341, -0.119004, -5e-06, -0.118772, -0.011638, -0.992853, 2.51573, -0.171501, 0.985143, 0.008968, 0.763972, 0.0, 0.0, 0.0, 1.0],
                [0.982738, 0.151801, -0.105747, -5e-06, -0.105583, -0.009163, -0.994368, 2.515771, -0.151916, 0.988369, 0.007023, 0.763972, 0.0, 0.0, 0.0, 1.0],
                [0.986815, 0.13264, -0.092756, -5e-06, -0.092644, -0.007033, -0.995674, 2.51581, -0.132718, 0.991139, 0.005348, 0.763972, 0.0, 0.0, 0.0, 1.0],
                [0.990238, 0.114036, -0.080152, -5e-06, -0.080077, -0.005241, -0.996775, 2.515849, -0.114088, 0.993463, 0.003942, 0.763972, 0.0, 0.0, 0.0, 1.0],
                [0.993036, 0.09617, -0.068053, -5e-06, -0.068006, -0.003771, -0.997678, 2.515885, -0.096203, 0.995358, 0.002795, 0.763972, 0.0, 0.0, 0.0, 1.0],
                [0.99525, 0.07922, -0.05658, -5e-06, -0.056551, -0.002602, -0.998396, 2.51592, -0.07924, 0.996854, 0.00189, 0.763972, 0.0, 0.0, 0.0, 1.0],
                [0.996937, 0.06336, -0.045847, -5e-06, -0.045831, -0.001705, -0.998948, 2.515953, -0.063372, 0.997989, 0.001205, 0.763972, 0.0, 0.0, 0.0, 1.0],
                [0.998162, 0.048763, -0.035971, -5e-06, -0.035963, -0.001045, -0.999353, 2.515983, -0.048769, 0.99881, 0.00071, 0.763972, 0.0, 0.0, 0.0, 1.0],
                [0.999, 0.035594, -0.027063, -5e-06, -0.02706, -0.000587, -0.999634, 2.51601, -0.035597, 0.999366, 0.000376, 0.763972, 0.0, 0.0, 0.0, 1.0],
                [0.999526, 0.024019, -0.019234, -5e-06, -0.019233, -0.000292, -0.999815, 2.516033, -0.02402, 0.999711, 0.00017, 0.763972, 0.0, 0.0, 0.0, 1.0],
                [0.99982, 0.014197, -0.012591, -5e-06, -0.012591, -0.000121, -0.999921, 2.516053, -0.014197, 0.999899, 5.8e-05, 0.763972, 0.0, 0.0, 0.0, 1.0],
                [0.999954, 0.006285, -0.007241, -5e-06, -0.007241, -3.6e-05, -0.999974, 2.51607, -0.006286, 0.99998, 1e-05, 0.763972, 0.0, 0.0, 0.0, 1.0],
                [0.999995, 0.000442, -0.003289, -5e-06, -0.003289, -5e-06, -0.999995, 2.516082, -0.000442, 1.0, -3e-06, 0.763972, 0.0, 0.0, 0.0, 1.0],
                [0.999995, -0.003179, -0.00084, -5e-06, -0.00084, 1e-06, -1.0, 2.516089, 0.003179, 0.999995, -2e-06, 0.763972, 0.0, 0.0, 0.0, 1.0],
                [0.99999, -0.004421, 0.0, -5e-06, 0.0, 0.0, -1.0, 2.516092, 0.004421, 0.99999, 0.0, 0.763972, 0.0, 0.0, 0.0, 1.0]
            ]
        },
        {
            "name": "Thigh_R",
            "time": [0.0, 0.0167, 0.0333, 0.05, 0.0667, 0.0833, 0.1, 0.1167, 0.1333, 0.15, 0.1667, 0.1833, 0.2, 0.2167, 0.2333, 0.25, 0.2667, 0.2833, 0.3, 0.3167, 0.3333, 0.35, 0.3667, 0.3833, 0.4, 0.4167, 0.4333, 0.45, 0.4667, 0.4833, 0.5, 0.5167, 0.5333, 0.55, 0.5667, 0.5833, 0.6, 0.6167, 0.6333, 0.65, 0.6667, 0.6833, 0.7, 0.7167, 0.7333, 0.75, 0.7667, 0.7833, 0.8, 0.8167, 0.8333, 0.85, 0.8667, 0.8833, 0.9, 0.9167, 0.9333, 0.95, 0.9667, 0.9833, 1.0, 1.0167, 1.0333, 1.05, 1.0667, 1.0833, 1.1, 1.1167, 1.1333, 1.15, 1.1667, 1.1833, 1.2, 1.2167, 1.2333, 1.25, 1.2667, 1.2833, 1.3, 1.3167, 1.3333, 1.35, 1.3667, 1.3833, 1.4, 1.4167, 1.4333, 1.45, 1.4667, 1.4833, 1.5, 1.5167, 1.5333],
            "transform": [
                [1.0, -0.0, -0.0, 0.124994, -0.0, -0.906307, 0.422619, -0.002831, -0.0, -0.422619, -0.906308, -1.2e-05, 0.0, 0.0, 0.0, 1.0],
                [0.999993, 0.000716, 0.003674, 0.124994, -0.000873, -0.909945, 0.414728, -0.002831, 0.00364, -0.414728, -0.909938, -1.2e-05, 0.0, 0.0, 0.0, 1.0],
                [0.999894, 0.0026, 0.014294, 0.124994, -0.003208, -0.920043, 0.391803, -0.002831, 0.01417, -0.391808, -0.919938, -1.2e-05, 0.0, 0.0, 0.0, 1.0],
                [0.999496, 0.005057, 0.031347, 0.124994, -0.006391, -0.934987, 0.354624, -0.002831, 0.031102, -0.354645, -0.934484, -1.2e-05, 0.0, 0.0, 0.0, 1.0],
                [0.998495, 0.007278, 0.054353, 0.124994, -0.009591, -0.952702, 0.303754, -0.002831, 0.053993, -0.303819, -0.951199, -1.2e-05, 0.0, 0.0, 0.0, 1.0],
                [0.996536, 0.008304, 0.082749, 0.124994, -0.011828, -0.970736, 0.239855, -0.002831, 0.082319, -0.240003, -0.967276, -1.2e-05, 0.0, 0.0, 0.0, 1.0],
                [0.99325, 0.007115, 0.115779, 0.124994, -0.012049, -0.98639, 0.16398, -0.002831, 0.11537, -0.164268, -0.979646, -1.2e-05, 0.0, 0.0, 0.0, 1.0],
                [0.988311, 0.002738, 0.152422, 0.124994, -0.00924, -0.996924, 0.077822, -0.002831, 0.152167, -0.078321, -0.985247, -1.2e-05, 0.0, 0.0, 0.0, 1.0],
                [0.981502, -0.005607, 0.19137, 0.124994, -0.002564, -0.999866, -0.016149, -0.002831, 0.191435, 0.01536, -0.981385, -1.2e-05, 0.0, 0.0, 0.0, 1.0],
                [0.972761, -0.01837, 0.23108, 0.124994, 0.008493, -0.993361, -0.114721, -0.002831, 0.231653, 0.113558, -0.966148, -1.2e-05, 0.0, 0.0, 0.0, 1.0],
                [0.962228, -0.035548, 0.269913, 0.124994, 0.023999, -0.976503, -0.214162, -0.002831, 0.271184, 0.212551, -0.938766, -1.2e-05, 0.0, 0.0, 0.0, 1.0],
                [0.950243, -0.056648, 0.306316, 0.124994, 0.043526, -0.949536, -0.310623, -0.002831, 0.308454, 0.3085, -0.899824, -1.2e-05, 0.0, 0.0, 0.0, 1.0],
                [0.937311, -0.080725, 0.339016, 0.124994, 0.066186, -0.913862, -0.400594, -0.002831, 0.342151, 0.39792, -0.85123, -1.2e-05, 0.0, 0.0, 0.0, 1.0],
                [0.924041, -0.106511, 0.367156, 0.124994, 0.090748, -0.871841, -0.481308, -0.002831, 0.371366, 0.478068, -0.795951, -1.2e-05, 0.0, 0.0, 0.0, 1.0],
                [0.911067, -0.132582, 0.390357, 0.124994, 0.115805, -0.826447, -0.550976, -0.002831, 0.395659, 0.547181, -0.737595, -1.2e-05, 0.0, 0.0, 0.0, 1.0],
                [0.898985, -0.157516, 0.408674, 0.124994, 0.139935, -0.780883, -0.608802, -0.002831, 0.415023, 0.604492, -0.67996, -1.2e-05, 0.0, 0.0, 0.0, 1.0],
                [0.88831, -0.180019, 0.422491, 0.124994, 0.161828, -0.73826, -0.654816, -0.002831, 0.429787, 0.650051, -0.626672, -1.2e-05, 0.0, 0.0, 0.0, 1.0],
                [0.879466, -0.198973, 0.432376, 0.124994, 0.180343, -0.701385, -0.68959, -0.002831, 0.440472, 0.684447, -0.580962, -1.2e-05, 0.0, 0.0, 0.0, 1.0],
                [0.872797, -0.213445, 0.438939, 0.124994, 0.194521, -0.672685, -0.713901, -0.002831, 0.447646, 0.708474, -0.545598, -1.2e-05, 0.0, 0.0, 0.0, 1.0],
                [0.868593, -0.222642, 0.442692, 0.124994, 0.20355, -0.654215, -0.728402, -0.002831, 0.451789, 0.722795, -0.522928, -1.2e-05, 0.0, 0.0, 0.0, 1.0],
                [0.86713, -0.225858, 0.44393, 0.124994, 0.20671, -0.647715, -0.733305, -0.002831, 0.453163, 0.727635, -0.514966, -1.2e-05, 0.0, 0.0, 0.0, 1.0],
                [0.867533, -0.22234, 0.444917, 0.124994, 0.207691, -0.650867, -0.73023, -0.002831, 0.451941, 0.725904, -0.518471, -1.2e-05, 0.0, 0.0, 0.0, 1.0],
                [0.868675, -0.212093, 0.447684, 0.124994, 0.21054, -0.659967, -0.721191, -0.002831, 0.448416, 0.720736, -0.528642, -1.2e-05, 0.0, 0.0, 0.0, 1.0],
                [0.870418, -0.195511, 0.451828, 0.124994, 0.215169, -0.674392, -0.706327, -0.002831, 0.442803, 0.712019, -0.544935, -1.2e-05, 0.0, 0.0, 0.0, 1.0],
                [0.872589, -0.172929, 0.45682, 0.124994, 0.221531, -0.693409, -0.685644, -0.002831, 0.435331, 0.699485, -0.566752, -1.2e-05, 0.0, 0.0, 0.0, 1.0],
                [0.874983, -0.144671, 0.462033, 0.124994, 0.229606, -0.716176, -0.659069, -0.002831, 0.426245, 0.68276, -0.593425, -1.2e-05, 0.0, 0.0, 0.0, 1.0],
                [0.87738, -0.111091, 0.466757, 0.124994, 0.239379, -0.741744, -0.626509, -0.002831, 0.415814, 0.661418, -0.624199, -1.2e-05, 0.0, 0.0, 0.0, 1.0],
                [0.879548, -0.072618, 0.470237, 0.124994, 0.250819, -0.769061, -0.587907, -0.002831, 0.404334, 0.635037, -0.658212, -1.2e-05, 0.0, 0.0, 0.0, 1.0],
                [0.881254, -0.029789, 0.471702, 0.124994, 0.263867, -0.796994, -0.5433, -0.002831, 0.392128, 0.603252, -0.694494, -1.2e-05, 0.0, 0.0, 0.0, 1.0],
                [0.882288, 0.016726, 0.470413, 0.124994, 0.278413, -0.824358, -0.492869, -0.002831, 0.379545, 0.565822, -0.731978, -1.2e-05, 0.0, 0.0, 0.0, 1.0],
                [0.882465, 0.06611, 0.465709, 0.124994, 0.294287, -0.849965, -0.436983, -0.002831, 0.366947, 0.522674, -0.76952, -1.2e-05, 0.0, 0.0, 0.0, 1.0],
                [0.881653, 0.11741, 0.457059, 0.124994, 0.311253, -0.872685, -0.376221, -0.002831, 0.354696, 0.473957, -0.80595, -1.2e-05, 0.0, 0.0, 0.0, 1.0],
                [0.879779, 0.169559, 0.444115, 0.124994, 0.329006, -0.891514, -0.31138, -0.002831, 0.343138, 0.420062, -0.840121, -1.2e-05, 0.0, 0.0, 0.0, 1.0],
                [0.876844, 0.221426, 0.42675, 0.124994, 0.347184, -0.905646, -0.243451, -0.002831, 0.332578, 0.361629, -0.870986, -1.2e-05, 0.0, 0.0, 0.0, 1.0],
                [0.872925, 0.271876, 0.405075, 0.124994, 0.36538, -0.914532, -0.173574, -0.002831, 0.323263, 0.299523, -0.897656, -1.2e-05, 0.0, 0.0, 0.0, 1.0],
                [0.868176, 0.319829, 0.379446, 0.124994, 0.383162, -0.917923, -0.102977, -0.002831, 0.315367, 0.234791, -0.919465, -1.2e-05, 0.0, 0.0, 0.0, 1.0],
                [0.862818, 0.364331, 0.350439, 0.124994, 0.400098, -0.915881, -0.032895, -0.002831, 0.308976, 0.168593, -0.936007, -1.2e-05, 0.0, 0.0, 0.0, 1.0],
                [0.857123, 0.4046, 0.318809, 0.124994, 0.415777, -0.908773, 0.035501, -0.002831, 0.304088, 0.102125, -0.947154, -1.2e-05, 0.0, 0.0, 0.0, 1.0],
                [0.851397, 0.440057, 0.285434, 0.124994, 0.429826, -0.897225, 0.101172, -0.002831, 0.30062, 0.036549, -0.953043, -1.2e-05, 0.0, 0.0, 0.0, 1.0],
                [0.845962, 0.470336, 0.25126, 0.124994, 0.441922, -0.882072, 0.163261, -0.002831, 0.298417, -0.027075, -0.954051, -1.2e-05, 0.0, 0.0, 0.0, 1.0],
                [0.841138, 0.49527, 0.217243, 0.124994, 0.451794, -0.864287, 0.221111, -0.002831, 0.29727, -0.087836, -0.950745, -1.2e-05, 0.0, 0.0, 0.0, 1.0],
                [0.837225, 0.514866, 0.184302, 0.124994, 0.459222, -0.84492, 0.274271, -0.002831, 0.296933, -0.144992, -0.943826, -1.2e-05, 0.0, 0.0, 0.0, 1.0],
                [0.8345, 0.529256, 0.153289, 0.124994, 0.46402, -0.82504, 0.32248, -0.002831, 0.297144, -0.19798, -0.934082, -1.1e-05, 0.0, 0.0, 0.0, 1.0],
                [0.833205, 0.538657, 0.124974, 0.124994, 0.466027, -0.805689, 0.365627, -0.002831, 0.297638, -0.246401, -0.922333, -1.2e-05, 0.0, 0.0, 0.0, 1.0],
                [0.833545, 0.543319, 0.100034, 0.124994, 0.465084, -0.787851, 0.403718, -0.002831, 0.29816, -0.289993, -0.909398, -1.2e-05, 0.0, 0.0, 0.0, 1.0],
                [0.834579, 0.545272, 0.078464, 0.124994, 0.462849, -0.771293, 0.436895, -0.002831, 0.298745, -0.328306, -0.896084, -1.2e-05, 0.0, 0.0, 0.0, 1.0],
                [0.835276, 0.546584, 0.059668, 0.124994, 0.461058, -0.755405, 0.465606, -0.002831, 0.299567, -0.361398, -0.882978, -1.1e-05, 0.0, 0.0, 0.0, 1.0],
                [0.835683, 0.547496, 0.043384, 0.124994, 0.459659, -0.740465, 0.490331, -0.002831, 0.300579, -0.38982, -0.870456, -1.2e-05, 0.0, 0.0, 0.0, 1.0],
                [0.835845, 0.54818, 0.029355, 0.124994, 0.45861, -0.726663, 0.511505, -0.002831, 0.301728, -0.414076, -0.858779, -1.2e-05, 0.0, 0.0, 0.0, 1.0],
                [0.835803, 0.548756, 0.017334, 0.124994, 0.45788, -0.714117, 0.529512, -0.002831, 0.302951, -0.434631, -0.848125, -1.2e-05, 0.0, 0.0, 0.0, 1.0],
                [0.835598, 0.549297, 0.007084, 0.124994, 0.457441, -0.70289, 0.544695, -0.002831, 0.304178, -0.451905, -0.838605, -1.2e-05, 0.0, 0.0, 0.0, 1.0],
                [0.835268, 0.549841, -0.001618, 0.124994, 0.457273, -0.693007, 0.557353, -0.002831, 0.305334, -0.466279, -0.830274, -1.2e-05, 0.0, 0.0, 0.0, 1.0],
                [0.834855, 0.550397, -0.008988, 0.124994, 0.457356, -0.684457, 0.567753, -0.002831, 0.306338, -0.478102, -0.82315, -1.2e-05, 0.0, 0.0, 0.0, 1.0],
                [0.834397, 0.550953, -0.015232, 0.124994, 0.457675, -0.677204, 0.576131, -0.002831, 0.307106, -0.487694, -0.817215, -1.2e-05, 0.0, 0.0, 0.0, 1.0],
                [0.833938, 0.551476, -0.020552, 0.124994, 0.458215, -0.671195, 0.582697, -0.002831, 0.307549, -0.49535, -0.812429, -1.2e-05, 0.0, 0.0, 0.0, 1.0],
                [0.833518, 0.55192, -0.025144, 0.124994, 0.45896, -0.666358, 0.587642, -0.002831, 0.307576, -0.50135, -0.80873, -1.2e-05, 0.0, 0.0, 0.0, 1.0],
                [0.833182, 0.552227, -0.029204, 0.124994, 0.459893, -0.662609, 0.591141, -0.002831, 0.307094, -0.505959, -0.806039, -1.2e-05, 0.0, 0.0, 0.0, 1.0],
                [0.832973, 0.552333, -0.032925, 0.124994, 0.460994, -0.659855, 0.593359, -0.002831, 0.306006, -0.50943, -0.804264, -1.2e-05, 0.0, 0.0, 0.0, 1.0],
                [0.832936, 0.552164, -0.036501, 0.124994, 0.462243, -0.657995, 0.594452, -0.002831, 0.304217, -0.512013, -0.803302, -1.2e-05, 0.0, 0.0, 0.0, 1.0],
                [0.833113, 0.551645, -0.040127, 0.124994, 0.463616, -0.65692, 0.594572, -0.002831, 0.301633, -0.51395, -0.80304, -1.2e-05, 0.0, 0.0, 0.0, 1.0],
                [0.833545, 0.550697, -0.043995, 0.124994, 0.465084, -0.656515, 0.593872, -0.002831, 0.29816, -0.515481, -0.803356, -1.2e-05, 0.0, 0.0, 0.0, 1.0],
                [0.834838, 0.548461, -0.047286, 0.124994, 0.466016, -0.658386, 0.591064, -0.002831, 0.293043, -0.515478, -0.805238, -1.2e-05, 0.0, 0.0, 0.0, 1.0],
                [0.837503, 0.544219, -0.049133, 0.124994, 0.465806, -0.664027, 0.584886, -0.002831, 0.285681, -0.512731, -0.809626, -1.2e-05, 0.0, 0.0, 0.0, 1.0],
                [0.841433, 0.538073, -0.049683, 0.124994, 0.464432, -0.673137, 0.575491, -0.002831, 0.276212, -0.507312, -0.816298, -1.2e-05, 0.0, 0.0, 0.0, 1.0],
                [0.846514, 0.530097, -0.049097, 0.124994, 0.461844, -0.685378, 0.562989, -0.002831, 0.264789, -0.499253, -0.825005, -1.2e-05, 0.0, 0.0, 0.0, 1.0],
                [0.852627, 0.520352, -0.04755, 0.124994, 0.457972, -0.700386, 0.547468, -0.002831, 0.251573, -0.488562, -0.835475, -1.2e-05, 0.0, 0.0, 0.0, 1.0],
                [0.859645, 0.508887, -0.045227, 0.124994, 0.452731, -0.717767, 0.529003, -0.002831, 0.23674, -0.475231, -0.847414, -1.2e-05, 0.0, 0.0, 0.0, 1.0],
                [0.867434, 0.495749, -0.042324, 0.124994, 0.446034, -0.737104, 0.507672, -0.002831, 0.220481, -0.45925, -0.86051, -1.2e-05, 0.0, 0.0, 0.0, 1.0],
                [0.875854, 0.480994, -0.039036, 0.124994, 0.4378, -0.757955, 0.483566, -0.002831, 0.203005, -0.440623, -0.874437, -1.2e-05, 0.0, 0.0, 0.0, 1.0],
                [0.884759, 0.464691, -0.035564, 0.124994, 0.427959, -0.779863, 0.456798, -0.002831, 0.184534, -0.419376, -0.888859, -1.2e-05, 0.0, 0.0, 0.0, 1.0],
                [0.893996, 0.446924, -0.032102, 0.124994, 0.416467, -0.802362, 0.427515, -0.002831, 0.165309, -0.395567, -0.903438, -1.1e-05, 0.0, 0.0, 0.0, 1.0],
                [0.903411, 0.427804, -0.028837, 0.124994, 0.403304, -0.824987, 0.395906, -0.002831, 0.14558, -0.369297, -0.917838, -1.2e-05, 0.0, 0.0, 0.0, 1.0],
                [0.912852, 0.407467, -0.025941, 0.124994, 0.388491, -0.84728, 0.362203, -0.002831, 0.125607, -0.340715, -0.931738, -1.2e-05, 0.0, 0.0, 0.0, 1.0],
                [0.922167, 0.386074, -0.023566, 0.124994, 0.372084, -0.86881, 0.326683, -0.002831, 0.105649, -0.310025, -0.94484, -1.2e-05, 0.0, 0.0, 0.0, 1.0],
                [0.931215, 0.363815, -0.021842, 0.124994, 0.354187, -0.88918, 0.289671, -0.002831, 0.085965, -0.277482, -0.956877, -1.2e-05, 0.0, 0.0, 0.0, 1.0],
                [0.939867, 0.340902, -0.020867, 0.124994, 0.334944, -0.908044, 0.25153, -0.002831, 0.066799, -0.243394, -0.967624, -1.2e-05, 0.0, 0.0, 0.0, 1.0],
                [0.948009, 0.31757, -0.020707, 0.124994, 0.314546, -0.925115, 0.212658, -0.002831, 0.048377, -0.208115, -0.976907, -1.2e-05, 0.0, 0.0, 0.0, 1.0],
                [0.955546, 0.294065, -0.021394, 0.124994, 0.293218, -0.940175, 0.173475, -0.002831, 0.030899, -0.172036, -0.984606, -1.2e-05, 0.0, 0.0, 0.0, 1.0],
                [0.962407, 0.270642, -0.02292, 0.124994, 0.271222, -0.953085, 0.134416, -0.002831, 0.014533, -0.135579, -0.99066, -1.2e-05, 0.0, 0.0, 0.0, 1.0],
                [0.968544, 0.247559, -0.025247, 0.124994, 0.248843, -0.963783, 0.095915, -0.002831, -0.000588, -0.099181, -0.995069, -1.1e-05, 0.0, 0.0, 0.0, 1.0],
                [0.973932, 0.225067, -0.0283, 0.124994, 0.226384, -0.972286, 0.058399, -0.002831, -0.014372, -0.063283, -0.997892, -1.2e-05, 0.0, 0.0, 0.0, 1.0],
                [0.978572, 0.203407, -0.031976, 0.124994, 0.204158, -0.978684, 0.022273, -0.002831, -0.026764, -0.028324, -0.99924, -1.2e-05, 0.0, 0.0, 0.0, 1.0],
                [0.982485, 0.182804, -0.036148, 0.124994, 0.18248, -0.983135, -0.012085, -0.002831, -0.037748, 0.005277, -0.999273, -1.2e-05, 0.0, 0.0, 0.0, 1.0],
                [0.985711, 0.163463, -0.040669, 0.124994, 0.161657, -0.985851, -0.044329, -0.002831, -0.04734, 0.037121, -0.998189, -1.2e-05, 0.0, 0.0, 0.0, 1.0],
                [0.988307, 0.145571, -0.045379, 0.124994, 0.141987, -0.987087, -0.074147, -0.002831, -0.055587, 0.066837, -0.996214, -1.2e-05, 0.0, 0.0, 0.0, 1.0],
                [0.990339, 0.129294, -0.05011, 0.124994, 0.123751, -0.987133, -0.101263, -0.002831, -0.062558, 0.094084, -0.993597, -1.2e-05, 0.0, 0.0, 0.0, 1.0],
                [0.991884, 0.11478, -0.054692, 0.124994, 0.107217, -0.986291, -0.125433, -0.002831, -0.068339, 0.118551, -0.990593, -1.2e-05, 0.0, 0.0, 0.0, 1.0],
                [0.993019, 0.102162, -0.058956, 0.124994, 0.09263, -0.984874, -0.146435, -0.002831, -0.073025, 0.139952, -0.987462, -1.2e-05, 0.0, 0.0, 0.0, 1.0],
                [0.993821, 0.091564, -0.062742, 0.124994, 0.080226, -0.983181, -0.164069, -0.002831, -0.076709, 0.158022, -0.984451, -1.2e-05, 0.0, 0.0, 0.0, 1.0],
                [0.99436, 0.083102, -0.065897, 0.124994, 0.070221, -0.981496, -0.178143, -0.002831, -0.079482, 0.17251, -0.981796, -1.2e-05, 0.0, 0.0, 0.0, 1.0],
                [0.994698, 0.076895, -0.068286, 0.124994, 0.062826, -0.980069, -0.188462, -0.002831, -0.081417, 0.183173, -0.979704, -1.2e-05, 0.0, 0.0, 0.0, 1.0],
                [0.994882, 0.073068, -0.069789, 0.124994, 0.058243, -0.979107, -0.194823, -0.002831, -0.082566, 0.189761, -0.978352, -1.2e-05, 0.0, 0.0, 0.0, 1.0],
                [0.994941, 0.071759, -0.070308, 0.124994, 0.056671, -0.978764, -0.196999, -0.002831, -0.082951, 0.192018, -0.97788, -1.2e-05, 0.0, 0.0, 0.0, 1.0]
            ]
        },
        {
            "name": "Leg_R",
            "time": [0.0, 0.0167, 0.0333, 0.05, 0.0667, 0.0833, 0.1, 0.1167, 0.1333, 0.15, 0.1667, 0.1833, 0.2, 0.2167, 0.2333, 0.25, 0.2667, 0.2833, 0.3, 0.3167, 0.3333, 0.35, 0.3667, 0.3833, 0.4, 0.4167, 0.4333, 0.45, 0.4667, 0.4833, 0.5, 0.5167, 0.5333, 0.55, 0.5667, 0.5833, 0.6, 0.6167, 0.6333, 0.65, 0.6667, 0.6833, 0.7, 0.7167, 0.7333, 0.75, 0.7667, 0.7833, 0.8, 0.8167, 0.8333, 0.85, 0.8667, 0.8833, 0.9, 0.9167, 0.9333, 0.95, 0.9667, 0.9833, 1.0, 1.0167, 1.0333, 1.05, 1.0667, 1.0833, 1.1, 1.1167, 1.1333, 1.15, 1.1667, 1.1833, 1.2, 1.2167, 1.2333, 1.25, 1.2667, 1.2833, 1.3, 1.3167, 1.3333, 1.35, 1.3667, 1.3833, 1.4, 1.4167, 1.4333, 1.45, 1.4667, 1.4833, 1.5, 1.5167, 1.5333],
            "transform": [
                [1.0, 0.0, 1e-06, -0.0, -1e-06, 0.939692, 0.342021, 0.37472, -1e-06, -0.342021, 0.939692, 0.0, 0.0, 0.0, 0.0, 1.0],
                [1.0, 0.0, 1e-06, 0.0, -1e-06, 0.939437, 0.342722, 0.37472, -1e-06, -0.342722, 0.939437, 0.0, 0.0, 0.0, 0.0, 1.0],
