{
    "armature": {
        "joints": ["Root", "Thigh_R", "Leg_R", "Knee_R", "Thigh_L", "Leg_L", "Knee_L", "Torso", "Chest", "Head", "Shoulder_R", "Arm_R", "Hand_R", "Tool_R", "Elbow_R", "Shoulder_L", "Arm_L", "Hand_L", "Tool_L", "Elbow_L"],
        "hierarchy": [
            {
                "name": "Root",
                "transform": [1.0, 0.0, 0.0, -5e-06, 0.0, 0.0, -1.0, 0.000946, 0.0, 1.0, 0.0, 0.763972, 0.0, 0.0, 0.0, 1.0],
                "children": [
                    {
                        "name": "Thigh_R",
                        "transform": [1.0, -0.0, -0.0, 0.124994, -0.0, -1.0, 0.0, -0.002831, -0.0, -0.0, -1.0, -1.2e-05, 0.0, 0.0, 0.0, 1.0],
                        "children": [
                            {
                                "name": "Leg_R",
                                "transform": [1.0, 0.0, 1e-06, 0.0, -0.0, 1.0, 0.0, 0.37472, -1e-06, -0.0, 1.0, -0.0, 0.0, 0.0, 0.0, 1.0],
                                "children": []
                            },
                            {
                                "name": "Knee_R",
                                "transform": [1.0, 0.0, -0.0, 0.0, -0.0, 0.0, -1.0, 0.37472, -0.0, 1.0, 0.0, -0.0, 0.0, 0.0, 0.0, 1.0],
                                "children": []
                            }
                        ]
                    },
                    {
                        "name": "Thigh_L",
                        "transform": [1.0, -0.0, -0.0, -0.125006, -0.0, -1.0, 0.0, -0.002831, -0.0, -0.0, -1.0, -1.2e-05, 0.0, 0.0, 0.0, 1.0],
                        "children": [
                            {
                                "name": "Leg_L",
                                "transform": [1.0, 0.0, 1e-06, -0.0, -0.0, 1.0, 0.0, 0.37472, -1e-06, -0.0, 1.0, 0.0, 0.0, 0.0, 0.0, 1.0],
                                "children": []
                            },
                            {
                                "name": "Knee_L",
                                "transform": [1.0, 0.0, -0.0, -0.0, -0.0, 0.0, -1.0, 0.37472, -0.0, 1.0, 0.0, 0.0, 0.0, 0.0, 0.0, 1.0],
                                "children": []
                            }
                        ]
                    },
                    {
                        "name": "Torso",
                        "transform": [1.0, 0.0, 0.0, 0.0, 0.0, 1.0, 0.0, 0.05, 0.0, 0.0, 1.0, 0.0, 0.0, 0.0, 0.0, 1.0],
                        "children": [
                            {
                                "name": "Chest",
                                "transform": [1.0, 0.0, 0.0, 0.0, 0.0, 1.0, 0.0, 0.3, 0.0, 0.0, 1.0, 0.0, 0.0, 0.0, 0.0, 1.0],
                                "children": [
                                    {
                                        "name": "Head",
                                        "transform": [1.0, 0.0, 0.0, 0.0, 0.0, 1.0, 0.0, 0.4, 0.0, 0.0, 1.0, 0.0, 0.0, 0.0, 0.0, 1.0],
                                        "children": []
                                    },
                                    {
                                        "name": "Shoulder_R",
                                        "transform": [0.0, 0.952114, 0.305743, 0.0, 0.0, -0.305743, 0.952114, 0.4, 1.0, 0.0, -0.0, 0.0, 0.0, 0.0, 0.0, 1.0],
                                        "children": [
                                            {
                                                "name": "Arm_R",
                                                "transform": [0.0, -0.0, -1.0, -0.0, 0.952114, 0.305743, 0.0, 0.39386, 0.305743, -0.952114, 0.0, 0.0, 0.0, 0.0, 0.0, 1.0],
                                                "children": [
                                                    {
                                                        "name": "Hand_R",
                                                        "transform": [1.0, 0.0, 0.0, 0.0, -0.0, 0.993938, 0.109947, 0.3, -0.0, -0.109947, 0.993937, 0.0, 0.0, 0.0, 0.0, 1.0],
                                                        "children": [
                                                            {
                                                                "name": "Tool_R",
                                                                "transform": [1.0, 0.0, 0.0, -0.0, 0.0, -0.999836, 0.018122, 0.272858, 0.0, -0.018122, -0.999836, 0.0, 0.0, 0.0, 0.0, 1.0],
                                                                "children": []
                                                            }
                                                        ]
                                                    },
                                                    {
                                                        "name": "Elbow_R",
                                                        "transform": [-1.0, 0.0, -0.0, 0.0, 0.0, 0.0, -1.0, 0.3, -0.0, -1.0, -0.0, 0.0, 0.0, 0.0, 0.0, 1.0],
                                                        "children": []
                                                    }
                                                ]
                                            }
                                        ]
                                    },
                                    {
                                        "name": "Shoulder_L",
                                        "transform": [-0.0, -0.952114, -0.305743, 0.0, 0.0, -0.305743, 0.952114, 0.4, -1.0, 0.0, 0.0, 0.0, 0.0, 0.0, 0.0, 1.0],
                                        "children": [
                                            {
                                                "name": "Arm_L",
                                                "transform": [-0.0, -0.0, 1.0, -0.0, -0.952114, 0.305743, -0.0, 0.39386, -0.305743, -0.952114, -0.0, 0.0, 0.0, 0.0, 0.0, 1.0],
                                                "children": [
                                                    {
                                                        "name": "Hand_L",
                                                        "transform": [1.0, -0.0, 0.0, -0.0, 0.0, 0.993937, 0.109947, 0.3, -0.0, -0.109947, 0.993937, 0.0, 0.0, 0.0, 0.0, 1.0],
                                                        "children": [
                                                            {
                                                                "name": "Tool_L",
                                                                "transform": [1.0, 0.0, 0.0, -0.0, -0.0, -0.999836, 0.018122, 0.272858, 0.0, -0.018122, -0.999836, -0.0, 0.0, 0.0, 0.0, 1.0],
                                                                "children": []
                                                            }
                                                        ]
                                                    },
                                                    {
                                                        "name": "Elbow_L",
                                                        "transform": [-1.0, 0.0, -0.0, -0.0, 0.0, -0.0, -1.0, 0.3, -0.0, -1.0, 0.0, 0.0, 0.0, 0.0, 0.0, 1.0],
                                                        "children": []
                                                    }
                                                ]
                                            }
                                        ]
                                    }
                                ]
                            }
                        ]
                    }
                ]
            }
        ]
    },
    "animation": [
        {
            "name": "Root",
            "time": [0.0, 0.0167, 0.0333, 0.05, 0.0667, 0.0833, 0.1, 0.1167, 0.1333, 0.15, 0.1667, 0.1833, 0.2, 0.2167, 0.2333, 0.25, 0.2667, 0.2833, 0.3, 0.3167, 0.3333, 0.35, 0.3667, 0.3833, 0.4, 0.4167, 0.4333, 0.45, 0.4667, 0.4833, 0.5, 0.5167, 0.5333, 0.55, 0.5667, 0.5833, 0.6, 0.6167, 0.6333, 0.65, 0.6667, 0.6833, 0.7, 0.7167, 0.7333, 0.75, 0.7667, 0.7833, 0.8, 0.8167, 0.8333, 0.85, 0.8667, 0.8833, 0.9, 0.9167, 0.9333, 0.95, 0.9667, 0.9833, 1.0, 1.0167, 1.0333, 1.05, 1.0667, 1.0833, 1.1, 1.1167, 1.1333, 1.15, 1.1667, 1.1833, 1.2, 1.2167, 1.2333, 1.25, 1.2667, 1.2833, 1.3, 1.3167, 1.3333],
            "transform": [
                [1.0, 0.0, 0.0, -5e-06, 0.0, 0.173648, -0.984808, 0.000946, 0.0, 0.984808, 0.173648, 0.763972, 0.0, 0.0, 0.0, 1.0],
                [1.0, 0.0, 0.0, -5e-06, 0.0, 0.173648, -0.984808, 0.001127, 0.0, 0.984808, 0.173648, 0.763972, 0.0, 0.0, 0.0, 1.0],
                [1.0, 0.0, 0.0, -5e-06, 0.0, 0.173648, -0.984808, 0.001763, 0.0, 0.984808, 0.173648, 0.763972, 0.0, 0.0, 0.0, 1.0],
                [1.0, 0.0, 0.0, -5e-06, 0.0, 0.173648, -0.984808, 0.002998, 0.0, 0.984808, 0.173648, 0.763972, 0.0, 0.0, 0.0, 1.0],
                [1.0, 0.0, 0.0, -5e-06, 0.0, 0.173648, -0.984808, 0.004977, 0.0, 0.984808, 0.173648, 0.763972, 0.0, 0.0, 0.0, 1.0],
                [1.0, 0.0, 0.0, -5e-06, 0.0, 0.173648, -0.984808, 0.007842, 0.0, 0.984808, 0.173648, 0.763972, 0.0, 0.0, 0.0, 1.0],
                [1.0, 0.0, 0.0, -5e-06, 0.0, 0.173648, -0.984808, 0.011738, 0.0, 0.984808, 0.173648, 0.763972, 0.0, 0.0, 0.0, 1.0],
                [1.0, 0.0, 0.0, -5e-06, 0.0, 0.173648, -0.984808, 0.016806, 0.0, 0.984808, 0.173648, 0.763972, 0.0, 0.0, 0.0, 1.0],
                [1.0, 0.0, 0.0, -5e-06, 0.0, 0.173648, -0.984808, 0.023192, 0.0, 0.984808, 0.173648, 0.763972, 0.0, 0.0, 0.0, 1.0],
                [1.0, 0.0, 0.0, -5e-06, 0.0, 0.173648, -0.984808, 0.031039, 0.0, 0.984808, 0.173648, 0.763972, 0.0, 0.0, 0.0, 1.0],
                [1.0, 0.0, 0.0, -5e-06, 0.0, 0.173648, -0.984808, 0.040489, 0.0, 0.984808, 0.173648, 0.763972, 0.0, 0.0, 0.0, 1.0],
                [1.0, 0.0, 0.0, -5e-06, 0.0, 0.173648, -0.984808, 0.051687, 0.0, 0.984808, 0.173648, 0.763972, 0.0, 0.0, 0.0, 1.0],
                [1.0, 0.0, 0.0, -5e-06, 0.0, 0.173648, -0.984808, 0.064776, 0.0, 0.984808, 0.173648, 0.763972, 0.0, 0.0, 0.0, 1.0],
                [1.0, 0.0, 0.0, -5e-06, 0.0, 0.173648, -0.984808, 0.0799, 0.0, 0.984808, 0.173648, 0.763972, 0.0, 0.0, 0.0, 1.0],
                [1.0, 0.0, 0.0, -5e-06, 0.0, 0.173648, -0.984808, 0.097201, 0.0, 0.984808, 0.173648, 0.763972, 0.0, 0.0, 0.0, 1.0],
                [1.0, 0.0, 0.0, -5e-06, 0.0, 0.173648, -0.984808, 0.116825, 0.0, 0.984808, 0.173648, 0.763972, 0.0, 0.0, 0.0, 1.0],
                [1.0, 0.0, 0.0, -5e-06, 0.0, 0.173648, -0.984808, 0.138913, 0.0, 0.984808, 0.173648, 0.763972, 0.0, 0.0, 0.0, 1.0],
                [1.0, 0.0, 0.0, -5e-06, 0.0, 0.173648, -0.984808, 0.16361, 0.0, 0.984808, 0.173648, 0.763972, 0.0, 0.0, 0.0, 1.0],
                [1.0, 0.0, 0.0, -5e-06, 0.0, 0.173648, -0.984808, 0.191059, 0.0, 0.984808, 0.173648, 0.763972, 0.0, 0.0, 0.0, 1.0],
                [1.0, 0.0, 0.0, -5e-06, 0.0, 0.173648, -0.984808, 0.221404, 0.0, 0.984808, 0.173648, 0.763972, 0.0, 0.0, 0.0, 1.0],
                [1.0, 0.0, 0.0, -5e-06, 0.0, 0.173648, -0.984808, 0.254788, 0.0, 0.984808, 0.173648, 0.763972, 0.0, 0.0, 0.0, 1.0],
                [1.0, 0.0, 0.0, -5e-06, 0.0, 0.173648, -0.984808, 0.291355, 0.0, 0.984808, 0.173648, 0.763972, 0.0, 0.0, 0.0, 1.0],
                [1.0, 0.0, 0.0, -5e-06, 0.0, 0.173648, -0.984808, 0.331248, 0.0, 0.984808, 0.173648, 0.763972, 0.0, 0.0, 0.0, 1.0],
                [1.0, 0.0, 0.0, -5e-06, 0.0, 0.173648, -0.984808, 0.37461, 0.0, 0.984808, 0.173648, 0.763972, 0.0, 0.0, 0.0, 1.0],
                [1.0, 0.0, 0.0, -5e-06, 0.0, 0.173648, -0.984808, 0.421586, 0.0, 0.984808, 0.173648, 0.763972, 0.0, 0.0, 0.0, 1.0],
                [1.0, 0.0, 0.0, -5e-06, 0.0, 0.173648, -0.984808, 0.472006, 0.0, 0.984808, 0.173648, 0.763972, 0.0, 0.0, 0.0, 1.0],
                [1.0, 0.0, 0.0, -5e-06, 0.0, 0.173648, -0.984808, 0.524455, 0.0, 0.984808, 0.173648, 0.763972, 0.0, 0.0, 0.0, 1.0],
                [1.0, 0.0, 0.0, -5e-06, 0.0, 0.173648, -0.984808, 0.577205, 0.0, 0.984808, 0.173648, 0.763972, 0.0, 0.0, 0.0, 1.0],
                [1.0, 0.0, 0.0, -5e-06, 0.0, 0.173648, -0.984808, 0.628528, 0.0, 0.984808, 0.173648, 0.763972, 0.0, 0.0, 0.0, 1.0],
                [1.0, 0.0, 0.0, -5e-06, 0.0, 0.173648, -0.984808, 0.676695, 0.0, 0.984808, 0.173648, 0.763972, 0.0, 0.0, 0.0, 1.0],
                [1.0, 0.0, 0.0, -5e-06, 0.0, 0.173648, -0.984808, 0.71998, 0.0, 0.984808, 0.173648, 0.763972, 0.0, 0.0, 0.0, 1.0],
                [1.0, 0.0, 0.0, -5e-06, 0.0, 0.173648, -0.984808, 0.756654, 0.0, 0.984808, 0.173648, 0.763972, 0.0, 0.0, 0.0, 1.0],
                [1.0, 0.0, 0.0, -5e-06, 0.0, 0.173648, -0.984808, 0.784989, 0.0, 0.984808, 0.173648, 0.763972, 0.0, 0.0, 0.0, 1.0],
                [1.0, 0.0, 0.0, -5e-06, 0.0, 0.173648, -0.984808, 0.803257, 0.0, 0.984808, 0.173648, 0.763972, 0.0, 0.0, 0.0, 1.0],
                [1.0, 0.0, 0.0, -5e-06, 0.0, 0.173648, -0.984808, 0.80973, 0.0, 0.984808, 0.173648, 0.763972, 0.0, 0.0, 0.0, 1.0],
                [1.0, 0.0, 0.0, -5e-06, 0.0, 0.173648, -0.984808, 0.80973, 0.0, 0.984808, 0.173648, 0.763972, 0.0, 0.0, 0.0, 1.0],
                [1.0, 0.0, 0.0, -5e-06, 0.0, 0.173648, -0.984808, 0.80973, 0.0, 0.984808, 0.173648, 0.763972, 0.0, 0.0, 0.0, 1.0],
                [1.0, 0.0, 0.0, -5e-06, 0.0, 0.173648, -0.984808, 0.80973, 0.0, 0.984808, 0.173648, 0.763972, 0.0, 0.0, 0.0, 1.0],
                [1.0, 0.0, 0.0, -5e-06, 0.0, 0.173648, -0.984808, 0.80973, 0.0, 0.984808, 0.173648, 0.763972, 0.0, 0.0, 0.0, 1.0],
                [1.0, 0.0, 0.0, -5e-06, 0.0, 0.173648, -0.984808, 0.80973, 0.0, 0.984808, 0.173648, 0.763972, 0.0, 0.0, 0.0, 1.0],
                [1.0, 0.0, 0.0, -5e-06, 0.0, 0.173648, -0.984808, 0.80973, 0.0, 0.984808, 0.173648, 0.763972, 0.0, 0.0, 0.0, 1.0],
                [1.0, 0.0, 0.0, -5e-06, 0.0, 0.173648, -0.984808, 0.80973, 0.0, 0.984808, 0.173648, 0.763972, 0.0, 0.0, 0.0, 1.0],
                [1.0, 0.0, 0.0, -5e-06, 0.0, 0.173648, -0.984808, 0.80973, 0.0, 0.984808, 0.173648, 0.763972, 0.0, 0.0, 0.0, 1.0],
                [1.0, 0.0, 0.0, -5e-06, 0.0, 0.173648, -0.984808, 0.80973, 0.0, 0.984808, 0.173648, 0.763972, 0.0, 0.0, 0.0, 1.0],
                [1.0, 0.0, 0.0, -5e-06, 0.0, 0.173648, -0.984808, 0.80973, 0.0, 0.984808, 0.173648, 0.763972, 0.0, 0.0, 0.0, 1.0],
                [1.0, 0.0, 0.0, -5e-06, 0.0, 0.173648, -0.984808, 0.80973, 0.0, 0.984808, 0.173648, 0.763972, 0.0, 0.0, 0.0, 1.0],
                [1.0, 0.0, 0.0, -5e-06, 0.0, 0.173648, -0.984808, 0.80973, 0.0, 0.984808, 0.173648, 0.763972, 0.0, 0.0, 0.0, 1.0],
                [1.0, 0.0, 0.0, -5e-06, 0.0, 0.173648, -0.984808, 0.80973, 0.0, 0.984808, 0.173648, 0.763972, 0.0, 0.0, 0.0, 1.0],
                [1.0, 0.0, 0.0, -5e-06, 0.0, 0.173648, -0.984808, 0.80973, 0.0, 0.984808, 0.173648, 0.763972, 0.0, 0.0, 0.0, 1.0],
                [1.0, 0.0, 0.0, -5e-06, 0.0, 0.173648, -0.984808, 0.80973, 0.0, 0.984808, 0.173648, 0.763972, 0.0, 0.0, 0.0, 1.0],
                [1.0, 0.0, 0.0, -5e-06, 0.0, 0.173648, -0.984808, 0.80973, 0.0, 0.984808, 0.173648, 0.763972, 0.0, 0.0, 0.0, 1.0],
                [1.0, 0.0, 0.0, -5e-06, 0.0, 0.173648, -0.984808, 0.80973, 0.0, 0.984808, 0.173648, 0.763972, 0.0, 0.0, 0.0, 1.0],
                [1.0, 0.0, 0.0, -5e-06, 0.0, 0.173648, -0.984808, 0.80973, 0.0, 0.984808, 0.173648, 0.763972, 0.0, 0.0, 0.0, 1.0],
                [1.0, 0.0, 0.0, -5e-06, 0.0, 0.173648, -0.984808, 0.80973, 0.0, 0.984808, 0.173648, 0.763972, 0.0, 0.0, 0.0, 1.0],
                [1.0, 0.0, 0.0, -5e-06, 0.0, 0.173648, -0.984808, 0.80973, 0.0, 0.984808, 0.173648, 0.763972, 0.0, 0.0, 0.0, 1.0],
                [1.0, 0.0, 0.0, -5e-06, 0.0, 0.173648, -0.984808, 0.80973, 0.0, 0.984808, 0.173648, 0.763972, 0.0, 0.0, 0.0, 1.0],
                [1.0, 0.0, 0.0, -5e-06, 0.0, 0.173648, -0.984808, 0.80973, 0.0, 0.984808, 0.173648, 0.763972, 0.0, 0.0, 0.0, 1.0],
                [1.0, 0.0, 0.0, -5e-06, 0.0, 0.173648, -0.984808, 0.80973, 0.0, 0.984808, 0.173648, 0.763972, 0.0, 0.0, 0.0, 1.0],
                [1.0, 0.0, 0.0, -5e-06, 0.0, 0.173648, -0.984808, 0.80973, 0.0, 0.984808, 0.173648, 0.763972, 0.0, 0.0, 0.0, 1.0],
                [1.0, 0.0, 0.0, -5e-06, 0.0, 0.173648, -0.984808, 0.80973, 0.0, 0.984808, 0.173648, 0.763972, 0.0, 0.0, 0.0, 1.0],
                [1.0, 0.0, 0.0, -5e-06, 0.0, 0.173648, -0.984808, 0.80973, 0.0, 0.984808, 0.173648, 0.763972, 0.0, 0.0, 0.0, 1.0],
                [1.0, 0.0, 0.0, -5e-06, 0.0, 0.173648, -0.984808, 0.80973, 0.0, 0.984808, 0.173648, 0.763972, 0.0, 0.0, 0.0, 1.0],
                [1.0, 0.0, 0.0, -5e-06, 0.0, 0.173648, -0.984808, 0.80973, 0.0, 0.984808, 0.173648, 0.763972, 0.0, 0.0, 0.0, 1.0],
                [1.0, 0.0, 0.0, -5e-06, 0.0, 0.173648, -0.984808, 0.80973, 0.0, 0.984808, 0.173648, 0.763972, 0.0, 0.0, 0.0, 1.0],
                [1.0, 0.0, 0.0, -5e-06, 0.0, 0.173648, -0.984808, 0.80973, 0.0, 0.984808, 0.173648, 0.763972, 0.0, 0.0, 0.0, 1.0],
                [1.0, 0.0, 0.0, -5e-06, 0.0, 0.173648, -0.984808, 0.80973, 0.0, 0.984808, 0.173648, 0.763972, 0.0, 0.0, 0.0, 1.0],
                [1.0, 0.0, 0.0, -5e-06, 0.0, 0.173648, -0.984808, 0.80973, 0.0, 0.984808, 0.173648, 0.763972, 0.0, 0.0, 0.0, 1.0],
                [1.0, 0.0, 0.0, -5e-06, 0.0, 0.173648, -0.984808, 0.80973, 0.0, 0.984808, 0.173648, 0.763972, 0.0, 0.0, 0.0, 1.0],
                [1.0, 0.0, 0.0, -5e-06, 0.0, 0.173648, -0.984808, 0.80973, 0.0, 0.984808, 0.173648, 0.763972, 0.0, 0.0, 0.0, 1.0],
                [1.0, 0.0, 0.0, -5e-06, 0.0, 0.173648, -0.984808, 0.80973, 0.0, 0.984808, 0.173648, 0.763972, 0.0, 0.0, 0.0, 1.0],
                [1.0, 0.0, 0.0, -5e-06, 0.0, 0.173648, -0.984808, 0.80973, 0.0, 0.984808, 0.173648, 0.763972, 0.0, 0.0, 0.0, 1.0],
                [1.0, 0.0, 0.0, -5e-06, 0.0, 0.173648, -0.984808, 0.80973, 0.0, 0.984808, 0.173648, 0.763972, 0.0, 0.0, 0.0, 1.0],
                [1.0, 0.0, 0.0, -5e-06, 0.0, 0.173648, -0.984808, 0.80973, 0.0, 0.984808, 0.173648, 0.763972, 0.0, 0.0, 0.0, 1.0],
                [1.0, 0.0, 0.0, -5e-06, 0.0, 0.173648, -0.984808, 0.80973, 0.0, 0.984808, 0.173648, 0.763972, 0.0, 0.0, 0.0, 1.0],
                [1.0, 0.0, 0.0, -5e-06, 0.0, 0.173648, -0.984808, 0.80973, 0.0, 0.984808, 0.173648, 0.763972, 0.0, 0.0, 0.0, 1.0],
                [1.0, 0.0, 0.0, -5e-06, 0.0, 0.173648, -0.984808, 0.80973, 0.0, 0.984808, 0.173648, 0.763972, 0.0, 0.0, 0.0, 1.0],
                [1.0, 0.0, 0.0, -5e-06, 0.0, 0.173648, -0.984808, 0.80973, 0.0, 0.984808, 0.173648, 0.763972, 0.0, 0.0, 0.0, 1.0],
                [1.0, 0.0, 0.0, -5e-06, 0.0, 0.173648, -0.984808, 0.80973, 0.0, 0.984808, 0.173648, 0.763972, 0.0, 0.0, 0.0, 1.0],
                [1.0, 0.0, 0.0, -5e-06, 0.0, 0.173648, -0.984808, 0.80973, 0.0, 0.984808, 0.173648, 0.763972, 0.0, 0.0, 0.0, 1.0],
                [1.0, 0.0, 0.0, -5e-06, 0.0, 0.173648, -0.984808, 0.80973, 0.0, 0.984808, 0.173648, 0.763972, 0.0, 0.0, 0.0, 1.0],
                [1.0, 0.0, 0.0, -5e-06, 0.0, 0.173648, -0.984808, 0.80973, 0.0, 0.984808, 0.173648, 0.763972, 0.0, 0.0, 0.0, 1.0]
            ]
        },
        {
            "name": "Thigh_R",
            "time": [0.0, 0.0167, 0.0333, 0.05, 0.0667, 0.0833, 0.1, 0.1167, 0.1333, 0.15, 0.1667, 0.1833, 0.2, 0.2167, 0.2333, 0.25, 0.2667, 0.2833, 0.3, 0.3167, 0.3333, 0.35, 0.3667, 0.3833, 0.4, 0.4167, 0.4333, 0.45, 0.4667, 0.4833, 0.5, 0.5167, 0.5333, 0.55, 0.5667, 0.5833, 0.6, 0.6167, 0.6333, 0.65, 0.6667, 0.6833, 0.7, 0.7167, 0.7333, 0.75, 0.7667, 0.7833, 0.8, 0.8167, 0.8333, 0.85, 0.8667, 0.8833, 0.9, 0.9167, 0.9333, 0.95, 0.9667, 0.9833, 1.0, 1.0167, 1.0333, 1.05, 1.0667, 1.0833, 1.1, 1.1167, 1.1333, 1.15, 1.1667, 1.1833, 1.2, 1.2167, 1.2333, 1.25, 1.2667, 1.2833, 1.3, 1.3167, 1.3333],
            "transform": [
                [0.995031, 0.001807, -0.099551, 0.124994, 0.059227, -0.814453, 0.577198, -0.002831, -0.080037, -0.580226, -0.810513, -1.2e-05, 0.0, 0.0, 0.0, 1.0],
                [0.995011, 0.00245, -0.099734, 0.124994, 0.059843, -0.814526, 0.577032, -0.002831, -0.079822, -0.580122, -0.810609, -1.2e-05, 0.0, 0.0, 0.0, 1.0],
                [0.994952, 0.004309, -0.100261, 0.124994, 0.061617, -0.81481, 0.576444, -0.002831, -0.07921, -0.579712, -0.810962, -1.2e-05, 0.0, 0.0, 0.0, 1.0],
                [0.99485, 0.007281, -0.101101, 0.124994, 0.064433, -0.815399, 0.575302, -0.002831, -0.078249, -0.578854, -0.811668, -1.2e-05, 0.0, 0.0, 0.0, 1.0],
                [0.994698, 0.011263, -0.102219, 0.124994, 0.068176, -0.816381, 0.573474, -0.002831, -0.076991, -0.577403, -0.812821, -1.2e-05, 0.0, 0.0, 0.0, 1.0],
                [0.99449, 0.016152, -0.103576, 0.124994, 0.072734, -0.817843, 0.570826, -0.002831, -0.075489, -0.575215, -0.814512, -1.2e-05, 0.0, 0.0, 0.0, 1.0],
                [0.994218, 0.021846, -0.105132, 0.124994, 0.077994, -0.819863, 0.567222, -0.002831, -0.073802, -0.572142, -0.816827, -1.2e-05, 0.0, 0.0, 0.0, 1.0],
                [0.993875, 0.028245, -0.106839, 0.124994, 0.083845, -0.822519, 0.562524, -0.002831, -0.071989, -0.568036, -0.819849, -1.2e-05, 0.0, 0.0, 0.0, 1.0],
                [0.993455, 0.035253, -0.108652, 0.124994, 0.090179, -0.825878, 0.55659, -0.002831, -0.070112, -0.562745, -0.823652, -1.2e-05, 0.0, 0.0, 0.0, 1.0],
                [0.992953, 0.042775, -0.110518, 0.124994, 0.096891, -0.830006, 0.549273, -0.002831, -0.068235, -0.556111, -0.828302, -1.2e-05, 0.0, 0.0, 0.0, 1.0],
                [0.99237, 0.05072, -0.112384, 0.124994, 0.103876, -0.834958, 0.54042, -0.002831, -0.066426, -0.547971, -0.833856, -1.2e-05, 0.0, 0.0, 0.0, 1.0],
                [0.991705, 0.058999, -0.114193, 0.124994, 0.111033, -0.840781, 0.529867, -0.002831, -0.06475, -0.538151, -0.840358, -1.2e-05, 0.0, 0.0, 0.0, 1.0],
                [0.990964, 0.067524, -0.115888, 0.124994, 0.118261, -0.847508, 0.51744, -0.002831, -0.063277, -0.526469, -0.847836, -1.2e-05, 0.0, 0.0, 0.0, 1.0],
                [0.990155, 0.07621, -0.11741, 0.124994, 0.125458, -0.85516, 0.502952, -0.002831, -0.062074, -0.512731, -0.856303, -1.2e-05, 0.0, 0.0, 0.0, 1.0],
                [0.989288, 0.084972, -0.118696, 0.124994, 0.132523, -0.863739, 0.486201, -0.002831, -0.061209, -0.496723, -0.865748, -1.2e-05, 0.0, 0.0, 0.0, 1.0],
                [0.988378, 0.093723, -0.119687, 0.124994, 0.139351, -0.873225, 0.466968, -0.002831, -0.060748, -0.478219, -0.876137, -1.2e-05, 0.0, 0.0, 0.0, 1.0],
                [0.987442, 0.102377, -0.120322, 0.124994, 0.145834, -0.883569, 0.445015, -0.002831, -0.060754, -0.456973, -0.887403, -1.2e-05, 0.0, 0.0, 0.0, 1.0],
                [0.986501, 0.110843, -0.120542, 0.124994, 0.151857, -0.894689, 0.420084, -0.002831, -0.061284, -0.432718, -0.899444, -1.2e-05, 0.0, 0.0, 0.0, 1.0],
                [0.985578, 0.119024, -0.120289, 0.124994, 0.157301, -0.906461, 0.391899, -0.002831, -0.062392, -0.405168, -0.912111, -1.2e-05, 0.0, 0.0, 0.0, 1.0],
                [0.9847, 0.12682, -0.119511, 0.124994, 0.162033, -0.918709, 0.360164, -0.002831, -0.06412, -0.374018, -0.925202, -1.2e-05, 0.0, 0.0, 0.0, 1.0],
                [0.983895, 0.134119, -0.118161, 0.124994, 0.165915, -0.931197, 0.324567, -0.002831, -0.0665, -0.338945, -0.938453, -1.2e-05, 0.0, 0.0, 0.0, 1.0],
                [0.983195, 0.140801, -0.116201, 0.124994, 0.168791, -0.943612, 0.284789, -0.002831, -0.06955, -0.299617, -0.951521, -1.2e-05, 0.0, 0.0, 0.0, 1.0],
                [0.982631, 0.146733, -0.113605, 0.124994, 0.170496, -0.955555, 0.240509, -0.002831, -0.073265, -0.2557, -0.963976, -1.2e-05, 0.0, 0.0, 0.0, 1.0],
                [0.982235, 0.15177, -0.110362, 0.124994, 0.17085, -0.966524, 0.191418, -0.002831, -0.077616, -0.206873, -0.975284, -1.2e-05, 0.0, 0.0, 0.0, 1.0],
                [0.98204, 0.155753, -0.106484, 0.124994, 0.169661, -0.975899, 0.137244, -0.002831, -0.082542, -0.152845, -0.984797, -1.2e-05, 0.0, 0.0, 0.0, 1.0],
                [0.982551, 0.15381, -0.104573, 0.124994, 0.162204, -0.983739, 0.07712, -0.002831, -0.091011, -0.092736, -0.991523, -1.2e-05, 0.0, 0.0, 0.0, 1.0],
                [0.98392, 0.142836, -0.107237, 0.124994, 0.144941, -0.989366, 0.012064, -0.002831, -0.104374, -0.027413, -0.99416, -1.2e-05, 0.0, 0.0, 0.0, 1.0],
                [0.985506, 0.125323, -0.11433, 0.124994, 0.119673, -0.991286, -0.055043, -0.002831, -0.120232, 0.040563, -0.991917, -1.2e-05, 0.0, 0.0, 0.0, 1.0],
                [0.986674, 0.103753, -0.125338, 0.124994, 0.088582, -0.988681, -0.12109, -0.002831, -0.136483, 0.108374, -0.984697, -1.2e-05, 0.0, 0.0, 0.0, 1.0],
                [0.986971, 0.08051, -0.139307, 0.124994, 0.054245, -0.981617, -0.182988, -0.002831, -0.151478, 0.173047, -0.973195, -1.2e-05, 0.0, 0.0, 0.0, 1.0],
                [0.986246, 0.057783, -0.154853, 0.124994, 0.019538, -0.971086, -0.237927, -0.002831, -0.164124, 0.231629, -0.958859, -1.2e-05, 0.0, 0.0, 0.0, 1.0],
                [0.984685, 0.037483, -0.170266, 0.124994, -0.012531, -0.958873, -0.283557, -0.002831, -0.173892, 0.281348, -0.943719, -1.2e-05, 0.0, 0.0, 0.0, 1.0],
                [0.982765, 0.021231, -0.183639, 0.124994, -0.038961, -0.947283, -0.31802, -0.002831, -0.18071, 0.319693, -0.930129, -1.2e-05, 0.0, 0.0, 0.0, 1.0],
                [0.98114, 0.010443, -0.193018, 0.124994, -0.056857, -0.938777, -0.339801, -0.002831, -0.18475, 0.344367, -0.920478, -1.2e-05, 0.0, 0.0, 0.0, 1.0],
                [0.980476, 0.00651, -0.196532, 0.124994, -0.063429, -0.935556, -0.347434, -0.002831, -0.186129, 0.353117, -0.916878, -1.2e-05, 0.0, 0.0, 0.0, 1.0],
                [0.980476, 0.00651, -0.196532, 0.124994, -0.063429, -0.935556, -0.347434, -0.002831, -0.186129, 0.353117, -0.916878, -1.2e-05, 0.0, 0.0, 0.0, 1.0],
                [0.980476, 0.00651, -0.196532, 0.124994, -0.063429, -0.935556, -0.347434, -0.002831, -0.186129, 0.353117, -0.916878, -1.2e-05, 0.0, 0.0, 0.0, 1.0],
                [0.980476, 0.00651, -0.196532, 0.124994, -0.063429, -0.935556, -0.347434, -0.002831, -0.186129, 0.353117, -0.916878, -1.2e-05, 0.0, 0.0, 0.0, 1.0],
                [0.980476, 0.00651, -0.196532, 0.124994, -0.063429, -0.935556, -0.347434, -0.002831, -0.186129, 0.353117, -0.916878, -1.2e-05, 0.0, 0.0, 0.0, 1.0],
                [0.980476, 0.00651, -0.196532, 0.124994, -0.063429, -0.935556, -0.347434, -0.002831, -0.186129, 0.353117, -0.916878, -1.2e-05, 0.0, 0.0, 0.0, 1.0],
                [0.980476, 0.00651, -0.196532, 0.124994, -0.063429, -0.935556, -0.347434, -0.002831, -0.186129, 0.353117, -0.916878, -1.2e-05, 0.0, 0.0, 0.0, 1.0],
                [0.980476, 0.00651, -0.196532, 0.124994, -0.063429, -0.935556, -0.347434, -0.002831, -0.186129, 0.353117, -0.916878, -1.2e-05, 0.0, 0.0, 0.0, 1.0],
                [0.980476, 0.00651, -0.196532, 0.124994, -0.063429, -0.935556, -0.347434, -0.002831, -0.186129, 0.353117, -0.916878, -1.2e-05, 0.0, 0.0, 0.0, 1.0],
                [0.980476, 0.00651, -0.196532, 0.124994, -0.063429, -0.935556, -0.347434, -0.002831, -0.186129, 0.353117, -0.916878, -1.2e-05, 0.0, 0.0, 0.0, 1.0],
                [0.980476, 0.00651, -0.196532, 0.124994, -0.063429, -0.935556, -0.347434, -0.002831, -0.186129, 0.353117, -0.916878, -1.2e-05, 0.0, 0.0, 0.0, 1.0],
                [0.980476, 0.00651, -0.196532, 0.124994, -0.063429, -0.935556, -0.347434, -0.002831, -0.186129, 0.353117, -0.916878, -1.2e-05, 0.0, 0.0, 0.0, 1.0],
                [0.980476, 0.00651, -0.196532, 0.124994, -0.063429, -0.935556, -0.347434, -0.002831, -0.186129, 0.353117, -0.916878, -1.2e-05, 0.0, 0.0, 0.0, 1.0],
                [0.980476, 0.00651, -0.196532, 0.124994, -0.063429, -0.935556, -0.347434, -0.002831, -0.186129, 0.353117, -0.916878, -1.2e-05, 0.0, 0.0, 0.0, 1.0],
                [0.980476, 0.00651, -0.196532, 0.124994, -0.063429, -0.935556, -0.347434, -0.002831, -0.186129, 0.353117, -0.916878, -1.2e-05, 0.0, 0.0, 0.0, 1.0],
                [0.980476, 0.00651, -0.196532, 0.124994, -0.063429, -0.935556, -0.347434, -0.002831, -0.186129, 0.353117, -0.916878, -1.2e-05, 0.0, 0.0, 0.0, 1.0],
                [0.980476, 0.00651, -0.196532, 0.124994, -0.063429, -0.935556, -0.347434, -0.002831, -0.186129, 0.353117, -0.916878, -1.2e-05, 0.0, 0.0, 0.0, 1.0],
                [0.980476, 0.00651, -0.196532, 0.124994, -0.063429, -0.935556, -0.347434, -0.002831, -0.186129, 0.353117, -0.916878, -1.2e-05, 0.0, 0.0, 0.0, 1.0],
                [0.980476, 0.00651, -0.196532, 0.124994, -0.063429, -0.935556, -0.347434, -0.002831, -0.186129, 0.353117, -0.916878, -1.2e-05, 0.0, 0.0, 0.0, 1.0],
                [0.980476, 0.00651, -0.196532, 0.124994, -0.063429, -0.935556, -0.347434, -0.002831, -0.186129, 0.353117, -0.916878, -1.2e-05, 0.0, 0.0, 0.0, 1.0],
                [0.980476, 0.00651, -0.196532, 0.124994, -0.063429, -0.935556, -0.347434, -0.002831, -0.186129, 0.353117, -0.916878, -1.2e-05, 0.0, 0.0, 0.0, 1.0],
                [0.980476, 0.00651, -0.196532, 0.124994, -0.063429, -0.935556, -0.347434, -0.002831, -0.186129, 0.353117, -0.916878, -1.2e-05, 0.0, 0.0, 0.0, 1.0],
                [0.980476, 0.00651, -0.196532, 0.124994, -0.063429, -0.935556, -0.347434, -0.002831, -0.186129, 0.353117, -0.916878, -1.2e-05, 0.0, 0.0, 0.0, 1.0],
                [0.980476, 0.00651, -0.196532, 0.124994, -0.063429, -0.935556, -0.347434, -0.002831, -0.186129, 0.353117, -0.916878, -1.2e-05, 0.0, 0.0, 0.0, 1.0],
                [0.980476, 0.00651, -0.196532, 0.124994, -0.063429, -0.935556, -0.347434, -0.002831, -0.186129, 0.353117, -0.916878, -1.2e-05, 0.0, 0.0, 0.0, 1.0],
                [0.980476, 0.00651, -0.196532, 0.124994, -0.063429, -0.935556, -0.347434, -0.002831, -0.186129, 0.353117, -0.916878, -1.2e-05, 0.0, 0.0, 0.0, 1.0],
                [0.980476, 0.00651, -0.196532, 0.124994, -0.063429, -0.935556, -0.347434, -0.002831, -0.186129, 0.353117, -0.916878, -1.2e-05, 0.0, 0.0, 0.0, 1.0],
                [0.980476, 0.00651, -0.196532, 0.124994, -0.063429, -0.935556, -0.347434, -0.002831, -0.186129, 0.353117, -0.916878, -1.2e-05, 0.0, 0.0, 0.0, 1.0],
                [0.980476, 0.00651, -0.196532, 0.124994, -0.063429, -0.935556, -0.347434, -0.002831, -0.186129, 0.353117, -0.916878, -1.2e-05, 0.0, 0.0, 0.0, 1.0],
                [0.980476, 0.00651, -0.196532, 0.124994, -0.063429, -0.935556, -0.347434, -0.002831, -0.186129, 0.353117, -0.916878, -1.2e-05, 0.0, 0.0, 0.0, 1.0],
                [0.980476, 0.00651, -0.196532, 0.124994, -0.063429, -0.935556, -0.347434, -0.002831, -0.186129, 0.353117, -0.916878, -1.2e-05, 0.0, 0.0, 0.0, 1.0],
                [0.980476, 0.00651, -0.196532, 0.124994, -0.063429, -0.935556, -0.347434, -0.002831, -0.186129, 0.353117, -0.916878, -1.2e-05, 0.0, 0.0, 0.0, 1.0],
                [0.980476, 0.00651, -0.196532, 0.124994, -0.063429, -0.935556, -0.347434, -0.002831, -0.186129, 0.353117, -0.916878, -1.2e-05, 0.0, 0.0, 0.0, 1.0],
                [0.980476, 0.00651, -0.196532, 0.124994, -0.063429, -0.935556, -0.347434, -0.002831, -0.186129, 0.353117, -0.916878, -1.2e-05, 0.0, 0.0, 0.0, 1.0],
                [0.980476, 0.00651, -0.196532, 0.124994, -0.063429, -0.935556, -0.347434, -0.002831, -0.186129, 0.353117, -0.916878, -1.2e-05, 0.0, 0.0, 0.0, 1.0],
                [0.980476, 0.00651, -0.196532, 0.124994, -0.063429, -0.935556, -0.347434, -0.002831, -0.186129, 0.353117, -0.916878, -1.2e-05, 0.0, 0.0, 0.0, 1.0],
                [0.980476, 0.00651, -0.196532, 0.124994, -0.063429, -0.935556, -0.347434, -0.002831, -0.186129, 0.353117, -0.916878, -1.2e-05, 0.0, 0.0, 0.0, 1.0],
                [0.980476, 0.00651, -0.196532, 0.124994, -0.063429, -0.935556, -0.347434, -0.002831, -0.186129, 0.353117, -0.916878, -1.2e-05, 0.0, 0.0, 0.0, 1.0],
                [0.980476, 0.00651, -0.196532, 0.124994, -0.063429, -0.935556, -0.347434, -0.002831, -0.186129, 0.353117, -0.916878, -1.2e-05, 0.0, 0.0, 0.0, 1.0],
                [0.980476, 0.00651, -0.196532, 0.124994, -0.063429, -0.935556, -0.347434, -0.002831, -0.186129, 0.353117, -0.916878, -1.2e-05, 0.0, 0.0, 0.0, 1.0],
                [0.980476, 0.00651, -0.196532, 0.124994, -0.063429, -0.935556, -0.347434, -0.002831, -0.186129, 0.353117, -0.916878, -1.2e-05, 0.0, 0.0, 0.0, 1.0],
                [0.980476, 0.00651, -0.196532, 0.124994, -0.063429, -0.935556, -0.347434, -0.002831, -0.186129, 0.353117, -0.916878, -1.2e-05, 0.0, 0.0, 0.0, 1.0],
                [0.980476, 0.00651, -0.196532, 0.124994, -0.063429, -0.935556, -0.347434, -0.002831, -0.186129, 0.353117, -0.916878, -1.2e-05, 0.0, 0.0, 0.0, 1.0],
                [0.980476, 0.00651, -0.196532, 0.124994, -0.063429, -0.935556, -0.347434, -0.002831, -0.186129, 0.353117, -0.916878, -1.2e-05, 0.0, 0.0, 0.0, 1.0],
                [0.980476, 0.00651, -0.196532, 0.124994, -0.063429, -0.935556, -0.347434, -0.002831, -0.186129, 0.353117, -0.916878, -1.2e-05, 0.0, 0.0, 0.0, 1.0],
                [0.980476, 0.00651, -0.196532, 0.124994, -0.063429, -0.935556, -0.347434, -0.002831, -0.186129, 0.353117, -0.916878, -1.2e-05, 0.0, 0.0, 0.0, 1.0],
                [0.980476, 0.00651, -0.196532, 0.124994, -0.063429, -0.935556, -0.347434, -0.002831, -0.186129, 0.353117, -0.916878, -1.2e-05, 0.0, 0.0, 0.0, 1.0]
            ]
        },
        {
            "name": "Leg_R",
            "time": [0.0, 0.0167, 0.0333, 0.05, 0.0667, 0.0833, 0.1, 0.1167, 0.1333, 0.15, 0.1667, 0.1833, 0.2, 0.2167, 0.2333, 0.25, 0.2667, 0.2833, 0.3, 0.3167, 0.3333, 0.35, 0.3667, 0.3833, 0.4, 0.4167, 0.4333, 0.45, 0.4667, 0.4833, 0.5, 0.5167, 0.5333, 0.55, 0.5667, 0.5833, 0.6, 0.6167, 0.6333, 0.65, 0.6667, 0.6833, 0.7, 0.7167, 0.7333, 0.75, 0.7667, 0.7833, 0.8, 0.8167, 0.8333, 0.85, 0.8667, 0.8833, 0.9, 0.9167, 0.9333, 0.95, 0.9667, 0.9833, 1.0, 1.0167, 1.0333, 1.05, 1.0667, 1.0833, 1.1, 1.1167, 1.1333, 1.15, 1.1667, 1.1833, 1.2, 1.2167, 1.2333, 1.25, 1.2667, 1.2833, 1.3, 1.3167, 1.3333],
            "transform": [
                [1.0, 0.0, 1e-06, 0.0, -0.0, 0.939693, 0.342021, 0.37472, -1e-06, -0.342021, 0.939692, -0.0, 0.0, 0.0, 0.0, 1.0],
                [1.0, 0.0, 1e-06, -0.0, -0.0, 0.939693, 0.342021, 0.37472, -1e-06, -0.342021, 0.939692, 0.0, 0.0, 0.0, 0.0, 1.0],
                [1.0, 0.0, 1e-06, 0.0, -0.0, 0.939692, 0.342021, 0.37472, -1e-06, -0.342021, 0.939692, -0.0, 0.0, 0.0, 0.0, 1.0],
                [1.0, 0.0, 1e-06, -0.0, -0.0, 0.939692, 0.342021, 0.37472, -1e-06, -0.342021, 0.939692, -0.0, 0.0, 0.0, 0.0, 1.0],
                [1.0, 0.0, 1e-06, 0.0, -0.0, 0.939693, 0.342021, 0.37472, -1e-06, -0.342021, 0.939693, -0.0, 0.0, 0.0, 0.0, 1.0],
                [1.0, 0.0, 1e-06, -0.0, -0.0, 0.939693, 0.342021, 0.37472, -1e-06, -0.342021, 0.939693, 0.0, 0.0, 0.0, 0.0, 1.0],
                [1.0, 0.0, 1e-06, 0.0, -0.0, 0.939692, 0.342021, 0.37472, -1e-06, -0.342021, 0.939692, -0.0, 0.0, 0.0, 0.0, 1.0],
                [1.0, 0.0, 1e-06, 0.0, -0.0, 0.939692, 0.342021, 0.37472, -1e-06, -0.342021, 0.939692, -0.0, 0.0, 0.0, 0.0, 1.0],
                [1.0, 0.0, 1e-06, -0.0, -0.0, 0.939692, 0.342021, 0.37472, -1e-06, -0.342021, 0.939693, -0.0, 0.0, 0.0, 0.0, 1.0],
                [1.0, 0.0, 1e-06, 0.0, -0.0, 0.939692, 0.342021, 0.37472, -1e-06, -0.342021, 0.939692, -0.0, 0.0, 0.0, 0.0, 1.0],
                [1.0, 0.0, 1e-06, 0.0, -0.0, 0.939692, 0.342021, 0.37472, -1e-06, -0.342021, 0.939692, -0.0, 0.0, 0.0, 0.0, 1.0],
                [1.0, 0.0, 1e-06, 0.0, -0.0, 0.939693, 0.342021, 0.37472, -1e-06, -0.342021, 0.939693, 0.0, 0.0, 0.0, 0.0, 1.0],
                [1.0, 0.0, 1e-06, -0.0, -0.0, 0.939693, 0.342021, 0.37472, -1e-06, -0.342021, 0.939693, 0.0, 0.0, 0.0, 0.0, 1.0],
                [1.0, 0.0, 1e-06, 0.0, -0.0, 0.939692, 0.342021, 0.37472, -1e-06, -0.342021, 0.939692, 0.0, 0.0, 0.0, 0.0, 1.0],
                [1.0, 0.0, 1e-06, -0.0, -0.0, 0.939693, 0.342021, 0.37472, -1e-06, -0.342021, 0.939693, -0.0, 0.0, 0.0, 0.0, 1.0],
                [1.0, 0.0, 1e-06, -0.0, -0.0, 0.939692, 0.342021, 0.37472, -1e-06, -0.342021, 0.939692, 0.0, 0.0, 0.0, 0.0, 1.0],
                [1.0, 0.0, 1e-06, -0.0, -0.0, 0.939693, 0.342021, 0.37472, -1e-06, -0.342021, 0.939693, 0.0, 0.0, 0.0, 0.0, 1.0],
                [1.0, 0.0, 1e-06, 0.0, -0.0, 0.939693, 0.342021, 0.37472, -1e-06, -0.342021, 0.939692, 0.0, 0.0, 0.0, 0.0, 1.0],
                [1.0, 0.0, 1e-06, -0.0, -0.0, 0.939692, 0.342021, 0.37472, -1e-06, -0.342021, 0.939692, -0.0, 0.0, 0.0, 0.0, 1.0],
                [1.0, 0.0, 1e-06, -0.0, -0.0, 0.939692, 0.342021, 0.37472, -1e-06, -0.342021, 0.939692, 0.0, 0.0, 0.0, 0.0, 1.0],
                [1.0, 0.0, 1e-06, -0.0, -0.0, 0.939693, 0.342021, 0.37472, -1e-06, -0.342021, 0.939693, 0.0, 0.0, 0.0, 0.0, 1.0],
                [1.0, 0.0, 1e-06, 0.0, -0.0, 0.939692, 0.342021, 0.37472, -1e-06, -0.342021, 0.939692, -0.0, 0.0, 0.0, 0.0, 1.0],
                [1.0, 0.0, 1e-06, -0.0, -0.0, 0.939692, 0.342021, 0.37472, -1e-06, -0.342021, 0.939692, -0.0, 0.0, 0.0, 0.0, 1.0],
                [1.0, 0.0, 1e-06, -0.0, -1e-06, 0.939692, 0.342021, 0.37472, -1e-06, -0.342021, 0.939692, -0.0, 0.0, 0.0, 0.0, 1.0],
                [1.0, 0.0, 1e-06, 0.0, -0.0, 0.939693, 0.342021, 0.37472, -1e-06, -0.342021, 0.939692, -0.0, 0.0, 0.0, 0.0, 1.0],
                [1.0, 0.0, 1e-06, -0.0, -0.0, 0.939692, 0.342021, 0.37472, -1e-06, -0.342021, 0.939692, -0.0, 0.0, 0.0, 0.0, 1.0],
                [1.0, 0.0, 1e-06, 0.0, -0.0, 0.939693, 0.342021, 0.37472, -1e-06, -0.342021, 0.939693, -0.0, 0.0, 0.0, 0.0, 1.0],
                [1.0, 0.0, 1e-06, 0.0, -0.0, 0.939692, 0.342021, 0.37472, -1e-06, -0.342021, 0.939693, 0.0, 0.0, 0.0, 0.0, 1.0],
                [1.0, 0.0, 1e-06, 0.0, -0.0, 0.939692, 0.342021, 0.37472, -1e-06, -0.342021, 0.939693, -0.0, 0.0, 0.0, 0.0, 1.0],
                [1.0, 0.0, 1e-06, -0.0, -0.0, 0.939693, 0.342021, 0.37472, -1e-06, -0.342021, 0.939693, -0.0, 0.0, 0.0, 0.0, 1.0],
                [1.0, 0.0, 1e-06, -0.0, -0.0, 0.939692, 0.342021, 0.37472, -1e-06, -0.342021, 0.939693, 0.0, 0.0, 0.0, 0.0, 1.0],
                [1.0, 0.0, 1e-06, -0.0, -0.0, 0.939692, 0.342021, 0.37472, -1e-06, -0.342021, 0.939692, 0.0, 0.0, 0.0, 0.0, 1.0],
                [1.0, 0.0, 1e-06, 0.0, -0.0, 0.939692, 0.342021, 0.37472, -1e-06, -0.342021, 0.939692, -0.0, 0.0, 0.0, 0.0, 1.0],
                [1.0, 0.0, 1e-06, -0.0, -0.0, 0.939692, 0.342021, 0.37472, -1e-06, -0.342021, 0.939692, -0.0, 0.0, 0.0, 0.0, 1.0],
                [1.0, 0.0, 1e-06, 0.0, -0.0, 0.939693, 0.342021, 0.37472, -1e-06, -0.342021, 0.939692, -0.0, 0.0, 0.0, 0.0, 1.0],
                [1.0, 0.0, 1e-06, 0.0, -0.0, 0.939693, 0.342021, 0.37472, -1e-06, -0.342021, 0.939692, -0.0, 0.0, 0.0, 0.0, 1.0],
                [1.0, 0.0, 1e-06, 0.0, -0.0, 0.939693, 0.342021, 0.37472, -1e-06, -0.342021, 0.939692, -0.0, 0.0, 0.0, 0.0, 1.0],
                [1.0, 0.0, 1e-06, 0.0, -0.0, 0.939693, 0.342021, 0.37472, -1e-06, -0.342021, 0.939692, -0.0, 0.0, 0.0, 0.0, 1.0],
                [1.0, 0.0, 1e-06, 0.0, -0.0, 0.939693, 0.342021, 0.37472, -1e-06, -0.342021, 0.939692, -0.0, 0.0, 0.0, 0.0, 1.0],
                [1.0, 0.0, 1e-06, 0.0, -0.0, 0.939693, 0.342021, 0.37472, -1e-06, -0.342021, 0.939692, -0.0, 0.0, 0.0, 0.0, 1.0],
                [1.0, 0.0, 1e-06, 0.0, -0.0, 0.939693, 0.342021, 0.37472, -1e-06, -0.342021, 0.939692, -0.0, 0.0, 0.0, 0.0, 1.0],
                [1.0, 0.0, 1e-06, 0.0, -0.0, 0.939693, 0.342021, 0.37472, -1e-06, -0.342021, 0.939692, -0.0, 0.0, 0.0, 0.0, 1.0],
                [1.0, 0.0, 1e-06, 0.0, -0.0, 0.939693, 0.342021, 0.37472, -1e-06, -0.342021, 0.939692, -0.0, 0.0, 0.0, 0.0, 1.0],
                [1.0, 0.0, 1e-06, 0.0, -0.0, 0.939693, 0.342021, 0.37472, -1e-06, -0.342021, 0.939692, -0.0, 0.0, 0.0, 0.0, 1.0],
                [1.0, 0.0, 1e-06, 0.0, -0.0, 0.939693, 0.342021, 0.37472, -1e-06, -0.342021, 0.939692, -0.0, 0.0, 0.0, 0.0, 1.0],
                [1.0, 0.0, 1e-06, 0.0, -0.0, 0.939693, 0.342021, 0.37472, -1e-06, -0.342021, 0.939692, -0.0, 0.0, 0.0, 0.0, 1.0],
                [1.0, 0.0, 1e-06, 0.0, -0.0, 0.939693, 0.342021, 0.37472, -1e-06, -0.342021, 0.939692, -0.0, 0.0, 0.0, 0.0, 1.0],
                [1.0, 0.0, 1e-06, 0.0, -0.0, 0.939693, 0.342021, 0.37472, -1e-06, -0.342021, 0.939692, -0.0, 0.0, 0.0, 0.0, 1.0],
                [1.0, 0.0, 1e-06, 0.0, -0.0, 0.939693, 0.342021, 0.37472, -1e-06, -0.342021, 0.939692, -0.0, 0.0, 0.0, 0.0, 1.0],
