{
    "armature": {
        "joints": ["Root", "Thigh_R", "Leg_R", "Knee_R", "Thigh_L", "Leg_L", "Knee_L", "Torso", "Chest", "Head", "Shoulder_R", "Arm_R", "Hand_R", "Tool_R", "Elbow_R", "Shoulder_L", "Arm_L", "Hand_L", "Tool_L", "Elbow_L"],
        "hierarchy": [
            {
                "name": "Root",
                "transform": [1.0, 0.0, 0.0, -5e-06, 0.0, 0.0, -1.0, 0.000946, 0.0, 1.0, 0.0, 0.763972, 0.0, 0.0, 0.0, 1.0],
                "children": [
                    {
                        "name": "Thigh_R",
                        "transform": [1.0, -0.0, -0.0, 0.124994, -0.0, -1.0, 0.0, -0.002831, -0.0, -0.0, -1.0, -1.2e-05, 0.0, 0.0, 0.0, 1.0],
                        "children": [
                            {
                                "name": "Leg_R",
                                "transform": [1.0, 0.0, 1e-06, 0.0, -0.0, 1.0, 0.0, 0.37472, -1e-06, -0.0, 1.0, -0.0, 0.0, 0.0, 0.0, 1.0],
                                "children": []
                            },
                            {
                                "name": "Knee_R",
                                "transform": [1.0, 0.0, -0.0, 0.0, -0.0, 0.0, -1.0, 0.37472, -0.0, 1.0, 0.0, -0.0, 0.0, 0.0, 0.0, 1.0],
                                "children": []
                            }
                        ]
                    },
                    {
                        "name": "Thigh_L",
                        "transform": [1.0, -0.0, -0.0, -0.125006, -0.0, -1.0, 0.0, -0.002831, -0.0, -0.0, -1.0, -1.2e-05, 0.0, 0.0, 0.0, 1.0],
                        "children": [
                            {
                                "name": "Leg_L",
                                "transform": [1.0, 0.0, 1e-06, -0.0, -0.0, 1.0, 0.0, 0.37472, -1e-06, -0.0, 1.0, 0.0, 0.0, 0.0, 0.0, 1.0],
                                "children": []
                            },
                            {
                                "name": "Knee_L",
                                "transform": [1.0, 0.0, -0.0, -0.0, -0.0, 0.0, -1.0, 0.37472, -0.0, 1.0, 0.0, 0.0, 0.0, 0.0, 0.0, 1.0],
                                "children": []
                            }
                        ]
                    },
                    {
                        "name": "Torso",
                        "transform": [1.0, 0.0, 0.0, 0.0, 0.0, 1.0, 0.0, 0.05, 0.0, 0.0, 1.0, 0.0, 0.0, 0.0, 0.0, 1.0],
                        "children": [
                            {
                                "name": "Chest",
                                "transform": [1.0, 0.0, 0.0, 0.0, 0.0, 1.0, 0.0, 0.3, 0.0, 0.0, 1.0, 0.0, 0.0, 0.0, 0.0, 1.0],
                                "children": [
                                    {
                                        "name": "Head",
                                        "transform": [1.0, 0.0, 0.0, 0.0, 0.0, 1.0, 0.0, 0.4, 0.0, 0.0, 1.0, 0.0, 0.0, 0.0, 0.0, 1.0],
                                        "children": []
                                    },
                                    {
                                        "name": "Shoulder_R",
                                        "transform": [0.0, 0.952114, 0.305743, 0.0, 0.0, -0.305743, 0.952114, 0.4, 1.0, 0.0, -0.0, 0.0, 0.0, 0.0, 0.0, 1.0],
                                        "children": [
                                            {
                                                "name": "Arm_R",
                                                "transform": [0.0, -0.0, -1.0, -0.0, 0.952114, 0.305743, 0.0, 0.39386, 0.305743, -0.952114, 0.0, 0.0, 0.0, 0.0, 0.0, 1.0],
                                                "children": [
                                                    {
                                                        "name": "Hand_R",
                                                        "transform": [1.0, 0.0, 0.0, 0.0, -0.0, 0.993938, 0.109947, 0.3, -0.0, -0.109947, 0.993937, 0.0, 0.0, 0.0, 0.0, 1.0],
                                                        "children": [
                                                            {
                                                                "name": "Tool_R",
                                                                "transform": [1.0, 0.0, 0.0, -0.0, 0.0, -0.999836, 0.018122, 0.272858, 0.0, -0.018122, -0.999836, 0.0, 0.0, 0.0, 0.0, 1.0],
                                                                "children": []
                                                            }
                                                        ]
                                                    },
                                                    {
                                                        "name": "Elbow_R",
                                                        "transform": [-1.0, 0.0, -0.0, 0.0, 0.0, 0.0, -1.0, 0.3, -0.0, -1.0, -0.0, 0.0, 0.0, 0.0, 0.0, 1.0],
                                                        "children": []
                                                    }
                                                ]
                                            }
                                        ]
                                    },
                                    {
                                        "name": "Shoulder_L",
                                        "transform": [-0.0, -0.952114, -0.305743, 0.0, 0.0, -0.305743, 0.952114, 0.4, -1.0, 0.0, 0.0, 0.0, 0.0, 0.0, 0.0, 1.0],
                                        "children": [
                                            {
                                                "name": "Arm_L",
                                                "transform": [-0.0, -0.0, 1.0, -0.0, -0.952114, 0.305743, -0.0, 0.39386, -0.305743, -0.952114, -0.0, 0.0, 0.0, 0.0, 0.0, 1.0],
                                                "children": [
                                                    {
                                                        "name": "Hand_L",
                                                        "transform": [1.0, -0.0, 0.0, -0.0, 0.0, 0.993937, 0.109947, 0.3, -0.0, -0.109947, 0.993937, 0.0, 0.0, 0.0, 0.0, 1.0],
                                                        "children": [
                                                            {
                                                                "name": "Tool_L",
                                                                "transform": [1.0, 0.0, 0.0, -0.0, -0.0, -0.999836, 0.018122, 0.272858, 0.0, -0.018122, -0.999836, -0.0, 0.0, 0.0, 0.0, 1.0],
                                                                "children": []
                                                            }
                                                        ]
                                                    },
                                                    {
                                                        "name": "Elbow_L",
                                                        "transform": [-1.0, 0.0, -0.0, -0.0, 0.0, -0.0, -1.0, 0.3, -0.0, -1.0, 0.0, 0.0, 0.0, 0.0, 0.0, 1.0],
                                                        "children": []
                                                    }
                                                ]
                                            }
                                        ]
                                    }
                                ]
                            }
                        ]
                    }
                ]
            }
        ]
    },
    "animation": [
        {
            "name": "Root",
            "time": [0.0, 0.0167, 0.0333, 0.05, 0.0667, 0.0833, 0.1, 0.1167, 0.1333, 0.15, 0.1667, 0.1833, 0.2, 0.2167, 0.2333, 0.25, 0.2667, 0.2833, 0.3, 0.3167, 0.3333, 0.35, 0.3667, 0.3833, 0.4, 0.4167, 0.4333, 0.45, 0.4667, 0.4833, 0.5, 0.5167, 0.5333, 0.55, 0.5667, 0.5833, 0.6, 1.05],
            "transform": [
                [1.0, 0.0, 0.0, -5e-06, 0.0, 0.0, -1.0, 0.000946, 0.0, 1.0, 0.0, 0.763972, 0.0, 0.0, 0.0, 1.0],
                [1.0, 0.0, 0.0, -5e-06, 0.0, 0.0, -1.0, -0.003707, 0.0, 1.0, 0.0, 0.763972, 0.0, 0.0, 0.0, 1.0],
                [1.0, 0.0, 0.0, -5e-06, 0.0, 0.0, -1.0, -0.016858, 0.0, 1.0, 0.0, 0.763972, 0.0, 0.0, 0.0, 1.0],
                [1.0, 0.0, 0.0, -5e-06, 0.0, 0.0, -1.0, -0.037294, 0.0, 1.0, 0.0, 0.763972, 0.0, 0.0, 0.0, 1.0],
                [1.0, 0.0, 0.0, -5e-06, 0.0, 0.0, -1.0, -0.063799, 0.0, 1.0, 0.0, 0.763972, 0.0, 0.0, 0.0, 1.0],
                [1.0, 0.0, 0.0, -5e-06, 0.0, 0.0, -1.0, -0.09516, 0.0, 1.0, 0.0, 0.763972, 0.0, 0.0, 0.0, 1.0],
                [1.0, 0.0, 0.0, -5e-06, 0.0, 0.0, -1.0, -0.130162, 0.0, 1.0, 0.0, 0.763972, 0.0, 0.0, 0.0, 1.0],
                [1.0, 0.0, 0.0, -5e-06, 0.0, 0.0, -1.0, -0.167593, 0.0, 1.0, 0.0, 0.763972, 0.0, 0.0, 0.0, 1.0],
                [1.0, 0.0, 0.0, -5e-06, 0.0, 0.0, -1.0, -0.206238, 0.0, 1.0, 0.0, 0.763972, 0.0, 0.0, 0.0, 1.0],
                [1.0, 0.0, 0.0, -5e-06, 0.0, 0.0, -1.0, -0.244883, 0.0, 1.0, 0.0, 0.763972, 0.0, 0.0, 0.0, 1.0],
                [1.0, 0.0, 0.0, -5e-06, 0.0, 0.0, -1.0, -0.282314, 0.0, 1.0, 0.0, 0.763972, 0.0, 0.0, 0.0, 1.0],
                [1.0, 0.0, 0.0, -5e-06, 0.0, 0.0, -1.0, -0.317316, 0.0, 1.0, 0.0, 0.763972, 0.0, 0.0, 0.0, 1.0],
                [1.0, 0.0, 0.0, -5e-06, 0.0, 0.0, -1.0, -0.348677, 0.0, 1.0, 0.0, 0.763972, 0.0, 0.0, 0.0, 1.0],
                [1.0, 0.0, 0.0, -5e-06, 0.0, 0.0, -1.0, -0.375182, 0.0, 1.0, 0.0, 0.763972, 0.0, 0.0, 0.0, 1.0],
                [1.0, 0.0, 0.0, -5e-06, 0.0, 0.0, -1.0, -0.395617, 0.0, 1.0, 0.0, 0.763972, 0.0, 0.0, 0.0, 1.0],
                [1.0, 0.0, 0.0, -5e-06, 0.0, 0.0, -1.0, -0.408769, 0.0, 1.0, 0.0, 0.763972, 0.0, 0.0, 0.0, 1.0],
                [1.0, 0.0, 0.0, -5e-06, 0.0, 0.0, -1.0, -0.413422, 0.0, 1.0, 0.0, 0.763972, 0.0, 0.0, 0.0, 1.0],
                [1.0, 0.0, 0.0, -5e-06, 0.0, 0.0, -1.0, -0.413264, 0.0, 1.0, 0.0, 0.763972, 0.0, 0.0, 0.0, 1.0],
                [1.0, 0.0, 0.0, -5e-06, 0.0, 0.0, -1.0, -0.412153, 0.0, 1.0, 0.0, 0.763972, 0.0, 0.0, 0.0, 1.0],
                [1.0, 0.0, 0.0, -5e-06, 0.0, 0.0, -1.0, -0.409137, 0.0, 1.0, 0.0, 0.763972, 0.0, 0.0, 0.0, 1.0],
                [1.0, 0.0, 0.0, -5e-06, 0.0, 0.0, -1.0, -0.403265, 0.0, 1.0, 0.0, 0.763972, 0.0, 0.0, 0.0, 1.0],
                [1.0, 0.0, 0.0, -5e-06, 0.0, 0.0, -1.0, -0.393583, 0.0, 1.0, 0.0, 0.763972, 0.0, 0.0, 0.0, 1.0],
                [1.0, 0.0, 0.0, -5e-06, 0.0, 0.0, -1.0, -0.379141, 0.0, 1.0, 0.0, 0.763972, 0.0, 0.0, 0.0, 1.0],
                [1.0, 0.0, 0.0, -5e-06, 0.0, 0.0, -1.0, -0.358984, 0.0, 1.0, 0.0, 0.763972, 0.0, 0.0, 0.0, 1.0],
                [1.0, 0.0, 0.0, -5e-06, 0.0, 0.0, -1.0, -0.332162, 0.0, 1.0, 0.0, 0.763972, 0.0, 0.0, 0.0, 1.0],
                [1.0, 0.0, 0.0, -5e-06, 0.0, 0.0, -1.0, -0.26987, 0.0, 1.0, 0.0, 0.763972, 0.0, 0.0, 0.0, 1.0],
                [1.0, 0.0, 0.0, -5e-06, 0.0, 0.0, -1.0, -0.151726, 0.0, 1.0, 0.0, 0.763972, 0.0, 0.0, 0.0, 1.0],
                [1.0, 0.0, 0.0, -5e-06, 0.0, 0.0, -1.0, 0.010593, 0.0, 1.0, 0.0, 0.763972, 0.0, 0.0, 0.0, 1.0],
                [1.0, 0.0, 0.0, -5e-06, 0.0, 0.0, -1.0, 0.205409, 0.0, 1.0, 0.0, 0.763972, 0.0, 0.0, 0.0, 1.0],
                [1.0, 0.0, 0.0, -5e-06, 0.0, 0.0, -1.0, 0.421041, 0.0, 1.0, 0.0, 0.763972, 0.0, 0.0, 0.0, 1.0],
                [1.0, 0.0, 0.0, -5e-06, 0.0, 0.0, -1.0, 0.645813, 0.0, 1.0, 0.0, 0.763972, 0.0, 0.0, 0.0, 1.0],
                [1.0, 0.0, 0.0, -5e-06, 0.0, 0.0, -1.0, 0.868045, 0.0, 1.0, 0.0, 0.763972, 0.0, 0.0, 0.0, 1.0],
                [1.0, 0.0, 0.0, -5e-06, 0.0, 0.0, -1.0, 1.07606, 0.0, 1.0, 0.0, 0.763972, 0.0, 0.0, 0.0, 1.0],
                [1.0, 0.0, 0.0, -5e-06, 0.0, 0.0, -1.0, 1.258178, 0.0, 1.0, 0.0, 0.763972, 0.0, 0.0, 0.0, 1.0],
                [1.0, 0.0, 0.0, -5e-06, 0.0, 0.0, -1.0, 1.402721, 0.0, 1.0, 0.0, 0.763972, 0.0, 0.0, 0.0, 1.0],
                [1.0, 0.0, 0.0, -5e-06, 0.0, 0.0, -1.0, 1.498012, 0.0, 1.0, 0.0, 0.763972, 0.0, 0.0, 0.0, 1.0],
                [1.0, 0.0, 0.0, -5e-06, 0.0, 0.0, -1.0, 1.53237, 0.0, 1.0, 0.0, 0.763972, 0.0, 0.0, 0.0, 1.0],
                [1.0, 0.0, 0.0, -5e-06, 0.0, 0.0, -1.0, 1.53237, 0.0, 1.0, 0.0, 0.763972, 0.0, 0.0, 0.0, 1.0]
            ]
        },
        {
            "name": "Thigh_R",
            "time": [0.0, 0.0167, 0.0333, 0.05, 0.0667, 0.0833, 0.1, 0.1167, 0.1333, 0.15, 0.1667, 0.1833, 0.2, 0.2167, 0.2333, 0.25, 0.2667, 0.2833, 0.3, 0.3167, 0.3333, 0.35, 0.3667, 0.3833, 0.4, 0.4167, 0.4333, 0.45, 0.4667, 0.4833, 0.5, 0.5167, 0.5333, 0.55, 0.5667, 0.5833, 0.6, 1.05],
            "transform": [
                [0.994941, 0.071759, -0.070308, 0.124994, 0.056671, -0.978764, -0.196999, -0.002831, -0.082951, 0.192018, -0.97788, -1.2e-05, 0.0, 0.0, 0.0, 1.0],
                [0.994941, 0.071441, -0.07063, 0.124994, 0.056671, -0.979642, -0.192585, -0.002831, -0.082951, 0.187608, -0.978735, -1.2e-05, 0.0, 0.0, 0.0, 1.0],
                [0.994941, 0.07052, -0.071549, 0.124994, 0.056671, -0.982054, -0.179882, -0.002831, -0.082951, 0.174917, -0.981083, -1.2e-05, 0.0, 0.0, 0.0, 1.0],
                [0.994941, 0.069035, -0.072984, 0.124994, 0.056671, -0.985544, -0.159659, -0.002831, -0.082951, 0.154715, -0.984471, -1.2e-05, 0.0, 0.0, 0.0, 1.0],
                [0.994941, 0.067014, -0.074844, 0.124994, 0.056671, -0.98954, -0.132661, -0.002831, -0.082951, 0.127748, -0.988332, -1.2e-05, 0.0, 0.0, 0.0, 1.0],
                [0.994941, 0.064486, -0.077032, 0.124994, 0.056671, -0.993407, -0.099653, -0.002831, -0.082951, 0.094783, -0.992036, -1.2e-05, 0.0, 0.0, 0.0, 1.0],
                [0.994941, 0.061481, -0.079451, 0.124994, 0.056671, -0.9965, -0.061444, -0.002831, -0.082951, 0.05663, -0.994943, -1.2e-05, 0.0, 0.0, 0.0, 1.0],
                [0.994941, 0.058039, -0.082, 0.124994, 0.056671, -0.998214, -0.018912, -0.002831, -0.082951, 0.014169, -0.996453, -1.2e-05, 0.0, 0.0, 0.0, 1.0],
                [0.994941, 0.054208, -0.084581, 0.124994, 0.056671, -0.998028, 0.026989, -0.002831, -0.082951, -0.031646, -0.996051, -1.2e-05, 0.0, 0.0, 0.0, 1.0],
                [0.994941, 0.050053, -0.087104, 0.124994, 0.056671, -0.995554, 0.075235, -0.002831, -0.082951, -0.07979, -0.993354, -1.2e-05, 0.0, 0.0, 0.0, 1.0],
                [0.994941, 0.045651, -0.08949, 0.124994, 0.056671, -0.990568, 0.124749, -0.002831, -0.082951, -0.12919, -0.988144, -1.2e-05, 0.0, 0.0, 0.0, 1.0],
                [0.994941, 0.04109, -0.091673, 0.124994, 0.056671, -0.983036, 0.174434, -0.002831, -0.082951, -0.178747, -0.980392, -1.2e-05, 0.0, 0.0, 0.0, 1.0],
                [0.994941, 0.036471, -0.093607, 0.124994, 0.056671, -0.973123, 0.223201, -0.002831, -0.082951, -0.227377, -0.970267, -1.2e-05, 0.0, 0.0, 0.0, 1.0],
                [0.994941, 0.0319, -0.095262, 0.124994, 0.056671, -0.961187, 0.270013, -0.002831, -0.082951, -0.274045, -0.958133, -1.2e-05, 0.0, 0.0, 0.0, 1.0],
                [0.994941, 0.027488, -0.096627, 0.124994, 0.056671, -0.947761, 0.313906, -0.002831, -0.082951, -0.317794, -0.944524, -1.2e-05, 0.0, 0.0, 0.0, 1.0],
                [0.994941, 0.023344, -0.097711, 0.124994, 0.056671, -0.933519, 0.35402, -0.002831, -0.082951, -0.357766, -0.93012, -1.2e-05, 0.0, 0.0, 0.0, 1.0],
                [0.994941, 0.019576, -0.098535, 0.124994, 0.056671, -0.919241, 0.389595, -0.002831, -0.082951, -0.393208, -0.9157, -1.2e-05, 0.0, 0.0, 0.0, 1.0],
                [0.994941, 0.016286, -0.099132, 0.124994, 0.056671, -0.905765, 0.419974, -0.002831, -0.082951, -0.423468, -0.902105, -1.2e-05, 0.0, 0.0, 0.0, 1.0],
                [0.994941, 0.01357, -0.09954, 0.124994, 0.056671, -0.893947, 0.444575, -0.002831, -0.082951, -0.447967, -0.890194, -1.2e-05, 0.0, 0.0, 0.0, 1.0],
                [0.994941, 0.011521, -0.099798, 0.124994, 0.056671, -0.88462, 0.462855, -0.002831, -0.082951, -0.46617, -0.880798, -1.2e-05, 0.0, 0.0, 0.0, 1.0],
                [0.994941, 0.010228, -0.099939, 0.124994, 0.056671, -0.878552, 0.474273, -0.002831, -0.082951, -0.477537, -0.874687, -1.2e-05, 0.0, 0.0, 0.0, 1.0],
                [0.994941, 0.009777, -0.099984, 0.124994, 0.056671, -0.876405, 0.478228, -0.002831, -0.082951, -0.481475, -0.872526, -1.2e-05, 0.0, 0.0, 0.0, 1.0],
                [0.994941, 0.010718, -0.099888, 0.124994, 0.056671, -0.880866, 0.46996, -0.002831, -0.082951, -0.473244, -0.877017, -1.2e-05, 0.0, 0.0, 0.0, 1.0],
                [0.994941, 0.013367, -0.099568, 0.124994, 0.056671, -0.893038, 0.446397, -0.002831, -0.082951, -0.449782, -0.889278, -1.2e-05, 0.0, 0.0, 0.0, 1.0],
                [0.994941, 0.017466, -0.098931, 0.124994, 0.056671, -0.910705, 0.409151, -0.002831, -0.082951, -0.412688, -0.907088, -1.2e-05, 0.0, 0.0, 0.0, 1.0],
                [0.994941, 0.022741, -0.097853, 0.124994, 0.056671, -0.931315, 0.359778, -0.002831, -0.082951, -0.363503, -0.927893, -1.2e-05, 0.0, 0.0, 0.0, 1.0],
                [0.994941, 0.028894, -0.096216, 0.124994, 0.056671, -0.952235, 0.300061, -0.002831, -0.082951, -0.303996, -0.949055, -1.2e-05, 0.0, 0.0, 0.0, 1.0],
                [0.994941, 0.035603, -0.093941, 0.124994, 0.056671, -0.971014, 0.232204, -0.002831, -0.082951, -0.236353, -0.96812, -1.2e-05, 0.0, 0.0, 0.0, 1.0],
                [0.994941, 0.042532, -0.091013, 0.124994, 0.056671, -0.985667, 0.158897, -0.002831, -0.082951, -0.163251, -0.983091, -1.2e-05, 0.0, 0.0, 0.0, 1.0],
                [0.994941, 0.049351, -0.087504, 0.124994, 0.056671, -0.994917, 0.083239, -0.002831, -0.082951, -0.087777, -0.99268, -1.2e-05, 0.0, 0.0, 0.0, 1.0],
                [0.994941, 0.05576, -0.083566, 0.124994, 0.056671, -0.998356, 0.008561, -0.002831, -0.082951, -0.013253, -0.996466, -1.2e-05, 0.0, 0.0, 0.0, 1.0],
                [0.994941, 0.061511, -0.079428, 0.124994, 0.056671, -0.996477, -0.061821, -0.002831, -0.082951, 0.057007, -0.994922, -1.2e-05, 0.0, 0.0, 0.0, 1.0],
                [0.994941, 0.066419, -0.075372, 0.124994, 0.056671, -0.99056, -0.124819, -0.002831, -0.082951, 0.119917, -0.989313, -1.2e-05, 0.0, 0.0, 0.0, 1.0],
                [0.994941, 0.070361, -0.071706, 0.124994, 0.056671, -0.982451, -0.177704, -0.002831, -0.082951, 0.172741, -0.981468, -1.2e-05, 0.0, 0.0, 0.0, 1.0],
                [0.994941, 0.073261, -0.06874, 0.124994, 0.056671, -0.974277, -0.218109, -0.002831, -0.082951, 0.21311, -0.973501, -1.2e-05, 0.0, 0.0, 0.0, 1.0],
                [0.994941, 0.075061, -0.06677, 0.124994, 0.056671, -0.96814, -0.24391, -0.002831, -0.082951, 0.238893, -0.967496, -1.2e-05, 0.0, 0.0, 0.0, 1.0],
                [0.994941, 0.075686, -0.066061, 0.124994, 0.056671, -0.965802, -0.253009, -0.002831, -0.082951, 0.247985, -0.965206, -1.2e-05, 0.0, 0.0, 0.0, 1.0],
                [0.994941, 0.075686, -0.066061, 0.124994, 0.056671, -0.965802, -0.253009, -0.002831, -0.082951, 0.247985, -0.965206, -1.2e-05, 0.0, 0.0, 0.0, 1.0]
            ]
        },
        {
            "name": "Leg_R",
            "time": [0.0, 0.0167, 0.0333, 0.05, 0.0667, 0.0833, 0.1, 0.1167, 0.1333, 0.15, 0.1667, 0.1833, 0.2, 0.2167, 0.2333, 0.25, 0.2667, 0.2833, 0.3, 0.3167, 0.3333, 0.35, 0.3667, 0.3833, 0.4, 0.4167, 0.4333, 0.45, 0.4667, 0.4833, 0.5, 0.5167, 0.5333, 0.55, 0.5667, 0.5833, 0.6, 1.05],
            "transform": [
                [1.0, 0.0, 1e-06, -0.0, -0.0, 1.0, 0.0, 0.37472, -1e-06, -0.0, 1.0, 0.0, 0.0, 0.0, 0.0, 1.0],
                [1.0, 0.0, 1e-06, 0.0, -0.0, 0.999997, 0.002288, 0.37472, -1e-06, -0.002288, 0.999997, 0.0, 0.0, 0.0, 0.0, 1.0],
                [1.0, 0.0, 1e-06, -0.0, -0.0, 0.999961, 0.008854, 0.37472, -1e-06, -0.008854, 0.999961, -0.0, 0.0, 0.0, 0.0, 1.0],
                [1.0, 0.0, 1e-06, -0.0, -0.0, 0.999815, 0.019253, 0.37472, -1e-06, -0.019253, 0.999815, 0.0, 0.0, 0.0, 0.0, 1.0],
                [1.0, 0.0, 1e-06, -0.0, -0.0, 0.999454, 0.03304, 0.37472, -1e-06, -0.03304, 0.999454, -0.0, 0.0, 0.0, 0.0, 1.0],
                [1.0, 0.0, 1e-06, -0.0, -0.0, 0.998761, 0.049767, 0.37472, -1e-06, -0.049767, 0.998761, 0.0, 0.0, 0.0, 0.0, 1.0],
                [1.0, 0.0, 1e-06, 0.0, -0.0, 0.997618, 0.068978, 0.37472, -1e-06, -0.068978, 0.997618, -0.0, 0.0, 0.0, 0.0, 1.0],
                [1.0, 0.0, 1e-06, 0.0, -0.0, 0.995923, 0.090212, 0.37472, -1e-06, -0.090212, 0.995923, 0.0, 0.0, 0.0, 0.0, 1.0],
                [1.0, 0.0, 1e-06, -0.0, -0.0, 0.993595, 0.113, 0.37472, -1e-06, -0.113, 0.993595, 0.0, 0.0, 0.0, 0.0, 1.0],
                [1.0, 0.0, 1e-06, 0.0, -0.0, 0.990589, 0.136867, 0.37472, -1e-06, -0.136867, 0.99059, 0.0, 0.0, 0.0, 0.0, 1.0],
                [1.0, 0.0, 1e-06, 0.0, -0.0, 0.9869, 0.161336, 0.37472, -1e-06, -0.161336, 0.9869, -0.0, 0.0, 0.0, 0.0, 1.0],
                [1.0, 0.0, 1e-06, -0.0, -0.0, 0.982562, 0.185934, 0.37472, -1e-06, -0.185934, 0.982562, 0.0, 0.0, 0.0, 0.0, 1.0],
                [1.0, 0.0, 1e-06, -0.0, -0.0, 0.977661, 0.21019, 0.37472, -1e-06, -0.21019, 0.977661, -0.0, 0.0, 0.0, 0.0, 1.0],
                [1.0, 0.0, 1e-06, -0.0, -0.0, 0.972322, 0.233645, 0.37472, -1e-06, -0.233645, 0.972322, 0.0, 0.0, 0.0, 0.0, 1.0],
                [1.0, 0.0, 1e-06, 0.0, -0.0, 0.966715, 0.255855, 0.37472, -1e-06, -0.255855, 0.966715, -0.0, 0.0, 0.0, 0.0, 1.0],
                [1.0, 0.0, 1e-06, 0.0, -0.0, 0.961046, 0.276388, 0.37472, -1e-06, -0.276388, 0.961046, -0.0, 0.0, 0.0, 0.0, 1.0],
                [1.0, 0.0, 1e-06, 0.0, -0.0, 0.955549, 0.294832, 0.37472, -1e-06, -0.294832, 0.955549, -0.0, 0.0, 0.0, 0.0, 1.0],
                [1.0, 0.0, 1e-06, 0.0, -0.0, 0.95048, 0.310787, 0.37472, -1e-06, -0.310787, 0.95048, 0.0, 0.0, 0.0, 0.0, 1.0],
                [1.0, 0.0, 1e-06, 0.0, -0.0, 0.946103, 0.323866, 0.37472, -1e-06, -0.323866, 0.946103, 0.0, 0.0, 0.0, 0.0, 1.0],
                [1.0, 0.0, 1e-06, 0.0, -0.0, 0.942684, 0.333688, 0.37472, -1e-06, -0.333688, 0.942684, 0.0, 0.0, 0.0, 0.0, 1.0],
                [1.0, 0.0, 1e-06, 0.0, -0.0, 0.940473, 0.33987, 0.37472, -1e-06, -0.33987, 0.940472, 0.0, 0.0, 0.0, 0.0, 1.0],
                [1.0, 0.0, 1e-06, -0.0, -0.0, 0.939693, 0.342021, 0.37472, -1e-06, -0.342021, 0.939692, 0.0, 0.0, 0.0, 0.0, 1.0],
                [1.0, 0.0, 1e-06, 0.0, -0.0, 0.939692, 0.342021, 0.37472, -1e-06, -0.342021, 0.939692, 0.0, 0.0, 0.0, 0.0, 1.0],
                [1.0, 0.0, 1e-06, 0.0, -0.0, 0.939693, 0.342021, 0.37472, -1e-06, -0.342021, 0.939692, 0.0, 0.0, 0.0, 0.0, 1.0],
                [1.0, 0.0, 1e-06, 0.0, -0.0, 0.939692, 0.342021, 0.37472, -1e-06, -0.342021, 0.939693, -0.0, 0.0, 0.0, 0.0, 1.0],
                [1.0, 0.0, 1e-06, 0.0, -0.0, 0.939693, 0.342021, 0.37472, -1e-06, -0.342021, 0.939692, -0.0, 0.0, 0.0, 0.0, 1.0],
                [1.0, 0.0, 1e-06, -0.0, -0.0, 0.939693, 0.342021, 0.37472, -1e-06, -0.342021, 0.939692, 0.0, 0.0, 0.0, 0.0, 1.0],
                [1.0, 0.0, 1e-06, -0.0, -0.0, 0.939692, 0.342021, 0.37472, -1e-06, -0.342021, 0.939692, -0.0, 0.0, 0.0, 0.0, 1.0],
                [1.0, 0.0, 1e-06, 0.0, -0.0, 0.939693, 0.342021, 0.37472, -1e-06, -0.342021, 0.939692, 0.0, 0.0, 0.0, 0.0, 1.0],
                [1.0, 0.0, 1e-06, 0.0, -0.0, 0.939692, 0.342021, 0.37472, -1e-06, -0.342021, 0.939692, -0.0, 0.0, 0.0, 0.0, 1.0],
                [1.0, 0.0, 1e-06, 0.0, -0.0, 0.939693, 0.342021, 0.37472, -1e-06, -0.342021, 0.939693, 0.0, 0.0, 0.0, 0.0, 1.0],
                [1.0, 0.0, 1e-06, -0.0, -0.0, 0.939693, 0.342021, 0.37472, -1e-06, -0.342021, 0.939693, 0.0, 0.0, 0.0, 0.0, 1.0],
                [1.0, 0.0, 1e-06, 0.0, -0.0, 0.939692, 0.342021, 0.37472, -1e-06, -0.342021, 0.939692, 0.0, 0.0, 0.0, 0.0, 1.0],
                [1.0, 0.0, 1e-06, -0.0, -0.0, 0.939693, 0.342021, 0.37472, -1e-06, -0.342021, 0.939693, 0.0, 0.0, 0.0, 0.0, 1.0],
                [1.0, 0.0, 1e-06, 0.0, -0.0, 0.939693, 0.342021, 0.37472, -1e-06, -0.342021, 0.939692, -0.0, 0.0, 0.0, 0.0, 1.0],
                [1.0, 0.0, 1e-06, -0.0, -0.0, 0.939692, 0.342021, 0.37472, -1e-06, -0.342021, 0.939692, 0.0, 0.0, 0.0, 0.0, 1.0],
                [1.0, 0.0, 1e-06, 0.0, -0.0, 0.939692, 0.342021, 0.37472, -1e-06, -0.342021, 0.939692, 0.0, 0.0, 0.0, 0.0, 1.0],
                [1.0, 0.0, 1e-06, 0.0, -0.0, 0.939692, 0.342021, 0.37472, -1e-06, -0.342021, 0.939692, 0.0, 0.0, 0.0, 0.0, 1.0]
            ]
        },
        {
            "name": "Knee_R",
            "time": [0.0, 0.0167, 0.0333, 0.05, 0.0667, 0.0833, 0.1, 0.1167, 0.1333, 0.15, 0.1667, 0.1833, 0.2, 0.2167, 0.2333, 0.25, 0.2667, 0.2833, 0.3, 0.3167, 0.3333, 0.35, 0.3667, 0.3833, 0.4, 0.4167, 0.4333, 0.45, 0.4667, 0.4833, 0.5, 0.5167, 0.5333, 0.55, 0.5667, 0.5833, 0.6, 1.05],
            "transform": [
                [1.0, 0.0, -0.0, -0.0, -0.0, 0.0, -1.0, 0.37472, -0.0, 1.0, 0.0, 0.0, 0.0, 0.0, 0.0, 1.0],
                [1.0, 0.0, -0.0, 0.0, -0.0, 0.0, -1.0, 0.37472, -0.0, 1.0, 0.0, 0.0, 0.0, 0.0, 0.0, 1.0],
                [1.0, 0.0, -0.0, -0.0, -0.0, 0.0, -1.0, 0.37472, -0.0, 1.0, 0.0, -0.0, 0.0, 0.0, 0.0, 1.0],
                [1.0, 0.0, -0.0, -0.0, -0.0, 0.0, -1.0, 0.37472, -0.0, 1.0, 0.0, 0.0, 0.0, 0.0, 0.0, 1.0],
                [1.0, 0.0, -0.0, -0.0, -0.0, 0.0, -1.0, 0.37472, -0.0, 1.0, 0.0, -0.0, 0.0, 0.0, 0.0, 1.0],
                [1.0, 0.0, -0.0, -0.0, -0.0, 0.0, -1.0, 0.37472, -0.0, 1.0, 0.0, 0.0, 0.0, 0.0, 0.0, 1.0],
                [1.0, 0.0, -0.0, 0.0, -0.0, 0.0, -1.0, 0.37472, -0.0, 1.0, 0.0, -0.0, 0.0, 0.0, 0.0, 1.0],
                [1.0, 0.0, -0.0, 0.0, -0.0, 0.0, -1.0, 0.37472, -0.0, 1.0, 0.0, 0.0, 0.0, 0.0, 0.0, 1.0],
                [1.0, 0.0, -0.0, -0.0, -0.0, 0.0, -1.0, 0.37472, -0.0, 1.0, 0.0, 0.0, 0.0, 0.0, 0.0, 1.0],
                [1.0, 0.0, -0.0, 0.0, -0.0, 0.0, -1.0, 0.37472, -0.0, 1.0, 0.0, 0.0, 0.0, 0.0, 0.0, 1.0],
                [1.0, 0.0, -0.0, 0.0, -0.0, 0.0, -1.0, 0.37472, -0.0, 1.0, 0.0, -0.0, 0.0, 0.0, 0.0, 1.0],
                [1.0, 0.0, -0.0, -0.0, -0.0, 0.0, -1.0, 0.37472, -0.0, 1.0, 0.0, 0.0, 0.0, 0.0, 0.0, 1.0],
                [1.0, 0.0, -0.0, -0.0, -0.0, 0.0, -1.0, 0.37472, -0.0, 1.0, 0.0, -0.0, 0.0, 0.0, 0.0, 1.0],
                [1.0, 0.0, -0.0, -0.0, -0.0, 0.0, -1.0, 0.37472, -0.0, 1.0, 0.0, 0.0, 0.0, 0.0, 0.0, 1.0],
                [1.0, 0.0, -0.0, 0.0, -0.0, 0.0, -1.0, 0.37472, -0.0, 1.0, 0.0, -0.0, 0.0, 0.0, 0.0, 1.0],
                [1.0, 0.0, -0.0, 0.0, -0.0, 0.0, -1.0, 0.37472, -0.0, 1.0, 0.0, -0.0, 0.0, 0.0, 0.0, 1.0],
                [1.0, 0.0, -0.0, 0.0, -0.0, 0.0, -1.0, 0.37472, -0.0, 1.0, 0.0, -0.0, 0.0, 0.0, 0.0, 1.0],
                [1.0, 0.0, -0.0, 0.0, -0.0, 0.0, -1.0, 0.37472, -0.0, 1.0, 0.0, 0.0, 0.0, 0.0, 0.0, 1.0],
                [1.0, 0.0, -0.0, 0.0, -0.0, 0.0, -1.0, 0.37472, -0.0, 1.0, 0.0, 0.0, 0.0, 0.0, 0.0, 1.0],
                [1.0, 0.0, -0.0, 0.0, -0.0, 0.0, -1.0, 0.37472, -0.0, 1.0, 0.0, 0.0, 0.0, 0.0, 0.0, 1.0],
                [1.0, 0.0, -0.0, 0.0, -0.0, 0.0, -1.0, 0.37472, -0.0, 1.0, 0.0, 0.0, 0.0, 0.0, 0.0, 1.0],
                [1.0, 0.0, -0.0, -0.0, -0.0, 0.0, -1.0, 0.37472, -0.0, 1.0, 0.0, 0.0, 0.0, 0.0, 0.0, 1.0],
                [1.0, 0.0, -0.0, 0.0, -0.0, 0.0, -1.0, 0.37472, -0.0, 1.0, 0.0, 0.0, 0.0, 0.0, 0.0, 1.0],
                [1.0, 0.0, -0.0, 0.0, -0.0, 0.0, -1.0, 0.37472, -0.0, 1.0, 0.0, 0.0, 0.0, 0.0, 0.0, 1.0],
                [1.0, 0.0, -0.0, 0.0, -0.0, 0.0, -1.0, 0.37472, -0.0, 1.0, 0.0, -0.0, 0.0, 0.0, 0.0, 1.0],
                [1.0, 0.0, -0.0, 0.0, -0.0, 0.0, -1.0, 0.37472, -0.0, 1.0, 0.0, -0.0, 0.0, 0.0, 0.0, 1.0],
                [1.0, 0.0, -0.0, -0.0, -0.0, 0.0, -1.0, 0.37472, -0.0, 1.0, 0.0, 0.0, 0.0, 0.0, 0.0, 1.0],
                [1.0, 0.0, -0.0, -0.0, -0.0, 0.0, -1.0, 0.37472, -0.0, 1.0, 0.0, -0.0, 0.0, 0.0, 0.0, 1.0],
                [1.0, 0.0, -0.0, 0.0, -0.0, 0.0, -1.0, 0.37472, -0.0, 1.0, 0.0, 0.0, 0.0, 0.0, 0.0, 1.0],
                [1.0, 0.0, -0.0, 0.0, -0.0, 0.0, -1.0, 0.37472, -0.0, 1.0, 0.0, -0.0, 0.0, 0.0, 0.0, 1.0],
                [1.0, 0.0, -0.0, 0.0, -0.0, 0.0, -1.0, 0.37472, -0.0, 1.0, 0.0, 0.0, 0.0, 0.0, 0.0, 1.0],
                [1.0, 0.0, -0.0, -0.0, -0.0, 0.0, -1.0, 0.37472, -0.0, 1.0, 0.0, 0.0, 0.0, 0.0, 0.0, 1.0],
                [1.0, 0.0, -0.0, 0.0, -0.0, 0.0, -1.0, 0.37472, -0.0, 1.0, 0.0, 0.0, 0.0, 0.0, 0.0, 1.0],
                [1.0, 0.0, -0.0, -0.0, -0.0, 0.0, -1.0, 0.37472, -0.0, 1.0, 0.0, 0.0, 0.0, 0.0, 0.0, 1.0],
                [1.0, 0.0, -0.0, 0.0, -0.0, 0.0, -1.0, 0.37472, -0.0, 1.0, 0.0, -0.0, 0.0, 0.0, 0.0, 1.0],
                [1.0, 0.0, -0.0, -0.0, -0.0, 0.0, -1.0, 0.37472, -0.0, 1.0, 0.0, 0.0, 0.0, 0.0, 0.0, 1.0],
                [1.0, 0.0, -0.0, 0.0, -0.0, 0.0, -1.0, 0.37472, -0.0, 1.0, 0.0, 0.0, 0.0, 0.0, 0.0, 1.0],
                [1.0, 0.0, -0.0, 0.0, -0.0, 0.0, -1.0, 0.37472, -0.0, 1.0, 0.0, 0.0, 0.0, 0.0, 0.0, 1.0]
            ]
        },
        {
            "name": "Thigh_L",
            "time": [0.0, 0.0167, 0.0333, 0.05, 0.0667, 0.0833, 0.1, 0.1167, 0.1333, 0.15, 0.1667, 0.1833, 0.2, 0.2167, 0.2333, 0.25, 0.2667, 0.2833, 0.3, 0.3167, 0.3333, 0.35, 0.3667, 0.3833, 0.4, 0.4167, 0.4333, 0.45, 0.4667, 0.4833, 0.5, 0.5167, 0.5333, 0.55, 0.5667, 0.5833, 0.6, 1.05],
            "transform": [
                [0.995512, -0.068814, 0.064967, -0.125006, -0.089704, -0.904878, 0.41611, -0.002831, 0.030154, -0.42007, -0.90699, -1.2e-05, 0.0, 0.0, 0.0, 1.0],
                [0.995512, -0.069071, 0.064694, -0.125006, -0.089704, -0.90652, 0.412521, -0.002831, 0.030154, -0.416473, -0.908648, -1.2e-05, 0.0, 0.0, 0.0, 1.0],
                [0.995512, -0.069803, 0.063904, -0.125006, -0.089704, -0.911156, 0.402178, -0.002831, 0.030154, -0.406105, -0.913329, -1.2e-05, 0.0, 0.0, 0.0, 1.0],
                [0.995512, -0.070945, 0.062633, -0.125006, -0.089704, -0.918268, 0.385663, -0.002831, 0.030154, -0.389551, -0.920511, -1.2e-05, 0.0, 0.0, 0.0, 1.0],
                [0.995512, -0.072427, 0.060914, -0.125006, -0.089704, -0.927254, 0.363528, -0.002831, 0.030154, -0.367361, -0.92959, -1.2e-05, 0.0, 0.0, 0.0, 1.0],
                [0.995512, -0.074173, 0.058775, -0.125006, -0.089704, -0.937466, 0.336319, -0.002831, 0.030154, -0.340082, -0.939912, -1.2e-05, 0.0, 0.0, 0.0, 1.0],
                [0.995512, -0.076107, 0.056248, -0.125006, -0.089704, -0.948242, 0.304613, -0.002831, 0.030154, -0.308291, -0.950814, -1.2e-05, 0.0, 0.0, 0.0, 1.0],
                [0.995512, -0.078152, 0.053371, -0.125006, -0.089704, -0.958942, 0.26904, -0.002831, 0.030154, -0.272621, -0.961649, -1.2e-05, 0.0, 0.0, 0.0, 1.0],
                [0.995512, -0.080233, 0.050188, -0.125006, -0.089704, -0.968977, 0.230297, -0.002831, 0.030154, -0.233766, -0.971825, -1.2e-05, 0.0, 0.0, 0.0, 1.0],
                [0.995512, -0.082282, 0.046753, -0.125006, -0.089704, -0.977842, 0.189149, -0.002831, 0.030154, -0.192494, -0.980835, -1.2e-05, 0.0, 0.0, 0.0, 1.0],
                [0.995512, -0.084238, 0.043129, -0.125006, -0.089704, -0.985146, 0.146427, -0.002831, 0.030154, -0.149638, -0.988281, -1.2e-05, 0.0, 0.0, 0.0, 1.0],
                [0.995512, -0.086051, 0.039387, -0.125006, -0.089704, -0.990627, 0.103011, -0.002831, 0.030154, -0.106082, -0.9939, -1.2e-05, 0.0, 0.0, 0.0, 1.0],
                [0.995512, -0.087683, 0.035606, -0.125006, -0.089704, -0.99417, 0.059814, -0.002831, 0.030154, -0.06274, -0.997574, -1.2e-05, 0.0, 0.0, 0.0, 1.0],
                [0.995512, -0.089109, 0.031869, -0.125006, -0.089704, -0.99581, 0.017754, -0.002831, 0.030154, -0.020533, -0.999334, -1.2e-05, 0.0, 0.0, 0.0, 1.0],
                [0.995512, -0.090318, 0.028263, -0.125006, -0.089704, -0.995719, -0.022268, -0.002831, 0.030154, 0.019633, -0.999352, -1.2e-05, 0.0, 0.0, 0.0, 1.0],
                [0.995512, -0.091309, 0.024876, -0.125006, -0.089704, -0.994196, -0.059383, -0.002831, 0.030154, 0.056885, -0.997925, -1.2e-05, 0.0, 0.0, 0.0, 1.0],
                [0.995512, -0.092094, 0.021792, -0.125006, -0.089704, -0.991638, -0.092773, -0.002831, 0.030154, 0.090401, -0.995449, -1.2e-05, 0.0, 0.0, 0.0, 1.0],
                [0.995512, -0.09269, 0.019096, -0.125006, -0.089704, -0.988509, -0.121666, -0.002831, 0.030154, 0.119407, -0.992387, -1.2e-05, 0.0, 0.0, 0.0, 1.0],
                [0.995512, -0.093122, 0.016867, -0.125006, -0.089704, -0.985306, -0.145341, -0.002831, 0.030154, 0.143175, -0.989238, -1.2e-05, 0.0, 0.0, 0.0, 1.0],
                [0.995512, -0.093411, 0.015183, -0.125006, -0.089704, -0.982522, -0.163104, -0.002831, 0.030154, 0.16101, -0.986492, -1.2e-05, 0.0, 0.0, 0.0, 1.0],
                [0.995512, -0.093578, 0.014119, -0.125006, -0.089704, -0.980602, -0.174275, -0.002831, 0.030154, 0.172226, -0.984596, -1.2e-05, 0.0, 0.0, 0.0, 1.0],
                [0.995512, -0.093633, 0.013748, -0.125006, -0.089704, -0.979904, -0.17816, -0.002831, 0.030154, 0.176127, -0.983906, -1.2e-05, 0.0, 0.0, 0.0, 1.0],
                [0.995512, -0.093525, 0.014466, -0.125006, -0.089704, -0.981241, -0.170642, -0.002831, 0.030154, 0.168578, -0.985227, -1.2e-05, 0.0, 0.0, 0.0, 1.0],
                [0.995512, -0.09319, 0.016484, -0.125006, -0.089704, -0.984701, -0.149388, -0.002831, 0.030154, 0.147239, -0.988641, -1.2e-05, 0.0, 0.0, 0.0, 1.0],
                [0.995512, -0.092585, 0.0196, -0.125006, -0.089704, -0.989157, -0.116282, -0.002831, 0.030154, 0.114002, -0.993023, -1.2e-05, 0.0, 0.0, 0.0, 1.0],
                [0.995512, -0.091647, 0.023601, -0.125006, -0.089704, -0.993272, -0.07323, -0.002831, 0.030154, 0.070785, -0.997036, -1.2e-05, 0.0, 0.0, 0.0, 1.0],
                [0.995512, -0.090318, 0.028263, -0.125006, -0.089704, -0.995719, -0.022268, -0.002831, 0.030154, 0.019633, -0.999352, -1.2e-05, 0.0, 0.0, 0.0, 1.0],
                [0.995512, -0.088565, 0.033353, -0.125006, -0.089704, -0.995375, 0.034383, -0.002831, 0.030154, -0.037221, -0.998852, -1.2e-05, 0.0, 0.0, 0.0, 1.0],
                [0.995512, -0.086393, 0.038631, -0.125006, -0.089704, -0.991491, 0.094325, -0.002831, 0.030154, -0.097367, -0.994792, -1.2e-05, 0.0, 0.0, 0.0, 1.0],
                [0.995512, -0.083857, 0.043865, -0.125006, -0.089704, -0.983824, 0.155055, -0.002831, 0.030154, -0.158294, -0.986931, -1.2e-05, 0.0, 0.0, 0.0, 1.0],
                [0.995512, -0.08106, 0.048841, -0.125006, -0.089704, -0.972688, 0.214081, -0.002831, 0.030154, -0.217502, -0.975594, -1.2e-05, 0.0, 0.0, 0.0, 1.0],
                [0.995512, -0.078152, 0.053371, -0.125006, -0.089704, -0.958942, 0.269041, -0.002831, 0.030154, -0.272621, -0.961649, -1.2e-05, 0.0, 0.0, 0.0, 1.0],
                [0.995512, -0.075316, 0.057303, -0.125006, -0.089704, -0.943906, 0.317796, -0.002831, 0.030154, -0.32151, -0.946426, -1.2e-05, 0.0, 0.0, 0.0, 1.0],
                [0.995512, -0.072757, 0.060519, -0.125006, -0.089704, -0.929219, 0.358474, -0.002831, 0.030154, -0.362294, -0.931576, -1.2e-05, 0.0, 0.0, 0.0, 1.0],
                [0.995512, -0.070687, 0.062924, -0.125006, -0.089704, -0.916676, 0.389433, -0.002831, 0.030154, -0.39333, -0.918903, -1.2e-05, 0.0, 0.0, 0.0, 1.0],
                [0.995512, -0.06931, 0.064438, -0.125006, -0.089704, -0.908042, 0.40916, -0.002831, 0.030154, -0.413104, -0.910184, -1.2e-05, 0.0, 0.0, 0.0, 1.0],
                [0.995512, -0.068814, 0.064967, -0.125006, -0.089704, -0.904878, 0.41611, -0.002831, 0.030154, -0.420071, -0.90699, -1.2e-05, 0.0, 0.0, 0.0, 1.0],
                [0.995512, -0.068814, 0.064967, -0.125006, -0.089704, -0.904878, 0.41611, -0.002831, 0.030154, -0.420071, -0.90699, -1.2e-05, 0.0, 0.0, 0.0, 1.0]
            ]
        },
        {
            "name": "Leg_L",
            "time": [0.0, 0.0167, 0.0333, 0.05, 0.0667, 0.0833, 0.1, 0.1167, 0.1333, 0.15, 0.1667, 0.1833, 0.2, 0.2167, 0.2333, 0.25, 0.2667, 0.2833, 0.3, 0.3167, 0.3333, 0.35, 0.3667, 0.3833, 0.4, 0.4167, 0.4333, 0.45, 0.4667, 0.4833, 0.5, 0.5167, 0.5333, 0.55, 0.5667, 0.5833, 0.6, 1.05],
            "transform": [
                [1.0, 0.0, 1e-06, 0.0, -0.0, 0.939692, 0.342021, 0.37472, -1e-06, -0.342021, 0.939693, 0.0, 0.0, 0.0, 0.0, 1.0],
                [1.0, 0.0, 1e-06, -0.0, -0.0, 0.939692, 0.342021, 0.37472, -1e-06, -0.342021, 0.939692, -0.0, 0.0, 0.0, 0.0, 1.0],
                [1.0, 0.0, 1e-06, -0.0, -0.0, 0.939692, 0.342021, 0.37472, -1e-06, -0.34202, 0.939692, 0.0, 0.0, 0.0, 0.0, 1.0],
                [1.0, 0.0, 1e-06, 0.0, -0.0, 0.939693, 0.342021, 0.37472, -1e-06, -0.342021, 0.939693, -0.0, 0.0, 0.0, 0.0, 1.0],
                [1.0, 0.0, 1e-06, 0.0, -0.0, 0.939692, 0.342021, 0.37472, -1e-06, -0.342021, 0.939693, 0.0, 0.0, 0.0, 0.0, 1.0],
                [1.0, 0.0, 1e-06, 0.0, -0.0, 0.939693, 0.342021, 0.37472, -1e-06, -0.342021, 0.939693, 0.0, 0.0, 0.0, 0.0, 1.0],
                [1.0, 0.0, 1e-06, -0.0, -0.0, 0.939693, 0.342021, 0.37472, -1e-06, -0.342021, 0.939693, -0.0, 0.0, 0.0, 0.0, 1.0],
                [1.0, 0.0, 1e-06, 0.0, -0.0, 0.939693, 0.342021, 0.37472, -1e-06, -0.342021, 0.939692, -0.0, 0.0, 0.0, 0.0, 1.0],
                [1.0, 0.0, 1e-06, -0.0, -0.0, 0.939693, 0.342021, 0.37472, -1e-06, -0.342021, 0.939693, -0.0, 0.0, 0.0, 0.0, 1.0],
                [1.0, 0.0, 1e-06, 0.0, -0.0, 0.939692, 0.342021, 0.37472, -1e-06, -0.342021, 0.939692, 0.0, 0.0, 0.0, 0.0, 1.0],
                [1.0, 0.0, 1e-06, 0.0, -0.0, 0.939692, 0.342021, 0.37472, -1e-06, -0.342021, 0.939692, -0.0, 0.0, 0.0, 0.0, 1.0],
                [1.0, 0.0, 1e-06, 0.0, -0.0, 0.939693, 0.342021, 0.37472, -1e-06, -0.342021, 0.939693, 0.0, 0.0, 0.0, 0.0, 1.0],
                [1.0, 0.0, 1e-06, 0.0, -0.0, 0.939693, 0.342021, 0.37472, -1e-06, -0.342021, 0.939693, 0.0, 0.0, 0.0, 0.0, 1.0],
                [1.0, 0.0, 1e-06, 0.0, -0.0, 0.939692, 0.342021, 0.37472, -1e-06, -0.342021, 0.939693, -0.0, 0.0, 0.0, 0.0, 1.0],
                [1.0, 0.0, 1e-06, 0.0, -0.0, 0.939692, 0.342021, 0.37472, -1e-06, -0.342021, 0.939692, -0.0, 0.0, 0.0, 0.0, 1.0],
                [1.0, 0.0, 1e-06, -0.0, -0.0, 0.939693, 0.342021, 0.37472, -1e-06, -0.342021, 0.939692, 0.0, 0.0, 0.0, 0.0, 1.0],
                [1.0, 0.0, 1e-06, 0.0, -0.0, 0.939693, 0.342021, 0.37472, -1e-06, -0.342021, 0.939693, -0.0, 0.0, 0.0, 0.0, 1.0],
                [1.0, 0.0, 1e-06, -0.0, -0.0, 0.939693, 0.342021, 0.37472, -1e-06, -0.342021, 0.939692, -0.0, 0.0, 0.0, 0.0, 1.0],
                [1.0, 0.0, 1e-06, 0.0, -0.0, 0.939693, 0.342021, 0.37472, -1e-06, -0.342021, 0.939692, 0.0, 0.0, 0.0, 0.0, 1.0],
                [1.0, 0.0, 1e-06, -0.0, -0.0, 0.939693, 0.342021, 0.37472, -1e-06, -0.342021, 0.939693, 0.0, 0.0, 0.0, 0.0, 1.0],
                [1.0, 0.0, 1e-06, 0.0, -0.0, 0.939692, 0.342021, 0.37472, -1e-06, -0.342021, 0.939693, 0.0, 0.0, 0.0, 0.0, 1.0],
                [1.0, 0.0, 1e-06, 0.0, -0.0, 0.939693, 0.342021, 0.37472, -1e-06, -0.342021, 0.939693, 0.0, 0.0, 0.0, 0.0, 1.0],
                [1.0, 0.0, 1e-06, -0.0, -0.0, 0.939693, 0.342021, 0.37472, -1e-06, -0.342021, 0.939693, 0.0, 0.0, 0.0, 0.0, 1.0],
                [1.0, 0.0, 1e-06, 0.0, -0.0, 0.939692, 0.342021, 0.37472, -1e-06, -0.342021, 0.939693, 0.0, 0.0, 0.0, 0.0, 1.0],
                [1.0, 0.0, 1e-06, 0.0, -0.0, 0.939692, 0.342021, 0.37472, -1e-06, -0.342021, 0.939692, 0.0, 0.0, 0.0, 0.0, 1.0],
                [1.0, 0.0, 1e-06, 0.0, -0.0, 0.939693, 0.342021, 0.37472, -1e-06, -0.342021, 0.939692, -0.0, 0.0, 0.0, 0.0, 1.0],
                [1.0, 0.0, 1e-06, -0.0, -0.0, 0.939693, 0.342021, 0.37472, -1e-06, -0.342021, 0.939692, 0.0, 0.0, 0.0, 0.0, 1.0],
                [1.0, 0.0, 1e-06, 0.0, -0.0, 0.939692, 0.342021, 0.37472, -1e-06, -0.342021, 0.939693, -0.0, 0.0, 0.0, 0.0, 1.0],
                [1.0, 0.0, 1e-06, 0.0, -0.0, 0.939693, 0.342021, 0.37472, -1e-06, -0.342021, 0.939693, 0.0, 0.0, 0.0, 0.0, 1.0],
                [1.0, 0.0, 1e-06, 0.0, -0.0, 0.939692, 0.342021, 0.37472, -1e-06, -0.342021, 0.939693, -0.0, 0.0, 0.0, 0.0, 1.0],
                [1.0, 0.0, 1e-06, -0.0, -0.0, 0.939693, 0.342021, 0.37472, -1e-06, -0.342021, 0.939693, 0.0, 0.0, 0.0, 0.0, 1.0],
                [1.0, 0.0, 1e-06, 0.0, -0.0, 0.939693, 0.342021, 0.37472, -1e-06, -0.342021, 0.939692, -0.0, 0.0, 0.0, 0.0, 1.0],
                [1.0, 0.0, 1e-06, -0.0, -0.0, 0.939692, 0.342021, 0.37472, -1e-06, -0.342021, 0.939693, -0.0, 0.0, 0.0, 0.0, 1.0],
                [1.0, 0.0, 1e-06, -0.0, -0.0, 0.939692, 0.342021, 0.37472, -1e-06, -0.342021, 0.939693, 0.0, 0.0, 0.0, 0.0, 1.0],
