{
    "armature": {
        "joints": ["Root", "Thigh_R", "Leg_R", "Knee_R", "Thigh_L", "Leg_L", "Knee_L", "Torso", "Chest", "Head", "Shoulder_R", "Arm_R", "Hand_R", "Tool_R", "Elbow_R", "Shoulder_L", "Arm_L", "Hand_L", "Tool_L", "Elbow_L"],
        "hierarchy": [
            {
                "name": "Root",
                "transform": [1.0, 0.0, 0.0, -5e-06, 0.0, 0.0, -1.0, 0.000946, 0.0, 1.0, 0.0, 0.763972, 0.0, 0.0, 0.0, 1.0],
                "children": [
                    {
                        "name": "Thigh_R",
                        "transform": [1.0, -0.0, -0.0, 0.124994, -0.0, -1.0, 0.0, -0.002831, -0.0, -0.0, -1.0, -1.2e-05, 0.0, 0.0, 0.0, 1.0],
                        "children": [
                            {
                                "name": "Leg_R",
                                "transform": [1.0, 0.0, 1e-06, 0.0, -0.0, 1.0, 0.0, 0.37472, -1e-06, -0.0, 1.0, -0.0, 0.0, 0.0, 0.0, 1.0],
                                "children": []
                            },
                            {
                                "name": "Knee_R",
                                "transform": [1.0, 0.0, -0.0, 0.0, -0.0, 0.0, -1.0, 0.37472, -0.0, 1.0, 0.0, -0.0, 0.0, 0.0, 0.0, 1.0],
                                "children": []
                            }
                        ]
                    },
                    {
                        "name": "Thigh_L",
                        "transform": [1.0, -0.0, -0.0, -0.125006, -0.0, -1.0, 0.0, -0.002831, -0.0, -0.0, -1.0, -1.2e-05, 0.0, 0.0, 0.0, 1.0],
                        "children": [
                            {
                                "name": "Leg_L",
                                "transform": [1.0, 0.0, 1e-06, -0.0, -0.0, 1.0, 0.0, 0.37472, -1e-06, -0.0, 1.0, 0.0, 0.0, 0.0, 0.0, 1.0],
                                "children": []
                            },
                            {
                                "name": "Knee_L",
                                "transform": [1.0, 0.0, -0.0, -0.0, -0.0, 0.0, -1.0, 0.37472, -0.0, 1.0, 0.0, 0.0, 0.0, 0.0, 0.0, 1.0],
                                "children": []
                            }
                        ]
                    },
                    {
                        "name": "Torso",
                        "transform": [1.0, 0.0, 0.0, 0.0, 0.0, 1.0, 0.0, 0.05, 0.0, 0.0, 1.0, 0.0, 0.0, 0.0, 0.0, 1.0],
                        "children": [
                            {
                                "name": "Chest",
                                "transform": [1.0, 0.0, 0.0, 0.0, 0.0, 1.0, 0.0, 0.3, 0.0, 0.0, 1.0, 0.0, 0.0, 0.0, 0.0, 1.0],
                                "children": [
                                    {
                                        "name": "Head",
                                        "transform": [1.0, 0.0, 0.0, 0.0, 0.0, 1.0, 0.0, 0.4, 0.0, 0.0, 1.0, 0.0, 0.0, 0.0, 0.0, 1.0],
                                        "children": []
                                    },
                                    {
                                        "name": "Shoulder_R",
                                        "transform": [0.0, 0.952114, 0.305743, 0.0, 0.0, -0.305743, 0.952114, 0.4, 1.0, 0.0, -0.0, 0.0, 0.0, 0.0, 0.0, 1.0],
                                        "children": [
                                            {
                                                "name": "Arm_R",
                                                "transform": [0.0, -0.0, -1.0, -0.0, 0.952114, 0.305743, 0.0, 0.39386, 0.305743, -0.952114, 0.0, 0.0, 0.0, 0.0, 0.0, 1.0],
                                                "children": [
                                                    {
                                                        "name": "Hand_R",
                                                        "transform": [1.0, 0.0, 0.0, 0.0, -0.0, 0.993938, 0.109947, 0.3, -0.0, -0.109947, 0.993937, 0.0, 0.0, 0.0, 0.0, 1.0],
                                                        "children": [
                                                            {
                                                                "name": "Tool_R",
                                                                "transform": [1.0, 0.0, 0.0, -0.0, 0.0, -0.999836, 0.018122, 0.272858, 0.0, -0.018122, -0.999836, 0.0, 0.0, 0.0, 0.0, 1.0],
                                                                "children": []
                                                            }
                                                        ]
                                                    },
                                                    {
                                                        "name": "Elbow_R",
                                                        "transform": [-1.0, 0.0, -0.0, 0.0, 0.0, 0.0, -1.0, 0.3, -0.0, -1.0, -0.0, 0.0, 0.0, 0.0, 0.0, 1.0],
                                                        "children": []
                                                    }
                                                ]
                                            }
                                        ]
                                    },
                                    {
                                        "name": "Shoulder_L",
                                        "transform": [-0.0, -0.952114, -0.305743, 0.0, 0.0, -0.305743, 0.952114, 0.4, -1.0, 0.0, 0.0, 0.0, 0.0, 0.0, 0.0, 1.0],
                                        "children": [
                                            {
                                                "name": "Arm_L",
                                                "transform": [-0.0, -0.0, 1.0, -0.0, -0.952114, 0.305743, -0.0, 0.39386, -0.305743, -0.952114, -0.0, 0.0, 0.0, 0.0, 0.0, 1.0],
                                                "children": [
                                                    {
                                                        "name": "Hand_L",
                                                        "transform": [1.0, -0.0, 0.0, -0.0, 0.0, 0.993937, 0.109947, 0.3, -0.0, -0.109947, 0.993937, 0.0, 0.0, 0.0, 0.0, 1.0],
                                                        "children": [
                                                            {
                                                                "name": "Tool_L",
                                                                "transform": [1.0, 0.0, 0.0, -0.0, -0.0, -0.999836, 0.018122, 0.272858, 0.0, -0.018122, -0.999836, -0.0, 0.0, 0.0, 0.0, 1.0],
                                                                "children": []
                                                            }
                                                        ]
                                                    },
                                                    {
                                                        "name": "Elbow_L",
                                                        "transform": [-1.0, 0.0, -0.0, -0.0, 0.0, -0.0, -1.0, 0.3, -0.0, -1.0, 0.0, 0.0, 0.0, 0.0, 0.0, 1.0],
                                                        "children": []
                                                    }
                                                ]
                                            }
                                        ]
                                    }
                                ]
                            }
                        ]
                    }
                ]
            }
        ]
    },
    "animation": [
        {
            "name": "Root",
            "time": [0.0, 0.0167, 0.0333, 0.05, 0.0667, 0.0833, 0.1, 0.1167, 0.1333, 0.15, 0.1667, 0.1833, 0.2, 0.2167, 0.2333, 0.25, 0.2667, 0.2833, 0.3, 0.3167, 0.3333, 0.35, 0.3667, 0.3833, 0.4, 0.4167, 0.4333, 0.45, 0.4667, 0.4833, 0.5, 0.5167, 0.5333, 0.55, 0.5667, 0.5833, 0.6, 0.6167, 0.6333, 0.65, 0.6667, 0.6833, 0.7, 0.7167, 0.7333, 0.75, 0.7667, 0.7833, 0.8, 0.8167, 0.8333, 0.85, 0.8667, 0.8833, 0.9, 0.9167, 0.9333, 0.95, 0.9667, 0.9833, 1.0, 1.0167, 1.0333, 1.05, 1.0667, 1.0833, 1.1, 1.1167, 1.1333, 1.15, 1.1667, 1.1833, 1.2, 1.2167, 1.2333, 1.25, 1.2667, 1.2833, 1.3, 1.3167, 1.3333, 1.35, 1.3667, 1.3833, 1.4],
            "transform": [
                [1.0, 0.0, 0.0, -5e-06, 0.0, 0.0, -1.0, 0.000946, 0.0, 1.0, 0.0, 0.763972, 0.0, 0.0, 0.0, 1.0],
                [1.0, 0.0, 0.0, -5e-06, 0.0, 0.0, -1.0, -0.012182, 0.0, 1.0, 0.0, 0.763972, 0.0, 0.0, 0.0, 1.0],
                [1.0, 0.0, 0.0, -5e-06, 0.0, 0.0, -1.0, -0.04604, 0.0, 1.0, 0.0, 0.763972, 0.0, 0.0, 0.0, 1.0],
                [1.0, 0.0, 0.0, -5e-06, 0.0, 0.0, -1.0, -0.092335, 0.0, 1.0, 0.0, 0.763972, 0.0, 0.0, 0.0, 1.0],
                [1.0, 0.0, 0.0, -5e-06, 0.0, 0.0, -1.0, -0.142776, 0.0, 1.0, 0.0, 0.763972, 0.0, 0.0, 0.0, 1.0],
                [1.0, 0.0, 0.0, -5e-06, 0.0, 0.0, -1.0, -0.189071, 0.0, 1.0, 0.0, 0.763972, 0.0, 0.0, 0.0, 1.0],
                [1.0, 0.0, 0.0, -5e-06, 0.0, 0.0, -1.0, -0.222929, 0.0, 1.0, 0.0, 0.763972, 0.0, 0.0, 0.0, 1.0],
                [1.0, 0.0, 0.0, -5e-06, 0.0, 0.0, -1.0, -0.236058, 0.0, 1.0, 0.0, 0.763972, 0.0, 0.0, 0.0, 1.0],
                [1.0, 0.0, 0.0, -5e-06, 0.0, 0.0, -1.0, -0.236058, 0.0, 1.0, 0.0, 0.763972, 0.0, 0.0, 0.0, 1.0],
                [1.0, 0.0, 0.0, -5e-06, 0.0, 0.0, -1.0, -0.236058, 0.0, 1.0, 0.0, 0.763972, 0.0, 0.0, 0.0, 1.0],
                [1.0, 0.0, 0.0, -5e-06, 0.0, 0.0, -1.0, -0.236058, 0.0, 1.0, 0.0, 0.763972, 0.0, 0.0, 0.0, 1.0],
                [1.0, 0.0, 0.0, -5e-06, 0.0, 0.0, -1.0, -0.236058, 0.0, 1.0, 0.0, 0.763972, 0.0, 0.0, 0.0, 1.0],
                [1.0, 0.0, 0.0, -5e-06, 0.0, 0.0, -1.0, -0.236058, 0.0, 1.0, 0.0, 0.763972, 0.0, 0.0, 0.0, 1.0],
                [1.0, 0.0, 0.0, -5e-06, 0.0, 0.0, -1.0, -0.235506, 0.0, 1.0, 0.0, 0.763972, 0.0, 0.0, 0.0, 1.0],
                [1.0, 0.0, 0.0, -5e-06, 0.0, 0.0, -1.0, -0.231647, 0.0, 1.0, 0.0, 0.763972, 0.0, 0.0, 0.0, 1.0],
                [1.0, 0.0, 0.0, -5e-06, 0.0, 0.0, -1.0, -0.22117, 0.0, 1.0, 0.0, 0.763972, 0.0, 0.0, 0.0, 1.0],
                [1.0, 0.0, 0.0, -5e-06, 0.0, 0.0, -1.0, -0.20077, 0.0, 1.0, 0.0, 0.763972, 0.0, 0.0, 0.0, 1.0],
                [1.0, 0.0, 0.0, -5e-06, 0.0, 0.0, -1.0, -0.167136, 0.0, 1.0, 0.0, 0.763972, 0.0, 0.0, 0.0, 1.0],
                [1.0, 0.0, 0.0, -5e-06, 0.0, 0.0, -1.0, -0.094377, 0.0, 1.0, 0.0, 0.763972, 0.0, 0.0, 0.0, 1.0],
                [1.0, 0.0, 0.0, -5e-06, 0.0, 0.0, -1.0, 0.029336, 0.0, 1.0, 0.0, 0.763972, 0.0, 0.0, 0.0, 1.0],
                [1.0, 0.0, 0.0, -5e-06, 0.0, 0.0, -1.0, 0.186214, 0.0, 1.0, 0.0, 0.763972, 0.0, 0.0, 0.0, 1.0],
                [1.0, 0.0, 0.0, -5e-06, 0.0, 0.0, -1.0, 0.35847, 0.0, 1.0, 0.0, 0.763972, 0.0, 0.0, 0.0, 1.0],
                [1.0, 0.0, 0.0, -5e-06, 0.0, 0.0, -1.0, 0.528316, 0.0, 1.0, 0.0, 0.763972, 0.0, 0.0, 0.0, 1.0],
                [1.0, 0.0, 0.0, -5e-06, 0.0, 0.0, -1.0, 0.677966, 0.0, 1.0, 0.0, 0.763972, 0.0, 0.0, 0.0, 1.0],
                [1.0, 0.0, 0.0, -5e-06, 0.0, 0.0, -1.0, 0.789631, 0.0, 1.0, 0.0, 0.763972, 0.0, 0.0, 0.0, 1.0],
                [1.0, 0.0, 0.0, -5e-06, 0.0, 0.0, -1.0, 0.845523, 0.0, 1.0, 0.0, 0.763972, 0.0, 0.0, 0.0, 1.0],
                [1.0, 0.0, 0.0, -5e-06, 0.0, 0.0, -1.0, 0.867039, 0.0, 1.0, 0.0, 0.763972, 0.0, 0.0, 0.0, 1.0],
                [1.0, 0.0, 0.0, -5e-06, 0.0, 0.0, -1.0, 0.887452, 0.0, 1.0, 0.0, 0.763972, 0.0, 0.0, 0.0, 1.0],
                [1.0, 0.0, 0.0, -5e-06, 0.0, 0.0, -1.0, 0.906791, 0.0, 1.0, 0.0, 0.763972, 0.0, 0.0, 0.0, 1.0],
                [1.0, 0.0, 0.0, -5e-06, 0.0, 0.0, -1.0, 0.925085, 0.0, 1.0, 0.0, 0.763972, 0.0, 0.0, 0.0, 1.0],
                [1.0, 0.0, 0.0, -5e-06, 0.0, 0.0, -1.0, 0.942362, 0.0, 1.0, 0.0, 0.763972, 0.0, 0.0, 0.0, 1.0],
                [1.0, 0.0, 0.0, -5e-06, 0.0, 0.0, -1.0, 0.958653, 0.0, 1.0, 0.0, 0.763972, 0.0, 0.0, 0.0, 1.0],
                [1.0, 0.0, 0.0, -5e-06, 0.0, 0.0, -1.0, 0.973985, 0.0, 1.0, 0.0, 0.763972, 0.0, 0.0, 0.0, 1.0],
                [1.0, 0.0, 0.0, -5e-06, 0.0, 0.0, -1.0, 0.988389, 0.0, 1.0, 0.0, 0.763972, 0.0, 0.0, 0.0, 1.0],
                [1.0, 0.0, 0.0, -5e-06, 0.0, 0.0, -1.0, 1.001893, 0.0, 1.0, 0.0, 0.763972, 0.0, 0.0, 0.0, 1.0],
                [1.0, 0.0, 0.0, -5e-06, 0.0, 0.0, -1.0, 1.014526, 0.0, 1.0, 0.0, 0.763972, 0.0, 0.0, 0.0, 1.0],
                [1.0, 0.0, 0.0, -5e-06, 0.0, 0.0, -1.0, 1.026317, 0.0, 1.0, 0.0, 0.763972, 0.0, 0.0, 0.0, 1.0],
                [1.0, 0.0, 0.0, -5e-06, 0.0, 0.0, -1.0, 1.037295, 0.0, 1.0, 0.0, 0.763972, 0.0, 0.0, 0.0, 1.0],
                [1.0, 0.0, 0.0, -5e-06, 0.0, 0.0, -1.0, 1.047489, 0.0, 1.0, 0.0, 0.763972, 0.0, 0.0, 0.0, 1.0],
                [1.0, 0.0, 0.0, -5e-06, 0.0, 0.0, -1.0, 1.056929, 0.0, 1.0, 0.0, 0.763972, 0.0, 0.0, 0.0, 1.0],
                [1.0, 0.0, 0.0, -5e-06, 0.0, 0.0, -1.0, 1.065642, 0.0, 1.0, 0.0, 0.763972, 0.0, 0.0, 0.0, 1.0],
                [1.0, 0.0, 0.0, -5e-06, 0.0, 0.0, -1.0, 1.07366, 0.0, 1.0, 0.0, 0.763972, 0.0, 0.0, 0.0, 1.0],
                [1.0, 0.0, 0.0, -5e-06, 0.0, 0.0, -1.0, 1.081009, 0.0, 1.0, 0.0, 0.763972, 0.0, 0.0, 0.0, 1.0],
                [1.0, 0.0, 0.0, -5e-06, 0.0, 0.0, -1.0, 1.08772, 0.0, 1.0, 0.0, 0.763972, 0.0, 0.0, 0.0, 1.0],
                [1.0, 0.0, 0.0, -5e-06, 0.0, 0.0, -1.0, 1.093821, 0.0, 1.0, 0.0, 0.763972, 0.0, 0.0, 0.0, 1.0],
                [1.0, 0.0, 0.0, -5e-06, 0.0, 0.0, -1.0, 1.099342, 0.0, 1.0, 0.0, 0.763972, 0.0, 0.0, 0.0, 1.0],
                [1.0, 0.0, 0.0, -5e-06, 0.0, 0.0, -1.0, 1.10431, 0.0, 1.0, 0.0, 0.763972, 0.0, 0.0, 0.0, 1.0],
                [1.0, 0.0, 0.0, -5e-06, 0.0, 0.0, -1.0, 1.108757, 0.0, 1.0, 0.0, 0.763972, 0.0, 0.0, 0.0, 1.0],
                [1.0, 0.0, 0.0, -5e-06, 0.0, 0.0, -1.0, 1.11271, 0.0, 1.0, 0.0, 0.763972, 0.0, 0.0, 0.0, 1.0],
                [1.0, 0.0, 0.0, -5e-06, 0.0, 0.0, -1.0, 1.116198, 0.0, 1.0, 0.0, 0.763972, 0.0, 0.0, 0.0, 1.0],
                [1.0, 0.0, 0.0, -5e-06, 0.0, 0.0, -1.0, 1.119251, 0.0, 1.0, 0.0, 0.763972, 0.0, 0.0, 0.0, 1.0],
                [1.0, 0.0, 0.0, -5e-06, 0.0, 0.0, -1.0, 1.121898, 0.0, 1.0, 0.0, 0.763972, 0.0, 0.0, 0.0, 1.0],
                [1.0, 0.0, 0.0, -5e-06, 0.0, 0.0, -1.0, 1.124167, 0.0, 1.0, 0.0, 0.763972, 0.0, 0.0, 0.0, 1.0],
                [1.0, 0.0, 0.0, -5e-06, 0.0, 0.0, -1.0, 1.126088, 0.0, 1.0, 0.0, 0.763972, 0.0, 0.0, 0.0, 1.0],
                [1.0, 0.0, 0.0, -5e-06, 0.0, 0.0, -1.0, 1.127689, 0.0, 1.0, 0.0, 0.763972, 0.0, 0.0, 0.0, 1.0],
                [1.0, 0.0, 0.0, -5e-06, 0.0, 0.0, -1.0, 1.129, 0.0, 1.0, 0.0, 0.763972, 0.0, 0.0, 0.0, 1.0],
                [1.0, 0.0, 0.0, -5e-06, 0.0, 0.0, -1.0, 1.13005, 0.0, 1.0, 0.0, 0.763972, 0.0, 0.0, 0.0, 1.0],
                [1.0, 0.0, 0.0, -5e-06, 0.0, 0.0, -1.0, 1.130868, 0.0, 1.0, 0.0, 0.763972, 0.0, 0.0, 0.0, 1.0],
                [1.0, 0.0, 0.0, -5e-06, 0.0, 0.0, -1.0, 1.131482, 0.0, 1.0, 0.0, 0.763972, 0.0, 0.0, 0.0, 1.0],
                [1.0, 0.0, 0.0, -5e-06, 0.0, 0.0, -1.0, 1.131923, 0.0, 1.0, 0.0, 0.763972, 0.0, 0.0, 0.0, 1.0],
                [1.0, 0.0, 0.0, -5e-06, 0.0, 0.0, -1.0, 1.132218, 0.0, 1.0, 0.0, 0.763972, 0.0, 0.0, 0.0, 1.0],
                [1.0, 0.0, 0.0, -5e-06, 0.0, 0.0, -1.0, 1.132397, 0.0, 1.0, 0.0, 0.763972, 0.0, 0.0, 0.0, 1.0],
                [1.0, 0.0, 0.0, -5e-06, 0.0, 0.0, -1.0, 1.132489, 0.0, 1.0, 0.0, 0.763972, 0.0, 0.0, 0.0, 1.0],
                [1.0, 0.0, 0.0, -5e-06, 0.0, 0.0, -1.0, 1.132523, 0.0, 1.0, 0.0, 0.763972, 0.0, 0.0, 0.0, 1.0],
                [1.0, 0.0, 0.0, -5e-06, 0.0, 0.0, -1.0, 1.132527, 0.0, 1.0, 0.0, 0.763972, 0.0, 0.0, 0.0, 1.0],
                [1.0, 0.0, 0.0, -5e-06, 0.0, 0.0, -1.0, 1.128306, 0.0, 1.0, 0.0, 0.763972, 0.0, 0.0, 0.0, 1.0],
                [1.0, 0.0, 0.0, -5e-06, 0.0, 0.0, -1.0, 1.116224, 0.0, 1.0, 0.0, 0.763972, 0.0, 0.0, 0.0, 1.0],
                [1.0, 0.0, 0.0, -5e-06, 0.0, 0.0, -1.0, 1.097155, 0.0, 1.0, 0.0, 0.763972, 0.0, 0.0, 0.0, 1.0],
                [1.0, 0.0, 0.0, -5e-06, 0.0, 0.0, -1.0, 1.071973, 0.0, 1.0, 0.0, 0.763972, 0.0, 0.0, 0.0, 1.0],
                [1.0, 0.0, 0.0, -5e-06, 0.0, 0.0, -1.0, 1.04155, 0.0, 1.0, 0.0, 0.763972, 0.0, 0.0, 0.0, 1.0],
                [1.0, 0.0, 0.0, -5e-06, 0.0, 0.0, -1.0, 1.00676, 0.0, 1.0, 0.0, 0.763972, 0.0, 0.0, 0.0, 1.0],
                [1.0, 0.0, 0.0, -5e-06, 0.0, 0.0, -1.0, 0.968477, 0.0, 1.0, 0.0, 0.763972, 0.0, 0.0, 0.0, 1.0],
                [1.0, 0.0, 0.0, -5e-06, 0.0, 0.0, -1.0, 0.927573, 0.0, 1.0, 0.0, 0.763972, 0.0, 0.0, 0.0, 1.0],
                [1.0, 0.0, 0.0, -5e-06, 0.0, 0.0, -1.0, 0.884923, 0.0, 1.0, 0.0, 0.763972, 0.0, 0.0, 0.0, 1.0],
                [1.0, 0.0, 0.0, -5e-06, 0.0, 0.0, -1.0, 0.841399, 0.0, 1.0, 0.0, 0.763972, 0.0, 0.0, 0.0, 1.0],
                [1.0, 0.0, 0.0, -5e-06, 0.0, 0.0, -1.0, 0.797875, 0.0, 1.0, 0.0, 0.763972, 0.0, 0.0, 0.0, 1.0],
                [1.0, 0.0, 0.0, -5e-06, 0.0, 0.0, -1.0, 0.755225, 0.0, 1.0, 0.0, 0.763972, 0.0, 0.0, 0.0, 1.0],
                [1.0, 0.0, 0.0, -5e-06, 0.0, 0.0, -1.0, 0.714322, 0.0, 1.0, 0.0, 0.763972, 0.0, 0.0, 0.0, 1.0],
                [1.0, 0.0, 0.0, -5e-06, 0.0, 0.0, -1.0, 0.676038, 0.0, 1.0, 0.0, 0.763972, 0.0, 0.0, 0.0, 1.0],
                [1.0, 0.0, 0.0, -5e-06, 0.0, 0.0, -1.0, 0.641248, 0.0, 1.0, 0.0, 0.763972, 0.0, 0.0, 0.0, 1.0],
                [1.0, 0.0, 0.0, -5e-06, 0.0, 0.0, -1.0, 0.610825, 0.0, 1.0, 0.0, 0.763972, 0.0, 0.0, 0.0, 1.0],
                [1.0, 0.0, 0.0, -5e-06, 0.0, 0.0, -1.0, 0.585643, 0.0, 1.0, 0.0, 0.763972, 0.0, 0.0, 0.0, 1.0],
                [1.0, 0.0, 0.0, -5e-06, 0.0, 0.0, -1.0, 0.566574, 0.0, 1.0, 0.0, 0.763972, 0.0, 0.0, 0.0, 1.0],
                [1.0, 0.0, 0.0, -5e-06, 0.0, 0.0, -1.0, 0.554492, 0.0, 1.0, 0.0, 0.763972, 0.0, 0.0, 0.0, 1.0],
                [1.0, 0.0, 0.0, -5e-06, 0.0, 0.0, -1.0, 0.550271, 0.0, 1.0, 0.0, 0.763972, 0.0, 0.0, 0.0, 1.0]
            ]
        },
        {
            "name": "Thigh_R",
            "time": [0.0, 0.0167, 0.0333, 0.05, 0.0667, 0.0833, 0.1, 0.1167, 0.1333, 0.15, 0.1667, 0.1833, 0.2, 0.2167, 0.2333, 0.25, 0.2667, 0.2833, 0.3, 0.3167, 0.3333, 0.35, 0.3667, 0.3833, 0.4, 0.4167, 0.4333, 0.45, 0.4667, 0.4833, 0.5, 0.5167, 0.5333, 0.55, 0.5667, 0.5833, 0.6, 0.6167, 0.6333, 0.65, 0.6667, 0.6833, 0.7, 0.7167, 0.7333, 0.75, 0.7667, 0.7833, 0.8, 0.8167, 0.8333, 0.85, 0.8667, 0.8833, 0.9, 0.9167, 0.9333, 0.95, 0.9667, 0.9833, 1.0, 1.0167, 1.0333, 1.05, 1.0667, 1.0833, 1.1, 1.1167, 1.1333, 1.15, 1.1667, 1.1833, 1.2, 1.2167, 1.2333, 1.25, 1.2667, 1.2833, 1.3, 1.3167, 1.3333, 1.35, 1.3667, 1.3833, 1.4],
            "transform": [
                [0.969577, 0.223905, 0.098932, 0.124994, 0.098696, -0.727423, 0.679054, -0.002831, 0.224009, -0.648631, -0.727391, -1.2e-05, 0.0, 0.0, 0.0, 1.0],
                [0.969577, 0.223905, 0.098932, 0.124994, 0.098696, -0.727423, 0.679054, -0.002831, 0.224009, -0.648631, -0.727391, -1.2e-05, 0.0, 0.0, 0.0, 1.0],
                [0.969577, 0.223905, 0.098932, 0.124994, 0.098696, -0.727423, 0.679054, -0.002831, 0.224009, -0.648631, -0.727391, -1.2e-05, 0.0, 0.0, 0.0, 1.0],
                [0.969577, 0.223905, 0.098932, 0.124994, 0.098696, -0.727423, 0.679054, -0.002831, 0.224009, -0.648631, -0.727391, -1.2e-05, 0.0, 0.0, 0.0, 1.0],
                [0.969577, 0.223905, 0.098932, 0.124994, 0.098696, -0.727423, 0.679054, -0.002831, 0.224009, -0.648631, -0.727391, -1.2e-05, 0.0, 0.0, 0.0, 1.0],
                [0.969577, 0.223905, 0.098932, 0.124994, 0.098696, -0.727423, 0.679054, -0.002831, 0.224009, -0.648631, -0.727391, -1.2e-05, 0.0, 0.0, 0.0, 1.0],
                [0.969577, 0.223905, 0.098932, 0.124994, 0.098696, -0.727423, 0.679054, -0.002831, 0.224009, -0.648631, -0.727391, -1.2e-05, 0.0, 0.0, 0.0, 1.0],
                [0.969577, 0.223905, 0.098932, 0.124994, 0.098696, -0.727423, 0.679054, -0.002831, 0.224009, -0.648631, -0.727391, -1.2e-05, 0.0, 0.0, 0.0, 1.0],
                [0.969577, 0.223905, 0.098932, 0.124994, 0.098696, -0.727423, 0.679054, -0.002831, 0.224009, -0.648631, -0.727391, -1.2e-05, 0.0, 0.0, 0.0, 1.0],
                [0.969577, 0.223905, 0.098932, 0.124994, 0.098696, -0.727423, 0.679054, -0.002831, 0.224009, -0.648631, -0.727391, -1.2e-05, 0.0, 0.0, 0.0, 1.0],
                [0.969577, 0.223905, 0.098932, 0.124994, 0.098696, -0.727423, 0.679054, -0.002831, 0.224009, -0.648631, -0.727391, -1.2e-05, 0.0, 0.0, 0.0, 1.0],
                [0.969577, 0.223905, 0.098932, 0.124994, 0.098696, -0.727423, 0.679054, -0.002831, 0.224009, -0.648631, -0.727391, -1.2e-05, 0.0, 0.0, 0.0, 1.0],
                [0.969577, 0.223905, 0.098932, 0.124994, 0.098696, -0.727423, 0.679054, -0.002831, 0.224009, -0.648631, -0.727391, -1.2e-05, 0.0, 0.0, 0.0, 1.0],
                [0.969577, 0.223905, 0.098932, 0.124994, 0.098696, -0.727423, 0.679054, -0.002831, 0.224009, -0.648631, -0.727391, -1.2e-05, 0.0, 0.0, 0.0, 1.0],
                [0.969577, 0.223905, 0.098932, 0.124994, 0.098696, -0.727423, 0.679054, -0.002831, 0.224009, -0.648631, -0.727391, -1.2e-05, 0.0, 0.0, 0.0, 1.0],
                [0.969577, 0.223905, 0.098932, 0.124994, 0.098696, -0.727423, 0.679054, -0.002831, 0.224009, -0.648631, -0.727391, -1.2e-05, 0.0, 0.0, 0.0, 1.0],
                [0.969577, 0.223905, 0.098932, 0.124994, 0.098696, -0.727423, 0.679054, -0.002831, 0.224009, -0.648631, -0.727391, -1.2e-05, 0.0, 0.0, 0.0, 1.0],
                [0.970589, 0.219471, 0.098941, 0.124994, 0.099802, -0.740818, 0.66425, -0.002831, 0.219081, -0.63484, -0.740933, -1.2e-05, 0.0, 0.0, 0.0, 1.0],
                [0.973353, 0.207087, 0.098484, 0.124994, 0.102353, -0.776669, 0.621538, -0.002831, 0.205202, -0.594895, -0.777169, -1.2e-05, 0.0, 0.0, 0.0, 1.0],
                [0.977401, 0.188131, 0.096402, 0.124994, 0.104725, -0.827072, 0.552254, -0.002831, 0.183628, -0.529678, -0.828083, -1.2e-05, 0.0, 0.0, 0.0, 1.0],
                [0.982182, 0.16424, 0.091339, 0.124994, 0.105009, -0.882703, 0.458049, -0.002831, 0.155855, -0.440296, -0.884222, -1.2e-05, 0.0, 0.0, 0.0, 1.0],
                [0.987083, 0.137493, 0.082235, 0.124994, 0.101516, -0.933878, 0.34288, -0.002831, 0.123941, -0.330103, -0.935773, -1.2e-05, 0.0, 0.0, 0.0, 1.0],
                [0.991513, 0.110307, 0.0688, 0.124994, 0.093326, -0.972362, 0.214016, -0.002831, 0.090506, -0.205779, -0.974404, -1.2e-05, 0.0, 0.0, 0.0, 1.0],
                [0.995029, 0.085064, 0.051781, 0.124994, 0.080681, -0.993399, 0.081533, -0.002831, 0.058375, -0.07695, -0.995325, -1.2e-05, 0.0, 0.0, 0.0, 1.0],
                [0.997432, 0.063621, 0.032893, 0.124994, 0.065024, -0.996934, -0.043516, -0.002831, 0.030023, 0.045543, -0.998511, -1.2e-05, 0.0, 0.0, 0.0, 1.0],
                [0.998791, 0.046999, 0.014424, 0.124994, 0.048642, -0.987297, -0.151257, -0.002831, 0.007132, 0.151776, -0.988389, -1.2e-05, 0.0, 0.0, 0.0, 1.0],
                [0.999372, 0.035406, -0.001239, 0.124994, 0.034131, -0.971576, -0.234255, -0.002831, -0.009498, 0.234066, -0.972174, -1.2e-05, 0.0, 0.0, 0.0, 1.0],
                [0.99952, 0.028577, -0.011943, 0.124994, 0.023944, -0.957537, -0.287314, -0.002831, -0.019646, 0.286891, -0.957762, -1.2e-05, 0.0, 0.0, 0.0, 1.0],
                [0.999529, 0.026275, -0.015865, 0.124994, 0.020162, -0.951789, -0.306088, -0.002831, -0.023142, 0.305624, -0.951871, -1.2e-05, 0.0, 0.0, 0.0, 1.0],
                [0.999529, 0.026275, -0.015865, 0.124994, 0.020162, -0.951789, -0.306088, -0.002831, -0.023142, 0.305624, -0.951871, -1.2e-05, 0.0, 0.0, 0.0, 1.0],
                [0.999529, 0.026275, -0.015865, 0.124994, 0.020162, -0.951789, -0.306088, -0.002831, -0.023142, 0.305624, -0.951871, -1.2e-05, 0.0, 0.0, 0.0, 1.0],
                [0.999529, 0.026275, -0.015865, 0.124994, 0.020162, -0.951789, -0.306088, -0.002831, -0.023142, 0.305624, -0.951871, -1.2e-05, 0.0, 0.0, 0.0, 1.0],
                [0.999529, 0.026275, -0.015865, 0.124994, 0.020162, -0.951789, -0.306088, -0.002831, -0.023142, 0.305624, -0.951871, -1.2e-05, 0.0, 0.0, 0.0, 1.0],
                [0.999529, 0.026275, -0.015865, 0.124994, 0.020162, -0.951789, -0.306088, -0.002831, -0.023142, 0.305624, -0.951871, -1.2e-05, 0.0, 0.0, 0.0, 1.0],
                [0.999529, 0.026275, -0.015865, 0.124994, 0.020162, -0.951789, -0.306088, -0.002831, -0.023142, 0.305624, -0.951871, -1.2e-05, 0.0, 0.0, 0.0, 1.0],
                [0.999529, 0.026275, -0.015865, 0.124994, 0.020162, -0.951789, -0.306088, -0.002831, -0.023142, 0.305624, -0.951871, -1.2e-05, 0.0, 0.0, 0.0, 1.0],
                [0.999529, 0.026275, -0.015865, 0.124994, 0.020162, -0.951789, -0.306088, -0.002831, -0.023142, 0.305624, -0.951871, -1.2e-05, 0.0, 0.0, 0.0, 1.0],
                [0.999529, 0.026275, -0.015865, 0.124994, 0.020162, -0.951789, -0.306088, -0.002831, -0.023142, 0.305624, -0.951871, -1.2e-05, 0.0, 0.0, 0.0, 1.0],
                [0.999529, 0.026275, -0.015865, 0.124994, 0.020162, -0.951789, -0.306088, -0.002831, -0.023142, 0.305624, -0.951871, -1.2e-05, 0.0, 0.0, 0.0, 1.0],
                [0.999529, 0.026275, -0.015865, 0.124994, 0.020162, -0.951789, -0.306088, -0.002831, -0.023142, 0.305624, -0.951871, -1.2e-05, 0.0, 0.0, 0.0, 1.0],
                [0.999529, 0.026275, -0.015865, 0.124994, 0.020162, -0.951789, -0.306088, -0.002831, -0.023142, 0.305624, -0.951871, -1.2e-05, 0.0, 0.0, 0.0, 1.0],
                [0.999529, 0.026275, -0.015865, 0.124994, 0.020162, -0.951789, -0.306088, -0.002831, -0.023142, 0.305624, -0.951871, -1.2e-05, 0.0, 0.0, 0.0, 1.0],
                [0.999529, 0.026275, -0.015865, 0.124994, 0.020162, -0.951789, -0.306088, -0.002831, -0.023142, 0.305624, -0.951871, -1.2e-05, 0.0, 0.0, 0.0, 1.0],
                [0.999529, 0.026275, -0.015865, 0.124994, 0.020162, -0.951789, -0.306088, -0.002831, -0.023142, 0.305624, -0.951871, -1.2e-05, 0.0, 0.0, 0.0, 1.0],
                [0.999529, 0.026275, -0.015865, 0.124994, 0.020162, -0.951789, -0.306088, -0.002831, -0.023142, 0.305624, -0.951871, -1.2e-05, 0.0, 0.0, 0.0, 1.0],
                [0.999529, 0.026275, -0.015865, 0.124994, 0.020162, -0.951789, -0.306088, -0.002831, -0.023142, 0.305624, -0.951871, -1.2e-05, 0.0, 0.0, 0.0, 1.0],
                [0.999529, 0.026275, -0.015865, 0.124994, 0.020162, -0.951789, -0.306088, -0.002831, -0.023142, 0.305624, -0.951871, -1.2e-05, 0.0, 0.0, 0.0, 1.0],
                [0.999529, 0.026275, -0.015865, 0.124994, 0.020162, -0.951789, -0.306088, -0.002831, -0.023142, 0.305624, -0.951871, -1.2e-05, 0.0, 0.0, 0.0, 1.0],
                [0.999529, 0.026275, -0.015865, 0.124994, 0.020162, -0.951789, -0.306088, -0.002831, -0.023142, 0.305624, -0.951871, -1.2e-05, 0.0, 0.0, 0.0, 1.0],
                [0.999529, 0.026275, -0.015865, 0.124994, 0.020162, -0.951789, -0.306088, -0.002831, -0.023142, 0.305624, -0.951871, -1.2e-05, 0.0, 0.0, 0.0, 1.0],
                [0.999529, 0.026275, -0.015865, 0.124994, 0.020162, -0.951789, -0.306088, -0.002831, -0.023142, 0.305624, -0.951871, -1.2e-05, 0.0, 0.0, 0.0, 1.0],
                [0.999529, 0.026275, -0.015865, 0.124994, 0.020162, -0.951789, -0.306088, -0.002831, -0.023142, 0.305624, -0.951871, -1.2e-05, 0.0, 0.0, 0.0, 1.0],
                [0.999529, 0.026275, -0.015865, 0.124994, 0.020162, -0.951789, -0.306088, -0.002831, -0.023142, 0.305624, -0.951871, -1.2e-05, 0.0, 0.0, 0.0, 1.0],
                [0.999529, 0.026275, -0.015865, 0.124994, 0.020162, -0.951789, -0.306088, -0.002831, -0.023142, 0.305624, -0.951871, -1.2e-05, 0.0, 0.0, 0.0, 1.0],
                [0.999529, 0.026275, -0.015865, 0.124994, 0.020162, -0.951789, -0.306088, -0.002831, -0.023142, 0.305624, -0.951871, -1.2e-05, 0.0, 0.0, 0.0, 1.0],
                [0.999529, 0.026275, -0.015865, 0.124994, 0.020162, -0.951789, -0.306088, -0.002831, -0.023142, 0.305624, -0.951871, -1.2e-05, 0.0, 0.0, 0.0, 1.0],
                [0.999529, 0.026275, -0.015865, 0.124994, 0.020162, -0.951789, -0.306088, -0.002831, -0.023142, 0.305624, -0.951871, -1.2e-05, 0.0, 0.0, 0.0, 1.0],
                [0.999529, 0.026275, -0.015865, 0.124994, 0.020162, -0.951789, -0.306088, -0.002831, -0.023142, 0.305624, -0.951871, -1.2e-05, 0.0, 0.0, 0.0, 1.0],
                [0.999529, 0.026275, -0.015865, 0.124994, 0.020162, -0.951789, -0.306088, -0.002831, -0.023142, 0.305624, -0.951871, -1.2e-05, 0.0, 0.0, 0.0, 1.0],
                [0.999529, 0.026275, -0.015865, 0.124994, 0.020162, -0.951789, -0.306088, -0.002831, -0.023142, 0.305624, -0.951871, -1.2e-05, 0.0, 0.0, 0.0, 1.0],
                [0.999529, 0.026275, -0.015865, 0.124994, 0.020162, -0.951789, -0.306088, -0.002831, -0.023142, 0.305624, -0.951871, -1.2e-05, 0.0, 0.0, 0.0, 1.0],
                [0.999529, 0.026275, -0.015865, 0.124994, 0.020162, -0.951789, -0.306088, -0.002831, -0.023142, 0.305624, -0.951871, -1.2e-05, 0.0, 0.0, 0.0, 1.0],
                [0.999529, 0.026275, -0.015865, 0.124994, 0.020162, -0.951789, -0.306088, -0.002831, -0.023142, 0.305624, -0.951871, -1.2e-05, 0.0, 0.0, 0.0, 1.0],
                [0.999529, 0.026275, -0.015865, 0.124994, 0.020162, -0.951789, -0.306088, -0.002831, -0.023142, 0.305624, -0.951871, -1.2e-05, 0.0, 0.0, 0.0, 1.0],
                [0.999529, 0.026275, -0.015865, 0.124994, 0.020162, -0.951789, -0.306088, -0.002831, -0.023142, 0.305624, -0.951871, -1.2e-05, 0.0, 0.0, 0.0, 1.0],
                [0.999543, 0.026709, -0.014135, 0.124994, 0.021185, -0.952912, -0.302506, -0.002831, -0.021549, 0.302068, -0.953043, -1.2e-05, 0.0, 0.0, 0.0, 1.0],
                [0.999566, 0.027988, -0.009189, 0.124994, 0.024083, -0.956051, -0.292208, -0.002831, -0.016964, 0.291859, -0.956311, -1.2e-05, 0.0, 0.0, 0.0, 1.0],
                [0.999545, 0.030119, -0.001395, 0.124994, 0.028566, -0.960784, -0.275822, -0.002831, -0.009648, 0.275657, -0.961208, -1.2e-05, 0.0, 0.0, 0.0, 1.0],
                [0.999411, 0.033142, 0.008869, 0.124994, 0.034308, -0.966609, -0.253948, -0.002831, 0.000157, 0.254103, -0.967177, -1.2e-05, 0.0, 0.0, 0.0, 1.0],
                [0.999086, 0.037111, 0.021211, 0.124994, 0.040965, -0.972988, -0.227189, -0.002831, 0.012207, 0.22785, -0.97362, -1.2e-05, 0.0, 0.0, 0.0, 1.0],
                [0.998493, 0.042072, 0.035226, 0.124994, 0.048188, -0.979382, -0.196183, -0.002831, 0.026246, 0.197585, -0.979934, -1.2e-05, 0.0, 0.0, 0.0, 1.0],
                [0.997568, 0.048047, 0.050496, 0.124994, 0.055637, -0.985282, -0.161625, -0.002831, 0.041987, 0.164041, -0.98556, -1.2e-05, 0.0, 0.0, 0.0, 1.0],
                [0.996262, 0.055018, 0.066594, 0.124994, 0.062993, -0.990246, -0.124274, -0.002831, 0.059107, 0.128004, -0.990011, -1.2e-05, 0.0, 0.0, 0.0, 1.0],
                [0.994553, 0.062918, 0.083097, 0.124994, 0.069977, -0.993924, -0.084955, -0.002831, 0.077247, 0.090307, -0.992914, -1.2e-05, 0.0, 0.0, 0.0, 1.0],
                [0.992447, 0.071625, 0.099591, 0.124994, 0.076358, -0.996085, -0.04455, -0.002831, 0.096011, 0.051818, -0.994031, -1.2e-05, 0.0, 0.0, 0.0, 1.0],
                [0.989981, 0.080958, 0.115689, 0.124994, 0.081966, -0.996627, -0.003976, -0.002831, 0.114977, 0.013419, -0.993278, -1.2e-05, 0.0, 0.0, 0.0, 1.0],
                [0.987222, 0.090685, 0.131033, 0.124994, 0.086697, -0.99559, 0.035833, -0.002831, 0.133704, -0.024015, -0.99073, -1.2e-05, 0.0, 0.0, 0.0, 1.0],
                [0.984266, 0.100526, 0.145311, 0.124994, 0.090515, -0.993145, 0.073955, -0.002831, 0.151749, -0.059639, -0.986618, -1.2e-05, 0.0, 0.0, 0.0, 1.0],
                [0.981233, 0.110167, 0.158255, 0.124994, 0.093445, -0.989585, 0.109498, -0.002831, 0.16867, -0.092655, -0.981308, -1.2e-05, 0.0, 0.0, 0.0, 1.0],
                [0.978262, 0.119267, 0.169646, 0.124994, 0.095567, -0.985298, 0.141616, -0.002831, 0.184042, -0.122325, -0.975277, -1.2e-05, 0.0, 0.0, 0.0, 1.0],
                [0.975501, 0.127474, 0.179301, 0.124994, 0.097001, -0.980742, 0.169513, -0.002831, 0.197457, -0.147968, -0.96908, -1.2e-05, 0.0, 0.0, 0.0, 1.0],
                [0.973105, 0.134432, 0.18707, 0.124994, 0.097893, -0.976413, 0.192444, -0.002831, 0.208528, -0.168956, -0.963312, -1.2e-05, 0.0, 0.0, 0.0, 1.0],
                [0.971226, 0.139795, 0.192815, 0.124994, 0.098391, -0.972803, 0.209698, -0.002831, 0.216885, -0.184693, -0.958566, -1.2e-05, 0.0, 0.0, 0.0, 1.0],
                [0.970008, 0.143233, 0.196391, 0.124994, 0.098628, -0.97037, 0.220576, -0.002831, 0.222166, -0.194591, -0.955393, -1.2e-05, 0.0, 0.0, 0.0, 1.0],
                [0.969577, 0.144441, 0.19763, 0.124994, 0.098696, -0.969494, 0.224367, -0.002831, 0.224009, -0.198035, -0.954255, -1.2e-05, 0.0, 0.0, 0.0, 1.0]
            ]
        },
        {
            "name": "Leg_R",
            "time": [0.0, 0.0167, 0.0333, 0.05, 0.0667, 0.0833, 0.1, 0.1167, 0.1333, 0.15, 0.1667, 0.1833, 0.2, 0.2167, 0.2333, 0.25, 0.2667, 0.2833, 0.3, 0.3167, 0.3333, 0.35, 0.3667, 0.3833, 0.4, 0.4167, 0.4333, 0.45, 0.4667, 0.4833, 0.5, 0.5167, 0.5333, 0.55, 0.5667, 0.5833, 0.6, 0.6167, 0.6333, 0.65, 0.6667, 0.6833, 0.7, 0.7167, 0.7333, 0.75, 0.7667, 0.7833, 0.8, 0.8167, 0.8333, 0.85, 0.8667, 0.8833, 0.9, 0.9167, 0.9333, 0.95, 0.9667, 0.9833, 1.0, 1.0167, 1.0333, 1.05, 1.0667, 1.0833, 1.1, 1.1167, 1.1333, 1.15, 1.1667, 1.1833, 1.2, 1.2167, 1.2333, 1.25, 1.2667, 1.2833, 1.3, 1.3167, 1.3333, 1.35, 1.3667, 1.3833, 1.4],
            "transform": [
                [1.0, -0.0, 1e-06, -0.0, -0.0, 0.819152, 0.573577, 0.37472, -1e-06, -0.573577, 0.819152, -0.0, 0.0, 0.0, 0.0, 1.0],
                [1.0, -0.0, 1e-06, -0.0, -0.0, 0.819152, 0.573577, 0.37472, -1e-06, -0.573577, 0.819152, -0.0, 0.0, 0.0, 0.0, 1.0],
                [1.0, -0.0, 1e-06, -0.0, -0.0, 0.819152, 0.573577, 0.37472, -1e-06, -0.573577, 0.819152, 0.0, 0.0, 0.0, 0.0, 1.0],
                [1.0, -0.0, 1e-06, -0.0, -0.0, 0.819152, 0.573577, 0.37472, -1e-06, -0.573577, 0.819152, -0.0, 0.0, 0.0, 0.0, 1.0],
                [1.0, -0.0, 1e-06, -0.0, -0.0, 0.819152, 0.573577, 0.37472, -1e-06, -0.573577, 0.819152, -0.0, 0.0, 0.0, 0.0, 1.0],
                [1.0, -0.0, 1e-06, -0.0, -0.0, 0.819152, 0.573577, 0.37472, -1e-06, -0.573577, 0.819152, 0.0, 0.0, 0.0, 0.0, 1.0],
                [1.0, -0.0, 1e-06, -0.0, -0.0, 0.819152, 0.573577, 0.37472, -1e-06, -0.573577, 0.819152, 0.0, 0.0, 0.0, 0.0, 1.0],
                [1.0, -0.0, 1e-06, -0.0, -0.0, 0.819152, 0.573577, 0.37472, -1e-06, -0.573577, 0.819152, 0.0, 0.0, 0.0, 0.0, 1.0],
                [1.0, -0.0, 1e-06, -0.0, -0.0, 0.819152, 0.573577, 0.37472, -1e-06, -0.573577, 0.819152, 0.0, 0.0, 0.0, 0.0, 1.0],
                [1.0, -0.0, 1e-06, -0.0, -0.0, 0.819152, 0.573577, 0.37472, -1e-06, -0.573577, 0.819152, 0.0, 0.0, 0.0, 0.0, 1.0],
                [1.0, -0.0, 1e-06, -0.0, -0.0, 0.819152, 0.573577, 0.37472, -1e-06, -0.573577, 0.819152, 0.0, 0.0, 0.0, 0.0, 1.0],
                [1.0, -0.0, 1e-06, -0.0, -0.0, 0.819152, 0.573577, 0.37472, -1e-06, -0.573577, 0.819152, 0.0, 0.0, 0.0, 0.0, 1.0],
                [1.0, -0.0, 1e-06, -0.0, -0.0, 0.819152, 0.573577, 0.37472, -1e-06, -0.573577, 0.819152, 0.0, 0.0, 0.0, 0.0, 1.0],
                [1.0, -0.0, 1e-06, -0.0, -0.0, 0.819152, 0.573577, 0.37472, -1e-06, -0.573577, 0.819152, 0.0, 0.0, 0.0, 0.0, 1.0],
                [1.0, -0.0, 1e-06, -0.0, -0.0, 0.819152, 0.573577, 0.37472, -1e-06, -0.573577, 0.819152, -0.0, 0.0, 0.0, 0.0, 1.0],
                [1.0, -0.0, 1e-06, -0.0, -0.0, 0.819152, 0.573577, 0.37472, -1e-06, -0.573577, 0.819152, 0.0, 0.0, 0.0, 0.0, 1.0],
                [1.0, -0.0, 1e-06, -0.0, -0.0, 0.819152, 0.573577, 0.37472, -1e-06, -0.573577, 0.819152, -0.0, 0.0, 0.0, 0.0, 1.0],
                [1.0, -0.0, 1e-06, -0.0, -0.0, 0.819152, 0.573577, 0.37472, -1e-06, -0.573577, 0.819152, 0.0, 0.0, 0.0, 0.0, 1.0],
                [1.0, -0.0, 1e-06, -0.0, -1e-06, 0.819152, 0.573577, 0.37472, -1e-06, -0.573577, 0.819152, -0.0, 0.0, 0.0, 0.0, 1.0],
                [1.0, -0.0, 1e-06, -0.0, -1e-06, 0.819152, 0.573577, 0.37472, -1e-06, -0.573577, 0.819152, 0.0, 0.0, 0.0, 0.0, 1.0],
                [1.0, -0.0, 1e-06, -0.0, -0.0, 0.819152, 0.573577, 0.37472, -1e-06, -0.573577, 0.819152, -0.0, 0.0, 0.0, 0.0, 1.0],
                [1.0, -0.0, 1e-06, -0.0, -1e-06, 0.819152, 0.573577, 0.37472, -1e-06, -0.573577, 0.819152, 0.0, 0.0, 0.0, 0.0, 1.0],
                [1.0, -0.0, 1e-06, -0.0, -0.0, 0.819152, 0.573577, 0.37472, -1e-06, -0.573577, 0.819152, -0.0, 0.0, 0.0, 0.0, 1.0],
                [1.0, -0.0, 1e-06, 0.0, -0.0, 0.819152, 0.573577, 0.37472, -1e-06, -0.573577, 0.819152, 0.0, 0.0, 0.0, 0.0, 1.0],
                [1.0, -0.0, 1e-06, 0.0, -0.0, 0.819152, 0.573577, 0.37472, -1e-06, -0.573577, 0.819152, 0.0, 0.0, 0.0, 0.0, 1.0],
                [1.0, -0.0, 1e-06, -0.0, -0.0, 0.819152, 0.573577, 0.37472, -1e-06, -0.573577, 0.819152, 0.0, 0.0, 0.0, 0.0, 1.0],
                [1.0, -0.0, 1e-06, -0.0, -0.0, 0.819152, 0.573577, 0.37472, -1e-06, -0.573577, 0.819152, 0.0, 0.0, 0.0, 0.0, 1.0],
                [1.0, -0.0, 1e-06, 0.0, -0.0, 0.819152, 0.573577, 0.37472, -1e-06, -0.573577, 0.819152, 0.0, 0.0, 0.0, 0.0, 1.0],
                [1.0, -0.0, 1e-06, -0.0, -0.0, 0.819152, 0.573577, 0.37472, -1e-06, -0.573577, 0.819152, -0.0, 0.0, 0.0, 0.0, 1.0],
                [1.0, -0.0, 1e-06, -0.0, -0.0, 0.819152, 0.573577, 0.37472, -1e-06, -0.573577, 0.819152, -0.0, 0.0, 0.0, 0.0, 1.0],
                [1.0, -0.0, 1e-06, -0.0, -0.0, 0.819152, 0.573577, 0.37472, -1e-06, -0.573577, 0.819152, -0.0, 0.0, 0.0, 0.0, 1.0],
                [1.0, -0.0, 1e-06, -0.0, -0.0, 0.819152, 0.573577, 0.37472, -1e-06, -0.573577, 0.819152, -0.0, 0.0, 0.0, 0.0, 1.0],
                [1.0, -0.0, 1e-06, -0.0, -0.0, 0.819152, 0.573577, 0.37472, -1e-06, -0.573577, 0.819152, 0.0, 0.0, 0.0, 0.0, 1.0],
                [1.0, -0.0, 1e-06, 0.0, -0.0, 0.819152, 0.573577, 0.37472, -1e-06, -0.573577, 0.819152, -0.0, 0.0, 0.0, 0.0, 1.0],
                [1.0, -0.0, 1e-06, -0.0, -0.0, 0.819152, 0.573577, 0.37472, -1e-06, -0.573577, 0.819152, -0.0, 0.0, 0.0, 0.0, 1.0],
                [1.0, -0.0, 1e-06, -0.0, -0.0, 0.819152, 0.573577, 0.37472, -1e-06, -0.573577, 0.819152, 0.0, 0.0, 0.0, 0.0, 1.0],
                [1.0, -0.0, 1e-06, -0.0, -0.0, 0.819152, 0.573577, 0.37472, -1e-06, -0.573577, 0.819152, -0.0, 0.0, 0.0, 0.0, 1.0],
                [1.0, -0.0, 1e-06, -0.0, -0.0, 0.819152, 0.573577, 0.37472, -1e-06, -0.573577, 0.819152, -0.0, 0.0, 0.0, 0.0, 1.0],
                [1.0, -0.0, 1e-06, 0.0, -0.0, 0.819152, 0.573577, 0.37472, -1e-06, -0.573577, 0.819152, 0.0, 0.0, 0.0, 0.0, 1.0],
                [1.0, -0.0, 1e-06, 0.0, -0.0, 0.819152, 0.573577, 0.37472, -1e-06, -0.573577, 0.819152, -0.0, 0.0, 0.0, 0.0, 1.0],
                [1.0, -0.0, 1e-06, -0.0, -0.0, 0.819152, 0.573577, 0.37472, -1e-06, -0.573577, 0.819152, -0.0, 0.0, 0.0, 0.0, 1.0],
                [1.0, -0.0, 1e-06, -0.0, -0.0, 0.819152, 0.573577, 0.37472, -1e-06, -0.573577, 0.819152, 0.0, 0.0, 0.0, 0.0, 1.0],
                [1.0, -0.0, 1e-06, 0.0, -0.0, 0.819152, 0.573577, 0.37472, -1e-06, -0.573577, 0.819152, 0.0, 0.0, 0.0, 0.0, 1.0],
                [1.0, -0.0, 1e-06, 0.0, -0.0, 0.819152, 0.573577, 0.37472, -1e-06, -0.573577, 0.819152, 0.0, 0.0, 0.0, 0.0, 1.0],
                [1.0, -0.0, 1e-06, -0.0, -0.0, 0.819152, 0.573577, 0.37472, -1e-06, -0.573577, 0.819152, -0.0, 0.0, 0.0, 0.0, 1.0],
                [1.0, -0.0, 1e-06, 0.0, -0.0, 0.819152, 0.573577, 0.37472, -1e-06, -0.573577, 0.819152, 0.0, 0.0, 0.0, 0.0, 1.0],
                [1.0, -0.0, 1e-06, -0.0, -0.0, 0.819152, 0.573577, 0.37472, -1e-06, -0.573577, 0.819152, -0.0, 0.0, 0.0, 0.0, 1.0],
                [1.0, -0.0, 1e-06, -0.0, -0.0, 0.819152, 0.573577, 0.37472, -1e-06, -0.573577, 0.819152, 0.0, 0.0, 0.0, 0.0, 1.0],
                [1.0, -0.0, 1e-06, -0.0, -0.0, 0.819152, 0.573577, 0.37472, -1e-06, -0.573577, 0.819152, -0.0, 0.0, 0.0, 0.0, 1.0],
                [1.0, -0.0, 1e-06, -0.0, -0.0, 0.819152, 0.573577, 0.37472, -1e-06, -0.573577, 0.819152, 0.0, 0.0, 0.0, 0.0, 1.0],
                [1.0, -0.0, 1e-06, 0.0, -0.0, 0.819152, 0.573577, 0.37472, -1e-06, -0.573577, 0.819152, 0.0, 0.0, 0.0, 0.0, 1.0],
                [1.0, -0.0, 1e-06, -0.0, -0.0, 0.819152, 0.573577, 0.37472, -1e-06, -0.573577, 0.819152, 0.0, 0.0, 0.0, 0.0, 1.0],
