{
    "armature": {
        "joints": ["Root", "Thigh_R", "Leg_R", "Knee_R", "Thigh_L", "Leg_L", "Knee_L", "Torso", "Chest", "Head", "Shoulder_R", "Arm_R", "Hand_R", "Tool_R", "Elbow_R", "Shoulder_L", "Arm_L", "Hand_L", "Tool_L", "Elbow_L"],
        "hierarchy": [
            {
                "name": "Root",
                "transform": [1.0, 0.0, 0.0, -5e-06, 0.0, 0.0, -1.0, 0.000946, 0.0, 1.0, 0.0, 0.763972, 0.0, 0.0, 0.0, 1.0],
                "children": [
                    {
                        "name": "Thigh_R",
                        "transform": [1.0, -0.0, -0.0, 0.124994, -0.0, -1.0, 0.0, -0.002831, -0.0, -0.0, -1.0, -1.2e-05, 0.0, 0.0, 0.0, 1.0],
                        "children": [
                            {
                                "name": "Leg_R",
                                "transform": [1.0, 0.0, 1e-06, 0.0, -0.0, 1.0, 0.0, 0.37472, -1e-06, -0.0, 1.0, -0.0, 0.0, 0.0, 0.0, 1.0],
                                "children": []
                            },
                            {
                                "name": "Knee_R",
                                "transform": [1.0, 0.0, -0.0, 0.0, -0.0, 0.0, -1.0, 0.37472, -0.0, 1.0, 0.0, -0.0, 0.0, 0.0, 0.0, 1.0],
                                "children": []
                            }
                        ]
                    },
                    {
                        "name": "Thigh_L",
                        "transform": [1.0, -0.0, -0.0, -0.125006, -0.0, -1.0, 0.0, -0.002831, -0.0, -0.0, -1.0, -1.2e-05, 0.0, 0.0, 0.0, 1.0],
                        "children": [
                            {
                                "name": "Leg_L",
                                "transform": [1.0, 0.0, 1e-06, -0.0, -0.0, 1.0, 0.0, 0.37472, -1e-06, -0.0, 1.0, 0.0, 0.0, 0.0, 0.0, 1.0],
                                "children": []
                            },
                            {
                                "name": "Knee_L",
                                "transform": [1.0, 0.0, -0.0, -0.0, -0.0, 0.0, -1.0, 0.37472, -0.0, 1.0, 0.0, 0.0, 0.0, 0.0, 0.0, 1.0],
                                "children": []
                            }
                        ]
                    },
                    {
                        "name": "Torso",
                        "transform": [1.0, 0.0, 0.0, 0.0, 0.0, 1.0, 0.0, 0.05, 0.0, 0.0, 1.0, 0.0, 0.0, 0.0, 0.0, 1.0],
                        "children": [
                            {
                                "name": "Chest",
                                "transform": [1.0, 0.0, 0.0, 0.0, 0.0, 1.0, 0.0, 0.3, 0.0, 0.0, 1.0, 0.0, 0.0, 0.0, 0.0, 1.0],
                                "children": [
                                    {
                                        "name": "Head",
                                        "transform": [1.0, 0.0, 0.0, 0.0, 0.0, 1.0, 0.0, 0.4, 0.0, 0.0, 1.0, 0.0, 0.0, 0.0, 0.0, 1.0],
                                        "children": []
                                    },
                                    {
                                        "name": "Shoulder_R",
                                        "transform": [0.0, 0.952114, 0.305743, 0.0, 0.0, -0.305743, 0.952114, 0.4, 1.0, 0.0, -0.0, 0.0, 0.0, 0.0, 0.0, 1.0],
                                        "children": [
                                            {
                                                "name": "Arm_R",
                                                "transform": [0.0, -0.0, -1.0, -0.0, 0.952114, 0.305743, 0.0, 0.39386, 0.305743, -0.952114, 0.0, 0.0, 0.0, 0.0, 0.0, 1.0],
                                                "children": [
                                                    {
                                                        "name": "Hand_R",
                                                        "transform": [1.0, 0.0, 0.0, 0.0, -0.0, 0.993938, 0.109947, 0.3, -0.0, -0.109947, 0.993937, 0.0, 0.0, 0.0, 0.0, 1.0],
                                                        "children": [
                                                            {
                                                                "name": "Tool_R",
                                                                "transform": [1.0, 0.0, 0.0, -0.0, 0.0, -0.999836, 0.018122, 0.272858, 0.0, -0.018122, -0.999836, 0.0, 0.0, 0.0, 0.0, 1.0],
                                                                "children": []
                                                            }
                                                        ]
                                                    },
                                                    {
                                                        "name": "Elbow_R",
                                                        "transform": [-1.0, 0.0, -0.0, 0.0, 0.0, 0.0, -1.0, 0.3, -0.0, -1.0, -0.0, 0.0, 0.0, 0.0, 0.0, 1.0],
                                                        "children": []
                                                    }
                                                ]
                                            }
                                        ]
                                    },
                                    {
                                        "name": "Shoulder_L",
                                        "transform": [-0.0, -0.952114, -0.305743, 0.0, 0.0, -0.305743, 0.952114, 0.4, -1.0, 0.0, 0.0, 0.0, 0.0, 0.0, 0.0, 1.0],
                                        "children": [
                                            {
                                                "name": "Arm_L",
                                                "transform": [-0.0, -0.0, 1.0, -0.0, -0.952114, 0.305743, -0.0, 0.39386, -0.305743, -0.952114, -0.0, 0.0, 0.0, 0.0, 0.0, 1.0],
                                                "children": [
                                                    {
                                                        "name": "Hand_L",
                                                        "transform": [1.0, -0.0, 0.0, -0.0, 0.0, 0.993937, 0.109947, 0.3, -0.0, -0.109947, 0.993937, 0.0, 0.0, 0.0, 0.0, 1.0],
                                                        "children": [
                                                            {
                                                                "name": "Tool_L",
                                                                "transform": [1.0, 0.0, 0.0, -0.0, -0.0, -0.999836, 0.018122, 0.272858, 0.0, -0.018122, -0.999836, -0.0, 0.0, 0.0, 0.0, 1.0],
                                                                "children": []
                                                            }
                                                        ]
                                                    },
                                                    {
                                                        "name": "Elbow_L",
                                                        "transform": [-1.0, 0.0, -0.0, -0.0, 0.0, -0.0, -1.0, 0.3, -0.0, -1.0, 0.0, 0.0, 0.0, 0.0, 0.0, 1.0],
                                                        "children": []
                                                    }
                                                ]
                                            }
                                        ]
                                    }
                                ]
                            }
                        ]
                    }
                ]
            }
        ]
    },
    "animation": [
        {
            "name": "Root",
            "time": [0.1667, 0.1833, 0.2, 0.2167, 0.2333, 0.25, 0.2667, 0.2833, 0.3, 0.3167, 0.3333, 0.35, 0.3667, 0.3833, 0.4, 0.4167, 0.4333, 0.45, 0.4667, 0.4833, 0.5, 0.5167, 0.5333, 0.55, 0.5667, 0.5833, 0.6, 0.6167, 0.6333, 0.65, 0.6667, 0.6833, 0.7, 0.7167, 0.7333, 0.75, 0.7667, 0.7833, 0.8, 0.8167, 0.8333, 0.85, 0.8667, 0.8833, 0.9, 0.9167, 0.9333, 0.95, 0.9667, 0.9833, 1.0, 1.0167, 1.0333, 1.05, 1.0667, 1.0833, 1.1, 1.1167, 1.1333, 1.15, 1.1667, 1.1833, 1.2, 1.2167, 1.2333, 1.25, 1.2667],
            "transform": [
                [1.0, 0.0, 0.0, -5e-06, 0.0, 0.0, -1.0, -0.302262, 0.0, 1.0, 0.0, 0.763972, 0.0, 0.0, 0.0, 1.0],
                [1.0, 0.0, 0.0, -5e-06, 0.0, 0.0, -1.0, -0.26218, 0.0, 1.0, 0.0, 0.763972, 0.0, 0.0, 0.0, 1.0],
                [1.0, 0.0, 0.0, -5e-06, 0.0, 0.0, -1.0, -0.154718, 0.0, 1.0, 0.0, 0.763972, 0.0, 0.0, 0.0, 1.0],
                [1.0, 0.0, 0.0, -5e-06, 0.0, 0.0, -1.0, 0.000946, 0.0, 1.0, 0.0, 0.763972, 0.0, 0.0, 0.0, 1.0],
                [1.0, 0.0, 0.0, -5e-06, 0.0, 0.0, -1.0, 0.185614, 0.0, 1.0, 0.0, 0.763972, 0.0, 0.0, 0.0, 1.0],
                [1.0, 0.0, 0.0, -5e-06, 0.0, 0.0, -1.0, 0.379999, 0.0, 1.0, 0.0, 0.763972, 0.0, 0.0, 0.0, 1.0],
                [1.0, 0.0, 0.0, -5e-06, 0.0, 0.0, -1.0, 0.564796, 0.0, 1.0, 0.0, 0.763972, 0.0, 0.0, 0.0, 1.0],
                [1.0, 0.0, 0.0, -5e-06, 0.0, 0.0, -1.0, 0.720697, 0.0, 1.0, 0.0, 0.763972, 0.0, 0.0, 0.0, 1.0],
                [1.0, 0.0, 0.0, -5e-06, 0.0, 0.0, -1.0, 0.828396, 0.0, 1.0, 0.0, 0.763972, 0.0, 0.0, 0.0, 1.0],
                [1.0, 0.0, 0.0, -5e-06, 0.0, 0.0, -1.0, 0.868586, 0.0, 1.0, 0.0, 0.763972, 0.0, 0.0, 0.0, 1.0],
                [1.0, 0.0, 0.0, -5e-06, 0.0, 0.0, -1.0, 0.868586, 0.0, 1.0, 0.0, 0.763972, 0.0, 0.0, 0.0, 1.0],
                [1.0, 0.0, 0.0, -5e-06, 0.0, 0.0, -1.0, 0.868586, 0.0, 1.0, 0.0, 0.763972, 0.0, 0.0, 0.0, 1.0],
                [1.0, 0.0, 0.0, -5e-06, 0.0, 0.0, -1.0, 0.868586, 0.0, 1.0, 0.0, 0.763972, 0.0, 0.0, 0.0, 1.0],
                [1.0, 0.0, 0.0, -5e-06, 0.0, 0.0, -1.0, 0.868586, 0.0, 1.0, 0.0, 0.763972, 0.0, 0.0, 0.0, 1.0],
                [1.0, 0.0, 0.0, -5e-06, 0.0, 0.0, -1.0, 0.868586, 0.0, 1.0, 0.0, 0.763972, 0.0, 0.0, 0.0, 1.0],
                [1.0, 0.0, 0.0, -5e-06, 0.0, 0.0, -1.0, 0.868586, 0.0, 1.0, 0.0, 0.763972, 0.0, 0.0, 0.0, 1.0],
                [1.0, 0.0, 0.0, -5e-06, 0.0, 0.0, -1.0, 0.868586, 0.0, 1.0, 0.0, 0.763972, 0.0, 0.0, 0.0, 1.0],
                [1.0, 0.0, 0.0, -5e-06, 0.0, 0.0, -1.0, 0.868586, 0.0, 1.0, 0.0, 0.763972, 0.0, 0.0, 0.0, 1.0],
                [1.0, 0.0, 0.0, -5e-06, 0.0, 0.0, -1.0, 0.868586, 0.0, 1.0, 0.0, 0.763972, 0.0, 0.0, 0.0, 1.0],
                [1.0, 0.0, 0.0, -5e-06, 0.0, 0.0, -1.0, 0.884869, 0.0, 1.0, 0.0, 0.763972, 0.0, 0.0, 0.0, 1.0],
                [1.0, 0.0, 0.0, -5e-06, 0.0, 0.0, -1.0, 0.929516, 0.0, 1.0, 0.0, 0.763972, 0.0, 0.0, 0.0, 1.0],
                [1.0, 0.0, 0.0, -5e-06, 0.0, 0.0, -1.0, 0.996223, 0.0, 1.0, 0.0, 0.763972, 0.0, 0.0, 0.0, 1.0],
                [1.0, 0.0, 0.0, -5e-06, 0.0, 0.0, -1.0, 1.078689, 0.0, 1.0, 0.0, 0.763972, 0.0, 0.0, 0.0, 1.0],
                [1.0, 0.0, 0.0, -5e-06, 0.0, 0.0, -1.0, 1.170609, 0.0, 1.0, 0.0, 0.763972, 0.0, 0.0, 0.0, 1.0],
                [1.0, 0.0, 0.0, -5e-06, 0.0, 0.0, -1.0, 1.26568, 0.0, 1.0, 0.0, 0.763972, 0.0, 0.0, 0.0, 1.0],
                [1.0, 0.0, 0.0, -5e-06, 0.0, 0.0, -1.0, 1.3576, 0.0, 1.0, 0.0, 0.763972, 0.0, 0.0, 0.0, 1.0],
                [1.0, 0.0, 0.0, -5e-06, 0.0, 0.0, -1.0, 1.440065, 0.0, 1.0, 0.0, 0.763972, 0.0, 0.0, 0.0, 1.0],
                [1.0, 0.0, 0.0, -5e-06, 0.0, 0.0, -1.0, 1.506773, 0.0, 1.0, 0.0, 0.763972, 0.0, 0.0, 0.0, 1.0],
                [1.0, 0.0, 0.0, -5e-06, 0.0, 0.0, -1.0, 1.55142, 0.0, 1.0, 0.0, 0.763972, 0.0, 0.0, 0.0, 1.0],
                [1.0, 0.0, 0.0, -5e-06, 0.0, 0.0, -1.0, 1.567702, 0.0, 1.0, 0.0, 0.763972, 0.0, 0.0, 0.0, 1.0],
                [1.0, 0.0, 0.0, -5e-06, 0.0, 0.0, -1.0, 1.567702, 0.0, 1.0, 0.0, 0.763972, 0.0, 0.0, 0.0, 1.0],
                [1.0, 0.0, 0.0, -5e-06, 0.0, 0.0, -1.0, 1.567702, 0.0, 1.0, 0.0, 0.763972, 0.0, 0.0, 0.0, 1.0],
                [1.0, 0.0, 0.0, -5e-06, 0.0, 0.0, -1.0, 1.567702, 0.0, 1.0, 0.0, 0.763972, 0.0, 0.0, 0.0, 1.0],
                [1.0, 0.0, 0.0, -5e-06, 0.0, 0.0, -1.0, 1.567702, 0.0, 1.0, 0.0, 0.763972, 0.0, 0.0, 0.0, 1.0],
                [1.0, 0.0, 0.0, -5e-06, 0.0, 0.0, -1.0, 1.567702, 0.0, 1.0, 0.0, 0.763972, 0.0, 0.0, 0.0, 1.0],
                [1.0, 0.0, 0.0, -5e-06, 0.0, 0.0, -1.0, 1.567702, 0.0, 1.0, 0.0, 0.763972, 0.0, 0.0, 0.0, 1.0],
                [1.0, 0.0, 0.0, -5e-06, 0.0, 0.0, -1.0, 1.567702, 0.0, 1.0, 0.0, 0.763972, 0.0, 0.0, 0.0, 1.0],
                [1.0, 0.0, 0.0, -5e-06, 0.0, 0.0, -1.0, 1.567702, 0.0, 1.0, 0.0, 0.763972, 0.0, 0.0, 0.0, 1.0],
                [1.0, 0.0, 0.0, -5e-06, 0.0, 0.0, -1.0, 1.567702, 0.0, 1.0, 0.0, 0.763972, 0.0, 0.0, 0.0, 1.0],
                [1.0, 0.0, 0.0, -5e-06, 0.0, 0.0, -1.0, 1.567702, 0.0, 1.0, 0.0, 0.763972, 0.0, 0.0, 0.0, 1.0],
                [1.0, 0.0, 0.0, -5e-06, 0.0, 0.0, -1.0, 1.567702, 0.0, 1.0, 0.0, 0.763972, 0.0, 0.0, 0.0, 1.0],
                [1.0, 0.0, 0.0, -5e-06, 0.0, 0.0, -1.0, 1.567702, 0.0, 1.0, 0.0, 0.763972, 0.0, 0.0, 0.0, 1.0],
                [1.0, 0.0, 0.0, -5e-06, 0.0, 0.0, -1.0, 1.567702, 0.0, 1.0, 0.0, 0.763972, 0.0, 0.0, 0.0, 1.0],
                [1.0, 0.0, 0.0, -5e-06, 0.0, 0.0, -1.0, 1.567702, 0.0, 1.0, 0.0, 0.763972, 0.0, 0.0, 0.0, 1.0],
                [1.0, 0.0, 0.0, -5e-06, 0.0, 0.0, -1.0, 1.567702, 0.0, 1.0, 0.0, 0.763972, 0.0, 0.0, 0.0, 1.0],
                [1.0, 0.0, 0.0, -5e-06, 0.0, 0.0, -1.0, 1.567702, 0.0, 1.0, 0.0, 0.763972, 0.0, 0.0, 0.0, 1.0],
                [1.0, 0.0, 0.0, -5e-06, 0.0, 0.0, -1.0, 1.567702, 0.0, 1.0, 0.0, 0.763972, 0.0, 0.0, 0.0, 1.0],
                [1.0, 0.0, 0.0, -5e-06, 0.0, 0.0, -1.0, 1.567702, 0.0, 1.0, 0.0, 0.763972, 0.0, 0.0, 0.0, 1.0],
                [1.0, 0.0, 0.0, -5e-06, 0.0, 0.0, -1.0, 1.567702, 0.0, 1.0, 0.0, 0.763972, 0.0, 0.0, 0.0, 1.0],
                [1.0, 0.0, 0.0, -5e-06, 0.0, 0.0, -1.0, 1.567702, 0.0, 1.0, 0.0, 0.763972, 0.0, 0.0, 0.0, 1.0],
                [1.0, 0.0, 0.0, -5e-06, 0.0, 0.0, -1.0, 1.562811, 0.0, 1.0, 0.0, 0.763972, 0.0, 0.0, 0.0, 1.0],
                [1.0, 0.0, 0.0, -5e-06, 0.0, 0.0, -1.0, 1.548936, 0.0, 1.0, 0.0, 0.763972, 0.0, 0.0, 0.0, 1.0],
                [1.0, 0.0, 0.0, -5e-06, 0.0, 0.0, -1.0, 1.527275, 0.0, 1.0, 0.0, 0.763972, 0.0, 0.0, 0.0, 1.0],
                [1.0, 0.0, 0.0, -5e-06, 0.0, 0.0, -1.0, 1.499025, 0.0, 1.0, 0.0, 0.763972, 0.0, 0.0, 0.0, 1.0],
                [1.0, 0.0, 0.0, -5e-06, 0.0, 0.0, -1.0, 1.465385, 0.0, 1.0, 0.0, 0.763972, 0.0, 0.0, 0.0, 1.0],
                [1.0, 0.0, 0.0, -5e-06, 0.0, 0.0, -1.0, 1.427553, 0.0, 1.0, 0.0, 0.763972, 0.0, 0.0, 0.0, 1.0],
                [1.0, 0.0, 0.0, -5e-06, 0.0, 0.0, -1.0, 1.386726, 0.0, 1.0, 0.0, 0.763972, 0.0, 0.0, 0.0, 1.0],
                [1.0, 0.0, 0.0, -5e-06, 0.0, 0.0, -1.0, 1.344102, 0.0, 1.0, 0.0, 0.763972, 0.0, 0.0, 0.0, 1.0],
                [1.0, 0.0, 0.0, -5e-06, 0.0, 0.0, -1.0, 1.300879, 0.0, 1.0, 0.0, 0.763972, 0.0, 0.0, 0.0, 1.0],
                [1.0, 0.0, 0.0, -5e-06, 0.0, 0.0, -1.0, 1.258256, 0.0, 1.0, 0.0, 0.763972, 0.0, 0.0, 0.0, 1.0],
                [1.0, 0.0, 0.0, -5e-06, 0.0, 0.0, -1.0, 1.217429, 0.0, 1.0, 0.0, 0.763972, 0.0, 0.0, 0.0, 1.0],
                [1.0, 0.0, 0.0, -5e-06, 0.0, 0.0, -1.0, 1.179596, 0.0, 1.0, 0.0, 0.763972, 0.0, 0.0, 0.0, 1.0],
                [1.0, 0.0, 0.0, -5e-06, 0.0, 0.0, -1.0, 1.145956, 0.0, 1.0, 0.0, 0.763972, 0.0, 0.0, 0.0, 1.0],
                [1.0, 0.0, 0.0, -5e-06, 0.0, 0.0, -1.0, 1.117707, 0.0, 1.0, 0.0, 0.763972, 0.0, 0.0, 0.0, 1.0],
                [1.0, 0.0, 0.0, -5e-06, 0.0, 0.0, -1.0, 1.096046, 0.0, 1.0, 0.0, 0.763972, 0.0, 0.0, 0.0, 1.0],
                [1.0, 0.0, 0.0, -5e-06, 0.0, 0.0, -1.0, 1.08217, 0.0, 1.0, 0.0, 0.763972, 0.0, 0.0, 0.0, 1.0],
                [1.0, 0.0, 0.0, -5e-06, 0.0, 0.0, -1.0, 1.077279, 0.0, 1.0, 0.0, 0.763972, 0.0, 0.0, 0.0, 1.0]
            ]
        },
        {
            "name": "Thigh_R",
            "time": [0.0167, 0.0333, 0.05, 0.0667, 0.0833, 0.1, 0.1167, 0.1333, 0.15, 0.1667, 0.1833, 0.2, 0.2167, 0.2333, 0.25, 0.2667, 0.2833, 0.3, 0.3167, 0.3333, 0.35, 0.3667, 0.3833, 0.4, 0.4167, 0.4333, 0.45, 0.4667, 0.4833, 0.5, 0.5167, 0.5333, 0.55, 0.5667, 0.5833, 0.6, 0.6167, 0.6333, 0.65, 0.6667, 0.6833, 0.7, 0.7167, 0.7333, 0.75, 0.7667, 0.7833, 0.8, 0.8167, 0.8333, 0.85, 0.8667, 0.8833, 0.9, 0.9167, 0.9333, 0.95, 0.9667, 0.9833, 1.0, 1.0167, 1.0333, 1.05, 1.0667, 1.0833, 1.1, 1.1167, 1.1333, 1.15, 1.1667, 1.1833, 1.2, 1.2167, 1.2333, 1.25, 1.2667],
            "transform": [
                [0.969577, 0.19067, 0.153511, 0.124994, 0.098696, -0.878389, 0.467645, -0.002831, 0.224009, -0.438267, -0.870484, -1.2e-05, 0.0, 0.0, 0.0, 1.0],
                [0.969577, 0.19141, 0.152588, 0.124994, 0.098696, -0.876118, 0.471885, -0.002831, 0.224009, -0.442469, -0.868356, -1.2e-05, 0.0, 0.0, 0.0, 1.0],
                [0.969577, 0.193297, 0.15019, 0.124994, 0.098696, -0.870168, 0.482769, -0.002831, 0.224009, -0.453258, -0.862773, -1.2e-05, 0.0, 0.0, 0.0, 1.0],
                [0.969577, 0.195829, 0.146873, 0.124994, 0.098696, -0.861812, 0.497532, -0.002831, 0.224009, -0.4679, -0.854921, -1.2e-05, 0.0, 0.0, 0.0, 1.0],
                [0.969577, 0.198523, 0.143211, 0.124994, 0.098696, -0.852422, 0.513454, -0.002831, 0.224009, -0.483699, -0.846083, -1.2e-05, 0.0, 0.0, 0.0, 1.0],
                [0.969577, 0.200936, 0.139806, 0.124994, 0.098696, -0.843546, 0.52791, -0.002831, 0.224009, -0.498051, -0.837714, -1.2e-05, 0.0, 0.0, 0.0, 1.0],
                [0.969577, 0.202663, 0.13729, 0.124994, 0.098696, -0.8369, 0.538384, -0.002831, 0.224009, -0.508455, -0.831441, -1.2e-05, 0.0, 0.0, 0.0, 1.0],
                [0.969577, 0.203324, 0.136309, 0.124994, 0.098696, -0.834288, 0.542422, -0.002831, 0.224009, -0.512467, -0.828974, -1.2e-05, 0.0, 0.0, 0.0, 1.0],
                [0.969577, 0.201738, 0.138645, 0.124994, 0.098696, -0.840488, 0.532765, -0.002831, 0.224009, -0.502873, -0.834828, -1.2e-05, 0.0, 0.0, 0.0, 1.0],
                [0.969577, 0.197168, 0.145071, 0.124994, 0.098696, -0.857214, 0.505414, -0.002831, 0.224009, -0.47572, -0.850594, -1.2e-05, 0.0, 0.0, 0.0, 1.0],
                [0.969577, 0.189761, 0.154633, 0.124994, 0.098696, -0.881131, 0.462456, -0.002831, 0.224009, -0.433125, -0.873054, -1.2e-05, 0.0, 0.0, 0.0, 1.0],
                [0.969577, 0.179636, 0.166288, 0.124994, 0.098696, -0.908531, 0.405992, -0.002831, 0.224009, -0.377229, -0.89862, -1.2e-05, 0.0, 0.0, 0.0, 1.0],
                [0.969577, 0.167019, 0.178957, 0.124994, 0.098696, -0.935743, 0.338591, -0.002831, 0.224009, -0.310628, -0.923759, -1.2e-05, 0.0, 0.0, 0.0, 1.0],
                [0.969577, 0.152345, 0.191603, 0.124994, 0.098696, -0.959587, 0.263537, -0.002831, 0.224009, -0.236609, -0.945429, -1.2e-05, 0.0, 0.0, 0.0, 1.0],
                [0.969577, 0.1363, 0.20333, 0.124994, 0.098696, -0.977803, 0.184826, -0.002831, 0.224009, -0.159135, -0.961507, -1.2e-05, 0.0, 0.0, 0.0, 1.0],
                [0.969577, 0.119795, 0.213471, 0.124994, 0.098696, -0.989356, 0.106928, -0.002831, 0.224009, -0.082606, -0.97108, -1.2e-05, 0.0, 0.0, 0.0, 1.0],
                [0.969577, 0.103893, 0.221646, 0.124994, 0.098696, -0.994522, 0.034425, -0.002831, 0.224009, -0.011502, -0.974519, -1.2e-05, 0.0, 0.0, 0.0, 1.0],
                [0.969577, 0.089714, 0.227755, 0.124994, 0.098696, -0.994714, -0.028336, -0.002831, 0.224009, 0.049952, -0.973306, -1.2e-05, 0.0, 0.0, 0.0, 1.0],
                [0.969577, 0.078355, 0.231908, 0.124994, 0.098696, -0.9921, -0.077434, -0.002831, 0.224009, 0.097967, -0.969651, -1.2e-05, 0.0, 0.0, 0.0, 1.0],
                [0.969577, 0.070844, 0.234312, 0.124994, 0.098696, -0.989091, -0.109352, -0.002831, 0.224009, 0.129151, -0.965992, -1.2e-05, 0.0, 0.0, 0.0, 1.0],
                [0.969577, 0.068137, 0.235113, 0.124994, 0.098696, -0.987764, -0.120751, -0.002831, 0.224009, 0.140282, -0.964438, -1.2e-05, 0.0, 0.0, 0.0, 1.0],
                [0.969577, 0.068137, 0.235113, 0.124994, 0.098696, -0.987764, -0.120751, -0.002831, 0.224009, 0.140282, -0.964438, -1.2e-05, 0.0, 0.0, 0.0, 1.0],
                [0.969577, 0.068137, 0.235113, 0.124994, 0.098696, -0.987764, -0.120751, -0.002831, 0.224009, 0.140282, -0.964438, -1.2e-05, 0.0, 0.0, 0.0, 1.0],
                [0.969577, 0.068137, 0.235113, 0.124994, 0.098696, -0.987764, -0.120751, -0.002831, 0.224009, 0.140282, -0.964438, -1.2e-05, 0.0, 0.0, 0.0, 1.0],
                [0.969577, 0.068137, 0.235113, 0.124994, 0.098696, -0.987764, -0.120751, -0.002831, 0.224009, 0.140282, -0.964438, -1.2e-05, 0.0, 0.0, 0.0, 1.0],
                [0.969577, 0.068137, 0.235113, 0.124994, 0.098696, -0.987764, -0.120751, -0.002831, 0.224009, 0.140282, -0.964438, -1.2e-05, 0.0, 0.0, 0.0, 1.0],
                [0.969577, 0.068137, 0.235113, 0.124994, 0.098696, -0.987764, -0.120751, -0.002831, 0.224009, 0.140282, -0.964438, -1.2e-05, 0.0, 0.0, 0.0, 1.0],
                [0.969577, 0.068137, 0.235113, 0.124994, 0.098696, -0.987764, -0.120751, -0.002831, 0.224009, 0.140282, -0.964438, -1.2e-05, 0.0, 0.0, 0.0, 1.0],
                [0.969577, 0.068137, 0.235113, 0.124994, 0.098696, -0.987764, -0.120751, -0.002831, 0.224009, 0.140282, -0.964438, -1.2e-05, 0.0, 0.0, 0.0, 1.0],
                [0.969577, 0.068137, 0.235113, 0.124994, 0.098696, -0.987764, -0.120751, -0.002831, 0.224009, 0.140282, -0.964438, -1.2e-05, 0.0, 0.0, 0.0, 1.0],
                [0.969577, 0.068137, 0.235113, 0.124994, 0.098696, -0.987764, -0.120751, -0.002831, 0.224009, 0.140282, -0.964438, -1.2e-05, 0.0, 0.0, 0.0, 1.0],
                [0.969577, 0.068137, 0.235113, 0.124994, 0.098696, -0.987764, -0.120751, -0.002831, 0.224009, 0.140282, -0.964438, -1.2e-05, 0.0, 0.0, 0.0, 1.0],
                [0.969577, 0.088699, 0.228152, 0.124994, 0.098696, -0.994578, -0.032765, -0.002831, 0.224009, 0.054286, -0.973074, -1.2e-05, 0.0, 0.0, 0.0, 1.0],
                [0.969577, 0.135652, 0.203763, 0.124994, 0.098696, -0.978386, 0.181712, -0.002831, 0.224009, -0.156073, -0.962009, -1.2e-05, 0.0, 0.0, 0.0, 1.0],
                [0.969577, 0.183818, 0.161654, 0.124994, 0.098696, -0.897884, 0.429025, -0.002831, 0.224009, -0.400018, -0.88871, -1.2e-05, 0.0, 0.0, 0.0, 1.0],
                [0.969577, 0.214259, 0.118379, 0.124994, 0.098696, -0.784723, 0.611938, -0.002831, 0.224009, -0.581637, -0.781996, -1.2e-05, 0.0, 0.0, 0.0, 1.0],
                [0.969577, 0.223905, 0.098932, 0.124994, 0.098696, -0.727423, 0.679054, -0.002831, 0.224009, -0.648631, -0.727391, -1.2e-05, 0.0, 0.0, 0.0, 1.0],
                [0.969577, 0.223905, 0.098932, 0.124994, 0.098696, -0.727423, 0.679054, -0.002831, 0.224009, -0.648631, -0.727391, -1.2e-05, 0.0, 0.0, 0.0, 1.0],
                [0.969577, 0.223905, 0.098932, 0.124994, 0.098696, -0.727423, 0.679054, -0.002831, 0.224009, -0.648631, -0.727391, -1.2e-05, 0.0, 0.0, 0.0, 1.0],
                [0.969577, 0.223905, 0.098932, 0.124994, 0.098696, -0.727423, 0.679054, -0.002831, 0.224009, -0.648631, -0.727391, -1.2e-05, 0.0, 0.0, 0.0, 1.0],
                [0.969577, 0.223905, 0.098932, 0.124994, 0.098696, -0.727423, 0.679054, -0.002831, 0.224009, -0.648631, -0.727391, -1.2e-05, 0.0, 0.0, 0.0, 1.0],
                [0.969577, 0.223905, 0.098932, 0.124994, 0.098696, -0.727423, 0.679054, -0.002831, 0.224009, -0.648631, -0.727391, -1.2e-05, 0.0, 0.0, 0.0, 1.0],
                [0.969577, 0.223905, 0.098932, 0.124994, 0.098696, -0.727423, 0.679054, -0.002831, 0.224009, -0.648631, -0.727391, -1.2e-05, 0.0, 0.0, 0.0, 1.0],
                [0.969577, 0.223905, 0.098932, 0.124994, 0.098696, -0.727423, 0.679054, -0.002831, 0.224009, -0.648631, -0.727391, -1.2e-05, 0.0, 0.0, 0.0, 1.0],
                [0.969577, 0.223905, 0.098932, 0.124994, 0.098696, -0.727423, 0.679054, -0.002831, 0.224009, -0.648631, -0.727391, -1.2e-05, 0.0, 0.0, 0.0, 1.0],
                [0.969577, 0.223905, 0.098932, 0.124994, 0.098696, -0.727423, 0.679054, -0.002831, 0.224009, -0.648631, -0.727391, -1.2e-05, 0.0, 0.0, 0.0, 1.0],
                [0.969577, 0.223905, 0.098932, 0.124994, 0.098696, -0.727423, 0.679054, -0.002831, 0.224009, -0.648631, -0.727391, -1.2e-05, 0.0, 0.0, 0.0, 1.0],
                [0.969577, 0.223905, 0.098932, 0.124994, 0.098696, -0.727423, 0.679054, -0.002831, 0.224009, -0.648631, -0.727391, -1.2e-05, 0.0, 0.0, 0.0, 1.0],
                [0.969577, 0.223905, 0.098932, 0.124994, 0.098696, -0.727423, 0.679054, -0.002831, 0.224009, -0.648631, -0.727391, -1.2e-05, 0.0, 0.0, 0.0, 1.0],
                [0.969577, 0.223905, 0.098932, 0.124994, 0.098696, -0.727423, 0.679054, -0.002831, 0.224009, -0.648631, -0.727391, -1.2e-05, 0.0, 0.0, 0.0, 1.0],
                [0.969577, 0.223905, 0.098932, 0.124994, 0.098696, -0.727423, 0.679054, -0.002831, 0.224009, -0.648631, -0.727391, -1.2e-05, 0.0, 0.0, 0.0, 1.0],
                [0.969577, 0.223905, 0.098932, 0.124994, 0.098696, -0.727423, 0.679054, -0.002831, 0.224009, -0.648631, -0.727391, -1.2e-05, 0.0, 0.0, 0.0, 1.0],
                [0.969577, 0.223905, 0.098932, 0.124994, 0.098696, -0.727423, 0.679054, -0.002831, 0.224009, -0.648631, -0.727391, -1.2e-05, 0.0, 0.0, 0.0, 1.0],
                [0.969577, 0.223905, 0.098932, 0.124994, 0.098696, -0.727423, 0.679054, -0.002831, 0.224009, -0.648631, -0.727391, -1.2e-05, 0.0, 0.0, 0.0, 1.0],
                [0.969577, 0.223905, 0.098932, 0.124994, 0.098696, -0.727423, 0.679054, -0.002831, 0.224009, -0.648631, -0.727391, -1.2e-05, 0.0, 0.0, 0.0, 1.0],
                [0.969577, 0.223905, 0.098932, 0.124994, 0.098696, -0.727423, 0.679054, -0.002831, 0.224009, -0.648631, -0.727391, -1.2e-05, 0.0, 0.0, 0.0, 1.0],
                [0.969577, 0.223905, 0.098932, 0.124994, 0.098696, -0.727423, 0.679054, -0.002831, 0.224009, -0.648631, -0.727391, -1.2e-05, 0.0, 0.0, 0.0, 1.0],
                [0.969577, 0.223905, 0.098932, 0.124994, 0.098696, -0.727423, 0.679054, -0.002831, 0.224009, -0.648631, -0.727391, -1.2e-05, 0.0, 0.0, 0.0, 1.0],
                [0.969577, 0.223905, 0.098932, 0.124994, 0.098696, -0.727423, 0.679054, -0.002831, 0.224009, -0.648631, -0.727391, -1.2e-05, 0.0, 0.0, 0.0, 1.0],
                [0.969577, 0.223905, 0.098932, 0.124994, 0.098696, -0.727423, 0.679054, -0.002831, 0.224009, -0.648631, -0.727391, -1.2e-05, 0.0, 0.0, 0.0, 1.0],
                [0.969577, 0.223574, 0.099676, 0.124994, 0.098696, -0.729678, 0.67663, -0.002831, 0.224009, -0.646208, -0.729545, -1.2e-05, 0.0, 0.0, 0.0, 1.0],
                [0.969577, 0.222631, 0.101765, 0.124994, 0.098696, -0.735982, 0.669768, -0.002831, 0.224009, -0.639348, -0.735564, -1.2e-05, 0.0, 0.0, 0.0, 1.0],
                [0.969577, 0.221134, 0.104978, 0.124994, 0.098696, -0.745604, 0.65904, -0.002831, 0.224009, -0.628629, -0.744745, -1.2e-05, 0.0, 0.0, 0.0, 1.0],
                [0.969577, 0.219135, 0.10909, 0.124994, 0.098696, -0.757783, 0.644999, -0.002831, 0.224009, -0.614609, -0.756357, -1.2e-05, 0.0, 0.0, 0.0, 1.0],
                [0.969577, 0.216687, 0.113874, 0.124994, 0.098696, -0.771759, 0.628209, -0.002831, 0.224009, -0.597858, -0.769666, -1.2e-05, 0.0, 0.0, 0.0, 1.0],
                [0.969577, 0.213857, 0.119105, 0.124994, 0.098696, -0.786794, 0.609273, -0.002831, 0.224009, -0.578982, -0.783965, -1.2e-05, 0.0, 0.0, 0.0, 1.0],
                [0.969577, 0.210724, 0.124563, 0.124994, 0.098696, -0.802196, 0.588847, -0.002831, 0.224009, -0.558639, -0.798588, -1.2e-05, 0.0, 0.0, 0.0, 1.0],
                [0.969577, 0.207392, 0.130036, 0.124994, 0.098696, -0.817334, 0.567648, -0.002831, 0.224009, -0.537544, -0.812937, -1.2e-05, 0.0, 0.0, 0.0, 1.0],
                [0.969577, 0.203981, 0.135324, 0.124994, 0.098696, -0.831655, 0.546451, -0.002831, 0.224009, -0.51647, -0.826486, -1.2e-05, 0.0, 0.0, 0.0, 1.0],
                [0.969577, 0.200633, 0.14024, 0.124994, 0.098696, -0.844686, 0.526084, -0.002831, 0.224009, -0.496237, -0.83879, -1.2e-05, 0.0, 0.0, 0.0, 1.0],
                [0.969577, 0.197506, 0.144611, 0.124994, 0.098696, -0.856031, 0.507415, -0.002831, 0.224009, -0.477705, -0.849481, -1.2e-05, 0.0, 0.0, 0.0, 1.0],
                [0.969577, 0.19477, 0.148274, 0.124994, 0.098696, -0.865359, 0.491337, -0.002831, 0.224009, -0.461755, -0.858256, -1.2e-05, 0.0, 0.0, 0.0, 1.0],
                [0.969577, 0.192603, 0.151079, 0.124994, 0.098696, -0.872384, 0.478754, -0.002831, 0.224009, -0.449278, -0.864852, -1.2e-05, 0.0, 0.0, 0.0, 1.0],
                [0.969577, 0.19118, 0.152876, 0.124994, 0.098696, -0.876828, 0.470564, -0.002831, 0.224009, -0.44116, -0.869021, -1.2e-05, 0.0, 0.0, 0.0, 1.0],
                [0.969577, 0.19067, 0.153511, 0.124994, 0.098696, -0.878389, 0.467645, -0.002831, 0.224009, -0.438267, -0.870484, -1.2e-05, 0.0, 0.0, 0.0, 1.0],
                [0.969577, 0.19067, 0.153511, 0.124994, 0.098696, -0.878389, 0.467645, -0.002831, 0.224009, -0.438267, -0.870484, -1.2e-05, 0.0, 0.0, 0.0, 1.0]
            ]
        },
        {
            "name": "Leg_R",
            "time": [0.0167, 0.0333, 0.05, 0.0667, 0.0833, 0.1, 0.1167, 0.1333, 0.15, 0.1667, 0.1833, 0.2, 0.2167, 0.2333, 0.25, 0.2667, 0.2833, 0.3, 0.3167, 0.3333, 0.35, 0.3667, 0.3833, 0.4, 0.4167, 0.4333, 0.45, 0.4667, 0.4833, 0.5, 0.5167, 0.5333, 0.55, 0.5667, 0.5833, 0.6, 0.6167, 0.6333, 0.65, 0.6667, 0.6833, 0.7, 0.7167, 0.7333, 0.75, 0.7667, 0.7833, 0.8, 0.8167, 0.8333, 0.85, 0.8667, 0.8833, 0.9, 0.9167, 0.9333, 0.95, 0.9667, 0.9833, 1.0, 1.0167, 1.0333, 1.05, 1.0667, 1.0833, 1.1, 1.1167, 1.1333, 1.15, 1.1667, 1.1833, 1.2, 1.2167, 1.2333, 1.25, 1.2667],
            "transform": [
                [1.0, -0.0, 1e-06, -0.0, -1e-06, 0.819152, 0.573577, 0.37472, -1e-06, -0.573577, 0.819152, -0.0, 0.0, 0.0, 0.0, 1.0],
                [1.0, -0.0, 1e-06, 0.0, -0.0, 0.819515, 0.573058, 0.37472, -1e-06, -0.573058, 0.819515, 0.0, 0.0, 0.0, 0.0, 1.0],
                [1.0, -0.0, 1e-06, 0.0, -1e-06, 0.820551, 0.571574, 0.37472, -1e-06, -0.571574, 0.820551, -0.0, 0.0, 0.0, 0.0, 1.0],
                [1.0, -0.0, 1e-06, -0.0, -1e-06, 0.82218, 0.569227, 0.37472, -1e-06, -0.569227, 0.82218, 0.0, 0.0, 0.0, 0.0, 1.0],
                [1.0, -0.0, 1e-06, -0.0, -1e-06, 0.824323, 0.56612, 0.37472, -1e-06, -0.56612, 0.824323, -0.0, 0.0, 0.0, 0.0, 1.0],
                [1.0, -0.0, 1e-06, -0.0, -1e-06, 0.826895, 0.562356, 0.37472, -1e-06, -0.562356, 0.826895, 0.0, 0.0, 0.0, 0.0, 1.0],
                [1.0, -0.0, 1e-06, 0.0, -0.0, 0.829816, 0.558037, 0.37472, -1e-06, -0.558037, 0.829816, -0.0, 0.0, 0.0, 0.0, 1.0],
                [1.0, -0.0, 1e-06, 0.0, -0.0, 0.833004, 0.553267, 0.37472, -1e-06, -0.553266, 0.833004, 0.0, 0.0, 0.0, 0.0, 1.0],
                [1.0, -0.0, 1e-06, -0.0, -0.0, 0.836381, 0.548149, 0.37472, -1e-06, -0.548149, 0.836381, 0.0, 0.0, 0.0, 0.0, 1.0],
                [1.0, 0.0, 1e-06, 0.0, -1e-06, 0.839868, 0.542791, 0.37472, -1e-06, -0.542791, 0.839868, 0.0, 0.0, 0.0, 0.0, 1.0],
                [1.0, 0.0, 1e-06, -0.0, -1e-06, 0.843391, 0.5373, 0.37472, -1e-06, -0.5373, 0.843391, -0.0, 0.0, 0.0, 0.0, 1.0],
                [1.0, 0.0, 1e-06, 0.0, -0.0, 0.846879, 0.531786, 0.37472, -1e-06, -0.531786, 0.846879, 0.0, 0.0, 0.0, 0.0, 1.0],
                [1.0, 0.0, 1e-06, 0.0, -0.0, 0.850261, 0.526361, 0.37472, -1e-06, -0.526361, 0.850261, 0.0, 0.0, 0.0, 0.0, 1.0],
                [1.0, -0.0, 1e-06, 0.0, -0.0, 0.853472, 0.521138, 0.37472, -1e-06, -0.521138, 0.853472, 0.0, 0.0, 0.0, 0.0, 1.0],
                [1.0, 0.0, 1e-06, -0.0, -1e-06, 0.856449, 0.516232, 0.37472, -1e-06, -0.516232, 0.856449, 0.0, 0.0, 0.0, 0.0, 1.0],
                [1.0, 0.0, 1e-06, 0.0, -0.0, 0.859128, 0.51176, 0.37472, -1e-06, -0.51176, 0.859128, 0.0, 0.0, 0.0, 0.0, 1.0],
                [1.0, 0.0, 1e-06, 0.0, -1e-06, 0.861453, 0.507838, 0.37472, -1e-06, -0.507838, 0.861453, 0.0, 0.0, 0.0, 0.0, 1.0],
                [1.0, 0.0, 1e-06, -0.0, -1e-06, 0.863363, 0.504583, 0.37472, -1e-06, -0.504583, 0.863363, -0.0, 0.0, 0.0, 0.0, 1.0],
                [1.0, 0.0, 1e-06, -0.0, -1e-06, 0.864801, 0.502114, 0.37472, -1e-06, -0.502114, 0.864801, 0.0, 0.0, 0.0, 0.0, 1.0],
                [1.0, 0.0, 1e-06, -0.0, -0.0, 0.865709, 0.500548, 0.37472, -1e-06, -0.500548, 0.865709, -0.0, 0.0, 0.0, 0.0, 1.0],
                [1.0, 0.0, 1e-06, -0.0, -0.0, 0.866025, 0.5, 0.37472, -1e-06, -0.5, 0.866025, -0.0, 0.0, 0.0, 0.0, 1.0],
                [1.0, 0.0, 1e-06, -0.0, -0.0, 0.866025, 0.5, 0.37472, -1e-06, -0.5, 0.866025, -0.0, 0.0, 0.0, 0.0, 1.0],
                [1.0, 0.0, 1e-06, -0.0, -0.0, 0.866025, 0.5, 0.37472, -1e-06, -0.5, 0.866025, -0.0, 0.0, 0.0, 0.0, 1.0],
                [1.0, 0.0, 1e-06, -0.0, -0.0, 0.866025, 0.5, 0.37472, -1e-06, -0.5, 0.866025, -0.0, 0.0, 0.0, 0.0, 1.0],
                [1.0, 0.0, 1e-06, -0.0, -0.0, 0.866025, 0.5, 0.37472, -1e-06, -0.5, 0.866025, -0.0, 0.0, 0.0, 0.0, 1.0],
                [1.0, 0.0, 1e-06, -0.0, -0.0, 0.866025, 0.5, 0.37472, -1e-06, -0.5, 0.866025, -0.0, 0.0, 0.0, 0.0, 1.0],
                [1.0, 0.0, 1e-06, -0.0, -0.0, 0.866025, 0.5, 0.37472, -1e-06, -0.5, 0.866025, -0.0, 0.0, 0.0, 0.0, 1.0],
                [1.0, 0.0, 1e-06, -0.0, -0.0, 0.866025, 0.5, 0.37472, -1e-06, -0.5, 0.866025, -0.0, 0.0, 0.0, 0.0, 1.0],
                [1.0, 0.0, 1e-06, 0.0, -0.0, 0.866025, 0.5, 0.37472, -1e-06, -0.5, 0.866025, -0.0, 0.0, 0.0, 0.0, 1.0],
                [1.0, 0.0, 1e-06, -0.0, -0.0, 0.866025, 0.5, 0.37472, -1e-06, -0.5, 0.866025, -0.0, 0.0, 0.0, 0.0, 1.0],
                [1.0, 0.0, 1e-06, -0.0, -0.0, 0.863599, 0.50418, 0.37472, -1e-06, -0.50418, 0.863599, -0.0, 0.0, 0.0, 0.0, 1.0],
                [1.0, 0.0, 1e-06, -0.0, -0.0, 0.857247, 0.514905, 0.37472, -1e-06, -0.514905, 0.857247, 0.0, 0.0, 0.0, 0.0, 1.0],
                [1.0, 0.0, 1e-06, -0.0, -1e-06, 0.848345, 0.529444, 0.37472, -1e-06, -0.529444, 0.848345, -0.0, 0.0, 0.0, 0.0, 1.0],
                [1.0, -0.0, 1e-06, -0.0, -0.0, 0.838365, 0.54511, 0.37472, -1e-06, -0.54511, 0.838365, -0.0, 0.0, 0.0, 0.0, 1.0],
                [1.0, -0.0, 1e-06, -0.0, -0.0, 0.828951, 0.559322, 0.37472, -1e-06, -0.559322, 0.82895, 0.0, 0.0, 0.0, 0.0, 1.0],
                [1.0, -0.0, 1e-06, 0.0, -1e-06, 0.821914, 0.569611, 0.37472, -1e-06, -0.569611, 0.821914, -0.0, 0.0, 0.0, 0.0, 1.0],
                [1.0, -0.0, 1e-06, 0.0, -0.0, 0.819152, 0.573577, 0.37472, -1e-06, -0.573577, 0.819152, 0.0, 0.0, 0.0, 0.0, 1.0],
                [1.0, -0.0, 1e-06, -0.0, -0.0, 0.819152, 0.573577, 0.37472, -1e-06, -0.573577, 0.819152, 0.0, 0.0, 0.0, 0.0, 1.0],
                [1.0, -0.0, 1e-06, 0.0, -0.0, 0.819152, 0.573577, 0.37472, -1e-06, -0.573577, 0.819152, 0.0, 0.0, 0.0, 0.0, 1.0],
                [1.0, -0.0, 1e-06, 0.0, -0.0, 0.819152, 0.573577, 0.37472, -1e-06, -0.573577, 0.819152, 0.0, 0.0, 0.0, 0.0, 1.0],
                [1.0, -0.0, 1e-06, 0.0, -0.0, 0.819152, 0.573577, 0.37472, -1e-06, -0.573577, 0.819152, 0.0, 0.0, 0.0, 0.0, 1.0],
                [1.0, -0.0, 1e-06, 0.0, -0.0, 0.819152, 0.573577, 0.37472, -1e-06, -0.573577, 0.819152, 0.0, 0.0, 0.0, 0.0, 1.0],
                [1.0, -0.0, 1e-06, 0.0, -0.0, 0.819152, 0.573577, 0.37472, -1e-06, -0.573577, 0.819152, 0.0, 0.0, 0.0, 0.0, 1.0],
                [1.0, -0.0, 1e-06, 0.0, -0.0, 0.819152, 0.573577, 0.37472, -1e-06, -0.573577, 0.819152, 0.0, 0.0, 0.0, 0.0, 1.0],
                [1.0, -0.0, 1e-06, 0.0, -0.0, 0.819152, 0.573577, 0.37472, -1e-06, -0.573577, 0.819152, 0.0, 0.0, 0.0, 0.0, 1.0],
                [1.0, -0.0, 1e-06, 0.0, -0.0, 0.819152, 0.573577, 0.37472, -1e-06, -0.573577, 0.819152, 0.0, 0.0, 0.0, 0.0, 1.0],
                [1.0, -0.0, 1e-06, 0.0, -0.0, 0.819152, 0.573577, 0.37472, -1e-06, -0.573577, 0.819152, 0.0, 0.0, 0.0, 0.0, 1.0],
                [1.0, -0.0, 1e-06, 0.0, -0.0, 0.819152, 0.573577, 0.37472, -1e-06, -0.573577, 0.819152, 0.0, 0.0, 0.0, 0.0, 1.0],
                [1.0, -0.0, 1e-06, 0.0, -0.0, 0.819152, 0.573577, 0.37472, -1e-06, -0.573577, 0.819152, 0.0, 0.0, 0.0, 0.0, 1.0],
                [1.0, -0.0, 1e-06, 0.0, -0.0, 0.819152, 0.573577, 0.37472, -1e-06, -0.573577, 0.819152, 0.0, 0.0, 0.0, 0.0, 1.0],
                [1.0, -0.0, 1e-06, 0.0, -0.0, 0.819152, 0.573577, 0.37472, -1e-06, -0.573577, 0.819152, 0.0, 0.0, 0.0, 0.0, 1.0],
                [1.0, -0.0, 1e-06, 0.0, -0.0, 0.819152, 0.573577, 0.37472, -1e-06, -0.573577, 0.819152, 0.0, 0.0, 0.0, 0.0, 1.0],
                [1.0, -0.0, 1e-06, 0.0, -0.0, 0.819152, 0.573577, 0.37472, -1e-06, -0.573577, 0.819152, 0.0, 0.0, 0.0, 0.0, 1.0],
                [1.0, -0.0, 1e-06, 0.0, -0.0, 0.819152, 0.573577, 0.37472, -1e-06, -0.573577, 0.819152, 0.0, 0.0, 0.0, 0.0, 1.0],
                [1.0, -0.0, 1e-06, 0.0, -0.0, 0.819152, 0.573577, 0.37472, -1e-06, -0.573577, 0.819152, 0.0, 0.0, 0.0, 0.0, 1.0],
                [1.0, -0.0, 1e-06, 0.0, -0.0, 0.819152, 0.573577, 0.37472, -1e-06, -0.573577, 0.819152, 0.0, 0.0, 0.0, 0.0, 1.0],
                [1.0, -0.0, 1e-06, 0.0, -0.0, 0.819152, 0.573577, 0.37472, -1e-06, -0.573577, 0.819152, 0.0, 0.0, 0.0, 0.0, 1.0],
                [1.0, -0.0, 1e-06, 0.0, -0.0, 0.819152, 0.573577, 0.37472, -1e-06, -0.573577, 0.819152, 0.0, 0.0, 0.0, 0.0, 1.0],
                [1.0, -0.0, 1e-06, 0.0, -0.0, 0.819152, 0.573577, 0.37472, -1e-06, -0.573577, 0.819152, 0.0, 0.0, 0.0, 0.0, 1.0],
                [1.0, -0.0, 1e-06, -0.0, -0.0, 0.819152, 0.573577, 0.37472, -1e-06, -0.573577, 0.819152, 0.0, 0.0, 0.0, 0.0, 1.0],
                [1.0, -0.0, 1e-06, 0.0, -0.0, 0.819152, 0.573577, 0.37472, -1e-06, -0.573577, 0.819152, 0.0, 0.0, 0.0, 0.0, 1.0],
                [1.0, -0.0, 1e-06, 0.0, -1e-06, 0.819152, 0.573577, 0.37472, -1e-06, -0.573577, 0.819152, 0.0, 0.0, 0.0, 0.0, 1.0],
                [1.0, -0.0, 1e-06, 0.0, -0.0, 0.819152, 0.573577, 0.37472, -1e-06, -0.573577, 0.819152, -0.0, 0.0, 0.0, 0.0, 1.0],
                [1.0, -0.0, 1e-06, 0.0, -0.0, 0.819152, 0.573577, 0.37472, -1e-06, -0.573577, 0.819152, -0.0, 0.0, 0.0, 0.0, 1.0],
                [1.0, -0.0, 1e-06, 0.0, -0.0, 0.819152, 0.573577, 0.37472, -1e-06, -0.573577, 0.819152, -0.0, 0.0, 0.0, 0.0, 1.0],
                [1.0, -0.0, 1e-06, -0.0, -1e-06, 0.819152, 0.573577, 0.37472, -1e-06, -0.573577, 0.819152, -0.0, 0.0, 0.0, 0.0, 1.0],
                [1.0, -0.0, 1e-06, 0.0, -1e-06, 0.819152, 0.573577, 0.37472, -1e-06, -0.573577, 0.819152, 0.0, 0.0, 0.0, 0.0, 1.0],
                [1.0, -0.0, 1e-06, 0.0, -1e-06, 0.819152, 0.573577, 0.37472, -1e-06, -0.573577, 0.819152, 0.0, 0.0, 0.0, 0.0, 1.0],
                [1.0, -0.0, 1e-06, -0.0, -1e-06, 0.819152, 0.573577, 0.37472, -1e-06, -0.573577, 0.819152, 0.0, 0.0, 0.0, 0.0, 1.0],
                [1.0, -0.0, 1e-06, -0.0, -0.0, 0.819152, 0.573577, 0.37472, -1e-06, -0.573577, 0.819152, 0.0, 0.0, 0.0, 0.0, 1.0],
                [1.0, -0.0, 1e-06, 0.0, -1e-06, 0.819152, 0.573577, 0.37472, -1e-06, -0.573577, 0.819152, 0.0, 0.0, 0.0, 0.0, 1.0],
                [1.0, -0.0, 1e-06, 0.0, -1e-06, 0.819152, 0.573577, 0.37472, -1e-06, -0.573577, 0.819152, -0.0, 0.0, 0.0, 0.0, 1.0],
                [1.0, -0.0, 1e-06, -0.0, -1e-06, 0.819152, 0.573577, 0.37472, -1e-06, -0.573577, 0.819152, 0.0, 0.0, 0.0, 0.0, 1.0],
                [1.0, -0.0, 1e-06, -0.0, -0.0, 0.819152, 0.573577, 0.37472, -1e-06, -0.573577, 0.819152, -0.0, 0.0, 0.0, 0.0, 1.0],
                [1.0, -0.0, 1e-06, 0.0, -1e-06, 0.819152, 0.573577, 0.37472, -1e-06, -0.573577, 0.819152, 0.0, 0.0, 0.0, 0.0, 1.0],
                [1.0, -0.0, 1e-06, -0.0, -1e-06, 0.819152, 0.573577, 0.37472, -1e-06, -0.573577, 0.819152, -0.0, 0.0, 0.0, 0.0, 1.0]
            ]
        },
        {
            "name": "Knee_R",
            "time": [0.0167, 0.0333, 0.05, 0.0667, 0.0833, 0.1, 0.1167, 0.1333, 0.15, 0.1667, 0.1833, 0.2, 0.2167, 0.2333, 0.25, 0.2667, 0.2833, 0.3, 0.3167, 0.3333, 0.35, 0.3667, 0.3833, 0.4, 0.4167, 0.4333, 0.45, 0.4667, 0.4833, 0.5, 0.5167, 0.5333, 0.55, 0.5667, 0.5833, 0.6, 0.6167, 0.6333, 0.65, 0.6667, 0.6833, 0.7, 0.7167, 0.7333, 0.75, 0.7667, 0.7833, 0.8, 0.8167, 0.8333, 0.85, 0.8667, 0.8833, 0.9, 0.9167, 0.9333, 0.95, 0.9667, 0.9833, 1.0, 1.0167, 1.0333, 1.05, 1.0667, 1.0833, 1.1, 1.1167, 1.1333, 1.15, 1.1667, 1.1833, 1.2, 1.2167, 1.2333, 1.25, 1.2667],
            "transform": [
                [1.0, 0.0, -0.0, -0.0, -0.0, 0.0, -1.0, 0.37472, -0.0, 1.0, 0.0, -0.0, 0.0, 0.0, 0.0, 1.0],
