{
    "armature": {
        "joints": ["Root", "Thigh_R", "Leg_R", "Knee_R", "Thigh_L", "Leg_L", "Knee_L", "Torso", "Chest", "Head", "Shoulder_R", "Arm_R", "Hand_R", "Tool_R", "Elbow_R", "Shoulder_L", "Arm_L", "Hand_L", "Tool_L", "Elbow_L"],
        "hierarchy": [
            {
                "name": "Root",
                "transform": [1.0, 0.0, 0.0, -5e-06, 0.0, 0.0, -1.0, 0.000946, 0.0, 1.0, 0.0, 0.763972, 0.0, 0.0, 0.0, 1.0],
                "children": [
                    {
                        "name": "Thigh_R",
                        "transform": [1.0, -0.0, -0.0, 0.124994, -0.0, -1.0, 0.0, -0.002831, -0.0, -0.0, -1.0, -1.2e-05, 0.0, 0.0, 0.0, 1.0],
                        "children": [
                            {
                                "name": "Leg_R",
                                "transform": [1.0, 0.0, 1e-06, 0.0, -0.0, 1.0, 0.0, 0.37472, -1e-06, -0.0, 1.0, -0.0, 0.0, 0.0, 0.0, 1.0],
                                "children": []
                            },
                            {
                                "name": "Knee_R",
                                "transform": [1.0, 0.0, -0.0, 0.0, -0.0, 0.0, -1.0, 0.37472, -0.0, 1.0, 0.0, -0.0, 0.0, 0.0, 0.0, 1.0],
                                "children": []
                            }
                        ]
                    },
                    {
                        "name": "Thigh_L",
                        "transform": [1.0, -0.0, -0.0, -0.125006, -0.0, -1.0, 0.0, -0.002831, -0.0, -0.0, -1.0, -1.2e-05, 0.0, 0.0, 0.0, 1.0],
                        "children": [
                            {
                                "name": "Leg_L",
                                "transform": [1.0, 0.0, 1e-06, -0.0, -0.0, 1.0, 0.0, 0.37472, -1e-06, -0.0, 1.0, 0.0, 0.0, 0.0, 0.0, 1.0],
                                "children": []
                            },
                            {
                                "name": "Knee_L",
                                "transform": [1.0, 0.0, -0.0, -0.0, -0.0, 0.0, -1.0, 0.37472, -0.0, 1.0, 0.0, 0.0, 0.0, 0.0, 0.0, 1.0],
                                "children": []
                            }
                        ]
                    },
                    {
                        "name": "Torso",
                        "transform": [1.0, 0.0, 0.0, 0.0, 0.0, 1.0, 0.0, 0.05, 0.0, 0.0, 1.0, 0.0, 0.0, 0.0, 0.0, 1.0],
                        "children": [
                            {
                                "name": "Chest",
                                "transform": [1.0, 0.0, 0.0, 0.0, 0.0, 1.0, 0.0, 0.3, 0.0, 0.0, 1.0, 0.0, 0.0, 0.0, 0.0, 1.0],
                                "children": [
                                    {
                                        "name": "Head",
                                        "transform": [1.0, 0.0, 0.0, 0.0, 0.0, 1.0, 0.0, 0.4, 0.0, 0.0, 1.0, 0.0, 0.0, 0.0, 0.0, 1.0],
                                        "children": []
                                    },
                                    {
                                        "name": "Shoulder_R",
                                        "transform": [0.0, 0.952114, 0.305743, 0.0, 0.0, -0.305743, 0.952114, 0.4, 1.0, 0.0, -0.0, 0.0, 0.0, 0.0, 0.0, 1.0],
                                        "children": [
                                            {
                                                "name": "Arm_R",
                                                "transform": [0.0, -0.0, -1.0, -0.0, 0.952114, 0.305743, 0.0, 0.39386, 0.305743, -0.952114, 0.0, 0.0, 0.0, 0.0, 0.0, 1.0],
                                                "children": [
                                                    {
                                                        "name": "Hand_R",
                                                        "transform": [1.0, 0.0, 0.0, 0.0, -0.0, 0.993938, 0.109947, 0.3, -0.0, -0.109947, 0.993937, 0.0, 0.0, 0.0, 0.0, 1.0],
                                                        "children": [
                                                            {
                                                                "name": "Tool_R",
                                                                "transform": [1.0, 0.0, 0.0, -0.0, 0.0, -0.999836, 0.018122, 0.272858, 0.0, -0.018122, -0.999836, 0.0, 0.0, 0.0, 0.0, 1.0],
                                                                "children": []
                                                            }
                                                        ]
                                                    },
                                                    {
                                                        "name": "Elbow_R",
                                                        "transform": [-1.0, 0.0, -0.0, 0.0, 0.0, 0.0, -1.0, 0.3, -0.0, -1.0, -0.0, 0.0, 0.0, 0.0, 0.0, 1.0],
                                                        "children": []
                                                    }
                                                ]
                                            }
                                        ]
                                    },
                                    {
                                        "name": "Shoulder_L",
                                        "transform": [-0.0, -0.952114, -0.305743, 0.0, 0.0, -0.305743, 0.952114, 0.4, -1.0, 0.0, 0.0, 0.0, 0.0, 0.0, 0.0, 1.0],
                                        "children": [
                                            {
                                                "name": "Arm_L",
                                                "transform": [-0.0, -0.0, 1.0, -0.0, -0.952114, 0.305743, -0.0, 0.39386, -0.305743, -0.952114, -0.0, 0.0, 0.0, 0.0, 0.0, 1.0],
                                                "children": [
                                                    {
                                                        "name": "Hand_L",
                                                        "transform": [1.0, -0.0, 0.0, -0.0, 0.0, 0.993937, 0.109947, 0.3, -0.0, -0.109947, 0.993937, 0.0, 0.0, 0.0, 0.0, 1.0],
                                                        "children": [
                                                            {
                                                                "name": "Tool_L",
                                                                "transform": [1.0, 0.0, 0.0, -0.0, -0.0, -0.999836, 0.018122, 0.272858, 0.0, -0.018122, -0.999836, -0.0, 0.0, 0.0, 0.0, 1.0],
                                                                "children": []
                                                            }
                                                        ]
                                                    },
                                                    {
                                                        "name": "Elbow_L",
                                                        "transform": [-1.0, 0.0, -0.0, -0.0, 0.0, -0.0, -1.0, 0.3, -0.0, -1.0, 0.0, 0.0, 0.0, 0.0, 0.0, 1.0],
                                                        "children": []
                                                    }
                                                ]
                                            }
                                        ]
                                    }
                                ]
                            }
                        ]
                    }
                ]
            }
        ]
    },
    "animation": [
        {
            "name": "Root",
            "time": [0.0167, 0.0333, 0.05, 0.0667, 0.0833, 0.1, 0.1167, 0.1333, 0.15, 0.1667, 0.1833, 0.2, 0.2167, 0.2333, 0.25, 0.2667, 0.2833, 0.3, 0.3167, 0.3333, 0.35, 0.3667, 0.3833, 0.4, 0.4167, 0.4333, 0.45, 0.4667, 0.4833, 0.5, 0.5167, 0.5333, 0.55, 0.5667, 0.5833, 0.6, 0.6167, 0.6333, 0.65, 0.6667, 0.6833, 0.7, 0.7167, 0.7333, 0.75, 0.7667, 0.7833, 0.8, 0.8167, 0.8333, 0.85, 0.8667, 0.8833, 0.9, 0.9167, 0.9333, 0.95, 0.9667, 0.9833, 1.0, 1.0167, 1.0333, 1.05, 1.0667, 1.0833, 1.1, 1.1167, 1.1333, 1.15, 1.1667, 1.1833, 1.2, 1.2167, 1.2333, 1.25, 1.2667, 1.2833, 1.3, 1.3167, 1.3333, 1.35, 1.3667, 1.3833, 1.4, 1.4167, 1.4333, 1.45, 1.4667, 1.4833, 1.5, 1.5167, 1.5333, 1.55, 1.5667, 1.5833, 1.6, 1.6167],
            "transform": [
                [1.0, 0.0, 0.0, -5e-06, 0.0, 0.0, -1.0, 0.000946, 0.0, 1.0, 0.0, 0.763972, 0.0, 0.0, 0.0, 1.0],
                [1.0, 0.0, 0.0, -5e-06, 0.0, 0.0, -1.0, -0.003474, 0.0, 1.0, 0.0, 0.763972, 0.0, 0.0, 0.0, 1.0],
                [1.0, 0.0, 0.0, -5e-06, 0.0, 0.0, -1.0, -0.015849, 0.0, 1.0, 0.0, 0.763972, 0.0, 0.0, 0.0, 1.0],
                [1.0, 0.0, 0.0, -5e-06, 0.0, 0.0, -1.0, -0.034855, 0.0, 1.0, 0.0, 0.763972, 0.0, 0.0, 0.0, 1.0],
                [1.0, 0.0, 0.0, -5e-06, 0.0, 0.0, -1.0, -0.059165, 0.0, 1.0, 0.0, 0.763972, 0.0, 0.0, 0.0, 1.0],
                [1.0, 0.0, 0.0, -5e-06, 0.0, 0.0, -1.0, -0.087452, 0.0, 1.0, 0.0, 0.763972, 0.0, 0.0, 0.0, 1.0],
                [1.0, 0.0, 0.0, -5e-06, 0.0, 0.0, -1.0, -0.118392, 0.0, 1.0, 0.0, 0.763972, 0.0, 0.0, 0.0, 1.0],
                [1.0, 0.0, 0.0, -5e-06, 0.0, 0.0, -1.0, -0.150658, 0.0, 1.0, 0.0, 0.763972, 0.0, 0.0, 0.0, 1.0],
                [1.0, 0.0, 0.0, -5e-06, 0.0, 0.0, -1.0, -0.182923, 0.0, 1.0, 0.0, 0.763972, 0.0, 0.0, 0.0, 1.0],
                [1.0, 0.0, 0.0, -5e-06, 0.0, 0.0, -1.0, -0.213863, 0.0, 1.0, 0.0, 0.763972, 0.0, 0.0, 0.0, 1.0],
                [1.0, 0.0, 0.0, -5e-06, 0.0, 0.0, -1.0, -0.242151, 0.0, 1.0, 0.0, 0.763972, 0.0, 0.0, 0.0, 1.0],
                [1.0, 0.0, 0.0, -5e-06, 0.0, 0.0, -1.0, -0.26646, 0.0, 1.0, 0.0, 0.763972, 0.0, 0.0, 0.0, 1.0],
                [1.0, 0.0, 0.0, -5e-06, 0.0, 0.0, -1.0, -0.285466, 0.0, 1.0, 0.0, 0.763972, 0.0, 0.0, 0.0, 1.0],
                [1.0, 0.0, 0.0, -5e-06, 0.0, 0.0, -1.0, -0.297842, 0.0, 1.0, 0.0, 0.763972, 0.0, 0.0, 0.0, 1.0],
                [1.0, 0.0, 0.0, -5e-06, 0.0, 0.0, -1.0, -0.302262, 0.0, 1.0, 0.0, 0.763972, 0.0, 0.0, 0.0, 1.0],
                [1.0, 0.0, 0.0, -5e-06, 0.0, 0.0, -1.0, -0.294152, 0.0, 1.0, 0.0, 0.763972, 0.0, 0.0, 0.0, 1.0],
                [1.0, 0.0, 0.0, -5e-06, 0.0, 0.0, -1.0, -0.269574, 0.0, 1.0, 0.0, 0.763972, 0.0, 0.0, 0.0, 1.0],
                [1.0, 0.0, 0.0, -5e-06, 0.0, 0.0, -1.0, -0.228151, 0.0, 1.0, 0.0, 0.763972, 0.0, 0.0, 0.0, 1.0],
                [1.0, 0.0, 0.0, -5e-06, 0.0, 0.0, -1.0, -0.169507, 0.0, 1.0, 0.0, 0.763972, 0.0, 0.0, 0.0, 1.0],
                [1.0, 0.0, 0.0, -5e-06, 0.0, 0.0, -1.0, -0.093266, 0.0, 1.0, 0.0, 0.763972, 0.0, 0.0, 0.0, 1.0],
                [1.0, 0.0, 0.0, -5e-06, 0.0, 0.0, -1.0, 0.000946, 0.0, 1.0, 0.0, 0.763972, 0.0, 0.0, 0.0, 1.0],
                [1.0, 0.0, 0.0, -5e-06, 0.0, 0.0, -1.0, 0.112339, 0.0, 1.0, 0.0, 0.763972, 0.0, 0.0, 0.0, 1.0],
                [1.0, 0.0, 0.0, -5e-06, 0.0, 0.0, -1.0, 0.235452, 0.0, 1.0, 0.0, 0.763972, 0.0, 0.0, 0.0, 1.0],
                [1.0, 0.0, 0.0, -5e-06, 0.0, 0.0, -1.0, 0.363655, 0.0, 1.0, 0.0, 0.763972, 0.0, 0.0, 0.0, 1.0],
                [1.0, 0.0, 0.0, -5e-06, 0.0, 0.0, -1.0, 0.490321, 0.0, 1.0, 0.0, 0.763972, 0.0, 0.0, 0.0, 1.0],
                [1.0, 0.0, 0.0, -5e-06, 0.0, 0.0, -1.0, 0.60882, 0.0, 1.0, 0.0, 0.763972, 0.0, 0.0, 0.0, 1.0],
                [1.0, 0.0, 0.0, -5e-06, 0.0, 0.0, -1.0, 0.712525, 0.0, 1.0, 0.0, 0.763972, 0.0, 0.0, 0.0, 1.0],
                [1.0, 0.0, 0.0, -5e-06, 0.0, 0.0, -1.0, 0.794807, 0.0, 1.0, 0.0, 0.763972, 0.0, 0.0, 0.0, 1.0],
                [1.0, 0.0, 0.0, -5e-06, 0.0, 0.0, -1.0, 0.849036, 0.0, 1.0, 0.0, 0.763972, 0.0, 0.0, 0.0, 1.0],
                [1.0, 0.0, 0.0, -5e-06, 0.0, 0.0, -1.0, 0.868586, 0.0, 1.0, 0.0, 0.763972, 0.0, 0.0, 0.0, 1.0],
                [1.0, 0.0, 0.0, -5e-06, 0.0, 0.0, -1.0, 0.868586, 0.0, 1.0, 0.0, 0.763972, 0.0, 0.0, 0.0, 1.0],
                [1.0, 0.0, 0.0, -5e-06, 0.0, 0.0, -1.0, 0.868586, 0.0, 1.0, 0.0, 0.763972, 0.0, 0.0, 0.0, 1.0],
                [1.0, 0.0, 0.0, -5e-06, 0.0, 0.0, -1.0, 0.868586, 0.0, 1.0, 0.0, 0.763972, 0.0, 0.0, 0.0, 1.0],
                [1.0, 0.0, 0.0, -5e-06, 0.0, 0.0, -1.0, 0.868586, 0.0, 1.0, 0.0, 0.763972, 0.0, 0.0, 0.0, 1.0],
                [1.0, 0.0, 0.0, -5e-06, 0.0, 0.0, -1.0, 0.868586, 0.0, 1.0, 0.0, 0.763972, 0.0, 0.0, 0.0, 1.0],
                [1.0, 0.0, 0.0, -5e-06, 0.0, 0.0, -1.0, 0.868586, 0.0, 1.0, 0.0, 0.763972, 0.0, 0.0, 0.0, 1.0],
                [1.0, 0.0, 0.0, -5e-06, 0.0, 0.0, -1.0, 0.868586, 0.0, 1.0, 0.0, 0.763972, 0.0, 0.0, 0.0, 1.0],
                [1.0, 0.0, 0.0, -5e-06, 0.0, 0.0, -1.0, 0.868586, 0.0, 1.0, 0.0, 0.763972, 0.0, 0.0, 0.0, 1.0],
                [1.0, 0.0, 0.0, -5e-06, 0.0, 0.0, -1.0, 0.868586, 0.0, 1.0, 0.0, 0.763972, 0.0, 0.0, 0.0, 1.0],
                [1.0, 0.0, 0.0, -5e-06, 0.0, 0.0, -1.0, 0.868586, 0.0, 1.0, 0.0, 0.763972, 0.0, 0.0, 0.0, 1.0],
                [1.0, 0.0, 0.0, -5e-06, 0.0, 0.0, -1.0, 0.868586, 0.0, 1.0, 0.0, 0.763972, 0.0, 0.0, 0.0, 1.0],
                [1.0, 0.0, 0.0, -5e-06, 0.0, 0.0, -1.0, 0.868586, 0.0, 1.0, 0.0, 0.763972, 0.0, 0.0, 0.0, 1.0],
                [1.0, 0.0, 0.0, -5e-06, 0.0, 0.0, -1.0, 0.868586, 0.0, 1.0, 0.0, 0.763972, 0.0, 0.0, 0.0, 1.0],
                [1.0, 0.0, 0.0, -5e-06, 0.0, 0.0, -1.0, 0.868586, 0.0, 1.0, 0.0, 0.763972, 0.0, 0.0, 0.0, 1.0],
                [1.0, 0.0, 0.0, -5e-06, 0.0, 0.0, -1.0, 0.868586, 0.0, 1.0, 0.0, 0.763972, 0.0, 0.0, 0.0, 1.0],
                [1.0, 0.0, 0.0, -5e-06, 0.0, 0.0, -1.0, 0.868586, 0.0, 1.0, 0.0, 0.763972, 0.0, 0.0, 0.0, 1.0],
                [1.0, 0.0, 0.0, -5e-06, 0.0, 0.0, -1.0, 0.868586, 0.0, 1.0, 0.0, 0.763972, 0.0, 0.0, 0.0, 1.0],
                [1.0, 0.0, 0.0, -5e-06, 0.0, 0.0, -1.0, 0.868586, 0.0, 1.0, 0.0, 0.763972, 0.0, 0.0, 0.0, 1.0],
                [1.0, 0.0, 0.0, -5e-06, 0.0, 0.0, -1.0, 0.868586, 0.0, 1.0, 0.0, 0.763972, 0.0, 0.0, 0.0, 1.0],
                [1.0, 0.0, 0.0, -5e-06, 0.0, 0.0, -1.0, 0.868586, 0.0, 1.0, 0.0, 0.763972, 0.0, 0.0, 0.0, 1.0],
                [1.0, 0.0, 0.0, -5e-06, 0.0, 0.0, -1.0, 0.868586, 0.0, 1.0, 0.0, 0.763972, 0.0, 0.0, 0.0, 1.0],
                [1.0, 0.0, 0.0, -5e-06, 0.0, 0.0, -1.0, 0.868586, 0.0, 1.0, 0.0, 0.763972, 0.0, 0.0, 0.0, 1.0],
                [1.0, 0.0, 0.0, -5e-06, 0.0, 0.0, -1.0, 0.868586, 0.0, 1.0, 0.0, 0.763972, 0.0, 0.0, 0.0, 1.0],
                [1.0, 0.0, 0.0, -5e-06, 0.0, 0.0, -1.0, 0.868586, 0.0, 1.0, 0.0, 0.763972, 0.0, 0.0, 0.0, 1.0],
                [1.0, 0.0, 0.0, -5e-06, 0.0, 0.0, -1.0, 0.868586, 0.0, 1.0, 0.0, 0.763972, 0.0, 0.0, 0.0, 1.0],
                [1.0, 0.0, 0.0, -5e-06, 0.0, 0.0, -1.0, 0.868586, 0.0, 1.0, 0.0, 0.763972, 0.0, 0.0, 0.0, 1.0],
                [1.0, 0.0, 0.0, -5e-06, 0.0, 0.0, -1.0, 0.868586, 0.0, 1.0, 0.0, 0.763972, 0.0, 0.0, 0.0, 1.0],
                [1.0, 0.0, 0.0, -5e-06, 0.0, 0.0, -1.0, 0.868586, 0.0, 1.0, 0.0, 0.763972, 0.0, 0.0, 0.0, 1.0],
                [1.0, 0.0, 0.0, -5e-06, 0.0, 0.0, -1.0, 0.868586, 0.0, 1.0, 0.0, 0.763972, 0.0, 0.0, 0.0, 1.0],
                [1.0, 0.0, 0.0, -5e-06, 0.0, 0.0, -1.0, 0.868586, 0.0, 1.0, 0.0, 0.763972, 0.0, 0.0, 0.0, 1.0],
                [1.0, 0.0, 0.0, -5e-06, 0.0, 0.0, -1.0, 0.868586, 0.0, 1.0, 0.0, 0.763972, 0.0, 0.0, 0.0, 1.0],
                [1.0, 0.0, 0.0, -5e-06, 0.0, 0.0, -1.0, 0.868586, 0.0, 1.0, 0.0, 0.763972, 0.0, 0.0, 0.0, 1.0],
                [1.0, 0.0, 0.0, -5e-06, 0.0, 0.0, -1.0, 0.868586, 0.0, 1.0, 0.0, 0.763972, 0.0, 0.0, 0.0, 1.0],
                [1.0, 0.0, 0.0, -5e-06, 0.0, 0.0, -1.0, 0.868586, 0.0, 1.0, 0.0, 0.763972, 0.0, 0.0, 0.0, 1.0],
                [1.0, 0.0, 0.0, -5e-06, 0.0, 0.0, -1.0, 0.868586, 0.0, 1.0, 0.0, 0.763972, 0.0, 0.0, 0.0, 1.0],
                [1.0, 0.0, 0.0, -5e-06, 0.0, 0.0, -1.0, 0.868586, 0.0, 1.0, 0.0, 0.763972, 0.0, 0.0, 0.0, 1.0],
                [1.0, 0.0, 0.0, -5e-06, 0.0, 0.0, -1.0, 0.868586, 0.0, 1.0, 0.0, 0.763972, 0.0, 0.0, 0.0, 1.0],
                [1.0, 0.0, 0.0, -5e-06, 0.0, 0.0, -1.0, 0.868586, 0.0, 1.0, 0.0, 0.763972, 0.0, 0.0, 0.0, 1.0],
                [1.0, 0.0, 0.0, -5e-06, 0.0, 0.0, -1.0, 0.868586, 0.0, 1.0, 0.0, 0.763972, 0.0, 0.0, 0.0, 1.0],
                [1.0, 0.0, 0.0, -5e-06, 0.0, 0.0, -1.0, 0.868586, 0.0, 1.0, 0.0, 0.763972, 0.0, 0.0, 0.0, 1.0],
                [1.0, 0.0, 0.0, -5e-06, 0.0, 0.0, -1.0, 0.868586, 0.0, 1.0, 0.0, 0.763972, 0.0, 0.0, 0.0, 1.0],
                [1.0, 0.0, 0.0, -5e-06, 0.0, 0.0, -1.0, 0.868586, 0.0, 1.0, 0.0, 0.763972, 0.0, 0.0, 0.0, 1.0],
                [1.0, 0.0, 0.0, -5e-06, 0.0, 0.0, -1.0, 0.868586, 0.0, 1.0, 0.0, 0.763972, 0.0, 0.0, 0.0, 1.0],
                [1.0, 0.0, 0.0, -5e-06, 0.0, 0.0, -1.0, 0.866673, 0.0, 1.0, 0.0, 0.763972, 0.0, 0.0, 0.0, 1.0],
                [1.0, 0.0, 0.0, -5e-06, 0.0, 0.0, -1.0, 0.861151, 0.0, 1.0, 0.0, 0.763972, 0.0, 0.0, 0.0, 1.0],
                [1.0, 0.0, 0.0, -5e-06, 0.0, 0.0, -1.0, 0.852349, 0.0, 1.0, 0.0, 0.763972, 0.0, 0.0, 0.0, 1.0],
                [1.0, 0.0, 0.0, -5e-06, 0.0, 0.0, -1.0, 0.840595, 0.0, 1.0, 0.0, 0.763972, 0.0, 0.0, 0.0, 1.0],
                [1.0, 0.0, 0.0, -5e-06, 0.0, 0.0, -1.0, 0.826217, 0.0, 1.0, 0.0, 0.763972, 0.0, 0.0, 0.0, 1.0],
                [1.0, 0.0, 0.0, -5e-06, 0.0, 0.0, -1.0, 0.809543, 0.0, 1.0, 0.0, 0.763972, 0.0, 0.0, 0.0, 1.0],
                [1.0, 0.0, 0.0, -5e-06, 0.0, 0.0, -1.0, 0.790901, 0.0, 1.0, 0.0, 0.763972, 0.0, 0.0, 0.0, 1.0],
                [1.0, 0.0, 0.0, -5e-06, 0.0, 0.0, -1.0, 0.770618, 0.0, 1.0, 0.0, 0.763972, 0.0, 0.0, 0.0, 1.0],
                [1.0, 0.0, 0.0, -5e-06, 0.0, 0.0, -1.0, 0.749024, 0.0, 1.0, 0.0, 0.763972, 0.0, 0.0, 0.0, 1.0],
                [1.0, 0.0, 0.0, -5e-06, 0.0, 0.0, -1.0, 0.726445, 0.0, 1.0, 0.0, 0.763972, 0.0, 0.0, 0.0, 1.0],
                [1.0, 0.0, 0.0, -5e-06, 0.0, 0.0, -1.0, 0.703211, 0.0, 1.0, 0.0, 0.763972, 0.0, 0.0, 0.0, 1.0],
                [1.0, 0.0, 0.0, -5e-06, 0.0, 0.0, -1.0, 0.679648, 0.0, 1.0, 0.0, 0.763972, 0.0, 0.0, 0.0, 1.0],
                [1.0, 0.0, 0.0, -5e-06, 0.0, 0.0, -1.0, 0.656086, 0.0, 1.0, 0.0, 0.763972, 0.0, 0.0, 0.0, 1.0],
                [1.0, 0.0, 0.0, -5e-06, 0.0, 0.0, -1.0, 0.632851, 0.0, 1.0, 0.0, 0.763972, 0.0, 0.0, 0.0, 1.0],
                [1.0, 0.0, 0.0, -5e-06, 0.0, 0.0, -1.0, 0.610273, 0.0, 1.0, 0.0, 0.763972, 0.0, 0.0, 0.0, 1.0],
                [1.0, 0.0, 0.0, -5e-06, 0.0, 0.0, -1.0, 0.588679, 0.0, 1.0, 0.0, 0.763972, 0.0, 0.0, 0.0, 1.0],
                [1.0, 0.0, 0.0, -5e-06, 0.0, 0.0, -1.0, 0.568396, 0.0, 1.0, 0.0, 0.763972, 0.0, 0.0, 0.0, 1.0],
                [1.0, 0.0, 0.0, -5e-06, 0.0, 0.0, -1.0, 0.549754, 0.0, 1.0, 0.0, 0.763972, 0.0, 0.0, 0.0, 1.0],
                [1.0, 0.0, 0.0, -5e-06, 0.0, 0.0, -1.0, 0.53308, 0.0, 1.0, 0.0, 0.763972, 0.0, 0.0, 0.0, 1.0],
                [1.0, 0.0, 0.0, -5e-06, 0.0, 0.0, -1.0, 0.518702, 0.0, 1.0, 0.0, 0.763972, 0.0, 0.0, 0.0, 1.0],
                [1.0, 0.0, 0.0, -5e-06, 0.0, 0.0, -1.0, 0.506948, 0.0, 1.0, 0.0, 0.763972, 0.0, 0.0, 0.0, 1.0],
                [1.0, 0.0, 0.0, -5e-06, 0.0, 0.0, -1.0, 0.498146, 0.0, 1.0, 0.0, 0.763972, 0.0, 0.0, 0.0, 1.0],
                [1.0, 0.0, 0.0, -5e-06, 0.0, 0.0, -1.0, 0.492624, 0.0, 1.0, 0.0, 0.763972, 0.0, 0.0, 0.0, 1.0],
                [1.0, 0.0, 0.0, -5e-06, 0.0, 0.0, -1.0, 0.490711, 0.0, 1.0, 0.0, 0.763972, 0.0, 0.0, 0.0, 1.0]
            ]
        },
        {
            "name": "Thigh_R",
            "time": [0.0167, 0.0333, 0.05, 0.0667, 0.0833, 0.1, 0.1167, 0.1333, 0.15, 0.1667, 0.1833, 0.2, 0.2167, 0.2333, 0.25, 0.2667, 0.2833, 0.3, 0.3167, 0.3333, 0.35, 0.3667, 0.3833, 0.4, 0.4167, 0.4333, 0.45, 0.4667, 0.4833, 0.5, 0.5167, 0.5333, 0.55, 0.5667, 0.5833, 0.6, 0.6167, 0.6333, 0.65, 0.6667, 0.6833, 0.7, 0.7167, 0.7333, 0.75, 0.7667, 0.7833, 0.8, 0.8167, 0.8333, 0.85, 0.8667, 0.8833, 0.9, 0.9167, 0.9333, 0.95, 0.9667, 0.9833, 1.0, 1.0167, 1.0333, 1.05, 1.0667, 1.0833, 1.1, 1.1167, 1.1333, 1.15, 1.1667, 1.1833, 1.2, 1.2167, 1.2333, 1.25, 1.2667, 1.2833, 1.3, 1.3167, 1.3333, 1.35, 1.3667, 1.3833, 1.4, 1.4167, 1.4333, 1.45, 1.4667, 1.4833, 1.5, 1.5167, 1.5333, 1.55, 1.5667, 1.5833, 1.6, 1.6167],
            "transform": [
                [0.969577, 0.144441, 0.19763, 0.124994, 0.098696, -0.969494, 0.224367, -0.002831, 0.224009, -0.198035, -0.954255, -1.2e-05, 0.0, 0.0, 0.0, 1.0],
                [0.969577, 0.145789, 0.196638, 0.124994, 0.098696, -0.967938, 0.230988, -0.002831, 0.224009, -0.204553, -0.952879, -1.2e-05, 0.0, 0.0, 0.0, 1.0],
                [0.969577, 0.149483, 0.193845, 0.124994, 0.098696, -0.963395, 0.249257, -0.002831, 0.224009, -0.222542, -0.948839, -1.2e-05, 0.0, 0.0, 0.0, 1.0],
                [0.969577, 0.15497, 0.189487, 0.124994, 0.098696, -0.955865, 0.276731, -0.002831, 0.224009, -0.24961, -0.94208, -1.2e-05, 0.0, 0.0, 0.0, 1.0],
                [0.969577, 0.161681, 0.183794, 0.124994, 0.098696, -0.9453, 0.310911, -0.002831, 0.224009, -0.283313, -0.932499, -1.2e-05, 0.0, 0.0, 0.0, 1.0],
                [0.969577, 0.169055, 0.177035, 0.124994, 0.098696, -0.931809, 0.349272, -0.002831, 0.224009, -0.321173, -0.920146, -1.2e-05, 0.0, 0.0, 0.0, 1.0],
                [0.969577, 0.176565, 0.169545, 0.124994, 0.098696, -0.915804, 0.389309, -0.002831, 0.224009, -0.360731, -0.905369, -1.2e-05, 0.0, 0.0, 0.0, 1.0],
                [0.969577, 0.183744, 0.161737, 0.124994, 0.098696, -0.89808, 0.428615, -0.002831, 0.224009, -0.399612, -0.888893, -1.2e-05, 0.0, 0.0, 0.0, 1.0],
                [0.969577, 0.190198, 0.154096, 0.124994, 0.098696, -0.879819, 0.464948, -0.002831, 0.224009, -0.435594, -0.871825, -1.2e-05, 0.0, 0.0, 0.0, 1.0],
                [0.969577, 0.195614, 0.147159, 0.124994, 0.098696, -0.862538, 0.496273, -0.002831, 0.224009, -0.466651, -0.855603, -1.2e-05, 0.0, 0.0, 0.0, 1.0],
                [0.969577, 0.199746, 0.1415, 0.124994, 0.098696, -0.847979, 0.520759, -0.002831, 0.224009, -0.49095, -0.841895, -1.2e-05, 0.0, 0.0, 0.0, 1.0],
                [0.969577, 0.202387, 0.137696, 0.124994, 0.098696, -0.837976, 0.536707, -0.002831, 0.224009, -0.506788, -0.832458, -1.2e-05, 0.0, 0.0, 0.0, 1.0],
                [0.969577, 0.203324, 0.136309, 0.124994, 0.098696, -0.834288, 0.542422, -0.002831, 0.224009, -0.512467, -0.828974, -1.2e-05, 0.0, 0.0, 0.0, 1.0],
                [0.969577, 0.202645, 0.137316, 0.124994, 0.098696, -0.836969, 0.538276, -0.002831, 0.224009, -0.508348, -0.831506, -1.2e-05, 0.0, 0.0, 0.0, 1.0],
                [0.969577, 0.200671, 0.140185, 0.124994, 0.098696, -0.84454, 0.526317, -0.002831, 0.224009, -0.49647, -0.838653, -1.2e-05, 0.0, 0.0, 0.0, 1.0],
                [0.969577, 0.197464, 0.144667, 0.124994, 0.098696, -0.856177, 0.507169, -0.002831, 0.224009, -0.477461, -0.849618, -1.2e-05, 0.0, 0.0, 0.0, 1.0],
                [0.969577, 0.193058, 0.150498, 0.124994, 0.098696, -0.870935, 0.481384, -0.002831, 0.224009, -0.451886, -0.863493, -1.2e-05, 0.0, 0.0, 0.0, 1.0],
                [0.969577, 0.187479, 0.157393, 0.124994, 0.098696, -0.887802, 0.449517, -0.002831, 0.224009, -0.420307, -0.879296, -1.2e-05, 0.0, 0.0, 0.0, 1.0],
                [0.969577, 0.180766, 0.165059, 0.124994, 0.098696, -0.905741, 0.412178, -0.002831, 0.224009, -0.383348, -0.896027, -1.2e-05, 0.0, 0.0, 0.0, 1.0],
                [0.969577, 0.172983, 0.173199, 0.124994, 0.098696, -0.923741, 0.370083, -0.002831, 0.224009, -0.34173, -0.912711, -1.2e-05, 0.0, 0.0, 0.0, 1.0],
                [0.969577, 0.16423, 0.181519, 0.124994, 0.098696, -0.940869, 0.324074, -0.002831, 0.224009, -0.296299, -0.928454, -1.2e-05, 0.0, 0.0, 0.0, 1.0],
                [0.969577, 0.154653, 0.189745, 0.124994, 0.098696, -0.956327, 0.275133, -0.002831, 0.224009, -0.248035, -0.942496, -1.2e-05, 0.0, 0.0, 0.0, 1.0],
                [0.969577, 0.144441, 0.19763, 0.124994, 0.098696, -0.969494, 0.224367, -0.002831, 0.224009, -0.198035, -0.954255, -1.2e-05, 0.0, 0.0, 0.0, 1.0],
                [0.969577, 0.133829, 0.204965, 0.124994, 0.098696, -0.979968, 0.172977, -0.002831, 0.224009, -0.147485, -0.963363, -1.2e-05, 0.0, 0.0, 0.0, 1.0],
                [0.969577, 0.123083, 0.211593, 0.124994, 0.098696, -0.987583, 0.122221, -0.002831, 0.224009, -0.09762, -0.969686, -1.2e-05, 0.0, 0.0, 0.0, 1.0],
                [0.969577, 0.112497, 0.217405, 0.124994, 0.098696, -0.992409, 0.073365, -0.002831, 0.224009, -0.049676, -0.97332, -1.2e-05, 0.0, 0.0, 0.0, 1.0],
                [0.969577, 0.102379, 0.22235, 0.124994, 0.098696, -0.994733, 0.027642, -0.002831, 0.224009, -0.004856, -0.974575, -1.2e-05, 0.0, 0.0, 0.0, 1.0],
                [0.969577, 0.093036, 0.226418, 0.124994, 0.098696, -0.995022, -0.013782, -0.002831, 0.224009, 0.035709, -0.973933, -1.2e-05, 0.0, 0.0, 0.0, 1.0],
                [0.969577, 0.084773, 0.22964, 0.124994, 0.098696, -0.99387, -0.049819, -0.002831, 0.224009, 0.070968, -0.972, -1.2e-05, 0.0, 0.0, 0.0, 1.0],
                [0.969577, 0.07788, 0.232068, 0.124994, 0.098696, -0.991939, -0.079466, -0.002831, 0.224009, 0.099953, -0.969448, -1.2e-05, 0.0, 0.0, 0.0, 1.0],
                [0.969577, 0.072635, 0.233763, 0.124994, 0.098696, -0.989899, -0.10178, -0.002831, 0.224009, 0.121755, -0.966952, -1.2e-05, 0.0, 0.0, 0.0, 1.0],
                [0.969577, 0.069303, 0.234772, 0.124994, 0.098696, -0.988351, -0.115849, -0.002831, 0.224009, 0.135495, -0.965122, -1.2e-05, 0.0, 0.0, 0.0, 1.0],
                [0.969577, 0.068137, 0.235113, 0.124994, 0.098696, -0.987764, -0.120751, -0.002831, 0.224009, 0.140282, -0.964438, -1.2e-05, 0.0, 0.0, 0.0, 1.0],
                [0.969577, 0.068137, 0.235113, 0.124994, 0.098696, -0.987764, -0.120751, -0.002831, 0.224009, 0.140282, -0.964438, -1.2e-05, 0.0, 0.0, 0.0, 1.0],
                [0.969577, 0.068137, 0.235113, 0.124994, 0.098696, -0.987764, -0.120751, -0.002831, 0.224009, 0.140282, -0.964438, -1.2e-05, 0.0, 0.0, 0.0, 1.0],
                [0.969577, 0.068137, 0.235113, 0.124994, 0.098696, -0.987764, -0.120751, -0.002831, 0.224009, 0.140282, -0.964438, -1.2e-05, 0.0, 0.0, 0.0, 1.0],
                [0.969577, 0.068137, 0.235113, 0.124994, 0.098696, -0.987764, -0.120751, -0.002831, 0.224009, 0.140282, -0.964438, -1.2e-05, 0.0, 0.0, 0.0, 1.0],
                [0.969577, 0.068137, 0.235113, 0.124994, 0.098696, -0.987764, -0.120751, -0.002831, 0.224009, 0.140282, -0.964438, -1.2e-05, 0.0, 0.0, 0.0, 1.0],
                [0.969577, 0.068137, 0.235113, 0.124994, 0.098696, -0.987764, -0.120751, -0.002831, 0.224009, 0.140282, -0.964438, -1.2e-05, 0.0, 0.0, 0.0, 1.0],
                [0.969577, 0.068137, 0.235113, 0.124994, 0.098696, -0.987764, -0.120751, -0.002831, 0.224009, 0.140282, -0.964438, -1.2e-05, 0.0, 0.0, 0.0, 1.0],
                [0.969577, 0.068137, 0.235113, 0.124994, 0.098696, -0.987764, -0.120751, -0.002831, 0.224009, 0.140282, -0.964438, -1.2e-05, 0.0, 0.0, 0.0, 1.0],
                [0.969577, 0.068137, 0.235113, 0.124994, 0.098696, -0.987764, -0.120751, -0.002831, 0.224009, 0.140282, -0.964438, -1.2e-05, 0.0, 0.0, 0.0, 1.0],
                [0.969577, 0.068137, 0.235113, 0.124994, 0.098696, -0.987764, -0.120751, -0.002831, 0.224009, 0.140282, -0.964438, -1.2e-05, 0.0, 0.0, 0.0, 1.0],
                [0.969577, 0.068137, 0.235113, 0.124994, 0.098696, -0.987764, -0.120751, -0.002831, 0.224009, 0.140282, -0.964438, -1.2e-05, 0.0, 0.0, 0.0, 1.0],
                [0.969577, 0.068137, 0.235113, 0.124994, 0.098696, -0.987764, -0.120751, -0.002831, 0.224009, 0.140282, -0.964438, -1.2e-05, 0.0, 0.0, 0.0, 1.0],
                [0.969577, 0.068137, 0.235113, 0.124994, 0.098696, -0.987764, -0.120751, -0.002831, 0.224009, 0.140282, -0.964438, -1.2e-05, 0.0, 0.0, 0.0, 1.0],
                [0.969577, 0.068137, 0.235113, 0.124994, 0.098696, -0.987764, -0.120751, -0.002831, 0.224009, 0.140282, -0.964438, -1.2e-05, 0.0, 0.0, 0.0, 1.0],
                [0.969577, 0.068137, 0.235113, 0.124994, 0.098696, -0.987764, -0.120751, -0.002831, 0.224009, 0.140282, -0.964438, -1.2e-05, 0.0, 0.0, 0.0, 1.0],
                [0.969577, 0.068137, 0.235113, 0.124994, 0.098696, -0.987764, -0.120751, -0.002831, 0.224009, 0.140282, -0.964438, -1.2e-05, 0.0, 0.0, 0.0, 1.0],
                [0.969577, 0.068137, 0.235113, 0.124994, 0.098696, -0.987764, -0.120751, -0.002831, 0.224009, 0.140282, -0.964438, -1.2e-05, 0.0, 0.0, 0.0, 1.0],
                [0.969577, 0.068137, 0.235113, 0.124994, 0.098696, -0.987764, -0.120751, -0.002831, 0.224009, 0.140282, -0.964438, -1.2e-05, 0.0, 0.0, 0.0, 1.0],
                [0.969577, 0.068137, 0.235113, 0.124994, 0.098696, -0.987764, -0.120751, -0.002831, 0.224009, 0.140282, -0.964438, -1.2e-05, 0.0, 0.0, 0.0, 1.0],
                [0.969577, 0.068137, 0.235113, 0.124994, 0.098696, -0.987764, -0.120751, -0.002831, 0.224009, 0.140282, -0.964438, -1.2e-05, 0.0, 0.0, 0.0, 1.0],
                [0.969577, 0.068137, 0.235113, 0.124994, 0.098696, -0.987764, -0.120751, -0.002831, 0.224009, 0.140282, -0.964438, -1.2e-05, 0.0, 0.0, 0.0, 1.0],
                [0.969577, 0.068137, 0.235113, 0.124994, 0.098696, -0.987764, -0.120751, -0.002831, 0.224009, 0.140282, -0.964438, -1.2e-05, 0.0, 0.0, 0.0, 1.0],
                [0.969577, 0.068137, 0.235113, 0.124994, 0.098696, -0.987764, -0.120751, -0.002831, 0.224009, 0.140282, -0.964438, -1.2e-05, 0.0, 0.0, 0.0, 1.0],
                [0.969577, 0.068137, 0.235113, 0.124994, 0.098696, -0.987764, -0.120751, -0.002831, 0.224009, 0.140282, -0.964438, -1.2e-05, 0.0, 0.0, 0.0, 1.0],
                [0.969577, 0.068137, 0.235113, 0.124994, 0.098696, -0.987764, -0.120751, -0.002831, 0.224009, 0.140282, -0.964438, -1.2e-05, 0.0, 0.0, 0.0, 1.0],
                [0.969577, 0.068137, 0.235113, 0.124994, 0.098696, -0.987764, -0.120751, -0.002831, 0.224009, 0.140282, -0.964438, -1.2e-05, 0.0, 0.0, 0.0, 1.0],
                [0.969577, 0.068137, 0.235113, 0.124994, 0.098696, -0.987764, -0.120751, -0.002831, 0.224009, 0.140282, -0.964438, -1.2e-05, 0.0, 0.0, 0.0, 1.0],
                [0.969577, 0.068137, 0.235113, 0.124994, 0.098696, -0.987764, -0.120751, -0.002831, 0.224009, 0.140282, -0.964438, -1.2e-05, 0.0, 0.0, 0.0, 1.0],
                [0.969577, 0.068137, 0.235113, 0.124994, 0.098696, -0.987764, -0.120751, -0.002831, 0.224009, 0.140282, -0.964438, -1.2e-05, 0.0, 0.0, 0.0, 1.0],
                [0.969577, 0.068137, 0.235113, 0.124994, 0.098696, -0.987764, -0.120751, -0.002831, 0.224009, 0.140282, -0.964438, -1.2e-05, 0.0, 0.0, 0.0, 1.0],
                [0.969577, 0.068137, 0.235113, 0.124994, 0.098696, -0.987764, -0.120751, -0.002831, 0.224009, 0.140282, -0.964438, -1.2e-05, 0.0, 0.0, 0.0, 1.0],
                [0.969577, 0.068137, 0.235113, 0.124994, 0.098696, -0.987764, -0.120751, -0.002831, 0.224009, 0.140282, -0.964438, -1.2e-05, 0.0, 0.0, 0.0, 1.0],
                [0.969577, 0.068137, 0.235113, 0.124994, 0.098696, -0.987764, -0.120751, -0.002831, 0.224009, 0.140282, -0.964438, -1.2e-05, 0.0, 0.0, 0.0, 1.0],
                [0.969577, 0.068137, 0.235113, 0.124994, 0.098696, -0.987764, -0.120751, -0.002831, 0.224009, 0.140282, -0.964438, -1.2e-05, 0.0, 0.0, 0.0, 1.0],
                [0.969577, 0.068137, 0.235113, 0.124994, 0.098696, -0.987764, -0.120751, -0.002831, 0.224009, 0.140282, -0.964438, -1.2e-05, 0.0, 0.0, 0.0, 1.0],
                [0.969577, 0.068137, 0.235113, 0.124994, 0.098696, -0.987764, -0.120751, -0.002831, 0.224009, 0.140282, -0.964438, -1.2e-05, 0.0, 0.0, 0.0, 1.0],
                [0.969577, 0.068137, 0.235113, 0.124994, 0.098696, -0.987764, -0.120751, -0.002831, 0.224009, 0.140282, -0.964438, -1.2e-05, 0.0, 0.0, 0.0, 1.0],
                [0.969577, 0.068137, 0.235113, 0.124994, 0.098696, -0.987764, -0.120751, -0.002831, 0.224009, 0.140282, -0.964438, -1.2e-05, 0.0, 0.0, 0.0, 1.0],
                [0.969577, 0.068137, 0.235113, 0.124994, 0.098696, -0.987764, -0.120751, -0.002831, 0.224009, 0.140282, -0.964438, -1.2e-05, 0.0, 0.0, 0.0, 1.0],
                [0.969577, 0.068137, 0.235113, 0.124994, 0.098696, -0.987764, -0.120751, -0.002831, 0.224009, 0.140282, -0.964438, -1.2e-05, 0.0, 0.0, 0.0, 1.0],
                [0.969577, 0.068551, 0.234993, 0.124994, 0.098696, -0.987975, -0.119013, -0.002831, 0.224009, 0.138586, -0.964683, -1.2e-05, 0.0, 0.0, 0.0, 1.0],
                [0.969577, 0.069743, 0.234642, 0.124994, 0.098696, -0.988566, -0.113996, -0.002831, 0.224009, 0.133686, -0.965375, -1.2e-05, 0.0, 0.0, 0.0, 1.0],
                [0.969577, 0.07164, 0.234069, 0.124994, 0.098696, -0.989457, -0.105988, -0.002831, 0.224009, 0.125866, -0.966425, -1.2e-05, 0.0, 0.0, 0.0, 1.0],
                [0.969577, 0.074169, 0.23328, 0.124994, 0.098696, -0.990546, -0.095276, -0.002831, 0.224009, 0.115401, -0.967731, -1.2e-05, 0.0, 0.0, 0.0, 1.0],
                [0.969577, 0.077253, 0.232277, 0.124994, 0.098696, -0.991721, -0.082144, -0.002831, 0.224009, 0.10257, -0.969175, -1.2e-05, 0.0, 0.0, 0.0, 1.0],
                [0.969577, 0.080816, 0.231062, 0.124994, 0.098696, -0.992867, -0.066883, -0.002831, 0.224009, 0.087654, -0.970637, -1.2e-05, 0.0, 0.0, 0.0, 1.0],
                [0.969577, 0.08478, 0.229637, 0.124994, 0.098696, -0.993871, -0.049786, -0.002831, 0.224009, 0.070936, -0.972002, -1.2e-05, 0.0, 0.0, 0.0, 1.0],
                [0.969577, 0.089069, 0.228008, 0.124994, 0.098696, -0.99463, -0.031151, -0.002831, 0.224009, 0.052707, -0.973161, -1.2e-05, 0.0, 0.0, 0.0, 1.0],
                [0.969577, 0.093605, 0.226183, 0.124994, 0.098696, -0.995053, -0.011282, -0.002831, 0.224009, 0.033262, -0.974019, -1.2e-05, 0.0, 0.0, 0.0, 1.0],
                [0.969577, 0.09831, 0.224178, 0.124994, 0.098696, -0.995072, 0.009511, -0.002831, 0.224009, 0.012904, -0.974502, -1.2e-05, 0.0, 0.0, 0.0, 1.0],
                [0.969577, 0.103109, 0.222012, 0.124994, 0.098696, -0.994637, 0.030912, -0.002831, 0.224009, -0.00806, -0.974554, -1.2e-05, 0.0, 0.0, 0.0, 1.0],
                [0.969577, 0.107929, 0.219709, 0.124994, 0.098696, -0.993726, 0.052607, -0.002831, 0.224009, -0.029322, -0.974146, -1.2e-05, 0.0, 0.0, 0.0, 1.0],
                [0.969577, 0.112697, 0.217302, 0.124994, 0.098696, -0.992341, 0.074277, -0.002831, 0.224009, -0.05057, -0.973274, -1.2e-05, 0.0, 0.0, 0.0, 1.0],
                [0.969577, 0.117345, 0.214828, 0.124994, 0.098696, -0.990514, 0.095605, -0.002831, 0.224009, -0.071494, -0.971961, -1.2e-05, 0.0, 0.0, 0.0, 1.0],
                [0.969577, 0.121808, 0.212329, 0.124994, 0.098696, -0.9883, 0.116279, -0.002831, 0.224009, -0.091786, -0.970255, -1.2e-05, 0.0, 0.0, 0.0, 1.0],
                [0.969577, 0.126024, 0.209854, 0.124994, 0.098696, -0.985781, 0.135992, -0.002831, 0.224009, -0.111143, -0.968229, -1.2e-05, 0.0, 0.0, 0.0, 1.0],
                [0.969577, 0.129935, 0.207455, 0.124994, 0.098696, -0.983059, 0.154443, -0.002831, 0.224009, -0.12927, -0.965976, -1.2e-05, 0.0, 0.0, 0.0, 1.0],
                [0.969577, 0.133486, 0.205188, 0.124994, 0.098696, -0.980256, 0.171339, -0.002831, 0.224009, -0.145875, -0.963608, -1.2e-05, 0.0, 0.0, 0.0, 1.0],
                [0.969577, 0.136626, 0.203111, 0.124994, 0.098696, -0.977505, 0.186394, -0.002831, 0.224009, -0.160677, -0.961251, -1.2e-05, 0.0, 0.0, 0.0, 1.0],
                [0.969577, 0.139304, 0.201284, 0.124994, 0.098696, -0.97495, 0.199327, -0.002831, 0.224009, -0.173397, -0.959038, -1.2e-05, 0.0, 0.0, 0.0, 1.0],
                [0.969577, 0.141474, 0.199764, 0.124994, 0.098696, -0.972736, 0.209865, -0.002831, 0.224009, -0.183765, -0.957105, -1.2e-05, 0.0, 0.0, 0.0, 1.0],
                [0.969577, 0.143087, 0.198612, 0.124994, 0.098696, -0.971005, 0.217735, -0.002831, 0.224009, -0.191508, -0.955586, -1.2e-05, 0.0, 0.0, 0.0, 1.0],
                [0.969577, 0.144094, 0.197883, 0.124994, 0.098696, -0.969887, 0.222661, -0.002831, 0.224009, -0.196357, -0.954602, -1.2e-05, 0.0, 0.0, 0.0, 1.0],
                [0.969577, 0.144441, 0.19763, 0.124994, 0.098696, -0.969494, 0.224367, -0.002831, 0.224009, -0.198035, -0.954255, -1.2e-05, 0.0, 0.0, 0.0, 1.0]
            ]
        },
        {
            "name": "Leg_R",
            "time": [0.0167, 0.0333, 0.05, 0.0667, 0.0833, 0.1, 0.1167, 0.1333, 0.15, 0.1667, 0.1833, 0.2, 0.2167, 0.2333, 0.25, 0.2667, 0.2833, 0.3, 0.3167, 0.3333, 0.35, 0.3667, 0.3833, 0.4, 0.4167, 0.4333, 0.45, 0.4667, 0.4833, 0.5, 0.5167, 0.5333, 0.55, 0.5667, 0.5833, 0.6, 0.6167, 0.6333, 0.65, 0.6667, 0.6833, 0.7, 0.7167, 0.7333, 0.75, 0.7667, 0.7833, 0.8, 0.8167, 0.8333, 0.85, 0.8667, 0.8833, 0.9, 0.9167, 0.9333, 0.95, 0.9667, 0.9833, 1.0, 1.0167, 1.0333, 1.05, 1.0667, 1.0833, 1.1, 1.1167, 1.1333, 1.15, 1.1667, 1.1833, 1.2, 1.2167, 1.2333, 1.25, 1.2667, 1.2833, 1.3, 1.3167, 1.3333, 1.35, 1.3667, 1.3833, 1.4, 1.4167, 1.4333, 1.45, 1.4667, 1.4833, 1.5, 1.5167, 1.5333, 1.55, 1.5667, 1.5833, 1.6, 1.6167],
            "transform": [
                [1.0, 0.0, 1e-06, 0.0, -0.0, 0.939692, 0.34202, 0.37472, -1e-06, -0.34202, 0.939692, 0.0, 0.0, 0.0, 0.0, 1.0],
                [1.0, 0.0, 1e-06, 0.0, -0.0, 0.939521, 0.34249, 0.37472, -1e-06, -0.34249, 0.939521, 0.0, 0.0, 0.0, 0.0, 1.0],
                [1.0, 0.0, 1e-06, 0.0, -0.0, 0.939021, 0.343859, 0.37472, -1e-06, -0.343859, 0.939021, 0.0, 0.0, 0.0, 0.0, 1.0],
                [1.0, 0.0, 1e-06, 0.0, -0.0, 0.93821, 0.346067, 0.37472, -1e-06, -0.346067, 0.93821, 0.0, 0.0, 0.0, 0.0, 1.0],
                [1.0, 0.0, 1e-06, 0.0, -0.0, 0.937104, 0.34905, 0.37472, -1e-06, -0.34905, 0.937104, 0.0, 0.0, 0.0, 0.0, 1.0],
                [1.0, 0.0, 1e-06, 0.0, -0.0, 0.935718, 0.352748, 0.37472, -1e-06, -0.352748, 0.935718, 0.0, 0.0, 0.0, 0.0, 1.0],
                [1.0, 0.0, 1e-06, 0.0, -0.0, 0.934067, 0.357097, 0.37472, -1e-06, -0.357097, 0.934067, -0.0, 0.0, 0.0, 0.0, 1.0],
                [1.0, 0.0, 1e-06, -0.0, -0.0, 0.932165, 0.362034, 0.37472, -1e-06, -0.362034, 0.932165, -0.0, 0.0, 0.0, 0.0, 1.0],
                [1.0, 0.0, 1e-06, -0.0, -0.0, 0.930025, 0.367498, 0.37472, -1e-06, -0.367498, 0.930025, 0.0, 0.0, 0.0, 0.0, 1.0],
                [1.0, 0.0, 1e-06, -0.0, -0.0, 0.927661, 0.373423, 0.37472, -1e-06, -0.373423, 0.927661, 0.0, 0.0, 0.0, 0.0, 1.0],
                [1.0, 0.0, 1e-06, -0.0, -0.0, 0.92509, 0.379749, 0.37472, -1e-06, -0.379749, 0.92509, -0.0, 0.0, 0.0, 0.0, 1.0],
                [1.0, 0.0, 1e-06, -0.0, -0.0, 0.922326, 0.386412, 0.37472, -1e-06, -0.386412, 0.922326, -0.0, 0.0, 0.0, 0.0, 1.0],
                [1.0, 0.0, 1e-06, -0.0, -0.0, 0.919389, 0.39335, 0.37472, -1e-06, -0.393349, 0.919389, 0.0, 0.0, 0.0, 0.0, 1.0],
                [1.0, 0.0, 1e-06, -0.0, -0.0, 0.916297, 0.4005, 0.37472, -1e-06, -0.4005, 0.916297, -0.0, 0.0, 0.0, 0.0, 1.0],
                [1.0, 0.0, 1e-06, -0.0, -0.0, 0.91307, 0.407802, 0.37472, -1e-06, -0.407802, 0.91307, 0.0, 0.0, 0.0, 0.0, 1.0],
                [1.0, 0.0, 1e-06, 0.0, -0.0, 0.909733, 0.415195, 0.37472, -1e-06, -0.415195, 0.909733, -0.0, 0.0, 0.0, 0.0, 1.0],
                [1.0, 0.0, 1e-06, 0.0, -0.0, 0.906308, 0.422619, 0.37472, -1e-06, -0.422619, 0.906308, 0.0, 0.0, 0.0, 0.0, 1.0],
                [1.0, 0.0, 1e-06, -0.0, -0.0, 0.902822, 0.430014, 0.37472, -1e-06, -0.430014, 0.902822, -0.0, 0.0, 0.0, 0.0, 1.0],
                [1.0, 0.0, 1e-06, 0.0, -0.0, 0.899304, 0.437323, 0.37472, -1e-06, -0.437323, 0.899304, -0.0, 0.0, 0.0, 0.0, 1.0],
                [1.0, 0.0, 1e-06, 0.0, -0.0, 0.895785, 0.444488, 0.37472, -1e-06, -0.444488, 0.895785, 0.0, 0.0, 0.0, 0.0, 1.0],
                [1.0, 0.0, 1e-06, 0.0, -0.0, 0.892295, 0.451453, 0.37472, -1e-06, -0.451453, 0.892295, -0.0, 0.0, 0.0, 0.0, 1.0],
                [1.0, 0.0, 1e-06, -0.0, -0.0, 0.888868, 0.458163, 0.37472, -1e-06, -0.458163, 0.888868, -0.0, 0.0, 0.0, 0.0, 1.0],
                [1.0, 0.0, 1e-06, 0.0, -0.0, 0.88554, 0.464562, 0.37472, -1e-06, -0.464562, 0.88554, -0.0, 0.0, 0.0, 0.0, 1.0],
                [1.0, 0.0, 1e-06, -0.0, -0.0, 0.882348, 0.470598, 0.37472, -1e-06, -0.470598, 0.882348, 0.0, 0.0, 0.0, 0.0, 1.0],
                [1.0, 0.0, 1e-06, -0.0, -0.0, 0.879327, 0.476218, 0.37472, -1e-06, -0.476218, 0.879327, 0.0, 0.0, 0.0, 0.0, 1.0],
                [1.0, 0.0, 1e-06, 0.0, -0.0, 0.876518, 0.481369, 0.37472, -1e-06, -0.481369, 0.876518, 0.0, 0.0, 0.0, 0.0, 1.0],
