{
    "armature": {
        "joints": ["Root", "Thigh_R", "Leg_R", "Knee_R", "Thigh_L", "Leg_L", "Knee_L", "Torso", "Chest", "Head", "Shoulder_R", "Arm_R", "Hand_R", "Tool_R", "Elbow_R", "Shoulder_L", "Arm_L", "Hand_L", "Tool_L", "Elbow_L"],
        "hierarchy": [
            {
                "name": "Root",
                "transform": [1.0, 0.0, 0.0, -5e-06, 0.0, 0.0, -1.0, 0.000946, 0.0, 1.0, 0.0, 0.763972, 0.0, 0.0, 0.0, 1.0],
                "children": [
                    {
                        "name": "Thigh_R",
                        "transform": [1.0, -0.0, -0.0, 0.124994, -0.0, -1.0, 0.0, -0.002831, -0.0, -0.0, -1.0, -1.2e-05, 0.0, 0.0, 0.0, 1.0],
                        "children": [
                            {
                                "name": "Leg_R",
                                "transform": [1.0, 0.0, 1e-06, 0.0, -0.0, 1.0, 0.0, 0.37472, -1e-06, -0.0, 1.0, -0.0, 0.0, 0.0, 0.0, 1.0],
                                "children": []
                            },
                            {
                                "name": "Knee_R",
                                "transform": [1.0, 0.0, -0.0, 0.0, -0.0, 0.0, -1.0, 0.37472, -0.0, 1.0, 0.0, -0.0, 0.0, 0.0, 0.0, 1.0],
                                "children": []
                            }
                        ]
                    },
                    {
                        "name": "Thigh_L",
                        "transform": [1.0, -0.0, -0.0, -0.125006, -0.0, -1.0, 0.0, -0.002831, -0.0, -0.0, -1.0, -1.2e-05, 0.0, 0.0, 0.0, 1.0],
                        "children": [
                            {
                                "name": "Leg_L",
                                "transform": [1.0, 0.0, 1e-06, -0.0, -0.0, 1.0, 0.0, 0.37472, -1e-06, -0.0, 1.0, 0.0, 0.0, 0.0, 0.0, 1.0],
                                "children": []
                            },
                            {
                                "name": "Knee_L",
                                "transform": [1.0, 0.0, -0.0, -0.0, -0.0, 0.0, -1.0, 0.37472, -0.0, 1.0, 0.0, 0.0, 0.0, 0.0, 0.0, 1.0],
                                "children": []
                            }
                        ]
                    },
                    {
                        "name": "Torso",
                        "transform": [1.0, 0.0, 0.0, 0.0, 0.0, 1.0, 0.0, 0.05, 0.0, 0.0, 1.0, 0.0, 0.0, 0.0, 0.0, 1.0],
                        "children": [
                            {
                                "name": "Chest",
                                "transform": [1.0, 0.0, 0.0, 0.0, 0.0, 1.0, 0.0, 0.3, 0.0, 0.0, 1.0, 0.0, 0.0, 0.0, 0.0, 1.0],
                                "children": [
                                    {
                                        "name": "Head",
                                        "transform": [1.0, 0.0, 0.0, 0.0, 0.0, 1.0, 0.0, 0.4, 0.0, 0.0, 1.0, 0.0, 0.0, 0.0, 0.0, 1.0],
                                        "children": []
                                    },
                                    {
                                        "name": "Shoulder_R",
                                        "transform": [0.0, 0.952114, 0.305743, 0.0, 0.0, -0.305743, 0.952114, 0.4, 1.0, 0.0, -0.0, 0.0, 0.0, 0.0, 0.0, 1.0],
                                        "children": [
                                            {
                                                "name": "Arm_R",
                                                "transform": [0.0, -0.0, -1.0, -0.0, 0.952114, 0.305743, 0.0, 0.39386, 0.305743, -0.952114, 0.0, 0.0, 0.0, 0.0, 0.0, 1.0],
                                                "children": [
                                                    {
                                                        "name": "Hand_R",
                                                        "transform": [1.0, 0.0, 0.0, 0.0, -0.0, 0.993938, 0.109947, 0.3, -0.0, -0.109947, 0.993937, 0.0, 0.0, 0.0, 0.0, 1.0],
                                                        "children": [
                                                            {
                                                                "name": "Tool_R",
                                                                "transform": [1.0, 0.0, 0.0, -0.0, 0.0, -0.999836, 0.018122, 0.272858, 0.0, -0.018122, -0.999836, 0.0, 0.0, 0.0, 0.0, 1.0],
                                                                "children": []
                                                            }
                                                        ]
                                                    },
                                                    {
                                                        "name": "Elbow_R",
                                                        "transform": [-1.0, 0.0, -0.0, 0.0, 0.0, 0.0, -1.0, 0.3, -0.0, -1.0, -0.0, 0.0, 0.0, 0.0, 0.0, 1.0],
                                                        "children": []
                                                    }
                                                ]
                                            }
                                        ]
                                    },
                                    {
                                        "name": "Shoulder_L",
                                        "transform": [-0.0, -0.952114, -0.305743, 0.0, 0.0, -0.305743, 0.952114, 0.4, -1.0, 0.0, 0.0, 0.0, 0.0, 0.0, 0.0, 1.0],
                                        "children": [
                                            {
                                                "name": "Arm_L",
                                                "transform": [-0.0, -0.0, 1.0, -0.0, -0.952114, 0.305743, -0.0, 0.39386, -0.305743, -0.952114, -0.0, 0.0, 0.0, 0.0, 0.0, 1.0],
                                                "children": [
                                                    {
                                                        "name": "Hand_L",
                                                        "transform": [1.0, -0.0, 0.0, -0.0, 0.0, 0.993937, 0.109947, 0.3, -0.0, -0.109947, 0.993937, 0.0, 0.0, 0.0, 0.0, 1.0],
                                                        "children": [
                                                            {
                                                                "name": "Tool_L",
                                                                "transform": [1.0, 0.0, 0.0, -0.0, -0.0, -0.999836, 0.018122, 0.272858, 0.0, -0.018122, -0.999836, -0.0, 0.0, 0.0, 0.0, 1.0],
                                                                "children": []
                                                            }
                                                        ]
                                                    },
                                                    {
                                                        "name": "Elbow_L",
                                                        "transform": [-1.0, 0.0, -0.0, -0.0, 0.0, -0.0, -1.0, 0.3, -0.0, -1.0, 0.0, 0.0, 0.0, 0.0, 0.0, 1.0],
                                                        "children": []
                                                    }
                                                ]
                                            }
                                        ]
                                    }
                                ]
                            }
                        ]
                    }
                ]
            }
        ]
    },
    "animation": [
        {
            "name": "Root",
            "time": [0.0, 0.0167, 0.0333, 0.05, 0.0667, 0.0833, 0.1, 0.1167, 0.1333, 0.15, 0.1667, 0.1833, 0.2, 0.2167, 0.2333, 0.25, 0.2667, 0.2833, 0.3, 0.3167, 0.3333, 0.35, 0.3667, 0.3833, 0.4, 0.4167, 0.4333, 0.45, 0.4667, 0.4833, 0.5, 0.5167, 0.5333, 0.55, 0.5667, 0.5833, 0.6, 0.6167, 0.6333, 0.65, 0.6667, 0.6833, 0.7, 0.7167, 0.7333, 0.75, 0.7667, 0.7833, 0.8, 0.8167, 0.8333, 0.85, 0.8667, 0.8833, 0.9, 0.9167, 0.9333, 0.95, 0.9667, 0.9833, 1.0, 1.0167, 1.0333, 1.05, 1.0667, 1.0833, 1.1, 1.1167, 1.1333, 1.15, 1.1667, 1.1833, 1.2, 1.2167, 1.2333, 1.25],
            "transform": [
                [1.0, 0.0, 0.0, -5e-06, 0.0, 0.258819, -0.965926, 0.000946, 0.0, 0.965926, 0.258819, 0.763972, 0.0, 0.0, 0.0, 1.0],
                [1.0, 0.0, 0.0, -5e-06, 0.0, 0.257591, -0.966254, -0.000443, 0.0, 0.966254, 0.257591, 0.763972, 0.0, 0.0, 0.0, 1.0],
                [1.0, 0.0, 0.0, -5e-06, 0.0, 0.254148, -0.967165, -0.004334, 0.0, 0.967165, 0.254148, 0.763972, 0.0, 0.0, 0.0, 1.0],
                [1.0, 0.0, 0.0, -5e-06, 0.0, 0.248855, -0.968541, -0.010309, 0.0, 0.968541, 0.248855, 0.763972, 0.0, 0.0, 0.0, 1.0],
                [1.0, 0.0, 0.0, -5e-06, 0.0, 0.242073, -0.970258, -0.017951, 0.0, 0.970258, 0.242073, 0.763972, 0.0, 0.0, 0.0, 1.0],
                [1.0, 0.0, 0.0, -5e-06, 0.0, 0.234165, -0.972197, -0.026845, 0.0, 0.972197, 0.234165, 0.763972, 0.0, 0.0, 0.0, 1.0],
                [1.0, 0.0, 0.0, -5e-06, 0.0, 0.225498, -0.974244, -0.036571, 0.0, 0.974244, 0.225498, 0.763972, 0.0, 0.0, 0.0, 1.0],
                [1.0, 0.0, 0.0, -5e-06, 0.0, 0.21644, -0.976296, -0.046715, 0.0, 0.976296, 0.21644, 0.763972, 0.0, 0.0, 0.0, 1.0],
                [1.0, 0.0, 0.0, -5e-06, 0.0, 0.207363, -0.978264, -0.056859, 0.0, 0.978264, 0.207363, 0.763972, 0.0, 0.0, 0.0, 1.0],
                [1.0, 0.0, 0.0, -5e-06, 0.0, 0.198643, -0.980072, -0.066586, 0.0, 0.980072, 0.198643, 0.763972, 0.0, 0.0, 0.0, 1.0],
                [1.0, 0.0, 0.0, -5e-06, 0.0, 0.190657, -0.981657, -0.075479, 0.0, 0.981657, 0.190657, 0.763972, 0.0, 0.0, 0.0, 1.0],
                [1.0, 0.0, 0.0, -5e-06, 0.0, 0.183784, -0.982967, -0.083121, 0.0, 0.982967, 0.183784, 0.763972, 0.0, 0.0, 0.0, 1.0],
                [1.0, 0.0, 0.0, -5e-06, 0.0, 0.178405, -0.983957, -0.089096, 0.0, 0.983957, 0.178405, 0.763972, 0.0, 0.0, 0.0, 1.0],
                [1.0, 0.0, 0.0, -5e-06, 0.0, 0.1749, -0.984586, -0.092987, 0.0, 0.984586, 0.1749, 0.763972, 0.0, 0.0, 0.0, 1.0],
                [1.0, 0.0, 0.0, -5e-06, 0.0, 0.173648, -0.984808, -0.094377, 0.0, 0.984808, 0.173648, 0.763972, 0.0, 0.0, 0.0, 1.0],
                [1.0, 0.0, 0.0, -5e-06, 0.0, 0.177645, -0.984095, -0.057244, 0.0, 0.984095, 0.177645, 0.763972, 0.0, 0.0, 0.0, 1.0],
                [1.0, 0.0, 0.0, -5e-06, 0.0, 0.188593, -0.982055, 0.044748, 0.0, 0.982055, 0.188593, 0.763972, 0.0, 0.0, 0.0, 1.0],
                [1.0, 0.0, 0.0, -5e-06, 0.0, 0.204914, -0.97878, 0.197486, 0.0, 0.97878, 0.204914, 0.763972, 0.0, 0.0, 0.0, 1.0],
                [1.0, 0.0, 0.0, -5e-06, 0.0, 0.225022, -0.974354, 0.386858, 0.0, 0.974354, 0.225022, 0.763972, 0.0, 0.0, 0.0, 1.0],
                [1.0, 0.0, 0.0, -5e-06, 0.0, 0.247331, -0.968931, 0.598753, 0.0, 0.968931, 0.247331, 0.763972, 0.0, 0.0, 0.0, 1.0],
                [1.0, 0.0, 0.0, -5e-06, 0.0, 0.27027, -0.962784, 0.819059, 0.0, 0.962784, 0.27027, 0.763972, 0.0, 0.0, 0.0, 1.0],
                [1.0, 0.0, 0.0, -5e-06, 0.0, 0.292302, -0.956326, 1.033664, 0.0, 0.956326, 0.292302, 0.763972, 0.0, 0.0, 0.0, 1.0],
                [1.0, 0.0, 0.0, -5e-06, 0.0, 0.311929, -0.950105, 1.228456, 0.0, 0.950105, 0.311929, 0.763972, 0.0, 0.0, 0.0, 1.0],
                [1.0, 0.0, 0.0, -5e-06, 0.0, 0.327701, -0.944781, 1.389323, 0.0, 0.944781, 0.327701, 0.763972, 0.0, 0.0, 0.0, 1.0],
                [1.0, 0.0, 0.0, -5e-06, 0.0, 0.338202, -0.941074, 1.502154, 0.0, 0.941074, 0.338202, 0.763972, 0.0, 0.0, 0.0, 1.0],
                [1.0, 0.0, 0.0, -5e-06, 0.0, 0.34202, -0.939693, 1.552835, 0.0, 0.939693, 0.34202, 0.763972, 0.0, 0.0, 0.0, 1.0],
                [1.0, 0.0, 0.0, -5e-06, 0.0, 0.34202, -0.939693, 1.567248, 0.0, 0.939693, 0.34202, 0.763972, 0.0, 0.0, 0.0, 1.0],
                [1.0, 0.0, 0.0, -5e-06, 0.0, 0.34202, -0.939693, 1.5807, 0.0, 0.939693, 0.34202, 0.763972, 0.0, 0.0, 0.0, 1.0],
                [1.0, 0.0, 0.0, -5e-06, 0.0, 0.34202, -0.939693, 1.593224, 0.0, 0.939693, 0.34202, 0.763972, 0.0, 0.0, 0.0, 1.0],
                [1.0, 0.0, 0.0, -5e-06, 0.0, 0.34202, -0.939693, 1.604854, 0.0, 0.939693, 0.34202, 0.763972, 0.0, 0.0, 0.0, 1.0],
                [1.0, 0.0, 0.0, -5e-06, 0.0, 0.34202, -0.939693, 1.615624, 0.0, 0.939693, 0.34202, 0.763972, 0.0, 0.0, 0.0, 1.0],
                [1.0, 0.0, 0.0, -5e-06, 0.0, 0.34202, -0.939693, 1.625565, 0.0, 0.939693, 0.34202, 0.763972, 0.0, 0.0, 0.0, 1.0],
                [1.0, 0.0, 0.0, -5e-06, 0.0, 0.34202, -0.939693, 1.634711, 0.0, 0.939693, 0.34202, 0.763972, 0.0, 0.0, 0.0, 1.0],
                [1.0, 0.0, 0.0, -5e-06, 0.0, 0.34202, -0.939693, 1.643096, 0.0, 0.939693, 0.34202, 0.763972, 0.0, 0.0, 0.0, 1.0],
                [1.0, 0.0, 0.0, -5e-06, 0.0, 0.34202, -0.939693, 1.650752, 0.0, 0.939693, 0.34202, 0.763972, 0.0, 0.0, 0.0, 1.0],
                [1.0, 0.0, 0.0, -5e-06, 0.0, 0.34202, -0.939693, 1.657713, 0.0, 0.939693, 0.34202, 0.763972, 0.0, 0.0, 0.0, 1.0],
                [1.0, 0.0, 0.0, -5e-06, 0.0, 0.34202, -0.939693, 1.664011, 0.0, 0.939693, 0.34202, 0.763972, 0.0, 0.0, 0.0, 1.0],
                [1.0, 0.0, 0.0, -5e-06, 0.0, 0.34202, -0.939693, 1.66968, 0.0, 0.939693, 0.34202, 0.763972, 0.0, 0.0, 0.0, 1.0],
                [1.0, 0.0, 0.0, -5e-06, 0.0, 0.34202, -0.939693, 1.674752, 0.0, 0.939693, 0.34202, 0.763972, 0.0, 0.0, 0.0, 1.0],
                [1.0, 0.0, 0.0, -5e-06, 0.0, 0.34202, -0.939693, 1.679262, 0.0, 0.939693, 0.34202, 0.763972, 0.0, 0.0, 0.0, 1.0],
                [1.0, 0.0, 0.0, -5e-06, 0.0, 0.34202, -0.939693, 1.683242, 0.0, 0.939693, 0.34202, 0.763972, 0.0, 0.0, 0.0, 1.0],
                [1.0, 0.0, 0.0, -5e-06, 0.0, 0.34202, -0.939693, 1.686725, 0.0, 0.939693, 0.34202, 0.763972, 0.0, 0.0, 0.0, 1.0],
                [1.0, 0.0, 0.0, -5e-06, 0.0, 0.34202, -0.939693, 1.689744, 0.0, 0.939693, 0.34202, 0.763972, 0.0, 0.0, 0.0, 1.0],
                [1.0, 0.0, 0.0, -5e-06, 0.0, 0.34202, -0.939693, 1.692333, 0.0, 0.939693, 0.34202, 0.763972, 0.0, 0.0, 0.0, 1.0],
                [1.0, 0.0, 0.0, -5e-06, 0.0, 0.34202, -0.939693, 1.694524, 0.0, 0.939693, 0.34202, 0.763972, 0.0, 0.0, 0.0, 1.0],
                [1.0, 0.0, 0.0, -5e-06, 0.0, 0.34202, -0.939693, 1.696352, 0.0, 0.939693, 0.34202, 0.763972, 0.0, 0.0, 0.0, 1.0],
                [1.0, 0.0, 0.0, -5e-06, 0.0, 0.34202, -0.939693, 1.697847, 0.0, 0.939693, 0.34202, 0.763972, 0.0, 0.0, 0.0, 1.0],
                [1.0, 0.0, 0.0, -5e-06, 0.0, 0.34202, -0.939693, 1.699045, 0.0, 0.939693, 0.34202, 0.763972, 0.0, 0.0, 0.0, 1.0],
                [1.0, 0.0, 0.0, -5e-06, 0.0, 0.34202, -0.939693, 1.699978, 0.0, 0.939693, 0.34202, 0.763972, 0.0, 0.0, 0.0, 1.0],
                [1.0, 0.0, 0.0, -5e-06, 0.0, 0.34202, -0.939693, 1.700679, 0.0, 0.939693, 0.34202, 0.763972, 0.0, 0.0, 0.0, 1.0],
                [1.0, 0.0, 0.0, -5e-06, 0.0, 0.34202, -0.939693, 1.701182, 0.0, 0.939693, 0.34202, 0.763972, 0.0, 0.0, 0.0, 1.0],
                [1.0, 0.0, 0.0, -5e-06, 0.0, 0.34202, -0.939693, 1.701518, 0.0, 0.939693, 0.34202, 0.763972, 0.0, 0.0, 0.0, 1.0],
                [1.0, 0.0, 0.0, -5e-06, 0.0, 0.34202, -0.939693, 1.701722, 0.0, 0.939693, 0.34202, 0.763972, 0.0, 0.0, 0.0, 1.0],
                [1.0, 0.0, 0.0, -5e-06, 0.0, 0.34202, -0.939693, 1.701827, 0.0, 0.939693, 0.34202, 0.763972, 0.0, 0.0, 0.0, 1.0],
                [1.0, 0.0, 0.0, -5e-06, 0.0, 0.34202, -0.939693, 1.701866, 0.0, 0.939693, 0.34202, 0.763972, 0.0, 0.0, 0.0, 1.0],
                [1.0, 0.0, 0.0, -5e-06, 0.0, 0.34202, -0.939693, 1.701871, 0.0, 0.939693, 0.34202, 0.763972, 0.0, 0.0, 0.0, 1.0],
                [1.0, 0.0, 0.0, -5e-06, 0.0, 0.339653, -0.940551, 1.698148, 0.0, 0.940551, 0.339653, 0.763972, 0.0, 0.0, 0.0, 1.0],
                [1.0, 0.0, 0.0, -5e-06, 0.0, 0.332862, -0.942975, 1.687492, 0.0, 0.942975, 0.332862, 0.763972, 0.0, 0.0, 0.0, 1.0],
                [1.0, 0.0, 0.0, -5e-06, 0.0, 0.322102, -0.946705, 1.670673, 0.0, 0.946705, 0.322102, 0.763972, 0.0, 0.0, 0.0, 1.0],
                [1.0, 0.0, 0.0, -5e-06, 0.0, 0.307813, -0.951447, 1.648462, 0.0, 0.951447, 0.307813, 0.763972, 0.0, 0.0, 0.0, 1.0],
                [1.0, 0.0, 0.0, -5e-06, 0.0, 0.290438, -0.956894, 1.621629, 0.0, 0.956894, 0.290438, 0.763972, 0.0, 0.0, 0.0, 1.0],
                [1.0, 0.0, 0.0, -5e-06, 0.0, 0.270429, -0.96274, 1.590945, 0.0, 0.96274, 0.270429, 0.763972, 0.0, 0.0, 0.0, 1.0],
                [1.0, 0.0, 0.0, -5e-06, 0.0, 0.24825, -0.968696, 1.557179, 0.0, 0.968696, 0.24825, 0.763972, 0.0, 0.0, 0.0, 1.0],
                [1.0, 0.0, 0.0, -5e-06, 0.0, 0.224388, -0.9745, 1.521102, 0.0, 0.9745, 0.224388, 0.763972, 0.0, 0.0, 0.0, 1.0],
                [1.0, 0.0, 0.0, -5e-06, 0.0, 0.199346, -0.979929, 1.483485, 0.0, 0.979929, 0.199346, 0.763972, 0.0, 0.0, 0.0, 1.0],
                [1.0, 0.0, 0.0, -5e-06, 0.0, 0.173648, -0.984808, 1.445097, 0.0, 0.984808, 0.173648, 0.763972, 0.0, 0.0, 0.0, 1.0],
                [1.0, 0.0, 0.0, -5e-06, 0.0, 0.147831, -0.989013, 1.406709, 0.0, 0.989013, 0.147831, 0.763972, 0.0, 0.0, 0.0, 1.0],
                [1.0, 0.0, 0.0, -5e-06, 0.0, 0.122443, -0.992476, 1.369092, 0.0, 0.992476, 0.122443, 0.763972, 0.0, 0.0, 0.0, 1.0],
                [1.0, 0.0, 0.0, -5e-06, 0.0, 0.098035, -0.995183, 1.333015, 0.0, 0.995183, 0.098035, 0.763972, 0.0, 0.0, 0.0, 1.0],
                [1.0, 0.0, 0.0, -5e-06, 0.0, 0.075157, -0.997172, 1.299249, 0.0, 0.997172, 0.075157, 0.763972, 0.0, 0.0, 0.0, 1.0],
                [1.0, 0.0, 0.0, -5e-06, 0.0, 0.054354, -0.998522, 1.268565, 0.0, 0.998522, 0.054354, 0.763972, 0.0, 0.0, 0.0, 1.0],
                [1.0, 0.0, 0.0, -5e-06, 0.0, 0.036164, -0.999346, 1.241732, 0.0, 0.999346, 0.036164, 0.763972, 0.0, 0.0, 0.0, 1.0],
                [1.0, 0.0, 0.0, -5e-06, 0.0, 0.021115, -0.999777, 1.219521, 0.0, 0.999777, 0.021115, 0.763972, 0.0, 0.0, 0.0, 1.0],
                [1.0, 0.0, 0.0, -5e-06, 0.0, 0.009728, -0.999953, 1.202702, 0.0, 0.999953, 0.009728, 0.763972, 0.0, 0.0, 0.0, 1.0],
                [1.0, 0.0, 0.0, -5e-06, 0.0, 0.002518, -0.999997, 1.192046, 0.0, 0.999997, 0.002518, 0.763972, 0.0, 0.0, 0.0, 1.0],
                [1.0, 0.0, 0.0, -5e-06, 0.0, 0.0, -1.0, 1.188323, 0.0, 1.0, 0.0, 0.763972, 0.0, 0.0, 0.0, 1.0]
            ]
        },
        {
            "name": "Thigh_R",
            "time": [0.0, 0.0167, 0.0333, 0.05, 0.0667, 0.0833, 0.1, 0.1167, 0.1333, 0.15, 0.1667, 0.1833, 0.2, 0.2167, 0.2333, 0.25, 0.2667, 0.2833, 0.3, 0.3167, 0.3333, 0.35, 0.3667, 0.3833, 0.4, 0.4167, 0.4333, 0.45, 0.4667, 0.4833, 0.5, 0.5167, 0.5333, 0.55, 0.5667, 0.5833, 0.6, 0.6167, 0.6333, 0.65, 0.6667, 0.6833, 0.7, 0.7167, 0.7333, 0.75, 0.7667, 0.7833, 0.8, 0.8167, 0.8333, 0.85, 0.8667, 0.8833, 0.9, 0.9167, 0.9333, 0.95, 0.9667, 0.9833, 1.0, 1.0167, 1.0333, 1.05, 1.0667, 1.0833, 1.1, 1.1167, 1.1333, 1.15, 1.1667, 1.1833, 1.2, 1.2167, 1.2333, 1.25],
            "transform": [
                [0.969577, 0.144441, 0.19763, 0.124994, 0.098696, -0.969494, 0.224367, -0.002831, 0.224009, -0.198035, -0.954255, -1.2e-05, 0.0, 0.0, 0.0, 1.0],
                [0.969538, 0.143979, 0.198159, 0.124994, 0.098842, -0.970181, 0.22131, -0.002831, 0.224114, -0.194982, -0.954858, -1.2e-05, 0.0, 0.0, 0.0, 1.0],
                [0.969432, 0.142615, 0.199656, 0.124994, 0.099235, -0.972101, 0.212537, -0.002831, 0.224397, -0.186227, -0.956538, -1.2e-05, 0.0, 0.0, 0.0, 1.0],
                [0.969279, 0.140378, 0.201972, 0.124994, 0.099815, -0.974979, 0.198627, -0.002831, 0.224802, -0.172365, -0.959038, -1.2e-05, 0.0, 0.0, 0.0, 1.0],
                [0.969097, 0.137286, 0.20495, 0.124994, 0.100518, -0.97849, 0.180148, -0.002831, 0.225274, -0.15398, -0.962051, -1.2e-05, 0.0, 0.0, 0.0, 1.0],
                [0.968904, 0.133357, 0.208424, 0.124994, 0.10128, -0.982283, 0.157677, -0.002831, 0.225759, -0.131665, -0.965245, -1.2e-05, 0.0, 0.0, 0.0, 1.0],
                [0.968721, 0.128615, 0.212223, 0.124994, 0.102036, -0.986011, 0.131801, -0.002831, 0.226206, -0.106024, -0.968292, -1.2e-05, 0.0, 0.0, 0.0, 1.0],
                [0.968564, 0.123091, 0.216176, 0.124994, 0.102714, -0.98935, 0.10313, -0.002831, 0.226568, -0.077683, -0.970892, -1.2e-05, 0.0, 0.0, 0.0, 1.0],
                [0.968453, 0.11683, 0.220113, 0.124994, 0.103242, -0.992025, 0.072298, -0.002831, 0.226804, -0.047292, -0.972792, -1.2e-05, 0.0, 0.0, 0.0, 1.0],
                [0.968404, 0.109894, 0.22387, 0.124994, 0.103541, -0.993822, 0.039959, -0.002831, 0.226879, -0.015517, -0.973799, -1.2e-05, 0.0, 0.0, 0.0, 1.0],
                [0.968432, 0.102356, 0.227295, 0.124994, 0.103529, -0.994603, 0.006787, -0.002831, 0.226763, 0.016959, -0.973802, -1.2e-05, 0.0, 0.0, 0.0, 1.0],
                [0.968552, 0.094306, 0.230246, 0.124994, 0.103124, -0.994314, -0.026541, -0.002831, 0.226434, 0.04945, -0.97277, -1.2e-05, 0.0, 0.0, 0.0, 1.0],
                [0.968776, 0.085846, 0.2326, 0.124994, 0.102241, -0.992988, -0.059347, -0.002831, 0.225875, 0.081276, -0.97076, -1.2e-05, 0.0, 0.0, 0.0, 1.0],
                [0.969115, 0.077085, 0.234252, 0.124994, 0.100793, -0.99074, -0.090966, -0.002831, 0.22507, 0.111767, -0.967911, -1.2e-05, 0.0, 0.0, 0.0, 1.0],
                [0.969577, 0.068137, 0.235113, 0.124994, 0.098696, -0.987764, -0.120751, -0.002831, 0.224009, 0.140282, -0.964438, -1.2e-05, 0.0, 0.0, 0.0, 1.0],
                [0.971059, 0.059465, 0.23132, 0.124994, 0.095628, -0.984292, -0.148407, -0.002831, 0.218861, 0.166233, -0.961492, -1.2e-05, 0.0, 0.0, 0.0, 1.0],
                [0.974141, 0.051643, 0.21996, 0.124994, 0.091274, -0.980503, -0.174021, -0.002831, 0.206685, 0.189598, -0.959862, -1.2e-05, 0.0, 0.0, 0.0, 1.0],
                [0.978282, 0.044866, 0.202364, 0.124994, 0.085645, -0.97655, -0.197521, -0.002831, 0.188756, 0.210562, -0.959184, -1.2e-05, 0.0, 0.0, 0.0, 1.0],
                [0.982911, 0.039232, 0.179852, 0.124994, 0.078859, -0.972574, -0.218817, -0.002831, 0.166335, 0.229261, -0.959048, -1.2e-05, 0.0, 0.0, 0.0, 1.0],
                [0.987496, 0.034755, 0.153765, 0.124994, 0.071125, -0.968701, -0.237823, -0.002831, 0.140687, 0.245786, -0.95906, -1.2e-05, 0.0, 0.0, 0.0, 1.0],
                [0.991601, 0.03138, 0.12547, 0.124994, 0.062738, -0.965044, -0.254468, -0.002831, 0.113099, 0.260202, -0.958907, -1.2e-05, 0.0, 0.0, 0.0, 1.0],
                [0.994923, 0.029002, 0.096367, 0.124994, 0.05406, -0.961703, -0.268709, -0.002831, 0.084884, 0.272554, -0.958389, -1.2e-05, 0.0, 0.0, 0.0, 1.0],
                [0.997315, 0.027471, 0.067876, 0.124994, 0.045503, -0.958762, -0.280543, -0.002831, 0.05737, 0.282879, -0.957438, -1.2e-05, 0.0, 0.0, 0.0, 1.0],
                [0.998787, 0.026614, 0.041423, 0.124994, 0.037509, -0.956287, -0.290013, -0.002831, 0.031894, 0.291215, -0.956126, -1.2e-05, 0.0, 0.0, 0.0, 1.0],
                [0.999486, 0.026242, 0.018427, 0.124994, 0.030536, -0.954328, -0.297194, -0.002831, 0.009787, 0.297604, -0.954639, -1.2e-05, 0.0, 0.0, 0.0, 1.0],
                [0.999657, 0.026171, 0.000292, 0.124994, 0.025036, -0.952917, -0.302194, -0.002831, -0.00763, 0.302098, -0.953246, -1.2e-05, 0.0, 0.0, 0.0, 1.0],
                [0.999589, 0.02623, -0.011596, 0.124994, 0.021443, -0.95207, -0.305126, -0.002831, -0.019044, 0.304752, -0.952241, -1.2e-05, 0.0, 0.0, 0.0, 1.0],
                [0.999529, 0.026275, -0.015865, 0.124994, 0.020162, -0.951789, -0.306088, -0.002831, -0.023142, 0.305624, -0.951871, -1.2e-05, 0.0, 0.0, 0.0, 1.0],
                [0.999529, 0.026275, -0.015865, 0.124994, 0.020162, -0.951789, -0.306088, -0.002831, -0.023142, 0.305624, -0.951871, -1.2e-05, 0.0, 0.0, 0.0, 1.0],
                [0.999529, 0.026275, -0.015865, 0.124994, 0.020162, -0.951789, -0.306088, -0.002831, -0.023142, 0.305624, -0.951871, -1.2e-05, 0.0, 0.0, 0.0, 1.0],
                [0.999529, 0.026275, -0.015865, 0.124994, 0.020162, -0.951789, -0.306088, -0.002831, -0.023142, 0.305624, -0.951871, -1.2e-05, 0.0, 0.0, 0.0, 1.0],
                [0.999529, 0.026275, -0.015865, 0.124994, 0.020162, -0.951789, -0.306088, -0.002831, -0.023142, 0.305624, -0.951871, -1.2e-05, 0.0, 0.0, 0.0, 1.0],
                [0.999529, 0.026275, -0.015865, 0.124994, 0.020162, -0.951789, -0.306088, -0.002831, -0.023142, 0.305624, -0.951871, -1.2e-05, 0.0, 0.0, 0.0, 1.0],
                [0.999529, 0.026275, -0.015865, 0.124994, 0.020162, -0.951789, -0.306088, -0.002831, -0.023142, 0.305624, -0.951871, -1.2e-05, 0.0, 0.0, 0.0, 1.0],
                [0.999529, 0.026275, -0.015865, 0.124994, 0.020162, -0.951789, -0.306088, -0.002831, -0.023142, 0.305624, -0.951871, -1.2e-05, 0.0, 0.0, 0.0, 1.0],
                [0.999529, 0.026275, -0.015865, 0.124994, 0.020162, -0.951789, -0.306088, -0.002831, -0.023142, 0.305624, -0.951871, -1.2e-05, 0.0, 0.0, 0.0, 1.0],
                [0.999529, 0.026275, -0.015865, 0.124994, 0.020162, -0.951789, -0.306088, -0.002831, -0.023142, 0.305624, -0.951871, -1.2e-05, 0.0, 0.0, 0.0, 1.0],
                [0.999529, 0.026275, -0.015865, 0.124994, 0.020162, -0.951789, -0.306088, -0.002831, -0.023142, 0.305624, -0.951871, -1.2e-05, 0.0, 0.0, 0.0, 1.0],
                [0.999529, 0.026275, -0.015865, 0.124994, 0.020162, -0.951789, -0.306088, -0.002831, -0.023142, 0.305624, -0.951871, -1.2e-05, 0.0, 0.0, 0.0, 1.0],
                [0.999529, 0.026275, -0.015865, 0.124994, 0.020162, -0.951789, -0.306088, -0.002831, -0.023142, 0.305624, -0.951871, -1.2e-05, 0.0, 0.0, 0.0, 1.0],
                [0.999529, 0.026275, -0.015865, 0.124994, 0.020162, -0.951789, -0.306088, -0.002831, -0.023142, 0.305624, -0.951871, -1.2e-05, 0.0, 0.0, 0.0, 1.0],
                [0.999529, 0.026275, -0.015865, 0.124994, 0.020162, -0.951789, -0.306088, -0.002831, -0.023142, 0.305624, -0.951871, -1.2e-05, 0.0, 0.0, 0.0, 1.0],
                [0.999529, 0.026275, -0.015865, 0.124994, 0.020162, -0.951789, -0.306088, -0.002831, -0.023142, 0.305624, -0.951871, -1.2e-05, 0.0, 0.0, 0.0, 1.0],
                [0.999529, 0.026275, -0.015865, 0.124994, 0.020162, -0.951789, -0.306088, -0.002831, -0.023142, 0.305624, -0.951871, -1.2e-05, 0.0, 0.0, 0.0, 1.0],
                [0.999529, 0.026275, -0.015865, 0.124994, 0.020162, -0.951789, -0.306088, -0.002831, -0.023142, 0.305624, -0.951871, -1.2e-05, 0.0, 0.0, 0.0, 1.0],
                [0.999529, 0.026275, -0.015865, 0.124994, 0.020162, -0.951789, -0.306088, -0.002831, -0.023142, 0.305624, -0.951871, -1.2e-05, 0.0, 0.0, 0.0, 1.0],
                [0.999529, 0.026275, -0.015865, 0.124994, 0.020162, -0.951789, -0.306088, -0.002831, -0.023142, 0.305624, -0.951871, -1.2e-05, 0.0, 0.0, 0.0, 1.0],
                [0.999529, 0.026275, -0.015865, 0.124994, 0.020162, -0.951789, -0.306088, -0.002831, -0.023142, 0.305624, -0.951871, -1.2e-05, 0.0, 0.0, 0.0, 1.0],
                [0.999529, 0.026275, -0.015865, 0.124994, 0.020162, -0.951789, -0.306088, -0.002831, -0.023142, 0.305624, -0.951871, -1.2e-05, 0.0, 0.0, 0.0, 1.0],
                [0.999529, 0.026275, -0.015865, 0.124994, 0.020162, -0.951789, -0.306088, -0.002831, -0.023142, 0.305624, -0.951871, -1.2e-05, 0.0, 0.0, 0.0, 1.0],
                [0.999529, 0.026275, -0.015865, 0.124994, 0.020162, -0.951789, -0.306088, -0.002831, -0.023142, 0.305624, -0.951871, -1.2e-05, 0.0, 0.0, 0.0, 1.0],
                [0.999529, 0.026275, -0.015865, 0.124994, 0.020162, -0.951789, -0.306088, -0.002831, -0.023142, 0.305624, -0.951871, -1.2e-05, 0.0, 0.0, 0.0, 1.0],
                [0.999529, 0.026275, -0.015865, 0.124994, 0.020162, -0.951789, -0.306088, -0.002831, -0.023142, 0.305624, -0.951871, -1.2e-05, 0.0, 0.0, 0.0, 1.0],
                [0.999529, 0.026275, -0.015865, 0.124994, 0.020162, -0.951789, -0.306088, -0.002831, -0.023142, 0.305624, -0.951871, -1.2e-05, 0.0, 0.0, 0.0, 1.0],
                [0.999529, 0.026275, -0.015865, 0.124994, 0.020162, -0.951789, -0.306088, -0.002831, -0.023142, 0.305624, -0.951871, -1.2e-05, 0.0, 0.0, 0.0, 1.0],
                [0.999529, 0.026275, -0.015865, 0.124994, 0.020162, -0.951789, -0.306088, -0.002831, -0.023142, 0.305624, -0.951871, -1.2e-05, 0.0, 0.0, 0.0, 1.0],
                [0.999543, 0.026709, -0.014135, 0.124994, 0.021185, -0.952912, -0.302506, -0.002831, -0.021549, 0.302068, -0.953043, -1.2e-05, 0.0, 0.0, 0.0, 1.0],
                [0.999566, 0.027988, -0.009189, 0.124994, 0.024083, -0.956051, -0.292208, -0.002831, -0.016964, 0.29186, -0.956311, -1.2e-05, 0.0, 0.0, 0.0, 1.0],
                [0.999545, 0.030119, -0.001395, 0.124994, 0.028566, -0.960784, -0.275822, -0.002831, -0.009648, 0.275657, -0.961208, -1.2e-05, 0.0, 0.0, 0.0, 1.0],
                [0.999411, 0.033142, 0.008869, 0.124994, 0.034308, -0.966609, -0.253948, -0.002831, 0.000157, 0.254103, -0.967177, -1.2e-05, 0.0, 0.0, 0.0, 1.0],
                [0.999086, 0.037111, 0.021211, 0.124994, 0.040965, -0.972989, -0.227189, -0.002831, 0.012207, 0.22785, -0.97362, -1.2e-05, 0.0, 0.0, 0.0, 1.0],
                [0.998493, 0.042072, 0.035226, 0.124994, 0.048188, -0.979382, -0.196183, -0.002831, 0.026246, 0.197585, -0.979934, -1.2e-05, 0.0, 0.0, 0.0, 1.0],
                [0.997568, 0.048047, 0.050496, 0.124994, 0.055637, -0.985282, -0.161625, -0.002831, 0.041987, 0.164041, -0.985559, -1.2e-05, 0.0, 0.0, 0.0, 1.0],
                [0.996262, 0.055018, 0.066594, 0.124994, 0.062993, -0.990246, -0.124274, -0.002831, 0.059107, 0.128004, -0.990011, -1.2e-05, 0.0, 0.0, 0.0, 1.0],
                [0.994553, 0.062918, 0.083097, 0.124994, 0.069977, -0.993924, -0.084955, -0.002831, 0.077247, 0.090307, -0.992914, -1.2e-05, 0.0, 0.0, 0.0, 1.0],
                [0.992447, 0.071625, 0.099591, 0.124994, 0.076358, -0.996085, -0.04455, -0.002831, 0.096011, 0.051818, -0.994031, -1.2e-05, 0.0, 0.0, 0.0, 1.0],
                [0.989981, 0.080958, 0.115689, 0.124994, 0.081966, -0.996627, -0.003976, -0.002831, 0.114977, 0.013419, -0.993278, -1.2e-05, 0.0, 0.0, 0.0, 1.0],
                [0.987222, 0.090685, 0.131033, 0.124994, 0.086697, -0.99559, 0.035833, -0.002831, 0.133704, -0.024015, -0.99073, -1.2e-05, 0.0, 0.0, 0.0, 1.0],
                [0.984266, 0.100526, 0.145311, 0.124994, 0.090515, -0.993145, 0.073955, -0.002831, 0.151749, -0.059639, -0.986618, -1.2e-05, 0.0, 0.0, 0.0, 1.0],
                [0.981233, 0.110167, 0.158255, 0.124994, 0.093445, -0.989585, 0.109498, -0.002831, 0.16867, -0.092655, -0.981308, -1.2e-05, 0.0, 0.0, 0.0, 1.0],
                [0.978262, 0.119267, 0.169646, 0.124994, 0.095567, -0.985298, 0.141616, -0.002831, 0.184042, -0.122325, -0.975277, -1.2e-05, 0.0, 0.0, 0.0, 1.0],
                [0.975501, 0.127474, 0.179301, 0.124994, 0.097001, -0.980742, 0.169513, -0.002831, 0.197457, -0.147968, -0.96908, -1.2e-05, 0.0, 0.0, 0.0, 1.0],
                [0.973105, 0.134432, 0.18707, 0.124994, 0.097893, -0.976413, 0.192444, -0.002831, 0.208528, -0.168956, -0.963312, -1.2e-05, 0.0, 0.0, 0.0, 1.0],
                [0.971226, 0.139795, 0.192815, 0.124994, 0.098391, -0.972803, 0.209698, -0.002831, 0.216885, -0.184693, -0.958566, -1.2e-05, 0.0, 0.0, 0.0, 1.0],
                [0.970008, 0.143233, 0.196391, 0.124994, 0.098628, -0.97037, 0.220576, -0.002831, 0.222166, -0.194591, -0.955393, -1.2e-05, 0.0, 0.0, 0.0, 1.0],
                [0.969577, 0.144441, 0.19763, 0.124994, 0.098696, -0.969494, 0.224367, -0.002831, 0.224009, -0.198035, -0.954255, -1.2e-05, 0.0, 0.0, 0.0, 1.0]
            ]
        },
        {
            "name": "Leg_R",
            "time": [0.0, 0.0167, 0.0333, 0.05, 0.0667, 0.0833, 0.1, 0.1167, 0.1333, 0.15, 0.1667, 0.1833, 0.2, 0.2167, 0.2333, 0.25, 0.2667, 0.2833, 0.3, 0.3167, 0.3333, 0.35, 0.3667, 0.3833, 0.4, 0.4167, 0.4333, 0.45, 0.4667, 0.4833, 0.5, 0.5167, 0.5333, 0.55, 0.5667, 0.5833, 0.6, 0.6167, 0.6333, 0.65, 0.6667, 0.6833, 0.7, 0.7167, 0.7333, 0.75, 0.7667, 0.7833, 0.8, 0.8167, 0.8333, 0.85, 0.8667, 0.8833, 0.9, 0.9167, 0.9333, 0.95, 0.9667, 0.9833, 1.0, 1.0167, 1.0333, 1.05, 1.0667, 1.0833, 1.1, 1.1167, 1.1333, 1.15, 1.1667, 1.1833, 1.2, 1.2167, 1.2333, 1.25],
            "transform": [
                [1.0, 0.0, 1e-06, 0.0, -0.0, 0.939692, 0.34202, 0.37472, -1e-06, -0.34202, 0.939692, -0.0, 0.0, 0.0, 0.0, 1.0],
                [1.0, 0.0, 1e-06, 0.0, -0.0, 0.939692, 0.34202, 0.37472, -1e-06, -0.34202, 0.939692, 0.0, 0.0, 0.0, 0.0, 1.0],
                [1.0, 0.0, 1e-06, 0.0, -0.0, 0.939693, 0.34202, 0.37472, -1e-06, -0.34202, 0.939693, 0.0, 0.0, 0.0, 0.0, 1.0],
                [1.0, 0.0, 1e-06, -0.0, -0.0, 0.939693, 0.34202, 0.37472, -1e-06, -0.34202, 0.939693, 0.0, 0.0, 0.0, 0.0, 1.0],
                [1.0, 0.0, 1e-06, -0.0, -0.0, 0.939692, 0.34202, 0.37472, -1e-06, -0.34202, 0.939692, 0.0, 0.0, 0.0, 0.0, 1.0],
                [1.0, 0.0, 1e-06, -0.0, -0.0, 0.939692, 0.34202, 0.37472, -1e-06, -0.34202, 0.939692, -0.0, 0.0, 0.0, 0.0, 1.0],
                [1.0, 0.0, 1e-06, 0.0, -0.0, 0.939693, 0.34202, 0.37472, -1e-06, -0.34202, 0.939692, 0.0, 0.0, 0.0, 0.0, 1.0],
                [1.0, 0.0, 1e-06, -0.0, -0.0, 0.939692, 0.34202, 0.37472, -1e-06, -0.34202, 0.939692, -0.0, 0.0, 0.0, 0.0, 1.0],
                [1.0, 0.0, 1e-06, 0.0, -0.0, 0.939692, 0.34202, 0.37472, -1e-06, -0.34202, 0.939692, 0.0, 0.0, 0.0, 0.0, 1.0],
                [1.0, 0.0, 1e-06, -0.0, -0.0, 0.939692, 0.34202, 0.37472, -1e-06, -0.34202, 0.939692, -0.0, 0.0, 0.0, 0.0, 1.0],
                [1.0, 0.0, 1e-06, 0.0, -0.0, 0.939692, 0.34202, 0.37472, -1e-06, -0.34202, 0.939692, -0.0, 0.0, 0.0, 0.0, 1.0],
                [1.0, 0.0, 1e-06, 0.0, -0.0, 0.939693, 0.342021, 0.37472, -1e-06, -0.34202, 0.939692, -0.0, 0.0, 0.0, 0.0, 1.0],
                [1.0, 0.0, 1e-06, 0.0, -0.0, 0.939692, 0.34202, 0.37472, -1e-06, -0.34202, 0.939692, 0.0, 0.0, 0.0, 0.0, 1.0],
                [1.0, 0.0, 1e-06, 0.0, -0.0, 0.939692, 0.34202, 0.37472, -1e-06, -0.34202, 0.939692, 0.0, 0.0, 0.0, 0.0, 1.0],
                [1.0, 0.0, 1e-06, 0.0, -0.0, 0.939692, 0.34202, 0.37472, -1e-06, -0.34202, 0.939692, -0.0, 0.0, 0.0, 0.0, 1.0],
                [1.0, 0.0, 1e-06, -0.0, -0.0, 0.939537, 0.342447, 0.37472, -1e-06, -0.342447, 0.939537, 0.0, 0.0, 0.0, 0.0, 1.0],
                [1.0, 0.0, 1e-06, 0.0, -0.0, 0.93908, 0.343697, 0.37472, -1e-06, -0.343697, 0.93908, -0.0, 0.0, 0.0, 0.0, 1.0],
                [1.0, 0.0, 1e-06, -0.0, -0.0, 0.938335, 0.345729, 0.37472, -1e-06, -0.345729, 0.938335, -0.0, 0.0, 0.0, 0.0, 1.0],
                [1.0, 0.0, 1e-06, 0.0, -0.0, 0.93731, 0.348497, 0.37472, -1e-06, -0.348497, 0.93731, 0.0, 0.0, 0.0, 0.0, 1.0],
                [1.0, 0.0, 1e-06, 0.0, -0.0, 0.936015, 0.351959, 0.37472, -1e-06, -0.351959, 0.936015, -0.0, 0.0, 0.0, 0.0, 1.0],
                [1.0, 0.0, 1e-06, 0.0, -0.0, 0.93446, 0.356069, 0.37472, -1e-06, -0.356069, 0.93446, -0.0, 0.0, 0.0, 0.0, 1.0],
                [1.0, 0.0, 1e-06, 0.0, -0.0, 0.93265, 0.360783, 0.37472, -1e-06, -0.360783, 0.93265, -0.0, 0.0, 0.0, 0.0, 1.0],
                [1.0, 0.0, 1e-06, 0.0, -0.0, 0.930593, 0.366055, 0.37472, -1e-06, -0.366055, 0.930593, -0.0, 0.0, 0.0, 0.0, 1.0],
                [1.0, 0.0, 1e-06, -0.0, -0.0, 0.928297, 0.37184, 0.37472, -1e-06, -0.37184, 0.928297, 0.0, 0.0, 0.0, 0.0, 1.0],
                [1.0, 0.0, 1e-06, 0.0, -0.0, 0.925768, 0.378092, 0.37472, -1e-06, -0.378092, 0.925768, -0.0, 0.0, 0.0, 0.0, 1.0],
                [1.0, 0.0, 1e-06, 0.0, -0.0, 0.923014, 0.384767, 0.37472, -1e-06, -0.384767, 0.923014, -0.0, 0.0, 0.0, 0.0, 1.0],
                [1.0, 0.0, 1e-06, -0.0, -0.0, 0.920043, 0.391817, 0.37472, -1e-06, -0.391817, 0.920043, -0.0, 0.0, 0.0, 0.0, 1.0],
                [1.0, 0.0, 1e-06, -0.0, -0.0, 0.916864, 0.399199, 0.37472, -1e-06, -0.399199, 0.916864, 0.0, 0.0, 0.0, 0.0, 1.0],
                [1.0, 0.0, 1e-06, -0.0, -0.0, 0.913487, 0.406867, 0.37472, -1e-06, -0.406867, 0.913487, -0.0, 0.0, 0.0, 0.0, 1.0],
                [1.0, 0.0, 1e-06, -0.0, -0.0, 0.909924, 0.414775, 0.37472, -1e-06, -0.414775, 0.909924, -0.0, 0.0, 0.0, 0.0, 1.0],
                [1.0, 0.0, 1e-06, -0.0, -0.0, 0.906186, 0.422879, 0.37472, -1e-06, -0.422878, 0.906186, -0.0, 0.0, 0.0, 0.0, 1.0],
                [1.0, 0.0, 1e-06, -0.0, -0.0, 0.902288, 0.431133, 0.37472, -1e-06, -0.431133, 0.902288, -0.0, 0.0, 0.0, 0.0, 1.0],
                [1.0, 0.0, 1e-06, 0.0, -0.0, 0.898245, 0.439496, 0.37472, -1e-06, -0.439496, 0.898245, 0.0, 0.0, 0.0, 0.0, 1.0],
                [1.0, 0.0, 1e-06, -0.0, -0.0, 0.894073, 0.447922, 0.37472, -1e-06, -0.447922, 0.894073, 0.0, 0.0, 0.0, 0.0, 1.0],
                [1.0, 0.0, 1e-06, -0.0, -0.0, 0.88979, 0.45637, 0.37472, -1e-06, -0.45637, 0.88979, 0.0, 0.0, 0.0, 0.0, 1.0],
                [1.0, 0.0, 1e-06, 0.0, -0.0, 0.885417, 0.464797, 0.37472, -1e-06, -0.464797, 0.885417, 0.0, 0.0, 0.0, 0.0, 1.0],
                [1.0, 0.0, 1e-06, -0.0, -0.0, 0.880975, 0.473162, 0.37472, -1e-06, -0.473162, 0.880975, 0.0, 0.0, 0.0, 0.0, 1.0],
                [1.0, 0.0, 1e-06, -0.0, -0.0, 0.876487, 0.481425, 0.37472, -1e-06, -0.481425, 0.876487, 0.0, 0.0, 0.0, 0.0, 1.0],
                [1.0, 0.0, 1e-06, -0.0, -0.0, 0.871977, 0.489546, 0.37472, -1e-06, -0.489546, 0.871977, 0.0, 0.0, 0.0, 0.0, 1.0],
                [1.0, 0.0, 1e-06, -0.0, -0.0, 0.867472, 0.497487, 0.37472, -1e-06, -0.497487, 0.867472, 0.0, 0.0, 0.0, 0.0, 1.0],
                [1.0, 0.0, 1e-06, -0.0, -0.0, 0.862997, 0.505209, 0.37472, -1e-06, -0.505209, 0.862997, -0.0, 0.0, 0.0, 0.0, 1.0],
                [1.0, -0.0, 1e-06, -0.0, -0.0, 0.858583, 0.512676, 0.37472, -1e-06, -0.512676, 0.858582, 0.0, 0.0, 0.0, 0.0, 1.0],
                [1.0, -0.0, 1e-06, -0.0, -0.0, 0.854257, 0.519851, 0.37472, -1e-06, -0.519851, 0.854257, 0.0, 0.0, 0.0, 0.0, 1.0],
                [1.0, -0.0, 1e-06, -0.0, -0.0, 0.850051, 0.526701, 0.37472, -1e-06, -0.526701, 0.850051, -0.0, 0.0, 0.0, 0.0, 1.0],
                [1.0, -0.0, 1e-06, 0.0, -0.0, 0.845996, 0.53319, 0.37472, -1e-06, -0.53319, 0.845995, 0.0, 0.0, 0.0, 0.0, 1.0],
                [1.0, -0.0, 1e-06, -0.0, -0.0, 0.842123, 0.539285, 0.37472, -1e-06, -0.539285, 0.842123, 0.0, 0.0, 0.0, 0.0, 1.0],
                [1.0, -0.0, 1e-06, -0.0, -0.0, 0.838466, 0.544953, 0.37472, -1e-06, -0.544953, 0.838466, 0.0, 0.0, 0.0, 0.0, 1.0],
                [1.0, -0.0, 1e-06, 0.0, -0.0, 0.835058, 0.550162, 0.37472, -1e-06, -0.550162, 0.835058, 0.0, 0.0, 0.0, 0.0, 1.0],
                [1.0, -0.0, 1e-06, -0.0, -0.0, 0.831931, 0.554879, 0.37472, -1e-06, -0.554879, 0.831931, 0.0, 0.0, 0.0, 0.0, 1.0],
                [1.0, -0.0, 1e-06, -0.0, -0.0, 0.829118, 0.559073, 0.37472, -1e-06, -0.559073, 0.829118, -0.0, 0.0, 0.0, 0.0, 1.0],
                [1.0, -0.0, 1e-06, -0.0, -0.0, 0.826653, 0.562712, 0.37472, -1e-06, -0.562712, 0.826653, -0.0, 0.0, 0.0, 0.0, 1.0],
                [1.0, -0.0, 1e-06, -0.0, -0.0, 0.824567, 0.565764, 0.37472, -1e-06, -0.565764, 0.824567, 0.0, 0.0, 0.0, 0.0, 1.0],
                [1.0, -0.0, 1e-06, -0.0, -0.0, 0.822893, 0.568196, 0.37472, -1e-06, -0.568196, 0.822893, 0.0, 0.0, 0.0, 0.0, 1.0],
                [1.0, -0.0, 1e-06, -0.0, -0.0, 0.821661, 0.569976, 0.37472, -1e-06, -0.569976, 0.821661, 0.0, 0.0, 0.0, 0.0, 1.0],
                [1.0, -0.0, 1e-06, -0.0, -0.0, 0.820902, 0.57107, 0.37472, -1e-06, -0.57107, 0.820902, 0.0, 0.0, 0.0, 0.0, 1.0],
                [1.0, -0.0, 1e-06, -0.0, -0.0, 0.820643, 0.571442, 0.37472, -1e-06, -0.571442, 0.820642, 0.0, 0.0, 0.0, 0.0, 1.0],
                [1.0, -0.0, 1e-06, 0.0, -0.0, 0.821712, 0.569903, 0.37472, -1e-06, -0.569903, 0.821712, 0.0, 0.0, 0.0, 0.0, 1.0],
                [1.0, -0.0, 1e-06, -0.0, -0.0, 0.824758, 0.565486, 0.37472, -1e-06, -0.565486, 0.824758, -0.0, 0.0, 0.0, 0.0, 1.0],
                [1.0, -0.0, 1e-06, 0.0, -0.0, 0.829519, 0.558479, 0.37472, -1e-06, -0.558479, 0.829519, 0.0, 0.0, 0.0, 0.0, 1.0],
                [1.0, -0.0, 1e-06, -0.0, -0.0, 0.835718, 0.549159, 0.37472, -1e-06, -0.549159, 0.835718, -0.0, 0.0, 0.0, 0.0, 1.0],
                [1.0, -0.0, 1e-06, 0.0, -0.0, 0.843072, 0.5378, 0.37472, -1e-06, -0.5378, 0.843072, -0.0, 0.0, 0.0, 0.0, 1.0],
                [1.0, -0.0, 1e-06, 0.0, -0.0, 0.851298, 0.524682, 0.37472, -1e-06, -0.524682, 0.851298, 0.0, 0.0, 0.0, 0.0, 1.0],
