{
    "armature": {
        "joints": ["Root", "Thigh_R", "Leg_R", "Knee_R", "Thigh_L", "Leg_L", "Knee_L", "Torso", "Chest", "Head", "Shoulder_R", "Arm_R", "Hand_R", "Tool_R", "Elbow_R", "Shoulder_L", "Arm_L", "Hand_L", "Tool_L", "Elbow_L"],
        "hierarchy": [
            {
                "name": "Root",
                "transform": [1.0, 0.0, 0.0, -5e-06, 0.0, 0.0, -1.0, 0.000946, 0.0, 1.0, 0.0, 0.763972, 0.0, 0.0, 0.0, 1.0],
                "children": [
                    {
                        "name": "Thigh_R",
                        "transform": [1.0, -0.0, -0.0, 0.124994, -0.0, -1.0, 0.0, -0.002831, -0.0, -0.0, -1.0, -1.2e-05, 0.0, 0.0, 0.0, 1.0],
                        "children": [
                            {
                                "name": "Leg_R",
                                "transform": [1.0, 0.0, 1e-06, 0.0, -0.0, 1.0, 0.0, 0.37472, -1e-06, -0.0, 1.0, -0.0, 0.0, 0.0, 0.0, 1.0],
                                "children": []
                            },
                            {
                                "name": "Knee_R",
                                "transform": [1.0, 0.0, -0.0, 0.0, -0.0, 0.0, -1.0, 0.37472, -0.0, 1.0, 0.0, -0.0, 0.0, 0.0, 0.0, 1.0],
                                "children": []
                            }
                        ]
                    },
                    {
                        "name": "Thigh_L",
                        "transform": [1.0, -0.0, -0.0, -0.125006, -0.0, -1.0, 0.0, -0.002831, -0.0, -0.0, -1.0, -1.2e-05, 0.0, 0.0, 0.0, 1.0],
                        "children": [
                            {
                                "name": "Leg_L",
                                "transform": [1.0, 0.0, 1e-06, -0.0, -0.0, 1.0, 0.0, 0.37472, -1e-06, -0.0, 1.0, 0.0, 0.0, 0.0, 0.0, 1.0],
                                "children": []
                            },
                            {
                                "name": "Knee_L",
                                "transform": [1.0, 0.0, -0.0, -0.0, -0.0, 0.0, -1.0, 0.37472, -0.0, 1.0, 0.0, 0.0, 0.0, 0.0, 0.0, 1.0],
                                "children": []
                            }
                        ]
                    },
                    {
                        "name": "Torso",
                        "transform": [1.0, 0.0, 0.0, 0.0, 0.0, 1.0, 0.0, 0.05, 0.0, 0.0, 1.0, 0.0, 0.0, 0.0, 0.0, 1.0],
                        "children": [
                            {
                                "name": "Chest",
                                "transform": [1.0, 0.0, 0.0, 0.0, 0.0, 1.0, 0.0, 0.3, 0.0, 0.0, 1.0, 0.0, 0.0, 0.0, 0.0, 1.0],
                                "children": [
                                    {
                                        "name": "Head",
                                        "transform": [1.0, 0.0, 0.0, 0.0, 0.0, 1.0, 0.0, 0.4, 0.0, 0.0, 1.0, 0.0, 0.0, 0.0, 0.0, 1.0],
                                        "children": []
                                    },
                                    {
                                        "name": "Shoulder_R",
                                        "transform": [0.0, 0.952114, 0.305743, 0.0, 0.0, -0.305743, 0.952114, 0.4, 1.0, 0.0, -0.0, 0.0, 0.0, 0.0, 0.0, 1.0],
                                        "children": [
                                            {
                                                "name": "Arm_R",
                                                "transform": [0.0, -0.0, -1.0, -0.0, 0.952114, 0.305743, 0.0, 0.39386, 0.305743, -0.952114, 0.0, 0.0, 0.0, 0.0, 0.0, 1.0],
                                                "children": [
                                                    {
                                                        "name": "Hand_R",
                                                        "transform": [1.0, 0.0, 0.0, 0.0, -0.0, 0.993938, 0.109947, 0.3, -0.0, -0.109947, 0.993937, 0.0, 0.0, 0.0, 0.0, 1.0],
                                                        "children": [
                                                            {
                                                                "name": "Tool_R",
                                                                "transform": [1.0, 0.0, 0.0, -0.0, 0.0, -0.999836, 0.018122, 0.272858, 0.0, -0.018122, -0.999836, 0.0, 0.0, 0.0, 0.0, 1.0],
                                                                "children": []
                                                            }
                                                        ]
                                                    },
                                                    {
                                                        "name": "Elbow_R",
                                                        "transform": [-1.0, 0.0, -0.0, 0.0, 0.0, 0.0, -1.0, 0.3, -0.0, -1.0, -0.0, 0.0, 0.0, 0.0, 0.0, 1.0],
                                                        "children": []
                                                    }
                                                ]
                                            }
                                        ]
                                    },
                                    {
                                        "name": "Shoulder_L",
                                        "transform": [-0.0, -0.952114, -0.305743, 0.0, 0.0, -0.305743, 0.952114, 0.4, -1.0, 0.0, 0.0, 0.0, 0.0, 0.0, 0.0, 1.0],
                                        "children": [
                                            {
                                                "name": "Arm_L",
                                                "transform": [-0.0, -0.0, 1.0, -0.0, -0.952114, 0.305743, -0.0, 0.39386, -0.305743, -0.952114, -0.0, 0.0, 0.0, 0.0, 0.0, 1.0],
                                                "children": [
                                                    {
                                                        "name": "Hand_L",
                                                        "transform": [1.0, -0.0, 0.0, -0.0, 0.0, 0.993937, 0.109947, 0.3, -0.0, -0.109947, 0.993937, 0.0, 0.0, 0.0, 0.0, 1.0],
                                                        "children": [
                                                            {
                                                                "name": "Tool_L",
                                                                "transform": [1.0, 0.0, 0.0, -0.0, -0.0, -0.999836, 0.018122, 0.272858, 0.0, -0.018122, -0.999836, -0.0, 0.0, 0.0, 0.0, 1.0],
                                                                "children": []
                                                            }
                                                        ]
                                                    },
                                                    {
                                                        "name": "Elbow_L",
                                                        "transform": [-1.0, 0.0, -0.0, -0.0, 0.0, -0.0, -1.0, 0.3, -0.0, -1.0, 0.0, 0.0, 0.0, 0.0, 0.0, 1.0],
                                                        "children": []
                                                    }
                                                ]
                                            }
                                        ]
                                    }
                                ]
                            }
                        ]
                    }
                ]
            }
        ]
    },
    "animation": [
        {
            "name": "Root",
            "time": [0.0, 0.0167, 0.0333, 0.05, 0.0667, 0.0833, 0.1, 0.1167, 0.1333, 0.15, 0.1667, 0.1833, 0.2, 0.2167, 0.2333, 0.25, 0.2667, 0.2833, 0.3, 0.3167, 0.3333, 0.35, 0.3667, 0.3833, 0.4, 0.4167, 0.4333, 0.45, 0.4667, 0.4833, 0.5, 0.5167, 0.5333, 0.55, 0.5667, 0.5833, 0.6, 0.6167, 0.6333, 0.65, 0.6667, 0.6833, 0.7, 0.7167, 0.7333, 0.75, 0.7667, 0.7833, 0.8, 0.8167, 0.8333, 0.85, 0.8667, 0.8833, 0.9, 0.9167, 0.9333, 0.95, 0.9667, 0.9833, 1.0, 1.0167, 1.0333, 1.05],
            "transform": [
                [1.0, 0.0, 0.0, -5e-06, 0.0, 0.0, -1.0, 0.000946, 0.0, 1.0, 0.0, 0.763972, 0.0, 0.0, 0.0, 1.0],
                [1.0, 0.0, 0.0, -5e-06, 0.0, 0.0, -1.0, 0.000946, 0.0, 1.0, 0.0, 0.763972, 0.0, 0.0, 0.0, 1.0],
                [1.0, 0.0, 0.0, -5e-06, 0.0, 0.0, -1.0, 0.000946, 0.0, 1.0, 0.0, 0.763972, 0.0, 0.0, 0.0, 1.0],
                [1.0, 0.0, 0.0, -5e-06, 0.0, 0.0, -1.0, 0.000946, 0.0, 1.0, 0.0, 0.763972, 0.0, 0.0, 0.0, 1.0],
                [1.0, 0.0, 0.0, -5e-06, 0.0, 0.0, -1.0, 0.000946, 0.0, 1.0, 0.0, 0.763972, 0.0, 0.0, 0.0, 1.0],
                [1.0, 0.0, 0.0, -5e-06, 0.0, 0.0, -1.0, 0.000946, 0.0, 1.0, 0.0, 0.763972, 0.0, 0.0, 0.0, 1.0],
                [1.0, 0.0, 0.0, -5e-06, 0.0, 0.0, -1.0, 0.03441, 0.0, 1.0, 0.0, 0.763972, 0.0, 0.0, 0.0, 1.0],
                [1.0, 0.0, 0.0, -5e-06, 0.0, 0.0, -1.0, 0.126417, 0.0, 1.0, 0.0, 0.763972, 0.0, 0.0, 0.0, 1.0],
                [1.0, 0.0, 0.0, -5e-06, 0.0, 0.0, -1.0, 0.264394, 0.0, 1.0, 0.0, 0.763972, 0.0, 0.0, 0.0, 1.0],
                [1.0, 0.0, 0.0, -5e-06, 0.0, 0.0, -1.0, 0.435766, 0.0, 1.0, 0.0, 0.763972, 0.0, 0.0, 0.0, 1.0],
                [1.0, 0.0, 0.0, -5e-06, 0.0, 0.0, -1.0, 0.627958, 0.0, 1.0, 0.0, 0.763972, 0.0, 0.0, 0.0, 1.0],
                [1.0, 0.0, 0.0, -5e-06, 0.0, 0.0, -1.0, 0.828396, 0.0, 1.0, 0.0, 0.763972, 0.0, 0.0, 0.0, 1.0],
                [1.0, 0.0, 0.0, -5e-06, 0.0, 0.0, -1.0, 1.024506, 0.0, 1.0, 0.0, 0.763972, 0.0, 0.0, 0.0, 1.0],
                [1.0, 0.0, 0.0, -5e-06, 0.0, 0.0, -1.0, 1.203712, 0.0, 1.0, 0.0, 0.763972, 0.0, 0.0, 0.0, 1.0],
                [1.0, 0.0, 0.0, -5e-06, 0.0, 0.0, -1.0, 1.353441, 0.0, 1.0, 0.0, 0.763972, 0.0, 0.0, 0.0, 1.0],
                [1.0, 0.0, 0.0, -5e-06, 0.0, 0.0, -1.0, 1.461119, 0.0, 1.0, 0.0, 0.763972, 0.0, 0.0, 0.0, 1.0],
                [1.0, 0.0, 0.0, -5e-06, 0.0, 0.0, -1.0, 1.514169, 0.0, 1.0, 0.0, 0.763972, 0.0, 0.0, 0.0, 1.0],
                [1.0, 0.0, 0.0, -5e-06, 0.0, 0.0, -1.0, 1.535049, 0.0, 1.0, 0.0, 0.763972, 0.0, 0.0, 0.0, 1.0],
                [1.0, 0.0, 0.0, -5e-06, 0.0, 0.0, -1.0, 1.554624, 0.0, 1.0, 0.0, 0.763972, 0.0, 0.0, 0.0, 1.0],
                [1.0, 0.0, 0.0, -5e-06, 0.0, 0.0, -1.0, 1.572937, 0.0, 1.0, 0.0, 0.763972, 0.0, 0.0, 0.0, 1.0],
                [1.0, 0.0, 0.0, -5e-06, 0.0, 0.0, -1.0, 1.590029, 0.0, 1.0, 0.0, 0.763972, 0.0, 0.0, 0.0, 1.0],
                [1.0, 0.0, 0.0, -5e-06, 0.0, 0.0, -1.0, 1.605943, 0.0, 1.0, 0.0, 0.763972, 0.0, 0.0, 0.0, 1.0],
                [1.0, 0.0, 0.0, -5e-06, 0.0, 0.0, -1.0, 1.620721, 0.0, 1.0, 0.0, 0.763972, 0.0, 0.0, 0.0, 1.0],
                [1.0, 0.0, 0.0, -5e-06, 0.0, 0.0, -1.0, 1.634404, 0.0, 1.0, 0.0, 0.763972, 0.0, 0.0, 0.0, 1.0],
                [1.0, 0.0, 0.0, -5e-06, 0.0, 0.0, -1.0, 1.647036, 0.0, 1.0, 0.0, 0.763972, 0.0, 0.0, 0.0, 1.0],
                [1.0, 0.0, 0.0, -5e-06, 0.0, 0.0, -1.0, 1.658658, 0.0, 1.0, 0.0, 0.763972, 0.0, 0.0, 0.0, 1.0],
                [1.0, 0.0, 0.0, -5e-06, 0.0, 0.0, -1.0, 1.669311, 0.0, 1.0, 0.0, 0.763972, 0.0, 0.0, 0.0, 1.0],
                [1.0, 0.0, 0.0, -5e-06, 0.0, 0.0, -1.0, 1.679039, 0.0, 1.0, 0.0, 0.763972, 0.0, 0.0, 0.0, 1.0],
                [1.0, 0.0, 0.0, -5e-06, 0.0, 0.0, -1.0, 1.687883, 0.0, 1.0, 0.0, 0.763972, 0.0, 0.0, 0.0, 1.0],
                [1.0, 0.0, 0.0, -5e-06, 0.0, 0.0, -1.0, 1.695886, 0.0, 1.0, 0.0, 0.763972, 0.0, 0.0, 0.0, 1.0],
                [1.0, 0.0, 0.0, -5e-06, 0.0, 0.0, -1.0, 1.703089, 0.0, 1.0, 0.0, 0.763972, 0.0, 0.0, 0.0, 1.0],
                [1.0, 0.0, 0.0, -5e-06, 0.0, 0.0, -1.0, 1.709534, 0.0, 1.0, 0.0, 0.763972, 0.0, 0.0, 0.0, 1.0],
                [1.0, 0.0, 0.0, -5e-06, 0.0, 0.0, -1.0, 1.715265, 0.0, 1.0, 0.0, 0.763972, 0.0, 0.0, 0.0, 1.0],
                [1.0, 0.0, 0.0, -5e-06, 0.0, 0.0, -1.0, 1.720322, 0.0, 1.0, 0.0, 0.763972, 0.0, 0.0, 0.0, 1.0],
                [1.0, 0.0, 0.0, -5e-06, 0.0, 0.0, -1.0, 1.724747, 0.0, 1.0, 0.0, 0.763972, 0.0, 0.0, 0.0, 1.0],
                [1.0, 0.0, 0.0, -5e-06, 0.0, 0.0, -1.0, 1.728584, 0.0, 1.0, 0.0, 0.763972, 0.0, 0.0, 0.0, 1.0],
                [1.0, 0.0, 0.0, -5e-06, 0.0, 0.0, -1.0, 1.731873, 0.0, 1.0, 0.0, 0.763972, 0.0, 0.0, 0.0, 1.0],
                [1.0, 0.0, 0.0, -5e-06, 0.0, 0.0, -1.0, 1.734657, 0.0, 1.0, 0.0, 0.763972, 0.0, 0.0, 0.0, 1.0],
                [1.0, 0.0, 0.0, -5e-06, 0.0, 0.0, -1.0, 1.736979, 0.0, 1.0, 0.0, 0.763972, 0.0, 0.0, 0.0, 1.0],
                [1.0, 0.0, 0.0, -5e-06, 0.0, 0.0, -1.0, 1.73888, 0.0, 1.0, 0.0, 0.763972, 0.0, 0.0, 0.0, 1.0],
                [1.0, 0.0, 0.0, -5e-06, 0.0, 0.0, -1.0, 1.740402, 0.0, 1.0, 0.0, 0.763972, 0.0, 0.0, 0.0, 1.0],
                [1.0, 0.0, 0.0, -5e-06, 0.0, 0.0, -1.0, 1.741587, 0.0, 1.0, 0.0, 0.763972, 0.0, 0.0, 0.0, 1.0],
                [1.0, 0.0, 0.0, -5e-06, 0.0, 0.0, -1.0, 1.742478, 0.0, 1.0, 0.0, 0.763972, 0.0, 0.0, 0.0, 1.0],
                [1.0, 0.0, 0.0, -5e-06, 0.0, 0.0, -1.0, 1.743116, 0.0, 1.0, 0.0, 0.763972, 0.0, 0.0, 0.0, 1.0],
                [1.0, 0.0, 0.0, -5e-06, 0.0, 0.0, -1.0, 1.743544, 0.0, 1.0, 0.0, 0.763972, 0.0, 0.0, 0.0, 1.0],
                [1.0, 0.0, 0.0, -5e-06, 0.0, 0.0, -1.0, 1.743803, 0.0, 1.0, 0.0, 0.763972, 0.0, 0.0, 0.0, 1.0],
                [1.0, 0.0, 0.0, -5e-06, 0.0, 0.0, -1.0, 1.743936, 0.0, 1.0, 0.0, 0.763972, 0.0, 0.0, 0.0, 1.0],
                [1.0, 0.0, 0.0, -5e-06, 0.0, 0.0, -1.0, 1.743986, 0.0, 1.0, 0.0, 0.763972, 0.0, 0.0, 0.0, 1.0],
                [1.0, 0.0, 0.0, -5e-06, 0.0, 0.0, -1.0, 1.743993, 0.0, 1.0, 0.0, 0.763972, 0.0, 0.0, 0.0, 1.0],
                [1.0, 0.0, 0.0, -5e-06, 0.0, 0.0, -1.0, 1.739821, 0.0, 1.0, 0.0, 0.763972, 0.0, 0.0, 0.0, 1.0],
                [1.0, 0.0, 0.0, -5e-06, 0.0, 0.0, -1.0, 1.728082, 0.0, 1.0, 0.0, 0.763972, 0.0, 0.0, 0.0, 1.0],
                [1.0, 0.0, 0.0, -5e-06, 0.0, 0.0, -1.0, 1.70994, 0.0, 1.0, 0.0, 0.763972, 0.0, 0.0, 0.0, 1.0],
                [1.0, 0.0, 0.0, -5e-06, 0.0, 0.0, -1.0, 1.686559, 0.0, 1.0, 0.0, 0.763972, 0.0, 0.0, 0.0, 1.0],
                [1.0, 0.0, 0.0, -5e-06, 0.0, 0.0, -1.0, 1.659103, 0.0, 1.0, 0.0, 0.763972, 0.0, 0.0, 0.0, 1.0],
                [1.0, 0.0, 0.0, -5e-06, 0.0, 0.0, -1.0, 1.628737, 0.0, 1.0, 0.0, 0.763972, 0.0, 0.0, 0.0, 1.0],
                [1.0, 0.0, 0.0, -5e-06, 0.0, 0.0, -1.0, 1.596625, 0.0, 1.0, 0.0, 0.763972, 0.0, 0.0, 0.0, 1.0],
                [1.0, 0.0, 0.0, -5e-06, 0.0, 0.0, -1.0, 1.56393, 0.0, 1.0, 0.0, 0.763972, 0.0, 0.0, 0.0, 1.0],
                [1.0, 0.0, 0.0, -5e-06, 0.0, 0.0, -1.0, 1.531818, 0.0, 1.0, 0.0, 0.763972, 0.0, 0.0, 0.0, 1.0],
                [1.0, 0.0, 0.0, -5e-06, 0.0, 0.0, -1.0, 1.501452, 0.0, 1.0, 0.0, 0.763972, 0.0, 0.0, 0.0, 1.0],
                [1.0, 0.0, 0.0, -5e-06, 0.0, 0.0, -1.0, 1.473996, 0.0, 1.0, 0.0, 0.763972, 0.0, 0.0, 0.0, 1.0],
                [1.0, 0.0, 0.0, -5e-06, 0.0, 0.0, -1.0, 1.450615, 0.0, 1.0, 0.0, 0.763972, 0.0, 0.0, 0.0, 1.0],
                [1.0, 0.0, 0.0, -5e-06, 0.0, 0.0, -1.0, 1.432473, 0.0, 1.0, 0.0, 0.763972, 0.0, 0.0, 0.0, 1.0],
                [1.0, 0.0, 0.0, -5e-06, 0.0, 0.0, -1.0, 1.420734, 0.0, 1.0, 0.0, 0.763972, 0.0, 0.0, 0.0, 1.0],
                [1.0, 0.0, 0.0, -5e-06, 0.0, 0.0, -1.0, 1.416563, 0.0, 1.0, 0.0, 0.763972, 0.0, 0.0, 0.0, 1.0]
            ]
        },
        {
            "name": "Thigh_R",
            "time": [0.0, 0.0167, 0.0333, 0.05, 0.0667, 0.0833, 0.1, 0.1167, 0.1333, 0.15, 0.1667, 0.1833, 0.2, 0.2167, 0.2333, 0.25, 0.2667, 0.2833, 0.3, 0.3167, 0.3333, 0.35, 0.3667, 0.3833, 0.4, 0.4167, 0.4333, 0.45, 0.4667, 0.4833, 0.5, 0.5167, 0.5333, 0.55, 0.5667, 0.5833, 0.6, 0.6167, 0.6333, 0.65, 0.6667, 0.6833, 0.7, 0.7167, 0.7333, 0.75, 0.7667, 0.7833, 0.8, 0.8167, 0.8333, 0.85, 0.8667, 0.8833, 0.9, 0.9167, 0.9333, 0.95, 0.9667, 0.9833, 1.0, 1.0167, 1.0333, 1.05],
            "transform": [
                [0.969577, 0.223905, 0.098932, 0.124994, 0.058298, -0.603738, 0.795048, -0.002831, 0.237744, -0.765092, -0.598424, -1.2e-05, 0.0, 0.0, 0.0, 1.0],
                [0.969577, 0.223905, 0.098932, 0.124994, 0.058298, -0.603738, 0.795048, -0.002831, 0.237744, -0.765092, -0.598424, -1.2e-05, 0.0, 0.0, 0.0, 1.0],
                [0.969577, 0.223905, 0.098932, 0.124994, 0.058298, -0.603738, 0.795048, -0.002831, 0.237744, -0.765092, -0.598424, -1.2e-05, 0.0, 0.0, 0.0, 1.0],
                [0.969577, 0.223905, 0.098932, 0.124994, 0.058298, -0.603738, 0.795048, -0.002831, 0.237744, -0.765092, -0.598424, -1.2e-05, 0.0, 0.0, 0.0, 1.0],
                [0.969577, 0.223905, 0.098932, 0.124994, 0.058298, -0.603738, 0.795048, -0.002831, 0.237744, -0.765092, -0.598424, -1.2e-05, 0.0, 0.0, 0.0, 1.0],
                [0.969577, 0.223905, 0.098932, 0.124994, 0.058298, -0.603738, 0.795048, -0.002831, 0.237744, -0.765092, -0.598424, -1.2e-05, 0.0, 0.0, 0.0, 1.0],
                [0.969577, 0.223905, 0.098932, 0.124994, 0.058298, -0.603738, 0.795048, -0.002831, 0.237744, -0.765092, -0.598424, -1.2e-05, 0.0, 0.0, 0.0, 1.0],
                [0.969577, 0.223905, 0.098932, 0.124994, 0.058298, -0.603738, 0.795048, -0.002831, 0.237744, -0.765092, -0.598424, -1.2e-05, 0.0, 0.0, 0.0, 1.0],
                [0.969577, 0.223905, 0.098932, 0.124994, 0.058298, -0.603738, 0.795048, -0.002831, 0.237744, -0.765092, -0.598424, -1.2e-05, 0.0, 0.0, 0.0, 1.0],
                [0.969577, 0.223905, 0.098932, 0.124994, 0.058298, -0.603738, 0.795048, -0.002831, 0.237744, -0.765092, -0.598424, -1.2e-05, 0.0, 0.0, 0.0, 1.0],
                [0.969577, 0.223905, 0.098932, 0.124994, 0.058298, -0.603738, 0.795048, -0.002831, 0.237744, -0.765092, -0.598424, -1.2e-05, 0.0, 0.0, 0.0, 1.0],
                [0.969577, 0.223905, 0.098932, 0.124994, 0.058298, -0.603738, 0.795048, -0.002831, 0.237744, -0.765092, -0.598424, -1.2e-05, 0.0, 0.0, 0.0, 1.0],
                [0.969577, 0.223905, 0.098932, 0.124994, 0.058298, -0.603738, 0.795048, -0.002831, 0.237744, -0.765092, -0.598424, -1.2e-05, 0.0, 0.0, 0.0, 1.0],
                [0.969577, 0.223905, 0.098932, 0.124994, 0.058298, -0.603738, 0.795048, -0.002831, 0.237744, -0.765092, -0.598424, -1.2e-05, 0.0, 0.0, 0.0, 1.0],
                [0.969577, 0.223905, 0.098932, 0.124994, 0.058298, -0.603738, 0.795048, -0.002831, 0.237744, -0.765092, -0.598424, -1.2e-05, 0.0, 0.0, 0.0, 1.0],
                [0.969577, 0.223905, 0.098932, 0.124994, 0.058298, -0.603738, 0.795048, -0.002831, 0.237744, -0.765092, -0.598424, -1.2e-05, 0.0, 0.0, 0.0, 1.0],
                [0.969577, 0.223905, 0.098932, 0.124994, 0.058298, -0.603738, 0.795048, -0.002831, 0.237744, -0.765092, -0.598424, -1.2e-05, 0.0, 0.0, 0.0, 1.0],
                [0.969577, 0.223905, 0.098932, 0.124994, 0.058298, -0.603738, 0.795048, -0.002831, 0.237744, -0.765092, -0.598424, -1.2e-05, 0.0, 0.0, 0.0, 1.0],
                [0.969577, 0.223905, 0.098932, 0.124994, 0.058298, -0.603738, 0.795048, -0.002831, 0.237744, -0.765092, -0.598424, -1.2e-05, 0.0, 0.0, 0.0, 1.0],
                [0.969577, 0.223905, 0.098932, 0.124994, 0.058298, -0.603738, 0.795048, -0.002831, 0.237744, -0.765092, -0.598424, -1.2e-05, 0.0, 0.0, 0.0, 1.0],
                [0.969577, 0.223905, 0.098932, 0.124994, 0.058298, -0.603738, 0.795048, -0.002831, 0.237744, -0.765092, -0.598424, -1.2e-05, 0.0, 0.0, 0.0, 1.0],
                [0.969577, 0.223905, 0.098932, 0.124994, 0.058298, -0.603738, 0.795048, -0.002831, 0.237744, -0.765092, -0.598424, -1.2e-05, 0.0, 0.0, 0.0, 1.0],
                [0.969577, 0.223905, 0.098932, 0.124994, 0.058298, -0.603738, 0.795048, -0.002831, 0.237744, -0.765092, -0.598424, -1.2e-05, 0.0, 0.0, 0.0, 1.0],
                [0.969577, 0.223905, 0.098932, 0.124994, 0.058298, -0.603738, 0.795048, -0.002831, 0.237744, -0.765092, -0.598424, -1.2e-05, 0.0, 0.0, 0.0, 1.0],
                [0.969577, 0.223905, 0.098932, 0.124994, 0.058298, -0.603738, 0.795048, -0.002831, 0.237744, -0.765092, -0.598424, -1.2e-05, 0.0, 0.0, 0.0, 1.0],
                [0.969577, 0.223905, 0.098932, 0.124994, 0.058298, -0.603738, 0.795048, -0.002831, 0.237744, -0.765092, -0.598424, -1.2e-05, 0.0, 0.0, 0.0, 1.0],
                [0.969577, 0.223905, 0.098932, 0.124994, 0.058298, -0.603738, 0.795048, -0.002831, 0.237744, -0.765092, -0.598424, -1.2e-05, 0.0, 0.0, 0.0, 1.0],
                [0.969577, 0.223905, 0.098932, 0.124994, 0.058298, -0.603738, 0.795048, -0.002831, 0.237744, -0.765092, -0.598424, -1.2e-05, 0.0, 0.0, 0.0, 1.0],
                [0.969577, 0.223905, 0.098932, 0.124994, 0.058298, -0.603738, 0.795048, -0.002831, 0.237744, -0.765092, -0.598424, -1.2e-05, 0.0, 0.0, 0.0, 1.0],
                [0.969577, 0.223905, 0.098932, 0.124994, 0.058298, -0.603738, 0.795048, -0.002831, 0.237744, -0.765092, -0.598424, -1.2e-05, 0.0, 0.0, 0.0, 1.0],
                [0.969577, 0.223905, 0.098932, 0.124994, 0.058298, -0.603738, 0.795048, -0.002831, 0.237744, -0.765092, -0.598424, -1.2e-05, 0.0, 0.0, 0.0, 1.0],
                [0.969577, 0.223905, 0.098932, 0.124994, 0.058298, -0.603738, 0.795048, -0.002831, 0.237744, -0.765092, -0.598424, -1.2e-05, 0.0, 0.0, 0.0, 1.0],
                [0.969577, 0.223905, 0.098932, 0.124994, 0.058298, -0.603738, 0.795048, -0.002831, 0.237744, -0.765092, -0.598424, -1.2e-05, 0.0, 0.0, 0.0, 1.0],
                [0.969577, 0.223905, 0.098932, 0.124994, 0.058298, -0.603738, 0.795048, -0.002831, 0.237744, -0.765092, -0.598424, -1.2e-05, 0.0, 0.0, 0.0, 1.0],
                [0.969577, 0.223905, 0.098932, 0.124994, 0.058298, -0.603738, 0.795048, -0.002831, 0.237744, -0.765092, -0.598424, -1.2e-05, 0.0, 0.0, 0.0, 1.0],
                [0.969577, 0.223905, 0.098932, 0.124994, 0.058298, -0.603738, 0.795048, -0.002831, 0.237744, -0.765092, -0.598424, -1.2e-05, 0.0, 0.0, 0.0, 1.0],
                [0.969577, 0.223905, 0.098932, 0.124994, 0.058298, -0.603738, 0.795048, -0.002831, 0.237744, -0.765092, -0.598424, -1.2e-05, 0.0, 0.0, 0.0, 1.0],
                [0.969577, 0.223905, 0.098932, 0.124994, 0.058298, -0.603738, 0.795048, -0.002831, 0.237744, -0.765092, -0.598424, -1.2e-05, 0.0, 0.0, 0.0, 1.0],
                [0.969577, 0.223905, 0.098932, 0.124994, 0.058298, -0.603738, 0.795048, -0.002831, 0.237744, -0.765092, -0.598424, -1.2e-05, 0.0, 0.0, 0.0, 1.0],
                [0.969577, 0.223905, 0.098932, 0.124994, 0.058298, -0.603738, 0.795048, -0.002831, 0.237744, -0.765092, -0.598424, -1.2e-05, 0.0, 0.0, 0.0, 1.0],
                [0.969577, 0.223905, 0.098932, 0.124994, 0.058298, -0.603738, 0.795048, -0.002831, 0.237744, -0.765092, -0.598424, -1.2e-05, 0.0, 0.0, 0.0, 1.0],
                [0.969577, 0.223905, 0.098932, 0.124994, 0.058298, -0.603738, 0.795048, -0.002831, 0.237744, -0.765092, -0.598424, -1.2e-05, 0.0, 0.0, 0.0, 1.0],
                [0.969577, 0.223905, 0.098932, 0.124994, 0.058298, -0.603738, 0.795048, -0.002831, 0.237744, -0.765092, -0.598424, -1.2e-05, 0.0, 0.0, 0.0, 1.0],
                [0.969577, 0.223905, 0.098932, 0.124994, 0.058298, -0.603738, 0.795048, -0.002831, 0.237744, -0.765092, -0.598424, -1.2e-05, 0.0, 0.0, 0.0, 1.0],
                [0.969577, 0.223905, 0.098932, 0.124994, 0.058298, -0.603738, 0.795048, -0.002831, 0.237744, -0.765092, -0.598424, -1.2e-05, 0.0, 0.0, 0.0, 1.0],
                [0.969577, 0.223905, 0.098932, 0.124994, 0.058298, -0.603738, 0.795048, -0.002831, 0.237744, -0.765092, -0.598424, -1.2e-05, 0.0, 0.0, 0.0, 1.0],
                [0.969577, 0.223905, 0.098932, 0.124994, 0.058298, -0.603738, 0.795048, -0.002831, 0.237744, -0.765092, -0.598424, -1.2e-05, 0.0, 0.0, 0.0, 1.0],
                [0.969577, 0.223905, 0.098932, 0.124994, 0.058298, -0.603738, 0.795048, -0.002831, 0.237744, -0.765092, -0.598424, -1.2e-05, 0.0, 0.0, 0.0, 1.0],
                [0.969577, 0.223905, 0.098932, 0.124994, 0.058298, -0.603738, 0.795048, -0.002831, 0.237744, -0.765092, -0.598424, -1.2e-05, 0.0, 0.0, 0.0, 1.0],
                [0.96956, 0.223638, 0.099701, 0.124994, 0.058838, -0.608046, 0.791719, -0.002831, 0.237681, -0.761752, -0.602695, -1.2e-05, 0.0, 0.0, 0.0, 1.0],
                [0.969514, 0.222863, 0.10186, 0.124994, 0.060357, -0.62008, 0.782213, -0.002831, 0.237488, -0.752218, -0.614628, -1.2e-05, 0.0, 0.0, 0.0, 1.0],
                [0.969449, 0.221598, 0.105178, 0.124994, 0.062703, -0.63842, 0.76713, -0.002831, 0.237143, -0.737098, -0.632811, -1.2e-05, 0.0, 0.0, 0.0, 1.0],
                [0.969378, 0.219848, 0.10942, 0.124994, 0.06572, -0.661567, 0.747, -0.002831, 0.236615, -0.716935, -0.655757, -1.2e-05, 0.0, 0.0, 0.0, 1.0],
                [0.969313, 0.217622, 0.11434, 0.124994, 0.069249, -0.687998, 0.722401, -0.002831, 0.235876, -0.692315, -0.681955, -1.2e-05, 0.0, 0.0, 0.0, 1.0],
                [0.969263, 0.21495, 0.119695, 0.124994, 0.073127, -0.71622, 0.694032, -0.002831, 0.23491, -0.663947, -0.709924, -1.2e-05, 0.0, 0.0, 0.0, 1.0],
                [0.969235, 0.211888, 0.125244, 0.124994, 0.077187, -0.744832, 0.662772, -0.002831, 0.233719, -0.632715, -0.738273, -1.2e-05, 0.0, 0.0, 0.0, 1.0],
                [0.969235, 0.208531, 0.130758, 0.124994, 0.081268, -0.772577, 0.629698, -0.002831, 0.232332, -0.599699, -0.765756, -1.2e-05, 0.0, 0.0, 0.0, 1.0],
                [0.969263, 0.205006, 0.136025, 0.124994, 0.085213, -0.798392, 0.596077, -0.002831, 0.2308, -0.566164, -0.791321, -1.2e-05, 0.0, 0.0, 0.0, 1.0],
                [0.969313, 0.201475, 0.140857, 0.124994, 0.088876, -0.821434, 0.563336, -0.002831, 0.229203, -0.53353, -0.814133, -1.2e-05, 0.0, 0.0, 0.0, 1.0],
                [0.969378, 0.198126, 0.145093, 0.124994, 0.092124, -0.841079, 0.53301, -0.002831, 0.227638, -0.503321, -0.833576, -1.2e-05, 0.0, 0.0, 0.0, 1.0],
                [0.969449, 0.195161, 0.148595, 0.124994, 0.094838, -0.856894, 0.506693, -0.002831, 0.226217, -0.477121, -0.849224, -1.2e-05, 0.0, 0.0, 0.0, 1.0],
                [0.969514, 0.192793, 0.151242, 0.124994, 0.096908, -0.868575, 0.485989, -0.002831, 0.22506, -0.456517, -0.860779, -1.2e-05, 0.0, 0.0, 0.0, 1.0],
                [0.96956, 0.191231, 0.152921, 0.124994, 0.09823, -0.875855, 0.472471, -0.002831, 0.224288, -0.443067, -0.867978, -1.2e-05, 0.0, 0.0, 0.0, 1.0],
                [0.969577, 0.19067, 0.153511, 0.124994, 0.098696, -0.878389, 0.467645, -0.002831, 0.224009, -0.438267, -0.870484, -1.2e-05, 0.0, 0.0, 0.0, 1.0]
            ]
        },
        {
            "name": "Leg_R",
            "time": [0.0, 0.0167, 0.0333, 0.05, 0.0667, 0.0833, 0.1, 0.1167, 0.1333, 0.15, 0.1667, 0.1833, 0.2, 0.2167, 0.2333, 0.25, 0.2667, 0.2833, 0.3, 0.3167, 0.3333, 0.35, 0.3667, 0.3833, 0.4, 0.4167, 0.4333, 0.45, 0.4667, 0.4833, 0.5, 0.5167, 0.5333, 0.55, 0.5667, 0.5833, 0.6, 0.6167, 0.6333, 0.65, 0.6667, 0.6833, 0.7, 0.7167, 0.7333, 0.75, 0.7667, 0.7833, 0.8, 0.8167, 0.8333, 0.85, 0.8667, 0.8833, 0.9, 0.9167, 0.9333, 0.95, 0.9667, 0.9833, 1.0, 1.0167, 1.0333, 1.05],
            "transform": [
                [0.99909, 0.038239, -0.018909, -0.0, -0.013882, 0.710568, 0.703492, 0.37472, 0.040337, -0.702589, 0.710451, 0.0, 0.0, 0.0, 0.0, 1.0],
                [0.99909, 0.038239, -0.018909, -0.0, -0.013882, 0.710568, 0.703492, 0.37472, 0.040337, -0.702589, 0.710451, 0.0, 0.0, 0.0, 0.0, 1.0],
                [0.99909, 0.038239, -0.018909, -0.0, -0.013882, 0.710568, 0.703492, 0.37472, 0.040337, -0.702589, 0.710451, 0.0, 0.0, 0.0, 0.0, 1.0],
                [0.99909, 0.038239, -0.018909, -0.0, -0.013882, 0.710568, 0.703492, 0.37472, 0.040337, -0.702589, 0.710451, 0.0, 0.0, 0.0, 0.0, 1.0],
                [0.99909, 0.038239, -0.018909, -0.0, -0.013882, 0.710568, 0.703492, 0.37472, 0.040337, -0.702589, 0.710451, 0.0, 0.0, 0.0, 0.0, 1.0],
                [0.99909, 0.038239, -0.018909, -0.0, -0.013882, 0.710568, 0.703492, 0.37472, 0.040337, -0.702589, 0.710451, 0.0, 0.0, 0.0, 0.0, 1.0],
                [0.99909, 0.038239, -0.018909, -0.0, -0.013882, 0.710568, 0.703492, 0.37472, 0.040337, -0.702589, 0.710451, 0.0, 0.0, 0.0, 0.0, 1.0],
                [0.99909, 0.038239, -0.018909, -0.0, -0.013882, 0.710568, 0.703492, 0.37472, 0.040337, -0.702589, 0.710451, 0.0, 0.0, 0.0, 0.0, 1.0],
                [0.99909, 0.038239, -0.018909, -0.0, -0.013882, 0.710568, 0.703492, 0.37472, 0.040337, -0.702589, 0.710451, 0.0, 0.0, 0.0, 0.0, 1.0],
                [0.99909, 0.038239, -0.018909, -0.0, -0.013882, 0.710568, 0.703492, 0.37472, 0.040337, -0.702589, 0.710451, 0.0, 0.0, 0.0, 0.0, 1.0],
                [0.99909, 0.038239, -0.018909, -0.0, -0.013882, 0.710568, 0.703492, 0.37472, 0.040337, -0.702589, 0.710451, 0.0, 0.0, 0.0, 0.0, 1.0],
                [0.99909, 0.038239, -0.018909, 0.0, -0.013882, 0.710568, 0.703492, 0.37472, 0.040337, -0.702589, 0.710451, 0.0, 0.0, 0.0, 0.0, 1.0],
                [0.99909, 0.038239, -0.018909, -0.0, -0.013882, 0.710568, 0.703492, 0.37472, 0.040337, -0.702589, 0.710451, 0.0, 0.0, 0.0, 0.0, 1.0],
                [0.99909, 0.038239, -0.018909, -0.0, -0.013882, 0.710568, 0.703492, 0.37472, 0.040337, -0.702589, 0.710451, 0.0, 0.0, 0.0, 0.0, 1.0],
                [0.99909, 0.038239, -0.018909, -0.0, -0.013882, 0.710568, 0.703492, 0.37472, 0.040337, -0.702589, 0.710451, -0.0, 0.0, 0.0, 0.0, 1.0],
                [0.99909, 0.038239, -0.018909, -0.0, -0.013882, 0.710568, 0.703492, 0.37472, 0.040337, -0.702589, 0.710451, 0.0, 0.0, 0.0, 0.0, 1.0],
                [0.99909, 0.038239, -0.018909, -0.0, -0.013882, 0.710568, 0.703492, 0.37472, 0.040337, -0.702589, 0.710451, 0.0, 0.0, 0.0, 0.0, 1.0],
                [0.99909, 0.038239, -0.018909, -0.0, -0.013882, 0.710568, 0.703492, 0.37472, 0.040337, -0.702589, 0.710451, 0.0, 0.0, 0.0, 0.0, 1.0],
                [0.99909, 0.038239, -0.018909, -0.0, -0.013882, 0.710568, 0.703492, 0.37472, 0.040337, -0.702589, 0.710451, 0.0, 0.0, 0.0, 0.0, 1.0],
                [0.99909, 0.038239, -0.018909, -0.0, -0.013882, 0.710568, 0.703492, 0.37472, 0.040337, -0.702589, 0.710451, 0.0, 0.0, 0.0, 0.0, 1.0],
                [0.99909, 0.038239, -0.018909, -0.0, -0.013882, 0.710568, 0.703492, 0.37472, 0.040337, -0.702589, 0.710451, 0.0, 0.0, 0.0, 0.0, 1.0],
                [0.99909, 0.038239, -0.018909, -0.0, -0.013882, 0.710568, 0.703492, 0.37472, 0.040337, -0.702589, 0.710451, 0.0, 0.0, 0.0, 0.0, 1.0],
                [0.99909, 0.038239, -0.018909, -0.0, -0.013882, 0.710568, 0.703492, 0.37472, 0.040337, -0.702589, 0.710451, 0.0, 0.0, 0.0, 0.0, 1.0],
                [0.99909, 0.038239, -0.018909, -0.0, -0.013882, 0.710568, 0.703492, 0.37472, 0.040337, -0.702589, 0.710451, 0.0, 0.0, 0.0, 0.0, 1.0],
                [0.99909, 0.038239, -0.018909, -0.0, -0.013882, 0.710568, 0.703492, 0.37472, 0.040337, -0.702589, 0.710451, 0.0, 0.0, 0.0, 0.0, 1.0],
                [0.99909, 0.038239, -0.018909, -0.0, -0.013882, 0.710568, 0.703492, 0.37472, 0.040337, -0.702589, 0.710451, 0.0, 0.0, 0.0, 0.0, 1.0],
                [0.99909, 0.038239, -0.018909, -0.0, -0.013882, 0.710568, 0.703492, 0.37472, 0.040337, -0.702589, 0.710451, 0.0, 0.0, 0.0, 0.0, 1.0],
                [0.99909, 0.038239, -0.018909, -0.0, -0.013882, 0.710568, 0.703492, 0.37472, 0.040337, -0.702589, 0.710451, 0.0, 0.0, 0.0, 0.0, 1.0],
                [0.99909, 0.038239, -0.018909, -0.0, -0.013882, 0.710568, 0.703492, 0.37472, 0.040337, -0.702589, 0.710451, 0.0, 0.0, 0.0, 0.0, 1.0],
                [0.99909, 0.038239, -0.018909, -0.0, -0.013882, 0.710568, 0.703492, 0.37472, 0.040337, -0.702589, 0.710451, 0.0, 0.0, 0.0, 0.0, 1.0],
                [0.99909, 0.038239, -0.018909, -0.0, -0.013882, 0.710568, 0.703492, 0.37472, 0.040337, -0.702589, 0.710451, -0.0, 0.0, 0.0, 0.0, 1.0],
                [0.99909, 0.038239, -0.018909, -0.0, -0.013882, 0.710568, 0.703492, 0.37472, 0.040337, -0.702589, 0.710451, 0.0, 0.0, 0.0, 0.0, 1.0],
                [0.99909, 0.038239, -0.018909, -0.0, -0.013882, 0.710568, 0.703492, 0.37472, 0.040337, -0.702589, 0.710451, -0.0, 0.0, 0.0, 0.0, 1.0],
                [0.99909, 0.038239, -0.018909, 0.0, -0.013882, 0.710568, 0.703492, 0.37472, 0.040337, -0.702589, 0.710451, 0.0, 0.0, 0.0, 0.0, 1.0],
                [0.99909, 0.038239, -0.018909, 0.0, -0.013882, 0.710568, 0.703492, 0.37472, 0.040337, -0.702589, 0.710451, 0.0, 0.0, 0.0, 0.0, 1.0],
                [0.99909, 0.038239, -0.018909, -0.0, -0.013882, 0.710568, 0.703492, 0.37472, 0.040337, -0.702589, 0.710451, 0.0, 0.0, 0.0, 0.0, 1.0],
                [0.99909, 0.038239, -0.018909, -0.0, -0.013882, 0.710568, 0.703492, 0.37472, 0.040337, -0.702589, 0.710451, 0.0, 0.0, 0.0, 0.0, 1.0],
                [0.99909, 0.038239, -0.018909, -0.0, -0.013882, 0.710568, 0.703492, 0.37472, 0.040337, -0.702589, 0.710451, 0.0, 0.0, 0.0, 0.0, 1.0],
                [0.99909, 0.038239, -0.018909, -0.0, -0.013882, 0.710568, 0.703492, 0.37472, 0.040337, -0.702589, 0.710451, -0.0, 0.0, 0.0, 0.0, 1.0],
                [0.99909, 0.038239, -0.018909, 0.0, -0.013882, 0.710568, 0.703492, 0.37472, 0.040337, -0.702589, 0.710451, 0.0, 0.0, 0.0, 0.0, 1.0],
                [0.99909, 0.038239, -0.018909, -0.0, -0.013882, 0.710568, 0.703492, 0.37472, 0.040337, -0.702589, 0.710451, 0.0, 0.0, 0.0, 0.0, 1.0],
                [0.99909, 0.038239, -0.018909, -0.0, -0.013882, 0.710568, 0.703492, 0.37472, 0.040337, -0.702589, 0.710451, 0.0, 0.0, 0.0, 0.0, 1.0],
                [0.99909, 0.038239, -0.018909, -0.0, -0.013882, 0.710568, 0.703492, 0.37472, 0.040337, -0.702589, 0.710451, -0.0, 0.0, 0.0, 0.0, 1.0],
                [0.99909, 0.038239, -0.018909, -0.0, -0.013882, 0.710568, 0.703492, 0.37472, 0.040337, -0.702589, 0.710451, 0.0, 0.0, 0.0, 0.0, 1.0],
                [0.99909, 0.038239, -0.018909, 0.0, -0.013882, 0.710568, 0.703492, 0.37472, 0.040337, -0.702589, 0.710451, -0.0, 0.0, 0.0, 0.0, 1.0],
                [0.99909, 0.038239, -0.018909, -0.0, -0.013882, 0.710568, 0.703492, 0.37472, 0.040337, -0.702589, 0.710451, 0.0, 0.0, 0.0, 0.0, 1.0],
                [0.99909, 0.038239, -0.018909, -0.0, -0.013882, 0.710568, 0.703492, 0.37472, 0.040337, -0.702589, 0.710451, 0.0, 0.0, 0.0, 0.0, 1.0],
                [0.99909, 0.038239, -0.018909, -0.0, -0.013882, 0.710568, 0.703492, 0.37472, 0.040337, -0.702589, 0.710451, 0.0, 0.0, 0.0, 0.0, 1.0],
                [0.99909, 0.038239, -0.018909, -0.0, -0.013882, 0.710568, 0.703492, 0.37472, 0.040337, -0.702589, 0.710451, 0.0, 0.0, 0.0, 0.0, 1.0],
                [0.999113, 0.037734, -0.01871, 0.0, -0.013749, 0.712087, 0.701957, 0.37472, 0.039811, -0.701076, 0.711974, -0.0, 0.0, 0.0, 0.0, 1.0],
                [0.999176, 0.036314, -0.018143, 0.0, -0.013367, 0.716346, 0.697617, 0.37472, 0.03833, -0.696799, 0.716241, 0.0, 0.0, 0.0, 0.0, 1.0],
                [0.999269, 0.034126, -0.01725, -0.0, -0.012761, 0.722877, 0.690859, 0.37472, 0.036046, -0.690133, 0.722784, -0.0, 0.0, 0.0, 0.0, 1.0],
                [0.99938, 0.031317, -0.016068, 0.0, -0.011947, 0.731202, 0.682057, 0.37472, 0.033109, -0.681442, 0.731123, 0.0, 0.0, 0.0, 0.0, 1.0],
                [0.9995, 0.028035, -0.014637, -0.0, -0.010945, 0.740841, 0.671591, 0.37472, 0.029671, -0.671095, 0.740777, -0.0, 0.0, 0.0, 0.0, 1.0],
                [0.999617, 0.024428, -0.012998, 0.0, -0.00978, 0.751328, 0.659857, 0.37472, 0.025885, -0.659477, 0.751279, 0.0, 0.0, 0.0, 0.0, 1.0],
                [0.999724, 0.02064, -0.011204, -0.0, -0.008483, 0.762214, 0.64727, 0.37472, 0.021899, -0.646996, 0.762178, 0.0, 0.0, 0.0, 0.0, 1.0],
                [0.999815, 0.016815, -0.009312, -0.0, -0.007094, 0.773076, 0.634273, 0.37472, 0.017864, -0.63409, 0.773053, 0.0, 0.0, 0.0, 0.0, 1.0],
                [0.999887, 0.013089, -0.007391, 0.0, -0.005664, 0.783525, 0.621335, 0.37472, 0.013924, -0.621223, 0.78351, -0.0, 0.0, 0.0, 0.0, 1.0],
                [0.999939, 0.009596, -0.005518, 0.0, -0.004252, 0.793199, 0.608948, 0.37472, 0.010221, -0.608887, 0.793191, -0.0, 0.0, 0.0, 0.0, 1.0],
                [0.999972, 0.006465, -0.003779, 0.0, -0.002925, 0.801771, 0.597625, 0.37472, 0.006893, -0.597597, 0.801767, -0.0, 0.0, 0.0, 0.0, 1.0],
                [0.99999, 0.003819, -0.002263, 0.0, -0.001759, 0.808937, 0.587893, 0.37472, 0.004075, -0.587883, 0.808936, 0.0, 0.0, 0.0, 0.0, 1.0],
                [0.999998, 0.001779, -0.001065, -0.0, -0.000831, 0.814412, 0.580286, 0.37472, 0.001899, -0.580284, 0.814412, 0.0, 0.0, 0.0, 0.0, 1.0],
                [1.0, 0.000465, -0.00028, -0.0, -0.00022, 0.817915, 0.575339, 0.37472, 0.000497, -0.575339, 0.817915, 0.0, 0.0, 0.0, 0.0, 1.0],
                [1.0, -0.0, 1e-06, -0.0, -1e-06, 0.819152, 0.573577, 0.37472, -1e-06, -0.573577, 0.819152, 0.0, 0.0, 0.0, 0.0, 1.0]
            ]
        },
        {
            "name": "Knee_R",
            "time": [0.0, 0.0167, 0.0333, 0.05, 0.0667, 0.0833, 0.1, 0.1167, 0.1333, 0.15, 0.1667, 0.1833, 0.2, 0.2167, 0.2333, 0.25, 0.2667, 0.2833, 0.3, 0.3167, 0.3333, 0.35, 0.3667, 0.3833, 0.4, 0.4167, 0.4333, 0.45, 0.4667, 0.4833, 0.5, 0.5167, 0.5333, 0.55, 0.5667, 0.5833, 0.6, 0.6167, 0.6333, 0.65, 0.6667, 0.6833, 0.7, 0.7167, 0.7333, 0.75, 0.7667, 0.7833, 0.8, 0.8167, 0.8333, 0.85, 0.8667, 0.8833, 0.9, 0.9167, 0.9333, 0.95, 0.9667, 0.9833, 1.0, 1.0167, 1.0333, 1.05],
            "transform": [
                [1.0, 0.0, -0.0, -0.0, -0.0, 0.0, -1.0, 0.37472, -0.0, 1.0, 0.0, 0.0, 0.0, 0.0, 0.0, 1.0],
                [1.0, 0.0, -0.0, -0.0, -0.0, 0.0, -1.0, 0.37472, -0.0, 1.0, 0.0, 0.0, 0.0, 0.0, 0.0, 1.0],
                [1.0, 0.0, -0.0, -0.0, -0.0, 0.0, -1.0, 0.37472, -0.0, 1.0, 0.0, 0.0, 0.0, 0.0, 0.0, 1.0],
                [1.0, 0.0, -0.0, -0.0, -0.0, 0.0, -1.0, 0.37472, -0.0, 1.0, 0.0, 0.0, 0.0, 0.0, 0.0, 1.0],
                [1.0, 0.0, -0.0, -0.0, -0.0, 0.0, -1.0, 0.37472, -0.0, 1.0, 0.0, 0.0, 0.0, 0.0, 0.0, 1.0],
                [1.0, 0.0, -0.0, -0.0, -0.0, 0.0, -1.0, 0.37472, -0.0, 1.0, 0.0, 0.0, 0.0, 0.0, 0.0, 1.0],
                [1.0, 0.0, -0.0, -0.0, -0.0, 0.0, -1.0, 0.37472, -0.0, 1.0, 0.0, 0.0, 0.0, 0.0, 0.0, 1.0],
                [1.0, 0.0, -0.0, -0.0, -0.0, 0.0, -1.0, 0.37472, -0.0, 1.0, 0.0, 0.0, 0.0, 0.0, 0.0, 1.0],
                [1.0, 0.0, -0.0, -0.0, -0.0, 0.0, -1.0, 0.37472, -0.0, 1.0, 0.0, 0.0, 0.0, 0.0, 0.0, 1.0],
                [1.0, 0.0, -0.0, -0.0, -0.0, 0.0, -1.0, 0.37472, -0.0, 1.0, 0.0, 0.0, 0.0, 0.0, 0.0, 1.0],
                [1.0, 0.0, -0.0, -0.0, -0.0, 0.0, -1.0, 0.37472, -0.0, 1.0, 0.0, 0.0, 0.0, 0.0, 0.0, 1.0],
                [1.0, 0.0, -0.0, 0.0, -0.0, 0.0, -1.0, 0.37472, -0.0, 1.0, 0.0, 0.0, 0.0, 0.0, 0.0, 1.0],
                [1.0, 0.0, -0.0, -0.0, -0.0, 0.0, -1.0, 0.37472, -0.0, 1.0, 0.0, 0.0, 0.0, 0.0, 0.0, 1.0],
                [1.0, 0.0, -0.0, -0.0, -0.0, 0.0, -1.0, 0.37472, -0.0, 1.0, 0.0, 0.0, 0.0, 0.0, 0.0, 1.0],
                [1.0, 0.0, -0.0, -0.0, -0.0, 0.0, -1.0, 0.37472, -0.0, 1.0, 0.0, -0.0, 0.0, 0.0, 0.0, 1.0],
                [1.0, 0.0, -0.0, -0.0, -0.0, 0.0, -1.0, 0.37472, -0.0, 1.0, 0.0, 0.0, 0.0, 0.0, 0.0, 1.0],
                [1.0, 0.0, -0.0, -0.0, -0.0, 0.0, -1.0, 0.37472, -0.0, 1.0, 0.0, 0.0, 0.0, 0.0, 0.0, 1.0],
                [1.0, 0.0, -0.0, -0.0, -0.0, 0.0, -1.0, 0.37472, -0.0, 1.0, 0.0, 0.0, 0.0, 0.0, 0.0, 1.0],
                [1.0, 0.0, -0.0, -0.0, -0.0, 0.0, -1.0, 0.37472, -0.0, 1.0, 0.0, 0.0, 0.0, 0.0, 0.0, 1.0],
                [1.0, 0.0, -0.0, -0.0, -0.0, 0.0, -1.0, 0.37472, -0.0, 1.0, 0.0, 0.0, 0.0, 0.0, 0.0, 1.0],
                [1.0, 0.0, -0.0, -0.0, -0.0, 0.0, -1.0, 0.37472, -0.0, 1.0, 0.0, 0.0, 0.0, 0.0, 0.0, 1.0],
                [1.0, 0.0, -0.0, -0.0, -0.0, 0.0, -1.0, 0.37472, -0.0, 1.0, 0.0, 0.0, 0.0, 0.0, 0.0, 1.0],
                [1.0, 0.0, -0.0, -0.0, -0.0, 0.0, -1.0, 0.37472, -0.0, 1.0, 0.0, 0.0, 0.0, 0.0, 0.0, 1.0],
                [1.0, 0.0, -0.0, -0.0, -0.0, 0.0, -1.0, 0.37472, -0.0, 1.0, 0.0, 0.0, 0.0, 0.0, 0.0, 1.0],
                [1.0, 0.0, -0.0, -0.0, -0.0, 0.0, -1.0, 0.37472, -0.0, 1.0, 0.0, 0.0, 0.0, 0.0, 0.0, 1.0],
                [1.0, 0.0, -0.0, -0.0, -0.0, 0.0, -1.0, 0.37472, -0.0, 1.0, 0.0, 0.0, 0.0, 0.0, 0.0, 1.0],
                [1.0, 0.0, -0.0, -0.0, -0.0, 0.0, -1.0, 0.37472, -0.0, 1.0, 0.0, 0.0, 0.0, 0.0, 0.0, 1.0],
                [1.0, 0.0, -0.0, -0.0, -0.0, 0.0, -1.0, 0.37472, -0.0, 1.0, 0.0, 0.0, 0.0, 0.0, 0.0, 1.0],
