{
    "armature": {
        "joints": ["Root", "Thigh_R", "Leg_R", "Knee_R", "Thigh_L", "Leg_L", "Knee_L", "Torso", "Chest", "Head", "Shoulder_R", "Arm_R", "Hand_R", "Tool_R", "Elbow_R", "Shoulder_L", "Arm_L", "Hand_L", "Tool_L", "Elbow_L"],
        "hierarchy": [
            {
                "name": "Root",
                "transform": [1.0, 0.0, 0.0, -5e-06, 0.0, 0.0, -1.0, 0.000946, 0.0, 1.0, 0.0, 0.763972, 0.0, 0.0, 0.0, 1.0],
                "children": [
                    {
                        "name": "Thigh_R",
                        "transform": [1.0, -0.0, -0.0, 0.124994, -0.0, -1.0, 0.0, -0.002831, -0.0, -0.0, -1.0, -1.2e-05, 0.0, 0.0, 0.0, 1.0],
                        "children": [
                            {
                                "name": "Leg_R",
                                "transform": [1.0, 0.0, 1e-06, 0.0, -0.0, 1.0, 0.0, 0.37472, -1e-06, -0.0, 1.0, -0.0, 0.0, 0.0, 0.0, 1.0],
                                "children": []
                            },
                            {
                                "name": "Knee_R",
                                "transform": [1.0, 0.0, -0.0, 0.0, -0.0, 0.0, -1.0, 0.37472, -0.0, 1.0, 0.0, -0.0, 0.0, 0.0, 0.0, 1.0],
                                "children": []
                            }
                        ]
                    },
                    {
                        "name": "Thigh_L",
                        "transform": [1.0, -0.0, -0.0, -0.125006, -0.0, -1.0, 0.0, -0.002831, -0.0, -0.0, -1.0, -1.2e-05, 0.0, 0.0, 0.0, 1.0],
                        "children": [
                            {
                                "name": "Leg_L",
                                "transform": [1.0, 0.0, 1e-06, -0.0, -0.0, 1.0, 0.0, 0.37472, -1e-06, -0.0, 1.0, 0.0, 0.0, 0.0, 0.0, 1.0],
                                "children": []
                            },
                            {
                                "name": "Knee_L",
                                "transform": [1.0, 0.0, -0.0, -0.0, -0.0, 0.0, -1.0, 0.37472, -0.0, 1.0, 0.0, 0.0, 0.0, 0.0, 0.0, 1.0],
                                "children": []
                            }
                        ]
                    },
                    {
                        "name": "Torso",
                        "transform": [1.0, 0.0, 0.0, 0.0, 0.0, 1.0, 0.0, 0.05, 0.0, 0.0, 1.0, 0.0, 0.0, 0.0, 0.0, 1.0],
                        "children": [
                            {
                                "name": "Chest",
                                "transform": [1.0, 0.0, 0.0, 0.0, 0.0, 1.0, 0.0, 0.3, 0.0, 0.0, 1.0, 0.0, 0.0, 0.0, 0.0, 1.0],
                                "children": [
                                    {
                                        "name": "Head",
                                        "transform": [1.0, 0.0, 0.0, 0.0, 0.0, 1.0, 0.0, 0.4, 0.0, 0.0, 1.0, 0.0, 0.0, 0.0, 0.0, 1.0],
                                        "children": []
                                    },
                                    {
                                        "name": "Shoulder_R",
                                        "transform": [0.0, 0.952114, 0.305743, 0.0, 0.0, -0.305743, 0.952114, 0.4, 1.0, 0.0, -0.0, 0.0, 0.0, 0.0, 0.0, 1.0],
                                        "children": [
                                            {
                                                "name": "Arm_R",
                                                "transform": [0.0, -0.0, -1.0, -0.0, 0.952114, 0.305743, 0.0, 0.39386, 0.305743, -0.952114, 0.0, 0.0, 0.0, 0.0, 0.0, 1.0],
                                                "children": [
                                                    {
                                                        "name": "Hand_R",
                                                        "transform": [1.0, 0.0, 0.0, 0.0, -0.0, 0.993938, 0.109947, 0.3, -0.0, -0.109947, 0.993937, 0.0, 0.0, 0.0, 0.0, 1.0],
                                                        "children": [
                                                            {
                                                                "name": "Tool_R",
                                                                "transform": [1.0, 0.0, 0.0, -0.0, 0.0, -0.999836, 0.018122, 0.272858, 0.0, -0.018122, -0.999836, 0.0, 0.0, 0.0, 0.0, 1.0],
                                                                "children": []
                                                            }
                                                        ]
                                                    },
                                                    {
                                                        "name": "Elbow_R",
                                                        "transform": [-1.0, 0.0, -0.0, 0.0, 0.0, 0.0, -1.0, 0.3, -0.0, -1.0, -0.0, 0.0, 0.0, 0.0, 0.0, 1.0],
                                                        "children": []
                                                    }
                                                ]
                                            }
                                        ]
                                    },
                                    {
                                        "name": "Shoulder_L",
                                        "transform": [-0.0, -0.952114, -0.305743, 0.0, 0.0, -0.305743, 0.952114, 0.4, -1.0, 0.0, 0.0, 0.0, 0.0, 0.0, 0.0, 1.0],
                                        "children": [
                                            {
                                                "name": "Arm_L",
                                                "transform": [-0.0, -0.0, 1.0, -0.0, -0.952114, 0.305743, -0.0, 0.39386, -0.305743, -0.952114, -0.0, 0.0, 0.0, 0.0, 0.0, 1.0],
                                                "children": [
                                                    {
                                                        "name": "Hand_L",
                                                        "transform": [1.0, -0.0, 0.0, -0.0, 0.0, 0.993937, 0.109947, 0.3, -0.0, -0.109947, 0.993937, 0.0, 0.0, 0.0, 0.0, 1.0],
                                                        "children": [
                                                            {
                                                                "name": "Tool_L",
                                                                "transform": [1.0, 0.0, 0.0, -0.0, -0.0, -0.999836, 0.018122, 0.272858, 0.0, -0.018122, -0.999836, -0.0, 0.0, 0.0, 0.0, 1.0],
                                                                "children": []
                                                            }
                                                        ]
                                                    },
                                                    {
                                                        "name": "Elbow_L",
                                                        "transform": [-1.0, 0.0, -0.0, -0.0, 0.0, -0.0, -1.0, 0.3, -0.0, -1.0, 0.0, 0.0, 0.0, 0.0, 0.0, 1.0],
                                                        "children": []
                                                    }
                                                ]
                                            }
                                        ]
                                    }
                                ]
                            }
                        ]
                    }
                ]
            }
        ]
    },
    "animation": [
        {
            "name": "Root",
            "time": [0.0, 0.0167, 0.0333, 0.05, 0.0667, 0.0833, 0.1, 0.1167, 0.1333, 0.15, 0.1667, 0.1833, 0.2, 0.2167, 0.2333, 0.25, 0.2667, 0.2833, 0.3, 0.3167, 0.3333, 0.35, 0.3667, 0.3833, 0.4, 0.4167, 0.4333, 0.45, 0.4667, 0.4833, 0.5, 0.5167, 0.5333, 0.55, 0.5667, 0.5833, 0.6, 0.6167, 0.6333, 0.65, 0.6667, 0.6833, 0.7, 0.7167, 0.7333, 0.75, 0.7667, 0.7833, 0.8, 0.8167, 0.8333, 0.85, 0.8667, 0.8833, 0.9, 0.9167, 0.9333, 0.95, 0.9667, 0.9833, 1.0, 1.0167, 1.0333, 1.05, 1.0667, 1.0833, 1.1, 1.1167, 1.1333, 1.15, 1.1667, 1.1833, 1.2, 1.2167, 1.2333, 1.25, 1.2667, 1.2833, 1.3, 1.3167, 1.3333],
            "transform": [
                [1.0, 0.0, 0.0, -5e-06, 0.0, 0.0, -1.0, 0.000946, 0.0, 1.0, 0.0, 0.763972, 0.0, 0.0, 0.0, 1.0],
                [1.0, 0.0, 0.0, -5e-06, 0.0, 0.0, -1.0, 0.000946, 0.0, 1.0, 0.0, 0.763972, 0.0, 0.0, 0.0, 1.0],
                [1.0, 0.0, 0.0, -5e-06, 0.0, 0.0, -1.0, 0.000946, 0.0, 1.0, 0.0, 0.763972, 0.0, 0.0, 0.0, 1.0],
                [1.0, 0.0, 0.0, -5e-06, 0.0, 0.0, -1.0, 0.000946, 0.0, 1.0, 0.0, 0.763972, 0.0, 0.0, 0.0, 1.0],
                [1.0, 0.0, 0.0, -5e-06, 0.0, 0.0, -1.0, 0.000946, 0.0, 1.0, 0.0, 0.763972, 0.0, 0.0, 0.0, 1.0],
                [1.0, 0.0, 0.0, -5e-06, 0.0, 0.0, -1.0, 0.000946, 0.0, 1.0, 0.0, 0.763972, 0.0, 0.0, 0.0, 1.0],
                [1.0, 0.0, 0.0, -5e-06, 0.0, 0.0, -1.0, 0.000946, 0.0, 1.0, 0.0, 0.763972, 0.0, 0.0, 0.0, 1.0],
                [1.0, 0.0, 0.0, -5e-06, 0.0, 0.0, -1.0, 0.000946, 0.0, 1.0, 0.0, 0.763972, 0.0, 0.0, 0.0, 1.0],
                [1.0, 0.0, 0.0, -5e-06, 0.0, 0.0, -1.0, 0.000946, 0.0, 1.0, 0.0, 0.763972, 0.0, 0.0, 0.0, 1.0],
                [1.0, 0.0, 0.0, -5e-06, 0.0, 0.0, -1.0, 0.024453, 0.0, 1.0, 0.0, 0.762396, 0.0, 0.0, 0.0, 1.0],
                [1.0, 0.0, 0.0, -5e-06, 0.0, 0.0, -1.0, 0.090591, 0.0, 1.0, 0.0, 0.758041, 0.0, 0.0, 0.0, 1.0],
                [1.0, 0.0, 0.0, -5e-06, 0.0, 0.0, -1.0, 0.192785, 0.0, 1.0, 0.0, 0.751461, 0.0, 0.0, 0.0, 1.0],
                [1.0, 0.0, 0.0, -5e-06, 0.0, 0.0, -1.0, 0.324464, 0.0, 1.0, 0.0, 0.743214, 0.0, 0.0, 0.0, 1.0],
                [1.0, 0.0, 0.0, -5e-06, 0.0, 0.0, -1.0, 0.479052, 0.0, 1.0, 0.0, 0.733854, 0.0, 0.0, 0.0, 1.0],
                [1.0, 0.0, 0.0, -5e-06, 0.0, 0.0, -1.0, 0.649977, 0.0, 1.0, 0.0, 0.723939, 0.0, 0.0, 0.0, 1.0],
                [1.0, 0.0, 0.0, -5e-06, 0.0, 0.0, -1.0, 0.830664, 0.0, 1.0, 0.0, 0.714023, 0.0, 0.0, 0.0, 1.0],
                [1.0, 0.0, 0.0, -5e-06, 0.0, 0.0, -1.0, 1.014541, 0.0, 1.0, 0.0, 0.704664, 0.0, 0.0, 0.0, 1.0],
                [1.0, 0.0, 0.0, -5e-06, 0.0, 0.0, -1.0, 1.195033, 0.0, 1.0, 0.0, 0.696416, 0.0, 0.0, 0.0, 1.0],
                [1.0, 0.0, 0.0, -5e-06, 0.0, 0.0, -1.0, 1.365567, 0.0, 1.0, 0.0, 0.689837, 0.0, 0.0, 0.0, 1.0],
                [1.0, 0.0, 0.0, -5e-06, 0.0, 0.0, -1.0, 1.51957, 0.0, 1.0, 0.0, 0.685481, 0.0, 0.0, 0.0, 1.0],
                [1.0, 0.0, 0.0, -5e-06, 0.0, 0.0, -1.0, 1.650467, 0.0, 1.0, 0.0, 0.683906, 0.0, 0.0, 0.0, 1.0],
                [1.0, 0.0, 0.0, -5e-06, 0.0, 0.0, -1.0, 1.757293, 0.0, 1.0, 0.0, 0.683906, 0.0, 0.0, 0.0, 1.0],
                [1.0, 0.0, 0.0, -5e-06, 0.0, 0.0, -1.0, 1.844754, 0.0, 1.0, 0.0, 0.683906, 0.0, 0.0, 0.0, 1.0],
                [1.0, 0.0, 0.0, -5e-06, 0.0, 0.0, -1.0, 1.914788, 0.0, 1.0, 0.0, 0.683906, 0.0, 0.0, 0.0, 1.0],
                [1.0, 0.0, 0.0, -5e-06, 0.0, 0.0, -1.0, 1.969331, 0.0, 1.0, 0.0, 0.683906, 0.0, 0.0, 0.0, 1.0],
                [1.0, 0.0, 0.0, -5e-06, 0.0, 0.0, -1.0, 2.010318, 0.0, 1.0, 0.0, 0.683906, 0.0, 0.0, 0.0, 1.0],
                [1.0, 0.0, 0.0, -5e-06, 0.0, 0.0, -1.0, 2.039687, 0.0, 1.0, 0.0, 0.683906, 0.0, 0.0, 0.0, 1.0],
                [1.0, 0.0, 0.0, -5e-06, 0.0, 0.0, -1.0, 2.059374, 0.0, 1.0, 0.0, 0.683906, 0.0, 0.0, 0.0, 1.0],
                [1.0, 0.0, 0.0, -5e-06, 0.0, 0.0, -1.0, 2.071315, 0.0, 1.0, 0.0, 0.683906, 0.0, 0.0, 0.0, 1.0],
                [1.0, 0.0, 0.0, -5e-06, 0.0, 0.0, -1.0, 2.077447, 0.0, 1.0, 0.0, 0.683906, 0.0, 0.0, 0.0, 1.0],
                [1.0, 0.0, 0.0, -5e-06, 0.0, 0.0, -1.0, 2.079707, 0.0, 1.0, 0.0, 0.683906, 0.0, 0.0, 0.0, 1.0],
                [1.0, 0.0, 0.0, -5e-06, 0.0, 0.0, -1.0, 2.080029, 0.0, 1.0, 0.0, 0.683906, 0.0, 0.0, 0.0, 1.0],
                [1.0, 0.0, 0.0, -5e-06, 0.0, 0.0, -1.0, 2.080029, 0.0, 1.0, 0.0, 0.683906, 0.0, 0.0, 0.0, 1.0],
                [1.0, 0.0, 0.0, -5e-06, 0.0, 0.0, -1.0, 2.080029, 0.0, 1.0, 0.0, 0.683906, 0.0, 0.0, 0.0, 1.0],
                [1.0, 0.0, 0.0, -5e-06, 0.0, 0.0, -1.0, 2.080029, 0.0, 1.0, 0.0, 0.683906, 0.0, 0.0, 0.0, 1.0],
                [1.0, 0.0, 0.0, -5e-06, 0.0, 0.0, -1.0, 2.080029, 0.0, 1.0, 0.0, 0.683906, 0.0, 0.0, 0.0, 1.0],
                [1.0, 0.0, 0.0, -5e-06, 0.0, 0.0, -1.0, 2.080029, 0.0, 1.0, 0.0, 0.683906, 0.0, 0.0, 0.0, 1.0],
                [1.0, 0.0, 0.0, -5e-06, 0.0, 0.0, -1.0, 2.080029, 0.0, 1.0, 0.0, 0.683906, 0.0, 0.0, 0.0, 1.0],
                [1.0, 0.0, 0.0, -5e-06, 0.0, 0.0, -1.0, 2.080029, 0.0, 1.0, 0.0, 0.683906, 0.0, 0.0, 0.0, 1.0],
                [1.0, 0.0, 0.0, -5e-06, 0.0, 0.0, -1.0, 2.080029, 0.0, 1.0, 0.0, 0.683906, 0.0, 0.0, 0.0, 1.0],
                [1.0, 0.0, 0.0, -5e-06, 0.0, 0.0, -1.0, 2.080029, 0.0, 1.0, 0.0, 0.683906, 0.0, 0.0, 0.0, 1.0],
                [1.0, 0.0, 0.0, -5e-06, 0.0, 0.0, -1.0, 2.080029, 0.0, 1.0, 0.0, 0.683906, 0.0, 0.0, 0.0, 1.0],
                [1.0, 0.0, 0.0, -5e-06, 0.0, 0.0, -1.0, 2.080029, 0.0, 1.0, 0.0, 0.683906, 0.0, 0.0, 0.0, 1.0],
                [1.0, 0.0, 0.0, -5e-06, 0.0, 0.0, -1.0, 2.080029, 0.0, 1.0, 0.0, 0.683906, 0.0, 0.0, 0.0, 1.0],
                [1.0, 0.0, 0.0, -5e-06, 0.0, 0.0, -1.0, 2.080029, 0.0, 1.0, 0.0, 0.683906, 0.0, 0.0, 0.0, 1.0],
                [1.0, 0.0, 0.0, -5e-06, 0.0, 0.0, -1.0, 2.080029, 0.0, 1.0, 0.0, 0.683906, 0.0, 0.0, 0.0, 1.0],
                [1.0, 0.0, 0.0, -5e-06, 0.0, 0.0, -1.0, 2.080029, 0.0, 1.0, 0.0, 0.683906, 0.0, 0.0, 0.0, 1.0],
                [1.0, 0.0, 0.0, -5e-06, 0.0, 0.0, -1.0, 2.080029, 0.0, 1.0, 0.0, 0.683906, 0.0, 0.0, 0.0, 1.0],
                [1.0, 0.0, 0.0, -5e-06, 0.0, 0.0, -1.0, 2.080029, 0.0, 1.0, 0.0, 0.683906, 0.0, 0.0, 0.0, 1.0],
                [1.0, 0.0, 0.0, -5e-06, 0.0, 0.0, -1.0, 2.080029, 0.0, 1.0, 0.0, 0.683906, 0.0, 0.0, 0.0, 1.0],
                [1.0, 0.0, 0.0, -5e-06, 0.0, 0.0, -1.0, 2.080029, 0.0, 1.0, 0.0, 0.683906, 0.0, 0.0, 0.0, 1.0],
                [1.0, 0.0, 0.0, -5e-06, 0.0, 0.0, -1.0, 2.080029, 0.0, 1.0, 0.0, 0.683906, 0.0, 0.0, 0.0, 1.0],
                [1.0, 0.0, 0.0, -5e-06, 0.0, 0.0, -1.0, 2.080029, 0.0, 1.0, 0.0, 0.683906, 0.0, 0.0, 0.0, 1.0],
                [1.0, 0.0, 0.0, -5e-06, 0.0, 0.0, -1.0, 2.080029, 0.0, 1.0, 0.0, 0.683906, 0.0, 0.0, 0.0, 1.0],
                [1.0, 0.0, 0.0, -5e-06, 0.0, 0.0, -1.0, 2.080029, 0.0, 1.0, 0.0, 0.683906, 0.0, 0.0, 0.0, 1.0],
                [1.0, 0.0, 0.0, -5e-06, 0.0, 0.0, -1.0, 2.080029, 0.0, 1.0, 0.0, 0.683906, 0.0, 0.0, 0.0, 1.0],
                [1.0, 0.0, 0.0, -5e-06, 0.0, 0.0, -1.0, 2.080029, 0.0, 1.0, 0.0, 0.683906, 0.0, 0.0, 0.0, 1.0],
                [1.0, 0.0, 0.0, -5e-06, 0.0, 0.0, -1.0, 2.080029, 0.0, 1.0, 0.0, 0.683906, 0.0, 0.0, 0.0, 1.0],
                [1.0, 0.0, 0.0, -5e-06, 0.0, 0.0, -1.0, 2.080029, 0.0, 1.0, 0.0, 0.683906, 0.0, 0.0, 0.0, 1.0],
                [1.0, 0.0, 0.0, -5e-06, 0.0, 0.0, -1.0, 2.080029, 0.0, 1.0, 0.0, 0.683906, 0.0, 0.0, 0.0, 1.0],
                [1.0, 0.0, 0.0, -5e-06, 0.0, 0.0, -1.0, 2.080029, 0.0, 1.0, 0.0, 0.683906, 0.0, 0.0, 0.0, 1.0],
                [1.0, 0.0, 0.0, -5e-06, 0.0, 0.0, -1.0, 2.080029, 0.0, 1.0, 0.0, 0.683906, 0.0, 0.0, 0.0, 1.0],
                [1.0, 0.0, 0.0, -5e-06, 0.0, 0.0, -1.0, 2.080029, 0.0, 1.0, 0.0, 0.683906, 0.0, 0.0, 0.0, 1.0],
                [1.0, 0.0, 0.0, -5e-06, 0.0, 0.0, -1.0, 2.080029, 0.0, 1.0, 0.0, 0.683906, 0.0, 0.0, 0.0, 1.0],
                [1.0, 0.0, 0.0, -5e-06, 0.0, 0.0, -1.0, 2.080029, 0.0, 1.0, 0.0, 0.683906, 0.0, 0.0, 0.0, 1.0],
                [1.0, 0.0, 0.0, -5e-06, 0.0, 0.0, -1.0, 2.075475, 0.0, 1.0, 0.0, 0.684805, 0.0, 0.0, 0.0, 1.0],
                [1.0, 0.0, 0.0, -5e-06, 0.0, 0.0, -1.0, 2.062606, 0.0, 1.0, 0.0, 0.687346, 0.0, 0.0, 0.0, 1.0],
                [1.0, 0.0, 0.0, -5e-06, 0.0, 0.0, -1.0, 2.042609, 0.0, 1.0, 0.0, 0.691295, 0.0, 0.0, 0.0, 1.0],
                [1.0, 0.0, 0.0, -5e-06, 0.0, 0.0, -1.0, 2.016672, 0.0, 1.0, 0.0, 0.696416, 0.0, 0.0, 0.0, 1.0],
                [1.0, 0.0, 0.0, -5e-06, 0.0, 0.0, -1.0, 1.985983, 0.0, 1.0, 0.0, 0.702476, 0.0, 0.0, 0.0, 1.0],
                [1.0, 0.0, 0.0, -5e-06, 0.0, 0.0, -1.0, 1.95173, 0.0, 1.0, 0.0, 0.709239, 0.0, 0.0, 0.0, 1.0],
                [1.0, 0.0, 0.0, -5e-06, 0.0, 0.0, -1.0, 1.915102, 0.0, 1.0, 0.0, 0.716472, 0.0, 0.0, 0.0, 1.0],
                [1.0, 0.0, 0.0, -5e-06, 0.0, 0.0, -1.0, 1.877285, 0.0, 1.0, 0.0, 0.723939, 0.0, 0.0, 0.0, 1.0],
                [1.0, 0.0, 0.0, -5e-06, 0.0, 0.0, -1.0, 1.839468, 0.0, 1.0, 0.0, 0.731406, 0.0, 0.0, 0.0, 1.0],
                [1.0, 0.0, 0.0, -5e-06, 0.0, 0.0, -1.0, 1.80284, 0.0, 1.0, 0.0, 0.738638, 0.0, 0.0, 0.0, 1.0],
                [1.0, 0.0, 0.0, -5e-06, 0.0, 0.0, -1.0, 1.768587, 0.0, 1.0, 0.0, 0.745402, 0.0, 0.0, 0.0, 1.0],
                [1.0, 0.0, 0.0, -5e-06, 0.0, 0.0, -1.0, 1.737898, 0.0, 1.0, 0.0, 0.751461, 0.0, 0.0, 0.0, 1.0],
                [1.0, 0.0, 0.0, -5e-06, 0.0, 0.0, -1.0, 1.711961, 0.0, 1.0, 0.0, 0.756583, 0.0, 0.0, 0.0, 1.0],
                [1.0, 0.0, 0.0, -5e-06, 0.0, 0.0, -1.0, 1.691964, 0.0, 1.0, 0.0, 0.760531, 0.0, 0.0, 0.0, 1.0],
                [1.0, 0.0, 0.0, -5e-06, 0.0, 0.0, -1.0, 1.679094, 0.0, 1.0, 0.0, 0.763072, 0.0, 0.0, 0.0, 1.0],
                [1.0, 0.0, 0.0, -5e-06, 0.0, 0.0, -1.0, 1.67454, 0.0, 1.0, 0.0, 0.763972, 0.0, 0.0, 0.0, 1.0]
            ]
        },
        {
            "name": "Thigh_R",
            "time": [0.0, 0.0167, 0.0333, 0.05, 0.0667, 0.0833, 0.1, 0.1167, 0.1333, 0.15, 0.1667, 0.1833, 0.2, 0.2167, 0.2333, 0.25, 0.2667, 0.2833, 0.3, 0.3167, 0.3333, 0.35, 0.3667, 0.3833, 0.4, 0.4167, 0.4333, 0.45, 0.4667, 0.4833, 0.5, 0.5167, 0.5333, 0.55, 0.5667, 0.5833, 0.6, 0.6167, 0.6333, 0.65, 0.6667, 0.6833, 0.7, 0.7167, 0.7333, 0.75, 0.7667, 0.7833, 0.8, 0.8167, 0.8333, 0.85, 0.8667, 0.8833, 0.9, 0.9167, 0.9333, 0.95, 0.9667, 0.9833, 1.0, 1.0167, 1.0333, 1.05, 1.0667, 1.0833, 1.1, 1.1167, 1.1333, 1.15, 1.1667, 1.1833, 1.2, 1.2167, 1.2333, 1.25, 1.2667, 1.2833, 1.3, 1.3167, 1.3333],
            "transform": [
                [0.969577, 0.223905, 0.098932, 0.124994, 0.098696, -0.727423, 0.679054, -0.002831, 0.224009, -0.648631, -0.727391, -1.2e-05, 0.0, 0.0, 0.0, 1.0],
                [0.969577, 0.223905, 0.098932, 0.124994, 0.097355, -0.723532, 0.68339, -0.002831, 0.224595, -0.652968, -0.723319, -1.2e-05, 0.0, 0.0, 0.0, 1.0],
                [0.969577, 0.223905, 0.098932, 0.124994, 0.093743, -0.712973, 0.694896, -0.002831, 0.226126, -0.664482, -0.712272, -1.2e-05, 0.0, 0.0, 0.0, 1.0],
                [0.969577, 0.223905, 0.098932, 0.124994, 0.088467, -0.697352, 0.711247, -0.002831, 0.228242, -0.680857, -0.695945, -1.2e-05, 0.0, 0.0, 0.0, 1.0],
                [0.969577, 0.223905, 0.098932, 0.124994, 0.082148, -0.678337, 0.730144, -0.002831, 0.230592, -0.699804, -0.676093, -1.2e-05, 0.0, 0.0, 0.0, 1.0],
                [0.969577, 0.223905, 0.098932, 0.124994, 0.07543, -0.657769, 0.749433, -0.002831, 0.232876, -0.71917, -0.654647, -1.2e-05, 0.0, 0.0, 0.0, 1.0],
                [0.969577, 0.223905, 0.098932, 0.124994, 0.068988, -0.637713, 0.767178, -0.002831, 0.234865, -0.737013, -0.633759, -1.2e-05, 0.0, 0.0, 0.0, 1.0],
                [0.969577, 0.223905, 0.098932, 0.124994, 0.063516, -0.620429, 0.781686, -0.002831, 0.236403, -0.751621, -0.615775, -1.2e-05, 0.0, 0.0, 0.0, 1.0],
                [0.969577, 0.223905, 0.098932, 0.124994, 0.059718, -0.608302, 0.791456, -0.002831, 0.237391, -0.761469, -0.603167, -1.2e-05, 0.0, 0.0, 0.0, 1.0],
                [0.969577, 0.223905, 0.098932, 0.124994, 0.058298, -0.603738, 0.795048, -0.002831, 0.237744, -0.765092, -0.598424, -1.2e-05, 0.0, 0.0, 0.0, 1.0],
                [0.969577, 0.223905, 0.098932, 0.124994, 0.058298, -0.603738, 0.795048, -0.002831, 0.237744, -0.765092, -0.598424, -1.2e-05, 0.0, 0.0, 0.0, 1.0],
                [0.969577, 0.223905, 0.098932, 0.124994, 0.058298, -0.603738, 0.795048, -0.002831, 0.237744, -0.765092, -0.598424, -1.2e-05, 0.0, 0.0, 0.0, 1.0],
                [0.969577, 0.223905, 0.098932, 0.124994, 0.058298, -0.603738, 0.795048, -0.002831, 0.237744, -0.765092, -0.598424, -1.2e-05, 0.0, 0.0, 0.0, 1.0],
                [0.969577, 0.223905, 0.098932, 0.124994, 0.058298, -0.603738, 0.795048, -0.002831, 0.237744, -0.765092, -0.598424, -1.2e-05, 0.0, 0.0, 0.0, 1.0],
                [0.969577, 0.223905, 0.098932, 0.124994, 0.058298, -0.603738, 0.795048, -0.002831, 0.237744, -0.765092, -0.598424, -1.2e-05, 0.0, 0.0, 0.0, 1.0],
                [0.969577, 0.223905, 0.098932, 0.124994, 0.058298, -0.603738, 0.795048, -0.002831, 0.237744, -0.765092, -0.598424, -1.2e-05, 0.0, 0.0, 0.0, 1.0],
                [0.969577, 0.223905, 0.098932, 0.124994, 0.058298, -0.603738, 0.795048, -0.002831, 0.237744, -0.765092, -0.598424, -1.2e-05, 0.0, 0.0, 0.0, 1.0],
                [0.969577, 0.223905, 0.098932, 0.124994, 0.058298, -0.603738, 0.795048, -0.002831, 0.237744, -0.765092, -0.598424, -1.2e-05, 0.0, 0.0, 0.0, 1.0],
                [0.969577, 0.223905, 0.098932, 0.124994, 0.058298, -0.603738, 0.795048, -0.002831, 0.237744, -0.765092, -0.598424, -1.2e-05, 0.0, 0.0, 0.0, 1.0],
                [0.969577, 0.223905, 0.098932, 0.124994, 0.058298, -0.603738, 0.795048, -0.002831, 0.237744, -0.765092, -0.598424, -1.2e-05, 0.0, 0.0, 0.0, 1.0],
                [0.969577, 0.223905, 0.098932, 0.124994, 0.058298, -0.603738, 0.795048, -0.002831, 0.237744, -0.765092, -0.598424, -1.2e-05, 0.0, 0.0, 0.0, 1.0],
                [0.969577, 0.223905, 0.098932, 0.124994, 0.058298, -0.603738, 0.795048, -0.002831, 0.237744, -0.765092, -0.598424, -1.2e-05, 0.0, 0.0, 0.0, 1.0],
                [0.969577, 0.223905, 0.098932, 0.124994, 0.058298, -0.603738, 0.795048, -0.002831, 0.237744, -0.765092, -0.598424, -1.2e-05, 0.0, 0.0, 0.0, 1.0],
                [0.969577, 0.223905, 0.098932, 0.124994, 0.058298, -0.603738, 0.795048, -0.002831, 0.237744, -0.765092, -0.598424, -1.2e-05, 0.0, 0.0, 0.0, 1.0],
                [0.969577, 0.223905, 0.098932, 0.124994, 0.058298, -0.603738, 0.795048, -0.002831, 0.237744, -0.765092, -0.598424, -1.2e-05, 0.0, 0.0, 0.0, 1.0],
                [0.969577, 0.223905, 0.098932, 0.124994, 0.058298, -0.603738, 0.795048, -0.002831, 0.237744, -0.765092, -0.598424, -1.2e-05, 0.0, 0.0, 0.0, 1.0],
                [0.969577, 0.223905, 0.098932, 0.124994, 0.058298, -0.603738, 0.795048, -0.002831, 0.237744, -0.765092, -0.598424, -1.2e-05, 0.0, 0.0, 0.0, 1.0],
                [0.969577, 0.223905, 0.098932, 0.124994, 0.058298, -0.603738, 0.795048, -0.002831, 0.237744, -0.765092, -0.598424, -1.2e-05, 0.0, 0.0, 0.0, 1.0],
                [0.969577, 0.223905, 0.098932, 0.124994, 0.058298, -0.603738, 0.795048, -0.002831, 0.237744, -0.765092, -0.598424, -1.2e-05, 0.0, 0.0, 0.0, 1.0],
                [0.969577, 0.223905, 0.098932, 0.124994, 0.058298, -0.603738, 0.795048, -0.002831, 0.237744, -0.765092, -0.598424, -1.2e-05, 0.0, 0.0, 0.0, 1.0],
                [0.969577, 0.223905, 0.098932, 0.124994, 0.058298, -0.603738, 0.795048, -0.002831, 0.237744, -0.765092, -0.598424, -1.2e-05, 0.0, 0.0, 0.0, 1.0],
                [0.969577, 0.223905, 0.098932, 0.124994, 0.058298, -0.603738, 0.795048, -0.002831, 0.237744, -0.765092, -0.598424, -1.2e-05, 0.0, 0.0, 0.0, 1.0],
                [0.969577, 0.223905, 0.098932, 0.124994, 0.058298, -0.603738, 0.795048, -0.002831, 0.237744, -0.765092, -0.598424, -1.2e-05, 0.0, 0.0, 0.0, 1.0],
                [0.969577, 0.223905, 0.098932, 0.124994, 0.058298, -0.603738, 0.795048, -0.002831, 0.237744, -0.765092, -0.598424, -1.2e-05, 0.0, 0.0, 0.0, 1.0],
                [0.969577, 0.223905, 0.098932, 0.124994, 0.058298, -0.603738, 0.795048, -0.002831, 0.237744, -0.765092, -0.598424, -1.2e-05, 0.0, 0.0, 0.0, 1.0],
                [0.969577, 0.223905, 0.098932, 0.124994, 0.058298, -0.603738, 0.795048, -0.002831, 0.237744, -0.765092, -0.598424, -1.2e-05, 0.0, 0.0, 0.0, 1.0],
                [0.969577, 0.223905, 0.098932, 0.124994, 0.058298, -0.603738, 0.795048, -0.002831, 0.237744, -0.765092, -0.598424, -1.2e-05, 0.0, 0.0, 0.0, 1.0],
                [0.969577, 0.223905, 0.098932, 0.124994, 0.058298, -0.603738, 0.795048, -0.002831, 0.237744, -0.765092, -0.598424, -1.2e-05, 0.0, 0.0, 0.0, 1.0],
                [0.969577, 0.223905, 0.098932, 0.124994, 0.058298, -0.603738, 0.795048, -0.002831, 0.237744, -0.765092, -0.598424, -1.2e-05, 0.0, 0.0, 0.0, 1.0],
                [0.969577, 0.223905, 0.098932, 0.124994, 0.058298, -0.603738, 0.795048, -0.002831, 0.237744, -0.765092, -0.598424, -1.2e-05, 0.0, 0.0, 0.0, 1.0],
                [0.969577, 0.223905, 0.098932, 0.124994, 0.058298, -0.603738, 0.795048, -0.002831, 0.237744, -0.765092, -0.598424, -1.2e-05, 0.0, 0.0, 0.0, 1.0],
                [0.969577, 0.223905, 0.098932, 0.124994, 0.058298, -0.603738, 0.795048, -0.002831, 0.237744, -0.765092, -0.598424, -1.2e-05, 0.0, 0.0, 0.0, 1.0],
                [0.969577, 0.223905, 0.098932, 0.124994, 0.058298, -0.603738, 0.795048, -0.002831, 0.237744, -0.765092, -0.598424, -1.2e-05, 0.0, 0.0, 0.0, 1.0],
                [0.969577, 0.223905, 0.098932, 0.124994, 0.058298, -0.603738, 0.795048, -0.002831, 0.237744, -0.765092, -0.598424, -1.2e-05, 0.0, 0.0, 0.0, 1.0],
                [0.969577, 0.223905, 0.098932, 0.124994, 0.058298, -0.603738, 0.795048, -0.002831, 0.237744, -0.765092, -0.598424, -1.2e-05, 0.0, 0.0, 0.0, 1.0],
                [0.969577, 0.223905, 0.098932, 0.124994, 0.058298, -0.603738, 0.795048, -0.002831, 0.237744, -0.765092, -0.598424, -1.2e-05, 0.0, 0.0, 0.0, 1.0],
                [0.969577, 0.223905, 0.098932, 0.124994, 0.058298, -0.603738, 0.795048, -0.002831, 0.237744, -0.765092, -0.598424, -1.2e-05, 0.0, 0.0, 0.0, 1.0],
                [0.969577, 0.223905, 0.098932, 0.124994, 0.058298, -0.603738, 0.795048, -0.002831, 0.237744, -0.765092, -0.598424, -1.2e-05, 0.0, 0.0, 0.0, 1.0],
                [0.969577, 0.223905, 0.098932, 0.124994, 0.058298, -0.603738, 0.795048, -0.002831, 0.237744, -0.765092, -0.598424, -1.2e-05, 0.0, 0.0, 0.0, 1.0],
                [0.969577, 0.223905, 0.098932, 0.124994, 0.058298, -0.603738, 0.795048, -0.002831, 0.237744, -0.765092, -0.598424, -1.2e-05, 0.0, 0.0, 0.0, 1.0],
                [0.969577, 0.223905, 0.098932, 0.124994, 0.058298, -0.603738, 0.795048, -0.002831, 0.237744, -0.765092, -0.598424, -1.2e-05, 0.0, 0.0, 0.0, 1.0],
                [0.969577, 0.223905, 0.098932, 0.124994, 0.058298, -0.603738, 0.795048, -0.002831, 0.237744, -0.765092, -0.598424, -1.2e-05, 0.0, 0.0, 0.0, 1.0],
                [0.969577, 0.223905, 0.098932, 0.124994, 0.058298, -0.603738, 0.795048, -0.002831, 0.237744, -0.765092, -0.598424, -1.2e-05, 0.0, 0.0, 0.0, 1.0],
                [0.969577, 0.223905, 0.098932, 0.124994, 0.058298, -0.603738, 0.795048, -0.002831, 0.237744, -0.765092, -0.598424, -1.2e-05, 0.0, 0.0, 0.0, 1.0],
                [0.969577, 0.223905, 0.098932, 0.124994, 0.058298, -0.603738, 0.795048, -0.002831, 0.237744, -0.765092, -0.598424, -1.2e-05, 0.0, 0.0, 0.0, 1.0],
                [0.969577, 0.223905, 0.098932, 0.124994, 0.058298, -0.603738, 0.795048, -0.002831, 0.237744, -0.765092, -0.598424, -1.2e-05, 0.0, 0.0, 0.0, 1.0],
                [0.969577, 0.223905, 0.098932, 0.124994, 0.058298, -0.603738, 0.795048, -0.002831, 0.237744, -0.765092, -0.598424, -1.2e-05, 0.0, 0.0, 0.0, 1.0],
                [0.969577, 0.223905, 0.098932, 0.124994, 0.058298, -0.603738, 0.795048, -0.002831, 0.237744, -0.765092, -0.598424, -1.2e-05, 0.0, 0.0, 0.0, 1.0],
                [0.969577, 0.223905, 0.098932, 0.124994, 0.058298, -0.603738, 0.795048, -0.002831, 0.237744, -0.765092, -0.598424, -1.2e-05, 0.0, 0.0, 0.0, 1.0],
                [0.969577, 0.223905, 0.098932, 0.124994, 0.058298, -0.603738, 0.795048, -0.002831, 0.237744, -0.765092, -0.598424, -1.2e-05, 0.0, 0.0, 0.0, 1.0],
                [0.969577, 0.223905, 0.098932, 0.124994, 0.058298, -0.603738, 0.795048, -0.002831, 0.237744, -0.765092, -0.598424, -1.2e-05, 0.0, 0.0, 0.0, 1.0],
                [0.969577, 0.223905, 0.098932, 0.124994, 0.058298, -0.603738, 0.795048, -0.002831, 0.237744, -0.765092, -0.598424, -1.2e-05, 0.0, 0.0, 0.0, 1.0],
                [0.969577, 0.223905, 0.098932, 0.124994, 0.058298, -0.603738, 0.795048, -0.002831, 0.237744, -0.765092, -0.598424, -1.2e-05, 0.0, 0.0, 0.0, 1.0],
                [0.969577, 0.223905, 0.098932, 0.124994, 0.058298, -0.603738, 0.795048, -0.002831, 0.237744, -0.765092, -0.598424, -1.2e-05, 0.0, 0.0, 0.0, 1.0],
                [0.969577, 0.223905, 0.098932, 0.124994, 0.058298, -0.603738, 0.795048, -0.002831, 0.237744, -0.765092, -0.598424, -1.2e-05, 0.0, 0.0, 0.0, 1.0],
                [0.969562, 0.22367, 0.09961, 0.124994, 0.058774, -0.607536, 0.792115, -0.002831, 0.237688, -0.76215, -0.602189, -1.2e-05, 0.0, 0.0, 0.0, 1.0],
                [0.969521, 0.222987, 0.101522, 0.124994, 0.060119, -0.618201, 0.783718, -0.002831, 0.237519, -0.753727, -0.612764, -1.2e-05, 0.0, 0.0, 0.0, 1.0],
                [0.969462, 0.221872, 0.104479, 0.124994, 0.062207, -0.634569, 0.770358, -0.002831, 0.23722, -0.740334, -0.628993, -1.2e-05, 0.0, 0.0, 0.0, 1.0],
                [0.969396, 0.220331, 0.108286, 0.124994, 0.064911, -0.655413, 0.752476, -0.002831, 0.236766, -0.722418, -0.649657, -1.2e-05, 0.0, 0.0, 0.0, 1.0],
                [0.969332, 0.218368, 0.112744, 0.124994, 0.068101, -0.679477, 0.730529, -0.002831, 0.236131, -0.700448, -0.67351, -1.2e-05, 0.0, 0.0, 0.0, 1.0],
                [0.969279, 0.216001, 0.117651, 0.124994, 0.071642, -0.705518, 0.705061, -0.002831, 0.235299, -0.674972, -0.699319, -1.2e-05, 0.0, 0.0, 0.0, 1.0],
                [0.969244, 0.21327, 0.122807, 0.124994, 0.075399, -0.732351, 0.67674, -0.002831, 0.234267, -0.646667, -0.725907, -1.2e-05, 0.0, 0.0, 0.0, 1.0],
                [0.969232, 0.210239, 0.128019, 0.124994, 0.079235, -0.758884, 0.646387, -0.002831, 0.233048, -0.616355, -0.752194, -1.2e-05, 0.0, 0.0, 0.0, 1.0],
                [0.969244, 0.207001, 0.133104, 0.124994, 0.08302, -0.784164, 0.614975, -0.002831, 0.231676, -0.585011, -0.777231, -1.2e-05, 0.0, 0.0, 0.0, 1.0],
                [0.969279, 0.203673, 0.137897, 0.124994, 0.086627, -0.807396, 0.583616, -0.002831, 0.230204, -0.553741, -0.800236, -1.2e-05, 0.0, 0.0, 0.0, 1.0],
                [0.969332, 0.2004, 0.142252, 0.124994, 0.089942, -0.827961, 0.553525, -0.002831, 0.228705, -0.523755, -0.820594, -1.2e-05, 0.0, 0.0, 0.0, 1.0],
                [0.969396, 0.19734, 0.146042, 0.124994, 0.092857, -0.845405, 0.525992, -0.002831, 0.227264, -0.496333, -0.837857, -1.2e-05, 0.0, 0.0, 0.0, 1.0],
                [0.969462, 0.194665, 0.149159, 0.124994, 0.095278, -0.859407, 0.502335, -0.002831, 0.225976, -0.472783, -0.85171, -1.2e-05, 0.0, 0.0, 0.0, 1.0],
                [0.969521, 0.19255, 0.151507, 0.124994, 0.097116, -0.869732, 0.483875, -0.002831, 0.22494, -0.454413, -0.861923, -1.2e-05, 0.0, 0.0, 0.0, 1.0],
                [0.969562, 0.191164, 0.152991, 0.124994, 0.098285, -0.876157, 0.4719, -0.002831, 0.224255, -0.442499, -0.868277, -1.2e-05, 0.0, 0.0, 0.0, 1.0],
                [0.969577, 0.19067, 0.153511, 0.124994, 0.098696, -0.878389, 0.467645, -0.002831, 0.224009, -0.438267, -0.870484, -1.2e-05, 0.0, 0.0, 0.0, 1.0]
            ]
        },
        {
            "name": "Leg_R",
            "time": [0.0, 0.0167, 0.0333, 0.05, 0.0667, 0.0833, 0.1, 0.1167, 0.1333, 0.15, 0.1667, 0.1833, 0.2, 0.2167, 0.2333, 0.25, 0.2667, 0.2833, 0.3, 0.3167, 0.3333, 0.35, 0.3667, 0.3833, 0.4, 0.4167, 0.4333, 0.45, 0.4667, 0.4833, 0.5, 0.5167, 0.5333, 0.55, 0.5667, 0.5833, 0.6, 0.6167, 0.6333, 0.65, 0.6667, 0.6833, 0.7, 0.7167, 0.7333, 0.75, 0.7667, 0.7833, 0.8, 0.8167, 0.8333, 0.85, 0.8667, 0.8833, 0.9, 0.9167, 0.9333, 0.95, 0.9667, 0.9833, 1.0, 1.0167, 1.0333, 1.05, 1.0667, 1.0833, 1.1, 1.1167, 1.1333, 1.15, 1.1667, 1.1833, 1.2, 1.2167, 1.2333, 1.25, 1.2667, 1.2833, 1.3, 1.3167, 1.3333],
            "transform": [
                [1.0, -0.0, 1e-06, -0.0, -0.0, 0.819152, 0.573577, 0.37472, -1e-06, -0.573577, 0.819152, -0.0, 0.0, 0.0, 0.0, 1.0],
                [0.999999, 0.001254, -0.000753, 0.0, -0.000588, 0.815813, 0.578316, 0.37472, 0.00134, -0.578315, 0.815813, 0.0, 0.0, 0.0, 0.0, 1.0],
                [0.999986, 0.004639, -0.002737, 0.0, -0.002125, 0.806722, 0.590927, 0.37472, 0.00495, -0.590913, 0.80672, 0.0, 0.0, 0.0, 0.0, 1.0],
                [0.999939, 0.009596, -0.005518, 0.0, -0.004252, 0.793199, 0.608948, 0.37472, 0.010221, -0.608887, 0.793191, 0.0, 0.0, 0.0, 0.0, 1.0],
                [0.999841, 0.015555, -0.008671, -0.0, -0.006619, 0.776624, 0.62993, 0.37472, 0.016533, -0.629773, 0.776603, 0.0, 0.0, 0.0, 0.0, 1.0],
                [0.99969, 0.021914, -0.011816, 0.0, -0.008927, 0.758567, 0.651534, 0.37472, 0.023241, -0.651226, 0.758528, -0.0, 0.0, 0.0, 0.0, 1.0],
                [0.9995, 0.028035, -0.014637, -0.0, -0.010945, 0.740841, 0.671591, 0.37472, 0.029671, -0.671095, 0.740777, 0.0, 0.0, 0.0, 0.0, 1.0],
                [0.999304, 0.033251, -0.016886, -0.0, -0.012511, 0.725477, 0.688133, 0.37472, 0.035132, -0.687443, 0.725388, 0.0, 0.0, 0.0, 0.0, 1.0],
                [0.999151, 0.03688, -0.01837, 0.0, -0.013521, 0.714651, 0.699351, 0.37472, 0.03892, -0.698509, 0.714542, -0.0, 0.0, 0.0, 0.0, 1.0],
                [0.99909, 0.038239, -0.018909, -0.0, -0.013882, 0.710568, 0.703492, 0.37472, 0.040337, -0.702589, 0.710451, 0.0, 0.0, 0.0, 0.0, 1.0],
                [0.99909, 0.038239, -0.018909, -0.0, -0.013882, 0.710568, 0.703492, 0.37472, 0.040337, -0.702589, 0.710451, 0.0, 0.0, 0.0, 0.0, 1.0],
                [0.99909, 0.038239, -0.018909, -0.0, -0.013882, 0.710568, 0.703492, 0.37472, 0.040337, -0.702589, 0.710451, 0.0, 0.0, 0.0, 0.0, 1.0],
                [0.99909, 0.038239, -0.018909, -0.0, -0.013882, 0.710568, 0.703492, 0.37472, 0.040337, -0.702589, 0.710451, 0.0, 0.0, 0.0, 0.0, 1.0],
                [0.99909, 0.038239, -0.018909, -0.0, -0.013882, 0.710568, 0.703492, 0.37472, 0.040337, -0.702589, 0.710451, -0.0, 0.0, 0.0, 0.0, 1.0],
                [0.99909, 0.038239, -0.018909, -0.0, -0.013882, 0.710568, 0.703492, 0.37472, 0.040337, -0.702589, 0.710451, -0.0, 0.0, 0.0, 0.0, 1.0],
                [0.99909, 0.038239, -0.018909, -0.0, -0.013882, 0.710568, 0.703492, 0.37472, 0.040337, -0.702589, 0.710451, -0.0, 0.0, 0.0, 0.0, 1.0],
                [0.99909, 0.038239, -0.018909, -0.0, -0.013882, 0.710568, 0.703492, 0.37472, 0.040337, -0.702589, 0.710451, -0.0, 0.0, 0.0, 0.0, 1.0],
                [0.99909, 0.038239, -0.018909, -0.0, -0.013882, 0.710568, 0.703492, 0.37472, 0.040337, -0.702589, 0.710451, 0.0, 0.0, 0.0, 0.0, 1.0],
                [0.99909, 0.038239, -0.018909, -0.0, -0.013882, 0.710568, 0.703492, 0.37472, 0.040337, -0.702589, 0.710451, 0.0, 0.0, 0.0, 0.0, 1.0],
                [0.99909, 0.038239, -0.018909, -0.0, -0.013882, 0.710568, 0.703492, 0.37472, 0.040337, -0.702589, 0.710451, -0.0, 0.0, 0.0, 0.0, 1.0],
                [0.99909, 0.038239, -0.018909, -0.0, -0.013882, 0.710568, 0.703492, 0.37472, 0.040337, -0.702589, 0.710451, 0.0, 0.0, 0.0, 0.0, 1.0],
                [0.99909, 0.038239, -0.018909, -0.0, -0.013882, 0.710568, 0.703492, 0.37472, 0.040337, -0.702589, 0.710451, 0.0, 0.0, 0.0, 0.0, 1.0],
                [0.99909, 0.038239, -0.018909, -0.0, -0.013882, 0.710568, 0.703492, 0.37472, 0.040337, -0.702589, 0.710451, 0.0, 0.0, 0.0, 0.0, 1.0],
                [0.99909, 0.038239, -0.018909, -0.0, -0.013882, 0.710568, 0.703492, 0.37472, 0.040337, -0.702589, 0.710451, 0.0, 0.0, 0.0, 0.0, 1.0],
                [0.99909, 0.038239, -0.018909, -0.0, -0.013882, 0.710568, 0.703492, 0.37472, 0.040337, -0.702589, 0.710451, -0.0, 0.0, 0.0, 0.0, 1.0],
                [0.99909, 0.038239, -0.018909, -0.0, -0.013882, 0.710568, 0.703492, 0.37472, 0.040337, -0.702589, 0.710451, 0.0, 0.0, 0.0, 0.0, 1.0],
                [0.99909, 0.038239, -0.018909, -0.0, -0.013882, 0.710568, 0.703492, 0.37472, 0.040337, -0.702589, 0.710451, -0.0, 0.0, 0.0, 0.0, 1.0],
                [0.99909, 0.038239, -0.018909, -0.0, -0.013882, 0.710568, 0.703492, 0.37472, 0.040337, -0.702589, 0.710451, 0.0, 0.0, 0.0, 0.0, 1.0],
                [0.99909, 0.038239, -0.018909, 0.0, -0.013882, 0.710568, 0.703492, 0.37472, 0.040337, -0.702589, 0.710451, 0.0, 0.0, 0.0, 0.0, 1.0],
                [0.99909, 0.038239, -0.018909, 0.0, -0.013882, 0.710568, 0.703492, 0.37472, 0.040337, -0.702589, 0.710451, -0.0, 0.0, 0.0, 0.0, 1.0],
                [0.99909, 0.038239, -0.018909, -0.0, -0.013882, 0.710568, 0.703492, 0.37472, 0.040337, -0.702589, 0.710451, -0.0, 0.0, 0.0, 0.0, 1.0],
                [0.99909, 0.038239, -0.018909, -0.0, -0.013882, 0.710568, 0.703492, 0.37472, 0.040337, -0.702589, 0.710451, -0.0, 0.0, 0.0, 0.0, 1.0],
                [0.99909, 0.038239, -0.018909, -0.0, -0.013882, 0.710568, 0.703492, 0.37472, 0.040337, -0.702589, 0.710451, -0.0, 0.0, 0.0, 0.0, 1.0],
                [0.99909, 0.038239, -0.018909, -0.0, -0.013882, 0.710568, 0.703492, 0.37472, 0.040337, -0.702589, 0.710451, -0.0, 0.0, 0.0, 0.0, 1.0],
                [0.99909, 0.038239, -0.018909, -0.0, -0.013882, 0.710568, 0.703492, 0.37472, 0.040337, -0.702589, 0.710451, -0.0, 0.0, 0.0, 0.0, 1.0],
                [0.99909, 0.038239, -0.018909, -0.0, -0.013882, 0.710568, 0.703492, 0.37472, 0.040337, -0.702589, 0.710451, -0.0, 0.0, 0.0, 0.0, 1.0],
                [0.99909, 0.038239, -0.018909, -0.0, -0.013882, 0.710568, 0.703492, 0.37472, 0.040337, -0.702589, 0.710451, -0.0, 0.0, 0.0, 0.0, 1.0],
                [0.99909, 0.038239, -0.018909, -0.0, -0.013882, 0.710568, 0.703492, 0.37472, 0.040337, -0.702589, 0.710451, -0.0, 0.0, 0.0, 0.0, 1.0],
                [0.99909, 0.038239, -0.018909, -0.0, -0.013882, 0.710568, 0.703492, 0.37472, 0.040337, -0.702589, 0.710451, -0.0, 0.0, 0.0, 0.0, 1.0],
                [0.99909, 0.038239, -0.018909, -0.0, -0.013882, 0.710568, 0.703492, 0.37472, 0.040337, -0.702589, 0.710451, -0.0, 0.0, 0.0, 0.0, 1.0],
                [0.99909, 0.038239, -0.018909, -0.0, -0.013882, 0.710568, 0.703492, 0.37472, 0.040337, -0.702589, 0.710451, -0.0, 0.0, 0.0, 0.0, 1.0],
                [0.99909, 0.038239, -0.018909, -0.0, -0.013882, 0.710568, 0.703492, 0.37472, 0.040337, -0.702589, 0.710451, -0.0, 0.0, 0.0, 0.0, 1.0],
                [0.99909, 0.038239, -0.018909, -0.0, -0.013882, 0.710568, 0.703492, 0.37472, 0.040337, -0.702589, 0.710451, -0.0, 0.0, 0.0, 0.0, 1.0],
                [0.99909, 0.038239, -0.018909, -0.0, -0.013882, 0.710568, 0.703492, 0.37472, 0.040337, -0.702589, 0.710451, -0.0, 0.0, 0.0, 0.0, 1.0],
                [0.99909, 0.038239, -0.018909, -0.0, -0.013882, 0.710568, 0.703492, 0.37472, 0.040337, -0.702589, 0.710451, -0.0, 0.0, 0.0, 0.0, 1.0],
                [0.99909, 0.038239, -0.018909, -0.0, -0.013882, 0.710568, 0.703492, 0.37472, 0.040337, -0.702589, 0.710451, -0.0, 0.0, 0.0, 0.0, 1.0],
                [0.99909, 0.038239, -0.018909, -0.0, -0.013882, 0.710568, 0.703492, 0.37472, 0.040337, -0.702589, 0.710451, -0.0, 0.0, 0.0, 0.0, 1.0],
                [0.99909, 0.038239, -0.018909, -0.0, -0.013882, 0.710568, 0.703492, 0.37472, 0.040337, -0.702589, 0.710451, -0.0, 0.0, 0.0, 0.0, 1.0],
                [0.99909, 0.038239, -0.018909, -0.0, -0.013882, 0.710568, 0.703492, 0.37472, 0.040337, -0.702589, 0.710451, -0.0, 0.0, 0.0, 0.0, 1.0],
                [0.99909, 0.038239, -0.018909, -0.0, -0.013882, 0.710568, 0.703492, 0.37472, 0.040337, -0.702589, 0.710451, -0.0, 0.0, 0.0, 0.0, 1.0],
                [0.99909, 0.038239, -0.018909, -0.0, -0.013882, 0.710568, 0.703492, 0.37472, 0.040337, -0.702589, 0.710451, -0.0, 0.0, 0.0, 0.0, 1.0],
                [0.99909, 0.038239, -0.018909, -0.0, -0.013882, 0.710568, 0.703492, 0.37472, 0.040337, -0.702589, 0.710451, -0.0, 0.0, 0.0, 0.0, 1.0],
                [0.99909, 0.038239, -0.018909, -0.0, -0.013882, 0.710568, 0.703492, 0.37472, 0.040337, -0.702589, 0.710451, -0.0, 0.0, 0.0, 0.0, 1.0],
                [0.99909, 0.038239, -0.018909, -0.0, -0.013882, 0.710568, 0.703492, 0.37472, 0.040337, -0.702589, 0.710451, -0.0, 0.0, 0.0, 0.0, 1.0],
