{
    "armature": {
        "joints": ["Root", "Thigh_R", "Leg_R", "Knee_R", "Thigh_L", "Leg_L", "Knee_L", "Torso", "Chest", "Head", "Shoulder_R", "Arm_R", "Hand_R", "Tool_R", "Elbow_R", "Shoulder_L", "Arm_L", "Hand_L", "Tool_L", "Elbow_L"],
        "hierarchy": [
            {
                "name": "Root",
                "transform": [1.0, 0.0, 0.0, -5e-06, 0.0, 0.0, -1.0, 0.000946, 0.0, 1.0, 0.0, 0.763972, 0.0, 0.0, 0.0, 1.0],
                "children": [
                    {
                        "name": "Thigh_R",
                        "transform": [1.0, -0.0, -0.0, 0.124994, -0.0, -1.0, 0.0, -0.002831, -0.0, -0.0, -1.0, -1.2e-05, 0.0, 0.0, 0.0, 1.0],
                        "children": [
                            {
                                "name": "Leg_R",
                                "transform": [1.0, 0.0, 1e-06, 0.0, -0.0, 1.0, 0.0, 0.37472, -1e-06, -0.0, 1.0, -0.0, 0.0, 0.0, 0.0, 1.0],
                                "children": []
                            },
                            {
                                "name": "Knee_R",
                                "transform": [1.0, 0.0, -0.0, 0.0, -0.0, 0.0, -1.0, 0.37472, -0.0, 1.0, 0.0, -0.0, 0.0, 0.0, 0.0, 1.0],
                                "children": []
                            }
                        ]
                    },
                    {
                        "name": "Thigh_L",
                        "transform": [1.0, -0.0, -0.0, -0.125006, -0.0, -1.0, 0.0, -0.002831, -0.0, -0.0, -1.0, -1.2e-05, 0.0, 0.0, 0.0, 1.0],
                        "children": [
                            {
                                "name": "Leg_L",
                                "transform": [1.0, 0.0, 1e-06, -0.0, -0.0, 1.0, 0.0, 0.37472, -1e-06, -0.0, 1.0, 0.0, 0.0, 0.0, 0.0, 1.0],
                                "children": []
                            },
                            {
                                "name": "Knee_L",
                                "transform": [1.0, 0.0, -0.0, -0.0, -0.0, 0.0, -1.0, 0.37472, -0.0, 1.0, 0.0, 0.0, 0.0, 0.0, 0.0, 1.0],
                                "children": []
                            }
                        ]
                    },
                    {
                        "name": "Torso",
                        "transform": [1.0, 0.0, 0.0, 0.0, 0.0, 1.0, 0.0, 0.05, 0.0, 0.0, 1.0, 0.0, 0.0, 0.0, 0.0, 1.0],
                        "children": [
                            {
                                "name": "Chest",
                                "transform": [1.0, 0.0, 0.0, 0.0, 0.0, 1.0, 0.0, 0.3, 0.0, 0.0, 1.0, 0.0, 0.0, 0.0, 0.0, 1.0],
                                "children": [
                                    {
                                        "name": "Head",
                                        "transform": [1.0, 0.0, 0.0, 0.0, 0.0, 1.0, 0.0, 0.4, 0.0, 0.0, 1.0, 0.0, 0.0, 0.0, 0.0, 1.0],
                                        "children": []
                                    },
                                    {
                                        "name": "Shoulder_R",
                                        "transform": [0.0, 0.952114, 0.305743, 0.0, 0.0, -0.305743, 0.952114, 0.4, 1.0, 0.0, -0.0, 0.0, 0.0, 0.0, 0.0, 1.0],
                                        "children": [
                                            {
                                                "name": "Arm_R",
                                                "transform": [0.0, -0.0, -1.0, -0.0, 0.952114, 0.305743, 0.0, 0.39386, 0.305743, -0.952114, 0.0, 0.0, 0.0, 0.0, 0.0, 1.0],
                                                "children": [
                                                    {
                                                        "name": "Hand_R",
                                                        "transform": [1.0, 0.0, 0.0, 0.0, -0.0, 0.993938, 0.109947, 0.3, -0.0, -0.109947, 0.993937, 0.0, 0.0, 0.0, 0.0, 1.0],
                                                        "children": [
                                                            {
                                                                "name": "Tool_R",
                                                                "transform": [1.0, 0.0, 0.0, -0.0, 0.0, -0.999836, 0.018122, 0.272858, 0.0, -0.018122, -0.999836, 0.0, 0.0, 0.0, 0.0, 1.0],
                                                                "children": []
                                                            }
                                                        ]
                                                    },
                                                    {
                                                        "name": "Elbow_R",
                                                        "transform": [-1.0, 0.0, -0.0, 0.0, 0.0, 0.0, -1.0, 0.3, -0.0, -1.0, -0.0, 0.0, 0.0, 0.0, 0.0, 1.0],
                                                        "children": []
                                                    }
                                                ]
                                            }
                                        ]
                                    },
                                    {
                                        "name": "Shoulder_L",
                                        "transform": [-0.0, -0.952114, -0.305743, 0.0, 0.0, -0.305743, 0.952114, 0.4, -1.0, 0.0, 0.0, 0.0, 0.0, 0.0, 0.0, 1.0],
                                        "children": [
                                            {
                                                "name": "Arm_L",
                                                "transform": [-0.0, -0.0, 1.0, -0.0, -0.952114, 0.305743, -0.0, 0.39386, -0.305743, -0.952114, -0.0, 0.0, 0.0, 0.0, 0.0, 1.0],
                                                "children": [
                                                    {
                                                        "name": "Hand_L",
                                                        "transform": [1.0, -0.0, 0.0, -0.0, 0.0, 0.993937, 0.109947, 0.3, -0.0, -0.109947, 0.993937, 0.0, 0.0, 0.0, 0.0, 1.0],
                                                        "children": [
                                                            {
                                                                "name": "Tool_L",
                                                                "transform": [1.0, 0.0, 0.0, -0.0, -0.0, -0.999836, 0.018122, 0.272858, 0.0, -0.018122, -0.999836, -0.0, 0.0, 0.0, 0.0, 1.0],
                                                                "children": []
                                                            }
                                                        ]
                                                    },
                                                    {
                                                        "name": "Elbow_L",
                                                        "transform": [-1.0, 0.0, -0.0, -0.0, 0.0, -0.0, -1.0, 0.3, -0.0, -1.0, 0.0, 0.0, 0.0, 0.0, 0.0, 1.0],
                                                        "children": []
                                                    }
                                                ]
                                            }
                                        ]
                                    }
                                ]
                            }
                        ]
                    }
                ]
            }
        ]
    },
    "animation": [
        {
            "name": "Root",
            "time": [0.0, 0.0167, 0.0333, 0.05, 0.0667, 0.0833, 0.1, 0.1167, 0.1333, 0.15, 0.1667, 0.1833, 0.2, 0.2167, 0.2333, 0.25, 0.2667, 0.2833, 0.3, 0.3167, 0.3333, 0.35, 0.3667, 0.3833, 0.4, 0.4167, 0.4333, 0.45, 0.4667, 0.4833, 0.5, 0.5167, 0.5333, 0.55, 0.5667, 0.5833, 0.6, 0.6167, 0.6333, 0.65, 0.6667, 0.6833, 0.7, 0.7167, 0.7333, 0.75, 0.7667, 0.7833, 0.8, 0.8167, 0.8333, 0.85, 0.8667, 0.8833, 0.9, 0.9167, 0.9333, 0.95, 0.9667, 0.9833, 1.0, 1.0167, 1.0333, 1.05, 1.0667, 1.0833, 1.1, 1.1167, 1.1333, 1.15, 1.1667, 1.1833, 1.2, 1.2167, 1.2333, 1.25, 1.2667, 1.2833, 1.3, 1.3167, 1.3333, 1.35, 1.3667, 1.3833, 1.4, 1.4167, 1.4333, 1.45, 1.4667, 1.4833, 1.5, 1.5167, 1.5333, 1.55, 1.5667, 1.5833, 1.6],
            "transform": [
                [1.0, 0.0, 0.0, -5e-06, 0.0, 0.0, -1.0, 0.000946, 0.0, 1.0, 0.0, 0.763972, 0.0, 0.0, 0.0, 1.0],
                [1.0, 0.0, 0.0, -5e-06, 0.0, 0.0, -1.0, 0.000946, 0.0, 1.0, 0.0, 0.763972, 0.0, 0.0, 0.0, 1.0],
                [1.0, 0.0, 0.0, -5e-06, 0.0, 0.0, -1.0, 0.000946, 0.0, 1.0, 0.0, 0.763972, 0.0, 0.0, 0.0, 1.0],
                [1.0, 0.0, 0.0, -5e-06, 0.0, 0.0, -1.0, 0.000946, 0.0, 1.0, 0.0, 0.763972, 0.0, 0.0, 0.0, 1.0],
                [1.0, 0.0, 0.0, -5e-06, 0.0, 0.0, -1.0, 0.000946, 0.0, 1.0, 0.0, 0.763972, 0.0, 0.0, 0.0, 1.0],
                [1.0, 0.0, 0.0, -5e-06, 0.0, 0.0, -1.0, 0.000946, 0.0, 1.0, 0.0, 0.763972, 0.0, 0.0, 0.0, 1.0],
                [1.0, 0.0, 0.0, -5e-06, 0.0, 0.0, -1.0, 0.040693, 0.0, 1.0, 0.0, 0.763972, 0.0, 0.0, 0.0, 1.0],
                [1.0, 0.0, 0.0, -5e-06, 0.0, 0.0, -1.0, 0.148984, 0.0, 1.0, 0.0, 0.763972, 0.0, 0.0, 0.0, 1.0],
                [1.0, 0.0, 0.0, -5e-06, 0.0, 0.0, -1.0, 0.309393, 0.0, 1.0, 0.0, 0.763972, 0.0, 0.0, 0.0, 1.0],
                [1.0, 0.0, 0.0, -5e-06, 0.0, 0.0, -1.0, 0.505494, 0.0, 1.0, 0.0, 0.763972, 0.0, 0.0, 0.0, 1.0],
                [1.0, 0.0, 0.0, -5e-06, 0.0, 0.0, -1.0, 0.720862, 0.0, 1.0, 0.0, 0.763972, 0.0, 0.0, 0.0, 1.0],
                [1.0, 0.0, 0.0, -5e-06, 0.0, 0.0, -1.0, 0.939071, 0.0, 1.0, 0.0, 0.763972, 0.0, 0.0, 0.0, 1.0],
                [1.0, 0.0, 0.0, -5e-06, 0.0, 0.0, -1.0, 1.143695, 0.0, 1.0, 0.0, 0.763972, 0.0, 0.0, 0.0, 1.0],
                [1.0, 0.0, 0.0, -5e-06, 0.0, 0.0, -1.0, 1.31831, 0.0, 1.0, 0.0, 0.763972, 0.0, 0.0, 0.0, 1.0],
                [1.0, 0.0, 0.0, -5e-06, 0.0, 0.0, -1.0, 1.446488, 0.0, 1.0, 0.0, 0.763972, 0.0, 0.0, 0.0, 1.0],
                [1.0, 0.0, 0.0, -5e-06, 0.0, 0.0, -1.0, 1.511806, 0.0, 1.0, 0.0, 0.763972, 0.0, 0.0, 0.0, 1.0],
                [1.0, 0.0, 0.0, -5e-06, 0.0, 0.0, -1.0, 1.539664, 0.0, 1.0, 0.0, 0.763972, 0.0, 0.0, 0.0, 1.0],
                [1.0, 0.0, 0.0, -5e-06, 0.0, 0.0, -1.0, 1.566429, 0.0, 1.0, 0.0, 0.763972, 0.0, 0.0, 0.0, 1.0],
                [1.0, 0.0, 0.0, -5e-06, 0.0, 0.0, -1.0, 1.592124, 0.0, 1.0, 0.0, 0.763972, 0.0, 0.0, 0.0, 1.0],
                [1.0, 0.0, 0.0, -5e-06, 0.0, 0.0, -1.0, 1.616771, 0.0, 1.0, 0.0, 0.763972, 0.0, 0.0, 0.0, 1.0],
                [1.0, 0.0, 0.0, -5e-06, 0.0, 0.0, -1.0, 1.640391, 0.0, 1.0, 0.0, 0.763972, 0.0, 0.0, 0.0, 1.0],
                [1.0, 0.0, 0.0, -5e-06, 0.0, 0.0, -1.0, 1.663005, 0.0, 1.0, 0.0, 0.763972, 0.0, 0.0, 0.0, 1.0],
                [1.0, 0.0, 0.0, -5e-06, 0.0, 0.0, -1.0, 1.684637, 0.0, 1.0, 0.0, 0.763972, 0.0, 0.0, 0.0, 1.0],
                [1.0, 0.0, 0.0, -5e-06, 0.0, 0.0, -1.0, 1.705308, 0.0, 1.0, 0.0, 0.763972, 0.0, 0.0, 0.0, 1.0],
                [1.0, 0.0, 0.0, -5e-06, 0.0, 0.0, -1.0, 1.725039, 0.0, 1.0, 0.0, 0.763972, 0.0, 0.0, 0.0, 1.0],
                [1.0, 0.0, 0.0, -5e-06, 0.0, 0.0, -1.0, 1.743852, 0.0, 1.0, 0.0, 0.763972, 0.0, 0.0, 0.0, 1.0],
                [1.0, 0.0, 0.0, -5e-06, 0.0, 0.0, -1.0, 1.76177, 0.0, 1.0, 0.0, 0.763972, 0.0, 0.0, 0.0, 1.0],
                [1.0, 0.0, 0.0, -5e-06, 0.0, 0.0, -1.0, 1.778814, 0.0, 1.0, 0.0, 0.763972, 0.0, 0.0, 0.0, 1.0],
                [1.0, 0.0, 0.0, -5e-06, 0.0, 0.0, -1.0, 1.795006, 0.0, 1.0, 0.0, 0.763972, 0.0, 0.0, 0.0, 1.0],
                [1.0, 0.0, 0.0, -5e-06, 0.0, 0.0, -1.0, 1.810368, 0.0, 1.0, 0.0, 0.763972, 0.0, 0.0, 0.0, 1.0],
                [1.0, 0.0, 0.0, -5e-06, 0.0, 0.0, -1.0, 1.824921, 0.0, 1.0, 0.0, 0.763972, 0.0, 0.0, 0.0, 1.0],
                [1.0, 0.0, 0.0, -5e-06, 0.0, 0.0, -1.0, 1.838688, 0.0, 1.0, 0.0, 0.763972, 0.0, 0.0, 0.0, 1.0],
                [1.0, 0.0, 0.0, -5e-06, 0.0, 0.0, -1.0, 1.851691, 0.0, 1.0, 0.0, 0.763972, 0.0, 0.0, 0.0, 1.0],
                [1.0, 0.0, 0.0, -5e-06, 0.0, 0.0, -1.0, 1.86395, 0.0, 1.0, 0.0, 0.763972, 0.0, 0.0, 0.0, 1.0],
                [1.0, 0.0, 0.0, -5e-06, 0.0, 0.0, -1.0, 1.875489, 0.0, 1.0, 0.0, 0.763972, 0.0, 0.0, 0.0, 1.0],
                [1.0, 0.0, 0.0, -5e-06, 0.0, 0.0, -1.0, 1.886328, 0.0, 1.0, 0.0, 0.763972, 0.0, 0.0, 0.0, 1.0],
                [1.0, 0.0, 0.0, -5e-06, 0.0, 0.0, -1.0, 1.896491, 0.0, 1.0, 0.0, 0.763972, 0.0, 0.0, 0.0, 1.0],
                [1.0, 0.0, 0.0, -5e-06, 0.0, 0.0, -1.0, 1.905997, 0.0, 1.0, 0.0, 0.763972, 0.0, 0.0, 0.0, 1.0],
                [1.0, 0.0, 0.0, -5e-06, 0.0, 0.0, -1.0, 1.914871, 0.0, 1.0, 0.0, 0.763972, 0.0, 0.0, 0.0, 1.0],
                [1.0, 0.0, 0.0, -5e-06, 0.0, 0.0, -1.0, 1.923132, 0.0, 1.0, 0.0, 0.763972, 0.0, 0.0, 0.0, 1.0],
                [1.0, 0.0, 0.0, -5e-06, 0.0, 0.0, -1.0, 1.930804, 0.0, 1.0, 0.0, 0.763972, 0.0, 0.0, 0.0, 1.0],
                [1.0, 0.0, 0.0, -5e-06, 0.0, 0.0, -1.0, 1.937908, 0.0, 1.0, 0.0, 0.763972, 0.0, 0.0, 0.0, 1.0],
                [1.0, 0.0, 0.0, -5e-06, 0.0, 0.0, -1.0, 1.944466, 0.0, 1.0, 0.0, 0.763972, 0.0, 0.0, 0.0, 1.0],
                [1.0, 0.0, 0.0, -5e-06, 0.0, 0.0, -1.0, 1.950499, 0.0, 1.0, 0.0, 0.763972, 0.0, 0.0, 0.0, 1.0],
                [1.0, 0.0, 0.0, -5e-06, 0.0, 0.0, -1.0, 1.95603, 0.0, 1.0, 0.0, 0.763972, 0.0, 0.0, 0.0, 1.0],
                [1.0, 0.0, 0.0, -5e-06, 0.0, 0.0, -1.0, 1.96108, 0.0, 1.0, 0.0, 0.763972, 0.0, 0.0, 0.0, 1.0],
                [1.0, 0.0, 0.0, -5e-06, 0.0, 0.0, -1.0, 1.965671, 0.0, 1.0, 0.0, 0.763972, 0.0, 0.0, 0.0, 1.0],
                [1.0, 0.0, 0.0, -5e-06, 0.0, 0.0, -1.0, 1.969826, 0.0, 1.0, 0.0, 0.763972, 0.0, 0.0, 0.0, 1.0],
                [1.0, 0.0, 0.0, -5e-06, 0.0, 0.0, -1.0, 1.973565, 0.0, 1.0, 0.0, 0.763972, 0.0, 0.0, 0.0, 1.0],
                [1.0, 0.0, 0.0, -5e-06, 0.0, 0.0, -1.0, 1.976911, 0.0, 1.0, 0.0, 0.763972, 0.0, 0.0, 0.0, 1.0],
                [1.0, 0.0, 0.0, -5e-06, 0.0, 0.0, -1.0, 1.979886, 0.0, 1.0, 0.0, 0.763972, 0.0, 0.0, 0.0, 1.0],
                [1.0, 0.0, 0.0, -5e-06, 0.0, 0.0, -1.0, 1.982511, 0.0, 1.0, 0.0, 0.763972, 0.0, 0.0, 0.0, 1.0],
                [1.0, 0.0, 0.0, -5e-06, 0.0, 0.0, -1.0, 1.984809, 0.0, 1.0, 0.0, 0.763972, 0.0, 0.0, 0.0, 1.0],
                [1.0, 0.0, 0.0, -5e-06, 0.0, 0.0, -1.0, 1.9868, 0.0, 1.0, 0.0, 0.763972, 0.0, 0.0, 0.0, 1.0],
                [1.0, 0.0, 0.0, -5e-06, 0.0, 0.0, -1.0, 1.988508, 0.0, 1.0, 0.0, 0.763972, 0.0, 0.0, 0.0, 1.0],
                [1.0, 0.0, 0.0, -5e-06, 0.0, 0.0, -1.0, 1.989954, 0.0, 1.0, 0.0, 0.763972, 0.0, 0.0, 0.0, 1.0],
                [1.0, 0.0, 0.0, -5e-06, 0.0, 0.0, -1.0, 1.991159, 0.0, 1.0, 0.0, 0.763972, 0.0, 0.0, 0.0, 1.0],
                [1.0, 0.0, 0.0, -5e-06, 0.0, 0.0, -1.0, 1.992145, 0.0, 1.0, 0.0, 0.763972, 0.0, 0.0, 0.0, 1.0],
                [1.0, 0.0, 0.0, -5e-06, 0.0, 0.0, -1.0, 1.992936, 0.0, 1.0, 0.0, 0.763972, 0.0, 0.0, 0.0, 1.0],
                [1.0, 0.0, 0.0, -5e-06, 0.0, 0.0, -1.0, 1.993551, 0.0, 1.0, 0.0, 0.763972, 0.0, 0.0, 0.0, 1.0],
                [1.0, 0.0, 0.0, -5e-06, 0.0, 0.0, -1.0, 1.994013, 0.0, 1.0, 0.0, 0.763972, 0.0, 0.0, 0.0, 1.0],
                [1.0, 0.0, 0.0, -5e-06, 0.0, 0.0, -1.0, 1.994345, 0.0, 1.0, 0.0, 0.763972, 0.0, 0.0, 0.0, 1.0],
                [1.0, 0.0, 0.0, -5e-06, 0.0, 0.0, -1.0, 1.994567, 0.0, 1.0, 0.0, 0.763972, 0.0, 0.0, 0.0, 1.0],
                [1.0, 0.0, 0.0, -5e-06, 0.0, 0.0, -1.0, 1.994702, 0.0, 1.0, 0.0, 0.763972, 0.0, 0.0, 0.0, 1.0],
                [1.0, 0.0, 0.0, -5e-06, 0.0, 0.0, -1.0, 1.994771, 0.0, 1.0, 0.0, 0.763972, 0.0, 0.0, 0.0, 1.0],
                [1.0, 0.0, 0.0, -5e-06, 0.0, 0.0, -1.0, 1.994796, 0.0, 1.0, 0.0, 0.763972, 0.0, 0.0, 0.0, 1.0],
                [1.0, 0.0, 0.0, -5e-06, 0.0, 0.0, -1.0, 1.9948, 0.0, 1.0, 0.0, 0.763972, 0.0, 0.0, 0.0, 1.0],
                [1.0, 0.0, 0.0, -5e-06, 0.0, 0.0, -1.0, 1.992985, 0.0, 1.0, 0.0, 0.763972, 0.0, 0.0, 0.0, 1.0],
                [1.0, 0.0, 0.0, -5e-06, 0.0, 0.0, -1.0, 1.987637, 0.0, 1.0, 0.0, 0.763972, 0.0, 0.0, 0.0, 1.0],
                [1.0, 0.0, 0.0, -5e-06, 0.0, 0.0, -1.0, 1.978904, 0.0, 1.0, 0.0, 0.763972, 0.0, 0.0, 0.0, 1.0],
                [1.0, 0.0, 0.0, -5e-06, 0.0, 0.0, -1.0, 1.96693, 0.0, 1.0, 0.0, 0.763972, 0.0, 0.0, 0.0, 1.0],
                [1.0, 0.0, 0.0, -5e-06, 0.0, 0.0, -1.0, 1.951862, 0.0, 1.0, 0.0, 0.763972, 0.0, 0.0, 0.0, 1.0],
                [1.0, 0.0, 0.0, -5e-06, 0.0, 0.0, -1.0, 1.933846, 0.0, 1.0, 0.0, 0.763972, 0.0, 0.0, 0.0, 1.0],
                [1.0, 0.0, 0.0, -5e-06, 0.0, 0.0, -1.0, 1.91303, 0.0, 1.0, 0.0, 0.763972, 0.0, 0.0, 0.0, 1.0],
                [1.0, 0.0, 0.0, -5e-06, 0.0, 0.0, -1.0, 1.889558, 0.0, 1.0, 0.0, 0.763972, 0.0, 0.0, 0.0, 1.0],
                [1.0, 0.0, 0.0, -5e-06, 0.0, 0.0, -1.0, 1.863578, 0.0, 1.0, 0.0, 0.763972, 0.0, 0.0, 0.0, 1.0],
                [1.0, 0.0, 0.0, -5e-06, 0.0, 0.0, -1.0, 1.835234, 0.0, 1.0, 0.0, 0.763972, 0.0, 0.0, 0.0, 1.0],
                [1.0, 0.0, 0.0, -5e-06, 0.0, 0.0, -1.0, 1.804675, 0.0, 1.0, 0.0, 0.763972, 0.0, 0.0, 0.0, 1.0],
                [1.0, 0.0, 0.0, -5e-06, 0.0, 0.0, -1.0, 1.772045, 0.0, 1.0, 0.0, 0.763972, 0.0, 0.0, 0.0, 1.0],
                [1.0, 0.0, 0.0, -5e-06, 0.0, 0.0, -1.0, 1.737492, 0.0, 1.0, 0.0, 0.763972, 0.0, 0.0, 0.0, 1.0],
                [1.0, 0.0, 0.0, -5e-06, 0.0, 0.0, -1.0, 1.701161, 0.0, 1.0, 0.0, 0.763972, 0.0, 0.0, 0.0, 1.0],
                [1.0, 0.0, 0.0, -5e-06, 0.0, 0.0, -1.0, 1.663198, 0.0, 1.0, 0.0, 0.763972, 0.0, 0.0, 0.0, 1.0],
                [1.0, 0.0, 0.0, -5e-06, 0.0, 0.0, -1.0, 1.623751, 0.0, 1.0, 0.0, 0.763972, 0.0, 0.0, 0.0, 1.0],
                [1.0, 0.0, 0.0, -5e-06, 0.0, 0.0, -1.0, 1.58304, 0.0, 1.0, 0.0, 0.763972, 0.0, 0.0, 0.0, 1.0],
                [1.0, 0.0, 0.0, -5e-06, 0.0, 0.0, -1.0, 1.541591, 0.0, 1.0, 0.0, 0.763972, 0.0, 0.0, 0.0, 1.0],
                [1.0, 0.0, 0.0, -5e-06, 0.0, 0.0, -1.0, 1.500005, 0.0, 1.0, 0.0, 0.763972, 0.0, 0.0, 0.0, 1.0],
                [1.0, 0.0, 0.0, -5e-06, 0.0, 0.0, -1.0, 1.458883, 0.0, 1.0, 0.0, 0.763972, 0.0, 0.0, 0.0, 1.0],
                [1.0, 0.0, 0.0, -5e-06, 0.0, 0.0, -1.0, 1.418825, 0.0, 1.0, 0.0, 0.763972, 0.0, 0.0, 0.0, 1.0],
                [1.0, 0.0, 0.0, -5e-06, 0.0, 0.0, -1.0, 1.380433, 0.0, 1.0, 0.0, 0.763972, 0.0, 0.0, 0.0, 1.0],
                [1.0, 0.0, 0.0, -5e-06, 0.0, 0.0, -1.0, 1.344308, 0.0, 1.0, 0.0, 0.763972, 0.0, 0.0, 0.0, 1.0],
                [1.0, 0.0, 0.0, -5e-06, 0.0, 0.0, -1.0, 1.311049, 0.0, 1.0, 0.0, 0.763972, 0.0, 0.0, 0.0, 1.0],
                [1.0, 0.0, 0.0, -5e-06, 0.0, 0.0, -1.0, 1.281259, 0.0, 1.0, 0.0, 0.763972, 0.0, 0.0, 0.0, 1.0],
                [1.0, 0.0, 0.0, -5e-06, 0.0, 0.0, -1.0, 1.255538, 0.0, 1.0, 0.0, 0.763972, 0.0, 0.0, 0.0, 1.0],
                [1.0, 0.0, 0.0, -5e-06, 0.0, 0.0, -1.0, 1.234486, 0.0, 1.0, 0.0, 0.763972, 0.0, 0.0, 0.0, 1.0],
                [1.0, 0.0, 0.0, -5e-06, 0.0, 0.0, -1.0, 1.218705, 0.0, 1.0, 0.0, 0.763972, 0.0, 0.0, 0.0, 1.0],
                [1.0, 0.0, 0.0, -5e-06, 0.0, 0.0, -1.0, 1.208796, 0.0, 1.0, 0.0, 0.763972, 0.0, 0.0, 0.0, 1.0],
                [1.0, 0.0, 0.0, -5e-06, 0.0, 0.0, -1.0, 1.20536, 0.0, 1.0, 0.0, 0.763972, 0.0, 0.0, 0.0, 1.0]
            ]
        },
        {
            "name": "Thigh_R",
            "time": [0.0, 0.0167, 0.0333, 0.05, 0.0667, 0.0833, 0.1, 0.1167, 0.1333, 0.15, 0.1667, 0.1833, 0.2, 0.2167, 0.2333, 0.25, 0.2667, 0.2833, 0.3, 0.3167, 0.3333, 0.35, 0.3667, 0.3833, 0.4, 0.4167, 0.4333, 0.45, 0.4667, 0.4833, 0.5, 0.5167, 0.5333, 0.55, 0.5667, 0.5833, 0.6, 0.6167, 0.6333, 0.65, 0.6667, 0.6833, 0.7, 0.7167, 0.7333, 0.75, 0.7667, 0.7833, 0.8, 0.8167, 0.8333, 0.85, 0.8667, 0.8833, 0.9, 0.9167, 0.9333, 0.95, 0.9667, 0.9833, 1.0, 1.0167, 1.0333, 1.05, 1.0667, 1.0833, 1.1, 1.1167, 1.1333, 1.15, 1.1667, 1.1833, 1.2, 1.2167, 1.2333, 1.25, 1.2667, 1.2833, 1.3, 1.3167, 1.3333, 1.35, 1.3667, 1.3833, 1.4, 1.4167, 1.4333, 1.45, 1.4667, 1.4833, 1.5, 1.5167, 1.5333, 1.55, 1.5667, 1.5833, 1.6],
            "transform": [
                [0.999529, 0.026275, -0.015865, 0.124994, 0.020162, -0.951789, -0.306088, -0.002831, -0.023142, 0.305624, -0.951871, -1.2e-05, 0.0, 0.0, 0.0, 1.0],
                [0.999529, 0.026275, -0.015865, 0.124994, 0.020162, -0.951789, -0.306088, -0.002831, -0.023142, 0.305624, -0.951871, -1.2e-05, 0.0, 0.0, 0.0, 1.0],
                [0.999529, 0.026275, -0.015865, 0.124994, 0.020162, -0.951789, -0.306088, -0.002831, -0.023142, 0.305624, -0.951871, -1.2e-05, 0.0, 0.0, 0.0, 1.0],
                [0.999529, 0.026275, -0.015865, 0.124994, 0.020162, -0.951789, -0.306088, -0.002831, -0.023142, 0.305624, -0.951871, -1.2e-05, 0.0, 0.0, 0.0, 1.0],
                [0.999529, 0.026275, -0.015865, 0.124994, 0.020162, -0.951789, -0.306088, -0.002831, -0.023142, 0.305624, -0.951871, -1.2e-05, 0.0, 0.0, 0.0, 1.0],
                [0.999529, 0.026275, -0.015865, 0.124994, 0.020162, -0.951789, -0.306088, -0.002831, -0.023142, 0.305624, -0.951871, -1.2e-05, 0.0, 0.0, 0.0, 1.0],
                [0.999529, 0.026275, -0.015865, 0.124994, 0.020162, -0.951789, -0.306088, -0.002831, -0.023142, 0.305624, -0.951871, -1.2e-05, 0.0, 0.0, 0.0, 1.0],
                [0.999529, 0.026275, -0.015865, 0.124994, 0.020162, -0.951789, -0.306088, -0.002831, -0.023142, 0.305624, -0.951871, -1.2e-05, 0.0, 0.0, 0.0, 1.0],
                [0.999529, 0.026275, -0.015865, 0.124994, 0.020162, -0.951789, -0.306088, -0.002831, -0.023142, 0.305624, -0.951871, -1.2e-05, 0.0, 0.0, 0.0, 1.0],
                [0.999529, 0.026275, -0.015865, 0.124994, 0.020162, -0.951789, -0.306088, -0.002831, -0.023142, 0.305624, -0.951871, -1.2e-05, 0.0, 0.0, 0.0, 1.0],
                [0.999529, 0.026275, -0.015865, 0.124994, 0.020162, -0.951789, -0.306088, -0.002831, -0.023142, 0.305624, -0.951871, -1.2e-05, 0.0, 0.0, 0.0, 1.0],
                [0.999529, 0.026275, -0.015865, 0.124994, 0.020162, -0.951789, -0.306088, -0.002831, -0.023142, 0.305624, -0.951871, -1.2e-05, 0.0, 0.0, 0.0, 1.0],
                [0.999529, 0.026275, -0.015865, 0.124994, 0.020162, -0.951789, -0.306088, -0.002831, -0.023142, 0.305624, -0.951871, -1.2e-05, 0.0, 0.0, 0.0, 1.0],
                [0.999529, 0.026275, -0.015865, 0.124994, 0.020162, -0.951789, -0.306088, -0.002831, -0.023142, 0.305624, -0.951871, -1.2e-05, 0.0, 0.0, 0.0, 1.0],
                [0.999529, 0.026275, -0.015865, 0.124994, 0.020162, -0.951789, -0.306088, -0.002831, -0.023142, 0.305624, -0.951871, -1.2e-05, 0.0, 0.0, 0.0, 1.0],
                [0.999529, 0.026275, -0.015865, 0.124994, 0.020162, -0.951789, -0.306088, -0.002831, -0.023142, 0.305624, -0.951871, -1.2e-05, 0.0, 0.0, 0.0, 1.0],
                [0.999529, 0.026275, -0.015865, 0.124994, 0.020162, -0.951789, -0.306088, -0.002831, -0.023142, 0.305624, -0.951871, -1.2e-05, 0.0, 0.0, 0.0, 1.0],
                [0.999529, 0.026275, -0.015865, 0.124994, 0.020162, -0.951789, -0.306088, -0.002831, -0.023142, 0.305624, -0.951871, -1.2e-05, 0.0, 0.0, 0.0, 1.0],
                [0.999529, 0.026275, -0.015865, 0.124994, 0.020162, -0.951789, -0.306088, -0.002831, -0.023142, 0.305624, -0.951871, -1.2e-05, 0.0, 0.0, 0.0, 1.0],
                [0.999529, 0.026275, -0.015865, 0.124994, 0.020162, -0.951789, -0.306088, -0.002831, -0.023142, 0.305624, -0.951871, -1.2e-05, 0.0, 0.0, 0.0, 1.0],
                [0.999529, 0.026275, -0.015865, 0.124994, 0.020162, -0.951789, -0.306088, -0.002831, -0.023142, 0.305624, -0.951871, -1.2e-05, 0.0, 0.0, 0.0, 1.0],
                [0.999529, 0.026275, -0.015865, 0.124994, 0.020162, -0.951789, -0.306088, -0.002831, -0.023142, 0.305624, -0.951871, -1.2e-05, 0.0, 0.0, 0.0, 1.0],
                [0.999529, 0.026275, -0.015865, 0.124994, 0.020162, -0.951789, -0.306088, -0.002831, -0.023142, 0.305624, -0.951871, -1.2e-05, 0.0, 0.0, 0.0, 1.0],
                [0.999529, 0.026275, -0.015865, 0.124994, 0.020162, -0.951789, -0.306088, -0.002831, -0.023142, 0.305624, -0.951871, -1.2e-05, 0.0, 0.0, 0.0, 1.0],
                [0.999529, 0.026275, -0.015865, 0.124994, 0.020162, -0.951789, -0.306088, -0.002831, -0.023142, 0.305624, -0.951871, -1.2e-05, 0.0, 0.0, 0.0, 1.0],
                [0.999529, 0.026275, -0.015865, 0.124994, 0.020162, -0.951789, -0.306088, -0.002831, -0.023142, 0.305624, -0.951871, -1.2e-05, 0.0, 0.0, 0.0, 1.0],
                [0.999529, 0.026275, -0.015865, 0.124994, 0.020162, -0.951789, -0.306088, -0.002831, -0.023142, 0.305624, -0.951871, -1.2e-05, 0.0, 0.0, 0.0, 1.0],
                [0.999529, 0.026275, -0.015865, 0.124994, 0.020162, -0.951789, -0.306088, -0.002831, -0.023142, 0.305624, -0.951871, -1.2e-05, 0.0, 0.0, 0.0, 1.0],
                [0.999529, 0.026275, -0.015865, 0.124994, 0.020162, -0.951789, -0.306088, -0.002831, -0.023142, 0.305624, -0.951871, -1.2e-05, 0.0, 0.0, 0.0, 1.0],
                [0.999529, 0.026275, -0.015865, 0.124994, 0.020162, -0.951789, -0.306088, -0.002831, -0.023142, 0.305624, -0.951871, -1.2e-05, 0.0, 0.0, 0.0, 1.0],
                [0.999529, 0.026275, -0.015865, 0.124994, 0.020162, -0.951789, -0.306088, -0.002831, -0.023142, 0.305624, -0.951871, -1.2e-05, 0.0, 0.0, 0.0, 1.0],
                [0.999529, 0.026275, -0.015865, 0.124994, 0.020162, -0.951789, -0.306088, -0.002831, -0.023142, 0.305624, -0.951871, -1.2e-05, 0.0, 0.0, 0.0, 1.0],
                [0.999529, 0.026275, -0.015865, 0.124994, 0.020162, -0.951789, -0.306088, -0.002831, -0.023142, 0.305624, -0.951871, -1.2e-05, 0.0, 0.0, 0.0, 1.0],
                [0.999529, 0.026275, -0.015865, 0.124994, 0.020162, -0.951789, -0.306088, -0.002831, -0.023142, 0.305624, -0.951871, -1.2e-05, 0.0, 0.0, 0.0, 1.0],
                [0.999529, 0.026275, -0.015865, 0.124994, 0.020162, -0.951789, -0.306088, -0.002831, -0.023142, 0.305624, -0.951871, -1.2e-05, 0.0, 0.0, 0.0, 1.0],
                [0.999529, 0.026275, -0.015865, 0.124994, 0.020162, -0.951789, -0.306088, -0.002831, -0.023142, 0.305624, -0.951871, -1.2e-05, 0.0, 0.0, 0.0, 1.0],
                [0.999529, 0.026275, -0.015865, 0.124994, 0.020162, -0.951789, -0.306088, -0.002831, -0.023142, 0.305624, -0.951871, -1.2e-05, 0.0, 0.0, 0.0, 1.0],
                [0.999529, 0.026275, -0.015865, 0.124994, 0.020162, -0.951789, -0.306088, -0.002831, -0.023142, 0.305624, -0.951871, -1.2e-05, 0.0, 0.0, 0.0, 1.0],
                [0.999529, 0.026275, -0.015865, 0.124994, 0.020162, -0.951789, -0.306088, -0.002831, -0.023142, 0.305624, -0.951871, -1.2e-05, 0.0, 0.0, 0.0, 1.0],
                [0.999529, 0.026275, -0.015865, 0.124994, 0.020162, -0.951789, -0.306088, -0.002831, -0.023142, 0.305624, -0.951871, -1.2e-05, 0.0, 0.0, 0.0, 1.0],
                [0.999529, 0.026275, -0.015865, 0.124994, 0.020162, -0.951789, -0.306088, -0.002831, -0.023142, 0.305624, -0.951871, -1.2e-05, 0.0, 0.0, 0.0, 1.0],
                [0.999529, 0.026275, -0.015865, 0.124994, 0.020162, -0.951789, -0.306088, -0.002831, -0.023142, 0.305624, -0.951871, -1.2e-05, 0.0, 0.0, 0.0, 1.0],
                [0.999529, 0.026275, -0.015865, 0.124994, 0.020162, -0.951789, -0.306088, -0.002831, -0.023142, 0.305624, -0.951871, -1.2e-05, 0.0, 0.0, 0.0, 1.0],
                [0.999529, 0.026275, -0.015865, 0.124994, 0.020162, -0.951789, -0.306088, -0.002831, -0.023142, 0.305624, -0.951871, -1.2e-05, 0.0, 0.0, 0.0, 1.0],
                [0.999529, 0.026275, -0.015865, 0.124994, 0.020162, -0.951789, -0.306088, -0.002831, -0.023142, 0.305624, -0.951871, -1.2e-05, 0.0, 0.0, 0.0, 1.0],
                [0.999529, 0.026275, -0.015865, 0.124994, 0.020162, -0.951789, -0.306088, -0.002831, -0.023142, 0.305624, -0.951871, -1.2e-05, 0.0, 0.0, 0.0, 1.0],
                [0.999529, 0.026275, -0.015865, 0.124994, 0.020162, -0.951789, -0.306088, -0.002831, -0.023142, 0.305624, -0.951871, -1.2e-05, 0.0, 0.0, 0.0, 1.0],
                [0.999529, 0.026275, -0.015865, 0.124994, 0.020162, -0.951789, -0.306088, -0.002831, -0.023142, 0.305624, -0.951871, -1.2e-05, 0.0, 0.0, 0.0, 1.0],
                [0.999529, 0.026275, -0.015865, 0.124994, 0.020162, -0.951789, -0.306088, -0.002831, -0.023142, 0.305624, -0.951871, -1.2e-05, 0.0, 0.0, 0.0, 1.0],
                [0.999529, 0.026275, -0.015865, 0.124994, 0.020162, -0.951789, -0.306088, -0.002831, -0.023142, 0.305624, -0.951871, -1.2e-05, 0.0, 0.0, 0.0, 1.0],
                [0.999529, 0.026275, -0.015865, 0.124994, 0.020162, -0.951789, -0.306088, -0.002831, -0.023142, 0.305624, -0.951871, -1.2e-05, 0.0, 0.0, 0.0, 1.0],
                [0.999529, 0.026275, -0.015865, 0.124994, 0.020162, -0.951789, -0.306088, -0.002831, -0.023142, 0.305624, -0.951871, -1.2e-05, 0.0, 0.0, 0.0, 1.0],
                [0.999529, 0.026275, -0.015865, 0.124994, 0.020162, -0.951789, -0.306088, -0.002831, -0.023142, 0.305624, -0.951871, -1.2e-05, 0.0, 0.0, 0.0, 1.0],
                [0.999529, 0.026275, -0.015865, 0.124994, 0.020162, -0.951789, -0.306088, -0.002831, -0.023142, 0.305624, -0.951871, -1.2e-05, 0.0, 0.0, 0.0, 1.0],
                [0.999529, 0.026275, -0.015865, 0.124994, 0.020162, -0.951789, -0.306088, -0.002831, -0.023142, 0.305624, -0.951871, -1.2e-05, 0.0, 0.0, 0.0, 1.0],
                [0.999529, 0.026275, -0.015865, 0.124994, 0.020162, -0.951789, -0.306088, -0.002831, -0.023142, 0.305624, -0.951871, -1.2e-05, 0.0, 0.0, 0.0, 1.0],
                [0.999529, 0.026275, -0.015865, 0.124994, 0.020162, -0.951789, -0.306088, -0.002831, -0.023142, 0.305624, -0.951871, -1.2e-05, 0.0, 0.0, 0.0, 1.0],
                [0.999529, 0.026275, -0.015865, 0.124994, 0.020162, -0.951789, -0.306088, -0.002831, -0.023142, 0.305624, -0.951871, -1.2e-05, 0.0, 0.0, 0.0, 1.0],
                [0.999529, 0.026275, -0.015865, 0.124994, 0.020162, -0.951789, -0.306088, -0.002831, -0.023142, 0.305624, -0.951871, -1.2e-05, 0.0, 0.0, 0.0, 1.0],
                [0.999529, 0.026275, -0.015865, 0.124994, 0.020162, -0.951789, -0.306088, -0.002831, -0.023142, 0.305624, -0.951871, -1.2e-05, 0.0, 0.0, 0.0, 1.0],
                [0.999529, 0.026275, -0.015865, 0.124994, 0.020162, -0.951789, -0.306088, -0.002831, -0.023142, 0.305624, -0.951871, -1.2e-05, 0.0, 0.0, 0.0, 1.0],
                [0.999529, 0.026275, -0.015865, 0.124994, 0.020162, -0.951789, -0.306088, -0.002831, -0.023142, 0.305624, -0.951871, -1.2e-05, 0.0, 0.0, 0.0, 1.0],
                [0.999529, 0.026275, -0.015865, 0.124994, 0.020162, -0.951789, -0.306088, -0.002831, -0.023142, 0.305624, -0.951871, -1.2e-05, 0.0, 0.0, 0.0, 1.0],
                [0.999529, 0.026275, -0.015865, 0.124994, 0.020162, -0.951789, -0.306088, -0.002831, -0.023142, 0.305624, -0.951871, -1.2e-05, 0.0, 0.0, 0.0, 1.0],
                [0.999529, 0.026275, -0.015865, 0.124994, 0.020162, -0.951789, -0.306088, -0.002831, -0.023142, 0.305624, -0.951871, -1.2e-05, 0.0, 0.0, 0.0, 1.0],
                [0.999529, 0.026275, -0.015865, 0.124994, 0.020162, -0.951789, -0.306088, -0.002831, -0.023142, 0.305624, -0.951871, -1.2e-05, 0.0, 0.0, 0.0, 1.0],
                [0.999529, 0.026275, -0.015865, 0.124994, 0.020162, -0.951789, -0.306088, -0.002831, -0.023142, 0.305624, -0.951871, -1.2e-05, 0.0, 0.0, 0.0, 1.0],
                [0.999534, 0.026412, -0.015316, 0.124994, 0.020487, -0.952147, -0.304953, -0.002831, -0.022638, 0.304497, -0.952244, -1.2e-05, 0.0, 0.0, 0.0, 1.0],
                [0.999546, 0.026819, -0.013701, 0.124994, 0.021441, -0.953192, -0.301604, -0.002831, -0.021148, 0.301173, -0.953335, -1.2e-05, 0.0, 0.0, 0.0, 1.0],
                [0.999561, 0.027497, -0.011063, 0.124994, 0.02299, -0.954874, -0.296118, -0.002831, -0.018706, 0.295734, -0.955087, -1.2e-05, 0.0, 0.0, 0.0, 1.0],
                [0.999567, 0.028451, -0.00745, 0.124994, 0.025093, -0.957131, -0.288567, -0.002831, -0.01534, 0.288255, -0.957431, -1.2e-05, 0.0, 0.0, 0.0, 1.0],
                [0.999555, 0.029694, -0.002907, 0.124994, 0.027704, -0.959886, -0.279016, -0.002831, -0.011076, 0.278812, -0.960282, -1.2e-05, 0.0, 0.0, 0.0, 1.0],
                [0.999509, 0.031241, 0.002516, 0.124994, 0.030775, -0.963058, -0.267528, -0.002831, -0.005935, 0.267474, -0.963547, -1.2e-05, 0.0, 0.0, 0.0, 1.0],
                [0.999413, 0.033111, 0.00877, 0.124994, 0.034253, -0.966555, -0.254162, -0.002831, 6.1e-05, 0.254313, -0.967122, -1.2e-05, 0.0, 0.0, 0.0, 1.0],
                [0.999251, 0.035326, 0.015802, 0.124994, 0.038081, -0.970277, -0.238979, -0.002831, 0.00689, 0.239402, -0.970896, -1.2e-05, 0.0, 0.0, 0.0, 1.0],
                [0.999003, 0.037908, 0.023559, 0.124994, 0.0422, -0.974123, -0.222043, -0.002831, 0.014532, 0.222816, -0.974752, -1.2e-05, 0.0, 0.0, 0.0, 1.0],
                [0.998652, 0.04088, 0.031983, 0.124994, 0.046549, -0.977984, -0.203419, -0.002831, 0.022963, 0.204634, -0.978569, -1.2e-05, 0.0, 0.0, 0.0, 1.0],
                [0.998177, 0.044266, 0.041015, 0.124994, 0.051065, -0.981752, -0.18318, -0.002831, 0.032158, 0.184941, -0.982223, -1.2e-05, 0.0, 0.0, 0.0, 1.0],
                [0.997561, 0.048087, 0.050592, 0.124994, 0.055683, -0.985316, -0.161404, -0.002831, 0.042088, 0.163827, -0.985591, -1.2e-05, 0.0, 0.0, 0.0, 1.0],
                [0.996785, 0.052362, 0.06065, 0.124994, 0.060338, -0.988568, -0.138177, -0.002831, 0.052722, 0.141392, -0.988549, -1.2e-05, 0.0, 0.0, 0.0, 1.0],
                [0.995832, 0.057108, 0.071121, 0.124994, 0.064967, -0.991401, -0.113594, -0.002831, 0.064023, 0.117741, -0.990978, -1.2e-05, 0.0, 0.0, 0.0, 1.0],
                [0.994686, 0.062336, 0.081935, 0.124994, 0.069504, -0.993714, -0.087758, -0.002831, 0.075949, 0.092987, -0.992766, -1.2e-05, 0.0, 0.0, 0.0, 1.0],
                [0.993336, 0.068056, 0.09302, 0.124994, 0.07389, -0.995412, -0.060784, -0.002831, 0.088457, 0.067252, -0.993807, -1.2e-05, 0.0, 0.0, 0.0, 1.0],
                [0.991772, 0.074256, 0.104283, 0.124994, 0.078057, -0.996407, -0.032846, -0.002831, 0.101469, 0.040716, -0.994005, -1.2e-05, 0.0, 0.0, 0.0, 1.0],
                [0.990004, 0.080872, 0.115548, 0.124994, 0.08192, -0.996629, -0.004335, -0.002831, 0.114808, 0.013758, -0.993292, -1.2e-05, 0.0, 0.0, 0.0, 1.0],
                [0.988056, 0.087807, 0.126631, 0.124994, 0.085404, -0.99605, 0.024295, -0.002831, 0.128264, -0.01319, -0.991652, -1.2e-05, 0.0, 0.0, 0.0, 1.0],
                [0.98596, 0.094947, 0.137359, 0.124994, 0.088461, -0.99469, 0.052591, -0.002831, 0.141623, -0.039702, -0.989124, -1.2e-05, 0.0, 0.0, 0.0, 1.0],
                [0.983761, 0.102161, 0.147575, 0.124994, 0.091065, -0.992618, 0.080102, -0.002831, 0.154669, -0.065362, -0.985802, -1.2e-05, 0.0, 0.0, 0.0, 1.0],
                [0.981509, 0.109305, 0.157136, 0.124994, 0.093213, -0.989946, 0.106387, -0.002831, 0.167185, -0.089773, -0.98183, -1.2e-05, 0.0, 0.0, 0.0, 1.0],
                [0.979266, 0.116224, 0.16592, 0.124994, 0.094922, -0.986825, 0.131018, -0.002831, 0.178961, -0.112552, -0.977397, -1.2e-05, 0.0, 0.0, 0.0, 1.0],
                [0.977098, 0.122753, 0.173815, 0.124994, 0.096229, -0.983439, 0.153584, -0.002831, 0.18979, -0.133341, -0.972728, -1.2e-05, 0.0, 0.0, 0.0, 1.0],
                [0.975073, 0.128727, 0.180728, 0.124994, 0.097183, -0.979993, 0.173691, -0.002831, 0.199471, -0.151797, -0.968075, -1.2e-05, 0.0, 0.0, 0.0, 1.0],
                [0.973264, 0.133975, 0.186572, 0.124994, 0.097843, -0.976709, 0.190959, -0.002831, 0.20781, -0.167599, -0.963704, -1.2e-05, 0.0, 0.0, 0.0, 1.0],
                [0.971742, 0.13833, 0.191266, 0.124994, 0.098271, -0.973811, 0.205022, -0.002831, 0.214618, -0.180433, -0.959887, -1.2e-05, 0.0, 0.0, 0.0, 1.0],
                [0.970577, 0.141629, 0.194733, 0.124994, 0.098525, -0.971516, 0.21552, -0.002831, 0.219711, -0.189993, -0.956886, -1.2e-05, 0.0, 0.0, 0.0, 1.0],
                [0.969836, 0.143715, 0.196887, 0.124994, 0.098656, -0.970022, 0.222091, -0.002831, 0.222903, -0.195968, -0.95494, -1.2e-05, 0.0, 0.0, 0.0, 1.0],
                [0.969577, 0.144441, 0.19763, 0.124994, 0.098696, -0.969494, 0.224367, -0.002831, 0.224009, -0.198035, -0.954255, -1.2e-05, 0.0, 0.0, 0.0, 1.0]
            ]
        },
        {
            "name": "Leg_R",
            "time": [0.0, 0.0167, 0.0333, 0.05, 0.0667, 0.0833, 0.1, 0.1167, 0.1333, 0.15, 0.1667, 0.1833, 0.2, 0.2167, 0.2333, 0.25, 0.2667, 0.2833, 0.3, 0.3167, 0.3333, 0.35, 0.3667, 0.3833, 0.4, 0.4167, 0.4333, 0.45, 0.4667, 0.4833, 0.5, 0.5167, 0.5333, 0.55, 0.5667, 0.5833, 0.6, 0.6167, 0.6333, 0.65, 0.6667, 0.6833, 0.7, 0.7167, 0.7333, 0.75, 0.7667, 0.7833, 0.8, 0.8167, 0.8333, 0.85, 0.8667, 0.8833, 0.9, 0.9167, 0.9333, 0.95, 0.9667, 0.9833, 1.0, 1.0167, 1.0333, 1.05, 1.0667, 1.0833, 1.1, 1.1167, 1.1333, 1.15, 1.1667, 1.1833, 1.2, 1.2167, 1.2333, 1.25, 1.2667, 1.2833, 1.3, 1.3167, 1.3333, 1.35, 1.3667, 1.3833, 1.4, 1.4167, 1.4333, 1.45, 1.4667, 1.4833, 1.5, 1.5167, 1.5333, 1.55, 1.5667, 1.5833, 1.6],
            "transform": [
                [1.0, -0.0, 1e-06, 0.0, -0.0, 0.819152, 0.573577, 0.37472, -1e-06, -0.573577, 0.819152, 0.0, 0.0, 0.0, 0.0, 1.0],
                [1.0, -0.0, 1e-06, 0.0, -0.0, 0.819152, 0.573577, 0.37472, -1e-06, -0.573577, 0.819152, 0.0, 0.0, 0.0, 0.0, 1.0],
                [1.0, -0.0, 1e-06, 0.0, -0.0, 0.819152, 0.573577, 0.37472, -1e-06, -0.573577, 0.819152, 0.0, 0.0, 0.0, 0.0, 1.0],
                [1.0, -0.0, 1e-06, 0.0, -0.0, 0.819152, 0.573577, 0.37472, -1e-06, -0.573577, 0.819152, 0.0, 0.0, 0.0, 0.0, 1.0],
                [1.0, -0.0, 1e-06, 0.0, -0.0, 0.819152, 0.573577, 0.37472, -1e-06, -0.573577, 0.819152, 0.0, 0.0, 0.0, 0.0, 1.0],
                [1.0, -0.0, 1e-06, 0.0, -0.0, 0.819152, 0.573577, 0.37472, -1e-06, -0.573577, 0.819152, 0.0, 0.0, 0.0, 0.0, 1.0],
                [1.0, -0.0, 1e-06, -0.0, -0.0, 0.819152, 0.573577, 0.37472, -1e-06, -0.573577, 0.819152, 0.0, 0.0, 0.0, 0.0, 1.0],
                [1.0, -0.0, 1e-06, 0.0, -0.0, 0.819152, 0.573577, 0.37472, -1e-06, -0.573577, 0.819152, 0.0, 0.0, 0.0, 0.0, 1.0],
                [1.0, -0.0, 1e-06, 0.0, -0.0, 0.819152, 0.573577, 0.37472, -1e-06, -0.573577, 0.819152, 0.0, 0.0, 0.0, 0.0, 1.0],
                [1.0, -0.0, 1e-06, 0.0, -0.0, 0.819152, 0.573577, 0.37472, -1e-06, -0.573577, 0.819152, 0.0, 0.0, 0.0, 0.0, 1.0],
                [1.0, -0.0, 1e-06, 0.0, -0.0, 0.819152, 0.573577, 0.37472, -1e-06, -0.573577, 0.819152, 0.0, 0.0, 0.0, 0.0, 1.0],
                [1.0, -0.0, 1e-06, -0.0, -0.0, 0.819152, 0.573577, 0.37472, -1e-06, -0.573577, 0.819152, 0.0, 0.0, 0.0, 0.0, 1.0],
                [1.0, -0.0, 1e-06, -0.0, -0.0, 0.819152, 0.573577, 0.37472, -1e-06, -0.573577, 0.819152, 0.0, 0.0, 0.0, 0.0, 1.0],
                [1.0, -0.0, 1e-06, -0.0, -0.0, 0.819152, 0.573577, 0.37472, -1e-06, -0.573577, 0.819152, 0.0, 0.0, 0.0, 0.0, 1.0],
                [1.0, -0.0, 1e-06, -0.0, -0.0, 0.819152, 0.573577, 0.37472, -1e-06, -0.573577, 0.819152, 0.0, 0.0, 0.0, 0.0, 1.0],
                [1.0, -0.0, 1e-06, -0.0, -0.0, 0.819152, 0.573577, 0.37472, -1e-06, -0.573577, 0.819152, 0.0, 0.0, 0.0, 0.0, 1.0],
                [1.0, -0.0, 1e-06, 0.0, -0.0, 0.819152, 0.573577, 0.37472, -1e-06, -0.573577, 0.819152, 0.0, 0.0, 0.0, 0.0, 1.0],
                [1.0, -0.0, 1e-06, -0.0, -0.0, 0.819152, 0.573577, 0.37472, -1e-06, -0.573577, 0.819152, -0.0, 0.0, 0.0, 0.0, 1.0],
                [1.0, -0.0, 1e-06, 0.0, -0.0, 0.819152, 0.573577, 0.37472, -1e-06, -0.573577, 0.819152, -0.0, 0.0, 0.0, 0.0, 1.0],
                [1.0, -0.0, 1e-06, 0.0, -0.0, 0.819152, 0.573577, 0.37472, -1e-06, -0.573577, 0.819152, -0.0, 0.0, 0.0, 0.0, 1.0],
                [1.0, -0.0, 1e-06, -0.0, -0.0, 0.819152, 0.573577, 0.37472, -1e-06, -0.573577, 0.819152, -0.0, 0.0, 0.0, 0.0, 1.0],
                [1.0, -0.0, 1e-06, -0.0, -0.0, 0.819152, 0.573577, 0.37472, -1e-06, -0.573577, 0.819152, 0.0, 0.0, 0.0, 0.0, 1.0],
                [1.0, -0.0, 1e-06, -0.0, -0.0, 0.819152, 0.573577, 0.37472, -1e-06, -0.573577, 0.819152, 0.0, 0.0, 0.0, 0.0, 1.0],
                [1.0, -0.0, 1e-06, 0.0, -0.0, 0.819152, 0.573577, 0.37472, -1e-06, -0.573577, 0.819152, -0.0, 0.0, 0.0, 0.0, 1.0],
                [1.0, -0.0, 1e-06, -0.0, -0.0, 0.819152, 0.573577, 0.37472, -1e-06, -0.573577, 0.819152, -0.0, 0.0, 0.0, 0.0, 1.0],
