{
    "armature": {
        "joints": ["Root", "Thigh_R", "Leg_R", "Knee_R", "Thigh_L", "Leg_L", "Knee_L", "Torso", "Chest", "Head", "Shoulder_R", "Arm_R", "Hand_R", "Tool_R", "Elbow_R", "Shoulder_L", "Arm_L", "Hand_L", "Tool_L", "Elbow_L"],
        "hierarchy": [
            {
                "name": "Root",
                "transform": [1.0, 0.0, 0.0, -5e-06, 0.0, 0.0, -1.0, 0.000946, 0.0, 1.0, 0.0, 0.763972, 0.0, 0.0, 0.0, 1.0],
                "children": [
                    {
                        "name": "Thigh_R",
                        "transform": [1.0, -0.0, -0.0, 0.124994, -0.0, -1.0, 0.0, -0.002831, -0.0, -0.0, -1.0, -1.2e-05, 0.0, 0.0, 0.0, 1.0],
                        "children": [
                            {
                                "name": "Leg_R",
                                "transform": [1.0, 0.0, 1e-06, 0.0, -0.0, 1.0, 0.0, 0.37472, -1e-06, -0.0, 1.0, -0.0, 0.0, 0.0, 0.0, 1.0],
                                "children": []
                            },
                            {
                                "name": "Knee_R",
                                "transform": [1.0, 0.0, -0.0, 0.0, -0.0, 0.0, -1.0, 0.37472, -0.0, 1.0, 0.0, -0.0, 0.0, 0.0, 0.0, 1.0],
                                "children": []
                            }
                        ]
                    },
                    {
                        "name": "Thigh_L",
                        "transform": [1.0, -0.0, -0.0, -0.125006, -0.0, -1.0, 0.0, -0.002831, -0.0, -0.0, -1.0, -1.2e-05, 0.0, 0.0, 0.0, 1.0],
                        "children": [
                            {
                                "name": "Leg_L",
                                "transform": [1.0, 0.0, 1e-06, -0.0, -0.0, 1.0, 0.0, 0.37472, -1e-06, -0.0, 1.0, 0.0, 0.0, 0.0, 0.0, 1.0],
                                "children": []
                            },
                            {
                                "name": "Knee_L",
                                "transform": [1.0, 0.0, -0.0, -0.0, -0.0, 0.0, -1.0, 0.37472, -0.0, 1.0, 0.0, 0.0, 0.0, 0.0, 0.0, 1.0],
                                "children": []
                            }
                        ]
                    },
                    {
                        "name": "Torso",
                        "transform": [1.0, 0.0, 0.0, 0.0, 0.0, 1.0, 0.0, 0.05, 0.0, 0.0, 1.0, 0.0, 0.0, 0.0, 0.0, 1.0],
                        "children": [
                            {
                                "name": "Chest",
                                "transform": [1.0, 0.0, 0.0, 0.0, 0.0, 1.0, 0.0, 0.3, 0.0, 0.0, 1.0, 0.0, 0.0, 0.0, 0.0, 1.0],
                                "children": [
                                    {
                                        "name": "Head",
                                        "transform": [1.0, 0.0, 0.0, 0.0, 0.0, 1.0, 0.0, 0.4, 0.0, 0.0, 1.0, 0.0, 0.0, 0.0, 0.0, 1.0],
                                        "children": []
                                    },
                                    {
                                        "name": "Shoulder_R",
                                        "transform": [0.0, 0.952114, 0.305743, 0.0, 0.0, -0.305743, 0.952114, 0.4, 1.0, 0.0, -0.0, 0.0, 0.0, 0.0, 0.0, 1.0],
                                        "children": [
                                            {
                                                "name": "Arm_R",
                                                "transform": [0.0, -0.0, -1.0, -0.0, 0.952114, 0.305743, 0.0, 0.39386, 0.305743, -0.952114, 0.0, 0.0, 0.0, 0.0, 0.0, 1.0],
                                                "children": [
                                                    {
                                                        "name": "Hand_R",
                                                        "transform": [1.0, 0.0, 0.0, 0.0, -0.0, 0.993938, 0.109947, 0.3, -0.0, -0.109947, 0.993937, 0.0, 0.0, 0.0, 0.0, 1.0],
                                                        "children": [
                                                            {
                                                                "name": "Tool_R",
                                                                "transform": [1.0, 0.0, 0.0, -0.0, 0.0, -0.999836, 0.018122, 0.272858, 0.0, -0.018122, -0.999836, 0.0, 0.0, 0.0, 0.0, 1.0],
                                                                "children": []
                                                            }
                                                        ]
                                                    },
                                                    {
                                                        "name": "Elbow_R",
                                                        "transform": [-1.0, 0.0, -0.0, 0.0, 0.0, 0.0, -1.0, 0.3, -0.0, -1.0, -0.0, 0.0, 0.0, 0.0, 0.0, 1.0],
                                                        "children": []
                                                    }
                                                ]
                                            }
                                        ]
                                    },
                                    {
                                        "name": "Shoulder_L",
                                        "transform": [-0.0, -0.952114, -0.305743, 0.0, 0.0, -0.305743, 0.952114, 0.4, -1.0, 0.0, 0.0, 0.0, 0.0, 0.0, 0.0, 1.0],
                                        "children": [
                                            {
                                                "name": "Arm_L",
                                                "transform": [-0.0, -0.0, 1.0, -0.0, -0.952114, 0.305743, -0.0, 0.39386, -0.305743, -0.952114, -0.0, 0.0, 0.0, 0.0, 0.0, 1.0],
                                                "children": [
                                                    {
                                                        "name": "Hand_L",
                                                        "transform": [1.0, -0.0, 0.0, -0.0, 0.0, 0.993937, 0.109947, 0.3, -0.0, -0.109947, 0.993937, 0.0, 0.0, 0.0, 0.0, 1.0],
                                                        "children": [
                                                            {
                                                                "name": "Tool_L",
                                                                "transform": [1.0, 0.0, 0.0, -0.0, -0.0, -0.999836, 0.018122, 0.272858, 0.0, -0.018122, -0.999836, -0.0, 0.0, 0.0, 0.0, 1.0],
                                                                "children": []
                                                            }
                                                        ]
                                                    },
                                                    {
                                                        "name": "Elbow_L",
                                                        "transform": [-1.0, 0.0, -0.0, -0.0, 0.0, -0.0, -1.0, 0.3, -0.0, -1.0, 0.0, 0.0, 0.0, 0.0, 0.0, 1.0],
                                                        "children": []
                                                    }
                                                ]
                                            }
                                        ]
                                    }
                                ]
                            }
                        ]
                    }
                ]
            }
        ]
    },
    "animation": [
        {
            "name": "Root",
            "time": [0.0167, 0.0333, 0.05, 0.0667, 0.0833, 0.1, 0.1167, 0.1333, 0.15, 0.1667, 0.1833, 0.2, 0.2167, 0.2333, 0.25, 0.2667, 0.2833, 0.3, 0.3167, 0.3333, 0.35, 0.3667, 0.3833, 0.4, 0.4167, 0.4333, 0.45, 0.4667, 0.4833, 0.5, 0.5167, 0.5333, 0.55, 0.5667, 0.5833, 0.6, 0.6167, 0.6333, 0.65, 0.6667, 0.6833, 0.7, 0.7167, 0.7333, 0.75, 0.7667, 0.7833, 0.8, 0.8167, 0.8333, 0.85, 0.8667, 0.8833, 0.9, 0.9167, 0.9333, 0.95, 0.9667, 0.9833, 1.0, 1.0167, 1.0333, 1.05, 1.0667, 1.0833, 1.1, 1.1167, 1.1333, 1.15, 1.1667, 1.1833, 1.2, 1.2167, 1.2333, 1.25, 1.2667, 1.2833, 1.3, 1.3167, 1.3333, 1.35],
            "transform": [
                [1.0, 0.0, 0.0, -5e-06, 0.0, 0.0, -1.0, 0.000946, 0.0, 1.0, 0.0, 0.763972, 0.0, 0.0, 0.0, 1.0],
                [1.0, 0.0, 0.0, -5e-06, 0.0, 0.0, -1.0, 0.000946, 0.0, 1.0, 0.0, 0.763997, 0.0, 0.0, 0.0, 1.0],
                [1.0, 0.0, 0.0, -5e-06, 0.0, 0.0, -1.0, 0.000946, 0.0, 1.0, 0.0, 0.764177, 0.0, 0.0, 0.0, 1.0],
                [1.0, 0.0, 0.0, -5e-06, 0.0, 0.0, -1.0, 0.000946, 0.0, 1.0, 0.0, 0.764666, 0.0, 0.0, 0.0, 1.0],
                [1.0, 0.0, 0.0, -5e-06, 0.0, 0.0, -1.0, 0.000946, 0.0, 1.0, 0.0, 0.765617, 0.0, 0.0, 0.0, 1.0],
                [1.0, 0.0, 0.0, -5e-06, 0.0, 0.0, -1.0, 0.000946, 0.0, 1.0, 0.0, 0.767185, 0.0, 0.0, 0.0, 1.0],
                [1.0, 0.0, 0.0, -5e-06, 0.0, 0.0, -1.0, 0.000946, 0.0, 1.0, 0.0, 0.769525, 0.0, 0.0, 0.0, 1.0],
                [1.0, 0.0, 0.0, -5e-06, 0.0, 0.0, -1.0, 0.000946, 0.0, 1.0, 0.0, 0.77279, 0.0, 0.0, 0.0, 1.0],
                [1.0, 0.0, 0.0, -5e-06, 0.0, 0.0, -1.0, 0.000946, 0.0, 1.0, 0.0, 0.787432, 0.0, 0.0, 0.0, 1.0],
                [1.0, 0.0, 0.0, -5e-06, 0.0, 0.0, -1.0, 0.000946, 0.0, 1.0, 0.0, 0.819762, 0.0, 0.0, 0.0, 1.0],
                [1.0, 0.0, 0.0, -5e-06, 0.0, 0.0, -1.0, 0.000946, 0.0, 1.0, 0.0, 0.863726, 0.0, 0.0, 0.0, 1.0],
                [1.0, 0.0, 0.0, -5e-06, 0.0, 0.0, -1.0, 0.000946, 0.0, 1.0, 0.0, 0.913272, 0.0, 0.0, 0.0, 1.0],
                [1.0, 0.0, 0.0, -5e-06, 0.0, 0.0, -1.0, 0.000946, 0.0, 1.0, 0.0, 0.962345, 0.0, 0.0, 0.0, 1.0],
                [1.0, 0.0, 0.0, -5e-06, 0.0, 0.0, -1.0, 0.000946, 0.0, 1.0, 0.0, 1.004892, 0.0, 0.0, 0.0, 1.0],
                [1.0, 0.0, 0.0, -5e-06, 0.0, 0.0, -1.0, 0.000946, 0.0, 1.0, 0.0, 1.034859, 0.0, 0.0, 0.0, 1.0],
                [1.0, 0.0, 0.0, -5e-06, 0.0, 0.0, -1.0, 0.000946, 0.0, 1.0, 0.0, 1.046194, 0.0, 0.0, 0.0, 1.0],
                [1.0, 0.0, 0.0, -5e-06, 0.0, 0.0, -1.0, 0.000946, 0.0, 1.0, 0.0, 1.045385, 0.0, 0.0, 0.0, 1.0],
                [1.0, 0.0, 0.0, -5e-06, 0.0, 0.0, -1.0, 0.000946, 0.0, 1.0, 0.0, 1.043133, 0.0, 0.0, 0.0, 1.0],
                [1.0, 0.0, 0.0, -5e-06, 0.0, 0.0, -1.0, 0.000946, 0.0, 1.0, 0.0, 1.039701, 0.0, 0.0, 0.0, 1.0],
                [1.0, 0.0, 0.0, -5e-06, 0.0, 0.0, -1.0, 0.000946, 0.0, 1.0, 0.0, 1.03535, 0.0, 0.0, 0.0, 1.0],
                [1.0, 0.0, 0.0, -5e-06, 0.0, 0.0, -1.0, 0.000946, 0.0, 1.0, 0.0, 1.030344, 0.0, 0.0, 0.0, 1.0],
                [1.0, 0.0, 0.0, -5e-06, 0.0, 0.0, -1.0, 0.000946, 0.0, 1.0, 0.0, 1.024944, 0.0, 0.0, 0.0, 1.0],
                [1.0, 0.0, 0.0, -5e-06, 0.0, 0.0, -1.0, 0.000946, 0.0, 1.0, 0.0, 1.019413, 0.0, 0.0, 0.0, 1.0],
                [1.0, 0.0, 0.0, -5e-06, 0.0, 0.0, -1.0, 0.000946, 0.0, 1.0, 0.0, 1.014013, 0.0, 0.0, 0.0, 1.0],
                [1.0, 0.0, 0.0, -5e-06, 0.0, 0.0, -1.0, 0.000946, 0.0, 1.0, 0.0, 1.009007, 0.0, 0.0, 0.0, 1.0],
                [1.0, 0.0, 0.0, -5e-06, 0.0, 0.0, -1.0, 0.000946, 0.0, 1.0, 0.0, 1.004656, 0.0, 0.0, 0.0, 1.0],
                [1.0, 0.0, 0.0, -5e-06, 0.0, 0.0, -1.0, 0.000946, 0.0, 1.0, 0.0, 1.001224, 0.0, 0.0, 0.0, 1.0],
                [1.0, 0.0, 0.0, -5e-06, 0.0, 0.0, -1.0, 0.000946, 0.0, 1.0, 0.0, 0.998972, 0.0, 0.0, 0.0, 1.0],
                [1.0, 0.0, 0.0, -5e-06, 0.0, 0.0, -1.0, 0.000946, 0.0, 1.0, 0.0, 0.998163, 0.0, 0.0, 0.0, 1.0],
                [1.0, 0.0, 0.0, -5e-06, 0.0, 0.0, -1.0, 0.000946, 0.0, 1.0, 0.0, 1.006962, 0.0, 0.0, 0.0, 1.0],
                [1.0, 0.0, 0.0, -5e-06, 0.0, 0.0, -1.0, 0.000946, 0.0, 1.0, 0.0, 1.030542, 0.0, 0.0, 0.0, 1.0],
                [1.0, 0.0, 0.0, -5e-06, 0.0, 0.0, -1.0, 0.000946, 0.0, 1.0, 0.0, 1.06468, 0.0, 0.0, 0.0, 1.0],
                [1.0, 0.0, 0.0, -5e-06, 0.0, 0.0, -1.0, 0.000946, 0.0, 1.0, 0.0, 1.105153, 0.0, 0.0, 0.0, 1.0],
                [1.0, 0.0, 0.0, -5e-06, 0.0, 0.0, -1.0, 0.000946, 0.0, 1.0, 0.0, 1.147738, 0.0, 0.0, 0.0, 1.0],
                [1.0, 0.0, 0.0, -5e-06, 0.0, 0.0, -1.0, 0.000946, 0.0, 1.0, 0.0, 1.188211, 0.0, 0.0, 0.0, 1.0],
                [1.0, 0.0, 0.0, -5e-06, 0.0, 0.0, -1.0, 0.000946, 0.0, 1.0, 0.0, 1.22235, 0.0, 0.0, 0.0, 1.0],
                [1.0, 0.0, 0.0, -5e-06, 0.0, 0.0, -1.0, 0.000946, 0.0, 1.0, 0.0, 1.24593, 0.0, 0.0, 0.0, 1.0],
                [1.0, 0.0, 0.0, -5e-06, 0.0, 0.0, -1.0, 0.000946, 0.0, 1.0, 0.0, 1.254728, 0.0, 0.0, 0.0, 1.0],
                [1.0, 0.0, 0.0, -5e-06, 0.0, 0.0, -1.0, 0.000946, 0.0, 1.0, 0.0, 1.250592, 0.0, 0.0, 0.0, 1.0],
                [1.0, 0.0, 0.0, -5e-06, 0.0, 0.0, -1.0, 0.000946, 0.0, 1.0, 0.0, 1.239926, 0.0, 0.0, 0.0, 1.0],
                [1.0, 0.0, 0.0, -5e-06, 0.0, 0.0, -1.0, 0.000946, 0.0, 1.0, 0.0, 1.225341, 0.0, 0.0, 0.0, 1.0],
                [1.0, 0.0, 0.0, -5e-06, 0.0, 0.0, -1.0, 0.000946, 0.0, 1.0, 0.0, 1.20945, 0.0, 0.0, 0.0, 1.0],
                [1.0, 0.0, 0.0, -5e-06, 0.0, 0.0, -1.0, 0.000946, 0.0, 1.0, 0.0, 1.194865, 0.0, 0.0, 0.0, 1.0],
                [1.0, 0.0, 0.0, -5e-06, 0.0, 0.0, -1.0, 0.000946, 0.0, 1.0, 0.0, 1.184198, 0.0, 0.0, 0.0, 1.0],
                [1.0, 0.0, 0.0, -5e-06, 0.0, 0.0, -1.0, 0.000946, 0.0, 1.0, 0.0, 1.180062, 0.0, 0.0, 0.0, 1.0],
                [1.0, 0.0, 0.0, -5e-06, 0.0, 0.0, -1.0, 0.000946, 0.0, 1.0, 0.0, 1.216618, 0.0, 0.0, 0.0, 1.0],
                [1.0, 0.0, 0.0, -5e-06, 0.0, 0.0, -1.0, 0.000946, 0.0, 1.0, 0.0, 1.308295, 0.0, 0.0, 0.0, 1.0],
                [1.0, 0.0, 0.0, -5e-06, 0.0, 0.0, -1.0, 0.000946, 0.0, 1.0, 0.0, 1.428111, 0.0, 0.0, 0.0, 1.0],
                [1.0, 0.0, 0.0, -5e-06, 0.0, 0.0, -1.0, 0.000946, 0.0, 1.0, 0.0, 1.549081, 0.0, 0.0, 0.0, 1.0],
                [1.0, 0.0, 0.0, -5e-06, 0.0, 0.0, -1.0, 0.000946, 0.0, 1.0, 0.0, 1.644221, 0.0, 0.0, 0.0, 1.0],
                [1.0, 0.0, 0.0, -5e-06, 0.0, 0.0, -1.0, 0.000946, 0.0, 1.0, 0.0, 1.686548, 0.0, 0.0, 0.0, 1.0],
                [1.0, 0.0, 0.0, -5e-06, 0.0, 0.0, -1.0, 0.000946, 0.0, 1.0, 0.0, 1.693245, 0.0, 0.0, 0.0, 1.0],
                [1.0, 0.0, 0.0, -5e-06, 0.0, 0.0, -1.0, 0.000946, 0.0, 1.0, 0.0, 1.699496, 0.0, 0.0, 0.0, 1.0],
                [1.0, 0.0, 0.0, -5e-06, 0.0, 0.0, -1.0, 0.000946, 0.0, 1.0, 0.0, 1.705316, 0.0, 0.0, 0.0, 1.0],
                [1.0, 0.0, 0.0, -5e-06, 0.0, 0.0, -1.0, 0.000946, 0.0, 1.0, 0.0, 1.710721, 0.0, 0.0, 0.0, 1.0],
                [1.0, 0.0, 0.0, -5e-06, 0.0, 0.0, -1.0, 0.000946, 0.0, 1.0, 0.0, 1.715725, 0.0, 0.0, 0.0, 1.0],
                [1.0, 0.0, 0.0, -5e-06, 0.0, 0.0, -1.0, 0.000946, 0.0, 1.0, 0.0, 1.720345, 0.0, 0.0, 0.0, 1.0],
                [1.0, 0.0, 0.0, -5e-06, 0.0, 0.0, -1.0, 0.000946, 0.0, 1.0, 0.0, 1.724595, 0.0, 0.0, 0.0, 1.0],
                [1.0, 0.0, 0.0, -5e-06, 0.0, 0.0, -1.0, 0.000946, 0.0, 1.0, 0.0, 1.728491, 0.0, 0.0, 0.0, 1.0],
                [1.0, 0.0, 0.0, -5e-06, 0.0, 0.0, -1.0, 0.000946, 0.0, 1.0, 0.0, 1.732049, 0.0, 0.0, 0.0, 1.0],
                [1.0, 0.0, 0.0, -5e-06, 0.0, 0.0, -1.0, 0.000946, 0.0, 1.0, 0.0, 1.735283, 0.0, 0.0, 0.0, 1.0],
                [1.0, 0.0, 0.0, -5e-06, 0.0, 0.0, -1.0, 0.000946, 0.0, 1.0, 0.0, 1.73821, 0.0, 0.0, 0.0, 1.0],
                [1.0, 0.0, 0.0, -5e-06, 0.0, 0.0, -1.0, 0.000946, 0.0, 1.0, 0.0, 1.740844, 0.0, 0.0, 0.0, 1.0],
                [1.0, 0.0, 0.0, -5e-06, 0.0, 0.0, -1.0, 0.000946, 0.0, 1.0, 0.0, 1.743201, 0.0, 0.0, 0.0, 1.0],
                [1.0, 0.0, 0.0, -5e-06, 0.0, 0.0, -1.0, 0.000946, 0.0, 1.0, 0.0, 1.745297, 0.0, 0.0, 0.0, 1.0],
                [1.0, 0.0, 0.0, -5e-06, 0.0, 0.0, -1.0, 0.000946, 0.0, 1.0, 0.0, 1.747147, 0.0, 0.0, 0.0, 1.0],
                [1.0, 0.0, 0.0, -5e-06, 0.0, 0.0, -1.0, 0.000946, 0.0, 1.0, 0.0, 1.748765, 0.0, 0.0, 0.0, 1.0],
                [1.0, 0.0, 0.0, -5e-06, 0.0, 0.0, -1.0, 0.000946, 0.0, 1.0, 0.0, 1.750168, 0.0, 0.0, 0.0, 1.0],
                [1.0, 0.0, 0.0, -5e-06, 0.0, 0.0, -1.0, 0.000946, 0.0, 1.0, 0.0, 1.751371, 0.0, 0.0, 0.0, 1.0],
                [1.0, 0.0, 0.0, -5e-06, 0.0, 0.0, -1.0, 0.000946, 0.0, 1.0, 0.0, 1.752389, 0.0, 0.0, 0.0, 1.0],
                [1.0, 0.0, 0.0, -5e-06, 0.0, 0.0, -1.0, 0.000946, 0.0, 1.0, 0.0, 1.753238, 0.0, 0.0, 0.0, 1.0],
                [1.0, 0.0, 0.0, -5e-06, 0.0, 0.0, -1.0, 0.000946, 0.0, 1.0, 0.0, 1.753934, 0.0, 0.0, 0.0, 1.0],
                [1.0, 0.0, 0.0, -5e-06, 0.0, 0.0, -1.0, 0.000946, 0.0, 1.0, 0.0, 1.75449, 0.0, 0.0, 0.0, 1.0],
                [1.0, 0.0, 0.0, -5e-06, 0.0, 0.0, -1.0, 0.000946, 0.0, 1.0, 0.0, 1.754924, 0.0, 0.0, 0.0, 1.0],
                [1.0, 0.0, 0.0, -5e-06, 0.0, 0.0, -1.0, 0.000946, 0.0, 1.0, 0.0, 1.75525, 0.0, 0.0, 0.0, 1.0],
                [1.0, 0.0, 0.0, -5e-06, 0.0, 0.0, -1.0, 0.000946, 0.0, 1.0, 0.0, 1.755483, 0.0, 0.0, 0.0, 1.0],
                [1.0, 0.0, 0.0, -5e-06, 0.0, 0.0, -1.0, 0.000946, 0.0, 1.0, 0.0, 1.755639, 0.0, 0.0, 0.0, 1.0],
                [1.0, 0.0, 0.0, -5e-06, 0.0, 0.0, -1.0, 0.000946, 0.0, 1.0, 0.0, 1.755734, 0.0, 0.0, 0.0, 1.0],
                [1.0, 0.0, 0.0, -5e-06, 0.0, 0.0, -1.0, 0.000946, 0.0, 1.0, 0.0, 1.755783, 0.0, 0.0, 0.0, 1.0],
                [1.0, 0.0, 0.0, -5e-06, 0.0, 0.0, -1.0, 0.000946, 0.0, 1.0, 0.0, 1.755801, 0.0, 0.0, 0.0, 1.0],
                [1.0, 0.0, 0.0, -5e-06, 0.0, 0.0, -1.0, 0.000946, 0.0, 1.0, 0.0, 1.755804, 0.0, 0.0, 0.0, 1.0]
            ]
        },
        {
            "name": "Thigh_R",
            "time": [0.0167, 0.0333, 0.05, 0.0667, 0.0833, 0.1, 0.1167, 0.1333, 0.15, 0.1667, 0.1833, 0.2, 0.2167, 0.2333, 0.25, 0.2667, 0.2833, 0.3, 0.3167, 0.3333, 0.35, 0.3667, 0.3833, 0.4, 0.4167, 0.4333, 0.45, 0.4667, 0.4833, 0.5, 0.5167, 0.5333, 0.55, 0.5667, 0.5833, 0.6, 0.6167, 0.6333, 0.65, 0.6667, 0.6833, 0.7, 0.7167, 0.7333, 0.75, 0.7667, 0.7833, 0.8, 0.8167, 0.8333, 0.85, 0.8667, 0.8833, 0.9, 0.9167, 0.9333, 0.95, 0.9667, 0.9833, 1.0, 1.0167, 1.0333, 1.05, 1.0667, 1.0833, 1.1, 1.1167, 1.1333, 1.15, 1.1667, 1.1833, 1.2, 1.2167, 1.2333, 1.25, 1.2667, 1.2833, 1.3, 1.3167, 1.3333, 1.35],
            "transform": [
                [0.954007, 0.203324, 0.220295, 0.124994, -0.027151, -0.673225, 0.738939, -0.002831, 0.298552, -0.710935, -0.636741, -1.2e-05, 0.0, 0.0, 0.0, 1.0],
                [0.953951, 0.20386, 0.220042, 0.124994, -0.026634, -0.673104, 0.739068, -0.002831, 0.298777, -0.710895, -0.636679, -1.2e-05, 0.0, 0.0, 0.0, 1.0],
                [0.95379, 0.20541, 0.219297, 0.124994, -0.025128, -0.672753, 0.73944, -0.002831, 0.299421, -0.710781, -0.636504, -1.2e-05, 0.0, 0.0, 0.0, 1.0],
                [0.953533, 0.207886, 0.218077, 0.124994, -0.022702, -0.672183, 0.740037, -0.002831, 0.300431, -0.710601, -0.63623, -1.2e-05, 0.0, 0.0, 0.0, 1.0],
                [0.953186, 0.211202, 0.2164, 0.124994, -0.019424, -0.671404, 0.740836, -0.002831, 0.301759, -0.710359, -0.635871, -1.2e-05, 0.0, 0.0, 0.0, 1.0],
                [0.952754, 0.21527, 0.214285, 0.124994, -0.015364, -0.670426, 0.741817, -0.002831, 0.303353, -0.710062, -0.635444, -1.2e-05, 0.0, 0.0, 0.0, 1.0],
                [0.952241, 0.22, 0.211748, 0.124994, -0.010589, -0.669255, 0.742957, -0.002831, 0.305164, -0.709716, -0.634963, -1.2e-05, 0.0, 0.0, 0.0, 1.0],
                [0.95165, 0.225305, 0.208806, 0.124994, -0.005169, -0.667901, 0.744232, -0.002831, 0.307141, -0.709328, -0.634444, -1.2e-05, 0.0, 0.0, 0.0, 1.0],
                [0.950986, 0.231096, 0.205478, 0.124994, 0.000828, -0.666372, 0.745618, -0.002831, 0.309234, -0.708902, -0.633902, -1.2e-05, 0.0, 0.0, 0.0, 1.0],
                [0.950253, 0.237284, 0.201781, 0.124994, 0.007332, -0.664678, 0.747094, -0.002831, 0.311393, -0.708449, -0.633352, -1.2e-05, 0.0, 0.0, 0.0, 1.0],
                [0.949459, 0.243782, 0.197734, 0.124994, 0.014276, -0.662828, 0.748635, -0.002831, 0.313567, -0.707975, -0.632808, -1.2e-05, 0.0, 0.0, 0.0, 1.0],
                [0.948611, 0.250501, 0.193356, 0.124994, 0.021591, -0.660837, 0.750219, -0.002831, 0.315707, -0.707491, -0.632286, -1.2e-05, 0.0, 0.0, 0.0, 1.0],
                [0.94772, 0.257356, 0.188665, 0.124994, 0.029209, -0.658717, 0.751823, -0.002831, 0.317763, -0.707007, -0.631797, -1.2e-05, 0.0, 0.0, 0.0, 1.0],
                [0.946799, 0.264258, 0.183683, 0.124994, 0.037062, -0.656487, 0.753426, -0.002831, 0.319685, -0.706535, -0.631355, -1.2e-05, 0.0, 0.0, 0.0, 1.0],
                [0.945862, 0.271123, 0.17843, 0.124994, 0.045084, -0.654165, 0.755007, -0.002831, 0.321422, -0.706088, -0.630973, -1.2e-05, 0.0, 0.0, 0.0, 1.0],
                [0.944927, 0.277865, 0.172926, 0.124994, 0.053209, -0.651772, 0.756546, -0.002831, 0.322926, -0.70568, -0.630662, -1.2e-05, 0.0, 0.0, 0.0, 1.0],
                [0.944014, 0.284401, 0.167194, 0.124994, 0.06137, -0.649332, 0.758025, -0.002831, 0.324147, -0.705326, -0.630432, -1.2e-05, 0.0, 0.0, 0.0, 1.0],
                [0.943144, 0.290648, 0.161255, 0.124994, 0.069502, -0.646871, 0.759426, -0.002831, 0.325036, -0.705041, -0.630293, -1.2e-05, 0.0, 0.0, 0.0, 1.0],
                [0.942342, 0.296522, 0.155131, 0.124994, 0.077541, -0.644417, 0.760732, -0.002831, 0.325543, -0.704841, -0.630254, -1.2e-05, 0.0, 0.0, 0.0, 1.0],
                [0.941634, 0.301943, 0.148846, 0.124994, 0.085423, -0.642002, 0.761929, -0.002831, 0.325619, -0.704744, -0.630324, -1.2e-05, 0.0, 0.0, 0.0, 1.0],
                [0.941048, 0.30683, 0.142422, 0.124994, 0.093085, -0.639656, 0.763004, -0.002831, 0.325214, -0.704766, -0.630509, -1.2e-05, 0.0, 0.0, 0.0, 1.0],
                [0.940612, 0.311104, 0.135881, 0.124994, 0.100464, -0.637415, 0.763942, -0.002831, 0.324278, -0.704923, -0.630815, -1.2e-05, 0.0, 0.0, 0.0, 1.0],
                [0.940356, 0.314684, 0.129245, 0.124994, 0.107497, -0.635314, 0.764735, -0.002831, 0.322761, -0.70523, -0.631249, -1.2e-05, 0.0, 0.0, 0.0, 1.0],
                [0.940311, 0.317491, 0.122536, 0.124994, 0.114121, -0.633389, 0.765372, -0.002831, 0.320612, -0.705704, -0.631815, -1.2e-05, 0.0, 0.0, 0.0, 1.0],
                [0.940505, 0.319447, 0.115777, 0.124994, 0.120276, -0.631676, 0.765845, -0.002831, 0.31778, -0.706356, -0.632517, -1.2e-05, 0.0, 0.0, 0.0, 1.0],
                [0.940968, 0.320471, 0.108987, 0.124994, 0.125897, -0.630214, 0.766146, -0.002831, 0.314212, -0.707198, -0.633358, -1.2e-05, 0.0, 0.0, 0.0, 1.0],
                [0.941727, 0.320482, 0.102187, 0.124994, 0.130922, -0.629039, 0.76627, -0.002831, 0.309855, -0.708239, -0.634341, -1.2e-05, 0.0, 0.0, 0.0, 1.0],
                [0.942806, 0.319399, 0.095396, 0.124994, 0.135286, -0.628186, 0.766211, -0.002831, 0.304654, -0.709483, -0.635468, -1.2e-05, 0.0, 0.0, 0.0, 1.0],
                [0.944228, 0.317139, 0.088632, 0.124994, 0.138924, -0.62769, 0.765967, -0.002831, 0.298552, -0.710935, -0.636741, -1.2e-05, 0.0, 0.0, 0.0, 1.0],
                [0.94622, 0.312113, 0.085167, 0.124994, 0.143198, -0.6401, 0.754828, -0.002831, 0.290107, -0.702038, -0.65037, -1.2e-05, 0.0, 0.0, 0.0, 1.0],
                [0.948955, 0.303127, 0.08717, 0.124994, 0.149101, -0.674656, 0.722916, -0.002831, 0.277946, -0.673018, -0.685415, -1.2e-05, 0.0, 0.0, 0.0, 1.0],
                [0.952384, 0.290402, 0.092901, 0.124994, 0.155851, -0.72555, 0.670289, -0.002831, 0.262058, -0.623894, -0.736262, -1.2e-05, 0.0, 0.0, 0.0, 1.0],
                [0.956442, 0.274088, 0.100476, 0.124994, 0.162512, -0.785833, 0.596704, -0.002831, 0.242507, -0.554384, -0.796146, -1.2e-05, 0.0, 0.0, 0.0, 1.0],
                [0.961, 0.254616, 0.107936, 0.124994, 0.168095, -0.847718, 0.503108, -0.002831, 0.219599, -0.465343, -0.857456, -1.2e-05, 0.0, 0.0, 0.0, 1.0],
                [0.965853, 0.232935, 0.113439, 0.124994, 0.171751, -0.903446, 0.392792, -0.002831, 0.193982, -0.359896, -0.912604, -1.2e-05, 0.0, 0.0, 0.0, 1.0],
                [0.970727, 0.210569, 0.115545, 0.124994, 0.172997, -0.946672, 0.271814, -0.002831, 0.166619, -0.243869, -0.955388, -1.2e-05, 0.0, 0.0, 0.0, 1.0],
                [0.97531, 0.189454, 0.113477, 0.124994, 0.171906, -0.973869, 0.148416, -0.002831, 0.13863, -0.125245, -0.982393, -1.2e-05, 0.0, 0.0, 0.0, 1.0],
                [0.979312, 0.171613, 0.107221, 0.124994, 0.169162, -0.985081, 0.03162, -0.002831, 0.111047, -0.012828, -0.993732, -1.2e-05, 0.0, 0.0, 0.0, 1.0],
                [0.982495, 0.15882, 0.097367, 0.124994, 0.165971, -0.98362, -0.070326, -0.002831, 0.084603, 0.085255, -0.992761, -1.2e-05, 0.0, 0.0, 0.0, 1.0],
                [0.984675, 0.152403, 0.084784, 0.124994, 0.163878, -0.97487, -0.150902, -0.002831, 0.059655, 0.162484, -0.984906, -1.2e-05, 0.0, 0.0, 0.0, 1.0],
                [0.985995, 0.151123, 0.070544, 0.124994, 0.162668, -0.964747, -0.206887, -0.002831, 0.036792, 0.215465, -0.975818, -1.2e-05, 0.0, 0.0, 0.0, 1.0],
                [0.986724, 0.152035, 0.057113, 0.124994, 0.161418, -0.956839, -0.241668, -0.002831, 0.017906, 0.247679, -0.968677, -1.2e-05, 0.0, 0.0, 0.0, 1.0],
                [0.987009, 0.153582, 0.047176, 0.124994, 0.160585, -0.952244, -0.259699, -0.002831, 0.005038, 0.263901, -0.964537, -1.2e-05, 0.0, 0.0, 0.0, 1.0],
                [0.987064, 0.154371, 0.043288, 0.124994, 0.160325, -0.95085, -0.264913, -0.002831, 0.000266, 0.268427, -0.9633, -1.2e-05, 0.0, 0.0, 0.0, 1.0],
                [0.987053, 0.154437, 0.043317, 0.124994, 0.160365, -0.955618, -0.247138, -0.002831, 0.003227, 0.250885, -0.968012, -1.2e-05, 0.0, 0.0, 0.0, 1.0],
                [0.987024, 0.154602, 0.04338, 0.124994, 0.160166, -0.967145, -0.197426, -0.002831, 0.011432, 0.201812, -0.979358, -1.2e-05, 0.0, 0.0, 0.0, 1.0],
                [0.986988, 0.154813, 0.043443, 0.124994, 0.159016, -0.979834, -0.120993, -0.002831, 0.023836, 0.126327, -0.991702, -1.2e-05, 0.0, 0.0, 0.0, 1.0],
                [0.986955, 0.155011, 0.043478, 0.124994, 0.156135, -0.98745, -0.023741, -0.002831, 0.039252, 0.030219, -0.998772, -1.2e-05, 0.0, 0.0, 0.0, 1.0],
                [0.986937, 0.155133, 0.043468, 0.124994, 0.150947, -0.9847, 0.087061, -0.002831, 0.056309, -0.079362, -0.995254, -1.2e-05, 0.0, 0.0, 0.0, 1.0],
                [0.986943, 0.155111, 0.043417, 0.124994, 0.143307, -0.968646, 0.202946, -0.002831, 0.073534, -0.194074, -0.978227, -1.2e-05, 0.0, 0.0, 0.0, 1.0],
                [0.986982, 0.154877, 0.043346, 0.124994, 0.133592, -0.939567, 0.315224, -0.002831, 0.089547, -0.30533, -0.948027, -1.2e-05, 0.0, 0.0, 0.0, 1.0],
                [0.987064, 0.154371, 0.043288, 0.124994, 0.122645, -0.900935, 0.416262, -0.002831, 0.103259, -0.405568, -0.908214, -1.2e-05, 0.0, 0.0, 0.0, 1.0],
                [0.987122, 0.154, 0.043285, 0.124994, 0.111819, -0.857767, 0.501729, -0.002831, 0.114395, -0.490428, -0.863941, -1.2e-05, 0.0, 0.0, 0.0, 1.0],
                [0.987115, 0.154041, 0.043299, 0.124994, 0.102338, -0.815793, 0.569217, -0.002831, 0.123006, -0.557452, -0.821046, -1.2e-05, 0.0, 0.0, 0.0, 1.0],
                [0.987083, 0.154247, 0.043296, 0.124994, 0.095262, -0.782373, 0.615481, -0.002831, 0.12881, -0.603406, -0.786962, -1.2e-05, 0.0, 0.0, 0.0, 1.0],
                [0.987064, 0.154371, 0.043288, 0.124994, 0.091741, -0.765267, 0.637141, -0.002831, 0.131483, -0.624928, -0.76953, -1.2e-05, 0.0, 0.0, 0.0, 1.0],
                [0.987064, 0.154371, 0.043288, 0.124994, 0.090414, -0.758944, 0.644848, -0.002831, 0.132399, -0.632592, -0.763084, -1.2e-05, 0.0, 0.0, 0.0, 1.0],
                [0.987064, 0.154371, 0.043288, 0.124994, 0.089185, -0.753058, 0.651882, -0.002831, 0.13323, -0.639588, -0.757084, -1.2e-05, 0.0, 0.0, 0.0, 1.0],
                [0.987064, 0.154371, 0.043288, 0.124994, 0.088051, -0.747604, 0.658281, -0.002831, 0.133982, -0.645954, -0.751526, -1.2e-05, 0.0, 0.0, 0.0, 1.0],
                [0.987064, 0.154371, 0.043288, 0.124994, 0.087011, -0.742578, 0.664084, -0.002831, 0.13466, -0.651727, -0.746404, -1.2e-05, 0.0, 0.0, 0.0, 1.0],
                [0.987064, 0.154371, 0.043288, 0.124994, 0.08606, -0.737969, 0.669325, -0.002831, 0.13527, -0.656941, -0.741708, -1.2e-05, 0.0, 0.0, 0.0, 1.0],
                [0.987064, 0.154371, 0.043288, 0.124994, 0.085196, -0.733767, 0.674038, -0.002831, 0.135816, -0.661631, -0.737427, -1.2e-05, 0.0, 0.0, 0.0, 1.0],
                [0.987064, 0.154371, 0.043288, 0.124994, 0.084416, -0.729959, 0.678258, -0.002831, 0.136302, -0.66583, -0.733548, -1.2e-05, 0.0, 0.0, 0.0, 1.0],
                [0.987064, 0.154371, 0.043288, 0.124994, 0.083715, -0.726531, 0.682014, -0.002831, 0.136734, -0.669568, -0.730057, -1.2e-05, 0.0, 0.0, 0.0, 1.0],
                [0.987064, 0.154371, 0.043288, 0.124994, 0.08309, -0.723468, 0.685339, -0.002831, 0.137114, -0.672876, -0.726937, -1.2e-05, 0.0, 0.0, 0.0, 1.0],
                [0.987064, 0.154371, 0.043288, 0.124994, 0.082537, -0.720753, 0.68826, -0.002831, 0.137448, -0.675784, -0.724171, -1.2e-05, 0.0, 0.0, 0.0, 1.0],
                [0.987064, 0.154371, 0.043288, 0.124994, 0.082052, -0.718367, 0.690808, -0.002831, 0.137738, -0.67832, -0.721741, -1.2e-05, 0.0, 0.0, 0.0, 1.0],
                [0.987064, 0.154371, 0.043288, 0.124994, 0.081631, -0.716291, 0.69301, -0.002831, 0.137988, -0.680512, -0.719627, -1.2e-05, 0.0, 0.0, 0.0, 1.0],
                [0.987064, 0.154371, 0.043288, 0.124994, 0.08127, -0.714507, 0.694892, -0.002831, 0.138201, -0.682385, -0.71781, -1.2e-05, 0.0, 0.0, 0.0, 1.0],
                [0.987064, 0.154371, 0.043288, 0.124994, 0.080963, -0.712992, 0.696482, -0.002831, 0.138381, -0.683968, -0.716267, -1.2e-05, 0.0, 0.0, 0.0, 1.0],
                [0.987064, 0.154371, 0.043288, 0.124994, 0.080707, -0.711727, 0.697804, -0.002831, 0.13853, -0.685284, -0.714979, -1.2e-05, 0.0, 0.0, 0.0, 1.0],
                [0.987064, 0.154371, 0.043288, 0.124994, 0.080497, -0.710689, 0.698885, -0.002831, 0.138652, -0.68636, -0.713922, -1.2e-05, 0.0, 0.0, 0.0, 1.0],
                [0.987064, 0.154371, 0.043288, 0.124994, 0.080329, -0.709857, 0.69975, -0.002831, 0.13875, -0.687221, -0.713075, -1.2e-05, 0.0, 0.0, 0.0, 1.0],
                [0.987064, 0.154371, 0.043288, 0.124994, 0.080198, -0.709208, 0.700423, -0.002831, 0.138825, -0.687891, -0.712414, -1.2e-05, 0.0, 0.0, 0.0, 1.0],
                [0.987064, 0.154371, 0.043288, 0.124994, 0.0801, -0.70872, 0.700928, -0.002831, 0.138882, -0.688393, -0.711917, -1.2e-05, 0.0, 0.0, 0.0, 1.0],
                [0.987064, 0.154371, 0.043288, 0.124994, 0.080029, -0.70837, 0.701289, -0.002831, 0.138923, -0.688753, -0.711561, -1.2e-05, 0.0, 0.0, 0.0, 1.0],
                [0.987064, 0.154371, 0.043288, 0.124994, 0.079982, -0.708136, 0.701532, -0.002831, 0.13895, -0.688995, -0.711322, -1.2e-05, 0.0, 0.0, 0.0, 1.0],
                [0.987064, 0.154371, 0.043288, 0.124994, 0.079953, -0.707993, 0.701679, -0.002831, 0.138967, -0.689141, -0.711177, -1.2e-05, 0.0, 0.0, 0.0, 1.0],
                [0.987064, 0.154371, 0.043288, 0.124994, 0.079938, -0.70792, 0.701754, -0.002831, 0.138975, -0.689216, -0.711103, -1.2e-05, 0.0, 0.0, 0.0, 1.0],
                [0.987064, 0.154371, 0.043288, 0.124994, 0.079933, -0.707893, 0.701782, -0.002831, 0.138978, -0.689244, -0.711075, -1.2e-05, 0.0, 0.0, 0.0, 1.0],
                [0.987064, 0.154371, 0.043288, 0.124994, 0.079932, -0.707889, 0.701786, -0.002831, 0.138979, -0.689247, -0.711072, -1.2e-05, 0.0, 0.0, 0.0, 1.0]
            ]
        },
        {
            "name": "Leg_R",
            "time": [0.0167, 0.0333, 0.05, 0.0667, 0.0833, 0.1, 0.1167, 0.1333, 0.15, 0.1667, 0.1833, 0.2, 0.2167, 0.2333, 0.25, 0.2667, 0.2833, 0.3, 0.3167, 0.3333, 0.35, 0.3667, 0.3833, 0.4, 0.4167, 0.4333, 0.45, 0.4667, 0.4833, 0.5, 0.5167, 0.5333, 0.55, 0.5667, 0.5833, 0.6, 0.6167, 0.6333, 0.65, 0.6667, 0.6833, 0.7, 0.7167, 0.7333, 0.75, 0.7667, 0.7833, 0.8, 0.8167, 0.8333, 0.85, 0.8667, 0.8833, 0.9, 0.9167, 0.9333, 0.95, 0.9667, 0.9833, 1.0, 1.0167, 1.0333, 1.05, 1.0667, 1.0833, 1.1, 1.1167, 1.1333, 1.15, 1.1667, 1.1833, 1.2, 1.2167, 1.2333, 1.25, 1.2667, 1.2833, 1.3, 1.3167, 1.3333, 1.35],
            "transform": [
                [0.985981, 0.146946, 0.079044, 0.0, -0.09427, 0.099712, 0.990541, 0.37472, 0.137675, -0.984106, 0.112167, -0.0, 0.0, 0.0, 0.0, 1.0],
                [0.986163, 0.146115, 0.078315, -0.0, -0.093947, 0.103341, 0.990199, 0.37472, 0.13659, -0.983855, 0.115638, 0.0, 0.0, 0.0, 0.0, 1.0],
                [0.986685, 0.143682, 0.076212, -0.0, -0.092985, 0.113885, 0.989133, 0.37472, 0.133441, -0.983049, 0.125729, -0.0, 0.0, 0.0, 0.0, 1.0],
                [0.987506, 0.139713, 0.072877, -0.0, -0.091365, 0.130839, 0.987185, 0.37472, 0.128387, -0.98151, 0.141969, -0.0, 0.0, 0.0, 0.0, 1.0],
                [0.988579, 0.134251, 0.068472, 0.0, -0.089034, 0.153699, 0.984098, 0.37472, 0.121592, -0.978955, 0.163896, -0.0, 0.0, 0.0, 0.0, 1.0],
                [0.989847, 0.127325, 0.063175, 0.0, -0.085921, 0.181943, 0.979548, 0.37472, 0.113227, -0.975031, 0.191036, 0.0, 0.0, 0.0, 0.0, 1.0],
                [0.991251, 0.118962, 0.05718, 0.0, -0.081942, 0.215018, 0.973167, 0.37472, 0.103475, -0.969338, 0.222884, -0.0, 0.0, 0.0, 0.0, 1.0],
                [0.992727, 0.109193, 0.050696, -0.0, -0.077012, 0.252322, 0.964574, 0.37472, 0.092533, -0.961462, 0.258896, -0.0, 0.0, 0.0, 0.0, 1.0],
                [0.994209, 0.098067, 0.043938, -0.0, -0.071055, 0.293198, 0.953408, 0.37472, 0.080615, -0.951009, 0.298469, 0.0, 0.0, 0.0, 0.0, 1.0],
                [0.995633, 0.085656, 0.037126, -0.0, -0.064014, 0.33693, 0.939351, 0.37472, 0.067952, -0.937625, 0.340942, 0.0, 0.0, 0.0, 0.0, 1.0],
                [0.996934, 0.072062, 0.030478, 0.0, -0.055858, 0.382745, 0.922164, 0.37472, 0.054787, -0.921039, 0.385597, 0.0, 0.0, 0.0, 0.0, 1.0],
                [0.998057, 0.057418, 0.024198, -0.0, -0.04659, 0.429831, 0.901706, 0.37472, 0.041373, -0.901082, 0.431671, 0.0, 0.0, 0.0, 0.0, 1.0],
                [0.998951, 0.041893, 0.018475, -0.0, -0.036256, 0.477354, 0.877963, 0.37472, 0.027962, -0.877712, 0.478372, -0.0, 0.0, 0.0, 0.0, 1.0],
                [0.999579, 0.025688, 0.013465, 0.0, -0.024943, 0.524483, 0.851056, 0.37472, 0.0148, -0.851033, 0.524903, 0.0, 0.0, 0.0, 0.0, 1.0],
                [0.999916, 0.00903, 0.00929, 0.0, -0.012781, 0.570427, 0.821249, 0.37472, 0.002117, -0.821299, 0.570494, -0.0, 0.0, 0.0, 0.0, 1.0],
                [0.999951, -0.007834, 0.006028, 0.0, 5.8e-05, 0.61446, 0.788948, 0.37472, -0.009885, -0.788909, 0.614431, -0.0, 0.0, 0.0, 0.0, 1.0],
                [0.999689, -0.024647, 0.003714, -0.0, 0.013369, 0.655955, 0.754681, 0.37472, -0.021036, -0.754397, 0.656081, 0.0, 0.0, 0.0, 0.0, 1.0],
                [0.99915, -0.04115, 0.002332, 0.0, 0.026921, 0.694401, 0.719084, 0.37472, -0.03121, -0.718411, 0.694919, 0.0, 0.0, 0.0, 0.0, 1.0],
                [0.998367, -0.057096, 0.001825, 0.0, 0.040466, 0.72942, 0.682868, 0.37472, -0.04032, -0.681679, 0.73054, 0.0, 0.0, 0.0, 0.0, 1.0],
                [0.997384, -0.072251, 0.002096, -0.0, 0.053751, 0.760771, 0.64679, 0.37472, -0.048326, -0.644986, 0.762665, 0.0, 0.0, 0.0, 0.0, 1.0],
                [0.996256, -0.086405, 0.003015, -0.0, 0.066522, 0.788343, 0.611629, 0.37472, -0.055224, -0.609138, 0.791139, 0.0, 0.0, 0.0, 0.0, 1.0],
                [0.99504, -0.099373, 0.004428, 0.0, 0.078534, 0.812139, 0.578155, 0.37472, -0.061049, -0.574939, 0.815915, 0.0, 0.0, 0.0, 0.0, 1.0],
                [0.993802, -0.110996, 0.006167, 0.0, 0.089558, 0.832254, 0.547113, 0.37472, -0.06586, -0.543169, 0.837036, 0.0, 0.0, 0.0, 0.0, 1.0],
                [0.992603, -0.121138, 0.008056, -0.0, 0.09938, 0.84885, 0.519209, 0.37472, -0.069734, -0.514568, 0.854609, -0.0, 0.0, 0.0, 0.0, 1.0],
                [0.991506, -0.129679, 0.009922, 0.0, 0.107802, 0.86212, 0.495103, 0.37472, -0.072758, -0.489828, 0.868778, -0.0, 0.0, 0.0, 0.0, 1.0],
                [0.99057, -0.136512, 0.011599, -0.0, 0.114641, 0.872264, 0.475409, 0.37472, -0.075017, -0.469596, 0.879689, 0.0, 0.0, 0.0, 0.0, 1.0],
                [0.989849, -0.141535, 0.01294, 0.0, 0.119727, 0.879445, 0.460698, 0.37472, -0.076585, -0.454472, 0.887463, -0.0, 0.0, 0.0, 0.0, 1.0],
                [0.989388, -0.14464, 0.013814, -0.0, 0.122895, 0.883765, 0.451504, 0.37472, -0.077514, -0.445014, 0.892162, -0.0, 0.0, 0.0, 0.0, 1.0],
                [0.989227, -0.145705, 0.014122, 0.0, 0.123986, 0.885227, 0.448331, 0.37472, -0.077825, -0.441751, 0.893756, -0.0, 0.0, 0.0, 0.0, 1.0],
                [0.98933, -0.145064, 0.013487, -0.0, 0.12338, 0.883467, 0.451955, 0.37472, -0.077478, -0.445469, 0.891939, -0.0, 0.0, 0.0, 0.0, 1.0],
                [0.989621, -0.143226, 0.011687, -0.0, 0.121657, 0.878317, 0.462342, 0.37472, -0.076484, -0.456121, 0.886625, -0.0, 0.0, 0.0, 0.0, 1.0],
                [0.990069, -0.140303, 0.008896, 0.0, 0.118969, 0.869873, 0.478714, 0.37472, -0.074903, -0.472901, 0.877926, -0.0, 0.0, 0.0, 0.0, 1.0],
                [0.99064, -0.136395, 0.005302, 0.0, 0.115476, 0.858148, 0.500247, 0.37472, -0.072781, -0.494952, 0.865867, -0.0, 0.0, 0.0, 0.0, 1.0],
                [0.991302, -0.131599, 0.001102, -0.0, 0.111342, 0.843116, 0.526078, 0.37472, -0.07016, -0.52138, 0.850436, -0.0, 0.0, 0.0, 0.0, 1.0],
                [0.992022, -0.126013, -0.003509, -0.0, 0.10673, 0.824758, 0.555323, 0.37472, -0.067084, -0.551267, 0.831627, 0.0, 0.0, 0.0, 0.0, 1.0],
                [0.992769, -0.119749, -0.008338, -0.0, 0.101801, 0.803096, 0.587089, 0.37472, -0.063607, -0.583693, 0.809479, 0.0, 0.0, 0.0, 0.0, 1.0],
                [0.993515, -0.112933, -0.013208, -0.0, 0.09671, 0.778223, 0.620497, 0.37472, -0.059796, -0.61775, 0.784098, -0.0, 0.0, 0.0, 0.0, 1.0],
                [0.994235, -0.105709, -0.017956, -0.0, 0.091599, 0.750321, 0.654697, 0.37472, -0.055735, -0.652568, 0.755678, 0.0, 0.0, 0.0, 0.0, 1.0],
                [0.99491, -0.098236, -0.022443, 0.0, 0.086599, 0.71967, 0.688895, 0.37472, -0.051523, -0.687332, 0.724514, 0.0, 0.0, 0.0, 0.0, 1.0],
                [0.995525, -0.090691, -0.026555, -0.0, 0.081822, 0.686648, 0.722371, 0.37472, -0.047279, -0.721312, 0.690995, -0.0, 0.0, 0.0, 0.0, 1.0],
                [0.99607, -0.08326, -0.030206, -0.0, 0.077364, 0.651837, 0.754403, 0.37472, -0.043123, -0.753775, 0.655716, 0.0, 0.0, 0.0, 0.0, 1.0],
                [0.99654, -0.076132, -0.033334, -0.0, 0.073315, 0.616395, 0.784017, 0.37472, -0.039142, -0.783748, 0.619844, -0.0, 0.0, 0.0, 0.0, 1.0],
                [0.996935, -0.069511, -0.035908, -0.0, 0.069753, 0.581783, 0.810347, 0.37472, -0.035437, -0.810368, 0.584849, 0.0, 0.0, 0.0, 0.0, 1.0],
                [0.997253, -0.063613, -0.037935, -0.0, 0.066736, 0.54962, 0.832745, 0.37472, -0.032124, -0.832989, 0.552356, -0.0, 0.0, 0.0, 0.0, 1.0],
                [0.997499, -0.058657, -0.039443, -0.0, 0.064314, 0.521618, 0.850752, 0.37472, -0.029328, -0.85116, 0.524086, -0.0, 0.0, 0.0, 0.0, 1.0],
                [0.997673, -0.054861, -0.040479, -0.0, 0.062526, 0.499528, 0.864038, 0.37472, -0.027182, -0.864559, 0.501796, 0.0, 0.0, 0.0, 0.0, 1.0],
                [0.997779, -0.052436, -0.041086, -0.0, 0.061412, 0.485077, 0.872312, 0.37472, -0.025811, -0.872898, 0.48722, 0.0, 0.0, 0.0, 0.0, 1.0],
                [0.997815, -0.051585, -0.04129, -0.0, 0.061026, 0.479915, 0.87519, 0.37472, -0.025331, -0.875797, 0.482014, 0.0, 0.0, 0.0, 0.0, 1.0],
                [0.997614, -0.056164, -0.040146, -0.0, 0.063075, 0.505109, 0.860748, 0.37472, -0.028065, -0.861226, 0.507446, -0.0, 0.0, 0.0, 0.0, 1.0],
                [0.997009, -0.06815, -0.036461, 0.0, 0.068898, 0.56988, 0.818834, 0.37472, -0.035025, -0.818897, 0.57287, -0.0, 0.0, 0.0, 0.0, 1.0],
                [0.995967, -0.084695, -0.0296, -0.0, 0.078112, 0.656279, 0.750465, 0.37472, -0.044135, -0.74975, 0.660248, -0.0, 0.0, 0.0, 0.0, 1.0],
                [0.994523, -0.102697, -0.019449, 0.0, 0.089917, 0.745737, 0.660145, 0.37472, -0.053291, -0.658278, 0.750886, -0.0, 0.0, 0.0, 0.0, 1.0],
                [0.992842, -0.119228, -0.007075, -0.0, 0.102781, 0.822705, 0.559099, 0.37472, -0.060839, -0.555824, 0.82907, 0.0, 0.0, 0.0, 0.0, 1.0],
                [0.991217, -0.132138, 0.005276, 0.0, 0.114609, 0.878262, 0.464243, 0.37472, -0.065978, -0.459561, 0.885692, -0.0, 0.0, 0.0, 0.0, 1.0],
