{
    "armature": {
        "joints": ["Root", "Thigh_R", "Leg_R", "Knee_R", "Thigh_L", "Leg_L", "Knee_L", "Torso", "Chest", "Head", "Shoulder_R", "Arm_R", "Hand_R", "Tool_R", "Elbow_R", "Shoulder_L", "Arm_L", "Hand_L", "Tool_L", "Elbow_L"],
        "hierarchy": [
            {
                "name": "Root",
                "transform": [1.0, 0.0, 0.0, -5e-06, 0.0, 0.0, -1.0, 0.000946, 0.0, 1.0, 0.0, 0.763972, 0.0, 0.0, 0.0, 1.0],
                "children": [
                    {
                        "name": "Thigh_R",
                        "transform": [1.0, -0.0, -0.0, 0.124994, -0.0, -1.0, 0.0, -0.002831, -0.0, -0.0, -1.0, -1.2e-05, 0.0, 0.0, 0.0, 1.0],
                        "children": [
                            {
                                "name": "Leg_R",
                                "transform": [1.0, 0.0, 1e-06, 0.0, -0.0, 1.0, 0.0, 0.37472, -1e-06, -0.0, 1.0, -0.0, 0.0, 0.0, 0.0, 1.0],
                                "children": []
                            },
                            {
                                "name": "Knee_R",
                                "transform": [1.0, 0.0, -0.0, 0.0, -0.0, 0.0, -1.0, 0.37472, -0.0, 1.0, 0.0, -0.0, 0.0, 0.0, 0.0, 1.0],
                                "children": []
                            }
                        ]
                    },
                    {
                        "name": "Thigh_L",
                        "transform": [1.0, -0.0, -0.0, -0.125006, -0.0, -1.0, 0.0, -0.002831, -0.0, -0.0, -1.0, -1.2e-05, 0.0, 0.0, 0.0, 1.0],
                        "children": [
                            {
                                "name": "Leg_L",
                                "transform": [1.0, 0.0, 1e-06, -0.0, -0.0, 1.0, 0.0, 0.37472, -1e-06, -0.0, 1.0, 0.0, 0.0, 0.0, 0.0, 1.0],
                                "children": []
                            },
                            {
                                "name": "Knee_L",
                                "transform": [1.0, 0.0, -0.0, -0.0, -0.0, 0.0, -1.0, 0.37472, -0.0, 1.0, 0.0, 0.0, 0.0, 0.0, 0.0, 1.0],
                                "children": []
                            }
                        ]
                    },
                    {
                        "name": "Torso",
                        "transform": [1.0, 0.0, 0.0, 0.0, 0.0, 1.0, 0.0, 0.05, 0.0, 0.0, 1.0, 0.0, 0.0, 0.0, 0.0, 1.0],
                        "children": [
                            {
                                "name": "Chest",
                                "transform": [1.0, 0.0, 0.0, 0.0, 0.0, 1.0, 0.0, 0.3, 0.0, 0.0, 1.0, 0.0, 0.0, 0.0, 0.0, 1.0],
                                "children": [
                                    {
                                        "name": "Head",
                                        "transform": [1.0, 0.0, 0.0, 0.0, 0.0, 1.0, 0.0, 0.4, 0.0, 0.0, 1.0, 0.0, 0.0, 0.0, 0.0, 1.0],
                                        "children": []
                                    },
                                    {
                                        "name": "Shoulder_R",
                                        "transform": [0.0, 0.952114, 0.305743, 0.0, 0.0, -0.305743, 0.952114, 0.4, 1.0, 0.0, -0.0, 0.0, 0.0, 0.0, 0.0, 1.0],
                                        "children": [
                                            {
                                                "name": "Arm_R",
                                                "transform": [0.0, -0.0, -1.0, -0.0, 0.952114, 0.305743, 0.0, 0.39386, 0.305743, -0.952114, 0.0, 0.0, 0.0, 0.0, 0.0, 1.0],
                                                "children": [
                                                    {
                                                        "name": "Hand_R",
                                                        "transform": [1.0, 0.0, 0.0, 0.0, -0.0, 0.993938, 0.109947, 0.3, -0.0, -0.109947, 0.993937, 0.0, 0.0, 0.0, 0.0, 1.0],
                                                        "children": [
                                                            {
                                                                "name": "Tool_R",
                                                                "transform": [1.0, 0.0, 0.0, -0.0, 0.0, -0.999836, 0.018122, 0.272858, 0.0, -0.018122, -0.999836, 0.0, 0.0, 0.0, 0.0, 1.0],
                                                                "children": []
                                                            }
                                                        ]
                                                    },
                                                    {
                                                        "name": "Elbow_R",
                                                        "transform": [-1.0, 0.0, -0.0, 0.0, 0.0, 0.0, -1.0, 0.3, -0.0, -1.0, -0.0, 0.0, 0.0, 0.0, 0.0, 1.0],
                                                        "children": []
                                                    }
                                                ]
                                            }
                                        ]
                                    },
                                    {
                                        "name": "Shoulder_L",
                                        "transform": [-0.0, -0.952114, -0.305743, 0.0, 0.0, -0.305743, 0.952114, 0.4, -1.0, 0.0, 0.0, 0.0, 0.0, 0.0, 0.0, 1.0],
                                        "children": [
                                            {
                                                "name": "Arm_L",
                                                "transform": [-0.0, -0.0, 1.0, -0.0, -0.952114, 0.305743, -0.0, 0.39386, -0.305743, -0.952114, -0.0, 0.0, 0.0, 0.0, 0.0, 1.0],
                                                "children": [
                                                    {
                                                        "name": "Hand_L",
                                                        "transform": [1.0, -0.0, 0.0, -0.0, 0.0, 0.993937, 0.109947, 0.3, -0.0, -0.109947, 0.993937, 0.0, 0.0, 0.0, 0.0, 1.0],
                                                        "children": [
                                                            {
                                                                "name": "Tool_L",
                                                                "transform": [1.0, 0.0, 0.0, -0.0, -0.0, -0.999836, 0.018122, 0.272858, 0.0, -0.018122, -0.999836, -0.0, 0.0, 0.0, 0.0, 1.0],
                                                                "children": []
                                                            }
                                                        ]
                                                    },
                                                    {
                                                        "name": "Elbow_L",
                                                        "transform": [-1.0, 0.0, -0.0, -0.0, 0.0, -0.0, -1.0, 0.3, -0.0, -1.0, 0.0, 0.0, 0.0, 0.0, 0.0, 1.0],
                                                        "children": []
                                                    }
                                                ]
                                            }
                                        ]
                                    }
                                ]
                            }
                        ]
                    }
                ]
            }
        ]
    },
    "animation": [
        {
            "name": "Root",
            "time": [0.0167, 0.0333, 0.05, 0.0667, 0.0833, 0.1, 0.1167, 0.1333, 0.15, 0.1667, 0.1833, 0.2, 0.2167, 0.2333, 0.25, 0.2667, 0.2833, 0.3, 0.3167, 0.3333, 0.35, 0.3667, 0.3833, 0.4, 0.4167, 0.4333, 0.45, 0.4667, 0.4833, 0.5, 0.5167, 0.5333, 0.55, 0.5667, 0.5833, 0.6, 0.6167, 0.6333, 0.65, 0.6667, 0.6833, 0.7, 0.7167, 0.7333, 0.75, 0.7667, 0.7833, 0.8, 0.8167, 0.8333, 0.85, 0.8667, 0.8833, 0.9, 0.9167, 0.9333, 0.95, 0.9667, 0.9833, 1.0, 1.0167, 1.0333, 1.05, 1.0667, 1.0833, 1.1, 1.1167, 1.1333, 1.15, 1.1667, 1.1833, 1.2, 1.2167, 1.2333, 1.25, 1.2667, 1.2833, 1.3, 1.3167, 1.3333, 1.35, 1.3667, 1.3833, 1.4],
            "transform": [
                [1.0, 0.0, 0.0, -5e-06, 0.0, 0.0, -1.0, 0.000946, 0.0, 1.0, 0.0, 0.763972, 0.0, 0.0, 0.0, 1.0],
                [1.0, 0.0, 0.0, -5e-06, 0.0, 0.0, -1.0, 0.000946, 0.0, 1.0, 0.0, 0.763972, 0.0, 0.0, 0.0, 1.0],
                [1.0, 0.0, 0.0, -5e-06, 0.0, 0.0, -1.0, 0.000946, 0.0, 1.0, 0.0, 0.763972, 0.0, 0.0, 0.0, 1.0],
                [1.0, 0.0, 0.0, -5e-06, 0.0, 0.0, -1.0, 0.000946, 0.0, 1.0, 0.0, 0.763972, 0.0, 0.0, 0.0, 1.0],
                [1.0, 0.0, 0.0, -5e-06, 0.0, 0.0, -1.0, 0.000946, 0.0, 1.0, 0.0, 0.763972, 0.0, 0.0, 0.0, 1.0],
                [1.0, 0.0, 0.0, -5e-06, 0.0, 0.0, -1.0, 0.000946, 0.0, 1.0, 0.0, 0.763972, 0.0, 0.0, 0.0, 1.0],
                [1.0, 0.0, 0.0, -5e-06, 0.0, 0.0, -1.0, 0.000946, 0.0, 1.0, 0.0, 0.763972, 0.0, 0.0, 0.0, 1.0],
                [1.0, 0.0, 0.0, -5e-06, 0.0, 0.0, -1.0, 0.001447, 0.0, 1.0, 0.0, 0.763972, 0.0, 0.0, 0.0, 1.0],
                [1.0, 0.0, 0.0, -5e-06, 0.0, 0.0, -1.0, 0.004954, 0.0, 1.0, 0.0, 0.763972, 0.0, 0.0, 0.0, 1.0],
                [1.0, 0.0, 0.0, -5e-06, 0.0, 0.0, -1.0, 0.014473, 0.0, 1.0, 0.0, 0.763972, 0.0, 0.0, 0.0, 1.0],
                [1.0, 0.0, 0.0, -5e-06, 0.0, 0.0, -1.0, 0.03301, 0.0, 1.0, 0.0, 0.763972, 0.0, 0.0, 0.0, 1.0],
                [1.0, 0.0, 0.0, -5e-06, 0.0, 0.0, -1.0, 0.06357, 0.0, 1.0, 0.0, 0.763972, 0.0, 0.0, 0.0, 1.0],
                [1.0, 0.0, 0.0, -5e-06, 0.0, 0.0, -1.0, 0.10916, 0.0, 1.0, 0.0, 0.763972, 0.0, 0.0, 0.0, 1.0],
                [1.0, 0.0, 0.0, -5e-06, 0.0, 0.0, -1.0, 0.189058, 0.0, 1.0, 0.0, 0.763972, 0.0, 0.0, 0.0, 1.0],
                [1.0, 0.0, 0.0, -5e-06, 0.0, 0.0, -1.0, 0.312976, 0.0, 1.0, 0.0, 0.763972, 0.0, 0.0, 0.0, 1.0],
                [1.0, 0.0, 0.0, -5e-06, 0.0, 0.0, -1.0, 0.469563, 0.0, 1.0, 0.0, 0.763972, 0.0, 0.0, 0.0, 1.0],
                [1.0, 0.0, 0.0, -5e-06, 0.0, 0.0, -1.0, 0.647474, 0.0, 1.0, 0.0, 0.763972, 0.0, 0.0, 0.0, 1.0],
                [1.0, 0.0, 0.0, -5e-06, 0.0, 0.0, -1.0, 0.835361, 0.0, 1.0, 0.0, 0.763972, 0.0, 0.0, 0.0, 1.0],
                [1.0, 0.0, 0.0, -5e-06, 0.0, 0.0, -1.0, 1.021874, 0.0, 1.0, 0.0, 0.763972, 0.0, 0.0, 0.0, 1.0],
                [1.0, 0.0, 0.0, -5e-06, 0.0, 0.0, -1.0, 1.195668, 0.0, 1.0, 0.0, 0.763972, 0.0, 0.0, 0.0, 1.0],
                [1.0, 0.0, 0.0, -5e-06, 0.0, 0.0, -1.0, 1.345394, 0.0, 1.0, 0.0, 0.763972, 0.0, 0.0, 0.0, 1.0],
                [1.0, 0.0, 0.0, -5e-06, 0.0, 0.0, -1.0, 1.459705, 0.0, 1.0, 0.0, 0.763972, 0.0, 0.0, 0.0, 1.0],
                [1.0, 0.0, 0.0, -5e-06, 0.0, 0.0, -1.0, 1.527252, 0.0, 1.0, 0.0, 0.763972, 0.0, 0.0, 0.0, 1.0],
                [1.0, 0.0, 0.0, -5e-06, 0.0, 0.0, -1.0, 1.563315, 0.0, 1.0, 0.0, 0.763972, 0.0, 0.0, 0.0, 1.0],
                [1.0, 0.0, 0.0, -5e-06, 0.0, 0.0, -1.0, 1.5914, 0.0, 1.0, 0.0, 0.763972, 0.0, 0.0, 0.0, 1.0],
                [1.0, 0.0, 0.0, -5e-06, 0.0, 0.0, -1.0, 1.612506, 0.0, 1.0, 0.0, 0.763972, 0.0, 0.0, 0.0, 1.0],
                [1.0, 0.0, 0.0, -5e-06, 0.0, 0.0, -1.0, 1.627629, 0.0, 1.0, 0.0, 0.763972, 0.0, 0.0, 0.0, 1.0],
                [1.0, 0.0, 0.0, -5e-06, 0.0, 0.0, -1.0, 1.637766, 0.0, 1.0, 0.0, 0.763972, 0.0, 0.0, 0.0, 1.0],
                [1.0, 0.0, 0.0, -5e-06, 0.0, 0.0, -1.0, 1.643915, 0.0, 1.0, 0.0, 0.763972, 0.0, 0.0, 0.0, 1.0],
                [1.0, 0.0, 0.0, -5e-06, 0.0, 0.0, -1.0, 1.647072, 0.0, 1.0, 0.0, 0.763972, 0.0, 0.0, 0.0, 1.0],
                [1.0, 0.0, 0.0, -5e-06, 0.0, 0.0, -1.0, 1.648236, 0.0, 1.0, 0.0, 0.763972, 0.0, 0.0, 0.0, 1.0],
                [1.0, 0.0, 0.0, -5e-06, 0.0, 0.0, -1.0, 1.648402, 0.0, 1.0, 0.0, 0.763972, 0.0, 0.0, 0.0, 1.0],
                [1.0, 0.0, 0.0, -5e-06, 0.0, 0.0, -1.0, 1.648402, 0.0, 1.0, 0.0, 0.763972, 0.0, 0.0, 0.0, 1.0],
                [1.0, 0.0, 0.0, -5e-06, 0.0, 0.0, -1.0, 1.648402, 0.0, 1.0, 0.0, 0.763972, 0.0, 0.0, 0.0, 1.0],
                [1.0, 0.0, 0.0, -5e-06, 0.0, 0.0, -1.0, 1.648402, 0.0, 1.0, 0.0, 0.763972, 0.0, 0.0, 0.0, 1.0],
                [1.0, 0.0, 0.0, -5e-06, 0.0, 0.0, -1.0, 1.648402, 0.0, 1.0, 0.0, 0.763972, 0.0, 0.0, 0.0, 1.0],
                [1.0, 0.0, 0.0, -5e-06, 0.0, 0.0, -1.0, 1.648402, 0.0, 1.0, 0.0, 0.763972, 0.0, 0.0, 0.0, 1.0],
                [1.0, 0.0, 0.0, -5e-06, 0.0, 0.0, -1.0, 1.648402, 0.0, 1.0, 0.0, 0.763972, 0.0, 0.0, 0.0, 1.0],
                [1.0, 0.0, 0.0, -5e-06, 0.0, 0.0, -1.0, 1.648402, 0.0, 1.0, 0.0, 0.763972, 0.0, 0.0, 0.0, 1.0],
                [1.0, 0.0, 0.0, -5e-06, 0.0, 0.0, -1.0, 1.648402, 0.0, 1.0, 0.0, 0.763972, 0.0, 0.0, 0.0, 1.0],
                [1.0, 0.0, 0.0, -5e-06, 0.0, 0.0, -1.0, 1.648402, 0.0, 1.0, 0.0, 0.763972, 0.0, 0.0, 0.0, 1.0],
                [1.0, 0.0, 0.0, -5e-06, 0.0, 0.0, -1.0, 1.648402, 0.0, 1.0, 0.0, 0.763972, 0.0, 0.0, 0.0, 1.0],
                [1.0, 0.0, 0.0, -5e-06, 0.0, 0.0, -1.0, 1.648402, 0.0, 1.0, 0.0, 0.763972, 0.0, 0.0, 0.0, 1.0],
                [1.0, 0.0, 0.0, -5e-06, 0.0, 0.0, -1.0, 1.648402, 0.0, 1.0, 0.0, 0.763972, 0.0, 0.0, 0.0, 1.0],
                [1.0, 0.0, 0.0, -5e-06, 0.0, 0.0, -1.0, 1.648402, 0.0, 1.0, 0.0, 0.763972, 0.0, 0.0, 0.0, 1.0],
                [1.0, 0.0, 0.0, -5e-06, 0.0, 0.0, -1.0, 1.648402, 0.0, 1.0, 0.0, 0.763972, 0.0, 0.0, 0.0, 1.0],
                [1.0, 0.0, 0.0, -5e-06, 0.0, 0.0, -1.0, 1.648402, 0.0, 1.0, 0.0, 0.763972, 0.0, 0.0, 0.0, 1.0],
                [1.0, 0.0, 0.0, -5e-06, 0.0, 0.0, -1.0, 1.648402, 0.0, 1.0, 0.0, 0.763972, 0.0, 0.0, 0.0, 1.0],
                [1.0, 0.0, 0.0, -5e-06, 0.0, 0.0, -1.0, 1.648402, 0.0, 1.0, 0.0, 0.763972, 0.0, 0.0, 0.0, 1.0],
                [1.0, 0.0, 0.0, -5e-06, 0.0, 0.0, -1.0, 1.648402, 0.0, 1.0, 0.0, 0.763972, 0.0, 0.0, 0.0, 1.0],
                [1.0, 0.0, 0.0, -5e-06, 0.0, 0.0, -1.0, 1.648402, 0.0, 1.0, 0.0, 0.763972, 0.0, 0.0, 0.0, 1.0],
                [1.0, 0.0, 0.0, -5e-06, 0.0, 0.0, -1.0, 1.648402, 0.0, 1.0, 0.0, 0.763972, 0.0, 0.0, 0.0, 1.0],
                [1.0, 0.0, 0.0, -5e-06, 0.0, 0.0, -1.0, 1.648402, 0.0, 1.0, 0.0, 0.763972, 0.0, 0.0, 0.0, 1.0],
                [1.0, 0.0, 0.0, -5e-06, 0.0, 0.0, -1.0, 1.648402, 0.0, 1.0, 0.0, 0.763972, 0.0, 0.0, 0.0, 1.0],
                [1.0, 0.0, 0.0, -5e-06, 0.0, 0.0, -1.0, 1.648402, 0.0, 1.0, 0.0, 0.763972, 0.0, 0.0, 0.0, 1.0],
                [1.0, 0.0, 0.0, -5e-06, 0.0, 0.0, -1.0, 1.648402, 0.0, 1.0, 0.0, 0.763972, 0.0, 0.0, 0.0, 1.0],
                [1.0, 0.0, 0.0, -5e-06, 0.0, 0.0, -1.0, 1.648402, 0.0, 1.0, 0.0, 0.763972, 0.0, 0.0, 0.0, 1.0],
                [1.0, 0.0, 0.0, -5e-06, 0.0, 0.0, -1.0, 1.648402, 0.0, 1.0, 0.0, 0.763972, 0.0, 0.0, 0.0, 1.0],
                [1.0, 0.0, 0.0, -5e-06, 0.0, 0.0, -1.0, 1.648402, 0.0, 1.0, 0.0, 0.763972, 0.0, 0.0, 0.0, 1.0],
                [1.0, 0.0, 0.0, -5e-06, 0.0, 0.0, -1.0, 1.648402, 0.0, 1.0, 0.0, 0.763972, 0.0, 0.0, 0.0, 1.0],
                [1.0, 0.0, 0.0, -5e-06, 0.0, 0.0, -1.0, 1.645469, 0.0, 1.0, 0.0, 0.763972, 0.0, 0.0, 0.0, 1.0],
                [1.0, 0.0, 0.0, -5e-06, 0.0, 0.0, -1.0, 1.637005, 0.0, 1.0, 0.0, 0.763972, 0.0, 0.0, 0.0, 1.0],
                [1.0, 0.0, 0.0, -5e-06, 0.0, 0.0, -1.0, 1.623513, 0.0, 1.0, 0.0, 0.763972, 0.0, 0.0, 0.0, 1.0],
                [1.0, 0.0, 0.0, -5e-06, 0.0, 0.0, -1.0, 1.605495, 0.0, 1.0, 0.0, 0.763972, 0.0, 0.0, 0.0, 1.0],
                [1.0, 0.0, 0.0, -5e-06, 0.0, 0.0, -1.0, 1.583455, 0.0, 1.0, 0.0, 0.763972, 0.0, 0.0, 0.0, 1.0],
                [1.0, 0.0, 0.0, -5e-06, 0.0, 0.0, -1.0, 1.557895, 0.0, 1.0, 0.0, 0.763972, 0.0, 0.0, 0.0, 1.0],
                [1.0, 0.0, 0.0, -5e-06, 0.0, 0.0, -1.0, 1.529318, 0.0, 1.0, 0.0, 0.763972, 0.0, 0.0, 0.0, 1.0],
                [1.0, 0.0, 0.0, -5e-06, 0.0, 0.0, -1.0, 1.498227, 0.0, 1.0, 0.0, 0.763972, 0.0, 0.0, 0.0, 1.0],
                [1.0, 0.0, 0.0, -5e-06, 0.0, 0.0, -1.0, 1.465125, 0.0, 1.0, 0.0, 0.763972, 0.0, 0.0, 0.0, 1.0],
                [1.0, 0.0, 0.0, -5e-06, 0.0, 0.0, -1.0, 1.430514, 0.0, 1.0, 0.0, 0.763972, 0.0, 0.0, 0.0, 1.0],
                [1.0, 0.0, 0.0, -5e-06, 0.0, 0.0, -1.0, 1.394898, 0.0, 1.0, 0.0, 0.763972, 0.0, 0.0, 0.0, 1.0],
                [1.0, 0.0, 0.0, -5e-06, 0.0, 0.0, -1.0, 1.358779, 0.0, 1.0, 0.0, 0.763972, 0.0, 0.0, 0.0, 1.0],
                [1.0, 0.0, 0.0, -5e-06, 0.0, 0.0, -1.0, 1.322659, 0.0, 1.0, 0.0, 0.763972, 0.0, 0.0, 0.0, 1.0],
                [1.0, 0.0, 0.0, -5e-06, 0.0, 0.0, -1.0, 1.287043, 0.0, 1.0, 0.0, 0.763972, 0.0, 0.0, 0.0, 1.0],
                [1.0, 0.0, 0.0, -5e-06, 0.0, 0.0, -1.0, 1.252432, 0.0, 1.0, 0.0, 0.763972, 0.0, 0.0, 0.0, 1.0],
                [1.0, 0.0, 0.0, -5e-06, 0.0, 0.0, -1.0, 1.21933, 0.0, 1.0, 0.0, 0.763972, 0.0, 0.0, 0.0, 1.0],
                [1.0, 0.0, 0.0, -5e-06, 0.0, 0.0, -1.0, 1.188239, 0.0, 1.0, 0.0, 0.763972, 0.0, 0.0, 0.0, 1.0],
                [1.0, 0.0, 0.0, -5e-06, 0.0, 0.0, -1.0, 1.159662, 0.0, 1.0, 0.0, 0.763972, 0.0, 0.0, 0.0, 1.0],
                [1.0, 0.0, 0.0, -5e-06, 0.0, 0.0, -1.0, 1.134102, 0.0, 1.0, 0.0, 0.763972, 0.0, 0.0, 0.0, 1.0],
                [1.0, 0.0, 0.0, -5e-06, 0.0, 0.0, -1.0, 1.112062, 0.0, 1.0, 0.0, 0.763972, 0.0, 0.0, 0.0, 1.0],
                [1.0, 0.0, 0.0, -5e-06, 0.0, 0.0, -1.0, 1.094045, 0.0, 1.0, 0.0, 0.763972, 0.0, 0.0, 0.0, 1.0],
                [1.0, 0.0, 0.0, -5e-06, 0.0, 0.0, -1.0, 1.080552, 0.0, 1.0, 0.0, 0.763972, 0.0, 0.0, 0.0, 1.0],
                [1.0, 0.0, 0.0, -5e-06, 0.0, 0.0, -1.0, 1.072088, 0.0, 1.0, 0.0, 0.763972, 0.0, 0.0, 0.0, 1.0],
                [1.0, 0.0, 0.0, -5e-06, 0.0, 0.0, -1.0, 1.069155, 0.0, 1.0, 0.0, 0.763972, 0.0, 0.0, 0.0, 1.0]
            ]
        },
        {
            "name": "Thigh_R",
            "time": [0.0167, 0.0333, 0.05, 0.0667, 0.0833, 0.1, 0.1167, 0.1333, 0.15, 0.1667, 0.1833, 0.2, 0.2167, 0.2333, 0.25, 0.2667, 0.2833, 0.3, 0.3167, 0.3333, 0.35, 0.3667, 0.3833, 0.4, 0.4167, 0.4333, 0.45, 0.4667, 0.4833, 0.5, 0.5167, 0.5333, 0.55, 0.5667, 0.5833, 0.6, 0.6167, 0.6333, 0.65, 0.6667, 0.6833, 0.7, 0.7167, 0.7333, 0.75, 0.7667, 0.7833, 0.8, 0.8167, 0.8333, 0.85, 0.8667, 0.8833, 0.9, 0.9167, 0.9333, 0.95, 0.9667, 0.9833, 1.0, 1.0167, 1.0333, 1.05, 1.0667, 1.0833, 1.1, 1.1167, 1.1333, 1.15, 1.1667, 1.1833, 1.2, 1.2167, 1.2333, 1.25, 1.2667, 1.2833, 1.3, 1.3167, 1.3333, 1.35, 1.3667, 1.3833, 1.4],
            "transform": [
                [0.969577, 0.068137, 0.235113, 0.124994, 0.098696, -0.987764, -0.120751, -0.002831, 0.224009, 0.140282, -0.964438, -1.2e-05, 0.0, 0.0, 0.0, 1.0],
                [0.969577, 0.068137, 0.235113, 0.124994, 0.098696, -0.987764, -0.120751, -0.002831, 0.224009, 0.140282, -0.964438, -1.2e-05, 0.0, 0.0, 0.0, 1.0],
                [0.969577, 0.068137, 0.235113, 0.124994, 0.098696, -0.987764, -0.120751, -0.002831, 0.224009, 0.140282, -0.964438, -1.2e-05, 0.0, 0.0, 0.0, 1.0],
                [0.969577, 0.068137, 0.235113, 0.124994, 0.098696, -0.987764, -0.120751, -0.002831, 0.224009, 0.140282, -0.964438, -1.2e-05, 0.0, 0.0, 0.0, 1.0],
                [0.969577, 0.068137, 0.235113, 0.124994, 0.098696, -0.987764, -0.120751, -0.002831, 0.224009, 0.140282, -0.964438, -1.2e-05, 0.0, 0.0, 0.0, 1.0],
                [0.969577, 0.068137, 0.235113, 0.124994, 0.098696, -0.987764, -0.120751, -0.002831, 0.224009, 0.140282, -0.964438, -1.2e-05, 0.0, 0.0, 0.0, 1.0],
                [0.969577, 0.068137, 0.235113, 0.124994, 0.098696, -0.987764, -0.120751, -0.002831, 0.224009, 0.140282, -0.964438, -1.2e-05, 0.0, 0.0, 0.0, 1.0],
                [0.969577, 0.069909, 0.234592, 0.124994, 0.098696, -0.988647, -0.113297, -0.002831, 0.224009, 0.133004, -0.965469, -1.2e-05, 0.0, 0.0, 0.0, 1.0],
                [0.969577, 0.074944, 0.233033, 0.124994, 0.098696, -0.990857, -0.091982, -0.002831, 0.224009, 0.112183, -0.968109, -1.2e-05, 0.0, 0.0, 0.0, 1.0],
                [0.969577, 0.082811, 0.230355, 0.124994, 0.098696, -0.993408, -0.058297, -0.002831, 0.224009, 0.079258, -0.971359, -1.2e-05, 0.0, 0.0, 0.0, 1.0],
                [0.969577, 0.093047, 0.226413, 0.124994, 0.098696, -0.995023, -0.013734, -0.002831, 0.224009, 0.035663, -0.973934, -1.2e-05, 0.0, 0.0, 0.0, 1.0],
                [0.969577, 0.105153, 0.221051, 0.124994, 0.098696, -0.99431, 0.040086, -0.002831, 0.224009, -0.01705, -0.974438, -1.2e-05, 0.0, 0.0, 0.0, 1.0],
                [0.969577, 0.118587, 0.214145, 0.124994, 0.098696, -0.989944, 0.101337, -0.002831, 0.224009, -0.077118, -0.971531, -1.2e-05, 0.0, 0.0, 0.0, 1.0],
                [0.969577, 0.132775, 0.205649, 0.124994, 0.098696, -0.980843, 0.167945, -0.002831, 0.224009, -0.142539, -0.964107, -1.2e-05, 0.0, 0.0, 0.0, 1.0],
                [0.969577, 0.147136, 0.195632, 0.124994, 0.098696, -0.966328, 0.237632, -0.002831, 0.224009, -0.211095, -0.951451, -1.2e-05, 0.0, 0.0, 0.0, 1.0],
                [0.969577, 0.161116, 0.184289, 0.124994, 0.098696, -0.94625, 0.30801, -0.002831, 0.224009, -0.28045, -0.933364, -1.2e-05, 0.0, 0.0, 0.0, 1.0],
                [0.969577, 0.174225, 0.171949, 0.124994, 0.098696, -0.921054, 0.376721, -0.002831, 0.224009, -0.348289, -0.910228, -1.2e-05, 0.0, 0.0, 0.0, 1.0],
                [0.969577, 0.186071, 0.159055, 0.124994, 0.098696, -0.891767, 0.4416, -0.002831, 0.224009, -0.412467, -0.883001, -1.2e-05, 0.0, 0.0, 0.0, 1.0],
                [0.969577, 0.196386, 0.146128, 0.124994, 0.098696, -0.859916, 0.500803, -0.002831, 0.224009, -0.471145, -0.853137, -1.2e-05, 0.0, 0.0, 0.0, 1.0],
                [0.969577, 0.205025, 0.133738, 0.124994, 0.098696, -0.82739, 0.552887, -0.002831, 0.224009, -0.522867, -0.822454, -1.2e-05, 0.0, 0.0, 0.0, 1.0],
                [0.969577, 0.211956, 0.122456, 0.124994, 0.098696, -0.796285, 0.596815, -0.002831, 0.224009, -0.566572, -0.792979, -1.2e-05, 0.0, 0.0, 0.0, 1.0],
                [0.969577, 0.217229, 0.112838, 0.124994, 0.098696, -0.768749, 0.631889, -0.002831, 0.224009, -0.601528, -0.766801, -1.2e-05, 0.0, 0.0, 0.0, 1.0],
                [0.969577, 0.220934, 0.105399, 0.124994, 0.098696, -0.746858, 0.657618, -0.002831, 0.224009, -0.627209, -0.745942, -1.2e-05, 0.0, 0.0, 0.0, 1.0],
                [0.969577, 0.223152, 0.100618, 0.124994, 0.098696, -0.732524, 0.673548, -0.002831, 0.224009, -0.643126, -0.732263, -1.2e-05, 0.0, 0.0, 0.0, 1.0],
                [0.969577, 0.223905, 0.098932, 0.124994, 0.098696, -0.727423, 0.679054, -0.002831, 0.224009, -0.648631, -0.727391, -1.2e-05, 0.0, 0.0, 0.0, 1.0],
                [0.969577, 0.223905, 0.098932, 0.124994, 0.098696, -0.727423, 0.679054, -0.002831, 0.224009, -0.648631, -0.727391, -1.2e-05, 0.0, 0.0, 0.0, 1.0],
                [0.969577, 0.223905, 0.098932, 0.124994, 0.098696, -0.727423, 0.679054, -0.002831, 0.224009, -0.648631, -0.727391, -1.2e-05, 0.0, 0.0, 0.0, 1.0],
                [0.969577, 0.223905, 0.098932, 0.124994, 0.098696, -0.727423, 0.679054, -0.002831, 0.224009, -0.648631, -0.727391, -1.2e-05, 0.0, 0.0, 0.0, 1.0],
                [0.969577, 0.223905, 0.098932, 0.124994, 0.098696, -0.727423, 0.679054, -0.002831, 0.224009, -0.648631, -0.727391, -1.2e-05, 0.0, 0.0, 0.0, 1.0],
                [0.969577, 0.223905, 0.098932, 0.124994, 0.098696, -0.727423, 0.679054, -0.002831, 0.224009, -0.648631, -0.727391, -1.2e-05, 0.0, 0.0, 0.0, 1.0],
                [0.969577, 0.223905, 0.098932, 0.124994, 0.098696, -0.727423, 0.679054, -0.002831, 0.224009, -0.648631, -0.727391, -1.2e-05, 0.0, 0.0, 0.0, 1.0],
                [0.969577, 0.223905, 0.098932, 0.124994, 0.098696, -0.727423, 0.679054, -0.002831, 0.224009, -0.648631, -0.727391, -1.2e-05, 0.0, 0.0, 0.0, 1.0],
                [0.969577, 0.223905, 0.098932, 0.124994, 0.098696, -0.727423, 0.679054, -0.002831, 0.224009, -0.648631, -0.727391, -1.2e-05, 0.0, 0.0, 0.0, 1.0],
                [0.969577, 0.223905, 0.098932, 0.124994, 0.098696, -0.727423, 0.679054, -0.002831, 0.224009, -0.648631, -0.727391, -1.2e-05, 0.0, 0.0, 0.0, 1.0],
                [0.969577, 0.223905, 0.098932, 0.124994, 0.098696, -0.727423, 0.679054, -0.002831, 0.224009, -0.648631, -0.727391, -1.2e-05, 0.0, 0.0, 0.0, 1.0],
                [0.969577, 0.223905, 0.098932, 0.124994, 0.098696, -0.727423, 0.679054, -0.002831, 0.224009, -0.648631, -0.727391, -1.2e-05, 0.0, 0.0, 0.0, 1.0],
                [0.969577, 0.223905, 0.098932, 0.124994, 0.098696, -0.727423, 0.679054, -0.002831, 0.224009, -0.648631, -0.727391, -1.2e-05, 0.0, 0.0, 0.0, 1.0],
                [0.969577, 0.223905, 0.098932, 0.124994, 0.098696, -0.727423, 0.679054, -0.002831, 0.224009, -0.648631, -0.727391, -1.2e-05, 0.0, 0.0, 0.0, 1.0],
                [0.969577, 0.223905, 0.098932, 0.124994, 0.098696, -0.727423, 0.679054, -0.002831, 0.224009, -0.648631, -0.727391, -1.2e-05, 0.0, 0.0, 0.0, 1.0],
                [0.969577, 0.223905, 0.098932, 0.124994, 0.098696, -0.727423, 0.679054, -0.002831, 0.224009, -0.648631, -0.727391, -1.2e-05, 0.0, 0.0, 0.0, 1.0],
                [0.969577, 0.223905, 0.098932, 0.124994, 0.098696, -0.727423, 0.679054, -0.002831, 0.224009, -0.648631, -0.727391, -1.2e-05, 0.0, 0.0, 0.0, 1.0],
                [0.969577, 0.223905, 0.098932, 0.124994, 0.098696, -0.727423, 0.679054, -0.002831, 0.224009, -0.648631, -0.727391, -1.2e-05, 0.0, 0.0, 0.0, 1.0],
                [0.969577, 0.223905, 0.098932, 0.124994, 0.098696, -0.727423, 0.679054, -0.002831, 0.224009, -0.648631, -0.727391, -1.2e-05, 0.0, 0.0, 0.0, 1.0],
                [0.969577, 0.223905, 0.098932, 0.124994, 0.098696, -0.727423, 0.679054, -0.002831, 0.224009, -0.648631, -0.727391, -1.2e-05, 0.0, 0.0, 0.0, 1.0],
                [0.969577, 0.223905, 0.098932, 0.124994, 0.098696, -0.727423, 0.679054, -0.002831, 0.224009, -0.648631, -0.727391, -1.2e-05, 0.0, 0.0, 0.0, 1.0],
                [0.969577, 0.223905, 0.098932, 0.124994, 0.098696, -0.727423, 0.679054, -0.002831, 0.224009, -0.648631, -0.727391, -1.2e-05, 0.0, 0.0, 0.0, 1.0],
                [0.969577, 0.223905, 0.098932, 0.124994, 0.098696, -0.727423, 0.679054, -0.002831, 0.224009, -0.648631, -0.727391, -1.2e-05, 0.0, 0.0, 0.0, 1.0],
                [0.969577, 0.223905, 0.098932, 0.124994, 0.098696, -0.727423, 0.679054, -0.002831, 0.224009, -0.648631, -0.727391, -1.2e-05, 0.0, 0.0, 0.0, 1.0],
                [0.969577, 0.223905, 0.098932, 0.124994, 0.098696, -0.727423, 0.679054, -0.002831, 0.224009, -0.648631, -0.727391, -1.2e-05, 0.0, 0.0, 0.0, 1.0],
                [0.969577, 0.223905, 0.098932, 0.124994, 0.098696, -0.727423, 0.679054, -0.002831, 0.224009, -0.648631, -0.727391, -1.2e-05, 0.0, 0.0, 0.0, 1.0],
                [0.969577, 0.223905, 0.098932, 0.124994, 0.098696, -0.727423, 0.679054, -0.002831, 0.224009, -0.648631, -0.727391, -1.2e-05, 0.0, 0.0, 0.0, 1.0],
                [0.969577, 0.223905, 0.098932, 0.124994, 0.098696, -0.727423, 0.679054, -0.002831, 0.224009, -0.648631, -0.727391, -1.2e-05, 0.0, 0.0, 0.0, 1.0],
                [0.969577, 0.223905, 0.098932, 0.124994, 0.098696, -0.727423, 0.679054, -0.002831, 0.224009, -0.648631, -0.727391, -1.2e-05, 0.0, 0.0, 0.0, 1.0],
                [0.969577, 0.223905, 0.098932, 0.124994, 0.098696, -0.727423, 0.679054, -0.002831, 0.224009, -0.648631, -0.727391, -1.2e-05, 0.0, 0.0, 0.0, 1.0],
                [0.969577, 0.223905, 0.098932, 0.124994, 0.098696, -0.727423, 0.679054, -0.002831, 0.224009, -0.648631, -0.727391, -1.2e-05, 0.0, 0.0, 0.0, 1.0],
                [0.969577, 0.223905, 0.098932, 0.124994, 0.098696, -0.727423, 0.679054, -0.002831, 0.224009, -0.648631, -0.727391, -1.2e-05, 0.0, 0.0, 0.0, 1.0],
                [0.969577, 0.223905, 0.098932, 0.124994, 0.098696, -0.727423, 0.679054, -0.002831, 0.224009, -0.648631, -0.727391, -1.2e-05, 0.0, 0.0, 0.0, 1.0],
                [0.969577, 0.223905, 0.098932, 0.124994, 0.098696, -0.727423, 0.679054, -0.002831, 0.224009, -0.648631, -0.727391, -1.2e-05, 0.0, 0.0, 0.0, 1.0],
                [0.969577, 0.223905, 0.098932, 0.124994, 0.098696, -0.727423, 0.679054, -0.002831, 0.224009, -0.648631, -0.727391, -1.2e-05, 0.0, 0.0, 0.0, 1.0],
                [0.969577, 0.223905, 0.098932, 0.124994, 0.098696, -0.727423, 0.679054, -0.002831, 0.224009, -0.648631, -0.727391, -1.2e-05, 0.0, 0.0, 0.0, 1.0],
                [0.969577, 0.223645, 0.099518, 0.124994, 0.098696, -0.729201, 0.677145, -0.002831, 0.224009, -0.646722, -0.729089, -1.2e-05, 0.0, 0.0, 0.0, 1.0],
                [0.969577, 0.222885, 0.101208, 0.124994, 0.098696, -0.734306, 0.671605, -0.002831, 0.224009, -0.641184, -0.733964, -1.2e-05, 0.0, 0.0, 0.0, 1.0],
                [0.969577, 0.221646, 0.103894, 0.124994, 0.098696, -0.742367, 0.662684, -0.002831, 0.224009, -0.63227, -0.741657, -1.2e-05, 0.0, 0.0, 0.0, 1.0],
                [0.969577, 0.219938, 0.107462, 0.124994, 0.098696, -0.752979, 0.6506, -0.002831, 0.224009, -0.620201, -0.751779, -1.2e-05, 0.0, 0.0, 0.0, 1.0],
                [0.969577, 0.217766, 0.111798, 0.124994, 0.098696, -0.765719, 0.635557, -0.002831, 0.224009, -0.605188, -0.763916, -1.2e-05, 0.0, 0.0, 0.0, 1.0],
                [0.969577, 0.215135, 0.116782, 0.124994, 0.098696, -0.780148, 0.617761, -0.002831, 0.224009, -0.587441, -0.777646, -1.2e-05, 0.0, 0.0, 0.0, 1.0],
                [0.969577, 0.212051, 0.122292, 0.124994, 0.098696, -0.795823, 0.597432, -0.002831, 0.224009, -0.567186, -0.79254, -1.2e-05, 0.0, 0.0, 0.0, 1.0],
                [0.969577, 0.208528, 0.128207, 0.124994, 0.098696, -0.812309, 0.574815, -0.002831, 0.224009, -0.544674, -0.808177, -1.2e-05, 0.0, 0.0, 0.0, 1.0],
                [0.969577, 0.204588, 0.134404, 0.124994, 0.098696, -0.829185, 0.550191, -0.002831, 0.224009, -0.520187, -0.824151, -1.2e-05, 0.0, 0.0, 0.0, 1.0],
                [0.969577, 0.200266, 0.140764, 0.124994, 0.098696, -0.846057, 0.523876, -0.002831, 0.224009, -0.494045, -0.840083, -1.2e-05, 0.0, 0.0, 0.0, 1.0],
                [0.969577, 0.195607, 0.147169, 0.124994, 0.098696, -0.862564, 0.496228, -0.002831, 0.224009, -0.466607, -0.855627, -1.2e-05, 0.0, 0.0, 0.0, 1.0],
                [0.969577, 0.19067, 0.153511, 0.124994, 0.098696, -0.878389, 0.467645, -0.002831, 0.224009, -0.438267, -0.870484, -1.2e-05, 0.0, 0.0, 0.0, 1.0],
                [0.969577, 0.185528, 0.159688, 0.124994, 0.098696, -0.893267, 0.438557, -0.002831, 0.224009, -0.409454, -0.884402, -1.2e-05, 0.0, 0.0, 0.0, 1.0],
                [0.969577, 0.180264, 0.165607, 0.124994, 0.098696, -0.906989, 0.409427, -0.002831, 0.224009, -0.380626, -0.897187, -1.2e-05, 0.0, 0.0, 0.0, 1.0],
                [0.969577, 0.174974, 0.171187, 0.124994, 0.098696, -0.919401, 0.380738, -0.002831, 0.224009, -0.352259, -0.908699, -1.2e-05, 0.0, 0.0, 0.0, 1.0],
                [0.969577, 0.16976, 0.176358, 0.124994, 0.098696, -0.930407, 0.352988, -0.002831, 0.224009, -0.324844, -0.918856, -1.2e-05, 0.0, 0.0, 0.0, 1.0],
                [0.969577, 0.164733, 0.181063, 0.124994, 0.098696, -0.939966, 0.326684, -0.002831, 0.224009, -0.298875, -0.927628, -1.2e-05, 0.0, 0.0, 0.0, 1.0],
                [0.969577, 0.160008, 0.185252, 0.124994, 0.098696, -0.94808, 0.302329, -0.002831, 0.224009, -0.274848, -0.935029, -1.2e-05, 0.0, 0.0, 0.0, 1.0],
                [0.969577, 0.155701, 0.188886, 0.124994, 0.098696, -0.954789, 0.280423, -0.002831, 0.224009, -0.253249, -0.941108, -1.2e-05, 0.0, 0.0, 0.0, 1.0],
                [0.969577, 0.151929, 0.191933, 0.124994, 0.098696, -0.960156, 0.261455, -0.002831, 0.224009, -0.234558, -0.94594, -1.2e-05, 0.0, 0.0, 0.0, 1.0],
                [0.969577, 0.148807, 0.194364, 0.124994, 0.098696, -0.964256, 0.245904, -0.002831, 0.224009, -0.21924, -0.949607, -1.2e-05, 0.0, 0.0, 0.0, 1.0],
                [0.969577, 0.146448, 0.196147, 0.124994, 0.098696, -0.967157, 0.234236, -0.002831, 0.224009, -0.20775, -0.952187, -1.2e-05, 0.0, 0.0, 0.0, 1.0],
                [0.969577, 0.144959, 0.19725, 0.124994, 0.098696, -0.968902, 0.226907, -0.002831, 0.224009, -0.200536, -0.953732, -1.2e-05, 0.0, 0.0, 0.0, 1.0],
                [0.969577, 0.144441, 0.19763, 0.124994, 0.098696, -0.969494, 0.224367, -0.002831, 0.224009, -0.198035, -0.954255, -1.2e-05, 0.0, 0.0, 0.0, 1.0]
            ]
        },
        {
            "name": "Leg_R",
            "time": [0.0167, 0.0333, 0.05, 0.0667, 0.0833, 0.1, 0.1167, 0.1333, 0.15, 0.1667, 0.1833, 0.2, 0.2167, 0.2333, 0.25, 0.2667, 0.2833, 0.3, 0.3167, 0.3333, 0.35, 0.3667, 0.3833, 0.4, 0.4167, 0.4333, 0.45, 0.4667, 0.4833, 0.5, 0.5167, 0.5333, 0.55, 0.5667, 0.5833, 0.6, 0.6167, 0.6333, 0.65, 0.6667, 0.6833, 0.7, 0.7167, 0.7333, 0.75, 0.7667, 0.7833, 0.8, 0.8167, 0.8333, 0.85, 0.8667, 0.8833, 0.9, 0.9167, 0.9333, 0.95, 0.9667, 0.9833, 1.0, 1.0167, 1.0333, 1.05, 1.0667, 1.0833, 1.1, 1.1167, 1.1333, 1.15, 1.1667, 1.1833, 1.2, 1.2167, 1.2333, 1.25, 1.2667, 1.2833, 1.3, 1.3167, 1.3333, 1.35, 1.3667, 1.3833, 1.4],
            "transform": [
                [1.0, 0.0, 1e-06, -0.0, -0.0, 0.866025, 0.5, 0.37472, -1e-06, -0.5, 0.866025, 0.0, 0.0, 0.0, 0.0, 1.0],
                [1.0, 0.0, 1e-06, -0.0, -0.0, 0.865804, 0.500383, 0.37472, -1e-06, -0.500383, 0.865804, 0.0, 0.0, 0.0, 0.0, 1.0],
                [1.0, 0.0, 1e-06, -0.0, -0.0, 0.865166, 0.501486, 0.37472, -1e-06, -0.501486, 0.865166, 0.0, 0.0, 0.0, 0.0, 1.0],
                [1.0, 0.0, 1e-06, -0.0, -0.0, 0.864145, 0.503243, 0.37472, -1e-06, -0.503243, 0.864145, 0.0, 0.0, 0.0, 0.0, 1.0],
                [1.0, 0.0, 1e-06, -0.0, -0.0, 0.862776, 0.505587, 0.37472, -1e-06, -0.505587, 0.862776, 0.0, 0.0, 0.0, 0.0, 1.0],
                [1.0, 0.0, 1e-06, -0.0, -0.0, 0.861093, 0.508448, 0.37472, -1e-06, -0.508448, 0.861093, 0.0, 0.0, 0.0, 0.0, 1.0],
                [1.0, 0.0, 1e-06, -0.0, -0.0, 0.859129, 0.51176, 0.37472, -1e-06, -0.51176, 0.859128, 0.0, 0.0, 0.0, 0.0, 1.0],
                [1.0, 0.0, 1e-06, -0.0, -0.0, 0.856917, 0.515454, 0.37472, -1e-06, -0.515454, 0.856917, -0.0, 0.0, 0.0, 0.0, 1.0],
                [1.0, 0.0, 1e-06, -0.0, -1e-06, 0.854493, 0.519462, 0.37472, -1e-06, -0.519462, 0.854494, 0.0, 0.0, 0.0, 0.0, 1.0],
                [1.0, 0.0, 1e-06, -0.0, -0.0, 0.851892, 0.523717, 0.37472, -1e-06, -0.523717, 0.851892, 0.0, 0.0, 0.0, 0.0, 1.0],
                [1.0, 0.0, 1e-06, 0.0, -0.0, 0.849149, 0.528152, 0.37472, -1e-06, -0.528152, 0.84915, -0.0, 0.0, 0.0, 0.0, 1.0],
                [1.0, 0.0, 1e-06, 0.0, -0.0, 0.846303, 0.532702, 0.37472, -1e-06, -0.532702, 0.846303, -0.0, 0.0, 0.0, 0.0, 1.0],
                [1.0, 0.0, 1e-06, 0.0, -0.0, 0.843391, 0.5373, 0.37472, -1e-06, -0.5373, 0.843391, 0.0, 0.0, 0.0, 0.0, 1.0],
                [1.0, 0.0, 1e-06, -0.0, -0.0, 0.840455, 0.541882, 0.37472, -1e-06, -0.541882, 0.840455, 0.0, 0.0, 0.0, 0.0, 1.0],
                [1.0, -0.0, 1e-06, -0.0, -0.0, 0.837534, 0.546384, 0.37472, -1e-06, -0.546384, 0.837534, -0.0, 0.0, 0.0, 0.0, 1.0],
                [1.0, -0.0, 1e-06, -0.0, -0.0, 0.834674, 0.550745, 0.37472, -1e-06, -0.550745, 0.834674, 0.0, 0.0, 0.0, 0.0, 1.0],
                [1.0, -0.0, 1e-06, -0.0, -0.0, 0.831917, 0.554901, 0.37472, -1e-06, -0.554901, 0.831917, -0.0, 0.0, 0.0, 0.0, 1.0],
                [1.0, -0.0, 1e-06, 0.0, -0.0, 0.829308, 0.558791, 0.37472, -1e-06, -0.558791, 0.829308, -0.0, 0.0, 0.0, 0.0, 1.0],
                [1.0, -0.0, 1e-06, 0.0, -1e-06, 0.826895, 0.562356, 0.37472, -1e-06, -0.562356, 0.826895, 0.0, 0.0, 0.0, 0.0, 1.0],
                [1.0, -0.0, 1e-06, 0.0, -1e-06, 0.824724, 0.565536, 0.37472, -1e-06, -0.565536, 0.824723, 0.0, 0.0, 0.0, 0.0, 1.0],
                [1.0, -0.0, 1e-06, 0.0, -1e-06, 0.822842, 0.568271, 0.37472, -1e-06, -0.568271, 0.822841, -0.0, 0.0, 0.0, 0.0, 1.0],
                [1.0, -0.0, 1e-06, 0.0, -1e-06, 0.821296, 0.570502, 0.37472, -1e-06, -0.570502, 0.821296, 0.0, 0.0, 0.0, 0.0, 1.0],
                [1.0, -0.0, 1e-06, 0.0, -0.0, 0.820135, 0.57217, 0.37472, -1e-06, -0.57217, 0.820135, 0.0, 0.0, 0.0, 0.0, 1.0],
                [1.0, -0.0, 1e-06, 0.0, -0.0, 0.819405, 0.573215, 0.37472, -1e-06, -0.573215, 0.819405, -0.0, 0.0, 0.0, 0.0, 1.0],
                [1.0, -0.0, 1e-06, -0.0, -0.0, 0.819152, 0.573577, 0.37472, -1e-06, -0.573577, 0.819152, 0.0, 0.0, 0.0, 0.0, 1.0],
                [1.0, -0.0, 1e-06, -0.0, -0.0, 0.819152, 0.573577, 0.37472, -1e-06, -0.573577, 0.819152, 0.0, 0.0, 0.0, 0.0, 1.0],
                [1.0, -0.0, 1e-06, -0.0, -0.0, 0.819152, 0.573577, 0.37472, -1e-06, -0.573577, 0.819152, 0.0, 0.0, 0.0, 0.0, 1.0],
                [1.0, -0.0, 1e-06, -0.0, -0.0, 0.819152, 0.573577, 0.37472, -1e-06, -0.573577, 0.819152, -0.0, 0.0, 0.0, 0.0, 1.0],
                [1.0, -0.0, 1e-06, 0.0, -0.0, 0.819152, 0.573577, 0.37472, -1e-06, -0.573577, 0.819152, 0.0, 0.0, 0.0, 0.0, 1.0],
                [1.0, -0.0, 1e-06, 0.0, -0.0, 0.819152, 0.573577, 0.37472, -1e-06, -0.573577, 0.819152, 0.0, 0.0, 0.0, 0.0, 1.0],
                [1.0, -0.0, 1e-06, -0.0, -0.0, 0.819152, 0.573577, 0.37472, -1e-06, -0.573577, 0.819152, 0.0, 0.0, 0.0, 0.0, 1.0],
                [1.0, -0.0, 1e-06, -0.0, -0.0, 0.819152, 0.573577, 0.37472, -1e-06, -0.573577, 0.819152, 0.0, 0.0, 0.0, 0.0, 1.0],
                [1.0, -0.0, 1e-06, -0.0, -0.0, 0.819152, 0.573577, 0.37472, -1e-06, -0.573577, 0.819152, 0.0, 0.0, 0.0, 0.0, 1.0],
                [1.0, -0.0, 1e-06, -0.0, -0.0, 0.819152, 0.573577, 0.37472, -1e-06, -0.573577, 0.819152, 0.0, 0.0, 0.0, 0.0, 1.0],
                [1.0, -0.0, 1e-06, -0.0, -0.0, 0.819152, 0.573577, 0.37472, -1e-06, -0.573577, 0.819152, 0.0, 0.0, 0.0, 0.0, 1.0],
                [1.0, -0.0, 1e-06, -0.0, -0.0, 0.819152, 0.573577, 0.37472, -1e-06, -0.573577, 0.819152, 0.0, 0.0, 0.0, 0.0, 1.0],
                [1.0, -0.0, 1e-06, -0.0, -0.0, 0.819152, 0.573577, 0.37472, -1e-06, -0.573577, 0.819152, 0.0, 0.0, 0.0, 0.0, 1.0],
                [1.0, -0.0, 1e-06, -0.0, -0.0, 0.819152, 0.573577, 0.37472, -1e-06, -0.573577, 0.819152, 0.0, 0.0, 0.0, 0.0, 1.0],
                [1.0, -0.0, 1e-06, -0.0, -0.0, 0.819152, 0.573577, 0.37472, -1e-06, -0.573577, 0.819152, 0.0, 0.0, 0.0, 0.0, 1.0],
                [1.0, -0.0, 1e-06, -0.0, -0.0, 0.819152, 0.573577, 0.37472, -1e-06, -0.573577, 0.819152, 0.0, 0.0, 0.0, 0.0, 1.0],
                [1.0, -0.0, 1e-06, -0.0, -0.0, 0.819152, 0.573577, 0.37472, -1e-06, -0.573577, 0.819152, 0.0, 0.0, 0.0, 0.0, 1.0],
                [1.0, -0.0, 1e-06, -0.0, -0.0, 0.819152, 0.573577, 0.37472, -1e-06, -0.573577, 0.819152, 0.0, 0.0, 0.0, 0.0, 1.0],
                [1.0, -0.0, 1e-06, -0.0, -0.0, 0.819152, 0.573577, 0.37472, -1e-06, -0.573577, 0.819152, 0.0, 0.0, 0.0, 0.0, 1.0],
                [1.0, -0.0, 1e-06, -0.0, -0.0, 0.819152, 0.573577, 0.37472, -1e-06, -0.573577, 0.819152, 0.0, 0.0, 0.0, 0.0, 1.0],
                [1.0, -0.0, 1e-06, -0.0, -0.0, 0.819152, 0.573577, 0.37472, -1e-06, -0.573577, 0.819152, 0.0, 0.0, 0.0, 0.0, 1.0],
                [1.0, -0.0, 1e-06, -0.0, -0.0, 0.819152, 0.573577, 0.37472, -1e-06, -0.573577, 0.819152, 0.0, 0.0, 0.0, 0.0, 1.0],
                [1.0, -0.0, 1e-06, -0.0, -0.0, 0.819152, 0.573577, 0.37472, -1e-06, -0.573577, 0.819152, 0.0, 0.0, 0.0, 0.0, 1.0],
                [1.0, -0.0, 1e-06, -0.0, -0.0, 0.819152, 0.573577, 0.37472, -1e-06, -0.573577, 0.819152, 0.0, 0.0, 0.0, 0.0, 1.0],
                [1.0, -0.0, 1e-06, -0.0, -0.0, 0.819152, 0.573577, 0.37472, -1e-06, -0.573577, 0.819152, 0.0, 0.0, 0.0, 0.0, 1.0],
                [1.0, -0.0, 1e-06, -0.0, -0.0, 0.819152, 0.573577, 0.37472, -1e-06, -0.573577, 0.819152, 0.0, 0.0, 0.0, 0.0, 1.0],
                [1.0, -0.0, 1e-06, -0.0, -0.0, 0.819152, 0.573577, 0.37472, -1e-06, -0.573577, 0.819152, 0.0, 0.0, 0.0, 0.0, 1.0],
                [1.0, -0.0, 1e-06, -0.0, -0.0, 0.819152, 0.573577, 0.37472, -1e-06, -0.573577, 0.819152, 0.0, 0.0, 0.0, 0.0, 1.0],
                [1.0, -0.0, 1e-06, -0.0, -0.0, 0.819152, 0.573577, 0.37472, -1e-06, -0.573577, 0.819152, 0.0, 0.0, 0.0, 0.0, 1.0],
                [1.0, -0.0, 1e-06, -0.0, -0.0, 0.819152, 0.573577, 0.37472, -1e-06, -0.573577, 0.819152, 0.0, 0.0, 0.0, 0.0, 1.0],
                [1.0, -0.0, 1e-06, -0.0, -0.0, 0.819152, 0.573577, 0.37472, -1e-06, -0.573577, 0.819152, 0.0, 0.0, 0.0, 0.0, 1.0],
