{
    "animation": [
        {
            "name": "Root",
            "time": [0.0, 0.0167, 0.0333, 0.05, 0.0667, 0.0833, 0.1, 0.1167, 0.1333, 0.15, 0.1667, 0.1833, 0.2, 0.2167, 0.2333, 0.25, 0.2667, 0.2833, 0.3, 0.3167, 0.3333, 0.35, 0.3667, 0.3833, 0.4, 0.4167, 0.4333, 0.45, 0.4667, 0.4833, 0.5, 0.5167, 0.5333, 0.55, 0.5667, 0.5833, 0.6, 0.6167, 0.6333, 0.65, 0.6667, 0.6833, 0.7, 0.7167, 0.7333, 0.75, 0.7667, 0.7833, 0.8, 0.8167, 0.8333, 0.85, 0.8667, 0.8833, 0.9, 0.9167, 0.9333, 0.95, 0.9667, 0.9833, 1.0, 1.0167, 1.0333, 1.05, 1.0667, 1.0833, 1.1, 1.1167, 1.1333, 1.15, 1.1667, 1.1833, 1.2, 1.2167, 1.2333, 1.25, 1.2667, 1.2833, 1.3, 1.3167, 1.3333, 1.35, 1.3667, 1.3833, 1.4, 1.4167, 1.4333, 1.45],
            "transform": [
                [0.965926, 0.0, -0.258819, -5e-06, -0.258819, 0.0, -0.965926, 0.000946, 0.0, 1.0, 0.0, 0.763972, 0.0, 0.0, 0.0, 1.0],
                [0.965926, 0.0, -0.258819, -5e-06, -0.258819, 0.0, -0.965926, 0.001057, 0.0, 1.0, 0.0, 0.764771, 0.0, 0.0, 0.0, 1.0],
                [0.965926, 0.0, -0.258819, -5e-06, -0.258819, 0.0, -0.965926, 0.001833, 0.0, 1.0, 0.0, 0.767037, 0.0, 0.0, 0.0, 1.0],
                [0.965926, 0.0, -0.258819, -5e-06, -0.258819, 0.0, -0.965926, 0.003939, 0.0, 1.0, 0.0, 0.770575, 0.0, 0.0, 0.0, 1.0],
                [0.965926, 0.0, -0.258819, -5e-06, -0.258819, 0.0, -0.965926, 0.008039, 0.0, 1.0, 0.0, 0.77519, 0.0, 0.0, 0.0, 1.0],
                [0.965926, 0.0, -0.258819, -5e-06, -0.258819, 0.0, -0.965926, 0.014799, 0.0, 1.0, 0.0, 0.780684, 0.0, 0.0, 0.0, 1.0],
                [0.965926, 0.0, -0.258819, -5e-06, -0.258819, 0.0, -0.965926, 0.024884, 0.0, 1.0, 0.0, 0.786864, 0.0, 0.0, 0.0, 1.0],
                [0.965926, 0.0, -0.258819, -5e-06, -0.258819, 0.0, -0.965926, 0.038958, 0.0, 1.0, 0.0, 0.793533, 0.0, 0.0, 0.0, 1.0],
                [0.965926, 0.0, -0.258819, -5e-06, -0.258819, 0.0, -0.965926, 0.057686, 0.0, 1.0, 0.0, 0.800495, 0.0, 0.0, 0.0, 1.0],
                [0.965926, 0.0, -0.258819, -5e-06, -0.258819, 0.0, -0.965926, 0.081735, 0.0, 1.0, 0.0, 0.807556, 0.0, 0.0, 0.0, 1.0],
                [0.965926, 0.0, -0.258819, -5e-06, -0.258819, 0.0, -0.965926, 0.111767, 0.0, 1.0, 0.0, 0.814518, 0.0, 0.0, 0.0, 1.0],
                [0.965926, 0.0, -0.258819, -5e-06, -0.258819, 0.0, -0.965926, 0.148448, 0.0, 1.0, 0.0, 0.821187, 0.0, 0.0, 0.0, 1.0],
                [0.965926, 0.0, -0.258819, -5e-06, -0.258819, 0.0, -0.965926, 0.192444, 0.0, 1.0, 0.0, 0.827367, 0.0, 0.0, 0.0, 1.0],
                [0.965926, 0.0, -0.258819, -5e-06, -0.258819, 0.0, -0.965926, 0.244419, 0.0, 1.0, 0.0, 0.832861, 0.0, 0.0, 0.0, 1.0],
                [0.965926, 0.0, -0.258819, -5e-06, -0.258819, 0.0, -0.965926, 0.320131, 0.0, 1.0, 0.0, 0.837476, 0.0, 0.0, 0.0, 1.0],
                [0.965926, 0.0, -0.258819, -5e-06, -0.258819, 0.0, -0.965926, 0.430229, 0.0, 1.0, 0.0, 0.841014, 0.0, 0.0, 0.0, 1.0],
                [0.965926, 0.0, -0.258819, -5e-06, -0.258819, 0.0, -0.965926, 0.567716, 0.0, 1.0, 0.0, 0.843281, 0.0, 0.0, 0.0, 1.0],
                [0.965926, 0.0, -0.258819, -5e-06, -0.258819, 0.0, -0.965926, 0.725594, 0.0, 1.0, 0.0, 0.844079, 0.0, 0.0, 0.0, 1.0],
                [0.965926, 0.0, -0.258819, -5e-06, -0.258819, 0.0, -0.965926, 0.896863, 0.0, 1.0, 0.0, 0.841439, 0.0, 0.0, 0.0, 1.0],
                [0.965926, 0.0, -0.258819, -5e-06, -0.258819, 0.0, -0.965926, 1.074526, 0.0, 1.0, 0.0, 0.834359, 0.0, 0.0, 0.0, 1.0],
                [0.965926, 0.0, -0.258819, -5e-06, -0.258819, 0.0, -0.965926, 1.251585, 0.0, 1.0, 0.0, 0.824096, 0.0, 0.0, 0.0, 1.0],
                [0.965926, 0.0, -0.258819, -5e-06, -0.258819, 0.0, -0.965926, 1.421042, 0.0, 1.0, 0.0, 0.811911, 0.0, 0.0, 0.0, 1.0],
                [0.965926, 0.0, -0.258819, -5e-06, -0.258819, 0.0, -0.965926, 1.575898, 0.0, 1.0, 0.0, 0.799063, 0.0, 0.0, 0.0, 1.0],
                [0.965926, 0.0, -0.258819, -5e-06, -0.258819, 0.0, -0.965926, 1.709155, 0.0, 1.0, 0.0, 0.78681, 0.0, 0.0, 0.0, 1.0],
                [0.965926, 0.0, -0.258819, -5e-06, -0.258819, 0.0, -0.965926, 1.813816, 0.0, 1.0, 0.0, 0.776411, 0.0, 0.0, 0.0, 1.0],
                [0.965926, 0.0, -0.258819, -5e-06, -0.258819, 0.0, -0.965926, 1.882882, 0.0, 1.0, 0.0, 0.769127, 0.0, 0.0, 0.0, 1.0],
                [0.965926, 0.0, -0.258819, -5e-06, -0.258819, 0.0, -0.965926, 1.909353, 0.0, 1.0, 0.0, 0.766215, 0.0, 0.0, 0.0, 1.0],
                [0.965926, 0.0, -0.258819, -5e-06, -0.258819, 0.0, -0.965926, 1.912069, 0.0, 1.0, 0.0, 0.765922, 0.0, 0.0, 0.0, 1.0],
                [0.965926, 0.0, -0.258819, -5e-06, -0.258819, 0.0, -0.965926, 1.914538, 0.0, 1.0, 0.0, 0.765657, 0.0, 0.0, 0.0, 1.0],
                [0.965926, 0.0, -0.258819, -5e-06, -0.258819, 0.0, -0.965926, 1.916772, 0.0, 1.0, 0.0, 0.765416, 0.0, 0.0, 0.0, 1.0],
                [0.965926, 0.0, -0.258819, -5e-06, -0.258819, 0.0, -0.965926, 1.918782, 0.0, 1.0, 0.0, 0.7652, 0.0, 0.0, 0.0, 1.0],
                [0.965926, 0.0, -0.258819, -5e-06, -0.258819, 0.0, -0.965926, 1.920582, 0.0, 1.0, 0.0, 0.765006, 0.0, 0.0, 0.0, 1.0],
                [0.965926, 0.0, -0.258819, -5e-06, -0.258819, 0.0, -0.965926, 1.922181, 0.0, 1.0, 0.0, 0.764834, 0.0, 0.0, 0.0, 1.0],
                [0.965926, 0.0, -0.258819, -5e-06, -0.258819, 0.0, -0.965926, 1.923593, 0.0, 1.0, 0.0, 0.764683, 0.0, 0.0, 0.0, 1.0],
                [0.965926, 0.0, -0.258819, -5e-06, -0.258819, 0.0, -0.965926, 1.924828, 0.0, 1.0, 0.0, 0.76455, 0.0, 0.0, 0.0, 1.0],
                [0.965926, 0.0, -0.258819, -5e-06, -0.258819, 0.0, -0.965926, 1.925899, 0.0, 1.0, 0.0, 0.764434, 0.0, 0.0, 0.0, 1.0],
                [0.965926, 0.0, -0.258819, -5e-06, -0.258819, 0.0, -0.965926, 1.926818, 0.0, 1.0, 0.0, 0.764336, 0.0, 0.0, 0.0, 1.0],
                [0.965926, 0.0, -0.258819, -5e-06, -0.258819, 0.0, -0.965926, 1.927595, 0.0, 1.0, 0.0, 0.764252, 0.0, 0.0, 0.0, 1.0],
                [0.965926, 0.0, -0.258819, -5e-06, -0.258819, 0.0, -0.965926, 1.928243, 0.0, 1.0, 0.0, 0.764182, 0.0, 0.0, 0.0, 1.0],
                [0.965926, 0.0, -0.258819, -5e-06, -0.258819, 0.0, -0.965926, 1.928774, 0.0, 1.0, 0.0, 0.764125, 0.0, 0.0, 0.0, 1.0],
                [0.965926, 0.0, -0.258819, -5e-06, -0.258819, 0.0, -0.965926, 1.929198, 0.0, 1.0, 0.0, 0.764079, 0.0, 0.0, 0.0, 1.0],
                [0.965926, 0.0, -0.258819, -5e-06, -0.258819, 0.0, -0.965926, 1.929529, 0.0, 1.0, 0.0, 0.764044, 0.0, 0.0, 0.0, 1.0],
                [0.965926, 0.0, -0.258819, -5e-06, -0.258819, 0.0, -0.965926, 1.929778, 0.0, 1.0, 0.0, 0.764017, 0.0, 0.0, 0.0, 1.0],
                [0.965926, 0.0, -0.258819, -5e-06, -0.258819, 0.0, -0.965926, 1.929956, 0.0, 1.0, 0.0, 0.763998, 0.0, 0.0, 0.0, 1.0],
                [0.965926, 0.0, -0.258819, -5e-06, -0.258819, 0.0, -0.965926, 1.930075, 0.0, 1.0, 0.0, 0.763985, 0.0, 0.0, 0.0, 1.0],
                [0.965926, 0.0, -0.258819, -5e-06, -0.258819, 0.0, -0.965926, 1.930148, 0.0, 1.0, 0.0, 0.763977, 0.0, 0.0, 0.0, 1.0],
                [0.965926, 0.0, -0.258819, -5e-06, -0.258819, 0.0, -0.965926, 1.930185, 0.0, 1.0, 0.0, 0.763973, 0.0, 0.0, 0.0, 1.0],
                [0.965926, 0.0, -0.258819, -5e-06, -0.258819, 0.0, -0.965926, 1.930199, 0.0, 1.0, 0.0, 0.763972, 0.0, 0.0, 0.0, 1.0],
                [0.965926, 0.0, -0.258819, -5e-06, -0.258819, 0.0, -0.965926, 1.930201, 0.0, 1.0, 0.0, 0.763972, 0.0, 0.0, 0.0, 1.0],
                [0.965926, 0.0, -0.258819, -0.000119, -0.258819, 0.0, -0.965926, 1.928641, 0.0, 1.0, 0.0, 0.763972, 0.0, 0.0, 0.0, 1.0],
                [0.965926, 0.0, -0.258819, -0.000453, -0.258819, 0.0, -0.965926, 1.924073, 0.0, 1.0, 0.0, 0.763972, 0.0, 0.0, 0.0, 1.0],
                [0.965926, 0.0, -0.258819, -0.000996, -0.258819, 0.0, -0.965926, 1.916656, 0.0, 1.0, 0.0, 0.763972, 0.0, 0.0, 0.0, 1.0],
                [0.965926, 0.0, -0.258819, -0.001736, -0.258819, 0.0, -0.965926, 1.906556, 0.0, 1.0, 0.0, 0.763972, 0.0, 0.0, 0.0, 1.0],
                [0.965926, 0.0, -0.258819, -0.00266, -0.258819, 0.0, -0.965926, 1.893934, 0.0, 1.0, 0.0, 0.763972, 0.0, 0.0, 0.0, 1.0],
                [0.965926, 0.0, -0.258819, -0.003757, -0.258819, 0.0, -0.965926, 1.878952, 0.0, 1.0, 0.0, 0.763972, 0.0, 0.0, 0.0, 1.0],
                [0.965926, 0.0, -0.258819, -0.005015, -0.258819, 0.0, -0.965926, 1.861774, 0.0, 1.0, 0.0, 0.763972, 0.0, 0.0, 0.0, 1.0],
                [0.965926, 0.0, -0.258819, -0.006421, -0.258819, 0.0, -0.965926, 1.842563, 0.0, 1.0, 0.0, 0.763972, 0.0, 0.0, 0.0, 1.0],
                [0.965926, 0.0, -0.258819, -0.007965, -0.258819, 0.0, -0.965926, 1.82148, 0.0, 1.0, 0.0, 0.763972, 0.0, 0.0, 0.0, 1.0],
                [0.965926, 0.0, -0.258819, -0.009633, -0.258819, 0.0, -0.965926, 1.79869, 0.0, 1.0, 0.0, 0.763972, 0.0, 0.0, 0.0, 1.0],
                [0.965926, 0.0, -0.258819, -0.011415, -0.258819, 0.0, -0.965926, 1.774353, 0.0, 1.0, 0.0, 0.763972, 0.0, 0.0, 0.0, 1.0],
                [0.965926, 0.0, -0.258819, -0.013298, -0.258819, 0.0, -0.965926, 1.748634, 0.0, 1.0, 0.0, 0.763972, 0.0, 0.0, 0.0, 1.0],
                [0.965926, 0.0, -0.258819, -0.015271, -0.258819, 0.0, -0.965926, 1.721695, 0.0, 1.0, 0.0, 0.763972, 0.0, 0.0, 0.0, 1.0],
                [0.965926, 0.0, -0.258819, -0.017321, -0.258819, 0.0, -0.965926, 1.693698, 0.0, 1.0, 0.0, 0.763972, 0.0, 0.0, 0.0, 1.0],
                [0.965926, 0.0, -0.258819, -0.019436, -0.258819, 0.0, -0.965926, 1.664806, 0.0, 1.0, 0.0, 0.763972, 0.0, 0.0, 0.0, 1.0],
                [0.965926, 0.0, -0.258819, -0.021605, -0.258819, 0.0, -0.965926, 1.635182, 0.0, 1.0, 0.0, 0.763972, 0.0, 0.0, 0.0, 1.0],
                [0.965926, 0.0, -0.258819, -0.023816, -0.258819, 0.0, -0.965926, 1.604989, 0.0, 1.0, 0.0, 0.763972, 0.0, 0.0, 0.0, 1.0],
                [0.965926, 0.0, -0.258819, -0.026056, -0.258819, 0.0, -0.965926, 1.574389, 0.0, 1.0, 0.0, 0.763972, 0.0, 0.0, 0.0, 1.0],
                [0.965926, 0.0, -0.258819, -0.028314, -0.258819, 0.0, -0.965926, 1.543545, 0.0, 1.0, 0.0, 0.763972, 0.0, 0.0, 0.0, 1.0],
                [0.965926, 0.0, -0.258819, -0.030579, -0.258819, 0.0, -0.965926, 1.512619, 0.0, 1.0, 0.0, 0.763972, 0.0, 0.0, 0.0, 1.0],
                [0.965926, 0.0, -0.258819, -0.032837, -0.258819, 0.0, -0.965926, 1.481775, 0.0, 1.0, 0.0, 0.763972, 0.0, 0.0, 0.0, 1.0],
                [0.965926, 0.0, -0.258819, -0.035078, -0.258819, 0.0, -0.965926, 1.451175, 0.0, 1.0, 0.0, 0.763972, 0.0, 0.0, 0.0, 1.0],
                [0.965926, 0.0, -0.258819, -0.037288, -0.258819, 0.0, -0.965926, 1.420982, 0.0, 1.0, 0.0, 0.763972, 0.0, 0.0, 0.0, 1.0],
                [0.965926, 0.0, -0.258819, -0.039457, -0.258819, 0.0, -0.965926, 1.391358, 0.0, 1.0, 0.0, 0.763972, 0.0, 0.0, 0.0, 1.0],
                [0.965926, 0.0, -0.258819, -0.041573, -0.258819, 0.0, -0.965926, 1.362466, 0.0, 1.0, 0.0, 0.763972, 0.0, 0.0, 0.0, 1.0],
                [0.965926, 0.0, -0.258819, -0.043622, -0.258819, 0.0, -0.965926, 1.334469, 0.0, 1.0, 0.0, 0.763972, 0.0, 0.0, 0.0, 1.0],
                [0.965926, 0.0, -0.258819, -0.045595, -0.258819, 0.0, -0.965926, 1.30753, 0.0, 1.0, 0.0, 0.763972, 0.0, 0.0, 0.0, 1.0],
                [0.965926, 0.0, -0.258819, -0.047478, -0.258819, 0.0, -0.965926, 1.28181, 0.0, 1.0, 0.0, 0.763972, 0.0, 0.0, 0.0, 1.0],
                [0.965926, 0.0, -0.258819, -0.04926, -0.258819, 0.0, -0.965926, 1.257474, 0.0, 1.0, 0.0, 0.763972, 0.0, 0.0, 0.0, 1.0],
                [0.965926, 0.0, -0.258819, -0.050928, -0.258819, 0.0, -0.965926, 1.234683, 0.0, 1.0, 0.0, 0.763972, 0.0, 0.0, 0.0, 1.0],
                [0.965926, 0.0, -0.258819, -0.052472, -0.258819, 0.0, -0.965926, 1.213601, 0.0, 1.0, 0.0, 0.763972, 0.0, 0.0, 0.0, 1.0],
                [0.965926, 0.0, -0.258819, -0.053879, -0.258819, 0.0, -0.965926, 1.194389, 0.0, 1.0, 0.0, 0.763972, 0.0, 0.0, 0.0, 1.0],
                [0.965926, 0.0, -0.258819, -0.055136, -0.258819, 0.0, -0.965926, 1.177212, 0.0, 1.0, 0.0, 0.763972, 0.0, 0.0, 0.0, 1.0],
                [0.965926, 0.0, -0.258819, -0.056233, -0.258819, 0.0, -0.965926, 1.16223, 0.0, 1.0, 0.0, 0.763972, 0.0, 0.0, 0.0, 1.0],
                [0.965926, 0.0, -0.258819, -0.057157, -0.258819, 0.0, -0.965926, 1.149608, 0.0, 1.0, 0.0, 0.763972, 0.0, 0.0, 0.0, 1.0],
                [0.965926, 0.0, -0.258819, -0.057897, -0.258819, 0.0, -0.965926, 1.139507, 0.0, 1.0, 0.0, 0.763972, 0.0, 0.0, 0.0, 1.0],
                [0.965926, 0.0, -0.258819, -0.05844, -0.258819, 0.0, -0.965926, 1.132091, 0.0, 1.0, 0.0, 0.763972, 0.0, 0.0, 0.0, 1.0],
                [0.965926, 0.0, -0.258819, -0.058775, -0.258819, 0.0, -0.965926, 1.127522, 0.0, 1.0, 0.0, 0.763972, 0.0, 0.0, 0.0, 1.0],
                [0.965926, 0.0, -0.258819, -0.058889, -0.258819, 0.0, -0.965926, 1.125963, 0.0, 1.0, 0.0, 0.763972, 0.0, 0.0, 0.0, 1.0]
            ]
        },
        {
            "name": "Thigh_R",
            "time": [0.0, 0.0167, 0.0333, 0.05, 0.0667, 0.0833, 0.1, 0.1167, 0.1333, 0.15, 0.1667, 0.1833, 0.2, 0.2167, 0.2333, 0.25, 0.2667, 0.2833, 0.3, 0.3167, 0.3333, 0.35, 0.3667, 0.3833, 0.4, 0.4167, 0.4333, 0.45, 0.4667, 0.4833, 0.5, 0.5167, 0.5333, 0.55, 0.5667, 0.5833, 0.6, 0.6167, 0.6333, 0.65, 0.6667, 0.6833, 0.7, 0.7167, 0.7333, 0.75, 0.7667, 0.7833, 0.8, 0.8167, 0.8333, 0.85, 0.8667, 0.8833, 0.9, 0.9167, 0.9333, 0.95, 0.9667, 0.9833, 1.0, 1.0167, 1.0333, 1.05, 1.0667, 1.0833, 1.1, 1.1167, 1.1333, 1.15, 1.1667, 1.1833, 1.2, 1.2167, 1.2333, 1.25, 1.2667, 1.2833, 1.3, 1.3167, 1.3333, 1.35, 1.3667, 1.3833, 1.4, 1.4167, 1.4333, 1.45],
            "transform": [
                [0.989362, 0.076729, -0.123596, 0.123095, 0.017826, -0.907135, -0.420461, -0.002831, -0.14438, 0.413785, -0.898853, -0.021718, 0.0, 0.0, 0.0, 1.0],
                [0.989362, 0.076716, -0.123604, 0.123095, 0.017826, -0.907179, -0.420367, -0.002831, -0.14438, 0.413692, -0.898896, -0.021718, 0.0, 0.0, 0.0, 1.0],
                [0.989362, 0.076627, -0.12366, 0.123095, 0.017826, -0.907482, -0.419711, -0.002831, -0.14438, 0.413042, -0.899195, -0.021718, 0.0, 0.0, 0.0, 1.0],
                [0.989362, 0.076384, -0.12381, 0.123095, 0.017826, -0.908305, -0.417927, -0.002831, -0.14438, 0.411274, -0.900004, -0.021718, 0.0, 0.0, 0.0, 1.0],
                [0.989362, 0.075909, -0.124101, 0.123095, 0.017826, -0.909899, -0.414446, -0.002831, -0.14438, 0.407825, -0.901573, -0.021718, 0.0, 0.0, 0.0, 1.0],
                [0.989362, 0.075123, -0.124579, 0.123095, 0.017826, -0.912502, -0.408683, -0.002831, -0.14438, 0.402115, -0.904134, -0.021718, 0.0, 0.0, 0.0, 1.0],
                [0.989362, 0.073941, -0.125284, 0.123095, 0.017826, -0.916327, -0.400033, -0.002831, -0.14438, 0.393544, -0.907897, -0.021718, 0.0, 0.0, 0.0, 1.0],
                [0.989362, 0.072274, -0.126253, 0.123095, 0.017826, -0.921547, -0.387856, -0.002831, -0.14438, 0.38148, -0.913032, -0.021718, 0.0, 0.0, 0.0, 1.0],
                [0.989362, 0.070026, -0.127514, 0.123095, 0.017826, -0.928275, -0.371466, -0.002831, -0.14438, 0.365242, -0.919648, -0.021718, 0.0, 0.0, 0.0, 1.0],
                [0.989362, 0.067088, -0.129083, 0.123095, 0.017826, -0.936536, -0.350117, -0.002831, -0.14438, 0.344091, -0.927769, -0.021718, 0.0, 0.0, 0.0, 1.0],
                [0.989362, 0.063341, -0.130963, 0.123095, 0.017826, -0.946234, -0.32299, -0.002831, -0.14438, 0.31722, -0.937297, -0.021718, 0.0, 0.0, 0.0, 1.0],
                [0.989362, 0.058652, -0.133129, 0.123095, 0.017826, -0.957105, -0.289191, -0.002831, -0.14438, 0.283741, -0.947969, -0.021718, 0.0, 0.0, 0.0, 1.0],
                [0.989362, 0.05287, -0.135529, 0.123095, 0.017826, -0.96866, -0.247749, -0.002831, -0.14438, 0.242697, -0.959298, -0.021718, 0.0, 0.0, 0.0, 1.0],
                [0.989362, 0.045109, -0.138306, 0.123095, 0.017826, -0.981137, -0.192486, -0.002831, -0.14438, 0.187973, -0.971504, -0.021718, 0.0, 0.0, 0.0, 1.0],
                [0.989362, 0.034753, -0.141264, 0.123095, 0.017826, -0.99269, -0.119369, -0.002831, -0.14438, 0.115581, -0.982749, -0.021718, 0.0, 0.0, 0.0, 1.0],
                [0.989362, 0.022124, -0.143784, 0.123095, 0.017826, -0.999357, -0.031112, -0.002831, -0.14438, 0.028218, -0.98912, -0.021718, 0.0, 0.0, 0.0, 1.0],
                [0.989362, 0.007685, -0.145273, 0.123095, 0.017826, -0.997482, 0.068634, -0.002831, -0.14438, -0.070494, -0.987008, -0.021718, 0.0, 0.0, 0.0, 1.0],
                [0.989362, -0.007942, -0.145259, 0.123095, 0.017826, -0.984366, 0.175229, -0.002831, -0.14438, -0.175954, -0.973753, -0.021718, 0.0, 0.0, 0.0, 1.0],
                [0.989362, -0.024007, -0.143482, 0.123095, 0.017826, -0.958851, 0.283348, -0.002831, -0.14438, -0.282891, -0.948223, -0.021718, 0.0, 0.0, 0.0, 1.0],
                [0.989362, -0.039719, -0.139949, 0.123095, 0.017826, -0.921659, 0.387591, -0.002831, -0.14438, -0.385963, -0.911146, -0.021718, 0.0, 0.0, 0.0, 1.0],
                [0.989362, -0.054343, -0.134945, 0.123095, 0.017826, -0.875333, 0.483192, -0.002831, -0.14438, -0.480457, -0.865052, -0.021718, 0.0, 0.0, 0.0, 1.0],
                [0.989362, -0.067296, -0.128975, 0.123095, 0.017826, -0.823812, 0.566583, -0.002831, -0.14438, -0.562854, -0.813848, -0.021718, 0.0, 0.0, 0.0, 1.0],
                [0.989362, -0.078186, -0.12268, 0.123095, 0.017826, -0.771788, 0.63563, -0.002831, -0.14438, -0.631055, -0.762184, -0.021718, 0.0, 0.0, 0.0, 1.0],
                [0.989362, -0.086806, -0.11674, 0.123095, 0.017826, -0.724079, 0.689486, -0.002831, -0.14438, -0.684232, -0.714829, -0.021718, 0.0, 0.0, 0.0, 1.0],
                [0.989362, -0.093078, -0.111803, 0.123095, 0.017826, -0.685174, 0.728161, -0.002831, -0.14438, -0.722408, -0.676226, -0.021718, 0.0, 0.0, 0.0, 1.0],
                [0.989362, -0.096971, -0.108443, 0.123095, 0.017826, -0.659011, 0.751922, -0.002831, -0.14438, -0.745856, -0.650272, -0.021718, 0.0, 0.0, 0.0, 1.0],
                [0.989362, -0.098409, -0.10714, 0.123095, 0.017826, -0.648923, 0.760645, -0.002831, -0.14438, -0.754463, -0.640266, -0.021718, 0.0, 0.0, 0.0, 1.0],
                [0.989362, -0.098555, -0.107006, 0.123095, 0.017826, -0.647883, 0.761531, -0.002831, -0.14438, -0.755337, -0.639234, -0.021718, 0.0, 0.0, 0.0, 1.0],
                [0.989362, -0.098688, -0.106883, 0.123095, 0.017826, -0.646936, 0.762335, -0.002831, -0.14438, -0.756131, -0.638295, -0.021718, 0.0, 0.0, 0.0, 1.0],
                [0.989362, -0.098808, -0.106772, 0.123095, 0.017826, -0.64608, 0.763061, -0.002831, -0.14438, -0.756847, -0.637445, -0.021718, 0.0, 0.0, 0.0, 1.0],
                [0.989362, -0.098916, -0.106672, 0.123095, 0.017826, -0.645308, 0.763714, -0.002831, -0.14438, -0.757491, -0.63668, -0.021718, 0.0, 0.0, 0.0, 1.0],
                [0.989362, -0.099012, -0.106583, 0.123095, 0.017826, -0.644617, 0.764298, -0.002831, -0.14438, -0.758067, -0.635995, -0.021718, 0.0, 0.0, 0.0, 1.0],
                [0.989362, -0.099098, -0.106503, 0.123095, 0.017826, -0.644002, 0.764815, -0.002831, -0.14438, -0.758578, -0.635385, -0.021718, 0.0, 0.0, 0.0, 1.0],
                [0.989362, -0.099173, -0.106433, 0.123095, 0.017826, -0.64346, 0.765272, -0.002831, -0.14438, -0.759028, -0.634847, -0.021718, 0.0, 0.0, 0.0, 1.0],
                [0.989362, -0.099239, -0.106371, 0.123095, 0.017826, -0.642985, 0.765671, -0.002831, -0.14438, -0.759422, -0.634376, -0.021718, 0.0, 0.0, 0.0, 1.0],
                [0.989362, -0.099297, -0.106318, 0.123095, 0.017826, -0.642573, 0.766017, -0.002831, -0.14438, -0.759763, -0.633968, -0.021718, 0.0, 0.0, 0.0, 1.0],
                [0.989362, -0.099346, -0.106272, 0.123095, 0.017826, -0.64222, 0.766313, -0.002831, -0.14438, -0.760055, -0.633617, -0.021718, 0.0, 0.0, 0.0, 1.0],
                [0.989362, -0.099387, -0.106233, 0.123095, 0.017826, -0.641921, 0.766563, -0.002831, -0.14438, -0.760302, -0.633321, -0.021718, 0.0, 0.0, 0.0, 1.0],
                [0.989362, -0.099422, -0.106201, 0.123095, 0.017826, -0.641672, 0.766772, -0.002831, -0.14438, -0.760508, -0.633073, -0.021718, 0.0, 0.0, 0.0, 1.0],
                [0.989362, -0.09945, -0.106175, 0.123095, 0.017826, -0.641467, 0.766943, -0.002831, -0.14438, -0.760677, -0.632871, -0.021718, 0.0, 0.0, 0.0, 1.0],
                [0.989362, -0.099473, -0.106153, 0.123095, 0.017826, -0.641304, 0.76708, -0.002831, -0.14438, -0.760812, -0.632709, -0.021718, 0.0, 0.0, 0.0, 1.0],
                [0.989362, -0.09949, -0.106137, 0.123095, 0.017826, -0.641176, 0.767186, -0.002831, -0.14438, -0.760917, -0.632582, -0.021718, 0.0, 0.0, 0.0, 1.0],
                [0.989362, -0.099503, -0.106125, 0.123095, 0.017826, -0.641081, 0.767266, -0.002831, -0.14438, -0.760996, -0.632487, -0.021718, 0.0, 0.0, 0.0, 1.0],
                [0.989362, -0.099513, -0.106116, 0.123095, 0.017826, -0.641012, 0.767323, -0.002831, -0.14438, -0.761052, -0.632419, -0.021718, 0.0, 0.0, 0.0, 1.0],
                [0.989362, -0.099519, -0.10611, 0.123095, 0.017826, -0.640966, 0.767362, -0.002831, -0.14438, -0.76109, -0.632374, -0.021718, 0.0, 0.0, 0.0, 1.0],
                [0.989362, -0.099523, -0.106106, 0.123095, 0.017826, -0.640938, 0.767385, -0.002831, -0.14438, -0.761113, -0.632346, -0.021718, 0.0, 0.0, 0.0, 1.0],
                [0.989362, -0.099525, -0.106104, 0.123095, 0.017826, -0.640924, 0.767397, -0.002831, -0.14438, -0.761125, -0.632332, -0.021718, 0.0, 0.0, 0.0, 1.0],
                [0.989362, -0.099526, -0.106104, 0.123095, 0.017826, -0.640919, 0.767401, -0.002831, -0.14438, -0.761129, -0.632326, -0.021718, 0.0, 0.0, 0.0, 1.0],
                [0.989362, -0.099526, -0.106103, 0.123095, 0.017826, -0.640918, 0.767402, -0.002831, -0.14438, -0.76113, -0.632326, -0.021718, 0.0, 0.0, 0.0, 1.0],
                [0.989362, -0.099275, -0.106338, 0.123095, 0.017826, -0.642728, 0.765887, -0.002831, -0.14438, -0.759634, -0.634121, -0.021718, 0.0, 0.0, 0.0, 1.0],
                [0.989362, -0.098536, -0.107024, 0.123095, 0.017826, -0.648021, 0.761414, -0.002831, -0.14438, -0.755221, -0.639371, -0.021718, 0.0, 0.0, 0.0, 1.0],
                [0.989362, -0.097322, -0.108129, 0.123095, 0.017826, -0.656571, 0.754053, -0.002831, -0.14438, -0.747959, -0.647851, -0.021718, 0.0, 0.0, 0.0, 1.0],
                [0.989362, -0.095641, -0.109618, 0.123095, 0.017826, -0.668131, 0.74383, -0.002831, -0.14438, -0.737871, -0.659319, -0.021718, 0.0, 0.0, 0.0, 1.0],
                [0.989362, -0.093497, -0.111452, 0.123095, 0.017826, -0.682432, 0.730731, -0.002831, -0.14438, -0.724945, -0.673506, -0.021718, 0.0, 0.0, 0.0, 1.0],
                [0.989362, -0.09089, -0.113589, 0.123095, 0.017826, -0.69918, 0.714723, -0.002831, -0.14438, -0.709144, -0.690122, -0.021718, 0.0, 0.0, 0.0, 1.0],
                [0.989362, -0.087817, -0.11598, 0.123095, 0.017826, -0.718058, 0.695754, -0.002831, -0.14438, -0.69042, -0.708854, -0.021718, 0.0, 0.0, 0.0, 1.0],
                [0.989362, -0.084278, -0.118577, 0.123095, 0.017826, -0.738723, 0.673773, -0.002831, -0.14438, -0.668719, -0.729363, -0.021718, 0.0, 0.0, 0.0, 1.0],
                [0.989362, -0.080272, -0.121325, 0.123095, 0.017826, -0.760808, 0.648732, -0.002831, -0.14438, -0.643993, -0.751284, -0.021718, 0.0, 0.0, 0.0, 1.0],
                [0.989362, -0.075802, -0.124167, 0.123095, 0.017826, -0.783921, 0.620604, -0.002831, -0.14438, -0.616216, -0.774231, -0.021718, 0.0, 0.0, 0.0, 1.0],
                [0.989362, -0.070875, -0.127044, 0.123095, 0.017826, -0.807652, 0.589389, -0.002831, -0.14438, -0.585384, -0.797797, -0.021718, 0.0, 0.0, 0.0, 1.0],
                [0.989362, -0.065504, -0.129894, 0.123095, 0.017826, -0.831575, 0.555126, -0.002831, -0.14438, -0.551536, -0.821561, -0.021718, 0.0, 0.0, 0.0, 1.0],
                [0.989362, -0.05971, -0.132658, 0.123095, 0.017826, -0.855256, 0.517898, -0.002831, -0.14438, -0.514753, -0.845094, -0.021718, 0.0, 0.0, 0.0, 1.0],
                [0.989362, -0.053519, -0.135274, 0.123095, 0.017826, -0.878264, 0.477843, -0.002831, -0.14438, -0.475171, -0.867967, -0.021718, 0.0, 0.0, 0.0, 1.0],
                [0.989362, -0.046967, -0.137686, 0.123095, 0.017826, -0.900178, 0.435157, -0.002831, -0.14438, -0.432982, -0.889765, -0.021718, 0.0, 0.0, 0.0, 1.0],
                [0.989362, -0.040099, -0.139841, 0.123095, 0.017826, -0.920602, 0.390094, -0.002831, -0.14438, -0.388437, -0.910094, -0.021718, 0.0, 0.0, 0.0, 1.0],
                [0.989362, -0.032965, -0.141692, 0.123095, 0.017826, -0.939178, 0.342968, -0.002831, -0.14438, -0.341846, -0.928599, -0.021718, 0.0, 0.0, 0.0, 1.0],
                [0.989362, -0.025624, -0.143202, 0.123095, 0.017826, -0.955593, 0.294148, -0.002831, -0.14438, -0.293571, -0.944971, -0.021718, 0.0, 0.0, 0.0, 1.0],
                [0.989362, -0.018141, -0.144341, 0.123095, 0.017826, -0.9696, 0.244046, -0.002831, -0.14438, -0.244023, -0.958962, -0.021718, 0.0, 0.0, 0.0, 1.0],
                [0.989362, -0.010584, -0.145091, 0.123095, 0.017826, -0.981014, 0.193114, -0.002831, -0.14438, -0.193646, -0.970389, -0.021718, 0.0, 0.0, 0.0, 1.0],
                [0.989362, -0.003023, -0.145445, 0.123095, 0.017826, -0.989731, 0.141827, -0.002831, -0.14438, -0.142911, -0.979148, -0.021718, 0.0, 0.0, 0.0, 1.0],
                [0.989362, 0.004471, -0.145408, 0.123095, 0.017826, -0.995721, 0.09067, -0.002831, -0.14438, -0.092297, -0.985208, -0.021718, 0.0, 0.0, 0.0, 1.0],
                [0.989362, 0.01183, -0.144994, 0.123095, 0.017826, -0.999035, 0.040124, -0.002831, -0.14438, -0.042282, -0.988619, -0.021718, 0.0, 0.0, 0.0, 1.0],
                [0.989362, 0.018988, -0.144232, 0.123095, 0.017826, -0.999797, -0.009345, -0.002831, -0.14438, 0.006675, -0.9895, -0.021718, 0.0, 0.0, 0.0, 1.0],
                [0.989362, 0.025886, -0.143155, 0.123095, 0.017826, -0.998197, -0.057301, -0.002831, -0.14438, 0.05414, -0.98804, -0.021718, 0.0, 0.0, 0.0, 1.0],
                [0.989362, 0.03247, -0.141806, 0.123095, 0.017826, -0.994486, -0.103344, -0.002831, -0.14438, 0.099717, -0.984485, -0.021718, 0.0, 0.0, 0.0, 1.0],
                [0.989362, 0.038695, -0.140236, 0.123095, 0.017826, -0.988958, -0.147119, -0.002831, -0.14438, 0.143054, -0.979127, -0.021718, 0.0, 0.0, 0.0, 1.0],
                [0.989362, 0.044521, -0.138496, 0.123095, 0.017826, -0.981947, -0.188315, -0.002831, -0.14438, 0.183842, -0.972294, -0.021718, 0.0, 0.0, 0.0, 1.0],
                [0.989362, 0.049917, -0.136644, 0.123095, 0.017826, -0.973808, -0.226672, -0.002831, -0.14438, 0.221825, -0.964338, -0.021718, 0.0, 0.0, 0.0, 1.0],
                [0.989362, 0.054858, -0.134736, 0.123095, 0.017826, -0.96491, -0.261974, -0.002831, -0.14438, 0.256785, -0.955623, -0.021718, 0.0, 0.0, 0.0, 1.0],
                [0.989362, 0.059327, -0.13283, 0.123095, 0.017826, -0.955625, -0.294045, -0.002831, -0.14438, 0.288549, -0.946517, -0.021718, 0.0, 0.0, 0.0, 1.0],
                [0.989362, 0.063307, -0.130979, 0.123095, 0.017826, -0.946318, -0.322744, -0.002831, -0.14438, 0.316976, -0.93738, -0.021718, 0.0, 0.0, 0.0, 1.0],
                [0.989362, 0.06679, -0.129238, 0.123095, 0.017826, -0.937342, -0.347955, -0.002831, -0.14438, 0.34195, -0.928561, -0.021718, 0.0, 0.0, 0.0, 1.0],
                [0.989362, 0.069767, -0.127656, 0.123095, 0.017826, -0.929027, -0.36958, -0.002831, -0.14438, 0.363373, -0.920388, -0.021718, 0.0, 0.0, 0.0, 1.0],
                [0.989362, 0.072229, -0.126278, 0.123095, 0.017826, -0.921685, -0.387529, -0.002831, -0.14438, 0.381156, -0.913167, -0.021718, 0.0, 0.0, 0.0, 1.0],
                [0.989362, 0.07417, -0.125149, 0.123095, 0.017826, -0.915594, -0.401709, -0.002831, -0.14438, 0.395205, -0.907176, -0.021718, 0.0, 0.0, 0.0, 1.0],
                [0.989362, 0.075577, -0.124304, 0.123095, 0.017826, -0.911003, -0.412014, -0.002831, -0.14438, 0.405415, -0.902659, -0.021718, 0.0, 0.0, 0.0, 1.0],
                [0.989362, 0.076437, -0.123777, 0.123095, 0.017826, -0.908125, -0.418318, -0.002831, -0.14438, 0.411661, -0.899827, -0.021718, 0.0, 0.0, 0.0, 1.0],
                [0.989362, 0.076729, -0.123596, 0.123095, 0.017826, -0.907135, -0.420461, -0.002831, -0.14438, 0.413785, -0.898853, -0.021718, 0.0, 0.0, 0.0, 1.0]
            ]
        },
        {
            "name": "Leg_R",
            "time": [0.0, 0.0167, 0.0333, 0.05, 0.0667, 0.0833, 0.1, 0.1167, 0.1333, 0.15, 0.1667, 0.1833, 0.2, 0.2167, 0.2333, 0.25, 0.2667, 0.2833, 0.3, 0.3167, 0.3333, 0.35, 0.3667, 0.3833, 0.4, 0.4167, 0.4333, 0.45, 0.4667, 0.4833, 0.5, 0.5167, 0.5333, 0.55, 0.5667, 0.5833, 0.6, 0.6167, 0.6333, 0.65, 0.6667, 0.6833, 0.7, 0.7167, 0.7333, 0.75, 0.7667, 0.7833, 0.8, 0.8167, 0.8333, 0.85, 0.8667, 0.8833, 0.9, 0.9167, 0.9333, 0.95, 0.9667, 0.9833, 1.0, 1.0167, 1.0333, 1.05, 1.0667, 1.0833, 1.1, 1.1167, 1.1333, 1.15, 1.1667, 1.1833, 1.2, 1.2167, 1.2333, 1.25, 1.2667, 1.2833, 1.3, 1.3167, 1.3333, 1.35, 1.3667, 1.3833, 1.4, 1.4167, 1.4333, 1.45],
            "transform": [
                [0.999789, 0.01547, 0.013544, -0.0, -0.020165, 0.866475, 0.498813, 0.37472, -0.004019, -0.498981, 0.866603, 0.0, 0.0, 0.0, 0.0, 1.0],
                [0.999789, 0.015464, 0.01355, 0.0, -0.020163, 0.866464, 0.498833, 0.37472, -0.004027, -0.499, 0.866592, 0.0, 0.0, 0.0, 0.0, 1.0],
                [0.999789, 0.015448, 0.013567, 0.0, -0.020158, 0.866387, 0.498967, 0.37472, -0.004046, -0.499135, 0.866515, 0.0, 0.0, 0.0, 0.0, 1.0],
                [0.999789, 0.015423, 0.013593, -0.0, -0.02015, 0.866177, 0.499331, 0.37472, -0.004073, -0.4995, 0.866304, 0.0, 0.0, 0.0, 0.0, 1.0],
                [0.999789, 0.015389, 0.013628, -0.0, -0.020142, 0.865767, 0.500041, 0.37472, -0.004104, -0.50021, 0.865894, 0.0, 0.0, 0.0, 0.0, 1.0],
                [0.999789, 0.015348, 0.013672, -0.0, -0.020134, 0.865091, 0.501211, 0.37472, -0.004135, -0.50138, 0.865217, 0.0, 0.0, 0.0, 0.0, 1.0],
                [0.999789, 0.0153, 0.013723, -0.0, -0.020127, 0.864079, 0.502954, 0.37472, -0.004162, -0.503124, 0.864204, -0.0, 0.0, 0.0, 0.0, 1.0],
                [0.999789, 0.015248, 0.01378, 0.0, -0.020122, 0.862659, 0.505385, 0.37472, -0.004181, -0.505555, 0.862784, -0.0, 0.0, 0.0, 0.0, 1.0],
                [0.999789, 0.015191, 0.013843, -0.0, -0.02012, 0.86076, 0.508613, 0.37472, -0.004189, -0.508784, 0.860884, 0.0, 0.0, 0.0, 0.0, 1.0],
                [0.999789, 0.015131, 0.013909, 0.0, -0.020123, 0.858302, 0.51275, 0.37472, -0.00418, -0.512921, 0.858426, 0.0, 0.0, 0.0, 0.0, 1.0],
                [0.999789, 0.015068, 0.01398, -0.0, -0.020131, 0.855204, 0.5179, 0.37472, -0.004152, -0.518072, 0.855327, 0.0, 0.0, 0.0, 0.0, 1.0],
                [0.999789, 0.015004, 0.014053, -0.0, -0.020144, 0.851377, 0.524168, 0.37472, -0.0041, -0.52434, 0.851499, 0.0, 0.0, 0.0, 0.0, 1.0],
                [0.999789, 0.01494, 0.014127, 0.0, -0.020165, 0.846723, 0.531651, 0.37472, -0.004019, -0.531824, 0.846845, -0.0, 0.0, 0.0, 0.0, 1.0],
                [0.999723, 0.018905, 0.013986, 0.0, -0.023515, 0.810847, 0.584786, 0.37472, -0.000285, -0.584953, 0.811067, 0.0, 0.0, 0.0, 0.0, 1.0],
                [0.999448, 0.029811, 0.014656, 0.0, -0.031467, 0.708198, 0.705312, 0.37472, 0.010647, -0.705384, 0.708746, 0.0, 0.0, 0.0, 0.0, 1.0],
                [0.998791, 0.045483, 0.018674, -0.0, -0.039918, 0.528394, 0.848061, 0.37472, 0.028705, -0.84778, 0.52957, 0.0, 0.0, 0.0, 0.0, 1.0],
                [0.997671, 0.062283, 0.027813, -0.0, -0.044355, 0.2826, 0.958212, 0.37472, 0.05182, -0.957214, 0.284705, -0.0, 0.0, 0.0, 0.0, 1.0],
                [0.996258, 0.076054, 0.041058, 0.0, -0.04251, 0.017568, 0.998942, 0.37472, 0.075253, -0.996949, 0.020735, -0.0, 0.0, 0.0, 0.0, 1.0],
                [0.994909, 0.084606, 0.054758, -0.0, -0.036158, -0.207499, 0.977567, 0.37472, 0.09407, -0.97457, -0.203383, 0.0, 0.0, 0.0, 0.0, 1.0],
                [0.993953, 0.088546, 0.064947, 0.0, -0.029545, -0.354001, 0.934778, 0.37472, 0.105762, -0.931044, -0.349244, 0.0, 0.0, 0.0, 0.0, 1.0],
                [0.993598, 0.089597, 0.068819, 0.0, -0.026684, -0.405798, 0.913573, 0.37472, 0.10978, -0.909561, -0.400809, 0.0, 0.0, 0.0, 0.0, 1.0],
                [0.99423, 0.086926, 0.06286, -0.0, -0.030545, -0.332317, 0.942673, 0.37472, 0.102832, -0.939153, -0.327745, 0.0, 0.0, 0.0, 0.0, 1.0],
                [0.995779, 0.077881, 0.048568, -0.0, -0.037882, -0.133254, 0.990358, 0.37472, 0.083602, -0.988017, -0.129742, 0.0, 0.0, 0.0, 0.0, 1.0],
                [0.997575, 0.061399, 0.032762, -0.0, -0.041276, 0.142975, 0.988865, 0.37472, 0.056031, -0.98782, 0.145163, -0.0, 0.0, 0.0, 0.0, 1.0],
                [0.998919, 0.040965, 0.021983, -0.0, -0.036898, 0.410924, 0.910923, 0.37472, 0.028283, -0.910749, 0.411991, -0.0, 0.0, 0.0, 0.0, 1.0],
                [0.999555, 0.023914, 0.017817, -0.0, -0.028539, 0.593698, 0.804181, 0.37472, 0.008653, -0.804332, 0.594117, 0.0, 0.0, 0.0, 0.0, 1.0],
                [0.999714, 0.016678, 0.017164, -0.0, -0.023906, 0.661837, 0.749267, 0.37472, 0.001136, -0.749463, 0.662046, 0.0, 0.0, 0.0, 0.0, 1.0],
                [0.999725, 0.015989, 0.017136, -0.0, -0.023433, 0.667916, 0.743867, 0.37472, 0.000448, -0.744065, 0.668108, 0.0, 0.0, 0.0, 0.0, 1.0],
                [0.999735, 0.015361, 0.017118, 0.0, -0.022999, 0.673171, 0.739129, 0.37472, -0.00017, -0.739327, 0.673346, -0.0, 0.0, 0.0, 0.0, 1.0],
                [0.999744, 0.014791, 0.017107, 0.0, -0.022603, 0.677679, 0.735011, 0.37472, -0.000722, -0.735209, 0.67784, -0.0, 0.0, 0.0, 0.0, 1.0],
                [0.999752, 0.014276, 0.017102, 0.0, -0.022245, 0.681514, 0.731467, 0.37472, -0.001212, -0.731666, 0.681662, -0.0, 0.0, 0.0, 0.0, 1.0],
                [0.999758, 0.013815, 0.017101, -0.0, -0.021922, 0.684747, 0.728451, 0.37472, -0.001647, -0.72865, 0.684884, 0.0, 0.0, 0.0, 0.0, 1.0],
                [0.999764, 0.013403, 0.017104, 0.0, -0.021635, 0.687446, 0.725913, 0.37472, -0.002028, -0.726112, 0.687574, -0.0, 0.0, 0.0, 0.0, 1.0],
                [0.999769, 0.013038, 0.017108, 0.0, -0.02138, 0.689677, 0.723801, 0.37472, -0.002362, -0.724, 0.689796, -0.0, 0.0, 0.0, 0.0, 1.0],
                [0.999773, 0.012718, 0.017114, -0.0, -0.021157, 0.691503, 0.722063, 0.37472, -0.002651, -0.722261, 0.691615, 0.0, 0.0, 0.0, 0.0, 1.0],
                [0.999776, 0.01244, 0.01712, 0.0, -0.020963, 0.692987, 0.720645, 0.37472, -0.002899, -0.720843, 0.693093, 0.0, 0.0, 0.0, 0.0, 1.0],
                [0.999779, 0.0122, 0.017126, -0.0, -0.020796, 0.694189, 0.719492, 0.37472, -0.003111, -0.719689, 0.694289, 0.0, 0.0, 0.0, 0.0, 1.0],
                [0.999781, 0.011998, 0.017132, -0.0, -0.020655, 0.695169, 0.71855, 0.37472, -0.003289, -0.718746, 0.695265, 0.0, 0.0, 0.0, 0.0, 1.0],
                [0.999783, 0.011829, 0.017138, 0.0, -0.020538, 0.695985, 0.717762, 0.37472, -0.003437, -0.717959, 0.696077, -0.0, 0.0, 0.0, 0.0, 1.0],
                [0.999785, 0.011691, 0.017142, -0.0, -0.020441, 0.696697, 0.717075, 0.37472, -0.003559, -0.717271, 0.696786, 0.0, 0.0, 0.0, 0.0, 1.0],
                [0.999786, 0.011582, 0.017144, -0.0, -0.020364, 0.697361, 0.71643, 0.37472, -0.003658, -0.716626, 0.697448, 0.0, 0.0, 0.0, 0.0, 1.0],
                [0.999787, 0.011499, 0.017145, -0.0, -0.020303, 0.698037, 0.715774, 0.37472, -0.003737, -0.71597, 0.698121, 0.0, 0.0, 0.0, 0.0, 1.0],
                [0.999788, 0.01144, 0.017144, 0.0, -0.020257, 0.698781, 0.715049, 0.37472, -0.0038, -0.715245, 0.698864, -0.0, 0.0, 0.0, 0.0, 1.0],
                [0.999788, 0.011402, 0.017141, 0.0, -0.020224, 0.69965, 0.7142, 0.37472, -0.00385, -0.714395, 0.699732, 0.0, 0.0, 0.0, 0.0, 1.0],
                [0.999788, 0.011382, 0.017136, 0.0, -0.0202, 0.700701, 0.713169, 0.37472, -0.00389, -0.713364, 0.700783, 0.0, 0.0, 0.0, 0.0, 1.0],
                [0.999789, 0.011378, 0.017128, 0.0, -0.020185, 0.701991, 0.711899, 0.37472, -0.003924, -0.712095, 0.702073, -0.0, 0.0, 0.0, 0.0, 1.0],
                [0.999789, 0.011388, 0.017117, -0.0, -0.020176, 0.703576, 0.710334, 0.37472, -0.003954, -0.710529, 0.703657, 0.0, 0.0, 0.0, 0.0, 1.0],
                [0.999789, 0.011408, 0.017104, -0.0, -0.02017, 0.70551, 0.708413, 0.37472, -0.003985, -0.708608, 0.705591, 0.0, 0.0, 0.0, 0.0, 1.0],
                [0.999789, 0.011437, 0.017087, -0.0, -0.020165, 0.707848, 0.706077, 0.37472, -0.004019, -0.706272, 0.707929, 0.0, 0.0, 0.0, 0.0, 1.0],
                [0.999789, 0.011477, 0.017063, 0.0, -0.02016, 0.710628, 0.703279, 0.37472, -0.004054, -0.703475, 0.710709, -0.0, 0.0, 0.0, 0.0, 1.0],
                [0.999789, 0.011529, 0.01703, -0.0, -0.020156, 0.713832, 0.700027, 0.37472, -0.004086, -0.700222, 0.713913, -0.0, 0.0, 0.0, 0.0, 1.0],
                [0.999789, 0.011594, 0.016988, -0.0, -0.020152, 0.717427, 0.696343, 0.37472, -0.004114, -0.696538, 0.717509, -0.0, 0.0, 0.0, 0.0, 1.0],
                [0.999788, 0.011671, 0.016936, -0.0, -0.020148, 0.72138, 0.692246, 0.37472, -0.004138, -0.692441, 0.721463, -0.0, 0.0, 0.0, 0.0, 1.0],
                [0.999788, 0.011759, 0.016877, 0.0, -0.020144, 0.725659, 0.68776, 0.37472, -0.00416, -0.687954, 0.725742, -0.0, 0.0, 0.0, 0.0, 1.0],
                [0.999788, 0.011856, 0.016809, -0.0, -0.020141, 0.730229, 0.682905, 0.37472, -0.004178, -0.683099, 0.730314, 0.0, 0.0, 0.0, 0.0, 1.0],
                [0.999788, 0.011963, 0.016734, 0.0, -0.020138, 0.735059, 0.677704, 0.37472, -0.004193, -0.677897, 0.735145, 0.0, 0.0, 0.0, 0.0, 1.0],
                [0.999788, 0.012077, 0.016651, 0.0, -0.020136, 0.740116, 0.672178, 0.37472, -0.004206, -0.672371, 0.740203, -0.0, 0.0, 0.0, 0.0, 1.0],
                [0.999788, 0.012199, 0.016562, -0.0, -0.020133, 0.745367, 0.666351, 0.37472, -0.004216, -0.666543, 0.745455, 0.0, 0.0, 0.0, 0.0, 1.0],
                [0.999788, 0.012328, 0.016466, -0.0, -0.020131, 0.750779, 0.660246, 0.37472, -0.004223, -0.660438, 0.750869, 0.0, 0.0, 0.0, 0.0, 1.0],
                [0.999788, 0.012462, 0.016364, -0.0, -0.02013, 0.756323, 0.653889, 0.37472, -0.004228, -0.65408, 0.756414, -0.0, 0.0, 0.0, 0.0, 1.0],
                [0.999789, 0.0126, 0.016257, -0.0, -0.020128, 0.761966, 0.647304, 0.37472, -0.004231, -0.647494, 0.762058, -0.0, 0.0, 0.0, 0.0, 1.0],
                [0.999788, 0.012742, 0.016144, 0.0, -0.020127, 0.76768, 0.640518, 0.37472, -0.004232, -0.640707, 0.767774, -0.0, 0.0, 0.0, 0.0, 1.0],
                [0.999789, 0.012888, 0.016027, -0.0, -0.020126, 0.773434, 0.633558, 0.37472, -0.004231, -0.633746, 0.773529, -0.0, 0.0, 0.0, 0.0, 1.0],
                [0.999789, 0.013035, 0.015906, -0.0, -0.020126, 0.779201, 0.626452, 0.37472, -0.004228, -0.626639, 0.779298, 0.0, 0.0, 0.0, 0.0, 1.0],
                [0.999789, 0.013184, 0.015781, 0.0, -0.020126, 0.784953, 0.619229, 0.37472, -0.004224, -0.619415, 0.785052, 0.0, 0.0, 0.0, 0.0, 1.0],
                [0.999789, 0.013334, 0.015654, 0.0, -0.020126, 0.790664, 0.611919, 0.37472, -0.004218, -0.612105, 0.790765, -0.0, 0.0, 0.0, 0.0, 1.0],
                [0.999789, 0.013483, 0.015524, 0.0, -0.020126, 0.79631, 0.604554, 0.37472, -0.00421, -0.604739, 0.796413, -0.0, 0.0, 0.0, 0.0, 1.0],
                [0.999789, 0.013632, 0.015392, -0.0, -0.020127, 0.801865, 0.597165, 0.37472, -0.004202, -0.597349, 0.80197, 0.0, 0.0, 0.0, 0.0, 1.0],
                [0.999789, 0.013779, 0.01526, -0.0, -0.020128, 0.807309, 0.589786, 0.37472, -0.004193, -0.589968, 0.807416, 0.0, 0.0, 0.0, 0.0, 1.0],
                [0.999789, 0.013924, 0.015127, 0.0, -0.02013, 0.812618, 0.582449, 0.37472, -0.004183, -0.58263, 0.812727, -0.0, 0.0, 0.0, 0.0, 1.0],
                [0.999789, 0.014065, 0.014994, 0.0, -0.020131, 0.817773, 0.575189, 0.37472, -0.004172, -0.575369, 0.817884, -0.0, 0.0, 0.0, 0.0, 1.0],
                [0.999789, 0.014204, 0.014863, -0.0, -0.020133, 0.822755, 0.56804, 0.37472, -0.00416, -0.568219, 0.822867, -0.0, 0.0, 0.0, 0.0, 1.0],
                [0.999789, 0.014338, 0.014733, -0.0, -0.020135, 0.827544, 0.561039, 0.37472, -0.004149, -0.561218, 0.827658, -0.0, 0.0, 0.0, 0.0, 1.0],
                [0.999789, 0.014467, 0.014606, -0.0, -0.020137, 0.832125, 0.554222, 0.37472, -0.004136, -0.554399, 0.832241, 0.0, 0.0, 0.0, 0.0, 1.0],
                [0.999789, 0.01459, 0.014482, 0.0, -0.02014, 0.836481, 0.547625, 0.37472, -0.004124, -0.547801, 0.836598, 0.0, 0.0, 0.0, 0.0, 1.0],
                [0.999789, 0.014708, 0.014363, -0.0, -0.020142, 0.840598, 0.541285, 0.37472, -0.004112, -0.54146, 0.840716, -0.0, 0.0, 0.0, 0.0, 1.0],
