{
    "animation": [
        {
            "name": "Root",
            "time": [0.0, 0.0167, 0.0333, 0.05, 0.0667, 0.0833, 0.1, 0.1167, 0.1333, 0.15, 0.1667, 0.1833, 0.2, 0.2167, 0.2333, 0.25, 0.2667, 0.2833, 0.3, 0.3167, 0.3333, 0.35, 0.3667, 0.3833, 0.4, 0.4167, 0.4333, 0.45, 0.4667, 0.4833, 0.5, 0.5167, 0.5333, 0.55, 0.5667, 0.5833, 0.6, 0.6167, 0.6333, 0.65, 0.6667, 0.6833, 0.7, 0.7167, 0.7333, 0.75, 0.7667, 0.7833, 0.8, 0.8167, 0.8333, 0.85, 0.8667, 0.8833, 0.9, 0.9167, 0.9333, 0.95, 0.9667, 0.9833, 1.0, 1.0167, 1.0333, 1.05, 1.0667, 1.0833, 1.1, 1.1167, 1.1333, 1.15, 1.1667, 1.1833, 1.2, 1.2167, 1.2333, 1.25, 1.2667, 1.2833, 1.3, 1.3167, 1.3333, 1.35, 1.3667, 1.3833, 1.4, 1.4167, 1.4333, 1.45, 1.4667, 1.4833, 1.5, 1.5167, 1.5333, 1.55, 1.5667, 1.5833, 1.6],
            "transform": [
                [0.965926, 0.0, -0.258819, -5e-06, -0.258819, 0.0, -0.965926, 0.000946, 0.0, 1.0, 0.0, 0.763972, 0.0, 0.0, 0.0, 1.0],
                [0.965926, 0.0, -0.258819, -5e-06, -0.258819, 0.0, -0.965926, 0.001011, 0.0, 1.0, 0.0, 0.763972, 0.0, 0.0, 0.0, 1.0],
                [0.965926, 0.0, -0.258819, -5e-06, -0.258819, 0.0, -0.965926, 0.001465, 0.0, 1.0, 0.0, 0.763972, 0.0, 0.0, 0.0, 1.0],
                [0.965926, 0.0, -0.258819, -5e-06, -0.258819, 0.0, -0.965926, 0.002698, 0.0, 1.0, 0.0, 0.763972, 0.0, 0.0, 0.0, 1.0],
                [0.965926, 0.0, -0.258819, -5e-06, -0.258819, 0.0, -0.965926, 0.005099, 0.0, 1.0, 0.0, 0.763972, 0.0, 0.0, 0.0, 1.0],
                [0.965926, 0.0, -0.258819, -5e-06, -0.258819, 0.0, -0.965926, 0.009057, 0.0, 1.0, 0.0, 0.763972, 0.0, 0.0, 0.0, 1.0],
                [0.965926, 0.0, -0.258819, -5e-06, -0.258819, 0.0, -0.965926, 0.014961, 0.0, 1.0, 0.0, 0.763972, 0.0, 0.0, 0.0, 1.0],
                [0.965926, 0.0, -0.258819, -5e-06, -0.258819, 0.0, -0.965926, 0.023202, 0.0, 1.0, 0.0, 0.763972, 0.0, 0.0, 0.0, 1.0],
                [0.965926, 0.0, -0.258819, -5e-06, -0.258819, 0.0, -0.965926, 0.034167, 0.0, 1.0, 0.0, 0.763972, 0.0, 0.0, 0.0, 1.0],
                [0.965926, 0.0, -0.258819, -5e-06, -0.258819, 0.0, -0.965926, 0.048247, 0.0, 1.0, 0.0, 0.763972, 0.0, 0.0, 0.0, 1.0],
                [0.965926, 0.0, -0.258819, -5e-06, -0.258819, 0.0, -0.965926, 0.06583, 0.0, 1.0, 0.0, 0.763972, 0.0, 0.0, 0.0, 1.0],
                [0.965926, 0.0, -0.258819, -5e-06, -0.258819, 0.0, -0.965926, 0.087307, 0.0, 1.0, 0.0, 0.763972, 0.0, 0.0, 0.0, 1.0],
                [0.965926, 0.0, -0.258819, -5e-06, -0.258819, 0.0, -0.965926, 0.113066, 0.0, 1.0, 0.0, 0.763972, 0.0, 0.0, 0.0, 1.0],
                [0.965926, 0.0, -0.258819, -5e-06, -0.258819, 0.0, -0.965926, 0.143496, 0.0, 1.0, 0.0, 0.763972, 0.0, 0.0, 0.0, 1.0],
                [0.965926, 0.0, -0.258819, -5e-06, -0.258819, 0.0, -0.965926, 0.178988, 0.0, 1.0, 0.0, 0.763972, 0.0, 0.0, 0.0, 1.0],
                [0.965926, 0.0, -0.258819, -5e-06, -0.258819, 0.0, -0.965926, 0.227767, 0.0, 1.0, 0.0, 0.763972, 0.0, 0.0, 0.0, 1.0],
                [0.965926, 0.0, -0.258819, -5e-06, -0.258819, 0.0, -0.965926, 0.296013, 0.0, 1.0, 0.0, 0.763972, 0.0, 0.0, 0.0, 1.0],
                [0.965926, 0.0, -0.258819, -5e-06, -0.258819, 0.0, -0.965926, 0.381041, 0.0, 1.0, 0.0, 0.763972, 0.0, 0.0, 0.0, 1.0],
                [0.965926, 0.0, -0.258819, -5e-06, -0.258819, 0.0, -0.965926, 0.480167, 0.0, 1.0, 0.0, 0.763972, 0.0, 0.0, 0.0, 1.0],
                [0.965926, 0.0, -0.258819, -5e-06, -0.258819, 0.0, -0.965926, 0.590707, 0.0, 1.0, 0.0, 0.763972, 0.0, 0.0, 0.0, 1.0],
                [0.965926, 0.0, -0.258819, -5e-06, -0.258819, 0.0, -0.965926, 0.709978, 0.0, 1.0, 0.0, 0.763972, 0.0, 0.0, 0.0, 1.0],
                [0.965926, 0.0, -0.258819, -5e-06, -0.258819, 0.0, -0.965926, 0.835296, 0.0, 1.0, 0.0, 0.763972, 0.0, 0.0, 0.0, 1.0],
                [0.965926, 0.0, -0.258819, -5e-06, -0.258819, 0.0, -0.965926, 0.963976, 0.0, 1.0, 0.0, 0.763972, 0.0, 0.0, 0.0, 1.0],
                [0.965926, 0.0, -0.258819, -5e-06, -0.258819, 0.0, -0.965926, 1.093335, 0.0, 1.0, 0.0, 0.763972, 0.0, 0.0, 0.0, 1.0],
                [0.965926, 0.0, -0.258819, -5e-06, -0.258819, 0.0, -0.965926, 1.220688, 0.0, 1.0, 0.0, 0.763972, 0.0, 0.0, 0.0, 1.0],
                [0.965926, 0.0, -0.258819, -5e-06, -0.258819, 0.0, -0.965926, 1.343352, 0.0, 1.0, 0.0, 0.763972, 0.0, 0.0, 0.0, 1.0],
                [0.965926, 0.0, -0.258819, -5e-06, -0.258819, 0.0, -0.965926, 1.458643, 0.0, 1.0, 0.0, 0.763972, 0.0, 0.0, 0.0, 1.0],
                [0.965926, 0.0, -0.258819, -5e-06, -0.258819, 0.0, -0.965926, 1.563877, 0.0, 1.0, 0.0, 0.763972, 0.0, 0.0, 0.0, 1.0],
                [0.965926, 0.0, -0.258819, -5e-06, -0.258819, 0.0, -0.965926, 1.65637, 0.0, 1.0, 0.0, 0.763972, 0.0, 0.0, 0.0, 1.0],
                [0.965926, 0.0, -0.258819, -5e-06, -0.258819, 0.0, -0.965926, 1.733438, 0.0, 1.0, 0.0, 0.763972, 0.0, 0.0, 0.0, 1.0],
                [0.965926, 0.0, -0.258819, -5e-06, -0.258819, 0.0, -0.965926, 1.792397, 0.0, 1.0, 0.0, 0.763972, 0.0, 0.0, 0.0, 1.0],
                [0.965926, 0.0, -0.258819, -5e-06, -0.258819, 0.0, -0.965926, 1.830564, 0.0, 1.0, 0.0, 0.763972, 0.0, 0.0, 0.0, 1.0],
                [0.965926, 0.0, -0.258819, -5e-06, -0.258819, 0.0, -0.965926, 1.855068, 0.0, 1.0, 0.0, 0.763972, 0.0, 0.0, 0.0, 1.0],
                [0.965926, 0.0, -0.258819, -5e-06, -0.258819, 0.0, -0.965926, 1.875126, 0.0, 1.0, 0.0, 0.763972, 0.0, 0.0, 0.0, 1.0],
                [0.965926, 0.0, -0.258819, -5e-06, -0.258819, 0.0, -0.965926, 1.891183, 0.0, 1.0, 0.0, 0.763972, 0.0, 0.0, 0.0, 1.0],
                [0.965926, 0.0, -0.258819, -5e-06, -0.258819, 0.0, -0.965926, 1.903685, 0.0, 1.0, 0.0, 0.763972, 0.0, 0.0, 0.0, 1.0],
                [0.965926, 0.0, -0.258819, -5e-06, -0.258819, 0.0, -0.965926, 1.913079, 0.0, 1.0, 0.0, 0.763972, 0.0, 0.0, 0.0, 1.0],
                [0.965926, 0.0, -0.258819, -5e-06, -0.258819, 0.0, -0.965926, 1.919809, 0.0, 1.0, 0.0, 0.763972, 0.0, 0.0, 0.0, 1.0],
                [0.965926, 0.0, -0.258819, -5e-06, -0.258819, 0.0, -0.965926, 1.924322, 0.0, 1.0, 0.0, 0.763972, 0.0, 0.0, 0.0, 1.0],
                [0.965926, 0.0, -0.258819, -5e-06, -0.258819, 0.0, -0.965926, 1.927062, 0.0, 1.0, 0.0, 0.763972, 0.0, 0.0, 0.0, 1.0],
                [0.965926, 0.0, -0.258819, -5e-06, -0.258819, 0.0, -0.965926, 1.928476, 0.0, 1.0, 0.0, 0.763972, 0.0, 0.0, 0.0, 1.0],
                [0.965926, 0.0, -0.258819, -5e-06, -0.258819, 0.0, -0.965926, 1.929009, 0.0, 1.0, 0.0, 0.763972, 0.0, 0.0, 0.0, 1.0],
                [0.965926, 0.0, -0.258819, -5e-06, -0.258819, 0.0, -0.965926, 1.929107, 0.0, 1.0, 0.0, 0.763972, 0.0, 0.0, 0.0, 1.0],
                [0.965926, 0.0, -0.258819, -5e-06, -0.258819, 0.0, -0.965926, 1.929141, 0.0, 1.0, 0.0, 0.763972, 0.0, 0.0, 0.0, 1.0],
                [0.965926, 0.0, -0.258819, -5e-06, -0.258819, 0.0, -0.965926, 1.929185, 0.0, 1.0, 0.0, 0.763972, 0.0, 0.0, 0.0, 1.0],
                [0.965926, 0.0, -0.258819, -5e-06, -0.258819, 0.0, -0.965926, 1.929237, 0.0, 1.0, 0.0, 0.763972, 0.0, 0.0, 0.0, 1.0],
                [0.965926, 0.0, -0.258819, -5e-06, -0.258819, 0.0, -0.965926, 1.929295, 0.0, 1.0, 0.0, 0.763972, 0.0, 0.0, 0.0, 1.0],
                [0.965926, 0.0, -0.258819, -5e-06, -0.258819, 0.0, -0.965926, 1.92936, 0.0, 1.0, 0.0, 0.763972, 0.0, 0.0, 0.0, 1.0],
                [0.965926, 0.0, -0.258819, -5e-06, -0.258819, 0.0, -0.965926, 1.929429, 0.0, 1.0, 0.0, 0.763972, 0.0, 0.0, 0.0, 1.0],
                [0.965926, 0.0, -0.258819, -5e-06, -0.258819, 0.0, -0.965926, 1.929501, 0.0, 1.0, 0.0, 0.763972, 0.0, 0.0, 0.0, 1.0],
                [0.965926, 0.0, -0.258819, -5e-06, -0.258819, 0.0, -0.965926, 1.929576, 0.0, 1.0, 0.0, 0.763972, 0.0, 0.0, 0.0, 1.0],
                [0.965926, 0.0, -0.258819, -5e-06, -0.258819, 0.0, -0.965926, 1.929651, 0.0, 1.0, 0.0, 0.763972, 0.0, 0.0, 0.0, 1.0],
                [0.965926, 0.0, -0.258819, -5e-06, -0.258819, 0.0, -0.965926, 1.929727, 0.0, 1.0, 0.0, 0.763972, 0.0, 0.0, 0.0, 1.0],
                [0.965926, 0.0, -0.258819, -5e-06, -0.258819, 0.0, -0.965926, 1.929801, 0.0, 1.0, 0.0, 0.763972, 0.0, 0.0, 0.0, 1.0],
                [0.965926, 0.0, -0.258819, -5e-06, -0.258819, 0.0, -0.965926, 1.929872, 0.0, 1.0, 0.0, 0.763972, 0.0, 0.0, 0.0, 1.0],
                [0.965926, 0.0, -0.258819, -5e-06, -0.258819, 0.0, -0.965926, 1.929939, 0.0, 1.0, 0.0, 0.763972, 0.0, 0.0, 0.0, 1.0],
                [0.965926, 0.0, -0.258819, -5e-06, -0.258819, 0.0, -0.965926, 1.930001, 0.0, 1.0, 0.0, 0.763972, 0.0, 0.0, 0.0, 1.0],
                [0.965926, 0.0, -0.258819, -5e-06, -0.258819, 0.0, -0.965926, 1.930057, 0.0, 1.0, 0.0, 0.763972, 0.0, 0.0, 0.0, 1.0],
                [0.965926, 0.0, -0.258819, -5e-06, -0.258819, 0.0, -0.965926, 1.930106, 0.0, 1.0, 0.0, 0.763972, 0.0, 0.0, 0.0, 1.0],
                [0.965926, 0.0, -0.258819, -5e-06, -0.258819, 0.0, -0.965926, 1.930145, 0.0, 1.0, 0.0, 0.763972, 0.0, 0.0, 0.0, 1.0],
                [0.965926, 0.0, -0.258819, -5e-06, -0.258819, 0.0, -0.965926, 1.930175, 0.0, 1.0, 0.0, 0.763972, 0.0, 0.0, 0.0, 1.0],
                [0.965926, 0.0, -0.258819, -5e-06, -0.258819, 0.0, -0.965926, 1.930194, 0.0, 1.0, 0.0, 0.763972, 0.0, 0.0, 0.0, 1.0],
                [0.965926, 0.0, -0.258819, -5e-06, -0.258819, 0.0, -0.965926, 1.930201, 0.0, 1.0, 0.0, 0.763972, 0.0, 0.0, 0.0, 1.0],
                [0.965926, 0.0, -0.258819, -5e-06, -0.258819, 0.0, -0.965926, 1.930201, 0.0, 1.0, 0.0, 0.763972, 0.0, 0.0, 0.0, 1.0],
                [0.965926, 0.0, -0.258819, -5e-06, -0.258819, 0.0, -0.965926, 1.930201, 0.0, 1.0, 0.0, 0.763972, 0.0, 0.0, 0.0, 1.0],
                [0.965926, 0.0, -0.258819, -5e-06, -0.258819, 0.0, -0.965926, 1.930201, 0.0, 1.0, 0.0, 0.763972, 0.0, 0.0, 0.0, 1.0],
                [0.965926, 0.0, -0.258819, -5e-06, -0.258819, 0.0, -0.965926, 1.930201, 0.0, 1.0, 0.0, 0.763972, 0.0, 0.0, 0.0, 1.0],
                [0.965926, 0.0, -0.258819, -5e-06, -0.258819, 0.0, -0.965926, 1.930201, 0.0, 1.0, 0.0, 0.763972, 0.0, 0.0, 0.0, 1.0],
                [0.965926, 0.0, -0.258819, -0.00021, -0.258819, 0.0, -0.965926, 1.930349, 0.0, 1.0, 0.0, 0.763972, 0.0, 0.0, 0.0, 1.0],
                [0.965926, 0.0, -0.258819, -0.000806, -0.258819, 0.0, -0.965926, 1.93078, 0.0, 1.0, 0.0, 0.763972, 0.0, 0.0, 0.0, 1.0],
                [0.965926, 0.0, -0.258819, -0.001765, -0.258819, 0.0, -0.965926, 1.931473, 0.0, 1.0, 0.0, 0.763972, 0.0, 0.0, 0.0, 1.0],
                [0.965926, 0.0, -0.258819, -0.003056, -0.258819, 0.0, -0.965926, 1.932407, 0.0, 1.0, 0.0, 0.763972, 0.0, 0.0, 0.0, 1.0],
                [0.965926, 0.0, -0.258819, -0.004652, -0.258819, 0.0, -0.965926, 1.933561, 0.0, 1.0, 0.0, 0.763972, 0.0, 0.0, 0.0, 1.0],
                [0.965926, 0.0, -0.258819, -0.006523, -0.258819, 0.0, -0.965926, 1.934913, 0.0, 1.0, 0.0, 0.763972, 0.0, 0.0, 0.0, 1.0],
                [0.965926, 0.0, -0.258819, -0.008641, -0.258819, 0.0, -0.965926, 1.936444, 0.0, 1.0, 0.0, 0.763972, 0.0, 0.0, 0.0, 1.0],
                [0.965926, 0.0, -0.258819, -0.010976, -0.258819, 0.0, -0.965926, 1.938132, 0.0, 1.0, 0.0, 0.763972, 0.0, 0.0, 0.0, 1.0],
                [0.965926, 0.0, -0.258819, -0.013499, -0.258819, 0.0, -0.965926, 1.939955, 0.0, 1.0, 0.0, 0.763972, 0.0, 0.0, 0.0, 1.0],
                [0.965926, 0.0, -0.258819, -0.016181, -0.258819, 0.0, -0.965926, 1.941895, 0.0, 1.0, 0.0, 0.763972, 0.0, 0.0, 0.0, 1.0],
                [0.965926, 0.0, -0.258819, -0.018994, -0.258819, 0.0, -0.965926, 1.943928, 0.0, 1.0, 0.0, 0.763972, 0.0, 0.0, 0.0, 1.0],
                [0.965926, 0.0, -0.258819, -0.021908, -0.258819, 0.0, -0.965926, 1.946035, 0.0, 1.0, 0.0, 0.763972, 0.0, 0.0, 0.0, 1.0],
                [0.965926, 0.0, -0.258819, -0.024894, -0.258819, 0.0, -0.965926, 1.948194, 0.0, 1.0, 0.0, 0.763972, 0.0, 0.0, 0.0, 1.0],
                [0.965926, 0.0, -0.258819, -0.027924, -0.258819, 0.0, -0.965926, 1.950384, 0.0, 1.0, 0.0, 0.763972, 0.0, 0.0, 0.0, 1.0],
                [0.965926, 0.0, -0.258819, -0.030969, -0.258819, 0.0, -0.965926, 1.952585, 0.0, 1.0, 0.0, 0.763972, 0.0, 0.0, 0.0, 1.0],
                [0.965926, 0.0, -0.258819, -0.033999, -0.258819, 0.0, -0.965926, 1.954775, 0.0, 1.0, 0.0, 0.763972, 0.0, 0.0, 0.0, 1.0],
                [0.965926, 0.0, -0.258819, -0.036986, -0.258819, 0.0, -0.965926, 1.956934, 0.0, 1.0, 0.0, 0.763972, 0.0, 0.0, 0.0, 1.0],
                [0.965926, 0.0, -0.258819, -0.0399, -0.258819, 0.0, -0.965926, 1.959041, 0.0, 1.0, 0.0, 0.763972, 0.0, 0.0, 0.0, 1.0],
                [0.965926, 0.0, -0.258819, -0.042712, -0.258819, 0.0, -0.965926, 1.961074, 0.0, 1.0, 0.0, 0.763972, 0.0, 0.0, 0.0, 1.0],
                [0.965926, 0.0, -0.258819, -0.045395, -0.258819, 0.0, -0.965926, 1.963014, 0.0, 1.0, 0.0, 0.763972, 0.0, 0.0, 0.0, 1.0],
                [0.965926, 0.0, -0.258819, -0.047918, -0.258819, 0.0, -0.965926, 1.964837, 0.0, 1.0, 0.0, 0.763972, 0.0, 0.0, 0.0, 1.0],
                [0.965926, 0.0, -0.258819, -0.050252, -0.258819, 0.0, -0.965926, 1.966525, 0.0, 1.0, 0.0, 0.763972, 0.0, 0.0, 0.0, 1.0],
                [0.965926, 0.0, -0.258819, -0.05237, -0.258819, 0.0, -0.965926, 1.968056, 0.0, 1.0, 0.0, 0.763972, 0.0, 0.0, 0.0, 1.0],
                [0.965926, 0.0, -0.258819, -0.054241, -0.258819, 0.0, -0.965926, 1.969409, 0.0, 1.0, 0.0, 0.763972, 0.0, 0.0, 0.0, 1.0],
                [0.965926, 0.0, -0.258819, -0.055837, -0.258819, 0.0, -0.965926, 1.970562, 0.0, 1.0, 0.0, 0.763972, 0.0, 0.0, 0.0, 1.0],
                [0.965926, 0.0, -0.258819, -0.057129, -0.258819, 0.0, -0.965926, 1.971496, 0.0, 1.0, 0.0, 0.763972, 0.0, 0.0, 0.0, 1.0],
                [0.965926, 0.0, -0.258819, -0.058087, -0.258819, 0.0, -0.965926, 1.972189, 0.0, 1.0, 0.0, 0.763972, 0.0, 0.0, 0.0, 1.0],
                [0.965926, 0.0, -0.258819, -0.058683, -0.258819, 0.0, -0.965926, 1.97262, 0.0, 1.0, 0.0, 0.763972, 0.0, 0.0, 0.0, 1.0],
                [0.965926, 0.0, -0.258819, -0.058889, -0.258819, 0.0, -0.965926, 1.972768, 0.0, 1.0, 0.0, 0.763972, 0.0, 0.0, 0.0, 1.0]
            ]
        },
        {
            "name": "Thigh_R",
            "time": [0.0, 0.0167, 0.0333, 0.05, 0.0667, 0.0833, 0.1, 0.1167, 0.1333, 0.15, 0.1667, 0.1833, 0.2, 0.2167, 0.2333, 0.25, 0.2667, 0.2833, 0.3, 0.3167, 0.3333, 0.35, 0.3667, 0.3833, 0.4, 0.4167, 0.4333, 0.45, 0.4667, 0.4833, 0.5, 0.5167, 0.5333, 0.55, 0.5667, 0.5833, 0.6, 0.6167, 0.6333, 0.65, 0.6667, 0.6833, 0.7, 0.7167, 0.7333, 0.75, 0.7667, 0.7833, 0.8, 0.8167, 0.8333, 0.85, 0.8667, 0.8833, 0.9, 0.9167, 0.9333, 0.95, 0.9667, 0.9833, 1.0, 1.0167, 1.0333, 1.05, 1.0667, 1.0833, 1.1, 1.1167, 1.1333, 1.15, 1.1667, 1.1833, 1.2, 1.2167, 1.2333, 1.25, 1.2667, 1.2833, 1.3, 1.3167, 1.3333, 1.35, 1.3667, 1.3833, 1.4, 1.4167, 1.4333, 1.45, 1.4667, 1.4833, 1.5, 1.5167, 1.5333, 1.55, 1.5667, 1.5833, 1.6],
            "transform": [
                [0.989362, -0.099526, -0.106103, 0.123095, 0.017826, -0.640918, 0.767402, -0.002831, -0.14438, -0.76113, -0.632326, -0.021718, 0.0, 0.0, 0.0, 1.0],
                [0.989361, -0.099508, -0.106126, 0.123095, 0.017837, -0.641009, 0.767326, -0.002831, -0.144383, -0.761055, -0.632415, -0.021718, 0.0, 0.0, 0.0, 1.0],
                [0.989357, -0.09938, -0.106283, 0.123095, 0.01792, -0.641649, 0.766789, -0.002831, -0.1444, -0.760533, -0.633039, -0.021718, 0.0, 0.0, 0.0, 1.0],
                [0.989346, -0.099034, -0.106709, 0.123095, 0.018144, -0.643384, 0.765328, -0.002831, -0.144449, -0.759111, -0.634733, -0.021718, 0.0, 0.0, 0.0, 1.0],
                [0.989324, -0.098356, -0.107538, 0.123095, 0.01858, -0.646757, 0.76247, -0.002831, -0.144545, -0.756328, -0.638025, -0.021718, 0.0, 0.0, 0.0, 1.0],
                [0.989286, -0.097229, -0.1089, 0.123095, 0.0193, -0.6523, 0.757714, -0.002831, -0.144707, -0.751698, -0.643436, -0.021718, 0.0, 0.0, 0.0, 1.0],
                [0.989228, -0.095523, -0.110923, 0.123095, 0.020374, -0.66053, 0.750523, -0.002831, -0.14496, -0.744698, -0.651468, -0.021718, 0.0, 0.0, 0.0, 1.0],
                [0.989141, -0.093095, -0.113727, 0.123095, 0.021875, -0.67193, 0.740291, -0.002831, -0.145334, -0.73474, -0.662597, -0.021718, 0.0, 0.0, 0.0, 1.0],
                [0.989016, -0.089779, -0.117421, 0.123095, 0.023875, -0.686939, 0.726323, -0.002831, -0.145869, -0.721148, -0.67725, -0.021718, 0.0, 0.0, 0.0, 1.0],
                [0.988839, -0.085379, -0.122095, 0.123095, 0.026444, -0.705917, 0.707801, -0.002831, -0.146621, -0.70313, -0.695781, -0.021718, 0.0, 0.0, 0.0, 1.0],
                [0.988594, -0.079663, -0.127815, 0.123095, 0.029649, -0.729112, 0.683751, -0.002831, -0.147661, -0.679742, -0.718434, -0.021718, 0.0, 0.0, 0.0, 1.0],
                [0.988234, -0.071926, -0.134982, 0.123095, 0.033772, -0.758129, 0.651229, -0.002831, -0.149174, -0.648125, -0.74678, -0.021718, 0.0, 0.0, 0.0, 1.0],
                [0.987713, -0.061625, -0.143616, 0.123095, 0.038923, -0.793006, 0.607968, -0.002831, -0.151355, -0.606088, -0.780864, -0.021718, 0.0, 0.0, 0.0, 1.0],
                [0.987002, -0.048754, -0.153132, 0.123095, 0.044885, -0.831322, 0.553975, -0.002831, -0.154311, -0.553648, -0.818329, -0.021718, 0.0, 0.0, 0.0, 1.0],
                [0.986079, -0.03338, -0.162895, 0.123095, 0.051406, -0.870455, 0.489555, -0.002831, -0.158134, -0.491114, -0.856622, -0.021718, 0.0, 0.0, 0.0, 1.0],
                [0.984928, -0.015687, -0.172252, 0.123095, 0.05821, -0.907724, 0.415509, -0.002831, -0.162876, -0.419273, -0.89313, -0.021718, 0.0, 0.0, 0.0, 1.0],
                [0.983551, 0.00399, -0.180585, 0.123095, 0.065003, -0.940594, 0.333253, -0.002831, -0.168527, -0.33951, -0.925382, -0.021718, 0.0, 0.0, 0.0, 1.0],
                [0.981968, 0.025165, -0.187366, 0.123095, 0.071496, -0.966923, 0.244841, -0.002831, -0.175007, -0.253822, -0.951287, -0.021718, 0.0, 0.0, 0.0, 1.0],
                [0.980215, 0.047217, -0.192219, 0.123095, 0.077434, -0.985208, 0.152865, -0.002831, -0.182158, -0.164725, -0.969373, -0.021718, 0.0, 0.0, 0.0, 1.0],
                [0.978349, 0.069447, -0.194964, 0.123095, 0.082618, -0.994758, 0.060251, -0.002831, -0.189758, -0.075054, -0.978958, -0.021718, 0.0, 0.0, 0.0, 1.0],
                [0.976433, 0.091136, -0.195632, 0.123095, 0.086926, -0.995762, -0.030019, -0.002831, -0.197539, 0.012306, -0.980218, -0.021718, 0.0, 0.0, 0.0, 1.0],
                [0.974541, 0.111614, -0.194455, 0.123095, 0.090317, -0.989232, -0.115165, -0.002831, -0.205216, 0.09467, -0.974127, -0.021718, 0.0, 0.0, 0.0, 1.0],
                [0.97274, 0.13031, -0.191824, 0.123095, 0.092833, -0.976831, -0.192827, -0.002831, -0.212507, 0.169763, -0.9623, -0.021718, 0.0, 0.0, 0.0, 1.0],
                [0.971095, 0.146775, -0.188236, 0.123095, 0.094573, -0.960651, -0.26116, -0.002831, -0.219161, 0.235809, -0.946764, -0.021718, 0.0, 0.0, 0.0, 1.0],
                [0.969659, 0.160681, -0.184234, 0.123095, 0.095681, -0.942969, -0.318833, -0.002831, -0.224957, 0.291532, -0.929733, -0.021718, 0.0, 0.0, 0.0, 1.0],
                [0.96848, 0.171803, -0.18036, 0.123095, 0.096315, -0.926042, -0.364924, -0.002831, -0.229715, 0.33605, -0.913401, -0.021718, 0.0, 0.0, 0.0, 1.0],
                [0.967596, 0.17997, -0.177114, 0.123095, 0.096631, -0.911953, -0.398752, -0.002831, -0.233283, 0.368716, -0.899793, -0.021718, 0.0, 0.0, 0.0, 1.0],
                [0.96704, 0.185025, -0.174927, 0.123095, 0.09676, -0.902499, -0.41968, -0.002831, -0.235523, 0.388922, -0.890656, -0.021718, 0.0, 0.0, 0.0, 1.0],
                [0.966847, 0.186767, -0.174141, 0.123095, 0.096793, -0.899106, -0.426895, -0.002831, -0.236301, 0.395887, -0.887376, -0.021718, 0.0, 0.0, 0.0, 1.0],
                [0.966847, 0.186767, -0.174141, 0.123095, 0.096793, -0.899106, -0.426895, -0.002831, -0.236301, 0.395887, -0.887376, -0.021718, 0.0, 0.0, 0.0, 1.0],
                [0.966847, 0.186767, -0.174141, 0.123095, 0.096793, -0.899106, -0.426895, -0.002831, -0.236301, 0.395887, -0.887376, -0.021718, 0.0, 0.0, 0.0, 1.0],
                [0.966847, 0.186767, -0.174141, 0.123095, 0.096793, -0.899106, -0.426895, -0.002831, -0.236301, 0.395887, -0.887376, -0.021718, 0.0, 0.0, 0.0, 1.0],
                [0.966847, 0.186767, -0.174141, 0.123095, 0.096793, -0.899106, -0.426895, -0.002831, -0.236301, 0.395887, -0.887376, -0.021718, 0.0, 0.0, 0.0, 1.0],
                [0.966847, 0.186767, -0.174141, 0.123095, 0.096793, -0.899106, -0.426895, -0.002831, -0.236301, 0.395887, -0.887376, -0.021718, 0.0, 0.0, 0.0, 1.0],
                [0.966847, 0.186767, -0.174141, 0.123095, 0.096793, -0.899106, -0.426895, -0.002831, -0.236301, 0.395887, -0.887376, -0.021718, 0.0, 0.0, 0.0, 1.0],
                [0.966847, 0.186767, -0.174141, 0.123095, 0.096793, -0.899106, -0.426895, -0.002831, -0.236301, 0.395887, -0.887376, -0.021718, 0.0, 0.0, 0.0, 1.0],
                [0.966847, 0.186767, -0.174141, 0.123095, 0.096793, -0.899106, -0.426895, -0.002831, -0.236301, 0.395887, -0.887376, -0.021718, 0.0, 0.0, 0.0, 1.0],
                [0.966847, 0.186767, -0.174141, 0.123095, 0.096793, -0.899106, -0.426895, -0.002831, -0.236301, 0.395887, -0.887376, -0.021718, 0.0, 0.0, 0.0, 1.0],
                [0.966847, 0.186767, -0.174141, 0.123095, 0.096793, -0.899106, -0.426895, -0.002831, -0.236301, 0.395887, -0.887376, -0.021718, 0.0, 0.0, 0.0, 1.0],
                [0.966847, 0.186767, -0.174141, 0.123095, 0.096793, -0.899106, -0.426895, -0.002831, -0.236301, 0.395887, -0.887376, -0.021718, 0.0, 0.0, 0.0, 1.0],
                [0.966847, 0.186767, -0.174141, 0.123095, 0.096793, -0.899106, -0.426895, -0.002831, -0.236301, 0.395887, -0.887376, -0.021718, 0.0, 0.0, 0.0, 1.0],
                [0.966847, 0.186767, -0.174141, 0.123095, 0.096793, -0.899106, -0.426895, -0.002831, -0.236301, 0.395887, -0.887376, -0.021718, 0.0, 0.0, 0.0, 1.0],
                [0.966847, 0.186767, -0.174141, 0.123095, 0.096793, -0.899106, -0.426895, -0.002831, -0.236301, 0.395887, -0.887376, -0.021718, 0.0, 0.0, 0.0, 1.0],
                [0.966847, 0.186767, -0.174141, 0.123095, 0.096793, -0.899106, -0.426895, -0.002831, -0.236301, 0.395887, -0.887376, -0.021718, 0.0, 0.0, 0.0, 1.0],
                [0.966847, 0.186767, -0.174141, 0.123095, 0.096793, -0.899106, -0.426895, -0.002831, -0.236301, 0.395887, -0.887376, -0.021718, 0.0, 0.0, 0.0, 1.0],
                [0.966847, 0.186767, -0.174141, 0.123095, 0.096793, -0.899106, -0.426895, -0.002831, -0.236301, 0.395887, -0.887376, -0.021718, 0.0, 0.0, 0.0, 1.0],
                [0.966847, 0.186767, -0.174141, 0.123095, 0.096793, -0.899106, -0.426895, -0.002831, -0.236301, 0.395887, -0.887376, -0.021718, 0.0, 0.0, 0.0, 1.0],
                [0.966847, 0.186767, -0.174141, 0.123095, 0.096793, -0.899106, -0.426895, -0.002831, -0.236301, 0.395887, -0.887376, -0.021718, 0.0, 0.0, 0.0, 1.0],
                [0.966847, 0.186767, -0.174141, 0.123095, 0.096793, -0.899106, -0.426895, -0.002831, -0.236301, 0.395887, -0.887376, -0.021718, 0.0, 0.0, 0.0, 1.0],
                [0.966847, 0.186767, -0.174141, 0.123095, 0.096793, -0.899106, -0.426895, -0.002831, -0.236301, 0.395887, -0.887376, -0.021718, 0.0, 0.0, 0.0, 1.0],
                [0.966847, 0.186767, -0.174141, 0.123095, 0.096793, -0.899106, -0.426895, -0.002831, -0.236301, 0.395887, -0.887376, -0.021718, 0.0, 0.0, 0.0, 1.0],
                [0.966847, 0.186767, -0.174141, 0.123095, 0.096793, -0.899106, -0.426895, -0.002831, -0.236301, 0.395887, -0.887376, -0.021718, 0.0, 0.0, 0.0, 1.0],
                [0.966847, 0.186767, -0.174141, 0.123095, 0.096793, -0.899106, -0.426895, -0.002831, -0.236301, 0.395887, -0.887376, -0.021718, 0.0, 0.0, 0.0, 1.0],
                [0.966847, 0.186767, -0.174141, 0.123095, 0.096793, -0.899106, -0.426895, -0.002831, -0.236301, 0.395887, -0.887376, -0.021718, 0.0, 0.0, 0.0, 1.0],
                [0.966847, 0.186767, -0.174141, 0.123095, 0.096793, -0.899106, -0.426895, -0.002831, -0.236301, 0.395887, -0.887376, -0.021718, 0.0, 0.0, 0.0, 1.0],
                [0.966847, 0.186767, -0.174141, 0.123095, 0.096793, -0.899106, -0.426895, -0.002831, -0.236301, 0.395887, -0.887376, -0.021718, 0.0, 0.0, 0.0, 1.0],
                [0.966847, 0.186767, -0.174141, 0.123095, 0.096793, -0.899106, -0.426895, -0.002831, -0.236301, 0.395887, -0.887376, -0.021718, 0.0, 0.0, 0.0, 1.0],
                [0.966847, 0.186767, -0.174141, 0.123095, 0.096793, -0.899106, -0.426895, -0.002831, -0.236301, 0.395887, -0.887376, -0.021718, 0.0, 0.0, 0.0, 1.0],
                [0.966847, 0.186767, -0.174141, 0.123095, 0.096793, -0.899106, -0.426895, -0.002831, -0.236301, 0.395887, -0.887376, -0.021718, 0.0, 0.0, 0.0, 1.0],
                [0.966847, 0.186767, -0.174141, 0.123095, 0.096793, -0.899106, -0.426895, -0.002831, -0.236301, 0.395887, -0.887376, -0.021718, 0.0, 0.0, 0.0, 1.0],
                [0.966847, 0.186767, -0.174141, 0.123095, 0.096793, -0.899106, -0.426895, -0.002831, -0.236301, 0.395887, -0.887376, -0.021718, 0.0, 0.0, 0.0, 1.0],
                [0.966847, 0.186767, -0.174141, 0.123095, 0.096793, -0.899106, -0.426895, -0.002831, -0.236301, 0.395887, -0.887376, -0.021718, 0.0, 0.0, 0.0, 1.0],
                [0.966847, 0.186767, -0.174141, 0.123095, 0.096793, -0.899106, -0.426895, -0.002831, -0.236301, 0.395887, -0.887376, -0.021718, 0.0, 0.0, 0.0, 1.0],
                [0.966847, 0.186767, -0.174141, 0.123095, 0.096793, -0.899106, -0.426895, -0.002831, -0.236301, 0.395887, -0.887376, -0.021718, 0.0, 0.0, 0.0, 1.0],
                [0.966847, 0.186767, -0.174141, 0.123095, 0.096793, -0.899106, -0.426895, -0.002831, -0.236301, 0.395887, -0.887376, -0.021718, 0.0, 0.0, 0.0, 1.0],
                [0.966847, 0.186767, -0.174141, 0.123095, 0.096793, -0.899106, -0.426895, -0.002831, -0.236301, 0.395887, -0.887376, -0.021718, 0.0, 0.0, 0.0, 1.0],
                [0.966847, 0.186767, -0.174141, 0.123095, 0.096793, -0.899106, -0.426895, -0.002831, -0.236301, 0.395887, -0.887376, -0.021718, 0.0, 0.0, 0.0, 1.0],
                [0.966847, 0.186767, -0.174141, 0.123095, 0.096793, -0.899106, -0.426895, -0.002831, -0.236301, 0.395887, -0.887376, -0.021718, 0.0, 0.0, 0.0, 1.0],
                [0.966807, 0.186632, -0.174506, 0.123095, 0.096517, -0.899139, -0.426887, -0.002831, -0.236576, 0.395875, -0.887308, -0.021718, 0.0, 0.0, 0.0, 1.0],
                [0.966691, 0.186238, -0.175566, 0.123095, 0.095717, -0.899235, -0.426864, -0.002831, -0.237374, 0.395842, -0.88711, -0.021718, 0.0, 0.0, 0.0, 1.0],
                [0.966502, 0.185604, -0.17727, 0.123095, 0.09443, -0.89939, -0.426826, -0.002831, -0.238655, 0.395788, -0.886789, -0.021718, 0.0, 0.0, 0.0, 1.0],
                [0.966242, 0.18475, -0.179565, 0.123095, 0.092696, -0.899597, -0.42677, -0.002831, -0.240382, 0.395718, -0.886354, -0.021718, 0.0, 0.0, 0.0, 1.0],
                [0.965913, 0.183693, -0.1824, 0.123095, 0.090554, -0.89985, -0.426695, -0.002831, -0.242514, 0.395633, -0.885811, -0.021718, 0.0, 0.0, 0.0, 1.0],
                [0.965514, 0.182454, -0.185723, 0.123095, 0.088042, -0.900145, -0.4266, -0.002831, -0.245012, 0.395537, -0.885166, -0.021718, 0.0, 0.0, 0.0, 1.0],
                [0.965048, 0.18105, -0.18948, 0.123095, 0.085199, -0.900474, -0.426481, -0.002831, -0.247836, 0.395432, -0.884427, -0.021718, 0.0, 0.0, 0.0, 1.0],
                [0.964516, 0.1795, -0.193621, 0.123095, 0.082064, -0.900833, -0.426338, -0.002831, -0.250948, 0.395321, -0.883599, -0.021718, 0.0, 0.0, 0.0, 1.0],
                [0.963918, 0.177824, -0.198093, 0.123095, 0.078675, -0.901216, -0.426169, -0.002831, -0.254307, 0.395207, -0.882689, -0.021718, 0.0, 0.0, 0.0, 1.0],
                [0.963257, 0.176039, -0.202843, 0.123095, 0.075073, -0.901616, -0.425971, -0.002831, -0.257874, 0.395092, -0.881705, -0.021718, 0.0, 0.0, 0.0, 1.0],
                [0.962537, 0.174166, -0.20782, 0.123095, 0.071296, -0.90203, -0.425745, -0.002831, -0.26161, 0.394979, -0.880654, -0.021718, 0.0, 0.0, 0.0, 1.0],
                [0.96176, 0.172223, -0.212971, 0.123095, 0.067383, -0.902451, -0.42549, -0.002831, -0.265475, 0.394869, -0.879546, -0.021718, 0.0, 0.0, 0.0, 1.0],
                [0.960932, 0.17023, -0.218245, 0.123095, 0.063373, -0.902874, -0.425208, -0.002831, -0.269431, 0.394765, -0.878389, -0.021718, 0.0, 0.0, 0.0, 1.0],
                [0.96006, 0.168206, -0.223589, 0.123095, 0.059305, -0.903296, -0.424899, -0.002831, -0.273438, 0.394668, -0.877194, -0.021718, 0.0, 0.0, 0.0, 1.0],
                [0.95915, 0.16617, -0.228953, 0.123095, 0.055219, -0.903711, -0.424566, -0.002831, -0.277458, 0.39458, -0.87597, -0.021718, 0.0, 0.0, 0.0, 1.0],
                [0.958211, 0.164141, -0.234285, 0.123095, 0.051154, -0.904117, -0.424212, -0.002831, -0.281452, 0.3945, -0.874731, -0.021718, 0.0, 0.0, 0.0, 1.0],
                [0.957253, 0.16214, -0.239534, 0.123095, 0.047148, -0.904508, -0.423842, -0.002831, -0.285382, 0.394431, -0.873488, -0.021718, 0.0, 0.0, 0.0, 1.0],
                [0.956288, 0.160185, -0.244649, 0.123095, 0.04324, -0.904882, -0.423459, -0.002831, -0.289211, 0.39437, -0.872255, -0.021718, 0.0, 0.0, 0.0, 1.0],
                [0.955328, 0.158297, -0.24958, 0.123095, 0.03947, -0.905236, -0.42307, -0.002831, -0.2929, 0.39432, -0.871046, -0.021718, 0.0, 0.0, 0.0, 1.0],
                [0.954386, 0.156496, -0.254276, 0.123095, 0.035877, -0.905568, -0.422682, -0.002831, -0.296412, 0.394279, -0.869876, -0.021718, 0.0, 0.0, 0.0, 1.0],
                [0.953477, 0.1548, -0.258687, 0.123095, 0.032498, -0.905873, -0.4223, -0.002831, -0.29971, 0.394246, -0.86876, -0.021718, 0.0, 0.0, 0.0, 1.0],
                [0.952615, 0.15323, -0.262764, 0.123095, 0.029373, -0.906151, -0.421933, -0.002831, -0.302757, 0.394222, -0.867714, -0.021718, 0.0, 0.0, 0.0, 1.0],
                [0.951817, 0.151806, -0.266458, 0.123095, 0.02654, -0.906398, -0.421589, -0.002831, -0.305516, 0.394204, -0.866754, -0.021718, 0.0, 0.0, 0.0, 1.0],
                [0.951098, 0.150546, -0.269718, 0.123095, 0.024037, -0.906614, -0.421276, -0.002831, -0.307952, 0.394191, -0.865898, -0.021718, 0.0, 0.0, 0.0, 1.0],
                [0.950476, 0.149472, -0.272497, 0.123095, 0.021904, -0.906795, -0.421002, -0.002831, -0.310026, 0.394184, -0.865161, -0.021718, 0.0, 0.0, 0.0, 1.0],
                [0.949965, 0.148602, -0.274743, 0.123095, 0.020177, -0.90694, -0.420776, -0.002831, -0.311704, 0.394179, -0.86456, -0.021718, 0.0, 0.0, 0.0, 1.0],
                [0.949582, 0.147956, -0.27641, 0.123095, 0.018897, -0.907047, -0.420605, -0.002831, -0.312948, 0.394176, -0.864111, -0.021718, 0.0, 0.0, 0.0, 1.0],
                [0.949343, 0.147555, -0.277446, 0.123095, 0.0181, -0.907112, -0.420498, -0.002831, -0.313721, 0.394175, -0.863831, -0.021718, 0.0, 0.0, 0.0, 1.0],
                [0.94926, 0.147416, -0.277803, 0.123095, 0.017826, -0.907135, -0.420461, -0.002831, -0.313987, 0.394175, -0.863735, -0.021718, 0.0, 0.0, 0.0, 1.0]
            ]
        },
        {
            "name": "Leg_R",
            "time": [0.0, 0.0167, 0.0333, 0.05, 0.0667, 0.0833, 0.1, 0.1167, 0.1333, 0.15, 0.1667, 0.1833, 0.2, 0.2167, 0.2333, 0.25, 0.2667, 0.2833, 0.3, 0.3167, 0.3333, 0.35, 0.3667, 0.3833, 0.4, 0.4167, 0.4333, 0.45, 0.4667, 0.4833, 0.5, 0.5167, 0.5333, 0.55, 0.5667, 0.5833, 0.6, 0.6167, 0.6333, 0.65, 0.6667, 0.6833, 0.7, 0.7167, 0.7333, 0.75, 0.7667, 0.7833, 0.8, 0.8167, 0.8333, 0.85, 0.8667, 0.8833, 0.9, 0.9167, 0.9333, 0.95, 0.9667, 0.9833, 1.0, 1.0167, 1.0333, 1.05, 1.0667, 1.0833, 1.1, 1.1167, 1.1333, 1.15, 1.1667, 1.1833, 1.2, 1.2167, 1.2333, 1.25, 1.2667, 1.2833, 1.3, 1.3167, 1.3333, 1.35, 1.3667, 1.3833, 1.4, 1.4167, 1.4333, 1.45, 1.4667, 1.4833, 1.5, 1.5167, 1.5333, 1.55, 1.5667, 1.5833, 1.6],
            "transform": [
                [0.999789, 0.011437, 0.017087, 0.0, -0.020165, 0.707848, 0.706077, 0.37472, -0.004019, -0.706272, 0.707929, 0.0, 0.0, 0.0, 0.0, 1.0],
                [0.999789, 0.011438, 0.017086, -0.0, -0.020165, 0.707872, 0.706053, 0.37472, -0.004019, -0.706248, 0.707953, 0.0, 0.0, 0.0, 0.0, 1.0],
                [0.999789, 0.011442, 0.017084, -0.0, -0.020165, 0.70804, 0.705884, 0.37472, -0.004019, -0.70608, 0.708121, 0.0, 0.0, 0.0, 0.0, 1.0],
                [0.999789, 0.011453, 0.017076, 0.0, -0.020165, 0.708496, 0.705427, 0.37472, -0.004019, -0.705622, 0.708577, -0.0, 0.0, 0.0, 0.0, 1.0],
                [0.999789, 0.011474, 0.017062, -0.0, -0.020165, 0.709383, 0.704535, 0.37472, -0.004019, -0.70473, 0.709464, -0.0, 0.0, 0.0, 0.0, 1.0],
                [0.999789, 0.01151, 0.017038, -0.0, -0.020165, 0.710842, 0.703062, 0.37472, -0.004019, -0.703257, 0.710924, -0.0, 0.0, 0.0, 0.0, 1.0],
                [0.999789, 0.011563, 0.017002, -0.0, -0.020165, 0.713015, 0.700859, 0.37472, -0.004019, -0.701053, 0.713097, 0.0, 0.0, 0.0, 0.0, 1.0],
                [0.999789, 0.011636, 0.016952, -0.0, -0.020165, 0.716036, 0.697772, 0.37472, -0.004019, -0.697966, 0.71612, -0.0, 0.0, 0.0, 0.0, 1.0],
                [0.999789, 0.011733, 0.016885, 0.0, -0.020165, 0.720038, 0.693641, 0.37472, -0.004019, -0.693835, 0.720123, -0.0, 0.0, 0.0, 0.0, 1.0],
                [0.999788, 0.011858, 0.016798, 0.0, -0.020165, 0.725144, 0.688302, 0.37472, -0.004019, -0.688495, 0.72523, 0.0, 0.0, 0.0, 0.0, 1.0],
                [0.999788, 0.012012, 0.016688, -0.0, -0.020165, 0.731469, 0.681576, 0.37472, -0.004019, -0.681769, 0.731557, -0.0, 0.0, 0.0, 0.0, 1.0],
                [0.999788, 0.01227, 0.016499, 0.0, -0.020165, 0.741972, 0.670128, 0.37472, -0.004019, -0.670319, 0.742063, 0.0, 0.0, 0.0, 0.0, 1.0],
                [0.999789, 0.012676, 0.016189, -0.0, -0.020165, 0.758393, 0.651485, 0.37472, -0.004019, -0.651674, 0.758489, -0.0, 0.0, 0.0, 0.0, 1.0],
                [0.999789, 0.013191, 0.015773, 0.0, -0.020165, 0.77896, 0.62675, 0.37472, -0.004019, -0.626935, 0.779061, 0.0, 0.0, 0.0, 0.0, 1.0],
                [0.999789, 0.013773, 0.015267, -0.0, -0.020165, 0.80191, 0.597104, 0.37472, -0.004019, -0.597286, 0.802018, -0.0, 0.0, 0.0, 0.0, 1.0],
                [0.999789, 0.014384, 0.014693, -0.0, -0.020165, 0.825593, 0.563905, 0.37472, -0.004019, -0.564082, 0.825709, 0.0, 0.0, 0.0, 0.0, 1.0],
                [0.999789, 0.014988, 0.014076, 0.0, -0.020165, 0.848555, 0.528723, 0.37472, -0.004019, -0.528895, 0.848678, 0.0, 0.0, 0.0, 0.0, 1.0],
                [0.999789, 0.015555, 0.013447, 0.0, -0.020165, 0.8696, 0.493344, 0.37472, -0.004019, -0.493511, 0.86973, -0.0, 0.0, 0.0, 0.0, 1.0],
                [0.999788, 0.016058, 0.012842, 0.0, -0.020165, 0.887833, 0.459724, 0.37472, -0.004019, -0.459886, 0.887969, 0.0, 0.0, 0.0, 0.0, 1.0],
                [0.999789, 0.016476, 0.012301, -0.0, -0.020165, 0.902636, 0.429932, 0.37472, -0.004019, -0.430089, 0.902777, -0.0, 0.0, 0.0, 0.0, 1.0],
                [0.999789, 0.016794, 0.011864, -0.0, -0.020165, 0.913613, 0.406084, 0.37472, -0.004019, -0.406237, 0.913759, 0.0, 0.0, 0.0, 0.0, 1.0],
                [0.999789, 0.016996, 0.011573, -0.0, -0.020165, 0.920474, 0.390285, 0.37472, -0.004019, -0.390435, 0.920622, -0.0, 0.0, 0.0, 0.0, 1.0],
                [0.999789, 0.017067, 0.011467, -0.0, -0.020165, 0.922872, 0.384579, 0.37472, -0.004019, -0.384729, 0.923021, -0.0, 0.0, 0.0, 0.0, 1.0],
                [0.999789, 0.017032, 0.011518, 0.0, -0.020165, 0.921717, 0.387337, 0.37472, -0.004019, -0.387488, 0.921866, -0.0, 0.0, 0.0, 0.0, 1.0],
                [0.999789, 0.016946, 0.011645, 0.0, -0.020165, 0.918798, 0.394212, 0.37472, -0.004019, -0.394364, 0.918946, 0.0, 0.0, 0.0, 0.0, 1.0],
                [0.999789, 0.016832, 0.011809, 0.0, -0.020165, 0.914932, 0.403103, 0.37472, -0.004019, -0.403256, 0.915078, 0.0, 0.0, 0.0, 0.0, 1.0],
                [0.999789, 0.016717, 0.011971, 0.0, -0.020165, 0.910988, 0.41194, 0.37472, -0.004019, -0.412095, 0.911132, -0.0, 0.0, 0.0, 0.0, 1.0],
                [0.999789, 0.016628, 0.012095, -0.0, -0.020165, 0.9079, 0.418702, 0.37472, -0.004019, -0.418857, 0.908043, 0.0, 0.0, 0.0, 0.0, 1.0],
                [0.999789, 0.016592, 0.012145, 0.0, -0.020165, 0.906652, 0.421397, 0.37472, -0.004019, -0.421553, 0.906795, -0.0, 0.0, 0.0, 0.0, 1.0],
                [0.999789, 0.016592, 0.012145, 0.0, -0.020165, 0.906652, 0.421397, 0.37472, -0.004019, -0.421553, 0.906795, 0.0, 0.0, 0.0, 0.0, 1.0],
                [0.999789, 0.016592, 0.012145, 0.0, -0.020165, 0.906652, 0.421397, 0.37472, -0.004019, -0.421553, 0.906795, -0.0, 0.0, 0.0, 0.0, 1.0],
                [0.999789, 0.016592, 0.012145, 0.0, -0.020165, 0.906652, 0.421397, 0.37472, -0.004019, -0.421553, 0.906795, -0.0, 0.0, 0.0, 0.0, 1.0],
                [0.999789, 0.016592, 0.012145, 0.0, -0.020165, 0.906652, 0.421397, 0.37472, -0.004019, -0.421553, 0.906795, -0.0, 0.0, 0.0, 0.0, 1.0],
                [0.999789, 0.016592, 0.012145, 0.0, -0.020165, 0.906652, 0.421397, 0.37472, -0.004019, -0.421553, 0.906795, -0.0, 0.0, 0.0, 0.0, 1.0],
                [0.999789, 0.016592, 0.012145, 0.0, -0.020165, 0.906652, 0.421397, 0.37472, -0.004019, -0.421553, 0.906795, -0.0, 0.0, 0.0, 0.0, 1.0],
                [0.999789, 0.016592, 0.012145, 0.0, -0.020165, 0.906652, 0.421397, 0.37472, -0.004019, -0.421553, 0.906795, -0.0, 0.0, 0.0, 0.0, 1.0],
                [0.999789, 0.016592, 0.012145, 0.0, -0.020165, 0.906652, 0.421397, 0.37472, -0.004019, -0.421553, 0.906795, -0.0, 0.0, 0.0, 0.0, 1.0],
                [0.999789, 0.016592, 0.012145, 0.0, -0.020165, 0.906652, 0.421397, 0.37472, -0.004019, -0.421553, 0.906795, -0.0, 0.0, 0.0, 0.0, 1.0],
                [0.999789, 0.016592, 0.012145, 0.0, -0.020165, 0.906652, 0.421397, 0.37472, -0.004019, -0.421553, 0.906795, -0.0, 0.0, 0.0, 0.0, 1.0],
                [0.999789, 0.016592, 0.012145, 0.0, -0.020165, 0.906652, 0.421397, 0.37472, -0.004019, -0.421553, 0.906795, -0.0, 0.0, 0.0, 0.0, 1.0],
                [0.999789, 0.016592, 0.012145, 0.0, -0.020165, 0.906652, 0.421397, 0.37472, -0.004019, -0.421553, 0.906795, -0.0, 0.0, 0.0, 0.0, 1.0],
                [0.999789, 0.016592, 0.012145, 0.0, -0.020165, 0.906652, 0.421397, 0.37472, -0.004019, -0.421553, 0.906795, -0.0, 0.0, 0.0, 0.0, 1.0],
                [0.999789, 0.016592, 0.012145, 0.0, -0.020165, 0.906652, 0.421397, 0.37472, -0.004019, -0.421553, 0.906795, -0.0, 0.0, 0.0, 0.0, 1.0],
                [0.999789, 0.016592, 0.012145, 0.0, -0.020165, 0.906652, 0.421397, 0.37472, -0.004019, -0.421553, 0.906795, -0.0, 0.0, 0.0, 0.0, 1.0],
                [0.999789, 0.016592, 0.012145, 0.0, -0.020165, 0.906652, 0.421397, 0.37472, -0.004019, -0.421553, 0.906795, -0.0, 0.0, 0.0, 0.0, 1.0],
                [0.999789, 0.016592, 0.012145, 0.0, -0.020165, 0.906652, 0.421397, 0.37472, -0.004019, -0.421553, 0.906795, -0.0, 0.0, 0.0, 0.0, 1.0],
                [0.999789, 0.016592, 0.012145, 0.0, -0.020165, 0.906652, 0.421397, 0.37472, -0.004019, -0.421553, 0.906795, 0.0, 0.0, 0.0, 0.0, 1.0],
                [0.999789, 0.016592, 0.012145, -0.0, -0.020165, 0.906652, 0.421397, 0.37472, -0.004019, -0.421553, 0.906795, -0.0, 0.0, 0.0, 0.0, 1.0],
                [0.999789, 0.016592, 0.012145, 0.0, -0.020165, 0.906652, 0.421397, 0.37472, -0.004019, -0.421553, 0.906795, 0.0, 0.0, 0.0, 0.0, 1.0],
                [0.999789, 0.016592, 0.012145, 0.0, -0.020165, 0.906652, 0.421397, 0.37472, -0.004019, -0.421553, 0.906795, -0.0, 0.0, 0.0, 0.0, 1.0],
                [0.999789, 0.016592, 0.012145, 0.0, -0.020165, 0.906652, 0.421397, 0.37472, -0.004019, -0.421553, 0.906795, 0.0, 0.0, 0.0, 0.0, 1.0],
                [0.999789, 0.016592, 0.012145, 0.0, -0.020165, 0.906652, 0.421397, 0.37472, -0.004019, -0.421553, 0.906795, 0.0, 0.0, 0.0, 0.0, 1.0],
                [0.999789, 0.016592, 0.012145, 0.0, -0.020165, 0.906652, 0.421397, 0.37472, -0.004019, -0.421553, 0.906795, 0.0, 0.0, 0.0, 0.0, 1.0],
                [0.999789, 0.016592, 0.012145, 0.0, -0.020165, 0.906652, 0.421397, 0.37472, -0.004019, -0.421553, 0.906795, -0.0, 0.0, 0.0, 0.0, 1.0],
                [0.999789, 0.016592, 0.012145, 0.0, -0.020165, 0.906652, 0.421397, 0.37472, -0.004019, -0.421553, 0.906795, -0.0, 0.0, 0.0, 0.0, 1.0],
                [0.999789, 0.016592, 0.012145, 0.0, -0.020165, 0.906652, 0.421397, 0.37472, -0.004019, -0.421553, 0.906795, 0.0, 0.0, 0.0, 0.0, 1.0],
