{
    "animation": [
        {
            "name": "Root",
            "time": [0.0, 0.0167, 0.0333, 0.05, 0.0667, 0.0833, 0.1, 0.1167, 0.1333, 0.15, 0.1667, 0.1833, 0.2, 0.2167, 0.2333, 0.25, 0.2667, 0.2833, 0.3, 0.3167, 0.3333, 0.35, 0.3667, 0.3833, 0.4, 0.4167, 0.4333, 0.45, 0.4667, 0.4833, 0.5, 0.5167, 0.5333, 0.55, 0.5667, 0.5833, 0.6, 0.6167, 0.6333, 0.65, 0.6667, 0.6833, 0.7, 0.7167, 0.7333, 0.75, 0.7667, 0.7833, 0.8, 0.8167, 0.8333, 0.85, 0.8667, 0.8833, 0.9, 0.9167, 0.9333, 0.95, 0.9667, 0.9833, 1.0, 1.0167, 1.0333, 1.05, 1.0667, 1.0833, 1.1, 1.1167, 1.1333, 1.15, 1.1667, 1.1833, 1.2, 1.2167, 1.2333, 1.25, 1.2667, 1.2833, 1.3, 1.3167, 1.3333, 1.35, 1.3667, 1.3833, 1.4, 1.4167, 1.4333, 1.45, 1.4667, 1.4833, 1.5, 1.5167, 1.5333, 1.55, 1.5667, 1.5833, 1.6, 1.6167, 1.6333, 1.65, 1.6667, 1.6833, 1.7, 1.7167, 1.7333, 1.75, 1.7667, 1.7833, 1.8, 1.8167, 1.8333, 1.85],
            "transform": [
                [0.965926, 0.0, -0.258819, -5e-06, -0.258819, 0.0, -0.965926, 0.000946, 0.0, 1.0, 0.0, 0.763972, 0.0, 0.0, 0.0, 1.0],
                [0.965926, 0.0, -0.258819, -5e-06, -0.258819, 0.0, -0.965926, 0.000946, 0.0, 1.0, 0.0, 0.763327, 0.0, 0.0, 0.0, 1.0],
                [0.965926, 0.0, -0.258819, -5e-06, -0.258819, 0.0, -0.965926, 0.000946, 0.0, 1.0, 0.0, 0.76151, 0.0, 0.0, 0.0, 1.0],
                [0.965926, 0.0, -0.258819, -5e-06, -0.258819, 0.0, -0.965926, 0.000946, 0.0, 1.0, 0.0, 0.758691, 0.0, 0.0, 0.0, 1.0],
                [0.965926, 0.0, -0.258819, -5e-06, -0.258819, 0.0, -0.965926, 0.000946, 0.0, 1.0, 0.0, 0.755042, 0.0, 0.0, 0.0, 1.0],
                [0.965926, 0.0, -0.258819, -5e-06, -0.258819, 0.0, -0.965926, 0.000946, 0.0, 1.0, 0.0, 0.750735, 0.0, 0.0, 0.0, 1.0],
                [0.965926, 0.0, -0.258819, -5e-06, -0.258819, 0.0, -0.965926, 0.000946, 0.0, 1.0, 0.0, 0.745942, 0.0, 0.0, 0.0, 1.0],
                [0.965926, 0.0, -0.258819, -5e-06, -0.258819, 0.0, -0.965926, 0.000946, 0.0, 1.0, 0.0, 0.740835, 0.0, 0.0, 0.0, 1.0],
                [0.965926, 0.0, -0.258819, -5e-06, -0.258819, 0.0, -0.965926, 0.000946, 0.0, 1.0, 0.0, 0.735585, 0.0, 0.0, 0.0, 1.0],
                [0.965926, 0.0, -0.258819, -5e-06, -0.258819, 0.0, -0.965926, 0.000946, 0.0, 1.0, 0.0, 0.730365, 0.0, 0.0, 0.0, 1.0],
                [0.965926, 0.0, -0.258819, -5e-06, -0.258819, 0.0, -0.965926, 0.000946, 0.0, 1.0, 0.0, 0.725347, 0.0, 0.0, 0.0, 1.0],
                [0.965926, 0.0, -0.258819, -5e-06, -0.258819, 0.0, -0.965926, 0.000946, 0.0, 1.0, 0.0, 0.720702, 0.0, 0.0, 0.0, 1.0],
                [0.965926, 0.0, -0.258819, -5e-06, -0.258819, 0.0, -0.965926, 0.000946, 0.0, 1.0, 0.0, 0.716602, 0.0, 0.0, 0.0, 1.0],
                [0.965926, 0.0, -0.258819, -5e-06, -0.258819, 0.0, -0.965926, 0.000946, 0.0, 1.0, 0.0, 0.713219, 0.0, 0.0, 0.0, 1.0],
                [0.965926, 0.0, -0.258819, -5e-06, -0.258819, 0.0, -0.965926, 0.000946, 0.0, 1.0, 0.0, 0.710726, 0.0, 0.0, 0.0, 1.0],
                [0.965926, 0.0, -0.258819, -5e-06, -0.258819, 0.0, -0.965926, 0.002275, 0.0, 1.0, 0.0, 0.709174, 0.0, 0.0, 0.0, 1.0],
                [0.965926, 0.0, -0.258819, -5e-06, -0.258819, 0.0, -0.965926, 0.011574, 0.0, 1.0, 0.0, 0.708143, 0.0, 0.0, 0.0, 1.0],
                [0.965926, 0.0, -0.258819, -5e-06, -0.258819, 0.0, -0.965926, 0.036816, 0.0, 1.0, 0.0, 0.707093, 0.0, 0.0, 0.0, 1.0],
                [0.968205, 0.0, -0.250159, -5e-06, -0.250159, 0.0, -0.968205, 0.10981, 0.0, 1.0, 0.0, 0.705598, 0.0, 0.0, 0.0, 1.0],
                [0.973934, 0.0, -0.22683, -5e-06, -0.22683, 0.0, -0.973934, 0.24753, 0.0, 1.0, 0.0, 0.703698, 0.0, 0.0, 0.0, 1.0],
                [0.981242, 0.0, -0.19278, -5e-06, -0.19278, 0.0, -0.981242, 0.435692, 0.0, 1.0, 0.0, 0.701549, 0.0, 0.0, 0.0, 1.0],
                [0.988371, 0.0, -0.152065, -5e-06, -0.152065, 0.0, -0.988371, 0.660009, 0.0, 1.0, 0.0, 0.699305, 0.0, 0.0, 0.0, 1.0],
                [0.99405, 0.0, -0.108926, -5e-06, -0.108926, 0.0, -0.99405, 0.906197, 0.0, 1.0, 0.0, 0.697121, 0.0, 0.0, 0.0, 1.0],
                [0.997702, 0.0, -0.067753, -5e-06, -0.067753, 0.0, -0.997702, 1.15997, 0.0, 1.0, 0.0, 0.695152, 0.0, 0.0, 0.0, 1.0],
                [0.999456, 0.0, -0.032972, -5e-06, -0.032972, 0.0, -0.999456, 1.407044, 0.0, 1.0, 0.0, 0.693554, 0.0, 0.0, 0.0, 1.0],
                [0.99996, 0.0, -0.008955, -5e-06, -0.008955, 0.0, -0.99996, 1.633133, 0.0, 1.0, 0.0, 0.692482, 0.0, 0.0, 0.0, 1.0],
                [1.0, 0.0, 0.0, -5e-06, 0.0, 0.0, -1.0, 1.823952, 0.0, 1.0, 0.0, 0.69209, 0.0, 0.0, 0.0, 1.0],
                [1.0, 0.0, -8.7e-05, -5e-06, -8.7e-05, 0.0, -1.0, 1.96903, 0.0, 1.0, 0.0, 0.692095, 0.0, 0.0, 0.0, 1.0],
                [1.0, 0.0, -0.000698, -5e-06, -0.000698, 0.0, -1.0, 2.073151, 0.0, 1.0, 0.0, 0.692135, 0.0, 0.0, 0.0, 1.0],
                [0.999997, 0.0, -0.002356, -5e-06, -0.002356, 0.0, -0.999997, 2.144912, 0.0, 1.0, 0.0, 0.692244, 0.0, 0.0, 0.0, 1.0],
                [0.999984, 0.0, -0.005584, -5e-06, -0.005584, 0.0, -0.999984, 2.192913, 0.0, 1.0, 0.0, 0.692455, 0.0, 0.0, 0.0, 1.0],
                [0.999941, 0.0, -0.010906, -5e-06, -0.010906, 0.0, -0.999941, 2.22575, 0.0, 1.0, 0.0, 0.692803, 0.0, 0.0, 0.0, 1.0],
                [0.999822, 0.0, -0.018846, -5e-06, -0.018846, 0.0, -0.999822, 2.252022, 0.0, 1.0, 0.0, 0.693322, 0.0, 0.0, 0.0, 1.0],
                [0.999552, 0.0, -0.029926, -5e-06, -0.029926, 0.0, -0.999552, 2.280327, 0.0, 1.0, 0.0, 0.694046, 0.0, 0.0, 0.0, 1.0],
                [0.999002, 0.0, -0.044666, -5e-06, -0.044666, 0.0, -0.999002, 2.319263, 0.0, 1.0, 0.0, 0.69501, 0.0, 0.0, 0.0, 1.0],
                [0.997977, 0.0, -0.063577, -5e-06, -0.063577, 0.0, -0.997977, 2.377428, 0.0, 1.0, 0.0, 0.696248, 0.0, 0.0, 0.0, 1.0],
                [0.996195, 0.0, -0.087156, -5e-06, -0.087156, 0.0, -0.996195, 2.46342, 0.0, 1.0, 0.0, 0.697793, 0.0, 0.0, 0.0, 1.0],
                [0.993208, 0.0, -0.116356, -5e-06, -0.116356, 0.0, -0.993208, 2.582989, 0.0, 1.0, 0.0, 0.700029, 0.0, 0.0, 0.0, 1.0],
                [0.988594, 0.0, -0.150608, -5e-06, -0.150608, 0.0, -0.988594, 2.730493, 0.0, 1.0, 0.0, 0.703157, 0.0, 0.0, 0.0, 1.0],
                [0.982152, 0.0, -0.188088, -5e-06, -0.188088, 0.0, -0.982152, 2.897439, 0.0, 1.0, 0.0, 0.706935, 0.0, 0.0, 0.0, 1.0],
                [0.973905, 0.0, -0.226954, -5e-06, -0.226954, 0.0, -0.973905, 3.075338, 0.0, 1.0, 0.0, 0.711126, 0.0, 0.0, 0.0, 1.0],
                [0.964143, 0.0, -0.265382, -5e-06, -0.265382, 0.0, -0.964143, 3.255698, 0.0, 1.0, 0.0, 0.715489, 0.0, 0.0, 0.0, 1.0],
                [0.953436, 0.0, -0.301596, -5e-06, -0.301596, 0.0, -0.953436, 3.430029, 0.0, 1.0, 0.0, 0.719786, 0.0, 0.0, 0.0, 1.0],
                [0.942607, 0.0, -0.333904, -5e-06, -0.333904, 0.0, -0.942607, 3.589839, 0.0, 1.0, 0.0, 0.723777, 0.0, 0.0, 0.0, 1.0],
                [0.932679, 0.0, -0.360709, -5e-06, -0.360709, 0.0, -0.932679, 3.726639, 0.0, 1.0, 0.0, 0.727222, 0.0, 0.0, 0.0, 1.0],
                [0.924436, 0.0, -0.381337, -5e-06, -0.381337, 0.0, -0.924436, 3.834433, 0.0, 1.0, 0.0, 0.729944, 0.0, 0.0, 0.0, 1.0],
                [0.917943, 0.0, -0.396711, -5e-06, -0.396711, 0.0, -0.917943, 3.915437, 0.0, 1.0, 0.0, 0.73199, 0.0, 0.0, 0.0, 1.0],
                [0.913134, 0.0, -0.407659, -5e-06, -0.407659, 0.0, -0.913134, 3.97348, 0.0, 1.0, 0.0, 0.733455, 0.0, 0.0, 0.0, 1.0],
                [0.909837, 0.0, -0.414965, -5e-06, -0.414965, 0.0, -0.909837, 4.012388, 0.0, 1.0, 0.0, 0.734438, 0.0, 0.0, 0.0, 1.0],
                [0.907807, 0.0, -0.419388, -5e-06, -0.419388, 0.0, -0.907807, 4.035987, 0.0, 1.0, 0.0, 0.735034, 0.0, 0.0, 0.0, 1.0],
                [0.906755, 0.0, -0.421658, -5e-06, -0.421658, 0.0, -0.906755, 4.048107, 0.0, 1.0, 0.0, 0.73534, 0.0, 0.0, 0.0, 1.0],
                [0.906364, 0.0, -0.422497, -5e-06, -0.422497, 0.0, -0.906364, 4.052571, 0.0, 1.0, 0.0, 0.735453, 0.0, 0.0, 0.0, 1.0],
                [0.906308, 0.0, -0.422618, -5e-06, -0.422618, 0.0, -0.906308, 4.053209, 0.0, 1.0, 0.0, 0.735469, 0.0, 0.0, 0.0, 1.0],
                [0.906308, 0.0, -0.422618, -5e-06, -0.422618, 0.0, -0.906308, 4.053209, 0.0, 1.0, 0.0, 0.735469, 0.0, 0.0, 0.0, 1.0],
                [0.906308, 0.0, -0.422618, -5e-06, -0.422618, 0.0, -0.906308, 4.053209, 0.0, 1.0, 0.0, 0.735469, 0.0, 0.0, 0.0, 1.0],
                [0.906308, 0.0, -0.422618, -5e-06, -0.422618, 0.0, -0.906308, 4.053209, 0.0, 1.0, 0.0, 0.735469, 0.0, 0.0, 0.0, 1.0],
                [0.906308, 0.0, -0.422618, -5e-06, -0.422618, 0.0, -0.906308, 4.053209, 0.0, 1.0, 0.0, 0.735469, 0.0, 0.0, 0.0, 1.0],
                [0.906308, 0.0, -0.422618, -5e-06, -0.422618, 0.0, -0.906308, 4.053209, 0.0, 1.0, 0.0, 0.735469, 0.0, 0.0, 0.0, 1.0],
                [0.906308, 0.0, -0.422618, -5e-06, -0.422618, 0.0, -0.906308, 4.053209, 0.0, 1.0, 0.0, 0.735469, 0.0, 0.0, 0.0, 1.0],
                [0.906308, 0.0, -0.422618, -5e-06, -0.422618, 0.0, -0.906308, 4.053209, 0.0, 1.0, 0.0, 0.735469, 0.0, 0.0, 0.0, 1.0],
                [0.906308, 0.0, -0.422618, -5e-06, -0.422618, 0.0, -0.906308, 4.053209, 0.0, 1.0, 0.0, 0.735469, 0.0, 0.0, 0.0, 1.0],
                [0.906308, 0.0, -0.422618, -5e-06, -0.422618, 0.0, -0.906308, 4.053209, 0.0, 1.0, 0.0, 0.735469, 0.0, 0.0, 0.0, 1.0],
                [0.906308, 0.0, -0.422618, -5e-06, -0.422618, 0.0, -0.906308, 4.053209, 0.0, 1.0, 0.0, 0.735469, 0.0, 0.0, 0.0, 1.0],
                [0.906308, 0.0, -0.422618, -5e-06, -0.422618, 0.0, -0.906308, 4.053209, 0.0, 1.0, 0.0, 0.735469, 0.0, 0.0, 0.0, 1.0],
                [0.906308, 0.0, -0.422618, -5e-06, -0.422618, 0.0, -0.906308, 4.053209, 0.0, 1.0, 0.0, 0.735469, 0.0, 0.0, 0.0, 1.0],
                [0.906308, 0.0, -0.422618, -5e-06, -0.422618, 0.0, -0.906308, 4.053209, 0.0, 1.0, 0.0, 0.735469, 0.0, 0.0, 0.0, 1.0],
                [0.906308, 0.0, -0.422618, -5e-06, -0.422618, 0.0, -0.906308, 4.053209, 0.0, 1.0, 0.0, 0.735469, 0.0, 0.0, 0.0, 1.0],
                [0.906308, 0.0, -0.422618, -5e-06, -0.422618, 0.0, -0.906308, 4.053209, 0.0, 1.0, 0.0, 0.735469, 0.0, 0.0, 0.0, 1.0],
                [0.906308, 0.0, -0.422618, -5e-06, -0.422618, 0.0, -0.906308, 4.053209, 0.0, 1.0, 0.0, 0.735469, 0.0, 0.0, 0.0, 1.0],
                [0.906308, 0.0, -0.422618, -5e-06, -0.422618, 0.0, -0.906308, 4.053209, 0.0, 1.0, 0.0, 0.735469, 0.0, 0.0, 0.0, 1.0],
                [0.906308, 0.0, -0.422618, -5e-06, -0.422618, 0.0, -0.906308, 4.053209, 0.0, 1.0, 0.0, 0.735469, 0.0, 0.0, 0.0, 1.0],
                [0.906308, 0.0, -0.422618, -5e-06, -0.422618, 0.0, -0.906308, 4.053209, 0.0, 1.0, 0.0, 0.735469, 0.0, 0.0, 0.0, 1.0],
                [0.906308, 0.0, -0.422618, -5e-06, -0.422618, 0.0, -0.906308, 4.053209, 0.0, 1.0, 0.0, 0.735469, 0.0, 0.0, 0.0, 1.0],
                [0.906308, 0.0, -0.422618, -5e-06, -0.422618, 0.0, -0.906308, 4.053209, 0.0, 1.0, 0.0, 0.735469, 0.0, 0.0, 0.0, 1.0],
                [0.906308, 0.0, -0.422618, -5e-06, -0.422618, 0.0, -0.906308, 4.053209, 0.0, 1.0, 0.0, 0.735469, 0.0, 0.0, 0.0, 1.0],
                [0.906308, 0.0, -0.422618, -5e-06, -0.422618, 0.0, -0.906308, 4.053209, 0.0, 1.0, 0.0, 0.735469, 0.0, 0.0, 0.0, 1.0],
                [0.906308, 0.0, -0.422618, -5e-06, -0.422618, 0.0, -0.906308, 4.053209, 0.0, 1.0, 0.0, 0.735469, 0.0, 0.0, 0.0, 1.0],
                [0.906308, 0.0, -0.422618, -5e-06, -0.422618, 0.0, -0.906308, 4.053209, 0.0, 1.0, 0.0, 0.735469, 0.0, 0.0, 0.0, 1.0],
                [0.906308, 0.0, -0.422618, -5e-06, -0.422618, 0.0, -0.906308, 4.053209, 0.0, 1.0, 0.0, 0.735469, 0.0, 0.0, 0.0, 1.0],
                [0.906308, 0.0, -0.422618, -5e-06, -0.422618, 0.0, -0.906308, 4.053209, 0.0, 1.0, 0.0, 0.735469, 0.0, 0.0, 0.0, 1.0],
                [0.906308, 0.0, -0.422618, -5e-06, -0.422618, 0.0, -0.906308, 4.053209, 0.0, 1.0, 0.0, 0.735469, 0.0, 0.0, 0.0, 1.0],
                [0.906308, 0.0, -0.422618, -5e-06, -0.422618, 0.0, -0.906308, 4.053209, 0.0, 1.0, 0.0, 0.735469, 0.0, 0.0, 0.0, 1.0],
                [0.906308, 0.0, -0.422618, -5e-06, -0.422618, 0.0, -0.906308, 4.053209, 0.0, 1.0, 0.0, 0.735469, 0.0, 0.0, 0.0, 1.0],
                [0.906308, 0.0, -0.422618, -5e-06, -0.422618, 0.0, -0.906308, 4.053209, 0.0, 1.0, 0.0, 0.735469, 0.0, 0.0, 0.0, 1.0],
                [0.906308, 0.0, -0.422618, -5e-06, -0.422618, 0.0, -0.906308, 4.053209, 0.0, 1.0, 0.0, 0.735469, 0.0, 0.0, 0.0, 1.0],
                [0.906603, 0.0, -0.421984, -5e-06, -0.421984, 0.0, -0.906603, 4.05365, 0.0, 1.0, 0.0, 0.735469, 0.0, 0.0, 0.0, 1.0],
                [0.907457, 0.0, -0.420144, -5e-06, -0.420144, 0.0, -0.907457, 4.054928, 0.0, 1.0, 0.0, 0.735469, 0.0, 0.0, 0.0, 1.0],
                [0.908818, 0.0, -0.417192, -5e-06, -0.417192, 0.0, -0.908818, 4.056975, 0.0, 1.0, 0.0, 0.735469, 0.0, 0.0, 0.0, 1.0],
                [0.910632, 0.0, -0.413219, -5e-06, -0.413219, 0.0, -0.910632, 4.059727, 0.0, 1.0, 0.0, 0.735469, 0.0, 0.0, 0.0, 1.0],
                [0.912841, 0.0, -0.408315, -5e-06, -0.408315, 0.0, -0.912841, 4.063114, 0.0, 1.0, 0.0, 0.735469, 0.0, 0.0, 0.0, 1.0],
                [0.915388, 0.0, -0.402572, -5e-06, -0.402572, 0.0, -0.915388, 4.06707, 0.0, 1.0, 0.0, 0.735469, 0.0, 0.0, 0.0, 1.0],
                [0.918217, 0.0, -0.396078, -5e-06, -0.396078, 0.0, -0.918217, 4.071529, 0.0, 1.0, 0.0, 0.735469, 0.0, 0.0, 0.0, 1.0],
                [0.921269, 0.0, -0.388926, -5e-06, -0.388926, 0.0, -0.921269, 4.076423, 0.0, 1.0, 0.0, 0.735469, 0.0, 0.0, 0.0, 1.0],
                [0.924489, 0.0, -0.381209, -5e-06, -0.381209, 0.0, -0.924489, 4.081685, 0.0, 1.0, 0.0, 0.735469, 0.0, 0.0, 0.0, 1.0],
                [0.927824, 0.0, -0.373019, -5e-06, -0.373019, 0.0, -0.927824, 4.087248, 0.0, 1.0, 0.0, 0.735469, 0.0, 0.0, 0.0, 1.0],
                [0.931222, 0.0, -0.364451, -5e-06, -0.364451, 0.0, -0.931222, 4.093046, 0.0, 1.0, 0.0, 0.735469, 0.0, 0.0, 0.0, 1.0],
                [0.934637, 0.0, -0.355603, -5e-06, -0.355603, 0.0, -0.934637, 4.099011, 0.0, 1.0, 0.0, 0.735469, 0.0, 0.0, 0.0, 1.0],
                [0.938023, 0.0, -0.346573, -5e-06, -0.346573, 0.0, -0.938023, 4.105077, 0.0, 1.0, 0.0, 0.735469, 0.0, 0.0, 0.0, 1.0],
                [0.94134, 0.0, -0.33746, -5e-06, -0.33746, 0.0, -0.94134, 4.111176, 0.0, 1.0, 0.0, 0.735469, 0.0, 0.0, 0.0, 1.0],
                [0.944551, 0.0, -0.328365, -5e-06, -0.328365, 0.0, -0.944551, 4.117242, 0.0, 1.0, 0.0, 0.735469, 0.0, 0.0, 0.0, 1.0],
                [0.947623, 0.0, -0.319392, -5e-06, -0.319392, 0.0, -0.947623, 4.123207, 0.0, 1.0, 0.0, 0.735469, 0.0, 0.0, 0.0, 1.0],
                [0.950526, 0.0, -0.310645, -5e-06, -0.310645, 0.0, -0.950526, 4.129005, 0.0, 1.0, 0.0, 0.735469, 0.0, 0.0, 0.0, 1.0],
                [0.953236, 0.0, -0.302227, -5e-06, -0.302227, 0.0, -0.953236, 4.134569, 0.0, 1.0, 0.0, 0.735469, 0.0, 0.0, 0.0, 1.0],
                [0.95573, 0.0, -0.294245, -5e-06, -0.294245, 0.0, -0.95573, 4.139831, 0.0, 1.0, 0.0, 0.735469, 0.0, 0.0, 0.0, 1.0],
                [0.957989, 0.0, -0.286805, -5e-06, -0.286805, 0.0, -0.957989, 4.144725, 0.0, 1.0, 0.0, 0.735469, 0.0, 0.0, 0.0, 1.0],
                [0.959996, 0.0, -0.280013, -5e-06, -0.280013, 0.0, -0.959996, 4.149183, 0.0, 1.0, 0.0, 0.735469, 0.0, 0.0, 0.0, 1.0],
                [0.961737, 0.0, -0.273975, -5e-06, -0.273975, 0.0, -0.961737, 4.15314, 0.0, 1.0, 0.0, 0.735469, 0.0, 0.0, 0.0, 1.0],
                [0.963196, 0.0, -0.268798, -5e-06, -0.268798, 0.0, -0.963196, 4.156527, 0.0, 1.0, 0.0, 0.735469, 0.0, 0.0, 0.0, 1.0],
                [0.964361, 0.0, -0.264589, -5e-06, -0.264589, 0.0, -0.964361, 4.159278, 0.0, 1.0, 0.0, 0.735469, 0.0, 0.0, 0.0, 1.0],
                [0.965216, 0.0, -0.261453, -5e-06, -0.261453, 0.0, -0.965216, 4.161325, 0.0, 1.0, 0.0, 0.735469, 0.0, 0.0, 0.0, 1.0],
                [0.965744, 0.0, -0.259495, -5e-06, -0.259495, 0.0, -0.965744, 4.162604, 0.0, 1.0, 0.0, 0.735469, 0.0, 0.0, 0.0, 1.0],
                [0.965926, 0.0, -0.258819, -5e-06, -0.258819, 0.0, -0.965926, 4.163044, 0.0, 1.0, 0.0, 0.735469, 0.0, 0.0, 0.0, 1.0]
            ]
        },
        {
            "name": "Thigh_R",
            "time": [0.0, 0.0167, 0.0333, 0.05, 0.0667, 0.0833, 0.1, 0.1167, 0.1333, 0.15, 0.1667, 0.1833, 0.2, 0.2167, 0.2333, 0.25, 0.2667, 0.2833, 0.3, 0.3167, 0.3333, 0.35, 0.3667, 0.3833, 0.4, 0.4167, 0.4333, 0.45, 0.4667, 0.4833, 0.5, 0.5167, 0.5333, 0.55, 0.5667, 0.5833, 0.6, 0.6167, 0.6333, 0.65, 0.6667, 0.6833, 0.7, 0.7167, 0.7333, 0.75, 0.7667, 0.7833, 0.8, 0.8167, 0.8333, 0.85, 0.8667, 0.8833, 0.9, 0.9167, 0.9333, 0.95, 0.9667, 0.9833, 1.0, 1.0167, 1.0333, 1.05, 1.0667, 1.0833, 1.1, 1.1167, 1.1333, 1.15, 1.1667, 1.1833, 1.2, 1.2167, 1.2333, 1.25, 1.2667, 1.2833, 1.3, 1.3167, 1.3333, 1.35, 1.3667, 1.3833, 1.4, 1.4167, 1.4333, 1.45, 1.4667, 1.4833, 1.5, 1.5167, 1.5333, 1.55, 1.5667, 1.5833, 1.6, 1.6167, 1.6333, 1.65, 1.6667, 1.6833, 1.7, 1.7167, 1.7333, 1.75, 1.7667, 1.7833, 1.8, 1.8167, 1.8333, 1.85],
            "transform": [
                [0.966847, 0.186767, -0.174141, 0.123095, 0.096793, -0.899106, -0.426895, -0.002831, -0.236301, 0.395887, -0.887376, -0.021718, 0.0, 0.0, 0.0, 1.0],
                [0.966847, 0.186767, -0.174141, 0.123095, 0.096793, -0.899106, -0.426895, -0.002831, -0.236301, 0.395887, -0.887376, -0.021718, 0.0, 0.0, 0.0, 1.0],
                [0.966847, 0.186767, -0.174141, 0.123095, 0.096793, -0.899106, -0.426895, -0.002831, -0.236301, 0.395887, -0.887376, -0.021718, 0.0, 0.0, 0.0, 1.0],
                [0.966847, 0.186767, -0.174141, 0.123095, 0.096793, -0.899106, -0.426895, -0.002831, -0.236301, 0.395887, -0.887376, -0.021718, 0.0, 0.0, 0.0, 1.0],
                [0.966847, 0.186767, -0.174141, 0.123095, 0.096793, -0.899106, -0.426895, -0.002831, -0.236301, 0.395887, -0.887376, -0.021718, 0.0, 0.0, 0.0, 1.0],
                [0.966847, 0.186767, -0.174141, 0.123095, 0.096793, -0.899106, -0.426895, -0.002831, -0.236301, 0.395887, -0.887376, -0.021718, 0.0, 0.0, 0.0, 1.0],
                [0.966847, 0.186767, -0.174141, 0.123095, 0.096793, -0.899106, -0.426895, -0.002831, -0.236301, 0.395887, -0.887376, -0.021718, 0.0, 0.0, 0.0, 1.0],
                [0.966847, 0.186767, -0.174141, 0.123095, 0.096793, -0.899106, -0.426895, -0.002831, -0.236301, 0.395887, -0.887376, -0.021718, 0.0, 0.0, 0.0, 1.0],
                [0.966847, 0.186767, -0.174141, 0.123095, 0.096793, -0.899106, -0.426895, -0.002831, -0.236301, 0.395887, -0.887376, -0.021718, 0.0, 0.0, 0.0, 1.0],
                [0.966847, 0.186767, -0.174141, 0.123095, 0.096793, -0.899106, -0.426895, -0.002831, -0.236301, 0.395887, -0.887376, -0.021718, 0.0, 0.0, 0.0, 1.0],
                [0.966847, 0.186767, -0.174141, 0.123095, 0.096793, -0.899106, -0.426895, -0.002831, -0.236301, 0.395887, -0.887376, -0.021718, 0.0, 0.0, 0.0, 1.0],
                [0.966847, 0.186767, -0.174141, 0.123095, 0.096793, -0.899106, -0.426895, -0.002831, -0.236301, 0.395887, -0.887376, -0.021718, 0.0, 0.0, 0.0, 1.0],
                [0.966847, 0.186767, -0.174141, 0.123095, 0.096793, -0.899106, -0.426895, -0.002831, -0.236301, 0.395887, -0.887376, -0.021718, 0.0, 0.0, 0.0, 1.0],
                [0.966847, 0.186767, -0.174141, 0.123095, 0.096793, -0.899106, -0.426895, -0.002831, -0.236301, 0.395887, -0.887376, -0.021718, 0.0, 0.0, 0.0, 1.0],
                [0.966847, 0.186767, -0.174141, 0.123095, 0.096793, -0.899106, -0.426895, -0.002831, -0.236301, 0.395887, -0.887376, -0.021718, 0.0, 0.0, 0.0, 1.0],
                [0.966847, 0.186767, -0.174141, 0.123095, 0.096793, -0.899106, -0.426895, -0.002831, -0.236301, 0.395887, -0.887376, -0.021718, 0.0, 0.0, 0.0, 1.0],
                [0.966847, 0.186767, -0.174141, 0.123095, 0.096793, -0.899106, -0.426895, -0.002831, -0.236301, 0.395887, -0.887376, -0.021718, 0.0, 0.0, 0.0, 1.0],
                [0.966847, 0.18616, -0.17479, 0.123095, 0.096793, -0.900587, -0.423761, -0.002831, -0.236301, 0.392794, -0.888749, -0.021718, 0.0, 0.0, 0.0, 1.0],
                [0.966847, 0.181817, -0.179304, 0.123095, 0.096793, -0.910709, -0.401546, -0.002831, -0.236301, 0.370879, -0.898115, -0.021718, 0.0, 0.0, 0.0, 1.0],
                [0.966847, 0.16924, -0.19122, 0.123095, 0.096793, -0.935842, -0.338866, -0.002831, -0.236301, 0.309123, -0.921197, -0.021718, 0.0, 0.0, 0.0, 1.0],
                [0.966847, 0.140901, -0.212965, 0.123095, 0.096793, -0.973971, -0.204965, -0.002831, -0.236301, 0.177556, -0.955319, -0.021718, 0.0, 0.0, 0.0, 1.0],
                [0.966847, 0.09256, -0.237991, 0.123095, 0.096793, -0.995285, 0.006134, -0.002831, -0.236301, -0.028966, -0.971248, -0.021718, 0.0, 0.0, 0.0, 1.0],
                [0.966847, 0.027079, -0.253917, 0.123095, 0.096793, -0.959022, 0.266286, -0.002831, -0.236301, -0.282035, -0.929848, -0.021718, 0.0, 0.0, 0.0, 1.0],
                [0.966847, -0.044837, -0.25139, 0.123095, 0.096793, -0.846651, 0.523271, -0.002831, -0.236301, -0.530256, -0.814242, -0.021718, 0.0, 0.0, 0.0, 1.0],
                [0.966847, -0.108618, -0.231104, 0.123095, 0.096793, -0.681603, 0.725292, -0.002831, -0.236301, -0.723616, -0.648492, -0.021718, 0.0, 0.0, 0.0, 1.0],
                [0.966847, -0.1546, -0.203239, 0.123095, 0.096793, -0.514631, 0.85193, -0.002831, -0.236301, -0.843358, -0.482606, -0.021718, 0.0, 0.0, 0.0, 1.0],
                [0.966847, -0.181056, -0.180072, 0.123095, 0.096793, -0.392707, 0.914555, -0.002831, -0.236301, -0.901665, -0.362163, -0.021718, 0.0, 0.0, 0.0, 1.0],
                [0.966847, -0.189756, -0.170879, 0.123095, 0.096793, -0.346909, 0.932891, -0.002831, -0.236302, -0.918503, -0.317041, -0.021718, 0.0, 0.0, 0.0, 1.0],
                [0.966847, -0.189582, -0.171073, 0.123095, 0.096793, -0.34786, 0.932536, -0.002831, -0.236301, -0.918178, -0.317978, -0.021718, 0.0, 0.0, 0.0, 1.0],
                [0.966847, -0.188834, -0.171898, 0.123095, 0.096793, -0.351924, 0.93101, -0.002831, -0.236302, -0.916783, -0.321979, -0.021718, 0.0, 0.0, 0.0, 1.0],
                [0.966847, -0.187162, -0.173717, 0.123095, 0.096793, -0.360914, 0.927562, -0.002831, -0.236302, -0.913625, -0.330833, -0.021718, 0.0, 0.0, 0.0, 1.0],
                [0.966847, -0.184178, -0.176877, 0.123095, 0.096793, -0.376651, 0.921284, -0.002831, -0.236301, -0.907862, -0.346336, -0.021718, 0.0, 0.0, 0.0, 1.0],
                [0.966847, -0.179424, -0.181698, 0.123095, 0.096793, -0.400945, 0.910974, -0.002831, -0.236302, -0.89836, -0.370285, -0.021718, 0.0, 0.0, 0.0, 1.0],
                [0.966847, -0.172329, -0.188441, 0.123095, 0.096793, -0.435561, 0.89494, -0.002831, -0.236302, -0.88351, -0.404441, -0.021718, 0.0, 0.0, 0.0, 1.0],
                [0.966847, -0.162161, -0.197258, 0.123095, 0.096793, -0.482106, 0.870749, -0.002831, -0.236301, -0.860975, -0.450427, -0.021718, 0.0, 0.0, 0.0, 1.0],
                [0.966847, -0.147979, -0.208109, 0.123095, 0.096793, -0.541781, 0.834928, -0.002831, -0.236302, -0.827391, -0.509496, -0.021718, 0.0, 0.0, 0.0, 1.0],
                [0.966847, -0.128601, -0.220611, 0.123095, 0.096793, -0.614897, 0.782645, -0.002831, -0.236302, -0.778051, -0.582063, -0.021718, 0.0, 0.0, 0.0, 1.0],
                [0.966847, -0.102926, -0.233695, 0.123095, 0.096793, -0.699161, 0.708382, -0.002831, -0.236302, -0.707517, -0.666019, -0.021718, 0.0, 0.0, 0.0, 1.0],
                [0.966847, -0.071148, -0.245245, 0.123095, 0.096793, -0.786623, 0.609799, -0.002831, -0.236301, -0.61332, -0.753658, -0.021718, 0.0, 0.0, 0.0, 1.0],
                [0.966847, -0.034483, -0.253018, 0.123095, 0.096793, -0.867411, 0.488087, -0.002831, -0.236301, -0.496395, -0.835316, -0.021718, 0.0, 0.0, 0.0, 1.0],
                [0.966847, 0.004994, -0.255308, 0.123095, 0.096793, -0.932367, 0.348314, -0.002831, -0.236301, -0.361479, -0.901939, -0.021718, 0.0, 0.0, 0.0, 1.0],
                [0.966847, 0.04463, -0.251427, 0.123095, 0.096793, -0.975186, 0.199107, -0.002831, -0.236301, -0.216842, -0.947175, -0.021718, 0.0, 0.0, 0.0, 1.0],
                [0.966847, 0.081752, -0.241917, 0.123095, 0.096793, -0.994, 0.050935, -0.002831, -0.236301, -0.072662, -0.968959, -0.021718, 0.0, 0.0, 0.0, 1.0],
                [0.966847, 0.114239, -0.228378, 0.123095, 0.096793, -0.991563, -0.086223, -0.002831, -0.236301, 0.061259, -0.969747, -0.021718, 0.0, 0.0, 0.0, 1.0],
                [0.966847, 0.140848, -0.213, 0.123095, 0.096793, -0.974023, -0.204719, -0.002831, -0.236301, 0.177315, -0.955364, -0.021718, 0.0, 0.0, 0.0, 1.0],
                [0.966847, 0.161184, -0.198058, 0.123095, 0.096793, -0.94906, -0.299859, -0.002831, -0.236301, 0.270747, -0.933197, -0.021718, 0.0, 0.0, 0.0, 1.0],
                [0.966847, 0.175417, -0.18557, 0.123095, 0.096793, -0.924232, -0.36936, -0.002831, -0.236301, 0.339153, -0.91057, -0.021718, 0.0, 0.0, 0.0, 1.0],
                [0.966847, 0.183894, -0.177172, 0.123095, 0.096793, -0.905967, -0.412134, -0.002831, -0.236301, 0.381321, -0.893731, -0.021718, 0.0, 0.0, 0.0, 1.0],
                [0.966847, 0.186767, -0.174141, 0.123095, 0.096793, -0.899106, -0.426895, -0.002831, -0.236301, 0.395887, -0.887376, -0.021718, 0.0, 0.0, 0.0, 1.0],
                [0.966847, 0.186767, -0.174141, 0.123095, 0.096793, -0.899106, -0.426895, -0.002831, -0.236301, 0.395887, -0.887376, -0.021718, 0.0, 0.0, 0.0, 1.0],
                [0.966847, 0.186767, -0.174141, 0.123095, 0.096793, -0.899106, -0.426895, -0.002831, -0.236301, 0.395887, -0.887376, -0.021718, 0.0, 0.0, 0.0, 1.0],
                [0.966847, 0.186767, -0.174141, 0.123095, 0.096793, -0.899106, -0.426895, -0.002831, -0.236301, 0.395887, -0.887376, -0.021718, 0.0, 0.0, 0.0, 1.0],
                [0.966847, 0.186767, -0.174141, 0.123095, 0.096793, -0.899106, -0.426895, -0.002831, -0.236301, 0.395887, -0.887376, -0.021718, 0.0, 0.0, 0.0, 1.0],
                [0.966847, 0.186767, -0.174141, 0.123095, 0.096793, -0.899106, -0.426895, -0.002831, -0.236301, 0.395887, -0.887376, -0.021718, 0.0, 0.0, 0.0, 1.0],
                [0.966847, 0.186767, -0.174141, 0.123095, 0.096793, -0.899106, -0.426895, -0.002831, -0.236301, 0.395887, -0.887376, -0.021718, 0.0, 0.0, 0.0, 1.0],
                [0.966847, 0.186767, -0.174141, 0.123095, 0.096793, -0.899106, -0.426895, -0.002831, -0.236301, 0.395887, -0.887376, -0.021718, 0.0, 0.0, 0.0, 1.0],
                [0.966847, 0.186767, -0.174141, 0.123095, 0.096793, -0.899106, -0.426895, -0.002831, -0.236301, 0.395887, -0.887376, -0.021718, 0.0, 0.0, 0.0, 1.0],
                [0.966847, 0.186767, -0.174141, 0.123095, 0.096793, -0.899106, -0.426895, -0.002831, -0.236301, 0.395887, -0.887376, -0.021718, 0.0, 0.0, 0.0, 1.0],
                [0.966847, 0.186767, -0.174141, 0.123095, 0.096793, -0.899106, -0.426895, -0.002831, -0.236301, 0.395887, -0.887376, -0.021718, 0.0, 0.0, 0.0, 1.0],
                [0.966847, 0.186767, -0.174141, 0.123095, 0.096793, -0.899106, -0.426895, -0.002831, -0.236301, 0.395887, -0.887376, -0.021718, 0.0, 0.0, 0.0, 1.0],
                [0.966847, 0.186767, -0.174141, 0.123095, 0.096793, -0.899106, -0.426895, -0.002831, -0.236301, 0.395887, -0.887376, -0.021718, 0.0, 0.0, 0.0, 1.0],
                [0.966847, 0.186767, -0.174141, 0.123095, 0.096793, -0.899106, -0.426895, -0.002831, -0.236301, 0.395887, -0.887376, -0.021718, 0.0, 0.0, 0.0, 1.0],
                [0.966847, 0.186767, -0.174141, 0.123095, 0.096793, -0.899106, -0.426895, -0.002831, -0.236301, 0.395887, -0.887376, -0.021718, 0.0, 0.0, 0.0, 1.0],
                [0.966847, 0.186767, -0.174141, 0.123095, 0.096793, -0.899106, -0.426895, -0.002831, -0.236301, 0.395887, -0.887376, -0.021718, 0.0, 0.0, 0.0, 1.0],
                [0.966847, 0.186767, -0.174141, 0.123095, 0.096793, -0.899106, -0.426895, -0.002831, -0.236301, 0.395887, -0.887376, -0.021718, 0.0, 0.0, 0.0, 1.0],
                [0.966847, 0.186767, -0.174141, 0.123095, 0.096793, -0.899106, -0.426895, -0.002831, -0.236301, 0.395887, -0.887376, -0.021718, 0.0, 0.0, 0.0, 1.0],
                [0.966847, 0.186767, -0.174141, 0.123095, 0.096793, -0.899106, -0.426895, -0.002831, -0.236301, 0.395887, -0.887376, -0.021718, 0.0, 0.0, 0.0, 1.0],
                [0.966847, 0.186767, -0.174141, 0.123095, 0.096793, -0.899106, -0.426895, -0.002831, -0.236301, 0.395887, -0.887376, -0.021718, 0.0, 0.0, 0.0, 1.0],
                [0.966847, 0.186767, -0.174141, 0.123095, 0.096793, -0.899106, -0.426895, -0.002831, -0.236301, 0.395887, -0.887376, -0.021718, 0.0, 0.0, 0.0, 1.0],
                [0.966847, 0.186767, -0.174141, 0.123095, 0.096793, -0.899106, -0.426895, -0.002831, -0.236301, 0.395887, -0.887376, -0.021718, 0.0, 0.0, 0.0, 1.0],
                [0.966847, 0.186767, -0.174141, 0.123095, 0.096793, -0.899106, -0.426895, -0.002831, -0.236301, 0.395887, -0.887376, -0.021718, 0.0, 0.0, 0.0, 1.0],
                [0.966847, 0.186767, -0.174141, 0.123095, 0.096793, -0.899106, -0.426895, -0.002831, -0.236301, 0.395887, -0.887376, -0.021718, 0.0, 0.0, 0.0, 1.0],
                [0.966847, 0.186767, -0.174141, 0.123095, 0.096793, -0.899106, -0.426895, -0.002831, -0.236301, 0.395887, -0.887376, -0.021718, 0.0, 0.0, 0.0, 1.0],
                [0.966847, 0.186767, -0.174141, 0.123095, 0.096793, -0.899106, -0.426895, -0.002831, -0.236301, 0.395887, -0.887376, -0.021718, 0.0, 0.0, 0.0, 1.0],
                [0.966847, 0.186767, -0.174141, 0.123095, 0.096793, -0.899106, -0.426895, -0.002831, -0.236301, 0.395887, -0.887376, -0.021718, 0.0, 0.0, 0.0, 1.0],
                [0.966847, 0.186767, -0.174141, 0.123095, 0.096793, -0.899106, -0.426895, -0.002831, -0.236301, 0.395887, -0.887376, -0.021718, 0.0, 0.0, 0.0, 1.0],
                [0.966847, 0.186767, -0.174141, 0.123095, 0.096793, -0.899106, -0.426895, -0.002831, -0.236301, 0.395887, -0.887376, -0.021718, 0.0, 0.0, 0.0, 1.0],
                [0.966847, 0.186767, -0.174141, 0.123095, 0.096793, -0.899106, -0.426895, -0.002831, -0.236301, 0.395887, -0.887376, -0.021718, 0.0, 0.0, 0.0, 1.0],
                [0.966847, 0.186767, -0.174141, 0.123095, 0.096793, -0.899106, -0.426895, -0.002831, -0.236301, 0.395887, -0.887376, -0.021718, 0.0, 0.0, 0.0, 1.0],
                [0.966847, 0.186767, -0.174141, 0.123095, 0.096793, -0.899106, -0.426895, -0.002831, -0.236301, 0.395887, -0.887376, -0.021718, 0.0, 0.0, 0.0, 1.0],
                [0.966847, 0.186767, -0.174141, 0.123095, 0.096793, -0.899106, -0.426895, -0.002831, -0.236301, 0.395887, -0.887376, -0.021718, 0.0, 0.0, 0.0, 1.0],
                [0.966847, 0.186767, -0.174141, 0.123095, 0.096793, -0.899106, -0.426895, -0.002831, -0.236301, 0.395887, -0.887376, -0.021718, 0.0, 0.0, 0.0, 1.0],
                [0.966847, 0.186767, -0.174141, 0.123095, 0.096793, -0.899106, -0.426895, -0.002831, -0.236301, 0.395887, -0.887376, -0.021718, 0.0, 0.0, 0.0, 1.0],
                [0.966847, 0.186767, -0.174141, 0.123095, 0.096793, -0.899106, -0.426895, -0.002831, -0.236301, 0.395887, -0.887376, -0.021718, 0.0, 0.0, 0.0, 1.0],
                [0.966847, 0.186767, -0.174141, 0.123095, 0.096793, -0.899106, -0.426895, -0.002831, -0.236301, 0.395887, -0.887376, -0.021718, 0.0, 0.0, 0.0, 1.0],
                [0.966967, 0.186331, -0.173942, 0.123095, 0.096479, -0.899156, -0.426861, -0.002831, -0.235938, 0.395979, -0.887431, -0.021718, 0.0, 0.0, 0.0, 1.0],
                [0.967313, 0.185067, -0.173364, 0.123095, 0.095569, -0.899299, -0.426763, -0.002831, -0.234886, 0.396246, -0.887591, -0.021718, 0.0, 0.0, 0.0, 1.0],
                [0.967865, 0.183039, -0.172437, 0.123095, 0.09411, -0.899527, -0.426607, -0.002831, -0.233197, 0.39667, -0.887847, -0.021718, 0.0, 0.0, 0.0, 1.0],
                [0.968597, 0.180313, -0.171191, 0.123095, 0.092149, -0.899828, -0.4264, -0.002831, -0.230928, 0.397235, -0.888187, -0.021718, 0.0, 0.0, 0.0, 1.0],
                [0.969487, 0.176954, -0.169655, 0.123095, 0.089732, -0.900192, -0.426148, -0.002831, -0.22813, 0.397922, -0.888603, -0.021718, 0.0, 0.0, 0.0, 1.0],
                [0.970508, 0.173026, -0.167858, 0.123095, 0.086907, -0.900606, -0.425859, -0.002831, -0.224859, 0.398712, -0.889082, -0.021718, 0.0, 0.0, 0.0, 1.0],
                [0.971636, 0.168595, -0.16583, 0.123095, 0.083721, -0.901059, -0.425539, -0.002831, -0.221166, 0.399586, -0.889616, -0.021718, 0.0, 0.0, 0.0, 1.0],
                [0.972846, 0.163725, -0.1636, 0.123095, 0.08022, -0.901539, -0.425196, -0.002831, -0.217107, 0.400526, -0.890193, -0.021718, 0.0, 0.0, 0.0, 1.0],
                [0.974114, 0.158481, -0.161199, 0.123095, 0.076452, -0.902036, -0.424836, -0.002831, -0.212736, 0.401515, -0.890803, -0.021718, 0.0, 0.0, 0.0, 1.0],
                [0.975418, 0.152931, -0.158655, 0.123095, 0.072464, -0.90254, -0.424465, -0.002831, -0.208106, 0.402534, -0.891436, -0.021718, 0.0, 0.0, 0.0, 1.0],
                [0.976737, 0.147139, -0.155999, 0.123095, 0.068304, -0.90304, -0.42409, -0.002831, -0.203273, 0.403569, -0.892083, -0.021718, 0.0, 0.0, 0.0, 1.0],
                [0.97805, 0.141171, -0.153261, 0.123095, 0.064019, -0.90353, -0.423716, -0.002831, -0.198292, 0.404604, -0.892735, -0.021718, 0.0, 0.0, 0.0, 1.0],
                [0.97934, 0.135096, -0.150472, 0.123095, 0.059657, -0.904001, -0.423348, -0.002831, -0.193219, 0.405625, -0.893384, -0.021718, 0.0, 0.0, 0.0, 1.0],
                [0.980592, 0.12898, -0.147662, 0.123095, 0.055268, -0.904447, -0.42299, -0.002831, -0.18811, 0.40662, -0.894022, -0.021718, 0.0, 0.0, 0.0, 1.0],
                [0.98179, 0.12289, -0.144864, 0.123095, 0.0509, -0.904864, -0.422647, -0.002831, -0.183021, 0.407577, -0.894642, -0.021717, 0.0, 0.0, 0.0, 1.0],
                [0.982925, 0.116895, -0.142107, 0.123095, 0.0466, -0.905247, -0.422322, -0.002831, -0.178009, 0.408488, -0.895237, -0.021718, 0.0, 0.0, 0.0, 1.0],
                [0.983985, 0.111063, -0.139423, 0.123095, 0.042418, -0.905595, -0.422017, -0.002831, -0.173131, 0.409345, -0.895803, -0.021718, 0.0, 0.0, 0.0, 1.0],
                [0.984963, 0.105461, -0.136844, 0.123095, 0.038403, -0.905905, -0.421736, -0.002831, -0.168445, 0.410139, -0.896333, -0.021718, 0.0, 0.0, 0.0, 1.0],
                [0.985852, 0.100159, -0.134402, 0.123095, 0.034604, -0.906177, -0.421479, -0.002831, -0.164007, 0.410866, -0.896823, -0.021718, 0.0, 0.0, 0.0, 1.0],
                [0.986648, 0.095225, -0.132128, 0.123095, 0.031069, -0.906412, -0.421249, -0.002831, -0.159876, 0.41152, -0.897269, -0.021718, 0.0, 0.0, 0.0, 1.0],
                [0.987347, 0.090727, -0.130055, 0.123095, 0.027847, -0.906611, -0.421047, -0.002831, -0.156109, 0.412098, -0.897667, -0.021718, 0.0, 0.0, 0.0, 1.0],
                [0.987947, 0.086733, -0.128213, 0.123095, 0.024987, -0.906775, -0.420873, -0.002831, -0.152764, 0.412597, -0.898013, -0.021718, 0.0, 0.0, 0.0, 1.0],
                [0.988444, 0.083313, -0.126635, 0.123095, 0.022539, -0.906906, -0.420728, -0.002831, -0.149899, 0.413013, -0.898305, -0.021718, 0.0, 0.0, 0.0, 1.0],
                [0.988838, 0.080535, -0.125353, 0.123095, 0.02055, -0.907007, -0.420614, -0.002831, -0.14757, 0.413343, -0.898538, -0.021718, 0.0, 0.0, 0.0, 1.0],
                [0.989125, 0.078466, -0.124398, 0.123095, 0.019069, -0.907078, -0.42053, -0.002831, -0.145836, 0.413585, -0.89871, -0.021718, 0.0, 0.0, 0.0, 1.0],
                [0.989301, 0.077174, -0.123802, 0.123095, 0.018145, -0.907121, -0.420479, -0.002831, -0.144753, 0.413734, -0.898816, -0.021718, 0.0, 0.0, 0.0, 1.0],
                [0.989362, 0.076729, -0.123596, 0.123095, 0.017826, -0.907135, -0.420461, -0.002831, -0.14438, 0.413785, -0.898853, -0.021718, 0.0, 0.0, 0.0, 1.0]
            ]
        },
        {
            "name": "Leg_R",
            "time": [0.0, 0.0167, 0.0333, 0.05, 0.0667, 0.0833, 0.1, 0.1167, 0.1333, 0.15, 0.1667, 0.1833, 0.2, 0.2167, 0.2333, 0.25, 0.2667, 0.2833, 0.3, 0.3167, 0.3333, 0.35, 0.3667, 0.3833, 0.4, 0.4167, 0.4333, 0.45, 0.4667, 0.4833, 0.5, 0.5167, 0.5333, 0.55, 0.5667, 0.5833, 0.6, 0.6167, 0.6333, 0.65, 0.6667, 0.6833, 0.7, 0.7167, 0.7333, 0.75, 0.7667, 0.7833, 0.8, 0.8167, 0.8333, 0.85, 0.8667, 0.8833, 0.9, 0.9167, 0.9333, 0.95, 0.9667, 0.9833, 1.0, 1.0167, 1.0333, 1.05, 1.0667, 1.0833, 1.1, 1.1167, 1.1333, 1.15, 1.1667, 1.1833, 1.2, 1.2167, 1.2333, 1.25, 1.2667, 1.2833, 1.3, 1.3167, 1.3333, 1.35, 1.3667, 1.3833, 1.4, 1.4167, 1.4333, 1.45, 1.4667, 1.4833, 1.5, 1.5167, 1.5333, 1.55, 1.5667, 1.5833, 1.6, 1.6167, 1.6333, 1.65, 1.6667, 1.6833, 1.7, 1.7167, 1.7333, 1.75, 1.7667, 1.7833, 1.8, 1.8167, 1.8333, 1.85],
            "transform": [
                [0.999789, 0.016592, 0.012145, 0.0, -0.020165, 0.906652, 0.421397, 0.37472, -0.004019, -0.421553, 0.906795, -0.0, 0.0, 0.0, 0.0, 1.0],
                [0.999789, 0.016592, 0.012145, -0.0, -0.020165, 0.906652, 0.421397, 0.37472, -0.004019, -0.421553, 0.906795, -0.0, 0.0, 0.0, 0.0, 1.0],
                [0.999789, 0.016592, 0.012145, 0.0, -0.020165, 0.906652, 0.421397, 0.37472, -0.004019, -0.421553, 0.906795, -0.0, 0.0, 0.0, 0.0, 1.0],
                [0.999789, 0.016592, 0.012145, -0.0, -0.020165, 0.906652, 0.421397, 0.37472, -0.004019, -0.421553, 0.906795, -0.0, 0.0, 0.0, 0.0, 1.0],
                [0.999789, 0.016592, 0.012145, 0.0, -0.020165, 0.906652, 0.421397, 0.37472, -0.004019, -0.421553, 0.906795, -0.0, 0.0, 0.0, 0.0, 1.0],
                [0.999789, 0.016592, 0.012145, 0.0, -0.020165, 0.906652, 0.421397, 0.37472, -0.004019, -0.421553, 0.906795, -0.0, 0.0, 0.0, 0.0, 1.0],
                [0.999789, 0.016592, 0.012145, 0.0, -0.020165, 0.906652, 0.421397, 0.37472, -0.004019, -0.421553, 0.906795, -0.0, 0.0, 0.0, 0.0, 1.0],
                [0.999789, 0.016592, 0.012145, 0.0, -0.020165, 0.906652, 0.421397, 0.37472, -0.004019, -0.421553, 0.906795, -0.0, 0.0, 0.0, 0.0, 1.0],
                [0.999789, 0.016592, 0.012145, 0.0, -0.020165, 0.906652, 0.421397, 0.37472, -0.004019, -0.421553, 0.906795, -0.0, 0.0, 0.0, 0.0, 1.0],
                [0.999789, 0.016592, 0.012145, -0.0, -0.020165, 0.906652, 0.421397, 0.37472, -0.004019, -0.421553, 0.906795, 0.0, 0.0, 0.0, 0.0, 1.0],
                [0.999789, 0.016592, 0.012145, 0.0, -0.020165, 0.906652, 0.421397, 0.37472, -0.004019, -0.421553, 0.906795, 0.0, 0.0, 0.0, 0.0, 1.0],
                [0.999789, 0.016592, 0.012145, 0.0, -0.020165, 0.906652, 0.421397, 0.37472, -0.004019, -0.421553, 0.906795, 0.0, 0.0, 0.0, 0.0, 1.0],
                [0.999789, 0.016592, 0.012145, -0.0, -0.020165, 0.906652, 0.421397, 0.37472, -0.004019, -0.421553, 0.906795, 0.0, 0.0, 0.0, 0.0, 1.0],
                [0.999789, 0.016592, 0.012145, 0.0, -0.020165, 0.906652, 0.421397, 0.37472, -0.004019, -0.421553, 0.906795, -0.0, 0.0, 0.0, 0.0, 1.0],
                [0.999789, 0.016592, 0.012145, 0.0, -0.020165, 0.906652, 0.421397, 0.37472, -0.004019, -0.421553, 0.906795, 0.0, 0.0, 0.0, 0.0, 1.0],
                [0.999789, 0.016592, 0.012145, -0.0, -0.020165, 0.906652, 0.421397, 0.37472, -0.004019, -0.421553, 0.906795, -0.0, 0.0, 0.0, 0.0, 1.0],
                [0.999789, 0.016592, 0.012145, 0.0, -0.020165, 0.906652, 0.421397, 0.37472, -0.004019, -0.421553, 0.906795, -0.0, 0.0, 0.0, 0.0, 1.0],
                [0.999789, 0.012215, 0.01654, -0.0, -0.020165, 0.739714, 0.672619, 0.37472, -0.004019, -0.67281, 0.739804, 0.0, 0.0, 0.0, 0.0, 1.0],
                [0.999789, 0.000879, 0.020543, 0.0, -0.020165, 0.237206, 0.97125, 0.37472, -0.004019, -0.971459, 0.237174, -0.0, 0.0, 0.0, 0.0, 1.0],
                [0.999789, -0.005381, 0.019845, -0.0, -0.020165, -0.067959, 0.997484, 0.37472, -0.004019, -0.997674, -0.068053, 0.0, 0.0, 0.0, 0.0, 1.0],
                [0.999789, -0.005381, 0.019845, 0.0, -0.020165, -0.067959, 0.997484, 0.37472, -0.004019, -0.997674, -0.068053, 0.0, 0.0, 0.0, 0.0, 1.0],
                [0.999789, -0.005381, 0.019845, 0.0, -0.020165, -0.067959, 0.997484, 0.37472, -0.004019, -0.997674, -0.068053, -0.0, 0.0, 0.0, 0.0, 1.0],
                [0.999789, -0.005381, 0.019845, -0.0, -0.020165, -0.067959, 0.997484, 0.37472, -0.004019, -0.997674, -0.068053, -0.0, 0.0, 0.0, 0.0, 1.0],
                [0.999789, -0.003962, 0.020176, -0.0, -0.020165, 0.002896, 0.999793, 0.37472, -0.004019, -0.999988, 0.002816, -0.0, 0.0, 0.0, 0.0, 1.0],
                [0.999789, -0.000551, 0.020554, -0.0, -0.020165, 0.16913, 0.985387, 0.37472, -0.004019, -0.985593, 0.169083, 0.0, 0.0, 0.0, 0.0, 1.0],
