{
    "animation": [
        {
            "name": "Root",
            "time": [0.0, 0.0167, 0.0333, 0.05, 0.0667, 0.0833, 0.1, 0.1167, 0.1333, 0.15, 0.1667, 0.1833, 0.2, 0.2167, 0.2333, 0.25, 0.2667, 0.2833, 0.3, 0.3167, 0.3333, 0.35, 0.3667, 0.3833, 0.4, 0.4167, 0.4333, 0.45, 0.4667, 0.4833, 0.5, 0.5167, 0.5333, 0.55, 0.5667, 0.5833, 0.6, 0.6167, 0.6333, 0.65, 0.6667, 0.6833, 0.7, 0.7167, 0.7333, 0.75, 0.7667, 0.7833, 0.8, 0.8167, 0.8333, 0.85, 0.8667, 0.8833, 0.9, 0.9167, 0.9333, 0.95, 0.9667, 0.9833, 1.0, 1.0167, 1.0333, 1.05, 1.0667, 1.0833, 1.1, 1.1167, 1.1333, 1.15, 1.1667, 1.1833, 1.2, 1.2167, 1.2333, 1.25, 1.2667, 1.2833, 1.3, 1.3167, 1.3333, 1.35, 1.3667, 1.3833, 1.4, 1.4167, 1.4333, 1.45, 1.4667, 1.4833, 1.5, 1.5167, 1.5333, 1.55, 1.5667, 1.5833, 1.6, 1.6167, 1.6333, 1.65, 1.6667, 1.6833, 1.7, 1.7167, 1.7333, 1.75, 1.7667, 1.7833, 1.8, 1.8167, 1.8333, 1.85, 1.8667, 1.8833, 1.9, 1.9167, 1.9333, 1.95, 1.9667, 1.9833, 2.0, 2.0167, 2.0333, 2.05, 2.0667, 2.0833, 2.1, 2.1167, 2.1333, 2.15, 2.1667, 2.1833, 2.2, 2.2167, 2.2333, 2.25, 2.2667, 2.2833, 2.3, 2.3167, 2.3333, 2.35, 2.3667, 2.3833, 2.4],
            "transform": [
                [0.906308, 0.0, -0.422618, -5e-06, -0.422618, 0.0, -0.906308, 0.000946, 0.0, 1.0, 0.0, 0.763972, 0.0, 0.0, 0.0, 1.0],
                [0.906043, 0.0, -0.423187, -5e-06, -0.423187, 0.0, -0.906043, 0.000946, 0.0, 1.0, 0.0, 0.763972, 0.0, 0.0, 0.0, 1.0],
                [0.905338, 0.0, -0.424692, -5e-06, -0.424692, 0.0, -0.905338, 0.000946, 0.0, 1.0, 0.0, 0.763972, 0.0, 0.0, 0.0, 1.0],
                [0.904329, 0.0, -0.426837, -5e-06, -0.426837, 0.0, -0.904329, 0.000946, 0.0, 1.0, 0.0, 0.763972, 0.0, 0.0, 0.0, 1.0],
                [0.903152, 0.0, -0.429321, -5e-06, -0.429321, 0.0, -0.903152, 0.000946, 0.0, 1.0, 0.0, 0.763972, 0.0, 0.0, 0.0, 1.0],
                [0.901954, 0.0, -0.431833, -5e-06, -0.431833, 0.0, -0.901954, 0.000946, 0.0, 1.0, 0.0, 0.763972, 0.0, 0.0, 0.0, 1.0],
                [0.90089, 0.0, -0.434047, -5e-06, -0.434047, 0.0, -0.90089, 0.000946, 0.0, 1.0, 0.0, 0.763972, 0.0, 0.0, 0.0, 1.0],
                [0.900128, 0.0, -0.435625, -5e-06, -0.435625, 0.0, -0.900128, 0.000946, 0.0, 1.0, 0.0, 0.763972, 0.0, 0.0, 0.0, 1.0],
                [0.899837, 0.0, -0.436227, -5e-06, -0.436227, 0.0, -0.899837, 0.000946, 0.0, 1.0, 0.0, 0.763972, 0.0, 0.0, 0.0, 1.0],
                [0.899837, 0.0, -0.436227, -5e-06, -0.436227, 0.0, -0.899837, 0.000946, 0.0, 1.0, 0.0, 0.763972, 0.0, 0.0, 0.0, 1.0],
                [0.899837, 0.0, -0.436227, -5e-06, -0.436227, 0.0, -0.899837, 0.000946, 0.0, 1.0, 0.0, 0.763972, 0.0, 0.0, 0.0, 1.0],
                [0.899837, 0.0, -0.436227, -5e-06, -0.436227, 0.0, -0.899837, 0.000946, 0.0, 1.0, 0.0, 0.763972, 0.0, 0.0, 0.0, 1.0],
                [0.899837, 0.0, -0.436227, -5e-06, -0.436227, 0.0, -0.899837, 0.000946, 0.0, 1.0, 0.0, 0.763972, 0.0, 0.0, 0.0, 1.0],
                [0.899837, 0.0, -0.436227, -5e-06, -0.436227, 0.0, -0.899837, 0.000946, 0.0, 1.0, 0.0, 0.763972, 0.0, 0.0, 0.0, 1.0],
                [0.899837, 0.0, -0.436227, -5e-06, -0.436227, 0.0, -0.899837, 0.000946, 0.0, 1.0, 0.0, 0.763972, 0.0, 0.0, 0.0, 1.0],
                [0.899837, 0.0, -0.436227, -5e-06, -0.436227, 0.0, -0.899837, 0.000946, 0.0, 1.0, 0.0, 0.763972, 0.0, 0.0, 0.0, 1.0],
                [0.899837, 0.0, -0.436227, -5e-06, -0.436227, 0.0, -0.899837, 0.000946, 0.0, 1.0, 0.0, 0.763972, 0.0, 0.0, 0.0, 1.0],
                [0.899837, 0.0, -0.436227, -5e-06, -0.436227, 0.0, -0.899837, 0.001292, 0.0, 1.0, 0.0, 0.764401, 0.0, 0.0, 0.0, 1.0],
                [0.899837, 0.0, -0.436227, -5e-06, -0.436227, 0.0, -0.899837, 0.002863, 0.0, 1.0, 0.0, 0.765605, 0.0, 0.0, 0.0, 1.0],
                [0.899837, 0.0, -0.436227, -5e-06, -0.436227, 0.0, -0.899837, 0.006463, 0.0, 1.0, 0.0, 0.767454, 0.0, 0.0, 0.0, 1.0],
                [0.899837, 0.0, -0.436227, -5e-06, -0.436227, 0.0, -0.899837, 0.012895, 0.0, 1.0, 0.0, 0.769818, 0.0, 0.0, 0.0, 1.0],
                [0.899837, 0.0, -0.436227, -5e-06, -0.436227, 0.0, -0.899837, 0.02296, 0.0, 1.0, 0.0, 0.77257, 0.0, 0.0, 0.0, 1.0],
                [0.899837, 0.0, -0.436227, -5e-06, -0.436227, 0.0, -0.899837, 0.037461, 0.0, 1.0, 0.0, 0.775579, 0.0, 0.0, 0.0, 1.0],
                [0.899837, 0.0, -0.436227, -5e-06, -0.436227, 0.0, -0.899837, 0.057202, 0.0, 1.0, 0.0, 0.778718, 0.0, 0.0, 0.0, 1.0],
                [0.899837, 0.0, -0.436227, -5e-06, -0.436227, 0.0, -0.899837, 0.082984, 0.0, 1.0, 0.0, 0.781856, 0.0, 0.0, 0.0, 1.0],
                [0.899837, 0.0, -0.436227, -5e-06, -0.436227, 0.0, -0.899837, 0.115611, 0.0, 1.0, 0.0, 0.784865, 0.0, 0.0, 0.0, 1.0],
                [0.899837, 0.0, -0.436227, -5e-06, -0.436227, 0.0, -0.899837, 0.155884, 0.0, 1.0, 0.0, 0.787617, 0.0, 0.0, 0.0, 1.0],
                [0.899837, 0.0, -0.436227, -5e-06, -0.436227, 0.0, -0.899837, 0.204607, 0.0, 1.0, 0.0, 0.789981, 0.0, 0.0, 0.0, 1.0],
                [0.899837, 0.0, -0.436227, -5e-06, -0.436227, 0.0, -0.899837, 0.262582, 0.0, 1.0, 0.0, 0.79183, 0.0, 0.0, 0.0, 1.0],
                [0.899837, 0.0, -0.436227, -5e-06, -0.436227, 0.0, -0.899837, 0.330612, 0.0, 1.0, 0.0, 0.793034, 0.0, 0.0, 0.0, 1.0],
                [0.899837, 0.0, -0.436227, -5e-06, -0.436227, 0.0, -0.899837, 0.409499, 0.0, 1.0, 0.0, 0.793464, 0.0, 0.0, 0.0, 1.0],
                [0.899837, 0.0, -0.436227, -5e-06, -0.436227, 0.0, -0.899837, 0.499505, 0.0, 1.0, 0.0, 0.791896, 0.0, 0.0, 0.0, 1.0],
                [0.899837, 0.0, -0.436227, -5e-06, -0.436227, 0.0, -0.899837, 0.598732, 0.0, 1.0, 0.0, 0.787499, 0.0, 0.0, 0.0, 1.0],
                [0.899837, 0.0, -0.436227, -5e-06, -0.436227, 0.0, -0.899837, 0.704739, 0.0, 1.0, 0.0, 0.78073, 0.0, 0.0, 0.0, 1.0],
                [0.899837, 0.0, -0.436227, -5e-06, -0.436227, 0.0, -0.899837, 0.815086, 0.0, 1.0, 0.0, 0.772047, 0.0, 0.0, 0.0, 1.0],
                [0.899837, 0.0, -0.436227, -5e-06, -0.436227, 0.0, -0.899837, 0.927333, 0.0, 1.0, 0.0, 0.761907, 0.0, 0.0, 0.0, 1.0],
                [0.899837, 0.0, -0.436227, -5e-06, -0.436227, 0.0, -0.899837, 1.039041, 0.0, 1.0, 0.0, 0.75077, 0.0, 0.0, 0.0, 1.0],
                [0.899837, 0.0, -0.436227, -5e-06, -0.436227, 0.0, -0.899837, 1.147769, 0.0, 1.0, 0.0, 0.739093, 0.0, 0.0, 0.0, 1.0],
                [0.899837, 0.0, -0.436227, -5e-06, -0.436227, 0.0, -0.899837, 1.251078, 0.0, 1.0, 0.0, 0.727333, 0.0, 0.0, 0.0, 1.0],
                [0.899837, 0.0, -0.436227, -5e-06, -0.436227, 0.0, -0.899837, 1.346527, 0.0, 1.0, 0.0, 0.715949, 0.0, 0.0, 0.0, 1.0],
                [0.899837, 0.0, -0.436227, -5e-06, -0.436227, 0.0, -0.899837, 1.431677, 0.0, 1.0, 0.0, 0.705399, 0.0, 0.0, 0.0, 1.0],
                [0.899837, 0.0, -0.436227, -5e-06, -0.436227, 0.0, -0.899837, 1.504089, 0.0, 1.0, 0.0, 0.69614, 0.0, 0.0, 0.0, 1.0],
                [0.899837, 0.0, -0.436227, -5e-06, -0.436227, 0.0, -0.899837, 1.56132, 0.0, 1.0, 0.0, 0.688631, 0.0, 0.0, 0.0, 1.0],
                [0.899837, 0.0, -0.436227, -5e-06, -0.436227, 0.0, -0.899837, 1.600933, 0.0, 1.0, 0.0, 0.683329, 0.0, 0.0, 0.0, 1.0],
                [0.899837, 0.0, -0.436227, -5e-06, -0.436227, 0.0, -0.899837, 1.620488, 0.0, 1.0, 0.0, 0.680693, 0.0, 0.0, 0.0, 1.0],
                [0.899837, 0.0, -0.436227, -5e-06, -0.436227, 0.0, -0.899837, 1.628771, 0.0, 1.0, 0.0, 0.679598, 0.0, 0.0, 0.0, 1.0],
                [0.899837, 0.0, -0.436227, -5e-06, -0.436227, 0.0, -0.899837, 1.636226, 0.0, 1.0, 0.0, 0.678613, 0.0, 0.0, 0.0, 1.0],
                [0.899837, 0.0, -0.436227, -5e-06, -0.436227, 0.0, -0.899837, 1.642897, 0.0, 1.0, 0.0, 0.677731, 0.0, 0.0, 0.0, 1.0],
                [0.899837, 0.0, -0.436227, -5e-06, -0.436227, 0.0, -0.899837, 1.648828, 0.0, 1.0, 0.0, 0.676947, 0.0, 0.0, 0.0, 1.0],
                [0.899837, 0.0, -0.436227, -5e-06, -0.436227, 0.0, -0.899837, 1.654063, 0.0, 1.0, 0.0, 0.676255, 0.0, 0.0, 0.0, 1.0],
                [0.899837, 0.0, -0.436227, -5e-06, -0.436227, 0.0, -0.899837, 1.658643, 0.0, 1.0, 0.0, 0.67565, 0.0, 0.0, 0.0, 1.0],
                [0.899837, 0.0, -0.436227, -5e-06, -0.436227, 0.0, -0.899837, 1.662614, 0.0, 1.0, 0.0, 0.675125, 0.0, 0.0, 0.0, 1.0],
                [0.899837, 0.0, -0.436227, -5e-06, -0.436227, 0.0, -0.899837, 1.666019, 0.0, 1.0, 0.0, 0.674675, 0.0, 0.0, 0.0, 1.0],
                [0.899837, 0.0, -0.436227, -5e-06, -0.436227, 0.0, -0.899837, 1.668901, 0.0, 1.0, 0.0, 0.674294, 0.0, 0.0, 0.0, 1.0],
                [0.899837, 0.0, -0.436227, -5e-06, -0.436227, 0.0, -0.899837, 1.671304, 0.0, 1.0, 0.0, 0.673977, 0.0, 0.0, 0.0, 1.0],
                [0.899837, 0.0, -0.436227, -5e-06, -0.436227, 0.0, -0.899837, 1.673271, 0.0, 1.0, 0.0, 0.673717, 0.0, 0.0, 0.0, 1.0],
                [0.899837, 0.0, -0.436227, -5e-06, -0.436227, 0.0, -0.899837, 1.674846, 0.0, 1.0, 0.0, 0.673509, 0.0, 0.0, 0.0, 1.0],
                [0.899837, 0.0, -0.436227, -5e-06, -0.436227, 0.0, -0.899837, 1.676073, 0.0, 1.0, 0.0, 0.673346, 0.0, 0.0, 0.0, 1.0],
                [0.899837, 0.0, -0.436227, -5e-06, -0.436227, 0.0, -0.899837, 1.676995, 0.0, 1.0, 0.0, 0.673225, 0.0, 0.0, 0.0, 1.0],
                [0.899837, 0.0, -0.436227, -5e-06, -0.436227, 0.0, -0.899837, 1.677656, 0.0, 1.0, 0.0, 0.673137, 0.0, 0.0, 0.0, 1.0],
                [0.899837, 0.0, -0.436227, -5e-06, -0.436227, 0.0, -0.899837, 1.678099, 0.0, 1.0, 0.0, 0.673079, 0.0, 0.0, 0.0, 1.0],
                [0.899837, 0.0, -0.436227, -5e-06, -0.436227, 0.0, -0.899837, 1.678367, 0.0, 1.0, 0.0, 0.673043, 0.0, 0.0, 0.0, 1.0],
                [0.899837, 0.0, -0.436227, -5e-06, -0.436227, 0.0, -0.899837, 1.678505, 0.0, 1.0, 0.0, 0.673025, 0.0, 0.0, 0.0, 1.0],
                [0.899837, 0.0, -0.436227, -5e-06, -0.436227, 0.0, -0.899837, 1.678556, 0.0, 1.0, 0.0, 0.673018, 0.0, 0.0, 0.0, 1.0],
                [0.899837, 0.0, -0.436227, -5e-06, -0.436227, 0.0, -0.899837, 1.678563, 0.0, 1.0, 0.0, 0.673017, 0.0, 0.0, 0.0, 1.0],
                [0.899837, 0.0, -0.436227, -5e-06, -0.436227, 0.0, -0.899837, 1.678563, 0.0, 1.0, 0.0, 0.673017, 0.0, 0.0, 0.0, 1.0],
                [0.899837, 0.0, -0.436227, -5e-06, -0.436227, 0.0, -0.899837, 1.678563, 0.0, 1.0, 0.0, 0.673017, 0.0, 0.0, 0.0, 1.0],
                [0.899837, 0.0, -0.436227, -5e-06, -0.436227, 0.0, -0.899837, 1.678563, 0.0, 1.0, 0.0, 0.673017, 0.0, 0.0, 0.0, 1.0],
                [0.899837, 0.0, -0.436227, -5e-06, -0.436227, 0.0, -0.899837, 1.678563, 0.0, 1.0, 0.0, 0.673017, 0.0, 0.0, 0.0, 1.0],
                [0.899837, 0.0, -0.436227, -5e-06, -0.436227, 0.0, -0.899837, 1.678563, 0.0, 1.0, 0.0, 0.673017, 0.0, 0.0, 0.0, 1.0],
                [0.899837, 0.0, -0.436227, -5e-06, -0.436227, 0.0, -0.899837, 1.678563, 0.0, 1.0, 0.0, 0.673017, 0.0, 0.0, 0.0, 1.0],
                [0.899837, 0.0, -0.436227, -5e-06, -0.436227, 0.0, -0.899837, 1.678563, 0.0, 1.0, 0.0, 0.673017, 0.0, 0.0, 0.0, 1.0],
                [0.899837, 0.0, -0.436227, -5e-06, -0.436227, 0.0, -0.899837, 1.678563, 0.0, 1.0, 0.0, 0.673017, 0.0, 0.0, 0.0, 1.0],
                [0.899837, 0.0, -0.436227, -5e-06, -0.436227, 0.0, -0.899837, 1.678563, 0.0, 1.0, 0.0, 0.673017, 0.0, 0.0, 0.0, 1.0],
                [0.899837, 0.0, -0.436227, -5e-06, -0.436227, 0.0, -0.899837, 1.678563, 0.0, 1.0, 0.0, 0.673017, 0.0, 0.0, 0.0, 1.0],
                [0.899837, 0.0, -0.436227, -5e-06, -0.436227, 0.0, -0.899837, 1.678563, 0.0, 1.0, 0.0, 0.673017, 0.0, 0.0, 0.0, 1.0],
                [0.899837, 0.0, -0.436227, -5e-06, -0.436227, 0.0, -0.899837, 1.678563, 0.0, 1.0, 0.0, 0.673017, 0.0, 0.0, 0.0, 1.0],
                [0.899837, 0.0, -0.436227, -5e-06, -0.436227, 0.0, -0.899837, 1.678563, 0.0, 1.0, 0.0, 0.673017, 0.0, 0.0, 0.0, 1.0],
                [0.899837, 0.0, -0.436227, -5e-06, -0.436227, 0.0, -0.899837, 1.678563, 0.0, 1.0, 0.0, 0.673017, 0.0, 0.0, 0.0, 1.0],
                [0.899837, 0.0, -0.436227, -5e-06, -0.436227, 0.0, -0.899837, 1.678563, 0.0, 1.0, 0.0, 0.673017, 0.0, 0.0, 0.0, 1.0],
                [0.899837, 0.0, -0.436227, -5e-06, -0.436227, 0.0, -0.899837, 1.678563, 0.0, 1.0, 0.0, 0.673017, 0.0, 0.0, 0.0, 1.0],
                [0.899837, 0.0, -0.436227, -5e-06, -0.436227, 0.0, -0.899837, 1.678563, 0.0, 1.0, 0.0, 0.673017, 0.0, 0.0, 0.0, 1.0],
                [0.899837, 0.0, -0.436227, -5e-06, -0.436227, 0.0, -0.899837, 1.678563, 0.0, 1.0, 0.0, 0.673017, 0.0, 0.0, 0.0, 1.0],
                [0.899837, 0.0, -0.436227, -5e-06, -0.436227, 0.0, -0.899837, 1.678563, 0.0, 1.0, 0.0, 0.673017, 0.0, 0.0, 0.0, 1.0],
                [0.899837, 0.0, -0.436227, -5e-06, -0.436227, 0.0, -0.899837, 1.678563, 0.0, 1.0, 0.0, 0.673017, 0.0, 0.0, 0.0, 1.0],
                [0.899837, 0.0, -0.436227, -5e-06, -0.436227, 0.0, -0.899837, 1.678563, 0.0, 1.0, 0.0, 0.673017, 0.0, 0.0, 0.0, 1.0],
                [0.899837, 0.0, -0.436227, -5e-06, -0.436227, 0.0, -0.899837, 1.678563, 0.0, 1.0, 0.0, 0.673017, 0.0, 0.0, 0.0, 1.0],
                [0.899837, 0.0, -0.436227, -5e-06, -0.436227, 0.0, -0.899837, 1.678563, 0.0, 1.0, 0.0, 0.673017, 0.0, 0.0, 0.0, 1.0],
                [0.899837, 0.0, -0.436227, -5e-06, -0.436227, 0.0, -0.899837, 1.678563, 0.0, 1.0, 0.0, 0.673017, 0.0, 0.0, 0.0, 1.0],
                [0.899837, 0.0, -0.436227, -5e-06, -0.436227, 0.0, -0.899837, 1.678563, 0.0, 1.0, 0.0, 0.673017, 0.0, 0.0, 0.0, 1.0],
                [0.899837, 0.0, -0.436227, -5e-06, -0.436227, 0.0, -0.899837, 1.678563, 0.0, 1.0, 0.0, 0.673017, 0.0, 0.0, 0.0, 1.0],
                [0.899837, 0.0, -0.436227, -5e-06, -0.436227, 0.0, -0.899837, 1.677748, 0.0, 1.0, 0.0, 0.673342, 0.0, 0.0, 0.0, 1.0],
                [0.899837, 0.0, -0.436227, -5e-06, -0.436227, 0.0, -0.899837, 1.675341, 0.0, 1.0, 0.0, 0.674293, 0.0, 0.0, 0.0, 1.0],
                [0.899837, 0.0, -0.436227, -5e-06, -0.436227, 0.0, -0.899837, 1.671405, 0.0, 1.0, 0.0, 0.675836, 0.0, 0.0, 0.0, 1.0],
                [0.899837, 0.0, -0.436227, -5e-06, -0.436227, 0.0, -0.899837, 1.666001, 0.0, 1.0, 0.0, 0.677936, 0.0, 0.0, 0.0, 1.0],
                [0.899837, 0.0, -0.436227, -5e-06, -0.436227, 0.0, -0.899837, 1.659189, 0.0, 1.0, 0.0, 0.680558, 0.0, 0.0, 0.0, 1.0],
                [0.899837, 0.0, -0.436227, -5e-06, -0.436227, 0.0, -0.899837, 1.651032, 0.0, 1.0, 0.0, 0.683667, 0.0, 0.0, 0.0, 1.0],
                [0.899837, 0.0, -0.436227, -5e-06, -0.436227, 0.0, -0.899837, 1.64159, 0.0, 1.0, 0.0, 0.687228, 0.0, 0.0, 0.0, 1.0],
                [0.899837, 0.0, -0.436227, -5e-06, -0.436227, 0.0, -0.899837, 1.630924, 0.0, 1.0, 0.0, 0.691207, 0.0, 0.0, 0.0, 1.0],
                [0.899837, 0.0, -0.436227, -5e-06, -0.436227, 0.0, -0.899837, 1.619096, 0.0, 1.0, 0.0, 0.695569, 0.0, 0.0, 0.0, 1.0],
                [0.899837, 0.0, -0.436227, -5e-06, -0.436227, 0.0, -0.899837, 1.606166, 0.0, 1.0, 0.0, 0.700279, 0.0, 0.0, 0.0, 1.0],
                [0.899837, 0.0, -0.436227, -5e-06, -0.436227, 0.0, -0.899837, 1.592197, 0.0, 1.0, 0.0, 0.705302, 0.0, 0.0, 0.0, 1.0],
                [0.899837, 0.0, -0.436227, -5e-06, -0.436227, 0.0, -0.899837, 1.577248, 0.0, 1.0, 0.0, 0.710603, 0.0, 0.0, 0.0, 1.0],
                [0.899837, 0.0, -0.436227, -5e-06, -0.436227, 0.0, -0.899837, 1.561382, 0.0, 1.0, 0.0, 0.716148, 0.0, 0.0, 0.0, 1.0],
                [0.899837, 0.0, -0.436227, -5e-06, -0.436227, 0.0, -0.899837, 1.544659, 0.0, 1.0, 0.0, 0.721902, 0.0, 0.0, 0.0, 1.0],
                [0.899837, 0.0, -0.436227, -5e-06, -0.436227, 0.0, -0.899837, 1.527141, 0.0, 1.0, 0.0, 0.72783, 0.0, 0.0, 0.0, 1.0],
                [0.899837, 0.0, -0.436227, -5e-06, -0.436227, 0.0, -0.899837, 1.508889, 0.0, 1.0, 0.0, 0.733897, 0.0, 0.0, 0.0, 1.0],
                [0.899837, 0.0, -0.436227, -5e-06, -0.436227, 0.0, -0.899837, 1.489964, 0.0, 1.0, 0.0, 0.740068, 0.0, 0.0, 0.0, 1.0],
                [0.899837, 0.0, -0.436227, -5e-06, -0.436227, 0.0, -0.899837, 1.470427, 0.0, 1.0, 0.0, 0.746309, 0.0, 0.0, 0.0, 1.0],
                [0.899837, 0.0, -0.436227, -5e-06, -0.436227, 0.0, -0.899837, 1.450339, 0.0, 1.0, 0.0, 0.752585, 0.0, 0.0, 0.0, 1.0],
                [0.899837, 0.0, -0.436227, -5e-06, -0.436227, 0.0, -0.899837, 1.429762, 0.0, 1.0, 0.0, 0.758861, 0.0, 0.0, 0.0, 1.0],
                [0.899837, 0.0, -0.436227, -5e-06, -0.436227, 0.0, -0.899837, 1.408757, 0.0, 1.0, 0.0, 0.765102, 0.0, 0.0, 0.0, 1.0],
                [0.899837, 0.0, -0.436227, -5e-06, -0.436227, 0.0, -0.899837, 1.387384, 0.0, 1.0, 0.0, 0.771274, 0.0, 0.0, 0.0, 1.0],
                [0.899837, 0.0, -0.436227, -5e-06, -0.436227, 0.0, -0.899837, 1.365706, 0.0, 1.0, 0.0, 0.777341, 0.0, 0.0, 0.0, 1.0],
                [0.899837, 0.0, -0.436227, -5e-06, -0.436227, 0.0, -0.899837, 1.343783, 0.0, 1.0, 0.0, 0.783269, 0.0, 0.0, 0.0, 1.0],
                [0.899837, 0.0, -0.436227, -5e-06, -0.436227, 0.0, -0.899837, 1.321676, 0.0, 1.0, 0.0, 0.789022, 0.0, 0.0, 0.0, 1.0],
                [0.899837, 0.0, -0.436227, -5e-06, -0.436227, 0.0, -0.899837, 1.299447, 0.0, 1.0, 0.0, 0.794568, 0.0, 0.0, 0.0, 1.0],
                [0.899837, 0.0, -0.436227, -5e-06, -0.436227, 0.0, -0.899837, 1.277157, 0.0, 1.0, 0.0, 0.799869, 0.0, 0.0, 0.0, 1.0],
                [0.899837, 0.0, -0.436227, -5e-06, -0.436227, 0.0, -0.899837, 1.254867, 0.0, 1.0, 0.0, 0.804892, 0.0, 0.0, 0.0, 1.0],
                [0.899837, 0.0, -0.436227, -5e-06, -0.436227, 0.0, -0.899837, 1.232638, 0.0, 1.0, 0.0, 0.809602, 0.0, 0.0, 0.0, 1.0],
                [0.899837, 0.0, -0.436227, -5e-06, -0.436227, 0.0, -0.899837, 1.210531, 0.0, 1.0, 0.0, 0.813964, 0.0, 0.0, 0.0, 1.0],
                [0.899837, 0.0, -0.436227, -5e-06, -0.436227, 0.0, -0.899837, 1.188608, 0.0, 1.0, 0.0, 0.817943, 0.0, 0.0, 0.0, 1.0],
                [0.899837, 0.0, -0.436227, -5e-06, -0.436227, 0.0, -0.899837, 1.16693, 0.0, 1.0, 0.0, 0.821504, 0.0, 0.0, 0.0, 1.0],
                [0.899837, 0.0, -0.436227, -5e-06, -0.436227, 0.0, -0.899837, 1.145558, 0.0, 1.0, 0.0, 0.824613, 0.0, 0.0, 0.0, 1.0],
                [0.899837, 0.0, -0.436227, -5e-06, -0.436227, 0.0, -0.899837, 1.124552, 0.0, 1.0, 0.0, 0.827235, 0.0, 0.0, 0.0, 1.0],
                [0.899837, 0.0, -0.436227, -5e-06, -0.436227, 0.0, -0.899837, 1.103975, 0.0, 1.0, 0.0, 0.829334, 0.0, 0.0, 0.0, 1.0],
                [0.899837, 0.0, -0.436227, -5e-06, -0.436227, 0.0, -0.899837, 1.083887, 0.0, 1.0, 0.0, 0.830877, 0.0, 0.0, 0.0, 1.0],
                [0.899837, 0.0, -0.436227, -5e-06, -0.436227, 0.0, -0.899837, 1.06435, 0.0, 1.0, 0.0, 0.831828, 0.0, 0.0, 0.0, 1.0],
                [0.899837, 0.0, -0.436227, -5e-06, -0.436227, 0.0, -0.899837, 1.045425, 0.0, 1.0, 0.0, 0.832153, 0.0, 0.0, 0.0, 1.0],
                [0.899837, 0.0, -0.436227, -5e-06, -0.436227, 0.0, -0.899837, 1.027173, 0.0, 1.0, 0.0, 0.831808, 0.0, 0.0, 0.0, 1.0],
                [0.899837, 0.0, -0.436227, -5e-06, -0.436227, 0.0, -0.899837, 1.009655, 0.0, 1.0, 0.0, 0.830833, 0.0, 0.0, 0.0, 1.0],
                [0.899837, 0.0, -0.436227, -5e-06, -0.436227, 0.0, -0.899837, 0.992932, 0.0, 1.0, 0.0, 0.829318, 0.0, 0.0, 0.0, 1.0],
                [0.899837, 0.0, -0.436227, -5e-06, -0.436227, 0.0, -0.899837, 0.977066, 0.0, 1.0, 0.0, 0.827353, 0.0, 0.0, 0.0, 1.0],
                [0.899837, 0.0, -0.436227, -5e-06, -0.436227, 0.0, -0.899837, 0.962118, 0.0, 1.0, 0.0, 0.825028, 0.0, 0.0, 0.0, 1.0],
                [0.899837, 0.0, -0.436227, -5e-06, -0.436227, 0.0, -0.899837, 0.948148, 0.0, 1.0, 0.0, 0.822432, 0.0, 0.0, 0.0, 1.0],
                [0.899837, 0.0, -0.436227, -5e-06, -0.436227, 0.0, -0.899837, 0.935218, 0.0, 1.0, 0.0, 0.819657, 0.0, 0.0, 0.0, 1.0],
                [0.899837, 0.0, -0.436227, -5e-06, -0.436227, 0.0, -0.899837, 0.92339, 0.0, 1.0, 0.0, 0.816792, 0.0, 0.0, 0.0, 1.0],
                [0.899837, 0.0, -0.436227, -5e-06, -0.436227, 0.0, -0.899837, 0.912724, 0.0, 1.0, 0.0, 0.813927, 0.0, 0.0, 0.0, 1.0],
                [0.899837, 0.0, -0.436227, -5e-06, -0.436227, 0.0, -0.899837, 0.903282, 0.0, 1.0, 0.0, 0.811151, 0.0, 0.0, 0.0, 1.0],
                [0.899837, 0.0, -0.436227, -5e-06, -0.436227, 0.0, -0.899837, 0.895125, 0.0, 1.0, 0.0, 0.808556, 0.0, 0.0, 0.0, 1.0],
                [0.899837, 0.0, -0.436227, -5e-06, -0.436227, 0.0, -0.899837, 0.888313, 0.0, 1.0, 0.0, 0.806231, 0.0, 0.0, 0.0, 1.0],
                [0.899837, 0.0, -0.436227, -5e-06, -0.436227, 0.0, -0.899837, 0.882909, 0.0, 1.0, 0.0, 0.804266, 0.0, 0.0, 0.0, 1.0],
                [0.899837, 0.0, -0.436227, -5e-06, -0.436227, 0.0, -0.899837, 0.878973, 0.0, 1.0, 0.0, 0.802751, 0.0, 0.0, 0.0, 1.0],
                [0.899837, 0.0, -0.436227, -5e-06, -0.436227, 0.0, -0.899837, 0.876567, 0.0, 1.0, 0.0, 0.801776, 0.0, 0.0, 0.0, 1.0],
                [0.899837, 0.0, -0.436227, -5e-06, -0.436227, 0.0, -0.899837, 0.875751, 0.0, 1.0, 0.0, 0.80143, 0.0, 0.0, 0.0, 1.0]
            ]
        },
        {
            "name": "Thigh_R",
            "time": [0.0, 0.0167, 0.0333, 0.05, 0.0667, 0.0833, 0.1, 0.1167, 0.1333, 0.15, 0.1667, 0.1833, 0.2, 0.2167, 0.2333, 0.25, 0.2667, 0.2833, 0.3, 0.3167, 0.3333, 0.35, 0.3667, 0.3833, 0.4, 0.4167, 0.4333, 0.45, 0.4667, 0.4833, 0.5, 0.5167, 0.5333, 0.55, 0.5667, 0.5833, 0.6, 0.6167, 0.6333, 0.65, 0.6667, 0.6833, 0.7, 0.7167, 0.7333, 0.75, 0.7667, 0.7833, 0.8, 0.8167, 0.8333, 0.85, 0.8667, 0.8833, 0.9, 0.9167, 0.9333, 0.95, 0.9667, 0.9833, 1.0, 1.0167, 1.0333, 1.05, 1.0667, 1.0833, 1.1, 1.1167, 1.1333, 1.15, 1.1667, 1.1833, 1.2, 1.2167, 1.2333, 1.25, 1.2667, 1.2833, 1.3, 1.3167, 1.3333, 1.35, 1.3667, 1.3833, 1.4, 1.4167, 1.4333, 1.45, 1.4667, 1.4833, 1.5, 1.5167, 1.5333, 1.55, 1.5667, 1.5833, 1.6, 1.6167, 1.6333, 1.65, 1.6667, 1.6833, 1.7, 1.7167, 1.7333, 1.75, 1.7667, 1.7833, 1.8, 1.8167, 1.8333, 1.85, 1.8667, 1.8833, 1.9, 1.9167, 1.9333, 1.95, 1.9667, 1.9833, 2.0, 2.0167, 2.0333, 2.05, 2.0667, 2.0833, 2.1, 2.1167, 2.1333, 2.15, 2.1667, 2.1833, 2.2, 2.2167, 2.2333, 2.25, 2.2667, 2.2833, 2.3, 2.3167, 2.3333, 2.35, 2.3667, 2.3833, 2.4],
            "transform": [
                [0.966847, 0.186767, -0.174141, 0.123095, 0.096793, -0.899106, -0.426895, -0.002831, -0.236301, 0.395887, -0.887376, -0.021718, 0.0, 0.0, 0.0, 1.0],
                [0.966847, 0.186767, -0.174141, 0.123095, 0.096793, -0.899106, -0.426895, -0.002831, -0.236301, 0.395887, -0.887376, -0.021718, 0.0, 0.0, 0.0, 1.0],
                [0.966847, 0.186767, -0.174141, 0.123095, 0.096793, -0.899106, -0.426895, -0.002831, -0.236301, 0.395887, -0.887376, -0.021718, 0.0, 0.0, 0.0, 1.0],
                [0.966847, 0.186767, -0.174141, 0.123095, 0.096793, -0.899106, -0.426895, -0.002831, -0.236301, 0.395887, -0.887375, -0.021718, 0.0, 0.0, 0.0, 1.0],
                [0.966847, 0.186767, -0.174141, 0.123095, 0.096793, -0.899106, -0.426895, -0.002831, -0.236301, 0.395887, -0.887376, -0.021718, 0.0, 0.0, 0.0, 1.0],
                [0.966847, 0.186767, -0.174141, 0.123095, 0.096793, -0.899106, -0.426895, -0.002831, -0.236301, 0.395887, -0.887376, -0.021718, 0.0, 0.0, 0.0, 1.0],
                [0.966847, 0.186767, -0.174141, 0.123095, 0.096793, -0.899106, -0.426895, -0.002831, -0.236301, 0.395887, -0.887375, -0.021718, 0.0, 0.0, 0.0, 1.0],
                [0.966847, 0.186767, -0.174141, 0.123095, 0.096793, -0.899106, -0.426895, -0.002831, -0.236301, 0.395887, -0.887376, -0.021718, 0.0, 0.0, 0.0, 1.0],
                [0.966847, 0.186767, -0.174141, 0.123095, 0.096793, -0.899106, -0.426895, -0.002831, -0.236301, 0.395887, -0.887376, -0.021718, 0.0, 0.0, 0.0, 1.0],
                [0.966847, 0.186767, -0.174141, 0.123095, 0.096793, -0.899106, -0.426895, -0.002831, -0.236301, 0.395887, -0.887376, -0.021718, 0.0, 0.0, 0.0, 1.0],
                [0.966847, 0.186767, -0.174141, 0.123095, 0.096793, -0.899106, -0.426895, -0.002831, -0.236301, 0.395887, -0.887376, -0.021718, 0.0, 0.0, 0.0, 1.0],
                [0.966847, 0.186767, -0.174141, 0.123095, 0.096793, -0.899106, -0.426895, -0.002831, -0.236301, 0.395887, -0.887376, -0.021718, 0.0, 0.0, 0.0, 1.0],
                [0.966847, 0.186767, -0.174141, 0.123095, 0.096793, -0.899106, -0.426895, -0.002831, -0.236301, 0.395887, -0.887376, -0.021718, 0.0, 0.0, 0.0, 1.0],
                [0.966847, 0.186767, -0.174141, 0.123095, 0.096793, -0.899106, -0.426895, -0.002831, -0.236301, 0.395887, -0.887376, -0.021718, 0.0, 0.0, 0.0, 1.0],
                [0.966847, 0.186767, -0.174141, 0.123095, 0.096793, -0.899106, -0.426895, -0.002831, -0.236301, 0.395887, -0.887376, -0.021718, 0.0, 0.0, 0.0, 1.0],
                [0.966847, 0.186767, -0.174141, 0.123095, 0.096793, -0.899106, -0.426895, -0.002831, -0.236301, 0.395887, -0.887376, -0.021718, 0.0, 0.0, 0.0, 1.0],
                [0.966847, 0.186767, -0.174141, 0.123095, 0.096793, -0.899106, -0.426895, -0.002831, -0.236301, 0.395887, -0.887376, -0.021718, 0.0, 0.0, 0.0, 1.0],
                [0.966847, 0.186767, -0.174141, 0.123095, 0.096793, -0.899106, -0.426895, -0.002831, -0.236301, 0.395887, -0.887376, -0.021718, 0.0, 0.0, 0.0, 1.0],
                [0.966847, 0.186767, -0.174141, 0.123095, 0.096793, -0.899106, -0.426895, -0.002831, -0.236301, 0.395887, -0.887376, -0.021718, 0.0, 0.0, 0.0, 1.0],
                [0.966847, 0.186767, -0.174141, 0.123095, 0.096793, -0.899106, -0.426895, -0.002831, -0.236301, 0.395887, -0.887376, -0.021718, 0.0, 0.0, 0.0, 1.0],
                [0.966878, 0.183614, -0.177291, 0.123095, 0.096203, -0.905549, -0.413189, -0.002831, -0.236413, 0.382447, -0.893221, -0.021718, 0.0, 0.0, 0.0, 1.0],
                [0.966932, 0.175189, -0.185343, 0.123095, 0.095022, -0.921878, -0.375648, -0.002831, -0.236673, 0.345614, -0.90804, -0.021718, 0.0, 0.0, 0.0, 1.0],
                [0.966953, 0.162947, -0.196088, 0.123095, 0.094134, -0.94294, -0.319377, -0.002831, -0.236941, 0.290364, -0.927118, -0.021718, 0.0, 0.0, 0.0, 1.0],
                [0.966919, 0.148565, -0.207353, 0.123095, 0.094435, -0.963616, -0.250052, -0.002831, -0.236957, 0.222199, -0.945769, -0.021718, 0.0, 0.0, 0.0, 1.0],
                [0.966847, 0.134206, -0.217246, 0.123095, 0.096793, -0.979878, -0.174558, -0.002831, -0.236301, 0.147744, -0.960382, -0.021718, 0.0, 0.0, 0.0, 1.0],
                [0.966777, 0.121796, -0.224741, 0.123095, 0.101592, -0.989846, -0.099416, -0.002831, -0.234568, 0.073281, -0.969334, -0.021718, 0.0, 0.0, 0.0, 1.0],
                [0.966762, 0.110455, -0.23059, 0.123095, 0.107473, -0.993881, -0.025492, -0.002831, -0.231995, -0.000137, -0.972717, -0.021718, 0.0, 0.0, 0.0, 1.0],
                [0.966832, 0.098378, -0.235706, 0.123095, 0.112701, -0.992466, 0.048052, -0.002831, -0.229203, -0.073022, -0.970636, -0.021718, 0.0, 0.0, 0.0, 1.0],
                [0.966993, 0.083604, -0.240697, 0.123095, 0.115645, -0.985743, 0.122214, -0.002831, -0.227048, -0.146015, -0.962875, -0.021718, 0.0, 0.0, 0.0, 1.0],
                [0.967196, 0.064065, -0.245822, 0.123095, 0.114814, -0.973445, 0.198047, -0.002831, -0.226606, -0.219774, -0.948867, -0.021718, 0.0, 0.0, 0.0, 1.0],
                [0.967275, 0.037633, -0.250925, 0.123095, 0.10889, -0.954809, 0.276553, -0.002831, -0.229178, -0.294826, -0.927661, -0.021718, 0.0, 0.0, 0.0, 1.0],
                [0.966847, 0.002186, -0.255348, 0.123095, 0.096793, -0.92848, 0.358546, -0.002831, -0.236301, -0.371375, -0.89791, -0.021718, 0.0, 0.0, 0.0, 1.0],
                [0.962863, -0.046788, -0.265906, 0.123095, 0.079468, -0.892129, 0.444735, -0.002831, -0.258031, -0.44935, -0.85528, -0.021718, 0.0, 0.0, 0.0, 1.0],
                [0.95203, -0.110626, -0.285309, 0.123095, 0.061563, -0.844061, 0.532701, -0.002831, -0.299749, -0.524711, -0.796761, -0.021718, 0.0, 0.0, 0.0, 1.0],
                [0.933483, -0.185485, -0.306928, 0.123095, 0.047178, -0.7849, 0.617823, -0.002831, -0.355505, -0.591208, -0.72394, -0.021718, 0.0, 0.0, 0.0, 1.0],
                [0.907396, -0.265869, -0.325494, 0.123095, 0.039118, -0.717684, 0.695269, -0.002831, -0.418452, -0.643617, -0.640824, -0.021718, 0.0, 0.0, 0.0, 1.0],
                [0.875663, -0.34508, -0.337837, 0.123095, 0.038295, -0.647746, 0.760893, -0.002831, -0.481402, -0.679223, -0.553993, -0.021718, 0.0, 0.0, 0.0, 1.0],
                [0.841961, -0.416199, -0.343337, 0.123095, 0.043514, -0.581898, 0.812097, -0.002831, -0.537781, -0.698694, -0.471825, -0.021718, 0.0, 0.0, 0.0, 1.0],
                [0.811247, -0.473038, -0.343677, 0.123095, 0.051836, -0.527281, 0.848108, -0.002831, -0.582401, -0.70584, -0.403235, -0.021718, 0.0, 0.0, 0.0, 1.0],
                [0.788998, -0.510486, -0.341885, 0.123095, 0.059418, -0.490451, 0.869441, -0.002831, -0.611515, -0.706302, -0.356633, -0.021718, 0.0, 0.0, 0.0, 1.0],
                [0.780513, -0.52402, -0.340886, 0.123095, 0.062584, -0.477056, 0.876642, -0.002831, -0.621999, -0.705564, -0.339553, -0.021718, 0.0, 0.0, 0.0, 1.0],
                [0.780513, -0.52402, -0.340886, 0.123095, 0.062584, -0.477056, 0.876642, -0.002831, -0.621999, -0.705564, -0.339553, -0.021718, 0.0, 0.0, 0.0, 1.0],
                [0.780513, -0.52402, -0.340886, 0.123095, 0.062584, -0.477056, 0.876642, -0.002831, -0.621999, -0.705564, -0.339553, -0.021718, 0.0, 0.0, 0.0, 1.0],
                [0.780513, -0.52402, -0.340886, 0.123095, 0.062584, -0.477056, 0.876642, -0.002831, -0.621999, -0.705564, -0.339553, -0.021718, 0.0, 0.0, 0.0, 1.0],
                [0.780513, -0.52402, -0.340886, 0.123095, 0.062584, -0.477056, 0.876642, -0.002831, -0.621999, -0.705564, -0.339553, -0.021718, 0.0, 0.0, 0.0, 1.0],
                [0.780513, -0.52402, -0.340886, 0.123095, 0.062584, -0.477056, 0.876642, -0.002831, -0.621999, -0.705564, -0.339553, -0.021718, 0.0, 0.0, 0.0, 1.0],
                [0.780513, -0.52402, -0.340886, 0.123095, 0.062584, -0.477056, 0.876642, -0.002831, -0.621999, -0.705564, -0.339553, -0.021718, 0.0, 0.0, 0.0, 1.0],
                [0.780513, -0.52402, -0.340886, 0.123095, 0.062584, -0.477056, 0.876642, -0.002831, -0.621999, -0.705564, -0.339553, -0.021718, 0.0, 0.0, 0.0, 1.0],
                [0.780513, -0.52402, -0.340886, 0.123095, 0.062584, -0.477056, 0.876642, -0.002831, -0.621999, -0.705564, -0.339553, -0.021718, 0.0, 0.0, 0.0, 1.0],
                [0.780513, -0.52402, -0.340886, 0.123095, 0.062584, -0.477056, 0.876642, -0.002831, -0.621999, -0.705564, -0.339553, -0.021718, 0.0, 0.0, 0.0, 1.0],
                [0.780513, -0.52402, -0.340886, 0.123095, 0.062584, -0.477056, 0.876642, -0.002831, -0.621999, -0.705564, -0.339553, -0.021718, 0.0, 0.0, 0.0, 1.0],
                [0.780513, -0.52402, -0.340886, 0.123095, 0.062584, -0.477056, 0.876642, -0.002831, -0.621999, -0.705564, -0.339553, -0.021718, 0.0, 0.0, 0.0, 1.0],
                [0.780513, -0.52402, -0.340886, 0.123095, 0.062584, -0.477056, 0.876642, -0.002831, -0.621999, -0.705564, -0.339553, -0.021718, 0.0, 0.0, 0.0, 1.0],
                [0.780513, -0.52402, -0.340886, 0.123095, 0.062584, -0.477056, 0.876642, -0.002831, -0.621999, -0.705564, -0.339553, -0.021718, 0.0, 0.0, 0.0, 1.0],
                [0.780513, -0.52402, -0.340886, 0.123095, 0.062584, -0.477056, 0.876642, -0.002831, -0.621999, -0.705564, -0.339553, -0.021718, 0.0, 0.0, 0.0, 1.0],
                [0.780513, -0.52402, -0.340886, 0.123095, 0.062584, -0.477056, 0.876642, -0.002831, -0.621999, -0.705564, -0.339553, -0.021718, 0.0, 0.0, 0.0, 1.0],
                [0.780513, -0.52402, -0.340886, 0.123095, 0.062584, -0.477056, 0.876642, -0.002831, -0.621999, -0.705564, -0.339553, -0.021718, 0.0, 0.0, 0.0, 1.0],
                [0.780513, -0.52402, -0.340886, 0.123095, 0.062584, -0.477056, 0.876642, -0.002831, -0.621999, -0.705564, -0.339553, -0.021718, 0.0, 0.0, 0.0, 1.0],
                [0.780513, -0.52402, -0.340886, 0.123095, 0.062584, -0.477056, 0.876642, -0.002831, -0.621999, -0.705564, -0.339553, -0.021718, 0.0, 0.0, 0.0, 1.0],
                [0.780513, -0.52402, -0.340886, 0.123095, 0.062584, -0.477056, 0.876642, -0.002831, -0.621999, -0.705564, -0.339553, -0.021718, 0.0, 0.0, 0.0, 1.0],
                [0.780513, -0.52402, -0.340886, 0.123095, 0.062584, -0.477056, 0.876642, -0.002831, -0.621999, -0.705564, -0.339553, -0.021718, 0.0, 0.0, 0.0, 1.0],
                [0.780513, -0.52402, -0.340886, 0.123095, 0.062584, -0.477056, 0.876642, -0.002831, -0.621999, -0.705564, -0.339553, -0.021718, 0.0, 0.0, 0.0, 1.0],
                [0.780513, -0.52402, -0.340886, 0.123095, 0.062584, -0.477056, 0.876642, -0.002831, -0.621999, -0.705564, -0.339553, -0.021718, 0.0, 0.0, 0.0, 1.0],
                [0.780513, -0.52402, -0.340886, 0.123095, 0.062584, -0.477056, 0.876642, -0.002831, -0.621999, -0.705564, -0.339553, -0.021718, 0.0, 0.0, 0.0, 1.0],
                [0.780513, -0.52402, -0.340886, 0.123095, 0.062584, -0.477056, 0.876642, -0.002831, -0.621999, -0.705564, -0.339553, -0.021718, 0.0, 0.0, 0.0, 1.0],
                [0.780513, -0.52402, -0.340886, 0.123095, 0.062584, -0.477056, 0.876642, -0.002831, -0.621999, -0.705564, -0.339553, -0.021718, 0.0, 0.0, 0.0, 1.0],
                [0.780513, -0.52402, -0.340886, 0.123095, 0.062584, -0.477056, 0.876642, -0.002831, -0.621999, -0.705564, -0.339553, -0.021718, 0.0, 0.0, 0.0, 1.0],
                [0.780513, -0.52402, -0.340886, 0.123095, 0.062584, -0.477056, 0.876642, -0.002831, -0.621999, -0.705564, -0.339553, -0.021718, 0.0, 0.0, 0.0, 1.0],
                [0.780513, -0.52402, -0.340886, 0.123095, 0.062584, -0.477056, 0.876642, -0.002831, -0.621999, -0.705564, -0.339553, -0.021718, 0.0, 0.0, 0.0, 1.0],
                [0.780513, -0.52402, -0.340886, 0.123095, 0.062584, -0.477056, 0.876642, -0.002831, -0.621999, -0.705564, -0.339553, -0.021718, 0.0, 0.0, 0.0, 1.0],
                [0.780513, -0.52402, -0.340886, 0.123095, 0.062584, -0.477056, 0.876642, -0.002831, -0.621999, -0.705564, -0.339553, -0.021718, 0.0, 0.0, 0.0, 1.0],
                [0.780513, -0.52402, -0.340886, 0.123095, 0.062584, -0.477056, 0.876642, -0.002831, -0.621999, -0.705564, -0.339553, -0.021718, 0.0, 0.0, 0.0, 1.0],
                [0.780513, -0.52402, -0.340886, 0.123095, 0.062584, -0.477056, 0.876642, -0.002831, -0.621999, -0.705564, -0.339553, -0.021718, 0.0, 0.0, 0.0, 1.0],
                [0.780513, -0.52402, -0.340886, 0.123095, 0.062584, -0.477056, 0.876642, -0.002831, -0.621999, -0.705564, -0.339553, -0.021718, 0.0, 0.0, 0.0, 1.0],
                [0.780513, -0.52402, -0.340886, 0.123095, 0.062584, -0.477056, 0.876642, -0.002831, -0.621999, -0.705564, -0.339553, -0.021718, 0.0, 0.0, 0.0, 1.0],
                [0.780513, -0.52402, -0.340886, 0.123095, 0.062584, -0.477056, 0.876642, -0.002831, -0.621999, -0.705564, -0.339553, -0.021718, 0.0, 0.0, 0.0, 1.0],
                [0.780513, -0.52402, -0.340886, 0.123095, 0.062584, -0.477056, 0.876642, -0.002831, -0.621999, -0.705564, -0.339553, -0.021718, 0.0, 0.0, 0.0, 1.0],
                [0.780513, -0.52402, -0.340886, 0.123095, 0.062584, -0.477056, 0.876642, -0.002831, -0.621999, -0.705564, -0.339553, -0.021718, 0.0, 0.0, 0.0, 1.0],
                [0.780513, -0.52402, -0.340886, 0.123095, 0.062584, -0.477056, 0.876642, -0.002831, -0.621999, -0.705564, -0.339553, -0.021718, 0.0, 0.0, 0.0, 1.0],
                [0.780513, -0.52402, -0.340886, 0.123095, 0.062584, -0.477056, 0.876642, -0.002831, -0.621999, -0.705564, -0.339553, -0.021718, 0.0, 0.0, 0.0, 1.0],
                [0.780513, -0.52402, -0.340886, 0.123095, 0.062584, -0.477056, 0.876642, -0.002831, -0.621999, -0.705564, -0.339553, -0.021718, 0.0, 0.0, 0.0, 1.0],
                [0.780513, -0.52402, -0.340886, 0.123095, 0.062584, -0.477056, 0.876642, -0.002831, -0.621999, -0.705564, -0.339553, -0.021718, 0.0, 0.0, 0.0, 1.0],
                [0.780513, -0.52402, -0.340886, 0.123095, 0.062584, -0.477056, 0.876642, -0.002831, -0.621999, -0.705564, -0.339553, -0.021718, 0.0, 0.0, 0.0, 1.0],
                [0.780513, -0.52402, -0.340886, 0.123095, 0.062584, -0.477056, 0.876642, -0.002831, -0.621999, -0.705564, -0.339553, -0.021718, 0.0, 0.0, 0.0, 1.0],
                [0.780513, -0.52402, -0.340886, 0.123095, 0.062584, -0.477056, 0.876642, -0.002831, -0.621999, -0.705564, -0.339553, -0.021718, 0.0, 0.0, 0.0, 1.0],
                [0.780513, -0.52402, -0.340886, 0.123095, 0.062584, -0.477056, 0.876642, -0.002831, -0.621999, -0.705564, -0.339553, -0.021718, 0.0, 0.0, 0.0, 1.0],
                [0.780513, -0.52402, -0.340886, 0.123095, 0.062584, -0.477056, 0.876642, -0.002831, -0.621999, -0.705564, -0.339553, -0.021718, 0.0, 0.0, 0.0, 1.0],
                [0.780513, -0.52402, -0.340886, 0.123095, 0.062584, -0.477056, 0.876642, -0.002831, -0.621999, -0.705564, -0.339553, -0.021718, 0.0, 0.0, 0.0, 1.0],
                [0.780513, -0.52402, -0.340886, 0.123095, 0.062584, -0.477056, 0.876642, -0.002831, -0.621999, -0.705564, -0.339553, -0.021718, 0.0, 0.0, 0.0, 1.0],
                [0.780513, -0.52402, -0.340886, 0.123095, 0.062584, -0.477056, 0.876642, -0.002831, -0.621999, -0.705564, -0.339553, -0.021718, 0.0, 0.0, 0.0, 1.0],
                [0.780513, -0.52402, -0.340886, 0.123095, 0.062584, -0.477056, 0.876642, -0.002831, -0.621999, -0.705564, -0.339553, -0.021718, 0.0, 0.0, 0.0, 1.0],
                [0.78076, -0.523446, -0.341201, 0.123095, 0.062181, -0.478267, 0.87601, -0.002831, -0.621729, -0.705171, -0.340863, -0.021718, 0.0, 0.0, 0.0, 1.0],
                [0.781492, -0.521748, -0.342125, 0.123095, 0.060993, -0.481838, 0.874135, -0.002831, -0.620927, -0.703997, -0.344729, -0.021718, 0.0, 0.0, 0.0, 1.0],
                [0.782693, -0.518956, -0.343623, 0.123095, 0.059055, -0.487676, 0.871025, -0.002831, -0.6196, -0.702037, -0.351054, -0.021718, 0.0, 0.0, 0.0, 1.0],
                [0.78435, -0.515092, -0.345651, 0.123095, 0.056404, -0.495686, 0.866668, -0.002831, -0.617749, -0.699268, -0.359738, -0.021718, 0.0, 0.0, 0.0, 1.0],
                [0.786454, -0.510173, -0.348158, 0.123095, 0.053081, -0.50577, 0.861034, -0.002831, -0.615364, -0.695644, -0.370684, -0.021718, 0.0, 0.0, 0.0, 1.0],
                [0.788993, -0.50421, -0.351087, 0.123095, 0.049129, -0.517823, 0.854075, -0.002831, -0.612434, -0.691109, -0.383788, -0.021718, 0.0, 0.0, 0.0, 1.0],
                [0.79196, -0.497212, -0.354372, 0.123095, 0.044595, -0.531738, 0.845733, -0.002831, -0.608942, -0.68559, -0.398942, -0.021718, 0.0, 0.0, 0.0, 1.0],
                [0.795345, -0.489185, -0.357945, 0.123095, 0.03953, -0.5474, 0.835937, -0.002831, -0.604867, -0.679008, -0.416034, -0.021718, 0.0, 0.0, 0.0, 1.0],
                [0.799139, -0.480134, -0.361729, 0.123095, 0.033987, -0.564683, 0.824608, -0.002831, -0.600185, -0.67127, -0.434942, -0.021718, 0.0, 0.0, 0.0, 1.0],
                [0.803332, -0.470068, -0.365642, 0.123095, 0.028027, -0.583454, 0.811662, -0.002831, -0.594872, -0.662282, -0.455533, -0.021718, 0.0, 0.0, 0.0, 1.0],
                [0.807912, -0.458995, -0.369598, 0.123095, 0.021711, -0.603568, 0.797015, -0.002831, -0.588903, -0.651942, -0.477665, -0.021718, 0.0, 0.0, 0.0, 1.0],
                [0.812866, -0.446928, -0.373503, 0.123095, 0.015107, -0.624868, 0.780584, -0.002831, -0.582255, -0.640153, -0.501182, -0.021718, 0.0, 0.0, 0.0, 1.0],
                [0.818177, -0.433887, -0.377264, 0.123095, 0.008287, -0.647183, 0.76229, -0.002831, -0.574906, -0.626815, -0.525915, -0.021718, 0.0, 0.0, 0.0, 1.0],
                [0.823828, -0.419896, -0.380781, 0.123095, 0.001328, -0.67033, 0.742062, -0.002831, -0.566838, -0.611837, -0.551679, -0.021718, 0.0, 0.0, 0.0, 1.0],
                [0.829797, -0.40499, -0.383954, 0.123095, -0.005691, -0.694114, 0.719842, -0.002831, -0.558037, -0.595138, -0.578278, -0.021718, 0.0, 0.0, 0.0, 1.0],
                [0.836057, -0.38921, -0.386684, 0.123095, -0.012687, -0.718327, 0.695589, -0.002831, -0.548497, -0.576646, -0.6055, -0.021718, 0.0, 0.0, 0.0, 1.0],
                [0.842579, -0.37261, -0.388872, 0.123095, -0.019574, -0.742752, 0.66928, -0.002831, -0.538217, -0.556309, -0.633122, -0.021718, 0.0, 0.0, 0.0, 1.0],
                [0.849332, -0.355254, -0.390423, 0.123095, -0.026268, -0.767163, 0.640913, -0.002831, -0.527206, -0.534092, -0.660908, -0.021718, 0.0, 0.0, 0.0, 1.0],
                [0.856277, -0.337215, -0.391248, 0.123095, -0.032682, -0.791329, 0.610516, -0.002831, -0.515481, -0.509984, -0.688618, -0.021718, 0.0, 0.0, 0.0, 1.0],
