{
    "animation": [
        {
            "name": "Root",
            "time": [0.0, 0.0167, 0.0333, 0.05, 0.0667, 0.0833, 0.1, 0.1167, 0.1333, 0.15, 0.1667, 0.1833, 0.2, 0.2167, 0.2333, 0.25, 0.2667, 0.2833, 0.3, 0.3167, 0.3333, 0.35, 0.3667, 0.3833, 0.4, 0.4167, 0.4333, 0.45, 0.4667, 0.4833, 0.5, 0.5167, 0.5333, 0.55, 0.5667, 0.5833, 0.6, 0.6167, 0.6333, 0.65, 0.6667, 0.6833, 0.7, 0.7167, 0.7333, 0.75, 0.7667, 0.7833, 0.8, 0.8167, 0.8333, 0.85, 0.8667, 0.8833, 0.9, 0.9167, 0.9333, 0.95, 0.9667, 0.9833, 1.0, 1.0167, 1.0333, 1.05, 1.0667, 1.0833, 1.1, 1.1167, 1.1333, 1.15, 1.1667, 1.1833, 1.2, 1.2167, 1.2333, 1.25, 1.2667, 1.2833, 1.3, 1.3167, 1.3333],
            "transform": [
                [0.965926, 0.0, -0.258819, -5e-06, -0.258819, 0.0, -0.965926, 0.000946, 0.0, 1.0, 0.0, 0.763972, 0.0, 0.0, 0.0, 1.0],
                [0.968093, 0.0, -0.250591, -5e-06, -0.250591, 0.0, -0.968093, 0.000946, 0.0, 1.0, 0.0, 0.763972, 0.0, 0.0, 0.0, 1.0],
                [0.973767, 0.0, -0.227546, -5e-06, -0.227546, 0.0, -0.973767, 0.000946, 0.0, 1.0, 0.0, 0.763972, 0.0, 0.0, 0.0, 1.0],
                [0.981386, 0.0, -0.192047, -5e-06, -0.192047, 0.0, -0.981386, 0.000946, 0.0, 1.0, 0.0, 0.763972, 0.0, 0.0, 0.0, 1.0],
                [0.989212, 0.0, -0.146494, -5e-06, -0.146494, 0.0, -0.989212, 0.000946, 0.0, 1.0, 0.0, 0.763972, 0.0, 0.0, 0.0, 1.0],
                [0.995622, 0.0, -0.093475, -5e-06, -0.093475, 0.0, -0.995622, 0.000946, 0.0, 1.0, 0.0, 0.763972, 0.0, 0.0, 0.0, 1.0],
                [0.999358, 0.0, -0.035822, -5e-06, -0.035822, 0.0, -0.999358, 0.000946, 0.0, 1.0, 0.0, 0.763972, 0.0, 0.0, 0.0, 1.0],
                [0.999725, 0.0, 0.023432, -5e-06, 0.023432, 0.0, -0.999725, 0.000946, 0.0, 1.0, 0.0, 0.763972, 0.0, 0.0, 0.0, 1.0],
                [0.996701, 0.0, 0.081159, -5e-06, 0.081159, 0.0, -0.996701, 0.000946, 0.0, 1.0, 0.0, 0.763972, 0.0, 0.0, 0.0, 1.0],
                [0.990943, 0.0, 0.134281, -5e-06, 0.134281, 0.0, -0.990943, 0.000946, 0.0, 1.0, 0.0, 0.763972, 0.0, 0.0, 0.0, 1.0],
                [0.983589, 0.0, 0.180425, -5e-06, 0.180425, 0.0, -0.983589, 0.000946, 0.0, 1.0, 0.0, 0.769048, 0.0, 0.0, 0.0, 1.0],
                [0.975608, 0.0, 0.219521, -5e-06, 0.219521, 0.0, -0.975608, 0.000946, 0.0, 1.0, 0.0, 0.782828, 0.0, 0.0, 0.0, 1.0],
                [0.967701, 0.0, 0.2521, -5e-06, 0.2521, 0.0, -0.967701, 0.000946, 0.0, 1.0, 0.0, 0.803134, 0.0, 0.0, 0.0, 1.0],
                [0.960373, 0.0, 0.278717, -5e-06, 0.278717, 0.0, -0.960373, 0.000946, 0.0, 1.0, 0.0, 0.827792, 0.0, 0.0, 0.0, 1.0],
                [0.953965, 0.0, 0.299918, -5e-06, 0.299918, 0.0, -0.953965, 0.000946, 0.0, 1.0, 0.0, 0.854626, 0.0, 0.0, 0.0, 1.0],
                [0.948683, 0.0, 0.316228, -5e-06, 0.316228, 0.0, -0.948683, 0.000946, 0.0, 1.0, 0.0, 0.88146, 0.0, 0.0, 0.0, 1.0],
                [0.944628, 0.0, 0.328142, -5e-06, 0.328142, 0.0, -0.944628, 0.000946, 0.0, 1.0, 0.0, 0.906118, 0.0, 0.0, 0.0, 1.0],
                [0.941818, 0.0, 0.336125, -5e-06, 0.336125, 0.0, -0.941818, 0.000946, 0.0, 1.0, 0.0, 0.926424, 0.0, 0.0, 0.0, 1.0],
                [0.940204, 0.0, 0.340613, -5e-06, 0.340613, 0.0, -0.940204, 0.000946, 0.0, 1.0, 0.0, 0.940204, 0.0, 0.0, 0.0, 1.0],
                [0.939693, 0.0, 0.34202, -5e-06, 0.34202, 0.0, -0.939693, 0.000946, 0.0, 1.0, 0.0, 0.94528, 0.0, 0.0, 0.0, 1.0],
                [0.939693, 0.0, 0.34202, -5e-06, 0.34202, 0.0, -0.939693, 0.000946, 0.0, 1.0, 0.0, 0.942436, 0.0, 0.0, 0.0, 1.0],
                [0.939693, 0.0, 0.34202, -5e-06, 0.34202, 0.0, -0.939693, 0.000946, 0.0, 1.0, 0.0, 0.934814, 0.0, 0.0, 0.0, 1.0],
                [0.939693, 0.0, 0.34202, -5e-06, 0.34202, 0.0, -0.939693, 0.000946, 0.0, 1.0, 0.0, 0.923779, 0.0, 0.0, 0.0, 1.0],
                [0.939693, 0.0, 0.34202, -5e-06, 0.34202, 0.0, -0.939693, 0.000946, 0.0, 1.0, 0.0, 0.910697, 0.0, 0.0, 0.0, 1.0],
                [0.939693, 0.0, 0.34202, -5e-06, 0.34202, 0.0, -0.939693, 0.000946, 0.0, 1.0, 0.0, 0.896931, 0.0, 0.0, 0.0, 1.0],
                [0.939693, 0.0, 0.34202, -5e-06, 0.34202, 0.0, -0.939693, 0.000946, 0.0, 1.0, 0.0, 0.883849, 0.0, 0.0, 0.0, 1.0],
                [0.939693, 0.0, 0.34202, -5e-06, 0.34202, 0.0, -0.939693, 0.000946, 0.0, 1.0, 0.0, 0.872814, 0.0, 0.0, 0.0, 1.0],
                [0.939693, 0.0, 0.34202, -5e-06, 0.34202, 0.0, -0.939693, 0.000946, 0.0, 1.0, 0.0, 0.865192, 0.0, 0.0, 0.0, 1.0],
                [0.939693, 0.0, 0.34202, -5e-06, 0.34202, 0.0, -0.939693, 0.000946, 0.0, 1.0, 0.0, 0.862348, 0.0, 0.0, 0.0, 1.0],
                [0.939693, 0.0, 0.34202, -5e-06, 0.34202, 0.0, -0.939693, 0.000946, 0.0, 1.0, 0.0, 0.871414, 0.0, 0.0, 0.0, 1.0],
                [0.939693, 0.0, 0.34202, -5e-06, 0.34202, 0.0, -0.939693, 0.000946, 0.0, 1.0, 0.0, 0.896024, 0.0, 0.0, 0.0, 1.0],
                [0.939693, 0.0, 0.34202, -5e-06, 0.34202, 0.0, -0.939693, 0.000946, 0.0, 1.0, 0.0, 0.93229, 0.0, 0.0, 0.0, 1.0],
                [0.939693, 0.0, 0.34202, -5e-06, 0.34202, 0.0, -0.939693, 0.000946, 0.0, 1.0, 0.0, 0.976328, 0.0, 0.0, 0.0, 1.0],
                [0.939693, 0.0, 0.34202, -5e-06, 0.34202, 0.0, -0.939693, 0.000946, 0.0, 1.0, 0.0, 1.024251, 0.0, 0.0, 0.0, 1.0],
                [0.939693, 0.0, 0.34202, -5e-06, 0.34202, 0.0, -0.939693, 0.000946, 0.0, 1.0, 0.0, 1.072175, 0.0, 0.0, 0.0, 1.0],
                [0.939693, 0.0, 0.34202, -5e-06, 0.34202, 0.0, -0.939693, 0.000946, 0.0, 1.0, 0.0, 1.116213, 0.0, 0.0, 0.0, 1.0],
                [0.939693, 0.0, 0.34202, -5e-06, 0.34202, 0.0, -0.939693, 0.000946, 0.0, 1.0, 0.0, 1.152479, 0.0, 0.0, 0.0, 1.0],
                [0.939693, 0.0, 0.34202, -5e-06, 0.34202, 0.0, -0.939693, 0.000946, 0.0, 1.0, 0.0, 1.177089, 0.0, 0.0, 0.0, 1.0],
                [0.939693, 0.0, 0.34202, -5e-06, 0.34202, 0.0, -0.939693, 0.000946, 0.0, 1.0, 0.0, 1.186155, 0.0, 0.0, 0.0, 1.0],
                [0.939693, 0.0, 0.34202, -5e-06, 0.34202, 0.0, -0.939693, 0.000946, 0.0, 1.0, 0.0, 1.18491, 0.0, 0.0, 0.0, 1.0],
                [0.939693, 0.0, 0.34202, -5e-06, 0.34202, 0.0, -0.939693, 0.000946, 0.0, 1.0, 0.0, 1.181424, 0.0, 0.0, 0.0, 1.0],
                [0.939693, 0.0, 0.34202, -5e-06, 0.34202, 0.0, -0.939693, 0.000946, 0.0, 1.0, 0.0, 1.17607, 0.0, 0.0, 0.0, 1.0],
                [0.939693, 0.0, 0.34202, -5e-06, 0.34202, 0.0, -0.939693, 0.000946, 0.0, 1.0, 0.0, 1.169221, 0.0, 0.0, 0.0, 1.0],
                [0.939693, 0.0, 0.34202, -5e-06, 0.34202, 0.0, -0.939693, 0.000946, 0.0, 1.0, 0.0, 1.161252, 0.0, 0.0, 0.0, 1.0],
                [0.939693, 0.0, 0.34202, -5e-06, 0.34202, 0.0, -0.939693, 0.000946, 0.0, 1.0, 0.0, 1.152536, 0.0, 0.0, 0.0, 1.0],
                [0.939693, 0.0, 0.34202, -5e-06, 0.34202, 0.0, -0.939693, 0.000946, 0.0, 1.0, 0.0, 1.143447, 0.0, 0.0, 0.0, 1.0],
                [0.939693, 0.0, 0.34202, -5e-06, 0.34202, 0.0, -0.939693, 0.000946, 0.0, 1.0, 0.0, 1.134357, 0.0, 0.0, 0.0, 1.0],
                [0.939693, 0.0, 0.34202, -5e-06, 0.34202, 0.0, -0.939693, 0.000946, 0.0, 1.0, 0.0, 1.125641, 0.0, 0.0, 0.0, 1.0],
                [0.939693, 0.0, 0.34202, -5e-06, 0.34202, 0.0, -0.939693, 0.000946, 0.0, 1.0, 0.0, 1.117672, 0.0, 0.0, 0.0, 1.0],
                [0.939693, 0.0, 0.34202, -5e-06, 0.34202, 0.0, -0.939693, 0.000946, 0.0, 1.0, 0.0, 1.110824, 0.0, 0.0, 0.0, 1.0],
                [0.939693, 0.0, 0.34202, -5e-06, 0.34202, 0.0, -0.939693, 0.000946, 0.0, 1.0, 0.0, 1.10547, 0.0, 0.0, 0.0, 1.0],
                [0.939693, 0.0, 0.34202, -5e-06, 0.34202, 0.0, -0.939693, 0.000946, 0.0, 1.0, 0.0, 1.101983, 0.0, 0.0, 0.0, 1.0],
                [0.939693, 0.0, 0.34202, -5e-06, 0.34202, 0.0, -0.939693, 0.000946, 0.0, 1.0, 0.0, 1.100738, 0.0, 0.0, 0.0, 1.0],
                [0.939693, 0.0, 0.34202, -5e-06, 0.34202, 0.0, -0.939693, 0.000946, 0.0, 1.0, 0.0, 1.112334, 0.0, 0.0, 0.0, 1.0],
                [0.939693, 0.0, 0.34202, -5e-06, 0.34202, 0.0, -0.939693, 0.000946, 0.0, 1.0, 0.0, 1.143731, 0.0, 0.0, 0.0, 1.0],
                [0.939693, 0.0, 0.34202, -5e-06, 0.34202, 0.0, -0.939693, 0.000946, 0.0, 1.0, 0.0, 1.189846, 0.0, 0.0, 0.0, 1.0],
                [0.939693, 0.0, 0.34202, -5e-06, 0.34202, 0.0, -0.939693, 0.000946, 0.0, 1.0, 0.0, 1.245592, 0.0, 0.0, 0.0, 1.0],
                [0.939693, 0.0, 0.34202, -5e-06, 0.34202, 0.0, -0.939693, 0.000946, 0.0, 1.0, 0.0, 1.305887, 0.0, 0.0, 0.0, 1.0],
                [0.939693, 0.0, 0.34202, -5e-06, 0.34202, 0.0, -0.939693, 0.000946, 0.0, 1.0, 0.0, 1.365644, 0.0, 0.0, 0.0, 1.0],
                [0.939693, 0.0, 0.34202, -5e-06, 0.34202, 0.0, -0.939693, 0.000946, 0.0, 1.0, 0.0, 1.419779, 0.0, 0.0, 0.0, 1.0],
                [0.939693, 0.0, 0.34202, -5e-06, 0.34202, 0.0, -0.939693, 0.000946, 0.0, 1.0, 0.0, 1.463209, 0.0, 0.0, 0.0, 1.0],
                [0.939693, 0.0, 0.34202, -5e-06, 0.34202, 0.0, -0.939693, 0.000946, 0.0, 1.0, 0.0, 1.490847, 0.0, 0.0, 0.0, 1.0],
                [0.939693, 0.0, 0.34202, -5e-06, 0.34202, 0.0, -0.939693, 0.000946, 0.0, 1.0, 0.0, 1.507961, 0.0, 0.0, 0.0, 1.0],
                [0.939693, 0.0, 0.34202, -5e-06, 0.34202, 0.0, -0.939693, 0.000946, 0.0, 1.0, 0.0, 1.523275, 0.0, 0.0, 0.0, 1.0],
                [0.939693, 0.0, 0.34202, -5e-06, 0.34202, 0.0, -0.939693, 0.000946, 0.0, 1.0, 0.0, 1.53689, 0.0, 0.0, 0.0, 1.0],
                [0.939693, 0.0, 0.34202, -5e-06, 0.34202, 0.0, -0.939693, 0.000946, 0.0, 1.0, 0.0, 1.548905, 0.0, 0.0, 0.0, 1.0],
                [0.939693, 0.0, 0.34202, -5e-06, 0.34202, 0.0, -0.939693, 0.000946, 0.0, 1.0, 0.0, 1.559421, 0.0, 0.0, 0.0, 1.0],
                [0.939693, 0.0, 0.34202, -5e-06, 0.34202, 0.0, -0.939693, 0.000946, 0.0, 1.0, 0.0, 1.568536, 0.0, 0.0, 0.0, 1.0],
                [0.939693, 0.0, 0.34202, -5e-06, 0.34202, 0.0, -0.939693, 0.000946, 0.0, 1.0, 0.0, 1.576352, 0.0, 0.0, 0.0, 1.0],
                [0.939693, 0.0, 0.34202, -5e-06, 0.34202, 0.0, -0.939693, 0.000946, 0.0, 1.0, 0.0, 1.582967, 0.0, 0.0, 0.0, 1.0],
                [0.939693, 0.0, 0.34202, -5e-06, 0.34202, 0.0, -0.939693, 0.000946, 0.0, 1.0, 0.0, 1.588483, 0.0, 0.0, 0.0, 1.0],
                [0.939693, 0.0, 0.34202, -5e-06, 0.34202, 0.0, -0.939693, 0.000946, 0.0, 1.0, 0.0, 1.592999, 0.0, 0.0, 0.0, 1.0],
                [0.939693, 0.0, 0.34202, -5e-06, 0.34202, 0.0, -0.939693, 0.000946, 0.0, 1.0, 0.0, 1.596616, 0.0, 0.0, 0.0, 1.0],
                [0.939693, 0.0, 0.34202, -5e-06, 0.34202, 0.0, -0.939693, 0.000946, 0.0, 1.0, 0.0, 1.599432, 0.0, 0.0, 0.0, 1.0],
                [0.939693, 0.0, 0.34202, -5e-06, 0.34202, 0.0, -0.939693, 0.000946, 0.0, 1.0, 0.0, 1.601548, 0.0, 0.0, 0.0, 1.0],
                [0.939693, 0.0, 0.34202, -5e-06, 0.34202, 0.0, -0.939693, 0.000946, 0.0, 1.0, 0.0, 1.603065, 0.0, 0.0, 0.0, 1.0],
                [0.939693, 0.0, 0.34202, -5e-06, 0.34202, 0.0, -0.939693, 0.000946, 0.0, 1.0, 0.0, 1.604081, 0.0, 0.0, 0.0, 1.0],
                [0.939693, 0.0, 0.34202, -5e-06, 0.34202, 0.0, -0.939693, 0.000946, 0.0, 1.0, 0.0, 1.604698, 0.0, 0.0, 0.0, 1.0],
                [0.939693, 0.0, 0.34202, -5e-06, 0.34202, 0.0, -0.939693, 0.000946, 0.0, 1.0, 0.0, 1.605014, 0.0, 0.0, 0.0, 1.0],
                [0.939693, 0.0, 0.34202, -5e-06, 0.34202, 0.0, -0.939693, 0.000946, 0.0, 1.0, 0.0, 1.605131, 0.0, 0.0, 0.0, 1.0],
                [0.939693, 0.0, 0.34202, -5e-06, 0.34202, 0.0, -0.939693, 0.000946, 0.0, 1.0, 0.0, 1.605148, 0.0, 0.0, 0.0, 1.0]
            ]
        },
        {
            "name": "Thigh_R",
            "time": [0.0, 0.0167, 0.0333, 0.05, 0.0667, 0.0833, 0.1, 0.1167, 0.1333, 0.15, 0.1667, 0.1833, 0.2, 0.2167, 0.2333, 0.25, 0.2667, 0.2833, 0.3, 0.3167, 0.3333, 0.35, 0.3667, 0.3833, 0.4, 0.4167, 0.4333, 0.45, 0.4667, 0.4833, 0.5, 0.5167, 0.5333, 0.55, 0.5667, 0.5833, 0.6, 0.6167, 0.6333, 0.65, 0.6667, 0.6833, 0.7, 0.7167, 0.7333, 0.75, 0.7667, 0.7833, 0.8, 0.8167, 0.8333, 0.85, 0.8667, 0.8833, 0.9, 0.9167, 0.9333, 0.95, 0.9667, 0.9833, 1.0, 1.0167, 1.0333, 1.05, 1.0667, 1.0833, 1.1, 1.3333],
            "transform": [
                [0.989362, 0.054101, -0.135042, 0.123095, 0.017826, -0.966366, -0.256551, -0.002831, -0.14438, 0.251415, -0.95705, -0.021718, 0.0, 0.0, 0.0, 1.0],
                [0.992034, 0.051972, -0.114746, 0.121982, 0.020953, -0.96631, -0.256526, -0.002222, -0.124212, 0.252079, -0.959702, -0.019138, 0.0, 0.0, 0.0, 1.0],
                [0.997113, 0.046577, -0.059973, 0.118999, 0.029732, -0.966203, -0.25606, -0.00059, -0.069873, 0.253538, -0.964799, -0.012225, 0.0, 0.0, 0.0, 1.0],
                [0.999024, 0.039421, 0.019922, 0.11468, 0.043195, -0.966154, -0.254324, 0.001772, 0.009222, 0.254937, -0.966914, -0.002216, 0.0, 0.0, 0.0, 1.0],
                [0.992878, 0.032135, 0.11472, 0.10956, 0.060215, -0.966246, -0.250483, 0.004573, 0.102799, 0.255607, -0.9613, 0.009651, 0.0, 0.0, 0.0, 1.0],
                [0.976593, 0.026472, 0.213461, 0.104173, 0.079538, -0.966501, -0.244027, 0.007519, 0.19985, 0.255293, -0.945984, 0.022136, 0.0, 0.0, 0.0, 1.0],
                [0.951895, 0.024195, 0.305467, 0.099053, 0.099978, -0.966847, -0.23497, 0.01032, 0.289655, 0.254207, -0.922756, 0.034002, 0.0, 0.0, 0.0, 1.0],
                [0.923974, 0.026965, 0.381505, 0.094735, 0.120661, -0.967119, -0.223876, 0.012682, 0.362924, 0.252888, -0.896847, 0.044011, 0.0, 0.0, 0.0, 1.0],
                [0.900109, 0.03637, 0.434144, 0.091752, 0.141207, -0.967069, -0.211749, 0.014314, 0.412146, 0.251901, -0.875604, 0.050925, 0.0, 0.0, 0.0, 1.0],
                [0.887895, 0.054101, 0.456855, 0.090639, 0.161754, -0.966366, -0.19993, 0.014922, 0.430672, 0.251415, -0.866783, 0.053504, 0.0, 0.0, 0.0, 1.0],
                [0.884095, 0.084951, 0.459521, 0.090639, 0.179275, -0.969754, -0.16564, 0.014922, 0.431551, 0.228822, -0.872585, 0.053504, 0.0, 0.0, 0.0, 1.0],
                [0.88087, 0.130859, 0.454912, 0.090639, 0.190963, -0.977594, -0.088559, 0.014922, 0.43313, 0.16488, -0.886122, 0.053504, 0.0, 0.0, 0.0, 1.0],
                [0.878233, 0.188512, 0.439512, 0.090639, 0.197407, -0.97998, 0.025867, 0.014922, 0.435589, 0.064046, -0.897864, 0.053504, 0.0, 0.0, 0.0, 1.0],
                [0.876398, 0.252757, 0.409928, 0.090639, 0.19911, -0.965215, 0.169458, 0.014922, 0.4385, -0.066892, -0.896239, 0.053504, 0.0, 0.0, 0.0, 1.0],
                [0.875641, 0.31662, 0.364698, 0.090639, 0.196761, -0.923489, 0.329322, 0.014922, 0.441064, -0.216609, -0.870944, 0.053504, 0.0, 0.0, 0.0, 1.0],
                [0.876126, 0.372636, 0.305851, 0.090639, 0.19142, -0.851184, 0.488716, 0.014922, 0.442449, -0.369631, -0.817075, 0.053504, 0.0, 0.0, 0.0, 1.0],
                [0.877768, 0.415156, 0.239101, 0.090639, 0.184454, -0.753458, 0.631092, 0.014922, 0.442154, -0.50985, -0.737938, 0.053504, 0.0, 0.0, 0.0, 1.0],
                [0.880213, 0.442217, 0.172247, 0.090639, 0.177245, -0.643008, 0.745067, 0.014922, 0.440237, -0.625288, -0.644365, 0.053504, 0.0, 0.0, 0.0, 1.0],
                [0.882948, 0.45572, 0.112794, 0.090639, 0.170871, -0.535729, 0.826921, 0.014922, 0.437272, -0.710854, -0.55089, 0.053504, 0.0, 0.0, 0.0, 1.0],
                [0.885439, 0.459994, 0.066362, 0.090639, 0.165973, -0.446341, 0.879336, 0.014922, 0.434109, -0.767584, -0.471555, 0.053504, 0.0, 0.0, 0.0, 1.0],
                [0.88722, 0.459895, 0.036576, 0.090639, 0.162862, -0.386392, 0.907842, 0.014922, 0.431645, -0.799498, -0.417714, 0.053504, 0.0, 0.0, 0.0, 1.0],
                [0.887895, 0.459308, 0.026053, 0.090639, 0.161754, -0.3647, 0.916967, 0.014922, 0.430672, -0.809956, -0.39811, 0.053504, 0.0, 0.0, 0.0, 1.0],
                [0.887877, 0.458229, 0.041245, 0.090639, 0.161743, -0.394804, 0.904416, 0.014922, 0.430714, -0.796339, -0.424653, 0.053504, 0.0, 0.0, 0.0, 1.0],
                [0.887827, 0.452511, 0.083649, 0.090639, 0.161722, -0.476994, 0.863899, 0.014922, 0.430825, -0.753465, -0.496669, 0.053504, 0.0, 0.0, 0.0, 1.0],
                [0.88775, 0.435867, 0.148052, 0.090639, 0.161713, -0.596421, 0.786213, 0.014922, 0.430985, -0.674019, -0.599959, 0.053504, 0.0, 0.0, 0.0, 1.0],
                [0.887656, 0.400977, 0.226459, 0.090639, 0.161739, -0.731893, 0.661946, 0.014922, 0.431169, -0.550954, -0.714523, 0.053504, 0.0, 0.0, 0.0, 1.0],
                [0.88756, 0.343561, 0.306924, 0.090639, 0.161813, -0.856261, 0.490543, 0.014922, 0.431338, -0.385723, -0.815577, 0.053504, 0.0, 0.0, 0.0, 1.0],
                [0.887485, 0.266429, 0.376013, 0.090639, 0.161924, -0.944194, 0.286841, 0.014922, 0.431452, -0.193681, -0.881099, 0.053504, 0.0, 0.0, 0.0, 1.0],
                [0.88745, 0.180011, 0.424297, 0.090639, 0.162036, -0.983664, 0.078416, 0.014922, 0.431482, -0.000839, -0.902121, 0.053504, 0.0, 0.0, 0.0, 1.0],
                [0.887469, 0.098009, 0.450326, 0.090639, 0.162105, -0.981069, -0.105945, 0.014922, 0.431417, 0.167023, -0.886557, 0.053504, 0.0, 0.0, 0.0, 1.0],
                [0.887546, 0.031953, 0.459609, 0.090639, 0.162094, -0.955468, -0.24659, 0.014922, 0.431263, 0.29336, -0.853201, 0.053504, 0.0, 0.0, 0.0, 1.0],
                [0.887685, -0.010908, 0.460322, 0.090639, 0.161979, -0.928421, -0.33436, 0.014922, 0.43102, 0.371368, -0.822379, 0.053504, 0.0, 0.0, 0.0, 1.0],
                [0.887895, -0.026053, 0.459308, 0.090639, 0.161754, -0.916967, -0.3647, 0.014922, 0.430672, 0.39811, -0.809957, 0.053504, 0.0, 0.0, 0.0, 1.0],
                [0.888133, -0.025913, 0.458856, 0.090639, 0.16149, -0.917147, -0.364364, 0.014922, 0.430281, 0.397704, -0.810364, 0.053504, 0.0, 0.0, 0.0, 1.0],
                [0.888345, -0.025758, 0.458454, 0.090639, 0.161255, -0.917332, -0.364002, 0.014922, 0.429931, 0.397287, -0.810754, 0.053504, 0.0, 0.0, 0.0, 1.0],
                [0.888532, -0.025557, 0.458103, 0.090639, 0.161048, -0.917546, -0.363556, 0.014922, 0.429622, 0.396807, -0.811153, 0.053504, 0.0, 0.0, 0.0, 1.0],
                [0.888693, -0.025282, 0.457805, 0.090639, 0.160869, -0.917811, -0.362964, 0.014922, 0.429355, 0.396211, -0.811586, 0.053504, 0.0, 0.0, 0.0, 1.0],
                [0.88883, -0.024901, 0.45756, 0.090639, 0.160718, -0.918152, -0.362168, 0.014922, 0.429128, 0.395445, -0.812079, 0.053504, 0.0, 0.0, 0.0, 1.0],
                [0.888941, -0.024386, 0.457371, 0.090639, 0.160596, -0.918591, -0.361108, 0.014922, 0.428943, 0.394456, -0.812658, 0.053504, 0.0, 0.0, 0.0, 1.0],
                [0.889028, -0.023706, 0.457238, 0.090639, 0.160501, -0.919151, -0.359723, 0.014922, 0.428799, 0.393191, -0.813346, 0.053504, 0.0, 0.0, 0.0, 1.0],
                [0.88909, -0.022831, 0.457162, 0.090639, 0.160435, -0.919853, -0.357953, 0.014922, 0.428695, 0.391597, -0.81417, 0.053504, 0.0, 0.0, 0.0, 1.0],
                [0.889128, -0.021732, 0.457143, 0.090639, 0.160397, -0.920719, -0.355736, 0.014923, 0.428632, 0.389619, -0.815151, 0.053504, 0.0, 0.0, 0.0, 1.0],
                [0.88914, -0.020378, 0.457181, 0.090639, 0.160387, -0.921769, -0.353012, 0.014922, 0.428609, 0.387203, -0.816314, 0.053504, 0.0, 0.0, 0.0, 1.0],
                [0.889128, -0.018739, 0.457274, 0.090639, 0.160404, -0.923021, -0.349717, 0.014922, 0.428627, 0.384292, -0.817679, 0.053504, 0.0, 0.0, 0.0, 1.0],
                [0.889092, -0.016783, 0.457421, 0.090639, 0.16045, -0.924493, -0.345787, 0.014922, 0.428686, 0.38083, -0.819266, 0.053504, 0.0, 0.0, 0.0, 1.0],
                [0.889031, -0.01448, 0.457619, 0.090639, 0.160523, -0.926198, -0.341159, 0.014922, 0.428785, 0.376759, -0.821094, 0.053504, 0.0, 0.0, 0.0, 1.0],
                [0.888944, -0.011797, 0.457863, 0.090639, 0.160623, -0.92815, -0.335765, 0.014922, 0.428927, 0.372019, -0.823179, 0.053504, 0.0, 0.0, 0.0, 1.0],
                [0.888833, -0.008703, 0.458148, 0.090639, 0.16075, -0.930357, -0.329537, 0.014922, 0.42911, 0.366551, -0.825534, 0.053504, 0.0, 0.0, 0.0, 1.0],
                [0.888697, -0.005166, 0.458466, 0.090639, 0.160902, -0.932826, -0.322406, 0.014922, 0.429335, 0.36029, -0.828169, 0.053504, 0.0, 0.0, 0.0, 1.0],
                [0.888535, -0.001153, 0.458807, 0.090639, 0.16108, -0.935557, -0.314301, 0.014922, 0.429603, 0.353172, -0.83109, 0.053504, 0.0, 0.0, 0.0, 1.0],
                [0.888348, 0.00337, 0.459159, 0.090639, 0.161282, -0.938548, -0.305148, 0.014922, 0.429914, 0.345132, -0.834301, 0.053504, 0.0, 0.0, 0.0, 1.0],
                [0.888134, 0.008436, 0.459506, 0.090639, 0.161507, -0.941789, -0.294871, 0.014922, 0.430271, 0.336099, -0.837798, 0.053504, 0.0, 0.0, 0.0, 1.0],
                [0.887895, 0.014078, 0.459831, 0.090639, 0.161754, -0.945264, -0.283394, 0.014922, 0.430672, 0.326003, -0.841572, 0.053504, 0.0, 0.0, 0.0, 1.0],
                [0.887675, 0.02741, 0.459653, 0.090639, 0.16197, -0.953021, -0.255963, 0.014922, 0.431043, 0.301662, -0.850413, 0.053504, 0.0, 0.0, 0.0, 1.0],
                [0.887516, 0.05424, 0.457573, 0.090639, 0.162104, -0.966319, -0.199872, 0.014922, 0.431321, 0.251565, -0.866416, 0.053504, 0.0, 0.0, 0.0, 1.0],
                [0.88741, 0.092555, 0.451594, 0.090639, 0.16216, -0.9797, -0.117863, 0.014922, 0.431518, 0.177823, -0.884404, 0.053504, 0.0, 0.0, 0.0, 1.0],
                [0.887353, 0.139865, 0.439366, 0.090639, 0.162149, -0.986675, -0.013388, 0.014922, 0.431639, 0.083123, -0.898208, 0.053504, 0.0, 0.0, 0.0, 1.0],
                [0.887341, 0.192898, 0.418827, 0.090639, 0.162088, -0.980812, 0.108325, 0.014922, 0.431687, -0.028234, -0.901582, 0.053504, 0.0, 0.0, 0.0, 1.0],
                [0.887369, 0.24764, 0.38891, 0.090639, 0.161999, -0.957194, 0.239867, 0.014922, 0.431663, -0.149848, -0.889501, 0.053504, 0.0, 0.0, 0.0, 1.0],
                [0.887429, 0.299804, 0.350125, 0.090639, 0.161903, -0.913919, 0.372209, 0.014922, 0.431576, -0.273623, -0.859577, 0.053504, 0.0, 0.0, 0.0, 1.0],
                [0.88751, 0.345635, 0.304732, 0.090639, 0.161819, -0.852994, 0.4962, 0.014923, 0.431439, -0.391071, -0.812972, 0.053504, 0.0, 0.0, 0.0, 1.0],
                [0.887602, 0.382674, 0.256365, 0.090639, 0.161761, -0.780097, 0.604385, 0.014922, 0.431272, -0.494984, -0.754318, 0.053504, 0.0, 0.0, 0.0, 1.0],
                [0.887693, 0.410133, 0.209265, 0.090639, 0.161732, -0.703277, 0.692274, 0.014922, 0.431096, -0.580682, -0.690626, 0.053504, 0.0, 0.0, 0.0, 1.0],
                [0.887774, 0.428718, 0.167505, 0.090639, 0.161726, -0.631259, 0.758522, 0.014922, 0.430932, -0.646307, -0.62975, 0.053504, 0.0, 0.0, 0.0, 1.0],
                [0.887838, 0.440055, 0.134519, 0.090639, 0.161735, -0.572107, 0.804074, 0.014922, 0.430797, -0.692131, -0.579111, 0.053504, 0.0, 0.0, 0.0, 1.0],
                [0.88788, 0.445969, 0.113055, 0.090639, 0.161748, -0.532624, 0.830752, 0.014922, 0.430706, -0.719322, -0.54504, 0.053504, 0.0, 0.0, 0.0, 1.0],
                [0.887895, 0.447807, 0.105415, 0.090639, 0.161754, -0.518389, 0.839707, 0.014922, 0.430672, -0.72852, -0.53271, 0.053504, 0.0, 0.0, 0.0, 1.0],
                [0.887895, 0.447807, 0.105415, 0.090639, 0.161754, -0.518389, 0.839707, 0.014922, 0.430672, -0.72852, -0.53271, 0.053504, 0.0, 0.0, 0.0, 1.0]
            ]
        },
        {
            "name": "Leg_R",
            "time": [0.0, 0.0167, 0.0333, 0.05, 0.0667, 0.0833, 0.1, 0.1167, 0.1333, 0.15, 0.1667, 0.1833, 0.2, 0.2167, 0.2333, 0.25, 0.2667, 0.2833, 0.3, 0.3167, 0.3333, 0.35, 0.3667, 0.3833, 0.4, 0.4167, 0.4333, 0.45, 0.4667, 0.4833, 0.5, 0.5167, 0.5333, 0.55, 0.5667, 0.5833, 0.6, 0.6167, 0.6333, 0.65, 0.6667, 0.6833, 0.7, 0.7167, 0.7333, 0.75, 0.7667, 0.7833, 0.8, 0.8167, 0.8333, 0.85, 0.8667, 0.8833, 0.9, 0.9167, 0.9333, 0.95, 0.9667, 0.9833, 1.0, 1.0167, 1.0333, 1.05, 1.0667, 1.0833, 1.1, 1.3333],
            "transform": [
                [0.999789, 0.004904, 0.019968, 0.0, -0.020165, 0.423667, 0.905594, 0.37472, -0.004019, -0.905805, 0.423676, 0.0, 0.0, 0.0, 0.0, 1.0],
                [0.999789, 0.004972, 0.019951, 0.0, -0.020165, 0.426753, 0.904143, 0.37472, -0.004019, -0.904355, 0.426763, 0.0, 0.0, 0.0, 0.0, 1.0],
                [0.999789, 0.005167, 0.019902, 0.0, -0.020165, 0.435586, 0.899921, 0.37472, -0.004019, -0.900132, 0.435598, 0.0, 0.0, 0.0, 0.0, 1.0],
                [0.999789, 0.005475, 0.019819, 0.0, -0.020165, 0.449503, 0.893051, 0.37472, -0.004019, -0.893262, 0.449519, 0.0, 0.0, 0.0, 0.0, 1.0],
                [0.999789, 0.005882, 0.019702, -0.0, -0.020165, 0.467813, 0.883598, 0.37472, -0.004019, -0.883808, 0.467832, -0.0, 0.0, 0.0, 0.0, 1.0],
                [0.999789, 0.006374, 0.019549, 0.0, -0.020165, 0.489799, 0.871602, 0.37472, -0.004019, -0.871812, 0.489824, -0.0, 0.0, 0.0, 0.0, 1.0],
                [0.999789, 0.006935, 0.019357, -0.0, -0.020165, 0.514729, 0.857116, 0.37472, -0.004019, -0.857325, 0.51476, -0.0, 0.0, 0.0, 0.0, 1.0],
                [0.999789, 0.00755, 0.019125, 0.0, -0.020165, 0.541858, 0.840228, 0.37472, -0.004019, -0.840436, 0.541896, 0.0, 0.0, 0.0, 0.0, 1.0],
                [0.999789, 0.008204, 0.018854, 0.0, -0.020165, 0.570446, 0.821088, 0.37472, -0.004019, -0.821294, 0.57049, 0.0, 0.0, 0.0, 0.0, 1.0],
                [0.999789, 0.00888, 0.018545, -0.0, -0.020165, 0.599766, 0.799922, 0.37472, -0.004019, -0.800126, 0.599818, 0.0, 0.0, 0.0, 0.0, 1.0],
                [0.999789, 0.009564, 0.018202, 0.0, -0.020165, 0.629125, 0.777043, 0.37472, -0.004019, -0.777245, 0.629185, 0.0, 0.0, 0.0, 0.0, 1.0],
                [0.999789, 0.010242, 0.017829, 0.0, -0.020165, 0.657879, 0.752853, 0.37472, -0.004019, -0.753054, 0.657947, 0.0, 0.0, 0.0, 0.0, 1.0],
                [0.999788, 0.010898, 0.017436, 0.0, -0.020165, 0.685447, 0.727843, 0.37472, -0.004019, -0.728041, 0.685522, 0.0, 0.0, 0.0, 0.0, 1.0],
                [0.999789, 0.011522, 0.01703, -0.0, -0.020165, 0.71132, 0.702579, 0.37472, -0.004019, -0.702774, 0.711402, 0.0, 0.0, 0.0, 0.0, 1.0],
                [0.999789, 0.012101, 0.016624, 0.0, -0.020165, 0.735071, 0.67769, 0.37472, -0.004019, -0.677882, 0.73516, 0.0, 0.0, 0.0, 0.0, 1.0],
                [0.999789, 0.012626, 0.016229, 0.0, -0.020165, 0.756353, 0.653852, 0.37472, -0.004019, -0.654041, 0.756448, 0.0, 0.0, 0.0, 0.0, 1.0],
                [0.999789, 0.013088, 0.015858, 0.0, -0.020165, 0.774893, 0.631771, 0.37472, -0.004019, -0.631957, 0.774993, -0.0, 0.0, 0.0, 0.0, 1.0],
                [0.999789, 0.013482, 0.015525, 0.0, -0.020165, 0.790475, 0.612162, 0.37472, -0.004019, -0.612346, 0.79058, 0.0, 0.0, 0.0, 0.0, 1.0],
                [0.999789, 0.013799, 0.015244, -0.0, -0.020165, 0.802924, 0.595741, 0.37472, -0.004019, -0.595922, 0.803032, 0.0, 0.0, 0.0, 0.0, 1.0],
                [0.999789, 0.014034, 0.015028, -0.0, -0.020165, 0.812075, 0.583205, 0.37472, -0.004019, -0.583385, 0.812186, 0.0, 0.0, 0.0, 0.0, 1.0],
                [0.999789, 0.01418, 0.01489, -0.0, -0.020165, 0.817747, 0.575225, 0.37472, -0.004019, -0.575404, 0.817859, 0.0, 0.0, 0.0, 0.0, 1.0],
                [0.999789, 0.014231, 0.014841, 0.0, -0.020165, 0.819703, 0.572433, 0.37472, -0.004019, -0.572612, 0.819817, 0.0, 0.0, 0.0, 0.0, 1.0],
                [0.999789, 0.013958, 0.015098, -0.0, -0.020165, 0.809144, 0.587265, 0.37472, -0.004019, -0.587445, 0.809254, 0.0, 0.0, 0.0, 0.0, 1.0],
                [0.999789, 0.013174, 0.015786, -0.0, -0.020165, 0.778313, 0.627553, 0.37472, -0.004019, -0.627738, 0.778414, -0.0, 0.0, 0.0, 0.0, 1.0],
                [0.999789, 0.01191, 0.016761, -0.0, -0.020165, 0.727274, 0.686051, 0.37472, -0.004019, -0.686244, 0.72736, -0.0, 0.0, 0.0, 0.0, 1.0],
                [0.999789, 0.010199, 0.017854, -0.0, -0.020165, 0.656067, 0.754433, 0.37472, -0.004019, -0.754633, 0.656134, -0.0, 0.0, 0.0, 0.0, 1.0],
                [0.999788, 0.008111, 0.018894, 0.0, -0.020165, 0.566413, 0.823875, 0.37472, -0.004019, -0.824082, 0.566457, 0.0, 0.0, 0.0, 0.0, 1.0],
                [0.999789, 0.00577, 0.019735, -0.0, -0.020165, 0.462765, 0.886251, 0.37472, -0.004019, -0.886462, 0.462784, -0.0, 0.0, 0.0, 0.0, 1.0],
                [0.999789, 0.003344, 0.020288, -0.0, -0.020165, 0.352343, 0.935654, 0.37472, -0.004019, -0.935865, 0.352336, -0.0, 0.0, 0.0, 0.0, 1.0],
                [0.999789, 0.001025, 0.020536, -0.0, -0.020165, 0.244121, 0.969535, 0.37472, -0.004019, -0.969744, 0.24409, -0.0, 0.0, 0.0, 0.0, 1.0],
                [0.999789, -0.001005, 0.020537, -0.0, -0.020165, 0.147311, 0.988885, 0.37472, -0.004019, -0.98909, 0.147259, -0.0, 0.0, 0.0, 0.0, 1.0],
                [0.999789, -0.002596, 0.020397, 0.0, -0.020165, 0.070138, 0.997333, 0.37472, -0.004019, -0.997534, 0.070071, -0.0, 0.0, 0.0, 0.0, 1.0],
                [0.999789, -0.003627, 0.020239, -0.0, -0.020165, 0.019458, 0.999607, 0.37472, -0.004019, -0.999804, 0.019381, 0.0, 0.0, 0.0, 0.0, 1.0],
                [0.999789, -0.003995, 0.02017, 0.0, -0.020165, 0.001252, 0.999796, 0.37472, -0.004019, -0.999991, 0.001172, -0.0, 0.0, 0.0, 0.0, 1.0],
                [0.999789, -0.003995, 0.02017, 0.0, -0.020165, 0.001252, 0.999796, 0.37472, -0.004019, -0.999991, 0.001171, -0.0, 0.0, 0.0, 0.0, 1.0],
                [0.999788, -0.003995, 0.02017, -0.0, -0.020165, 0.001252, 0.999796, 0.37472, -0.004019, -0.999991, 0.001172, -0.0, 0.0, 0.0, 0.0, 1.0],
                [0.999789, -0.003995, 0.02017, -0.0, -0.020165, 0.001252, 0.999796, 0.37472, -0.004019, -0.999991, 0.001171, -0.0, 0.0, 0.0, 0.0, 1.0],
                [0.999789, -0.003995, 0.02017, -0.0, -0.020165, 0.001252, 0.999796, 0.37472, -0.004019, -0.999991, 0.001171, 0.0, 0.0, 0.0, 0.0, 1.0],
                [0.999789, -0.003995, 0.02017, -0.0, -0.020165, 0.001252, 0.999796, 0.37472, -0.004019, -0.999992, 0.001171, -0.0, 0.0, 0.0, 0.0, 1.0],
                [0.999789, -0.003995, 0.02017, 0.0, -0.020165, 0.001252, 0.999796, 0.37472, -0.004019, -0.999991, 0.001172, -0.0, 0.0, 0.0, 0.0, 1.0],
                [0.999789, -0.003995, 0.02017, -0.0, -0.020165, 0.001252, 0.999796, 0.37472, -0.004019, -0.999991, 0.001171, -0.0, 0.0, 0.0, 0.0, 1.0],
                [0.999789, -0.003995, 0.02017, 0.0, -0.020165, 0.001252, 0.999796, 0.37472, -0.004019, -0.999991, 0.001171, -0.0, 0.0, 0.0, 0.0, 1.0],
                [0.999788, -0.003995, 0.02017, -0.0, -0.020165, 0.001252, 0.999796, 0.37472, -0.004019, -0.999991, 0.001171, 0.0, 0.0, 0.0, 0.0, 1.0],
                [0.999789, -0.003995, 0.02017, -0.0, -0.020165, 0.001252, 0.999796, 0.37472, -0.004019, -0.999991, 0.001171, -0.0, 0.0, 0.0, 0.0, 1.0],
                [0.999789, -0.003995, 0.02017, -0.0, -0.020165, 0.001252, 0.999796, 0.37472, -0.004019, -0.999992, 0.001171, -0.0, 0.0, 0.0, 0.0, 1.0],
                [0.999789, -0.003995, 0.02017, 0.0, -0.020165, 0.001252, 0.999796, 0.37472, -0.004019, -0.999991, 0.001171, 0.0, 0.0, 0.0, 0.0, 1.0],
                [0.999789, -0.003995, 0.02017, -0.0, -0.020165, 0.001252, 0.999796, 0.37472, -0.004019, -0.999992, 0.001171, 0.0, 0.0, 0.0, 0.0, 1.0],
                [0.999789, -0.003995, 0.02017, -0.0, -0.020165, 0.001252, 0.999796, 0.37472, -0.004019, -0.999991, 0.001171, 0.0, 0.0, 0.0, 0.0, 1.0],
                [0.999789, -0.003995, 0.02017, -0.0, -0.020165, 0.001252, 0.999796, 0.37472, -0.004019, -0.999991, 0.001171, -0.0, 0.0, 0.0, 0.0, 1.0],
                [0.999789, -0.003995, 0.02017, 0.0, -0.020165, 0.001252, 0.999796, 0.37472, -0.004019, -0.999992, 0.001171, -0.0, 0.0, 0.0, 0.0, 1.0],
                [0.999789, -0.003995, 0.02017, -0.0, -0.020165, 0.001252, 0.999796, 0.37472, -0.004019, -0.999991, 0.001171, -0.0, 0.0, 0.0, 0.0, 1.0],
                [0.999789, -0.003995, 0.02017, -0.0, -0.020165, 0.001252, 0.999796, 0.37472, -0.004019, -0.999991, 0.001171, -0.0, 0.0, 0.0, 0.0, 1.0],
                [0.999789, -0.003995, 0.02017, 0.0, -0.020165, 0.001252, 0.999796, 0.37472, -0.004019, -0.999991, 0.001171, 0.0, 0.0, 0.0, 0.0, 1.0],
                [0.999789, -0.0037, 0.020226, 0.0, -0.020165, 0.015855, 0.999671, 0.37472, -0.004019, -0.999867, 0.015777, -0.0, 0.0, 0.0, 0.0, 1.0],
                [0.999789, -0.002864, 0.020361, -0.0, -0.020165, 0.057004, 0.99817, 0.37472, -0.004019, -0.99837, 0.056934, 0.0, 0.0, 0.0, 0.0, 1.0],
                [0.999789, -0.001555, 0.020503, 0.0, -0.020165, 0.120763, 0.992477, 0.37472, -0.004019, -0.99268, 0.120706, -0.0, 0.0, 0.0, 0.0, 1.0],
                [0.999789, 0.000153, 0.020561, 0.0, -0.020165, 0.202756, 0.979022, 0.37472, -0.004019, -0.979229, 0.202716, 0.0, 0.0, 0.0, 0.0, 1.0],
                [0.999789, 0.002167, 0.020447, 0.0, -0.020165, 0.297707, 0.954444, 0.37472, -0.004019, -0.954655, 0.297687, 0.0, 0.0, 0.0, 0.0, 1.0],
                [0.999789, 0.004369, 0.020092, -0.0, -0.020165, 0.399372, 0.916567, 0.37472, -0.004019, -0.916778, 0.399376, -0.0, 0.0, 0.0, 0.0, 1.0],
                [0.999789, 0.006625, 0.019465, -0.0, -0.020165, 0.500983, 0.865222, 0.37472, -0.004019, -0.865432, 0.50101, 0.0, 0.0, 0.0, 0.0, 1.0],
                [0.999789, 0.008795, 0.018585, -0.0, -0.020165, 0.596097, 0.802659, 0.37472, -0.004019, -0.802864, 0.596148, -0.0, 0.0, 0.0, 0.0, 1.0],
                [0.999788, 0.010757, 0.017523, -0.0, -0.020165, 0.679559, 0.733344, 0.37472, -0.004019, -0.733542, 0.679632, 0.0, 0.0, 0.0, 0.0, 1.0],
                [0.999789, 0.012422, 0.016385, 0.0, -0.020165, 0.748144, 0.66323, 0.37472, -0.004019, -0.66342, 0.748236, 0.0, 0.0, 0.0, 0.0, 1.0],
                [0.999789, 0.01374, 0.015297, 0.0, -0.020165, 0.800631, 0.598818, 0.37472, -0.004019, -0.599, 0.800739, 0.0, 0.0, 0.0, 0.0, 1.0],
                [0.999789, 0.014691, 0.014386, 0.0, -0.020165, 0.837311, 0.546355, 0.37472, -0.004019, -0.54653, 0.83743, -0.0, 0.0, 0.0, 0.0, 1.0],
                [0.999789, 0.015271, 0.013769, -0.0, -0.020165, 0.859097, 0.511415, 0.37472, -0.004019, -0.511585, 0.859224, 0.0, 0.0, 0.0, 0.0, 1.0],
                [0.999789, 0.01547, 0.013544, -0.0, -0.020165, 0.866475, 0.498813, 0.37472, -0.004019, -0.498981, 0.866604, -0.0, 0.0, 0.0, 0.0, 1.0],
                [0.999789, 0.01547, 0.013544, -0.0, -0.020165, 0.866475, 0.498813, 0.37472, -0.004019, -0.498981, 0.866604, -0.0, 0.0, 0.0, 0.0, 1.0]
            ]
        },
        {
            "name": "Knee_R",
            "time": [0.0, 0.0167, 0.0333, 0.05, 0.0667, 0.0833, 0.1, 0.1167, 0.1333, 0.15, 0.1667, 0.1833, 0.2, 0.2167, 0.2333, 0.25, 0.2667, 0.2833, 0.3, 0.3167, 0.3333, 0.35, 0.3667, 0.3833, 0.4, 0.4167, 0.4333, 0.45, 0.4667, 0.4833, 0.5, 0.5167, 0.5333, 0.55, 0.5667, 0.5833, 0.6, 0.6167, 0.6333, 0.65, 0.6667, 0.6833, 0.7, 0.7167, 0.7333, 0.75, 0.7667, 0.7833, 0.8, 0.8167, 0.8333, 0.85, 0.8667, 0.8833, 0.9, 0.9167, 0.9333, 0.95, 0.9667, 0.9833, 1.0, 1.0167, 1.3333],
            "transform": [
                [1.0, 0.0, -0.0, 0.0, -0.0, 0.0, -1.0, 0.37472, -0.0, 1.0, 0.0, 0.0, 0.0, 0.0, 0.0, 1.0],
                [1.0, 0.0, -0.0, 0.0, -0.0, 0.0, -1.0, 0.37472, -0.0, 1.0, 0.0, 0.0, 0.0, 0.0, 0.0, 1.0],
                [1.0, 0.0, -0.0, 0.0, -0.0, 0.0, -1.0, 0.37472, -0.0, 1.0, 0.0, 0.0, 0.0, 0.0, 0.0, 1.0],
                [1.0, 0.0, -0.0, 0.0, -0.0, 0.0, -1.0, 0.37472, -0.0, 1.0, 0.0, 0.0, 0.0, 0.0, 0.0, 1.0],
                [1.0, 0.0, -0.0, -0.0, -0.0, 0.0, -1.0, 0.37472, -0.0, 1.0, 0.0, -0.0, 0.0, 0.0, 0.0, 1.0],
                [1.0, 0.0, -0.0, 0.0, -0.0, 0.0, -1.0, 0.37472, -0.0, 1.0, 0.0, -0.0, 0.0, 0.0, 0.0, 1.0],
                [1.0, 0.0, -0.0, -0.0, -0.0, 0.0, -1.0, 0.37472, -0.0, 1.0, 0.0, -0.0, 0.0, 0.0, 0.0, 1.0],
                [1.0, 0.0, -0.0, 0.0, -0.0, 0.0, -1.0, 0.37472, -0.0, 1.0, 0.0, 0.0, 0.0, 0.0, 0.0, 1.0],
                [1.0, 0.0, -0.0, 0.0, -0.0, 0.0, -1.0, 0.37472, -0.0, 1.0, 0.0, 0.0, 0.0, 0.0, 0.0, 1.0],
                [1.0, 0.0, -0.0, -0.0, -0.0, 0.0, -1.0, 0.37472, -0.0, 1.0, 0.0, 0.0, 0.0, 0.0, 0.0, 1.0],
                [1.0, 0.0, -0.0, 0.0, -0.0, 0.0, -1.0, 0.37472, -0.0, 1.0, 0.0, 0.0, 0.0, 0.0, 0.0, 1.0],
                [1.0, 0.0, -1e-06, 0.0, -0.0, 0.0, -1.0, 0.37472, -0.0, 1.0, 0.0, 0.0, 0.0, 0.0, 0.0, 1.0],
                [1.0, 0.0, -0.0, 0.0, -1e-06, 0.0, -1.0, 0.37472, -0.0, 1.0, 0.0, 0.0, 0.0, 0.0, 0.0, 1.0],
                [1.0, 0.0, -0.0, -0.0, -0.0, 0.0, -1.0, 0.37472, -0.0, 1.0, 0.0, 0.0, 0.0, 0.0, 0.0, 1.0],
                [1.0, 0.0, -0.0, 0.0, -0.0, 0.0, -1.0, 0.37472, -0.0, 1.0, 0.0, 0.0, 0.0, 0.0, 0.0, 1.0],
                [1.0, 0.0, -0.0, 0.0, -0.0, 0.0, -1.0, 0.37472, -0.0, 1.0, 0.0, 0.0, 0.0, 0.0, 0.0, 1.0],
                [1.0, 0.0, -0.0, 0.0, -1e-06, 0.0, -1.0, 0.37472, -0.0, 1.0, 0.0, -0.0, 0.0, 0.0, 0.0, 1.0],
                [1.0, 0.0, -0.0, 0.0, -0.0, 0.0, -1.0, 0.37472, -0.0, 1.0, 0.0, 0.0, 0.0, 0.0, 0.0, 1.0],
                [1.0, 0.0, -0.0, -0.0, -0.0, 0.0, -1.0, 0.37472, -0.0, 1.0, 0.0, 0.0, 0.0, 0.0, 0.0, 1.0],
                [1.0, 0.0, -0.0, -0.0, -0.0, 0.0, -1.0, 0.37472, -0.0, 1.0, 0.0, 0.0, 0.0, 0.0, 0.0, 1.0],
                [1.0, 0.0, -0.0, -0.0, -0.0, 0.0, -1.0, 0.37472, -0.0, 1.0, 0.0, 0.0, 0.0, 0.0, 0.0, 1.0],
                [1.0, 0.0, -0.0, 0.0, -0.0, 0.0, -1.0, 0.37472, -0.0, 1.0, 0.0, 0.0, 0.0, 0.0, 0.0, 1.0],
                [1.0, 0.0, -0.0, -0.0, -0.0, 0.0, -1.0, 0.37472, -0.0, 1.0, 0.0, 0.0, 0.0, 0.0, 0.0, 1.0],
                [1.0, 0.0, -0.0, -0.0, -0.0, 0.0, -1.0, 0.37472, -0.0, 1.0, 0.0, -0.0, 0.0, 0.0, 0.0, 1.0],
                [1.0, 0.0, -0.0, -0.0, -0.0, 0.0, -1.0, 0.37472, -0.0, 1.0, 0.0, -0.0, 0.0, 0.0, 0.0, 1.0],
                [1.0, 0.0, -0.0, -0.0, -0.0, 0.0, -1.0, 0.37472, -0.0, 1.0, 0.0, -0.0, 0.0, 0.0, 0.0, 1.0],
                [1.0, 0.0, -0.0, 0.0, -0.0, 0.0, -1.0, 0.37472, -0.0, 1.0, 0.0, 0.0, 0.0, 0.0, 0.0, 1.0],
                [1.0, 0.0, -0.0, -0.0, -0.0, 0.0, -1.0, 0.37472, -0.0, 1.0, 0.0, -0.0, 0.0, 0.0, 0.0, 1.0],
                [1.0, 0.0, -0.0, -0.0, -0.0, 0.0, -1.0, 0.37472, -0.0, 1.0, 0.0, -0.0, 0.0, 0.0, 0.0, 1.0],
                [1.0, 0.0, -0.0, -0.0, -0.0, 0.0, -1.0, 0.37472, -0.0, 1.0, 0.0, -0.0, 0.0, 0.0, 0.0, 1.0],
                [1.0, 0.0, -0.0, -0.0, -0.0, 0.0, -1.0, 0.37472, -0.0, 1.0, 0.0, -0.0, 0.0, 0.0, 0.0, 1.0],
                [1.0, 0.0, -0.0, 0.0, -0.0, 0.0, -1.0, 0.37472, -0.0, 1.0, 0.0, -0.0, 0.0, 0.0, 0.0, 1.0],
                [1.0, 0.0, -0.0, -0.0, -0.0, 0.0, -1.0, 0.37472, -0.0, 1.0, 0.0, 0.0, 0.0, 0.0, 0.0, 1.0],
                [1.0, 0.0, -0.0, 0.0, -0.0, 0.0, -1.0, 0.37472, -0.0, 1.0, 0.0, -0.0, 0.0, 0.0, 0.0, 1.0],
                [1.0, 0.0, -0.0, 0.0, -0.0, 0.0, -1.0, 0.37472, -0.0, 1.0, 0.0, -0.0, 0.0, 0.0, 0.0, 1.0],
                [1.0, 0.0, -0.0, -0.0, -0.0, 0.0, -1.0, 0.37472, -0.0, 1.0, 0.0, -0.0, 0.0, 0.0, 0.0, 1.0],
                [1.0, 0.0, -0.0, -0.0, -0.0, 0.0, -1.0, 0.37472, -0.0, 1.0, 0.0, -0.0, 0.0, 0.0, 0.0, 1.0],
                [1.0, 0.0, -0.0, -0.0, -0.0, 0.0, -1.0, 0.37472, -0.0, 1.0, 0.0, 0.0, 0.0, 0.0, 0.0, 1.0],
                [1.0, 0.0, -0.0, -0.0, -0.0, 0.0, -1.0, 0.37472, -0.0, 1.0, 0.0, -0.0, 0.0, 0.0, 0.0, 1.0],
                [1.0, 0.0, -0.0, 0.0, -0.0, 0.0, -1.0, 0.37472, -0.0, 1.0, 0.0, -0.0, 0.0, 0.0, 0.0, 1.0],
                [1.0, 0.0, -0.0, -0.0, -0.0, 0.0, -1.0, 0.37472, -0.0, 1.0, 0.0, -0.0, 0.0, 0.0, 0.0, 1.0],
                [1.0, 0.0, -0.0, 0.0, -0.0, 0.0, -1.0, 0.37472, -0.0, 1.0, 0.0, -0.0, 0.0, 0.0, 0.0, 1.0],
                [1.0, 0.0, -0.0, -0.0, -0.0, 0.0, -1.0, 0.37472, -0.0, 1.0, 0.0, 0.0, 0.0, 0.0, 0.0, 1.0],
                [1.0, 0.0, -0.0, -0.0, -0.0, 0.0, -1.0, 0.37472, -0.0, 1.0, 0.0, -0.0, 0.0, 0.0, 0.0, 1.0],
                [1.0, 0.0, -0.0, -0.0, -1e-06, 0.0, -1.0, 0.37472, -0.0, 1.0, 0.0, -0.0, 0.0, 0.0, 0.0, 1.0],
                [1.0, 0.0, -0.0, 0.0, -0.0, 0.0, -1.0, 0.37472, -0.0, 1.0, 0.0, 0.0, 0.0, 0.0, 0.0, 1.0],
                [1.0, 0.0, -0.0, -0.0, -0.0, 0.0, -1.0, 0.37472, -0.0, 1.0, 0.0, 0.0, 0.0, 0.0, 0.0, 1.0],
                [1.0, 0.0, -0.0, -0.0, -0.0, 0.0, -1.0, 0.37472, -0.0, 1.0, 0.0, 0.0, 0.0, 0.0, 0.0, 1.0],
                [1.0, 0.0, -0.0, -0.0, -0.0, 0.0, -1.0, 0.37472, -0.0, 1.0, 0.0, -0.0, 0.0, 0.0, 0.0, 1.0],
                [1.0, 0.0, -0.0, 0.0, -0.0, 0.0, -1.0, 0.37472, -0.0, 1.0, 0.0, -0.0, 0.0, 0.0, 0.0, 1.0],
                [1.0, 0.0, -0.0, -0.0, -0.0, 0.0, -1.0, 0.37472, -0.0, 1.0, 0.0, -0.0, 0.0, 0.0, 0.0, 1.0],
                [1.0, 0.0, -0.0, -0.0, -0.0, 0.0, -1.0, 0.37472, -0.0, 1.0, 0.0, -0.0, 0.0, 0.0, 0.0, 1.0],
                [1.0, 0.0, -0.0, 0.0, -0.0, 0.0, -1.0, 0.37472, -0.0, 1.0, 0.0, 0.0, 0.0, 0.0, 0.0, 1.0],
                [1.0, 0.0, -0.0, 0.0, -0.0, 0.0, -1.0, 0.37472, -0.0, 1.0, 0.0, -0.0, 0.0, 0.0, 0.0, 1.0],
