{
    "animation": [
        {
            "name": "Root",
            "time": [0.0, 0.0167, 0.0333, 0.05, 0.0667, 0.0833, 0.1, 0.1167, 0.1333, 0.15, 0.1667, 0.1833, 0.2, 0.2167, 0.2333, 0.25, 0.2667, 0.2833, 0.3, 0.3167, 0.3333, 0.35, 0.3667, 0.3833, 0.4, 0.4167, 0.4333, 0.45, 0.4667, 0.4833, 0.5, 0.5167, 0.5333, 0.55, 0.5667, 0.5833, 0.6, 0.6167, 0.6333, 0.65, 0.6667, 0.6833, 0.7, 0.7167, 0.7333, 0.75, 0.7667, 0.7833, 0.8, 0.8167, 0.8333, 0.85, 0.8667, 0.8833, 0.9, 0.9167, 0.9333, 0.95, 0.9667, 0.9833, 1.0, 1.0167, 1.0333, 1.05, 1.0667, 1.0833, 1.1, 1.1167, 1.1333, 1.15, 1.1667, 1.1833, 1.2, 1.2167, 1.2333, 1.25, 1.2667, 1.2833, 1.3, 1.3167, 1.3333, 1.35, 1.3667, 1.3833, 1.4, 1.4167, 1.4333, 1.45, 1.4667, 1.4833, 1.5, 1.5167, 1.5333, 1.55, 1.5667, 1.5833, 1.6, 1.6167, 1.6333, 1.65, 1.6667, 1.6833, 1.7, 1.7167, 1.7333, 1.75, 1.7667, 1.7833, 1.8, 1.8167, 1.8333, 1.85, 1.8667, 1.8833, 1.9, 1.9167, 1.9333, 1.95, 1.9667, 1.9833, 2.0, 2.0167, 2.0333, 2.05, 2.0667, 2.0833, 2.1, 2.1167, 2.1333, 2.15, 2.1667, 2.1833, 2.2, 2.2167, 2.2333, 2.25, 2.2667, 2.2833, 2.3, 2.3167, 2.3333, 2.35, 2.3667, 2.3833, 2.4, 2.4167, 2.4333, 2.45, 2.4667, 2.4833, 2.5, 2.5167, 2.5333, 2.55, 2.5667, 2.5833, 2.6, 2.6167, 2.6333, 2.65, 2.6667, 2.6833, 2.7, 2.7167, 2.7333, 2.75, 2.7667, 2.7833, 2.8, 2.8167, 2.8333, 2.85, 2.8667, 2.8833, 2.9, 2.9167, 2.9333, 2.95, 2.9667, 2.9833, 3.0, 3.0167, 3.0333, 3.05, 3.0667, 3.0833, 3.1, 3.1167, 3.1333, 3.15, 3.1667, 3.1833, 3.2],
            "transform": [
                [1.0, 0.0, 0.0, -5e-06, 0.0, 0.0, -1.0, 0.000946, 0.0, 1.0, 0.0, 0.763972, 0.0, 0.0, 0.0, 1.0],
                [1.0, 0.0, 0.0, -5e-06, 0.0, 2e-06, -1.0, 0.000965, 0.0, 1.0, 2e-06, 0.763972, 0.0, 0.0, 0.0, 1.0],
                [1.0, 0.0, 0.0, -5e-06, 0.0, 1.9e-05, -1.0, 0.001099, 0.0, 1.0, 1.9e-05, 0.763972, 0.0, 0.0, 0.0, 1.0],
                [1.0, 0.0, 0.0, -5e-06, 0.0, 6.4e-05, -1.0, 0.001462, 0.0, 1.0, 6.4e-05, 0.763972, 0.0, 0.0, 0.0, 1.0],
                [1.0, 0.0, 0.0, -5e-06, 0.0, 0.000151, -1.0, 0.002167, 0.0, 1.0, 0.000151, 0.763972, 0.0, 0.0, 0.0, 1.0],
                [1.0, 0.0, 0.0, -5e-06, 0.0, 0.000295, -1.0, 0.003331, 0.0, 1.0, 0.000295, 0.763972, 0.0, 0.0, 0.0, 1.0],
                [1.0, 0.0, 0.0, -5e-06, 0.0, 0.000509, -1.0, 0.005067, 0.0, 1.0, 0.000509, 0.763972, 0.0, 0.0, 0.0, 1.0],
                [1.0, 0.0, 0.0, -5e-06, 0.0, 0.000808, -1.0, 0.00749, 0.0, 1.0, 0.000808, 0.763972, 0.0, 0.0, 0.0, 1.0],
                [1.0, 0.0, 0.0, -5e-06, 0.0, 0.001207, -0.999999, 0.010714, 0.0, 0.999999, 0.001207, 0.763972, 0.0, 0.0, 0.0, 1.0],
                [1.0, 0.0, 0.0, -5e-06, 0.0, 0.001718, -0.999999, 0.014854, 0.0, 0.999999, 0.001718, 0.763972, 0.0, 0.0, 0.0, 1.0],
                [1.0, 0.0, 0.0, -5e-06, 0.0, 0.002357, -0.999997, 0.020024, 0.0, 0.999997, 0.002357, 0.763972, 0.0, 0.0, 0.0, 1.0],
                [1.0, 0.0, 0.0, -5e-06, 0.0, 0.003137, -0.999995, 0.026339, 0.0, 0.999995, 0.003137, 0.763972, 0.0, 0.0, 0.0, 1.0],
                [1.0, 0.0, 0.0, -5e-06, 0.0, 0.004073, -0.999992, 0.033913, 0.0, 0.999992, 0.004073, 0.763972, 0.0, 0.0, 0.0, 1.0],
                [1.0, 0.0, 0.0, -5e-06, 0.0, 0.005179, -0.999987, 0.04286, 0.0, 0.999987, 0.005179, 0.763972, 0.0, 0.0, 0.0, 1.0],
                [1.0, 0.0, 0.0, -5e-06, 0.0, 0.006469, -0.999979, 0.053295, 0.0, 0.999979, 0.006469, 0.763972, 0.0, 0.0, 0.0, 1.0],
                [1.0, 0.0, 0.0, -5e-06, 0.0, 0.007957, -0.999968, 0.065333, 0.0, 0.999968, 0.007957, 0.763972, 0.0, 0.0, 0.0, 1.0],
                [1.0, 0.0, 0.0, -5e-06, 0.0, 0.009658, -0.999953, 0.079088, 0.0, 0.999953, 0.009658, 0.763972, 0.0, 0.0, 0.0, 1.0],
                [1.0, 0.0, 0.0, -5e-06, 0.0, 0.017202, -0.999852, 0.12243, 0.0, 0.999852, 0.017202, 0.763972, 0.0, 0.0, 0.0, 1.0],
                [1.0, 0.0, 0.0, -5e-06, 0.0, 0.034722, -0.999397, 0.218082, 0.0, 0.999397, 0.034722, 0.763972, 0.0, 0.0, 0.0, 1.0],
                [1.0, 0.0, 0.0, -5e-06, 0.0, 0.059977, -0.9982, 0.358441, 0.0, 0.9982, 0.059977, 0.763972, 0.0, 0.0, 0.0, 1.0],
                [1.0, 0.0, 0.0, -5e-06, 0.0, 0.090698, -0.995878, 0.535904, 0.0, 0.995878, 0.090698, 0.763972, 0.0, 0.0, 0.0, 1.0],
                [1.0, 0.0, 0.0, -5e-06, 0.0, 0.124577, -0.99221, 0.742866, 0.0, 0.99221, 0.124577, 0.763972, 0.0, 0.0, 0.0, 1.0],
                [1.0, 0.0, 0.0, -5e-06, 0.0, 0.159296, -0.987231, 0.971723, 0.0, 0.987231, 0.159296, 0.763972, 0.0, 0.0, 0.0, 1.0],
                [1.0, 0.0, 0.0, -5e-06, 0.0, 0.192553, -0.981287, 1.214873, 0.0, 0.981287, 0.192553, 0.763972, 0.0, 0.0, 0.0, 1.0],
                [1.0, 0.0, 0.0, -5e-06, 0.0, 0.222108, -0.975022, 1.46471, 0.0, 0.975022, 0.222108, 0.763972, 0.0, 0.0, 0.0, 1.0],
                [1.0, 0.0, 0.0, -5e-06, 0.0, 0.2458, -0.969321, 1.713632, 0.0, 0.969321, 0.2458, 0.763972, 0.0, 0.0, 0.0, 1.0],
                [1.0, 0.0, 0.0, -5e-06, 0.0, 0.261537, -0.965193, 1.954034, 0.0, 0.965193, 0.261537, 0.763972, 0.0, 0.0, 0.0, 1.0],
                [1.0, 0.0, 0.0, -5e-06, 0.0, 0.267249, -0.963628, 2.178313, 0.0, 0.963628, 0.267249, 0.763972, 0.0, 0.0, 0.0, 1.0],
                [1.0, 0.0, 0.0, -5e-06, 0.0, 0.240028, -0.970766, 2.378865, 0.0, 0.970766, 0.240028, 0.763972, 0.0, 0.0, 0.0, 1.0],
                [1.0, 0.0, 0.0, -5e-06, 0.0, 0.174304, -0.984692, 2.548086, 0.0, 0.984692, 0.174304, 0.763972, 0.0, 0.0, 0.0, 1.0],
                [1.0, 0.0, 0.0, -5e-06, 0.0, 0.094866, -0.99549, 2.678373, 0.0, 0.99549, 0.094866, 0.763972, 0.0, 0.0, 0.0, 1.0],
                [1.0, 0.0, 0.0, -5e-06, 0.0, 0.028004, -0.999608, 2.762121, 0.0, 0.999608, 0.028004, 0.763972, 0.0, 0.0, 0.0, 1.0],
                [1.0, 0.0, 0.0, -5e-06, 0.0, 0.0, -1.0, 2.791726, 0.0, 1.0, 0.0, 0.763972, 0.0, 0.0, 0.0, 1.0],
                [0.999999, 0.000289, -0.001441, -5e-06, -0.001441, 0.000315, -0.999999, 2.791726, -0.000289, 1.0, 0.000315, 0.763972, 0.0, 0.0, 0.0, 1.0],
                [0.999983, 0.001127, -0.005657, -5e-06, -0.005658, 0.001206, -0.999983, 2.791726, -0.00112, 0.999999, 0.001213, 0.763972, 0.0, 0.0, 0.0, 1.0],
                [0.999919, 0.002469, -0.012486, -5e-06, -0.012492, 0.002592, -0.999919, 2.791726, -0.002436, 0.999994, 0.002623, 0.763972, 0.0, 0.0, 0.0, 1.0],
                [0.999754, 0.004276, -0.021774, -5e-06, -0.021793, 0.004388, -0.999753, 2.791726, -0.004179, 0.999981, 0.00448, 0.763972, 0.0, 0.0, 0.0, 1.0],
                [0.999422, 0.006512, -0.033376, -5e-06, -0.033419, 0.006511, -0.99942, 2.791726, -0.006291, 0.999958, 0.006725, 0.763972, 0.0, 0.0, 0.0, 1.0],
                [0.998846, 0.009144, -0.047158, -5e-06, -0.047239, 0.008876, -0.998844, 2.793103, -0.008715, 0.999919, 0.009298, 0.763972, 0.0, 0.0, 0.0, 1.0],
                [0.99794, 0.01214, -0.062998, -5e-06, -0.063136, 0.011399, -0.99794, 2.79717, -0.011397, 0.999861, 0.012142, 0.763972, 0.0, 0.0, 0.0, 1.0],
                [0.996611, 0.015469, -0.080787, -5e-06, -0.081005, 0.014, -0.996615, 2.803833, -0.014285, 0.999782, 0.015205, 0.763972, 0.0, 0.0, 0.0, 1.0],
                [0.99476, 0.019099, -0.100436, -5e-06, -0.100756, 0.016595, -0.994773, 2.812999, -0.017332, 0.99968, 0.018432, 0.763972, 0.0, 0.0, 0.0, 1.0],
                [0.99228, 0.023, -0.121868, -5e-06, -0.122314, 0.019105, -0.992308, 2.824571, -0.020494, 0.999553, 0.021771, 0.763972, 0.0, 0.0, 0.0, 1.0],
                [0.989055, 0.02714, -0.145029, -5e-06, -0.145625, 0.02145, -0.989107, 2.838456, -0.023733, 0.999402, 0.025167, 0.763972, 0.0, 0.0, 0.0, 1.0],
                [0.984954, 0.0315, -0.169921, -5e-06, -0.17069, 0.023566, -0.985043, 2.85456, -0.027025, 0.999226, 0.028588, 0.763972, 0.0, 0.0, 0.0, 1.0],
                [0.979826, 0.036093, -0.196568, -5e-06, -0.197534, 0.025441, -0.979966, 2.872787, -0.030369, 0.999025, 0.032057, 0.763972, 0.0, 0.0, 0.0, 1.0],
                [0.973505, 0.04093, -0.224971, -5e-06, -0.226158, 0.02707, -0.973715, 2.893045, -0.033765, 0.998795, 0.035609, 0.763972, 0.0, 0.0, 0.0, 1.0],
                [0.965811, 0.046025, -0.255128, -5e-06, -0.256562, 0.02844, -0.966109, 2.915237, -0.037209, 0.998535, 0.039276, 0.763972, 0.0, 0.0, 0.0, 1.0],
                [0.95654, 0.051389, -0.287037, -5e-06, -0.288746, 0.029539, -0.95695, 2.939271, -0.040698, 0.998242, 0.043093, 0.763972, 0.0, 0.0, 0.0, 1.0],
                [0.945467, 0.057035, -0.320686, -5e-06, -0.322702, 0.030345, -0.946014, 2.965051, -0.044224, 0.997911, 0.047096, 0.763972, 0.0, 0.0, 0.0, 1.0],
                [0.93234, 0.062975, -0.356058, -5e-06, -0.358413, 0.030837, -0.933054, 2.992483, -0.047779, 0.997539, 0.051321, 0.763972, 0.0, 0.0, 0.0, 1.0],
                [0.916879, 0.06922, -0.393119, -5e-06, -0.39585, 0.030984, -0.917792, 3.021473, -0.051349, 0.99712, 0.05581, 0.763972, 0.0, 0.0, 0.0, 1.0],
                [0.898773, 0.075781, -0.431815, -5e-06, -0.434961, 0.030754, -0.899924, 3.051926, -0.054917, 0.99665, 0.060603, 0.763972, 0.0, 0.0, 0.0, 1.0],
                [0.877677, 0.082666, -0.472069, -5e-06, -0.475674, 0.030106, -0.879106, 3.083747, -0.05846, 0.996122, 0.065745, 0.763972, 0.0, 0.0, 0.0, 1.0],
                [0.853208, 0.08988, -0.513768, -5e-06, -0.517878, 0.028993, -0.854963, 3.116844, -0.061949, 0.99553, 0.071284, 0.763972, 0.0, 0.0, 0.0, 1.0],
                [0.824945, 0.097428, -0.556753, -5e-06, -0.561423, 0.027361, -0.827076, 3.15112, -0.065347, 0.994866, 0.077269, 0.763972, 0.0, 0.0, 0.0, 1.0],
                [0.792422, 0.105307, -0.600814, -5e-06, -0.606102, 0.025148, -0.794989, 3.186482, -0.068609, 0.994122, 0.083754, 0.763972, 0.0, 0.0, 0.0, 1.0],
                [0.755136, 0.113509, -0.645667, -5e-06, -0.651639, 0.022282, -0.758202, 3.222835, -0.071676, 0.993287, 0.090793, 0.763972, 0.0, 0.0, 0.0, 1.0],
                [0.712537, 0.122019, -0.690943, -5e-06, -0.697671, 0.018684, -0.716175, 3.260085, -0.074477, 0.992352, 0.098442, 0.763972, 0.0, 0.0, 0.0, 1.0],
                [0.664042, 0.13081, -0.736164, -5e-06, -0.743728, 0.014263, -0.66833, 3.298137, -0.076924, 0.991305, 0.106758, 0.763972, 0.0, 0.0, 0.0, 1.0],
                [0.609035, 0.139843, -0.780718, -5e-06, -0.789208, 0.008917, -0.614061, 3.336898, -0.078911, 0.990134, 0.115796, 0.763972, 0.0, 0.0, 0.0, 1.0],
                [0.546884, 0.149061, -0.823832, -5e-06, -0.833348, 0.002534, -0.552743, 3.376272, -0.080305, 0.988825, 0.125605, 0.763972, 0.0, 0.0, 0.0, 1.0],
                [0.47696, 0.158385, -0.864536, -5e-06, -0.875189, -0.005009, -0.483755, 3.416165, -0.08095, 0.987365, 0.136228, 0.763972, 0.0, 0.0, 0.0, 1.0],
                [0.398672, 0.167708, -0.901629, -5e-06, -0.91354, -0.013842, -0.406514, 3.456483, -0.080656, 0.98574, 0.14769, 0.763972, 0.0, 0.0, 0.0, 1.0],
                [0.311509, 0.176889, -0.933634, -5e-06, -0.946937, -0.024103, -0.320514, 3.497132, -0.079199, 0.983936, 0.159994, 0.763972, 0.0, 0.0, 0.0, 1.0],
                [0.215107, 0.185745, -0.958764, -5e-06, -0.973604, -0.035931, -0.225398, 3.538016, -0.076315, 0.981941, 0.173113, 0.763972, 0.0, 0.0, 0.0, 1.0],
                [0.109347, 0.194041, -0.97488, -5e-06, -0.991414, -0.049457, -0.121046, 3.579043, -0.071703, 0.979746, 0.186967, 0.763972, 0.0, 0.0, 0.0, 1.0],
                [-0.00553, 0.201485, -0.979476, -5e-06, -0.997869, -0.064797, -0.007695, 3.620116, -0.065018, 0.977346, 0.201414, 0.763972, 0.0, 0.0, 0.0, 1.0],
                [-0.128761, 0.207716, -0.969677, -5e-06, -0.9901, -0.082031, 0.113901, 3.661142, -0.055885, 0.974743, 0.216222, 0.763972, 0.0, 0.0, 0.0, 1.0],
                [-0.258865, 0.212299, -0.942294, -5e-06, -0.964915, -0.101183, 0.242283, 3.702026, -0.043908, 0.971952, 0.231044, 0.763972, 0.0, 0.0, 0.0, 1.0],
                [-0.393406, 0.214728, -0.893937, -5e-06, -0.918917, -0.122192, 0.375048, 3.742675, -0.028699, 0.969, 0.245388, 0.763972, 0.0, 0.0, 0.0, 1.0],
                [-0.527429, 0.212967, -0.822474, -5e-06, -0.849525, -0.144968, 0.507239, 3.782993, -0.011207, 0.966245, 0.257381, 0.763972, 0.0, 0.0, 0.0, 1.0],
                [-0.656092, 0.204771, -0.72637, -5e-06, -0.754648, -0.168976, 0.633998, 3.822886, 0.007085, 0.964114, 0.265394, 0.763972, 0.0, 0.0, 0.0, 1.0],
                [-0.774988, 0.189208, -0.602988, -5e-06, -0.631455, -0.193109, 0.750981, 3.862261, 0.025649, 0.962761, 0.269134, 0.763972, 0.0, 0.0, 0.0, 1.0],
                [-0.877531, 0.165378, -0.450099, -5e-06, -0.477519, -0.215738, 0.851723, 3.901021, 0.043753, 0.962345, 0.268288, 0.763972, 0.0, 0.0, 0.0, 1.0],
                [-0.954514, 0.132667, -0.267024, -5e-06, -0.291987, -0.234555, 0.927215, 3.939073, 0.060379, 0.963008, 0.262623, 0.763972, 0.0, 0.0, 0.0, 1.0],
                [-0.994239, 0.091173, -0.056367, -5e-06, -0.077376, -0.246532, 0.966041, 3.976323, 0.074181, 0.964837, 0.252166, 0.763972, 0.0, 0.0, 0.0, 1.0],
                [-0.983854, 0.04227, 0.173911, -5e-06, 0.158274, -0.248145, 0.955706, 4.012677, 0.083553, 0.9678, 0.237448, 0.763972, 0.0, 0.0, 0.0, 1.0],
                [-0.91248, -0.010888, 0.408976, -5e-06, 0.399786, -0.236058, 0.885691, 4.048039, 0.086899, 0.971678, 0.219751, 0.763972, 0.0, 0.0, 0.0, 1.0],
                [-0.775851, -0.063317, 0.627731, -5e-06, 0.625418, -0.208252, 0.751986, 4.082315, 0.083113, 0.976024, 0.201172, 0.763972, 0.0, 0.0, 0.0, 1.0],
                [-0.580552, -0.109017, 0.806892, -5e-06, 0.811022, -0.165217, 0.561201, 4.115411, 0.072132, 0.980213, 0.184332, 0.763972, 0.0, 0.0, 0.0, 1.0],
                [-0.344779, -0.142605, 0.927788, -5e-06, 0.937058, -0.110427, 0.331251, 4.147233, 0.055215, 0.9836, 0.171702, 0.763972, 0.0, 0.0, 0.0, 1.0],
                [-0.093909, -0.161014, 0.982474, -5e-06, 0.994977, -0.049544, 0.086984, 4.177686, 0.03467, 0.985708, 0.164858, 0.763972, 0.0, 0.0, 0.0, 1.0],
                [0.147111, -0.164231, 0.975391, -5e-06, 0.989033, 0.011324, -0.147262, 4.206676, 0.013139, 0.986357, 0.164095, 0.763972, 0.0, 0.0, 0.0, 1.0],
                [0.360149, -0.154746, 0.919971, -5e-06, 0.932867, 0.067303, -0.353877, 4.234107, -0.007156, 0.985659, 0.168597, 0.763972, 0.0, 0.0, 0.0, 1.0],
                [0.536213, -0.136278, 0.833009, -5e-06, 0.843718, 0.115549, -0.524202, 4.259887, -0.024816, 0.983909, 0.176939, 0.763972, 0.0, 0.0, 0.0, 1.0],
                [0.674098, -0.11257, 0.730014, -5e-06, 0.737598, 0.155129, -0.657179, 4.283921, -0.039267, 0.98146, 0.187603, 0.763972, 0.0, 0.0, 0.0, 1.0],
                [0.777471, -0.086706, 0.622914, -5e-06, 0.626886, 0.186424, -0.756479, 4.306114, -0.050535, 0.978636, 0.199294, 0.763972, 0.0, 0.0, 0.0, 1.0],
                [0.852156, -0.060909, 0.51973, -5e-06, 0.519953, 0.210498, -0.827852, 4.326371, -0.058978, 0.975695, 0.211047, 0.763972, 0.0, 0.0, 0.0, 1.0],
                [0.904328, -0.036629, 0.425264, -5e-06, 0.421846, 0.228631, -0.877368, 4.344599, -0.065091, 0.972824, 0.222209, 0.763972, 0.0, 0.0, 0.0, 1.0],
                [0.939568, -0.01474, 0.342046, -5e-06, 0.335261, 0.242058, -0.910499, 4.360703, -0.069374, 0.97015, 0.232372, 0.763972, 0.0, 0.0, 0.0, 1.0],
                [0.962516, 0.004268, 0.271193, -5e-06, 0.261419, 0.251844, -0.931791, 4.374588, -0.072276, 0.967758, 0.241288, 0.763972, 0.0, 0.0, 0.0, 1.0],
                [0.976835, 0.020135, 0.213046, -5e-06, 0.200731, 0.258848, -0.944831, 4.386159, -0.07417, 0.965708, 0.24881, 0.763972, 0.0, 0.0, 0.0, 1.0],
                [0.985311, 0.032712, 0.167608, -5e-06, 0.153245, 0.263727, -0.952347, 4.395325, -0.075356, 0.964043, 0.25484, 0.763972, 0.0, 0.0, 0.0, 1.0],
                [0.989982, 0.041889, 0.134836, -5e-06, 0.118958, 0.266948, -0.956341, 4.401988, -0.076055, 0.9628, 0.259291, 0.763972, 0.0, 0.0, 0.0, 1.0],
                [0.992246, 0.047539, 0.114838, -5e-06, 0.098018, 0.26881, -0.958193, 4.406055, -0.076421, 0.96202, 0.262066, 0.763972, 0.0, 0.0, 0.0, 1.0],
                [0.992917, 0.049476, 0.108018, -5e-06, 0.090872, 0.269433, -0.958722, 4.407432, -0.076537, 0.961747, 0.263028, 0.763972, 0.0, 0.0, 0.0, 1.0],
                [0.992917, 0.049476, 0.108018, -5e-06, 0.090872, 0.269433, -0.958722, 4.407432, -0.076537, 0.961747, 0.263028, 0.763972, 0.0, 0.0, 0.0, 1.0],
                [0.992917, 0.049476, 0.108018, -5e-06, 0.090872, 0.269433, -0.958722, 4.407432, -0.076537, 0.961747, 0.263028, 0.763972, 0.0, 0.0, 0.0, 1.0],
                [0.992917, 0.049476, 0.108018, -5e-06, 0.090872, 0.269433, -0.958722, 4.407432, -0.076537, 0.961747, 0.263028, 0.763972, 0.0, 0.0, 0.0, 1.0],
                [0.992917, 0.049476, 0.108018, -5e-06, 0.090872, 0.269433, -0.958722, 4.407432, -0.076537, 0.961747, 0.263028, 0.763972, 0.0, 0.0, 0.0, 1.0],
                [0.992917, 0.049476, 0.108018, -5e-06, 0.090872, 0.269433, -0.958722, 4.407432, -0.076537, 0.961747, 0.263028, 0.763972, 0.0, 0.0, 0.0, 1.0],
                [0.992917, 0.049476, 0.108018, -5e-06, 0.090872, 0.269433, -0.958722, 4.407432, -0.076537, 0.961747, 0.263028, 0.763972, 0.0, 0.0, 0.0, 1.0],
                [0.992917, 0.049476, 0.108018, -5e-06, 0.090872, 0.269433, -0.958722, 4.407432, -0.076537, 0.961747, 0.263028, 0.763972, 0.0, 0.0, 0.0, 1.0],
                [0.992917, 0.049476, 0.108018, -5e-06, 0.090872, 0.269433, -0.958722, 4.407432, -0.076537, 0.961747, 0.263028, 0.763972, 0.0, 0.0, 0.0, 1.0],
                [0.992917, 0.049476, 0.108018, -5e-06, 0.090872, 0.269433, -0.958722, 4.407432, -0.076537, 0.961747, 0.263028, 0.763972, 0.0, 0.0, 0.0, 1.0],
                [0.992917, 0.049476, 0.108018, -5e-06, 0.090872, 0.269433, -0.958722, 4.407432, -0.076537, 0.961747, 0.263028, 0.763972, 0.0, 0.0, 0.0, 1.0],
                [0.992917, 0.049476, 0.108018, -5e-06, 0.090872, 0.269433, -0.958722, 4.407432, -0.076537, 0.961747, 0.263028, 0.763972, 0.0, 0.0, 0.0, 1.0],
                [0.992917, 0.049476, 0.108018, -5e-06, 0.090872, 0.269433, -0.958722, 4.407432, -0.076537, 0.961747, 0.263028, 0.763972, 0.0, 0.0, 0.0, 1.0],
                [0.992917, 0.049476, 0.108018, -5e-06, 0.090872, 0.269433, -0.958722, 4.407432, -0.076537, 0.961747, 0.263028, 0.763972, 0.0, 0.0, 0.0, 1.0],
                [0.992917, 0.049476, 0.108018, -5e-06, 0.090872, 0.269433, -0.958722, 4.407432, -0.076537, 0.961747, 0.263028, 0.763972, 0.0, 0.0, 0.0, 1.0],
                [0.992917, 0.049476, 0.108018, -5e-06, 0.090872, 0.269433, -0.958722, 4.407432, -0.076537, 0.961747, 0.263028, 0.763972, 0.0, 0.0, 0.0, 1.0],
                [0.992917, 0.049476, 0.108018, -5e-06, 0.090872, 0.269433, -0.958722, 4.407432, -0.076537, 0.961747, 0.263028, 0.763972, 0.0, 0.0, 0.0, 1.0],
                [0.992917, 0.049476, 0.108018, -5e-06, 0.090872, 0.269433, -0.958722, 4.407432, -0.076537, 0.961747, 0.263028, 0.763972, 0.0, 0.0, 0.0, 1.0],
                [0.992917, 0.049476, 0.108018, -5e-06, 0.090872, 0.269433, -0.958722, 4.407432, -0.076537, 0.961747, 0.263028, 0.763972, 0.0, 0.0, 0.0, 1.0],
                [0.992917, 0.049476, 0.108018, -5e-06, 0.090872, 0.269433, -0.958722, 4.407432, -0.076537, 0.961747, 0.263028, 0.763972, 0.0, 0.0, 0.0, 1.0],
                [0.992917, 0.049476, 0.108018, -5e-06, 0.090872, 0.269433, -0.958722, 4.407432, -0.076537, 0.961747, 0.263028, 0.763972, 0.0, 0.0, 0.0, 1.0],
                [0.992917, 0.049476, 0.108018, -5e-06, 0.090872, 0.269433, -0.958722, 4.407432, -0.076537, 0.961747, 0.263028, 0.763972, 0.0, 0.0, 0.0, 1.0],
                [0.992917, 0.049476, 0.108018, -5e-06, 0.090872, 0.269433, -0.958722, 4.407432, -0.076537, 0.961747, 0.263028, 0.763972, 0.0, 0.0, 0.0, 1.0],
                [0.992917, 0.049476, 0.108018, -5e-06, 0.090872, 0.269433, -0.958722, 4.407432, -0.076537, 0.961747, 0.263028, 0.763972, 0.0, 0.0, 0.0, 1.0],
                [0.992917, 0.049476, 0.108018, -5e-06, 0.090872, 0.269433, -0.958722, 4.407432, -0.076537, 0.961747, 0.263028, 0.763972, 0.0, 0.0, 0.0, 1.0],
                [0.992917, 0.049476, 0.108018, -5e-06, 0.090872, 0.269433, -0.958722, 4.407432, -0.076537, 0.961747, 0.263028, 0.763972, 0.0, 0.0, 0.0, 1.0],
                [0.992917, 0.049476, 0.108018, -5e-06, 0.090872, 0.269433, -0.958722, 4.407432, -0.076537, 0.961747, 0.263028, 0.763972, 0.0, 0.0, 0.0, 1.0],
                [0.992917, 0.049476, 0.108018, -5e-06, 0.090872, 0.269433, -0.958722, 4.407432, -0.076537, 0.961747, 0.263028, 0.763972, 0.0, 0.0, 0.0, 1.0],
                [0.992917, 0.049476, 0.108018, -5e-06, 0.090872, 0.269433, -0.958722, 4.407432, -0.076537, 0.961747, 0.263028, 0.763972, 0.0, 0.0, 0.0, 1.0],
                [0.992917, 0.049476, 0.108018, -5e-06, 0.090872, 0.269433, -0.958722, 4.407432, -0.076537, 0.961747, 0.263028, 0.763972, 0.0, 0.0, 0.0, 1.0],
                [0.992917, 0.049476, 0.108018, -5e-06, 0.090872, 0.269433, -0.958722, 4.407432, -0.076537, 0.961747, 0.263028, 0.763972, 0.0, 0.0, 0.0, 1.0],
                [0.992917, 0.049476, 0.108018, -5e-06, 0.090872, 0.269433, -0.958722, 4.407432, -0.076537, 0.961747, 0.263028, 0.763972, 0.0, 0.0, 0.0, 1.0],
                [0.992917, 0.049476, 0.108018, -5e-06, 0.090872, 0.269433, -0.958722, 4.407432, -0.076537, 0.961747, 0.263028, 0.763972, 0.0, 0.0, 0.0, 1.0],
                [0.992917, 0.049476, 0.108018, -5e-06, 0.090872, 0.269433, -0.958722, 4.407432, -0.076537, 0.961747, 0.263028, 0.763972, 0.0, 0.0, 0.0, 1.0],
                [0.992917, 0.049476, 0.108018, -5e-06, 0.090872, 0.269433, -0.958722, 4.407432, -0.076537, 0.961747, 0.263028, 0.763972, 0.0, 0.0, 0.0, 1.0],
                [0.992917, 0.049476, 0.108018, -5e-06, 0.090872, 0.269433, -0.958722, 4.407432, -0.076537, 0.961747, 0.263028, 0.763972, 0.0, 0.0, 0.0, 1.0],
                [0.992917, 0.049476, 0.108018, -5e-06, 0.090872, 0.269433, -0.958722, 4.407432, -0.076537, 0.961747, 0.263028, 0.763972, 0.0, 0.0, 0.0, 1.0],
                [0.992917, 0.049476, 0.108018, -5e-06, 0.090872, 0.269433, -0.958722, 4.407432, -0.076537, 0.961747, 0.263028, 0.763972, 0.0, 0.0, 0.0, 1.0],
                [0.992917, 0.049476, 0.108018, -5e-06, 0.090872, 0.269433, -0.958722, 4.407432, -0.076537, 0.961747, 0.263028, 0.763972, 0.0, 0.0, 0.0, 1.0],
                [0.992917, 0.049476, 0.108018, -5e-06, 0.090872, 0.269433, -0.958722, 4.407432, -0.076537, 0.961747, 0.263028, 0.763972, 0.0, 0.0, 0.0, 1.0],
                [0.992917, 0.049476, 0.108018, -5e-06, 0.090872, 0.269433, -0.958722, 4.407432, -0.076537, 0.961747, 0.263028, 0.763972, 0.0, 0.0, 0.0, 1.0],
                [0.992917, 0.049476, 0.108018, -5e-06, 0.090872, 0.269433, -0.958722, 4.407432, -0.076537, 0.961747, 0.263028, 0.763972, 0.0, 0.0, 0.0, 1.0],
                [0.992917, 0.049476, 0.108018, -5e-06, 0.090872, 0.269433, -0.958722, 4.407432, -0.076537, 0.961747, 0.263028, 0.763972, 0.0, 0.0, 0.0, 1.0],
                [0.992917, 0.049476, 0.108018, -5e-06, 0.090872, 0.269433, -0.958722, 4.407432, -0.076537, 0.961747, 0.263028, 0.763972, 0.0, 0.0, 0.0, 1.0],
                [0.992917, 0.049476, 0.108018, -5e-06, 0.090872, 0.269433, -0.958722, 4.407432, -0.076537, 0.961747, 0.263028, 0.763972, 0.0, 0.0, 0.0, 1.0],
                [0.992917, 0.049476, 0.108018, -5e-06, 0.090872, 0.269433, -0.958722, 4.407432, -0.076537, 0.961747, 0.263028, 0.763972, 0.0, 0.0, 0.0, 1.0],
                [0.992917, 0.049476, 0.108018, -5e-06, 0.090872, 0.269433, -0.958722, 4.407432, -0.076537, 0.961747, 0.263028, 0.763972, 0.0, 0.0, 0.0, 1.0],
                [0.992917, 0.049476, 0.108018, -5e-06, 0.090872, 0.269433, -0.958722, 4.407432, -0.076537, 0.961747, 0.263028, 0.763972, 0.0, 0.0, 0.0, 1.0],
                [0.992917, 0.049476, 0.108018, -5e-06, 0.090872, 0.269433, -0.958722, 4.407432, -0.076537, 0.961747, 0.263028, 0.763972, 0.0, 0.0, 0.0, 1.0],
                [0.992917, 0.049476, 0.108018, -5e-06, 0.090872, 0.269433, -0.958722, 4.407432, -0.076537, 0.961747, 0.263028, 0.763972, 0.0, 0.0, 0.0, 1.0],
                [0.992917, 0.049476, 0.108018, -5e-06, 0.090872, 0.269433, -0.958722, 4.407432, -0.076537, 0.961747, 0.263028, 0.763972, 0.0, 0.0, 0.0, 1.0],
                [0.992917, 0.049476, 0.108018, -5e-06, 0.090872, 0.269433, -0.958722, 4.407432, -0.076537, 0.961747, 0.263028, 0.763972, 0.0, 0.0, 0.0, 1.0],
                [0.992917, 0.049476, 0.108018, -5e-06, 0.090872, 0.269433, -0.958722, 4.407432, -0.076537, 0.961747, 0.263028, 0.763972, 0.0, 0.0, 0.0, 1.0],
                [0.992917, 0.049476, 0.108018, -5e-06, 0.090872, 0.269433, -0.958722, 4.407432, -0.076537, 0.961747, 0.263028, 0.763972, 0.0, 0.0, 0.0, 1.0],
                [0.992917, 0.049476, 0.108018, -5e-06, 0.090872, 0.269433, -0.958722, 4.407432, -0.076537, 0.961747, 0.263028, 0.763972, 0.0, 0.0, 0.0, 1.0],
                [0.992917, 0.049476, 0.108018, -5e-06, 0.090872, 0.269433, -0.958722, 4.407432, -0.076537, 0.961747, 0.263028, 0.763972, 0.0, 0.0, 0.0, 1.0],
                [0.992917, 0.049476, 0.108018, -5e-06, 0.090872, 0.269433, -0.958722, 4.407432, -0.076537, 0.961747, 0.263028, 0.763972, 0.0, 0.0, 0.0, 1.0],
                [0.992917, 0.049476, 0.108018, -5e-06, 0.090872, 0.269433, -0.958722, 4.407432, -0.076537, 0.961747, 0.263028, 0.763972, 0.0, 0.0, 0.0, 1.0],
                [0.992917, 0.049476, 0.108018, -5e-06, 0.090872, 0.269433, -0.958722, 4.407432, -0.076537, 0.961747, 0.263028, 0.763972, 0.0, 0.0, 0.0, 1.0],
                [0.992917, 0.049476, 0.108018, -5e-06, 0.090872, 0.269433, -0.958722, 4.407432, -0.076537, 0.961747, 0.263028, 0.763972, 0.0, 0.0, 0.0, 1.0],
                [0.992917, 0.049476, 0.108018, -5e-06, 0.090872, 0.269433, -0.958722, 4.407432, -0.076537, 0.961747, 0.263028, 0.763972, 0.0, 0.0, 0.0, 1.0],
                [0.992917, 0.049476, 0.108018, -5e-06, 0.090872, 0.269433, -0.958722, 4.407432, -0.076537, 0.961747, 0.263028, 0.763972, 0.0, 0.0, 0.0, 1.0],
                [0.992917, 0.049476, 0.108018, -5e-06, 0.090872, 0.269433, -0.958722, 4.407432, -0.076537, 0.961747, 0.263028, 0.763972, 0.0, 0.0, 0.0, 1.0],
                [0.992917, 0.049476, 0.108018, -5e-06, 0.090872, 0.269433, -0.958722, 4.407432, -0.076537, 0.961747, 0.263028, 0.763972, 0.0, 0.0, 0.0, 1.0],
                [0.992917, 0.049476, 0.108018, -5e-06, 0.090872, 0.269433, -0.958722, 4.407432, -0.076537, 0.961747, 0.263028, 0.763972, 0.0, 0.0, 0.0, 1.0],
                [0.992917, 0.049476, 0.108018, -5e-06, 0.090872, 0.269433, -0.958722, 4.407432, -0.076537, 0.961747, 0.263028, 0.763972, 0.0, 0.0, 0.0, 1.0],
                [0.992917, 0.049476, 0.108018, -5e-06, 0.090872, 0.269433, -0.958722, 4.407432, -0.076537, 0.961747, 0.263028, 0.763972, 0.0, 0.0, 0.0, 1.0],
                [0.992917, 0.049476, 0.108018, -5e-06, 0.090872, 0.269433, -0.958722, 4.407432, -0.076537, 0.961747, 0.263028, 0.763972, 0.0, 0.0, 0.0, 1.0],
                [0.992917, 0.049476, 0.108018, -5e-06, 0.090872, 0.269433, -0.958722, 4.407432, -0.076537, 0.961747, 0.263028, 0.763972, 0.0, 0.0, 0.0, 1.0],
                [0.992974, 0.049288, 0.107577, -4e-06, 0.090577, 0.268417, -0.959035, 4.407265, -0.076144, 0.962041, 0.262067, 0.763974, 0.0, 0.0, 0.0, 1.0],
                [0.993139, 0.04874, 0.106301, -2e-06, 0.089718, 0.265471, -0.959935, 4.406779, -0.075007, 0.962886, 0.259277, 0.763979, 0.0, 0.0, 0.0, 1.0],
                [0.993398, 0.047854, 0.104258, 2e-06, 0.088334, 0.260745, -0.961358, 4.406001, -0.07319, 0.964221, 0.254797, 0.763988, 0.0, 0.0, 0.0, 1.0],
                [0.993739, 0.046648, 0.101518, 7e-06, 0.08646, 0.254386, -0.96323, 4.404955, -0.070757, 0.965977, 0.24876, 0.764001, 0.0, 0.0, 0.0, 1.0],
                [0.994147, 0.045136, 0.098152, 1.3e-05, 0.084128, 0.246541, -0.965474, 4.403669, -0.067776, 0.968081, 0.241301, 0.764016, 0.0, 0.0, 0.0, 1.0],
                [0.994607, 0.043335, 0.094233, 2e-05, 0.081371, 0.237357, -0.968008, 4.402165, -0.064315, 0.970455, 0.232551, 0.764034, 0.0, 0.0, 0.0, 1.0],
                [0.995102, 0.041258, 0.089832, 2.8e-05, 0.078222, 0.226983, -0.970752, 4.400471, -0.060442, 0.973024, 0.222644, 0.764054, 0.0, 0.0, 0.0, 1.0],
                [0.995619, 0.038924, 0.085021, 3.6e-05, 0.074715, 0.215569, -0.973626, 4.398612, -0.056225, 0.975713, 0.211716, 0.764076, 0.0, 0.0, 0.0, 1.0],
                [0.996142, 0.036348, 0.079873, 4.6e-05, 0.070886, 0.203266, -0.976554, 4.396613, -0.051732, 0.978449, 0.199905, 0.764099, 0.0, 0.0, 0.0, 1.0],
                [0.996659, 0.033554, 0.074461, 5.5e-05, 0.066772, 0.190229, -0.979466, 4.394499, -0.047029, 0.981166, 0.187353, 0.764124, 0.0, 0.0, 0.0, 1.0],
                [0.997158, 0.030563, 0.068855, 6.6e-05, 0.062416, 0.176615, -0.982299, 4.392296, -0.042182, 0.983805, 0.174206, 0.76415, 0.0, 0.0, 0.0, 1.0],
                [0.997629, 0.027403, 0.063126, 7.6e-05, 0.057861, 0.162584, -0.984997, 4.390029, -0.037255, 0.986314, 0.160613, 0.764177, 0.0, 0.0, 0.0, 1.0],
                [0.998064, 0.024106, 0.057343, 8.7e-05, 0.053155, 0.148296, -0.987513, 4.387724, -0.032308, 0.988649, 0.146727, 0.764204, 0.0, 0.0, 0.0, 1.0],
                [0.998455, 0.020705, 0.051573, 9.8e-05, 0.04835, 0.133913, -0.989813, 4.385407, -0.027401, 0.990777, 0.132705, 0.764231, 0.0, 0.0, 0.0, 1.0],
                [0.998798, 0.017241, 0.045883, 0.000108, 0.0435, 0.1196, -0.991869, 4.383102, -0.022588, 0.992673, 0.118706, 0.764259, 0.0, 0.0, 0.0, 1.0],
                [0.999092, 0.013754, 0.040334, 0.000119, 0.038663, 0.105519, -0.993665, 4.380836, -0.017923, 0.994322, 0.104891, 0.764285, 0.0, 0.0, 0.0, 1.0],
                [0.999335, 0.010291, 0.034989, 0.000129, 0.033899, 0.091833, -0.995197, 4.378633, -0.013455, 0.995721, 0.091423, 0.764311, 0.0, 0.0, 0.0, 1.0],
                [0.999529, 0.006901, 0.029906, 0.000139, 0.029271, 0.078706, -0.996468, 4.376519, -0.00923, 0.996874, 0.078467, 0.764336, 0.0, 0.0, 0.0, 1.0],
                [0.999677, 0.003634, 0.025141, 0.000148, 0.024845, 0.066298, -0.997491, 4.37452, -0.005291, 0.997793, 0.066186, 0.76436, 0.0, 0.0, 0.0, 1.0],
                [0.999785, 0.000544, 0.020747, 0.000157, 0.020686, 0.054768, -0.998285, 4.37266, -0.00168, 0.998499, 0.054745, 0.764382, 0.0, 0.0, 0.0, 1.0],
                [0.999857, -0.002313, 0.016777, 0.000165, 0.016863, 0.044276, -0.998877, 4.370966, 0.001567, 0.999017, 0.044308, 0.764402, 0.0, 0.0, 0.0, 1.0],
                [0.9999, -0.004881, 0.013282, 0.000172, 0.013445, 0.034975, -0.999298, 4.369462, 0.004413, 0.999376, 0.035037, 0.76442, 0.0, 0.0, 0.0, 1.0],
                [0.999922, -0.007105, 0.01031, 0.000178, 0.010498, 0.027022, -0.99958, 4.368176, 0.006823, 0.99961, 0.027094, 0.764435, 0.0, 0.0, 0.0, 1.0],
                [0.999929, -0.008927, 0.00791, 0.000183, 0.008092, 0.020569, -0.999756, 4.36713, 0.008762, 0.999749, 0.02064, 0.764447, 0.0, 0.0, 0.0, 1.0],
                [0.999928, -0.010293, 0.006132, 0.000186, 0.006294, 0.015769, -0.999856, 4.366352, 0.010195, 0.999823, 0.015833, 0.764456, 0.0, 0.0, 0.0, 1.0],
                [0.999925, -0.01115, 0.005026, 0.000188, 0.005169, 0.012777, -0.999905, 4.365867, 0.011084, 0.999856, 0.012833, 0.764462, 0.0, 0.0, 0.0, 1.0],
                [0.999924, -0.011446, 0.004645, 0.000189, 0.00478, 0.011745, -0.99992, 4.365699, 0.01139, 0.999866, 0.011798, 0.764464, 0.0, 0.0, 0.0, 1.0],
                [0.999924, -0.011446, 0.004645, 0.000189, 0.00478, 0.011745, -0.99992, 4.365699, 0.01139, 0.999866, 0.011798, 0.764464, 0.0, 0.0, 0.0, 1.0]
            ]
        },
        {
            "name": "Thigh_R",
            "time": [0.0, 0.0167, 0.0333, 0.05, 0.0667, 0.0833, 0.1, 0.1167, 0.1333, 0.15, 0.1667, 0.1833, 0.2, 0.2167, 0.2333, 0.25, 0.2667, 0.2833, 0.3, 0.3167, 0.3333, 0.35, 0.3667, 0.3833, 0.4, 0.4167, 0.4333, 0.45, 0.4667, 0.4833, 0.5, 0.5167, 0.5333, 0.55, 0.5667, 0.5833, 0.6, 0.6167, 0.6333, 0.65, 0.6667, 0.6833, 0.7, 0.7167, 0.7333, 0.75, 0.7667, 0.7833, 0.8, 0.8167, 0.8333, 0.85, 0.8667, 0.8833, 0.9, 0.9167, 0.9333, 0.95, 0.9667, 0.9833, 1.0, 1.0167, 1.0333, 1.05, 1.0667, 1.0833, 1.1, 1.1167, 1.1333, 1.15, 1.1667, 1.1833, 1.2, 1.2167, 1.2333, 1.25, 1.2667, 1.2833, 1.3, 1.3167, 1.3333, 1.35, 1.3667, 1.3833, 1.4, 1.4167, 1.4333, 1.45, 1.4667, 1.4833, 1.5, 1.5167, 1.5333, 1.55, 1.5667, 1.5833, 1.6, 1.6167, 1.6333, 1.65, 1.6667, 1.6833, 1.7, 1.7167, 1.7333, 1.75, 1.7667, 1.7833, 1.8, 1.8167, 1.8333, 1.85, 1.8667, 1.8833, 1.9, 1.9167, 1.9333, 1.95, 1.9667, 1.9833, 2.0, 2.0167, 2.0333, 2.05, 2.0667, 2.0833, 2.1, 2.1167, 2.1333, 2.15, 2.1667, 2.1833, 2.2, 2.2167, 2.2333, 2.25, 2.2667, 2.2833, 2.3, 2.3167, 2.3333, 2.35, 2.3667, 2.3833, 2.4, 2.4167, 2.4333, 2.45, 2.4667, 2.4833, 2.5, 2.5167, 2.5333, 2.55, 2.5667, 2.5833, 2.6, 2.6167, 2.6333, 2.65, 2.6667, 2.6833, 2.7, 2.7167, 2.7333, 2.75, 2.7667, 2.7833, 2.8, 2.8167, 2.8333, 2.85, 2.8667, 2.8833, 2.9, 2.9167, 2.9333, 2.95, 2.9667, 2.9833, 3.0, 3.0167, 3.0333, 3.05, 3.0667, 3.0833, 3.1, 3.1167, 3.1333, 3.15, 3.1667, 3.1833, 3.2],
            "transform": [
                [0.948996, 0.123555, 0.290071, 0.124994, 0.261736, -0.821675, -0.506303, -0.002831, 0.175788, 0.556402, -0.812105, -1.2e-05, 0.0, 0.0, 0.0, 1.0],
                [0.948996, 0.123555, 0.290071, 0.124994, 0.261736, -0.821675, -0.506303, -0.002831, 0.175788, 0.556402, -0.812106, -1.2e-05, 0.0, 0.0, 0.0, 1.0],
                [0.948996, 0.123555, 0.290071, 0.124994, 0.261736, -0.821675, -0.506303, -0.002831, 0.175788, 0.556402, -0.812105, -1.2e-05, 0.0, 0.0, 0.0, 1.0],
                [0.948996, 0.123555, 0.290071, 0.124994, 0.261736, -0.821675, -0.506303, -0.002831, 0.175788, 0.556402, -0.812105, -1.2e-05, 0.0, 0.0, 0.0, 1.0],
                [0.948996, 0.123555, 0.290071, 0.124994, 0.261736, -0.821675, -0.506303, -0.002831, 0.175788, 0.556402, -0.812105, -1.2e-05, 0.0, 0.0, 0.0, 1.0],
                [0.948996, 0.123555, 0.290071, 0.124994, 0.261736, -0.821676, -0.506303, -0.002831, 0.175788, 0.556402, -0.812106, -1.2e-05, 0.0, 0.0, 0.0, 1.0],
                [0.948996, 0.123555, 0.290071, 0.124994, 0.261736, -0.821676, -0.506303, -0.002831, 0.175788, 0.556402, -0.812105, -1.2e-05, 0.0, 0.0, 0.0, 1.0],
                [0.948996, 0.123555, 0.290071, 0.124994, 0.261736, -0.821676, -0.506303, -0.002831, 0.175788, 0.556402, -0.812106, -1.2e-05, 0.0, 0.0, 0.0, 1.0],
                [0.948996, 0.123555, 0.290071, 0.124994, 0.261736, -0.821675, -0.506303, -0.002831, 0.175788, 0.556402, -0.812105, -1.2e-05, 0.0, 0.0, 0.0, 1.0],
                [0.948996, 0.123555, 0.290071, 0.124994, 0.261736, -0.821675, -0.506303, -0.002831, 0.175788, 0.556402, -0.812106, -1.2e-05, 0.0, 0.0, 0.0, 1.0],
                [0.948996, 0.123555, 0.290071, 0.124994, 0.261736, -0.821676, -0.506304, -0.002831, 0.175788, 0.556402, -0.812106, -1.2e-05, 0.0, 0.0, 0.0, 1.0],
                [0.948996, 0.123555, 0.290071, 0.124994, 0.261736, -0.821676, -0.506303, -0.002831, 0.175788, 0.556402, -0.812105, -1.2e-05, 0.0, 0.0, 0.0, 1.0],
                [0.948996, 0.123555, 0.290071, 0.124994, 0.261736, -0.821676, -0.506303, -0.002831, 0.175788, 0.556402, -0.812105, -1.2e-05, 0.0, 0.0, 0.0, 1.0],
                [0.948996, 0.123555, 0.290071, 0.124994, 0.261736, -0.821675, -0.506303, -0.002831, 0.175788, 0.556402, -0.812105, -1.2e-05, 0.0, 0.0, 0.0, 1.0],
                [0.948996, 0.123555, 0.290071, 0.124994, 0.261736, -0.821675, -0.506303, -0.002831, 0.175788, 0.556402, -0.812105, -1.2e-05, 0.0, 0.0, 0.0, 1.0],
                [0.948996, 0.123555, 0.290071, 0.124994, 0.261736, -0.821675, -0.506303, -0.002831, 0.175788, 0.556402, -0.812105, -1.2e-05, 0.0, 0.0, 0.0, 1.0],
                [0.948996, 0.123555, 0.290071, 0.124994, 0.261736, -0.821676, -0.506303, -0.002831, 0.175788, 0.556402, -0.812106, -1.2e-05, 0.0, 0.0, 0.0, 1.0],
                [0.948996, 0.12979, 0.287335, 0.124994, 0.261736, -0.832417, -0.488442, -0.002831, 0.175788, 0.538735, -0.823931, -1.2e-05, 0.0, 0.0, 0.0, 1.0],
                [0.948996, 0.147214, 0.278811, 0.124994, 0.261736, -0.860878, -0.43633, -0.002831, 0.175788, 0.48705, -0.8555, -1.2e-05, 0.0, 0.0, 0.0, 1.0],
                [0.948996, 0.173636, 0.263169, 0.124994, 0.261736, -0.899237, -0.350523, -0.002831, 0.175788, 0.401526, -0.898819, -1.2e-05, 0.0, 0.0, 0.0, 1.0],
                [0.948996, 0.206135, 0.238569, 0.124994, 0.261736, -0.936943, -0.231585, -0.002831, 0.175788, 0.282216, -0.943108, -1.2e-05, 0.0, 0.0, 0.0, 1.0],
                [0.948996, 0.24075, 0.203584, 0.124994, 0.261736, -0.961568, -0.082956, -0.002831, 0.175788, 0.13201, -0.975537, -1.2e-05, 0.0, 0.0, 0.0, 1.0],
                [0.948996, 0.272694, 0.158256, 0.124994, 0.261736, -0.961229, 0.086792, -0.002831, 0.175788, -0.040944, -0.983576, -1.2e-05, 0.0, 0.0, 0.0, 1.0],
                [0.948996, 0.297336, 0.104875, 0.124994, 0.261736, -0.928402, 0.263749, -0.002831, 0.175788, -0.222847, -0.958873, -1.2e-05, 0.0, 0.0, 0.0, 1.0],
                [0.948996, 0.311637, 0.047847, 0.124994, 0.261736, -0.863291, 0.431535, -0.002831, 0.175788, -0.397002, -0.900826, -1.2e-05, 0.0, 0.0, 0.0, 1.0],
                [0.948996, 0.3152, -0.007491, 0.124994, 0.261736, -0.774335, 0.576107, -0.002831, 0.175788, -0.548684, -0.81734, -1.2e-05, 0.0, 0.0, 0.0, 1.0],
                [0.948996, 0.310194, -0.056452, 0.124994, 0.261736, -0.675247, 0.689591, -0.002831, 0.175788, -0.669195, -0.721995, -1.2e-05, 0.0, 0.0, 0.0, 1.0],
                [0.948996, 0.300319, -0.095998, 0.124994, 0.261736, -0.580641, 0.770941, -0.002831, 0.175788, -0.756746, -0.629631, -1.2e-05, 0.0, 0.0, 0.0, 1.0],
                [0.948996, 0.289557, -0.124755, 0.124994, 0.261736, -0.502898, 0.823764, -0.002831, 0.175788, -0.814402, -0.553036, -1.2e-05, 0.0, 0.0, 0.0, 1.0],
                [0.948996, 0.281338, -0.142324, 0.124994, 0.261736, -0.451291, 0.85313, -0.002831, 0.175788, -0.846868, -0.50191, -1.2e-05, 0.0, 0.0, 0.0, 1.0],
                [0.948996, 0.278199, -0.148366, 0.124994, 0.261736, -0.432763, 0.862676, -0.002831, 0.175788, -0.857509, -0.483505, -1.2e-05, 0.0, 0.0, 0.0, 1.0],
                [0.948996, 0.278303, -0.148171, 0.124994, 0.261736, -0.433369, 0.862372, -0.002831, 0.175788, -0.857169, -0.484107, -1.2e-05, 0.0, 0.0, 0.0, 1.0],
                [0.948996, 0.278611, -0.147592, 0.124994, 0.261736, -0.435162, 0.861468, -0.002831, 0.175788, -0.85616, -0.48589, -1.2e-05, 0.0, 0.0, 0.0, 1.0],
                [0.948996, 0.279113, -0.146639, 0.124994, 0.261736, -0.438102, 0.859977, -0.002831, 0.175788, -0.854495, -0.488811, -1.2e-05, 0.0, 0.0, 0.0, 1.0],
                [0.948996, 0.279801, -0.145322, 0.124994, 0.261736, -0.442149, 0.857903, -0.002831, 0.175788, -0.852183, -0.492832, -1.2e-05, 0.0, 0.0, 0.0, 1.0],
                [0.948996, 0.280663, -0.14365, 0.124994, 0.261736, -0.447262, 0.855249, -0.002831, 0.175788, -0.849226, -0.497909, -1.2e-05, 0.0, 0.0, 0.0, 1.0],
                [0.948996, 0.281689, -0.141629, 0.124994, 0.261736, -0.453396, 0.852013, -0.002831, 0.175788, -0.845626, -0.503999, -1.2e-05, 0.0, 0.0, 0.0, 1.0],
                [0.948996, 0.282864, -0.139267, 0.124994, 0.261736, -0.460509, 0.848189, -0.002831, 0.175788, -0.84138, -0.511057, -1.1e-05, 0.0, 0.0, 0.0, 1.0],
                [0.948996, 0.284175, -0.136571, 0.124994, 0.261736, -0.468555, 0.843771, -0.002831, 0.175788, -0.836481, -0.519036, -1.1e-05, 0.0, 0.0, 0.0, 1.0],
                [0.948996, 0.285609, -0.133546, 0.124994, 0.261736, -0.477488, 0.838749, -0.002831, 0.175788, -0.830923, -0.527888, -1.2e-05, 0.0, 0.0, 0.0, 1.0],
                [0.948996, 0.287151, -0.130198, 0.124994, 0.261736, -0.487259, 0.83311, -0.002831, 0.175788, -0.824696, -0.537564, -1.2e-05, 0.0, 0.0, 0.0, 1.0],
                [0.948996, 0.288784, -0.126535, 0.124994, 0.261736, -0.497818, 0.826844, -0.002831, 0.175788, -0.81779, -0.548013, -1.2e-05, 0.0, 0.0, 0.0, 1.0],
                [0.948996, 0.290493, -0.122561, 0.124994, 0.261736, -0.509115, 0.819936, -0.002831, 0.175788, -0.810195, -0.55918, -1.2e-05, 0.0, 0.0, 0.0, 1.0],
                [0.948995, 0.292261, -0.118283, 0.124994, 0.261736, -0.521096, 0.812375, -0.002831, 0.175788, -0.801899, -0.571013, -1.1e-05, 0.0, 0.0, 0.0, 1.0],
                [0.948996, 0.29407, -0.113709, 0.124994, 0.261736, -0.533707, 0.804146, -0.002831, 0.175788, -0.792893, -0.583455, -1.2e-05, 0.0, 0.0, 0.0, 1.0],
                [0.948996, 0.295905, -0.108846, 0.124994, 0.261736, -0.546892, 0.795238, -0.002831, 0.175788, -0.783166, -0.596447, -1.2e-05, 0.0, 0.0, 0.0, 1.0],
