{
    "animation": [
        {
            "name": "Root",
            "time": [0.0, 0.0167, 0.0333, 0.05, 0.0667, 0.0833, 0.1, 0.1167, 0.1333, 0.15, 0.1667, 0.1833, 0.2, 0.2167, 0.2333, 0.25, 0.2667, 0.2833, 0.3, 0.3167, 0.3333, 0.35, 0.3667, 0.3833, 0.4, 0.4167, 0.4333, 0.45, 0.4667, 0.4833, 0.5, 0.5167, 0.5333, 0.55, 0.5667, 0.5833, 0.6, 0.6167, 0.6333, 0.65, 0.6667, 0.6833, 0.7, 0.7167, 0.7333, 0.75, 0.7667, 0.7833, 0.8, 0.8167, 0.8333, 0.85, 0.8667, 0.8833, 0.9, 0.9167, 0.9333, 0.95, 0.9667, 0.9833, 1.0, 1.0167, 1.0333, 1.05, 1.0667, 1.0833, 1.1, 1.1167, 1.1333, 1.15, 1.1667, 1.1833, 1.2, 1.2167, 1.2333, 1.25, 1.2667, 1.2833, 1.3, 1.3167, 1.3333, 1.35, 1.3667, 1.3833, 1.4, 1.4167, 1.4333, 1.45, 1.4667, 1.4833, 1.5, 1.5167, 1.5333, 1.55, 1.5667, 1.5833, 1.6, 1.6167, 1.6333, 1.65, 1.6667, 1.6833, 1.7, 1.7167, 1.7333, 1.75, 1.7667, 1.7833, 1.8, 1.8167, 1.8333, 1.85, 1.8667, 1.8833, 1.9, 1.9167, 1.9333, 1.95, 1.9667, 1.9833, 2.0, 2.0167, 2.0333, 2.05, 2.0667, 2.0833, 2.1, 2.1167, 2.1333, 2.15, 2.1667, 2.1833, 2.2, 2.2167, 2.2333, 2.25, 2.2667],
            "transform": [
                [1.0, 0.0, 0.0, -5e-06, 0.0, 0.0, -1.0, 0.000946, 0.0, 1.0, 0.0, 0.763972, 0.0, 0.0, 0.0, 1.0],
                [1.0, 0.0, 0.0, -5e-06, 0.0, 0.0, -1.0, 0.002502, 0.0, 1.0, 0.0, 0.763972, 0.0, 0.0, 0.0, 1.0],
                [1.0, 0.0, 0.0, -5e-06, 0.0, 0.0, -1.0, 0.007228, 0.0, 1.0, 0.0, 0.763972, 0.0, 0.0, 0.0, 1.0],
                [1.0, 0.0, 0.0, -5e-06, 0.0, 0.0, -1.0, 0.015214, 0.0, 1.0, 0.0, 0.763972, 0.0, 0.0, 0.0, 1.0],
                [1.0, 0.0, 0.0, -5e-06, 0.0, 0.0, -1.0, 0.02655, 0.0, 1.0, 0.0, 0.763972, 0.0, 0.0, 0.0, 1.0],
                [1.0, 0.0, 0.0, -5e-06, 0.0, 0.0, -1.0, 0.041327, 0.0, 1.0, 0.0, 0.763972, 0.0, 0.0, 0.0, 1.0],
                [1.0, 0.0, 0.0, -5e-06, 0.0, 0.0, -1.0, 0.059633, 0.0, 1.0, 0.0, 0.763972, 0.0, 0.0, 0.0, 1.0],
                [1.0, 0.0, 0.0, -5e-06, 0.0, 0.0, -1.0, 0.081559, 0.0, 1.0, 0.0, 0.763972, 0.0, 0.0, 0.0, 1.0],
                [1.0, 0.0, 0.0, -5e-06, 0.0, 0.0, -1.0, 0.107195, 0.0, 1.0, 0.0, 0.763972, 0.0, 0.0, 0.0, 1.0],
                [1.0, 0.0, 0.0, -5e-06, 0.0, 0.0, -1.0, 0.136631, 0.0, 1.0, 0.0, 0.763972, 0.0, 0.0, 0.0, 1.0],
                [1.0, 0.0, 0.0, -5e-06, 0.0, 0.0, -1.0, 0.169955, 0.0, 1.0, 0.0, 0.763972, 0.0, 0.0, 0.0, 1.0],
                [1.0, 0.0, 0.0, -5e-06, 0.0, 0.0, -1.0, 0.207259, 0.0, 1.0, 0.0, 0.763972, 0.0, 0.0, 0.0, 1.0],
                [1.0, 0.0, 0.0, -5e-06, 0.0, 0.0, -1.0, 0.248632, 0.0, 1.0, 0.0, 0.763972, 0.0, 0.0, 0.0, 1.0],
                [1.0, 0.0, 0.000884, -5e-06, 0.000884, 0.0, -1.0, 0.294092, 0.0, 1.0, 0.0, 0.763972, 0.0, 0.0, 0.0, 1.0],
                [0.999994, 0.0, 0.00346, -5e-06, 0.00346, 0.0, -0.999994, 0.343369, 0.0, 1.0, 0.0, 0.763972, 0.0, 0.0, 0.0, 1.0],
                [0.999971, 0.0, 0.007619, -5e-06, 0.007619, 0.0, -0.999971, 0.396119, 0.0, 1.0, 0.0, 0.763972, 0.0, 0.0, 0.0, 1.0],
                [0.999912, 0.0, 0.013248, -5e-06, 0.013248, 0.0, -0.999912, 0.452, 0.0, 1.0, 0.0, 0.763972, 0.0, 0.0, 0.0, 1.0],
                [0.999795, 0.0, 0.020237, -5e-06, 0.020237, 0.0, -0.999795, 0.510671, 0.0, 1.0, 0.0, 0.763972, 0.0, 0.0, 0.0, 1.0],
                [0.999595, 0.0, 0.028475, -5e-06, 0.028475, 0.0, -0.999595, 0.571787, 0.0, 1.0, 0.0, 0.763972, 0.0, 0.0, 0.0, 1.0],
                [0.999283, 0.0, 0.03785, -5e-06, 0.03785, 0.0, -0.999283, 0.635008, 0.0, 1.0, 0.0, 0.763972, 0.0, 0.0, 0.0, 1.0],
                [0.998835, 0.0, 0.048248, -5e-06, 0.048248, 0.0, -0.998835, 0.699989, 0.0, 1.0, 0.0, 0.763972, 0.0, 0.0, 0.0, 1.0],
                [0.998225, 0.0, 0.059557, -5e-06, 0.059557, 0.0, -0.998225, 0.76639, 0.0, 1.0, 0.0, 0.763972, 0.0, 0.0, 0.0, 1.0],
                [0.997429, 0.0, 0.07166, -5e-06, 0.07166, 0.0, -0.997429, 0.833866, 0.0, 1.0, 0.0, 0.763972, 0.0, 0.0, 0.0, 1.0],
                [0.996428, 0.0, 0.084442, -5e-06, 0.084442, 0.0, -0.996428, 0.902077, 0.0, 1.0, 0.0, 0.763972, 0.0, 0.0, 0.0, 1.0],
                [0.995207, 0.0, 0.097786, -5e-06, 0.097786, 0.0, -0.995207, 0.970678, 0.0, 1.0, 0.0, 0.763972, 0.0, 0.0, 0.0, 1.0],
                [0.993756, 0.0, 0.111572, -5e-06, 0.111572, 0.0, -0.993756, 1.039328, 0.0, 1.0, 0.0, 0.763972, 0.0, 0.0, 0.0, 1.0],
                [0.99207, 0.0, 0.125683, -5e-06, 0.125683, 0.0, -0.99207, 1.107684, 0.0, 1.0, 0.0, 0.763972, 0.0, 0.0, 0.0, 1.0],
                [0.990152, 0.0, 0.14, -5e-06, 0.14, 0.0, -0.990152, 1.175403, 0.0, 1.0, 0.0, 0.763972, 0.0, 0.0, 0.0, 1.0],
                [0.988008, 0.0, 0.154403, -5e-06, 0.154403, 0.0, -0.988008, 1.242144, 0.0, 1.0, 0.0, 0.763972, 0.0, 0.0, 0.0, 1.0],
                [0.985655, 0.0, 0.168774, -5e-06, 0.168774, 0.0, -0.985655, 1.307563, 0.0, 1.0, 0.0, 0.763972, 0.0, 0.0, 0.0, 1.0],
                [0.983114, 0.0, 0.182996, -5e-06, 0.182996, 0.0, -0.983114, 1.371318, 0.0, 1.0, 0.0, 0.763972, 0.0, 0.0, 0.0, 1.0],
                [0.980413, 0.0, 0.196953, -5e-06, 0.196953, 0.0, -0.980413, 1.433067, 0.0, 1.0, 0.0, 0.763972, 0.0, 0.0, 0.0, 1.0],
                [0.977587, 0.0, 0.21053, -5e-06, 0.21053, 0.0, -0.977587, 1.492466, 0.0, 1.0, 0.0, 0.763972, 0.0, 0.0, 0.0, 1.0],
                [0.974678, 0.0, 0.223614, -5e-06, 0.223614, 0.0, -0.974678, 1.549174, 0.0, 1.0, 0.0, 0.763972, 0.0, 0.0, 0.0, 1.0],
                [0.97173, 0.0, 0.236095, -5e-06, 0.236095, 0.0, -0.97173, 1.602848, 0.0, 1.0, 0.0, 0.763972, 0.0, 0.0, 0.0, 1.0],
                [0.968794, 0.0, 0.247866, -5e-06, 0.247866, 0.0, -0.968794, 1.653145, 0.0, 1.0, 0.0, 0.763972, 0.0, 0.0, 0.0, 1.0],
                [0.965926, 0.0, 0.258819, -5e-06, 0.258819, 0.0, -0.965926, 1.699723, 0.0, 1.0, 0.0, 0.763972, 0.0, 0.0, 0.0, 1.0],
                [0.963172, 0.0, 0.268887, -5e-06, 0.268887, 0.0, -0.963172, 1.742327, 0.0, 1.0, 0.0, 0.763627, 0.0, 0.0, 0.0, 1.0],
                [0.960553, 0.0, 0.278099, -5e-06, 0.278099, 0.0, -0.960553, 1.781052, 0.0, 1.0, 0.0, 0.762639, 0.0, 0.0, 0.0, 1.0],
                [0.958082, 0.0, 0.286494, -5e-06, 0.286494, 0.0, -0.958082, 1.816082, 0.0, 1.0, 0.0, 0.761081, 0.0, 0.0, 0.0, 1.0],
                [0.955771, 0.0, 0.294112, -5e-06, 0.294112, 0.0, -0.955771, 1.847599, 0.0, 1.0, 0.0, 0.759022, 0.0, 0.0, 0.0, 1.0],
                [0.953626, 0.0, 0.300994, -5e-06, 0.300994, 0.0, -0.953626, 1.875787, 0.0, 1.0, 0.0, 0.756536, 0.0, 0.0, 0.0, 1.0],
                [0.951653, 0.0, 0.307176, -5e-06, 0.307176, 0.0, -0.951653, 1.90083, 0.0, 1.0, 0.0, 0.753692, 0.0, 0.0, 0.0, 1.0],
                [0.949853, 0.0, 0.312696, -5e-06, 0.312696, 0.0, -0.949853, 1.922909, 0.0, 1.0, 0.0, 0.750563, 0.0, 0.0, 0.0, 1.0],
                [0.948228, 0.0, 0.317591, -5e-06, 0.317591, 0.0, -0.948228, 1.942209, 0.0, 1.0, 0.0, 0.74722, 0.0, 0.0, 0.0, 1.0],
                [0.946775, 0.0, 0.321895, -5e-06, 0.321895, 0.0, -0.946775, 1.958913, 0.0, 1.0, 0.0, 0.743734, 0.0, 0.0, 0.0, 1.0],
                [0.945492, 0.0, 0.325645, -5e-06, 0.325645, 0.0, -0.945492, 1.973203, 0.0, 1.0, 0.0, 0.740177, 0.0, 0.0, 0.0, 1.0],
                [0.944374, 0.0, 0.328875, -5e-06, 0.328875, 0.0, -0.944374, 1.985263, 0.0, 1.0, 0.0, 0.736619, 0.0, 0.0, 0.0, 1.0],
                [0.943414, 0.0, 0.331617, -5e-06, 0.331617, 0.0, -0.943414, 1.995276, 0.0, 1.0, 0.0, 0.733134, 0.0, 0.0, 0.0, 1.0],
                [0.942606, 0.0, 0.333906, -5e-06, 0.333906, 0.0, -0.942606, 2.003424, 0.0, 1.0, 0.0, 0.72979, 0.0, 0.0, 0.0, 1.0],
                [0.941942, 0.0, 0.335775, -5e-06, 0.335775, 0.0, -0.941942, 2.009893, 0.0, 1.0, 0.0, 0.726661, 0.0, 0.0, 0.0, 1.0],
                [0.941414, 0.0, 0.337254, -5e-06, 0.337254, 0.0, -0.941414, 2.014863, 0.0, 1.0, 0.0, 0.723818, 0.0, 0.0, 0.0, 1.0],
                [0.94101, 0.0, 0.338378, -5e-06, 0.338378, 0.0, -0.94101, 2.018519, 0.0, 1.0, 0.0, 0.721331, 0.0, 0.0, 0.0, 1.0],
                [0.940723, 0.0, 0.339177, -5e-06, 0.339177, 0.0, -0.940723, 2.021044, 0.0, 1.0, 0.0, 0.719273, 0.0, 0.0, 0.0, 1.0],
                [0.94054, 0.0, 0.339682, -5e-06, 0.339682, 0.0, -0.94054, 2.022621, 0.0, 1.0, 0.0, 0.717715, 0.0, 0.0, 0.0, 1.0],
                [0.940452, 0.0, 0.339926, -5e-06, 0.339926, 0.0, -0.940452, 2.023433, 0.0, 1.0, 0.0, 0.716727, 0.0, 0.0, 0.0, 1.0],
                [0.940448, 0.0, 0.339938, -5e-06, 0.339938, 0.0, -0.940448, 2.023663, 0.0, 1.0, 0.0, 0.716382, 0.0, 0.0, 0.0, 1.0],
                [0.940484, 0.0, 0.339837, -5e-06, 0.339837, 0.0, -0.940484, 2.023663, 0.0, 1.0, 0.0, 0.716382, 0.0, 0.0, 0.0, 1.0],
                [0.940527, 0.0, 0.339719, -5e-06, 0.339719, 0.0, -0.940527, 2.023663, 0.0, 1.0, 0.0, 0.716382, 0.0, 0.0, 0.0, 1.0],
                [0.940574, 0.0, 0.339588, -5e-06, 0.339588, 0.0, -0.940574, 2.023663, 0.0, 1.0, 0.0, 0.716382, 0.0, 0.0, 0.0, 1.0],
                [0.940626, 0.0, 0.339446, -5e-06, 0.339446, 0.0, -0.940626, 2.023663, 0.0, 1.0, 0.0, 0.716382, 0.0, 0.0, 0.0, 1.0],
                [0.94068, 0.0, 0.339296, -5e-06, 0.339296, 0.0, -0.94068, 2.023663, 0.0, 1.0, 0.0, 0.716382, 0.0, 0.0, 0.0, 1.0],
                [0.940736, 0.0, 0.33914, -5e-06, 0.33914, 0.0, -0.940736, 2.023663, 0.0, 1.0, 0.0, 0.716382, 0.0, 0.0, 0.0, 1.0],
                [0.940793, 0.0, 0.338981, -5e-06, 0.338981, 0.0, -0.940793, 2.023663, 0.0, 1.0, 0.0, 0.716382, 0.0, 0.0, 0.0, 1.0],
                [0.94085, 0.0, 0.338822, -5e-06, 0.338822, 0.0, -0.94085, 2.023663, 0.0, 1.0, 0.0, 0.716382, 0.0, 0.0, 0.0, 1.0],
                [0.940907, 0.0, 0.338666, -5e-06, 0.338666, 0.0, -0.940907, 2.023663, 0.0, 1.0, 0.0, 0.716382, 0.0, 0.0, 0.0, 1.0],
                [0.940961, 0.0, 0.338515, -5e-06, 0.338515, 0.0, -0.940961, 2.023663, 0.0, 1.0, 0.0, 0.716382, 0.0, 0.0, 0.0, 1.0],
                [0.941012, 0.0, 0.338372, -5e-06, 0.338372, 0.0, -0.941012, 2.023663, 0.0, 1.0, 0.0, 0.716382, 0.0, 0.0, 0.0, 1.0],
                [0.94106, 0.0, 0.338239, -5e-06, 0.338239, 0.0, -0.94106, 2.023663, 0.0, 1.0, 0.0, 0.716382, 0.0, 0.0, 0.0, 1.0],
                [0.941103, 0.0, 0.33812, -5e-06, 0.33812, 0.0, -0.941103, 2.023663, 0.0, 1.0, 0.0, 0.716382, 0.0, 0.0, 0.0, 1.0],
                [0.94114, 0.0, 0.338016, -5e-06, 0.338016, 0.0, -0.94114, 2.023663, 0.0, 1.0, 0.0, 0.716382, 0.0, 0.0, 0.0, 1.0],
                [0.941171, 0.0, 0.337931, -5e-06, 0.337931, 0.0, -0.941171, 2.023663, 0.0, 1.0, 0.0, 0.716382, 0.0, 0.0, 0.0, 1.0],
                [0.941194, 0.0, 0.337867, -5e-06, 0.337867, 0.0, -0.941194, 2.023663, 0.0, 1.0, 0.0, 0.716382, 0.0, 0.0, 0.0, 1.0],
                [0.941208, 0.0, 0.337827, -5e-06, 0.337827, 0.0, -0.941208, 2.023663, 0.0, 1.0, 0.0, 0.716382, 0.0, 0.0, 0.0, 1.0],
                [0.941213, 0.0, 0.337813, -5e-06, 0.337813, 0.0, -0.941213, 2.023663, 0.0, 1.0, 0.0, 0.716382, 0.0, 0.0, 0.0, 1.0],
                [0.941213, 0.0, 0.337813, -5e-06, 0.337813, 0.0, -0.941213, 2.023445, 0.0, 1.0, 0.0, 0.716419, 0.0, 0.0, 0.0, 1.0],
                [0.941213, 0.0, 0.337813, -5e-06, 0.337813, 0.0, -0.941213, 2.022802, 0.0, 1.0, 0.0, 0.716527, 0.0, 0.0, 0.0, 1.0],
                [0.941213, 0.0, 0.337813, -5e-06, 0.337813, 0.0, -0.941213, 2.021749, 0.0, 1.0, 0.0, 0.716706, 0.0, 0.0, 0.0, 1.0],
                [0.941213, 0.0, 0.337813, -5e-06, 0.337813, 0.0, -0.941213, 2.020298, 0.0, 1.0, 0.0, 0.716951, 0.0, 0.0, 0.0, 1.0],
                [0.941314, 0.0, 0.337532, -5e-06, 0.337532, 0.0, -0.941314, 2.018464, 0.0, 1.0, 0.0, 0.717261, 0.0, 0.0, 0.0, 1.0],
                [0.941611, 0.0, 0.336704, -5e-06, 0.336704, 0.0, -0.941611, 2.016262, 0.0, 1.0, 0.0, 0.717633, 0.0, 0.0, 0.0, 1.0],
                [0.942095, 0.0, 0.335347, -5e-06, 0.335347, 0.0, -0.942095, 2.013705, 0.0, 1.0, 0.0, 0.718065, 0.0, 0.0, 0.0, 1.0],
                [0.942757, 0.0, 0.333479, -5e-06, 0.333479, 0.0, -0.942757, 2.010808, 0.0, 1.0, 0.0, 0.718555, 0.0, 0.0, 0.0, 1.0],
                [0.943589, 0.0, 0.331119, -5e-06, 0.331119, 0.0, -0.943589, 2.007586, 0.0, 1.0, 0.0, 0.719099, 0.0, 0.0, 0.0, 1.0],
                [0.944579, 0.0, 0.328283, -5e-06, 0.328283, 0.0, -0.944579, 2.004051, 0.0, 1.0, 0.0, 0.719697, 0.0, 0.0, 0.0, 1.0],
                [0.945717, 0.0, 0.324991, -5e-06, 0.324991, 0.0, -0.945717, 2.000218, 0.0, 1.0, 0.0, 0.720344, 0.0, 0.0, 0.0, 1.0],
                [0.946992, 0.0, 0.321258, -5e-06, 0.321258, 0.0, -0.946992, 1.996102, 0.0, 1.0, 0.0, 0.72104, 0.0, 0.0, 0.0, 1.0],
                [0.948391, 0.0, 0.317103, -5e-06, 0.317103, 0.0, -0.948391, 1.991716, 0.0, 1.0, 0.0, 0.721781, 0.0, 0.0, 0.0, 1.0],
                [0.949904, 0.0, 0.312542, -5e-06, 0.312542, 0.0, -0.949904, 1.987076, 0.0, 1.0, 0.0, 0.722566, 0.0, 0.0, 0.0, 1.0],
                [0.951518, 0.0, 0.307593, -5e-06, 0.307593, 0.0, -0.951518, 1.982194, 0.0, 1.0, 0.0, 0.723391, 0.0, 0.0, 0.0, 1.0],
                [0.953221, 0.0, 0.302273, -5e-06, 0.302273, 0.0, -0.953221, 1.977086, 0.0, 1.0, 0.0, 0.724254, 0.0, 0.0, 0.0, 1.0],
                [0.955002, 0.0, 0.296599, -5e-06, 0.296599, 0.0, -0.955002, 1.971764, 0.0, 1.0, 0.0, 0.725154, 0.0, 0.0, 0.0, 1.0],
                [0.956848, 0.0, 0.290589, -5e-06, 0.290589, 0.0, -0.956848, 1.966245, 0.0, 1.0, 0.0, 0.726087, 0.0, 0.0, 0.0, 1.0],
                [0.958747, 0.0, 0.284261, -5e-06, 0.284261, 0.0, -0.958747, 1.960541, 0.0, 1.0, 0.0, 0.727051, 0.0, 0.0, 0.0, 1.0],
                [0.960688, 0.0, 0.277631, -5e-06, 0.277631, 0.0, -0.960688, 1.954667, 0.0, 1.0, 0.0, 0.728043, 0.0, 0.0, 0.0, 1.0],
                [0.962658, 0.0, 0.270719, -5e-06, 0.270719, 0.0, -0.962658, 1.948637, 0.0, 1.0, 0.0, 0.729063, 0.0, 0.0, 0.0, 1.0],
                [0.964648, 0.0, 0.263543, -5e-06, 0.263543, 0.0, -0.964648, 1.942465, 0.0, 1.0, 0.0, 0.730106, 0.0, 0.0, 0.0, 1.0],
                [0.966645, 0.0, 0.256121, -5e-06, 0.256121, 0.0, -0.966645, 1.936166, 0.0, 1.0, 0.0, 0.73117, 0.0, 0.0, 0.0, 1.0],
                [0.968639, 0.0, 0.248472, -5e-06, 0.248472, 0.0, -0.968639, 1.929753, 0.0, 1.0, 0.0, 0.732254, 0.0, 0.0, 0.0, 1.0],
                [0.97062, 0.0, 0.240616, -5e-06, 0.240616, 0.0, -0.97062, 1.923241, 0.0, 1.0, 0.0, 0.733355, 0.0, 0.0, 0.0, 1.0],
                [0.972579, 0.0, 0.232572, -5e-06, 0.232572, 0.0, -0.972579, 1.916644, 0.0, 1.0, 0.0, 0.73447, 0.0, 0.0, 0.0, 1.0],
                [0.974506, 0.0, 0.224361, -5e-06, 0.224361, 0.0, -0.974506, 1.909976, 0.0, 1.0, 0.0, 0.735597, 0.0, 0.0, 0.0, 1.0],
                [0.976393, 0.0, 0.216001, -5e-06, 0.216001, 0.0, -0.976393, 1.903251, 0.0, 1.0, 0.0, 0.736733, 0.0, 0.0, 0.0, 1.0],
                [0.978232, 0.0, 0.207514, -5e-06, 0.207514, 0.0, -0.978232, 1.896484, 0.0, 1.0, 0.0, 0.737877, 0.0, 0.0, 0.0, 1.0],
                [0.980016, 0.0, 0.198921, -5e-06, 0.198921, 0.0, -0.980016, 1.889688, 0.0, 1.0, 0.0, 0.739026, 0.0, 0.0, 0.0, 1.0],
                [0.981737, 0.0, 0.190242, -5e-06, 0.190242, 0.0, -0.981737, 1.882878, 0.0, 1.0, 0.0, 0.740177, 0.0, 0.0, 0.0, 1.0],
                [0.983391, 0.0, 0.181499, -5e-06, 0.181499, 0.0, -0.983391, 1.876069, 0.0, 1.0, 0.0, 0.741328, 0.0, 0.0, 0.0, 1.0],
                [0.984972, 0.0, 0.172714, -5e-06, 0.172714, 0.0, -0.984972, 1.869273, 0.0, 1.0, 0.0, 0.742476, 0.0, 0.0, 0.0, 1.0],
                [0.986476, 0.0, 0.163908, -5e-06, 0.163908, 0.0, -0.986476, 1.862506, 0.0, 1.0, 0.0, 0.74362, 0.0, 0.0, 0.0, 1.0],
                [0.987898, 0.0, 0.155103, -5e-06, 0.155103, 0.0, -0.987898, 1.855781, 0.0, 1.0, 0.0, 0.744757, 0.0, 0.0, 0.0, 1.0],
                [0.989237, 0.0, 0.146323, -5e-06, 0.146323, 0.0, -0.989237, 1.849113, 0.0, 1.0, 0.0, 0.745884, 0.0, 0.0, 0.0, 1.0],
                [0.990489, 0.0, 0.137588, -5e-06, 0.137588, 0.0, -0.990489, 1.842516, 0.0, 1.0, 0.0, 0.746999, 0.0, 0.0, 0.0, 1.0],
                [0.991655, 0.0, 0.128922, -5e-06, 0.128922, 0.0, -0.991655, 1.836004, 0.0, 1.0, 0.0, 0.748099, 0.0, 0.0, 0.0, 1.0],
                [0.992732, 0.0, 0.120346, -5e-06, 0.120346, 0.0, -0.992732, 1.829592, 0.0, 1.0, 0.0, 0.749183, 0.0, 0.0, 0.0, 1.0],
                [0.993721, 0.0, 0.111885, -5e-06, 0.111885, 0.0, -0.993721, 1.823292, 0.0, 1.0, 0.0, 0.750248, 0.0, 0.0, 0.0, 1.0],
                [0.994623, 0.0, 0.10356, -5e-06, 0.10356, 0.0, -0.994623, 1.81712, 0.0, 1.0, 0.0, 0.751291, 0.0, 0.0, 0.0, 1.0],
                [0.99544, 0.0, 0.095394, -5e-06, 0.095394, 0.0, -0.99544, 1.81109, 0.0, 1.0, 0.0, 0.75231, 0.0, 0.0, 0.0, 1.0],
                [0.996172, 0.0, 0.08741, -5e-06, 0.08741, 0.0, -0.996172, 1.805216, 0.0, 1.0, 0.0, 0.753303, 0.0, 0.0, 0.0, 1.0],
                [0.996824, 0.0, 0.079631, -5e-06, 0.079631, 0.0, -0.996824, 1.799513, 0.0, 1.0, 0.0, 0.754267, 0.0, 0.0, 0.0, 1.0],
                [0.997399, 0.0, 0.072079, -5e-06, 0.072079, 0.0, -0.997399, 1.793993, 0.0, 1.0, 0.0, 0.7552, 0.0, 0.0, 0.0, 1.0],
                [0.9979, 0.0, 0.064777, -5e-06, 0.064777, 0.0, -0.9979, 1.788672, 0.0, 1.0, 0.0, 0.756099, 0.0, 0.0, 0.0, 1.0],
                [0.998331, 0.0, 0.057747, -5e-06, 0.057747, 0.0, -0.998331, 1.783563, 0.0, 1.0, 0.0, 0.756963, 0.0, 0.0, 0.0, 1.0],
                [0.998698, 0.0, 0.051012, -5e-06, 0.051012, 0.0, -0.998698, 1.778682, 0.0, 1.0, 0.0, 0.757788, 0.0, 0.0, 0.0, 1.0],
                [0.999005, 0.0, 0.044594, -5e-06, 0.044594, 0.0, -0.999005, 1.774041, 0.0, 1.0, 0.0, 0.758572, 0.0, 0.0, 0.0, 1.0],
                [0.999258, 0.0, 0.038516, -5e-06, 0.038516, 0.0, -0.999258, 1.769656, 0.0, 1.0, 0.0, 0.759313, 0.0, 0.0, 0.0, 1.0],
                [0.999462, 0.0, 0.032799, -5e-06, 0.032799, 0.0, -0.999462, 1.765539, 0.0, 1.0, 0.0, 0.760009, 0.0, 0.0, 0.0, 1.0],
                [0.999623, 0.0, 0.027465, -5e-06, 0.027465, 0.0, -0.999623, 1.761707, 0.0, 1.0, 0.0, 0.760657, 0.0, 0.0, 0.0, 1.0],
                [0.999746, 0.0, 0.022537, -5e-06, 0.022537, 0.0, -0.999746, 1.758172, 0.0, 1.0, 0.0, 0.761254, 0.0, 0.0, 0.0, 1.0],
                [0.999837, 0.0, 0.018036, -5e-06, 0.018036, 0.0, -0.999837, 1.754949, 0.0, 1.0, 0.0, 0.761799, 0.0, 0.0, 0.0, 1.0],
                [0.999902, 0.0, 0.013984, -5e-06, 0.013984, 0.0, -0.999902, 1.752052, 0.0, 1.0, 0.0, 0.762289, 0.0, 0.0, 0.0, 1.0],
                [0.999946, 0.0, 0.010403, -5e-06, 0.010403, 0.0, -0.999946, 1.749496, 0.0, 1.0, 0.0, 0.762721, 0.0, 0.0, 0.0, 1.0],
                [0.999973, 0.0, 0.007314, -5e-06, 0.007314, 0.0, -0.999973, 1.747294, 0.0, 1.0, 0.0, 0.763093, 0.0, 0.0, 0.0, 1.0],
                [0.999989, 0.0, 0.004738, -5e-06, 0.004738, 0.0, -0.999989, 1.74546, 0.0, 1.0, 0.0, 0.763403, 0.0, 0.0, 0.0, 1.0],
                [0.999996, 0.0, 0.002697, -5e-06, 0.002697, 0.0, -0.999996, 1.744009, 0.0, 1.0, 0.0, 0.763648, 0.0, 0.0, 0.0, 1.0],
                [0.999999, 0.0, 0.001213, -5e-06, 0.001213, 0.0, -0.999999, 1.742955, 0.0, 1.0, 0.0, 0.763826, 0.0, 0.0, 0.0, 1.0],
                [1.0, 0.0, 0.000307, -5e-06, 0.000307, 0.0, -1.0, 1.742313, 0.0, 1.0, 0.0, 0.763935, 0.0, 0.0, 0.0, 1.0],
                [1.0, 0.0, 0.0, -5e-06, 0.0, 0.0, -1.0, 1.742095, 0.0, 1.0, 0.0, 0.763972, 0.0, 0.0, 0.0, 1.0]
            ]
        },
        {
            "name": "Thigh_R",
            "time": [0.0, 0.0167, 0.0333, 0.05, 0.0667, 0.0833, 0.1, 0.1167, 0.1333, 0.15, 0.1667, 0.1833, 0.2, 0.2167, 0.2333, 0.25, 0.2667, 0.2833, 0.3, 0.3167, 0.3333, 0.35, 0.3667, 0.3833, 0.4, 0.4167, 0.4333, 0.45, 0.4667, 0.4833, 0.5, 0.5167, 0.5333, 0.55, 0.5667, 0.5833, 0.6, 0.6167, 0.6333, 0.65, 0.6667, 0.6833, 0.7, 0.7167, 0.7333, 0.75, 0.7667, 0.7833, 0.8, 0.8167, 0.8333, 0.85, 0.8667, 0.8833, 0.9, 0.9167, 0.9333, 0.95, 0.9667, 0.9833, 1.0, 1.0167, 1.0333, 1.05, 1.0667, 1.0833, 1.1, 1.1167, 1.1333, 1.15, 1.1667, 1.1833, 1.2, 1.2167, 1.2333, 1.25, 1.2667, 1.2833, 1.3, 1.3167, 1.3333, 1.35, 1.3667, 1.3833, 1.4, 1.4167, 1.4333, 1.45, 1.4667, 1.4833, 1.5, 1.5167, 1.5333, 1.55, 1.5667, 1.5833, 1.6, 1.6167, 1.6333, 1.65, 1.6667, 1.6833, 1.7, 1.7167, 1.7333, 1.75, 1.7667, 1.7833, 1.8, 1.8167, 1.8333, 1.85, 1.8667, 1.8833, 1.9, 1.9167, 1.9333, 1.95, 1.9667, 1.9833, 2.0, 2.0167, 2.0333, 2.05, 2.0667, 2.0833, 2.1, 2.1167, 2.1333, 2.15, 2.1667, 2.1833, 2.2, 2.2167, 2.2333, 2.25, 2.2667],
            "transform": [
                [0.925324, 0.290594, 0.243577, 0.124994, 0.345678, -0.910494, -0.226953, -0.002831, 0.155824, 0.294204, -0.942954, -1.2e-05, 0.0, 0.0, 0.0, 1.0],
                [0.926225, 0.292274, 0.238084, 0.124994, 0.344862, -0.912016, -0.222027, -0.002831, 0.152244, 0.287753, -0.945526, -1.2e-05, 0.0, 0.0, 0.0, 1.0],
                [0.928675, 0.296812, 0.22241, 0.124994, 0.342597, -0.916211, -0.207809, -0.002831, 0.142094, 0.269184, -0.952549, -1.2e-05, 0.0, 0.0, 0.0, 1.0],
                [0.932189, 0.303243, 0.197655, 0.124994, 0.339263, -0.922315, -0.185028, -0.002831, 0.126192, 0.239538, -0.962651, -1.2e-05, 0.0, 0.0, 0.0, 1.0],
                [0.936194, 0.310408, 0.164887, 0.124994, 0.335332, -0.929367, -0.154366, -0.002831, 0.105324, 0.199809, -0.974158, -1.2e-05, 0.0, 0.0, 0.0, 1.0],
                [0.940097, 0.317061, 0.125262, 0.124994, 0.33131, -0.936294, -0.116564, -0.002831, 0.080324, 0.151082, -0.985252, -1.2e-05, 0.0, 0.0, 0.0, 1.0],
                [0.943348, 0.321985, 0.080119, 0.124994, 0.327684, -0.942001, -0.072507, -0.002831, 0.052126, 0.094654, -0.994145, -1.2e-05, 0.0, 0.0, 0.0, 1.0],
                [0.94551, 0.324111, 0.03102, 0.124994, 0.324862, -0.945475, -0.023276, -0.002831, 0.021785, 0.032085, -0.999248, -1.2e-05, 0.0, 0.0, 0.0, 1.0],
                [0.946308, 0.322631, -0.020257, 0.124994, 0.323126, -0.945885, 0.029851, -0.002831, -0.009529, -0.034794, -0.999349, -1.2e-05, 0.0, 0.0, 0.0, 1.0],
                [0.945673, 0.317096, -0.071781, 0.124994, 0.322577, -0.942679, 0.085442, -0.002831, -0.040573, -0.103955, -0.993754, -1.2e-05, 0.0, 0.0, 0.0, 1.0],
                [0.943759, 0.307471, -0.121577, 0.124994, 0.323119, -0.935645, 0.141994, -0.002831, -0.070094, -0.173292, -0.982373, -1.2e-05, 0.0, 0.0, 0.0, 1.0],
                [0.940928, 0.294141, -0.16774, 0.124994, 0.324448, -0.92494, 0.19804, -0.002831, -0.096897, -0.240764, -0.965735, -1.2e-05, 0.0, 0.0, 0.0, 1.0],
                [0.93771, 0.277866, -0.208544, 0.124994, 0.326072, -0.911068, 0.252252, -0.002831, -0.119906, -0.30454, -0.944922, -1.2e-05, 0.0, 0.0, 0.0, 1.0],
                [0.934745, 0.259692, -0.242511, 0.124994, 0.327347, -0.894831, 0.303513, -0.002831, -0.138187, -0.363093, -0.921449, -1.2e-05, 0.0, 0.0, 0.0, 1.0],
                [0.93271, 0.240842, -0.268417, 0.124994, 0.327519, -0.877248, 0.350952, -0.002831, -0.150944, -0.415249, -0.897098, -1.2e-05, 0.0, 0.0, 0.0, 1.0],
                [0.932243, 0.222603, -0.285255, 0.124994, 0.325765, -0.859474, 0.39393, -0.002831, -0.157479, -0.460164, -0.873756, -1.2e-05, 0.0, 0.0, 0.0, 1.0],
                [0.933878, 0.206227, -0.292136, 0.124994, 0.321231, -0.842741, 0.43197, -0.002831, -0.157111, -0.49725, -0.853263, -1.2e-05, 0.0, 0.0, 0.0, 1.0],
                [0.940028, 0.186126, -0.285839, 0.124994, 0.306179, -0.82978, 0.466603, -0.002831, -0.150337, -0.526138, -0.837005, -1.2e-05, 0.0, 0.0, 0.0, 1.0],
                [0.950364, 0.160472, -0.266567, 0.124994, 0.278603, -0.820326, 0.499445, -0.002831, -0.138525, -0.548921, -0.824316, -1.2e-05, 0.0, 0.0, 0.0, 1.0],
                [0.961484, 0.135904, -0.23891, 0.124994, 0.2464, -0.811354, 0.530086, -0.002831, -0.121799, -0.568537, -0.813591, -1.2e-05, 0.0, 0.0, 0.0, 1.0],
                [0.970842, 0.119148, -0.208013, 0.124994, 0.217888, -0.800399, 0.558467, -0.002831, -0.099953, -0.587507, -0.803023, -1.2e-05, 0.0, 0.0, 0.0, 1.0],
                [0.976736, 0.117117, -0.179639, 0.124994, 0.201799, -0.785387, 0.585187, -0.002831, -0.072551, -0.607825, -0.79075, -1.2e-05, 0.0, 0.0, 0.0, 1.0],
                [0.979419, 0.12782, -0.156208, 0.124994, 0.197498, -0.766559, 0.61105, -0.002831, -0.041638, -0.629324, -0.776026, -1.2e-05, 0.0, 0.0, 0.0, 1.0],
                [0.98082, 0.141827, -0.133706, 0.124994, 0.194627, -0.749923, 0.632246, -0.002831, -0.010599, -0.646143, -0.763143, -1.2e-05, 0.0, 0.0, 0.0, 1.0],
                [0.982008, 0.154618, -0.108416, 0.124994, 0.187894, -0.74261, 0.642826, -0.002831, 0.018882, -0.651631, -0.758301, -1.2e-05, 0.0, 0.0, 0.0, 1.0],
                [0.983443, 0.163695, -0.077743, 0.124994, 0.175382, -0.751743, 0.635707, -0.002831, 0.045619, -0.638817, -0.768005, -1.2e-05, 0.0, 0.0, 0.0, 1.0],
                [0.9847, 0.16912, -0.042002, 0.124994, 0.159443, -0.777162, 0.608767, -0.002831, 0.070312, -0.60615, -0.792237, -1.2e-05, 0.0, 0.0, 0.0, 1.0],
                [0.985492, 0.169709, -0.001956, 0.124994, 0.141384, -0.814528, 0.562631, -0.002831, 0.093891, -0.554745, -0.826706, -1.2e-05, 0.0, 0.0, 0.0, 1.0],
                [0.985549, 0.164318, 0.041142, 0.124994, 0.122375, -0.858616, 0.497798, -0.002831, 0.117122, -0.48557, -0.866317, -1.2e-05, 0.0, 0.0, 0.0, 1.0],
                [0.984654, 0.152126, 0.085519, 0.124994, 0.103526, -0.903675, 0.415516, -0.002831, 0.140492, -0.400287, -0.905556, -1.2e-05, 0.0, 0.0, 0.0, 1.0],
                [0.982693, 0.132922, 0.129019, 0.124994, 0.085884, -0.944041, 0.318451, -0.002831, 0.164128, -0.301859, -0.939119, -1.2e-05, 0.0, 0.0, 0.0, 1.0],
                [0.979689, 0.107326, 0.169384, 0.124994, 0.07034, -0.974967, 0.21093, -0.002831, 0.187783, -0.194732, -0.962714, -1.2e-05, 0.0, 0.0, 0.0, 1.0],
                [0.975816, 0.076819, 0.20465, 0.124994, 0.057516, -0.993457, 0.098664, -0.002831, 0.21089, -0.084507, -0.97385, -1.2e-05, 0.0, 0.0, 0.0, 1.0],
                [0.97138, 0.043561, 0.233504, 0.124994, 0.047677, -0.99879, -0.01201, -0.002831, 0.232698, 0.0228, -0.972282, -1.2e-05, 0.0, 0.0, 0.0, 1.0],
                [0.966759, 0.010044, 0.255491, 0.124994, 0.040718, -0.992524, -0.115053, -0.002831, 0.252426, 0.121631, -0.959941, -1.2e-05, 0.0, 0.0, 0.0, 1.0],
                [0.962348, -0.021275, 0.270985, 0.124994, 0.036233, -0.977995, -0.205458, -0.002831, 0.269393, 0.207541, -0.940401, -1.2e-05, 0.0, 0.0, 0.0, 1.0],
                [0.958503, -0.048251, 0.28097, 0.124994, 0.033645, -0.959538, -0.27956, -0.002831, 0.283091, 0.277413, -0.918097, -1.2e-05, 0.0, 0.0, 0.0, 1.0],
                [0.955513, -0.069146, 0.28673, 0.124994, 0.032339, -0.941711, -0.334864, -0.002831, 0.293172, 0.329239, -0.897581, -1.2e-05, 0.0, 0.0, 0.0, 1.0],
                [0.9536, -0.082567, 0.289532, 0.124994, 0.031784, -0.928679, -0.369518, -0.002831, 0.299393, 0.361576, -0.882965, -1.2e-05, 0.0, 0.0, 0.0, 1.0],
                [0.952933, -0.087305, 0.290338, 0.124994, 0.031634, -0.923782, -0.38161, -0.002831, 0.301525, 0.372833, -0.877541, -1.2e-05, 0.0, 0.0, 0.0, 1.0],
                [0.952933, -0.087305, 0.290338, 0.124994, 0.031634, -0.923782, -0.38161, -0.002831, 0.301525, 0.372833, -0.877541, -1.2e-05, 0.0, 0.0, 0.0, 1.0],
                [0.952933, -0.087305, 0.290338, 0.124994, 0.031634, -0.923782, -0.38161, -0.002831, 0.301525, 0.372833, -0.877541, -1.2e-05, 0.0, 0.0, 0.0, 1.0],
                [0.952933, -0.087305, 0.290338, 0.124994, 0.031634, -0.923782, -0.38161, -0.002831, 0.301525, 0.372833, -0.877541, -1.2e-05, 0.0, 0.0, 0.0, 1.0],
                [0.952932, -0.087215, 0.29037, 0.124994, 0.031548, -0.924009, -0.381067, -0.002831, 0.301539, 0.372291, -0.877766, -1.2e-05, 0.0, 0.0, 0.0, 1.0],
                [0.952927, -0.086946, 0.290465, 0.124994, 0.031311, -0.924659, -0.379505, -0.002831, 0.301578, 0.370735, -0.878411, -1.2e-05, 0.0, 0.0, 0.0, 1.0],
                [0.952921, -0.086504, 0.290619, 0.124994, 0.030953, -0.925685, -0.377026, -0.002831, 0.301635, 0.368272, -0.879427, -1.2e-05, 0.0, 0.0, 0.0, 1.0],
                [0.952913, -0.085891, 0.290826, 0.124994, 0.030504, -0.927034, -0.373733, -0.002831, 0.301706, 0.365007, -0.880763, -1.2e-05, 0.0, 0.0, 0.0, 1.0],
                [0.952904, -0.085112, 0.291083, 0.124994, 0.029994, -0.928656, -0.369727, -0.002831, 0.301784, 0.361045, -0.882368, -1.2e-05, 0.0, 0.0, 0.0, 1.0],
                [0.952896, -0.084171, 0.291384, 0.124994, 0.029453, -0.930499, -0.365109, -0.002831, 0.301864, 0.356493, -0.88419, -1.2e-05, 0.0, 0.0, 0.0, 1.0],
                [0.952888, -0.083071, 0.291724, 0.124994, 0.028912, -0.932512, -0.359979, -0.002831, 0.30194, 0.351455, -0.886178, -1.2e-05, 0.0, 0.0, 0.0, 1.0],
                [0.952882, -0.081816, 0.292099, 0.124994, 0.028401, -0.934646, -0.354442, -0.002831, 0.302009, 0.346037, -0.888284, -1.2e-05, 0.0, 0.0, 0.0, 1.0],
                [0.952878, -0.080411, 0.292503, 0.124994, 0.02795, -0.936855, -0.348599, -0.002831, 0.302065, 0.340348, -0.890461, -1.2e-05, 0.0, 0.0, 0.0, 1.0],
                [0.952875, -0.078859, 0.292933, 0.124994, 0.02759, -0.939093, -0.342554, -0.002831, 0.302104, 0.334494, -0.892663, -1.2e-05, 0.0, 0.0, 0.0, 1.0],
                [0.952876, -0.077164, 0.293382, 0.124994, 0.02735, -0.941317, -0.336412, -0.002831, 0.302125, 0.328583, -0.894848, -1.2e-05, 0.0, 0.0, 0.0, 1.0],
                [0.952879, -0.075331, 0.293849, 0.124994, 0.027263, -0.943489, -0.330279, -0.002831, 0.302123, 0.322727, -0.896978, -1.2e-05, 0.0, 0.0, 0.0, 1.0],
                [0.952885, -0.073364, 0.294328, 0.124994, 0.027357, -0.945572, -0.324259, -0.002831, 0.302097, 0.317034, -0.899014, -1.2e-05, 0.0, 0.0, 0.0, 1.0],
                [0.952892, -0.071266, 0.294817, 0.124994, 0.027664, -0.947532, -0.318461, -0.002831, 0.302045, 0.311615, -0.900925, -1.2e-05, 0.0, 0.0, 0.0, 1.0],
                [0.952902, -0.069044, 0.295315, 0.124994, 0.028214, -0.949336, -0.312993, -0.002831, 0.301963, 0.306583, -0.902676, -1.2e-05, 0.0, 0.0, 0.0, 1.0],
                [0.952913, -0.0667, 0.295819, 0.124994, 0.029039, -0.950955, -0.307961, -0.002831, 0.301851, 0.302051, -0.904241, -1.2e-05, 0.0, 0.0, 0.0, 1.0],
                [0.952923, -0.06424, 0.296328, 0.124994, 0.030169, -0.952361, -0.303476, -0.002831, 0.301706, 0.298129, -0.90559, -1.2e-05, 0.0, 0.0, 0.0, 1.0],
                [0.952933, -0.061668, 0.296842, 0.124994, 0.031634, -0.953526, -0.299645, -0.002831, 0.301525, 0.294932, -0.906696, -1.2e-05, 0.0, 0.0, 0.0, 1.0],
                [0.952958, -0.058944, 0.297315, 0.124994, 0.033415, -0.954499, -0.296336, -0.002831, 0.301254, 0.29233, -0.907628, -1.2e-05, 0.0, 0.0, 0.0, 1.0],
                [0.953013, -0.056027, 0.297703, 0.124994, 0.035465, -0.955353, -0.293329, -0.002831, 0.300846, 0.290105, -0.908477, -1.2e-05, 0.0, 0.0, 0.0, 1.0],
                [0.953095, -0.052923, 0.298007, 0.124994, 0.037775, -0.956096, -0.290607, -0.002831, 0.300304, 0.288234, -0.909252, -1.2e-05, 0.0, 0.0, 0.0, 1.0],
                [0.953202, -0.049635, 0.298232, 0.124994, 0.040336, -0.956735, -0.28815, -0.002831, 0.299631, 0.286695, -0.90996, -1.2e-05, 0.0, 0.0, 0.0, 1.0],
                [0.95333, -0.046167, 0.29838, 0.124994, 0.043137, -0.957276, -0.285939, -0.002831, 0.298833, 0.285466, -0.910609, -1.2e-05, 0.0, 0.0, 0.0, 1.0],
                [0.953476, -0.042525, 0.298454, 0.124994, 0.046168, -0.957725, -0.283955, -0.002831, 0.297912, 0.284524, -0.911205, -1.2e-05, 0.0, 0.0, 0.0, 1.0],
                [0.953638, -0.038711, 0.298458, 0.124994, 0.049421, -0.958088, -0.282178, -0.002831, 0.296872, 0.283846, -0.911756, -1.2e-05, 0.0, 0.0, 0.0, 1.0],
                [0.953811, -0.034731, 0.298394, 0.124994, 0.052884, -0.95837, -0.280589, -0.002831, 0.295717, 0.283409, -0.912267, -1.2e-05, 0.0, 0.0, 0.0, 1.0],
                [0.953993, -0.030587, 0.298266, 0.124994, 0.056548, -0.958576, -0.279168, -0.002831, 0.294449, 0.283191, -0.912745, -1.2e-05, 0.0, 0.0, 0.0, 1.0],
                [0.95418, -0.026285, 0.298076, 0.124994, 0.060403, -0.95871, -0.277896, -0.002831, 0.293073, 0.283167, -0.913195, -1.2e-05, 0.0, 0.0, 0.0, 1.0],
                [0.95437, -0.021827, 0.297828, 0.124994, 0.064438, -0.958778, -0.276752, -0.002831, 0.291592, 0.283315, -0.913623, -1.2e-05, 0.0, 0.0, 0.0, 1.0],
                [0.954559, -0.017218, 0.297525, 0.124994, 0.068643, -0.958784, -0.275717, -0.002831, 0.290009, 0.283612, -0.914034, -1.2e-05, 0.0, 0.0, 0.0, 1.0],
                [0.954744, -0.012463, 0.297168, 0.124994, 0.073009, -0.958733, -0.274772, -0.002831, 0.288329, 0.284033, -0.914435, -1.2e-05, 0.0, 0.0, 0.0, 1.0],
                [0.954922, -0.007564, 0.296761, 0.124994, 0.077525, -0.95863, -0.273895, -0.002831, 0.286555, 0.284555, -0.91483, -1.2e-05, 0.0, 0.0, 0.0, 1.0],
                [0.95509, -0.002526, 0.296305, 0.124994, 0.082182, -0.958478, -0.273069, -0.002831, 0.284692, 0.285156, -0.915225, -1.2e-05, 0.0, 0.0, 0.0, 1.0],
                [0.955245, 0.002647, 0.295804, 0.124994, 0.086968, -0.958282, -0.272271, -0.002831, 0.282743, 0.285811, -0.915625, -1.2e-05, 0.0, 0.0, 0.0, 1.0],
                [0.955384, 0.007952, 0.295258, 0.124994, 0.091875, -0.958048, -0.271483, -0.002831, 0.280713, 0.286498, -0.916035, -1.2e-05, 0.0, 0.0, 0.0, 1.0],
                [0.955505, 0.013383, 0.29467, 0.124994, 0.096892, -0.957779, -0.270684, -0.002831, 0.278607, 0.287192, -0.91646, -1.2e-05, 0.0, 0.0, 0.0, 1.0],
                [0.955605, 0.018937, 0.294042, 0.124994, 0.102011, -0.957481, -0.269859, -0.002831, 0.276429, 0.287874, -0.916905, -1.2e-05, 0.0, 0.0, 0.0, 1.0],
                [0.955681, 0.024607, 0.293373, 0.124994, 0.107223, -0.957152, -0.269005, -0.002831, 0.274183, 0.28854, -0.91737, -1.2e-05, 0.0, 0.0, 0.0, 1.0],
                [0.955732, 0.030384, 0.292666, 0.124994, 0.112523, -0.95679, -0.268124, -0.002831, 0.271874, 0.289187, -0.917854, -1.2e-05, 0.0, 0.0, 0.0, 1.0],
                [0.955755, 0.036262, 0.291922, 0.124994, 0.117904, -0.956395, -0.267219, -0.002831, 0.269503, 0.289815, -0.918355, -1.2e-05, 0.0, 0.0, 0.0, 1.0],
                [0.955747, 0.042232, 0.291142, 0.124994, 0.12336, -0.955966, -0.266292, -0.002831, 0.267076, 0.290423, -0.918872, -1.2e-05, 0.0, 0.0, 0.0, 1.0],
                [0.955709, 0.048286, 0.290326, 0.124994, 0.128882, -0.955501, -0.265344, -0.002831, 0.264595, 0.291009, -0.919404, -1.2e-05, 0.0, 0.0, 0.0, 1.0],
                [0.955637, 0.054418, 0.289477, 0.124994, 0.134465, -0.954999, -0.264378, -0.002831, 0.262064, 0.291574, -0.91995, -1.2e-05, 0.0, 0.0, 0.0, 1.0],
                [0.95553, 0.060618, 0.288596, 0.124994, 0.140103, -0.95446, -0.263395, -0.002831, 0.259487, 0.292115, -0.920509, -1.2e-05, 0.0, 0.0, 0.0, 1.0],
                [0.955387, 0.06688, 0.287683, 0.124994, 0.145787, -0.953883, -0.262397, -0.002831, 0.256867, 0.292632, -0.921079, -1.2e-05, 0.0, 0.0, 0.0, 1.0],
                [0.955208, 0.073196, 0.286741, 0.124994, 0.151512, -0.953268, -0.261387, -0.002831, 0.254209, 0.293124, -0.921659, -1.2e-05, 0.0, 0.0, 0.0, 1.0],
                [0.95499, 0.079557, 0.285771, 0.124994, 0.157271, -0.952615, -0.260366, -0.002831, 0.251516, 0.293591, -0.92225, -1.2e-05, 0.0, 0.0, 0.0, 1.0],
                [0.954733, 0.085956, 0.284774, 0.124994, 0.163057, -0.951923, -0.259336, -0.002831, 0.248791, 0.294031, -0.922848, -1.2e-05, 0.0, 0.0, 0.0, 1.0],
                [0.954437, 0.092385, 0.283752, 0.124994, 0.168862, -0.951192, -0.258299, -0.002831, 0.246039, 0.294445, -0.923454, -1.2e-05, 0.0, 0.0, 0.0, 1.0],
                [0.954101, 0.098835, 0.282706, 0.124994, 0.174681, -0.950424, -0.257257, -0.002831, 0.243264, 0.294833, -0.924065, -1.2e-05, 0.0, 0.0, 0.0, 1.0],
                [0.953725, 0.1053, 0.281638, 0.124994, 0.180506, -0.949617, -0.256211, -0.002831, 0.240469, 0.295193, -0.924681, -1.2e-05, 0.0, 0.0, 0.0, 1.0],
                [0.95331, 0.111771, 0.280549, 0.124994, 0.186331, -0.948774, -0.255164, -0.002831, 0.237658, 0.295525, -0.925302, -1.2e-05, 0.0, 0.0, 0.0, 1.0],
                [0.952854, 0.118241, 0.279442, 0.124994, 0.192149, -0.947894, -0.254116, -0.002831, 0.234835, 0.29583, -0.925925, -1.2e-05, 0.0, 0.0, 0.0, 1.0],
                [0.952359, 0.1247, 0.278318, 0.124994, 0.197953, -0.946979, -0.25307, -0.002831, 0.232004, 0.296108, -0.92655, -1.2e-05, 0.0, 0.0, 0.0, 1.0],
                [0.951826, 0.131143, 0.27718, 0.124994, 0.203737, -0.94603, -0.252027, -0.002831, 0.229169, 0.296357, -0.927175, -1.2e-05, 0.0, 0.0, 0.0, 1.0],
                [0.951255, 0.13756, 0.276027, 0.124994, 0.209493, -0.945049, -0.250989, -0.002831, 0.226333, 0.29658, -0.9278, -1.2e-05, 0.0, 0.0, 0.0, 1.0],
                [0.950647, 0.143945, 0.274864, 0.124994, 0.215215, -0.944036, -0.249957, -0.002831, 0.223501, 0.296775, -0.928424, -1.2e-05, 0.0, 0.0, 0.0, 1.0],
                [0.950004, 0.150289, 0.273691, 0.124994, 0.220896, -0.942994, -0.248933, -0.002831, 0.220677, 0.296944, -0.929046, -1.2e-05, 0.0, 0.0, 0.0, 1.0],
                [0.949326, 0.156585, 0.27251, 0.124994, 0.22653, -0.941924, -0.247918, -0.002831, 0.217864, 0.297086, -0.929664, -1.2e-05, 0.0, 0.0, 0.0, 1.0],
                [0.948616, 0.162824, 0.271324, 0.124994, 0.23211, -0.940828, -0.246914, -0.002831, 0.215066, 0.297203, -0.930278, -1.2e-05, 0.0, 0.0, 0.0, 1.0],
                [0.947875, 0.169, 0.270134, 0.124994, 0.237629, -0.93971, -0.245922, -0.002831, 0.212287, 0.297295, -0.930887, -1.2e-05, 0.0, 0.0, 0.0, 1.0],
                [0.947105, 0.175105, 0.268943, 0.124994, 0.243082, -0.93857, -0.244943, -0.002831, 0.209531, 0.297362, -0.93149, -1.2e-05, 0.0, 0.0, 0.0, 1.0],
                [0.946309, 0.181132, 0.267752, 0.124994, 0.248461, -0.937412, -0.243979, -0.002831, 0.206802, 0.297405, -0.932085, -1.2e-05, 0.0, 0.0, 0.0, 1.0],
                [0.945488, 0.187072, 0.266565, 0.124994, 0.25376, -0.936238, -0.243031, -0.002831, 0.204104, 0.297426, -0.932673, -1.2e-05, 0.0, 0.0, 0.0, 1.0],
                [0.944645, 0.192919, 0.265382, 0.124994, 0.258973, -0.935051, -0.2421, -0.002831, 0.20144, 0.297425, -0.933253, -1.2e-05, 0.0, 0.0, 0.0, 1.0],
                [0.943784, 0.198665, 0.264206, 0.124994, 0.264093, -0.933854, -0.241187, -0.002831, 0.198815, 0.297404, -0.933822, -1.2e-05, 0.0, 0.0, 0.0, 1.0],
                [0.942905, 0.204303, 0.26304, 0.124994, 0.269115, -0.93265, -0.240294, -0.002831, 0.196232, 0.297363, -0.934381, -1.2e-05, 0.0, 0.0, 0.0, 1.0],
                [0.942013, 0.209825, 0.261886, 0.124994, 0.274032, -0.931442, -0.239422, -0.002831, 0.193695, 0.297304, -0.934929, -1.2e-05, 0.0, 0.0, 0.0, 1.0],
                [0.941111, 0.215226, 0.260745, 0.124994, 0.278837, -0.930233, -0.238571, -0.002831, 0.191207, 0.297227, -0.935466, -1.2e-05, 0.0, 0.0, 0.0, 1.0],
                [0.940201, 0.220497, 0.259621, 0.124994, 0.283525, -0.929027, -0.237743, -0.002831, 0.188773, 0.297135, -0.935989, -1.2e-05, 0.0, 0.0, 0.0, 1.0],
                [0.939287, 0.225631, 0.258515, 0.124994, 0.28809, -0.927828, -0.236938, -0.002831, 0.186397, 0.297029, -0.936499, -1.2e-05, 0.0, 0.0, 0.0, 1.0],
                [0.938373, 0.230622, 0.25743, 0.124994, 0.292525, -0.926638, -0.236158, -0.002831, 0.184081, 0.296909, -0.936995, -1.2e-05, 0.0, 0.0, 0.0, 1.0],
                [0.937461, 0.235463, 0.256368, 0.124994, 0.296826, -0.925462, -0.235404, -0.002831, 0.18183, 0.296778, -0.937476, -1.2e-05, 0.0, 0.0, 0.0, 1.0],
                [0.936555, 0.240147, 0.255332, 0.124994, 0.300985, -0.924302, -0.234676, -0.002831, 0.179647, 0.296638, -0.937941, -1.2e-05, 0.0, 0.0, 0.0, 1.0],
                [0.935659, 0.244667, 0.254323, 0.124994, 0.304997, -0.923164, -0.233975, -0.002831, 0.177536, 0.296488, -0.93839, -1.2e-05, 0.0, 0.0, 0.0, 1.0],
                [0.934777, 0.249016, 0.253345, 0.124994, 0.308856, -0.922051, -0.233302, -0.002831, 0.175501, 0.296333, -0.938822, -1.2e-05, 0.0, 0.0, 0.0, 1.0],
                [0.933911, 0.253188, 0.252399, 0.124994, 0.312557, -0.920966, -0.232659, -0.002831, 0.173545, 0.296172, -0.939236, -1.2e-05, 0.0, 0.0, 0.0, 1.0],
                [0.933067, 0.257176, 0.251489, 0.124994, 0.316093, -0.919913, -0.232045, -0.002831, 0.171671, 0.296007, -0.939632, -1.2e-05, 0.0, 0.0, 0.0, 1.0],
                [0.932248, 0.260973, 0.250615, 0.124994, 0.319459, -0.918897, -0.231462, -0.002831, 0.169884, 0.295841, -0.940009, -1.2e-05, 0.0, 0.0, 0.0, 1.0],
                [0.931456, 0.264573, 0.249781, 0.124994, 0.32265, -0.91792, -0.23091, -0.002831, 0.168187, 0.295675, -0.940367, -1.2e-05, 0.0, 0.0, 0.0, 1.0],
                [0.930697, 0.267969, 0.24899, 0.124994, 0.325659, -0.916987, -0.230391, -0.002831, 0.166583, 0.29551, -0.940704, -1.2e-05, 0.0, 0.0, 0.0, 1.0],
