{
    "animation": [
        {
            "name": "Root",
            "time": [0.0, 0.0167, 0.0333, 0.05, 0.0667, 0.0833, 0.1, 0.1167, 0.1333, 0.15, 0.1667, 0.1833, 0.2, 0.2167, 0.2333, 0.25, 0.2667, 0.2833, 0.3, 0.3167, 0.3333, 0.35, 0.3667, 0.3833, 0.4, 0.4167, 0.4333, 0.45, 0.4667, 0.4833, 0.5, 0.5167, 0.5333, 0.55, 0.5667, 0.5833, 0.6, 0.6167, 0.6333, 0.65, 0.6667, 0.6833, 0.7, 0.7167, 0.7333, 0.75, 0.7667, 0.7833, 0.8, 0.8167, 0.8333, 0.85, 0.8667, 0.8833, 0.9, 0.9167, 0.9333, 0.95, 0.9667, 0.9833, 1.0, 1.0167, 1.0333, 1.05, 1.0667, 1.0833, 1.1, 1.1167, 1.1333, 1.15, 1.1667, 1.1833, 1.2, 1.2167, 1.2333, 1.25, 1.2667, 1.2833, 1.3, 1.3167, 1.3333, 1.35, 1.3667, 1.3833, 1.4, 1.4167, 1.4333, 1.45, 1.4667, 1.4833, 1.5, 1.5167, 1.5333, 1.55, 1.5667, 1.5833, 1.6, 1.6167, 1.6333, 1.65, 1.6667, 1.6833, 1.7, 1.7167, 1.7333, 1.75, 1.7667, 1.7833, 1.8, 1.8167, 1.8333, 1.85, 1.8667, 1.8833, 1.9, 1.9167, 1.9333, 1.95, 1.9667, 1.9833, 2.0, 2.0167, 2.0333, 2.05, 2.0667, 2.0833, 2.1, 2.1167, 2.1333, 2.15, 2.1667, 2.1833, 2.2, 2.2167, 2.2333, 2.25, 2.2667, 2.2833, 2.3, 2.3167, 2.3333, 2.35, 2.3667, 2.3833, 2.4, 2.4167, 2.4333, 2.45, 2.4667, 2.4833, 2.5, 2.5167, 2.5333, 2.55, 2.5667, 2.5833, 2.6, 2.6167, 2.6333, 2.65, 2.6667, 2.6833, 2.7, 2.7167, 2.7333, 2.75, 2.7667, 2.7833, 2.8, 2.8167, 2.8333, 2.85, 2.8667, 2.8833, 2.9, 2.9167, 2.9333, 2.95, 2.9667, 2.9833, 3.0, 3.0167, 3.0333, 3.05, 3.0667, 3.0833, 3.1, 3.1167, 3.1333, 3.15, 3.1667],
            "transform": [
                [1.0, 0.0, 0.0, -5e-06, 0.0, 0.0, -1.0, 0.000946, 0.0, 1.0, 0.0, 0.763972, 0.0, 0.0, 0.0, 1.0],
                [1.0, 0.0, 0.0, -5e-06, 0.0, 0.0, -1.0, 0.000953, 0.0, 1.0, 0.0, 0.763972, 0.0, 0.0, 0.0, 1.0],
                [1.0, 0.0, 0.0, -5e-06, 0.0, 0.0, -1.0, 0.001001, 0.0, 1.0, 0.0, 0.763972, 0.0, 0.0, 0.0, 1.0],
                [1.0, 0.0, 0.0, -5e-06, 0.0, 0.0, -1.0, 0.001131, 0.0, 1.0, 0.0, 0.763972, 0.0, 0.0, 0.0, 1.0],
                [1.0, 0.0, 0.0, -5e-06, 0.0, 0.0, -1.0, 0.001385, 0.0, 1.0, 0.0, 0.763972, 0.0, 0.0, 0.0, 1.0],
                [1.0, 0.0, 0.0, -5e-06, 0.0, 0.0, -1.0, 0.001803, 0.0, 1.0, 0.0, 0.763972, 0.0, 0.0, 0.0, 1.0],
                [1.0, 0.0, 0.0, -5e-06, 0.0, 0.0, -1.0, 0.002426, 0.0, 1.0, 0.0, 0.763972, 0.0, 0.0, 0.0, 1.0],
                [1.0, 0.0, 0.0, -5e-06, 0.0, 0.0, -1.0, 0.003296, 0.0, 1.0, 0.0, 0.763972, 0.0, 0.0, 0.0, 1.0],
                [1.0, 0.0, 0.0, -5e-06, 0.0, 0.0, -1.0, 0.004453, 0.0, 1.0, 0.0, 0.763972, 0.0, 0.0, 0.0, 1.0],
                [1.0, 0.0, 0.0, -5e-06, 0.0, 0.0, -1.0, 0.005939, 0.0, 1.0, 0.0, 0.763972, 0.0, 0.0, 0.0, 1.0],
                [1.0, 0.0, 0.0, -5e-06, 0.0, 0.0, -1.0, 0.007795, 0.0, 1.0, 0.0, 0.763972, 0.0, 0.0, 0.0, 1.0],
                [1.0, 0.0, 0.0, -5e-06, 0.0, 0.0, -1.0, 0.010062, 0.0, 1.0, 0.0, 0.763972, 0.0, 0.0, 0.0, 1.0],
                [1.0, 0.0, 0.0, -5e-06, 0.0, 0.0, -1.0, 0.012781, 0.0, 1.0, 0.0, 0.763972, 0.0, 0.0, 0.0, 1.0],
                [1.0, 0.0, 0.0, -5e-06, 0.0, 0.0, -1.0, 0.015993, 0.0, 1.0, 0.0, 0.763972, 0.0, 0.0, 0.0, 1.0],
                [1.0, 0.0, 0.0, -5e-06, 0.0, 0.0, -1.0, 0.01974, 0.0, 1.0, 0.0, 0.763972, 0.0, 0.0, 0.0, 1.0],
                [1.0, 0.0, 0.0, -5e-06, 0.0, 0.0, -1.0, 0.024061, 0.0, 1.0, 0.0, 0.763972, 0.0, 0.0, 0.0, 1.0],
                [1.0, 0.0, 0.0, -5e-06, 0.0, 0.0, -1.0, 0.028999, 0.0, 1.0, 0.0, 0.763972, 0.0, 0.0, 0.0, 1.0],
                [1.0, 0.0, 0.0, -5e-06, 0.0, 0.0, -1.0, 0.034595, 0.0, 1.0, 0.0, 0.763972, 0.0, 0.0, 0.0, 1.0],
                [1.0, 0.0, 0.0, -5e-06, 0.0, 0.0, -1.0, 0.040889, 0.0, 1.0, 0.0, 0.763972, 0.0, 0.0, 0.0, 1.0],
                [1.0, 0.0, 0.0, -5e-06, 0.0, 0.0, -1.0, 0.047923, 0.0, 1.0, 0.0, 0.763972, 0.0, 0.0, 0.0, 1.0],
                [1.0, 0.0, 0.0, -5e-06, 0.0, 0.0, -1.0, 0.055737, 0.0, 1.0, 0.0, 0.763972, 0.0, 0.0, 0.0, 1.0],
                [1.0, 0.0, 0.0, -5e-06, 0.0, 0.0, -1.0, 0.064374, 0.0, 1.0, 0.0, 0.763972, 0.0, 0.0, 0.0, 1.0],
                [1.0, 0.0, 0.0, -5e-06, 0.0, 0.0, -1.0, 0.073873, 0.0, 1.0, 0.0, 0.763972, 0.0, 0.0, 0.0, 1.0],
                [1.0, 0.0, 0.0, -5e-06, 0.0, 0.0, -1.0, 0.084277, 0.0, 1.0, 0.0, 0.763972, 0.0, 0.0, 0.0, 1.0],
                [1.0, 0.0, 0.0, -5e-06, 0.0, 0.0, -1.0, 0.095625, 0.0, 1.0, 0.0, 0.763972, 0.0, 0.0, 0.0, 1.0],
                [1.0, 0.0, 0.0, -5e-06, 0.0, 0.0, -1.0, 0.10796, 0.0, 1.0, 0.0, 0.763972, 0.0, 0.0, 0.0, 1.0],
                [1.0, 0.0, 0.0, -5e-06, 0.0, 0.0, -1.0, 0.121322, 0.0, 1.0, 0.0, 0.763972, 0.0, 0.0, 0.0, 1.0],
                [1.0, 0.0, 0.0, -5e-06, 0.0, 0.0, -1.0, 0.135753, 0.0, 1.0, 0.0, 0.763972, 0.0, 0.0, 0.0, 1.0],
                [1.0, 0.0, 0.0, -5e-06, 0.0, 0.0, -1.0, 0.151293, 0.0, 1.0, 0.0, 0.763972, 0.0, 0.0, 0.0, 1.0],
                [1.0, 0.0, 0.0, -5e-06, 0.0, 0.0, -1.0, 0.178326, 0.0, 1.0, 0.0, 0.763972, 0.0, 0.0, 0.0, 1.0],
                [1.0, 0.0, 0.0, -5e-06, 0.0, 0.0, -1.0, 0.225793, 0.0, 1.0, 0.0, 0.763972, 0.0, 0.0, 0.0, 1.0],
                [1.0, 0.0, 0.0, -5e-06, 0.0, 0.0, -1.0, 0.291568, 0.0, 1.0, 0.0, 0.763972, 0.0, 0.0, 0.0, 1.0],
                [1.0, 0.0, 0.0, -5e-06, 0.0, 0.0, -1.0, 0.373528, 0.0, 1.0, 0.0, 0.763972, 0.0, 0.0, 0.0, 1.0],
                [1.0, 0.0, 0.0, -5e-06, 0.0, 0.0, -1.0, 0.469548, 0.0, 1.0, 0.0, 0.763972, 0.0, 0.0, 0.0, 1.0],
                [1.0, 0.0, 0.0, -5e-06, 0.0, 0.0, -1.0, 0.577503, 0.0, 1.0, 0.0, 0.763972, 0.0, 0.0, 0.0, 1.0],
                [1.0, 0.0, 0.0, -5e-06, 0.0, 0.0, -1.0, 0.695269, 0.0, 1.0, 0.0, 0.763972, 0.0, 0.0, 0.0, 1.0],
                [1.0, 0.0, 0.0, -5e-06, 0.0, 0.0, -1.0, 0.820722, 0.0, 1.0, 0.0, 0.763972, 0.0, 0.0, 0.0, 1.0],
                [1.0, 0.0, 0.0, -5e-06, 0.0, 0.0, -1.0, 0.951736, 0.0, 1.0, 0.0, 0.763972, 0.0, 0.0, 0.0, 1.0],
                [1.0, 0.0, 0.0, -5e-06, 0.0, 0.0, -1.0, 1.086189, 0.0, 1.0, 0.0, 0.763972, 0.0, 0.0, 0.0, 1.0],
                [1.0, 0.0, 0.0, -5e-06, 0.0, 0.0, -1.0, 1.221954, 0.0, 1.0, 0.0, 0.763972, 0.0, 0.0, 0.0, 1.0],
                [1.0, 0.0, 0.0, -5e-06, 0.0, 0.0, -1.0, 1.356908, 0.0, 1.0, 0.0, 0.763972, 0.0, 0.0, 0.0, 1.0],
                [1.0, 0.0, 0.0, -5e-06, 0.0, 0.0, -1.0, 1.488926, 0.0, 1.0, 0.0, 0.763048, 0.0, 0.0, 0.0, 1.0],
                [1.0, 0.0, 0.0, -5e-06, 0.0, 0.0, -1.0, 1.615884, 0.0, 1.0, 0.0, 0.760439, 0.0, 0.0, 0.0, 1.0],
                [1.0, 0.0, 0.0, -5e-06, 0.0, 0.0, -1.0, 1.735657, 0.0, 1.0, 0.0, 0.756384, 0.0, 0.0, 0.0, 1.0],
                [1.0, 0.0, 0.0, -5e-06, 0.0, 0.0, -1.0, 1.846121, 0.0, 1.0, 0.0, 0.751125, 0.0, 0.0, 0.0, 1.0],
                [1.0, 0.0, 0.0, -5e-06, 0.0, 0.0, -1.0, 1.945152, 0.0, 1.0, 0.0, 0.744903, 0.0, 0.0, 0.0, 1.0],
                [1.0, 0.0, 0.0, -5e-06, 0.0, 0.0, -1.0, 2.030624, 0.0, 1.0, 0.0, 0.737958, 0.0, 0.0, 0.0, 1.0],
                [1.0, 0.0, 1e-05, -0.000242, 1e-05, 0.0, -1.0, 2.103296, 0.0, 1.0, 0.0, 0.730531, 0.0, 0.0, 0.0, 1.0],
                [1.0, 0.0, 7.7e-05, -0.000917, 7.7e-05, 0.0, -1.0, 2.165913, 0.0, 1.0, 0.0, 0.722863, 0.0, 0.0, 0.0, 1.0],
                [1.0, 0.0, 0.000258, -0.001975, 0.000258, 0.0, -1.0, 2.219331, 0.0, 1.0, 0.0, 0.715195, 0.0, 0.0, 0.0, 1.0],
                [1.0, 0.0, 0.000612, -0.003361, 0.000612, 0.0, -1.0, 2.264405, 0.0, 1.0, 0.0, 0.707768, 0.0, 0.0, 0.0, 1.0],
                [0.999999, 0.0, 0.001196, -0.005021, 0.001196, 0.0, -0.999999, 2.301991, 0.0, 1.0, 0.0, 0.700823, 0.0, 0.0, 0.0, 1.0],
                [0.999998, 0.0, 0.002068, -0.0069, 0.002068, 0.0, -0.999998, 2.332945, 0.0, 1.0, 0.0, 0.694601, 0.0, 0.0, 0.0, 1.0],
                [0.999995, 0.0, 0.003284, -0.008943, 0.003284, 0.0, -0.999995, 2.358123, 0.0, 1.0, 0.0, 0.689342, 0.0, 0.0, 0.0, 1.0],
                [0.999988, 0.0, 0.004905, -0.011096, 0.004905, 0.0, -0.999988, 2.378378, 0.0, 1.0, 0.0, 0.685287, 0.0, 0.0, 0.0, 1.0],
                [0.999976, 0.0, 0.006989, -0.013303, 0.006989, 0.0, -0.999976, 2.394569, 0.0, 1.0, 0.0, 0.682678, 0.0, 0.0, 0.0, 1.0],
                [0.999954, 0.0, 0.009595, -0.01551, 0.009595, 0.0, -0.999954, 2.407551, 0.0, 1.0, 0.0, 0.681754, 0.0, 0.0, 0.0, 1.0],
                [0.999918, 0.0, 0.012783, -0.017663, 0.012783, 0.0, -0.999918, 2.418178, 0.0, 1.0, 0.0, 0.682479, 0.0, 0.0, 0.0, 1.0],
                [0.999862, 0.0, 0.016616, -0.019706, 0.016616, 0.0, -0.999862, 2.427307, 0.0, 1.0, 0.0, 0.684507, 0.0, 0.0, 0.0, 1.0],
                [0.999776, 0.0, 0.021155, -0.021585, 0.021155, 0.0, -0.999776, 2.435793, 0.0, 1.0, 0.0, 0.687619, 0.0, 0.0, 0.0, 1.0],
                [0.99965, 0.0, 0.026465, -0.023245, 0.026465, 0.0, -0.99965, 2.444493, 0.0, 1.0, 0.0, 0.691599, 0.0, 0.0, 0.0, 1.0],
                [0.999468, 0.0, 0.032611, -0.024631, 0.032611, 0.0, -0.999468, 2.45426, 0.0, 1.0, 0.0, 0.696227, 0.0, 0.0, 0.0, 1.0],
                [0.999213, 0.0, 0.03966, -0.025689, 0.03966, 0.0, -0.999213, 2.465953, 0.0, 1.0, 0.0, 0.701284, 0.0, 0.0, 0.0, 1.0],
                [0.998863, 0.0, 0.047683, -0.026364, 0.047683, 0.0, -0.998863, 2.480425, 0.0, 1.0, 0.0, 0.706554, 0.0, 0.0, 0.0, 1.0],
                [0.998388, 0.0, 0.05675, -0.026601, 0.05675, 0.0, -0.998388, 2.498534, 0.0, 1.0, 0.0, 0.711816, 0.0, 0.0, 0.0, 1.0],
                [0.996666, 0.0, 0.081585, -0.026388, 0.081585, 0.0, -0.996666, 2.520948, 0.0, 1.0, 0.0, 0.716889, 0.0, 0.0, 0.0, 1.0],
                [0.990774, 0.0, 0.135521, -0.025779, 0.135521, 0.0, -0.990774, 2.547597, 0.0, 1.0, 0.0, 0.721732, 0.0, 0.0, 0.0, 1.0],
                [0.976194, 0.0, 0.216897, -0.024822, 0.216897, 0.0, -0.976194, 2.578223, 0.0, 1.0, 0.0, 0.72634, 0.0, 0.0, 0.0, 1.0],
                [0.94619, 0.0, 0.323613, -0.023561, 0.323613, 0.0, -0.94619, 2.61257, 0.0, 1.0, 0.0, 0.730708, 0.0, 0.0, 0.0, 1.0],
                [0.892171, 0.0, 0.451698, -0.022045, 0.451698, 0.0, -0.892171, 2.650381, 0.0, 1.0, 0.0, 0.734831, 0.0, 0.0, 0.0, 1.0],
                [0.804712, 0.0, 0.593665, -0.02032, 0.593665, 0.0, -0.804712, 2.691399, 0.0, 1.0, 0.0, 0.738703, 0.0, 0.0, 0.0, 1.0],
                [0.675711, 0.0, 0.737167, -0.018431, 0.737167, 0.0, -0.675711, 2.735367, 0.0, 1.0, 0.0, 0.74232, 0.0, 0.0, 0.0, 1.0],
                [0.501747, 0.0, 0.865015, -0.016427, 0.865015, 0.0, -0.501747, 2.782028, 0.0, 1.0, 0.0, 0.745676, 0.0, 0.0, 0.0, 1.0],
                [0.287563, 0.0, 0.957762, -0.014352, 0.957762, 0.0, -0.287563, 2.831125, 0.0, 1.0, 0.0, 0.748767, 0.0, 0.0, 0.0, 1.0],
                [0.047436, 0.0, 0.998874, -0.012254, 0.998874, 0.0, -0.047436, 2.882401, 0.0, 1.0, 0.0, 0.751588, 0.0, 0.0, 0.0, 1.0],
                [-0.19752, 0.0, 0.980299, -0.01018, 0.980299, 0.0, 0.19752, 2.9356, 0.0, 1.0, 0.0, 0.754133, 0.0, 0.0, 0.0, 1.0],
                [-0.425442, 0.0, 0.904986, -0.008175, 0.904986, 0.0, 0.425442, 2.990463, 0.0, 1.0, 0.0, 0.756398, 0.0, 0.0, 0.0, 1.0],
                [-0.619819, 0.0, 0.784745, -0.006287, 0.784745, 0.0, 0.619819, 3.046736, 0.0, 1.0, 0.0, 0.758377, 0.0, 0.0, 0.0, 1.0],
                [-0.772364, 0.0, 0.63518, -0.004561, 0.63518, 0.0, 0.772364, 3.104161, 0.0, 1.0, 0.0, 0.760065, 0.0, 0.0, 0.0, 1.0],
                [-0.882197, 0.0, 0.470881, -0.003045, 0.470881, 0.0, 0.882197, 3.162479, 0.0, 1.0, 0.0, 0.761458, 0.0, 0.0, 0.0, 1.0],
                [-0.953064, 0.0, 0.30277, -0.001785, 0.30277, 0.0, 0.953064, 3.221437, 0.0, 1.0, 0.0, 0.76255, 0.0, 0.0, 0.0, 1.0],
                [-0.990491, 0.0, 0.137579, -0.000827, 0.137579, 0.0, 0.990491, 3.280774, 0.0, 1.0, 0.0, 0.763336, 0.0, 0.0, 0.0, 1.0],
                [-0.99977, 0.0, -0.021474, -0.000218, -0.021474, 0.0, 0.99977, 3.340236, 0.0, 1.0, 0.0, 0.763812, 0.0, 0.0, 0.0, 1.0],
                [-0.984808, 0.0, -0.173648, -5e-06, -0.173648, 0.0, 0.984808, 3.399565, 0.0, 1.0, 0.0, 0.763972, 0.0, 0.0, 0.0, 1.0],
                [-0.947587, 0.0, -0.319499, -4e-06, -0.319499, 0.0, 0.947587, 3.458504, 0.0, 1.0, 0.0, 0.763972, 0.0, 0.0, 0.0, 1.0],
                [-0.88829, 0.0, -0.459283, -4e-06, -0.459283, 0.0, 0.88829, 3.516797, 0.0, 1.0, 0.0, 0.763972, 0.0, 0.0, 0.0, 1.0],
                [-0.805961, 0.0, -0.591969, -4e-06, -0.591969, 0.0, 0.805961, 3.574185, 0.0, 1.0, 0.0, 0.763972, 0.0, 0.0, 0.0, 1.0],
                [-0.699256, 0.0, -0.714871, -4e-06, -0.714871, 0.0, 0.699256, 3.630414, 0.0, 1.0, 0.0, 0.763972, 0.0, 0.0, 0.0, 1.0],
                [-0.567288, 0.0, -0.82352, -4e-06, -0.82352, 0.0, 0.567288, 3.685225, 0.0, 1.0, 0.0, 0.763972, 0.0, 0.0, 0.0, 1.0],
                [-0.410608, 0.0, -0.911812, -4e-06, -0.911812, 0.0, 0.410608, 3.738362, 0.0, 1.0, 0.0, 0.763972, 0.0, 0.0, 0.0, 1.0],
                [-0.232249, 0.0, -0.972656, -4e-06, -0.972656, 0.0, 0.232249, 3.789567, 0.0, 1.0, 0.0, 0.763972, 0.0, 0.0, 0.0, 1.0],
                [-0.038498, 0.0, -0.999259, -4e-06, -0.999259, 0.0, 0.038498, 3.838584, 0.0, 1.0, 0.0, 0.763972, 0.0, 0.0, 0.0, 1.0],
                [0.161081, 0.0, -0.986941, -4e-06, -0.986941, 0.0, -0.161081, 3.885156, 0.0, 1.0, 0.0, 0.763972, 0.0, 0.0, 0.0, 1.0],
                [0.354752, 0.0, -0.934961, -4e-06, -0.934961, 0.0, -0.354752, 3.929027, 0.0, 1.0, 0.0, 0.763972, 0.0, 0.0, 0.0, 1.0],
                [0.530775, 0.0, -0.847513, -4e-06, -0.847513, 0.0, -0.530775, 3.969938, 0.0, 1.0, 0.0, 0.763972, 0.0, 0.0, 0.0, 1.0],
                [0.679909, 0.0, -0.733296, -4e-06, -0.733296, 0.0, -0.679909, 4.007634, 0.0, 1.0, 0.0, 0.763972, 0.0, 0.0, 0.0, 1.0],
                [0.797204, 0.0, -0.60371, -4e-06, -0.60371, 0.0, -0.797204, 4.041857, 0.0, 1.0, 0.0, 0.763972, 0.0, 0.0, 0.0, 1.0],
                [0.882402, 0.0, -0.470496, -4e-06, -0.470496, 0.0, -0.882402, 4.072351, 0.0, 1.0, 0.0, 0.763972, 0.0, 0.0, 0.0, 1.0],
                [0.939041, 0.0, -0.343806, -4e-06, -0.343806, 0.0, -0.939041, 4.098857, 0.0, 1.0, 0.0, 0.763972, 0.0, 0.0, 0.0, 1.0],
                [0.972896, 0.0, -0.231242, -4e-06, -0.231242, 0.0, -0.972896, 4.121121, 0.0, 1.0, 0.0, 0.763972, 0.0, 0.0, 0.0, 1.0],
                [0.99045, 0.0, -0.137874, -4e-06, -0.137874, 0.0, -0.99045, 4.138885, 0.0, 1.0, 0.0, 0.763972, 0.0, 0.0, 0.0, 1.0],
                [0.997763, 0.0, -0.06685, -4e-06, -0.06685, 0.0, -0.997763, 4.151891, 0.0, 1.0, 0.0, 0.763972, 0.0, 0.0, 0.0, 1.0],
                [0.999795, 0.0, -0.020265, -4e-06, -0.020265, 0.0, -0.999795, 4.159883, 0.0, 1.0, 0.0, 0.763972, 0.0, 0.0, 0.0, 1.0],
                [1.0, 0.0, -0.0, -4e-06, -0.0, 0.0, -1.0, 4.162604, 0.0, 1.0, 0.0, 0.763972, 0.0, 0.0, 0.0, 1.0],
                [0.999981, 0.0, 0.006228, -4e-06, 0.006228, 0.0, -0.999981, 4.162604, 0.0, 1.0, 0.0, 0.763972, 0.0, 0.0, 0.0, 1.0],
                [0.999926, 0.0, 0.012153, -4e-06, 0.012153, 0.0, -0.999926, 4.162604, 0.0, 1.0, 0.0, 0.763972, 0.0, 0.0, 0.0, 1.0],
                [0.999842, 0.0, 0.017781, -4e-06, 0.017781, 0.0, -0.999842, 4.162604, 0.0, 1.0, 0.0, 0.763972, 0.0, 0.0, 0.0, 1.0],
                [0.999733, 0.0, 0.02312, -4e-06, 0.02312, 0.0, -0.999733, 4.162604, 0.0, 1.0, 0.0, 0.763972, 0.0, 0.0, 0.0, 1.0],
                [0.999603, 0.0, 0.028178, -4e-06, 0.028178, 0.0, -0.999603, 4.162604, 0.0, 1.0, 0.0, 0.763972, 0.0, 0.0, 0.0, 1.0],
                [0.999457, 0.0, 0.032961, -4e-06, 0.032961, 0.0, -0.999457, 4.162604, 0.0, 1.0, 0.0, 0.763972, 0.0, 0.0, 0.0, 1.0],
                [0.999297, 0.0, 0.037478, -4e-06, 0.037478, 0.0, -0.999297, 4.162604, 0.0, 1.0, 0.0, 0.763972, 0.0, 0.0, 0.0, 1.0],
                [0.999129, 0.0, 0.041736, -4e-06, 0.041736, 0.0, -0.999129, 4.162604, 0.0, 1.0, 0.0, 0.763972, 0.0, 0.0, 0.0, 1.0],
                [0.998953, 0.0, 0.045743, -4e-06, 0.045743, 0.0, -0.998953, 4.162604, 0.0, 1.0, 0.0, 0.763972, 0.0, 0.0, 0.0, 1.0],
                [0.998774, 0.0, 0.049506, -4e-06, 0.049506, 0.0, -0.998774, 4.162604, 0.0, 1.0, 0.0, 0.763972, 0.0, 0.0, 0.0, 1.0],
                [0.998593, 0.0, 0.053034, -4e-06, 0.053034, 0.0, -0.998593, 4.162604, 0.0, 1.0, 0.0, 0.763972, 0.0, 0.0, 0.0, 1.0],
                [0.998412, 0.0, 0.056334, -4e-06, 0.056334, 0.0, -0.998412, 4.162604, 0.0, 1.0, 0.0, 0.763972, 0.0, 0.0, 0.0, 1.0],
                [0.998233, 0.0, 0.059413, -4e-06, 0.059413, 0.0, -0.998233, 4.162604, 0.0, 1.0, 0.0, 0.763972, 0.0, 0.0, 0.0, 1.0],
                [0.998059, 0.0, 0.06228, -4e-06, 0.06228, 0.0, -0.998059, 4.162604, 0.0, 1.0, 0.0, 0.763972, 0.0, 0.0, 0.0, 1.0],
                [0.997889, 0.0, 0.064941, -4e-06, 0.064941, 0.0, -0.997889, 4.162604, 0.0, 1.0, 0.0, 0.763972, 0.0, 0.0, 0.0, 1.0],
                [0.997726, 0.0, 0.067406, -4e-06, 0.067406, 0.0, -0.997726, 4.162604, 0.0, 1.0, 0.0, 0.763972, 0.0, 0.0, 0.0, 1.0],
                [0.997569, 0.0, 0.06968, -4e-06, 0.06968, 0.0, -0.997569, 4.162604, 0.0, 1.0, 0.0, 0.763972, 0.0, 0.0, 0.0, 1.0],
                [0.997421, 0.0, 0.071773, -4e-06, 0.071773, 0.0, -0.997421, 4.162604, 0.0, 1.0, 0.0, 0.763972, 0.0, 0.0, 0.0, 1.0],
                [0.997281, 0.0, 0.073691, -4e-06, 0.073691, 0.0, -0.997281, 4.162604, 0.0, 1.0, 0.0, 0.763972, 0.0, 0.0, 0.0, 1.0],
                [0.99715, 0.0, 0.075443, -4e-06, 0.075443, 0.0, -0.99715, 4.162604, 0.0, 1.0, 0.0, 0.763972, 0.0, 0.0, 0.0, 1.0],
                [0.997028, 0.0, 0.077036, -4e-06, 0.077036, 0.0, -0.997028, 4.162604, 0.0, 1.0, 0.0, 0.763972, 0.0, 0.0, 0.0, 1.0],
                [0.996916, 0.0, 0.078477, -4e-06, 0.078477, 0.0, -0.996916, 4.162604, 0.0, 1.0, 0.0, 0.763972, 0.0, 0.0, 0.0, 1.0],
                [0.996813, 0.0, 0.079774, -4e-06, 0.079774, 0.0, -0.996813, 4.162604, 0.0, 1.0, 0.0, 0.763972, 0.0, 0.0, 0.0, 1.0],
                [0.996719, 0.0, 0.080935, -4e-06, 0.080935, 0.0, -0.996719, 4.162604, 0.0, 1.0, 0.0, 0.763972, 0.0, 0.0, 0.0, 1.0],
                [0.996635, 0.0, 0.081967, -4e-06, 0.081967, 0.0, -0.996635, 4.162604, 0.0, 1.0, 0.0, 0.763972, 0.0, 0.0, 0.0, 1.0],
                [0.99656, 0.0, 0.082879, -4e-06, 0.082879, 0.0, -0.99656, 4.162604, 0.0, 1.0, 0.0, 0.763972, 0.0, 0.0, 0.0, 1.0],
                [0.996493, 0.0, 0.083676, -4e-06, 0.083676, 0.0, -0.996493, 4.162604, 0.0, 1.0, 0.0, 0.763972, 0.0, 0.0, 0.0, 1.0],
                [0.996435, 0.0, 0.084368, -4e-06, 0.084368, 0.0, -0.996435, 4.162604, 0.0, 1.0, 0.0, 0.763972, 0.0, 0.0, 0.0, 1.0],
                [0.996384, 0.0, 0.084962, -4e-06, 0.084962, 0.0, -0.996384, 4.162604, 0.0, 1.0, 0.0, 0.763972, 0.0, 0.0, 0.0, 1.0],
                [0.996341, 0.0, 0.085464, -4e-06, 0.085464, 0.0, -0.996341, 4.162604, 0.0, 1.0, 0.0, 0.763972, 0.0, 0.0, 0.0, 1.0],
                [0.996305, 0.0, 0.085883, -4e-06, 0.085883, 0.0, -0.996305, 4.162604, 0.0, 1.0, 0.0, 0.763972, 0.0, 0.0, 0.0, 1.0],
                [0.996276, 0.0, 0.086227, -4e-06, 0.086227, 0.0, -0.996276, 4.162604, 0.0, 1.0, 0.0, 0.763972, 0.0, 0.0, 0.0, 1.0],
                [0.996252, 0.0, 0.086502, -4e-06, 0.086502, 0.0, -0.996252, 4.162604, 0.0, 1.0, 0.0, 0.763972, 0.0, 0.0, 0.0, 1.0],
                [0.996233, 0.0, 0.086717, -4e-06, 0.086717, 0.0, -0.996233, 4.162604, 0.0, 1.0, 0.0, 0.763972, 0.0, 0.0, 0.0, 1.0],
                [0.996219, 0.0, 0.086879, -4e-06, 0.086879, 0.0, -0.996219, 4.162604, 0.0, 1.0, 0.0, 0.763972, 0.0, 0.0, 0.0, 1.0],
                [0.996209, 0.0, 0.086995, -4e-06, 0.086995, 0.0, -0.996209, 4.162604, 0.0, 1.0, 0.0, 0.763972, 0.0, 0.0, 0.0, 1.0],
                [0.996202, 0.0, 0.087073, -4e-06, 0.087073, 0.0, -0.996202, 4.162604, 0.0, 1.0, 0.0, 0.763972, 0.0, 0.0, 0.0, 1.0],
                [0.996198, 0.0, 0.08712, -4e-06, 0.08712, 0.0, -0.996198, 4.162604, 0.0, 1.0, 0.0, 0.763972, 0.0, 0.0, 0.0, 1.0],
                [0.996196, 0.0, 0.087145, -4e-06, 0.087145, 0.0, -0.996196, 4.162604, 0.0, 1.0, 0.0, 0.763972, 0.0, 0.0, 0.0, 1.0],
                [0.996195, 0.0, 0.087154, -4e-06, 0.087154, 0.0, -0.996195, 4.162604, 0.0, 1.0, 0.0, 0.763972, 0.0, 0.0, 0.0, 1.0],
                [0.996195, 0.0, 0.087155, -4e-06, 0.087155, 0.0, -0.996195, 4.162604, 0.0, 1.0, 0.0, 0.763972, 0.0, 0.0, 0.0, 1.0],
                [0.996195, 0.0, 0.087155, 1.9e-05, 0.087155, 0.0, -0.996195, 4.162338, 0.0, 1.0, 0.0, 0.763972, 0.0, 0.0, 0.0, 1.0],
                [0.996195, 0.0, 0.087155, 8.8e-05, 0.087155, 0.0, -0.996195, 4.161556, 0.0, 1.0, 0.0, 0.763972, 0.0, 0.0, 0.0, 1.0],
                [0.996195, 0.0, 0.087155, 0.000199, 0.087155, 0.0, -0.996195, 4.16028, 0.0, 1.0, 0.0, 0.763972, 0.0, 0.0, 0.0, 1.0],
                [0.996195, 0.0, 0.087155, 0.000352, 0.087155, 0.0, -0.996195, 4.158535, 0.0, 1.0, 0.0, 0.763972, 0.0, 0.0, 0.0, 1.0],
                [0.996195, 0.0, 0.087155, 0.000544, 0.087155, 0.0, -0.996195, 4.156345, 0.0, 1.0, 0.0, 0.763972, 0.0, 0.0, 0.0, 1.0],
                [0.996195, 0.0, 0.087155, 0.000772, 0.087155, 0.0, -0.996195, 4.153732, 0.0, 1.0, 0.0, 0.763972, 0.0, 0.0, 0.0, 1.0],
                [0.996195, 0.0, 0.087155, 0.001036, 0.087155, 0.0, -0.996195, 4.15072, 0.0, 1.0, 0.0, 0.763972, 0.0, 0.0, 0.0, 1.0],
                [0.996195, 0.0, 0.087155, 0.001332, 0.087155, 0.0, -0.996195, 4.147332, 0.0, 1.0, 0.0, 0.763972, 0.0, 0.0, 0.0, 1.0],
                [0.996195, 0.0, 0.087155, 0.001659, 0.087155, 0.0, -0.996195, 4.143592, 0.0, 1.0, 0.0, 0.763972, 0.0, 0.0, 0.0, 1.0],
                [0.996195, 0.0, 0.087155, 0.002015, 0.087155, 0.0, -0.996195, 4.139524, 0.0, 1.0, 0.0, 0.763972, 0.0, 0.0, 0.0, 1.0],
                [0.996195, 0.0, 0.087155, 0.002398, 0.087155, 0.0, -0.996195, 4.13515, 0.0, 1.0, 0.0, 0.763972, 0.0, 0.0, 0.0, 1.0],
                [0.996195, 0.0, 0.087155, 0.002805, 0.087155, 0.0, -0.996195, 4.130496, 0.0, 1.0, 0.0, 0.763972, 0.0, 0.0, 0.0, 1.0],
                [0.996195, 0.0, 0.087155, 0.003235, 0.087155, 0.0, -0.996195, 4.125583, 0.0, 1.0, 0.0, 0.763972, 0.0, 0.0, 0.0, 1.0],
                [0.996195, 0.0, 0.087155, 0.003685, 0.087155, 0.0, -0.996195, 4.120434, 0.0, 1.0, 0.0, 0.763972, 0.0, 0.0, 0.0, 1.0],
                [0.996195, 0.0, 0.087155, 0.004154, 0.087155, 0.0, -0.996195, 4.115075, 0.0, 1.0, 0.0, 0.763972, 0.0, 0.0, 0.0, 1.0],
                [0.996195, 0.0, 0.087155, 0.00464, 0.087155, 0.0, -0.996195, 4.109528, 0.0, 1.0, 0.0, 0.763972, 0.0, 0.0, 0.0, 1.0],
                [0.996195, 0.0, 0.087155, 0.005139, 0.087155, 0.0, -0.996195, 4.103817, 0.0, 1.0, 0.0, 0.763972, 0.0, 0.0, 0.0, 1.0],
                [0.996195, 0.0, 0.087155, 0.005651, 0.087155, 0.0, -0.996195, 4.097965, 0.0, 1.0, 0.0, 0.763972, 0.0, 0.0, 0.0, 1.0],
                [0.996195, 0.0, 0.087155, 0.006174, 0.087155, 0.0, -0.996195, 4.091995, 0.0, 1.0, 0.0, 0.763972, 0.0, 0.0, 0.0, 1.0],
                [0.996195, 0.0, 0.087155, 0.006704, 0.087155, 0.0, -0.996195, 4.085932, 0.0, 1.0, 0.0, 0.763972, 0.0, 0.0, 0.0, 1.0],
                [0.996195, 0.0, 0.087155, 0.007241, 0.087155, 0.0, -0.996195, 4.079798, 0.0, 1.0, 0.0, 0.763972, 0.0, 0.0, 0.0, 1.0],
                [0.996195, 0.0, 0.087155, 0.007781, 0.087155, 0.0, -0.996195, 4.073618, 0.0, 1.0, 0.0, 0.763972, 0.0, 0.0, 0.0, 1.0],
                [0.996195, 0.0, 0.087155, 0.008324, 0.087155, 0.0, -0.996195, 4.067413, 0.0, 1.0, 0.0, 0.763972, 0.0, 0.0, 0.0, 1.0],
                [0.996195, 0.0, 0.087155, 0.008867, 0.087155, 0.0, -0.996195, 4.06121, 0.0, 1.0, 0.0, 0.763972, 0.0, 0.0, 0.0, 1.0],
                [0.996195, 0.0, 0.087155, 0.009408, 0.087155, 0.0, -0.996195, 4.055029, 0.0, 1.0, 0.0, 0.763972, 0.0, 0.0, 0.0, 1.0],
                [0.996195, 0.0, 0.087155, 0.009944, 0.087155, 0.0, -0.996195, 4.048895, 0.0, 1.0, 0.0, 0.763972, 0.0, 0.0, 0.0, 1.0],
                [0.996195, 0.0, 0.087155, 0.010475, 0.087155, 0.0, -0.996195, 4.042832, 0.0, 1.0, 0.0, 0.763972, 0.0, 0.0, 0.0, 1.0],
                [0.996195, 0.0, 0.087155, 0.010997, 0.087155, 0.0, -0.996195, 4.036862, 0.0, 1.0, 0.0, 0.763972, 0.0, 0.0, 0.0, 1.0],
                [0.996195, 0.0, 0.087155, 0.011509, 0.087155, 0.0, -0.996195, 4.03101, 0.0, 1.0, 0.0, 0.763972, 0.0, 0.0, 0.0, 1.0],
                [0.996195, 0.0, 0.087155, 0.012009, 0.087155, 0.0, -0.996195, 4.025299, 0.0, 1.0, 0.0, 0.763972, 0.0, 0.0, 0.0, 1.0],
                [0.996195, 0.0, 0.087155, 0.012494, 0.087155, 0.0, -0.996195, 4.019752, 0.0, 1.0, 0.0, 0.763972, 0.0, 0.0, 0.0, 1.0],
                [0.996195, 0.0, 0.087155, 0.012963, 0.087155, 0.0, -0.996195, 4.014393, 0.0, 1.0, 0.0, 0.763972, 0.0, 0.0, 0.0, 1.0],
                [0.996195, 0.0, 0.087155, 0.013413, 0.087155, 0.0, -0.996195, 4.009245, 0.0, 1.0, 0.0, 0.763972, 0.0, 0.0, 0.0, 1.0],
                [0.996195, 0.0, 0.087155, 0.013843, 0.087155, 0.0, -0.996195, 4.004332, 0.0, 1.0, 0.0, 0.763972, 0.0, 0.0, 0.0, 1.0],
                [0.996195, 0.0, 0.087155, 0.01425, 0.087155, 0.0, -0.996195, 3.999676, 0.0, 1.0, 0.0, 0.763972, 0.0, 0.0, 0.0, 1.0],
                [0.996195, 0.0, 0.087155, 0.014633, 0.087155, 0.0, -0.996195, 3.995303, 0.0, 1.0, 0.0, 0.763972, 0.0, 0.0, 0.0, 1.0],
                [0.996195, 0.0, 0.087155, 0.014989, 0.087155, 0.0, -0.996195, 3.991235, 0.0, 1.0, 0.0, 0.763972, 0.0, 0.0, 0.0, 1.0],
                [0.996195, 0.0, 0.087155, 0.015316, 0.087155, 0.0, -0.996195, 3.987495, 0.0, 1.0, 0.0, 0.763972, 0.0, 0.0, 0.0, 1.0],
                [0.996195, 0.0, 0.087155, 0.015613, 0.087155, 0.0, -0.996195, 3.984107, 0.0, 1.0, 0.0, 0.763972, 0.0, 0.0, 0.0, 1.0],
                [0.996195, 0.0, 0.087155, 0.015876, 0.087155, 0.0, -0.996195, 3.981095, 0.0, 1.0, 0.0, 0.763972, 0.0, 0.0, 0.0, 1.0],
                [0.996195, 0.0, 0.087155, 0.016105, 0.087155, 0.0, -0.996195, 3.978482, 0.0, 1.0, 0.0, 0.763972, 0.0, 0.0, 0.0, 1.0],
                [0.996195, 0.0, 0.087155, 0.016296, 0.087155, 0.0, -0.996195, 3.976291, 0.0, 1.0, 0.0, 0.763972, 0.0, 0.0, 0.0, 1.0],
                [0.996195, 0.0, 0.087155, 0.016449, 0.087155, 0.0, -0.996195, 3.974547, 0.0, 1.0, 0.0, 0.763972, 0.0, 0.0, 0.0, 1.0],
                [0.996195, 0.0, 0.087155, 0.016561, 0.087155, 0.0, -0.996195, 3.973272, 0.0, 1.0, 0.0, 0.763972, 0.0, 0.0, 0.0, 1.0],
                [0.996195, 0.0, 0.087155, 0.016629, 0.087155, 0.0, -0.996195, 3.972489, 0.0, 1.0, 0.0, 0.763972, 0.0, 0.0, 0.0, 1.0],
                [0.996195, 0.0, 0.087155, 0.016652, 0.087155, 0.0, -0.996195, 3.972223, 0.0, 1.0, 0.0, 0.763972, 0.0, 0.0, 0.0, 1.0]
            ]
        },
        {
            "name": "Thigh_R",
            "time": [0.0, 0.0167, 0.0333, 0.05, 0.0667, 0.0833, 0.1, 0.1167, 0.1333, 0.15, 0.1667, 0.1833, 0.2, 0.2167, 0.2333, 0.25, 0.2667, 0.2833, 0.3, 0.3167, 0.3333, 0.35, 0.3667, 0.3833, 0.4, 0.4167, 0.4333, 0.45, 0.4667, 0.4833, 0.5, 0.5167, 0.5333, 0.55, 0.5667, 0.5833, 0.6, 0.6167, 0.6333, 0.65, 0.6667, 0.6833, 0.7, 0.7167, 0.7333, 0.75, 0.7667, 0.7833, 0.8, 0.8167, 0.8333, 0.85, 0.8667, 0.8833, 0.9, 0.9167, 0.9333, 0.95, 0.9667, 0.9833, 1.0, 1.0167, 1.0333, 1.05, 1.0667, 1.0833, 1.1, 1.1167, 1.1333, 1.15, 1.1667, 1.1833, 1.2, 1.2167, 1.2333, 1.25, 1.2667, 1.2833, 1.3, 1.3167, 1.3333, 1.35, 1.3667, 1.3833, 1.4, 1.4167, 1.4333, 1.45, 1.4667, 1.4833, 1.5, 1.5167, 1.5333, 1.55, 1.5667, 1.5833, 1.6, 1.6167, 1.6333, 1.65, 1.6667, 1.6833, 1.7, 1.7167, 1.7333, 1.75, 1.7667, 1.7833, 1.8, 1.8167, 1.8333, 1.85, 1.8667, 1.8833, 1.9, 1.9167, 1.9333, 1.95, 1.9667, 1.9833, 2.0, 2.0167, 2.0333, 2.05, 2.0667, 2.0833, 2.1, 2.1167, 2.1333, 2.15, 2.1667, 2.1833, 2.2, 2.2167, 2.2333, 2.25, 2.2667, 2.2833, 2.3, 2.3167, 2.3333, 2.35, 2.3667, 2.3833, 2.4, 2.4167, 2.4333, 2.45, 2.4667, 2.4833, 2.5, 2.5167, 2.5333, 2.55, 2.5667, 2.5833, 2.6, 2.6167, 2.6333, 2.65, 2.6667, 2.6833, 2.7, 2.7167, 2.7333, 2.75, 2.7667, 2.7833, 2.8, 2.8167, 2.8333, 2.85, 2.8667, 2.8833, 2.9, 2.9167, 2.9333, 2.95, 2.9667, 2.9833, 3.0, 3.0167, 3.0333, 3.05, 3.0667, 3.0833, 3.1, 3.1167, 3.1333, 3.15, 3.1667],
            "transform": [
                [0.925324, 0.244487, 0.289829, 0.124994, 0.345678, -0.858045, -0.379823, -0.002831, 0.155824, 0.451648, -0.878483, -1.2e-05, 0.0, 0.0, 0.0, 1.0],
                [0.925483, 0.245141, 0.288769, 0.124994, 0.345303, -0.859384, -0.377127, -0.002831, 0.155714, 0.448737, -0.879993, -1.2e-05, 0.0, 0.0, 0.0, 1.0],
                [0.925911, 0.246893, 0.285888, 0.124994, 0.344291, -0.862963, -0.369808, -0.002831, 0.155408, 0.440838, -0.884031, -1.2e-05, 0.0, 0.0, 0.0, 1.0],
                [0.926539, 0.24942, 0.28163, 0.124994, 0.34281, -0.868102, -0.358999, -0.002831, 0.154942, 0.429172, -0.889834, -1.2e-05, 0.0, 0.0, 0.0, 1.0],
                [0.927295, 0.2524, 0.276438, 0.124994, 0.341027, -0.874124, -0.345843, -0.002831, 0.15435, 0.414972, -0.896646, -1.2e-05, 0.0, 0.0, 0.0, 1.0],
                [0.928109, 0.255525, 0.270778, 0.124994, 0.339112, -0.880391, -0.331532, -0.002831, 0.153677, 0.399522, -0.903751, -1.2e-05, 0.0, 0.0, 0.0, 1.0],
                [0.928908, 0.25851, 0.265147, 0.124994, 0.337236, -0.88633, -0.317318, -0.002831, 0.152978, 0.384176, -0.910498, -1.2e-05, 0.0, 0.0, 0.0, 1.0],
                [0.929619, 0.261098, 0.260069, 0.124994, 0.335567, -0.891437, -0.304523, -0.002831, 0.152325, 0.370361, -0.916313, -1.2e-05, 0.0, 0.0, 0.0, 1.0],
                [0.930187, 0.263117, 0.255972, 0.124994, 0.334237, -0.895389, -0.294216, -0.002831, 0.151782, 0.359231, -0.920823, -1.2e-05, 0.0, 0.0, 0.0, 1.0],
                [0.930622, 0.264636, 0.252803, 0.124994, 0.333218, -0.898345, -0.286252, -0.002831, 0.151352, 0.350632, -0.924202, -1.2e-05, 0.0, 0.0, 0.0, 1.0],
                [0.930954, 0.265776, 0.250376, 0.124994, 0.332443, -0.900551, -0.280158, -0.002831, 0.151017, 0.34405, -0.926727, -1.2e-05, 0.0, 0.0, 0.0, 1.0],
                [0.93121, 0.266645, 0.248493, 0.124994, 0.331846, -0.902227, -0.275435, -0.002831, 0.150754, 0.338949, -0.928648, -1.2e-05, 0.0, 0.0, 0.0, 1.0],
                [0.931418, 0.267347, 0.246953, 0.124994, 0.331359, -0.903576, -0.271572, -0.002831, 0.150537, 0.334777, -0.930195, -1.2e-05, 0.0, 0.0, 0.0, 1.0],
                [0.931608, 0.26798, 0.245547, 0.124994, 0.330916, -0.904789, -0.268048, -0.002831, 0.150337, 0.330972, -0.931588, -1.2e-05, 0.0, 0.0, 0.0, 1.0],
                [0.931807, 0.26864, 0.244066, 0.124994, 0.330452, -0.90605, -0.264337, -0.002831, 0.150125, 0.326963, -0.933037, -1.2e-05, 0.0, 0.0, 0.0, 1.0],
                [0.932044, 0.269419, 0.242296, 0.124994, 0.329899, -0.907533, -0.259904, -0.002831, 0.149868, 0.322175, -0.934742, -1.2e-05, 0.0, 0.0, 0.0, 1.0],
                [0.932348, 0.270404, 0.24002, 0.124994, 0.329192, -0.909401, -0.254208, -0.002831, 0.149536, 0.316023, -0.936893, -1.2e-05, 0.0, 0.0, 0.0, 1.0],
                [0.932746, 0.271677, 0.237016, 0.124994, 0.328264, -0.911802, -0.246697, -0.002831, 0.14909, 0.307909, -0.939662, -1.2e-05, 0.0, 0.0, 0.0, 1.0],
                [0.933267, 0.27331, 0.233055, 0.124994, 0.327052, -0.914856, -0.236801, -0.002831, 0.148492, 0.297219, -0.943192, -1.2e-05, 0.0, 0.0, 0.0, 1.0],
                [0.933939, 0.275359, 0.227895, 0.124994, 0.325492, -0.918647, -0.223926, -0.002831, 0.147695, 0.283311, -0.947587, -1.2e-05, 0.0, 0.0, 0.0, 1.0],
                [0.934789, 0.277858, 0.221279, 0.124994, 0.32352, -0.9232, -0.20745, -0.002831, 0.146644, 0.26551, -0.95289, -1.2e-05, 0.0, 0.0, 0.0, 1.0],
                [0.935844, 0.280811, 0.212935, 0.124994, 0.321079, -0.928465, -0.18671, -0.002831, 0.145272, 0.2431, -0.959061, -1.2e-05, 0.0, 0.0, 0.0, 1.0],
                [0.937129, 0.284178, 0.202564, 0.124994, 0.318116, -0.934281, -0.161001, -0.002831, 0.143499, 0.215318, -0.965943, -1.2e-05, 0.0, 0.0, 0.0, 1.0],
                [0.938665, 0.287863, 0.189848, 0.124994, 0.314585, -0.940343, -0.129577, -0.002831, 0.141222, 0.181353, -0.973225, -1.2e-05, 0.0, 0.0, 0.0, 1.0],
                [0.940712, 0.292104, 0.172441, 0.124994, 0.309997, -0.946706, -0.087455, -0.002831, 0.137705, 0.135726, -0.98113, -1.2e-05, 0.0, 0.0, 0.0, 1.0],
                [0.943392, 0.296499, 0.148657, 0.124994, 0.304156, -0.952111, -0.031202, -0.002831, 0.132286, 0.074651, -0.988397, -1.2e-05, 0.0, 0.0, 0.0, 1.0],
                [0.946502, 0.299851, 0.119263, 0.124994, 0.297512, -0.953986, 0.037376, -0.002831, 0.124983, 0.000106, -0.992159, -1.2e-05, 0.0, 0.0, 0.0, 1.0],
                [0.949817, 0.300967, 0.085248, 0.124994, 0.290555, -0.949804, 0.115968, -0.002831, 0.115871, -0.085379, -0.989588, -1.2e-05, 0.0, 0.0, 0.0, 1.0],
                [0.953109, 0.298817, 0.047869, 0.124994, 0.283776, -0.937442, 0.201677, -0.002831, 0.105139, -0.178637, -0.978282, -1.2e-05, 0.0, 0.0, 0.0, 1.0],
                [0.956168, 0.292693, 0.008628, 0.124994, 0.277624, -0.915523, 0.291106, -0.002831, 0.093104, -0.275951, -0.956652, -1.2e-05, 0.0, 0.0, 0.0, 1.0],
                [0.958821, 0.282334, -0.030831, 0.124994, 0.272449, -0.88369, 0.380609, -0.002831, 0.080214, -0.373336, -0.924222, -1.2e-05, 0.0, 0.0, 0.0, 1.0],
                [0.960957, 0.267986, -0.068882, 0.124994, 0.26846, -0.842707, 0.466663, -0.002831, 0.067012, -0.466935, -0.881749, -1.2e-05, 0.0, 0.0, 0.0, 1.0],
                [0.962538, 0.250371, -0.10409, 0.124994, 0.265699, -0.794368, 0.546245, -0.002831, 0.054078, -0.553438, -0.831133, -1.2e-05, 0.0, 0.0, 0.0, 1.0],
                [0.963595, 0.230578, -0.135345, 0.124994, 0.26405, -0.741234, 0.617129, -0.002831, 0.041974, -0.630401, -0.775134, -1.2e-05, 0.0, 0.0, 0.0, 1.0],
                [0.964218, 0.209913, -0.161925, 0.124994, 0.263268, -0.686288, 0.678011, -0.002831, 0.031196, -0.69638, -0.716995, -1.2e-05, 0.0, 0.0, 0.0, 1.0],
                [0.964537, 0.189742, -0.183484, 0.124994, 0.263017, -0.632588, 0.72846, -0.002831, 0.02215, -0.750886, -0.66006, -1.2e-05, 0.0, 0.0, 0.0, 1.0],
                [0.964698, 0.171375, -0.199972, 0.124994, 0.262923, -0.583022, 0.768737, -0.002831, 0.015154, -0.794176, -0.607499, -1.2e-05, 0.0, 0.0, 0.0, 1.0],
                [0.964845, 0.155996, -0.211518, 0.124994, 0.262612, -0.540172, 0.79953, -0.002831, 0.010467, -0.82697, -0.562149, -1.2e-05, 0.0, 0.0, 0.0, 1.0],
                [0.965104, 0.144644, -0.218296, 0.124994, 0.261736, -0.506304, 0.821675, -0.002831, 0.008326, -0.850138, -0.526494, -1.2e-05, 0.0, 0.0, 0.0, 1.0],
                [0.965409, 0.136093, -0.222407, 0.124994, 0.260631, -0.478772, 0.838361, -0.002831, 0.007613, -0.867327, -0.49768, -1.2e-05, 0.0, 0.0, 0.0, 1.0],
                [0.965633, 0.128469, -0.225941, 0.124994, 0.259815, -0.453554, 0.852517, -0.002831, 0.007045, -0.881921, -0.471344, -1.2e-05, 0.0, 0.0, 0.0, 1.0],
                [0.965787, 0.121723, -0.228994, 0.124994, 0.259251, -0.430619, 0.864498, -0.002831, 0.00662, -0.894288, -0.447443, -1.2e-05, 0.0, 0.0, 0.0, 1.0],
                [0.965882, 0.115807, -0.231646, 0.124994, 0.258904, -0.409915, 0.874608, -0.002831, 0.006331, -0.904742, -0.425912, -1.2e-05, 0.0, 0.0, 0.0, 1.0],
                [0.965927, 0.11067, -0.233961, 0.124994, 0.258742, -0.39137, 0.883109, -0.002831, 0.006169, -0.913555, -0.406669, -1.2e-05, 0.0, 0.0, 0.0, 1.0],
                [0.965929, 0.106258, -0.235989, 0.124994, 0.258736, -0.3749, 0.890227, -0.002831, 0.006121, -0.920955, -0.38962, -1.2e-05, 0.0, 0.0, 0.0, 1.0],
                [0.965896, 0.102518, -0.237773, 0.124994, 0.258858, -0.360417, 0.896154, -0.002831, 0.006175, -0.92714, -0.374663, -1.2e-05, 0.0, 0.0, 0.0, 1.0],
                [0.965834, 0.099397, -0.239341, 0.124994, 0.259083, -0.347825, 0.901051, -0.002831, 0.006313, -0.932276, -0.361693, -1.2e-05, 0.0, 0.0, 0.0, 1.0],
                [0.965752, 0.096841, -0.240718, 0.124994, 0.259386, -0.337022, 0.905061, -0.002831, 0.00652, -0.936503, -0.350599, -1.2e-05, 0.0, 0.0, 0.0, 1.0],
                [0.965654, 0.094797, -0.24192, 0.124994, 0.259741, -0.327906, 0.908302, -0.002831, 0.006777, -0.939942, -0.341267, -1.2e-05, 0.0, 0.0, 0.0, 1.0],
                [0.965549, 0.093209, -0.242956, 0.124994, 0.260126, -0.320372, 0.910876, -0.002831, 0.007066, -0.942695, -0.333581, -1.2e-05, 0.0, 0.0, 0.0, 1.0],
                [0.965441, 0.092023, -0.243835, 0.124994, 0.260518, -0.314312, 0.912874, -0.002831, 0.007366, -0.944849, -0.327423, -1.2e-05, 0.0, 0.0, 0.0, 1.0],
                [0.965338, 0.091184, -0.244558, 0.124994, 0.260892, -0.309615, 0.914371, -0.002831, 0.007657, -0.94648, -0.322672, -1.2e-05, 0.0, 0.0, 0.0, 1.0],
                [0.965246, 0.090633, -0.245126, 0.124994, 0.261225, -0.306168, 0.915436, -0.002831, 0.007919, -0.947653, -0.319203, -1.2e-05, 0.0, 0.0, 0.0, 1.0],
                [0.965171, 0.090314, -0.245536, 0.124994, 0.261492, -0.303856, 0.916129, -0.002831, 0.008132, -0.948428, -0.31689, -1.2e-05, 0.0, 0.0, 0.0, 1.0],
                [0.965122, 0.090167, -0.245785, 0.124994, 0.261671, -0.302558, 0.916508, -0.002831, 0.008274, -0.948856, -0.315599, -1.2e-05, 0.0, 0.0, 0.0, 1.0],
                [0.965104, 0.090131, -0.245869, 0.124994, 0.261736, -0.302153, 0.916623, -0.002831, 0.008326, -0.948989, -0.3152, -1.2e-05, 0.0, 0.0, 0.0, 1.0],
                [0.965079, 0.090672, -0.245767, 0.124994, 0.261832, -0.304555, 0.9158, -0.002831, 0.008188, -0.948169, -0.31766, -1.2e-05, 0.0, 0.0, 0.0, 1.0],
                [0.965007, 0.092265, -0.245456, 0.124994, 0.262109, -0.311608, 0.913345, -0.002831, 0.007784, -0.945721, -0.324887, -1.2e-05, 0.0, 0.0, 0.0, 1.0],
                [0.964892, 0.094871, -0.244914, 0.124994, 0.26255, -0.323093, 0.909218, -0.002831, 0.007128, -0.9416, -0.336658, -1.2e-05, 0.0, 0.0, 0.0, 1.0],
                [0.964739, 0.098449, -0.244102, 0.124994, 0.263134, -0.338793, 0.903316, -0.002831, 0.006231, -0.935696, -0.352752, -1.2e-05, 0.0, 0.0, 0.0, 1.0],
                [0.964553, 0.102963, -0.242973, 0.124994, 0.263839, -0.358482, 0.895477, -0.002831, 0.005099, -0.927841, -0.372941, -1.2e-05, 0.0, 0.0, 0.0, 1.0],
                [0.96434, 0.10837, -0.241463, 0.124994, 0.26464, -0.381924, 0.885494, -0.002831, 0.00374, -0.917818, -0.396984, -1.2e-05, 0.0, 0.0, 0.0, 1.0],
                [0.964105, 0.114626, -0.239504, 0.124994, 0.265512, -0.408858, 0.87312, -0.002831, 0.00216, -0.905371, -0.424617, -1.2e-05, 0.0, 0.0, 0.0, 1.0],
                [0.963855, 0.121681, -0.237016, 0.124994, 0.266425, -0.438991, 0.858082, -0.002831, 0.000364, -0.890214, -0.455542, -1.2e-05, 0.0, 0.0, 0.0, 1.0],
                [0.963598, 0.129472, -0.233915, 0.124994, 0.267351, -0.471991, 0.840088, -0.002831, -0.001638, -0.872044, -0.489424, -1.2e-05, 0.0, 0.0, 0.0, 1.0],
                [0.96334, 0.137927, -0.230114, 0.124994, 0.268257, -0.507477, 0.818844, -0.002831, -0.003837, -0.850555, -0.525873, -1.2e-05, 0.0, 0.0, 0.0, 1.0],
                [0.963089, 0.146961, -0.225526, 0.124994, 0.269111, -0.545013, 0.794066, -0.002831, -0.006218, -0.825448, -0.564445, -1.2e-05, 0.0, 0.0, 0.0, 1.0],
                [0.962854, 0.156471, -0.220065, 0.124994, 0.26988, -0.584105, 0.765497, -0.002831, -0.008763, -0.796453, -0.604637, -1.2e-05, 0.0, 0.0, 0.0, 1.0],
                [0.962643, 0.166342, -0.213657, 0.124994, 0.270533, -0.624202, 0.732928, -0.002831, -0.011449, -0.763349, -0.645885, -1.2e-05, 0.0, 0.0, 0.0, 1.0],
                [0.962463, 0.176439, -0.206238, 0.124994, 0.271038, -0.664701, 0.696211, -0.002831, -0.014248, -0.725976, -0.687572, -1.2e-05, 0.0, 0.0, 0.0, 1.0],
                [0.962323, 0.186617, -0.197759, 0.124994, 0.27137, -0.704954, 0.655285, -0.002831, -0.017124, -0.684262, -0.729035, -1.2e-05, 0.0, 0.0, 0.0, 1.0],
                [0.962229, 0.196718, -0.188197, 0.124994, 0.271504, -0.744285, 0.610185, -0.002831, -0.020038, -0.638234, -0.769582, -1.2e-05, 0.0, 0.0, 0.0, 1.0],
                [0.962186, 0.206575, -0.17755, 0.124994, 0.271424, -0.78201, 0.56106, -0.002831, -0.022945, -0.588036, -0.808509, -1.2e-05, 0.0, 0.0, 0.0, 1.0],
                [0.9622, 0.216023, -0.165848, 0.124994, 0.271119, -0.817465, 0.508179, -0.002831, -0.025796, -0.533934, -0.845132, -1.2e-05, 0.0, 0.0, 0.0, 1.0],
                [0.962272, 0.224898, -0.153146, 0.124993, 0.270588, -0.850024, 0.451931, -0.002831, -0.02854, -0.47632, -0.878809, -1.2e-05, 0.0, 0.0, 0.0, 1.0],
                [0.962403, 0.233048, -0.139532, 0.124994, 0.269837, -0.879136, 0.392819, -0.002831, -0.031122, -0.415701, -0.908969, -1.2e-05, 0.0, 0.0, 0.0, 1.0],
                [0.962591, 0.240341, -0.12512, 0.124994, 0.268881, -0.904348, 0.331447, -0.002831, -0.033491, -0.352691, -0.93514, -1.2e-05, 0.0, 0.0, 0.0, 1.0],
                [0.962832, 0.246667, -0.110045, 0.124994, 0.267745, -0.925323, 0.268496, -0.002831, -0.035598, -0.28798, -0.956974, -1.2e-05, 0.0, 0.0, 0.0, 1.0],
