{
    "animation": [
        {
            "name": "Root",
            "time": [0.0, 0.0167, 0.0333, 0.05, 0.0667, 0.0833, 0.1, 0.1167, 0.1333, 0.15, 0.1667, 0.1833, 0.2, 0.2167, 0.2333, 0.25, 0.2667, 0.2833, 0.3, 0.3167, 0.3333, 0.35, 0.3667, 0.3833, 0.4, 0.4167, 0.4333, 0.45, 0.4667, 0.4833, 0.5, 0.5167, 0.5333, 0.55, 0.5667, 0.5833, 0.6, 0.6167, 0.6333, 0.65, 0.6667, 0.6833, 0.7, 0.7167, 0.7333, 0.75, 0.7667, 0.7833, 0.8, 0.8167, 0.8333, 0.85, 0.8667, 0.8833, 0.9, 0.9167, 0.9333, 0.95, 0.9667, 0.9833, 1.0, 1.0167, 1.0333, 1.05, 1.0667, 1.0833, 1.1, 1.1167, 1.1333, 1.15, 1.1667, 1.1833, 1.2, 1.2167, 1.2333, 1.25, 1.2667, 1.2833, 1.3, 1.3167, 1.3333, 1.35, 1.3667, 1.3833, 1.4, 1.4167, 1.4333, 1.45, 1.4667, 1.4833, 1.5, 1.5167, 1.5333, 1.55, 1.5667, 1.5833, 1.6, 1.6167, 1.6333, 1.65, 1.6667, 1.6833, 1.7, 1.7167, 1.7333, 1.75, 1.7667, 1.7833, 1.8, 1.8167, 1.8333, 1.85, 1.8667, 1.8833, 1.9, 1.9167, 1.9333, 1.95, 1.9667, 1.9833, 2.0, 2.0167, 2.0333, 2.05, 2.0667, 2.0833, 2.1, 2.1167, 2.1333, 2.15, 2.1667, 2.1833, 2.2, 2.2167, 2.2333, 2.25, 2.2667, 2.2833, 2.3, 2.3167, 2.3333, 2.35, 2.3667, 2.3833, 2.4, 2.4167, 2.4333, 2.45, 2.4667, 2.4833, 2.5, 2.5167, 2.5333, 2.55, 2.5667, 2.5833, 2.6, 2.6167, 2.6333, 2.65, 2.6667, 2.6833, 2.7, 2.7167, 2.7333, 2.75, 2.7667, 2.7833, 2.8, 2.8167, 2.8333, 2.85, 2.8667, 2.8833, 2.9, 2.9167, 2.9333, 2.95, 2.9667, 2.9833, 3.0, 3.0167, 3.0333, 3.05, 3.0667, 3.0833, 3.1, 3.1167, 3.1333],
            "transform": [
                [1.0, 0.0, 0.0, -5e-06, 0.0, 0.258819, -0.965926, 0.000946, 0.0, 0.965926, 0.258819, 0.763972, 0.0, 0.0, 0.0, 1.0],
                [1.0, 0.0, 0.0, -5e-06, 0.0, 0.258819, -0.965926, 0.000947, 0.0, 0.965926, 0.258819, 0.763972, 0.0, 0.0, 0.0, 1.0],
                [1.0, 0.0, 0.0, -5e-06, 0.0, 0.258819, -0.965926, 0.000952, 0.0, 0.965926, 0.258819, 0.763972, 0.0, 0.0, 0.0, 1.0],
                [1.0, 0.0, 0.0, -5e-06, 0.0, 0.258819, -0.965926, 0.000966, 0.0, 0.965926, 0.258819, 0.763972, 0.0, 0.0, 0.0, 1.0],
                [1.0, 0.0, 0.0, -5e-06, 0.0, 0.258819, -0.965926, 0.000993, 0.0, 0.965926, 0.258819, 0.763972, 0.0, 0.0, 0.0, 1.0],
                [1.0, 0.0, 0.0, -5e-06, 0.0, 0.258819, -0.965926, 0.001038, 0.0, 0.965926, 0.258819, 0.763972, 0.0, 0.0, 0.0, 1.0],
                [1.0, 0.0, 0.0, -5e-06, 0.0, 0.258819, -0.965926, 0.001104, 0.0, 0.965926, 0.258819, 0.763972, 0.0, 0.0, 0.0, 1.0],
                [1.0, 0.0, 0.0, -5e-06, 0.0, 0.258819, -0.965926, 0.001196, 0.0, 0.965926, 0.258819, 0.763972, 0.0, 0.0, 0.0, 1.0],
                [1.0, 0.0, 0.0, -5e-06, 0.0, 0.258819, -0.965926, 0.00132, 0.0, 0.965926, 0.258819, 0.763972, 0.0, 0.0, 0.0, 1.0],
                [1.0, 0.0, 0.0, -5e-06, 0.0, 0.258819, -0.965926, 0.001478, 0.0, 0.965926, 0.258819, 0.763972, 0.0, 0.0, 0.0, 1.0],
                [1.0, 0.0, 0.0, -5e-06, 0.0, 0.258819, -0.965926, 0.001675, 0.0, 0.965926, 0.258819, 0.763972, 0.0, 0.0, 0.0, 1.0],
                [1.0, 0.0, 0.0, -5e-06, 0.0, 0.258819, -0.965926, 0.001916, 0.0, 0.965926, 0.258819, 0.763972, 0.0, 0.0, 0.0, 1.0],
                [1.0, 0.0, 0.0, -5e-06, 0.0, 0.258819, -0.965926, 0.002206, 0.0, 0.965926, 0.258819, 0.763972, 0.0, 0.0, 0.0, 1.0],
                [1.0, 0.0, 0.0, -5e-06, 0.0, 0.258819, -0.965926, 0.002547, 0.0, 0.965926, 0.258819, 0.763972, 0.0, 0.0, 0.0, 1.0],
                [1.0, 0.0, 0.0, -5e-06, 0.0, 0.258819, -0.965926, 0.002946, 0.0, 0.965926, 0.258819, 0.763972, 0.0, 0.0, 0.0, 1.0],
                [1.0, 0.0, 0.0, -5e-06, 0.0, 0.258819, -0.965926, 0.003406, 0.0, 0.965926, 0.258819, 0.763972, 0.0, 0.0, 0.0, 1.0],
                [1.0, 0.0, 0.0, -5e-06, 0.0, 0.258819, -0.965926, 0.003931, 0.0, 0.965926, 0.258819, 0.763972, 0.0, 0.0, 0.0, 1.0],
                [1.0, 0.0, 0.0, -5e-06, 0.0, 0.258819, -0.965926, 0.004527, 0.0, 0.965926, 0.258819, 0.763972, 0.0, 0.0, 0.0, 1.0],
                [1.0, 0.0, 0.0, -5e-06, 0.0, 0.258819, -0.965926, 0.005197, 0.0, 0.965926, 0.258819, 0.763972, 0.0, 0.0, 0.0, 1.0],
                [1.0, 0.0, 0.0, -5e-06, 0.0, 0.258819, -0.965926, 0.005945, 0.0, 0.965926, 0.258819, 0.763972, 0.0, 0.0, 0.0, 1.0],
                [1.0, 0.0, 0.0, -5e-06, 0.0, 0.258819, -0.965926, 0.006776, 0.0, 0.965926, 0.258819, 0.763972, 0.0, 0.0, 0.0, 1.0],
                [1.0, 0.0, 0.0, -5e-06, 0.0, 0.258819, -0.965926, 0.007695, 0.0, 0.965926, 0.258819, 0.763972, 0.0, 0.0, 0.0, 1.0],
                [1.0, 0.0, 0.0, -5e-06, 0.0, 0.258819, -0.965926, 0.008706, 0.0, 0.965926, 0.258819, 0.763972, 0.0, 0.0, 0.0, 1.0],
                [1.0, 0.0, 0.0, -5e-06, 0.0, 0.258819, -0.965926, 0.009813, 0.0, 0.965926, 0.258819, 0.763972, 0.0, 0.0, 0.0, 1.0],
                [1.0, 0.0, 0.0, -5e-06, 0.0, 0.258819, -0.965926, 0.011021, 0.0, 0.965926, 0.258819, 0.763972, 0.0, 0.0, 0.0, 1.0],
                [1.0, 0.0, 0.0, -5e-06, 0.0, 0.258819, -0.965926, 0.012333, 0.0, 0.965926, 0.258819, 0.763972, 0.0, 0.0, 0.0, 1.0],
                [1.0, 0.0, 0.0, -5e-06, 0.0, 0.258819, -0.965926, 0.013755, 0.0, 0.965926, 0.258819, 0.763972, 0.0, 0.0, 0.0, 1.0],
                [1.0, 0.0, 0.0, -5e-06, 0.0, 0.258819, -0.965926, 0.01529, 0.0, 0.965926, 0.258819, 0.763972, 0.0, 0.0, 0.0, 1.0],
                [1.0, 0.0, 0.0, -5e-06, 0.0, 0.258819, -0.965926, 0.016944, 0.0, 0.965926, 0.258819, 0.763972, 0.0, 0.0, 0.0, 1.0],
                [1.0, 0.0, 0.0, -5e-06, 0.0, 0.258819, -0.965926, 0.01872, 0.0, 0.965926, 0.258819, 0.763972, 0.0, 0.0, 0.0, 1.0],
                [1.0, 0.0, 0.0, -5e-06, 0.0, 0.258819, -0.965926, 0.020623, 0.0, 0.965926, 0.258819, 0.763972, 0.0, 0.0, 0.0, 1.0],
                [1.0, 0.0, 0.0, -5e-06, 0.0, 0.258819, -0.965926, 0.022657, 0.0, 0.965926, 0.258819, 0.763972, 0.0, 0.0, 0.0, 1.0],
                [1.0, 0.0, 0.0, -5e-06, 0.0, 0.258819, -0.965926, 0.024826, 0.0, 0.965926, 0.258819, 0.763972, 0.0, 0.0, 0.0, 1.0],
                [1.0, 0.0, 0.0, -5e-06, 0.0, 0.258819, -0.965926, 0.027136, 0.0, 0.965926, 0.258819, 0.763972, 0.0, 0.0, 0.0, 1.0],
                [1.0, 0.0, 0.0, -5e-06, 0.0, 0.258819, -0.965926, 0.029589, 0.0, 0.965926, 0.258819, 0.763972, 0.0, 0.0, 0.0, 1.0],
                [1.0, 0.0, 0.0, -5e-06, 0.0, 0.258819, -0.965926, 0.032192, 0.0, 0.965926, 0.258819, 0.763972, 0.0, 0.0, 0.0, 1.0],
                [1.0, 0.0, 0.0, -5e-06, 0.0, 0.258819, -0.965926, 0.034947, 0.0, 0.965926, 0.258819, 0.763972, 0.0, 0.0, 0.0, 1.0],
                [1.0, 0.0, 0.0, -5e-06, 0.0, 0.258819, -0.965926, 0.03786, 0.0, 0.965926, 0.258819, 0.763972, 0.0, 0.0, 0.0, 1.0],
                [1.0, 0.0, 0.0, -5e-06, 0.0, 0.258819, -0.965926, 0.040935, 0.0, 0.965926, 0.258819, 0.763972, 0.0, 0.0, 0.0, 1.0],
                [1.0, 0.0, 0.0, -5e-06, 0.0, 0.258819, -0.965926, 0.044175, 0.0, 0.965926, 0.258819, 0.763972, 0.0, 0.0, 0.0, 1.0],
                [1.0, 0.0, 0.0, -5e-06, 0.0, 0.258819, -0.965926, 0.047587, 0.0, 0.965926, 0.258819, 0.763972, 0.0, 0.0, 0.0, 1.0],
                [1.0, 0.0, 0.0, -5e-06, 0.0, 0.258246, -0.966079, 0.054332, 0.0, 0.966079, 0.258246, 0.763972, 0.0, 0.0, 0.0, 1.0],
                [1.0, 0.0, 0.0, -5e-06, 0.0, 0.25657, -0.966526, 0.067324, 0.0, 0.966526, 0.25657, 0.763972, 0.0, 0.0, 0.0, 1.0],
                [1.0, 0.0, 0.0, -5e-06, 0.0, 0.253853, -0.967243, 0.086189, 0.0, 0.967243, 0.253853, 0.763972, 0.0, 0.0, 0.0, 1.0],
                [1.0, 0.0, 0.0, -5e-06, 0.0, 0.250159, -0.968205, 0.110553, 0.0, 0.968205, 0.250159, 0.763972, 0.0, 0.0, 0.0, 1.0],
                [1.0, 0.0, 0.0, -5e-06, 0.0, 0.245548, -0.969384, 0.140045, 0.0, 0.969384, 0.245548, 0.763972, 0.0, 0.0, 0.0, 1.0],
                [1.0, 0.0, 0.0, -5e-06, 0.0, 0.240082, -0.970752, 0.17429, 0.0, 0.970752, 0.240082, 0.763972, 0.0, 0.0, 0.0, 1.0],
                [1.0, 0.0, 0.0, -5e-06, 0.0, 0.233822, -0.972279, 0.212915, 0.0, 0.972279, 0.233822, 0.763972, 0.0, 0.0, 0.0, 1.0],
                [1.0, 0.0, 0.0, -5e-06, 0.0, 0.22683, -0.973934, 0.255548, 0.0, 0.973934, 0.22683, 0.763972, 0.0, 0.0, 0.0, 1.0],
                [1.0, 0.0, 0.0, -5e-06, 0.0, 0.219167, -0.975687, 0.301815, 0.0, 0.975687, 0.219167, 0.763972, 0.0, 0.0, 0.0, 1.0],
                [1.0, 0.0, 0.0, -5e-06, 0.0, 0.210896, -0.977508, 0.351344, 0.0, 0.977508, 0.210896, 0.763972, 0.0, 0.0, 0.0, 1.0],
                [1.0, 0.0, 0.0, -5e-06, 0.0, 0.202079, -0.979369, 0.40376, 0.0, 0.979369, 0.202079, 0.763972, 0.0, 0.0, 0.0, 1.0],
                [1.0, 0.0, 0.0, -5e-06, 0.0, 0.19278, -0.981242, 0.458691, 0.0, 0.981242, 0.19278, 0.763972, 0.0, 0.0, 0.0, 1.0],
                [1.0, 0.0, 0.0, -5e-06, 0.0, 0.183064, -0.983101, 0.515763, 0.0, 0.983101, 0.183064, 0.763972, 0.0, 0.0, 0.0, 1.0],
                [1.0, 0.0, 0.0, -5e-06, 0.0, 0.172995, -0.984923, 0.574605, 0.0, 0.984923, 0.172995, 0.763972, 0.0, 0.0, 0.0, 1.0],
                [1.0, 0.0, 0.0, -5e-06, 0.0, 0.162639, -0.986686, 0.634841, 0.0, 0.986686, 0.162639, 0.763972, 0.0, 0.0, 0.0, 1.0],
                [1.0, 0.0, 0.0, -5e-06, 0.0, 0.152065, -0.988371, 0.6961, 0.0, 0.988371, 0.152065, 0.763972, 0.0, 0.0, 0.0, 1.0],
                [1.0, 0.0, 0.0, -5e-06, 0.0, 0.141337, -0.989962, 0.758008, 0.0, 0.989962, 0.141337, 0.763972, 0.0, 0.0, 0.0, 1.0],
                [1.0, 0.0, 0.0, -5e-06, 0.0, 0.130526, -0.991445, 0.820192, 0.0, 0.991445, 0.130526, 0.763972, 0.0, 0.0, 0.0, 1.0],
                [1.0, 0.0, 0.0, -5e-06, 0.0, 0.119699, -0.99281, 0.882278, 0.0, 0.99281, 0.119699, 0.763972, 0.0, 0.0, 0.0, 1.0],
                [1.0, 0.0, 0.0, -5e-06, 0.0, 0.108926, -0.99405, 0.943895, 0.0, 0.99405, 0.108926, 0.763972, 0.0, 0.0, 0.0, 1.0],
                [1.0, 0.0, 0.0, -5e-06, 0.0, 0.098275, -0.995159, 1.004668, 0.0, 0.995159, 0.098275, 0.763972, 0.0, 0.0, 0.0, 1.0],
                [1.0, 0.0, 0.0, -5e-06, 0.0, 0.087817, -0.996137, 1.064224, 0.0, 0.996137, 0.087817, 0.763972, 0.0, 0.0, 0.0, 1.0],
                [1.0, 0.0, 0.0, -5e-06, 0.0, 0.077619, -0.996983, 1.122191, 0.0, 0.996983, 0.077619, 0.763972, 0.0, 0.0, 0.0, 1.0],
                [1.0, 0.0, 0.0, -5e-06, 0.0, 0.067753, -0.997702, 1.178195, 0.0, 0.997702, 0.067753, 0.763972, 0.0, 0.0, 0.0, 1.0],
                [1.0, 0.0, 0.0, -5e-06, 0.0, 0.058286, -0.9983, 1.231862, 0.0, 0.9983, 0.058286, 0.763972, 0.0, 0.0, 0.0, 1.0],
                [1.0, 0.0, 0.0, -5e-06, 0.0, 0.049288, -0.998785, 1.282821, 0.0, 0.998785, 0.049288, 0.763972, 0.0, 0.0, 0.0, 1.0],
                [1.0, 0.0, 0.0, -5e-06, 0.0, 0.040827, -0.999166, 1.330697, 0.0, 0.999166, 0.040827, 0.763972, 0.0, 0.0, 0.0, 1.0],
                [1.0, 0.0, 0.0, -5e-06, 0.0, 0.032972, -0.999456, 1.375118, 0.0, 0.999456, 0.032972, 0.763972, 0.0, 0.0, 0.0, 1.0],
                [1.0, 0.0, 0.0, -5e-06, 0.0, 0.025789, -0.999667, 1.415711, 0.0, 0.999667, 0.025789, 0.763972, 0.0, 0.0, 0.0, 1.0],
                [1.0, 0.0, 0.0, -5e-06, 0.0, 0.019348, -0.999813, 1.452102, 0.0, 0.999813, 0.019348, 0.763972, 0.0, 0.0, 0.0, 1.0],
                [1.0, 0.0, 0.0, -5e-06, 0.0, 0.013714, -0.999906, 1.483917, 0.0, 0.999906, 0.013714, 0.763972, 0.0, 0.0, 0.0, 1.0],
                [1.0, 0.0, 0.0, -5e-06, 0.0, 0.008955, -0.99996, 1.510785, 0.0, 0.99996, 0.008955, 0.763972, 0.0, 0.0, 0.0, 1.0],
                [1.0, 0.0, 0.0, -5e-06, 0.0, 0.005137, -0.999987, 1.532332, 0.0, 0.999987, 0.005137, 0.763972, 0.0, 0.0, 0.0, 1.0],
                [1.0, 0.0, 0.0, -5e-06, 0.0, 0.002328, -0.999997, 1.548185, 0.0, 0.999997, 0.002328, 0.763972, 0.0, 0.0, 0.0, 1.0],
                [1.0, 0.0, 0.0, -5e-06, 0.0, 0.000593, -1.0, 1.55797, 0.0, 1.0, 0.000593, 0.763972, 0.0, 0.0, 0.0, 1.0],
                [1.0, 0.0, 0.0, -5e-06, 0.0, 0.0, -1.0, 1.561314, 0.0, 1.0, 0.0, 0.763972, 0.0, 0.0, 0.0, 1.0],
                [1.0, 0.0, 0.0, -5e-06, 0.0, 1e-05, -1.0, 1.56126, 0.0, 1.0, 1e-05, 0.763972, 0.0, 0.0, 0.0, 1.0],
                [1.0, 0.0, 0.0, -5e-06, 0.0, 3.8e-05, -1.0, 1.5611, 0.0, 1.0, 3.8e-05, 0.763972, 0.0, 0.0, 0.0, 1.0],
                [1.0, 0.0, 0.0, -5e-06, 0.0, 8.3e-05, -1.0, 1.560845, 0.0, 1.0, 8.3e-05, 0.763972, 0.0, 0.0, 0.0, 1.0],
                [1.0, 0.0, 0.0, -5e-06, 0.0, 0.000144, -1.0, 1.560501, 0.0, 1.0, 0.000144, 0.763972, 0.0, 0.0, 0.0, 1.0],
                [1.0, 0.0, 0.0, -5e-06, 0.0, 0.000219, -1.0, 1.560077, 0.0, 1.0, 0.000219, 0.763972, 0.0, 0.0, 0.0, 1.0],
                [1.0, 0.0, 0.0, -5e-06, 0.0, 0.000307, -1.0, 1.559581, 0.0, 1.0, 0.000307, 0.763972, 0.0, 0.0, 0.0, 1.0],
                [1.0, 0.0, 0.0, -5e-06, 0.0, 0.000407, -1.0, 1.559021, 0.0, 1.0, 0.000407, 0.763972, 0.0, 0.0, 0.0, 1.0],
                [1.0, 0.0, 0.0, -5e-06, 0.0, 0.000516, -1.0, 1.558404, 0.0, 1.0, 0.000516, 0.763972, 0.0, 0.0, 0.0, 1.0],
                [1.0, 0.0, 0.0, -5e-06, 0.0, 0.000634, -1.0, 1.55774, 0.0, 1.0, 0.000634, 0.763972, 0.0, 0.0, 0.0, 1.0],
                [1.0, 0.0, 0.0, -5e-06, 0.0, 0.000759, -1.0, 1.557035, 0.0, 1.0, 0.000759, 0.763972, 0.0, 0.0, 0.0, 1.0],
                [1.0, 0.0, 0.0, -5e-06, 0.0, 0.00089, -1.0, 1.556298, 0.0, 1.0, 0.00089, 0.763972, 0.0, 0.0, 0.0, 1.0],
                [1.0, 0.0, 0.0, -5e-06, 0.0, 0.001025, -0.999999, 1.555537, 0.0, 0.999999, 0.001025, 0.763972, 0.0, 0.0, 0.0, 1.0],
                [1.0, 0.0, 0.0, -5e-06, 0.0, 0.001163, -0.999999, 1.55476, 0.0, 0.999999, 0.001163, 0.763972, 0.0, 0.0, 0.0, 1.0],
                [1.0, 0.0, 0.0, -5e-06, 0.0, 0.001302, -0.999999, 1.553975, 0.0, 0.999999, 0.001302, 0.763972, 0.0, 0.0, 0.0, 1.0],
                [1.0, 0.0, 0.0, -5e-06, 0.0, 0.001441, -0.999999, 1.55319, 0.0, 0.999999, 0.001441, 0.763972, 0.0, 0.0, 0.0, 1.0],
                [1.0, 0.0, 0.0, -5e-06, 0.0, 0.001579, -0.999999, 1.552413, 0.0, 0.999999, 0.001579, 0.763972, 0.0, 0.0, 0.0, 1.0],
                [1.0, 0.0, 0.0, -5e-06, 0.0, 0.001714, -0.999998, 1.551652, 0.0, 0.999998, 0.001714, 0.763972, 0.0, 0.0, 0.0, 1.0],
                [1.0, 0.0, 0.0, -5e-06, 0.0, 0.001845, -0.999998, 1.550915, 0.0, 0.999998, 0.001845, 0.763972, 0.0, 0.0, 0.0, 1.0],
                [1.0, 0.0, 0.0, -5e-06, 0.0, 0.00197, -0.999998, 1.55021, 0.0, 0.999998, 0.00197, 0.763972, 0.0, 0.0, 0.0, 1.0],
                [1.0, 0.0, 0.0, -5e-06, 0.0, 0.002087, -0.999998, 1.549545, 0.0, 0.999998, 0.002087, 0.763972, 0.0, 0.0, 0.0, 1.0],
                [1.0, 0.0, 0.0, -5e-06, 0.0, 0.002197, -0.999998, 1.548929, 0.0, 0.999998, 0.002197, 0.763972, 0.0, 0.0, 0.0, 1.0],
                [1.0, 0.0, 0.0, -5e-06, 0.0, 0.002296, -0.999997, 1.548368, 0.0, 0.999997, 0.002296, 0.763972, 0.0, 0.0, 0.0, 1.0],
                [1.0, 0.0, 0.0, -5e-06, 0.0, 0.002384, -0.999997, 1.547872, 0.0, 0.999997, 0.002384, 0.763972, 0.0, 0.0, 0.0, 1.0],
                [1.0, 0.0, 0.0, -5e-06, 0.0, 0.002459, -0.999997, 1.547448, 0.0, 0.999997, 0.002459, 0.763972, 0.0, 0.0, 0.0, 1.0],
                [1.0, 0.0, 0.0, -5e-06, 0.0, 0.00252, -0.999997, 1.547105, 0.0, 0.999997, 0.00252, 0.763972, 0.0, 0.0, 0.0, 1.0],
                [1.0, 0.0, 0.0, -5e-06, 0.0, 0.002566, -0.999997, 1.546849, 0.0, 0.999997, 0.002566, 0.763972, 0.0, 0.0, 0.0, 1.0],
                [1.0, 0.0, 0.0, -5e-06, 0.0, 0.002594, -0.999997, 1.54669, 0.0, 0.999997, 0.002594, 0.763972, 0.0, 0.0, 0.0, 1.0],
                [1.0, 0.0, 0.0, -5e-06, 0.0, 0.002604, -0.999997, 1.546635, 0.0, 0.999997, 0.002604, 0.763972, 0.0, 0.0, 0.0, 1.0],
                [1.0, 0.0, 0.0, -5e-06, 0.0, 0.002604, -0.999997, 1.546635, 0.0, 0.999997, 0.002604, 0.763972, 0.0, 0.0, 0.0, 1.0],
                [1.0, 0.0, 0.0, -5e-06, 0.0, 0.002604, -0.999997, 1.546635, 0.0, 0.999997, 0.002604, 0.763972, 0.0, 0.0, 0.0, 1.0],
                [1.0, 0.0, 0.0, -5e-06, 0.0, 0.002604, -0.999997, 1.546635, 0.0, 0.999997, 0.002604, 0.763972, 0.0, 0.0, 0.0, 1.0],
                [1.0, 0.0, 0.0, -5e-06, 0.0, 0.002604, -0.999997, 1.546635, 0.0, 0.999997, 0.002604, 0.763972, 0.0, 0.0, 0.0, 1.0],
                [1.0, 0.0, 0.0, -5e-06, 0.0, 0.002604, -0.999997, 1.546635, 0.0, 0.999997, 0.002604, 0.763972, 0.0, 0.0, 0.0, 1.0],
                [1.0, 0.0, 0.0, -5e-06, 0.0, 0.002604, -0.999997, 1.546635, 0.0, 0.999997, 0.002604, 0.763972, 0.0, 0.0, 0.0, 1.0],
                [1.0, 0.0, 0.0, -5e-06, 0.0, 0.002604, -0.999997, 1.546635, 0.0, 0.999997, 0.002604, 0.763972, 0.0, 0.0, 0.0, 1.0],
                [1.0, 0.0, 0.0, -5e-06, 0.0, 0.002604, -0.999997, 1.546635, 0.0, 0.999997, 0.002604, 0.763972, 0.0, 0.0, 0.0, 1.0],
                [1.0, 0.0, 0.0, -5e-06, 0.0, 0.002604, -0.999997, 1.546635, 0.0, 0.999997, 0.002604, 0.763972, 0.0, 0.0, 0.0, 1.0],
                [1.0, 0.0, 0.0, -5e-06, 0.0, 0.002604, -0.999997, 1.546635, 0.0, 0.999997, 0.002604, 0.763972, 0.0, 0.0, 0.0, 1.0],
                [1.0, 0.0, 0.0, -5e-06, 0.0, 0.002604, -0.999997, 1.546635, 0.0, 0.999997, 0.002604, 0.763972, 0.0, 0.0, 0.0, 1.0],
                [1.0, 0.0, 0.0, -5e-06, 0.0, 0.002604, -0.999997, 1.546635, 0.0, 0.999997, 0.002604, 0.763972, 0.0, 0.0, 0.0, 1.0],
                [1.0, 0.0, 0.0, -5e-06, 0.0, 0.002604, -0.999997, 1.546635, 0.0, 0.999997, 0.002604, 0.763972, 0.0, 0.0, 0.0, 1.0],
                [1.0, 0.0, 0.0, -5e-06, 0.0, 0.002604, -0.999997, 1.546635, 0.0, 0.999997, 0.002604, 0.763972, 0.0, 0.0, 0.0, 1.0],
                [1.0, 0.0, 0.0, -5e-06, 0.0, 0.002604, -0.999997, 1.546635, 0.0, 0.999997, 0.002604, 0.763972, 0.0, 0.0, 0.0, 1.0],
                [1.0, 0.0, 0.0, -5e-06, 0.0, 0.002604, -0.999997, 1.546635, 0.0, 0.999997, 0.002604, 0.763972, 0.0, 0.0, 0.0, 1.0],
                [1.0, 0.0, 0.0, -5e-06, 0.0, 0.002604, -0.999997, 1.546635, 0.0, 0.999997, 0.002604, 0.763972, 0.0, 0.0, 0.0, 1.0],
                [1.0, 0.0, 0.0, -5e-06, 0.0, 0.002604, -0.999997, 1.546635, 0.0, 0.999997, 0.002604, 0.763972, 0.0, 0.0, 0.0, 1.0],
                [1.0, 0.0, 0.0, -5e-06, 0.0, 0.002604, -0.999997, 1.546635, 0.0, 0.999997, 0.002604, 0.763972, 0.0, 0.0, 0.0, 1.0],
                [1.0, 0.0, 0.0, -5e-06, 0.0, 0.002604, -0.999997, 1.546635, 0.0, 0.999997, 0.002604, 0.763972, 0.0, 0.0, 0.0, 1.0],
                [1.0, 0.0, 0.0, -5e-06, 0.0, 0.002604, -0.999997, 1.546635, 0.0, 0.999997, 0.002604, 0.763972, 0.0, 0.0, 0.0, 1.0],
                [1.0, 0.0, 0.0, -5e-06, 0.0, 0.002604, -0.999997, 1.546635, 0.0, 0.999997, 0.002604, 0.763972, 0.0, 0.0, 0.0, 1.0],
                [1.0, 0.0, 0.0, -5e-06, 0.0, 0.002604, -0.999997, 1.546635, 0.0, 0.999997, 0.002604, 0.763972, 0.0, 0.0, 0.0, 1.0],
                [1.0, 0.0, 0.0, -5e-06, 0.0, 0.002604, -0.999997, 1.546635, 0.0, 0.999997, 0.002604, 0.763972, 0.0, 0.0, 0.0, 1.0],
                [1.0, 0.0, 0.0, -5e-06, 0.0, 0.002604, -0.999997, 1.546635, 0.0, 0.999997, 0.002604, 0.763972, 0.0, 0.0, 0.0, 1.0],
                [1.0, 0.0, 0.0, -5e-06, 0.0, 0.002604, -0.999997, 1.546635, 0.0, 0.999997, 0.002604, 0.763972, 0.0, 0.0, 0.0, 1.0],
                [1.0, 0.0, 0.0, -5e-06, 0.0, 0.002604, -0.999997, 1.546635, 0.0, 0.999997, 0.002604, 0.763972, 0.0, 0.0, 0.0, 1.0],
                [1.0, 0.0, 0.0, -5e-06, 0.0, 0.002604, -0.999997, 1.546635, 0.0, 0.999997, 0.002604, 0.763972, 0.0, 0.0, 0.0, 1.0],
                [1.0, 0.0, 0.0, -5e-06, 0.0, 0.002604, -0.999997, 1.546635, 0.0, 0.999997, 0.002604, 0.763972, 0.0, 0.0, 0.0, 1.0],
                [1.0, 0.0, 0.0, -5e-06, 0.0, 0.002601, -0.999997, 1.546027, 0.0, 0.999997, 0.002601, 0.763972, 0.0, 0.0, 0.0, 1.0],
                [1.0, 0.0, 0.0, -5e-06, 0.0, 0.002594, -0.999997, 1.54423, 0.0, 0.999997, 0.002594, 0.763972, 0.0, 0.0, 0.0, 1.0],
                [1.0, 0.0, 0.0, -5e-06, 0.0, 0.002581, -0.999997, 1.541291, 0.0, 0.999997, 0.002581, 0.763972, 0.0, 0.0, 0.0, 1.0],
                [1.0, 0.0, 0.0, -5e-06, 0.0, 0.002564, -0.999997, 1.537253, 0.0, 0.999997, 0.002564, 0.763972, 0.0, 0.0, 0.0, 1.0],
                [1.0, 0.0, 0.0, -5e-06, 0.0, 0.002543, -0.999997, 1.532163, 0.0, 0.999997, 0.002543, 0.763972, 0.0, 0.0, 0.0, 1.0],
                [1.0, 0.0, 0.0, -5e-06, 0.0, 0.002517, -0.999997, 1.526064, 0.0, 0.999997, 0.002517, 0.763972, 0.0, 0.0, 0.0, 1.0],
                [1.0, 0.0, 0.0, -5e-06, 0.0, 0.002488, -0.999997, 1.519001, 0.0, 0.999997, 0.002488, 0.763972, 0.0, 0.0, 0.0, 1.0],
                [1.0, 0.0, 0.0, -5e-06, 0.0, 0.002454, -0.999997, 1.51102, 0.0, 0.999997, 0.002454, 0.763972, 0.0, 0.0, 0.0, 1.0],
                [1.0, 0.0, 0.0, -5e-06, 0.0, 0.002417, -0.999997, 1.502164, 0.0, 0.999997, 0.002417, 0.763972, 0.0, 0.0, 0.0, 1.0],
                [1.0, 0.0, 0.0, -5e-06, 0.0, 0.002377, -0.999997, 1.49248, 0.0, 0.999997, 0.002377, 0.763972, 0.0, 0.0, 0.0, 1.0],
                [1.0, 0.0, 0.0, -5e-06, 0.0, 0.002333, -0.999997, 1.482011, 0.0, 0.999997, 0.002333, 0.763972, 0.0, 0.0, 0.0, 1.0],
                [1.0, 0.0, 0.0, -5e-06, 0.0, 0.002286, -0.999997, 1.470803, 0.0, 0.999997, 0.002286, 0.763972, 0.0, 0.0, 0.0, 1.0],
                [1.0, 0.0, 0.0, -5e-06, 0.0, 0.002236, -0.999997, 1.4589, 0.0, 0.999997, 0.002236, 0.763972, 0.0, 0.0, 0.0, 1.0],
                [1.0, 0.0, 0.0, -5e-06, 0.0, 0.002183, -0.999998, 1.446347, 0.0, 0.999998, 0.002183, 0.763972, 0.0, 0.0, 0.0, 1.0],
                [1.0, 0.0, 0.0, -5e-06, 0.0, 0.002128, -0.999998, 1.433189, 0.0, 0.999998, 0.002128, 0.763972, 0.0, 0.0, 0.0, 1.0],
                [1.0, 0.0, 0.0, -5e-06, 0.0, 0.002071, -0.999998, 1.419471, 0.0, 0.999998, 0.002071, 0.763972, 0.0, 0.0, 0.0, 1.0],
                [1.0, 0.0, 0.0, -5e-06, 0.0, 0.002011, -0.999998, 1.405238, 0.0, 0.999998, 0.002011, 0.763972, 0.0, 0.0, 0.0, 1.0],
                [1.0, 0.0, 0.0, -5e-06, 0.0, 0.00195, -0.999998, 1.390534, 0.0, 0.999998, 0.00195, 0.763972, 0.0, 0.0, 0.0, 1.0],
                [1.0, 0.0, 0.0, -5e-06, 0.0, 0.001886, -0.999998, 1.375404, 0.0, 0.999998, 0.001886, 0.763972, 0.0, 0.0, 0.0, 1.0],
                [1.0, 0.0, 0.0, -5e-06, 0.0, 0.001821, -0.999998, 1.359893, 0.0, 0.999998, 0.001821, 0.763972, 0.0, 0.0, 0.0, 1.0],
                [1.0, 0.0, 0.0, -5e-06, 0.0, 0.001755, -0.999998, 1.344046, 0.0, 0.999998, 0.001755, 0.763972, 0.0, 0.0, 0.0, 1.0],
                [1.0, 0.0, 0.0, -5e-06, 0.0, 0.001687, -0.999999, 1.327908, 0.0, 0.999999, 0.001687, 0.763972, 0.0, 0.0, 0.0, 1.0],
                [1.0, 0.0, 0.0, -5e-06, 0.0, 0.001618, -0.999999, 1.311523, 0.0, 0.999999, 0.001618, 0.763972, 0.0, 0.0, 0.0, 1.0],
                [1.0, 0.0, 0.0, -5e-06, 0.0, 0.001549, -0.999999, 1.294937, 0.0, 0.999999, 0.001549, 0.763972, 0.0, 0.0, 0.0, 1.0],
                [1.0, 0.0, 0.0, -5e-06, 0.0, 0.001479, -0.999999, 1.278193, 0.0, 0.999999, 0.001479, 0.763972, 0.0, 0.0, 0.0, 1.0],
                [1.0, 0.0, 0.0, -5e-06, 0.0, 0.001408, -0.999999, 1.261338, 0.0, 0.999999, 0.001408, 0.763972, 0.0, 0.0, 0.0, 1.0],
                [1.0, 0.0, 0.0, -5e-06, 0.0, 0.001337, -0.999999, 1.244416, 0.0, 0.999999, 0.001337, 0.763972, 0.0, 0.0, 0.0, 1.0],
                [1.0, 0.0, 0.0, -5e-06, 0.0, 0.001266, -0.999999, 1.227471, 0.0, 0.999999, 0.001266, 0.763972, 0.0, 0.0, 0.0, 1.0],
                [1.0, 0.0, 0.0, -5e-06, 0.0, 0.001195, -0.999999, 1.210548, 0.0, 0.999999, 0.001195, 0.763972, 0.0, 0.0, 0.0, 1.0],
                [1.0, 0.0, 0.0, -5e-06, 0.0, 0.001125, -0.999999, 1.193693, 0.0, 0.999999, 0.001125, 0.763972, 0.0, 0.0, 0.0, 1.0],
                [1.0, 0.0, 0.0, -5e-06, 0.0, 0.001055, -0.999999, 1.176949, 0.0, 0.999999, 0.001055, 0.763972, 0.0, 0.0, 0.0, 1.0],
                [1.0, 0.0, 0.0, -5e-06, 0.0, 0.000985, -1.0, 1.160363, 0.0, 1.0, 0.000985, 0.763972, 0.0, 0.0, 0.0, 1.0],
                [1.0, 0.0, 0.0, -5e-06, 0.0, 0.000916, -1.0, 1.143978, 0.0, 1.0, 0.000916, 0.763972, 0.0, 0.0, 0.0, 1.0],
                [1.0, 0.0, 0.0, -5e-06, 0.0, 0.000849, -1.0, 1.12784, 0.0, 1.0, 0.000849, 0.763972, 0.0, 0.0, 0.0, 1.0],
                [1.0, 0.0, 0.0, -5e-06, 0.0, 0.000782, -1.0, 1.111993, 0.0, 1.0, 0.000782, 0.763972, 0.0, 0.0, 0.0, 1.0],
                [1.0, 0.0, 0.0, -5e-06, 0.0, 0.000717, -1.0, 1.096482, 0.0, 1.0, 0.000717, 0.763972, 0.0, 0.0, 0.0, 1.0],
                [1.0, 0.0, 0.0, -5e-06, 0.0, 0.000654, -1.0, 1.081352, 0.0, 1.0, 0.000654, 0.763972, 0.0, 0.0, 0.0, 1.0],
                [1.0, 0.0, 0.0, -5e-06, 0.0, 0.000592, -1.0, 1.066648, 0.0, 1.0, 0.000592, 0.763972, 0.0, 0.0, 0.0, 1.0],
                [1.0, 0.0, 0.0, -5e-06, 0.0, 0.000533, -1.0, 1.052415, 0.0, 1.0, 0.000533, 0.763972, 0.0, 0.0, 0.0, 1.0],
                [1.0, 0.0, 0.0, -5e-06, 0.0, 0.000475, -1.0, 1.038697, 0.0, 1.0, 0.000475, 0.763972, 0.0, 0.0, 0.0, 1.0],
                [1.0, 0.0, 0.0, -5e-06, 0.0, 0.00042, -1.0, 1.025539, 0.0, 1.0, 0.00042, 0.763972, 0.0, 0.0, 0.0, 1.0],
                [1.0, 0.0, 0.0, -5e-06, 0.0, 0.000368, -1.0, 1.012986, 0.0, 1.0, 0.000368, 0.763972, 0.0, 0.0, 0.0, 1.0],
                [1.0, 0.0, 0.0, -5e-06, 0.0, 0.000318, -1.0, 1.001083, 0.0, 1.0, 0.000318, 0.763972, 0.0, 0.0, 0.0, 1.0],
                [1.0, 0.0, 0.0, -5e-06, 0.0, 0.000271, -1.0, 0.989875, 0.0, 1.0, 0.000271, 0.763972, 0.0, 0.0, 0.0, 1.0],
                [1.0, 0.0, 0.0, -5e-06, 0.0, 0.000227, -1.0, 0.979406, 0.0, 1.0, 0.000227, 0.763972, 0.0, 0.0, 0.0, 1.0],
                [1.0, 0.0, 0.0, -5e-06, 0.0, 0.000186, -1.0, 0.969722, 0.0, 1.0, 0.000186, 0.763972, 0.0, 0.0, 0.0, 1.0],
                [1.0, 0.0, 0.0, -5e-06, 0.0, 0.000149, -1.0, 0.960866, 0.0, 1.0, 0.000149, 0.763972, 0.0, 0.0, 0.0, 1.0],
                [1.0, 0.0, 0.0, -5e-06, 0.0, 0.000116, -1.0, 0.952885, 0.0, 1.0, 0.000116, 0.763972, 0.0, 0.0, 0.0, 1.0],
                [1.0, 0.0, 0.0, -5e-06, 0.0, 8.6e-05, -1.0, 0.945823, 0.0, 1.0, 8.6e-05, 0.763972, 0.0, 0.0, 0.0, 1.0],
                [1.0, 0.0, 0.0, -5e-06, 0.0, 6.1e-05, -1.0, 0.939724, 0.0, 1.0, 6.1e-05, 0.763972, 0.0, 0.0, 0.0, 1.0],
                [1.0, 0.0, 0.0, -5e-06, 0.0, 3.9e-05, -1.0, 0.934633, 0.0, 1.0, 3.9e-05, 0.763972, 0.0, 0.0, 0.0, 1.0],
                [1.0, 0.0, 0.0, -5e-06, 0.0, 2.2e-05, -1.0, 0.930596, 0.0, 1.0, 2.2e-05, 0.763972, 0.0, 0.0, 0.0, 1.0],
                [1.0, 0.0, 0.0, -5e-06, 0.0, 1e-05, -1.0, 0.927656, 0.0, 1.0, 1e-05, 0.763972, 0.0, 0.0, 0.0, 1.0],
                [1.0, 0.0, 0.0, -5e-06, 0.0, 3e-06, -1.0, 0.92586, 0.0, 1.0, 3e-06, 0.763972, 0.0, 0.0, 0.0, 1.0],
                [1.0, 0.0, 0.0, -5e-06, 0.0, 0.0, -1.0, 0.925251, 0.0, 1.0, 0.0, 0.763972, 0.0, 0.0, 0.0, 1.0]
            ]
        },
        {
            "name": "Thigh_R",
            "time": [0.0, 0.0167, 0.0333, 0.05, 0.0667, 0.0833, 0.1, 0.1167, 0.1333, 0.15, 0.1667, 0.1833, 0.2, 0.2167, 0.2333, 0.25, 0.2667, 0.2833, 0.3, 0.3167, 0.3333, 0.35, 0.3667, 0.3833, 0.4, 0.4167, 0.4333, 0.45, 0.4667, 0.4833, 0.5, 0.5167, 0.5333, 0.55, 0.5667, 0.5833, 0.6, 0.6167, 0.6333, 0.65, 0.6667, 0.6833, 0.7, 0.7167, 0.7333, 0.75, 0.7667, 0.7833, 0.8, 0.8167, 0.8333, 0.85, 0.8667, 0.8833, 0.9, 0.9167, 0.9333, 0.95, 0.9667, 0.9833, 1.0, 1.0167, 1.0333, 1.05, 1.0667, 1.0833, 1.1, 1.1167, 1.1333, 1.15, 1.1667, 1.1833, 1.2, 1.2167, 1.2333, 1.25, 1.2667, 1.2833, 1.3, 1.3167, 1.3333, 1.35, 1.3667, 1.3833, 1.4, 1.4167, 1.4333, 1.45, 1.4667, 1.4833, 1.5, 1.5167, 1.5333, 1.55, 1.5667, 1.5833, 1.6, 1.6167, 1.6333, 1.65, 1.6667, 1.6833, 1.7, 1.7167, 1.7333, 1.75, 1.7667, 1.7833, 1.8, 1.8167, 1.8333, 1.85, 1.8667, 1.8833, 1.9, 1.9167, 1.9333, 1.95, 1.9667, 1.9833, 2.0, 2.0167, 2.0333, 2.05, 2.0667, 2.0833, 2.1, 2.1167, 2.1333, 2.15, 2.1667, 2.1833, 2.2, 2.2167, 2.2333, 2.25, 2.2667, 2.2833, 2.3, 2.3167, 2.3333, 2.35, 2.3667, 2.3833, 2.4, 2.4167, 2.4333, 2.45, 2.4667, 2.4833, 2.5, 2.5167, 2.5333, 2.55, 2.5667, 2.5833, 2.6, 2.6167, 2.6333, 2.65, 2.6667, 2.6833, 2.7, 2.7167, 2.7333, 2.75, 2.7667, 2.7833, 2.8, 2.8167, 2.8333, 2.85, 2.8667, 2.8833, 2.9, 2.9167, 2.9333, 2.95, 2.9667, 2.9833, 3.0, 3.0167, 3.0333, 3.05, 3.0667, 3.0833, 3.1, 3.1167, 3.1333],
            "transform": [
                [0.945697, 0.259772, 0.195383, 0.124994, 0.276052, -0.959216, -0.060826, -0.002831, 0.171614, 0.111459, -0.978839, -1.2e-05, 0.0, 0.0, 0.0, 1.0],
                [0.945697, 0.259775, 0.195383, 0.124994, 0.276055, -0.959215, -0.060825, -0.002831, 0.171614, 0.111458, -0.978839, -1.2e-05, 0.0, 0.0, 0.0, 1.0],
                [0.945694, 0.259785, 0.195383, 0.124994, 0.276064, -0.959213, -0.060821, -0.002831, 0.171613, 0.111456, -0.978839, -1.2e-05, 0.0, 0.0, 0.0, 1.0],
                [0.94569, 0.2598, 0.195381, 0.124994, 0.276077, -0.959209, -0.060811, -0.002831, 0.171612, 0.111449, -0.97884, -1.2e-05, 0.0, 0.0, 0.0, 1.0],
                [0.945685, 0.259821, 0.195377, 0.124994, 0.276096, -0.959205, -0.060794, -0.002831, 0.171611, 0.111434, -0.978842, -1.2e-05, 0.0, 0.0, 0.0, 1.0],
                [0.945679, 0.259849, 0.19537, 0.124994, 0.276118, -0.959201, -0.060765, -0.002831, 0.171609, 0.111409, -0.978845, -1.2e-05, 0.0, 0.0, 0.0, 1.0],
                [0.945672, 0.259883, 0.19536, 0.124994, 0.276144, -0.959196, -0.060723, -0.002831, 0.171608, 0.111372, -0.97885, -1.2e-05, 0.0, 0.0, 0.0, 1.0],
                [0.945663, 0.259924, 0.195346, 0.124994, 0.276174, -0.959191, -0.060666, -0.002831, 0.171606, 0.111319, -0.978856, -1.2e-05, 0.0, 0.0, 0.0, 1.0],
                [0.945655, 0.25997, 0.195327, 0.124994, 0.276205, -0.959187, -0.06059, -0.002831, 0.171603, 0.111248, -0.978865, -1.2e-05, 0.0, 0.0, 0.0, 1.0],
                [0.945645, 0.260024, 0.195302, 0.124994, 0.27624, -0.959183, -0.060494, -0.002831, 0.171601, 0.111156, -0.978876, -1.2e-05, 0.0, 0.0, 0.0, 1.0],
                [0.945635, 0.260083, 0.195272, 0.124994, 0.276276, -0.95918, -0.060374, -0.002831, 0.171598, 0.111041, -0.978889, -1.2e-05, 0.0, 0.0, 0.0, 1.0],
                [0.945625, 0.260149, 0.195234, 0.124994, 0.276313, -0.959178, -0.060229, -0.002831, 0.171596, 0.1109, -0.978906, -1.2e-05, 0.0, 0.0, 0.0, 1.0],
                [0.945614, 0.260222, 0.195189, 0.124994, 0.276351, -0.959178, -0.060055, -0.002831, 0.171593, 0.11073, -0.978925, -1.2e-05, 0.0, 0.0, 0.0, 1.0],
                [0.945603, 0.260301, 0.195135, 0.124994, 0.27639, -0.95918, -0.059851, -0.002831, 0.171591, 0.110528, -0.978949, -1.2e-05, 0.0, 0.0, 0.0, 1.0],
                [0.945593, 0.260387, 0.195072, 0.124994, 0.276428, -0.959184, -0.059613, -0.002831, 0.171588, 0.110293, -0.978976, -1.2e-05, 0.0, 0.0, 0.0, 1.0],
                [0.945582, 0.26048, 0.195, 0.124994, 0.276465, -0.95919, -0.059339, -0.002831, 0.171585, 0.11002, -0.979007, -1.2e-05, 0.0, 0.0, 0.0, 1.0],
                [0.945572, 0.260579, 0.194917, 0.124994, 0.276502, -0.959199, -0.059027, -0.002831, 0.171583, 0.109709, -0.979042, -1.2e-05, 0.0, 0.0, 0.0, 1.0],
                [0.945562, 0.260685, 0.194822, 0.124994, 0.276536, -0.95921, -0.058674, -0.002831, 0.17158, 0.109355, -0.979082, -1.2e-05, 0.0, 0.0, 0.0, 1.0],
                [0.945553, 0.260798, 0.194716, 0.124994, 0.276569, -0.959225, -0.058277, -0.002831, 0.171578, 0.108957, -0.979127, -1.2e-05, 0.0, 0.0, 0.0, 1.0],
                [0.945544, 0.260917, 0.194597, 0.124994, 0.2766, -0.959243, -0.057835, -0.002831, 0.171576, 0.108511, -0.979177, -1.2e-05, 0.0, 0.0, 0.0, 1.0],
                [0.945537, 0.261043, 0.194465, 0.124994, 0.276627, -0.959265, -0.057344, -0.002831, 0.171575, 0.108015, -0.979232, -1.2e-05, 0.0, 0.0, 0.0, 1.0],
                [0.94553, 0.261176, 0.194319, 0.124994, 0.276651, -0.95929, -0.056802, -0.002831, 0.171573, 0.107467, -0.979292, -1.2e-05, 0.0, 0.0, 0.0, 1.0],
                [0.945524, 0.261316, 0.194158, 0.124994, 0.27667, -0.95932, -0.056207, -0.002831, 0.171572, 0.106863, -0.979359, -1.2e-05, 0.0, 0.0, 0.0, 1.0],
                [0.94552, 0.261463, 0.193981, 0.124994, 0.276686, -0.959353, -0.055555, -0.002831, 0.171571, 0.1062, -0.979431, -1.2e-05, 0.0, 0.0, 0.0, 1.0],
                [0.945517, 0.261617, 0.193788, 0.124994, 0.276696, -0.959391, -0.054845, -0.002831, 0.171571, 0.105477, -0.979509, -1.2e-05, 0.0, 0.0, 0.0, 1.0],
                [0.945516, 0.261777, 0.193579, 0.124994, 0.276701, -0.959433, -0.054073, -0.002831, 0.171571, 0.104691, -0.979594, -1.2e-05, 0.0, 0.0, 0.0, 1.0],
                [0.945516, 0.261945, 0.193351, 0.124994, 0.2767, -0.95948, -0.053238, -0.002831, 0.171571, 0.103838, -0.979684, -1.2e-05, 0.0, 0.0, 0.0, 1.0],
                [0.945518, 0.262119, 0.193105, 0.124994, 0.276693, -0.959532, -0.052336, -0.002831, 0.171572, 0.102916, -0.979781, -1.2e-05, 0.0, 0.0, 0.0, 1.0],
                [0.945522, 0.2623, 0.192839, 0.124994, 0.276678, -0.959588, -0.051366, -0.002831, 0.171573, 0.101922, -0.979885, -1.2e-05, 0.0, 0.0, 0.0, 1.0],
                [0.945528, 0.262488, 0.192554, 0.124994, 0.276657, -0.95965, -0.050324, -0.002831, 0.171575, 0.100854, -0.979995, -1.2e-05, 0.0, 0.0, 0.0, 1.0],
                [0.945536, 0.262683, 0.192247, 0.124994, 0.276627, -0.959716, -0.049208, -0.002831, 0.171577, 0.099709, -0.980112, -1.2e-05, 0.0, 0.0, 0.0, 1.0],
                [0.945547, 0.262885, 0.19192, 0.124994, 0.27659, -0.959788, -0.048015, -0.002831, 0.17158, 0.098483, -0.980235, -1.2e-05, 0.0, 0.0, 0.0, 1.0],
                [0.94556, 0.263093, 0.19157, 0.124994, 0.276543, -0.959864, -0.046743, -0.002831, 0.171583, 0.097176, -0.980365, -1.2e-05, 0.0, 0.0, 0.0, 1.0],
                [0.945575, 0.263308, 0.191197, 0.124994, 0.276487, -0.959945, -0.045389, -0.002831, 0.171587, 0.095782, -0.980502, -1.2e-05, 0.0, 0.0, 0.0, 1.0],
                [0.945594, 0.26353, 0.1908, 0.124994, 0.276422, -0.960031, -0.04395, -0.002831, 0.171591, 0.0943, -0.980645, -1.2e-05, 0.0, 0.0, 0.0, 1.0],
                [0.945615, 0.263759, 0.190378, 0.124994, 0.276346, -0.960121, -0.042425, -0.002831, 0.171596, 0.092728, -0.980794, -1.2e-05, 0.0, 0.0, 0.0, 1.0],
                [0.945639, 0.263994, 0.189931, 0.124994, 0.27626, -0.960216, -0.040809, -0.002831, 0.171602, 0.091061, -0.980949, -1.2e-05, 0.0, 0.0, 0.0, 1.0],
                [0.945667, 0.264235, 0.189458, 0.124994, 0.276162, -0.960315, -0.039101, -0.002831, 0.171608, 0.089298, -0.98111, -1.2e-05, 0.0, 0.0, 0.0, 1.0],
                [0.945697, 0.264483, 0.188958, 0.124994, 0.276052, -0.960418, -0.037298, -0.002831, 0.171614, 0.087435, -0.981277, -1.2e-05, 0.0, 0.0, 0.0, 1.0],
                [0.945868, 0.264803, 0.187649, 0.124994, 0.275675, -0.960651, -0.03394, -0.002831, 0.171278, 0.083833, -0.98165, -1.2e-05, 0.0, 0.0, 0.0, 1.0],
                [0.946305, 0.265243, 0.184803, 0.124994, 0.274795, -0.961104, -0.027671, -0.002831, 0.170275, 0.076968, -0.982386, -1.2e-05, 0.0, 0.0, 0.0, 1.0],
                [0.946989, 0.265769, 0.180494, 0.124994, 0.27345, -0.961705, -0.018635, -0.002831, 0.168629, 0.067003, -0.9834, -1.2e-05, 0.0, 0.0, 0.0, 1.0],
                [0.9479, 0.266332, 0.174795, 0.124994, 0.271681, -0.962362, -0.006972, -0.002831, 0.16636, 0.054097, -0.98458, -1.2e-05, 0.0, 0.0, 0.0, 1.0],
                [0.949014, 0.266876, 0.167779, 0.124994, 0.26953, -0.962965, 0.00718, -0.002831, 0.163481, 0.038408, -0.985799, -1.2e-05, 0.0, 0.0, 0.0, 1.0],
                [0.950307, 0.26734, 0.159516, 0.124994, 0.267046, -0.963392, 0.023682, -0.002831, 0.160008, 0.020093, -0.986911, -1.2e-05, 0.0, 0.0, 0.0, 1.0],
                [0.951755, 0.267654, 0.150081, 0.124994, 0.264277, -0.963515, 0.04239, -0.002831, 0.155951, -0.000682, -0.987764, -1.2e-05, 0.0, 0.0, 0.0, 1.0],
                [0.953329, 0.267749, 0.139552, 0.124994, 0.261275, -0.963196, 0.063156, -0.002831, 0.151326, -0.023747, -0.988199, -1.2e-05, 0.0, 0.0, 0.0, 1.0],
                [0.955002, 0.267553, 0.12801, 0.124994, 0.258094, -0.9623, 0.085819, -0.002831, 0.146145, -0.048919, -0.988053, -1.2e-05, 0.0, 0.0, 0.0, 1.0],
                [0.956746, 0.266997, 0.115544, 0.124994, 0.254789, -0.960695, 0.110211, -0.002831, 0.140428, -0.076004, -0.987169, -1.2e-05, 0.0, 0.0, 0.0, 1.0],
                [0.958531, 0.266013, 0.102248, 0.124994, 0.251414, -0.958256, 0.136148, -0.002831, 0.134197, -0.104796, -0.985398, -1.2e-05, 0.0, 0.0, 0.0, 1.0],
                [0.96033, 0.264542, 0.088223, 0.124994, 0.248023, -0.954868, 0.163436, -0.002831, 0.127477, -0.135071, -0.982601, -1.2e-05, 0.0, 0.0, 0.0, 1.0],
                [0.962114, 0.262531, 0.073576, 0.124994, 0.244671, -0.950433, 0.191869, -0.002831, 0.1203, -0.166598, -0.978659, -1.2e-05, 0.0, 0.0, 0.0, 1.0],
                [0.963857, 0.259937, 0.058421, 0.124994, 0.241407, -0.944871, 0.221227, -0.002831, 0.112706, -0.199128, -0.973471, -1.2e-05, 0.0, 0.0, 0.0, 1.0],
                [0.965532, 0.256727, 0.042877, 0.124994, 0.238281, -0.938125, 0.251284, -0.002831, 0.104736, -0.232406, -0.966963, -1.2e-05, 0.0, 0.0, 0.0, 1.0],
                [0.967118, 0.252884, 0.027066, 0.124994, 0.235334, -0.930163, 0.281805, -0.002831, 0.09644, -0.266169, -0.95909, -1.2e-05, 0.0, 0.0, 0.0, 1.0],
                [0.968593, 0.248403, 0.011113, 0.124994, 0.232606, -0.92098, 0.312553, -0.002831, 0.087874, -0.300151, -0.949835, -1.2e-05, 0.0, 0.0, 0.0, 1.0],
                [0.969941, 0.243293, -0.004858, 0.124994, 0.230128, -0.910601, 0.343288, -0.002831, 0.079096, -0.334087, -0.939218, -1.2e-05, 0.0, 0.0, 0.0, 1.0],
                [0.971146, 0.237582, -0.020723, 0.124994, 0.227927, -0.899077, 0.373778, -0.002831, 0.070171, -0.367716, -0.927287, -1.2e-05, 0.0, 0.0, 0.0, 1.0],
                [0.972201, 0.231308, -0.036363, 0.124994, 0.226019, -0.88649, 0.403794, -0.002831, 0.061165, -0.400788, -0.914127, -1.2e-05, 0.0, 0.0, 0.0, 1.0],
                [0.973097, 0.224528, -0.051665, 0.124994, 0.224416, -0.87295, 0.433124, -0.002831, 0.052147, -0.433066, -0.899853, -1.2e-05, 0.0, 0.0, 0.0, 1.0],
                [0.973834, 0.217308, -0.066522, 0.124994, 0.223121, -0.858589, 0.461565, -0.002831, 0.043187, -0.46433, -0.884609, -1.2e-05, 0.0, 0.0, 0.0, 1.0],
                [0.974412, 0.20973, -0.080836, 0.124994, 0.222128, -0.843565, 0.488935, -0.002831, 0.034354, -0.49438, -0.868567, -1.2e-05, 0.0, 0.0, 0.0, 1.0],
                [0.974838, 0.201883, -0.094521, 0.124994, 0.221427, -0.828052, 0.515072, -0.002831, 0.025716, -0.523042, -0.851919, -1.2e-05, 0.0, 0.0, 0.0, 1.0],
                [0.97512, 0.193866, -0.107501, 0.124994, 0.220998, -0.812243, 0.539834, -0.002831, 0.017339, -0.55016, -0.834879, -1.2e-05, 0.0, 0.0, 0.0, 1.0],
                [0.975271, 0.185784, -0.11971, 0.124994, 0.220817, -0.79634, 0.5631, -0.002831, 0.009285, -0.575609, -0.817672, -1.2e-05, 0.0, 0.0, 0.0, 1.0],
                [0.975305, 0.177747, -0.131094, 0.124994, 0.220855, -0.780555, 0.584771, -0.002831, 0.001615, -0.599283, -0.800536, -1.2e-05, 0.0, 0.0, 0.0, 1.0],
                [0.97524, 0.169865, -0.14161, 0.124994, 0.221079, -0.765102, 0.604767, -0.002831, -0.005617, -0.6211, -0.783711, -1.2e-05, 0.0, 0.0, 0.0, 1.0],
                [0.975093, 0.162252, -0.151221, 0.124994, 0.221452, -0.750197, 0.623027, -0.002831, -0.012358, -0.640998, -0.767443, -1.2e-05, 0.0, 0.0, 0.0, 1.0],
                [0.974885, 0.15502, -0.159903, 0.124994, 0.221936, -0.736056, 0.639504, -0.002831, -0.018562, -0.658931, -0.751974, -1.2e-05, 0.0, 0.0, 0.0, 1.0],
                [0.974635, 0.148277, -0.167634, 0.124994, 0.222491, -0.722888, 0.654164, -0.002831, -0.024183, -0.674868, -0.737542, -1.2e-05, 0.0, 0.0, 0.0, 1.0],
                [0.974364, 0.142132, -0.174397, 0.124994, 0.223079, -0.710897, 0.666979, -0.002831, -0.029179, -0.688784, -0.724379, -1.2e-05, 0.0, 0.0, 0.0, 1.0],
                [0.974091, 0.136686, -0.180179, 0.124994, 0.223661, -0.70028, 0.677925, -0.002831, -0.033513, -0.70066, -0.712708, -1.2e-05, 0.0, 0.0, 0.0, 1.0],
                [0.973835, 0.132037, -0.184965, 0.124994, 0.224201, -0.691225, 0.68698, -0.002831, -0.037146, -0.710475, -0.702741, -1.2e-05, 0.0, 0.0, 0.0, 1.0],
                [0.973613, 0.128278, -0.188739, 0.124994, 0.224665, -0.683908, 0.694115, -0.002831, -0.04004, -0.718203, -0.694681, -1.2e-05, 0.0, 0.0, 0.0, 1.0],
                [0.973441, 0.125497, -0.191478, 0.124994, 0.225024, -0.678496, 0.69929, -0.002831, -0.042158, -0.723805, -0.688716, -1.2e-05, 0.0, 0.0, 0.0, 1.0],
                [0.973331, 0.123774, -0.193151, 0.124994, 0.225252, -0.675146, 0.702452, -0.002831, -0.04346, -0.727226, -0.685021, -1.2e-05, 0.0, 0.0, 0.0, 1.0],
                [0.973292, 0.123184, -0.19372, 0.124994, 0.225332, -0.674, 0.703526, -0.002831, -0.043904, -0.728388, -0.683756, -1.2e-05, 0.0, 0.0, 0.0, 1.0],
                [0.973293, 0.123192, -0.193711, 0.124994, 0.225328, -0.674018, 0.70351, -0.002831, -0.043898, -0.72837, -0.683776, -1.2e-05, 0.0, 0.0, 0.0, 1.0],
