{
    "armature": {
        "joints": ["Root", "Thigh_R", "Leg_R", "Knee_R", "Thigh_L", "Leg_L", "Knee_L", "Torso", "Chest", "Head", "Shoulder_R", "Arm_R", "Hand_R", "Tool_R", "Elbow_R", "Shoulder_L", "Arm_L", "Hand_L", "Tool_L", "Elbow_L"],
        "hierarchy": [
            {
                "name": "Root",
                "transform": [1.0, 0.0, 0.0, -5e-06, 0.0, 0.0, -1.0, 0.000946, 0.0, 1.0, 0.0, 0.763972, 0.0, 0.0, 0.0, 1.0],
                "children": [
                    {
                        "name": "Thigh_R",
                        "transform": [1.0, -0.0, -0.0, 0.124994, -0.0, -1.0, 0.0, -0.002831, -0.0, -0.0, -1.0, -1.2e-05, 0.0, 0.0, 0.0, 1.0],
                        "children": [
                            {
                                "name": "Leg_R",
                                "transform": [1.0, 0.0, 1e-06, 0.0, -0.0, 1.0, 0.0, 0.37472, -1e-06, -0.0, 1.0, -0.0, 0.0, 0.0, 0.0, 1.0],
                                "children": []
                            },
                            {
                                "name": "Knee_R",
                                "transform": [1.0, 0.0, -0.0, 0.0, -0.0, 0.0, -1.0, 0.37472, -0.0, 1.0, 0.0, -0.0, 0.0, 0.0, 0.0, 1.0],
                                "children": []
                            }
                        ]
                    },
                    {
                        "name": "Thigh_L",
                        "transform": [1.0, -0.0, -0.0, -0.125006, -0.0, -1.0, 0.0, -0.002831, -0.0, -0.0, -1.0, -1.2e-05, 0.0, 0.0, 0.0, 1.0],
                        "children": [
                            {
                                "name": "Leg_L",
                                "transform": [1.0, 0.0, 1e-06, -0.0, -0.0, 1.0, 0.0, 0.37472, -1e-06, -0.0, 1.0, 0.0, 0.0, 0.0, 0.0, 1.0],
                                "children": []
                            },
                            {
                                "name": "Knee_L",
                                "transform": [1.0, 0.0, -0.0, -0.0, -0.0, 0.0, -1.0, 0.37472, -0.0, 1.0, 0.0, 0.0, 0.0, 0.0, 0.0, 1.0],
                                "children": []
                            }
                        ]
                    },
                    {
                        "name": "Torso",
                        "transform": [1.0, 0.0, 0.0, 0.0, 0.0, 1.0, 0.0, 0.05, 0.0, 0.0, 1.0, 0.0, 0.0, 0.0, 0.0, 1.0],
                        "children": [
                            {
                                "name": "Chest",
                                "transform": [1.0, 0.0, 0.0, 0.0, 0.0, 1.0, 0.0, 0.3, 0.0, 0.0, 1.0, 0.0, 0.0, 0.0, 0.0, 1.0],
                                "children": [
                                    {
                                        "name": "Head",
                                        "transform": [1.0, 0.0, 0.0, 0.0, 0.0, 1.0, 0.0, 0.4, 0.0, 0.0, 1.0, 0.0, 0.0, 0.0, 0.0, 1.0],
                                        "children": []
                                    },
                                    {
                                        "name": "Shoulder_R",
                                        "transform": [0.0, 0.952114, 0.305743, 0.0, 0.0, -0.305743, 0.952114, 0.4, 1.0, 0.0, -0.0, 0.0, 0.0, 0.0, 0.0, 1.0],
                                        "children": [
                                            {
                                                "name": "Arm_R",
                                                "transform": [0.0, -0.0, -1.0, -0.0, 0.952114, 0.305743, 0.0, 0.39386, 0.305743, -0.952114, 0.0, 0.0, 0.0, 0.0, 0.0, 1.0],
                                                "children": [
                                                    {
                                                        "name": "Hand_R",
                                                        "transform": [1.0, 0.0, 0.0, 0.0, -0.0, 0.993938, 0.109947, 0.3, -0.0, -0.109947, 0.993937, 0.0, 0.0, 0.0, 0.0, 1.0],
                                                        "children": [
                                                            {
                                                                "name": "Tool_R",
                                                                "transform": [1.0, 0.0, 0.0, -0.0, 0.0, -0.999836, 0.018122, 0.272858, 0.0, -0.018122, -0.999836, 0.0, 0.0, 0.0, 0.0, 1.0],
                                                                "children": []
                                                            }
                                                        ]
                                                    },
                                                    {
                                                        "name": "Elbow_R",
                                                        "transform": [-1.0, 0.0, -0.0, 0.0, 0.0, 0.0, -1.0, 0.3, -0.0, -1.0, -0.0, 0.0, 0.0, 0.0, 0.0, 1.0],
                                                        "children": []
                                                    }
                                                ]
                                            }
                                        ]
                                    },
                                    {
                                        "name": "Shoulder_L",
                                        "transform": [-0.0, -0.952114, -0.305743, 0.0, 0.0, -0.305743, 0.952114, 0.4, -1.0, 0.0, 0.0, 0.0, 0.0, 0.0, 0.0, 1.0],
                                        "children": [
                                            {
                                                "name": "Arm_L",
                                                "transform": [-0.0, -0.0, 1.0, -0.0, -0.952114, 0.305743, -0.0, 0.39386, -0.305743, -0.952114, -0.0, 0.0, 0.0, 0.0, 0.0, 1.0],
                                                "children": [
                                                    {
                                                        "name": "Hand_L",
                                                        "transform": [1.0, -0.0, 0.0, -0.0, 0.0, 0.993937, 0.109947, 0.3, -0.0, -0.109947, 0.993937, 0.0, 0.0, 0.0, 0.0, 1.0],
                                                        "children": [
                                                            {
                                                                "name": "Tool_L",
                                                                "transform": [1.0, 0.0, 0.0, -0.0, -0.0, -0.999836, 0.018122, 0.272858, 0.0, -0.018122, -0.999836, -0.0, 0.0, 0.0, 0.0, 1.0],
                                                                "children": []
                                                            }
                                                        ]
                                                    },
                                                    {
                                                        "name": "Elbow_L",
                                                        "transform": [-1.0, 0.0, -0.0, -0.0, 0.0, -0.0, -1.0, 0.3, -0.0, -1.0, 0.0, 0.0, 0.0, 0.0, 0.0, 1.0],
                                                        "children": []
                                                    }
                                                ]
                                            }
                                        ]
                                    }
                                ]
                            }
                        ]
                    }
                ]
            }
        ]
    },
    "animation": [
        {
            "name": "Root",
            "time": [0.0, 0.0167, 0.0333, 0.05, 0.0667, 0.0833, 0.1, 0.1167, 0.1333, 0.15, 0.1667, 0.1833, 0.2, 0.2167, 0.2333, 0.25, 0.2667, 0.2833, 0.3, 0.3167, 0.3333, 0.35, 0.3667, 0.3833, 0.4, 0.4167, 0.4333, 0.45, 0.4667, 0.4833, 0.5, 0.5167, 0.5333, 0.55, 0.5667, 0.5833, 0.6, 0.6167, 0.6333, 0.65, 0.6667, 0.6833, 0.7, 0.7167, 0.7333, 0.75, 0.7667, 0.7833, 0.8, 0.8167, 0.8333, 0.85, 0.8667, 0.8833, 0.9, 0.9167, 0.9333, 0.95, 0.9667, 0.9833, 1.0, 1.0167, 1.0333, 1.05, 1.0667, 1.0833, 1.1, 1.1167, 1.1333, 1.15, 1.1667, 1.1833, 1.2, 1.2167, 1.2333, 1.25, 1.2667, 1.2833, 1.3, 1.3167, 1.3333],
            "transform": [
                [1.0, 0.0, 0.0, -5e-06, 0.0, 0.0, -1.0, 0.000946, 0.0, 1.0, 0.0, 0.763972, 0.0, 0.0, 0.0, 1.0],
                [1.0, 0.0, 0.0, -5e-06, 0.0, 0.0, -1.0, 0.000983, 0.0, 1.0, 0.0, 0.763972, 0.0, 0.0, 0.0, 1.0],
                [1.0, 0.0, 0.0, -5e-06, 0.0, 0.0, -1.0, 0.001241, 0.0, 1.0, 0.0, 0.763972, 0.0, 0.0, 0.0, 1.0],
                [1.0, 0.0, 0.0, -5e-06, 0.0, 0.0, -1.0, 0.001941, 0.0, 1.0, 0.0, 0.763972, 0.0, 0.0, 0.0, 1.0],
                [1.0, 0.0, 0.0, -5e-06, 0.0, 0.0, -1.0, 0.003304, 0.0, 1.0, 0.0, 0.763972, 0.0, 0.0, 0.0, 1.0],
                [1.0, 0.0, 0.0, -5e-06, 0.0, 0.0, -1.0, 0.005552, 0.0, 1.0, 0.0, 0.763972, 0.0, 0.0, 0.0, 1.0],
                [1.0, 0.0, 0.0, -5e-06, 0.0, 0.0, -1.0, 0.008905, 0.0, 1.0, 0.0, 0.763972, 0.0, 0.0, 0.0, 1.0],
                [1.0, 0.0, 0.0, -5e-06, 0.0, 0.0, -1.0, 0.013584, 0.0, 1.0, 0.0, 0.763972, 0.0, 0.0, 0.0, 1.0],
                [1.0, 0.0, 0.0, -5e-06, 0.0, 0.0, -1.0, 0.019811, 0.0, 1.0, 0.0, 0.763972, 0.0, 0.0, 0.0, 1.0],
                [1.0, 0.0, 0.0, -5e-06, 0.0, 0.0, -1.0, 0.027806, 0.0, 1.0, 0.0, 0.763972, 0.0, 0.0, 0.0, 1.0],
                [1.0, 0.0, 0.0, -5e-06, 0.0, 0.0, -1.0, 0.037791, 0.0, 1.0, 0.0, 0.763972, 0.0, 0.0, 0.0, 1.0],
                [1.0, 0.0, 0.0, -5e-06, 0.0, 0.0, -1.0, 0.049986, 0.0, 1.0, 0.0, 0.763972, 0.0, 0.0, 0.0, 1.0],
                [1.0, 0.0, 0.0, -5e-06, 0.0, 0.0, -1.0, 0.064613, 0.0, 1.0, 0.0, 0.763972, 0.0, 0.0, 0.0, 1.0],
                [1.0, 0.0, 0.0, -5e-06, 0.0, 0.0, -1.0, 0.081893, 0.0, 1.0, 0.0, 0.763972, 0.0, 0.0, 0.0, 1.0],
                [1.0, 0.0, 0.0, -5e-06, 0.0, 0.0, -1.0, 0.102047, 0.0, 1.0, 0.0, 0.763972, 0.0, 0.0, 0.0, 1.0],
                [1.0, 0.0, 0.0, -5e-06, 0.0, 0.0, -1.0, 0.125296, 0.0, 1.0, 0.0, 0.763972, 0.0, 0.0, 0.0, 1.0],
                [1.0, 0.0, 0.0, -5e-06, 0.0, 0.0, -1.0, 0.15186, 0.0, 1.0, 0.0, 0.763972, 0.0, 0.0, 0.0, 1.0],
                [1.0, 0.0, 0.0, -5e-06, 0.0, 0.0, -1.0, 0.181962, 0.0, 1.0, 0.0, 0.763972, 0.0, 0.0, 0.0, 1.0],
                [1.0, 0.0, 0.0, -5e-06, 0.0, 0.0, -1.0, 0.215822, 0.0, 1.0, 0.0, 0.763972, 0.0, 0.0, 0.0, 1.0],
                [1.0, 0.0, 0.0, -5e-06, 0.0, 0.0, -1.0, 0.253661, 0.0, 1.0, 0.0, 0.763972, 0.0, 0.0, 0.0, 1.0],
                [1.0, 0.0, 0.0, -5e-06, 0.0, 0.0, -1.0, 0.2957, 0.0, 1.0, 0.0, 0.763972, 0.0, 0.0, 0.0, 1.0],
                [1.0, 0.0, 0.0, -5e-06, 0.0, 0.0, -1.0, 0.368604, 0.0, 1.0, 0.0, 0.763972, 0.0, 0.0, 0.0, 1.0],
                [1.0, 0.0, 0.0, -5e-06, 0.0, 0.0, -1.0, 0.48745, 0.0, 1.0, 0.0, 0.763972, 0.0, 0.0, 0.0, 1.0],
                [1.0, 0.0, 0.0, -5e-06, 0.0, 0.0, -1.0, 0.635083, 0.0, 1.0, 0.0, 0.763972, 0.0, 0.0, 0.0, 1.0],
                [1.0, 0.0, 0.0, -5e-06, 0.0, 0.0, -1.0, 0.794345, 0.0, 1.0, 0.0, 0.763972, 0.0, 0.0, 0.0, 1.0],
                [1.0, 0.0, 0.0, -5e-06, 0.0, 0.0, -1.0, 0.948081, 0.0, 1.0, 0.0, 0.763972, 0.0, 0.0, 0.0, 1.0],
                [1.0, 0.0, 0.0, -5e-06, 0.0, 0.0, -1.0, 1.079134, 0.0, 1.0, 0.0, 0.763972, 0.0, 0.0, 0.0, 1.0],
                [1.0, 0.0, 0.0, -5e-06, 0.0, 0.0, -1.0, 1.170347, 0.0, 1.0, 0.0, 0.763972, 0.0, 0.0, 0.0, 1.0],
                [1.0, 0.0, 0.0, -5e-06, 0.0, 0.0, -1.0, 1.204564, 0.0, 1.0, 0.0, 0.763972, 0.0, 0.0, 0.0, 1.0],
                [1.0, 0.0, 0.0, -5e-06, 0.0, 0.0, -1.0, 1.204564, 0.0, 1.0, 0.0, 0.763972, 0.0, 0.0, 0.0, 1.0],
                [1.0, 0.0, 0.0, -5e-06, 0.0, 0.0, -1.0, 1.204564, 0.0, 1.0, 0.0, 0.763972, 0.0, 0.0, 0.0, 1.0],
                [1.0, 0.0, 0.0, -5e-06, 0.0, 0.0, -1.0, 1.204564, 0.0, 1.0, 0.0, 0.763972, 0.0, 0.0, 0.0, 1.0],
                [1.0, 0.0, 0.0, -5e-06, 0.0, 0.0, -1.0, 1.204564, 0.0, 1.0, 0.0, 0.763972, 0.0, 0.0, 0.0, 1.0],
                [1.0, 0.0, 0.0, -5e-06, 0.0, 0.0, -1.0, 1.204564, 0.0, 1.0, 0.0, 0.763972, 0.0, 0.0, 0.0, 1.0],
                [1.0, 0.0, 0.0, -5e-06, 0.0, 0.0, -1.0, 1.204564, 0.0, 1.0, 0.0, 0.763972, 0.0, 0.0, 0.0, 1.0],
                [1.0, 0.0, 0.0, -5e-06, 0.0, 0.0, -1.0, 1.204564, 0.0, 1.0, 0.0, 0.763972, 0.0, 0.0, 0.0, 1.0],
                [1.0, 0.0, 0.0, -5e-06, 0.0, 0.0, -1.0, 1.204564, 0.0, 1.0, 0.0, 0.763972, 0.0, 0.0, 0.0, 1.0],
                [1.0, 0.0, 0.0, -5e-06, 0.0, 0.0, -1.0, 1.204564, 0.0, 1.0, 0.0, 0.763972, 0.0, 0.0, 0.0, 1.0],
                [1.0, 0.0, 0.0, -5e-06, 0.0, 0.0, -1.0, 1.204564, 0.0, 1.0, 0.0, 0.763972, 0.0, 0.0, 0.0, 1.0],
                [1.0, 0.0, 0.0, -5e-06, 0.0, 0.0, -1.0, 1.204564, 0.0, 1.0, 0.0, 0.763972, 0.0, 0.0, 0.0, 1.0],
                [1.0, 0.0, 0.0, -5e-06, 0.0, 0.0, -1.0, 1.204564, 0.0, 1.0, 0.0, 0.763972, 0.0, 0.0, 0.0, 1.0],
                [1.0, 0.0, 0.0, -5e-06, 0.0, 0.0, -1.0, 1.204564, 0.0, 1.0, 0.0, 0.763972, 0.0, 0.0, 0.0, 1.0],
                [1.0, 0.0, 0.0, -5e-06, 0.0, 0.0, -1.0, 1.204564, 0.0, 1.0, 0.0, 0.763972, 0.0, 0.0, 0.0, 1.0],
                [1.0, 0.0, 0.0, -5e-06, 0.0, 0.0, -1.0, 1.204564, 0.0, 1.0, 0.0, 0.763972, 0.0, 0.0, 0.0, 1.0],
                [1.0, 0.0, 0.0, -5e-06, 0.0, 0.0, -1.0, 1.204564, 0.0, 1.0, 0.0, 0.763972, 0.0, 0.0, 0.0, 1.0],
                [1.0, 0.0, 0.0, -5e-06, 0.0, 0.0, -1.0, 1.204564, 0.0, 1.0, 0.0, 0.763972, 0.0, 0.0, 0.0, 1.0],
                [1.0, 0.0, 0.0, -5e-06, 0.0, 0.0, -1.0, 1.204564, 0.0, 1.0, 0.0, 0.763972, 0.0, 0.0, 0.0, 1.0],
                [1.0, 0.0, 0.0, -5e-06, 0.0, 0.0, -1.0, 1.204564, 0.0, 1.0, 0.0, 0.763972, 0.0, 0.0, 0.0, 1.0],
                [1.0, 0.0, 0.0, -5e-06, 0.0, 0.0, -1.0, 1.204564, 0.0, 1.0, 0.0, 0.763972, 0.0, 0.0, 0.0, 1.0],
                [1.0, 0.0, 0.0, -5e-06, 0.0, 0.0, -1.0, 1.204564, 0.0, 1.0, 0.0, 0.763972, 0.0, 0.0, 0.0, 1.0],
                [1.0, 0.0, 0.0, -5e-06, 0.0, 0.0, -1.0, 1.204564, 0.0, 1.0, 0.0, 0.763972, 0.0, 0.0, 0.0, 1.0],
                [1.0, 0.0, 0.0, -5e-06, 0.0, 0.0, -1.0, 1.204564, 0.0, 1.0, 0.0, 0.763972, 0.0, 0.0, 0.0, 1.0],
                [1.0, 0.0, 0.0, -5e-06, 0.0, 0.0, -1.0, 1.204564, 0.0, 1.0, 0.0, 0.763972, 0.0, 0.0, 0.0, 1.0],
                [1.0, 0.0, 0.0, -5e-06, 0.0, 0.0, -1.0, 1.203244, 0.0, 1.0, 0.0, 0.763972, 0.0, 0.0, 0.0, 1.0],
                [1.0, 0.0, 0.0, -5e-06, 0.0, 0.0, -1.0, 1.199414, 0.0, 1.0, 0.0, 0.763972, 0.0, 0.0, 0.0, 1.0],
                [1.0, 0.0, 0.0, -5e-06, 0.0, 0.0, -1.0, 1.193267, 0.0, 1.0, 0.0, 0.763972, 0.0, 0.0, 0.0, 1.0],
                [1.0, 0.0, 0.0, -5e-06, 0.0, 0.0, -1.0, 1.184995, 0.0, 1.0, 0.0, 0.763972, 0.0, 0.0, 0.0, 1.0],
                [1.0, 0.0, 0.0, -5e-06, 0.0, 0.0, -1.0, 1.174793, 0.0, 1.0, 0.0, 0.763972, 0.0, 0.0, 0.0, 1.0],
                [1.0, 0.0, 0.0, -5e-06, 0.0, 0.0, -1.0, 1.162852, 0.0, 1.0, 0.0, 0.763972, 0.0, 0.0, 0.0, 1.0],
                [1.0, 0.0, 0.0, -5e-06, 0.0, 0.0, -1.0, 1.149366, 0.0, 1.0, 0.0, 0.763972, 0.0, 0.0, 0.0, 1.0],
                [1.0, 0.0, 0.0, -5e-06, 0.0, 0.0, -1.0, 1.134528, 0.0, 1.0, 0.0, 0.763972, 0.0, 0.0, 0.0, 1.0],
                [1.0, 0.0, 0.0, -5e-06, 0.0, 0.0, -1.0, 1.118532, 0.0, 1.0, 0.0, 0.763972, 0.0, 0.0, 0.0, 1.0],
                [1.0, 0.0, 0.0, -5e-06, 0.0, 0.0, -1.0, 1.10157, 0.0, 1.0, 0.0, 0.763972, 0.0, 0.0, 0.0, 1.0],
                [1.0, 0.0, 0.0, -5e-06, 0.0, 0.0, -1.0, 1.083836, 0.0, 1.0, 0.0, 0.763972, 0.0, 0.0, 0.0, 1.0],
                [1.0, 0.0, 0.0, -5e-06, 0.0, 0.0, -1.0, 1.065523, 0.0, 1.0, 0.0, 0.763972, 0.0, 0.0, 0.0, 1.0],
                [1.0, 0.0, 0.0, -5e-06, 0.0, 0.0, -1.0, 1.046823, 0.0, 1.0, 0.0, 0.763972, 0.0, 0.0, 0.0, 1.0],
                [1.0, 0.0, 0.0, -5e-06, 0.0, 0.0, -1.0, 1.02793, 0.0, 1.0, 0.0, 0.763972, 0.0, 0.0, 0.0, 1.0],
                [1.0, 0.0, 0.0, -5e-06, 0.0, 0.0, -1.0, 1.009037, 0.0, 1.0, 0.0, 0.763972, 0.0, 0.0, 0.0, 1.0],
                [1.0, 0.0, 0.0, -5e-06, 0.0, 0.0, -1.0, 0.990337, 0.0, 1.0, 0.0, 0.763972, 0.0, 0.0, 0.0, 1.0],
                [1.0, 0.0, 0.0, -5e-06, 0.0, 0.0, -1.0, 0.972024, 0.0, 1.0, 0.0, 0.763972, 0.0, 0.0, 0.0, 1.0],
                [1.0, 0.0, 0.0, -5e-06, 0.0, 0.0, -1.0, 0.95429, 0.0, 1.0, 0.0, 0.763972, 0.0, 0.0, 0.0, 1.0],
                [1.0, 0.0, 0.0, -5e-06, 0.0, 0.0, -1.0, 0.937328, 0.0, 1.0, 0.0, 0.763972, 0.0, 0.0, 0.0, 1.0],
                [1.0, 0.0, 0.0, -5e-06, 0.0, 0.0, -1.0, 0.921332, 0.0, 1.0, 0.0, 0.763972, 0.0, 0.0, 0.0, 1.0],
                [1.0, 0.0, 0.0, -5e-06, 0.0, 0.0, -1.0, 0.906494, 0.0, 1.0, 0.0, 0.763972, 0.0, 0.0, 0.0, 1.0],
                [1.0, 0.0, 0.0, -5e-06, 0.0, 0.0, -1.0, 0.893008, 0.0, 1.0, 0.0, 0.763972, 0.0, 0.0, 0.0, 1.0],
                [1.0, 0.0, 0.0, -5e-06, 0.0, 0.0, -1.0, 0.881068, 0.0, 1.0, 0.0, 0.763972, 0.0, 0.0, 0.0, 1.0],
                [1.0, 0.0, 0.0, -5e-06, 0.0, 0.0, -1.0, 0.870865, 0.0, 1.0, 0.0, 0.763972, 0.0, 0.0, 0.0, 1.0],
                [1.0, 0.0, 0.0, -5e-06, 0.0, 0.0, -1.0, 0.862593, 0.0, 1.0, 0.0, 0.763972, 0.0, 0.0, 0.0, 1.0],
                [1.0, 0.0, 0.0, -5e-06, 0.0, 0.0, -1.0, 0.856446, 0.0, 1.0, 0.0, 0.763972, 0.0, 0.0, 0.0, 1.0],
                [1.0, 0.0, 0.0, -5e-06, 0.0, 0.0, -1.0, 0.852616, 0.0, 1.0, 0.0, 0.763972, 0.0, 0.0, 0.0, 1.0],
                [1.0, 0.0, 0.0, -5e-06, 0.0, 0.0, -1.0, 0.851296, 0.0, 1.0, 0.0, 0.763972, 0.0, 0.0, 0.0, 1.0]
            ]
        },
        {
            "name": "Thigh_R",
            "time": [0.0, 0.0167, 0.0333, 0.05, 0.0667, 0.0833, 0.1, 0.1167, 0.1333, 0.15, 0.1667, 0.1833, 0.2, 0.2167, 0.2333, 0.25, 0.2667, 0.2833, 0.3, 0.3167, 0.3333, 0.35, 0.3667, 0.3833, 0.4, 0.4167, 0.4333, 0.45, 0.4667, 0.4833, 0.5, 0.5167, 0.5333, 0.55, 0.5667, 0.5833, 0.6, 0.6167, 0.6333, 0.65, 0.6667, 0.6833, 0.7, 0.7167, 0.7333, 0.75, 0.7667, 0.7833, 0.8, 0.8167, 0.8333, 0.85, 0.8667, 0.8833, 0.9, 0.9167, 0.9333, 0.95, 0.9667, 0.9833, 1.0, 1.0167, 1.0333, 1.05, 1.0667, 1.0833, 1.1, 1.1167, 1.1333, 1.15, 1.1667, 1.1833, 1.2, 1.2167, 1.2333, 1.25, 1.2667, 1.2833, 1.3, 1.3167, 1.3333],
            "transform": [
                [0.9815, 0.131464, 0.139193, 0.124948, 0.073274, -0.929576, 0.361275, -0.005881, 0.176885, -0.344392, -0.922012, 0.002586, 0.0, 0.0, 0.0, 1.0],
                [0.981495, 0.131225, 0.139454, 0.124948, 0.073153, -0.929986, 0.360243, -0.005881, 0.176963, -0.343375, -0.922376, 0.002586, 0.0, 0.0, 0.0, 1.0],
                [0.981481, 0.130517, 0.140216, 0.124948, 0.072817, -0.93122, 0.357108, -0.005881, 0.17718, -0.340284, -0.923479, 0.002586, 0.0, 0.0, 0.0, 1.0],
                [0.981458, 0.129355, 0.141445, 0.124948, 0.072303, -0.933276, 0.351806, -0.005881, 0.177515, -0.335056, -0.925325, 0.002586, 0.0, 0.0, 0.0, 1.0],
                [0.981428, 0.127749, 0.143105, 0.124948, 0.071654, -0.936133, 0.344268, -0.005881, 0.177946, -0.32762, -0.927901, 0.002586, 0.0, 0.0, 0.0, 1.0],
                [0.981391, 0.125705, 0.145158, 0.124948, 0.070908, -0.939754, 0.334416, -0.005881, 0.178451, -0.3179, -0.931179, 0.002586, 0.0, 0.0, 0.0, 1.0],
                [0.981346, 0.123229, 0.14756, 0.124948, 0.070107, -0.944083, 0.322166, -0.005881, 0.17901, -0.305811, -0.935112, 0.002586, 0.0, 0.0, 0.0, 1.0],
                [0.981296, 0.120322, 0.150268, 0.124948, 0.069291, -0.949046, 0.307426, -0.005881, 0.179601, -0.291264, -0.939632, 0.002586, 0.0, 0.0, 0.0, 1.0],
                [0.981241, 0.116985, 0.153231, 0.124948, 0.0685, -0.954542, 0.290099, -0.005881, 0.180203, -0.274161, -0.94465, 0.002586, 0.0, 0.0, 0.0, 1.0],
                [0.981183, 0.113217, 0.1564, 0.124948, 0.067773, -0.960449, 0.270082, -0.005881, 0.180792, -0.254401, -0.95005, 0.002586, 0.0, 0.0, 0.0, 1.0],
                [0.981125, 0.109015, 0.159719, 0.124948, 0.067149, -0.966617, 0.247271, -0.005881, 0.181343, -0.231879, -0.955692, 0.002586, 0.0, 0.0, 0.0, 1.0],
                [0.981068, 0.104378, 0.163129, 0.124948, 0.066665, -0.972865, 0.221559, -0.005881, 0.181828, -0.20649, -0.961406, 0.002586, 0.0, 0.0, 0.0, 1.0],
                [0.981017, 0.099306, 0.166566, 0.124948, 0.066357, -0.978983, 0.192844, -0.005881, 0.182216, -0.178131, -0.966988, 0.002586, 0.0, 0.0, 0.0, 1.0],
                [0.980976, 0.093799, 0.169966, 0.124948, 0.066257, -0.984723, 0.161031, -0.005881, 0.182474, -0.146706, -0.972204, 0.002586, 0.0, 0.0, 0.0, 1.0],
                [0.98095, 0.087863, 0.173255, 0.124948, 0.066395, -0.989801, 0.126036, -0.005881, 0.182562, -0.112131, -0.976779, 0.002586, 0.0, 0.0, 0.0, 1.0],
                [0.980945, 0.081507, 0.176361, 0.124948, 0.066798, -0.993896, 0.087795, -0.005881, 0.18244, -0.074342, -0.980402, 0.002586, 0.0, 0.0, 0.0, 1.0],
                [0.980969, 0.074745, 0.179203, 0.124948, 0.067487, -0.996646, 0.046273, -0.005881, 0.18206, -0.033298, -0.982723, 0.002586, 0.0, 0.0, 0.0, 1.0],
                [0.981028, 0.067602, 0.1817, 0.124948, 0.068476, -0.997651, 0.001466, -0.005881, 0.181372, 0.011004, -0.983353, 0.002586, 0.0, 0.0, 0.0, 1.0],
                [0.98113, 0.060108, 0.183768, 0.124948, 0.069772, -0.996475, -0.046579, -0.005881, 0.18032, 0.058522, -0.981866, 0.002586, 0.0, 0.0, 0.0, 1.0],
                [0.981285, 0.052307, 0.185321, 0.124948, 0.071376, -0.992647, -0.097762, -0.005881, 0.178845, 0.10916, -0.977803, 0.002586, 0.0, 0.0, 0.0, 1.0],
                [0.9815, 0.044254, 0.186277, 0.124948, 0.073274, -0.985673, -0.151915, -0.005881, 0.176885, 0.162754, -0.970682, 0.002586, 0.0, 0.0, 0.0, 1.0],
                [0.983732, 0.037339, 0.17572, 0.124948, 0.074356, -0.97507, -0.20907, -0.005881, 0.163533, 0.218734, -0.961984, 0.002586, 0.0, 0.0, 0.0, 1.0],
                [0.988591, 0.033804, 0.146785, 0.124948, 0.07257, -0.960827, -0.267479, -0.005881, 0.131993, 0.27508, -0.952318, 0.002586, 0.0, 0.0, 0.0, 1.0],
                [0.993826, 0.034433, 0.105468, 0.124948, 0.067088, -0.943646, -0.324086, -0.005881, 0.088365, 0.329161, -0.94013, 0.002586, 0.0, 0.0, 0.0, 1.0],
                [0.997554, 0.039093, 0.057943, 0.124948, 0.058073, -0.924889, -0.375777, -0.005881, 0.0389, 0.378223, -0.924897, 0.002586, 0.0, 0.0, 0.0, 1.0],
                [0.998855, 0.046659, 0.01052, 0.124948, 0.046764, -0.90647, -0.419672, -0.005881, -0.010046, 0.419684, -0.907615, 0.002586, 0.0, 0.0, 0.0, 1.0],
                [0.998009, 0.055152, -0.030587, 0.124948, 0.035323, -0.89063, -0.453354, -0.005881, -0.052245, 0.451371, -0.890806, 0.002586, 0.0, 0.0, 0.0, 1.0],
                [0.9963, 0.062072, -0.059442, 0.124948, 0.026472, -0.879652, -0.47488, -0.005881, -0.081765, 0.471549, -0.878041, 0.002586, 0.0, 0.0, 0.0, 1.0],
                [0.995412, 0.064878, -0.070332, 0.124948, 0.022978, -0.875601, -0.482487, -0.005881, -0.092886, 0.478657, -0.873075, 0.002586, 0.0, 0.0, 0.0, 1.0],
                [0.995412, 0.064878, -0.070332, 0.124948, 0.022978, -0.875601, -0.482487, -0.005881, -0.092886, 0.478657, -0.873075, 0.002586, 0.0, 0.0, 0.0, 1.0],
                [0.995412, 0.064878, -0.070332, 0.124948, 0.022978, -0.875601, -0.482487, -0.005881, -0.092886, 0.478657, -0.873075, 0.002586, 0.0, 0.0, 0.0, 1.0],
                [0.995412, 0.064878, -0.070332, 0.124948, 0.022978, -0.875601, -0.482487, -0.005881, -0.092886, 0.478657, -0.873075, 0.002586, 0.0, 0.0, 0.0, 1.0],
                [0.995412, 0.064878, -0.070332, 0.124948, 0.022978, -0.875601, -0.482487, -0.005881, -0.092886, 0.478657, -0.873075, 0.002586, 0.0, 0.0, 0.0, 1.0],
                [0.995412, 0.064878, -0.070332, 0.124948, 0.022978, -0.875601, -0.482487, -0.005881, -0.092886, 0.478657, -0.873075, 0.002586, 0.0, 0.0, 0.0, 1.0],
                [0.995412, 0.064878, -0.070332, 0.124948, 0.022978, -0.875601, -0.482487, -0.005881, -0.092886, 0.478657, -0.873075, 0.002586, 0.0, 0.0, 0.0, 1.0],
                [0.995412, 0.064878, -0.070332, 0.124948, 0.022978, -0.875601, -0.482487, -0.005881, -0.092886, 0.478657, -0.873075, 0.002586, 0.0, 0.0, 0.0, 1.0],
                [0.995412, 0.064878, -0.070332, 0.124948, 0.022978, -0.875601, -0.482487, -0.005881, -0.092886, 0.478657, -0.873075, 0.002586, 0.0, 0.0, 0.0, 1.0],
                [0.995412, 0.064878, -0.070332, 0.124948, 0.022978, -0.875601, -0.482487, -0.005881, -0.092886, 0.478657, -0.873075, 0.002586, 0.0, 0.0, 0.0, 1.0],
                [0.995412, 0.064878, -0.070332, 0.124948, 0.022978, -0.875601, -0.482487, -0.005881, -0.092886, 0.478657, -0.873075, 0.002586, 0.0, 0.0, 0.0, 1.0],
                [0.995412, 0.064878, -0.070332, 0.124948, 0.022978, -0.875601, -0.482487, -0.005881, -0.092886, 0.478657, -0.873075, 0.002586, 0.0, 0.0, 0.0, 1.0],
                [0.995412, 0.064878, -0.070332, 0.124948, 0.022978, -0.875601, -0.482487, -0.005881, -0.092886, 0.478657, -0.873075, 0.002586, 0.0, 0.0, 0.0, 1.0],
                [0.995412, 0.064878, -0.070332, 0.124948, 0.022978, -0.875601, -0.482487, -0.005881, -0.092886, 0.478657, -0.873075, 0.002586, 0.0, 0.0, 0.0, 1.0],
                [0.995412, 0.064878, -0.070332, 0.124948, 0.022978, -0.875601, -0.482487, -0.005881, -0.092886, 0.478657, -0.873075, 0.002586, 0.0, 0.0, 0.0, 1.0],
                [0.995412, 0.064878, -0.070332, 0.124948, 0.022978, -0.875601, -0.482487, -0.005881, -0.092886, 0.478657, -0.873075, 0.002586, 0.0, 0.0, 0.0, 1.0],
                [0.995412, 0.064878, -0.070332, 0.124948, 0.022978, -0.875601, -0.482487, -0.005881, -0.092886, 0.478657, -0.873075, 0.002586, 0.0, 0.0, 0.0, 1.0],
                [0.995412, 0.064878, -0.070332, 0.124948, 0.022978, -0.875601, -0.482487, -0.005881, -0.092886, 0.478657, -0.873075, 0.002586, 0.0, 0.0, 0.0, 1.0],
                [0.995412, 0.064878, -0.070332, 0.124948, 0.022978, -0.875601, -0.482487, -0.005881, -0.092886, 0.478657, -0.873075, 0.002586, 0.0, 0.0, 0.0, 1.0],
                [0.995412, 0.064878, -0.070332, 0.124948, 0.022978, -0.875601, -0.482487, -0.005881, -0.092886, 0.478657, -0.873075, 0.002586, 0.0, 0.0, 0.0, 1.0],
                [0.995412, 0.064878, -0.070332, 0.124948, 0.022978, -0.875601, -0.482487, -0.005881, -0.092886, 0.478657, -0.873075, 0.002586, 0.0, 0.0, 0.0, 1.0],
                [0.995412, 0.064878, -0.070332, 0.124948, 0.022978, -0.875601, -0.482487, -0.005881, -0.092886, 0.478657, -0.873075, 0.002586, 0.0, 0.0, 0.0, 1.0],
                [0.995412, 0.064878, -0.070332, 0.124948, 0.022978, -0.875601, -0.482487, -0.005881, -0.092886, 0.478657, -0.873075, 0.002586, 0.0, 0.0, 0.0, 1.0],
                [0.995412, 0.064878, -0.070332, 0.124948, 0.022978, -0.875601, -0.482487, -0.005881, -0.092886, 0.478657, -0.873075, 0.002586, 0.0, 0.0, 0.0, 1.0],
                [0.995412, 0.064878, -0.070332, 0.124948, 0.022978, -0.875601, -0.482487, -0.005881, -0.092886, 0.478657, -0.873075, 0.002586, 0.0, 0.0, 0.0, 1.0],
                [0.995583, 0.064573, -0.06815, 0.124948, 0.023955, -0.876597, -0.480629, -0.005881, -0.090776, 0.476874, -0.874272, 0.002586, 0.0, 0.0, 0.0, 1.0],
                [0.996053, 0.063713, -0.061804, 0.124948, 0.02677, -0.879468, -0.475204, -0.005881, -0.084631, 0.471674, -0.877702, 0.002586, 0.0, 0.0, 0.0, 1.0],
                [0.996717, 0.062409, -0.051575, 0.124948, 0.031219, -0.884022, -0.466401, -0.005881, -0.074701, 0.46326, -0.883069, 0.002586, 0.0, 0.0, 0.0, 1.0],
                [0.997436, 0.060804, -0.037736, 0.124948, 0.037067, -0.890041, -0.45437, -0.005881, -0.061214, 0.451806, -0.890014, 0.002586, 0.0, 0.0, 0.0, 1.0],
                [0.998043, 0.059064, -0.020553, 0.124948, 0.044056, -0.897287, -0.439243, -0.005881, -0.044385, 0.437478, -0.898133, 0.002586, 0.0, 0.0, 0.0, 1.0],
                [0.998353, 0.057372, -0.000304, 0.124948, 0.051908, -0.905505, -0.421149, -0.005881, -0.024437, 0.42044, -0.906991, 0.002586, 0.0, 0.0, 0.0, 1.0],
                [0.998177, 0.055916, 0.022717, 0.124948, 0.060333, -0.914427, -0.400228, -0.005881, -0.001606, 0.400869, -0.916134, 0.002586, 0.0, 0.0, 0.0, 1.0],
                [0.997329, 0.054883, 0.048191, 0.124948, 0.069035, -0.923782, -0.376645, -0.005881, 0.023847, 0.378966, -0.925103, 0.002586, 0.0, 0.0, 0.0, 1.0],
                [0.995637, 0.05445, 0.075772, 0.124948, 0.077722, -0.933295, -0.350599, -0.005881, 0.051628, 0.354958, -0.933455, 0.002586, 0.0, 0.0, 0.0, 1.0],
                [0.992954, 0.054773, 0.105084, 0.124948, 0.086113, -0.942702, -0.322332, -0.005881, 0.081407, 0.32911, -0.940776, 0.002586, 0.0, 0.0, 0.0, 1.0],
                [0.989164, 0.055983, 0.135721, 0.124948, 0.093948, -0.951752, -0.292134, -0.005881, 0.112818, 0.301719, -0.946698, 0.002586, 0.0, 0.0, 0.0, 1.0],
                [0.984196, 0.058173, 0.167257, 0.124948, 0.101, -0.960219, -0.260342, -0.005881, 0.145459, 0.27312, -0.950919, 0.002586, 0.0, 0.0, 0.0, 1.0],
                [0.978023, 0.061398, 0.199253, 0.124948, 0.107078, -0.967911, -0.227338, -0.005881, 0.178901, 0.243678, -0.953213, 0.002586, 0.0, 0.0, 0.0, 1.0],
                [0.970673, 0.065663, 0.231262, 0.124948, 0.112045, -0.974673, -0.193542, -0.005881, 0.212696, 0.213778, -0.953446, 0.002586, 0.0, 0.0, 0.0, 1.0],
                [0.962226, 0.070929, 0.262849, 0.124948, 0.115811, -0.980397, -0.159401, -0.005881, 0.24639, 0.18382, -0.951579, 0.002586, 0.0, 0.0, 0.0, 1.0],
                [0.952815, 0.077108, 0.293596, 0.124948, 0.118348, -0.985025, -0.125379, -0.005881, 0.279532, 0.154209, -0.947672, 0.002586, 0.0, 0.0, 0.0, 1.0],
                [0.942617, 0.084068, 0.323119, 0.124948, 0.119681, -0.988546, -0.091943, -0.005881, 0.311689, 0.125338, -0.941881, 0.002586, 0.0, 0.0, 0.0, 1.0],
                [0.931854, 0.091639, 0.351071, 0.124948, 0.119891, -0.990999, -0.059552, -0.005881, 0.342454, 0.097584, -0.934453, 0.002586, 0.0, 0.0, 0.0, 1.0],
                [0.920779, 0.099617, 0.377151, 0.124948, 0.119106, -0.992468, -0.028647, -0.005881, 0.371456, 0.071299, -0.925709, 0.002586, 0.0, 0.0, 0.0, 1.0],
                [0.90967, 0.107774, 0.401105, 0.124948, 0.117496, -0.993073, 0.00036, -0.005881, 0.398366, 0.0468, -0.916032, 0.002586, 0.0, 0.0, 0.0, 1.0],
                [0.89882, 0.115865, 0.422728, 0.124948, 0.115261, -0.992966, 0.027089, -0.005881, 0.422893, 0.024376, -0.905852, 0.002586, 0.0, 0.0, 0.0, 1.0],
                [0.888527, 0.123637, 0.441853, 0.124948, 0.112623, -0.992318, 0.05119, -0.005881, 0.444787, 0.004279, -0.895626, 0.002586, 0.0, 0.0, 0.0, 1.0],
                [0.87909, 0.130836, 0.458348, 0.124948, 0.109817, -0.991315, 0.072349, -0.005881, 0.463833, -0.013267, -0.885823, 0.002586, 0.0, 0.0, 0.0, 1.0],
                [0.870799, 0.137213, 0.472104, 0.124948, 0.107076, -0.990144, 0.090274, -0.005881, 0.479838, -0.028059, -0.876908, 0.002586, 0.0, 0.0, 0.0, 1.0],
                [0.86393, 0.142529, 0.483022, 0.124948, 0.104628, -0.988986, 0.104691, -0.005881, 0.492624, -0.039908, -0.869327, 0.002586, 0.0, 0.0, 0.0, 1.0],
                [0.858744, 0.146561, 0.490998, 0.124948, 0.102679, -0.988005, 0.115334, -0.005881, 0.502012, -0.048627, -0.863493, 0.002586, 0.0, 0.0, 0.0, 1.0],
                [0.855479, 0.149108, 0.495906, 0.124948, 0.10141, -0.987344, 0.121932, -0.005881, 0.507811, -0.054021, -0.859773, 0.002586, 0.0, 0.0, 0.0, 1.0],
                [0.854348, 0.149991, 0.497586, 0.124948, 0.100963, -0.987107, 0.1242, -0.005881, 0.5098, -0.055872, -0.858477, 0.002586, 0.0, 0.0, 0.0, 1.0]
            ]
        },
        {
            "name": "Leg_R",
            "time": [0.0, 0.0167, 0.0333, 0.05, 0.0667, 0.0833, 0.1, 0.1167, 0.1333, 0.15, 0.1667, 0.1833, 0.2, 0.2167, 0.2333, 0.25, 0.2667, 0.2833, 0.3, 0.3167, 0.3333, 0.35, 0.3667, 0.3833, 0.4, 0.4167, 0.4333, 0.45, 0.4667, 0.4833, 0.5, 0.5167, 0.5333, 0.55, 0.5667, 0.5833, 0.6, 0.6167, 0.6333, 0.65, 0.6667, 0.6833, 0.7, 0.7167, 0.7333, 0.75, 0.7667, 0.7833, 0.8, 0.8167, 0.8333, 0.85, 0.8667, 0.8833, 0.9, 0.9167, 0.9333, 0.95, 0.9667, 0.9833, 1.0, 1.0167, 1.0333, 1.05, 1.0667, 1.0833, 1.1, 1.1167, 1.1333, 1.15, 1.1667, 1.1833, 1.2, 1.2167, 1.2333, 1.25, 1.2667, 1.2833, 1.3, 1.3167, 1.3333],
            "transform": [
                [0.99777, -0.035661, 0.056424, -0.0, 0.015075, 0.943875, 0.329958, 0.37472, -0.065024, -0.328371, 0.942308, 0.0, 0.0, 0.0, 0.0, 1.0],
                [0.99777, -0.035661, 0.056424, 0.0, 0.015075, 0.943875, 0.329958, 0.37472, -0.065024, -0.328371, 0.942308, -0.0, 0.0, 0.0, 0.0, 1.0],
                [0.99777, -0.035661, 0.056424, -0.0, 0.015075, 0.943875, 0.329958, 0.37472, -0.065024, -0.328371, 0.942308, 0.0, 0.0, 0.0, 0.0, 1.0],
                [0.99777, -0.035661, 0.056424, 0.0, 0.015075, 0.943875, 0.329958, 0.37472, -0.065024, -0.328371, 0.942308, -0.0, 0.0, 0.0, 0.0, 1.0],
                [0.99777, -0.035661, 0.056424, -0.0, 0.015075, 0.943875, 0.329958, 0.37472, -0.065024, -0.328371, 0.942308, -0.0, 0.0, 0.0, 0.0, 1.0],
                [0.99777, -0.035661, 0.056424, -0.0, 0.015075, 0.943875, 0.329958, 0.37472, -0.065024, -0.328371, 0.942308, 0.0, 0.0, 0.0, 0.0, 1.0],
                [0.99777, -0.035661, 0.056424, 0.0, 0.015075, 0.943875, 0.329958, 0.37472, -0.065024, -0.328371, 0.942308, 0.0, 0.0, 0.0, 0.0, 1.0],
                [0.99777, -0.035661, 0.056424, -0.0, 0.015075, 0.943875, 0.329958, 0.37472, -0.065024, -0.328371, 0.942308, -0.0, 0.0, 0.0, 0.0, 1.0],
                [0.99777, -0.035661, 0.056424, -0.0, 0.015075, 0.943875, 0.329958, 0.37472, -0.065024, -0.328371, 0.942308, 0.0, 0.0, 0.0, 0.0, 1.0],
                [0.99777, -0.035661, 0.056424, -0.0, 0.015075, 0.943875, 0.329958, 0.37472, -0.065024, -0.328371, 0.942308, 0.0, 0.0, 0.0, 0.0, 1.0],
                [0.99777, -0.035661, 0.056424, 0.0, 0.015075, 0.943875, 0.329958, 0.37472, -0.065024, -0.328371, 0.942308, 0.0, 0.0, 0.0, 0.0, 1.0],
                [0.99777, -0.035661, 0.056424, 0.0, 0.015075, 0.943875, 0.329958, 0.37472, -0.065024, -0.328371, 0.942308, 0.0, 0.0, 0.0, 0.0, 1.0],
                [0.99777, -0.035661, 0.056424, -0.0, 0.015075, 0.943875, 0.329958, 0.37472, -0.065024, -0.328371, 0.942308, 0.0, 0.0, 0.0, 0.0, 1.0],
                [0.99777, -0.035661, 0.056424, -0.0, 0.015075, 0.943875, 0.329958, 0.37472, -0.065024, -0.328371, 0.942308, -0.0, 0.0, 0.0, 0.0, 1.0],
                [0.99777, -0.035661, 0.056424, 0.0, 0.015075, 0.943875, 0.329958, 0.37472, -0.065024, -0.328371, 0.942308, 0.0, 0.0, 0.0, 0.0, 1.0],
                [0.99777, -0.035661, 0.056424, 0.0, 0.015075, 0.943875, 0.329958, 0.37472, -0.065024, -0.328371, 0.942308, -0.0, 0.0, 0.0, 0.0, 1.0],
                [0.99777, -0.035661, 0.056424, -0.0, 0.015075, 0.943875, 0.329958, 0.37472, -0.065024, -0.328371, 0.942308, 0.0, 0.0, 0.0, 0.0, 1.0],
                [0.99777, -0.035661, 0.056424, -0.0, 0.015075, 0.943875, 0.329958, 0.37472, -0.065024, -0.328372, 0.942308, -0.0, 0.0, 0.0, 0.0, 1.0],
                [0.99777, -0.035661, 0.056424, 0.0, 0.015075, 0.943875, 0.329958, 0.37472, -0.065024, -0.328371, 0.942308, 0.0, 0.0, 0.0, 0.0, 1.0],
                [0.99777, -0.035661, 0.056424, 0.0, 0.015075, 0.943875, 0.329958, 0.37472, -0.065024, -0.328371, 0.942308, 0.0, 0.0, 0.0, 0.0, 1.0],
                [0.99777, -0.035661, 0.056424, 0.0, 0.015075, 0.943875, 0.329958, 0.37472, -0.065024, -0.328371, 0.942308, 0.0, 0.0, 0.0, 0.0, 1.0],
                [0.99777, -0.035661, 0.056424, -0.0, 0.015075, 0.943875, 0.329958, 0.37472, -0.065024, -0.328371, 0.942308, 0.0, 0.0, 0.0, 0.0, 1.0],
                [0.99777, -0.035661, 0.056424, -0.0, 0.015075, 0.943875, 0.329958, 0.37472, -0.065024, -0.328371, 0.942308, -0.0, 0.0, 0.0, 0.0, 1.0],
                [0.99777, -0.035661, 0.056424, -0.0, 0.015075, 0.943875, 0.329958, 0.37472, -0.065024, -0.328371, 0.942308, -0.0, 0.0, 0.0, 0.0, 1.0],
                [0.99777, -0.035661, 0.056424, 0.0, 0.015075, 0.943875, 0.329958, 0.37472, -0.065024, -0.328371, 0.942308, -0.0, 0.0, 0.0, 0.0, 1.0],
                [0.99777, -0.035661, 0.056424, -0.0, 0.015075, 0.943875, 0.329958, 0.37472, -0.065024, -0.328371, 0.942308, 0.0, 0.0, 0.0, 0.0, 1.0],
                [0.99777, -0.035661, 0.056424, -0.0, 0.015075, 0.943875, 0.329958, 0.37472, -0.065024, -0.328371, 0.942308, -0.0, 0.0, 0.0, 0.0, 1.0],
                [0.99777, -0.035661, 0.056424, -0.0, 0.015075, 0.943875, 0.329958, 0.37472, -0.065024, -0.328371, 0.942308, -0.0, 0.0, 0.0, 0.0, 1.0],
                [0.99777, -0.035661, 0.056424, -0.0, 0.015075, 0.943875, 0.329958, 0.37472, -0.065024, -0.328371, 0.942308, -0.0, 0.0, 0.0, 0.0, 1.0],
                [0.99777, -0.035661, 0.056424, -0.0, 0.015075, 0.943875, 0.329958, 0.37472, -0.065024, -0.328371, 0.942308, -0.0, 0.0, 0.0, 0.0, 1.0],
                [0.99777, -0.035661, 0.056424, -0.0, 0.015075, 0.943875, 0.329958, 0.37472, -0.065024, -0.328371, 0.942308, -0.0, 0.0, 0.0, 0.0, 1.0],
                [0.99777, -0.035661, 0.056424, -0.0, 0.015075, 0.943875, 0.329958, 0.37472, -0.065024, -0.328371, 0.942308, -0.0, 0.0, 0.0, 0.0, 1.0],
                [0.99777, -0.035661, 0.056424, -0.0, 0.015075, 0.943875, 0.329958, 0.37472, -0.065024, -0.328371, 0.942308, -0.0, 0.0, 0.0, 0.0, 1.0],
                [0.99777, -0.035661, 0.056424, -0.0, 0.015075, 0.943875, 0.329958, 0.37472, -0.065024, -0.328371, 0.942308, -0.0, 0.0, 0.0, 0.0, 1.0],
                [0.99777, -0.035661, 0.056424, -0.0, 0.015075, 0.943875, 0.329958, 0.37472, -0.065024, -0.328371, 0.942308, -0.0, 0.0, 0.0, 0.0, 1.0],
                [0.99777, -0.035661, 0.056424, -0.0, 0.015075, 0.943875, 0.329958, 0.37472, -0.065024, -0.328371, 0.942308, -0.0, 0.0, 0.0, 0.0, 1.0],
                [0.99777, -0.035661, 0.056424, -0.0, 0.015075, 0.943875, 0.329958, 0.37472, -0.065024, -0.328371, 0.942308, -0.0, 0.0, 0.0, 0.0, 1.0],
                [0.99777, -0.035661, 0.056424, -0.0, 0.015075, 0.943875, 0.329958, 0.37472, -0.065024, -0.328371, 0.942308, -0.0, 0.0, 0.0, 0.0, 1.0],
                [0.99777, -0.035661, 0.056424, -0.0, 0.015075, 0.943875, 0.329958, 0.37472, -0.065024, -0.328371, 0.942308, -0.0, 0.0, 0.0, 0.0, 1.0],
                [0.99777, -0.035661, 0.056424, -0.0, 0.015075, 0.943875, 0.329958, 0.37472, -0.065024, -0.328371, 0.942308, -0.0, 0.0, 0.0, 0.0, 1.0],
                [0.99777, -0.035661, 0.056424, -0.0, 0.015075, 0.943875, 0.329958, 0.37472, -0.065024, -0.328371, 0.942308, -0.0, 0.0, 0.0, 0.0, 1.0],
                [0.99777, -0.035661, 0.056424, -0.0, 0.015075, 0.943875, 0.329958, 0.37472, -0.065024, -0.328371, 0.942308, -0.0, 0.0, 0.0, 0.0, 1.0],
                [0.99777, -0.035661, 0.056424, -0.0, 0.015075, 0.943875, 0.329958, 0.37472, -0.065024, -0.328371, 0.942308, -0.0, 0.0, 0.0, 0.0, 1.0],
                [0.99777, -0.035661, 0.056424, -0.0, 0.015075, 0.943875, 0.329958, 0.37472, -0.065024, -0.328371, 0.942308, -0.0, 0.0, 0.0, 0.0, 1.0],
                [0.99777, -0.035661, 0.056424, -0.0, 0.015075, 0.943875, 0.329958, 0.37472, -0.065024, -0.328371, 0.942308, -0.0, 0.0, 0.0, 0.0, 1.0],
                [0.99777, -0.035661, 0.056424, -0.0, 0.015075, 0.943875, 0.329958, 0.37472, -0.065024, -0.328371, 0.942308, -0.0, 0.0, 0.0, 0.0, 1.0],
                [0.99777, -0.035661, 0.056424, -0.0, 0.015075, 0.943875, 0.329958, 0.37472, -0.065024, -0.328371, 0.942308, -0.0, 0.0, 0.0, 0.0, 1.0],
                [0.99777, -0.035661, 0.056424, -0.0, 0.015075, 0.943875, 0.329958, 0.37472, -0.065024, -0.328371, 0.942308, -0.0, 0.0, 0.0, 0.0, 1.0],
                [0.99777, -0.035661, 0.056424, -0.0, 0.015075, 0.943875, 0.329958, 0.37472, -0.065024, -0.328371, 0.942308, -0.0, 0.0, 0.0, 0.0, 1.0],
                [0.99777, -0.035661, 0.056424, -0.0, 0.015075, 0.943875, 0.329958, 0.37472, -0.065024, -0.328371, 0.942308, -0.0, 0.0, 0.0, 0.0, 1.0],
                [0.99777, -0.035661, 0.056424, -0.0, 0.015075, 0.943875, 0.329958, 0.37472, -0.065024, -0.328371, 0.942308, -0.0, 0.0, 0.0, 0.0, 1.0],
                [0.99777, -0.035661, 0.056424, -0.0, 0.015075, 0.943875, 0.329958, 0.37472, -0.065024, -0.328371, 0.942308, -0.0, 0.0, 0.0, 0.0, 1.0],
                [0.99777, -0.035661, 0.056424, -0.0, 0.015075, 0.943875, 0.329958, 0.37472, -0.065024, -0.328371, 0.942308, -0.0, 0.0, 0.0, 0.0, 1.0],
                [0.997786, -0.035511, 0.056225, -0.0, 0.015039, 0.944075, 0.329387, 0.37472, -0.064777, -0.327812, 0.942519, -0.0, 0.0, 0.0, 0.0, 1.0],
