{
    "armature": {
        "joints": ["Root", "Thigh_R", "Leg_R", "Knee_R", "Thigh_L", "Leg_L", "Knee_L", "Torso", "Chest", "Head", "Shoulder_R", "Arm_R", "Hand_R", "Tool_R", "Elbow_R", "Shoulder_L", "Arm_L", "Hand_L", "Tool_L", "Elbow_L"],
        "hierarchy": [
            {
                "name": "Root",
                "transform": [1.0, 0.0, 0.0, -5e-06, 0.0, 0.0, -1.0, 0.000946, 0.0, 1.0, 0.0, 0.763972, 0.0, 0.0, 0.0, 1.0],
                "children": [
                    {
                        "name": "Thigh_R",
                        "transform": [1.0, -0.0, -0.0, 0.124994, -0.0, -1.0, 0.0, -0.002831, -0.0, -0.0, -1.0, -1.2e-05, 0.0, 0.0, 0.0, 1.0],
                        "children": [
                            {
                                "name": "Leg_R",
                                "transform": [1.0, 0.0, 1e-06, 0.0, -0.0, 1.0, 0.0, 0.37472, -1e-06, -0.0, 1.0, -0.0, 0.0, 0.0, 0.0, 1.0],
                                "children": []
                            },
                            {
                                "name": "Knee_R",
                                "transform": [1.0, 0.0, -0.0, 0.0, -0.0, 0.0, -1.0, 0.37472, -0.0, 1.0, 0.0, -0.0, 0.0, 0.0, 0.0, 1.0],
                                "children": []
                            }
                        ]
                    },
                    {
                        "name": "Thigh_L",
                        "transform": [1.0, -0.0, -0.0, -0.125006, -0.0, -1.0, 0.0, -0.002831, -0.0, -0.0, -1.0, -1.2e-05, 0.0, 0.0, 0.0, 1.0],
                        "children": [
                            {
                                "name": "Leg_L",
                                "transform": [1.0, 0.0, 1e-06, -0.0, -0.0, 1.0, 0.0, 0.37472, -1e-06, -0.0, 1.0, 0.0, 0.0, 0.0, 0.0, 1.0],
                                "children": []
                            },
                            {
                                "name": "Knee_L",
                                "transform": [1.0, 0.0, -0.0, -0.0, -0.0, 0.0, -1.0, 0.37472, -0.0, 1.0, 0.0, 0.0, 0.0, 0.0, 0.0, 1.0],
                                "children": []
                            }
                        ]
                    },
                    {
                        "name": "Torso",
                        "transform": [1.0, 0.0, 0.0, 0.0, 0.0, 1.0, 0.0, 0.05, 0.0, 0.0, 1.0, 0.0, 0.0, 0.0, 0.0, 1.0],
                        "children": [
                            {
                                "name": "Chest",
                                "transform": [1.0, 0.0, 0.0, 0.0, 0.0, 1.0, 0.0, 0.3, 0.0, 0.0, 1.0, 0.0, 0.0, 0.0, 0.0, 1.0],
                                "children": [
                                    {
                                        "name": "Head",
                                        "transform": [1.0, 0.0, 0.0, 0.0, 0.0, 1.0, 0.0, 0.4, 0.0, 0.0, 1.0, 0.0, 0.0, 0.0, 0.0, 1.0],
                                        "children": []
                                    },
                                    {
                                        "name": "Shoulder_R",
                                        "transform": [0.0, 0.952114, 0.305743, 0.0, 0.0, -0.305743, 0.952114, 0.4, 1.0, 0.0, -0.0, 0.0, 0.0, 0.0, 0.0, 1.0],
                                        "children": [
                                            {
                                                "name": "Arm_R",
                                                "transform": [0.0, -0.0, -1.0, -0.0, 0.952114, 0.305743, 0.0, 0.39386, 0.305743, -0.952114, 0.0, 0.0, 0.0, 0.0, 0.0, 1.0],
                                                "children": [
                                                    {
                                                        "name": "Hand_R",
                                                        "transform": [1.0, 0.0, 0.0, 0.0, -0.0, 0.993938, 0.109947, 0.3, -0.0, -0.109947, 0.993937, 0.0, 0.0, 0.0, 0.0, 1.0],
                                                        "children": [
                                                            {
                                                                "name": "Tool_R",
                                                                "transform": [1.0, 0.0, 0.0, -0.0, 0.0, -0.999836, 0.018122, 0.272858, 0.0, -0.018122, -0.999836, 0.0, 0.0, 0.0, 0.0, 1.0],
                                                                "children": []
                                                            }
                                                        ]
                                                    },
                                                    {
                                                        "name": "Elbow_R",
                                                        "transform": [-1.0, 0.0, -0.0, 0.0, 0.0, 0.0, -1.0, 0.3, -0.0, -1.0, -0.0, 0.0, 0.0, 0.0, 0.0, 1.0],
                                                        "children": []
                                                    }
                                                ]
                                            }
                                        ]
                                    },
                                    {
                                        "name": "Shoulder_L",
                                        "transform": [-0.0, -0.952114, -0.305743, 0.0, 0.0, -0.305743, 0.952114, 0.4, -1.0, 0.0, 0.0, 0.0, 0.0, 0.0, 0.0, 1.0],
                                        "children": [
                                            {
                                                "name": "Arm_L",
                                                "transform": [-0.0, -0.0, 1.0, -0.0, -0.952114, 0.305743, -0.0, 0.39386, -0.305743, -0.952114, -0.0, 0.0, 0.0, 0.0, 0.0, 1.0],
                                                "children": [
                                                    {
                                                        "name": "Hand_L",
                                                        "transform": [1.0, -0.0, 0.0, -0.0, 0.0, 0.993937, 0.109947, 0.3, -0.0, -0.109947, 0.993937, 0.0, 0.0, 0.0, 0.0, 1.0],
                                                        "children": [
                                                            {
                                                                "name": "Tool_L",
                                                                "transform": [1.0, 0.0, 0.0, -0.0, -0.0, -0.999836, 0.018122, 0.272858, 0.0, -0.018122, -0.999836, -0.0, 0.0, 0.0, 0.0, 1.0],
                                                                "children": []
                                                            }
                                                        ]
                                                    },
                                                    {
                                                        "name": "Elbow_L",
                                                        "transform": [-1.0, 0.0, -0.0, -0.0, 0.0, -0.0, -1.0, 0.3, -0.0, -1.0, 0.0, 0.0, 0.0, 0.0, 0.0, 1.0],
                                                        "children": []
                                                    }
                                                ]
                                            }
                                        ]
                                    }
                                ]
                            }
                        ]
                    }
                ]
            }
        ]
    },
    "animation": [
        {
            "name": "Root",
            "time": [0.0, 0.0167, 0.0333, 0.05, 0.0667, 0.0833, 0.1, 0.1167, 0.1333, 0.15, 0.1667, 0.1833, 0.2, 0.2167, 0.2333, 0.25, 0.2667, 0.2833, 0.3, 0.3167, 0.3333, 0.35, 0.3667, 0.3833, 0.4, 0.4167, 0.4333, 0.45, 0.4667, 0.4833, 0.5, 0.5167, 0.5333, 0.55, 0.5667, 0.5833, 0.6, 0.6167, 0.6333, 0.65, 0.6667, 0.6833, 0.7, 0.7167, 0.7333, 0.75, 0.7667, 0.7833, 0.8, 0.8167, 0.8333, 0.85, 0.8667, 0.8833, 0.9, 0.9167, 0.9333, 0.95, 0.9667, 0.9833, 1.0, 1.0167, 1.0333, 1.05, 1.0667, 1.0833, 1.1, 1.1167, 1.1333, 1.15, 1.1667, 1.1833, 1.2, 1.2167, 1.2333, 1.25, 1.2667, 1.2833, 1.3, 1.3167, 1.3333, 1.35, 1.3667, 1.3833, 1.4, 1.4167, 1.4333, 1.45, 1.4667, 1.4833],
            "transform": [
                [1.0, 0.0, 0.0, -5e-06, 0.0, 0.0, -1.0, 0.000946, 0.0, 1.0, 0.0, 0.763972, 0.0, 0.0, 0.0, 1.0],
                [1.0, 0.0, 0.0, -5e-06, 0.0, 0.0, -1.0, -0.004602, 0.0, 1.0, 0.0, 0.763972, 0.0, 0.0, 0.0, 1.0],
                [1.0, 0.0, 0.0, -5e-06, 0.0, 0.0, -1.0, -0.019661, 0.0, 1.0, 0.0, 0.763972, 0.0, 0.0, 0.0, 1.0],
                [1.0, 0.0, 0.0, -5e-06, 0.0, 0.0, -1.0, -0.041854, 0.0, 1.0, 0.0, 0.763972, 0.0, 0.0, 0.0, 1.0],
                [1.0, 0.0, 0.0, -5e-06, 0.0, 0.0, -1.0, -0.068803, 0.0, 1.0, 0.0, 0.763972, 0.0, 0.0, 0.0, 1.0],
                [1.0, 0.0, 0.0, -5e-06, 0.0, 0.0, -1.0, -0.098129, 0.0, 1.0, 0.0, 0.763972, 0.0, 0.0, 0.0, 1.0],
                [1.0, 0.0, 0.0, -5e-06, 0.0, 0.0, -1.0, -0.127456, 0.0, 1.0, 0.0, 0.763972, 0.0, 0.0, 0.0, 1.0],
                [1.0, 0.0, 0.0, -5e-06, 0.0, 0.0, -1.0, -0.154405, 0.0, 1.0, 0.0, 0.763972, 0.0, 0.0, 0.0, 1.0],
                [1.0, 0.0, 0.0, -5e-06, 0.0, 0.0, -1.0, -0.176598, 0.0, 1.0, 0.0, 0.763972, 0.0, 0.0, 0.0, 1.0],
                [1.0, 0.0, 0.0, -5e-06, 0.0, 0.0, -1.0, -0.191657, 0.0, 1.0, 0.0, 0.763972, 0.0, 0.0, 0.0, 1.0],
                [1.0, 0.0, 0.0, -5e-06, 0.0, 0.0, -1.0, -0.197205, 0.0, 1.0, 0.0, 0.763972, 0.0, 0.0, 0.0, 1.0],
                [1.0, 0.0, 0.0, -5e-06, 0.0, 0.0, -1.0, -0.197205, 0.0, 1.0, 0.0, 0.763972, 0.0, 0.0, 0.0, 1.0],
                [1.0, 0.0, 0.0, -5e-06, 0.0, 0.0, -1.0, -0.197205, 0.0, 1.0, 0.0, 0.763972, 0.0, 0.0, 0.0, 1.0],
                [1.0, 0.0, 0.0, -5e-06, 0.0, 0.0, -1.0, -0.197205, 0.0, 1.0, 0.0, 0.763972, 0.0, 0.0, 0.0, 1.0],
                [1.0, 0.0, 0.0, -5e-06, 0.0, 0.0, -1.0, -0.197205, 0.0, 1.0, 0.0, 0.763972, 0.0, 0.0, 0.0, 1.0],
                [1.0, 0.0, 0.0, -5e-06, 0.0, 0.0, -1.0, -0.170573, 0.0, 1.0, 0.0, 0.763972, 0.0, 0.0, 0.0, 1.0],
                [1.0, 0.0, 0.0, -5e-06, 0.0, 0.0, -1.0, -0.098814, 0.0, 1.0, 0.0, 0.763972, 0.0, 0.0, 0.0, 1.0],
                [1.0, 0.0, 0.0, -5e-06, 0.0, 0.0, -1.0, 0.005863, 0.0, 1.0, 0.0, 0.763972, 0.0, 0.0, 0.0, 1.0],
                [1.0, 0.0, 0.0, -5e-06, 0.0, 0.0, -1.0, 0.131252, 0.0, 1.0, 0.0, 0.763972, 0.0, 0.0, 0.0, 1.0],
                [1.0, 0.0, 0.0, -5e-06, 0.0, 0.0, -1.0, 0.265144, 0.0, 1.0, 0.0, 0.763972, 0.0, 0.0, 0.0, 1.0],
                [1.0, 0.0, 0.0, -5e-06, 0.0, 0.0, -1.0, 0.395333, 0.0, 1.0, 0.0, 0.763972, 0.0, 0.0, 0.0, 1.0],
                [1.0, 0.0, 0.0, -5e-06, 0.0, 0.0, -1.0, 0.509609, 0.0, 1.0, 0.0, 0.763972, 0.0, 0.0, 0.0, 1.0],
                [1.0, 0.0, 0.0, -5e-06, 0.0, 0.0, -1.0, 0.595767, 0.0, 1.0, 0.0, 0.763972, 0.0, 0.0, 0.0, 1.0],
                [1.0, 0.0, 0.0, -5e-06, 0.0, 0.0, -1.0, 0.657219, 0.0, 1.0, 0.0, 0.763972, 0.0, 0.0, 0.0, 1.0],
                [1.0, 0.0, 0.0, -5e-06, 0.0, 0.0, -1.0, 0.706427, 0.0, 1.0, 0.0, 0.763972, 0.0, 0.0, 0.0, 1.0],
                [1.0, 0.0, 0.0, -5e-06, 0.0, 0.0, -1.0, 0.744749, 0.0, 1.0, 0.0, 0.763972, 0.0, 0.0, 0.0, 1.0],
                [1.0, 0.0, 0.0, -5e-06, 0.0, 0.0, -1.0, 0.773548, 0.0, 1.0, 0.0, 0.763972, 0.0, 0.0, 0.0, 1.0],
                [1.0, 0.0, 0.0, -5e-06, 0.0, 0.0, -1.0, 0.794183, 0.0, 1.0, 0.0, 0.763972, 0.0, 0.0, 0.0, 1.0],
                [1.0, 0.0, 0.0, -5e-06, 0.0, 0.0, -1.0, 0.808016, 0.0, 1.0, 0.0, 0.763972, 0.0, 0.0, 0.0, 1.0],
                [1.0, 0.0, 0.0, -5e-06, 0.0, 0.0, -1.0, 0.816406, 0.0, 1.0, 0.0, 0.763972, 0.0, 0.0, 0.0, 1.0],
                [1.0, 0.0, 0.0, -5e-06, 0.0, 0.0, -1.0, 0.820715, 0.0, 1.0, 0.0, 0.763972, 0.0, 0.0, 0.0, 1.0],
                [1.0, 0.0, 0.0, -5e-06, 0.0, 0.0, -1.0, 0.822302, 0.0, 1.0, 0.0, 0.763972, 0.0, 0.0, 0.0, 1.0],
                [1.0, 0.0, 0.0, -5e-06, 0.0, 0.0, -1.0, 0.822529, 0.0, 1.0, 0.0, 0.763972, 0.0, 0.0, 0.0, 1.0],
                [1.0, 0.0, 0.0, -5e-06, 0.0, 0.0, -1.0, 0.822529, 0.0, 1.0, 0.0, 0.763972, 0.0, 0.0, 0.0, 1.0],
                [1.0, 0.0, 0.0, -5e-06, 0.0, 0.0, -1.0, 0.822529, 0.0, 1.0, 0.0, 0.763972, 0.0, 0.0, 0.0, 1.0],
                [1.0, 0.0, 0.0, -5e-06, 0.0, 0.0, -1.0, 0.822529, 0.0, 1.0, 0.0, 0.763972, 0.0, 0.0, 0.0, 1.0],
                [1.0, 0.0, 0.0, -5e-06, 0.0, 0.0, -1.0, 0.822529, 0.0, 1.0, 0.0, 0.763972, 0.0, 0.0, 0.0, 1.0],
                [1.0, 0.0, 0.0, -5e-06, 0.0, 0.0, -1.0, 0.822529, 0.0, 1.0, 0.0, 0.763972, 0.0, 0.0, 0.0, 1.0],
                [1.0, 0.0, 0.0, -5e-06, 0.0, 0.0, -1.0, 0.822529, 0.0, 1.0, 0.0, 0.763972, 0.0, 0.0, 0.0, 1.0],
                [1.0, 0.0, 0.0, -5e-06, 0.0, 0.0, -1.0, 0.822529, 0.0, 1.0, 0.0, 0.763972, 0.0, 0.0, 0.0, 1.0],
                [1.0, 0.0, 0.0, -5e-06, 0.0, 0.0, -1.0, 0.822529, 0.0, 1.0, 0.0, 0.763972, 0.0, 0.0, 0.0, 1.0],
                [1.0, 0.0, 0.0, -5e-06, 0.0, 0.0, -1.0, 0.822529, 0.0, 1.0, 0.0, 0.763972, 0.0, 0.0, 0.0, 1.0],
                [1.0, 0.0, 0.0, -5e-06, 0.0, 0.0, -1.0, 0.822529, 0.0, 1.0, 0.0, 0.763972, 0.0, 0.0, 0.0, 1.0],
                [1.0, 0.0, 0.0, -5e-06, 0.0, 0.0, -1.0, 0.822529, 0.0, 1.0, 0.0, 0.763972, 0.0, 0.0, 0.0, 1.0],
                [1.0, 0.0, 0.0, -5e-06, 0.0, 0.0, -1.0, 0.822529, 0.0, 1.0, 0.0, 0.763972, 0.0, 0.0, 0.0, 1.0],
                [1.0, 0.0, 0.0, -5e-06, 0.0, 0.0, -1.0, 0.822529, 0.0, 1.0, 0.0, 0.763972, 0.0, 0.0, 0.0, 1.0],
                [1.0, 0.0, 0.0, -5e-06, 0.0, 0.0, -1.0, 0.822529, 0.0, 1.0, 0.0, 0.763972, 0.0, 0.0, 0.0, 1.0],
                [1.0, 0.0, 0.0, -5e-06, 0.0, 0.0, -1.0, 0.822529, 0.0, 1.0, 0.0, 0.763972, 0.0, 0.0, 0.0, 1.0],
                [1.0, 0.0, 0.0, -5e-06, 0.0, 0.0, -1.0, 0.822529, 0.0, 1.0, 0.0, 0.763972, 0.0, 0.0, 0.0, 1.0],
                [1.0, 0.0, 0.0, -5e-06, 0.0, 0.0, -1.0, 0.822529, 0.0, 1.0, 0.0, 0.763972, 0.0, 0.0, 0.0, 1.0],
                [1.0, 0.0, 0.0, -5e-06, 0.0, 0.0, -1.0, 0.822529, 0.0, 1.0, 0.0, 0.763972, 0.0, 0.0, 0.0, 1.0],
                [1.0, 0.0, 0.0, -5e-06, 0.0, 0.0, -1.0, 0.822049, 0.0, 1.0, 0.0, 0.763972, 0.0, 0.0, 0.0, 1.0],
                [1.0, 0.0, 0.0, -5e-06, 0.0, 0.0, -1.0, 0.820644, 0.0, 1.0, 0.0, 0.763972, 0.0, 0.0, 0.0, 1.0],
                [1.0, 0.0, 0.0, -5e-06, 0.0, 0.0, -1.0, 0.818363, 0.0, 1.0, 0.0, 0.763972, 0.0, 0.0, 0.0, 1.0],
                [1.0, 0.0, 0.0, -5e-06, 0.0, 0.0, -1.0, 0.815257, 0.0, 1.0, 0.0, 0.763972, 0.0, 0.0, 0.0, 1.0],
                [1.0, 0.0, 0.0, -5e-06, 0.0, 0.0, -1.0, 0.811375, 0.0, 1.0, 0.0, 0.763972, 0.0, 0.0, 0.0, 1.0],
                [1.0, 0.0, 0.0, -5e-06, 0.0, 0.0, -1.0, 0.806768, 0.0, 1.0, 0.0, 0.763972, 0.0, 0.0, 0.0, 1.0],
                [1.0, 0.0, 0.0, -5e-06, 0.0, 0.0, -1.0, 0.801486, 0.0, 1.0, 0.0, 0.763972, 0.0, 0.0, 0.0, 1.0],
                [1.0, 0.0, 0.0, -5e-06, 0.0, 0.0, -1.0, 0.795578, 0.0, 1.0, 0.0, 0.763972, 0.0, 0.0, 0.0, 1.0],
                [1.0, 0.0, 0.0, -5e-06, 0.0, 0.0, -1.0, 0.789094, 0.0, 1.0, 0.0, 0.763972, 0.0, 0.0, 0.0, 1.0],
                [1.0, 0.0, 0.0, -5e-06, 0.0, 0.0, -1.0, 0.782085, 0.0, 1.0, 0.0, 0.763972, 0.0, 0.0, 0.0, 1.0],
                [1.0, 0.0, 0.0, -5e-06, 0.0, 0.0, -1.0, 0.774601, 0.0, 1.0, 0.0, 0.763972, 0.0, 0.0, 0.0, 1.0],
                [1.0, 0.0, 0.0, -5e-06, 0.0, 0.0, -1.0, 0.766692, 0.0, 1.0, 0.0, 0.763972, 0.0, 0.0, 0.0, 1.0],
                [1.0, 0.0, 0.0, -5e-06, 0.0, 0.0, -1.0, 0.758407, 0.0, 1.0, 0.0, 0.763972, 0.0, 0.0, 0.0, 1.0],
                [1.0, 0.0, 0.0, -5e-06, 0.0, 0.0, -1.0, 0.749797, 0.0, 1.0, 0.0, 0.763972, 0.0, 0.0, 0.0, 1.0],
                [1.0, 0.0, 0.0, -5e-06, 0.0, 0.0, -1.0, 0.740912, 0.0, 1.0, 0.0, 0.763972, 0.0, 0.0, 0.0, 1.0],
                [1.0, 0.0, 0.0, -5e-06, 0.0, 0.0, -1.0, 0.731802, 0.0, 1.0, 0.0, 0.763972, 0.0, 0.0, 0.0, 1.0],
                [1.0, 0.0, 0.0, -5e-06, 0.0, 0.0, -1.0, 0.722517, 0.0, 1.0, 0.0, 0.763972, 0.0, 0.0, 0.0, 1.0],
                [1.0, 0.0, 0.0, -5e-06, 0.0, 0.0, -1.0, 0.713107, 0.0, 1.0, 0.0, 0.763972, 0.0, 0.0, 0.0, 1.0],
                [1.0, 0.0, 0.0, -5e-06, 0.0, 0.0, -1.0, 0.703621, 0.0, 1.0, 0.0, 0.763972, 0.0, 0.0, 0.0, 1.0],
                [1.0, 0.0, 0.0, -5e-06, 0.0, 0.0, -1.0, 0.694111, 0.0, 1.0, 0.0, 0.763972, 0.0, 0.0, 0.0, 1.0],
                [1.0, 0.0, 0.0, -5e-06, 0.0, 0.0, -1.0, 0.684625, 0.0, 1.0, 0.0, 0.763972, 0.0, 0.0, 0.0, 1.0],
                [1.0, 0.0, 0.0, -5e-06, 0.0, 0.0, -1.0, 0.675215, 0.0, 1.0, 0.0, 0.763972, 0.0, 0.0, 0.0, 1.0],
                [1.0, 0.0, 0.0, -5e-06, 0.0, 0.0, -1.0, 0.66593, 0.0, 1.0, 0.0, 0.763972, 0.0, 0.0, 0.0, 1.0],
                [1.0, 0.0, 0.0, -5e-06, 0.0, 0.0, -1.0, 0.656819, 0.0, 1.0, 0.0, 0.763972, 0.0, 0.0, 0.0, 1.0],
                [1.0, 0.0, 0.0, -5e-06, 0.0, 0.0, -1.0, 0.647934, 0.0, 1.0, 0.0, 0.763972, 0.0, 0.0, 0.0, 1.0],
                [1.0, 0.0, 0.0, -5e-06, 0.0, 0.0, -1.0, 0.639325, 0.0, 1.0, 0.0, 0.763972, 0.0, 0.0, 0.0, 1.0],
                [1.0, 0.0, 0.0, -5e-06, 0.0, 0.0, -1.0, 0.63104, 0.0, 1.0, 0.0, 0.763972, 0.0, 0.0, 0.0, 1.0],
                [1.0, 0.0, 0.0, -5e-06, 0.0, 0.0, -1.0, 0.623131, 0.0, 1.0, 0.0, 0.763972, 0.0, 0.0, 0.0, 1.0],
                [1.0, 0.0, 0.0, -5e-06, 0.0, 0.0, -1.0, 0.615647, 0.0, 1.0, 0.0, 0.763972, 0.0, 0.0, 0.0, 1.0],
                [1.0, 0.0, 0.0, -5e-06, 0.0, 0.0, -1.0, 0.608638, 0.0, 1.0, 0.0, 0.763972, 0.0, 0.0, 0.0, 1.0],
                [1.0, 0.0, 0.0, -5e-06, 0.0, 0.0, -1.0, 0.602154, 0.0, 1.0, 0.0, 0.763972, 0.0, 0.0, 0.0, 1.0],
                [1.0, 0.0, 0.0, -5e-06, 0.0, 0.0, -1.0, 0.596246, 0.0, 1.0, 0.0, 0.763972, 0.0, 0.0, 0.0, 1.0],
                [1.0, 0.0, 0.0, -5e-06, 0.0, 0.0, -1.0, 0.590964, 0.0, 1.0, 0.0, 0.763972, 0.0, 0.0, 0.0, 1.0],
                [1.0, 0.0, 0.0, -5e-06, 0.0, 0.0, -1.0, 0.586356, 0.0, 1.0, 0.0, 0.763972, 0.0, 0.0, 0.0, 1.0],
                [1.0, 0.0, 0.0, -5e-06, 0.0, 0.0, -1.0, 0.582475, 0.0, 1.0, 0.0, 0.763972, 0.0, 0.0, 0.0, 1.0],
                [1.0, 0.0, 0.0, -5e-06, 0.0, 0.0, -1.0, 0.579368, 0.0, 1.0, 0.0, 0.763972, 0.0, 0.0, 0.0, 1.0],
                [1.0, 0.0, 0.0, -5e-06, 0.0, 0.0, -1.0, 0.577088, 0.0, 1.0, 0.0, 0.763972, 0.0, 0.0, 0.0, 1.0],
                [1.0, 0.0, 0.0, -5e-06, 0.0, 0.0, -1.0, 0.575683, 0.0, 1.0, 0.0, 0.763972, 0.0, 0.0, 0.0, 1.0],
                [1.0, 0.0, 0.0, -5e-06, 0.0, 0.0, -1.0, 0.575203, 0.0, 1.0, 0.0, 0.763972, 0.0, 0.0, 0.0, 1.0]
            ]
        },
        {
            "name": "Thigh_R",
            "time": [0.0, 0.0167, 0.0333, 0.05, 0.0667, 0.0833, 0.1, 0.1167, 0.1333, 0.15, 0.1667, 0.1833, 0.2, 0.2167, 0.2333, 0.25, 0.2667, 0.2833, 0.3, 0.3167, 0.3333, 0.35, 0.3667, 0.3833, 0.4, 0.4167, 0.4333, 0.45, 0.4667, 0.4833, 0.5, 0.5167, 0.5333, 0.55, 0.5667, 0.5833, 0.6, 0.6167, 0.6333, 0.65, 0.6667, 0.6833, 0.7, 0.7167, 0.7333, 0.75, 0.7667, 0.7833, 0.8, 0.8167, 0.8333, 0.85, 0.8667, 0.8833, 0.9, 0.9167, 0.9333, 0.95, 0.9667, 0.9833, 1.0, 1.0167, 1.0333, 1.05, 1.0667, 1.0833, 1.1, 1.1167, 1.1333, 1.15, 1.1667, 1.1833, 1.2, 1.2167, 1.2333, 1.25, 1.2667, 1.2833, 1.3, 1.3167, 1.3333, 1.35, 1.3667, 1.3833, 1.4, 1.4167, 1.4333, 1.45, 1.4667, 1.4833],
            "transform": [
                [0.854348, 0.149991, 0.497586, 0.124948, 0.100963, -0.987107, 0.1242, -0.005881, 0.5098, -0.055872, -0.858477, 0.002586, 0.0, 0.0, 0.0, 1.0],
                [0.856918, 0.148793, 0.49351, 0.124948, 0.105788, -0.987816, 0.114139, -0.005881, 0.50448, -0.045601, -0.862218, 0.002586, 0.0, 0.0, 0.0, 1.0],
                [0.863801, 0.145785, 0.482281, 0.124948, 0.118599, -0.98916, 0.086586, -0.005881, 0.489676, -0.017595, -0.871727, 0.002586, 0.0, 0.0, 0.0, 1.0],
                [0.873672, 0.142014, 0.465327, 0.124948, 0.136672, -0.989575, 0.045403, -0.005881, 0.466924, 0.023929, -0.883973, 0.002586, 0.0, 0.0, 0.0, 1.0],
                [0.885172, 0.138524, 0.444165, 0.124948, 0.157228, -0.987548, -0.005346, -0.005881, 0.437894, 0.074567, -0.895929, 0.002586, 0.0, 0.0, 0.0, 1.0],
                [0.897007, 0.136114, 0.420537, 0.124948, 0.177731, -0.982174, -0.061203, -0.005881, 0.40471, 0.129642, -0.905209, 0.002586, 0.0, 0.0, 0.0, 1.0],
                [0.908059, 0.135169, 0.396431, 0.124948, 0.196155, -0.973523, -0.117372, -0.005881, 0.37007, 0.184342, -0.910531, 0.002586, 0.0, 0.0, 0.0, 1.0],
                [0.917467, 0.135595, 0.37399, 0.124948, 0.211158, -0.962739, -0.168955, -0.005881, 0.337146, 0.233981, -0.911913, 0.002586, 0.0, 0.0, 0.0, 1.0],
                [0.924643, 0.136868, 0.35539, 0.124948, 0.222079, -0.951877, -0.211211, -0.005881, 0.30938, 0.274219, -0.910542, 0.002586, 0.0, 0.0, 0.0, 1.0],
                [0.929208, 0.138198, 0.342745, 0.124948, 0.228737, -0.943519, -0.239687, -0.005881, 0.290263, 0.301118, -0.908337, 0.002586, 0.0, 0.0, 0.0, 1.0],
                [0.930826, 0.138782, 0.338087, 0.124948, 0.231035, -0.940244, -0.250127, -0.005881, 0.283171, 0.310935, -0.907267, 0.002586, 0.0, 0.0, 0.0, 1.0],
                [0.930826, 0.138782, 0.338087, 0.124948, 0.231035, -0.940244, -0.250127, -0.005881, 0.283171, 0.310935, -0.907267, 0.002586, 0.0, 0.0, 0.0, 1.0],
                [0.930826, 0.138782, 0.338087, 0.124948, 0.231035, -0.940244, -0.250127, -0.005881, 0.283171, 0.310935, -0.907267, 0.002586, 0.0, 0.0, 0.0, 1.0],
                [0.930826, 0.138782, 0.338087, 0.124948, 0.231035, -0.940244, -0.250127, -0.005881, 0.283171, 0.310935, -0.907267, 0.002586, 0.0, 0.0, 0.0, 1.0],
                [0.930826, 0.138782, 0.338087, 0.124948, 0.231035, -0.940244, -0.250127, -0.005881, 0.283171, 0.310935, -0.907267, 0.002586, 0.0, 0.0, 0.0, 1.0],
                [0.932847, 0.14078, 0.331628, 0.124948, 0.22479, -0.946776, -0.230401, -0.005881, 0.281542, 0.289475, -0.914843, 0.002586, 0.0, 0.0, 0.0, 1.0],
                [0.938232, 0.145405, 0.313971, 0.124948, 0.208136, -0.962057, -0.176425, -0.005881, 0.276405, 0.230876, -0.932897, 0.002586, 0.0, 0.0, 0.0, 1.0],
                [0.945892, 0.15013, 0.287663, 0.124948, 0.18441, -0.978161, -0.095881, -0.005881, 0.266986, 0.143741, -0.95292, 0.002586, 0.0, 0.0, 0.0, 1.0],
                [0.95464, 0.152564, 0.255709, 0.124948, 0.157252, -0.987556, 0.002138, -0.005881, 0.252854, 0.03817, -0.966751, 0.002586, 0.0, 0.0, 0.0, 1.0],
                [0.963289, 0.151315, 0.221761, 0.124948, 0.130324, -0.985735, 0.106497, -0.005881, 0.234712, -0.073687, -0.969268, 0.002586, 0.0, 0.0, 0.0, 1.0],
                [0.970834, 0.146527, 0.189766, 0.124948, 0.106759, -0.97291, 0.205055, -0.005881, 0.214672, -0.178815, -0.960178, 0.002586, 0.0, 0.0, 0.0, 1.0],
                [0.976596, 0.139864, 0.163394, 0.124948, 0.088699, -0.95398, 0.28645, -0.005881, 0.195939, -0.265253, -0.94406, 0.002586, 0.0, 0.0, 0.0, 1.0],
                [0.980224, 0.133938, 0.145677, 0.124948, 0.077295, -0.936802, 0.341215, -0.005881, 0.182172, -0.323207, -0.928628, 0.002586, 0.0, 0.0, 0.0, 1.0],
                [0.9815, 0.131464, 0.139193, 0.124948, 0.073274, -0.929576, 0.361275, -0.005881, 0.176885, -0.344392, -0.922012, 0.002586, 0.0, 0.0, 0.0, 1.0],
                [0.9815, 0.131464, 0.139193, 0.124948, 0.073274, -0.929576, 0.361275, -0.005881, 0.176885, -0.344392, -0.922012, 0.002586, 0.0, 0.0, 0.0, 1.0],
                [0.9815, 0.131464, 0.139193, 0.124948, 0.073274, -0.929576, 0.361275, -0.005881, 0.176885, -0.344392, -0.922012, 0.002586, 0.0, 0.0, 0.0, 1.0],
                [0.9815, 0.131464, 0.139193, 0.124948, 0.073274, -0.929576, 0.361275, -0.005881, 0.176885, -0.344392, -0.922012, 0.002586, 0.0, 0.0, 0.0, 1.0],
                [0.9815, 0.131464, 0.139193, 0.124948, 0.073274, -0.929576, 0.361275, -0.005881, 0.176885, -0.344392, -0.922012, 0.002586, 0.0, 0.0, 0.0, 1.0],
                [0.9815, 0.131464, 0.139193, 0.124948, 0.073274, -0.929576, 0.361275, -0.005881, 0.176885, -0.344392, -0.922012, 0.002586, 0.0, 0.0, 0.0, 1.0],
                [0.9815, 0.131464, 0.139193, 0.124948, 0.073274, -0.929576, 0.361275, -0.005881, 0.176885, -0.344392, -0.922012, 0.002586, 0.0, 0.0, 0.0, 1.0],
                [0.9815, 0.131464, 0.139193, 0.124948, 0.073274, -0.929576, 0.361275, -0.005881, 0.176885, -0.344392, -0.922012, 0.002586, 0.0, 0.0, 0.0, 1.0],
                [0.9815, 0.131464, 0.139193, 0.124948, 0.073274, -0.929576, 0.361275, -0.005881, 0.176885, -0.344392, -0.922012, 0.002586, 0.0, 0.0, 0.0, 1.0],
                [0.9815, 0.131464, 0.139193, 0.124948, 0.073274, -0.929576, 0.361275, -0.005881, 0.176885, -0.344392, -0.922012, 0.002586, 0.0, 0.0, 0.0, 1.0],
                [0.9815, 0.131464, 0.139193, 0.124948, 0.073274, -0.929576, 0.361275, -0.005881, 0.176885, -0.344392, -0.922012, 0.002586, 0.0, 0.0, 0.0, 1.0],
                [0.9815, 0.131464, 0.139193, 0.124948, 0.073274, -0.929576, 0.361275, -0.005881, 0.176885, -0.344392, -0.922012, 0.002586, 0.0, 0.0, 0.0, 1.0],
                [0.9815, 0.131464, 0.139193, 0.124948, 0.073274, -0.929576, 0.361275, -0.005881, 0.176885, -0.344392, -0.922012, 0.002586, 0.0, 0.0, 0.0, 1.0],
                [0.9815, 0.131464, 0.139193, 0.124948, 0.073274, -0.929576, 0.361275, -0.005881, 0.176885, -0.344392, -0.922012, 0.002586, 0.0, 0.0, 0.0, 1.0],
                [0.9815, 0.131464, 0.139193, 0.124948, 0.073274, -0.929576, 0.361275, -0.005881, 0.176885, -0.344392, -0.922012, 0.002586, 0.0, 0.0, 0.0, 1.0],
                [0.9815, 0.131464, 0.139193, 0.124948, 0.073274, -0.929576, 0.361275, -0.005881, 0.176885, -0.344392, -0.922012, 0.002586, 0.0, 0.0, 0.0, 1.0],
                [0.9815, 0.131464, 0.139193, 0.124948, 0.073274, -0.929576, 0.361275, -0.005881, 0.176885, -0.344392, -0.922012, 0.002586, 0.0, 0.0, 0.0, 1.0],
                [0.9815, 0.131464, 0.139193, 0.124948, 0.073274, -0.929576, 0.361275, -0.005881, 0.176885, -0.344392, -0.922012, 0.002586, 0.0, 0.0, 0.0, 1.0],
                [0.9815, 0.131464, 0.139193, 0.124948, 0.073274, -0.929576, 0.361275, -0.005881, 0.176885, -0.344392, -0.922012, 0.002586, 0.0, 0.0, 0.0, 1.0],
                [0.9815, 0.131464, 0.139193, 0.124948, 0.073274, -0.929576, 0.361275, -0.005881, 0.176885, -0.344392, -0.922012, 0.002586, 0.0, 0.0, 0.0, 1.0],
                [0.9815, 0.131464, 0.139193, 0.124948, 0.073274, -0.929576, 0.361275, -0.005881, 0.176885, -0.344392, -0.922012, 0.002586, 0.0, 0.0, 0.0, 1.0],
                [0.9815, 0.131464, 0.139193, 0.124948, 0.073274, -0.929576, 0.361275, -0.005881, 0.176885, -0.344392, -0.922012, 0.002586, 0.0, 0.0, 0.0, 1.0],
                [0.9815, 0.131464, 0.139193, 0.124948, 0.073274, -0.929576, 0.361275, -0.005881, 0.176885, -0.344392, -0.922012, 0.002586, 0.0, 0.0, 0.0, 1.0],
                [0.9815, 0.131464, 0.139193, 0.124948, 0.073274, -0.929576, 0.361275, -0.005881, 0.176885, -0.344392, -0.922012, 0.002586, 0.0, 0.0, 0.0, 1.0],
                [0.9815, 0.131464, 0.139193, 0.124948, 0.073274, -0.929576, 0.361275, -0.005881, 0.176885, -0.344392, -0.922012, 0.002586, 0.0, 0.0, 0.0, 1.0],
                [0.9815, 0.131464, 0.139193, 0.124948, 0.073274, -0.929576, 0.361275, -0.005881, 0.176885, -0.344392, -0.922012, 0.002586, 0.0, 0.0, 0.0, 1.0],
                [0.9815, 0.131464, 0.139193, 0.124948, 0.073274, -0.929576, 0.361275, -0.005881, 0.176885, -0.344392, -0.922012, 0.002586, 0.0, 0.0, 0.0, 1.0],
                [0.9815, 0.131464, 0.139193, 0.124948, 0.073274, -0.929576, 0.361275, -0.005881, 0.176885, -0.344392, -0.922012, 0.002586, 0.0, 0.0, 0.0, 1.0],
                [0.981379, 0.131607, 0.139907, 0.124948, 0.073242, -0.92975, 0.360833, -0.005881, 0.177567, -0.343867, -0.922077, 0.002586, 0.0, 0.0, 0.0, 1.0],
                [0.981023, 0.132025, 0.142, 0.124948, 0.073151, -0.930259, 0.359537, -0.005881, 0.179565, -0.342326, -0.922263, 0.002586, 0.0, 0.0, 0.0, 1.0],
                [0.980434, 0.132696, 0.145398, 0.124948, 0.073009, -0.931081, 0.357431, -0.005881, 0.182807, -0.339822, -0.922552, 0.002586, 0.0, 0.0, 0.0, 1.0],
                [0.979614, 0.133595, 0.150028, 0.124948, 0.072828, -0.932194, 0.354557, -0.005881, 0.187222, -0.336403, -0.92292, 0.002586, 0.0, 0.0, 0.0, 1.0],
                [0.978559, 0.134696, 0.155817, 0.124948, 0.07262, -0.933571, 0.350956, -0.005881, 0.192738, -0.332116, -0.923337, 0.002586, 0.0, 0.0, 0.0, 1.0],
                [0.977264, 0.135969, 0.162692, 0.124948, 0.072402, -0.935188, 0.346671, -0.005881, 0.199284, -0.32701, -0.92377, 0.002586, 0.0, 0.0, 0.0, 1.0],
                [0.97572, 0.137383, 0.170579, 0.124948, 0.072189, -0.937017, 0.341741, -0.005881, 0.206785, -0.321129, -0.924184, 0.002586, 0.0, 0.0, 0.0, 1.0],
                [0.973919, 0.138907, 0.179405, 0.124948, 0.071999, -0.939031, 0.336208, -0.005881, 0.215169, -0.314523, -0.924542, 0.002586, 0.0, 0.0, 0.0, 1.0],
                [0.971854, 0.14051, 0.189094, 0.124948, 0.071848, -0.941203, 0.330113, -0.005881, 0.22436, -0.307236, -0.924807, 0.002586, 0.0, 0.0, 0.0, 1.0],
                [0.969517, 0.142158, 0.19957, 0.124948, 0.071753, -0.943503, 0.3235, -0.005881, 0.234284, -0.299319, -0.924943, 0.002586, 0.0, 0.0, 0.0, 1.0],
                [0.966901, 0.143822, 0.210756, 0.124948, 0.071731, -0.945906, 0.31641, -0.005881, 0.244863, -0.29082, -0.924914, 0.002586, 0.0, 0.0, 0.0, 1.0],
                [0.964002, 0.145471, 0.222574, 0.124948, 0.071796, -0.948384, 0.30889, -0.005881, 0.25602, -0.28179, -0.924688, 0.002586, 0.0, 0.0, 0.0, 1.0],
                [0.960817, 0.147077, 0.234944, 0.124948, 0.071962, -0.95091, 0.300983, -0.005881, 0.267679, -0.272283, -0.924235, 0.002586, 0.0, 0.0, 0.0, 1.0],
                [0.957349, 0.148613, 0.247786, 0.124948, 0.072242, -0.95346, 0.292738, -0.005881, 0.279759, -0.262352, -0.923529, 0.002586, 0.0, 0.0, 0.0, 1.0],
                [0.9536, 0.150056, 0.261019, 0.124948, 0.072644, -0.956008, 0.284201, -0.005881, 0.292183, -0.252053, -0.92255, 0.002586, 0.0, 0.0, 0.0, 1.0],
                [0.949578, 0.151385, 0.274561, 0.124948, 0.073177, -0.958534, 0.275423, -0.005881, 0.30487, -0.241444, -0.921281, 0.002586, 0.0, 0.0, 0.0, 1.0],
                [0.945297, 0.15258, 0.288329, 0.124948, 0.073845, -0.961015, 0.266454, -0.005881, 0.317744, -0.230586, -0.919711, 0.002586, 0.0, 0.0, 0.0, 1.0],
                [0.94077, 0.153628, 0.302243, 0.124948, 0.074652, -0.963432, 0.257344, -0.005881, 0.330726, -0.219538, -0.917836, 0.002586, 0.0, 0.0, 0.0, 1.0],
                [0.936018, 0.154517, 0.31622, 0.124948, 0.075596, -0.965768, 0.248146, -0.005881, 0.343738, -0.208364, -0.915658, 0.002586, 0.0, 0.0, 0.0, 1.0],
                [0.931065, 0.155239, 0.330179, 0.124948, 0.076674, -0.968009, 0.238912, -0.005881, 0.356705, -0.197126, -0.913183, 0.002586, 0.0, 0.0, 0.0, 1.0],
                [0.925941, 0.155789, 0.344041, 0.124948, 0.077881, -0.970141, 0.229695, -0.005881, 0.369552, -0.185889, -0.910426, 0.002586, 0.0, 0.0, 0.0, 1.0],
                [0.920675, 0.156168, 0.357727, 0.124948, 0.079207, -0.972155, 0.220547, -0.005881, 0.382208, -0.174718, -0.907409, 0.002586, 0.0, 0.0, 0.0, 1.0],
                [0.915306, 0.156379, 0.371161, 0.124948, 0.08064, -0.97404, 0.211523, -0.005881, 0.394603, -0.163678, -0.904156, 0.002586, 0.0, 0.0, 0.0, 1.0],
                [0.909873, 0.156428, 0.384267, 0.124948, 0.082166, -0.975793, 0.202673, -0.005881, 0.406669, -0.152833, -0.900701, 0.002586, 0.0, 0.0, 0.0, 1.0],
                [0.904419, 0.156326, 0.396975, 0.124948, 0.083767, -0.977408, 0.19405, -0.005881, 0.418342, -0.142249, -0.897082, 0.002586, 0.0, 0.0, 0.0, 1.0],
                [0.898989, 0.156086, 0.409213, 0.124948, 0.085426, -0.978885, 0.185705, -0.005881, 0.429558, -0.13199, -0.893341, 0.002586, 0.0, 0.0, 0.0, 1.0],
                [0.893634, 0.155724, 0.420914, 0.124948, 0.087119, -0.980223, 0.177689, -0.005881, 0.44026, -0.122119, -0.889527, 0.002586, 0.0, 0.0, 0.0, 1.0],
                [0.888402, 0.15526, 0.432014, 0.124948, 0.088824, -0.981424, 0.17005, -0.005881, 0.450391, -0.112699, -0.88569, 0.002586, 0.0, 0.0, 0.0, 1.0],
                [0.883347, 0.154714, 0.442449, 0.124948, 0.090517, -0.982492, 0.162837, -0.005881, 0.459896, -0.103792, -0.881886, 0.002586, 0.0, 0.0, 0.0, 1.0],
                [0.878523, 0.154109, 0.45216, 0.124948, 0.092172, -0.983431, 0.156097, -0.005881, 0.468724, -0.095459, -0.878172, 0.002586, 0.0, 0.0, 0.0, 1.0],
                [0.873983, 0.153469, 0.461086, 0.124948, 0.093761, -0.984249, 0.149877, -0.005881, 0.476825, -0.087758, -0.874606, 0.002586, 0.0, 0.0, 0.0, 1.0],
                [0.869783, 0.152819, 0.469173, 0.124948, 0.095258, -0.984949, 0.144223, -0.005881, 0.484152, -0.08075, -0.87125, 0.002586, 0.0, 0.0, 0.0, 1.0],
                [0.865977, 0.152184, 0.476364, 0.124948, 0.096636, -0.985541, 0.139178, -0.005881, 0.490657, -0.074491, -0.868163, 0.002586, 0.0, 0.0, 0.0, 1.0],
                [0.86262, 0.151589, 0.482605, 0.124948, 0.097867, -0.986029, 0.134788, -0.005881, 0.496295, -0.06904, -0.865404, 0.002586, 0.0, 0.0, 0.0, 1.0],
                [0.859764, 0.151059, 0.487839, 0.124948, 0.098926, -0.986421, 0.131097, -0.005881, 0.501018, -0.064452, -0.863033, 0.002586, 0.0, 0.0, 0.0, 1.0],
                [0.857461, 0.150614, 0.492012, 0.124948, 0.099788, -0.986722, 0.128147, -0.005881, 0.50478, -0.060785, -0.861105, 0.002586, 0.0, 0.0, 0.0, 1.0],
                [0.85576, 0.150277, 0.495067, 0.124948, 0.100428, -0.986935, 0.125985, -0.005881, 0.507532, -0.058094, -0.859672, 0.002586, 0.0, 0.0, 0.0, 1.0],
                [0.854708, 0.150065, 0.496946, 0.124948, 0.100826, -0.987064, 0.124654, -0.005881, 0.509224, -0.056437, -0.858782, 0.002586, 0.0, 0.0, 0.0, 1.0],
                [0.854348, 0.149991, 0.497586, 0.124948, 0.100963, -0.987107, 0.1242, -0.005881, 0.5098, -0.055872, -0.858477, 0.002586, 0.0, 0.0, 0.0, 1.0]
            ]
        },
        {
            "name": "Leg_R",
            "time": [0.0, 0.0167, 0.0333, 0.05, 0.0667, 0.0833, 0.1, 0.1167, 0.1333, 0.15, 0.1667, 0.1833, 0.2, 0.2167, 0.2333, 0.25, 0.2667, 0.2833, 0.3, 0.3167, 0.3333, 0.35, 0.3667, 0.3833, 0.4, 0.4167, 0.4333, 0.45, 0.4667, 0.4833, 0.5, 0.5167, 0.5333, 0.55, 0.5667, 0.5833, 0.6, 0.6167, 0.6333, 0.65, 0.6667, 0.6833, 0.7, 0.7167, 0.7333, 0.75, 0.7667, 0.7833, 0.8, 0.8167, 0.8333, 0.85, 0.8667, 0.8833, 0.9, 0.9167, 0.9333, 0.95, 0.9667, 0.9833, 1.0, 1.0167, 1.0333, 1.05, 1.0667, 1.0833, 1.1, 1.1167, 1.1333, 1.15, 1.1667, 1.1833, 1.2, 1.2167, 1.2333, 1.25, 1.2667, 1.2833, 1.3, 1.3167, 1.3333, 1.35, 1.3667, 1.3833, 1.4, 1.4167, 1.4333, 1.45, 1.4667, 1.4833],
            "transform": [
                [1.0, 0.0, 1e-06, 0.0, -0.0, 0.984808, 0.173649, 0.37472, -1e-06, -0.173649, 0.984808, -0.0, 0.0, 0.0, 0.0, 1.0],
                [1.0, -0.000171, 0.000326, 0.0, 0.000111, 0.984653, 0.174522, 0.37472, -0.000351, -0.174522, 0.984653, 0.0, 0.0, 0.0, 0.0, 1.0],
                [0.999999, -0.000665, 0.001264, -0.0, 0.000431, 0.984204, 0.177036, 0.37472, -0.001361, -0.177036, 0.984204, -0.0, 0.0, 0.0, 0.0, 1.0],
                [0.999995, -0.001456, 0.002752, -0.0, 0.000933, 0.983476, 0.181035, 0.37472, -0.00297, -0.181032, 0.983473, 0.0, 0.0, 0.0, 0.0, 1.0],
                [0.999986, -0.002519, 0.00473, -0.0, 0.001593, 0.98248, 0.186361, 0.37472, -0.005117, -0.18635, 0.98247, -0.0, 0.0, 0.0, 0.0, 1.0],
                [0.999967, -0.003831, 0.007137, 0.0, 0.002383, 0.981225, 0.192854, 0.37472, -0.007742, -0.19283, 0.981202, -0.0, 0.0, 0.0, 0.0, 1.0],
                [0.999937, -0.005369, 0.009909, 0.0, 0.003275, 0.979718, 0.200355, 0.37472, -0.010784, -0.20031, 0.979673, 0.0, 0.0, 0.0, 0.0, 1.0],
                [0.999891, -0.007107, 0.012985, -0.0, 0.004241, 0.977969, 0.208706, 0.37472, -0.014182, -0.208628, 0.977892, -0.0, 0.0, 0.0, 0.0, 1.0],
                [0.999826, -0.009022, 0.016303, 0.0, 0.005256, 0.975991, 0.217746, 0.37472, -0.017876, -0.217623, 0.975869, 0.0, 0.0, 0.0, 0.0, 1.0],
                [0.999743, -0.011085, 0.019802, 0.0, 0.006295, 0.973801, 0.227317, 0.37472, -0.021803, -0.227133, 0.97362, 0.0, 0.0, 0.0, 0.0, 1.0],
                [0.999638, -0.013269, 0.023422, -0.0, 0.007335, 0.971419, 0.237258, 0.37472, -0.0259, -0.237, 0.971164, 0.0, 0.0, 0.0, 0.0, 1.0],
                [0.999512, -0.015542, 0.027103, -0.0, 0.008356, 0.968875, 0.24741, 0.37472, -0.030104, -0.247063, 0.968532, 0.0, 0.0, 0.0, 0.0, 1.0],
                [0.999366, -0.01787, 0.030787, -0.0, 0.009341, 0.966202, 0.257617, 0.37472, -0.03435, -0.257167, 0.965756, 0.0, 0.0, 0.0, 0.0, 1.0],
                [0.999203, -0.020219, 0.034419, -0.0, 0.010273, 0.963442, 0.267722, 0.37472, -0.038573, -0.267155, 0.962881, 0.0, 0.0, 0.0, 0.0, 1.0],
                [0.999025, -0.02255, 0.037942, -0.0, 0.011142, 0.960641, 0.27757, 0.37472, -0.042708, -0.276877, 0.959956, 0.0, 0.0, 0.0, 0.0, 1.0],
                [0.998838, -0.024823, 0.041304, -0.0, 0.011936, 0.957854, 0.287008, 0.37472, -0.046688, -0.286181, 0.957037, 0.0, 0.0, 0.0, 0.0, 1.0],
                [0.998647, -0.026996, 0.044454, 0.0, 0.012649, 0.95514, 0.295884, 0.37472, -0.050447, -0.294922, 0.954189, -0.0, 0.0, 0.0, 0.0, 1.0],
                [0.998457, -0.029026, 0.04734, -0.0, 0.013276, 0.952563, 0.304051, 0.37472, -0.05392, -0.302954, 0.951479, 0.0, 0.0, 0.0, 0.0, 1.0],
                [0.998276, -0.030868, 0.049914, 0.0, 0.013813, 0.950192, 0.31136, 0.37472, -0.057039, -0.310134, 0.94898, -0.0, 0.0, 0.0, 0.0, 1.0],
                [0.998112, -0.032476, 0.052128, 0.0, 0.014258, 0.948095, 0.317667, 0.37472, -0.059739, -0.316324, 0.946768, 0.0, 0.0, 0.0, 0.0, 1.0],
                [0.997972, -0.033804, 0.053934, 0.0, 0.014609, 0.946346, 0.322824, 0.37472, -0.061953, -0.321382, 0.944921, -0.0, 0.0, 0.0, 0.0, 1.0],
                [0.997864, -0.034807, 0.055284, 0.0, 0.014864, 0.945015, 0.326689, 0.37472, -0.063615, -0.32517, 0.943514, -0.0, 0.0, 0.0, 0.0, 1.0],
                [0.997794, -0.03544, 0.05613, 0.0, 0.015021, 0.94417, 0.329116, 0.37472, -0.064661, -0.327547, 0.94262, 0.0, 0.0, 0.0, 0.0, 1.0],
                [0.99777, -0.035661, 0.056424, 0.0, 0.015075, 0.943875, 0.329958, 0.37472, -0.065024, -0.328371, 0.942308, 0.0, 0.0, 0.0, 0.0, 1.0],
                [0.99777, -0.035661, 0.056424, 0.0, 0.015075, 0.943875, 0.329958, 0.37472, -0.065024, -0.328371, 0.942308, 0.0, 0.0, 0.0, 0.0, 1.0],
                [0.99777, -0.035661, 0.056424, -0.0, 0.015075, 0.943875, 0.329958, 0.37472, -0.065024, -0.328371, 0.942308, 0.0, 0.0, 0.0, 0.0, 1.0],
                [0.99777, -0.035661, 0.056424, 0.0, 0.015075, 0.943875, 0.329958, 0.37472, -0.065024, -0.328371, 0.942308, 0.0, 0.0, 0.0, 0.0, 1.0],
                [0.99777, -0.035661, 0.056424, -0.0, 0.015075, 0.943875, 0.329958, 0.37472, -0.065024, -0.328371, 0.942308, -0.0, 0.0, 0.0, 0.0, 1.0],
                [0.99777, -0.035661, 0.056424, -0.0, 0.015075, 0.943875, 0.329958, 0.37472, -0.065024, -0.328371, 0.942308, 0.0, 0.0, 0.0, 0.0, 1.0],
                [0.99777, -0.035661, 0.056424, 0.0, 0.015075, 0.943875, 0.329958, 0.37472, -0.065024, -0.328371, 0.942308, 0.0, 0.0, 0.0, 0.0, 1.0],
                [0.99777, -0.035661, 0.056424, 0.0, 0.015075, 0.943875, 0.329958, 0.37472, -0.065024, -0.328371, 0.942308, -0.0, 0.0, 0.0, 0.0, 1.0],
                [0.99777, -0.035661, 0.056424, 0.0, 0.015075, 0.943875, 0.329958, 0.37472, -0.065024, -0.328371, 0.942308, -0.0, 0.0, 0.0, 0.0, 1.0],
                [0.99777, -0.035661, 0.056424, 0.0, 0.015075, 0.943875, 0.329958, 0.37472, -0.065024, -0.328371, 0.942308, -0.0, 0.0, 0.0, 0.0, 1.0],
                [0.99777, -0.035661, 0.056424, 0.0, 0.015075, 0.943875, 0.329958, 0.37472, -0.065024, -0.328371, 0.942308, -0.0, 0.0, 0.0, 0.0, 1.0],
                [0.99777, -0.035661, 0.056424, 0.0, 0.015075, 0.943875, 0.329958, 0.37472, -0.065024, -0.328371, 0.942308, -0.0, 0.0, 0.0, 0.0, 1.0],
                [0.99777, -0.035661, 0.056424, 0.0, 0.015075, 0.943875, 0.329958, 0.37472, -0.065024, -0.328371, 0.942308, -0.0, 0.0, 0.0, 0.0, 1.0],
                [0.99777, -0.035661, 0.056424, 0.0, 0.015075, 0.943875, 0.329958, 0.37472, -0.065024, -0.328371, 0.942308, -0.0, 0.0, 0.0, 0.0, 1.0],
