{
    "armature": {
        "joints": ["Root", "Thigh_R", "Leg_R", "Knee_R", "Thigh_L", "Leg_L", "Knee_L", "Torso", "Chest", "Head", "Shoulder_R", "Arm_R", "Hand_R", "Tool_R", "Elbow_R", "Shoulder_L", "Arm_L", "Hand_L", "Tool_L", "Elbow_L"],
        "hierarchy": [
            {
                "name": "Root",
                "transform": [1.0, 0.0, 0.0, -5e-06, 0.0, 0.0, -1.0, 0.000946, 0.0, 1.0, 0.0, 0.763972, 0.0, 0.0, 0.0, 1.0],
                "children": [
                    {
                        "name": "Thigh_R",
                        "transform": [1.0, -0.0, -0.0, 0.124994, -0.0, -1.0, 0.0, -0.002831, -0.0, -0.0, -1.0, -1.2e-05, 0.0, 0.0, 0.0, 1.0],
                        "children": [
                            {
                                "name": "Leg_R",
                                "transform": [1.0, 0.0, 1e-06, 0.0, -0.0, 1.0, 0.0, 0.37472, -1e-06, -0.0, 1.0, -0.0, 0.0, 0.0, 0.0, 1.0],
                                "children": []
                            },
                            {
                                "name": "Knee_R",
                                "transform": [1.0, 0.0, -0.0, 0.0, -0.0, 0.0, -1.0, 0.37472, -0.0, 1.0, 0.0, -0.0, 0.0, 0.0, 0.0, 1.0],
                                "children": []
                            }
                        ]
                    },
                    {
                        "name": "Thigh_L",
                        "transform": [1.0, -0.0, -0.0, -0.125006, -0.0, -1.0, 0.0, -0.002831, -0.0, -0.0, -1.0, -1.2e-05, 0.0, 0.0, 0.0, 1.0],
                        "children": [
                            {
                                "name": "Leg_L",
                                "transform": [1.0, 0.0, 1e-06, -0.0, -0.0, 1.0, 0.0, 0.37472, -1e-06, -0.0, 1.0, 0.0, 0.0, 0.0, 0.0, 1.0],
                                "children": []
                            },
                            {
                                "name": "Knee_L",
                                "transform": [1.0, 0.0, -0.0, -0.0, -0.0, 0.0, -1.0, 0.37472, -0.0, 1.0, 0.0, 0.0, 0.0, 0.0, 0.0, 1.0],
                                "children": []
                            }
                        ]
                    },
                    {
                        "name": "Torso",
                        "transform": [1.0, 0.0, 0.0, 0.0, 0.0, 1.0, 0.0, 0.05, 0.0, 0.0, 1.0, 0.0, 0.0, 0.0, 0.0, 1.0],
                        "children": [
                            {
                                "name": "Chest",
                                "transform": [1.0, 0.0, 0.0, 0.0, 0.0, 1.0, 0.0, 0.3, 0.0, 0.0, 1.0, 0.0, 0.0, 0.0, 0.0, 1.0],
                                "children": [
                                    {
                                        "name": "Head",
                                        "transform": [1.0, 0.0, 0.0, 0.0, 0.0, 1.0, 0.0, 0.4, 0.0, 0.0, 1.0, 0.0, 0.0, 0.0, 0.0, 1.0],
                                        "children": []
                                    },
                                    {
                                        "name": "Shoulder_R",
                                        "transform": [0.0, 0.952114, 0.305743, 0.0, 0.0, -0.305743, 0.952114, 0.4, 1.0, 0.0, -0.0, 0.0, 0.0, 0.0, 0.0, 1.0],
                                        "children": [
                                            {
                                                "name": "Arm_R",
                                                "transform": [0.0, -0.0, -1.0, -0.0, 0.952114, 0.305743, 0.0, 0.39386, 0.305743, -0.952114, 0.0, 0.0, 0.0, 0.0, 0.0, 1.0],
                                                "children": [
                                                    {
                                                        "name": "Hand_R",
                                                        "transform": [1.0, 0.0, 0.0, 0.0, -0.0, 0.993938, 0.109947, 0.3, -0.0, -0.109947, 0.993937, 0.0, 0.0, 0.0, 0.0, 1.0],
                                                        "children": [
                                                            {
                                                                "name": "Tool_R",
                                                                "transform": [1.0, 0.0, 0.0, -0.0, 0.0, -0.999836, 0.018122, 0.272858, 0.0, -0.018122, -0.999836, 0.0, 0.0, 0.0, 0.0, 1.0],
                                                                "children": []
                                                            }
                                                        ]
                                                    },
                                                    {
                                                        "name": "Elbow_R",
                                                        "transform": [-1.0, 0.0, -0.0, 0.0, 0.0, 0.0, -1.0, 0.3, -0.0, -1.0, -0.0, 0.0, 0.0, 0.0, 0.0, 1.0],
                                                        "children": []
                                                    }
                                                ]
                                            }
                                        ]
                                    },
                                    {
                                        "name": "Shoulder_L",
                                        "transform": [-0.0, -0.952114, -0.305743, 0.0, 0.0, -0.305743, 0.952114, 0.4, -1.0, 0.0, 0.0, 0.0, 0.0, 0.0, 0.0, 1.0],
                                        "children": [
                                            {
                                                "name": "Arm_L",
                                                "transform": [-0.0, -0.0, 1.0, -0.0, -0.952114, 0.305743, -0.0, 0.39386, -0.305743, -0.952114, -0.0, 0.0, 0.0, 0.0, 0.0, 1.0],
                                                "children": [
                                                    {
                                                        "name": "Hand_L",
                                                        "transform": [1.0, -0.0, 0.0, -0.0, 0.0, 0.993937, 0.109947, 0.3, -0.0, -0.109947, 0.993937, 0.0, 0.0, 0.0, 0.0, 1.0],
                                                        "children": [
                                                            {
                                                                "name": "Tool_L",
                                                                "transform": [1.0, 0.0, 0.0, -0.0, -0.0, -0.999836, 0.018122, 0.272858, 0.0, -0.018122, -0.999836, -0.0, 0.0, 0.0, 0.0, 1.0],
                                                                "children": []
                                                            }
                                                        ]
                                                    },
                                                    {
                                                        "name": "Elbow_L",
                                                        "transform": [-1.0, 0.0, -0.0, -0.0, 0.0, -0.0, -1.0, 0.3, -0.0, -1.0, 0.0, 0.0, 0.0, 0.0, 0.0, 1.0],
                                                        "children": []
                                                    }
                                                ]
                                            }
                                        ]
                                    }
                                ]
                            }
                        ]
                    }
                ]
            }
        ]
    },
    "animation": [
        {
            "name": "Root",
            "time": [0.0, 0.0167, 0.0333, 0.05, 0.0667, 0.0833, 0.1, 0.1167, 0.1333, 0.15, 0.1667, 0.1833, 0.2, 0.2167, 0.2333, 0.25, 0.2667, 0.2833, 0.3, 0.3167, 0.3333, 0.35, 0.3667, 0.3833, 0.4, 0.4167, 0.4333, 0.45, 0.4667, 0.4833, 0.5, 0.5167, 0.5333, 0.55, 0.5667, 0.5833, 0.6, 0.6167, 0.6333, 0.65, 0.6667, 0.6833, 0.7, 0.7167, 0.7333, 0.75, 0.7667, 0.7833, 0.8, 0.8167, 0.8333, 0.85, 0.8667, 0.8833, 0.9, 0.9167, 0.9333, 0.95, 0.9667, 0.9833, 1.0, 1.0167, 1.0333, 1.05, 1.0667, 1.0833, 1.1, 1.1167, 1.1333, 1.15, 1.1667, 1.1833, 1.2, 1.2167, 1.2333, 1.25, 1.2667, 1.2833, 1.3, 1.3167, 1.3333, 1.35, 1.3667, 1.3833, 1.4, 1.4167, 1.4333, 1.45, 1.4667, 1.4833, 1.5, 1.5167, 1.5333, 1.55, 1.5667, 1.5833, 1.6, 1.6167, 1.6333, 1.65, 1.6667, 1.6833, 1.7, 1.7167, 1.7333, 1.75, 1.7667, 1.7833, 1.8, 1.8167, 1.8333, 1.85, 1.8667],
            "transform": [
                [-0.301744, -0.185342, -0.9352, -5e-06, -0.909346, -0.238751, 0.340719, 0.000946, -0.286429, 0.953229, -0.096499, 0.763972, 0.0, 0.0, 0.0, 1.0],
                [-0.269981, -0.178973, -0.946086, -5e-06, -0.920863, -0.239051, 0.308004, -0.005519, -0.281287, 0.954371, -0.10027, 0.763972, 0.0, 0.0, 0.0, 1.0],
                [-0.177875, -0.160877, -0.970813, -5e-06, -0.947419, -0.238679, 0.213141, -0.02413, -0.266002, 0.95768, -0.109963, 0.763972, 0.0, 0.0, 0.0, 1.0],
                [-0.028505, -0.132636, -0.990755, -5e-06, -0.970327, -0.234411, 0.059298, -0.053705, -0.240109, 0.963047, -0.122019, 0.763972, 0.0, 0.0, 0.0, 1.0],
                [0.169784, -0.097149, -0.980681, -5e-06, -0.964192, -0.222104, -0.144927, -0.093065, -0.203734, 0.970171, -0.13138, 0.763972, 0.0, 0.0, 0.0, 1.0],
                [0.395261, -0.059678, -0.916628, -5e-06, -0.904617, -0.198549, -0.377155, -0.141027, -0.159488, 0.978272, -0.132465, 0.763972, 0.0, 0.0, 0.0, 1.0],
                [0.613118, -0.027048, -0.789528, -5e-06, -0.781844, -0.163939, -0.601535, -0.196414, -0.113164, 0.9861, -0.121661, 0.763972, 0.0, 0.0, 0.0, 1.0],
                [0.788963, -0.004684, -0.614423, -5e-06, -0.610231, -0.122822, -0.782645, -0.258043, -0.071799, 0.992418, -0.099761, 0.763972, 0.0, 0.0, 0.0, 1.0],
                [0.905761, 0.006094, -0.423745, -5e-06, -0.421873, -0.081995, -0.90294, -0.324735, -0.040248, 0.996614, -0.071697, 0.763972, 0.0, 0.0, 0.0, 1.0],
                [0.968166, 0.007925, -0.250184, -5e-06, -0.249552, -0.047153, -0.967213, -0.395309, -0.019462, 0.998856, -0.043675, 0.763972, 0.0, 0.0, 0.0, 1.0],
                [0.993312, 0.005106, -0.115345, -5e-06, -0.115212, -0.021317, -0.993112, -0.468584, -0.007529, 0.99976, -0.020587, 0.763972, 0.0, 0.0, 0.0, 1.0],
                [0.99955, 0.001559, -0.029941, -5e-06, -0.029933, -0.005466, -0.999537, -0.543381, -0.001722, 0.999984, -0.005417, 0.763972, 0.0, 0.0, 0.0, 1.0],
                [1.0, 0.0, 0.0, -5e-06, 0.0, 0.0, -1.0, -0.61852, 0.0, 1.0, 0.0, 0.763972, 0.0, 0.0, 0.0, 1.0],
                [1.0, 0.0, 0.0, -5e-06, 0.0, 0.0, -1.0, -0.692368, 0.0, 1.0, 0.0, 0.763972, 0.0, 0.0, 0.0, 1.0],
                [1.0, 0.0, 0.0, -5e-06, 0.0, 0.0, -1.0, -0.761495, 0.0, 1.0, 0.0, 0.763972, 0.0, 0.0, 0.0, 1.0],
                [1.0, 0.0, 0.0, -5e-06, 0.0, 0.0, -1.0, -0.822019, 0.0, 1.0, 0.0, 0.763972, 0.0, 0.0, 0.0, 1.0],
                [1.0, 0.0, 0.0, -5e-06, 0.0, 0.0, -1.0, -0.870056, 0.0, 1.0, 0.0, 0.763972, 0.0, 0.0, 0.0, 1.0],
                [1.0, 0.0, 0.0, -5e-06, 0.0, 0.0, -1.0, -0.901726, 0.0, 1.0, 0.0, 0.763972, 0.0, 0.0, 0.0, 1.0],
                [1.0, 0.0, 0.0, -5e-06, 0.0, 0.0, -1.0, -0.913145, 0.0, 1.0, 0.0, 0.763972, 0.0, 0.0, 0.0, 1.0],
                [1.0, 0.0, 0.0, -5e-06, 0.0, 0.0, -1.0, -0.877785, 0.0, 1.0, 0.0, 0.761292, 0.0, 0.0, 0.0, 1.0],
                [1.0, 0.0, 0.0, -5e-06, 0.0, 0.0, -1.0, -0.783021, 0.0, 1.0, 0.0, 0.75411, 0.0, 0.0, 0.0, 1.0],
                [1.0, 0.0, 0.0, -5e-06, 0.0, 0.0, -1.0, -0.645825, 0.0, 1.0, 0.0, 0.743713, 0.0, 0.0, 0.0, 1.0],
                [1.0, 0.0, 0.0, -5e-06, 0.0, 0.0, -1.0, -0.48317, 0.0, 1.0, 0.0, 0.731387, 0.0, 0.0, 0.0, 1.0],
                [1.0, 0.0, 0.0, -5e-06, 0.0, 0.0, -1.0, -0.312028, 0.0, 1.0, 0.0, 0.718417, 0.0, 0.0, 0.0, 1.0],
                [1.0, 0.0, 0.0, -5e-06, 0.0, 0.0, -1.0, -0.149373, 0.0, 1.0, 0.0, 0.70609, 0.0, 0.0, 0.0, 1.0],
                [1.0, 0.0, 0.0, -5e-06, 0.0, 0.0, -1.0, -0.012178, 0.0, 1.0, 0.0, 0.695693, 0.0, 0.0, 0.0, 1.0],
                [1.0, 0.0, 0.0, -5e-06, 0.0, 0.0, -1.0, 0.082587, 0.0, 1.0, 0.0, 0.688512, 0.0, 0.0, 0.0, 1.0],
                [1.0, 0.0, 0.0, -5e-06, 0.0, 0.0, -1.0, 0.117947, 0.0, 1.0, 0.0, 0.685832, 0.0, 0.0, 0.0, 1.0],
                [1.0, 0.0, 0.0, -5e-06, 0.0, 0.0, -1.0, 0.117947, 0.0, 1.0, 0.0, 0.685832, 0.0, 0.0, 0.0, 1.0],
                [1.0, 0.0, 0.0, -5e-06, 0.0, 0.0, -1.0, 0.117947, 0.0, 1.0, 0.0, 0.685832, 0.0, 0.0, 0.0, 1.0],
                [1.0, 0.0, 0.0, -5e-06, 0.0, 0.0, -1.0, 0.117947, 0.0, 1.0, 0.0, 0.685832, 0.0, 0.0, 0.0, 1.0],
                [1.0, 0.0, 0.0, -5e-06, 0.0, 0.0, -1.0, 0.117947, 0.0, 1.0, 0.0, 0.685832, 0.0, 0.0, 0.0, 1.0],
                [1.0, 0.0, 0.0, -5e-06, 0.0, 0.0, -1.0, 0.117947, 0.0, 1.0, 0.0, 0.685832, 0.0, 0.0, 0.0, 1.0],
                [1.0, 0.0, 0.0, -5e-06, 0.0, 0.0, -1.0, 0.117947, 0.0, 1.0, 0.0, 0.685832, 0.0, 0.0, 0.0, 1.0],
                [1.0, 0.0, 0.0, -5e-06, 0.0, 0.0, -1.0, 0.117947, 0.0, 1.0, 0.0, 0.685832, 0.0, 0.0, 0.0, 1.0],
                [1.0, 0.0, 0.0, -5e-06, 0.0, 0.0, -1.0, 0.117947, 0.0, 1.0, 0.0, 0.685832, 0.0, 0.0, 0.0, 1.0],
                [1.0, 0.0, 0.0, -5e-06, 0.0, 0.0, -1.0, 0.117947, 0.0, 1.0, 0.0, 0.685832, 0.0, 0.0, 0.0, 1.0],
                [1.0, 0.0, 0.0, -5e-06, 0.0, 0.0, -1.0, 0.117947, 0.0, 1.0, 0.0, 0.685832, 0.0, 0.0, 0.0, 1.0],
                [1.0, 0.0, 0.0, -5e-06, 0.0, 0.0, -1.0, 0.117947, 0.0, 1.0, 0.0, 0.685832, 0.0, 0.0, 0.0, 1.0],
                [1.0, 0.0, 0.0, -5e-06, 0.0, 0.0, -1.0, 0.117947, 0.0, 1.0, 0.0, 0.685832, 0.0, 0.0, 0.0, 1.0],
                [1.0, 0.0, 0.0, -5e-06, 0.0, 0.0, -1.0, 0.117947, 0.0, 1.0, 0.0, 0.685832, 0.0, 0.0, 0.0, 1.0],
                [1.0, 0.0, 0.0, -5e-06, 0.0, 0.0, -1.0, 0.139234, 0.0, 1.0, 0.0, 0.685832, 0.0, 0.0, 0.0, 1.0],
                [1.0, 0.0, 0.0, -5e-06, 0.0, 0.0, -1.0, 0.198839, 0.0, 1.0, 0.0, 0.685832, 0.0, 0.0, 0.0, 1.0],
                [1.0, 0.0, 0.0, -5e-06, 0.0, 0.0, -1.0, 0.290375, 0.0, 1.0, 0.0, 0.685832, 0.0, 0.0, 0.0, 1.0],
                [1.0, 0.0, 0.0, -5e-06, 0.0, 0.0, -1.0, 0.407455, 0.0, 1.0, 0.0, 0.685832, 0.0, 0.0, 0.0, 1.0],
                [1.0, 0.0, 0.0, -5e-06, 0.0, 0.0, -1.0, 0.543695, 0.0, 1.0, 0.0, 0.685832, 0.0, 0.0, 0.0, 1.0],
                [1.0, 0.0, 0.0, -5e-06, 0.0, 0.0, -1.0, 0.692707, 0.0, 1.0, 0.0, 0.685832, 0.0, 0.0, 0.0, 1.0],
                [1.0, 0.0, 0.0, -5e-06, 0.0, 0.0, -1.0, 0.848105, 0.0, 1.0, 0.0, 0.685832, 0.0, 0.0, 0.0, 1.0],
                [1.0, 0.0, 0.0, -5e-06, 0.0, 0.0, -1.0, 1.003503, 0.0, 1.0, 0.0, 0.685832, 0.0, 0.0, 0.0, 1.0],
                [1.0, 0.0, 0.0, -5e-06, 0.0, 0.0, -1.0, 1.152514, 0.0, 1.0, 0.0, 0.685832, 0.0, 0.0, 0.0, 1.0],
                [1.0, 0.0, 0.0, -5e-06, 0.0, 0.0, -1.0, 1.288754, 0.0, 1.0, 0.0, 0.685832, 0.0, 0.0, 0.0, 1.0],
                [1.0, 0.0, 0.0, -5e-06, 0.0, 0.0, -1.0, 1.405835, 0.0, 1.0, 0.0, 0.685832, 0.0, 0.0, 0.0, 1.0],
                [1.0, 0.0, 0.0, -5e-06, 0.0, 0.0, -1.0, 1.49737, 0.0, 1.0, 0.0, 0.685832, 0.0, 0.0, 0.0, 1.0],
                [1.0, 0.0, 0.0, -5e-06, 0.0, 0.0, -1.0, 1.556975, 0.0, 1.0, 0.0, 0.685832, 0.0, 0.0, 0.0, 1.0],
                [1.0, 0.0, 0.0, -5e-06, 0.0, 0.0, -1.0, 1.578263, 0.0, 1.0, 0.0, 0.685832, 0.0, 0.0, 0.0, 1.0],
                [1.0, 0.0, 0.0, -5e-06, 0.0, 0.0, -1.0, 1.578263, 0.0, 1.0, 0.0, 0.685832, 0.0, 0.0, 0.0, 1.0],
                [1.0, 0.0, 0.0, -5e-06, 0.0, 0.0, -1.0, 1.578263, 0.0, 1.0, 0.0, 0.685832, 0.0, 0.0, 0.0, 1.0],
                [1.0, 0.0, 0.0, -5e-06, 0.0, 0.0, -1.0, 1.578263, 0.0, 1.0, 0.0, 0.685832, 0.0, 0.0, 0.0, 1.0],
                [1.0, 0.0, 0.0, -5e-06, 0.0, 0.0, -1.0, 1.578263, 0.0, 1.0, 0.0, 0.685832, 0.0, 0.0, 0.0, 1.0],
                [1.0, 0.0, 0.0, -5e-06, 0.0, 0.0, -1.0, 1.578263, 0.0, 1.0, 0.0, 0.685832, 0.0, 0.0, 0.0, 1.0],
                [1.0, 0.0, 0.0, -5e-06, 0.0, 0.0, -1.0, 1.578263, 0.0, 1.0, 0.0, 0.685832, 0.0, 0.0, 0.0, 1.0],
                [1.0, 0.0, 0.0, -5e-06, 0.0, 0.0, -1.0, 1.578263, 0.0, 1.0, 0.0, 0.685832, 0.0, 0.0, 0.0, 1.0],
                [1.0, 0.0, 0.0, -5e-06, 0.0, 0.0, -1.0, 1.578263, 0.0, 1.0, 0.0, 0.685832, 0.0, 0.0, 0.0, 1.0],
                [1.0, 0.0, 0.0, -5e-06, 0.0, 0.0, -1.0, 1.578263, 0.0, 1.0, 0.0, 0.685832, 0.0, 0.0, 0.0, 1.0],
                [1.0, 0.0, 0.0, -5e-06, 0.0, 0.0, -1.0, 1.578263, 0.0, 1.0, 0.0, 0.685832, 0.0, 0.0, 0.0, 1.0],
                [1.0, 0.0, 0.0, -5e-06, 0.0, 0.0, -1.0, 1.578263, 0.0, 1.0, 0.0, 0.685832, 0.0, 0.0, 0.0, 1.0],
                [1.0, 0.0, 0.0, -5e-06, 0.0, 0.0, -1.0, 1.578263, 0.0, 1.0, 0.0, 0.685832, 0.0, 0.0, 0.0, 1.0],
                [1.0, 0.0, 0.0, -5e-06, 0.0, 0.0, -1.0, 1.578263, 0.0, 1.0, 0.0, 0.685832, 0.0, 0.0, 0.0, 1.0],
                [1.0, 0.0, 0.0, -5e-06, 0.0, 0.0, -1.0, 1.578263, 0.0, 1.0, 0.0, 0.685832, 0.0, 0.0, 0.0, 1.0],
                [1.0, 0.0, 0.0, -5e-06, 0.0, 0.0, -1.0, 1.578263, 0.0, 1.0, 0.0, 0.685832, 0.0, 0.0, 0.0, 1.0],
                [1.0, 0.0, 0.0, -5e-06, 0.0, 0.0, -1.0, 1.578263, 0.0, 1.0, 0.0, 0.685832, 0.0, 0.0, 0.0, 1.0],
                [1.0, 0.0, 0.0, -5e-06, 0.0, 0.0, -1.0, 1.578263, 0.0, 1.0, 0.0, 0.685832, 0.0, 0.0, 0.0, 1.0],
                [1.0, 0.0, 0.0, -5e-06, 0.0, 0.0, -1.0, 1.578263, 0.0, 1.0, 0.0, 0.685832, 0.0, 0.0, 0.0, 1.0],
                [1.0, 0.0, 0.0, -5e-06, 0.0, 0.0, -1.0, 1.578263, 0.0, 1.0, 0.0, 0.685832, 0.0, 0.0, 0.0, 1.0],
                [1.0, 0.0, 0.0, -5e-06, 0.0, 0.0, -1.0, 1.578263, 0.0, 1.0, 0.0, 0.685832, 0.0, 0.0, 0.0, 1.0],
                [1.0, 0.0, 0.0, -5e-06, 0.0, 0.0, -1.0, 1.578263, 0.0, 1.0, 0.0, 0.685832, 0.0, 0.0, 0.0, 1.0],
                [1.0, 0.0, 0.0, -5e-06, 0.0, 0.0, -1.0, 1.578263, 0.0, 1.0, 0.0, 0.685832, 0.0, 0.0, 0.0, 1.0],
                [1.0, 0.0, 0.0, -5e-06, 0.0, 0.0, -1.0, 1.578263, 0.0, 1.0, 0.0, 0.685832, 0.0, 0.0, 0.0, 1.0],
                [1.0, 0.0, 0.0, -5e-06, 0.0, 0.0, -1.0, 1.578263, 0.0, 1.0, 0.0, 0.685832, 0.0, 0.0, 0.0, 1.0],
                [1.0, 0.0, 0.0, -5e-06, 0.0, 0.0, -1.0, 1.578263, 0.0, 1.0, 0.0, 0.685832, 0.0, 0.0, 0.0, 1.0],
                [1.0, 0.0, 0.0, -5e-06, 0.0, 0.0, -1.0, 1.578263, 0.0, 1.0, 0.0, 0.685832, 0.0, 0.0, 0.0, 1.0],
                [1.0, 0.0, 0.0, -5e-06, 0.0, 0.0, -1.0, 1.578263, 0.0, 1.0, 0.0, 0.685832, 0.0, 0.0, 0.0, 1.0],
                [1.0, 0.0, 0.0, -5e-06, 0.0, 0.0, -1.0, 1.5768, 0.0, 1.0, 0.0, 0.685832, 0.0, 0.0, 0.0, 1.0],
                [1.0, 0.0, 0.0, -5e-06, 0.0, 0.0, -1.0, 1.57254, 0.0, 1.0, 0.0, 0.685832, 0.0, 0.0, 0.0, 1.0],
                [1.0, 0.0, 0.0, -5e-06, 0.0, 0.0, -1.0, 1.565676, 0.0, 1.0, 0.0, 0.685832, 0.0, 0.0, 0.0, 1.0],
                [1.0, 0.0, 0.0, -5e-06, 0.0, 0.0, -1.0, 1.556402, 0.0, 1.0, 0.0, 0.685832, 0.0, 0.0, 0.0, 1.0],
                [1.0, 0.0, 0.0, -5e-06, 0.0, 0.0, -1.0, 1.544908, 0.0, 1.0, 0.0, 0.685832, 0.0, 0.0, 0.0, 1.0],
                [1.0, 0.0, 0.0, -5e-06, 0.0, 0.0, -1.0, 1.53139, 0.0, 1.0, 0.0, 0.685832, 0.0, 0.0, 0.0, 1.0],
                [1.0, 0.0, 0.0, -5e-06, 0.0, 0.0, -1.0, 1.516039, 0.0, 1.0, 0.0, 0.685832, 0.0, 0.0, 0.0, 1.0],
                [1.0, 0.0, 0.0, -5e-06, 0.0, 0.0, -1.0, 1.499048, 0.0, 1.0, 0.0, 0.685832, 0.0, 0.0, 0.0, 1.0],
                [1.0, 0.0, 0.0, -5e-06, 0.0, 0.0, -1.0, 1.480611, 0.0, 1.0, 0.0, 0.685832, 0.0, 0.0, 0.0, 1.0],
                [1.0, 0.0, 0.0, -5e-06, 0.0, 0.0, -1.0, 1.46092, 0.0, 1.0, 0.0, 0.685832, 0.0, 0.0, 0.0, 1.0],
                [1.0, 0.0, 0.0, -5e-06, 0.0, 0.0, -1.0, 1.440168, 0.0, 1.0, 0.0, 0.685832, 0.0, 0.0, 0.0, 1.0],
                [1.0, 0.0, 0.0, -5e-06, 0.0, 0.0, -1.0, 1.418548, 0.0, 1.0, 0.0, 0.685832, 0.0, 0.0, 0.0, 1.0],
                [1.0, 0.0, 0.0, -5e-06, 0.0, 0.0, -1.0, 1.396253, 0.0, 1.0, 0.0, 0.685832, 0.0, 0.0, 0.0, 1.0],
                [1.0, 0.0, 0.0, -5e-06, 0.0, 0.0, -1.0, 1.373476, 0.0, 1.0, 0.0, 0.685832, 0.0, 0.0, 0.0, 1.0],
                [1.0, 0.0, 0.0, -5e-06, 0.0, 0.0, -1.0, 1.350409, 0.0, 1.0, 0.0, 0.685832, 0.0, 0.0, 0.0, 1.0],
                [1.0, 0.0, 0.0, -5e-06, 0.0, 0.0, -1.0, 1.327246, 0.0, 1.0, 0.0, 0.685832, 0.0, 0.0, 0.0, 1.0],
                [1.0, 0.0, 0.0, -5e-06, 0.0, 0.0, -1.0, 1.304179, 0.0, 1.0, 0.0, 0.685832, 0.0, 0.0, 0.0, 1.0],
                [1.0, 0.0, 0.0, -5e-06, 0.0, 0.0, -1.0, 1.281402, 0.0, 1.0, 0.0, 0.685832, 0.0, 0.0, 0.0, 1.0],
                [1.0, 0.0, 0.0, -5e-06, 0.0, 0.0, -1.0, 1.259107, 0.0, 1.0, 0.0, 0.685832, 0.0, 0.0, 0.0, 1.0],
                [1.0, 0.0, 0.0, -5e-06, 0.0, 0.0, -1.0, 1.237487, 0.0, 1.0, 0.0, 0.685832, 0.0, 0.0, 0.0, 1.0],
                [1.0, 0.0, 0.0, -5e-06, 0.0, 0.0, -1.0, 1.216735, 0.0, 1.0, 0.0, 0.685832, 0.0, 0.0, 0.0, 1.0],
                [1.0, 0.0, 0.0, -5e-06, 0.0, 0.0, -1.0, 1.197044, 0.0, 1.0, 0.0, 0.685832, 0.0, 0.0, 0.0, 1.0],
                [1.0, 0.0, 0.0, -5e-06, 0.0, 0.0, -1.0, 1.178607, 0.0, 1.0, 0.0, 0.685832, 0.0, 0.0, 0.0, 1.0],
                [1.0, 0.0, 0.0, -5e-06, 0.0, 0.0, -1.0, 1.161616, 0.0, 1.0, 0.0, 0.685832, 0.0, 0.0, 0.0, 1.0],
                [1.0, 0.0, 0.0, -5e-06, 0.0, 0.0, -1.0, 1.146265, 0.0, 1.0, 0.0, 0.685832, 0.0, 0.0, 0.0, 1.0],
                [1.0, 0.0, 0.0, -5e-06, 0.0, 0.0, -1.0, 1.132746, 0.0, 1.0, 0.0, 0.685832, 0.0, 0.0, 0.0, 1.0],
                [1.0, 0.0, 0.0, -5e-06, 0.0, 0.0, -1.0, 1.121253, 0.0, 1.0, 0.0, 0.685832, 0.0, 0.0, 0.0, 1.0],
                [1.0, 0.0, 0.0, -5e-06, 0.0, 0.0, -1.0, 1.111978, 0.0, 1.0, 0.0, 0.685832, 0.0, 0.0, 0.0, 1.0],
                [1.0, 0.0, 0.0, -5e-06, 0.0, 0.0, -1.0, 1.105115, 0.0, 1.0, 0.0, 0.685832, 0.0, 0.0, 0.0, 1.0],
                [1.0, 0.0, 0.0, -5e-06, 0.0, 0.0, -1.0, 1.100855, 0.0, 1.0, 0.0, 0.685832, 0.0, 0.0, 0.0, 1.0],
                [1.0, 0.0, 0.0, -5e-06, 0.0, 0.0, -1.0, 1.099392, 0.0, 1.0, 0.0, 0.685832, 0.0, 0.0, 0.0, 1.0]
            ]
        },
        {
            "name": "Thigh_R",
            "time": [0.0, 0.0167, 0.0333, 0.05, 0.0667, 0.0833, 0.1, 0.1167, 0.1333, 0.15, 0.1667, 0.1833, 0.2, 0.2167, 0.2333, 0.25, 0.2667, 0.2833, 0.3, 0.3167, 0.3333, 0.35, 0.3667, 0.3833, 0.4, 0.4167, 0.4333, 0.45, 0.4667, 0.4833, 0.5, 0.5167, 0.5333, 0.55, 0.5667, 0.5833, 0.6, 0.6167, 0.6333, 0.65, 0.6667, 0.6833, 0.7, 0.7167, 0.7333, 0.75, 0.7667, 0.7833, 0.8, 0.8167, 0.8333, 0.85, 0.8667, 0.8833, 0.9, 0.9167, 0.9333, 0.95, 0.9667, 0.9833, 1.0, 1.0167, 1.0333, 1.05, 1.0667, 1.0833, 1.1, 1.1167, 1.1333, 1.15, 1.1667, 1.1833, 1.2, 1.2167, 1.2333, 1.25, 1.2667, 1.2833, 1.3, 1.3167, 1.3333, 1.35, 1.3667, 1.3833, 1.4, 1.4167, 1.4333, 1.45, 1.4667, 1.4833, 1.5, 1.5167, 1.5333, 1.55, 1.5667, 1.5833, 1.6, 1.6167, 1.6333, 1.65, 1.6667, 1.6833, 1.7, 1.7167, 1.7333, 1.75, 1.7667, 1.7833, 1.8, 1.8167, 1.8333, 1.85, 1.8667],
            "transform": [
                [0.913909, -0.028943, -0.404886, 0.124479, 0.016786, -0.993907, 0.108937, -0.005881, -0.405572, -0.106355, -0.907855, -0.008301, 0.0, 0.0, 0.0, 1.0],
                [0.92909, -0.018858, -0.369373, 0.124499, 0.015655, -0.995799, 0.090216, -0.005881, -0.369523, -0.089601, -0.924892, -0.007834, 0.0, 0.0, 0.0, 1.0],
                [0.96273, 0.004929, -0.270419, 0.124552, 0.016268, -0.999079, 0.039704, -0.005881, -0.269974, -0.042623, -0.961924, -0.0066, 0.0, 0.0, 0.0, 1.0],
                [0.992307, 0.030342, -0.120024, 0.124627, 0.026565, -0.999104, -0.032944, -0.005881, -0.120916, 0.029502, -0.992224, -0.004857, 0.0, 0.0, 0.0, 1.0],
                [0.997131, 0.045555, 0.060451, 0.124713, 0.052251, -0.992076, -0.114259, -0.005881, 0.054767, 0.11709, -0.99161, -0.002858, 0.0, 0.0, 0.0, 1.0],
                [0.969852, 0.044675, 0.239563, 0.124799, 0.09168, -0.977721, -0.188828, -0.005881, 0.22579, 0.205099, -0.952341, -0.000859, 0.0, 0.0, 0.0, 1.0],
                [0.921698, 0.03112, 0.386657, 0.124875, 0.135253, -0.960006, -0.245144, -0.005881, 0.363564, 0.278245, -0.889045, 0.000885, 0.0, 0.0, 0.0, 1.0],
                [0.87591, 0.015088, 0.482239, 0.124928, 0.169867, -0.945158, -0.278966, -0.005881, 0.451583, 0.326265, -0.830436, 0.002118, 0.0, 0.0, 0.0, 1.0],
                [0.856386, 0.007775, 0.516277, 0.124948, 0.183592, -0.939129, -0.290395, -0.005881, 0.482593, 0.343475, -0.805685, 0.002586, 0.0, 0.0, 0.0, 1.0],
                [0.856386, 0.007775, 0.516277, 0.124948, 0.183592, -0.93913, -0.290395, -0.005881, 0.482594, 0.343475, -0.805685, 0.002586, 0.0, 0.0, 0.0, 1.0],
                [0.856386, 0.007775, 0.516277, 0.124948, 0.183592, -0.93913, -0.290395, -0.005881, 0.482594, 0.343475, -0.805685, 0.002586, 0.0, 0.0, 0.0, 1.0],
                [0.856386, 0.007775, 0.516277, 0.124948, 0.183592, -0.93913, -0.290395, -0.005881, 0.482594, 0.343475, -0.805685, 0.002586, 0.0, 0.0, 0.0, 1.0],
                [0.856386, 0.007775, 0.516277, 0.124948, 0.183592, -0.939129, -0.290395, -0.005881, 0.482594, 0.343475, -0.805685, 0.002586, 0.0, 0.0, 0.0, 1.0],
                [0.856386, 0.007775, 0.516277, 0.124948, 0.183592, -0.939129, -0.290395, -0.005881, 0.482594, 0.343475, -0.805685, 0.002586, 0.0, 0.0, 0.0, 1.0],
                [0.856386, 0.007775, 0.516277, 0.124948, 0.183592, -0.939129, -0.290395, -0.005881, 0.482594, 0.343475, -0.805685, 0.002586, 0.0, 0.0, 0.0, 1.0],
                [0.856386, 0.007775, 0.516277, 0.124948, 0.183592, -0.939129, -0.290395, -0.005881, 0.482594, 0.343475, -0.805685, 0.002586, 0.0, 0.0, 0.0, 1.0],
                [0.856386, 0.007775, 0.516277, 0.124948, 0.183592, -0.939129, -0.290395, -0.005881, 0.482594, 0.343475, -0.805685, 0.002586, 0.0, 0.0, 0.0, 1.0],
                [0.856386, 0.007775, 0.516277, 0.124948, 0.183592, -0.939129, -0.290395, -0.005881, 0.482594, 0.343475, -0.805685, 0.002586, 0.0, 0.0, 0.0, 1.0],
                [0.856386, 0.007775, 0.516277, 0.124948, 0.183592, -0.939129, -0.290395, -0.005881, 0.482594, 0.343475, -0.805685, 0.002586, 0.0, 0.0, 0.0, 1.0],
                [0.865011, 0.020973, 0.501314, 0.124948, 0.170245, -0.952124, -0.253922, -0.005881, 0.471987, 0.304991, -0.827169, 0.002586, 0.0, 0.0, 0.0, 1.0],
                [0.887508, 0.052868, 0.457749, 0.124948, 0.136877, -0.978804, -0.152336, -0.005881, 0.439993, 0.197855, -0.875933, 0.002586, 0.0, 0.0, 0.0, 1.0],
                [0.917777, 0.089007, 0.386993, 0.124948, 0.095851, -0.995394, 0.001619, -0.005881, 0.385355, 0.035608, -0.922081, 0.002586, 0.0, 0.0, 0.0, 1.0],
                [0.948312, 0.1145, 0.295964, 0.124948, 0.060729, -0.980881, 0.18489, -0.005881, 0.311475, -0.15736, -0.937135, 0.002586, 0.0, 0.0, 0.0, 1.0],
                [0.972352, 0.120896, 0.199788, 0.124948, 0.040889, -0.930481, 0.364052, -0.005881, 0.229911, -0.345817, -0.909698, 0.002586, 0.0, 0.0, 0.0, 1.0],
                [0.986957, 0.110977, 0.11662, 0.124948, 0.036723, -0.860518, 0.508094, -0.005881, 0.156741, -0.497185, -0.85337, 0.002586, 0.0, 0.0, 0.0, 1.0],
                [0.993537, 0.096073, 0.060443, 0.124948, 0.040808, -0.799252, 0.599609, -0.005881, 0.105916, -0.593267, -0.798008, 0.002586, 0.0, 0.0, 0.0, 1.0],
                [0.995237, 0.088907, 0.039992, 0.124948, 0.043758, -0.773978, 0.631699, -0.005881, 0.087116, -0.62694, -0.774182, 0.002586, 0.0, 0.0, 0.0, 1.0],
                [0.995237, 0.088907, 0.039992, 0.124948, 0.043758, -0.773978, 0.631699, -0.005881, 0.087116, -0.62694, -0.774182, 0.002586, 0.0, 0.0, 0.0, 1.0],
                [0.995237, 0.088907, 0.039992, 0.124948, 0.043758, -0.773978, 0.631699, -0.005881, 0.087116, -0.62694, -0.774182, 0.002586, 0.0, 0.0, 0.0, 1.0],
                [0.995237, 0.088907, 0.039992, 0.124948, 0.043758, -0.773978, 0.631699, -0.005881, 0.087116, -0.62694, -0.774182, 0.002586, 0.0, 0.0, 0.0, 1.0],
                [0.995237, 0.088907, 0.039992, 0.124948, 0.043758, -0.773978, 0.631699, -0.005881, 0.087116, -0.62694, -0.774182, 0.002586, 0.0, 0.0, 0.0, 1.0],
                [0.995237, 0.088907, 0.039992, 0.124948, 0.043758, -0.773978, 0.631699, -0.005881, 0.087116, -0.62694, -0.774182, 0.002586, 0.0, 0.0, 0.0, 1.0],
                [0.995237, 0.088907, 0.039992, 0.124948, 0.043758, -0.773978, 0.631699, -0.005881, 0.087116, -0.62694, -0.774182, 0.002586, 0.0, 0.0, 0.0, 1.0],
                [0.995237, 0.088907, 0.039992, 0.124948, 0.043758, -0.773978, 0.631699, -0.005881, 0.087116, -0.62694, -0.774182, 0.002586, 0.0, 0.0, 0.0, 1.0],
                [0.995237, 0.088907, 0.039992, 0.124948, 0.043758, -0.773978, 0.631699, -0.005881, 0.087116, -0.62694, -0.774182, 0.002586, 0.0, 0.0, 0.0, 1.0],
                [0.995237, 0.088907, 0.039992, 0.124948, 0.043758, -0.773978, 0.631699, -0.005881, 0.087116, -0.62694, -0.774182, 0.002586, 0.0, 0.0, 0.0, 1.0],
                [0.995237, 0.088907, 0.039992, 0.124948, 0.043758, -0.773978, 0.631699, -0.005881, 0.087116, -0.62694, -0.774182, 0.002586, 0.0, 0.0, 0.0, 1.0],
                [0.995237, 0.088907, 0.039992, 0.124948, 0.043758, -0.773978, 0.631699, -0.005881, 0.087116, -0.62694, -0.774182, 0.002586, 0.0, 0.0, 0.0, 1.0],
                [0.995237, 0.088907, 0.039992, 0.124948, 0.043758, -0.773978, 0.631699, -0.005881, 0.087116, -0.62694, -0.774182, 0.002586, 0.0, 0.0, 0.0, 1.0],
                [0.995237, 0.088907, 0.039992, 0.124948, 0.043758, -0.773978, 0.631699, -0.005881, 0.087116, -0.62694, -0.774182, 0.002586, 0.0, 0.0, 0.0, 1.0],
                [0.995237, 0.088907, 0.039992, 0.124948, 0.043758, -0.773978, 0.631699, -0.005881, 0.087116, -0.62694, -0.774182, 0.002586, 0.0, 0.0, 0.0, 1.0],
                [0.995382, 0.088029, 0.038283, 0.124948, 0.045254, -0.782031, 0.621594, -0.005881, 0.084656, -0.616991, -0.782403, 0.002586, 0.0, 0.0, 0.0, 1.0],
                [0.995763, 0.085673, 0.033409, 0.124948, 0.049293, -0.804008, 0.592572, -0.005881, 0.077628, -0.588414, -0.804824, 0.002586, 0.0, 0.0, 0.0, 1.0],
                [0.996271, 0.08237, 0.025684, 0.124948, 0.055042, -0.835986, 0.545983, -0.005881, 0.066445, -0.542533, -0.837402, 0.002586, 0.0, 0.0, 0.0, 1.0],
                [0.996775, 0.078747, 0.015427, 0.124948, 0.061526, -0.873423, 0.48306, -0.005881, 0.051513, -0.480553, -0.875451, 0.002586, 0.0, 0.0, 0.0, 1.0],
                [0.997145, 0.075446, 0.003047, 0.124948, 0.067728, -0.91152, 0.405641, -0.005881, 0.033381, -0.404277, -0.914027, 0.002586, 0.0, 0.0, 0.0, 1.0],
                [0.997269, 0.073042, -0.010892, 0.124948, 0.072727, -0.945746, 0.316663, -0.005881, 0.012829, -0.31659, -0.948476, 0.002586, 0.0, 0.0, 0.0, 1.0],
                [0.997078, 0.071941, -0.025673, 0.124948, 0.075839, -0.972478, 0.220306, -0.005881, -0.009117, -0.22161, -0.975093, 0.002586, 0.0, 0.0, 0.0, 1.0],
                [0.996561, 0.072302, -0.040483, 0.124948, 0.076742, -0.989591, 0.12174, -0.005881, -0.031259, -0.124428, -0.991736, 0.002586, 0.0, 0.0, 0.0, 1.0],
                [0.995767, 0.074007, -0.054502, 0.124948, 0.075536, -0.996789, 0.026555, -0.005881, -0.052362, -0.030559, -0.998161, 0.002586, 0.0, 0.0, 0.0, 1.0],
                [0.994802, 0.076685, -0.066999, 0.124948, 0.072709, -0.995553, -0.059897, -0.005881, -0.071294, 0.054715, -0.995954, 0.002586, 0.0, 0.0, 0.0, 1.0],
                [0.993803, 0.079792, -0.077389, 0.124948, 0.069027, -0.988711, -0.13299, -0.005881, -0.087127, 0.126824, -0.988091, 0.002586, 0.0, 0.0, 0.0, 1.0],
                [0.992922, 0.082705, -0.085236, 0.124948, 0.06539, -0.979803, -0.188969, -0.005881, -0.099143, 0.182058, -0.978277, 0.002586, 0.0, 0.0, 0.0, 1.0],
                [0.992306, 0.084815, -0.090198, 0.124948, 0.062685, -0.972401, -0.224738, -0.005881, -0.10677, 0.217355, -0.970236, 0.002586, 0.0, 0.0, 0.0, 1.0],
                [0.992078, 0.085607, -0.09194, 0.124948, 0.061658, -0.969461, -0.237368, -0.005881, -0.109452, 0.229818, -0.967059, 0.002586, 0.0, 0.0, 0.0, 1.0],
                [0.992078, 0.085607, -0.09194, 0.124948, 0.061658, -0.969461, -0.237368, -0.005881, -0.109452, 0.229818, -0.967059, 0.002586, 0.0, 0.0, 0.0, 1.0],
                [0.992078, 0.085607, -0.09194, 0.124948, 0.061658, -0.969461, -0.237368, -0.005881, -0.109452, 0.229818, -0.967059, 0.002586, 0.0, 0.0, 0.0, 1.0],
                [0.992078, 0.085607, -0.09194, 0.124948, 0.061658, -0.969461, -0.237368, -0.005881, -0.109452, 0.229818, -0.967059, 0.002586, 0.0, 0.0, 0.0, 1.0],
                [0.992078, 0.085607, -0.09194, 0.124948, 0.061658, -0.969461, -0.237368, -0.005881, -0.109452, 0.229818, -0.967059, 0.002586, 0.0, 0.0, 0.0, 1.0],
                [0.992078, 0.085607, -0.09194, 0.124948, 0.061658, -0.969461, -0.237368, -0.005881, -0.109452, 0.229818, -0.967059, 0.002586, 0.0, 0.0, 0.0, 1.0],
                [0.992078, 0.085607, -0.09194, 0.124948, 0.061658, -0.969461, -0.237368, -0.005881, -0.109452, 0.229818, -0.967059, 0.002586, 0.0, 0.0, 0.0, 1.0],
                [0.992078, 0.085607, -0.09194, 0.124948, 0.061658, -0.969461, -0.237368, -0.005881, -0.109452, 0.229818, -0.967059, 0.002586, 0.0, 0.0, 0.0, 1.0],
                [0.992078, 0.085607, -0.09194, 0.124948, 0.061658, -0.969461, -0.237368, -0.005881, -0.109452, 0.229818, -0.967059, 0.002586, 0.0, 0.0, 0.0, 1.0],
                [0.992078, 0.085607, -0.09194, 0.124948, 0.061658, -0.969461, -0.237368, -0.005881, -0.109452, 0.229818, -0.967059, 0.002586, 0.0, 0.0, 0.0, 1.0],
                [0.992078, 0.085607, -0.09194, 0.124948, 0.061658, -0.969461, -0.237368, -0.005881, -0.109452, 0.229818, -0.967059, 0.002586, 0.0, 0.0, 0.0, 1.0],
                [0.992078, 0.085607, -0.09194, 0.124948, 0.061658, -0.969461, -0.237368, -0.005881, -0.109452, 0.229818, -0.967059, 0.002586, 0.0, 0.0, 0.0, 1.0],
                [0.992078, 0.085607, -0.09194, 0.124948, 0.061658, -0.969461, -0.237368, -0.005881, -0.109452, 0.229818, -0.967059, 0.002586, 0.0, 0.0, 0.0, 1.0],
                [0.992078, 0.085607, -0.09194, 0.124948, 0.061658, -0.969461, -0.237368, -0.005881, -0.109452, 0.229818, -0.967059, 0.002586, 0.0, 0.0, 0.0, 1.0],
                [0.992078, 0.085607, -0.09194, 0.124948, 0.061658, -0.969461, -0.237368, -0.005881, -0.109452, 0.229818, -0.967059, 0.002586, 0.0, 0.0, 0.0, 1.0],
                [0.992078, 0.085607, -0.09194, 0.124948, 0.061658, -0.969461, -0.237368, -0.005881, -0.109452, 0.229818, -0.967059, 0.002586, 0.0, 0.0, 0.0, 1.0],
                [0.992078, 0.085607, -0.09194, 0.124948, 0.061658, -0.969461, -0.237368, -0.005881, -0.109452, 0.229818, -0.967059, 0.002586, 0.0, 0.0, 0.0, 1.0],
                [0.992078, 0.085607, -0.09194, 0.124948, 0.061658, -0.969461, -0.237368, -0.005881, -0.109452, 0.229818, -0.967059, 0.002586, 0.0, 0.0, 0.0, 1.0],
                [0.992078, 0.085607, -0.09194, 0.124948, 0.061658, -0.969461, -0.237368, -0.005881, -0.109452, 0.229818, -0.967059, 0.002586, 0.0, 0.0, 0.0, 1.0],
                [0.992078, 0.085607, -0.09194, 0.124948, 0.061658, -0.969461, -0.237368, -0.005881, -0.109452, 0.229818, -0.967059, 0.002586, 0.0, 0.0, 0.0, 1.0],
                [0.992078, 0.085607, -0.09194, 0.124948, 0.061658, -0.969461, -0.237368, -0.005881, -0.109452, 0.229818, -0.967059, 0.002586, 0.0, 0.0, 0.0, 1.0],
                [0.992078, 0.085607, -0.09194, 0.124948, 0.061658, -0.969461, -0.237368, -0.005881, -0.109452, 0.229818, -0.967059, 0.002586, 0.0, 0.0, 0.0, 1.0],
                [0.992078, 0.085607, -0.09194, 0.124948, 0.061658, -0.969461, -0.237368, -0.005881, -0.109452, 0.229818, -0.967059, 0.002586, 0.0, 0.0, 0.0, 1.0],
                [0.992078, 0.085607, -0.09194, 0.124948, 0.061658, -0.969461, -0.237368, -0.005881, -0.109452, 0.229818, -0.967059, 0.002586, 0.0, 0.0, 0.0, 1.0],
                [0.992078, 0.085607, -0.09194, 0.124948, 0.061658, -0.969461, -0.237368, -0.005881, -0.109452, 0.229818, -0.967059, 0.002586, 0.0, 0.0, 0.0, 1.0],
                [0.992078, 0.085607, -0.09194, 0.124948, 0.061658, -0.969461, -0.237368, -0.005881, -0.109452, 0.229818, -0.967059, 0.002586, 0.0, 0.0, 0.0, 1.0],
                [0.992078, 0.085607, -0.09194, 0.124948, 0.061658, -0.969461, -0.237368, -0.005881, -0.109452, 0.229818, -0.967059, 0.002586, 0.0, 0.0, 0.0, 1.0],
                [0.992078, 0.085607, -0.09194, 0.124948, 0.061658, -0.969461, -0.237368, -0.005881, -0.109452, 0.229818, -0.967059, 0.002586, 0.0, 0.0, 0.0, 1.0],
                [0.992254, 0.085528, -0.09009, 0.124948, 0.06212, -0.969673, -0.236378, -0.005881, -0.107575, 0.228951, -0.967476, 0.002586, 0.0, 0.0, 0.0, 1.0],
                [0.992748, 0.085308, -0.084696, 0.124948, 0.063457, -0.970286, -0.233489, -0.005881, -0.102098, 0.226421, -0.968664, 0.002586, 0.0, 0.0, 0.0, 1.0],
                [0.993481, 0.084981, -0.075986, 0.124948, 0.06558, -0.97126, -0.228808, -0.005881, -0.093247, 0.222333, -0.970501, 0.002586, 0.0, 0.0, 0.0, 1.0],
                [0.994346, 0.084598, -0.06418, 0.124948, 0.068387, -0.972546, -0.222433, -0.005881, -0.081236, 0.216786, -0.972833, 0.002586, 0.0, 0.0, 0.0, 1.0],
                [0.995217, 0.084216, -0.049499, 0.124948, 0.071763, -0.974094, -0.214455, -0.005881, -0.066277, 0.209877, -0.975479, 0.002586, 0.0, 0.0, 0.0, 1.0],
                [0.995955, 0.0839, -0.032162, 0.124948, 0.075587, -0.975846, -0.204966, -0.005881, -0.048582, 0.201706, -0.978241, 0.002586, 0.0, 0.0, 0.0, 1.0],
                [0.996413, 0.083716, -0.0124, 0.124948, 0.079732, -0.977744, -0.194057, -0.005881, -0.02837, 0.192372, -0.980912, 0.002586, 0.0, 0.0, 0.0, 1.0],
                [0.996443, 0.083732, 0.00955, 0.124948, 0.08407, -0.97973, -0.181827, -0.005881, -0.005868, 0.181983, -0.983284, 0.002586, 0.0, 0.0, 0.0, 1.0],
                [0.995903, 0.084013, 0.033437, 0.124948, 0.088472, -0.981743, -0.168381, -0.005881, 0.01868, 0.170649, -0.985155, 0.002586, 0.0, 0.0, 0.0, 1.0],
                [0.994665, 0.08462, 0.058996, 0.124948, 0.092814, -0.983728, -0.153835, -0.005881, 0.045019, 0.15849, -0.986334, 0.002586, 0.0, 0.0, 0.0, 1.0],
                [0.992615, 0.085604, 0.085951, 0.124948, 0.096978, -0.985628, -0.138317, -0.005881, 0.072876, 0.145631, -0.986651, 0.002586, 0.0, 0.0, 0.0, 1.0],
                [0.989662, 0.087005, 0.114012, 0.124948, 0.100857, -0.987396, -0.121967, -0.005881, 0.101964, 0.132205, -0.985964, 0.002586, 0.0, 0.0, 0.0, 1.0],
                [0.985744, 0.088853, 0.14288, 0.124948, 0.104356, -0.988988, -0.104937, -0.005881, 0.131982, 0.118351, -0.984161, 0.002586, 0.0, 0.0, 0.0, 1.0],
                [0.980826, 0.091164, 0.172247, 0.124948, 0.107397, -0.990368, -0.08739, -0.005881, 0.162621, 0.104213, -0.98117, 0.002586, 0.0, 0.0, 0.0, 1.0],
                [0.974911, 0.093935, 0.201806, 0.124948, 0.10992, -0.991508, -0.069497, -0.005881, 0.193564, 0.089936, -0.976957, 0.002586, 0.0, 0.0, 0.0, 1.0],
                [0.968032, 0.097151, 0.231251, 0.124948, 0.111883, -0.992389, -0.051438, -0.005881, 0.224493, 0.075667, -0.971533, 0.002586, 0.0, 0.0, 0.0, 1.0],
                [0.960259, 0.100778, 0.260282, 0.124948, 0.113267, -0.993003, -0.033396, -0.005881, 0.255096, 0.06155, -0.964955, 0.002586, 0.0, 0.0, 0.0, 1.0],
                [0.951696, 0.10477, 0.288614, 0.124948, 0.114073, -0.99335, -0.015555, -0.005881, 0.285066, 0.047727, -0.957319, 0.002586, 0.0, 0.0, 0.0, 1.0],
                [0.942478, 0.109062, 0.315977, 0.124948, 0.114322, -0.993442, 0.001901, -0.005881, 0.314112, 0.034331, -0.948765, 0.002586, 0.0, 0.0, 0.0, 1.0],
                [0.932767, 0.11358, 0.342118, 0.124948, 0.114057, -0.993296, 0.018795, -0.005881, 0.34196, 0.02149, -0.939469, 0.002586, 0.0, 0.0, 0.0, 1.0],
                [0.922751, 0.118238, 0.366811, 0.124948, 0.113337, -0.992941, 0.034954, -0.005881, 0.368355, 0.009319, -0.929639, 0.002586, 0.0, 0.0, 0.0, 1.0],
                [0.912635, 0.122939, 0.38985, 0.124948, 0.112235, -0.992412, 0.050214, -0.005881, 0.393065, -0.002072, -0.919508, 0.002586, 0.0, 0.0, 0.0, 1.0],
                [0.902641, 0.127581, 0.411051, 0.124948, 0.110839, -0.991748, 0.064421, -0.005881, 0.415878, -0.012589, -0.909333, 0.002586, 0.0, 0.0, 0.0, 1.0],
                [0.892996, 0.132059, 0.430253, 0.124948, 0.109245, -0.990994, 0.07743, -0.005881, 0.436604, -0.022142, -0.899381, 0.002586, 0.0, 0.0, 0.0, 1.0],
