{
    "armature": {
        "joints": ["Root", "Thigh_R", "Leg_R", "Knee_R", "Thigh_L", "Leg_L", "Knee_L", "Torso", "Chest", "Head", "Shoulder_R", "Arm_R", "Hand_R", "Tool_R", "Elbow_R", "Shoulder_L", "Arm_L", "Hand_L", "Tool_L", "Elbow_L"],
        "hierarchy": [
            {
                "name": "Root",
                "transform": [1.0, 0.0, 0.0, -5e-06, 0.0, 0.0, -1.0, 0.000946, 0.0, 1.0, 0.0, 0.763972, 0.0, 0.0, 0.0, 1.0],
                "children": [
                    {
                        "name": "Thigh_R",
                        "transform": [1.0, -0.0, -0.0, 0.124994, -0.0, -1.0, 0.0, -0.002831, -0.0, -0.0, -1.0, -1.2e-05, 0.0, 0.0, 0.0, 1.0],
                        "children": [
                            {
                                "name": "Leg_R",
                                "transform": [1.0, 0.0, 1e-06, 0.0, -0.0, 1.0, 0.0, 0.37472, -1e-06, -0.0, 1.0, -0.0, 0.0, 0.0, 0.0, 1.0],
                                "children": []
                            },
                            {
                                "name": "Knee_R",
                                "transform": [1.0, 0.0, -0.0, 0.0, -0.0, 0.0, -1.0, 0.37472, -0.0, 1.0, 0.0, -0.0, 0.0, 0.0, 0.0, 1.0],
                                "children": []
                            }
                        ]
                    },
                    {
                        "name": "Thigh_L",
                        "transform": [1.0, -0.0, -0.0, -0.125006, -0.0, -1.0, 0.0, -0.002831, -0.0, -0.0, -1.0, -1.2e-05, 0.0, 0.0, 0.0, 1.0],
                        "children": [
                            {
                                "name": "Leg_L",
                                "transform": [1.0, 0.0, 1e-06, -0.0, -0.0, 1.0, 0.0, 0.37472, -1e-06, -0.0, 1.0, 0.0, 0.0, 0.0, 0.0, 1.0],
                                "children": []
                            },
                            {
                                "name": "Knee_L",
                                "transform": [1.0, 0.0, -0.0, -0.0, -0.0, 0.0, -1.0, 0.37472, -0.0, 1.0, 0.0, 0.0, 0.0, 0.0, 0.0, 1.0],
                                "children": []
                            }
                        ]
                    },
                    {
                        "name": "Torso",
                        "transform": [1.0, 0.0, 0.0, 0.0, 0.0, 1.0, 0.0, 0.05, 0.0, 0.0, 1.0, 0.0, 0.0, 0.0, 0.0, 1.0],
                        "children": [
                            {
                                "name": "Chest",
                                "transform": [1.0, 0.0, 0.0, 0.0, 0.0, 1.0, 0.0, 0.3, 0.0, 0.0, 1.0, 0.0, 0.0, 0.0, 0.0, 1.0],
                                "children": [
                                    {
                                        "name": "Head",
                                        "transform": [1.0, 0.0, 0.0, 0.0, 0.0, 1.0, 0.0, 0.4, 0.0, 0.0, 1.0, 0.0, 0.0, 0.0, 0.0, 1.0],
                                        "children": []
                                    },
                                    {
                                        "name": "Shoulder_R",
                                        "transform": [0.0, 0.952114, 0.305743, 0.0, 0.0, -0.305743, 0.952114, 0.4, 1.0, 0.0, -0.0, 0.0, 0.0, 0.0, 0.0, 1.0],
                                        "children": [
                                            {
                                                "name": "Arm_R",
                                                "transform": [0.0, -0.0, -1.0, -0.0, 0.952114, 0.305743, 0.0, 0.39386, 0.305743, -0.952114, 0.0, 0.0, 0.0, 0.0, 0.0, 1.0],
                                                "children": [
                                                    {
                                                        "name": "Hand_R",
                                                        "transform": [1.0, 0.0, 0.0, 0.0, -0.0, 0.993938, 0.109947, 0.3, -0.0, -0.109947, 0.993937, 0.0, 0.0, 0.0, 0.0, 1.0],
                                                        "children": [
                                                            {
                                                                "name": "Tool_R",
                                                                "transform": [1.0, 0.0, 0.0, -0.0, 0.0, -0.999836, 0.018122, 0.272858, 0.0, -0.018122, -0.999836, 0.0, 0.0, 0.0, 0.0, 1.0],
                                                                "children": []
                                                            }
                                                        ]
                                                    },
                                                    {
                                                        "name": "Elbow_R",
                                                        "transform": [-1.0, 0.0, -0.0, 0.0, 0.0, 0.0, -1.0, 0.3, -0.0, -1.0, -0.0, 0.0, 0.0, 0.0, 0.0, 1.0],
                                                        "children": []
                                                    }
                                                ]
                                            }
                                        ]
                                    },
                                    {
                                        "name": "Shoulder_L",
                                        "transform": [-0.0, -0.952114, -0.305743, 0.0, 0.0, -0.305743, 0.952114, 0.4, -1.0, 0.0, 0.0, 0.0, 0.0, 0.0, 0.0, 1.0],
                                        "children": [
                                            {
                                                "name": "Arm_L",
                                                "transform": [-0.0, -0.0, 1.0, -0.0, -0.952114, 0.305743, -0.0, 0.39386, -0.305743, -0.952114, -0.0, 0.0, 0.0, 0.0, 0.0, 1.0],
                                                "children": [
                                                    {
                                                        "name": "Hand_L",
                                                        "transform": [1.0, -0.0, 0.0, -0.0, 0.0, 0.993937, 0.109947, 0.3, -0.0, -0.109947, 0.993937, 0.0, 0.0, 0.0, 0.0, 1.0],
                                                        "children": [
                                                            {
                                                                "name": "Tool_L",
                                                                "transform": [1.0, 0.0, 0.0, -0.0, -0.0, -0.999836, 0.018122, 0.272858, 0.0, -0.018122, -0.999836, -0.0, 0.0, 0.0, 0.0, 1.0],
                                                                "children": []
                                                            }
                                                        ]
                                                    },
                                                    {
                                                        "name": "Elbow_L",
                                                        "transform": [-1.0, 0.0, -0.0, -0.0, 0.0, -0.0, -1.0, 0.3, -0.0, -1.0, 0.0, 0.0, 0.0, 0.0, 0.0, 1.0],
                                                        "children": []
                                                    }
                                                ]
                                            }
                                        ]
                                    }
                                ]
                            }
                        ]
                    }
                ]
            }
        ]
    },
    "animation": [
        {
            "name": "Root",
            "time": [0.0833, 0.1, 0.1167, 0.1333, 0.15, 0.1667, 0.1833, 0.2, 0.2167, 0.2333, 0.25, 0.2667, 0.2833, 0.3, 0.3167, 0.3333, 0.35, 0.3667, 0.3833, 0.4, 0.4167, 0.4333, 0.45, 0.4667, 0.4833, 0.5, 0.5167, 0.5333, 0.55, 0.5667, 0.5833, 0.6, 0.6167, 0.6333, 0.65, 0.6667, 0.6833, 0.7, 0.7167, 0.7333, 0.75, 0.7667, 0.7833, 0.8, 0.8167, 0.8333, 0.85, 0.8667, 0.8833, 0.9, 0.9167, 0.9333, 0.95, 0.9667, 0.9833, 1.0, 1.0167, 1.0333, 1.05, 1.0667, 1.0833, 1.1, 1.1167, 1.1333, 1.15, 1.1667, 1.1833, 1.2, 1.2167, 1.2333, 1.25, 1.2667, 1.2833, 1.3, 1.3167, 1.3333, 1.35, 1.3667, 1.3833, 1.4, 1.4167, 1.4333, 1.45, 1.4667, 1.4833, 1.5, 1.5167, 1.5333, 1.55, 1.5667, 1.5833, 1.6, 1.6167, 1.6333, 1.65, 1.6667, 1.6833, 1.7, 1.7167, 1.7333, 1.75, 1.7667, 1.7833, 1.8, 1.8167, 1.8333, 1.85, 1.8667, 1.8833, 1.9, 1.9167, 1.9333, 1.95, 1.9667, 1.9833, 2.0, 2.0167, 2.0333, 2.05, 2.0667, 2.0833, 2.1, 2.1167, 2.1333, 2.15, 2.1667, 2.1833, 2.2, 2.2167],
            "transform": [
                [0.999805, 0.0, -0.019771, -5e-06, -0.019771, 0.0, -0.999805, 0.000946, 0.0, 1.0, 0.0, 0.763972, 0.0, 0.0, 0.0, 1.0],
                [0.999495, 0.0, -0.031769, -5e-06, -0.031769, 0.0, -0.999495, 0.000962, 0.0, 1.0, 0.0, 0.763972, 0.0, 0.0, 0.0, 1.0],
                [0.997769, 0.0, -0.066764, -5e-06, -0.066764, 0.0, -0.997769, 0.001074, 0.0, 1.0, 0.0, 0.763972, 0.0, 0.0, 0.0, 1.0],
                [0.992299, 0.0, -0.123868, -5e-06, -0.123868, 0.0, -0.992299, 0.001376, 0.0, 1.0, 0.0, 0.763972, 0.0, 0.0, 0.0, 1.0],
                [0.979266, 0.0, -0.202576, -5e-06, -0.202576, 0.0, -0.979266, 0.001964, 0.0, 1.0, 0.0, 0.763972, 0.0, 0.0, 0.0, 1.0],
                [0.953278, 0.0, -0.302093, -5e-06, -0.302093, 0.0, -0.953278, 0.002933, 0.0, 1.0, 0.0, 0.763972, 0.0, 0.0, 0.0, 1.0],
                [0.907351, 0.0, -0.420375, -5e-06, -0.420375, 0.0, -0.907351, 0.004379, 0.0, 1.0, 0.0, 0.763972, 0.0, 0.0, 0.0, 1.0],
                [0.833259, 0.0, -0.552882, -5e-06, -0.552882, 0.0, -0.833259, 0.006398, 0.0, 1.0, 0.0, 0.763972, 0.0, 0.0, 0.0, 1.0],
                [0.722672, 0.0, -0.691191, -5e-06, -0.691191, 0.0, -0.722672, 0.009084, 0.0, 1.0, 0.0, 0.763972, 0.0, 0.0, 0.0, 1.0],
                [0.569425, 0.0, -0.822043, -5e-06, -0.822043, 0.0, -0.569425, 0.012533, 0.0, 1.0, 0.0, 0.763972, 0.0, 0.0, 0.0, 1.0],
                [0.372831, 0.0, -0.927899, -5e-06, -0.927899, 0.0, -0.372831, 0.01684, 0.0, 1.0, 0.0, 0.763972, 0.0, 0.0, 0.0, 1.0],
                [0.140808, 0.0, -0.990037, -5e-06, -0.990037, 0.0, -0.140808, 0.022101, 0.0, 1.0, 0.0, 0.763972, 0.0, 0.0, 0.0, 1.0],
                [-0.109421, 0.0, -0.993995, -5e-06, -0.993995, 0.0, 0.109421, 0.028411, 0.0, 1.0, 0.0, 0.763972, 0.0, 0.0, 0.0, 1.0],
                [-0.354797, 0.0, -0.934943, -5e-06, -0.934943, 0.0, 0.354797, 0.035865, 0.0, 1.0, 0.0, 0.763972, 0.0, 0.0, 0.0, 1.0],
                [-0.573034, 0.0, -0.819532, -5e-06, -0.819532, 0.0, 0.573034, 0.044559, 0.0, 1.0, 0.0, 0.763972, 0.0, 0.0, 0.0, 1.0],
                [-0.748703, 0.0, -0.662905, -5e-06, -0.662905, 0.0, 0.748703, 0.054588, 0.0, 1.0, 0.0, 0.763972, 0.0, 0.0, 0.0, 1.0],
                [-0.875616, 0.0, -0.483007, -5e-06, -0.483007, 0.0, 0.875616, 0.066047, 0.0, 1.0, 0.0, 0.763972, 0.0, 0.0, 0.0, 1.0],
                [-0.955308, 0.0, -0.295611, -5e-06, -0.295611, 0.0, 0.955308, 0.079032, 0.0, 1.0, 0.0, 0.763972, 0.0, 0.0, 0.0, 1.0],
                [-0.993721, 0.0, -0.111886, -5e-06, -0.111886, 0.0, 0.993721, 0.093639, 0.0, 1.0, 0.0, 0.763972, 0.0, 0.0, 0.0, 1.0],
                [-0.998094, 0.0, 0.061721, -5e-06, 0.061721, 0.0, 0.998094, 0.109962, 0.0, 1.0, 0.0, 0.763972, 0.0, 0.0, 0.0, 1.0],
                [-0.974949, 0.0, 0.222427, -5e-06, 0.222427, 0.0, 0.974949, 0.128096, 0.0, 1.0, 0.0, 0.763972, 0.0, 0.0, 0.0, 1.0],
                [-0.929114, 0.0, 0.369794, -5e-06, 0.369794, 0.0, 0.929114, 0.148138, 0.0, 1.0, 0.0, 0.763972, 0.0, 0.0, 0.0, 1.0],
                [-0.863, 0.0, 0.505204, -5e-06, 0.505204, 0.0, 0.863, 0.17862, 0.0, 1.0, 0.0, 0.763972, 0.0, 0.0, 0.0, 1.0],
                [-0.776618, 0.0, 0.629971, -5e-06, 0.629971, 0.0, 0.776618, 0.226554, 0.0, 1.0, 0.0, 0.763972, 0.0, 0.0, 0.0, 1.0],
                [-0.669125, 0.0, 0.74315, -5e-06, 0.74315, 0.0, 0.669125, 0.289757, 0.0, 1.0, 0.0, 0.763972, 0.0, 0.0, 0.0, 1.0],
                [-0.539657, 0.0, 0.841885, -5e-06, 0.841885, 0.0, 0.539657, 0.366046, 0.0, 1.0, 0.0, 0.763972, 0.0, 0.0, 0.0, 1.0],
                [-0.388274, 0.0, 0.921544, -5e-06, 0.921544, 0.0, 0.388274, 0.453237, 0.0, 1.0, 0.0, 0.763972, 0.0, 0.0, 0.0, 1.0],
                [-0.216942, 0.0, 0.976184, -5e-06, 0.976184, 0.0, 0.216942, 0.549146, 0.0, 1.0, 0.0, 0.763972, 0.0, 0.0, 0.0, 1.0],
                [-0.030425, 0.0, 0.999537, -5e-06, 0.999537, 0.0, 0.030425, 0.651591, 0.0, 1.0, 0.0, 0.763972, 0.0, 0.0, 0.0, 1.0],
                [0.163331, 0.0, 0.986571, -5e-06, 0.986571, 0.0, -0.163331, 0.758388, 0.0, 1.0, 0.0, 0.763972, 0.0, 0.0, 0.0, 1.0],
                [0.353749, 0.0, 0.93534, -5e-06, 0.93534, 0.0, -0.353749, 0.867354, 0.0, 1.0, 0.0, 0.763972, 0.0, 0.0, 0.0, 1.0],
                [0.529322, 0.0, 0.848421, -5e-06, 0.848421, 0.0, -0.529322, 0.976304, 0.0, 1.0, 0.0, 0.763972, 0.0, 0.0, 0.0, 1.0],
                [0.680047, 0.0, 0.733168, -5e-06, 0.733168, 0.0, -0.680047, 1.083056, 0.0, 1.0, 0.0, 0.763972, 0.0, 0.0, 0.0, 1.0],
                [0.799654, 0.0, 0.60046, -5e-06, 0.60046, 0.0, -0.799654, 1.185426, 0.0, 1.0, 0.0, 0.763972, 0.0, 0.0, 0.0, 1.0],
                [0.886648, 0.0, 0.462445, -5e-06, 0.462445, 0.0, -0.886648, 1.281231, 0.0, 1.0, 0.0, 0.763972, 0.0, 0.0, 0.0, 1.0],
                [0.943884, 0.0, 0.330278, -5e-06, 0.330278, 0.0, -0.943884, 1.368287, 0.0, 1.0, 0.0, 0.763972, 0.0, 0.0, 0.0, 1.0],
                [0.977113, 0.0, 0.212719, -5e-06, 0.212719, 0.0, -0.977113, 1.444411, 0.0, 1.0, 0.0, 0.763972, 0.0, 0.0, 0.0, 1.0],
                [0.99327, 0.0, 0.115818, -5e-06, 0.115818, 0.0, -0.99327, 1.507419, 0.0, 1.0, 0.0, 0.763972, 0.0, 0.0, 0.0, 1.0],
                [0.999056, 0.0, 0.043449, -5e-06, 0.043449, 0.0, -0.999056, 1.555128, 0.0, 1.0, 0.0, 0.763972, 0.0, 0.0, 0.0, 1.0],
                [0.999998, 0.0, -0.001758, -5e-06, -0.001758, 0.0, -0.999998, 1.585355, 0.0, 1.0, 0.0, 0.763972, 0.0, 0.0, 0.0, 1.0],
                [0.999848, 0.0, -0.01743, -5e-06, -0.01743, 0.0, -0.999848, 1.595916, 0.0, 1.0, 0.0, 0.763972, 0.0, 0.0, 0.0, 1.0],
                [0.999848, 0.0, -0.01743, -5e-06, -0.01743, 0.0, -0.999848, 1.595916, 0.0, 1.0, 0.0, 0.763972, 0.0, 0.0, 0.0, 1.0],
                [0.999848, 0.0, -0.01743, -5e-06, -0.01743, 0.0, -0.999848, 1.595916, 0.0, 1.0, 0.0, 0.763972, 0.0, 0.0, 0.0, 1.0],
                [0.999848, 0.0, -0.01743, -5e-06, -0.01743, 0.0, -0.999848, 1.595916, 0.0, 1.0, 0.0, 0.763972, 0.0, 0.0, 0.0, 1.0],
                [0.999848, 0.0, -0.01743, -5e-06, -0.01743, 0.0, -0.999848, 1.595916, 0.0, 1.0, 0.0, 0.763972, 0.0, 0.0, 0.0, 1.0],
                [0.999848, 0.0, -0.01743, -5e-06, -0.01743, 0.0, -0.999848, 1.595916, 0.0, 1.0, 0.0, 0.763972, 0.0, 0.0, 0.0, 1.0],
                [0.999848, 0.0, -0.01743, -5e-06, -0.01743, 0.0, -0.999848, 1.595916, 0.0, 1.0, 0.0, 0.763972, 0.0, 0.0, 0.0, 1.0],
                [0.999848, 0.0, -0.01743, -5e-06, -0.01743, 0.0, -0.999848, 1.595916, 0.0, 1.0, 0.0, 0.763972, 0.0, 0.0, 0.0, 1.0],
                [0.999848, 0.0, -0.01743, -5e-06, -0.01743, 0.0, -0.999848, 1.595916, 0.0, 1.0, 0.0, 0.763972, 0.0, 0.0, 0.0, 1.0],
                [0.999848, 0.0, -0.01743, -5e-06, -0.01743, 0.0, -0.999848, 1.595916, 0.0, 1.0, 0.0, 0.763972, 0.0, 0.0, 0.0, 1.0],
                [0.999848, 0.0, -0.01743, -5e-06, -0.01743, 0.0, -0.999848, 1.595916, 0.0, 1.0, 0.0, 0.763972, 0.0, 0.0, 0.0, 1.0],
                [0.999848, 0.0, -0.01743, -5e-06, -0.01743, 0.0, -0.999848, 1.595916, 0.0, 1.0, 0.0, 0.763972, 0.0, 0.0, 0.0, 1.0],
                [0.999848, 0.0, -0.01743, -5e-06, -0.01743, 0.0, -0.999848, 1.595916, 0.0, 1.0, 0.0, 0.763972, 0.0, 0.0, 0.0, 1.0],
                [0.999848, 0.0, -0.01743, -5e-06, -0.01743, 0.0, -0.999848, 1.595916, 0.0, 1.0, 0.0, 0.763972, 0.0, 0.0, 0.0, 1.0],
                [0.999848, 0.0, -0.01743, -5e-06, -0.01743, 0.0, -0.999848, 1.595916, 0.0, 1.0, 0.0, 0.763972, 0.0, 0.0, 0.0, 1.0],
                [0.999848, 0.0, -0.01743, -5e-06, -0.01743, 0.0, -0.999848, 1.595916, 0.0, 1.0, 0.0, 0.763972, 0.0, 0.0, 0.0, 1.0],
                [0.999848, 0.0, -0.01743, -5e-06, -0.01743, 0.0, -0.999848, 1.595916, 0.0, 1.0, 0.0, 0.763972, 0.0, 0.0, 0.0, 1.0],
                [0.999848, 0.0, -0.01743, -5e-06, -0.01743, 0.0, -0.999848, 1.595916, 0.0, 1.0, 0.0, 0.763972, 0.0, 0.0, 0.0, 1.0],
                [0.999848, 0.0, -0.01743, -5e-06, -0.01743, 0.0, -0.999848, 1.595916, 0.0, 1.0, 0.0, 0.763972, 0.0, 0.0, 0.0, 1.0],
                [0.999848, 0.0, -0.01743, -5e-06, -0.01743, 0.0, -0.999848, 1.595916, 0.0, 1.0, 0.0, 0.763972, 0.0, 0.0, 0.0, 1.0],
                [0.999848, 0.0, -0.01743, -5e-06, -0.01743, 0.0, -0.999848, 1.595916, 0.0, 1.0, 0.0, 0.763972, 0.0, 0.0, 0.0, 1.0],
                [0.999848, 0.0, -0.01743, -5e-06, -0.01743, 0.0, -0.999848, 1.595916, 0.0, 1.0, 0.0, 0.763972, 0.0, 0.0, 0.0, 1.0],
                [0.999848, 0.0, -0.01743, -5e-06, -0.01743, 0.0, -0.999848, 1.595916, 0.0, 1.0, 0.0, 0.763972, 0.0, 0.0, 0.0, 1.0],
                [0.999848, 0.0, -0.01743, -5e-06, -0.01743, 0.0, -0.999848, 1.595916, 0.0, 1.0, 0.0, 0.763972, 0.0, 0.0, 0.0, 1.0],
                [0.999848, 0.0, -0.01743, -5e-06, -0.01743, 0.0, -0.999848, 1.595916, 0.0, 1.0, 0.0, 0.763972, 0.0, 0.0, 0.0, 1.0],
                [0.999848, 0.0, -0.01743, -5e-06, -0.01743, 0.0, -0.999848, 1.595916, 0.0, 1.0, 0.0, 0.763972, 0.0, 0.0, 0.0, 1.0],
                [0.999848, 0.0, -0.01743, -5e-06, -0.01743, 0.0, -0.999848, 1.595916, 0.0, 1.0, 0.0, 0.763972, 0.0, 0.0, 0.0, 1.0],
                [0.999848, 0.0, -0.01743, -5e-06, -0.01743, 0.0, -0.999848, 1.595916, 0.0, 1.0, 0.0, 0.763972, 0.0, 0.0, 0.0, 1.0],
                [0.999848, 0.0, -0.01743, -5e-06, -0.01743, 0.0, -0.999848, 1.595916, 0.0, 1.0, 0.0, 0.763972, 0.0, 0.0, 0.0, 1.0],
                [0.999848, 0.0, -0.01743, -5e-06, -0.01743, 0.0, -0.999848, 1.595916, 0.0, 1.0, 0.0, 0.763972, 0.0, 0.0, 0.0, 1.0],
                [0.999848, 0.0, -0.01743, -5e-06, -0.01743, 0.0, -0.999848, 1.595916, 0.0, 1.0, 0.0, 0.763972, 0.0, 0.0, 0.0, 1.0],
                [0.999848, 0.0, -0.01743, -5e-06, -0.01743, 0.0, -0.999848, 1.595916, 0.0, 1.0, 0.0, 0.763972, 0.0, 0.0, 0.0, 1.0],
                [0.999848, 0.0, -0.01743, -5e-06, -0.01743, 0.0, -0.999848, 1.595916, 0.0, 1.0, 0.0, 0.763972, 0.0, 0.0, 0.0, 1.0],
                [0.999848, 0.0, -0.01743, -5e-06, -0.01743, 0.0, -0.999848, 1.595916, 0.0, 1.0, 0.0, 0.763972, 0.0, 0.0, 0.0, 1.0],
                [0.999848, 0.0, -0.01743, -5e-06, -0.01743, 0.0, -0.999848, 1.595916, 0.0, 1.0, 0.0, 0.763972, 0.0, 0.0, 0.0, 1.0],
                [0.999848, 0.0, -0.01743, -5e-06, -0.01743, 0.0, -0.999848, 1.595916, 0.0, 1.0, 0.0, 0.763972, 0.0, 0.0, 0.0, 1.0],
                [0.999848, 0.0, -0.01743, -5e-06, -0.01743, 0.0, -0.999848, 1.595916, 0.0, 1.0, 0.0, 0.763972, 0.0, 0.0, 0.0, 1.0],
                [0.999848, 0.0, -0.01743, -5e-06, -0.01743, 0.0, -0.999848, 1.595916, 0.0, 1.0, 0.0, 0.763972, 0.0, 0.0, 0.0, 1.0],
                [0.999848, 0.0, -0.01743, -5e-06, -0.01743, 0.0, -0.999848, 1.595916, 0.0, 1.0, 0.0, 0.763972, 0.0, 0.0, 0.0, 1.0],
                [0.999848, 0.0, -0.01743, -5e-06, -0.01743, 0.0, -0.999848, 1.595916, 0.0, 1.0, 0.0, 0.763972, 0.0, 0.0, 0.0, 1.0],
                [0.999848, 0.0, -0.01743, -5e-06, -0.01743, 0.0, -0.999848, 1.595916, 0.0, 1.0, 0.0, 0.763972, 0.0, 0.0, 0.0, 1.0],
                [0.999848, 0.0, -0.01743, -5e-06, -0.01743, 0.0, -0.999848, 1.595916, 0.0, 1.0, 0.0, 0.763972, 0.0, 0.0, 0.0, 1.0],
                [0.999848, 0.0, -0.01743, -5e-06, -0.01743, 0.0, -0.999848, 1.595916, 0.0, 1.0, 0.0, 0.763972, 0.0, 0.0, 0.0, 1.0],
                [0.999848, 0.0, -0.01743, -5e-06, -0.01743, 0.0, -0.999848, 1.595916, 0.0, 1.0, 0.0, 0.763972, 0.0, 0.0, 0.0, 1.0],
                [0.999848, 0.0, -0.01743, -5e-06, -0.01743, 0.0, -0.999848, 1.595916, 0.0, 1.0, 0.0, 0.763972, 0.0, 0.0, 0.0, 1.0],
                [0.999848, 0.0, -0.01743, -5e-06, -0.01743, 0.0, -0.999848, 1.595916, 0.0, 1.0, 0.0, 0.763972, 0.0, 0.0, 0.0, 1.0],
                [0.999848, 0.0, -0.01743, -5e-06, -0.01743, 0.0, -0.999848, 1.595916, 0.0, 1.0, 0.0, 0.763972, 0.0, 0.0, 0.0, 1.0],
                [0.999848, 0.0, -0.01743, -5e-06, -0.01743, 0.0, -0.999848, 1.595916, 0.0, 1.0, 0.0, 0.763972, 0.0, 0.0, 0.0, 1.0],
                [0.999848, 0.0, -0.01743, -5e-06, -0.01743, 0.0, -0.999848, 1.595916, 0.0, 1.0, 0.0, 0.763972, 0.0, 0.0, 0.0, 1.0],
                [0.999848, 0.0, -0.01743, -5e-06, -0.01743, 0.0, -0.999848, 1.595916, 0.0, 1.0, 0.0, 0.763972, 0.0, 0.0, 0.0, 1.0],
                [0.999848, 0.0, -0.01743, -5e-06, -0.01743, 0.0, -0.999848, 1.595916, 0.0, 1.0, 0.0, 0.763972, 0.0, 0.0, 0.0, 1.0],
                [0.999848, 0.0, -0.01743, -5e-06, -0.01743, 0.0, -0.999848, 1.595916, 0.0, 1.0, 0.0, 0.763972, 0.0, 0.0, 0.0, 1.0],
                [0.999848, 0.0, -0.01743, -1.9e-05, -0.01743, 0.0, -0.999848, 1.595098, 0.0, 1.0, 0.0, 0.763972, 0.0, 0.0, 0.0, 1.0],
                [0.999848, 0.0, -0.01743, -6.1e-05, -0.01743, 0.0, -0.999848, 1.592707, 0.0, 1.0, 0.0, 0.763972, 0.0, 0.0, 0.0, 1.0],
                [0.999848, 0.0, -0.01743, -0.000128, -0.01743, 0.0, -0.999848, 1.58883, 0.0, 1.0, 0.0, 0.763972, 0.0, 0.0, 0.0, 1.0],
                [0.999848, 0.0, -0.01743, -0.00022, -0.01743, 0.0, -0.999848, 1.583559, 0.0, 1.0, 0.0, 0.763972, 0.0, 0.0, 0.0, 1.0],
                [0.999848, 0.0, -0.01743, -0.000335, -0.01743, 0.0, -0.999848, 1.576983, 0.0, 1.0, 0.0, 0.763972, 0.0, 0.0, 0.0, 1.0],
                [0.999848, 0.0, -0.01743, -0.00047, -0.01743, 0.0, -0.999848, 1.569192, 0.0, 1.0, 0.0, 0.763972, 0.0, 0.0, 0.0, 1.0],
                [0.999848, 0.0, -0.01743, -0.000626, -0.01743, 0.0, -0.999848, 1.560277, 0.0, 1.0, 0.0, 0.763972, 0.0, 0.0, 0.0, 1.0],
                [0.999848, 0.0, -0.01743, -0.000799, -0.01743, 0.0, -0.999848, 1.550327, 0.0, 1.0, 0.0, 0.763972, 0.0, 0.0, 0.0, 1.0],
                [0.999848, 0.0, -0.01743, -0.000989, -0.01743, 0.0, -0.999848, 1.539432, 0.0, 1.0, 0.0, 0.763972, 0.0, 0.0, 0.0, 1.0],
                [0.999848, 0.0, -0.01743, -0.001194, -0.01743, 0.0, -0.999848, 1.527683, 0.0, 1.0, 0.0, 0.763972, 0.0, 0.0, 0.0, 1.0],
                [0.999848, 0.0, -0.01743, -0.001412, -0.01743, 0.0, -0.999848, 1.515168, 0.0, 1.0, 0.0, 0.763972, 0.0, 0.0, 0.0, 1.0],
                [0.999848, 0.0, -0.01743, -0.001642, -0.01743, 0.0, -0.999848, 1.501979, 0.0, 1.0, 0.0, 0.763972, 0.0, 0.0, 0.0, 1.0],
                [0.999848, 0.0, -0.01743, -0.001882, -0.01743, 0.0, -0.999848, 1.488205, 0.0, 1.0, 0.0, 0.763972, 0.0, 0.0, 0.0, 1.0],
                [0.999848, 0.0, -0.01743, -0.002131, -0.01743, 0.0, -0.999848, 1.473936, 0.0, 1.0, 0.0, 0.763972, 0.0, 0.0, 0.0, 1.0],
                [0.999848, 0.0, -0.01743, -0.002387, -0.01743, 0.0, -0.999848, 1.459262, 0.0, 1.0, 0.0, 0.763972, 0.0, 0.0, 0.0, 1.0],
                [0.999848, 0.0, -0.01743, -0.002648, -0.01743, 0.0, -0.999848, 1.444273, 0.0, 1.0, 0.0, 0.763972, 0.0, 0.0, 0.0, 1.0],
                [0.999848, 0.0, -0.01743, -0.002913, -0.01743, 0.0, -0.999848, 1.42906, 0.0, 1.0, 0.0, 0.763972, 0.0, 0.0, 0.0, 1.0],
                [0.999848, 0.0, -0.01743, -0.003181, -0.01743, 0.0, -0.999848, 1.413711, 0.0, 1.0, 0.0, 0.763972, 0.0, 0.0, 0.0, 1.0],
                [0.999848, 0.0, -0.01743, -0.003449, -0.01743, 0.0, -0.999848, 1.398317, 0.0, 1.0, 0.0, 0.763972, 0.0, 0.0, 0.0, 1.0],
                [0.999848, 0.0, -0.01743, -0.003717, -0.01743, 0.0, -0.999848, 1.382969, 0.0, 1.0, 0.0, 0.763972, 0.0, 0.0, 0.0, 1.0],
                [0.999848, 0.0, -0.01743, -0.003982, -0.01743, 0.0, -0.999848, 1.367755, 0.0, 1.0, 0.0, 0.763972, 0.0, 0.0, 0.0, 1.0],
                [0.999848, 0.0, -0.01743, -0.004243, -0.01743, 0.0, -0.999848, 1.352766, 0.0, 1.0, 0.0, 0.763972, 0.0, 0.0, 0.0, 1.0],
                [0.999848, 0.0, -0.01743, -0.004499, -0.01743, 0.0, -0.999848, 1.338092, 0.0, 1.0, 0.0, 0.763972, 0.0, 0.0, 0.0, 1.0],
                [0.999848, 0.0, -0.01743, -0.004748, -0.01743, 0.0, -0.999848, 1.323823, 0.0, 1.0, 0.0, 0.763972, 0.0, 0.0, 0.0, 1.0],
                [0.999848, 0.0, -0.01743, -0.004988, -0.01743, 0.0, -0.999848, 1.310049, 0.0, 1.0, 0.0, 0.763972, 0.0, 0.0, 0.0, 1.0],
                [0.999848, 0.0, -0.01743, -0.005218, -0.01743, 0.0, -0.999848, 1.29686, 0.0, 1.0, 0.0, 0.763972, 0.0, 0.0, 0.0, 1.0],
                [0.999848, 0.0, -0.01743, -0.005436, -0.01743, 0.0, -0.999848, 1.284346, 0.0, 1.0, 0.0, 0.763972, 0.0, 0.0, 0.0, 1.0],
                [0.999848, 0.0, -0.01743, -0.005641, -0.01743, 0.0, -0.999848, 1.272596, 0.0, 1.0, 0.0, 0.763972, 0.0, 0.0, 0.0, 1.0],
                [0.999848, 0.0, -0.01743, -0.005831, -0.01743, 0.0, -0.999848, 1.261701, 0.0, 1.0, 0.0, 0.763972, 0.0, 0.0, 0.0, 1.0],
                [0.999848, 0.0, -0.01743, -0.006004, -0.01743, 0.0, -0.999848, 1.251751, 0.0, 1.0, 0.0, 0.763972, 0.0, 0.0, 0.0, 1.0],
                [0.999848, 0.0, -0.01743, -0.00616, -0.01743, 0.0, -0.999848, 1.242836, 0.0, 1.0, 0.0, 0.763972, 0.0, 0.0, 0.0, 1.0],
                [0.999848, 0.0, -0.01743, -0.006295, -0.01743, 0.0, -0.999848, 1.235045, 0.0, 1.0, 0.0, 0.763972, 0.0, 0.0, 0.0, 1.0],
                [0.999848, 0.0, -0.01743, -0.00641, -0.01743, 0.0, -0.999848, 1.228469, 0.0, 1.0, 0.0, 0.763972, 0.0, 0.0, 0.0, 1.0],
                [0.999848, 0.0, -0.01743, -0.006502, -0.01743, 0.0, -0.999848, 1.223198, 0.0, 1.0, 0.0, 0.763972, 0.0, 0.0, 0.0, 1.0],
                [0.999848, 0.0, -0.01743, -0.006569, -0.01743, 0.0, -0.999848, 1.219322, 0.0, 1.0, 0.0, 0.763972, 0.0, 0.0, 0.0, 1.0],
                [0.999848, 0.0, -0.01743, -0.006611, -0.01743, 0.0, -0.999848, 1.21693, 0.0, 1.0, 0.0, 0.763972, 0.0, 0.0, 0.0, 1.0],
                [0.999848, 0.0, -0.01743, -0.006625, -0.01743, 0.0, -0.999848, 1.216112, 0.0, 1.0, 0.0, 0.763972, 0.0, 0.0, 0.0, 1.0]
            ]
        },
        {
            "name": "Thigh_R",
            "time": [0.0833, 0.1, 0.1167, 0.1333, 0.15, 0.1667, 0.1833, 0.2, 0.2167, 0.2333, 0.25, 0.2667, 0.2833, 0.3, 0.3167, 0.3333, 0.35, 0.3667, 0.3833, 0.4, 0.4167, 0.4333, 0.45, 0.4667, 0.4833, 0.5, 0.5167, 0.5333, 0.55, 0.5667, 0.5833, 0.6, 0.6167, 0.6333, 0.65, 0.6667, 0.6833, 0.7, 0.7167, 0.7333, 0.75, 0.7667, 0.7833, 0.8, 0.8167, 0.8333, 0.85, 0.8667, 0.8833, 0.9, 0.9167, 0.9333, 0.95, 0.9667, 0.9833, 1.0, 1.0167, 1.0333, 1.05, 1.0667, 1.0833, 1.1, 1.1167, 1.1333, 1.15, 1.1667, 1.1833, 1.2, 1.2167, 1.2333, 1.25, 1.2667, 1.2833, 1.3, 1.3167, 1.3333, 1.35, 1.3667, 1.3833, 1.4, 1.4167, 1.4333, 1.45, 1.4667, 1.4833, 1.5, 1.5167, 1.5333, 1.55, 1.5667, 1.5833, 1.6, 1.6167, 1.6333, 1.65, 1.6667, 1.6833, 1.7, 1.7167, 1.7333, 1.75, 1.7667, 1.7833, 1.8, 1.8167, 1.8333, 1.85, 1.8667, 1.8833, 1.9, 1.9167, 1.9333, 1.95, 1.9667, 1.9833, 2.0, 2.0167, 2.0333, 2.05, 2.0667, 2.0833, 2.1, 2.1167, 2.1333, 2.15, 2.1667, 2.1833, 2.2, 2.2167],
            "transform": [
                [0.995412, 0.064878, -0.070332, 0.124948, 0.022978, -0.875601, -0.482487, -0.005881, -0.092886, 0.478657, -0.873075, 0.002586, 0.0, 0.0, 0.0, 1.0],
                [0.995379, 0.065103, -0.070582, 0.124947, 0.023082, -0.875733, -0.482243, -0.005881, -0.093207, 0.478386, -0.873189, 0.002552, 0.0, 0.0, 0.0, 1.0],
                [0.995284, 0.065759, -0.07131, 0.124942, 0.023385, -0.876116, -0.481532, -0.005881, -0.094141, 0.477594, -0.873522, 0.002456, 0.0, 0.0, 0.0, 1.0],
                [0.995129, 0.066815, -0.072483, 0.124936, 0.023875, -0.876731, -0.480387, -0.005881, -0.095645, 0.476317, -0.874056, 0.002299, 0.0, 0.0, 0.0, 1.0],
                [0.994916, 0.068239, -0.074071, 0.124927, 0.02454, -0.877559, -0.478839, -0.005881, -0.097677, 0.474587, -0.874772, 0.002089, 0.0, 0.0, 0.0, 1.0],
                [0.994645, 0.069999, -0.076043, 0.124915, 0.025369, -0.878581, -0.476919, -0.005881, -0.100193, 0.472436, -0.875651, 0.001827, 0.0, 0.0, 0.0, 1.0],
                [0.994317, 0.072063, -0.078366, 0.124902, 0.026352, -0.879774, -0.47466, -0.005881, -0.10315, 0.469898, -0.876673, 0.00152, 0.0, 0.0, 0.0, 1.0],
                [0.993933, 0.074399, -0.08101, 0.124887, 0.027477, -0.88112, -0.472094, -0.005881, -0.106503, 0.467003, -0.877818, 0.001171, 0.0, 0.0, 0.0, 1.0],
                [0.993493, 0.076974, -0.083944, 0.12487, 0.028733, -0.882597, -0.469251, -0.005881, -0.110209, 0.463786, -0.879066, 0.000785, 0.0, 0.0, 0.0, 1.0],
                [0.992999, 0.079757, -0.087137, 0.124852, 0.030111, -0.884185, -0.466164, -0.005881, -0.114225, 0.460277, -0.880397, 0.000366, 0.0, 0.0, 0.0, 1.0],
                [0.99245, 0.082714, -0.090556, 0.124833, 0.031597, -0.885865, -0.462865, -0.005881, -0.118506, 0.45651, -0.881791, -8.2e-05, 0.0, 0.0, 0.0, 1.0],
                [0.991851, 0.085816, -0.09417, 0.124813, 0.033181, -0.887616, -0.459386, -0.005881, -0.12301, 0.452518, -0.88323, -0.000554, 0.0, 0.0, 0.0, 1.0],
                [0.991201, 0.089029, -0.097948, 0.124791, 0.03485, -0.88942, -0.45576, -0.005881, -0.127692, 0.448336, -0.884697, -0.001045, 0.0, 0.0, 0.0, 1.0],
                [0.990506, 0.092324, -0.101855, 0.12477, 0.036592, -0.891258, -0.452018, -0.005881, -0.132511, 0.443999, -0.886175, -0.001552, 0.0, 0.0, 0.0, 1.0],
                [0.989768, 0.09567, -0.105859, 0.124747, 0.038391, -0.893112, -0.448193, -0.005881, -0.137422, 0.439543, -0.887647, -0.00207, 0.0, 0.0, 0.0, 1.0],
                [0.988993, 0.099037, -0.109926, 0.124725, 0.040236, -0.894965, -0.444317, -0.005881, -0.142384, 0.435004, -0.8891, -0.002595, 0.0, 0.0, 0.0, 1.0],
                [0.988187, 0.102397, -0.114023, 0.124702, 0.042109, -0.896802, -0.440424, -0.005881, -0.147354, 0.43042, -0.89052, -0.003121, 0.0, 0.0, 0.0, 1.0],
                [0.987356, 0.105722, -0.118115, 0.124679, 0.043996, -0.898605, -0.436546, -0.005881, -0.152291, 0.42583, -0.891895, -0.003646, 0.0, 0.0, 0.0, 1.0],
                [0.986508, 0.108983, -0.122166, 0.124657, 0.04588, -0.900362, -0.432715, -0.005881, -0.157153, 0.421272, -0.893215, -0.004163, 0.0, 0.0, 0.0, 1.0],
                [0.985652, 0.112154, -0.126143, 0.124635, 0.047744, -0.902058, -0.428965, -0.005881, -0.161899, 0.416788, -0.89447, -0.00467, 0.0, 0.0, 0.0, 1.0],
                [0.984797, 0.11521, -0.130009, 0.124614, 0.04957, -0.90368, -0.425329, -0.005881, -0.166489, 0.412418, -0.895652, -0.005162, 0.0, 0.0, 0.0, 1.0],
                [0.983953, 0.118124, -0.133729, 0.124594, 0.05134, -0.905216, -0.421838, -0.005881, -0.170883, 0.408203, -0.896755, -0.005634, 0.0, 0.0, 0.0, 1.0],
                [0.983132, 0.120872, -0.137266, 0.124574, 0.053035, -0.906655, -0.418526, -0.005881, -0.175041, 0.404186, -0.897772, -0.006081, 0.0, 0.0, 0.0, 1.0],
                [0.982345, 0.12343, -0.140585, 0.124556, 0.054635, -0.907985, -0.415424, -0.005881, -0.178925, 0.400409, -0.898698, -0.0065, 0.0, 0.0, 0.0, 1.0],
                [0.981604, 0.125775, -0.14365, 0.12454, 0.056121, -0.909197, -0.412567, -0.005881, -0.182496, 0.396915, -0.89953, -0.006887, 0.0, 0.0, 0.0, 1.0],
                [0.980921, 0.127882, -0.146423, 0.124524, 0.057474, -0.910279, -0.409985, -0.005881, -0.185715, 0.393748, -0.900262, -0.007236, 0.0, 0.0, 0.0, 1.0],
                [0.980311, 0.129729, -0.148868, 0.124511, 0.058672, -0.911223, -0.407713, -0.005881, -0.188544, 0.390951, -0.900893, -0.007543, 0.0, 0.0, 0.0, 1.0],
                [0.979784, 0.131293, -0.15095, 0.1245, 0.059696, -0.912019, -0.405781, -0.005881, -0.190945, 0.388566, -0.901419, -0.007804, 0.0, 0.0, 0.0, 1.0],
                [0.979354, 0.132551, -0.152631, 0.124491, 0.060526, -0.912656, -0.404222, -0.005881, -0.19288, 0.386638, -0.901836, -0.008015, 0.0, 0.0, 0.0, 1.0],
                [0.979033, 0.133479, -0.153877, 0.124484, 0.061143, -0.913125, -0.403068, -0.005881, -0.19431, 0.385209, -0.902141, -0.008171, 0.0, 0.0, 0.0, 1.0],
                [0.978832, 0.134055, -0.15465, 0.12448, 0.061526, -0.913415, -0.402352, -0.005881, -0.195197, 0.38432, -0.902328, -0.008268, 0.0, 0.0, 0.0, 1.0],
                [0.978763, 0.134252, -0.154916, 0.124478, 0.061658, -0.913514, -0.402107, -0.005881, -0.195501, 0.384015, -0.902392, -0.008301, 0.0, 0.0, 0.0, 1.0],
                [0.978763, 0.134252, -0.154916, 0.124479, 0.061658, -0.913514, -0.402107, -0.005881, -0.195501, 0.384015, -0.902392, -0.008301, 0.0, 0.0, 0.0, 1.0],
                [0.978763, 0.134252, -0.154916, 0.124478, 0.061658, -0.913514, -0.402107, -0.005881, -0.195501, 0.384015, -0.902392, -0.008301, 0.0, 0.0, 0.0, 1.0],
                [0.978763, 0.134252, -0.154916, 0.124478, 0.061658, -0.913514, -0.402107, -0.005881, -0.195501, 0.384015, -0.902392, -0.008301, 0.0, 0.0, 0.0, 1.0],
                [0.978763, 0.134252, -0.154916, 0.124479, 0.061658, -0.913514, -0.402107, -0.005881, -0.195501, 0.384015, -0.902392, -0.008301, 0.0, 0.0, 0.0, 1.0],
                [0.978763, 0.134252, -0.154916, 0.124479, 0.061658, -0.913514, -0.402107, -0.005881, -0.195501, 0.384015, -0.902392, -0.008301, 0.0, 0.0, 0.0, 1.0],
                [0.978763, 0.134252, -0.154916, 0.124478, 0.061658, -0.913514, -0.402107, -0.005881, -0.195501, 0.384015, -0.902392, -0.008301, 0.0, 0.0, 0.0, 1.0],
                [0.978763, 0.134252, -0.154916, 0.124479, 0.061658, -0.913514, -0.402107, -0.005881, -0.195501, 0.384015, -0.902392, -0.008301, 0.0, 0.0, 0.0, 1.0],
                [0.978763, 0.134252, -0.154916, 0.124479, 0.061658, -0.913514, -0.402107, -0.005881, -0.195501, 0.384015, -0.902392, -0.008301, 0.0, 0.0, 0.0, 1.0],
                [0.978763, 0.134252, -0.154916, 0.124479, 0.061658, -0.913514, -0.402107, -0.005881, -0.195501, 0.384015, -0.902392, -0.008301, 0.0, 0.0, 0.0, 1.0],
                [0.978763, 0.134252, -0.154916, 0.124479, 0.061658, -0.913514, -0.402107, -0.005881, -0.195501, 0.384015, -0.902392, -0.008301, 0.0, 0.0, 0.0, 1.0],
                [0.978763, 0.134252, -0.154916, 0.124479, 0.061658, -0.913514, -0.402107, -0.005881, -0.195501, 0.384015, -0.902392, -0.008301, 0.0, 0.0, 0.0, 1.0],
                [0.978763, 0.134252, -0.154916, 0.124479, 0.061658, -0.913514, -0.402107, -0.005881, -0.195501, 0.384015, -0.902392, -0.008301, 0.0, 0.0, 0.0, 1.0],
                [0.978763, 0.134252, -0.154916, 0.124479, 0.061658, -0.913514, -0.402107, -0.005881, -0.195501, 0.384015, -0.902392, -0.008301, 0.0, 0.0, 0.0, 1.0],
                [0.978763, 0.134252, -0.154916, 0.124479, 0.061658, -0.913514, -0.402107, -0.005881, -0.195501, 0.384015, -0.902392, -0.008301, 0.0, 0.0, 0.0, 1.0],
                [0.978763, 0.134252, -0.154916, 0.124479, 0.061658, -0.913514, -0.402107, -0.005881, -0.195501, 0.384015, -0.902392, -0.008301, 0.0, 0.0, 0.0, 1.0],
                [0.978763, 0.134252, -0.154916, 0.124479, 0.061658, -0.913514, -0.402107, -0.005881, -0.195501, 0.384015, -0.902392, -0.008301, 0.0, 0.0, 0.0, 1.0],
                [0.978763, 0.134252, -0.154916, 0.124479, 0.061658, -0.913514, -0.402107, -0.005881, -0.195501, 0.384015, -0.902392, -0.008301, 0.0, 0.0, 0.0, 1.0],
                [0.978763, 0.134252, -0.154916, 0.124479, 0.061658, -0.913514, -0.402107, -0.005881, -0.195501, 0.384015, -0.902392, -0.008301, 0.0, 0.0, 0.0, 1.0],
                [0.978763, 0.134252, -0.154916, 0.124479, 0.061658, -0.913514, -0.402107, -0.005881, -0.195501, 0.384015, -0.902392, -0.008301, 0.0, 0.0, 0.0, 1.0],
                [0.978763, 0.134252, -0.154916, 0.124479, 0.061658, -0.913514, -0.402107, -0.005881, -0.195501, 0.384015, -0.902392, -0.008301, 0.0, 0.0, 0.0, 1.0],
                [0.978763, 0.134252, -0.154916, 0.124479, 0.061658, -0.913514, -0.402107, -0.005881, -0.195501, 0.384015, -0.902392, -0.008301, 0.0, 0.0, 0.0, 1.0],
                [0.978763, 0.134252, -0.154916, 0.124479, 0.061658, -0.913514, -0.402107, -0.005881, -0.195501, 0.384015, -0.902392, -0.008301, 0.0, 0.0, 0.0, 1.0],
                [0.978763, 0.134252, -0.154916, 0.124479, 0.061658, -0.913514, -0.402107, -0.005881, -0.195501, 0.384015, -0.902392, -0.008301, 0.0, 0.0, 0.0, 1.0],
                [0.978763, 0.134252, -0.154916, 0.124479, 0.061658, -0.913514, -0.402107, -0.005881, -0.195501, 0.384015, -0.902392, -0.008301, 0.0, 0.0, 0.0, 1.0],
                [0.978763, 0.134252, -0.154916, 0.124479, 0.061658, -0.913514, -0.402107, -0.005881, -0.195501, 0.384015, -0.902392, -0.008301, 0.0, 0.0, 0.0, 1.0],
                [0.978763, 0.134252, -0.154916, 0.124479, 0.061658, -0.913514, -0.402107, -0.005881, -0.195501, 0.384015, -0.902392, -0.008301, 0.0, 0.0, 0.0, 1.0],
                [0.978763, 0.134252, -0.154916, 0.124479, 0.061658, -0.913514, -0.402107, -0.005881, -0.195501, 0.384015, -0.902392, -0.008301, 0.0, 0.0, 0.0, 1.0],
                [0.978763, 0.134252, -0.154916, 0.124479, 0.061658, -0.913514, -0.402107, -0.005881, -0.195501, 0.384015, -0.902392, -0.008301, 0.0, 0.0, 0.0, 1.0],
                [0.978763, 0.134252, -0.154916, 0.124479, 0.061658, -0.913514, -0.402107, -0.005881, -0.195501, 0.384015, -0.902392, -0.008301, 0.0, 0.0, 0.0, 1.0],
                [0.978763, 0.134252, -0.154916, 0.124479, 0.061658, -0.913514, -0.402107, -0.005881, -0.195501, 0.384015, -0.902392, -0.008301, 0.0, 0.0, 0.0, 1.0],
                [0.978763, 0.134252, -0.154916, 0.124479, 0.061658, -0.913514, -0.402107, -0.005881, -0.195501, 0.384015, -0.902392, -0.008301, 0.0, 0.0, 0.0, 1.0],
                [0.978763, 0.134252, -0.154916, 0.124479, 0.061658, -0.913514, -0.402107, -0.005881, -0.195501, 0.384015, -0.902392, -0.008301, 0.0, 0.0, 0.0, 1.0],
                [0.978763, 0.134252, -0.154916, 0.124479, 0.061658, -0.913514, -0.402107, -0.005881, -0.195501, 0.384015, -0.902392, -0.008301, 0.0, 0.0, 0.0, 1.0],
                [0.978763, 0.134252, -0.154916, 0.124479, 0.061658, -0.913514, -0.402107, -0.005881, -0.195501, 0.384015, -0.902392, -0.008301, 0.0, 0.0, 0.0, 1.0],
                [0.978763, 0.134252, -0.154916, 0.124479, 0.061658, -0.913514, -0.402107, -0.005881, -0.195501, 0.384015, -0.902392, -0.008301, 0.0, 0.0, 0.0, 1.0],
                [0.978763, 0.134252, -0.154916, 0.124479, 0.061658, -0.913514, -0.402107, -0.005881, -0.195501, 0.384015, -0.902392, -0.008301, 0.0, 0.0, 0.0, 1.0],
                [0.978763, 0.134252, -0.154916, 0.124479, 0.061658, -0.913514, -0.402107, -0.005881, -0.195501, 0.384015, -0.902392, -0.008301, 0.0, 0.0, 0.0, 1.0],
                [0.978763, 0.134252, -0.154916, 0.124479, 0.061658, -0.913514, -0.402107, -0.005881, -0.195501, 0.384015, -0.902392, -0.008301, 0.0, 0.0, 0.0, 1.0],
                [0.978763, 0.134252, -0.154916, 0.124479, 0.061658, -0.913514, -0.402107, -0.005881, -0.195501, 0.384015, -0.902392, -0.008301, 0.0, 0.0, 0.0, 1.0],
                [0.978763, 0.134252, -0.154916, 0.124479, 0.061658, -0.913514, -0.402107, -0.005881, -0.195501, 0.384015, -0.902392, -0.008301, 0.0, 0.0, 0.0, 1.0],
                [0.978763, 0.134252, -0.154916, 0.124479, 0.061658, -0.913514, -0.402107, -0.005881, -0.195501, 0.384015, -0.902392, -0.008301, 0.0, 0.0, 0.0, 1.0],
                [0.978763, 0.134252, -0.154916, 0.124479, 0.061658, -0.913514, -0.402107, -0.005881, -0.195501, 0.384015, -0.902392, -0.008301, 0.0, 0.0, 0.0, 1.0],
                [0.978763, 0.134252, -0.154916, 0.124479, 0.061658, -0.913514, -0.402107, -0.005881, -0.195501, 0.384015, -0.902392, -0.008301, 0.0, 0.0, 0.0, 1.0],
                [0.978763, 0.134252, -0.154916, 0.124479, 0.061658, -0.913514, -0.402107, -0.005881, -0.195501, 0.384015, -0.902392, -0.008301, 0.0, 0.0, 0.0, 1.0],
                [0.978763, 0.134252, -0.154916, 0.124479, 0.061658, -0.913514, -0.402107, -0.005881, -0.195501, 0.384015, -0.902392, -0.008301, 0.0, 0.0, 0.0, 1.0],
                [0.978763, 0.134252, -0.154916, 0.124479, 0.061658, -0.913514, -0.402107, -0.005881, -0.195501, 0.384015, -0.902392, -0.008301, 0.0, 0.0, 0.0, 1.0],
                [0.978763, 0.134252, -0.154916, 0.124479, 0.061658, -0.913514, -0.402107, -0.005881, -0.195501, 0.384015, -0.902392, -0.008301, 0.0, 0.0, 0.0, 1.0],
                [0.978763, 0.134252, -0.154916, 0.124479, 0.061658, -0.913514, -0.402107, -0.005881, -0.195501, 0.384015, -0.902392, -0.008301, 0.0, 0.0, 0.0, 1.0],
