{
    "armature": {
        "joints": ["Root", "Thigh_R", "Leg_R", "Knee_R", "Thigh_L", "Leg_L", "Knee_L", "Torso", "Chest", "Head", "Shoulder_R", "Arm_R", "Hand_R", "Tool_R", "Elbow_R", "Shoulder_L", "Arm_L", "Hand_L", "Tool_L", "Elbow_L"],
        "hierarchy": [
            {
                "name": "Root",
                "transform": [1.0, 0.0, 0.0, -5e-06, 0.0, 0.0, -1.0, 0.000946, 0.0, 1.0, 0.0, 0.763972, 0.0, 0.0, 0.0, 1.0],
                "children": [
                    {
                        "name": "Thigh_R",
                        "transform": [1.0, -0.0, -0.0, 0.124994, -0.0, -1.0, 0.0, -0.002831, -0.0, -0.0, -1.0, -1.2e-05, 0.0, 0.0, 0.0, 1.0],
                        "children": [
                            {
                                "name": "Leg_R",
                                "transform": [1.0, 0.0, 1e-06, 0.0, -0.0, 1.0, 0.0, 0.37472, -1e-06, -0.0, 1.0, -0.0, 0.0, 0.0, 0.0, 1.0],
                                "children": []
                            },
                            {
                                "name": "Knee_R",
                                "transform": [1.0, 0.0, -0.0, 0.0, -0.0, 0.0, -1.0, 0.37472, -0.0, 1.0, 0.0, -0.0, 0.0, 0.0, 0.0, 1.0],
                                "children": []
                            }
                        ]
                    },
                    {
                        "name": "Thigh_L",
                        "transform": [1.0, -0.0, -0.0, -0.125006, -0.0, -1.0, 0.0, -0.002831, -0.0, -0.0, -1.0, -1.2e-05, 0.0, 0.0, 0.0, 1.0],
                        "children": [
                            {
                                "name": "Leg_L",
                                "transform": [1.0, 0.0, 1e-06, -0.0, -0.0, 1.0, 0.0, 0.37472, -1e-06, -0.0, 1.0, 0.0, 0.0, 0.0, 0.0, 1.0],
                                "children": []
                            },
                            {
                                "name": "Knee_L",
                                "transform": [1.0, 0.0, -0.0, -0.0, -0.0, 0.0, -1.0, 0.37472, -0.0, 1.0, 0.0, 0.0, 0.0, 0.0, 0.0, 1.0],
                                "children": []
                            }
                        ]
                    },
                    {
                        "name": "Torso",
                        "transform": [1.0, 0.0, 0.0, 0.0, 0.0, 1.0, 0.0, 0.05, 0.0, 0.0, 1.0, 0.0, 0.0, 0.0, 0.0, 1.0],
                        "children": [
                            {
                                "name": "Chest",
                                "transform": [1.0, 0.0, 0.0, 0.0, 0.0, 1.0, 0.0, 0.3, 0.0, 0.0, 1.0, 0.0, 0.0, 0.0, 0.0, 1.0],
                                "children": [
                                    {
                                        "name": "Head",
                                        "transform": [1.0, 0.0, 0.0, 0.0, 0.0, 1.0, 0.0, 0.4, 0.0, 0.0, 1.0, 0.0, 0.0, 0.0, 0.0, 1.0],
                                        "children": []
                                    },
                                    {
                                        "name": "Shoulder_R",
                                        "transform": [0.0, 0.952114, 0.305743, 0.0, 0.0, -0.305743, 0.952114, 0.4, 1.0, 0.0, -0.0, 0.0, 0.0, 0.0, 0.0, 1.0],
                                        "children": [
                                            {
                                                "name": "Arm_R",
                                                "transform": [0.0, -0.0, -1.0, -0.0, 0.952114, 0.305743, 0.0, 0.39386, 0.305743, -0.952114, 0.0, 0.0, 0.0, 0.0, 0.0, 1.0],
                                                "children": [
                                                    {
                                                        "name": "Hand_R",
                                                        "transform": [1.0, 0.0, 0.0, 0.0, -0.0, 0.993938, 0.109947, 0.3, -0.0, -0.109947, 0.993937, 0.0, 0.0, 0.0, 0.0, 1.0],
                                                        "children": [
                                                            {
                                                                "name": "Tool_R",
                                                                "transform": [1.0, 0.0, 0.0, -0.0, 0.0, -0.999836, 0.018122, 0.272858, 0.0, -0.018122, -0.999836, 0.0, 0.0, 0.0, 0.0, 1.0],
                                                                "children": []
                                                            }
                                                        ]
                                                    },
                                                    {
                                                        "name": "Elbow_R",
                                                        "transform": [-1.0, 0.0, -0.0, 0.0, 0.0, 0.0, -1.0, 0.3, -0.0, -1.0, -0.0, 0.0, 0.0, 0.0, 0.0, 1.0],
                                                        "children": []
                                                    }
                                                ]
                                            }
                                        ]
                                    },
                                    {
                                        "name": "Shoulder_L",
                                        "transform": [-0.0, -0.952114, -0.305743, 0.0, 0.0, -0.305743, 0.952114, 0.4, -1.0, 0.0, 0.0, 0.0, 0.0, 0.0, 0.0, 1.0],
                                        "children": [
                                            {
                                                "name": "Arm_L",
                                                "transform": [-0.0, -0.0, 1.0, -0.0, -0.952114, 0.305743, -0.0, 0.39386, -0.305743, -0.952114, -0.0, 0.0, 0.0, 0.0, 0.0, 1.0],
                                                "children": [
                                                    {
                                                        "name": "Hand_L",
                                                        "transform": [1.0, -0.0, 0.0, -0.0, 0.0, 0.993937, 0.109947, 0.3, -0.0, -0.109947, 0.993937, 0.0, 0.0, 0.0, 0.0, 1.0],
                                                        "children": [
                                                            {
                                                                "name": "Tool_L",
                                                                "transform": [1.0, 0.0, 0.0, -0.0, -0.0, -0.999836, 0.018122, 0.272858, 0.0, -0.018122, -0.999836, -0.0, 0.0, 0.0, 0.0, 1.0],
                                                                "children": []
                                                            }
                                                        ]
                                                    },
                                                    {
                                                        "name": "Elbow_L",
                                                        "transform": [-1.0, 0.0, -0.0, -0.0, 0.0, -0.0, -1.0, 0.3, -0.0, -1.0, 0.0, 0.0, 0.0, 0.0, 0.0, 1.0],
                                                        "children": []
                                                    }
                                                ]
                                            }
                                        ]
                                    }
                                ]
                            }
                        ]
                    }
                ]
            }
        ]
    },
    "animation": [
        {
            "name": "Root",
            "time": [0.0, 0.0167, 0.0333, 0.05, 0.0667, 0.0833, 0.1, 0.1167, 0.1333, 0.15, 0.1667, 0.1833, 0.2, 0.2167, 0.2333, 0.25, 0.2667, 0.2833, 0.3, 0.3167, 0.3333, 0.35, 0.3667, 0.3833, 0.4, 0.4167, 0.4333, 0.45, 0.4667, 0.4833, 0.5, 0.5167, 0.5333, 0.55, 0.5667, 0.5833, 0.6, 0.6167, 0.6333, 0.65, 0.6667, 0.6833, 0.7, 0.7167, 0.7333, 0.75, 0.7667, 0.7833, 0.8, 0.8167, 0.8333, 0.85, 0.8667, 0.8833, 0.9, 0.9167, 0.9333, 0.95, 0.9667, 0.9833, 1.0, 1.0167, 1.0333, 1.05, 1.0667, 1.0833, 1.1, 1.1167, 1.1333, 1.15, 1.1667, 1.1833, 1.2, 1.2167, 1.2333, 1.25, 1.2667, 1.2833, 1.3, 1.3167, 1.3333, 1.35, 1.3667, 1.3833, 1.4, 1.4167, 1.4333, 1.45, 1.4667, 1.4833, 1.5, 1.5167, 1.5333, 1.55, 1.5667, 1.5833, 1.6, 1.6167, 1.6333, 1.65, 1.6667, 1.6833, 1.7, 1.7167, 1.7333, 1.75, 1.7667, 1.7833, 1.8, 1.8167, 1.8333, 1.85, 1.8667, 1.8833, 1.9, 1.9167, 1.9333, 1.95, 1.9667, 1.9833, 2.0, 2.0167],
            "transform": [
                [1.0, 0.0, 0.0, -5e-06, 0.0, 0.0, -1.0, 1.578263, 0.0, 1.0, 0.0, 0.685832, 0.0, 0.0, 0.0, 1.0],
                [0.999972, 0.0, -0.007549, -5e-06, -0.007549, 0.0, -0.999972, 1.589169, 0.0, 1.0, 0.0, 0.685832, 0.0, 0.0, 0.0, 1.0],
                [0.999587, 0.0, -0.028722, -5e-06, -0.028722, 0.0, -0.999587, 1.619707, 0.0, 1.0, 0.0, 0.685832, 0.0, 0.0, 0.0, 1.0],
                [0.998119, 0.0, -0.06131, -5e-06, -0.06131, 0.0, -0.998119, 1.666605, 0.0, 1.0, 0.0, 0.685832, 0.0, 0.0, 0.0, 1.0],
                [0.994677, 0.0, -0.103045, -5e-06, -0.103045, 0.0, -0.994677, 1.726591, 0.0, 1.0, 0.0, 0.685832, 0.0, 0.0, 0.0, 1.0],
                [0.98845, 0.0, -0.151549, -5e-06, -0.151549, 0.0, -0.98845, 1.796392, 0.0, 1.0, 0.0, 0.685832, 0.0, 0.0, 0.0, 1.0],
                [0.978903, 0.0, -0.204326, -5e-06, -0.204326, 0.0, -0.978903, 1.872738, 0.0, 1.0, 0.0, 0.685832, 0.0, 0.0, 0.0, 1.0],
                [0.965926, 0.0, -0.258819, -5e-06, -0.258819, 0.0, -0.965926, 1.952355, 0.0, 1.0, 0.0, 0.685832, 0.0, 0.0, 0.0, 1.0],
                [0.949918, 0.0, -0.3125, -5e-06, -0.3125, 0.0, -0.949918, 2.031973, 0.0, 1.0, 0.0, 0.685832, 0.0, 0.0, 0.0, 1.0],
                [0.931797, 0.0, -0.36298, -5e-06, -0.36298, 0.0, -0.931797, 2.108318, 0.0, 1.0, 0.0, 0.685832, 0.0, 0.0, 0.0, 1.0],
                [0.912938, 0.0, -0.408099, -5e-06, -0.408099, 0.0, -0.912938, 2.17812, 0.0, 1.0, 0.0, 0.685832, 0.0, 0.0, 0.0, 1.0],
                [0.895051, 0.0, -0.445964, -5e-06, -0.445964, 0.0, -0.895051, 2.238106, 0.0, 1.0, 0.0, 0.685832, 0.0, 0.0, 0.0, 1.0],
                [0.880029, 0.0, -0.47492, -5e-06, -0.47492, 0.0, -0.880029, 2.285003, 0.0, 1.0, 0.0, 0.685832, 0.0, 0.0, 0.0, 1.0],
                [0.869775, 0.0, -0.493448, -5e-06, -0.493448, 0.0, -0.869775, 2.315542, 0.0, 1.0, 0.0, 0.685832, 0.0, 0.0, 0.0, 1.0],
                [0.866025, 0.0, -0.5, -5e-06, -0.5, 0.0, -0.866025, 2.326448, 0.0, 1.0, 0.0, 0.685832, 0.0, 0.0, 0.0, 1.0],
                [0.866025, 0.0, -0.5, -5e-06, -0.5, 0.0, -0.866025, 2.326448, 0.0, 1.0, 0.0, 0.685832, 0.0, 0.0, 0.0, 1.0],
                [0.866025, 0.0, -0.5, -5e-06, -0.5, 0.0, -0.866025, 2.326448, 0.0, 1.0, 0.0, 0.685832, 0.0, 0.0, 0.0, 1.0],
                [0.866025, 0.0, -0.5, -5e-06, -0.5, 0.0, -0.866025, 2.326448, 0.0, 1.0, 0.0, 0.685832, 0.0, 0.0, 0.0, 1.0],
                [0.866025, 0.0, -0.5, -5e-06, -0.5, 0.0, -0.866025, 2.326448, 0.0, 1.0, 0.0, 0.685832, 0.0, 0.0, 0.0, 1.0],
                [0.866025, 0.0, -0.5, -5e-06, -0.5, 0.0, -0.866025, 2.326448, 0.0, 1.0, 0.0, 0.685832, 0.0, 0.0, 0.0, 1.0],
                [0.866025, 0.0, -0.5, -5e-06, -0.5, 0.0, -0.866025, 2.326448, 0.0, 1.0, 0.0, 0.685832, 0.0, 0.0, 0.0, 1.0],
                [0.866025, 0.0, -0.5, -5e-06, -0.5, 0.0, -0.866025, 2.326448, 0.0, 1.0, 0.0, 0.685832, 0.0, 0.0, 0.0, 1.0],
                [0.866025, 0.0, -0.5, -5e-06, -0.5, 0.0, -0.866025, 2.326448, 0.0, 1.0, 0.0, 0.685832, 0.0, 0.0, 0.0, 1.0],
                [0.866025, 0.0, -0.5, -5e-06, -0.5, 0.0, -0.866025, 2.326448, 0.0, 1.0, 0.0, 0.685832, 0.0, 0.0, 0.0, 1.0],
                [0.867357, 0.0, -0.497686, -5e-06, -0.497686, 0.0, -0.867357, 2.326481, 0.0, 1.0, 0.0, 0.685832, 0.0, 0.0, 0.0, 1.0],
                [0.871624, 0.0, -0.490175, -5e-06, -0.490175, 0.0, -0.871624, 2.326712, 0.0, 1.0, 0.0, 0.685832, 0.0, 0.0, 0.0, 1.0],
                [0.879137, 0.0, -0.476568, -5e-06, -0.476568, 0.0, -0.879137, 2.327338, 0.0, 1.0, 0.0, 0.685832, 0.0, 0.0, 0.0, 1.0],
                [0.890043, 0.0, -0.455876, -5e-06, -0.455876, 0.0, -0.890043, 2.328558, 0.0, 1.0, 0.0, 0.685832, 0.0, 0.0, 0.0, 1.0],
                [0.904263, 0.0, -0.426977, -5e-06, -0.426977, 0.0, -0.904263, 2.330569, 0.0, 1.0, 0.0, 0.685832, 0.0, 0.0, 0.0, 1.0],
                [0.921414, 0.0, -0.388582, -5e-06, -0.388582, 0.0, -0.921414, 2.333569, 0.0, 1.0, 0.0, 0.685832, 0.0, 0.0, 0.0, 1.0],
                [0.940706, 0.0, -0.339224, -5e-06, -0.339224, 0.0, -0.940706, 2.337755, 0.0, 1.0, 0.0, 0.685832, 0.0, 0.0, 0.0, 1.0],
                [0.96079, 0.0, -0.277278, -5e-06, -0.277278, 0.0, -0.96079, 2.343326, 0.0, 1.0, 0.0, 0.685832, 0.0, 0.0, 0.0, 1.0],
                [0.979581, 0.0, -0.201051, -5e-06, -0.201051, 0.0, -0.979581, 2.350479, 0.0, 1.0, 0.0, 0.685832, 0.0, 0.0, 0.0, 1.0],
                [0.994044, 0.0, -0.108983, -5e-06, -0.108983, 0.0, -0.994044, 2.359412, 0.0, 1.0, 0.0, 0.685832, 0.0, 0.0, 0.0, 1.0],
                [1.0, 0.0, 0.0, -5e-06, 0.0, 0.0, -1.0, 2.370323, 0.0, 1.0, 0.0, 0.685832, 0.0, 0.0, 0.0, 1.0],
                [0.991982, 0.0, 0.126383, 0.002364, 0.126383, 0.0, -0.991982, 2.387846, 0.0, 1.0, 0.0, 0.685832, 0.0, 0.0, 0.0, 1.0],
                [0.962637, 0.0, 0.270795, 0.009059, 0.270795, 0.0, -0.962637, 2.415448, 0.0, 1.0, 0.0, 0.685832, 0.0, 0.0, 0.0, 1.0],
                [0.902127, 0.0, 0.431471, 0.019461, 0.431471, 0.0, -0.902127, 2.451585, 0.0, 1.0, 0.0, 0.685832, 0.0, 0.0, 0.0, 1.0],
                [0.798856, 0.0, 0.601523, 0.032953, 0.601523, 0.0, -0.798856, 2.494709, 0.0, 1.0, 0.0, 0.685832, 0.0, 0.0, 0.0, 1.0],
                [0.642331, 0.0, 0.766428, 0.048917, 0.766428, 0.0, -0.642331, 2.543272, 0.0, 1.0, 0.0, 0.685832, 0.0, 0.0, 0.0, 1.0],
                [0.428894, 0.0, 0.903355, 0.066734, 0.903355, 0.0, -0.428894, 2.595729, 0.0, 1.0, 0.0, 0.685832, 0.0, 0.0, 0.0, 1.0],
                [0.168716, 0.0, 0.985665, 0.085788, 0.985665, 0.0, -0.168716, 2.650532, 0.0, 1.0, 0.0, 0.685832, 0.0, 0.0, 0.0, 1.0],
                [-0.111586, 0.0, 0.993755, 0.105459, 0.993755, 0.0, 0.111586, 2.706134, 0.0, 1.0, 0.0, 0.685832, 0.0, 0.0, 0.0, 1.0],
                [-0.376466, 0.0, 0.92643, 0.125131, 0.92643, 0.0, 0.376466, 2.760988, 0.0, 1.0, 0.0, 0.685832, 0.0, 0.0, 0.0, 1.0],
                [-0.596241, 0.0, 0.802805, 0.144184, 0.802805, 0.0, 0.596241, 2.813547, 0.0, 1.0, 0.0, 0.685832, 0.0, 0.0, 0.0, 1.0],
                [-0.75776, 0.0, 0.652533, 0.162002, 0.652533, 0.0, 0.75776, 2.862264, 0.0, 1.0, 0.0, 0.685832, 0.0, 0.0, 0.0, 1.0],
                [-0.864108, 0.0, 0.503307, 0.177966, 0.503307, 0.0, 0.864108, 2.905593, 0.0, 1.0, 0.0, 0.685832, 0.0, 0.0, 0.0, 1.0],
                [-0.927314, 0.0, 0.374283, 0.191458, 0.374283, 0.0, 0.927314, 2.941986, 0.0, 1.0, 0.0, 0.685832, 0.0, 0.0, 0.0, 1.0],
                [-0.961104, 0.0, 0.276188, 0.20186, 0.276188, 0.0, 0.961104, 2.969896, 0.0, 1.0, 0.0, 0.685832, 0.0, 0.0, 0.0, 1.0],
                [-0.976715, 0.0, 0.214539, 0.208554, 0.214539, 0.0, 0.976715, 2.987776, 0.0, 1.0, 0.0, 0.685832, 0.0, 0.0, 0.0, 1.0],
                [-0.981182, 0.0, 0.193085, 0.210923, 0.193085, 0.0, 0.981182, 2.99408, 0.0, 1.0, 0.0, 0.685832, 0.0, 0.0, 0.0, 1.0],
                [-0.981182, 0.0, 0.193085, 0.210923, 0.193085, 0.0, 0.981182, 2.99408, 0.0, 1.0, 0.0, 0.685832, 0.0, 0.0, 0.0, 1.0],
                [-0.981182, 0.0, 0.193085, 0.210923, 0.193085, 0.0, 0.981182, 2.99408, 0.0, 1.0, 0.0, 0.685832, 0.0, 0.0, 0.0, 1.0],
                [-0.981182, 0.0, 0.193085, 0.210923, 0.193085, 0.0, 0.981182, 2.99408, 0.0, 1.0, 0.0, 0.685832, 0.0, 0.0, 0.0, 1.0],
                [-0.981182, 0.0, 0.193085, 0.210923, 0.193085, 0.0, 0.981182, 2.99408, 0.0, 1.0, 0.0, 0.685832, 0.0, 0.0, 0.0, 1.0],
                [-0.981182, 0.0, 0.193085, 0.210923, 0.193085, 0.0, 0.981182, 2.99408, 0.0, 1.0, 0.0, 0.685832, 0.0, 0.0, 0.0, 1.0],
                [-0.981182, 0.0, 0.193085, 0.210923, 0.193085, 0.0, 0.981182, 2.99408, 0.0, 1.0, 0.0, 0.685832, 0.0, 0.0, 0.0, 1.0],
                [-0.981182, 0.0, 0.193085, 0.210923, 0.193085, 0.0, 0.981182, 2.99408, 0.0, 1.0, 0.0, 0.685832, 0.0, 0.0, 0.0, 1.0],
                [-0.981182, 0.0, 0.193085, 0.210923, 0.193085, 0.0, 0.981182, 2.99408, 0.0, 1.0, 0.0, 0.685832, 0.0, 0.0, 0.0, 1.0],
                [-0.981182, 0.0, 0.193085, 0.210923, 0.193085, 0.0, 0.981182, 2.99408, 0.0, 1.0, 0.0, 0.685832, 0.0, 0.0, 0.0, 1.0],
                [-0.981182, 0.0, 0.193085, 0.210923, 0.193085, 0.0, 0.981182, 2.99408, 0.0, 1.0, 0.0, 0.685832, 0.0, 0.0, 0.0, 1.0],
                [-0.981182, 0.0, 0.193085, 0.210923, 0.193085, 0.0, 0.981182, 2.99408, 0.0, 1.0, 0.0, 0.685832, 0.0, 0.0, 0.0, 1.0],
                [-0.981182, 0.0, 0.193085, 0.210923, 0.193085, 0.0, 0.981182, 2.99408, 0.0, 1.0, 0.0, 0.685832, 0.0, 0.0, 0.0, 1.0],
                [-0.981182, 0.0, 0.193085, 0.210923, 0.193085, 0.0, 0.981182, 2.99408, 0.0, 1.0, 0.0, 0.685832, 0.0, 0.0, 0.0, 1.0],
                [-0.981182, 0.0, 0.193085, 0.210923, 0.193085, 0.0, 0.981182, 2.99408, 0.0, 1.0, 0.0, 0.685832, 0.0, 0.0, 0.0, 1.0],
                [-0.981182, 0.0, 0.193085, 0.210923, 0.193085, 0.0, 0.981182, 2.99408, 0.0, 1.0, 0.0, 0.685832, 0.0, 0.0, 0.0, 1.0],
                [-0.981182, 0.0, 0.193085, 0.210923, 0.193085, 0.0, 0.981182, 2.99408, 0.0, 1.0, 0.0, 0.685832, 0.0, 0.0, 0.0, 1.0],
                [-0.981182, 0.0, 0.193085, 0.210923, 0.193085, 0.0, 0.981182, 2.99408, 0.0, 1.0, 0.0, 0.685832, 0.0, 0.0, 0.0, 1.0],
                [-0.981182, 0.0, 0.193085, 0.210923, 0.193085, 0.0, 0.981182, 2.99408, 0.0, 1.0, 0.0, 0.685832, 0.0, 0.0, 0.0, 1.0],
                [-0.981182, 0.0, 0.193085, 0.210923, 0.193085, 0.0, 0.981182, 2.99408, 0.0, 1.0, 0.0, 0.685832, 0.0, 0.0, 0.0, 1.0],
                [-0.981182, 0.0, 0.193085, 0.210923, 0.193085, 0.0, 0.981182, 2.99408, 0.0, 1.0, 0.0, 0.685832, 0.0, 0.0, 0.0, 1.0],
                [-0.981182, 0.0, 0.193085, 0.210923, 0.193085, 0.0, 0.981182, 2.99408, 0.0, 1.0, 0.0, 0.685832, 0.0, 0.0, 0.0, 1.0],
                [-0.981182, 0.0, 0.193085, 0.210923, 0.193085, 0.0, 0.981182, 2.99408, 0.0, 1.0, 0.0, 0.685832, 0.0, 0.0, 0.0, 1.0],
                [-0.981182, 0.0, 0.193085, 0.210923, 0.193085, 0.0, 0.981182, 2.99408, 0.0, 1.0, 0.0, 0.685832, 0.0, 0.0, 0.0, 1.0],
                [-0.981182, 0.0, 0.193085, 0.210923, 0.193085, 0.0, 0.981182, 2.99408, 0.0, 1.0, 0.0, 0.685832, 0.0, 0.0, 0.0, 1.0],
                [-0.981182, 0.0, 0.193085, 0.210923, 0.193085, 0.0, 0.981182, 2.99408, 0.0, 1.0, 0.0, 0.685832, 0.0, 0.0, 0.0, 1.0],
                [-0.981182, 0.0, 0.193085, 0.210923, 0.193085, 0.0, 0.981182, 2.99408, 0.0, 1.0, 0.0, 0.685832, 0.0, 0.0, 0.0, 1.0],
                [-0.981182, 0.0, 0.193085, 0.210923, 0.193085, 0.0, 0.981182, 2.99408, 0.0, 1.0, 0.0, 0.685832, 0.0, 0.0, 0.0, 1.0],
                [-0.981182, 0.0, 0.193085, 0.210923, 0.193085, 0.0, 0.981182, 2.99408, 0.0, 1.0, 0.0, 0.685832, 0.0, 0.0, 0.0, 1.0],
                [-0.981182, 0.0, 0.193085, 0.210923, 0.193085, 0.0, 0.981182, 2.99408, 0.0, 1.0, 0.0, 0.685832, 0.0, 0.0, 0.0, 1.0],
                [-0.981182, 0.0, 0.193085, 0.210923, 0.193085, 0.0, 0.981182, 2.99408, 0.0, 1.0, 0.0, 0.685832, 0.0, 0.0, 0.0, 1.0],
                [-0.981182, 0.0, 0.193085, 0.210923, 0.193085, 0.0, 0.981182, 2.99408, 0.0, 1.0, 0.0, 0.685832, 0.0, 0.0, 0.0, 1.0],
                [-0.981888, 0.0, 0.189461, 0.210534, 0.189461, 0.0, 0.981888, 2.993348, 0.0, 1.0, 0.0, 0.685976, 0.0, 0.0, 0.0, 1.0],
                [-0.983897, 0.0, 0.178737, 0.209394, 0.178737, 0.0, 0.983897, 2.991201, 0.0, 1.0, 0.0, 0.686398, 0.0, 0.0, 0.0, 1.0],
                [-0.986955, 0.0, 0.160998, 0.207542, 0.160998, 0.0, 0.986955, 2.987713, 0.0, 1.0, 0.0, 0.687085, 0.0, 0.0, 0.0, 1.0],
                [-0.990685, 0.0, 0.136175, 0.205017, 0.136175, 0.0, 0.990685, 2.98296, 0.0, 1.0, 0.0, 0.68802, 0.0, 0.0, 0.0, 1.0],
                [-0.99457, 0.0, 0.104071, 0.20186, 0.104071, 0.0, 0.99457, 2.977015, 0.0, 1.0, 0.0, 0.689189, 0.0, 0.0, 0.0, 1.0],
                [-0.997925, 0.0, 0.064387, 0.198109, 0.064387, 0.0, 0.997925, 2.969954, 0.0, 1.0, 0.0, 0.690579, 0.0, 0.0, 0.0, 1.0],
                [-0.999859, 0.0, 0.016758, 0.193805, 0.016758, 0.0, 0.999859, 2.961849, 0.0, 1.0, 0.0, 0.692173, 0.0, 0.0, 0.0, 1.0],
                [-0.999231, 0.0, -0.039194, 0.188987, -0.039194, 0.0, 0.999231, 2.952777, 0.0, 1.0, 0.0, 0.693958, 0.0, 0.0, 0.0, 1.0],
                [-0.994599, 0.0, -0.103794, 0.183694, -0.103794, 0.0, 0.994599, 2.942811, 0.0, 1.0, 0.0, 0.695919, 0.0, 0.0, 0.0, 1.0],
                [-0.984174, 0.0, -0.177205, 0.177966, -0.177205, 0.0, 0.984174, 2.932026, 0.0, 1.0, 0.0, 0.698041, 0.0, 0.0, 0.0, 1.0],
                [-0.965798, 0.0, -0.259294, 0.171842, -0.259294, 0.0, 0.965798, 2.920496, 0.0, 1.0, 0.0, 0.70031, 0.0, 0.0, 0.0, 1.0],
                [-0.936959, 0.0, -0.349441, 0.165363, -0.349441, 0.0, 0.936959, 2.908296, 0.0, 1.0, 0.0, 0.70271, 0.0, 0.0, 0.0, 1.0],
                [-0.894876, 0.0, -0.446316, 0.158567, -0.446316, 0.0, 0.894876, 2.8955, 0.0, 1.0, 0.0, 0.705228, 0.0, 0.0, 0.0, 1.0],
                [-0.836709, 0.0, -0.547648, 0.151494, -0.547648, 0.0, 0.836709, 2.882183, 0.0, 1.0, 0.0, 0.707848, 0.0, 0.0, 0.0, 1.0],
                [-0.759907, 0.0, -0.650032, 0.144184, -0.650032, 0.0, 0.759907, 2.86842, 0.0, 1.0, 0.0, 0.710556, 0.0, 0.0, 0.0, 1.0],
                [-0.662709, 0.0, -0.748877, 0.136677, -0.748877, 0.0, 0.662709, 2.854284, 0.0, 1.0, 0.0, 0.713337, 0.0, 0.0, 0.0, 1.0],
                [-0.544743, 0.0, -0.838603, 0.129011, -0.838603, 0.0, 0.544743, 2.83985, 0.0, 1.0, 0.0, 0.716177, 0.0, 0.0, 0.0, 1.0],
                [-0.407576, 0.0, -0.913171, 0.121226, -0.913171, 0.0, 0.407576, 2.825192, 0.0, 1.0, 0.0, 0.719061, 0.0, 0.0, 0.0, 1.0],
                [-0.254997, 0.0, -0.966942, 0.113362, -0.966942, 0.0, 0.254997, 2.810386, 0.0, 1.0, 0.0, 0.721974, 0.0, 0.0, 0.0, 1.0],
                [-0.092843, 0.0, -0.995681, 0.105459, -0.995681, 0.0, 0.092843, 2.795506, 0.0, 1.0, 0.0, 0.724902, 0.0, 0.0, 0.0, 1.0],
                [0.071726, 0.0, -0.997424, 0.097556, -0.997424, 0.0, -0.071726, 2.780625, 0.0, 1.0, 0.0, 0.72783, 0.0, 0.0, 0.0, 1.0],
                [0.231327, 0.0, -0.972876, 0.089692, -0.972876, 0.0, -0.231327, 2.765819, 0.0, 1.0, 0.0, 0.730743, 0.0, 0.0, 0.0, 1.0],
                [0.379503, 0.0, -0.925191, 0.081908, -0.925191, 0.0, -0.379503, 2.751161, 0.0, 1.0, 0.0, 0.733626, 0.0, 0.0, 0.0, 1.0],
                [0.51157, 0.0, -0.859241, 0.074242, -0.859241, 0.0, -0.51157, 2.736727, 0.0, 1.0, 0.0, 0.736466, 0.0, 0.0, 0.0, 1.0],
                [0.624954, 0.0, -0.780661, 0.066734, -0.780661, 0.0, -0.624954, 2.722591, 0.0, 1.0, 0.0, 0.739248, 0.0, 0.0, 0.0, 1.0],
                [0.719047, 0.0, -0.694961, 0.059424, -0.694961, 0.0, -0.719047, 2.708827, 0.0, 1.0, 0.0, 0.741956, 0.0, 0.0, 0.0, 1.0],
                [0.79476, 0.0, -0.606924, 0.052352, -0.606924, 0.0, -0.79476, 2.695511, 0.0, 1.0, 0.0, 0.744576, 0.0, 0.0, 0.0, 1.0],
                [0.853977, 0.0, -0.520311, 0.045556, -0.520311, 0.0, -0.853977, 2.682715, 0.0, 1.0, 0.0, 0.747093, 0.0, 0.0, 0.0, 1.0],
                [0.899054, 0.0, -0.437838, 0.039076, -0.437838, 0.0, -0.899054, 2.670515, 0.0, 1.0, 0.0, 0.749494, 0.0, 0.0, 0.0, 1.0],
                [0.932452, 0.0, -0.361293, 0.032953, -0.361293, 0.0, -0.932452, 2.658985, 0.0, 1.0, 0.0, 0.751762, 0.0, 0.0, 0.0, 1.0],
                [0.956501, 0.0, -0.29173, 0.027225, -0.29173, 0.0, -0.956501, 2.6482, 0.0, 1.0, 0.0, 0.753884, 0.0, 0.0, 0.0, 1.0],
                [0.973268, 0.0, -0.229674, 0.021932, -0.229674, 0.0, -0.973268, 2.638234, 0.0, 1.0, 0.0, 0.755845, 0.0, 0.0, 0.0, 1.0],
                [0.984517, 0.0, -0.175291, 0.017113, -0.175291, 0.0, -0.984517, 2.629162, 0.0, 1.0, 0.0, 0.75763, 0.0, 0.0, 0.0, 1.0],
                [0.991705, 0.0, -0.128533, 0.012809, -0.128533, 0.0, -0.991705, 2.621058, 0.0, 1.0, 0.0, 0.759225, 0.0, 0.0, 0.0, 1.0],
                [0.99601, 0.0, -0.089244, 0.009059, -0.089244, 0.0, -0.99601, 2.613996, 0.0, 1.0, 0.0, 0.760614, 0.0, 0.0, 0.0, 1.0],
                [0.998361, 0.0, -0.057238, 0.005901, -0.057238, 0.0, -0.998361, 2.608051, 0.0, 1.0, 0.0, 0.761784, 0.0, 0.0, 0.0, 1.0],
                [0.999477, 0.0, -0.032351, 0.003377, -0.032351, 0.0, -0.999477, 2.603297, 0.0, 1.0, 0.0, 0.762719, 0.0, 0.0, 0.0, 1.0],
                [0.999895, 0.0, -0.014492, 0.001525, -0.014492, 0.0, -0.999895, 2.59981, 0.0, 1.0, 0.0, 0.763405, 0.0, 0.0, 0.0, 1.0],
                [0.999993, 0.0, -0.003664, 0.000384, -0.003664, 0.0, -0.999993, 2.597663, 0.0, 1.0, 0.0, 0.763828, 0.0, 0.0, 0.0, 1.0],
                [1.0, 0.0, -0.0, -5e-06, -0.0, 0.0, -1.0, 2.596931, 0.0, 1.0, 0.0, 0.763972, 0.0, 0.0, 0.0, 1.0]
            ]
        },
        {
            "name": "Thigh_R",
            "time": [0.0, 0.0167, 0.0333, 0.05, 0.0667, 0.0833, 0.1, 0.1167, 0.1333, 0.15, 0.1667, 0.1833, 0.2, 0.2167, 0.2333, 0.25, 0.2667, 0.2833, 0.3, 0.3167, 0.3333, 0.35, 0.3667, 0.3833, 0.4, 0.4167, 0.4333, 0.45, 0.4667, 0.4833, 0.5, 0.5167, 0.5333, 0.55, 0.5667, 0.5833, 0.6, 0.6167, 0.6333, 0.65, 0.6667, 0.6833, 0.7, 0.7167, 0.7333, 0.75, 0.7667, 0.7833, 0.8, 0.8167, 0.8333, 0.85, 0.8667, 0.8833, 0.9, 0.9167, 0.9333, 0.95, 0.9667, 0.9833, 1.0, 1.0167, 1.0333, 1.05, 1.0667, 1.0833, 1.1, 1.1167, 1.1333, 1.15, 1.1667, 1.1833, 1.2, 1.2167, 1.2333, 1.25, 1.2667, 1.2833, 1.3, 1.3167, 1.3333, 1.35, 1.3667, 1.3833, 1.4, 1.4167, 1.4333, 1.45, 1.4667, 1.4833, 1.5, 1.5167, 1.5333, 1.55, 1.5667, 1.5833, 1.6, 1.6167, 1.6333, 1.65, 1.6667, 1.6833, 1.7, 1.7167, 1.7333, 1.75, 1.7667, 1.7833, 1.8, 1.8167, 1.8333, 1.85, 1.8667, 1.8833, 1.9, 1.9167, 1.9333, 1.95, 1.9667, 1.9833, 2.0, 2.0167],
            "transform": [
                [0.992078, 0.085607, -0.09194, 0.124948, 0.061658, -0.969461, -0.237368, -0.005881, -0.109452, 0.229818, -0.967059, 0.002586, 0.0, 0.0, 0.0, 1.0],
                [0.992078, 0.08436, -0.093086, 0.124948, 0.061658, -0.972573, -0.224274, -0.005881, -0.109452, 0.216758, -0.97007, 0.002586, 0.0, 0.0, 0.0, 1.0],
                [0.992078, 0.080764, -0.096222, 0.124948, 0.061658, -0.980388, -0.18718, -0.005881, -0.109452, 0.179765, -0.977602, 0.002586, 0.0, 0.0, 0.0, 1.0],
                [0.992078, 0.074956, -0.100812, 0.124948, 0.061658, -0.989712, -0.129106, -0.005881, -0.109452, 0.121868, -0.986493, 0.002586, 0.0, 0.0, 0.0, 1.0],
                [0.992078, 0.06705, -0.106235, 0.124948, 0.061658, -0.996675, -0.053259, -0.005881, -0.109452, 0.046287, -0.992914, 0.002585, 0.0, 0.0, 0.0, 1.0],
                [0.992078, 0.057242, -0.111825, 0.124948, 0.061658, -0.997432, 0.036436, -0.005881, -0.109453, -0.043042, -0.99306, 0.002586, 0.0, 0.0, 0.0, 1.0],
                [0.992078, 0.045878, -0.116948, 0.124948, 0.061658, -0.98891, 0.135107, -0.005881, -0.109452, -0.141247, -0.983905, 0.002586, 0.0, 0.0, 0.0, 1.0],
                [0.992078, 0.033481, -0.121081, 0.124948, 0.061658, -0.969526, 0.2371, -0.005881, -0.109453, -0.242687, -0.96391, 0.002586, 0.0, 0.0, 0.0, 1.0],
                [0.992078, 0.020723, -0.123904, 0.124948, 0.061658, -0.939653, 0.336527, -0.005881, -0.109453, -0.341501, -0.933487, 0.002586, 0.0, 0.0, 0.0, 1.0],
                [0.992078, 0.008342, -0.125347, 0.124948, 0.061658, -0.901675, 0.427994, -0.005881, -0.109453, -0.432332, -0.895047, 0.002586, 0.0, 0.0, 0.0, 1.0],
                [0.992078, -0.002946, -0.12559, 0.124948, 0.061658, -0.859609, 0.507218, -0.005881, -0.109453, -0.510943, -0.852618, 0.002586, 0.0, 0.0, 0.0, 1.0],
                [0.992078, -0.012514, -0.125, 0.124948, 0.061658, -0.818428, 0.571291, -0.005881, -0.109453, -0.574472, -0.811173, 0.002586, 0.0, 0.0, 0.0, 1.0],
                [0.992078, -0.019855, -0.124046, 0.124948, 0.061658, -0.783356, 0.618508, -0.005881, -0.109452, -0.621256, -0.775926, 0.002586, 0.0, 0.0, 0.0, 1.0],
                [0.992078, -0.024551, -0.123202, 0.124948, 0.061658, -0.759304, 0.647808, -0.005881, -0.109452, -0.650273, -0.751775, 0.002586, 0.0, 0.0, 0.0, 1.0],
                [0.992078, -0.02621, -0.12286, 0.124948, 0.061658, -0.7505, 0.657987, -0.005881, -0.109452, -0.66035, -0.742939, 0.002585, 0.0, 0.0, 0.0, 1.0],
                [0.992078, -0.02621, -0.12286, 0.124948, 0.061658, -0.7505, 0.657987, -0.005881, -0.109452, -0.66035, -0.742939, 0.002585, 0.0, 0.0, 0.0, 1.0],
                [0.992078, -0.02621, -0.12286, 0.124948, 0.061658, -0.7505, 0.657987, -0.005881, -0.109452, -0.66035, -0.742939, 0.002585, 0.0, 0.0, 0.0, 1.0],
                [0.992078, -0.02621, -0.12286, 0.124948, 0.061658, -0.7505, 0.657987, -0.005881, -0.109452, -0.66035, -0.742939, 0.002585, 0.0, 0.0, 0.0, 1.0],
                [0.992078, -0.02621, -0.12286, 0.124948, 0.061658, -0.7505, 0.657987, -0.005881, -0.109452, -0.66035, -0.742939, 0.002585, 0.0, 0.0, 0.0, 1.0],
                [0.992078, -0.02621, -0.12286, 0.124948, 0.061658, -0.7505, 0.657987, -0.005881, -0.109452, -0.66035, -0.742939, 0.002585, 0.0, 0.0, 0.0, 1.0],
                [0.992078, -0.02621, -0.12286, 0.124948, 0.061658, -0.7505, 0.657987, -0.005881, -0.109452, -0.66035, -0.742939, 0.002585, 0.0, 0.0, 0.0, 1.0],
                [0.992078, -0.02621, -0.12286, 0.124948, 0.061658, -0.7505, 0.657987, -0.005881, -0.109452, -0.66035, -0.742939, 0.002585, 0.0, 0.0, 0.0, 1.0],
                [0.992078, -0.02621, -0.12286, 0.124948, 0.061658, -0.7505, 0.657987, -0.005881, -0.109452, -0.66035, -0.742939, 0.002585, 0.0, 0.0, 0.0, 1.0],
                [0.992078, -0.02621, -0.12286, 0.124948, 0.061658, -0.7505, 0.657987, -0.005881, -0.109452, -0.66035, -0.742939, 0.002585, 0.0, 0.0, 0.0, 1.0],
                [0.992078, -0.02621, -0.12286, 0.124948, 0.061658, -0.7505, 0.657987, -0.005881, -0.109452, -0.66035, -0.742939, 0.002586, 0.0, 0.0, 0.0, 1.0],
                [0.992078, -0.02621, -0.12286, 0.124948, 0.061658, -0.7505, 0.657987, -0.005881, -0.109452, -0.66035, -0.742939, 0.002586, 0.0, 0.0, 0.0, 1.0],
                [0.992079, -0.025654, -0.122967, 0.124948, 0.061596, -0.753798, 0.654213, -0.005881, -0.109476, -0.656605, -0.746247, 0.002586, 0.0, 0.0, 0.0, 1.0],
                [0.992083, -0.024036, -0.123263, 0.124948, 0.061421, -0.763248, 0.643179, -0.005881, -0.10954, -0.645658, -0.755729, 0.002586, 0.0, 0.0, 0.0, 1.0],
                [0.992089, -0.021422, -0.123691, 0.124948, 0.061145, -0.778083, 0.625179, -0.005881, -0.109635, -0.627797, -0.770618, 0.002586, 0.0, 0.0, 0.0, 1.0],
                [0.992099, -0.017874, -0.124175, 0.124948, 0.060779, -0.797408, 0.600372, -0.005881, -0.10975, -0.603176, -0.790022, 0.002585, 0.0, 0.0, 0.0, 1.0],
                [0.992113, -0.013453, -0.124623, 0.124948, 0.060335, -0.820217, 0.568861, -0.005881, -0.109871, -0.571894, -0.812936, 0.002585, 0.0, 0.0, 0.0, 1.0],
                [0.992131, -0.008226, -0.124934, 0.124948, 0.059827, -0.845406, 0.530763, -0.005881, -0.109986, -0.534061, -0.838261, 0.002586, 0.0, 0.0, 0.0, 1.0],
                [0.992154, -0.002274, -0.125003, 0.124948, 0.059268, -0.871796, 0.48627, -0.005881, -0.110083, -0.489863, -0.864821, 0.002586, 0.0, 0.0, 0.0, 1.0],
                [0.992182, 0.004309, -0.124728, 0.124948, 0.058675, -0.89817, 0.435715, -0.005881, -0.110149, -0.439627, -0.891401, 0.002586, 0.0, 0.0, 0.0, 1.0],
                [0.992214, 0.01141, -0.124017, 0.124948, 0.058066, -0.92332, 0.379616, -0.005881, -0.110176, -0.383862, -0.916794, 0.002585, 0.0, 0.0, 0.0, 1.0],
                [0.992252, 0.0189, -0.122798, 0.124948, 0.057463, -0.946111, 0.318701, -0.005881, -0.110157, -0.323288, -0.939867, 0.002586, 0.0, 0.0, 0.0, 1.0],
                [0.992292, 0.026635, -0.121022, 0.124948, 0.056885, -0.965551, 0.253919, -0.005881, -0.11009, -0.258846, -0.959624, 0.002586, 0.0, 0.0, 0.0, 1.0],
                [0.992335, 0.034463, -0.118671, 0.124948, 0.056357, -0.980854, 0.186412, -0.005881, -0.109975, -0.191671, -0.975278, 0.002585, 0.0, 0.0, 0.0, 1.0],
                [0.992378, 0.042234, -0.115764, 0.124948, 0.0559, -0.991501, 0.117475, -0.005881, -0.109818, -0.12305, -0.986305, 0.002585, 0.0, 0.0, 0.0, 1.0],
                [0.99242, 0.049803, -0.11235, 0.124948, 0.055536, -0.997279, 0.048486, -0.005881, -0.10963, -0.054358, -0.992485, 0.002585, 0.0, 0.0, 0.0, 1.0],
                [0.992457, 0.057043, -0.108515, 0.124948, 0.055282, -0.998287, -0.019164, -0.005881, -0.109422, 0.01302, -0.99391, 0.002586, 0.0, 0.0, 0.0, 1.0],
                [0.992487, 0.063849, -0.104367, 0.124948, 0.055157, -0.994925, -0.084146, -0.005881, -0.10921, 0.077757, -0.990973, 0.002586, 0.0, 0.0, 0.0, 1.0],
                [0.992508, 0.070143, -0.100037, 0.124948, 0.055173, -0.987854, -0.145257, -0.005881, -0.109011, 0.138649, -0.984324, 0.002586, 0.0, 0.0, 0.0, 1.0],
                [0.992517, 0.075876, -0.095667, 0.124948, 0.055343, -0.977933, -0.201456, -0.005881, -0.108841, 0.194654, -0.974815, 0.002586, 0.0, 0.0, 0.0, 1.0],
                [0.992512, 0.081023, -0.091402, 0.124948, 0.055675, -0.966154, -0.251884, -0.005881, -0.108717, 0.244909, -0.963431, 0.002586, 0.0, 0.0, 0.0, 1.0],
                [0.992491, 0.085584, -0.087388, 0.124948, 0.056179, -0.953579, -0.295856, -0.005881, -0.108652, 0.288725, -0.951227, 0.002585, 0.0, 0.0, 0.0, 1.0],
                [0.992452, 0.089574, -0.083763, 0.124948, 0.056864, -0.941271, -0.332828, -0.005881, -0.108656, 0.325553, -0.93926, 0.002585, 0.0, 0.0, 0.0, 1.0],
                [0.992392, 0.093016, -0.080659, 0.124948, 0.057739, -0.930249, -0.362358, -0.005881, -0.108738, 0.354944, -0.928542, 0.002586, 0.0, 0.0, 0.0, 1.0],
                [0.992311, 0.095935, -0.078201, 0.124948, 0.058818, -0.921439, -0.384043, -0.005881, -0.108901, 0.376491, -0.919997, 0.002586, 0.0, 0.0, 0.0, 1.0],
                [0.992207, 0.098353, -0.076503, 0.124948, 0.060118, -0.915647, -0.397462, -0.005881, -0.109142, 0.389766, -0.914424, 0.002585, 0.0, 0.0, 0.0, 1.0],
                [0.992078, 0.100272, -0.075678, 0.124948, 0.061658, -0.913514, -0.402107, -0.005881, -0.109453, 0.394255, -0.91246, 0.002585, 0.0, 0.0, 0.0, 1.0],
                [0.991916, 0.101922, -0.075591, 0.124947, 0.063205, -0.913384, -0.402163, -0.005881, -0.110032, 0.394134, -0.912442, 0.002552, 0.0, 0.0, 0.0, 1.0],
                [0.991716, 0.103538, -0.076016, 0.124942, 0.064517, -0.913264, -0.402226, -0.005881, -0.111069, 0.39399, -0.912379, 0.002455, 0.0, 0.0, 0.0, 1.0],
                [0.99148, 0.105121, -0.076918, 0.124936, 0.065607, -0.913155, -0.402297, -0.005881, -0.112528, 0.393823, -0.912272, 0.0023, 0.0, 0.0, 0.0, 1.0],
                [0.991209, 0.10667, -0.078263, 0.124927, 0.06649, -0.913058, -0.402374, -0.005881, -0.11438, 0.393633, -0.912124, 0.002089, 0.0, 0.0, 0.0, 1.0],
                [0.990905, 0.108185, -0.080015, 0.124915, 0.067178, -0.912971, -0.402456, -0.005881, -0.116591, 0.39342, -0.911936, 0.001827, 0.0, 0.0, 0.0, 1.0],
                [0.990569, 0.109664, -0.082139, 0.124902, 0.067686, -0.912895, -0.402542, -0.005881, -0.119129, 0.393186, -0.911709, 0.00152, 0.0, 0.0, 0.0, 1.0],
                [0.990201, 0.111108, -0.084601, 0.124887, 0.068026, -0.912831, -0.402631, -0.005881, -0.121962, 0.392931, -0.911444, 0.001171, 0.0, 0.0, 0.0, 1.0],
                [0.989802, 0.112516, -0.087365, 0.12487, 0.068214, -0.912777, -0.402721, -0.005881, -0.125058, 0.392655, -0.911144, 0.000785, 0.0, 0.0, 0.0, 1.0],
                [0.989372, 0.113887, -0.090397, 0.124852, 0.068262, -0.912734, -0.402811, -0.005881, -0.128383, 0.392359, -0.910808, 0.000365, 0.0, 0.0, 0.0, 1.0],
                [0.988914, 0.115222, -0.093661, 0.124833, 0.068183, -0.912701, -0.402898, -0.005881, -0.131907, 0.392046, -0.91044, -8.2e-05, 0.0, 0.0, 0.0, 1.0],
                [0.988428, 0.116519, -0.097123, 0.124813, 0.067992, -0.912678, -0.402982, -0.005881, -0.135597, 0.391715, -0.91004, -0.000554, 0.0, 0.0, 0.0, 1.0],
                [0.987916, 0.117779, -0.100748, 0.124791, 0.067703, -0.912665, -0.40306, -0.005881, -0.139421, 0.391369, -0.909611, -0.001046, 0.0, 0.0, 0.0, 1.0],
                [0.987379, 0.119, -0.104502, 0.12477, 0.067329, -0.912662, -0.403131, -0.005881, -0.143347, 0.391008, -0.909156, -0.001552, 0.0, 0.0, 0.0, 1.0],
                [0.986821, 0.120183, -0.108348, 0.124747, 0.066883, -0.912667, -0.403194, -0.005881, -0.147343, 0.390634, -0.908678, -0.00207, 0.0, 0.0, 0.0, 1.0],
                [0.986245, 0.121327, -0.112254, 0.124725, 0.066379, -0.91268, -0.403246, -0.005881, -0.151377, 0.390248, -0.90818, -0.002595, 0.0, 0.0, 0.0, 1.0],
                [0.985653, 0.122431, -0.116185, 0.124702, 0.065832, -0.912702, -0.403288, -0.005881, -0.155417, 0.389853, -0.907667, -0.003121, 0.0, 0.0, 0.0, 1.0],
                [0.98505, 0.123497, -0.120105, 0.124679, 0.065254, -0.912731, -0.403316, -0.005881, -0.159432, 0.38945, -0.907144, -0.003646, 0.0, 0.0, 0.0, 1.0],
                [0.98444, 0.124522, -0.123981, 0.124657, 0.06466, -0.912766, -0.403332, -0.005881, -0.16339, 0.38904, -0.906615, -0.004164, 0.0, 0.0, 0.0, 1.0],
                [0.983829, 0.125509, -0.127779, 0.124635, 0.064063, -0.912807, -0.403334, -0.005881, -0.16726, 0.388626, -0.906087, -0.00467, 0.0, 0.0, 0.0, 1.0],
                [0.983222, 0.126455, -0.131465, 0.124614, 0.063477, -0.912854, -0.40332, -0.005881, -0.17101, 0.388209, -0.905566, -0.005162, 0.0, 0.0, 0.0, 1.0],
                [0.982625, 0.127361, -0.135004, 0.124594, 0.062916, -0.912906, -0.403292, -0.005881, -0.17461, 0.387791, -0.905058, -0.005634, 0.0, 0.0, 0.0, 1.0],
                [0.982045, 0.128228, -0.138363, 0.124574, 0.062393, -0.912961, -0.403247, -0.005881, -0.178028, 0.387374, -0.90457, -0.006081, 0.0, 0.0, 0.0, 1.0],
                [0.981489, 0.129055, -0.141509, 0.124556, 0.061921, -0.91302, -0.403187, -0.005881, -0.181233, 0.386961, -0.90411, -0.0065, 0.0, 0.0, 0.0, 1.0],
                [0.980963, 0.129842, -0.144406, 0.12454, 0.061516, -0.913081, -0.40311, -0.005881, -0.184195, 0.386553, -0.903686, -0.006887, 0.0, 0.0, 0.0, 1.0],
                [0.980475, 0.130589, -0.147022, 0.124524, 0.061189, -0.913144, -0.403017, -0.005881, -0.186882, 0.386152, -0.903306, -0.007236, 0.0, 0.0, 0.0, 1.0],
                [0.980033, 0.131297, -0.149323, 0.124511, 0.060956, -0.913208, -0.402908, -0.005881, -0.189263, 0.385761, -0.902977, -0.007543, 0.0, 0.0, 0.0, 1.0],
                [0.979643, 0.131966, -0.151274, 0.1245, 0.060828, -0.913272, -0.402782, -0.005881, -0.191308, 0.385381, -0.902708, -0.007804, 0.0, 0.0, 0.0, 1.0],
                [0.979315, 0.132595, -0.152844, 0.124491, 0.060821, -0.913336, -0.402639, -0.005881, -0.192986, 0.385014, -0.902508, -0.008015, 0.0, 0.0, 0.0, 1.0],
                [0.979054, 0.133186, -0.153996, 0.124484, 0.060948, -0.913398, -0.402479, -0.005881, -0.194265, 0.384663, -0.902383, -0.008171, 0.0, 0.0, 0.0, 1.0],
                [0.978868, 0.133738, -0.154698, 0.12448, 0.061222, -0.913457, -0.402302, -0.005881, -0.195114, 0.384329, -0.902342, -0.008268, 0.0, 0.0, 0.0, 1.0],
                [0.978763, 0.134252, -0.154916, 0.124479, 0.061658, -0.913514, -0.402107, -0.005881, -0.195501, 0.384015, -0.902392, -0.008301, 0.0, 0.0, 0.0, 1.0],
                [0.978924, 0.134476, -0.153701, 0.124479, 0.062569, -0.913901, -0.401086, -0.005881, -0.194404, 0.383016, -0.903054, -0.008282, 0.0, 0.0, 0.0, 1.0],
                [0.979507, 0.134183, -0.150204, 0.124482, 0.06423, -0.914924, -0.398482, -0.005881, -0.190894, 0.380668, -0.904793, -0.008223, 0.0, 0.0, 0.0, 1.0],
                [0.980465, 0.133414, -0.144529, 0.124486, 0.066584, -0.916542, -0.394356, -0.005881, -0.18508, 0.377029, -0.907521, -0.008127, 0.0, 0.0, 0.0, 1.0],
                [0.981739, 0.132218, -0.136776, 0.124492, 0.069566, -0.918707, -0.388763, -0.005881, -0.177059, 0.372149, -0.911129, -0.007996, 0.0, 0.0, 0.0, 1.0],
                [0.983256, 0.13065, -0.127038, 0.124499, 0.073104, -0.921369, -0.381752, -0.005881, -0.166925, 0.366073, -0.915493, -0.007833, 0.0, 0.0, 0.0, 1.0],
