{
    "armature": {
        "joints": ["Root", "Thigh_R", "Leg_R", "Knee_R", "Thigh_L", "Leg_L", "Knee_L", "Torso", "Chest", "Head", "Shoulder_R", "Arm_R", "Hand_R", "Tool_R", "Elbow_R", "Shoulder_L", "Arm_L", "Hand_L", "Tool_L", "Elbow_L"],
        "hierarchy": [
            {
                "name": "Root",
                "transform": [1.0, 0.0, 0.0, -5e-06, 0.0, 0.0, -1.0, 0.000946, 0.0, 1.0, 0.0, 0.763972, 0.0, 0.0, 0.0, 1.0],
                "children": [
                    {
                        "name": "Thigh_R",
                        "transform": [1.0, -0.0, -0.0, 0.124994, -0.0, -1.0, 0.0, -0.002831, -0.0, -0.0, -1.0, -1.2e-05, 0.0, 0.0, 0.0, 1.0],
                        "children": [
                            {
                                "name": "Leg_R",
                                "transform": [1.0, 0.0, 1e-06, 0.0, -0.0, 1.0, 0.0, 0.37472, -1e-06, -0.0, 1.0, -0.0, 0.0, 0.0, 0.0, 1.0],
                                "children": []
                            },
                            {
                                "name": "Knee_R",
                                "transform": [1.0, 0.0, -0.0, 0.0, -0.0, 0.0, -1.0, 0.37472, -0.0, 1.0, 0.0, -0.0, 0.0, 0.0, 0.0, 1.0],
                                "children": []
                            }
                        ]
                    },
                    {
                        "name": "Thigh_L",
                        "transform": [1.0, -0.0, -0.0, -0.125006, -0.0, -1.0, 0.0, -0.002831, -0.0, -0.0, -1.0, -1.2e-05, 0.0, 0.0, 0.0, 1.0],
                        "children": [
                            {
                                "name": "Leg_L",
                                "transform": [1.0, 0.0, 1e-06, -0.0, -0.0, 1.0, 0.0, 0.37472, -1e-06, -0.0, 1.0, 0.0, 0.0, 0.0, 0.0, 1.0],
                                "children": []
                            },
                            {
                                "name": "Knee_L",
                                "transform": [1.0, 0.0, -0.0, -0.0, -0.0, 0.0, -1.0, 0.37472, -0.0, 1.0, 0.0, 0.0, 0.0, 0.0, 0.0, 1.0],
                                "children": []
                            }
                        ]
                    },
                    {
                        "name": "Torso",
                        "transform": [1.0, 0.0, 0.0, 0.0, 0.0, 1.0, 0.0, 0.05, 0.0, 0.0, 1.0, 0.0, 0.0, 0.0, 0.0, 1.0],
                        "children": [
                            {
                                "name": "Chest",
                                "transform": [1.0, 0.0, 0.0, 0.0, 0.0, 1.0, 0.0, 0.3, 0.0, 0.0, 1.0, 0.0, 0.0, 0.0, 0.0, 1.0],
                                "children": [
                                    {
                                        "name": "Head",
                                        "transform": [1.0, 0.0, 0.0, 0.0, 0.0, 1.0, 0.0, 0.4, 0.0, 0.0, 1.0, 0.0, 0.0, 0.0, 0.0, 1.0],
                                        "children": []
                                    },
                                    {
                                        "name": "Shoulder_R",
                                        "transform": [0.0, 0.952114, 0.305743, 0.0, 0.0, -0.305743, 0.952114, 0.4, 1.0, 0.0, -0.0, 0.0, 0.0, 0.0, 0.0, 1.0],
                                        "children": [
                                            {
                                                "name": "Arm_R",
                                                "transform": [0.0, -0.0, -1.0, -0.0, 0.952114, 0.305743, 0.0, 0.39386, 0.305743, -0.952114, 0.0, 0.0, 0.0, 0.0, 0.0, 1.0],
                                                "children": [
                                                    {
                                                        "name": "Hand_R",
                                                        "transform": [1.0, 0.0, 0.0, 0.0, -0.0, 0.993938, 0.109947, 0.3, -0.0, -0.109947, 0.993937, 0.0, 0.0, 0.0, 0.0, 1.0],
                                                        "children": [
                                                            {
                                                                "name": "Tool_R",
                                                                "transform": [1.0, 0.0, 0.0, -0.0, 0.0, -0.999836, 0.018122, 0.272858, 0.0, -0.018122, -0.999836, 0.0, 0.0, 0.0, 0.0, 1.0],
                                                                "children": []
                                                            }
                                                        ]
                                                    },
                                                    {
                                                        "name": "Elbow_R",
                                                        "transform": [-1.0, 0.0, -0.0, 0.0, 0.0, 0.0, -1.0, 0.3, -0.0, -1.0, -0.0, 0.0, 0.0, 0.0, 0.0, 1.0],
                                                        "children": []
                                                    }
                                                ]
                                            }
                                        ]
                                    },
                                    {
                                        "name": "Shoulder_L",
                                        "transform": [-0.0, -0.952114, -0.305743, 0.0, 0.0, -0.305743, 0.952114, 0.4, -1.0, 0.0, 0.0, 0.0, 0.0, 0.0, 0.0, 1.0],
                                        "children": [
                                            {
                                                "name": "Arm_L",
                                                "transform": [-0.0, -0.0, 1.0, -0.0, -0.952114, 0.305743, -0.0, 0.39386, -0.305743, -0.952114, -0.0, 0.0, 0.0, 0.0, 0.0, 1.0],
                                                "children": [
                                                    {
                                                        "name": "Hand_L",
                                                        "transform": [1.0, -0.0, 0.0, -0.0, 0.0, 0.993937, 0.109947, 0.3, -0.0, -0.109947, 0.993937, 0.0, 0.0, 0.0, 0.0, 1.0],
                                                        "children": [
                                                            {
                                                                "name": "Tool_L",
                                                                "transform": [1.0, 0.0, 0.0, -0.0, -0.0, -0.999836, 0.018122, 0.272858, 0.0, -0.018122, -0.999836, -0.0, 0.0, 0.0, 0.0, 1.0],
                                                                "children": []
                                                            }
                                                        ]
                                                    },
                                                    {
                                                        "name": "Elbow_L",
                                                        "transform": [-1.0, 0.0, -0.0, -0.0, 0.0, -0.0, -1.0, 0.3, -0.0, -1.0, 0.0, 0.0, 0.0, 0.0, 0.0, 1.0],
                                                        "children": []
                                                    }
                                                ]
                                            }
                                        ]
                                    }
                                ]
                            }
                        ]
                    }
                ]
            }
        ]
    },
    "animation": [
        {
            "name": "Root",
            "time": [0.0, 0.0167, 0.0333, 0.05, 0.0667, 0.0833, 0.1, 0.1167, 0.1333, 0.15, 0.1667, 0.1833, 0.2, 0.2167, 0.2333, 0.25, 0.2667, 0.2833, 0.3, 0.3167, 0.3333, 0.35, 0.3667, 0.3833, 0.4, 0.4167, 0.4333, 0.45, 0.4667, 0.4833, 0.5, 0.5167, 0.5333, 0.55, 0.5667, 0.5833, 0.6, 0.6167, 0.6333, 0.65, 0.6667, 0.6833, 0.7, 0.7167, 0.7333, 0.75, 0.7667, 0.7833, 0.8, 0.8167, 0.8333, 0.85, 0.8667, 0.8833, 0.9, 0.9167, 0.9333, 0.95, 0.9667, 0.9833, 1.0, 1.0167, 1.0333, 1.05, 1.0667, 1.0833, 1.1, 1.1167, 1.1333, 1.15, 1.1667, 1.1833, 1.2, 1.2167, 1.2333, 1.25, 1.2667, 1.2833, 1.3, 1.3167, 1.3333, 1.35, 1.3667, 1.3833, 1.4, 1.4167, 1.4333, 1.45, 1.4667, 1.4833, 1.5, 1.5167, 1.5333, 1.55, 1.5667, 1.5833, 1.6, 1.6167, 1.6333, 1.65, 1.6667, 1.6833, 1.7, 1.7167, 1.7333, 1.75, 1.7667, 1.7833, 1.8, 1.8167, 1.8333, 1.85, 1.8667, 1.8833, 1.9, 1.9167, 1.9333, 1.95, 1.9667, 1.9833, 2.0, 2.0167, 2.0333, 2.05],
            "transform": [
                [0.999848, 0.0, -0.01743, -5e-06, -0.01743, 0.0, -0.999848, 0.000946, 0.0, 1.0, 0.0, 0.763972, 0.0, 0.0, 0.0, 1.0],
                [0.999952, -0.006569, -0.0073, -5e-06, -0.007337, -0.005554, -0.999958, 0.013407, 0.006528, 0.999963, -0.005602, 0.763972, 0.0, 0.0, 0.0, 1.0],
                [0.999446, -0.02506, 0.021906, -5e-06, 0.02136, -0.021818, -0.999534, 0.049003, 0.025526, 0.999448, -0.021271, 0.763972, 0.0, 0.0, 0.0, 1.0],
                [0.9962, -0.053398, 0.068806, -5e-06, 0.066225, -0.048695, -0.996616, 0.105058, 0.056568, 0.997385, -0.044973, 0.763972, 0.0, 0.0, 0.0, 1.0],
                [0.987231, -0.089065, 0.132071, -5e-06, 0.124443, -0.086379, -0.98846, 0.178895, 0.099445, 0.992273, -0.074193, 0.763972, 0.0, 0.0, 0.0, 1.0],
                [0.96919, -0.128997, 0.209836, -5e-06, 0.192488, -0.134888, -0.971984, 0.267838, 0.153688, 0.982428, -0.105902, 0.763972, 0.0, 0.0, 0.0, 1.0],
                [0.938988, -0.169619, 0.299216, -5e-06, 0.265953, -0.193592, -0.944347, 0.369208, 0.218105, 0.966308, -0.13667, 0.763972, 0.0, 0.0, 0.0, 1.0],
                [0.894552, -0.207119, 0.39608, -5e-06, 0.339703, -0.260859, -0.903634, 0.48033, 0.29048, 0.942897, -0.162993, 0.763972, 0.0, 0.0, 0.0, 1.0],
                [0.835539, -0.237963, 0.495226, -5e-06, 0.408412, -0.333928, -0.849524, 0.598525, 0.367525, 0.912067, -0.181823, 0.763972, 0.0, 0.0, 0.0, 1.0],
                [0.763757, -0.259541, 0.591027, -5e-06, 0.467407, -0.409132, -0.783672, 0.721118, 0.445203, 0.874786, -0.191166, 0.763972, 0.0, 0.0, 0.0, 1.0],
                [0.683051, -0.270699, 0.678354, -5e-06, 0.513528, -0.482443, -0.709604, 0.845431, 0.519356, 0.833049, -0.190522, 0.763972, 0.0, 0.0, 0.0, 1.0],
                [0.598649, -0.27193, 0.753441, -5e-06, 0.545666, -0.550156, -0.632121, 0.968787, 0.586403, 0.789546, -0.180968, 0.763972, 0.0, 0.0, 0.0, 1.0],
                [0.516228, -0.265164, 0.814369, -5e-06, 0.56476, -0.609443, -0.55644, 1.088509, 0.643859, 0.747173, -0.164858, 0.763972, 0.0, 0.0, 0.0, 1.0],
                [0.441059, -0.253252, 0.861006, -5e-06, 0.573322, -0.658589, -0.487404, 1.20192, 0.690485, 0.708607, -0.145281, 0.763972, 0.0, 0.0, 0.0, 1.0],
                [0.377506, -0.239386, 0.89453, -5e-06, 0.574707, -0.696883, -0.429029, 1.306344, 0.726086, 0.676054, -0.125501, 0.763972, 0.0, 0.0, 0.0, 1.0],
                [0.328962, -0.226616, 0.916749, -5e-06, 0.572407, -0.724265, -0.384435, 1.399103, 0.751089, 0.651218, -0.108539, 0.763972, 0.0, 0.0, 0.0, 1.0],
                [0.298096, -0.217556, 0.929412, -5e-06, 0.569493, -0.740868, -0.356079, 1.47752, 0.766039, 0.63544, -0.096953, 0.763972, 0.0, 0.0, 0.0, 1.0],
                [0.287274, -0.21421, 0.933589, -5e-06, 0.568209, -0.746544, -0.346136, 1.538919, 0.771111, 0.62991, -0.092747, 0.763972, 0.0, 0.0, 0.0, 1.0],
                [0.287274, -0.21421, 0.933589, -5e-06, 0.568209, -0.746544, -0.346136, 1.581995, 0.771111, 0.62991, -0.092747, 0.763972, 0.0, 0.0, 0.0, 1.0],
                [0.287274, -0.21421, 0.933589, -5e-06, 0.568209, -0.746544, -0.346136, 1.61094, 0.771111, 0.62991, -0.092747, 0.763972, 0.0, 0.0, 0.0, 1.0],
                [0.287274, -0.21421, 0.933589, -5e-06, 0.568209, -0.746544, -0.346136, 1.631315, 0.771111, 0.62991, -0.092747, 0.763972, 0.0, 0.0, 0.0, 1.0],
                [0.287274, -0.21421, 0.933589, -5e-06, 0.568209, -0.746544, -0.346136, 1.648686, 0.771111, 0.62991, -0.092747, 0.763972, 0.0, 0.0, 0.0, 1.0],
                [0.287274, -0.21421, 0.933589, -5e-06, 0.568209, -0.746544, -0.346136, 1.668616, 0.771111, 0.62991, -0.092747, 0.763972, 0.0, 0.0, 0.0, 1.0],
                [0.273348, -0.209247, 0.93888, -5e-06, 0.574934, -0.746983, -0.333867, 1.695619, 0.771188, 0.631056, -0.083883, 0.763972, 0.0, 0.0, 0.0, 1.0],
                [0.231864, -0.194671, 0.95307, -5e-06, 0.593625, -0.747861, -0.297174, 1.730022, 0.770615, 0.63467, -0.057841, 0.763972, 0.0, 0.0, 0.0, 1.0],
                [0.161258, -0.170543, 0.972065, -5e-06, 0.621047, -0.747949, -0.23425, 1.771099, 0.767005, 0.641473, -0.014698, 0.763972, 0.0, 0.0, 0.0, 1.0],
                [0.058146, -0.136748, 0.988898, -5e-06, 0.651801, -0.7451, -0.14136, 1.818128, 0.756158, 0.652784, 0.045808, 0.763972, 0.0, 0.0, 0.0, 1.0],
                [-0.081019, -0.093687, 0.9923, -5e-06, 0.676851, -0.735982, -0.014223, 1.870385, 0.731648, 0.670487, 0.123041, 0.763972, 0.0, 0.0, 0.0, 1.0],
                [-0.256753, -0.043416, 0.965501, -5e-06, 0.681996, -0.715983, 0.149165, 1.927147, 0.684806, 0.696767, 0.21344, 0.763972, 0.0, 0.0, 0.0, 1.0],
                [-0.461196, 0.008851, 0.887254, -5e-06, 0.647881, -0.679869, 0.343552, 1.98769, 0.606257, 0.73328, 0.307818, 0.763972, 0.0, 0.0, 0.0, 1.0],
                [-0.672288, 0.053822, 0.73833, -5e-06, 0.554616, -0.623986, 0.550494, 2.051291, 0.490336, 0.77958, 0.389648, 0.763972, 0.0, 0.0, 0.0, 1.0],
                [-0.853753, 0.079833, 0.514521, -5e-06, 0.39284, -0.549803, 0.737152, 2.117226, 0.341734, 0.831471, 0.438034, 0.763972, 0.0, 0.0, 0.0, 1.0],
                [-0.968126, 0.078327, 0.237899, -5e-06, 0.175393, -0.466049, 0.8672, 2.184772, 0.178798, 0.881285, 0.437456, 0.763972, 0.0, 0.0, 0.0, 1.0],
                [-0.997596, 0.049538, -0.048456, -5e-06, -0.063862, -0.385767, 0.920383, 2.253204, 0.026902, 0.921265, 0.388003, 0.763972, 0.0, 0.0, 0.0, 1.0],
                [-0.953134, 0.002373, -0.302541, -5e-06, -0.287394, -0.31963, 0.902907, 2.321801, -0.094558, 0.947539, 0.305332, 0.763972, 0.0, 0.0, 0.0, 1.0],
                [-0.86344, -0.051405, -0.501826, -5e-06, -0.471442, -0.271714, 0.838996, 2.389837, -0.179482, 0.961004, 0.210374, 0.763972, 0.0, 0.0, 0.0, 1.0],
                [-0.757749, -0.102598, -0.644431, -5e-06, -0.609751, -0.240423, 0.755248, 2.456591, -0.232423, 0.965231, 0.119621, 0.763972, 0.0, 0.0, 0.0, 1.0],
                [-0.656649, -0.146161, -0.739898, -5e-06, -0.707173, -0.221665, 0.671394, 2.521337, -0.262141, 0.964107, 0.042195, 0.763972, 0.0, 0.0, 0.0, 1.0],
                [-0.571627, -0.180194, -0.800483, -5e-06, -0.77232, -0.211267, 0.599073, 2.583354, -0.277065, 0.960675, -0.018401, 0.763972, 0.0, 0.0, 0.0, 1.0],
                [-0.508129, -0.204415, -0.836672, -5e-06, -0.813257, -0.205974, 0.544232, 2.641916, -0.283582, 0.956969, -0.061581, 0.763972, 0.0, 0.0, 0.0, 1.0],
                [-0.468682, -0.219018, -0.855785, -5e-06, -0.835819, -0.203605, 0.509855, 2.696301, -0.28591, 0.954241, -0.087634, 0.763972, 0.0, 0.0, 0.0, 1.0],
                [-0.455066, -0.223985, -0.861827, -5e-06, -0.843133, -0.202939, 0.497938, 2.745785, -0.286429, 0.953229, -0.096499, 0.763972, 0.0, 0.0, 0.0, 1.0],
                [-0.455066, -0.223985, -0.861827, -5e-06, -0.843133, -0.202939, 0.497938, 2.789797, -0.286429, 0.953229, -0.096499, 0.763972, 0.0, 0.0, 0.0, 1.0],
                [-0.455066, -0.223985, -0.861827, -5e-06, -0.843133, -0.202939, 0.497938, 2.828374, -0.286429, 0.953229, -0.096499, 0.763972, 0.0, 0.0, 0.0, 1.0],
                [-0.455066, -0.223985, -0.861827, -5e-06, -0.843133, -0.202939, 0.497938, 2.861704, -0.286429, 0.953229, -0.096499, 0.763972, 0.0, 0.0, 0.0, 1.0],
                [-0.455066, -0.223985, -0.861827, -5e-06, -0.843133, -0.202939, 0.497938, 2.889977, -0.286429, 0.953229, -0.096499, 0.763972, 0.0, 0.0, 0.0, 1.0],
                [-0.455066, -0.223985, -0.861827, -5e-06, -0.843133, -0.202939, 0.497938, 2.913382, -0.286429, 0.953229, -0.096499, 0.763972, 0.0, 0.0, 0.0, 1.0],
                [-0.455066, -0.223985, -0.861827, -5e-06, -0.843133, -0.202939, 0.497938, 2.932108, -0.286429, 0.953229, -0.096499, 0.763972, 0.0, 0.0, 0.0, 1.0],
                [-0.455066, -0.223985, -0.861827, -5e-06, -0.843133, -0.202939, 0.497938, 2.946343, -0.286429, 0.953229, -0.096499, 0.763972, 0.0, 0.0, 0.0, 1.0],
                [-0.455066, -0.223985, -0.861827, -5e-06, -0.843133, -0.202939, 0.497938, 2.956277, -0.286429, 0.953229, -0.096499, 0.763972, 0.0, 0.0, 0.0, 1.0],
                [-0.455066, -0.223985, -0.861827, -5e-06, -0.843133, -0.202939, 0.497938, 2.962099, -0.286429, 0.953229, -0.096499, 0.763972, 0.0, 0.0, 0.0, 1.0],
                [-0.455066, -0.223985, -0.861827, -5e-06, -0.843133, -0.202939, 0.497938, 2.963998, -0.286429, 0.953229, -0.096499, 0.763972, 0.0, 0.0, 0.0, 1.0],
                [-0.455066, -0.223985, -0.861827, -5e-06, -0.843133, -0.202939, 0.497938, 2.963998, -0.286429, 0.953229, -0.096499, 0.763972, 0.0, 0.0, 0.0, 1.0],
                [-0.455066, -0.223985, -0.861827, -5e-06, -0.843133, -0.202939, 0.497938, 2.963998, -0.286429, 0.953229, -0.096499, 0.763972, 0.0, 0.0, 0.0, 1.0],
                [-0.455066, -0.223985, -0.861827, -5e-06, -0.843133, -0.202939, 0.497938, 2.963998, -0.286429, 0.953229, -0.096499, 0.763972, 0.0, 0.0, 0.0, 1.0],
                [-0.455066, -0.223985, -0.861827, -5e-06, -0.843133, -0.202939, 0.497938, 2.963998, -0.286429, 0.953229, -0.096499, 0.763972, 0.0, 0.0, 0.0, 1.0],
                [-0.455066, -0.223985, -0.861827, -5e-06, -0.843133, -0.202939, 0.497938, 2.963998, -0.286429, 0.953229, -0.096499, 0.763972, 0.0, 0.0, 0.0, 1.0],
                [-0.455066, -0.223985, -0.861827, -5e-06, -0.843133, -0.202939, 0.497938, 2.963998, -0.286429, 0.953229, -0.096499, 0.763972, 0.0, 0.0, 0.0, 1.0],
                [-0.455066, -0.223985, -0.861827, -5e-06, -0.843133, -0.202939, 0.497938, 2.963998, -0.286429, 0.953229, -0.096499, 0.763972, 0.0, 0.0, 0.0, 1.0],
                [-0.455066, -0.223985, -0.861827, -5e-06, -0.843133, -0.202939, 0.497938, 2.963998, -0.286429, 0.953229, -0.096499, 0.763972, 0.0, 0.0, 0.0, 1.0],
                [-0.455066, -0.223985, -0.861827, -5e-06, -0.843133, -0.202939, 0.497938, 2.963998, -0.286429, 0.953229, -0.096499, 0.763972, 0.0, 0.0, 0.0, 1.0],
                [-0.455066, -0.223985, -0.861827, -5e-06, -0.843133, -0.202939, 0.497938, 2.963998, -0.286429, 0.953229, -0.096499, 0.763972, 0.0, 0.0, 0.0, 1.0],
                [-0.455066, -0.223985, -0.861827, -5e-06, -0.843133, -0.202939, 0.497938, 2.963998, -0.286429, 0.953229, -0.096499, 0.763972, 0.0, 0.0, 0.0, 1.0],
                [-0.455066, -0.223985, -0.861827, -5e-06, -0.843133, -0.202939, 0.497938, 2.963998, -0.286429, 0.953229, -0.096499, 0.763972, 0.0, 0.0, 0.0, 1.0],
                [-0.455066, -0.223985, -0.861827, -5e-06, -0.843133, -0.202939, 0.497938, 2.963998, -0.286429, 0.953229, -0.096499, 0.763972, 0.0, 0.0, 0.0, 1.0],
                [-0.455066, -0.223985, -0.861827, -5e-06, -0.843133, -0.202939, 0.497938, 2.963998, -0.286429, 0.953229, -0.096499, 0.763972, 0.0, 0.0, 0.0, 1.0],
                [-0.455066, -0.223985, -0.861827, -5e-06, -0.843133, -0.202939, 0.497938, 2.963998, -0.286429, 0.953229, -0.096499, 0.763972, 0.0, 0.0, 0.0, 1.0],
                [-0.455066, -0.223985, -0.861827, -5e-06, -0.843133, -0.202939, 0.497938, 2.963998, -0.286429, 0.953229, -0.096499, 0.763972, 0.0, 0.0, 0.0, 1.0],
                [-0.455066, -0.223985, -0.861827, -5e-06, -0.843133, -0.202939, 0.497938, 2.963998, -0.286429, 0.953229, -0.096499, 0.763972, 0.0, 0.0, 0.0, 1.0],
                [-0.455066, -0.223985, -0.861827, -5e-06, -0.843133, -0.202939, 0.497938, 2.963998, -0.286429, 0.953229, -0.096499, 0.763972, 0.0, 0.0, 0.0, 1.0],
                [-0.455066, -0.223985, -0.861827, -5e-06, -0.843133, -0.202939, 0.497938, 2.963998, -0.286429, 0.953229, -0.096499, 0.763972, 0.0, 0.0, 0.0, 1.0],
                [-0.455066, -0.223985, -0.861827, -5e-06, -0.843133, -0.202939, 0.497938, 2.963998, -0.286429, 0.953229, -0.096499, 0.763972, 0.0, 0.0, 0.0, 1.0],
                [-0.455066, -0.223985, -0.861827, -5e-06, -0.843133, -0.202939, 0.497938, 2.963998, -0.286429, 0.953229, -0.096499, 0.763972, 0.0, 0.0, 0.0, 1.0],
                [-0.455066, -0.223985, -0.861827, -5e-06, -0.843133, -0.202939, 0.497938, 2.963998, -0.286429, 0.953229, -0.096499, 0.763972, 0.0, 0.0, 0.0, 1.0],
                [-0.455066, -0.223985, -0.861827, -5e-06, -0.843133, -0.202939, 0.497938, 2.963998, -0.286429, 0.953229, -0.096499, 0.763972, 0.0, 0.0, 0.0, 1.0],
                [-0.455066, -0.223985, -0.861827, -5e-06, -0.843133, -0.202939, 0.497938, 2.963998, -0.286429, 0.953229, -0.096499, 0.763972, 0.0, 0.0, 0.0, 1.0],
                [-0.455066, -0.223985, -0.861827, -5e-06, -0.843133, -0.202939, 0.497938, 2.963998, -0.286429, 0.953229, -0.096499, 0.763972, 0.0, 0.0, 0.0, 1.0],
                [-0.455066, -0.223985, -0.861827, -5e-06, -0.843133, -0.202939, 0.497938, 2.963998, -0.286429, 0.953229, -0.096499, 0.763972, 0.0, 0.0, 0.0, 1.0],
                [-0.455066, -0.223985, -0.861827, -5e-06, -0.843133, -0.202939, 0.497938, 2.963998, -0.286429, 0.953229, -0.096499, 0.763972, 0.0, 0.0, 0.0, 1.0],
                [-0.455066, -0.223985, -0.861827, -5e-06, -0.843133, -0.202939, 0.497938, 2.963998, -0.286429, 0.953229, -0.096499, 0.763972, 0.0, 0.0, 0.0, 1.0],
                [-0.455066, -0.223985, -0.861827, -5e-06, -0.843133, -0.202939, 0.497938, 2.963998, -0.286429, 0.953229, -0.096499, 0.763972, 0.0, 0.0, 0.0, 1.0],
                [-0.455066, -0.223985, -0.861827, -5e-06, -0.843133, -0.202939, 0.497938, 2.963998, -0.286429, 0.953229, -0.096499, 0.763972, 0.0, 0.0, 0.0, 1.0],
                [-0.455066, -0.223985, -0.861827, -5e-06, -0.843133, -0.202939, 0.497938, 2.963998, -0.286429, 0.953229, -0.096499, 0.763972, 0.0, 0.0, 0.0, 1.0],
                [-0.455066, -0.223985, -0.861827, -5e-06, -0.843133, -0.202939, 0.497938, 2.963998, -0.286429, 0.953229, -0.096499, 0.763972, 0.0, 0.0, 0.0, 1.0],
                [-0.455066, -0.223985, -0.861827, -5e-06, -0.843133, -0.202939, 0.497938, 2.963998, -0.286429, 0.953229, -0.096499, 0.763972, 0.0, 0.0, 0.0, 1.0],
                [-0.455066, -0.223985, -0.861827, -5e-06, -0.843133, -0.202939, 0.497938, 2.963998, -0.286429, 0.953229, -0.096499, 0.763972, 0.0, 0.0, 0.0, 1.0],
                [-0.455066, -0.223985, -0.861827, -5e-06, -0.843133, -0.202939, 0.497938, 2.963998, -0.286429, 0.953229, -0.096499, 0.763972, 0.0, 0.0, 0.0, 1.0],
                [-0.455066, -0.223985, -0.861827, -5e-06, -0.843133, -0.202939, 0.497938, 2.963998, -0.286429, 0.953229, -0.096499, 0.763972, 0.0, 0.0, 0.0, 1.0],
                [-0.455066, -0.223985, -0.861827, -5e-06, -0.843133, -0.202939, 0.497938, 2.963998, -0.286429, 0.953229, -0.096499, 0.763972, 0.0, 0.0, 0.0, 1.0],
                [-0.451322, -0.223249, -0.863984, -5e-06, -0.845339, -0.203185, 0.494084, 2.962921, -0.285852, 0.95335, -0.097019, 0.763972, 0.0, 0.0, 0.0, 1.0],
                [-0.440278, -0.221081, -0.870218, -5e-06, -0.851714, -0.203888, 0.482714, 2.959775, -0.284146, 0.953705, -0.09853, 0.763972, 0.0, 0.0, 0.0, 1.0],
                [-0.422087, -0.217525, -0.880072, -5e-06, -0.861802, -0.204974, 0.463987, 2.954685, -0.281321, 0.95429, -0.100946, 0.763972, 0.0, 0.0, 0.0, 1.0],
                [-0.396763, -0.212605, -0.892961, -5e-06, -0.875016, -0.20634, 0.437917, 2.947776, -0.277357, 0.955104, -0.104165, 0.763972, 0.0, 0.0, 0.0, 1.0],
                [-0.364227, -0.206334, -0.908166, -5e-06, -0.890639, -0.207857, 0.404423, 2.939174, -0.272215, 0.956149, -0.108062, 0.763972, 0.0, 0.0, 0.0, 1.0],
                [-0.324358, -0.198722, -0.924825, -5e-06, -0.907811, -0.20937, 0.363378, 2.929004, -0.265842, 0.957431, -0.112491, 0.763972, 0.0, 0.0, 0.0, 1.0],
                [-0.27704, -0.189785, -0.941929, -5e-06, -0.925522, -0.210697, 0.314667, 2.917392, -0.25818, 0.958952, -0.117279, 0.763972, 0.0, 0.0, 0.0, 1.0],
                [-0.222234, -0.17956, -0.958316, -5e-06, -0.942614, -0.211632, 0.258246, 2.904463, -0.249181, 0.960713, -0.122223, 0.763972, 0.0, 0.0, 0.0, 1.0],
                [-0.160034, -0.168109, -0.972691, -5e-06, -0.957788, -0.211952, 0.194214, 2.890342, -0.238813, 0.962713, -0.127093, 0.763972, 0.0, 0.0, 0.0, 1.0],
                [-0.090743, -0.155538, -0.983653, -5e-06, -0.96964, -0.211421, 0.12288, 2.875155, -0.227077, 0.96494, -0.131631, 0.763972, 0.0, 0.0, 0.0, 1.0],
                [-0.014929, -0.142, -0.989754, -5e-06, -0.976715, -0.209805, 0.044833, 2.859027, -0.214021, 0.967377, -0.135561, 0.763972, 0.0, 0.0, 0.0, 1.0],
                [0.066517, -0.127702, -0.98958, -5e-06, -0.977587, -0.206887, -0.039013, 2.842084, -0.199749, 0.969995, -0.138601, 0.763972, 0.0, 0.0, 0.0, 1.0],
                [0.152369, -0.112907, -0.981853, -5e-06, -0.970963, -0.202487, -0.127394, 2.824451, -0.184429, 0.972754, -0.140481, 0.763972, 0.0, 0.0, 0.0, 1.0],
                [0.241073, -0.097925, -0.965554, -5e-06, -0.955804, -0.19648, -0.218712, 2.806254, -0.168295, 0.975606, -0.140963, 0.763972, 0.0, 0.0, 0.0, 1.0],
                [0.330812, -0.083099, -0.940031, -5e-06, -0.931433, -0.188816, -0.311095, 2.787618, -0.151641, 0.97849, -0.139864, 0.763972, 0.0, 0.0, 0.0, 1.0],
                [0.419611, -0.068783, -0.905094, -5e-06, -0.897638, -0.179533, -0.40251, 2.768668, -0.134808, 0.981344, -0.137076, 0.763972, 0.0, 0.0, 0.0, 1.0],
                [0.505473, -0.055316, -0.861067, -5e-06, -0.854714, -0.168757, -0.490903, 2.749531, -0.118156, 0.984104, -0.132581, 0.763972, 0.0, 0.0, 0.0, 1.0],
                [0.586539, -0.042994, -0.808779, -5e-06, -0.803467, -0.1567, -0.574356, 2.73033, -0.102042, 0.98671, -0.126455, 0.763972, 0.0, 0.0, 0.0, 1.0],
                [0.661223, -0.032048, -0.749504, -5e-06, -0.745152, -0.143642, -0.651242, 2.711192, -0.086789, 0.989111, -0.11886, 0.763972, 0.0, 0.0, 0.0, 1.0],
                [0.728335, -0.022629, -0.684847, -5e-06, -0.681357, -0.129908, -0.720331, 2.692243, -0.072666, 0.991268, -0.110035, 0.763972, 0.0, 0.0, 0.0, 1.0],
                [0.787132, -0.014802, -0.616606, -5e-06, -0.613872, -0.115839, -0.78086, 2.673606, -0.059868, 0.993158, -0.100267, 0.763972, 0.0, 0.0, 0.0, 1.0],
                [0.837332, -0.008549, -0.546628, -5e-06, -0.544538, -0.101769, -0.832539, 2.655409, -0.048513, 0.994771, -0.08987, 0.763972, 0.0, 0.0, 0.0, 1.0],
                [0.879072, -0.00378, -0.476674, -5e-06, -0.475121, -0.088004, -0.875509, 2.637777, -0.03864, 0.996113, -0.079158, 0.763972, 0.0, 0.0, 0.0, 1.0],
                [0.912832, -0.000354, -0.408335, -5e-06, -0.407215, -0.074805, -0.910264, 2.620834, -0.030223, 0.997198, -0.068428, 0.763972, 0.0, 0.0, 0.0, 1.0],
                [0.939348, 0.001909, -0.342961, -5e-06, -0.342181, -0.062383, -0.937561, 2.604706, -0.023185, 0.99805, -0.057946, 0.763972, 0.0, 0.0, 0.0, 1.0],
                [0.959512, 0.003205, -0.281648, -5e-06, -0.281128, -0.0509, -0.95832, 2.589519, -0.017407, 0.998699, -0.047938, 0.763972, 0.0, 0.0, 0.0, 1.0],
                [0.974295, 0.003735, -0.225243, -5e-06, -0.224913, -0.04047, -0.973538, 2.575398, -0.012752, 0.999174, -0.03859, 0.763972, 0.0, 0.0, 0.0, 1.0],
                [0.984673, 0.003694, -0.174373, -5e-06, -0.174176, -0.031168, -0.984221, 2.562469, -0.009071, 0.999507, -0.030047, 0.763972, 0.0, 0.0, 0.0, 1.0],
                [0.991576, 0.003263, -0.129487, -5e-06, -0.129379, -0.02304, -0.991327, 2.550857, -0.006218, 0.999729, -0.022424, 0.763972, 0.0, 0.0, 0.0, 1.0],
                [0.995856, 0.002602, -0.090903, -5e-06, -0.090849, -0.016112, -0.995734, 2.540687, -0.004055, 0.999867, -0.015809, 0.763972, 0.0, 0.0, 0.0, 1.0],
                [0.998265, 0.001851, -0.058851, -5e-06, -0.058829, -0.010397, -0.998214, 2.532085, -0.002459, 0.999944, -0.01027, 0.763972, 0.0, 0.0, 0.0, 1.0],
                [0.999437, 0.001129, -0.033524, -5e-06, -0.033516, -0.005908, -0.999421, 2.525176, -0.001326, 0.999982, -0.005866, 0.763972, 0.0, 0.0, 0.0, 1.0],
                [0.999886, 0.000533, -0.015111, -5e-06, -0.015109, -0.002658, -0.999882, 2.520086, -0.000573, 0.999996, -0.00265, 0.763972, 0.0, 0.0, 0.0, 1.0],
                [0.999993, 0.000139, -0.003838, -5e-06, -0.003838, -0.000674, -0.999992, 2.51694, -0.000142, 1.0, -0.000674, 0.763972, 0.0, 0.0, 0.0, 1.0],
                [1.0, 0.0, -0.0, -5e-06, -0.0, 0.0, -1.0, 2.515863, 0.0, 1.0, 0.0, 0.763972, 0.0, 0.0, 0.0, 1.0]
            ]
        },
        {
            "name": "Thigh_R",
            "time": [0.0, 0.0167, 0.0333, 0.05, 0.0667, 0.0833, 0.1, 0.1167, 0.1333, 0.15, 0.1667, 0.1833, 0.2, 0.2167, 0.2333, 0.25, 0.2667, 0.2833, 0.3, 0.3167, 0.3333, 0.35, 0.3667, 0.3833, 0.4, 0.4167, 0.4333, 0.45, 0.4667, 0.4833, 0.5, 0.5167, 0.5333, 0.55, 0.5667, 0.5833, 0.6, 0.6167, 0.6333, 0.65, 0.6667, 0.6833, 0.7, 0.7167, 0.7333, 0.75, 0.7667, 0.7833, 0.8, 0.8167, 0.8333, 0.85, 0.8667, 0.8833, 0.9, 0.9167, 0.9333, 0.95, 0.9667, 0.9833, 1.0, 1.0167, 1.0333, 1.05, 1.0667, 1.0833, 1.1, 1.1167, 1.1333, 1.15, 1.1667, 1.1833, 1.2, 1.2167, 1.2333, 1.25, 1.2667, 1.2833, 1.3, 1.3167, 1.3333, 1.35, 1.3667, 1.3833, 1.4, 1.4167, 1.4333, 1.45, 1.4667, 1.4833, 1.5, 1.5167, 1.5333, 1.55, 1.5667, 1.5833, 1.6, 1.6167, 1.6333, 1.65, 1.6667, 1.6833, 1.7, 1.7167, 1.7333, 1.75, 1.7667, 1.7833, 1.8, 1.8167, 1.8333, 1.85, 1.8667, 1.8833, 1.9, 1.9167, 1.9333, 1.95, 1.9667, 1.9833, 2.0, 2.0167, 2.0333, 2.05],
            "transform": [
                [0.978763, 0.134252, -0.154916, 0.124479, 0.061658, -0.913514, -0.402107, -0.005881, -0.195501, 0.384015, -0.902392, -0.008301, 0.0, 0.0, 0.0, 1.0],
                [0.978763, 0.134252, -0.154916, 0.124479, 0.061658, -0.913514, -0.402106, -0.005881, -0.195501, 0.384015, -0.902392, -0.008301, 0.0, 0.0, 0.0, 1.0],
                [0.978763, 0.134252, -0.154916, 0.124479, 0.061658, -0.913514, -0.402106, -0.005881, -0.195501, 0.384015, -0.902392, -0.008301, 0.0, 0.0, 0.0, 1.0],
                [0.978763, 0.134252, -0.154916, 0.124479, 0.061658, -0.913514, -0.402107, -0.005881, -0.195501, 0.384015, -0.902392, -0.008301, 0.0, 0.0, 0.0, 1.0],
                [0.978763, 0.134252, -0.154916, 0.124479, 0.061658, -0.913514, -0.402107, -0.005881, -0.195501, 0.384015, -0.902392, -0.008301, 0.0, 0.0, 0.0, 1.0],
                [0.978763, 0.134252, -0.154916, 0.124478, 0.061658, -0.913514, -0.402107, -0.005881, -0.195501, 0.384015, -0.902392, -0.008301, 0.0, 0.0, 0.0, 1.0],
                [0.977153, 0.147293, -0.153221, 0.124479, 0.07609, -0.915571, -0.394892, -0.005881, -0.19845, 0.374212, -0.90586, -0.008301, 0.0, 0.0, 0.0, 1.0],
                [0.971618, 0.183494, -0.149296, 0.124478, 0.116293, -0.9201, -0.374022, -0.005881, -0.205998, 0.346044, -0.915324, -0.008301, 0.0, 0.0, 0.0, 1.0],
                [0.960224, 0.238372, -0.145425, 0.124478, 0.177664, -0.923344, -0.340397, -0.005881, -0.215419, 0.30102, -0.928968, -0.008301, 0.0, 0.0, 0.0, 1.0],
                [0.940741, 0.306896, -0.144296, 0.124479, 0.255125, -0.920783, -0.295074, -0.005881, -0.223422, 0.240775, -0.944516, -0.008301, 0.0, 0.0, 0.0, 1.0],
                [0.911647, 0.383198, -0.148525, 0.124479, 0.342737, -0.908319, -0.239766, -0.005881, -0.226786, 0.167677, -0.959402, -0.008301, 0.0, 0.0, 0.0, 1.0],
                [0.872958, 0.460762, -0.160134, 0.124479, 0.433811, -0.883434, -0.177066, -0.005881, -0.223053, 0.085104, -0.971084, -0.008301, 0.0, 0.0, 0.0, 1.0],
                [0.826671, 0.53309, -0.180084, 0.124478, 0.521562, -0.846054, -0.110296, -0.005881, -0.211158, -0.002747, -0.977448, -0.008301, 0.0, 0.0, 0.0, 1.0],
                [0.776648, 0.594584, -0.208056, 0.124478, 0.600035, -0.798816, -0.043004, -0.005881, -0.191768, -0.091442, -0.977171, -0.008301, 0.0, 0.0, 0.0, 1.0],
                [0.727987, 0.641248, -0.242561, 0.124479, 0.66489, -0.746626, 0.021681, -0.005881, -0.1672, -0.17706, -0.969894, -0.008301, 0.0, 0.0, 0.0, 1.0],
                [0.68616, 0.67085, -0.281327, 0.124478, 0.713655, -0.695729, 0.081587, -0.005881, -0.140995, -0.256752, -0.956137, -0.008301, 0.0, 0.0, 0.0, 1.0],
                [0.656264, 0.682483, -0.321767, 0.124478, 0.745344, -0.652715, 0.135735, -0.005881, -0.117385, -0.328905, -0.937039, -0.008301, 0.0, 0.0, 0.0, 1.0],
                [0.642566, 0.675682, -0.361334, 0.124478, 0.759559, -0.623789, 0.184273, -0.005881, -0.100886, -0.392862, -0.914047, -0.008301, 0.0, 0.0, 0.0, 1.0],
                [0.638358, 0.658659, -0.398329, 0.124478, 0.764191, -0.604318, 0.225414, -0.005881, -0.092247, -0.448295, -0.889113, -0.008301, 0.0, 0.0, 0.0, 1.0],
                [0.63522, 0.63963, -0.432862, 0.124479, 0.767231, -0.586906, 0.258645, -0.005881, -0.088611, -0.496402, -0.863558, -0.008301, 0.0, 0.0, 0.0, 1.0],
                [0.634162, 0.617597, -0.465201, 0.124478, 0.768033, -0.572596, 0.286808, -0.005881, -0.08924, -0.539173, -0.837454, -0.008301, 0.0, 0.0, 0.0, 1.0],
                [0.636251, 0.591293, -0.495538, 0.124479, 0.765796, -0.561894, 0.31278, -0.005881, -0.093495, -0.578488, -0.810315, -0.008301, 0.0, 0.0, 0.0, 1.0],
                [0.642567, 0.559138, -0.523901, 0.124479, 0.759559, -0.554841, 0.339443, -0.005881, -0.100886, -0.616048, -0.781221, -0.008301, 0.0, 0.0, 0.0, 1.0],
                [0.658823, 0.514347, -0.548999, 0.124479, 0.743613, -0.555803, 0.371647, -0.005881, -0.113979, -0.653093, -0.748651, -0.008301, 0.0, 0.0, 0.0, 1.0],
                [0.687306, 0.453049, -0.567765, 0.124478, 0.713563, -0.56725, 0.411163, -0.005881, -0.135788, -0.687731, -0.713153, -0.008301, 0.0, 0.0, 0.0, 1.0],
                [0.72362, 0.377974, -0.577503, 0.124479, 0.669892, -0.586089, 0.45579, -0.005881, -0.166191, -0.716683, -0.677308, -0.008301, 0.0, 0.0, 0.0, 1.0],
                [0.763168, 0.292637, -0.576141, 0.124478, 0.613117, -0.609534, 0.502549, -0.005881, -0.204113, -0.736771, -0.644597, -0.008301, 0.0, 0.0, 0.0, 1.0],
                [0.801625, 0.201664, -0.562787, 0.124478, 0.544327, -0.635464, 0.547625, -0.005881, -0.247194, -0.74533, -0.619175, -0.008301, 0.0, 0.0, 0.0, 1.0],
                [0.835579, 0.11071, -0.538099, 0.124478, 0.465514, -0.662809, 0.586498, -0.005881, -0.291726, -0.740559, -0.605366, -0.008301, 0.0, 0.0, 0.0, 1.0],
                [0.86198, 0.027561, -0.506193, 0.124478, 0.37828, -0.699709, 0.606062, -0.005881, -0.337484, -0.713896, -0.613561, -0.008301, 0.0, 0.0, 0.0, 1.0],
                [0.879597, -0.045466, -0.473541, 0.124479, 0.283036, -0.750057, 0.59775, -0.005881, -0.38236, -0.659809, -0.646879, -0.008301, 0.0, 0.0, 0.0, 1.0],
                [0.889228, -0.109646, -0.44413, 0.124478, 0.182029, -0.805878, 0.563406, -0.005881, -0.41969, -0.581841, -0.69665, -0.008301, 0.0, 0.0, 0.0, 1.0],
                [0.892198, -0.165227, -0.420337, 0.124479, 0.079533, -0.858659, 0.506338, -0.005881, -0.444587, -0.485184, -0.752953, -0.008301, 0.0, 0.0, 0.0, 1.0],
                [0.89033, -0.211778, -0.403066, 0.124478, -0.018575, -0.901403, 0.432582, -0.005881, -0.454936, -0.377654, -0.80648, -0.008301, 0.0, 0.0, 0.0, 1.0],
                [0.88574, -0.248751, -0.391902, 0.124478, -0.106055, -0.930403, 0.350858, -0.005881, -0.451904, -0.269206, -0.850477, -0.008301, 0.0, 0.0, 0.0, 1.0],
                [0.880482, -0.275972, -0.385475, 0.124479, -0.177706, -0.945942, 0.271319, -0.005881, -0.439514, -0.17039, -0.881927, -0.008301, 0.0, 0.0, 0.0, 1.0],
                [0.876222, -0.293809, -0.381984, 0.124479, -0.230159, -0.951543, 0.20394, -0.005881, -0.423394, -0.09078, -0.901386, -0.008301, 0.0, 0.0, 0.0, 1.0],
                [0.874062, -0.303028, -0.379724, 0.124478, -0.261699, -0.952212, 0.157498, -0.005881, -0.409304, -0.038289, -0.911594, -0.008301, 0.0, 0.0, 0.0, 1.0],
                [0.874544, -0.30446, -0.377461, 0.124478, -0.271322, -0.952323, 0.139514, -0.005881, -0.401942, -0.019598, -0.915456, -0.008301, 0.0, 0.0, 0.0, 1.0],
                [0.877455, -0.297992, -0.375865, 0.124479, -0.265048, -0.95433, 0.137854, -0.005881, -0.399778, -0.021338, -0.916364, -0.008301, 0.0, 0.0, 0.0, 1.0],
                [0.882066, -0.284022, -0.375886, 0.124478, -0.250751, -0.958477, 0.135811, -0.005881, -0.398852, -0.025541, -0.91666, -0.008301, 0.0, 0.0, 0.0, 1.0],
                [0.887725, -0.263918, -0.377215, 0.124478, -0.229896, -0.964022, 0.133447, -0.005881, -0.398863, -0.031743, -0.916461, -0.008301, 0.0, 0.0, 0.0, 1.0],
                [0.893763, -0.239, -0.37956, 0.124479, -0.203896, -0.970215, 0.130802, -0.005881, -0.399517, -0.039515, -0.915874, -0.008301, 0.0, 0.0, 0.0, 1.0],
                [0.899574, -0.210597, -0.382641, 0.124478, -0.174164, -0.976372, 0.12792, -0.005881, -0.40054, -0.048431, -0.914998, -0.008301, 0.0, 0.0, 0.0, 1.0],
                [0.90467, -0.180074, -0.386193, 0.124479, -0.142152, -0.981938, 0.124862, -0.005881, -0.401702, -0.058061, -0.913928, -0.008301, 0.0, 0.0, 0.0, 1.0],
                [0.908722, -0.148843, -0.389962, 0.124478, -0.109356, -0.986523, 0.121712, -0.005881, -0.402823, -0.067957, -0.912752, -0.008301, 0.0, 0.0, 0.0, 1.0],
                [0.911582, -0.118357, -0.393713, 0.124479, -0.077313, -0.98993, 0.118582, -0.005881, -0.403783, -0.077658, -0.911553, -0.008302, 0.0, 0.0, 0.0, 1.0],
                [0.913289, -0.090094, -0.397222, 0.124478, -0.047589, -0.992153, 0.115614, -0.005881, -0.404522, -0.086686, -0.910411, -0.008301, 0.0, 0.0, 0.0, 1.0],
                [0.914043, -0.065544, -0.400286, 0.124479, -0.021755, -0.993359, 0.112978, -0.005881, -0.405033, -0.094558, -0.909399, -0.008302, 0.0, 0.0, 0.0, 1.0],
                [0.914161, -0.046188, -0.402711, 0.124479, -0.001378, -0.993835, 0.110857, -0.005881, -0.405348, -0.100786, -0.908589, -0.008301, 0.0, 0.0, 0.0, 1.0],
                [0.914009, -0.033499, -0.404308, 0.124479, 0.011986, -0.99392, 0.109447, -0.005881, -0.405516, -0.104881, -0.908051, -0.008301, 0.0, 0.0, 0.0, 1.0],
                [0.913909, -0.028943, -0.404885, 0.124478, 0.016786, -0.993907, 0.108937, -0.005881, -0.405571, -0.106355, -0.907855, -0.008301, 0.0, 0.0, 0.0, 1.0],
                [0.913909, -0.028943, -0.404885, 0.124478, 0.016786, -0.993907, 0.108937, -0.005881, -0.405571, -0.106355, -0.907855, -0.008301, 0.0, 0.0, 0.0, 1.0],
                [0.913909, -0.028943, -0.404885, 0.124478, 0.016786, -0.993907, 0.108937, -0.005881, -0.405571, -0.106355, -0.907855, -0.008301, 0.0, 0.0, 0.0, 1.0],
                [0.913909, -0.028943, -0.404885, 0.124478, 0.016786, -0.993907, 0.108937, -0.005881, -0.405571, -0.106355, -0.907855, -0.008301, 0.0, 0.0, 0.0, 1.0],
                [0.913909, -0.028943, -0.404885, 0.124478, 0.016786, -0.993907, 0.108937, -0.005881, -0.405571, -0.106355, -0.907855, -0.008301, 0.0, 0.0, 0.0, 1.0],
                [0.913909, -0.028943, -0.404885, 0.124478, 0.016786, -0.993907, 0.108937, -0.005881, -0.405571, -0.106355, -0.907855, -0.008301, 0.0, 0.0, 0.0, 1.0],
                [0.913909, -0.028943, -0.404885, 0.124478, 0.016786, -0.993907, 0.108937, -0.005881, -0.405571, -0.106355, -0.907855, -0.008301, 0.0, 0.0, 0.0, 1.0],
                [0.913909, -0.028943, -0.404885, 0.124478, 0.016786, -0.993907, 0.108937, -0.005881, -0.405571, -0.106355, -0.907855, -0.008301, 0.0, 0.0, 0.0, 1.0],
                [0.913909, -0.028943, -0.404885, 0.124478, 0.016786, -0.993907, 0.108937, -0.005881, -0.405571, -0.106355, -0.907855, -0.008301, 0.0, 0.0, 0.0, 1.0],
                [0.913909, -0.028943, -0.404885, 0.124478, 0.016786, -0.993907, 0.108937, -0.005881, -0.405571, -0.106355, -0.907855, -0.008301, 0.0, 0.0, 0.0, 1.0],
                [0.913909, -0.028943, -0.404885, 0.124478, 0.016786, -0.993907, 0.108937, -0.005881, -0.405571, -0.106355, -0.907855, -0.008301, 0.0, 0.0, 0.0, 1.0],
                [0.913909, -0.028943, -0.404885, 0.124478, 0.016786, -0.993907, 0.108937, -0.005881, -0.405571, -0.106355, -0.907855, -0.008301, 0.0, 0.0, 0.0, 1.0],
