{
    "animation": [
        {
            "name": "Root",
            "time": [0.0, 0.0167, 0.0333, 0.05, 0.0667, 0.0833, 0.1, 0.1167, 0.1333, 0.15, 0.1667, 0.1833, 0.2, 0.2167, 0.2333, 0.25, 0.2667, 0.2833, 0.3, 0.3167, 0.3333, 0.35, 0.3667, 0.3833, 0.4, 0.4167, 0.4333, 0.45, 0.4667],
            "transform": [
                [1.0, 0.0, 0.0, -5e-06, 0.0, 0.258819, -0.965926, 0.000946, 0.0, 0.965926, 0.258819, 0.763972, 0.0, 0.0, 0.0, 1.0],
                [1.0, 0.0, 0.0, -5e-06, 0.0, 0.258819, -0.965926, 0.000946, 0.0, 0.965926, 0.258819, 0.783404, 0.0, 0.0, 0.0, 1.0],
                [1.0, 0.0, 0.0, -5e-06, 0.0, 0.258819, -0.965926, 0.000946, 0.0, 0.965926, 0.258819, 0.802836, 0.0, 0.0, 0.0, 1.0],
                [1.0, 0.0, 0.0, -5e-06, 0.0, 0.258819, -0.965926, 0.000946, 0.0, 0.965926, 0.258819, 0.822268, 0.0, 0.0, 0.0, 1.0],
                [1.0, 0.0, 0.0, -5e-06, 0.0, 0.258819, -0.965926, 0.000946, 0.0, 0.965926, 0.258819, 0.841699, 0.0, 0.0, 0.0, 1.0],
                [1.0, 0.0, 0.0, -5e-06, 0.0, 0.258819, -0.965926, 0.000946, 0.0, 0.965926, 0.258819, 0.861131, 0.0, 0.0, 0.0, 1.0],
                [1.0, 0.0, 0.0, -5e-06, 0.0, 0.258819, -0.965926, 0.000946, 0.0, 0.965926, 0.258819, 0.858869, 0.0, 0.0, 0.0, 1.0],
                [1.0, 0.0, 0.0, -5e-06, 0.0, 0.258819, -0.965926, 0.000946, 0.0, 0.965926, 0.258819, 0.852664, 0.0, 0.0, 0.0, 1.0],
                [1.0, 0.0, 0.0, -5e-06, 0.0, 0.258819, -0.965926, 0.000946, 0.0, 0.965926, 0.258819, 0.843393, 0.0, 0.0, 0.0, 1.0],
                [1.0, 0.0, 0.0, -5e-06, 0.0, 0.258819, -0.965926, 0.000946, 0.0, 0.965926, 0.258819, 0.831932, 0.0, 0.0, 0.0, 1.0],
                [1.0, 0.0, 0.0, -5e-06, 0.0, 0.258819, -0.965926, 0.000946, 0.0, 0.965926, 0.258819, 0.819158, 0.0, 0.0, 0.0, 1.0],
                [1.0, 0.0, 0.0, -5e-06, 0.0, 0.258819, -0.965926, 0.000946, 0.0, 0.965926, 0.258819, 0.805945, 0.0, 0.0, 0.0, 1.0],
                [1.0, 0.0, 0.0, -5e-06, 0.0, 0.258819, -0.965926, 0.000946, 0.0, 0.965926, 0.258819, 0.793171, 0.0, 0.0, 0.0, 1.0],
                [1.0, 0.0, 0.0, -5e-06, 0.0, 0.258819, -0.965926, 0.000946, 0.0, 0.965926, 0.258819, 0.78171, 0.0, 0.0, 0.0, 1.0],
                [1.0, 0.0, 0.0, -5e-06, 0.0, 0.258819, -0.965926, 0.000946, 0.0, 0.965926, 0.258819, 0.772439, 0.0, 0.0, 0.0, 1.0],
                [1.0, 0.0, 0.0, -5e-06, 0.0, 0.258819, -0.965926, 0.000946, 0.0, 0.965926, 0.258819, 0.766235, 0.0, 0.0, 0.0, 1.0],
                [1.0, 0.0, 0.0, -5e-06, 0.0, 0.258819, -0.965926, 0.000946, 0.0, 0.965926, 0.258819, 0.763972, 0.0, 0.0, 0.0, 1.0],
                [1.0, 0.0, 0.0, -5e-06, 0.0, 0.258819, -0.965926, 0.000946, 0.0, 0.965926, 0.258819, 0.76965, 0.0, 0.0, 0.0, 1.0],
                [1.0, 0.0, 0.0, -5e-06, 0.0, 0.258819, -0.965926, 0.000946, 0.0, 0.965926, 0.258819, 0.783845, 0.0, 0.0, 0.0, 1.0],
                [1.0, 0.0, 0.0, -5e-06, 0.0, 0.258819, -0.965926, 0.000946, 0.0, 0.965926, 0.258819, 0.802299, 0.0, 0.0, 0.0, 1.0],
                [1.0, 0.0, 0.0, -5e-06, 0.0, 0.258819, -0.965926, 0.000946, 0.0, 0.965926, 0.258819, 0.820754, 0.0, 0.0, 0.0, 1.0],
                [1.0, 0.0, 0.0, -5e-06, 0.0, 0.258819, -0.965926, 0.000946, 0.0, 0.965926, 0.258819, 0.834949, 0.0, 0.0, 0.0, 1.0],
                [1.0, 0.0, 0.0, -5e-06, 0.0, 0.258819, -0.965926, 0.000946, 0.0, 0.965926, 0.258819, 0.840627, 0.0, 0.0, 0.0, 1.0],
                [1.0, 0.0, 0.0, -5e-06, 0.0, 0.258819, -0.965926, 0.000946, 0.0, 0.965926, 0.258819, 0.834949, 0.0, 0.0, 0.0, 1.0],
                [1.0, 0.0, 0.0, -5e-06, 0.0, 0.258819, -0.965926, 0.000946, 0.0, 0.965926, 0.258819, 0.820754, 0.0, 0.0, 0.0, 1.0],
                [1.0, 0.0, 0.0, -5e-06, 0.0, 0.258819, -0.965926, 0.000946, 0.0, 0.965926, 0.258819, 0.802299, 0.0, 0.0, 0.0, 1.0],
                [1.0, 0.0, 0.0, -5e-06, 0.0, 0.258819, -0.965926, 0.000946, 0.0, 0.965926, 0.258819, 0.783845, 0.0, 0.0, 0.0, 1.0],
                [1.0, 0.0, 0.0, -5e-06, 0.0, 0.258819, -0.965926, 0.000946, 0.0, 0.965926, 0.258819, 0.76965, 0.0, 0.0, 0.0, 1.0],
                [1.0, 0.0, 0.0, -5e-06, 0.0, 0.258819, -0.965926, 0.000946, 0.0, 0.965926, 0.258819, 0.763972, 0.0, 0.0, 0.0, 1.0]
            ]
        },
        {
            "name": "Thigh_R",
            "time": [0.0, 0.0167, 0.0333, 0.05, 0.0667, 0.0833, 0.1, 0.1167, 0.1333, 0.15, 0.1667, 0.1833, 0.2, 0.2167, 0.2333, 0.25, 0.2667, 0.2833, 0.3, 0.3167, 0.3333, 0.35, 0.3667, 0.3833, 0.4, 0.4167, 0.4333, 0.45, 0.4667],
            "transform": [
                [0.881219, -0.070525, -0.467418, 0.124994, 0.380979, -0.479401, 0.790588, -0.005666, -0.279837, -0.874758, -0.395588, 0.032399, 0.0, 0.0, 0.0, 1.0],
                [0.897592, -0.037655, -0.439216, 0.124994, 0.343133, -0.565812, 0.749744, -0.005666, -0.276745, -0.823674, -0.494948, 0.032399, 0.0, 0.0, 0.0, 1.0],
                [0.913932, -0.007109, -0.405804, 0.124994, 0.304206, -0.649879, 0.696502, -0.005666, -0.268676, -0.760004, -0.591783, 0.032399, 0.0, 0.0, 0.0, 1.0],
                [0.929852, 0.020135, -0.367381, 0.124994, 0.264987, -0.729369, 0.630716, -0.005666, -0.255257, -0.683824, -0.683541, 0.032399, 0.0, 0.0, 0.0, 1.0],
                [0.943075, 0.040465, -0.33011, 0.124994, 0.231235, -0.793182, 0.563375, -0.005666, -0.239041, -0.607638, -0.757388, 0.032399, 0.0, 0.0, 0.0, 1.0],
                [0.955375, 0.05698, -0.289849, 0.124994, 0.198607, -0.850243, 0.487485, -0.005666, -0.218665, -0.523297, -0.823618, 0.032399, 0.0, 0.0, 0.0, 1.0],
                [0.966484, 0.069212, -0.24722, 0.124994, 0.167758, -0.899202, 0.404094, -0.005666, -0.194333, -0.432024, -0.880676, 0.032399, 0.0, 0.0, 0.0, 1.0],
                [0.976168, 0.076829, -0.202963, 0.124994, 0.139307, -0.938953, 0.314579, -0.005666, -0.166404, -0.335356, -0.927279, 0.032399, 0.0, 0.0, 0.0, 1.0],
                [0.984238, 0.079667, -0.15789, 0.124994, 0.113793, -0.968711, 0.220568, -0.005666, -0.135378, -0.235058, -0.962507, 0.032399, 0.0, 0.0, 0.0, 1.0],
                [0.990568, 0.077736, -0.112839, 0.124994, 0.091647, -0.98806, 0.123848, -0.005666, -0.101864, -0.133021, -0.985865, 0.032399, 0.0, 0.0, 0.0, 1.0],
                [0.995097, 0.07122, -0.068623, 0.124994, 0.073164, -0.996974, 0.026249, -0.005666, -0.066546, -0.031141, -0.997297, 0.032399, 0.0, 0.0, 0.0, 1.0],
                [0.997833, 0.060453, -0.025985, 0.124994, 0.058494, -0.995798, -0.070462, -0.005666, -0.030135, 0.068789, -0.997176, 0.032399, 0.0, 0.0, 0.0, 1.0],
                [0.998842, 0.045892, 0.014445, 0.124994, 0.047647, -0.985196, -0.164679, -0.005666, 0.006674, 0.165176, -0.986242, 0.032399, 0.0, 0.0, 0.0, 1.0],
                [0.998244, 0.028079, 0.052167, 0.124994, 0.040501, -0.966085, -0.255029, -0.005666, 0.043237, 0.256694, -0.965525, 0.032399, 0.0, 0.0, 0.0, 1.0],
                [0.996195, 0.007596, 0.086824, 0.124994, 0.036833, -0.939552, -0.340418, -0.005666, 0.07899, 0.342321, -0.936257, 0.032399, 0.0, 0.0, 0.0, 1.0],
                [0.996738, 0.012099, 0.079797, 0.124994, 0.037331, -0.945695, -0.322903, -0.005666, 0.071557, 0.324829, -0.943062, 0.032399, 0.0, 0.0, 0.0, 1.0],
                [0.997944, 0.024171, 0.059361, 0.124994, 0.039497, -0.961329, -0.272556, -0.005666, 0.050478, 0.27434, -0.960307, 0.032399, 0.0, 0.0, 0.0, 1.0],
                [0.998826, 0.040945, 0.025884, 0.124994, 0.04516, -0.980391, -0.191814, -0.005666, 0.017523, 0.192758, -0.98109, 0.032399, 0.0, 0.0, 0.0, 1.0],
                [0.998072, 0.058661, -0.020271, 0.124994, 0.056775, -0.994879, -0.083622, -0.005666, -0.025073, 0.08231, -0.996291, 0.032399, 0.0, 0.0, 0.0, 1.0],
                [0.994299, 0.072947, -0.077765, 0.124994, 0.076718, -0.995961, 0.046648, -0.005666, -0.074048, -0.052348, -0.99588, 0.032399, 0.0, 0.0, 0.0, 1.0],
                [0.986441, 0.079565, -0.143539, 0.124994, 0.106378, -0.975993, 0.190056, -0.005666, -0.124972, -0.202748, -0.971224, 0.032399, 0.0, 0.0, 0.0, 1.0],
                [0.974182, 0.075568, -0.212743, 0.124994, 0.145297, -0.93109, 0.334604, -0.005666, -0.172797, -0.356876, -0.918031, 0.032399, 0.0, 0.0, 0.0, 1.0],
                [0.958215, 0.060387, -0.279601, 0.124994, 0.190863, -0.863029, 0.467709, -0.005666, -0.213061, -0.501531, -0.838494, 0.032399, 0.0, 0.0, 0.0, 1.0],
                [0.940127, 0.03614, -0.338902, 0.124994, 0.238866, -0.779155, 0.579534, -0.005666, -0.243114, -0.625788, -0.741138, 0.032399, 0.0, 0.0, 0.0, 1.0],
                [0.921938, 0.006931, -0.387275, 0.124994, 0.284658, -0.690179, 0.665299, -0.005666, -0.262678, -0.723606, -0.638275, 0.032399, 0.0, 0.0, 0.0, 1.0],
                [0.905589, -0.022406, -0.423564, 0.124994, 0.324236, -0.607244, 0.725346, -0.005666, -0.273458, -0.7942, -0.542649, 0.032399, 0.0, 0.0, 0.0, 1.0],
                [0.892634, -0.047382, -0.448285, 0.124994, 0.35471, -0.539862, 0.763367, -0.005666, -0.278182, -0.840419, -0.465092, 0.032399, 0.0, 0.0, 0.0, 1.0],
                [0.884213, -0.064357, -0.46263, 0.124994, 0.37414, -0.495353, 0.783993, -0.005666, -0.27962, -0.866305, -0.413919, 0.032399, 0.0, 0.0, 0.0, 1.0],
                [0.881219, -0.070525, -0.467418, 0.124994, 0.380979, -0.479401, 0.790588, -0.005666, -0.279837, -0.874758, -0.395588, 0.032399, 0.0, 0.0, 0.0, 1.0]
            ]
        },
        {
            "name": "Leg_R",
            "time": [0.0, 0.0167, 0.0333, 0.05, 0.0667, 0.0833, 0.1, 0.1167, 0.1333, 0.15, 0.1667, 0.1833, 0.2, 0.2167, 0.2333, 0.25, 0.2667, 0.2833, 0.3, 0.3167, 0.3333, 0.35, 0.3667, 0.3833, 0.4, 0.4167, 0.4333, 0.45, 0.4667],
            "transform": [
                [0.906545, -0.240559, 0.346854, 0.0, 0.000487, 0.822312, 0.569037, 0.37472, -0.42211, -0.515688, 0.74558, 0.0, 0.0, 0.0, 0.0, 1.0],
                [0.917089, -0.167321, 0.361873, -0.0, -0.012826, 0.894818, 0.446247, 0.37472, -0.398477, -0.413889, 0.818482, -0.0, 0.0, 0.0, 0.0, 1.0],
                [0.926017, -0.091865, 0.366132, -0.0, -0.029825, 0.949098, 0.313567, 0.37472, -0.3763, -0.301289, 0.876141, -0.0, 0.0, 0.0, 0.0, 1.0],
                [0.933031, -0.016601, 0.359413, -0.0, -0.049991, 0.983264, 0.175192, 0.37472, -0.356306, -0.181427, 0.916586, -0.0, 0.0, 0.0, 0.0, 1.0],
                [0.932965, -0.018235, 0.359505, -0.0, -0.051117, 0.981884, 0.182459, 0.37472, -0.356319, -0.188604, 0.915131, 0.0, 0.0, 0.0, 0.0, 1.0],
                [0.932863, -0.023577, 0.359459, -0.0, -0.052992, 0.978019, 0.20167, 0.37472, -0.356312, -0.207179, 0.911108, 0.0, 0.0, 0.0, 0.0, 1.0],
                [0.932858, -0.033258, 0.358705, 0.0, -0.053363, 0.971987, 0.228897, 0.37472, -0.356269, -0.23267, 0.904951, 0.0, 0.0, 0.0, 0.0, 1.0],
                [0.933031, -0.047862, 0.356598, 0.0, -0.049991, 0.964254, 0.260222, 0.37472, -0.356306, -0.260622, 0.897286, -0.0, 0.0, 0.0, 0.0, 1.0],
                [0.938784, -0.067189, 0.337891, -0.0, -0.03747, 0.955065, 0.294018, 0.37472, -0.342462, -0.288681, 0.894082, 0.0, 0.0, 0.0, 0.0, 1.0],
                [0.95161, -0.089304, 0.294046, 0.0, -0.014217, 0.943026, 0.332415, 0.37472, -0.306978, -0.32051, 0.896124, -0.0, 0.0, 0.0, 0.0, 1.0],
                [0.965635, -0.112134, 0.234469, 0.0, 0.016007, 0.926086, 0.376973, 0.37472, -0.259409, -0.360265, 0.896056, -0.0, 0.0, 0.0, 0.0, 1.0],
                [0.976473, -0.13357, 0.169289, 0.0, 0.048886, 0.90174, 0.429505, 0.37472, -0.210023, -0.411124, 0.887055, 0.0, 0.0, 0.0, 0.0, 1.0],
                [0.982306, -0.151946, 0.109484, -0.0, 0.07921, 0.86681, 0.492306, 0.37472, -0.169706, -0.474923, 0.863509, -0.0, 0.0, 0.0, 0.0, 1.0],
                [0.98373, -0.16694, 0.066376, 0.0, 0.100358, 0.817101, 0.567692, 0.37472, -0.149007, -0.551794, 0.820561, 0.0, 0.0, 0.0, 0.0, 1.0],
                [0.983105, -0.179495, 0.035873, 0.0, 0.111914, 0.744498, 0.658177, 0.37472, -0.144847, -0.643043, 0.752008, 0.0, 0.0, 0.0, 0.0, 1.0],
                [0.981983, -0.188879, 0.005914, 0.0, 0.11894, 0.642084, 0.757352, 0.37472, -0.146845, -0.743003, 0.65298, 0.0, 0.0, 0.0, 0.0, 1.0],
                [0.980708, -0.194059, -0.023528, 0.0, 0.121221, 0.509316, 0.851999, 0.37472, -0.153355, -0.838414, 0.523014, -0.0, 0.0, 0.0, 0.0, 1.0],
                [0.979558, -0.194438, -0.051571, -0.0, 0.118652, 0.351445, 0.92866, 0.37472, -0.162443, -0.915795, 0.367331, -0.0, 0.0, 0.0, 0.0, 1.0],
                [0.978732, -0.190234, -0.076781, 0.0, 0.111723, 0.180381, 0.977231, 0.37472, -0.172052, -0.965025, 0.197798, -0.0, 0.0, 0.0, 0.0, 1.0],
                [0.978312, -0.182624, -0.097744, -0.0, 0.10173, 0.012564, 0.994733, 0.37472, -0.180434, -0.983102, 0.03087, 0.0, 0.0, 0.0, 0.0, 1.0],
                [0.978255, -0.173511, -0.113623, 0.0, 0.090584, -0.135385, 0.986644, 0.37472, -0.186577, -0.975482, -0.116724, 0.0, 0.0, 0.0, 0.0, 1.0],
                [0.978423, -0.164998, -0.124353, -0.0, 0.080384, -0.250456, 0.964785, 0.37472, -0.190333, -0.953964, -0.231789, 0.0, 0.0, 0.0, 0.0, 1.0],
                [0.978638, -0.15893, -0.130421, 0.0, 0.073056, -0.324138, 0.943185, 0.37472, -0.192174, -0.932564, -0.305603, 0.0, 0.0, 0.0, 0.0, 1.0],
                [0.978737, -0.156683, -0.13238, -0.0, 0.070271, -0.350205, 0.934033, 0.37472, -0.192707, -0.923476, -0.331748, 0.0, 0.0, 0.0, 0.0, 1.0],
                [0.976499, -0.193492, -0.094923, 0.0, 0.049724, -0.22629, 0.97279, 0.37472, -0.209707, -0.954648, -0.211351, 0.0, 0.0, 0.0, 0.0, 1.0],
                [0.965027, -0.261572, 0.017406, -0.0, 0.009211, 0.100189, 0.994926, 0.37472, -0.261989, -0.95997, 0.099095, -0.0, 0.0, 0.0, 0.0, 1.0],
                [0.941225, -0.288825, 0.175146, 0.0, -0.013581, 0.485742, 0.873997, 0.37472, -0.337507, -0.825006, 0.45327, -0.0, 0.0, 0.0, 0.0, 1.0],
                [0.916831, -0.262431, 0.300917, -0.0, -0.007746, 0.741826, 0.670548, 0.37472, -0.399201, -0.61711, 0.678096, 0.0, 0.0, 0.0, 0.0, 1.0],
                [0.906545, -0.240559, 0.346854, 0.0, 0.000487, 0.822312, 0.569037, 0.37472, -0.42211, -0.515688, 0.74558, 0.0, 0.0, 0.0, 0.0, 1.0]
            ]
        },
        {
            "name": "Knee_R",
            "time": [0.0, 0.0167, 0.0333, 0.05, 0.0667, 0.0833, 0.1, 0.1167, 0.1333, 0.15, 0.1667, 0.1833, 0.2, 0.2167, 0.2333, 0.25, 0.2667, 0.2833, 0.3, 0.3167, 0.3333, 0.35, 0.3667, 0.3833, 0.4, 0.4167, 0.4333, 0.45, 0.4667],
            "transform": [
                [1.0, 0.0, -0.0, 0.0, -1e-06, 0.0, -1.0, 0.37472, -0.0, 1.0, 0.0, 0.0, 0.0, 0.0, 0.0, 1.0],
                [1.0, 0.0, -0.0, -0.0, -0.0, 0.0, -1.0, 0.37472, -0.0, 1.0, 0.0, -0.0, 0.0, 0.0, 0.0, 1.0],
                [1.0, 0.0, -0.0, -0.0, -0.0, 0.0, -1.0, 0.37472, -0.0, 1.0, 0.0, -0.0, 0.0, 0.0, 0.0, 1.0],
                [1.0, 0.0, -0.0, -0.0, -0.0, 0.0, -1.0, 0.37472, -0.0, 1.0, 0.0, -0.0, 0.0, 0.0, 0.0, 1.0],
                [1.0, 0.0, -0.0, -0.0, -0.0, 0.0, -1.0, 0.37472, -0.0, 1.0, 0.0, 0.0, 0.0, 0.0, 0.0, 1.0],
                [1.0, 0.0, -0.0, -0.0, -0.0, 0.0, -1.0, 0.37472, -0.0, 1.0, 0.0, 0.0, 0.0, 0.0, 0.0, 1.0],
                [1.0, 0.0, -0.0, 0.0, -0.0, 0.0, -1.0, 0.37472, -0.0, 1.0, 0.0, 0.0, 0.0, 0.0, 0.0, 1.0],
                [1.0, 0.0, -0.0, 0.0, -0.0, 0.0, -1.0, 0.37472, -0.0, 1.0, 0.0, -0.0, 0.0, 0.0, 0.0, 1.0],
                [1.0, 0.0, -0.0, -0.0, -0.0, 0.0, -1.0, 0.37472, -0.0, 1.0, 0.0, 0.0, 0.0, 0.0, 0.0, 1.0],
                [1.0, 0.0, -0.0, 0.0, -0.0, 0.0, -1.0, 0.37472, -0.0, 1.0, 0.0, -0.0, 0.0, 0.0, 0.0, 1.0],
                [1.0, 0.0, -0.0, 0.0, -0.0, 0.0, -1.0, 0.37472, -0.0, 1.0, 0.0, -0.0, 0.0, 0.0, 0.0, 1.0],
                [1.0, 0.0, -0.0, 0.0, -0.0, 0.0, -1.0, 0.37472, -0.0, 1.0, 0.0, 0.0, 0.0, 0.0, 0.0, 1.0],
                [1.0, 0.0, -0.0, -0.0, -0.0, 0.0, -1.0, 0.37472, -0.0, 1.0, 0.0, -0.0, 0.0, 0.0, 0.0, 1.0],
                [1.0, 0.0, -0.0, 0.0, -0.0, 0.0, -1.0, 0.37472, -0.0, 1.0, 0.0, 0.0, 0.0, 0.0, 0.0, 1.0],
                [1.0, 0.0, -0.0, 0.0, -0.0, 0.0, -1.0, 0.37472, -0.0, 1.0, 0.0, 0.0, 0.0, 0.0, 0.0, 1.0],
                [1.0, 0.0, -0.0, 0.0, -0.0, 0.0, -1.0, 0.37472, -0.0, 1.0, 0.0, 0.0, 0.0, 0.0, 0.0, 1.0],
                [1.0, 0.0, -0.0, 0.0, -0.0, 0.0, -1.0, 0.37472, -0.0, 1.0, 0.0, -0.0, 0.0, 0.0, 0.0, 1.0],
                [1.0, 0.0, -0.0, -0.0, -0.0, 0.0, -1.0, 0.37472, -0.0, 1.0, 0.0, -0.0, 0.0, 0.0, 0.0, 1.0],
                [1.0, 0.0, -0.0, 0.0, -0.0, 0.0, -1.0, 0.37472, -0.0, 1.0, 0.0, -0.0, 0.0, 0.0, 0.0, 1.0],
                [1.0, 0.0, -0.0, -0.0, -0.0, 0.0, -1.0, 0.37472, -0.0, 1.0, 0.0, 0.0, 0.0, 0.0, 0.0, 1.0],
                [1.0, 0.0, -0.0, 0.0, -0.0, 0.0, -1.0, 0.37472, -0.0, 1.0, 0.0, 0.0, 0.0, 0.0, 0.0, 1.0],
                [1.0, 0.0, -0.0, -0.0, -0.0, 0.0, -1.0, 0.37472, -0.0, 1.0, 0.0, 0.0, 0.0, 0.0, 0.0, 1.0],
                [1.0, 0.0, -0.0, 0.0, -0.0, 0.0, -1.0, 0.37472, -0.0, 1.0, 0.0, 0.0, 0.0, 0.0, 0.0, 1.0],
                [1.0, 0.0, -0.0, -0.0, -0.0, 0.0, -1.0, 0.37472, -0.0, 1.0, 0.0, 0.0, 0.0, 0.0, 0.0, 1.0],
                [1.0, 0.0, -0.0, 0.0, -0.0, 0.0, -1.0, 0.37472, -0.0, 1.0, 0.0, 0.0, 0.0, 0.0, 0.0, 1.0],
                [1.0, 0.0, -0.0, -0.0, -0.0, 0.0, -1.0, 0.37472, -0.0, 1.0, 0.0, -0.0, 0.0, 0.0, 0.0, 1.0],
                [1.0, 0.0, -0.0, 0.0, -0.0, 0.0, -1.0, 0.37472, -0.0, 1.0, 0.0, -0.0, 0.0, 0.0, 0.0, 1.0],
                [1.0, 0.0, -0.0, -0.0, -0.0, 0.0, -1.0, 0.37472, -0.0, 1.0, 0.0, 0.0, 0.0, 0.0, 0.0, 1.0],
                [1.0, 0.0, -0.0, 0.0, -1e-06, 0.0, -1.0, 0.37472, -0.0, 1.0, 0.0, 0.0, 0.0, 0.0, 0.0, 1.0]
            ]
        },
        {
            "name": "Thigh_L",
            "time": [0.0, 0.0167, 0.0333, 0.05, 0.0667, 0.0833, 0.1, 0.1167, 0.1333, 0.15, 0.1667, 0.1833, 0.2, 0.2167, 0.2333, 0.25, 0.2667, 0.2833, 0.3, 0.3167, 0.3333, 0.35, 0.3667, 0.3833, 0.4, 0.4167, 0.4333, 0.45, 0.4667],
            "transform": [
                [0.966185, 0.063874, -0.249815, -0.125006, -0.106285, -0.784045, -0.611537, -0.002831, -0.234927, 0.617409, -0.750743, -1.2e-05, 0.0, 0.0, 0.0, 1.0],
                [0.967952, 0.050144, -0.246078, -0.125006, -0.082813, -0.861325, -0.50126, -0.002831, -0.237088, 0.505574, -0.829569, -1.2e-05, 0.0, 0.0, 0.0, 1.0],
                [0.970046, 0.036437, -0.240172, -0.125006, -0.058087, -0.925212, -0.374977, -0.002831, -0.235873, 0.377696, -0.895383, -1.2e-05, 0.0, 0.0, 0.0, 1.0],
                [0.972438, 0.023255, -0.231999, -0.125006, -0.032825, -0.971449, -0.234964, -0.002831, -0.230839, 0.236104, -0.943911, -1.2e-05, 0.0, 0.0, 0.0, 1.0],
                [0.975071, 0.011148, -0.221611, -0.125006, -0.007908, -0.996356, -0.084917, -0.002831, -0.22175, 0.084553, -0.971431, -1.2e-05, 0.0, 0.0, 0.0, 1.0],
                [0.977865, 0.000652, -0.209236, -0.125006, 0.015697, -0.997405, 0.070255, -0.002831, -0.208647, -0.071984, -0.975338, -1.2e-05, 0.0, 0.0, 0.0, 1.0],
                [0.980719, -0.007779, -0.195266, -0.125006, 0.037054, -0.973679, 0.22489, -0.002831, -0.191876, -0.22779, -0.954618, -1.2e-05, 0.0, 0.0, 0.0, 1.0],
                [0.983528, -0.013831, -0.180224, -0.125006, 0.055369, -0.926083, 0.373234, -0.002831, -0.172065, -0.377066, -0.910063, -1.2e-05, 0.0, 0.0, 0.0, 1.0],
                [0.989091, -0.022406, -0.145592, -0.125006, 0.061233, -0.836388, 0.544707, -0.002831, -0.133976, -0.54768, -0.825892, -1.2e-05, 0.0, 0.0, 0.0, 1.0],
                [0.993767, -0.023529, -0.108965, -0.125006, 0.057103, -0.732046, 0.678858, -0.002831, -0.09574, -0.680849, -0.72614, -1.2e-05, 0.0, 0.0, 0.0, 1.0],
                [0.997063, -0.018991, -0.074194, -0.125006, 0.045847, -0.627997, 0.776864, -0.002831, -0.061347, -0.777984, -0.625282, -1.2e-05, 0.0, 0.0, 0.0, 1.0],
                [0.998965, -0.011482, -0.044019, -0.125006, 0.031017, -0.535946, 0.843682, -0.002831, -0.033279, -0.844174, -0.535035, -1.2e-05, 0.0, 0.0, 0.0, 1.0],
                [0.999788, -0.003908, -0.020235, -0.125006, 0.01611, -0.464139, 0.885616, -0.002831, -0.012853, -0.885754, -0.463978, -1.2e-05, 0.0, 0.0, 0.0, 1.0],
                [0.999991, 0.001022, -0.004133, -0.125006, 0.004181, -0.418166, 0.908361, -0.002831, -0.0008, -0.90837, -0.418166, -1.2e-05, 0.0, 0.0, 0.0, 1.0],
                [0.999995, 0.001018, 0.002959, -0.125006, -0.0023, -0.402069, 0.915606, -0.002831, 0.002122, -0.915609, -0.402064, -1.2e-05, 0.0, 0.0, 0.0, 1.0],
                [0.99999, -0.004049, 0.00164, -0.125006, -0.003199, -0.423068, 0.906092, -0.002831, -0.002975, -0.906088, -0.423078, -1.2e-05, 0.0, 0.0, 0.0, 1.0],
                [0.999903, -0.012485, -0.006245, -0.125006, -0.000545, -0.481882, 0.876236, -0.002831, -0.01395, -0.876147, -0.481842, -1.2e-05, 0.0, 0.0, 0.0, 1.0],
                [0.999519, -0.022927, -0.020899, -0.125006, 0.004056, -0.571283, 0.820743, -0.002831, -0.030756, -0.820433, -0.570915, -1.2e-05, 0.0, 0.0, 0.0, 1.0],
                [0.998539, -0.033298, -0.042559, -0.125006, 0.008495, -0.681073, 0.732166, -0.002831, -0.053366, -0.731458, -0.679795, -1.2e-05, 0.0, 0.0, 0.0, 1.0],
                [0.99665, -0.040902, -0.070826, -0.125006, 0.010276, -0.796482, 0.604575, -0.002831, -0.08114, -0.603277, -0.793393, -1.2e-05, 0.0, 0.0, 0.0, 1.0],
                [0.993647, -0.042948, -0.104023, -0.125006, 0.007021, -0.898861, 0.438177, -0.002831, -0.112321, -0.436124, -0.892849, -1.2e-05, 0.0, 0.0, 0.0, 1.0],
                [0.989574, -0.037536, -0.139046, -0.125006, -0.002671, -0.970057, 0.242862, -0.002831, -0.143999, -0.239958, -0.960044, -1.2e-05, 0.0, 0.0, 0.0, 1.0],
                [0.984776, -0.024633, -0.172073, -0.125006, -0.018458, -0.99913, 0.037392, -0.002831, -0.172845, -0.033646, -0.984374, -1.2e-05, 0.0, 0.0, 0.0, 1.0],
                [0.979801, -0.006259, -0.199878, -0.125006, -0.038257, -0.986916, -0.156628, -0.002831, -0.196282, 0.161111, -0.967221, -1.2e-05, 0.0, 0.0, 0.0, 1.0],
                [0.975201, 0.014336, -0.220857, -0.125006, -0.059074, -0.944834, -0.322177, -0.002831, -0.213292, 0.327235, -0.920556, -1.2e-05, 0.0, 0.0, 0.0, 1.0],
                [0.971377, 0.033859, -0.235119, -0.125006, -0.078064, -0.889313, -0.450587, -0.002831, -0.224351, 0.456044, -0.861215, -1.2e-05, 0.0, 0.0, 0.0, 1.0],
                [0.968543, 0.049723, -0.243829, -0.125006, -0.093113, -0.836242, -0.540397, -0.002831, -0.23077, 0.546101, -0.805307, -1.2e-05, 0.0, 0.0, 0.0, 1.0],
                [0.966791, 0.06015, -0.24839, -0.125006, -0.102843, -0.798182, -0.593573, -0.002831, -0.233964, 0.599406, -0.765489, -1.2e-05, 0.0, 0.0, 0.0, 1.0],
                [0.966185, 0.063874, -0.249815, -0.125006, -0.106285, -0.784045, -0.611537, -0.002831, -0.234927, 0.617409, -0.750743, -1.2e-05, 0.0, 0.0, 0.0, 1.0]
            ]
        },
        {
            "name": "Leg_L",
            "time": [0.0, 0.0167, 0.0333, 0.05, 0.0667, 0.0833, 0.1, 0.1167, 0.1333, 0.15, 0.1667, 0.1833, 0.2, 0.2167, 0.2333, 0.25, 0.2667, 0.2833, 0.3, 0.3167, 0.3333, 0.35, 0.3667, 0.3833, 0.4, 0.4167, 0.4333, 0.45, 0.4667],
            "transform": [
                [0.980526, -0.141369, -0.136318, 0.0, 0.181478, 0.386959, 0.904062, 0.37472, -0.075057, -0.911196, 0.405079, -0.0, 0.0, 0.0, 0.0, 1.0],
                [0.992224, -0.103034, -0.069825, 0.0, 0.094733, 0.261299, 0.960598, 0.37472, -0.080729, -0.959743, 0.269028, 0.0, 0.0, 0.0, 0.0, 1.0],
                [0.997273, -0.073739, 0.003049, 0.0, 0.006251, 0.125559, 0.992066, 0.37472, -0.073537, -0.989342, 0.125678, -0.0, 0.0, 0.0, 0.0, 1.0],
                [0.995328, -0.054877, 0.079435, 0.0, -0.080361, -0.014875, 0.996655, 0.37472, -0.053512, -0.998382, -0.019215, -0.0, 0.0, 0.0, 0.0, 1.0],
                [0.98661, -0.046998, 0.156179, -0.0, -0.161644, -0.154243, 0.97472, 0.37472, -0.02172, -0.986914, -0.159775, 0.0, 0.0, 0.0, 0.0, 1.0],
                [0.987805, -0.041814, 0.149974, 0.0, -0.154369, -0.137607, 0.978384, 0.37472, -0.020273, -0.989604, -0.142383, 0.0, 0.0, 0.0, 0.0, 1.0],
                [0.990749, -0.028497, 0.132684, -0.0, -0.134748, -0.090317, 0.986755, 0.37472, -0.016136, -0.995505, -0.093321, 0.0, 0.0, 0.0, 0.0, 1.0],
                [0.994307, -0.010885, 0.105991, -0.0, -0.106158, -0.01613, 0.994218, 0.37472, -0.009112, -0.999811, -0.017194, -0.0, 0.0, 0.0, 0.0, 1.0],
                [0.997394, 0.006891, 0.071815, -0.0, -0.072137, 0.08055, 0.994137, 0.37472, 0.001066, -0.996727, 0.080837, 0.0, 0.0, 0.0, 0.0, 1.0],
                [0.999241, 0.020899, 0.032885, 0.0, -0.036319, 0.19393, 0.980343, 0.37472, 0.014111, -0.980793, 0.194542, 0.0, 0.0, 0.0, 0.0, 1.0],
                [0.999583, 0.027986, -0.007067, 0.0, -0.002163, 0.316797, 0.948491, 0.37472, 0.028783, -0.94808, 0.316726, -0.0, 0.0, 0.0, 0.0, 1.0],
                [0.998707, 0.02629, -0.043512, -0.0, 0.027465, 0.441228, 0.896975, 0.37472, 0.04278, -0.89701, 0.439936, -0.0, 0.0, 0.0, 0.0, 1.0],
                [0.997314, 0.015483, -0.071587, 0.0, 0.050679, 0.559774, 0.827094, 0.37472, 0.052879, -0.8285, 0.557486, 0.0, 0.0, 0.0, 0.0, 1.0],
                [0.996241, -0.003335, -0.086564, 0.0, 0.066743, 0.666571, 0.742448, 0.37472, 0.055225, -0.745434, 0.664288, -0.0, 0.0, 0.0, 0.0, 1.0],
                [0.995693, -0.026323, -0.088891, 0.0, 0.077874, 0.757727, 0.647909, 0.37472, 0.050301, -0.652041, 0.756514, -0.0, 0.0, 0.0, 0.0, 1.0],
                [0.99527, -0.049402, -0.083647, -0.0, 0.087468, 0.830361, 0.550318, 0.37472, 0.04227, -0.555032, 0.830754, 0.0, 0.0, 0.0, 0.0, 1.0],
                [0.994758, -0.070821, -0.07376, 0.0, 0.096888, 0.88342, 0.458455, 0.37472, 0.032693, -0.463199, 0.885651, -0.0, 0.0, 0.0, 0.0, 1.0],
                [0.994001, -0.089656, -0.062642, -0.0, 0.106866, 0.918046, 0.381799, 0.37472, 0.023277, -0.386203, 0.92212, -0.0, 0.0, 0.0, 0.0, 1.0],
                [0.992931, -0.105707, -0.053977, 0.0, 0.117645, 0.936766, 0.32959, 0.37472, 0.015723, -0.333611, 0.94258, 0.0, 0.0, 0.0, 0.0, 1.0],
                [0.991547, -0.119079, -0.051528, -0.0, 0.129231, 0.941839, 0.310224, 0.37472, 0.011589, -0.314261, 0.949266, 0.0, 0.0, 0.0, 0.0, 1.0],
                [0.989901, -0.130426, -0.05554, 0.0, 0.14154, 0.931146, 0.336057, 0.37472, 0.007886, -0.340524, 0.940203, -0.0, 0.0, 0.0, 0.0, 1.0],
                [0.988085, -0.140133, -0.063645, -0.0, 0.153908, 0.901146, 0.405275, 0.37472, 0.000561, -0.410241, 0.911977, 0.0, 0.0, 0.0, 0.0, 1.0],
                [0.986205, -0.147431, -0.075262, 0.0, 0.165212, 0.84851, 0.502729, 0.37472, -0.010257, -0.508228, 0.861162, 0.0, 0.0, 0.0, 0.0, 1.0],
                [0.98442, -0.151539, -0.089186, 0.0, 0.174217, 0.771918, 0.611385, 0.37472, -0.023805, -0.617397, 0.786291, -0.0, 0.0, 0.0, 0.0, 1.0],
                [0.982897, -0.152193, -0.103683, -0.0, 0.180061, 0.676209, 0.714367, 0.37472, -0.03861, -0.720818, 0.692048, -0.0, 0.0, 0.0, 0.0, 1.0],
                [0.981755, -0.149977, -0.116891, -0.0, 0.182679, 0.573307, 0.798716, 0.37472, -0.052775, -0.805498, 0.590244, 0.0, 0.0, 0.0, 0.0, 1.0],
                [0.98102, -0.146268, -0.127299, -0.0, 0.182877, 0.479668, 0.858181, 0.37472, -0.064463, -0.865173, 0.497313, -0.0, 0.0, 0.0, 0.0, 1.0],
                [0.980639, -0.142832, -0.133966, -0.0, 0.182013, 0.412426, 0.892623, 0.37472, -0.072244, -0.899724, 0.430438, -0.0, 0.0, 0.0, 0.0, 1.0],
                [0.980526, -0.141369, -0.136318, 0.0, 0.181478, 0.386959, 0.904062, 0.37472, -0.075057, -0.911196, 0.405079, -0.0, 0.0, 0.0, 0.0, 1.0]
            ]
        },
        {
            "name": "Knee_L",
            "time": [0.0, 0.0167, 0.0333, 0.05, 0.0667, 0.0833, 0.1, 0.1167, 0.1333, 0.15, 0.1667, 0.1833, 0.2, 0.2167, 0.2333, 0.25, 0.2667, 0.2833, 0.3, 0.3167, 0.3333, 0.35, 0.3667, 0.3833, 0.4, 0.4167, 0.4333, 0.45, 0.4667],
            "transform": [
                [1.0, 0.0, -0.0, 0.0, -0.0, 0.0, -1.0, 0.37472, -0.0, 1.0, 0.0, -0.0, 0.0, 0.0, 0.0, 1.0],
                [1.0, 0.0, -0.0, 0.0, -0.0, 0.0, -1.0, 0.37472, -0.0, 1.0, 0.0, 0.0, 0.0, 0.0, 0.0, 1.0],
                [1.0, 0.0, -0.0, 0.0, -0.0, 0.0, -1.0, 0.37472, -0.0, 1.0, 0.0, -0.0, 0.0, 0.0, 0.0, 1.0],
                [1.0, 0.0, -0.0, 0.0, -0.0, 0.0, -1.0, 0.37472, -0.0, 1.0, 0.0, -0.0, 0.0, 0.0, 0.0, 1.0],
                [1.0, 0.0, -0.0, -0.0, -0.0, 0.0, -1.0, 0.37472, -0.0, 1.0, 0.0, 0.0, 0.0, 0.0, 0.0, 1.0],
                [1.0, 0.0, -0.0, 0.0, -0.0, 0.0, -1.0, 0.37472, -0.0, 1.0, 0.0, 0.0, 0.0, 0.0, 0.0, 1.0],
                [1.0, 0.0, -0.0, -0.0, -0.0, 0.0, -1.0, 0.37472, -0.0, 1.0, 0.0, 0.0, 0.0, 0.0, 0.0, 1.0],
                [1.0, 0.0, -0.0, -0.0, -0.0, 0.0, -1.0, 0.37472, -0.0, 1.0, 0.0, -0.0, 0.0, 0.0, 0.0, 1.0],
                [1.0, 0.0, -0.0, -0.0, -0.0, 0.0, -1.0, 0.37472, -0.0, 1.0, 0.0, 0.0, 0.0, 0.0, 0.0, 1.0],
                [1.0, 0.0, -0.0, 0.0, -0.0, 0.0, -1.0, 0.37472, -0.0, 1.0, 0.0, 0.0, 0.0, 0.0, 0.0, 1.0],
                [1.0, 0.0, -0.0, 0.0, -0.0, 0.0, -1.0, 0.37472, -0.0, 1.0, 0.0, -0.0, 0.0, 0.0, 0.0, 1.0],
                [1.0, 0.0, -0.0, -0.0, -0.0, 0.0, -1.0, 0.37472, -0.0, 1.0, 0.0, -0.0, 0.0, 0.0, 0.0, 1.0],
                [1.0, 0.0, -0.0, 0.0, -0.0, 0.0, -1.0, 0.37472, -0.0, 1.0, 0.0, 0.0, 0.0, 0.0, 0.0, 1.0],
                [1.0, 0.0, -0.0, 0.0, -0.0, 0.0, -1.0, 0.37472, -0.0, 1.0, 0.0, -0.0, 0.0, 0.0, 0.0, 1.0],
                [1.0, 0.0, -0.0, 0.0, -0.0, 0.0, -1.0, 0.37472, -0.0, 1.0, 0.0, -0.0, 0.0, 0.0, 0.0, 1.0],
                [1.0, 0.0, -0.0, -0.0, -0.0, 0.0, -1.0, 0.37472, -0.0, 1.0, 0.0, 0.0, 0.0, 0.0, 0.0, 1.0],
                [1.0, 0.0, -0.0, 0.0, -0.0, 0.0, -1.0, 0.37472, -0.0, 1.0, 0.0, -0.0, 0.0, 0.0, 0.0, 1.0],
                [1.0, 0.0, -0.0, -0.0, -0.0, 0.0, -1.0, 0.37472, -0.0, 1.0, 0.0, -0.0, 0.0, 0.0, 0.0, 1.0],
                [1.0, 0.0, -0.0, 0.0, -0.0, 0.0, -1.0, 0.37472, -0.0, 1.0, 0.0, 0.0, 0.0, 0.0, 0.0, 1.0],
                [1.0, 0.0, -0.0, -0.0, -0.0, 0.0, -1.0, 0.37472, -0.0, 1.0, 0.0, 0.0, 0.0, 0.0, 0.0, 1.0],
                [1.0, 0.0, -0.0, 0.0, -0.0, 0.0, -1.0, 0.37472, -0.0, 1.0, 0.0, -0.0, 0.0, 0.0, 0.0, 1.0],
                [1.0, 0.0, -0.0, -0.0, -0.0, 0.0, -1.0, 0.37472, -0.0, 1.0, 0.0, 0.0, 0.0, 0.0, 0.0, 1.0],
                [1.0, 0.0, -0.0, 0.0, -0.0, 0.0, -1.0, 0.37472, -0.0, 1.0, 0.0, 0.0, 0.0, 0.0, 0.0, 1.0],
                [1.0, 0.0, -0.0, 0.0, -0.0, 0.0, -1.0, 0.37472, -0.0, 1.0, 0.0, -0.0, 0.0, 0.0, 0.0, 1.0],
                [1.0, 0.0, -0.0, -0.0, -0.0, 0.0, -1.0, 0.37472, -0.0, 1.0, 0.0, -0.0, 0.0, 0.0, 0.0, 1.0],
                [1.0, 0.0, -0.0, -0.0, -0.0, 0.0, -1.0, 0.37472, -0.0, 1.0, 0.0, 0.0, 0.0, 0.0, 0.0, 1.0],
                [1.0, 0.0, -0.0, -0.0, -0.0, 0.0, -1.0, 0.37472, -0.0, 1.0, 0.0, -0.0, 0.0, 0.0, 0.0, 1.0],
                [1.0, 0.0, -0.0, -0.0, -0.0, 0.0, -1.0, 0.37472, -0.0, 1.0, 0.0, -0.0, 0.0, 0.0, 0.0, 1.0],
                [1.0, 0.0, -0.0, 0.0, -0.0, 0.0, -1.0, 0.37472, -0.0, 1.0, 0.0, -0.0, 0.0, 0.0, 0.0, 1.0]
            ]
        },
        {
            "name": "Torso",
            "time": [0.0, 0.0167, 0.0333, 0.05, 0.0667, 0.0833, 0.1, 0.1167, 0.1333, 0.15, 0.1667, 0.1833, 0.2, 0.2167, 0.2333, 0.25, 0.2667, 0.2833, 0.3, 0.3167, 0.3333, 0.35, 0.3667, 0.3833, 0.4, 0.4167, 0.4333, 0.45, 0.4667],
            "transform": [
                [0.996195, -0.0, -0.087156, -0.0, 0.036834, 0.906308, 0.42101, 0.05, 0.07899, -0.422618, 0.902859, 0.0, 0.0, 0.0, 0.0, 1.0],
                [0.998414, 0.000176, -0.056294, -0.0, 0.02395, 0.903653, 0.427594, 0.05, 0.050945, -0.428264, 0.902216, 0.0, 0.0, 0.0, 0.0, 1.0],
                [0.99968, 0.000158, -0.025283, -0.0, 0.010828, 0.900955, 0.433778, 0.05, 0.022848, -0.433913, 0.900665, -0.0, 0.0, 0.0, 0.0, 1.0],
                [0.999983, -5.5e-05, 0.005829, -0.0, -0.002513, 0.898215, 0.439549, 0.05, -0.00526, -0.439556, 0.8982, 0.0, 0.0, 0.0, 0.0, 1.0],
                [0.999315, -0.000464, 0.036997, -0.0, -0.016056, 0.895439, 0.444895, 0.05, -0.033335, -0.445185, 0.894818, -0.0, 0.0, 0.0, 0.0, 1.0],
                [0.997673, -0.001069, 0.068173, -0.0, -0.02978, 0.89263, 0.449806, 0.05, -0.061334, -0.450789, 0.890521, 0.0, 0.0, 0.0, 0.0, 1.0],
                [0.995055, -0.00187, 0.09931, -0.0, -0.043665, 0.889792, 0.454273, 0.05, -0.089215, -0.456362, 0.88531, 0.0, 0.0, 0.0, 0.0, 1.0],
                [0.991463, -0.002868, 0.13036, -0.0, -0.057691, 0.88693, 0.458287, 0.05, -0.116934, -0.461895, 0.879192, -0.0, 0.0, 0.0, 0.0, 1.0],
                [0.986901, -0.004059, 0.161276, -0.0, -0.071837, 0.884048, 0.461843, 0.05, -0.14445, -0.467378, 0.872176, 0.0, 0.0, 0.0, 0.0, 1.0],
                [0.981378, -0.005442, 0.19201, -0.0, -0.086079, 0.881151, 0.464935, 0.05, -0.17172, -0.472805, 0.864273, 0.0, 0.0, 0.0, 0.0, 1.0],
                [0.974904, -0.007016, 0.222516, -0.0, -0.100398, 0.878242, 0.467559, 0.05, -0.198703, -0.478165, 0.855497, -0.0, 0.0, 0.0, 0.0, 1.0],
                [0.967492, -0.008775, 0.252749, -0.0, -0.114769, 0.875327, 0.469714, 0.05, -0.225359, -0.483453, 0.845864, 0.0, 0.0, 0.0, 0.0, 1.0],
                [0.959159, -0.010718, 0.282664, -0.0, -0.129173, 0.872409, 0.471399, 0.05, -0.251651, -0.488659, 0.835395, -0.0, 0.0, 0.0, 0.0, 1.0],
                [0.949924, -0.012839, 0.312218, -0.0, -0.143585, 0.869494, 0.472614, 0.05, -0.277539, -0.493777, 0.824109, -0.0, 0.0, 0.0, 0.0, 1.0],
                [0.939807, -0.015134, 0.341369, -0.0, -0.157985, 0.866585, 0.473361, 0.05, -0.30299, -0.4988, 0.812032, 0.0, 0.0, 0.0, 0.0, 1.0],
                [0.949924, -0.012839, 0.312218, -0.0, -0.143585, 0.869494, 0.472614, 0.05, -0.277539, -0.493777, 0.824109, -0.0, 0.0, 0.0, 0.0, 1.0],
                [0.959159, -0.010718, 0.282664, -0.0, -0.129173, 0.872409, 0.471399, 0.05, -0.251651, -0.488659, 0.835395, 0.0, 0.0, 0.0, 0.0, 1.0],
                [0.967492, -0.008775, 0.252749, -0.0, -0.114769, 0.875327, 0.469714, 0.05, -0.225359, -0.483453, 0.845864, 0.0, 0.0, 0.0, 0.0, 1.0],
                [0.974904, -0.007016, 0.222516, -0.0, -0.100398, 0.878242, 0.467559, 0.05, -0.198703, -0.478165, 0.855497, 0.0, 0.0, 0.0, 0.0, 1.0],
                [0.981378, -0.005442, 0.19201, -0.0, -0.086079, 0.881151, 0.464935, 0.05, -0.17172, -0.472805, 0.864273, 0.0, 0.0, 0.0, 0.0, 1.0],
                [0.986901, -0.004059, 0.161276, -0.0, -0.071837, 0.884048, 0.461843, 0.05, -0.14445, -0.467378, 0.872176, 0.0, 0.0, 0.0, 0.0, 1.0],
                [0.991463, -0.002868, 0.13036, -0.0, -0.057691, 0.88693, 0.458287, 0.05, -0.116934, -0.461895, 0.879192, -0.0, 0.0, 0.0, 0.0, 1.0],
                [0.995055, -0.00187, 0.09931, -0.0, -0.043665, 0.889792, 0.454273, 0.05, -0.089215, -0.456362, 0.88531, 0.0, 0.0, 0.0, 0.0, 1.0],
                [0.997673, -0.001069, 0.068173, -0.0, -0.02978, 0.89263, 0.449806, 0.05, -0.061334, -0.450789, 0.890521, -0.0, 0.0, 0.0, 0.0, 1.0],
                [0.999315, -0.000464, 0.036997, -0.0, -0.016056, 0.895439, 0.444895, 0.05, -0.033335, -0.445185, 0.894818, 0.0, 0.0, 0.0, 0.0, 1.0],
                [0.999983, -5.5e-05, 0.005829, -0.0, -0.002513, 0.898215, 0.439549, 0.05, -0.00526, -0.439556, 0.8982, 0.0, 0.0, 0.0, 0.0, 1.0],
                [0.99968, 0.000158, -0.025283, -0.0, 0.010828, 0.900955, 0.433778, 0.05, 0.022848, -0.433913, 0.900665, 0.0, 0.0, 0.0, 0.0, 1.0],
                [0.998414, 0.000176, -0.056294, -0.0, 0.02395, 0.903653, 0.427594, 0.05, 0.050945, -0.428264, 0.902216, 0.0, 0.0, 0.0, 0.0, 1.0],
                [0.996195, -0.0, -0.087156, -0.0, 0.036834, 0.906308, 0.42101, 0.05, 0.07899, -0.422618, 0.902859, 0.0, 0.0, 0.0, 0.0, 1.0]
            ]
        },
        {
            "name": "Chest",
            "time": [0.0, 0.0167, 0.0333, 0.05, 0.0667, 0.0833, 0.1, 0.1167, 0.1333, 0.15, 0.1667, 0.1833, 0.2, 0.2167, 0.2333, 0.25, 0.2667, 0.2833, 0.3, 0.3167, 0.3333, 0.35, 0.3667, 0.3833, 0.4, 0.4167, 0.4333, 0.45, 0.4667],
            "transform": [
                [0.996195, 0.0, -0.087156, 0.0, 0.029809, 0.939693, 0.340719, 0.3, 0.0819, -0.34202, 0.936117, -0.0, 0.0, 0.0, 0.0, 1.0],
                [0.997646, -0.000871, -0.068574, 0.0, 0.024666, 0.937563, 0.34694, 0.3, 0.06399, -0.347815, 0.935377, 0.0, 0.0, 0.0, 0.0, 1.0],
                [0.99875, -0.001859, -0.049953, -0.0, 0.0194, 0.9354, 0.353059, 0.3, 0.04607, -0.353587, 0.934266, 0.0, 0.0, 0.0, 0.0, 1.0],
                [0.999506, -0.002962, -0.031303, 0.0, 0.014011, 0.933205, 0.359071, 0.3, 0.028148, -0.359333, 0.932785, -0.0, 0.0, 0.0, 0.0, 1.0],
                [0.999911, -0.004182, -0.012634, -0.0, 0.008505, 0.930979, 0.364973, 0.3, 0.010236, -0.365048, 0.930932, 0.0, 0.0, 0.0, 0.0, 1.0],
                [0.999967, -0.005516, 0.006042, 0.0, 0.002882, 0.928724, 0.37076, 0.3, -0.007656, -0.37073, 0.928709, -0.0, 0.0, 0.0, 0.0, 1.0],
                [0.99967, -0.006964, 0.024715, -0.0, -0.002852, 0.926441, 0.376429, 0.3, -0.025518, -0.376376, 0.926116, 0.0, 0.0, 0.0, 0.0, 1.0],
                [0.999022, -0.008527, 0.043373, -0.0, -0.008696, 0.924131, 0.381977, 0.3, -0.043339, -0.381981, 0.923153, 0.0, 0.0, 0.0, 0.0, 1.0],
                [0.998024, -0.010202, 0.062006, -0.0, -0.014646, 0.921795, 0.3874, 0.3, -0.061109, -0.387543, 0.919824, 0.0, 0.0, 0.0, 0.0, 1.0],
                [0.996674, -0.011989, 0.080602, 0.0, -0.020698, 0.919436, 0.392696, 0.3, -0.078817, -0.393058, 0.916129, -0.0, 0.0, 0.0, 0.0, 1.0],
                [0.994975, -0.013887, 0.099152, -0.0, -0.026849, 0.917053, 0.397861, 0.3, -0.096453, -0.398524, 0.912072, -0.0, 0.0, 0.0, 0.0, 1.0],
                [0.992929, -0.015894, 0.117644, 0.0, -0.033095, 0.914649, 0.402892, 0.3, -0.114006, -0.403937, 0.907655, 0.0, 0.0, 0.0, 0.0, 1.0],
                [0.990536, -0.018009, 0.136067, -0.0, -0.039431, 0.912225, 0.407788, 0.3, -0.131468, -0.409293, 0.902882, -0.0, 0.0, 0.0, 0.0, 1.0],
                [0.987799, -0.020231, 0.154412, -0.0, -0.045855, 0.909783, 0.412544, 0.3, -0.148827, -0.414591, 0.897755, -0.0, 0.0, 0.0, 0.0, 1.0],
                [0.984722, -0.022558, 0.172667, 0.0, -0.052363, 0.907324, 0.41716, 0.3, -0.166075, -0.419828, 0.89228, 0.0, 0.0, 0.0, 0.0, 1.0],
                [0.987799, -0.020231, 0.154412, 0.0, -0.045855, 0.909783, 0.412544, 0.3, -0.148827, -0.414591, 0.897755, 0.0, 0.0, 0.0, 0.0, 1.0],
                [0.990536, -0.018009, 0.136067, 0.0, -0.039431, 0.912225, 0.407788, 0.3, -0.131468, -0.409293, 0.902882, -0.0, 0.0, 0.0, 0.0, 1.0],
                [0.992929, -0.015894, 0.117644, 0.0, -0.033094, 0.914649, 0.402892, 0.3, -0.114006, -0.403937, 0.907655, -0.0, 0.0, 0.0, 0.0, 1.0],
                [0.994975, -0.013887, 0.099152, 0.0, -0.026849, 0.917053, 0.397861, 0.3, -0.096453, -0.398524, 0.912072, -0.0, 0.0, 0.0, 0.0, 1.0],
                [0.996674, -0.011989, 0.080602, 0.0, -0.020698, 0.919435, 0.392696, 0.3, -0.078817, -0.393058, 0.916129, -0.0, 0.0, 0.0, 0.0, 1.0],
                [0.998024, -0.010202, 0.062006, 0.0, -0.014646, 0.921795, 0.3874, 0.3, -0.061109, -0.387543, 0.919824, -0.0, 0.0, 0.0, 0.0, 1.0],
                [0.999022, -0.008527, 0.043373, -0.0, -0.008696, 0.924131, 0.381977, 0.3, -0.043339, -0.381981, 0.923154, -0.0, 0.0, 0.0, 0.0, 1.0],
                [0.99967, -0.006964, 0.024715, 0.0, -0.002852, 0.926441, 0.376429, 0.3, -0.025518, -0.376376, 0.926116, 0.0, 0.0, 0.0, 0.0, 1.0],
                [0.999967, -0.005516, 0.006042, -0.0, 0.002882, 0.928724, 0.37076, 0.3, -0.007656, -0.37073, 0.928709, 0.0, 0.0, 0.0, 0.0, 1.0],
                [0.999911, -0.004182, -0.012634, -0.0, 0.008505, 0.930979, 0.364973, 0.3, 0.010236, -0.365048, 0.930932, 0.0, 0.0, 0.0, 0.0, 1.0],
                [0.999506, -0.002962, -0.031303, 0.0, 0.014011, 0.933205, 0.359071, 0.3, 0.028148, -0.359333, 0.932785, -0.0, 0.0, 0.0, 0.0, 1.0],
                [0.99875, -0.001859, -0.049953, 0.0, 0.0194, 0.9354, 0.353059, 0.3, 0.04607, -0.353587, 0.934266, 0.0, 0.0, 0.0, 0.0, 1.0],
                [0.997646, -0.000871, -0.068574, -0.0, 0.024666, 0.937563, 0.34694, 0.3, 0.06399, -0.347815, 0.935377, 0.0, 0.0, 0.0, 0.0, 1.0],
                [0.996195, 0.0, -0.087156, 0.0, 0.029809, 0.939693, 0.340719, 0.3, 0.0819, -0.34202, 0.936117, -0.0, 0.0, 0.0, 0.0, 1.0]
            ]
        },
        {
            "name": "Head",
            "time": [0.0, 0.0167, 0.0333, 0.05, 0.0667, 0.0833, 0.1, 0.1167, 0.1333, 0.15, 0.1667, 0.1833, 0.2, 0.2167, 0.2333, 0.25, 0.2667, 0.2833, 0.3, 0.3167, 0.3333, 0.35, 0.3667, 0.3833, 0.4, 0.4167, 0.4333, 0.45, 0.4667],
            "transform": [
