{
    "armature": {
        "joints": ["Root", "Thigh_R", "Leg_R", "Knee_R", "Thigh_L", "Leg_L", "Knee_L", "Torso", "Chest", "Head", "Shoulder_R", "Arm_R", "Hand_R", "Tool_R", "Elbow_R", "Shoulder_L", "Arm_L", "Hand_L", "Tool_L", "Elbow_L"],
        "hierarchy": [
            {
                "name": "Root",
                "transform": [1.0, 0.0, 0.0, -5e-06, 0.0, 0.0, -1.0, 0.000946, 0.0, 1.0, 0.0, 0.763972, 0.0, 0.0, 0.0, 1.0],
                "children": [
                    {
                        "name": "Thigh_R",
                        "transform": [1.0, -0.0, -0.0, 0.124994, -0.0, -1.0, 0.0, -0.002831, -0.0, -0.0, -1.0, -1.2e-05, 0.0, 0.0, 0.0, 1.0],
                        "children": [
                            {
                                "name": "Leg_R",
                                "transform": [1.0, 0.0, 1e-06, 0.0, -0.0, 1.0, 0.0, 0.37472, -1e-06, -0.0, 1.0, -0.0, 0.0, 0.0, 0.0, 1.0],
                                "children": []
                            },
                            {
                                "name": "Knee_R",
                                "transform": [1.0, 0.0, -0.0, 0.0, -0.0, 0.0, -1.0, 0.37472, -0.0, 1.0, 0.0, -0.0, 0.0, 0.0, 0.0, 1.0],
                                "children": []
                            }
                        ]
                    },
                    {
                        "name": "Thigh_L",
                        "transform": [1.0, -0.0, -0.0, -0.125006, -0.0, -1.0, 0.0, -0.002831, -0.0, -0.0, -1.0, -1.2e-05, 0.0, 0.0, 0.0, 1.0],
                        "children": [
                            {
                                "name": "Leg_L",
                                "transform": [1.0, 0.0, 1e-06, -0.0, -0.0, 1.0, 0.0, 0.37472, -1e-06, -0.0, 1.0, 0.0, 0.0, 0.0, 0.0, 1.0],
                                "children": []
                            },
                            {
                                "name": "Knee_L",
                                "transform": [1.0, 0.0, -0.0, -0.0, -0.0, 0.0, -1.0, 0.37472, -0.0, 1.0, 0.0, 0.0, 0.0, 0.0, 0.0, 1.0],
                                "children": []
                            }
                        ]
                    },
                    {
                        "name": "Torso",
                        "transform": [1.0, 0.0, 0.0, 0.0, 0.0, 1.0, 0.0, 0.05, 0.0, 0.0, 1.0, 0.0, 0.0, 0.0, 0.0, 1.0],
                        "children": [
                            {
                                "name": "Chest",
                                "transform": [1.0, 0.0, 0.0, 0.0, 0.0, 1.0, 0.0, 0.3, 0.0, 0.0, 1.0, 0.0, 0.0, 0.0, 0.0, 1.0],
                                "children": [
                                    {
                                        "name": "Head",
                                        "transform": [1.0, 0.0, 0.0, 0.0, 0.0, 1.0, 0.0, 0.4, 0.0, 0.0, 1.0, 0.0, 0.0, 0.0, 0.0, 1.0],
                                        "children": []
                                    },
                                    {
                                        "name": "Shoulder_R",
                                        "transform": [0.0, 0.952114, 0.305743, 0.0, 0.0, -0.305743, 0.952114, 0.4, 1.0, 0.0, -0.0, 0.0, 0.0, 0.0, 0.0, 1.0],
                                        "children": [
                                            {
                                                "name": "Arm_R",
                                                "transform": [0.0, -0.0, -1.0, -0.0, 0.952114, 0.305743, 0.0, 0.39386, 0.305743, -0.952114, 0.0, 0.0, 0.0, 0.0, 0.0, 1.0],
                                                "children": [
                                                    {
                                                        "name": "Hand_R",
                                                        "transform": [1.0, 0.0, 0.0, 0.0, -0.0, 0.993938, 0.109947, 0.3, -0.0, -0.109947, 0.993937, 0.0, 0.0, 0.0, 0.0, 1.0],
                                                        "children": [
                                                            {
                                                                "name": "Tool_R",
                                                                "transform": [1.0, 0.0, 0.0, -0.0, 0.0, -0.999836, 0.018122, 0.272858, 0.0, -0.018122, -0.999836, 0.0, 0.0, 0.0, 0.0, 1.0],
                                                                "children": []
                                                            }
                                                        ]
                                                    },
                                                    {
                                                        "name": "Elbow_R",
                                                        "transform": [-1.0, 0.0, -0.0, 0.0, 0.0, 0.0, -1.0, 0.3, -0.0, -1.0, -0.0, 0.0, 0.0, 0.0, 0.0, 1.0],
                                                        "children": []
                                                    }
                                                ]
                                            }
                                        ]
                                    },
                                    {
                                        "name": "Shoulder_L",
                                        "transform": [-0.0, -0.952114, -0.305743, 0.0, 0.0, -0.305743, 0.952114, 0.4, -1.0, 0.0, 0.0, 0.0, 0.0, 0.0, 0.0, 1.0],
                                        "children": [
                                            {
                                                "name": "Arm_L",
                                                "transform": [-0.0, -0.0, 1.0, -0.0, -0.952114, 0.305743, -0.0, 0.39386, -0.305743, -0.952114, -0.0, 0.0, 0.0, 0.0, 0.0, 1.0],
                                                "children": [
                                                    {
                                                        "name": "Hand_L",
                                                        "transform": [1.0, -0.0, 0.0, -0.0, 0.0, 0.993937, 0.109947, 0.3, -0.0, -0.109947, 0.993937, 0.0, 0.0, 0.0, 0.0, 1.0],
                                                        "children": [
                                                            {
                                                                "name": "Tool_L",
                                                                "transform": [1.0, 0.0, 0.0, -0.0, -0.0, -0.999836, 0.018122, 0.272858, 0.0, -0.018122, -0.999836, -0.0, 0.0, 0.0, 0.0, 1.0],
                                                                "children": []
                                                            }
                                                        ]
                                                    },
                                                    {
                                                        "name": "Elbow_L",
                                                        "transform": [-1.0, 0.0, -0.0, -0.0, 0.0, -0.0, -1.0, 0.3, -0.0, -1.0, 0.0, 0.0, 0.0, 0.0, 0.0, 1.0],
                                                        "children": []
                                                    }
                                                ]
                                            }
                                        ]
                                    }
                                ]
                            }
                        ]
                    }
                ]
            }
        ]
    },
    "animation": [
        {
            "name": "Root",
            "time": [0.0, 0.0167, 0.0333, 0.05, 0.0667, 0.0833, 0.1, 0.1167, 0.1333, 0.15, 0.1667, 0.1833, 0.2, 0.2167, 0.2333, 0.25, 0.2667, 0.2833, 0.3, 0.3167, 0.3333, 0.35, 0.3667, 0.3833, 0.4, 0.4167, 0.4333, 0.45, 0.4667, 0.4833, 0.5, 0.5167, 0.5333, 0.55, 0.5667, 0.5833, 0.6, 0.6167, 0.6333, 0.65, 0.6667, 0.6833, 0.7, 0.7167, 0.7333, 0.75, 0.7667, 0.7833, 0.8, 0.8167, 0.8333, 0.85, 0.8667, 0.8833, 0.9, 0.9167, 0.9333, 0.95],
            "transform": [
                [0.819152, 0.0, -0.573576, -5e-06, -0.573576, 0.0, -0.819152, 0.000946, 0.0, 1.0, 0.0, 0.763972, 0.0, 0.0, 0.0, 1.0],
                [0.819152, 0.0, -0.573576, -5e-06, -0.573576, 0.0, -0.819152, 0.000946, 0.0, 1.0, 0.0, 0.76807, 0.0, 0.0, 0.0, 1.0],
                [0.819152, 0.0, -0.573576, -5e-06, -0.573576, 0.0, -0.819152, 0.000946, 0.0, 1.0, 0.0, 0.772168, 0.0, 0.0, 0.0, 1.0],
                [0.819152, 0.0, -0.573576, -5e-06, -0.573576, 0.0, -0.819152, 0.000946, 0.0, 1.0, 0.0, 0.776267, 0.0, 0.0, 0.0, 1.0],
                [0.819152, 0.0, -0.573576, -5e-06, -0.573576, 0.0, -0.819152, 0.000946, 0.0, 1.0, 0.0, 0.780365, 0.0, 0.0, 0.0, 1.0],
                [0.819152, 0.0, -0.573576, -5e-06, -0.573576, 0.0, -0.819152, 0.000946, 0.0, 1.0, 0.0, 0.784464, 0.0, 0.0, 0.0, 1.0],
                [0.819152, 0.0, -0.573576, -5e-06, -0.573576, 0.0, -0.819152, 0.000946, 0.0, 1.0, 0.0, 0.788562, 0.0, 0.0, 0.0, 1.0],
                [0.819152, 0.0, -0.573576, -5e-06, -0.573576, 0.0, -0.819152, 0.000946, 0.0, 1.0, 0.0, 0.792661, 0.0, 0.0, 0.0, 1.0],
                [0.819152, 0.0, -0.573576, -5e-06, -0.573576, 0.0, -0.819152, 0.000946, 0.0, 1.0, 0.0, 0.796759, 0.0, 0.0, 0.0, 1.0],
                [0.819152, 0.0, -0.573576, -5e-06, -0.573576, 0.0, -0.819152, 0.000946, 0.0, 1.0, 0.0, 0.800858, 0.0, 0.0, 0.0, 1.0],
                [0.819152, 0.0, -0.573576, -5e-06, -0.573576, 0.0, -0.819152, 0.000946, 0.0, 1.0, 0.0, 0.804956, 0.0, 0.0, 0.0, 1.0],
                [0.819152, 0.0, -0.573576, -5e-06, -0.573576, 0.0, -0.819152, 0.000946, 0.0, 1.0, 0.0, 0.809055, 0.0, 0.0, 0.0, 1.0],
                [0.819152, 0.0, -0.573576, -5e-06, -0.573576, 0.0, -0.819152, 0.000946, 0.0, 1.0, 0.0, 0.813153, 0.0, 0.0, 0.0, 1.0],
                [0.819152, 0.0, -0.573576, -5e-06, -0.573576, 0.0, -0.819152, 0.000946, 0.0, 1.0, 0.0, 0.817251, 0.0, 0.0, 0.0, 1.0],
                [0.819152, 0.0, -0.573576, -5e-06, -0.573576, 0.0, -0.819152, 0.000946, 0.0, 1.0, 0.0, 0.816982, 0.0, 0.0, 0.0, 1.0],
                [0.819152, 0.0, -0.573576, -5e-06, -0.573576, 0.0, -0.819152, 0.000946, 0.0, 1.0, 0.0, 0.816203, 0.0, 0.0, 0.0, 1.0],
                [0.819152, 0.0, -0.573576, -5e-06, -0.573576, 0.0, -0.819152, 0.000946, 0.0, 1.0, 0.0, 0.814962, 0.0, 0.0, 0.0, 1.0],
                [0.819152, 0.0, -0.573576, -5e-06, -0.573576, 0.0, -0.819152, 0.000946, 0.0, 1.0, 0.0, 0.813305, 0.0, 0.0, 0.0, 1.0],
                [0.819152, 0.0, -0.573576, -5e-06, -0.573576, 0.0, -0.819152, 0.000946, 0.0, 1.0, 0.0, 0.811278, 0.0, 0.0, 0.0, 1.0],
                [0.819152, 0.0, -0.573576, -5e-06, -0.573576, 0.0, -0.819152, 0.000946, 0.0, 1.0, 0.0, 0.808926, 0.0, 0.0, 0.0, 1.0],
                [0.819152, 0.0, -0.573576, -5e-06, -0.573576, 0.0, -0.819152, 0.000946, 0.0, 1.0, 0.0, 0.806298, 0.0, 0.0, 0.0, 1.0],
                [0.819152, 0.0, -0.573576, -5e-06, -0.573576, 0.0, -0.819152, 0.000946, 0.0, 1.0, 0.0, 0.803438, 0.0, 0.0, 0.0, 1.0],
                [0.819152, 0.0, -0.573576, -5e-06, -0.573576, 0.0, -0.819152, 0.000946, 0.0, 1.0, 0.0, 0.800393, 0.0, 0.0, 0.0, 1.0],
                [0.819152, 0.0, -0.573576, -5e-06, -0.573576, 0.0, -0.819152, 0.000946, 0.0, 1.0, 0.0, 0.79721, 0.0, 0.0, 0.0, 1.0],
                [0.819152, 0.0, -0.573576, -5e-06, -0.573576, 0.0, -0.819152, 0.000946, 0.0, 1.0, 0.0, 0.793934, 0.0, 0.0, 0.0, 1.0],
                [0.819152, 0.0, -0.573576, -5e-06, -0.573576, 0.0, -0.819152, 0.000946, 0.0, 1.0, 0.0, 0.790612, 0.0, 0.0, 0.0, 1.0],
                [0.819152, 0.0, -0.573576, -5e-06, -0.573576, 0.0, -0.819152, 0.000946, 0.0, 1.0, 0.0, 0.787289, 0.0, 0.0, 0.0, 1.0],
                [0.819152, 0.0, -0.573576, -5e-06, -0.573576, 0.0, -0.819152, 0.000946, 0.0, 1.0, 0.0, 0.784013, 0.0, 0.0, 0.0, 1.0],
                [0.819152, 0.0, -0.573576, -5e-06, -0.573576, 0.0, -0.819152, 0.000946, 0.0, 1.0, 0.0, 0.78083, 0.0, 0.0, 0.0, 1.0],
                [0.819152, 0.0, -0.573576, -5e-06, -0.573576, 0.0, -0.819152, 0.000946, 0.0, 1.0, 0.0, 0.777785, 0.0, 0.0, 0.0, 1.0],
                [0.819152, 0.0, -0.573576, -5e-06, -0.573576, 0.0, -0.819152, 0.000946, 0.0, 1.0, 0.0, 0.774925, 0.0, 0.0, 0.0, 1.0],
                [0.819152, 0.0, -0.573576, -5e-06, -0.573576, 0.0, -0.819152, 0.000946, 0.0, 1.0, 0.0, 0.772297, 0.0, 0.0, 0.0, 1.0],
                [0.819152, 0.0, -0.573576, -5e-06, -0.573576, 0.0, -0.819152, 0.000946, 0.0, 1.0, 0.0, 0.769946, 0.0, 0.0, 0.0, 1.0],
                [0.819152, 0.0, -0.573576, -5e-06, -0.573576, 0.0, -0.819152, 0.000946, 0.0, 1.0, 0.0, 0.767918, 0.0, 0.0, 0.0, 1.0],
                [0.819152, 0.0, -0.573576, -5e-06, -0.573576, 0.0, -0.819152, 0.000946, 0.0, 1.0, 0.0, 0.766261, 0.0, 0.0, 0.0, 1.0],
                [0.819152, 0.0, -0.573576, -5e-06, -0.573576, 0.0, -0.819152, 0.000946, 0.0, 1.0, 0.0, 0.76502, 0.0, 0.0, 0.0, 1.0],
                [0.819152, 0.0, -0.573576, -5e-06, -0.573576, 0.0, -0.819152, 0.000946, 0.0, 1.0, 0.0, 0.764241, 0.0, 0.0, 0.0, 1.0],
                [0.819152, 0.0, -0.573576, -5e-06, -0.573576, 0.0, -0.819152, 0.000946, 0.0, 1.0, 0.0, 0.763972, 0.0, 0.0, 0.0, 1.0],
                [0.819152, 0.0, -0.573576, -5e-06, -0.573576, 0.0, -0.819152, 0.000946, 0.0, 1.0, 0.0, 0.764434, 0.0, 0.0, 0.0, 1.0],
                [0.819152, 0.0, -0.573576, -5e-06, -0.573576, 0.0, -0.819152, 0.000946, 0.0, 1.0, 0.0, 0.765964, 0.0, 0.0, 0.0, 1.0],
                [0.819152, 0.0, -0.573576, -5e-06, -0.573576, 0.0, -0.819152, 0.000946, 0.0, 1.0, 0.0, 0.768776, 0.0, 0.0, 0.0, 1.0],
                [0.819152, 0.0, -0.573576, -5e-06, -0.573576, 0.0, -0.819152, 0.000946, 0.0, 1.0, 0.0, 0.77299, 0.0, 0.0, 0.0, 1.0],
                [0.819152, 0.0, -0.573576, -5e-06, -0.573576, 0.0, -0.819152, 0.000946, 0.0, 1.0, 0.0, 0.778331, 0.0, 0.0, 0.0, 1.0],
                [0.819152, 0.0, -0.573576, -5e-06, -0.573576, 0.0, -0.819152, 0.000946, 0.0, 1.0, 0.0, 0.78443, 0.0, 0.0, 0.0, 1.0],
                [0.819152, 0.0, -0.573576, -5e-06, -0.573576, 0.0, -0.819152, 0.000946, 0.0, 1.0, 0.0, 0.790917, 0.0, 0.0, 0.0, 1.0],
                [0.819152, 0.0, -0.573576, -5e-06, -0.573576, 0.0, -0.819152, 0.000946, 0.0, 1.0, 0.0, 0.797421, 0.0, 0.0, 0.0, 1.0],
                [0.819152, 0.0, -0.573576, -5e-06, -0.573576, 0.0, -0.819152, 0.000946, 0.0, 1.0, 0.0, 0.803573, 0.0, 0.0, 0.0, 1.0],
                [0.819152, 0.0, -0.573576, -5e-06, -0.573576, 0.0, -0.819152, 0.000946, 0.0, 1.0, 0.0, 0.809002, 0.0, 0.0, 0.0, 1.0],
                [0.819152, 0.0, -0.573576, -5e-06, -0.573576, 0.0, -0.819152, 0.000946, 0.0, 1.0, 0.0, 0.813338, 0.0, 0.0, 0.0, 1.0],
                [0.819152, 0.0, -0.573576, -5e-06, -0.573576, 0.0, -0.819152, 0.000946, 0.0, 1.0, 0.0, 0.816211, 0.0, 0.0, 0.0, 1.0],
                [0.819152, 0.0, -0.573576, -5e-06, -0.573576, 0.0, -0.819152, 0.000946, 0.0, 1.0, 0.0, 0.817251, 0.0, 0.0, 0.0, 1.0],
                [0.819152, 0.0, -0.573576, -5e-06, -0.573576, 0.0, -0.819152, 0.000946, 0.0, 1.0, 0.0, 0.8143, 0.0, 0.0, 0.0, 1.0],
                [0.819152, 0.0, -0.573576, -5e-06, -0.573576, 0.0, -0.819152, 0.000946, 0.0, 1.0, 0.0, 0.806689, 0.0, 0.0, 0.0, 1.0],
                [0.819152, 0.0, -0.573576, -5e-06, -0.573576, 0.0, -0.819152, 0.000946, 0.0, 1.0, 0.0, 0.796281, 0.0, 0.0, 0.0, 1.0],
                [0.819152, 0.0, -0.573576, -5e-06, -0.573576, 0.0, -0.819152, 0.000946, 0.0, 1.0, 0.0, 0.784942, 0.0, 0.0, 0.0, 1.0],
                [0.819152, 0.0, -0.573576, -5e-06, -0.573576, 0.0, -0.819152, 0.000946, 0.0, 1.0, 0.0, 0.774534, 0.0, 0.0, 0.0, 1.0],
                [0.819152, 0.0, -0.573576, -5e-06, -0.573576, 0.0, -0.819152, 0.000946, 0.0, 1.0, 0.0, 0.766923, 0.0, 0.0, 0.0, 1.0],
                [0.819152, 0.0, -0.573576, -5e-06, -0.573576, 0.0, -0.819152, 0.000946, 0.0, 1.0, 0.0, 0.763972, 0.0, 0.0, 0.0, 1.0]
            ]
        },
        {
            "name": "Thigh_R",
            "time": [0.0, 0.0167, 0.0333, 0.05, 0.0667, 0.0833, 0.1, 0.1167, 0.1333, 0.15, 0.1667, 0.1833, 0.2, 0.2167, 0.2333, 0.25, 0.2667, 0.2833, 0.3, 0.3167, 0.3333, 0.35, 0.3667, 0.3833, 0.4, 0.4167, 0.4333, 0.45, 0.4667, 0.4833, 0.5, 0.5167, 0.5333, 0.55, 0.5667, 0.5833, 0.6, 0.6167, 0.6333, 0.65, 0.6667, 0.6833, 0.7, 0.7167, 0.7333, 0.75, 0.7667, 0.7833, 0.8, 0.8167, 0.8333, 0.85, 0.8667, 0.8833, 0.9, 0.9167, 0.9333, 0.95],
            "transform": [
                [0.935387, 0.317445, -0.155821, 0.124994, 0.324726, -0.945527, 0.023046, -0.005666, -0.140017, -0.072155, -0.987517, 0.032399, 0.0, 0.0, 0.0, 1.0],
                [0.93833, 0.298322, -0.174761, 0.124994, 0.310106, -0.949688, 0.043881, -0.005666, -0.152878, -0.09537, -0.983633, 0.032399, 0.0, 0.0, 0.0, 1.0],
                [0.940759, 0.278556, -0.193336, 0.124994, 0.295588, -0.953094, 0.065108, -0.005666, -0.166131, -0.118399, -0.97897, 0.032399, 0.0, 0.0, 0.0, 1.0],
                [0.942663, 0.25817, -0.211508, 0.124994, 0.2812, -0.955725, 0.086696, -0.005666, -0.179761, -0.141201, -0.973524, 0.032399, 0.0, 0.0, 0.0, 1.0],
                [0.944029, 0.237189, -0.229241, 0.124994, 0.266965, -0.957565, 0.108615, -0.005666, -0.193751, -0.163735, -0.967291, 0.032399, 0.0, 0.0, 0.0, 1.0],
                [0.944848, 0.21564, -0.2465, 0.124994, 0.252912, -0.958602, 0.130833, -0.005666, -0.208082, -0.18596, -0.960271, 0.032399, 0.0, 0.0, 0.0, 1.0],
                [0.945112, 0.193553, -0.263249, 0.124994, 0.239065, -0.958823, 0.153316, -0.005666, -0.222734, -0.207835, -0.952468, 0.032399, 0.0, 0.0, 0.0, 1.0],
                [0.944816, 0.170959, -0.279455, 0.124994, 0.225449, -0.95822, 0.176028, -0.005666, -0.237686, -0.229318, -0.943885, 0.032399, 0.0, 0.0, 0.0, 1.0],
                [0.943955, 0.147892, -0.295087, 0.124994, 0.212091, -0.956787, 0.198934, -0.005666, -0.252915, -0.25037, -0.934532, 0.032399, 0.0, 0.0, 0.0, 1.0],
                [0.942527, 0.124389, -0.310113, 0.124994, 0.199014, -0.954522, 0.221994, -0.005666, -0.268396, -0.270953, -0.924418, 0.032399, 0.0, 0.0, 0.0, 1.0],
                [0.940531, 0.100487, -0.324505, 0.124994, 0.186241, -0.951422, 0.245172, -0.005666, -0.284105, -0.291028, -0.913557, 0.032399, 0.0, 0.0, 0.0, 1.0],
                [0.937969, 0.076226, -0.338237, 0.124994, 0.173797, -0.947492, 0.268428, -0.005666, -0.300016, -0.310562, -0.901965, 0.032399, 0.0, 0.0, 0.0, 1.0],
                [0.934843, 0.051645, -0.351284, 0.124994, 0.161701, -0.942735, 0.291723, -0.005666, -0.316102, -0.329518, -0.889661, 0.032399, 0.0, 0.0, 0.0, 1.0],
                [0.93116, 0.026787, -0.363624, 0.124994, 0.149976, -0.937161, 0.315017, -0.005666, -0.332336, -0.347866, -0.876665, 0.032399, 0.0, 0.0, 0.0, 1.0],
                [0.926927, 0.001695, -0.375238, 0.124994, 0.13864, -0.93078, 0.33827, -0.005666, -0.348691, -0.365574, -0.863001, 0.032399, 0.0, 0.0, 0.0, 1.0],
                [0.922152, -0.023589, -0.386107, 0.124994, 0.12771, -0.923606, 0.361444, -0.005666, -0.365137, -0.382616, -0.848693, 0.032399, 0.0, 0.0, 0.0, 1.0],
                [0.916847, -0.049021, -0.396218, 0.124994, 0.117205, -0.915654, 0.384499, -0.005666, -0.381647, -0.398966, -0.83377, 0.032399, 0.0, 0.0, 0.0, 1.0],
                [0.911024, -0.074557, -0.405557, 0.124994, 0.107137, -0.906944, 0.407398, -0.005666, -0.398192, -0.4146, -0.81826, 0.032399, 0.0, 0.0, 0.0, 1.0],
                [0.904697, -0.100153, -0.414118, 0.124994, 0.097521, -0.897496, 0.430104, -0.005666, -0.414745, -0.429499, -0.802195, 0.032399, 0.0, 0.0, 0.0, 1.0],
                [0.897881, -0.125765, -0.421892, 0.124994, 0.088368, -0.887334, 0.45258, -0.005666, -0.431278, -0.443645, -0.785607, 0.032399, 0.0, 0.0, 0.0, 1.0],
                [0.890594, -0.151351, -0.428876, 0.124994, 0.079688, -0.876483, 0.474791, -0.005666, -0.447763, -0.457023, -0.76853, 0.032399, 0.0, 0.0, 0.0, 1.0],
                [0.882854, -0.176869, -0.435069, 0.124994, 0.071489, -0.86497, 0.496706, -0.005666, -0.464174, -0.469622, -0.750998, 0.032399, 0.0, 0.0, 0.0, 1.0],
                [0.874681, -0.202278, -0.440473, 0.124994, 0.063778, -0.852823, 0.51829, -0.005666, -0.480484, -0.481431, -0.733048, 0.032399, 0.0, 0.0, 0.0, 1.0],
                [0.866095, -0.227538, -0.445091, 0.124994, 0.056558, -0.840073, 0.539516, -0.005666, -0.496669, -0.492446, -0.714714, 0.032399, 0.0, 0.0, 0.0, 1.0],
                [0.866609, -0.226065, -0.444842, 0.124994, 0.056967, -0.840836, 0.538284, -0.005666, -0.495726, -0.491823, -0.715797, 0.032399, 0.0, 0.0, 0.0, 1.0],
                [0.8681, -0.221759, -0.4441, 0.124994, 0.05817, -0.84305, 0.53468, -0.005666, -0.492969, -0.48999, -0.718952, 0.032399, 0.0, 0.0, 0.0, 1.0],
                [0.870487, -0.214788, -0.442854, 0.124994, 0.060146, -0.846593, 0.528831, -0.005666, -0.488503, -0.486977, -0.724029, 0.032399, 0.0, 0.0, 0.0, 1.0],
                [0.873673, -0.205315, -0.441068, 0.124994, 0.062886, -0.851326, 0.520855, -0.005666, -0.482432, -0.482794, -0.730869, 0.032399, 0.0, 0.0, 0.0, 1.0],
                [0.877556, -0.193504, -0.438693, 0.124994, 0.06639, -0.857094, 0.510863, -0.005666, -0.474855, -0.477436, -0.739302, 0.032399, 0.0, 0.0, 0.0, 1.0],
                [0.882024, -0.179518, -0.435668, 0.124994, 0.070664, -0.863735, 0.498967, -0.005666, -0.465875, -0.470887, -0.74915, 0.032399, 0.0, 0.0, 0.0, 1.0],
                [0.88696, -0.163527, -0.431927, 0.124994, 0.075719, -0.871075, 0.485277, -0.005666, -0.455597, -0.463127, -0.760227, 0.032399, 0.0, 0.0, 0.0, 1.0],
                [0.892243, -0.145705, -0.427402, 0.124994, 0.081564, -0.878937, 0.469911, -0.005666, -0.444128, -0.454135, -0.772342, 0.032399, 0.0, 0.0, 0.0, 1.0],
                [0.897751, -0.126237, -0.422028, 0.124994, 0.088204, -0.88714, 0.452991, -0.005666, -0.431582, -0.443898, -0.785297, 0.032399, 0.0, 0.0, 0.0, 1.0],
                [0.903362, -0.105314, -0.415748, 0.124994, 0.095639, -0.895505, 0.434652, -0.005666, -0.418079, -0.43241, -0.798894, 0.032399, 0.0, 0.0, 0.0, 1.0],
                [0.908957, -0.083138, -0.408516, 0.124994, 0.103861, -0.903856, 0.415038, -0.005666, -0.403746, -0.41968, -0.812932, 0.032399, 0.0, 0.0, 0.0, 1.0],
                [0.914422, -0.059921, -0.400303, 0.124994, 0.112849, -0.912025, 0.394304, -0.005666, -0.388713, -0.405734, -0.827214, 0.032399, 0.0, 0.0, 0.0, 1.0],
                [0.91965, -0.035881, -0.391095, 0.124994, 0.122573, -0.919854, 0.372618, -0.005666, -0.37312, -0.390616, -0.841546, 0.032399, 0.0, 0.0, 0.0, 1.0],
                [0.924547, -0.011243, -0.380902, 0.124994, 0.132986, -0.927202, 0.350159, -0.005666, -0.35711, -0.374394, -0.855746, 0.032399, 0.0, 0.0, 0.0, 1.0],
                [0.929027, 0.013764, -0.369756, 0.124994, 0.144031, -0.933943, 0.327117, -0.005666, -0.340828, -0.357157, -0.869641, 0.032399, 0.0, 0.0, 0.0, 1.0],
                [0.933021, 0.038912, -0.357711, 0.124994, 0.155632, -0.939974, 0.303688, -0.005666, -0.324422, -0.339018, -0.883072, 0.032399, 0.0, 0.0, 0.0, 1.0],
                [0.936476, 0.063973, -0.344848, 0.124994, 0.167704, -0.945216, 0.280073, -0.005666, -0.308039, -0.320114, -0.895901, 0.032399, 0.0, 0.0, 0.0, 1.0],
                [0.939355, 0.088727, -0.33127, 0.124994, 0.180145, -0.949614, 0.256478, -0.005666, -0.291822, -0.300601, -0.908009, 0.032399, 0.0, 0.0, 0.0, 1.0],
                [0.94164, 0.112965, -0.317101, 0.124994, 0.192844, -0.953138, 0.233106, -0.005666, -0.275909, -0.280654, -0.919298, 0.032399, 0.0, 0.0, 0.0, 1.0],
                [0.94333, 0.136487, -0.302489, 0.124994, 0.205679, -0.955787, 0.210158, -0.005666, -0.260431, -0.260465, -0.929695, 0.032399, 0.0, 0.0, 0.0, 1.0],
                [0.944443, 0.159111, -0.287596, 0.124994, 0.218522, -0.957585, 0.187828, -0.005666, -0.245512, -0.240239, -0.939153, 0.032399, 0.0, 0.0, 0.0, 1.0],
                [0.945012, 0.180671, -0.2726, 0.124994, 0.231236, -0.958579, 0.166299, -0.005666, -0.231263, -0.22019, -0.947647, 0.032399, 0.0, 0.0, 0.0, 1.0],
                [0.945086, 0.20102, -0.257689, 0.124994, 0.243685, -0.95884, 0.145747, -0.005666, -0.217785, -0.200539, -0.955172, 0.032399, 0.0, 0.0, 0.0, 1.0],
                [0.944727, 0.220027, -0.243062, 0.124994, 0.255728, -0.958458, 0.126334, -0.005666, -0.205168, -0.181509, -0.961749, 0.032399, 0.0, 0.0, 0.0, 1.0],
                [0.944008, 0.237581, -0.228919, 0.124994, 0.267226, -0.957539, 0.108209, -0.005666, -0.19349, -0.163323, -0.967413, 0.032399, 0.0, 0.0, 0.0, 1.0],
                [0.943011, 0.253587, -0.215463, 0.124994, 0.278042, -0.9562, 0.091509, -0.005666, -0.18282, -0.146202, -0.972215, 0.032399, 0.0, 0.0, 0.0, 1.0],
                [0.941822, 0.267964, -0.202898, 0.124994, 0.288041, -0.954568, 0.076362, -0.005666, -0.173218, -0.130362, -0.976218, 0.032399, 0.0, 0.0, 0.0, 1.0],
                [0.940531, 0.280641, -0.191422, 0.124994, 0.297093, -0.952775, 0.062883, -0.005666, -0.164735, -0.116013, -0.979491, 0.032399, 0.0, 0.0, 0.0, 1.0],
                [0.939229, 0.291556, -0.18123, 0.124994, 0.305071, -0.950953, 0.051181, -0.005666, -0.157419, -0.103359, -0.982108, 0.032399, 0.0, 0.0, 0.0, 1.0],
                [0.938004, 0.300649, -0.172509, 0.124994, 0.311854, -0.949229, 0.041362, -0.005666, -0.151315, -0.092595, -0.984139, 0.032399, 0.0, 0.0, 0.0, 1.0],
                [0.936938, 0.307858, -0.16544, 0.124994, 0.317323, -0.947724, 0.03353, -0.005666, -0.14647, -0.083913, -0.98565, 0.032399, 0.0, 0.0, 0.0, 1.0],
                [0.936107, 0.313116, -0.160196, 0.124994, 0.321364, -0.946548, 0.027789, -0.005666, -0.142932, -0.077495, -0.986694, 0.032399, 0.0, 0.0, 0.0, 1.0],
                [0.935573, 0.316344, -0.156939, 0.124994, 0.323868, -0.945791, 0.024254, -0.005666, -0.140759, -0.073518, -0.987311, 0.032399, 0.0, 0.0, 0.0, 1.0],
                [0.935387, 0.317445, -0.155821, 0.124994, 0.324726, -0.945527, 0.023046, -0.005666, -0.140017, -0.072155, -0.987517, 0.032399, 0.0, 0.0, 0.0, 1.0]
            ]
        },
        {
            "name": "Leg_R",
            "time": [0.0, 0.0167, 0.0333, 0.05, 0.0667, 0.0833, 0.1, 0.1167, 0.1333, 0.15, 0.1667, 0.1833, 0.2, 0.2167, 0.2333, 0.25, 0.2667, 0.2833, 0.3, 0.3167, 0.3333, 0.35, 0.3667, 0.3833, 0.4, 0.4167, 0.4333, 0.45, 0.4667, 0.4833, 0.5, 0.5167, 0.5333, 0.55, 0.5667, 0.5833, 0.6, 0.6167, 0.6333, 0.65, 0.6667, 0.6833, 0.7, 0.7167, 0.7333, 0.75, 0.7667, 0.7833, 0.8, 0.8167, 0.8333, 0.85, 0.8667, 0.8833, 0.9, 0.9167, 0.9333, 0.95],
            "transform": [
                [0.933031, -0.243743, 0.264655, 0.0, -0.049991, 0.640613, 0.766235, 0.37472, -0.356306, -0.728151, 0.585527, -0.0, 0.0, 0.0, 0.0, 1.0],
                [0.933031, -0.264793, 0.243594, -0.0, -0.049991, 0.575059, 0.816583, 0.37472, -0.356306, -0.774075, 0.523311, 0.0, 0.0, 0.0, 0.0, 1.0],
                [0.933031, -0.284222, 0.220616, 0.0, -0.049991, 0.504813, 0.86178, 0.37472, -0.356306, -0.815096, 0.456798, -0.0, 0.0, 0.0, 0.0, 1.0],
                [0.933031, -0.301778, 0.195916, -0.0, -0.049991, 0.430505, 0.901203, 0.37472, -0.356306, -0.850644, 0.386588, 0.0, 0.0, 0.0, 0.0, 1.0],
                [0.933031, -0.317244, 0.169733, 0.0, -0.049991, 0.352866, 0.934337, 0.37472, -0.356306, -0.880251, 0.313376, 0.0, 0.0, 0.0, 0.0, 1.0],
                [0.933031, -0.330443, 0.142339, 0.0, -0.049991, 0.272712, 0.960796, 0.37472, -0.356306, -0.903568, 0.237929, -0.0, 0.0, 0.0, 0.0, 1.0],
                [0.933031, -0.341247, 0.114033, 0.0, -0.049991, 0.19091, 0.980334, 0.37472, -0.356306, -0.920382, 0.161065, 0.0, 0.0, 0.0, 0.0, 1.0],
                [0.933031, -0.34958, 0.085129, 0.0, -0.049991, 0.108351, 0.992855, 0.37472, -0.356306, -0.93062, 0.083619, 0.0, 0.0, 0.0, 0.0, 1.0],
                [0.933138, -0.348429, 0.088611, 0.0, -0.050162, 0.117882, 0.99176, 0.37472, -0.356003, -0.929893, 0.092522, 0.0, 0.0, 0.0, 0.0, 1.0],
                [0.933425, -0.344999, 0.098457, 0.0, -0.050646, 0.144972, 0.988139, 0.37472, -0.35518, -0.92734, 0.117848, -0.0, 0.0, 0.0, 0.0, 1.0],
                [0.933842, -0.33913, 0.113714, 0.0, -0.051418, 0.187337, 0.980949, 0.37472, -0.353972, -0.921898, 0.157506, 0.0, 0.0, 0.0, 0.0, 1.0],
                [0.934332, -0.330521, 0.133342, -0.0, -0.052454, 0.242531, 0.968724, 0.37472, -0.352523, -0.912104, 0.209268, -0.0, 0.0, 0.0, 0.0, 1.0],
                [0.934841, -0.318862, 0.156203, 0.0, -0.053724, 0.307835, 0.949922, 0.37472, -0.350979, -0.896418, 0.270646, 0.0, 0.0, 0.0, 0.0, 1.0],
                [0.935315, -0.303972, 0.181071, -0.0, -0.055172, 0.380204, 0.923256, 0.37472, -0.349488, -0.873525, 0.338839, -0.0, 0.0, 0.0, 0.0, 1.0],
                [0.935708, -0.285895, 0.206677, 0.0, -0.056712, 0.456333, 0.888, 0.37472, -0.348188, -0.842629, 0.410781, -0.0, 0.0, 0.0, 0.0, 1.0],
                [0.935981, -0.264972, 0.231795, 0.0, -0.058223, 0.532841, 0.84421, 0.37472, -0.347202, -0.80366, 0.483302, 0.0, 0.0, 0.0, 0.0, 1.0],
                [0.936112, -0.241853, 0.255344, 0.0, -0.059558, 0.606529, 0.792827, 0.37472, -0.346621, -0.757383, 0.553376, 0.0, 0.0, 0.0, 0.0, 1.0],
                [0.93609, -0.217463, 0.276487, 0.0, -0.06055, 0.674663, 0.735638, 0.37472, -0.346509, -0.705365, 0.618379, -0.0, 0.0, 0.0, 0.0, 1.0],
                [0.935916, -0.192916, 0.294692, 0.0, -0.061024, 0.735201, 0.675097, 0.37472, -0.346895, -0.649818, 0.676314, 0.0, 0.0, 0.0, 0.0, 1.0],
                [0.935601, -0.16942, 0.309754, -0.0, -0.06081, 0.786904, 0.614072, 0.37472, -0.347783, -0.593363, 0.725926, 0.0, 0.0, 0.0, 0.0, 1.0],
                [0.935156, -0.148181, 0.321756, -0.0, -0.059745, 0.829316, 0.555576, 0.37472, -0.349163, -0.538773, 0.766687, -0.0, 0.0, 0.0, 0.0, 1.0],
                [0.934587, -0.130341, 0.330997, -0.0, -0.057681, 0.862621, 0.502551, 0.37472, -0.351028, -0.48877, 0.798676, 0.0, 0.0, 0.0, 0.0, 1.0],
                [0.933888, -0.116966, 0.337894, 0.0, -0.054475, 0.887411, 0.457749, 0.37472, -0.353391, -0.445893, 0.822371, -0.0, 0.0, 0.0, 0.0, 1.0],
                [0.933031, -0.109058, 0.342869, -0.0, -0.049991, 0.904418, 0.42371, 0.37472, -0.356306, -0.412475, 0.838398, -0.0, 0.0, 0.0, 0.0, 1.0],
                [0.932106, -0.105572, 0.346457, -0.0, -0.043915, 0.916574, 0.397445, 0.37472, -0.359513, -0.385676, 0.849709, -0.0, 0.0, 0.0, 0.0, 1.0],
                [0.931229, -0.104642, 0.349089, -0.0, -0.036202, 0.926592, 0.374323, 0.37472, -0.362633, -0.361218, 0.859081, 0.0, 0.0, 0.0, 0.0, 1.0],
                [0.930376, -0.10601, 0.350944, -0.0, -0.027116, 0.934759, 0.354247, 0.37472, -0.365602, -0.339099, 0.866803, 0.0, 0.0, 0.0, 0.0, 1.0],
                [0.929522, -0.109396, 0.352168, 0.0, -0.016924, 0.941324, 0.33708, 0.37472, -0.368379, -0.319284, 0.873129, -0.0, 0.0, 0.0, 0.0, 1.0],
                [0.928638, -0.114507, 0.352873, -0.0, -0.005895, 0.9465, 0.322651, 0.37472, -0.37094, -0.301706, 0.878281, 0.0, 0.0, 0.0, 0.0, 1.0],
                [0.927703, -0.121036, 0.353154, 0.0, 0.005707, 0.950471, 0.310761, 0.37472, -0.373276, -0.286278, 0.882445, 0.0, 0.0, 0.0, 0.0, 1.0],
                [0.926701, -0.128669, 0.353086, 0.0, 0.017617, 0.9534, 0.301194, 0.37472, -0.375386, -0.272896, 0.885784, 0.0, 0.0, 0.0, 0.0, 1.0],
                [0.925628, -0.137088, 0.352732, -0.0, 0.029573, 0.955434, 0.29372, 0.37472, -0.377277, -0.261444, 0.88843, 0.0, 0.0, 0.0, 0.0, 1.0],
                [0.924491, -0.145972, 0.352149, -0.0, 0.041318, 0.956708, 0.2881, 0.37472, -0.378959, -0.251796, 0.890499, -0.0, 0.0, 0.0, 0.0, 1.0],
                [0.923308, -0.154999, 0.351393, 0.0, 0.052596, 0.957355, 0.284087, 0.37472, -0.380441, -0.243818, 0.892086, 0.0, 0.0, 0.0, 0.0, 1.0],
                [0.922112, -0.163848, 0.350519, -0.0, 0.063157, 0.957501, 0.281431, 0.37472, -0.381734, -0.237373, 0.893271, -0.0, 0.0, 0.0, 0.0, 1.0],
                [0.920944, -0.172199, 0.349586, -0.0, 0.072752, 0.957275, 0.279879, 0.37472, -0.382844, -0.232319, 0.894124, -0.0, 0.0, 0.0, 0.0, 1.0],
                [0.919856, -0.179736, 0.348655, -0.0, 0.081139, 0.956806, 0.279176, 0.37472, -0.383774, -0.228513, 0.894707, 0.0, 0.0, 0.0, 0.0, 1.0],
                [0.918906, -0.186142, 0.347798, 0.0, 0.088076, 0.956223, 0.279071, 0.37472, -0.384519, -0.225807, 0.895073, -0.0, 0.0, 0.0, 0.0, 1.0],
                [0.918156, -0.191105, 0.347086, 0.0, 0.093324, 0.955655, 0.279309, 0.37472, -0.385072, -0.224058, 0.895275, 0.0, 0.0, 0.0, 0.0, 1.0],
                [0.917666, -0.194312, 0.3466, -0.0, 0.096648, 0.955229, 0.279638, 0.37472, -0.385419, -0.223116, 0.895361, -0.0, 0.0, 0.0, 0.0, 1.0],
                [0.917492, -0.195451, 0.346419, 0.0, 0.097809, 0.955062, 0.279804, 0.37472, -0.38554, -0.222835, 0.895379, -0.0, 0.0, 0.0, 0.0, 1.0],
                [0.917586, -0.196161, 0.345771, 0.0, 0.0963, 0.953555, 0.28541, 0.37472, -0.385698, -0.22859, 0.893859, 0.0, 0.0, 0.0, 0.0, 1.0],
                [0.917858, -0.198154, 0.343907, 0.0, 0.09201, 0.949085, 0.301282, 0.37472, -0.386098, -0.244891, 0.889358, -0.0, 0.0, 0.0, 0.0, 1.0],
                [0.918305, -0.20121, 0.340925, 0.0, 0.085284, 0.941529, 0.32596, 0.37472, -0.386577, -0.270255, 0.881771, -0.0, 0.0, 0.0, 0.0, 1.0],
                [0.918931, -0.205085, 0.336907, 0.0, 0.076471, 0.930617, 0.357916, 0.37472, -0.386935, -0.303136, 0.870856, 0.0, 0.0, 0.0, 0.0, 1.0],
                [0.919736, -0.209528, 0.331939, 0.0, 0.065936, 0.916074, 0.395552, 0.37472, -0.38696, -0.341917, 0.856361, -0.0, 0.0, 0.0, 0.0, 1.0],
                [0.920718, -0.214284, 0.326129, 0.0, 0.054067, 0.89773, 0.437215, 0.37472, -0.386464, -0.384919, 0.838143, 0.0, 0.0, 0.0, 0.0, 1.0],
                [0.921867, -0.21911, 0.319612, -0.0, 0.041278, 0.875624, 0.481225, 0.37472, -0.385302, -0.430433, 0.816254, 0.0, 0.0, 0.0, 0.0, 1.0],
                [0.92316, -0.22379, 0.312561, 0.0, 0.028002, 0.850065, 0.525932, 0.37472, -0.383396, -0.476767, 0.791012, -0.0, 0.0, 0.0, 0.0, 1.0],
                [0.924562, -0.228139, 0.305183, 0.0, 0.014674, 0.821667, 0.56978, 0.37472, -0.380748, -0.522319, 0.76303, -0.0, 0.0, 0.0, 0.0, 1.0],
                [0.926031, -0.23202, 0.297715, -0.0, 0.001721, 0.791343, 0.61137, 0.37472, -0.377445, -0.565635, 0.733207, -0.0, 0.0, 0.0, 0.0, 1.0],
                [0.927509, -0.235345, 0.290413, 0.0, -0.01046, 0.760274, 0.649518, 0.37472, -0.373654, -0.605472, 0.702699, -0.0, 0.0, 0.0, 0.0, 1.0],
                [0.928937, -0.238076, 0.283543, -0.0, -0.02151, 0.729841, 0.683278, 0.37472, -0.369613, -0.640822, 0.672855, 0.0, 0.0, 0.0, 0.0, 1.0],
                [0.930248, -0.240217, 0.27737, 0.0, -0.031116, 0.701554, 0.711937, 0.37472, -0.365609, -0.670909, 0.645145, -0.0, 0.0, 0.0, 0.0, 1.0],
                [0.931377, -0.241804, 0.272153, 0.0, -0.039006, 0.676976, 0.734971, 0.37472, -0.361961, -0.69515, 0.621088, -0.0, 0.0, 0.0, 0.0, 1.0],
                [0.932258, -0.242892, 0.268139, 0.0, -0.044938, 0.657659, 0.751975, 0.37472, -0.358993, -0.713084, 0.602192, 0.0, 0.0, 0.0, 0.0, 1.0],
                [0.932829, -0.243529, 0.265564, -0.0, -0.048682, 0.645082, 0.762561, 0.37472, -0.357016, -0.724267, 0.589896, 0.0, 0.0, 0.0, 0.0, 1.0],
                [0.933031, -0.243743, 0.264655, 0.0, -0.049991, 0.640613, 0.766235, 0.37472, -0.356306, -0.728151, 0.585527, -0.0, 0.0, 0.0, 0.0, 1.0]
            ]
        },
        {
            "name": "Knee_R",
            "time": [0.0, 0.0167, 0.0333, 0.05, 0.0667, 0.0833, 0.1, 0.1167, 0.1333, 0.15, 0.1667, 0.1833, 0.2, 0.2167, 0.2333, 0.25, 0.2667, 0.2833, 0.3, 0.3167, 0.3333, 0.35, 0.3667, 0.3833, 0.4, 0.4167, 0.4333, 0.45, 0.4667, 0.4833, 0.5, 0.5167, 0.5333, 0.55, 0.5667, 0.5833, 0.6, 0.6167, 0.6333, 0.65, 0.6667, 0.6833, 0.7, 0.7167, 0.7333, 0.75, 0.7667, 0.7833, 0.8, 0.8167, 0.8333, 0.85, 0.8667, 0.8833, 0.9, 0.9167, 0.9333, 0.95],
            "transform": [
                [1.0, 0.0, -0.0, 0.0, -0.0, 0.0, -1.0, 0.37472, -0.0, 1.0, 0.0, -0.0, 0.0, 0.0, 0.0, 1.0],
                [1.0, 0.0, -0.0, -0.0, -0.0, 0.0, -1.0, 0.37472, -0.0, 1.0, 0.0, 0.0, 0.0, 0.0, 0.0, 1.0],
                [1.0, 0.0, -0.0, 0.0, -0.0, 0.0, -1.0, 0.37472, -0.0, 1.0, 0.0, -0.0, 0.0, 0.0, 0.0, 1.0],
                [1.0, 0.0, -0.0, -0.0, -0.0, 0.0, -1.0, 0.37472, -0.0, 1.0, 0.0, 0.0, 0.0, 0.0, 0.0, 1.0],
                [1.0, 0.0, -0.0, 0.0, -0.0, 0.0, -1.0, 0.37472, -0.0, 1.0, 0.0, 0.0, 0.0, 0.0, 0.0, 1.0],
                [1.0, 0.0, -0.0, 0.0, -0.0, 0.0, -1.0, 0.37472, -0.0, 1.0, 0.0, -0.0, 0.0, 0.0, 0.0, 1.0],
                [1.0, 0.0, -0.0, 0.0, -0.0, 0.0, -1.0, 0.37472, -0.0, 1.0, 0.0, 0.0, 0.0, 0.0, 0.0, 1.0],
                [1.0, 0.0, -0.0, 0.0, -0.0, 0.0, -1.0, 0.37472, -0.0, 1.0, 0.0, 0.0, 0.0, 0.0, 0.0, 1.0],
                [1.0, 0.0, -1e-06, 0.0, -1e-06, 0.0, -1.0, 0.37472, -0.0, 1.0, 0.0, 0.0, 0.0, 0.0, 0.0, 1.0],
                [1.0, 0.0, -0.0, 0.0, -0.0, 0.0, -1.0, 0.37472, -0.0, 1.0, 0.0, -0.0, 0.0, 0.0, 0.0, 1.0],
                [1.0, 0.0, -1e-06, 0.0, -0.0, 0.0, -1.0, 0.37472, -0.0, 1.0, 0.0, 0.0, 0.0, 0.0, 0.0, 1.0],
                [1.0, 0.0, -0.0, -0.0, -0.0, 0.0, -1.0, 0.37472, -0.0, 1.0, 0.0, -0.0, 0.0, 0.0, 0.0, 1.0],
                [1.0, 0.0, -0.0, 0.0, -0.0, 0.0, -1.0, 0.37472, -0.0, 1.0, 0.0, 0.0, 0.0, 0.0, 0.0, 1.0],
                [1.0, 0.0, -0.0, -0.0, -0.0, 0.0, -1.0, 0.37472, -0.0, 1.0, 0.0, -0.0, 0.0, 0.0, 0.0, 1.0],
                [1.0, 0.0, -0.0, 0.0, -0.0, 0.0, -1.0, 0.37472, -0.0, 1.0, 0.0, -0.0, 0.0, 0.0, 0.0, 1.0],
                [1.0, 0.0, -0.0, 0.0, -0.0, 0.0, -1.0, 0.37472, -0.0, 1.0, 0.0, 0.0, 0.0, 0.0, 0.0, 1.0],
                [1.0, 0.0, -0.0, 0.0, -0.0, 0.0, -1.0, 0.37472, -0.0, 1.0, 0.0, 0.0, 0.0, 0.0, 0.0, 1.0],
                [1.0, 0.0, -0.0, 0.0, -0.0, 0.0, -1.0, 0.37472, -0.0, 1.0, 0.0, -0.0, 0.0, 0.0, 0.0, 1.0],
                [1.0, 0.0, -0.0, 0.0, -0.0, 0.0, -1.0, 0.37472, -0.0, 1.0, 0.0, 0.0, 0.0, 0.0, 0.0, 1.0],
                [1.0, 0.0, -0.0, -0.0, -0.0, 0.0, -1.0, 0.37472, -0.0, 1.0, 0.0, 0.0, 0.0, 0.0, 0.0, 1.0],
                [1.0, 0.0, -0.0, -0.0, -0.0, 0.0, -1.0, 0.37472, -0.0, 1.0, 0.0, -0.0, 0.0, 0.0, 0.0, 1.0],
                [1.0, 0.0, -0.0, -0.0, -0.0, 0.0, -1.0, 0.37472, -0.0, 1.0, 0.0, 0.0, 0.0, 0.0, 0.0, 1.0],
                [1.0, 0.0, -0.0, 0.0, -0.0, 0.0, -1.0, 0.37472, -0.0, 1.0, 0.0, -0.0, 0.0, 0.0, 0.0, 1.0],
                [1.0, 0.0, -0.0, -0.0, -0.0, 0.0, -1.0, 0.37472, -0.0, 1.0, 0.0, -0.0, 0.0, 0.0, 0.0, 1.0],
                [1.0, 0.0, -0.0, -0.0, -0.0, 0.0, -1.0, 0.37472, -0.0, 1.0, 0.0, -0.0, 0.0, 0.0, 0.0, 1.0],
                [1.0, 0.0, -0.0, -0.0, -0.0, 0.0, -1.0, 0.37472, -0.0, 1.0, 0.0, 0.0, 0.0, 0.0, 0.0, 1.0],
                [1.0, 0.0, -0.0, -0.0, -0.0, 0.0, -1.0, 0.37472, -0.0, 1.0, 0.0, 0.0, 0.0, 0.0, 0.0, 1.0],
                [1.0, 0.0, -0.0, 0.0, -0.0, 0.0, -1.0, 0.37472, -0.0, 1.0, 0.0, -0.0, 0.0, 0.0, 0.0, 1.0],
                [1.0, 0.0, -0.0, -0.0, -0.0, 0.0, -1.0, 0.37472, -0.0, 1.0, 0.0, 0.0, 0.0, 0.0, 0.0, 1.0],
                [1.0, 0.0, -0.0, 0.0, -0.0, 0.0, -1.0, 0.37472, -0.0, 1.0, 0.0, 0.0, 0.0, 0.0, 0.0, 1.0],
                [1.0, 0.0, -0.0, 0.0, -0.0, 0.0, -1.0, 0.37472, -0.0, 1.0, 0.0, 0.0, 0.0, 0.0, 0.0, 1.0],
                [1.0, 0.0, -0.0, -0.0, -0.0, 0.0, -1.0, 0.37472, -0.0, 1.0, 0.0, 0.0, 0.0, 0.0, 0.0, 1.0],
                [1.0, 0.0, -0.0, -0.0, -0.0, 0.0, -1.0, 0.37472, -0.0, 1.0, 0.0, -0.0, 0.0, 0.0, 0.0, 1.0],
                [1.0, 0.0, -0.0, 0.0, -0.0, 0.0, -1.0, 0.37472, -0.0, 1.0, 0.0, 0.0, 0.0, 0.0, 0.0, 1.0],
                [1.0, 0.0, -0.0, -0.0, -0.0, 0.0, -1.0, 0.37472, -0.0, 1.0, 0.0, -0.0, 0.0, 0.0, 0.0, 1.0],
                [1.0, 0.0, -0.0, -0.0, -0.0, 0.0, -1.0, 0.37472, -0.0, 1.0, 0.0, -0.0, 0.0, 0.0, 0.0, 1.0],
                [1.0, 0.0, -0.0, -0.0, -0.0, 0.0, -1.0, 0.37472, -0.0, 1.0, 0.0, 0.0, 0.0, 0.0, 0.0, 1.0],
                [1.0, 0.0, -0.0, 0.0, -0.0, 0.0, -1.0, 0.37472, -0.0, 1.0, 0.0, -0.0, 0.0, 0.0, 0.0, 1.0],
                [1.0, 0.0, -0.0, 0.0, -0.0, 0.0, -1.0, 0.37472, -0.0, 1.0, 0.0, 0.0, 0.0, 0.0, 0.0, 1.0],
                [1.0, 0.0, -0.0, -0.0, -0.0, 0.0, -1.0, 0.37472, -0.0, 1.0, 0.0, -0.0, 0.0, 0.0, 0.0, 1.0],
