{
    "animation": [
        {
            "name": "Root",
            "time": [0.0, 0.0167, 0.0333, 0.05, 0.0667, 0.0833, 0.1, 0.1167, 0.1333, 0.15, 0.1667, 0.1833, 0.2, 0.2167, 0.2333, 0.25, 0.2667, 0.2833, 0.3, 0.3167, 0.3333, 0.35, 0.3667, 0.3833, 0.4, 0.4167, 0.4333, 0.45, 0.4667],
            "transform": [
                [1.0, 0.0, 0.0, -5e-06, 0.0, 0.258819, -0.965926, 0.000946, 0.0, 0.965926, 0.258819, 0.763972, 0.0, 0.0, 0.0, 1.0],
                [1.0, 0.0, 0.0, -5e-06, 0.0, 0.258819, -0.965926, 0.000946, 0.0, 0.965926, 0.258819, 0.783404, 0.0, 0.0, 0.0, 1.0],
                [1.0, 0.0, 0.0, -5e-06, 0.0, 0.258819, -0.965926, 0.000946, 0.0, 0.965926, 0.258819, 0.802836, 0.0, 0.0, 0.0, 1.0],
                [1.0, 0.0, 0.0, -5e-06, 0.0, 0.258819, -0.965926, 0.000946, 0.0, 0.965926, 0.258819, 0.822268, 0.0, 0.0, 0.0, 1.0],
                [1.0, 0.0, 0.0, -5e-06, 0.0, 0.258819, -0.965926, 0.000946, 0.0, 0.965926, 0.258819, 0.841699, 0.0, 0.0, 0.0, 1.0],
                [1.0, 0.0, 0.0, -5e-06, 0.0, 0.258819, -0.965926, 0.000946, 0.0, 0.965926, 0.258819, 0.861131, 0.0, 0.0, 0.0, 1.0],
                [1.0, 0.0, 0.0, -5e-06, 0.0, 0.258819, -0.965926, 0.000946, 0.0, 0.965926, 0.258819, 0.858411, 0.0, 0.0, 0.0, 1.0],
                [1.0, 0.0, 0.0, -5e-06, 0.0, 0.258819, -0.965926, 0.000946, 0.0, 0.965926, 0.258819, 0.851027, 0.0, 0.0, 0.0, 1.0],
                [1.0, 0.0, 0.0, -5e-06, 0.0, 0.258819, -0.965926, 0.000946, 0.0, 0.965926, 0.258819, 0.840145, 0.0, 0.0, 0.0, 1.0],
                [1.0, 0.0, 0.0, -5e-06, 0.0, 0.258819, -0.965926, 0.000946, 0.0, 0.965926, 0.258819, 0.826931, 0.0, 0.0, 0.0, 1.0],
                [1.0, 0.0, 0.0, -5e-06, 0.0, 0.258819, -0.965926, 0.000946, 0.0, 0.965926, 0.258819, 0.812552, 0.0, 0.0, 0.0, 1.0],
                [1.0, 0.0, 0.0, -5e-06, 0.0, 0.258819, -0.965926, 0.000946, 0.0, 0.965926, 0.258819, 0.798172, 0.0, 0.0, 0.0, 1.0],
                [1.0, 0.0, 0.0, -5e-06, 0.0, 0.258819, -0.965926, 0.000946, 0.0, 0.965926, 0.258819, 0.784958, 0.0, 0.0, 0.0, 1.0],
                [1.0, 0.0, 0.0, -5e-06, 0.0, 0.258819, -0.965926, 0.000946, 0.0, 0.965926, 0.258819, 0.774076, 0.0, 0.0, 0.0, 1.0],
                [1.0, 0.0, 0.0, -5e-06, 0.0, 0.258819, -0.965926, 0.000946, 0.0, 0.965926, 0.258819, 0.766692, 0.0, 0.0, 0.0, 1.0],
                [1.0, 0.0, 0.0, -5e-06, 0.0, 0.258819, -0.965926, 0.000946, 0.0, 0.965926, 0.258819, 0.763972, 0.0, 0.0, 0.0, 1.0],
                [1.0, 0.0, 0.0, -5e-06, 0.0, 0.258819, -0.965926, 0.000946, 0.0, 0.965926, 0.258819, 0.76965, 0.0, 0.0, 0.0, 1.0],
                [1.0, 0.0, 0.0, -5e-06, 0.0, 0.258819, -0.965926, 0.000946, 0.0, 0.965926, 0.258819, 0.783845, 0.0, 0.0, 0.0, 1.0],
                [1.0, 0.0, 0.0, -5e-06, 0.0, 0.258819, -0.965926, 0.000946, 0.0, 0.965926, 0.258819, 0.802299, 0.0, 0.0, 0.0, 1.0],
                [1.0, 0.0, 0.0, -5e-06, 0.0, 0.258819, -0.965926, 0.000946, 0.0, 0.965926, 0.258819, 0.820754, 0.0, 0.0, 0.0, 1.0],
                [1.0, 0.0, 0.0, -5e-06, 0.0, 0.258819, -0.965926, 0.000946, 0.0, 0.965926, 0.258819, 0.834949, 0.0, 0.0, 0.0, 1.0],
                [1.0, 0.0, 0.0, -5e-06, 0.0, 0.258819, -0.965926, 0.000946, 0.0, 0.965926, 0.258819, 0.840627, 0.0, 0.0, 0.0, 1.0],
                [1.0, 0.0, 0.0, -5e-06, 0.0, 0.258819, -0.965926, 0.000946, 0.0, 0.965926, 0.258819, 0.836381, 0.0, 0.0, 0.0, 1.0],
                [1.0, 0.0, 0.0, -5e-06, 0.0, 0.258819, -0.965926, 0.000946, 0.0, 0.965926, 0.258819, 0.82543, 0.0, 0.0, 0.0, 1.0],
                [1.0, 0.0, 0.0, -5e-06, 0.0, 0.258819, -0.965926, 0.000946, 0.0, 0.965926, 0.258819, 0.810457, 0.0, 0.0, 0.0, 1.0],
                [1.0, 0.0, 0.0, -5e-06, 0.0, 0.258819, -0.965926, 0.000946, 0.0, 0.965926, 0.258819, 0.794142, 0.0, 0.0, 0.0, 1.0],
                [1.0, 0.0, 0.0, -5e-06, 0.0, 0.258819, -0.965926, 0.000946, 0.0, 0.965926, 0.258819, 0.779169, 0.0, 0.0, 0.0, 1.0],
                [1.0, 0.0, 0.0, -5e-06, 0.0, 0.258819, -0.965926, 0.000946, 0.0, 0.965926, 0.258819, 0.768218, 0.0, 0.0, 0.0, 1.0],
                [1.0, 0.0, 0.0, -5e-06, 0.0, 0.258819, -0.965926, 0.000946, 0.0, 0.965926, 0.258819, 0.763972, 0.0, 0.0, 0.0, 1.0]
            ]
        },
        {
            "name": "Thigh_R",
            "time": [0.0, 0.0167, 0.0333, 0.05, 0.0667, 0.0833, 0.1, 0.1167, 0.1333, 0.15, 0.1667, 0.1833, 0.2, 0.2167, 0.2333, 0.25, 0.2667, 0.2833, 0.3, 0.3167, 0.3333, 0.35, 0.3667, 0.3833, 0.4, 0.4167, 0.4333, 0.45, 0.4667],
            "transform": [
                [0.881219, -0.070525, -0.467418, 0.124994, 0.380979, -0.479401, 0.790588, -0.005666, -0.279837, -0.874758, -0.395588, 0.032399, 0.0, 0.0, 0.0, 1.0],
                [0.897592, -0.037655, -0.439216, 0.124994, 0.343133, -0.565812, 0.749744, -0.005666, -0.276745, -0.823674, -0.494948, 0.032399, 0.0, 0.0, 0.0, 1.0],
                [0.913932, -0.007109, -0.405804, 0.124994, 0.304206, -0.649879, 0.696502, -0.005666, -0.268676, -0.760004, -0.591783, 0.032399, 0.0, 0.0, 0.0, 1.0],
                [0.929852, 0.020135, -0.367381, 0.124994, 0.264987, -0.729369, 0.630716, -0.005666, -0.255257, -0.683824, -0.683541, 0.032399, 0.0, 0.0, 0.0, 1.0],
                [0.943075, 0.040465, -0.33011, 0.124994, 0.231235, -0.793182, 0.563375, -0.005666, -0.239041, -0.607638, -0.757388, 0.032399, 0.0, 0.0, 0.0, 1.0],
                [0.955375, 0.05698, -0.289849, 0.124994, 0.198607, -0.850243, 0.487485, -0.005666, -0.218665, -0.523297, -0.823618, 0.032399, 0.0, 0.0, 0.0, 1.0],
                [0.966484, 0.069212, -0.24722, 0.124994, 0.167758, -0.899202, 0.404094, -0.005666, -0.194333, -0.432024, -0.880676, 0.032399, 0.0, 0.0, 0.0, 1.0],
                [0.976168, 0.076829, -0.202963, 0.124994, 0.139307, -0.938953, 0.314579, -0.005666, -0.166404, -0.335356, -0.927279, 0.032399, 0.0, 0.0, 0.0, 1.0],
                [0.984238, 0.079667, -0.15789, 0.124994, 0.113793, -0.968711, 0.220568, -0.005666, -0.135378, -0.235058, -0.962507, 0.032399, 0.0, 0.0, 0.0, 1.0],
                [0.990568, 0.077736, -0.112839, 0.124994, 0.091647, -0.98806, 0.123848, -0.005666, -0.101864, -0.133021, -0.985865, 0.032399, 0.0, 0.0, 0.0, 1.0],
                [0.995097, 0.07122, -0.068623, 0.124994, 0.073164, -0.996974, 0.026249, -0.005666, -0.066546, -0.031141, -0.997297, 0.032399, 0.0, 0.0, 0.0, 1.0],
                [0.997833, 0.060453, -0.025985, 0.124994, 0.058494, -0.995798, -0.070462, -0.005666, -0.030135, 0.068789, -0.997176, 0.032399, 0.0, 0.0, 0.0, 1.0],
                [0.998842, 0.045892, 0.014445, 0.124994, 0.047647, -0.985196, -0.164679, -0.005666, 0.006674, 0.165176, -0.986242, 0.032399, 0.0, 0.0, 0.0, 1.0],
                [0.998244, 0.028079, 0.052167, 0.124994, 0.040501, -0.966085, -0.255029, -0.005666, 0.043237, 0.256694, -0.965525, 0.032399, 0.0, 0.0, 0.0, 1.0],
                [0.996195, 0.007596, 0.086824, 0.124994, 0.036833, -0.939552, -0.340418, -0.005666, 0.07899, 0.342321, -0.936257, 0.032399, 0.0, 0.0, 0.0, 1.0],
                [0.996738, 0.012099, 0.079797, 0.124994, 0.037331, -0.945695, -0.322903, -0.005666, 0.071557, 0.324829, -0.943062, 0.032399, 0.0, 0.0, 0.0, 1.0],
                [0.997944, 0.024171, 0.059361, 0.124994, 0.039497, -0.961329, -0.272556, -0.005666, 0.050478, 0.27434, -0.960307, 0.032399, 0.0, 0.0, 0.0, 1.0],
                [0.998826, 0.040945, 0.025884, 0.124994, 0.04516, -0.980391, -0.191814, -0.005666, 0.017523, 0.192758, -0.98109, 0.032399, 0.0, 0.0, 0.0, 1.0],
                [0.998072, 0.058661, -0.020271, 0.124994, 0.056775, -0.994879, -0.083622, -0.005666, -0.025073, 0.08231, -0.996291, 0.032399, 0.0, 0.0, 0.0, 1.0],
                [0.994299, 0.072947, -0.077765, 0.124994, 0.076718, -0.995961, 0.046648, -0.005666, -0.074048, -0.052348, -0.99588, 0.032399, 0.0, 0.0, 0.0, 1.0],
                [0.986441, 0.079565, -0.143539, 0.124994, 0.106378, -0.975993, 0.190056, -0.005666, -0.124972, -0.202748, -0.971224, 0.032399, 0.0, 0.0, 0.0, 1.0],
                [0.974182, 0.075568, -0.212743, 0.124994, 0.145297, -0.93109, 0.334604, -0.005666, -0.172797, -0.356876, -0.918031, 0.032399, 0.0, 0.0, 0.0, 1.0],
                [0.958215, 0.060387, -0.279601, 0.124994, 0.190863, -0.863029, 0.467709, -0.005666, -0.213061, -0.501531, -0.838494, 0.032399, 0.0, 0.0, 0.0, 1.0],
                [0.940127, 0.03614, -0.338902, 0.124994, 0.238866, -0.779155, 0.579534, -0.005666, -0.243114, -0.625788, -0.741138, 0.032399, 0.0, 0.0, 0.0, 1.0],
                [0.921938, 0.006931, -0.387275, 0.124994, 0.284658, -0.690179, 0.665299, -0.005666, -0.262678, -0.723606, -0.638275, 0.032399, 0.0, 0.0, 0.0, 1.0],
                [0.905589, -0.022406, -0.423564, 0.124994, 0.324236, -0.607244, 0.725346, -0.005666, -0.273458, -0.7942, -0.542649, 0.032399, 0.0, 0.0, 0.0, 1.0],
                [0.892634, -0.047382, -0.448285, 0.124994, 0.35471, -0.539862, 0.763367, -0.005666, -0.278182, -0.840419, -0.465092, 0.032399, 0.0, 0.0, 0.0, 1.0],
                [0.884213, -0.064357, -0.46263, 0.124994, 0.37414, -0.495353, 0.783993, -0.005666, -0.27962, -0.866305, -0.413919, 0.032399, 0.0, 0.0, 0.0, 1.0],
                [0.881219, -0.070525, -0.467418, 0.124994, 0.380979, -0.479401, 0.790588, -0.005666, -0.279837, -0.874758, -0.395588, 0.032399, 0.0, 0.0, 0.0, 1.0]
            ]
        },
        {
            "name": "Leg_R",
            "time": [0.0, 0.0167, 0.0333, 0.05, 0.0667, 0.0833, 0.1, 0.1167, 0.1333, 0.15, 0.1667, 0.1833, 0.2, 0.2167, 0.2333, 0.25, 0.2667, 0.2833, 0.3, 0.3167, 0.3333, 0.35, 0.3667, 0.3833, 0.4, 0.4167, 0.4333, 0.45, 0.4667],
            "transform": [
                [0.906545, -0.240559, 0.346854, 0.0, 0.000487, 0.822312, 0.569037, 0.37472, -0.42211, -0.515688, 0.74558, 0.0, 0.0, 0.0, 0.0, 1.0],
                [0.917089, -0.167321, 0.361873, -0.0, -0.012826, 0.894818, 0.446247, 0.37472, -0.398477, -0.413889, 0.818482, -0.0, 0.0, 0.0, 0.0, 1.0],
                [0.926017, -0.091865, 0.366132, -0.0, -0.029825, 0.949098, 0.313567, 0.37472, -0.3763, -0.301289, 0.876141, -0.0, 0.0, 0.0, 0.0, 1.0],
                [0.933031, -0.016601, 0.359413, -0.0, -0.049991, 0.983264, 0.175192, 0.37472, -0.356306, -0.181427, 0.916586, -0.0, 0.0, 0.0, 0.0, 1.0],
                [0.932975, -0.017354, 0.359522, -0.0, -0.050486, 0.982654, 0.178446, 0.37472, -0.356382, -0.184636, 0.915916, 0.0, 0.0, 0.0, 0.0, 1.0],
                [0.932866, -0.02012, 0.359661, -0.0, -0.051477, 0.980746, 0.188381, 0.37472, -0.356526, -0.194248, 0.913869, 0.0, 0.0, 0.0, 0.0, 1.0],
                [0.93279, -0.025649, 0.359507, -0.0, -0.052222, 0.977321, 0.205223, 0.37472, -0.356618, -0.210204, 0.910296, 0.0, 0.0, 0.0, 0.0, 1.0],
                [0.932826, -0.03467, 0.358657, 0.0, -0.051976, 0.972004, 0.229142, 0.37472, -0.35656, -0.232391, 0.904908, 0.0, 0.0, 0.0, 0.0, 1.0],
                [0.933031, -0.047862, 0.356598, -0.0, -0.049991, 0.964254, 0.260222, 0.37472, -0.356306, -0.260622, 0.897286, 0.0, 0.0, 0.0, 0.0, 1.0],
                [0.941229, -0.068963, 0.330655, -0.0, -0.035938, 0.952932, 0.301046, 0.37472, -0.335852, -0.295236, 0.894449, 0.0, 0.0, 0.0, 0.0, 1.0],
                [0.957987, -0.096994, 0.269912, 0.0, -0.004782, 0.935549, 0.353165, 0.37472, -0.286771, -0.339619, 0.89578, 0.0, 0.0, 0.0, 0.0, 1.0],
                [0.973296, -0.125656, 0.192111, 0.0, 0.035487, 0.90918, 0.414888, 0.37472, -0.226796, -0.396991, 0.88936, 0.0, 0.0, 0.0, 0.0, 1.0],
                [0.981763, -0.149724, 0.11715, 0.0, 0.074826, 0.870817, 0.48588, 0.37472, -0.174764, -0.468253, 0.866139, -0.0, 0.0, 0.0, 0.0, 1.0],
                [0.98373, -0.16694, 0.066376, 0.0, 0.100358, 0.817101, 0.567692, 0.37472, -0.149007, -0.551794, 0.820561, 0.0, 0.0, 0.0, 0.0, 1.0],
                [0.983075, -0.179752, 0.035387, -0.0, 0.111593, 0.740725, 0.662475, 0.37472, -0.145293, -0.647314, 0.748248, 0.0, 0.0, 0.0, 0.0, 1.0],
                [0.981945, -0.189101, 0.005037, -0.0, 0.118376, 0.635021, 0.763371, 0.37472, -0.147553, -0.748992, 0.645941, 0.0, 0.0, 0.0, 0.0, 1.0],
                [0.980678, -0.194075, -0.024614, 0.0, 0.120468, 0.499963, 0.857627, 0.37472, -0.154138, -0.844021, 0.513682, 0.0, 0.0, 0.0, 0.0, 1.0],
                [0.979546, -0.194208, -0.052651, -0.0, 0.117793, 0.341305, 0.932543, 0.37472, -0.163137, -0.919671, 0.357201, -0.0, 0.0, 0.0, 0.0, 1.0],
                [0.978739, -0.189832, -0.077676, 0.0, 0.110881, 0.171093, 0.978996, 0.37472, -0.172555, -0.966794, 0.188505, -0.0, 0.0, 0.0, 0.0, 1.0],
                [0.978331, -0.182188, -0.098366, -0.0, 0.101029, 0.005371, 0.994869, 0.37472, -0.180725, -0.983249, 0.023661, 0.0, 0.0, 0.0, 0.0, 1.0],
                [0.978275, -0.173165, -0.113978, 0.0, 0.090105, -0.139982, 0.986046, 0.37472, -0.186704, -0.974894, -0.121337, 0.0, 0.0, 0.0, 0.0, 1.0],
                [0.978436, -0.164804, -0.124509, -0.0, 0.080138, -0.252692, 0.964222, 0.37472, -0.19037, -0.953408, -0.234036, -0.0, 0.0, 0.0, 0.0, 1.0],
                [0.978642, -0.158872, -0.13046, 0.0, 0.072987, -0.324743, 0.942982, 0.37472, -0.19218, -0.932364, -0.306211, 0.0, 0.0, 0.0, 0.0, 1.0],
                [0.978737, -0.156683, -0.13238, -0.0, 0.070271, -0.350205, 0.934033, 0.37472, -0.192707, -0.923476, -0.331748, -0.0, 0.0, 0.0, 0.0, 1.0],
                [0.976499, -0.193492, -0.094923, 0.0, 0.049724, -0.22629, 0.97279, 0.37472, -0.209707, -0.954648, -0.211351, 0.0, 0.0, 0.0, 0.0, 1.0],
                [0.965027, -0.261572, 0.017406, 0.0, 0.009211, 0.100189, 0.994926, 0.37472, -0.261989, -0.95997, 0.099095, -0.0, 0.0, 0.0, 0.0, 1.0],
                [0.941225, -0.288825, 0.175146, -0.0, -0.013581, 0.485742, 0.873997, 0.37472, -0.337507, -0.825006, 0.45327, -0.0, 0.0, 0.0, 0.0, 1.0],
                [0.916831, -0.262431, 0.300917, -0.0, -0.007746, 0.741826, 0.670548, 0.37472, -0.399201, -0.61711, 0.678096, 0.0, 0.0, 0.0, 0.0, 1.0],
                [0.906545, -0.240559, 0.346854, 0.0, 0.000487, 0.822312, 0.569037, 0.37472, -0.42211, -0.515688, 0.74558, 0.0, 0.0, 0.0, 0.0, 1.0]
            ]
        },
        {
            "name": "Knee_R",
            "time": [0.0, 0.0167, 0.0333, 0.05, 0.0667, 0.0833, 0.1, 0.1167, 0.1333, 0.15, 0.1667, 0.1833, 0.2, 0.2167, 0.2333, 0.25, 0.2667, 0.2833, 0.3, 0.3167, 0.3333, 0.35, 0.3667, 0.3833, 0.4, 0.4167, 0.4333, 0.45, 0.4667],
            "transform": [
                [1.0, 0.0, -0.0, 0.0, -1e-06, 0.0, -1.0, 0.37472, -0.0, 1.0, 0.0, 0.0, 0.0, 0.0, 0.0, 1.0],
                [1.0, 0.0, -0.0, -0.0, -0.0, 0.0, -1.0, 0.37472, -0.0, 1.0, 0.0, -0.0, 0.0, 0.0, 0.0, 1.0],
                [1.0, 0.0, -0.0, -0.0, -0.0, 0.0, -1.0, 0.37472, -0.0, 1.0, 0.0, -0.0, 0.0, 0.0, 0.0, 1.0],
                [1.0, 0.0, -0.0, -0.0, -0.0, 0.0, -1.0, 0.37472, -0.0, 1.0, 0.0, -0.0, 0.0, 0.0, 0.0, 1.0],
                [1.0, 0.0, -0.0, -0.0, -0.0, 0.0, -1.0, 0.37472, -0.0, 1.0, 0.0, 0.0, 0.0, 0.0, 0.0, 1.0],
                [1.0, 0.0, -0.0, -0.0, -0.0, 0.0, -1.0, 0.37472, -0.0, 1.0, 0.0, 0.0, 0.0, 0.0, 0.0, 1.0],
                [1.0, 0.0, -0.0, -0.0, -0.0, 0.0, -1.0, 0.37472, -0.0, 1.0, 0.0, 0.0, 0.0, 0.0, 0.0, 1.0],
                [1.0, 0.0, -0.0, 0.0, -0.0, 0.0, -1.0, 0.37472, -0.0, 1.0, 0.0, 0.0, 0.0, 0.0, 0.0, 1.0],
                [1.0, 0.0, -0.0, -0.0, -0.0, 0.0, -1.0, 0.37472, -0.0, 1.0, 0.0, 0.0, 0.0, 0.0, 0.0, 1.0],
                [1.0, 0.0, -0.0, -0.0, -0.0, 0.0, -1.0, 0.37472, -0.0, 1.0, 0.0, 0.0, 0.0, 0.0, 0.0, 1.0],
                [1.0, 0.0, -0.0, 0.0, -0.0, 0.0, -1.0, 0.37472, -0.0, 1.0, 0.0, 0.0, 0.0, 0.0, 0.0, 1.0],
                [1.0, 0.0, -0.0, 0.0, -0.0, 0.0, -1.0, 0.37472, -0.0, 1.0, 0.0, 0.0, 0.0, 0.0, 0.0, 1.0],
                [1.0, 0.0, -0.0, 0.0, -0.0, 0.0, -1.0, 0.37472, -0.0, 1.0, 0.0, -0.0, 0.0, 0.0, 0.0, 1.0],
                [1.0, 0.0, -0.0, 0.0, -0.0, 0.0, -1.0, 0.37472, -0.0, 1.0, 0.0, 0.0, 0.0, 0.0, 0.0, 1.0],
                [1.0, 0.0, -0.0, -0.0, -0.0, 0.0, -1.0, 0.37472, -0.0, 1.0, 0.0, 0.0, 0.0, 0.0, 0.0, 1.0],
                [1.0, 0.0, -0.0, -0.0, -0.0, 0.0, -1.0, 0.37472, -0.0, 1.0, 0.0, 0.0, 0.0, 0.0, 0.0, 1.0],
                [1.0, 0.0, -0.0, 0.0, -0.0, 0.0, -1.0, 0.37472, -0.0, 1.0, 0.0, 0.0, 0.0, 0.0, 0.0, 1.0],
                [1.0, 0.0, -0.0, -0.0, -0.0, 0.0, -1.0, 0.37472, -0.0, 1.0, 0.0, -0.0, 0.0, 0.0, 0.0, 1.0],
                [1.0, 0.0, -0.0, 0.0, -0.0, 0.0, -1.0, 0.37472, -0.0, 1.0, 0.0, -0.0, 0.0, 0.0, 0.0, 1.0],
                [1.0, 0.0, -0.0, -0.0, -0.0, 0.0, -1.0, 0.37472, -0.0, 1.0, 0.0, 0.0, 0.0, 0.0, 0.0, 1.0],
                [1.0, 0.0, -0.0, 0.0, -0.0, 0.0, -1.0, 0.37472, -0.0, 1.0, 0.0, 0.0, 0.0, 0.0, 0.0, 1.0],
                [1.0, 0.0, -0.0, -0.0, -0.0, 0.0, -1.0, 0.37472, -0.0, 1.0, 0.0, -0.0, 0.0, 0.0, 0.0, 1.0],
                [1.0, 0.0, -0.0, 0.0, -0.0, 0.0, -1.0, 0.37472, -0.0, 1.0, 0.0, 0.0, 0.0, 0.0, 0.0, 1.0],
                [1.0, 0.0, -0.0, -0.0, -0.0, 0.0, -1.0, 0.37472, -0.0, 1.0, 0.0, -0.0, 0.0, 0.0, 0.0, 1.0],
                [1.0, 0.0, -0.0, 0.0, -0.0, 0.0, -1.0, 0.37472, -0.0, 1.0, 0.0, 0.0, 0.0, 0.0, 0.0, 1.0],
                [1.0, 0.0, -0.0, 0.0, -0.0, 0.0, -1.0, 0.37472, -0.0, 1.0, 0.0, -0.0, 0.0, 0.0, 0.0, 1.0],
                [1.0, 0.0, -0.0, -0.0, -0.0, 0.0, -1.0, 0.37472, -0.0, 1.0, 0.0, -0.0, 0.0, 0.0, 0.0, 1.0],
                [1.0, 0.0, -0.0, -0.0, -0.0, 0.0, -1.0, 0.37472, -0.0, 1.0, 0.0, 0.0, 0.0, 0.0, 0.0, 1.0],
                [1.0, 0.0, -0.0, 0.0, -1e-06, 0.0, -1.0, 0.37472, -0.0, 1.0, 0.0, 0.0, 0.0, 0.0, 0.0, 1.0]
            ]
        },
        {
            "name": "Thigh_L",
            "time": [0.0, 0.0167, 0.0333, 0.05, 0.0667, 0.0833, 0.1, 0.1167, 0.1333, 0.15, 0.1667, 0.1833, 0.2, 0.2167, 0.2333, 0.25, 0.2667, 0.2833, 0.3, 0.3167, 0.3333, 0.35, 0.3667, 0.3833, 0.4, 0.4167, 0.4333, 0.45, 0.4667],
            "transform": [
                [0.966185, 0.063874, -0.249815, -0.125006, -0.106285, -0.784045, -0.611537, -0.002831, -0.234927, 0.617409, -0.750743, -1.2e-05, 0.0, 0.0, 0.0, 1.0],
                [0.967713, 0.051868, -0.24666, -0.125006, -0.085828, -0.852307, -0.515951, -0.002831, -0.236992, 0.520463, -0.820337, -1.2e-05, 0.0, 0.0, 0.0, 1.0],
                [0.969493, 0.039835, -0.241859, -0.125006, -0.06435, -0.910734, -0.407948, -0.002831, -0.23652, 0.411067, -0.880388, -1.2e-05, 0.0, 0.0, 0.0, 1.0],
                [0.971509, 0.028102, -0.23533, -0.125006, -0.042308, -0.956432, -0.288873, -0.002831, -0.233195, 0.2906, -0.927994, -1.2e-05, 0.0, 0.0, 0.0, 1.0],
                [0.973729, 0.017033, -0.227072, -0.125006, -0.020264, -0.98676, -0.160913, -0.002831, -0.226806, 0.161287, -0.960492, -1.2e-05, 0.0, 0.0, 0.0, 1.0],
                [0.976105, 0.006996, -0.217186, -0.125006, 0.001149, -0.999634, -0.027034, -0.002831, -0.217295, 0.026139, -0.975756, -1.2e-05, 0.0, 0.0, 0.0, 1.0],
                [0.978577, -0.001665, -0.205874, -0.125006, 0.021282, -0.993793, 0.109193, -0.002831, -0.204778, -0.111235, -0.972467, -1.2e-05, 0.0, 0.0, 0.0, 1.0],
                [0.981075, -0.00867, -0.193433, -0.125006, 0.039524, -0.968997, 0.243891, -0.002831, -0.18955, -0.246921, -0.950316, -1.2e-05, 0.0, 0.0, 0.0, 1.0],
                [0.983528, -0.013831, -0.180224, -0.125006, 0.055369, -0.926083, 0.373234, -0.002831, -0.172065, -0.377066, -0.910063, -1.2e-05, 0.0, 0.0, 0.0, 1.0],
                [0.98977, -0.021793, -0.140998, -0.125006, 0.060138, -0.832457, 0.550815, -0.002831, -0.129379, -0.55366, -0.822631, -1.2e-05, 0.0, 0.0, 0.0, 1.0],
                [0.994871, -0.02169, -0.098795, -0.125006, 0.05346, -0.71641, 0.695628, -0.002831, -0.085866, -0.697342, -0.711576, -1.2e-05, 0.0, 0.0, 0.0, 1.0],
                [0.998103, -0.015264, -0.059641, -0.125006, 0.038696, -0.597922, 0.800619, -0.002831, -0.047881, -0.801409, -0.596198, -1.2e-05, 0.0, 0.0, 0.0, 1.0],
                [0.99959, -0.006395, -0.027919, -0.125006, 0.021063, -0.496423, 0.867825, -0.002831, -0.01941, -0.868057, -0.496085, -1.2e-05, 0.0, 0.0, 0.0, 1.0],
                [0.99998, 0.000395, -0.006353, -0.125006, 0.005912, -0.427297, 0.904092, -0.002831, -0.002358, -0.904111, -0.427291, -1.2e-05, 0.0, 0.0, 0.0, 1.0],
                [0.999995, 0.001018, 0.002959, -0.125006, -0.0023, -0.402069, 0.915606, -0.002831, 0.002122, -0.915609, -0.402064, -1.2e-05, 0.0, 0.0, 0.0, 1.0],
                [0.999988, -0.004472, 0.001909, -0.125006, -0.003622, -0.423067, 0.906091, -0.002831, -0.003244, -0.906087, -0.423078, -1.2e-05, 0.0, 0.0, 0.0, 1.0],
                [0.999896, -0.013232, -0.005804, -0.125006, -0.001291, -0.481876, 0.876238, -0.002831, -0.014391, -0.876139, -0.481843, -1.2e-05, 0.0, 0.0, 0.0, 1.0],
                [0.999506, -0.023917, -0.020382, -0.125006, 0.003067, -0.571273, 0.820754, -0.002831, -0.031273, -0.820412, -0.570917, -1.2e-05, 0.0, 0.0, 0.0, 1.0],
                [0.998521, -0.034453, -0.042056, -0.125006, 0.007339, -0.681058, 0.732193, -0.002831, -0.053869, -0.731419, -0.679798, -1.2e-05, 0.0, 0.0, 0.0, 1.0],
                [0.996628, -0.042138, -0.070409, -0.125006, 0.00904, -0.796462, 0.604621, -0.002831, -0.081555, -0.603218, -0.793395, -1.2e-05, 0.0, 0.0, 0.0, 1.0],
                [0.993623, -0.04417, -0.103739, -0.125006, 0.005798, -0.898838, 0.438242, -0.002831, -0.112602, -0.436049, -0.892851, -1.2e-05, 0.0, 0.0, 0.0, 1.0],
                [0.989551, -0.038653, -0.138907, -0.125006, -0.003788, -0.970034, 0.242939, -0.002831, -0.144135, -0.239875, -0.960044, -1.2e-05, 0.0, 0.0, 0.0, 1.0],
                [0.984756, -0.025571, -0.172055, -0.125006, -0.019397, -0.999109, 0.037473, -0.002831, -0.17286, -0.033564, -0.984374, -1.2e-05, 0.0, 0.0, 0.0, 1.0],
                [0.979785, -0.006978, -0.199934, -0.125006, -0.038975, -0.9869, -0.156555, -0.002831, -0.196223, 0.161182, -0.967221, -1.2e-05, 0.0, 0.0, 0.0, 1.0],
                [0.975189, 0.013842, -0.220939, -0.125006, -0.059568, -0.944823, -0.322119, -0.002831, -0.213207, 0.327289, -0.920557, -1.2e-05, 0.0, 0.0, 0.0, 1.0],
                [0.97137, 0.033565, -0.23519, -0.125006, -0.078358, -0.889306, -0.450549, -0.002831, -0.224278, 0.456079, -0.861215, -1.2e-05, 0.0, 0.0, 0.0, 1.0],
                [0.968539, 0.049585, -0.24387, -0.125006, -0.09325, -0.836239, -0.540378, -0.002831, -0.230728, 0.546118, -0.805307, -1.2e-05, 0.0, 0.0, 0.0, 1.0],
                [0.96679, 0.060114, -0.248402, -0.125006, -0.102879, -0.798181, -0.593568, -0.002831, -0.233952, 0.599411, -0.765489, -1.2e-05, 0.0, 0.0, 0.0, 1.0],
                [0.966185, 0.063874, -0.249815, -0.125006, -0.106285, -0.784045, -0.611537, -0.002831, -0.234927, 0.617409, -0.750743, -1.2e-05, 0.0, 0.0, 0.0, 1.0]
            ]
        },
        {
            "name": "Leg_L",
            "time": [0.0, 0.0167, 0.0333, 0.05, 0.0667, 0.0833, 0.1, 0.1167, 0.1333, 0.15, 0.1667, 0.1833, 0.2, 0.2167, 0.2333, 0.25, 0.2667, 0.2833, 0.3, 0.3167, 0.3333, 0.35, 0.3667, 0.3833, 0.4, 0.4167, 0.4333, 0.45, 0.4667],
            "transform": [
                [0.980526, -0.141369, -0.136318, 0.0, 0.181478, 0.386959, 0.904062, 0.37472, -0.075057, -0.911196, 0.405079, -0.0, 0.0, 0.0, 0.0, 1.0],
                [0.994674, -0.09218, -0.046112, 0.0, 0.065256, 0.216922, 0.974005, 0.37472, -0.079781, -0.971827, 0.221782, -0.0, 0.0, 0.0, 0.0, 1.0],
                [0.996752, -0.059952, 0.053776, 0.0, -0.05192, 0.032102, 0.998135, 0.37472, -0.061567, -0.997685, 0.028885, 0.0, 0.0, 0.0, 0.0, 1.0],
                [0.98661, -0.046998, 0.156179, 0.0, -0.161644, -0.154243, 0.97472, 0.37472, -0.02172, -0.986914, -0.159775, 0.0, 0.0, 0.0, 0.0, 1.0],
                [0.987586, -0.042691, 0.151169, -0.0, -0.155778, -0.142487, 0.977461, 0.37472, -0.020189, -0.988876, -0.147369, 0.0, 0.0, 0.0, 0.0, 1.0],
                [0.99005, -0.03138, 0.137176, 0.0, -0.139807, -0.108492, 0.984217, 0.37472, -0.016002, -0.993602, -0.1118, -0.0, 0.0, 0.0, 0.0, 1.0],
                [0.993179, -0.015792, 0.115529, -0.0, -0.116222, -0.054017, 0.991753, 0.37472, -0.009421, -0.998415, -0.055483, 0.0, 0.0, 0.0, 0.0, 1.0],
                [0.996159, 0.001124, 0.087553, -0.0, -0.087558, 0.019042, 0.995977, 0.37472, -0.000548, -0.999818, 0.019067, -0.0, 0.0, 0.0, 0.0, 1.0],
                [0.998358, 0.016428, 0.05488, -0.0, -0.056341, 0.108276, 0.992523, 0.37472, 0.010363, -0.993985, 0.109024, 0.0, 0.0, 0.0, 0.0, 1.0],
                [0.999431, 0.027435, 0.019639, 0.0, -0.024984, 0.210561, 0.977262, 0.37472, 0.022675, -0.977196, 0.211126, 0.0, 0.0, 0.0, 0.0, 1.0],
                [0.999369, 0.031967, -0.015483, 0.0, 0.004366, 0.322044, 0.946715, 0.37472, 0.03525, -0.946185, 0.321701, 0.0, 0.0, 0.0, 0.0, 1.0],
                [0.998472, 0.02857, -0.047305, -0.0, 0.030018, 0.438324, 0.898315, 0.37472, 0.0464, -0.898363, 0.436797, -0.0, 0.0, 0.0, 0.0, 1.0],
                [0.997246, 0.016672, -0.072268, 0.0, 0.050908, 0.554729, 0.830472, 0.37472, 0.053934, -0.831864, 0.552352, -0.0, 0.0, 0.0, 0.0, 1.0],
                [0.996241, -0.003335, -0.086564, 0.0, 0.066743, 0.666571, 0.742448, 0.37472, 0.055225, -0.745434, 0.664288, 0.0, 0.0, 0.0, 0.0, 1.0],
                [0.995673, -0.029186, -0.088219, 0.0, 0.078837, 0.767863, 0.635745, 0.37472, 0.049185, -0.639949, 0.766842, -0.0, 0.0, 0.0, 0.0, 1.0],
                [0.995185, -0.056377, -0.080175, 0.0, 0.090063, 0.848715, 0.521125, 0.37472, 0.038666, -0.525837, 0.849706, -0.0, 0.0, 0.0, 0.0, 1.0],
                [0.994413, -0.081393, -0.067212, 0.0, 0.102078, 0.903626, 0.415981, 0.37472, 0.026876, -0.420518, 0.906886, 0.0, 0.0, 0.0, 0.0, 1.0],
                [0.993191, -0.102459, -0.055439, 0.0, 0.115256, 0.933468, 0.339636, 0.37472, 0.016952, -0.343714, 0.938921, -0.0, 0.0, 0.0, 0.0, 1.0],
                [0.991547, -0.119079, -0.051528, 0.0, 0.129231, 0.941839, 0.310224, 0.37472, 0.011589, -0.314261, 0.949266, -0.0, 0.0, 0.0, 0.0, 1.0],
                [0.989681, -0.132136, -0.055424, 0.0, 0.143069, 0.932659, 0.331177, 0.37472, 0.007931, -0.335689, 0.941939, 0.0, 0.0, 0.0, 0.0, 1.0],
                [0.987778, -0.14274, -0.062603, -0.0, 0.155859, 0.908193, 0.388449, 0.37472, 0.001409, -0.393459, 0.919341, -0.0, 0.0, 0.0, 0.0, 1.0],
                [0.985924, -0.15055, -0.072725, 0.0, 0.167006, 0.866056, 0.471227, 0.37472, -0.00796, -0.47674, 0.879008, 0.0, 0.0, 0.0, 0.0, 1.0],
                [0.984231, -0.155152, -0.084956, 0.0, 0.17579, 0.804486, 0.567362, 0.37472, -0.019681, -0.57335, 0.819074, 0.0, 0.0, 0.0, 0.0, 1.0],
                [0.982815, -0.156394, -0.098058, -0.0, 0.181661, 0.72516, 0.664185, 0.37472, -0.032767, -0.670584, 0.741109, 0.0, 0.0, 0.0, 0.0, 1.0],
                [0.981756, -0.154653, -0.110619, 0.0, 0.184523, 0.634525, 0.750553, 0.37472, -0.045885, -0.757272, 0.651486, 0.0, 0.0, 0.0, 0.0, 1.0],
                [0.98107, -0.150888, -0.121389, 0.0, 0.184873, 0.543115, 0.819053, 0.37472, -0.057657, -0.82599, 0.560729, -0.0, 0.0, 0.0, 0.0, 1.0],
                [0.980702, -0.146456, -0.129517, 0.0, 0.183692, 0.463423, 0.866889, 0.37472, -0.06694, -0.873951, 0.481383, 0.0, 0.0, 0.0, 0.0, 1.0],
                [0.980556, -0.142833, -0.13457, 0.0, 0.182184, 0.407721, 0.894747, 0.37472, -0.072933, -0.901866, 0.425815, 0.0, 0.0, 0.0, 0.0, 1.0],
                [0.980526, -0.141369, -0.136318, 0.0, 0.181478, 0.386959, 0.904062, 0.37472, -0.075057, -0.911196, 0.405079, -0.0, 0.0, 0.0, 0.0, 1.0]
            ]
        },
        {
            "name": "Knee_L",
            "time": [0.0, 0.0167, 0.0333, 0.05, 0.0667, 0.0833, 0.1, 0.1167, 0.1333, 0.15, 0.1667, 0.1833, 0.2, 0.2167, 0.2333, 0.25, 0.2667, 0.2833, 0.3, 0.3167, 0.3333, 0.35, 0.3667, 0.3833, 0.4, 0.4167, 0.4333, 0.45, 0.4667],
            "transform": [
                [1.0, 0.0, -0.0, 0.0, -0.0, 0.0, -1.0, 0.37472, -0.0, 1.0, 0.0, -0.0, 0.0, 0.0, 0.0, 1.0],
                [1.0, 0.0, -0.0, 0.0, -0.0, 0.0, -1.0, 0.37472, -0.0, 1.0, 0.0, -0.0, 0.0, 0.0, 0.0, 1.0],
                [1.0, 0.0, -0.0, 0.0, -0.0, 0.0, -1.0, 0.37472, -0.0, 1.0, 0.0, 0.0, 0.0, 0.0, 0.0, 1.0],
                [1.0, 0.0, -0.0, 0.0, -0.0, 0.0, -1.0, 0.37472, -0.0, 1.0, 0.0, 0.0, 0.0, 0.0, 0.0, 1.0],
                [1.0, 0.0, -0.0, -0.0, -0.0, 0.0, -1.0, 0.37472, -0.0, 1.0, 0.0, 0.0, 0.0, 0.0, 0.0, 1.0],
                [1.0, 0.0, -0.0, 0.0, -0.0, 0.0, -1.0, 0.37472, -0.0, 1.0, 0.0, -0.0, 0.0, 0.0, 0.0, 1.0],
                [1.0, 0.0, -0.0, -0.0, -0.0, 0.0, -1.0, 0.37472, -0.0, 1.0, 0.0, 0.0, 0.0, 0.0, 0.0, 1.0],
                [1.0, 0.0, -0.0, -0.0, -0.0, 0.0, -1.0, 0.37472, -0.0, 1.0, 0.0, -0.0, 0.0, 0.0, 0.0, 1.0],
                [1.0, 0.0, -0.0, -0.0, -0.0, 0.0, -1.0, 0.37472, -0.0, 1.0, 0.0, 0.0, 0.0, 0.0, 0.0, 1.0],
                [1.0, 0.0, -0.0, 0.0, -0.0, 0.0, -1.0, 0.37472, -0.0, 1.0, 0.0, 0.0, 0.0, 0.0, 0.0, 1.0],
                [1.0, 0.0, -0.0, 0.0, -0.0, 0.0, -1.0, 0.37472, -0.0, 1.0, 0.0, 0.0, 0.0, 0.0, 0.0, 1.0],
                [1.0, 0.0, -0.0, -0.0, -0.0, 0.0, -1.0, 0.37472, -0.0, 1.0, 0.0, -0.0, 0.0, 0.0, 0.0, 1.0],
                [1.0, 0.0, -0.0, 0.0, -0.0, 0.0, -1.0, 0.37472, -0.0, 1.0, 0.0, -0.0, 0.0, 0.0, 0.0, 1.0],
                [1.0, 0.0, -0.0, 0.0, -0.0, 0.0, -1.0, 0.37472, -0.0, 1.0, 0.0, 0.0, 0.0, 0.0, 0.0, 1.0],
                [1.0, 0.0, -0.0, 0.0, -0.0, 0.0, -1.0, 0.37472, -0.0, 1.0, 0.0, -0.0, 0.0, 0.0, 0.0, 1.0],
                [1.0, 0.0, -0.0, 0.0, -0.0, 0.0, -1.0, 0.37472, -0.0, 1.0, 0.0, -0.0, 0.0, 0.0, 0.0, 1.0],
                [1.0, 0.0, -0.0, 0.0, -0.0, 0.0, -1.0, 0.37472, -0.0, 1.0, 0.0, 0.0, 0.0, 0.0, 0.0, 1.0],
                [1.0, 0.0, -0.0, 0.0, -0.0, 0.0, -1.0, 0.37472, -0.0, 1.0, 0.0, -0.0, 0.0, 0.0, 0.0, 1.0],
                [1.0, 0.0, -0.0, 0.0, -0.0, 0.0, -1.0, 0.37472, -0.0, 1.0, 0.0, -0.0, 0.0, 0.0, 0.0, 1.0],
                [1.0, 0.0, -0.0, 0.0, -0.0, 0.0, -1.0, 0.37472, -0.0, 1.0, 0.0, 0.0, 0.0, 0.0, 0.0, 1.0],
                [1.0, 0.0, -0.0, -0.0, -0.0, 0.0, -1.0, 0.37472, -0.0, 1.0, 0.0, -0.0, 0.0, 0.0, 0.0, 1.0],
                [1.0, 0.0, -0.0, 0.0, -0.0, 0.0, -1.0, 0.37472, -0.0, 1.0, 0.0, 0.0, 0.0, 0.0, 0.0, 1.0],
                [1.0, 0.0, -0.0, 0.0, -0.0, 0.0, -1.0, 0.37472, -0.0, 1.0, 0.0, 0.0, 0.0, 0.0, 0.0, 1.0],
                [1.0, 0.0, -0.0, -0.0, -0.0, 0.0, -1.0, 0.37472, -0.0, 1.0, 0.0, 0.0, 0.0, 0.0, 0.0, 1.0],
                [1.0, 0.0, -0.0, 0.0, -0.0, 0.0, -1.0, 0.37472, -0.0, 1.0, 0.0, 0.0, 0.0, 0.0, 0.0, 1.0],
                [1.0, 0.0, -0.0, 0.0, -0.0, 0.0, -1.0, 0.37472, -0.0, 1.0, 0.0, -0.0, 0.0, 0.0, 0.0, 1.0],
                [1.0, 0.0, -0.0, 0.0, -0.0, 0.0, -1.0, 0.37472, -0.0, 1.0, 0.0, 0.0, 0.0, 0.0, 0.0, 1.0],
                [1.0, 0.0, -0.0, 0.0, -0.0, 0.0, -1.0, 0.37472, -0.0, 1.0, 0.0, 0.0, 0.0, 0.0, 0.0, 1.0],
                [1.0, 0.0, -0.0, 0.0, -0.0, 0.0, -1.0, 0.37472, -0.0, 1.0, 0.0, -0.0, 0.0, 0.0, 0.0, 1.0]
            ]
        },
        {
            "name": "Torso",
            "time": [0.0, 0.0167, 0.0333, 0.05, 0.0667, 0.0833, 0.1, 0.1167, 0.1333, 0.15, 0.1667, 0.1833, 0.2, 0.2167, 0.2333, 0.25, 0.2667, 0.2833, 0.3, 0.3167, 0.3333, 0.35, 0.3667, 0.3833, 0.4, 0.4167, 0.4333, 0.45, 0.4667],
            "transform": [
                [0.996195, -0.0, -0.087156, -0.0, 0.036834, 0.906308, 0.42101, 0.05, 0.07899, -0.422618, 0.902859, 0.0, 0.0, 0.0, 0.0, 1.0],
                [0.998414, 0.000176, -0.056294, -0.0, 0.02395, 0.903653, 0.427594, 0.05, 0.050945, -0.428264, 0.902216, 0.0, 0.0, 0.0, 0.0, 1.0],
                [0.99968, 0.000158, -0.025283, -0.0, 0.010828, 0.900955, 0.433778, 0.05, 0.022848, -0.433913, 0.900665, -0.0, 0.0, 0.0, 0.0, 1.0],
                [0.999983, -5.5e-05, 0.005829, -0.0, -0.002513, 0.898215, 0.439549, 0.05, -0.00526, -0.439556, 0.8982, 0.0, 0.0, 0.0, 0.0, 1.0],
                [0.999315, -0.000464, 0.036997, -0.0, -0.016056, 0.895439, 0.444895, 0.05, -0.033335, -0.445185, 0.894818, -0.0, 0.0, 0.0, 0.0, 1.0],
                [0.997673, -0.001069, 0.068173, -0.0, -0.02978, 0.89263, 0.449806, 0.05, -0.061334, -0.450789, 0.890521, 0.0, 0.0, 0.0, 0.0, 1.0],
                [0.995055, -0.00187, 0.09931, -0.0, -0.043665, 0.889792, 0.454273, 0.05, -0.089215, -0.456362, 0.88531, 0.0, 0.0, 0.0, 0.0, 1.0],
                [0.991463, -0.002868, 0.13036, -0.0, -0.057691, 0.88693, 0.458287, 0.05, -0.116934, -0.461895, 0.879192, 0.0, 0.0, 0.0, 0.0, 1.0],
                [0.986901, -0.004059, 0.161276, -0.0, -0.071837, 0.884048, 0.461843, 0.05, -0.14445, -0.467378, 0.872176, -0.0, 0.0, 0.0, 0.0, 1.0],
                [0.981378, -0.005442, 0.19201, -0.0, -0.086079, 0.881151, 0.464935, 0.05, -0.17172, -0.472805, 0.864273, 0.0, 0.0, 0.0, 0.0, 1.0],
                [0.974904, -0.007016, 0.222516, -0.0, -0.100398, 0.878242, 0.467559, 0.05, -0.198703, -0.478165, 0.855497, 0.0, 0.0, 0.0, 0.0, 1.0],
                [0.967492, -0.008775, 0.252749, -0.0, -0.114769, 0.875327, 0.469714, 0.05, -0.225359, -0.483453, 0.845864, 0.0, 0.0, 0.0, 0.0, 1.0],
                [0.959159, -0.010718, 0.282664, -0.0, -0.129173, 0.872409, 0.471399, 0.05, -0.251651, -0.488659, 0.835395, 0.0, 0.0, 0.0, 0.0, 1.0],
                [0.949924, -0.012839, 0.312218, -0.0, -0.143585, 0.869494, 0.472614, 0.05, -0.277539, -0.493777, 0.824109, -0.0, 0.0, 0.0, 0.0, 1.0],
                [0.939807, -0.015134, 0.341369, -0.0, -0.157985, 0.866585, 0.473361, 0.05, -0.30299, -0.4988, 0.812032, 0.0, 0.0, 0.0, 0.0, 1.0],
                [0.949924, -0.012839, 0.312218, -0.0, -0.143585, 0.869494, 0.472614, 0.05, -0.277539, -0.493777, 0.824109, 0.0, 0.0, 0.0, 0.0, 1.0],
                [0.959159, -0.010718, 0.282664, -0.0, -0.129173, 0.872409, 0.471399, 0.05, -0.251651, -0.488659, 0.835395, 0.0, 0.0, 0.0, 0.0, 1.0],
                [0.967492, -0.008775, 0.252749, -0.0, -0.114769, 0.875327, 0.469714, 0.05, -0.225359, -0.483453, 0.845864, 0.0, 0.0, 0.0, 0.0, 1.0],
                [0.974904, -0.007016, 0.222516, -0.0, -0.100398, 0.878242, 0.467559, 0.05, -0.198703, -0.478165, 0.855497, 0.0, 0.0, 0.0, 0.0, 1.0],
                [0.981378, -0.005442, 0.19201, -0.0, -0.086079, 0.881151, 0.464935, 0.05, -0.17172, -0.472805, 0.864273, 0.0, 0.0, 0.0, 0.0, 1.0],
                [0.986901, -0.004059, 0.161276, -0.0, -0.071837, 0.884048, 0.461843, 0.05, -0.14445, -0.467378, 0.872176, -0.0, 0.0, 0.0, 0.0, 1.0],
                [0.991463, -0.002868, 0.13036, -0.0, -0.057691, 0.88693, 0.458287, 0.05, -0.116934, -0.461895, 0.879192, 0.0, 0.0, 0.0, 0.0, 1.0],
                [0.995055, -0.00187, 0.09931, -0.0, -0.043665, 0.889792, 0.454273, 0.05, -0.089215, -0.456362, 0.88531, 0.0, 0.0, 0.0, 0.0, 1.0],
                [0.997673, -0.001069, 0.068173, -0.0, -0.02978, 0.89263, 0.449806, 0.05, -0.061334, -0.450789, 0.890521, 0.0, 0.0, 0.0, 0.0, 1.0],
                [0.999315, -0.000464, 0.036997, -0.0, -0.016056, 0.895439, 0.444895, 0.05, -0.033335, -0.445185, 0.894818, 0.0, 0.0, 0.0, 0.0, 1.0],
                [0.999983, -5.5e-05, 0.005829, -0.0, -0.002513, 0.898215, 0.439549, 0.05, -0.00526, -0.439556, 0.8982, -0.0, 0.0, 0.0, 0.0, 1.0],
                [0.99968, 0.000158, -0.025283, -0.0, 0.010828, 0.900955, 0.433778, 0.05, 0.022848, -0.433913, 0.900665, -0.0, 0.0, 0.0, 0.0, 1.0],
                [0.998414, 0.000176, -0.056294, -0.0, 0.02395, 0.903653, 0.427594, 0.05, 0.050945, -0.428264, 0.902216, 0.0, 0.0, 0.0, 0.0, 1.0],
                [0.996195, -0.0, -0.087156, -0.0, 0.036834, 0.906308, 0.42101, 0.05, 0.07899, -0.422618, 0.902859, 0.0, 0.0, 0.0, 0.0, 1.0]
            ]
        },
        {
            "name": "Chest",
            "time": [0.0, 0.0167, 0.0333, 0.05, 0.0667, 0.0833, 0.1, 0.1167, 0.1333, 0.15, 0.1667, 0.1833, 0.2, 0.2167, 0.2333, 0.25, 0.2667, 0.2833, 0.3, 0.3167, 0.3333, 0.35, 0.3667, 0.3833, 0.4, 0.4167, 0.4333, 0.45, 0.4667],
            "transform": [
                [0.996195, 0.0, -0.087156, 0.0, 0.029809, 0.939693, 0.340719, 0.3, 0.0819, -0.34202, 0.936117, -0.0, 0.0, 0.0, 0.0, 1.0],
                [0.997646, -0.000871, -0.068574, 0.0, 0.024666, 0.937563, 0.34694, 0.3, 0.06399, -0.347815, 0.935377, 0.0, 0.0, 0.0, 0.0, 1.0],
                [0.99875, -0.001859, -0.049953, -0.0, 0.0194, 0.9354, 0.353059, 0.3, 0.04607, -0.353587, 0.934266, 0.0, 0.0, 0.0, 0.0, 1.0],
                [0.999506, -0.002962, -0.031303, 0.0, 0.014011, 0.933205, 0.359071, 0.3, 0.028148, -0.359333, 0.932785, -0.0, 0.0, 0.0, 0.0, 1.0],
                [0.999911, -0.004182, -0.012634, -0.0, 0.008505, 0.930979, 0.364973, 0.3, 0.010236, -0.365048, 0.930932, 0.0, 0.0, 0.0, 0.0, 1.0],
                [0.999967, -0.005516, 0.006042, 0.0, 0.002882, 0.928724, 0.37076, 0.3, -0.007656, -0.37073, 0.928709, -0.0, 0.0, 0.0, 0.0, 1.0],
                [0.99967, -0.006964, 0.024715, 0.0, -0.002852, 0.926441, 0.376429, 0.3, -0.025518, -0.376376, 0.926116, 0.0, 0.0, 0.0, 0.0, 1.0],
                [0.999022, -0.008527, 0.043373, 0.0, -0.008696, 0.924131, 0.381977, 0.3, -0.043339, -0.381981, 0.923153, -0.0, 0.0, 0.0, 0.0, 1.0],
                [0.998024, -0.010202, 0.062006, 0.0, -0.014646, 0.921795, 0.3874, 0.3, -0.061109, -0.387543, 0.919824, 0.0, 0.0, 0.0, 0.0, 1.0],
                [0.996674, -0.011989, 0.080602, 0.0, -0.020698, 0.919436, 0.392696, 0.3, -0.078817, -0.393058, 0.916129, 0.0, 0.0, 0.0, 0.0, 1.0],
                [0.994975, -0.013887, 0.099152, 0.0, -0.026849, 0.917053, 0.397861, 0.3, -0.096453, -0.398524, 0.912072, -0.0, 0.0, 0.0, 0.0, 1.0],
                [0.992929, -0.015894, 0.117644, 0.0, -0.033095, 0.914649, 0.402892, 0.3, -0.114006, -0.403937, 0.907655, 0.0, 0.0, 0.0, 0.0, 1.0],
                [0.990536, -0.018009, 0.136067, -0.0, -0.039431, 0.912225, 0.407788, 0.3, -0.131468, -0.409293, 0.902882, -0.0, 0.0, 0.0, 0.0, 1.0],
                [0.987799, -0.020231, 0.154412, -0.0, -0.045855, 0.909783, 0.412544, 0.3, -0.148827, -0.414591, 0.897755, 0.0, 0.0, 0.0, 0.0, 1.0],
                [0.984722, -0.022558, 0.172667, 0.0, -0.052363, 0.907324, 0.41716, 0.3, -0.166075, -0.419828, 0.89228, 0.0, 0.0, 0.0, 0.0, 1.0],
                [0.987799, -0.020231, 0.154412, 0.0, -0.045855, 0.909783, 0.412544, 0.3, -0.148827, -0.414591, 0.897755, -0.0, 0.0, 0.0, 0.0, 1.0],
                [0.990536, -0.018009, 0.136067, -0.0, -0.039431, 0.912225, 0.407788, 0.3, -0.131468, -0.409293, 0.902882, -0.0, 0.0, 0.0, 0.0, 1.0],
                [0.992929, -0.015894, 0.117644, 0.0, -0.033094, 0.914649, 0.402892, 0.3, -0.114006, -0.403937, 0.907655, -0.0, 0.0, 0.0, 0.0, 1.0],
                [0.994975, -0.013887, 0.099152, 0.0, -0.026849, 0.917053, 0.397861, 0.3, -0.096453, -0.398524, 0.912072, -0.0, 0.0, 0.0, 0.0, 1.0],
                [0.996674, -0.011989, 0.080602, 0.0, -0.020698, 0.919435, 0.392696, 0.3, -0.078817, -0.393058, 0.916129, -0.0, 0.0, 0.0, 0.0, 1.0],
                [0.998024, -0.010202, 0.062006, -0.0, -0.014646, 0.921795, 0.3874, 0.3, -0.061109, -0.387543, 0.919824, 0.0, 0.0, 0.0, 0.0, 1.0],
                [0.999022, -0.008527, 0.043373, -0.0, -0.008696, 0.924131, 0.381977, 0.3, -0.043339, -0.381981, 0.923154, 0.0, 0.0, 0.0, 0.0, 1.0],
                [0.99967, -0.006964, 0.024715, 0.0, -0.002852, 0.926441, 0.376429, 0.3, -0.025518, -0.376376, 0.926116, 0.0, 0.0, 0.0, 0.0, 1.0],
                [0.999967, -0.005516, 0.006042, -0.0, 0.002882, 0.928724, 0.37076, 0.3, -0.007656, -0.37073, 0.928709, 0.0, 0.0, 0.0, 0.0, 1.0],
                [0.999911, -0.004182, -0.012634, 0.0, 0.008505, 0.930979, 0.364973, 0.3, 0.010236, -0.365048, 0.930932, -0.0, 0.0, 0.0, 0.0, 1.0],
                [0.999506, -0.002962, -0.031303, 0.0, 0.014011, 0.933205, 0.359071, 0.3, 0.028148, -0.359333, 0.932785, -0.0, 0.0, 0.0, 0.0, 1.0],
                [0.99875, -0.001859, -0.049953, 0.0, 0.0194, 0.9354, 0.353059, 0.3, 0.04607, -0.353587, 0.934266, 0.0, 0.0, 0.0, 0.0, 1.0],
                [0.997646, -0.000871, -0.068574, 0.0, 0.024666, 0.937563, 0.34694, 0.3, 0.06399, -0.347815, 0.935377, 0.0, 0.0, 0.0, 0.0, 1.0],
                [0.996195, 0.0, -0.087156, 0.0, 0.029809, 0.939693, 0.340719, 0.3, 0.0819, -0.34202, 0.936117, -0.0, 0.0, 0.0, 0.0, 1.0]
            ]
        },
        {
            "name": "Head",
            "time": [0.0, 0.0167, 0.0333, 0.05, 0.0667, 0.0833, 0.1, 0.1167, 0.1333, 0.15, 0.1667, 0.1833, 0.2, 0.2167, 0.2333, 0.25, 0.2667, 0.2833, 0.3, 0.3167, 0.3333, 0.35, 0.3667, 0.3833, 0.4, 0.4167, 0.4333, 0.45, 0.4667],
            "transform": [
