{
    "armature": {
        "joints": ["Root", "Thigh_R", "Leg_R", "Knee_R", "Thigh_L", "Leg_L", "Knee_L", "Torso", "Chest", "Head", "Shoulder_R", "Arm_R", "Hand_R", "Tool_R", "Elbow_R", "Shoulder_L", "Arm_L", "Hand_L", "Tool_L", "Elbow_L"],
        "hierarchy": [
            {
                "name": "Root",
                "transform": [1.0, 0.0, 0.0, -5e-06, 0.0, 0.0, -1.0, 0.000946, 0.0, 1.0, 0.0, 0.763972, 0.0, 0.0, 0.0, 1.0],
                "children": [
                    {
                        "name": "Thigh_R",
                        "transform": [1.0, -0.0, -0.0, 0.124994, -0.0, -1.0, 0.0, -0.002831, -0.0, -0.0, -1.0, -1.2e-05, 0.0, 0.0, 0.0, 1.0],
                        "children": [
                            {
                                "name": "Leg_R",
                                "transform": [1.0, 0.0, 1e-06, 0.0, -0.0, 1.0, 0.0, 0.37472, -1e-06, -0.0, 1.0, -0.0, 0.0, 0.0, 0.0, 1.0],
                                "children": []
                            },
                            {
                                "name": "Knee_R",
                                "transform": [1.0, 0.0, -0.0, 0.0, -0.0, 0.0, -1.0, 0.37472, -0.0, 1.0, 0.0, -0.0, 0.0, 0.0, 0.0, 1.0],
                                "children": []
                            }
                        ]
                    },
                    {
                        "name": "Thigh_L",
                        "transform": [1.0, -0.0, -0.0, -0.125006, -0.0, -1.0, 0.0, -0.002831, -0.0, -0.0, -1.0, -1.2e-05, 0.0, 0.0, 0.0, 1.0],
                        "children": [
                            {
                                "name": "Leg_L",
                                "transform": [1.0, 0.0, 1e-06, -0.0, -0.0, 1.0, 0.0, 0.37472, -1e-06, -0.0, 1.0, 0.0, 0.0, 0.0, 0.0, 1.0],
                                "children": []
                            },
                            {
                                "name": "Knee_L",
                                "transform": [1.0, 0.0, -0.0, -0.0, -0.0, 0.0, -1.0, 0.37472, -0.0, 1.0, 0.0, 0.0, 0.0, 0.0, 0.0, 1.0],
                                "children": []
                            }
                        ]
                    },
                    {
                        "name": "Torso",
                        "transform": [1.0, 0.0, 0.0, 0.0, 0.0, 1.0, 0.0, 0.05, 0.0, 0.0, 1.0, 0.0, 0.0, 0.0, 0.0, 1.0],
                        "children": [
                            {
                                "name": "Chest",
                                "transform": [1.0, 0.0, 0.0, 0.0, 0.0, 1.0, 0.0, 0.3, 0.0, 0.0, 1.0, 0.0, 0.0, 0.0, 0.0, 1.0],
                                "children": [
                                    {
                                        "name": "Head",
                                        "transform": [1.0, 0.0, 0.0, 0.0, 0.0, 1.0, 0.0, 0.4, 0.0, 0.0, 1.0, 0.0, 0.0, 0.0, 0.0, 1.0],
                                        "children": []
                                    },
                                    {
                                        "name": "Shoulder_R",
                                        "transform": [0.0, 0.952114, 0.305743, 0.0, 0.0, -0.305743, 0.952114, 0.4, 1.0, 0.0, -0.0, 0.0, 0.0, 0.0, 0.0, 1.0],
                                        "children": [
                                            {
                                                "name": "Arm_R",
                                                "transform": [0.0, -0.0, -1.0, -0.0, 0.952114, 0.305743, 0.0, 0.39386, 0.305743, -0.952114, 0.0, 0.0, 0.0, 0.0, 0.0, 1.0],
                                                "children": [
                                                    {
                                                        "name": "Hand_R",
                                                        "transform": [1.0, 0.0, 0.0, 0.0, -0.0, 0.993938, 0.109947, 0.3, -0.0, -0.109947, 0.993937, 0.0, 0.0, 0.0, 0.0, 1.0],
                                                        "children": [
                                                            {
                                                                "name": "Tool_R",
                                                                "transform": [1.0, 0.0, 0.0, -0.0, 0.0, -0.999836, 0.018122, 0.272858, 0.0, -0.018122, -0.999836, 0.0, 0.0, 0.0, 0.0, 1.0],
                                                                "children": []
                                                            }
                                                        ]
                                                    },
                                                    {
                                                        "name": "Elbow_R",
                                                        "transform": [-1.0, 0.0, -0.0, 0.0, 0.0, 0.0, -1.0, 0.3, -0.0, -1.0, -0.0, 0.0, 0.0, 0.0, 0.0, 1.0],
                                                        "children": []
                                                    }
                                                ]
                                            }
                                        ]
                                    },
                                    {
                                        "name": "Shoulder_L",
                                        "transform": [-0.0, -0.952114, -0.305743, 0.0, 0.0, -0.305743, 0.952114, 0.4, -1.0, 0.0, 0.0, 0.0, 0.0, 0.0, 0.0, 1.0],
                                        "children": [
                                            {
                                                "name": "Arm_L",
                                                "transform": [-0.0, -0.0, 1.0, -0.0, -0.952114, 0.305743, -0.0, 0.39386, -0.305743, -0.952114, -0.0, 0.0, 0.0, 0.0, 0.0, 1.0],
                                                "children": [
                                                    {
                                                        "name": "Hand_L",
                                                        "transform": [1.0, -0.0, 0.0, -0.0, 0.0, 0.993937, 0.109947, 0.3, -0.0, -0.109947, 0.993937, 0.0, 0.0, 0.0, 0.0, 1.0],
                                                        "children": [
                                                            {
                                                                "name": "Tool_L",
                                                                "transform": [1.0, 0.0, 0.0, -0.0, -0.0, -0.999836, 0.018122, 0.272858, 0.0, -0.018122, -0.999836, -0.0, 0.0, 0.0, 0.0, 1.0],
                                                                "children": []
                                                            }
                                                        ]
                                                    },
                                                    {
                                                        "name": "Elbow_L",
                                                        "transform": [-1.0, 0.0, -0.0, -0.0, 0.0, -0.0, -1.0, 0.3, -0.0, -1.0, 0.0, 0.0, 0.0, 0.0, 0.0, 1.0],
                                                        "children": []
                                                    }
                                                ]
                                            }
                                        ]
                                    }
                                ]
                            }
                        ]
                    }
                ]
            }
        ]
    },
    "animation": [
        {
            "name": "Root",
            "time": [0.0, 0.0167, 0.0333, 0.05, 0.0667, 0.0833, 0.1, 0.1167, 0.1333, 0.15, 0.1667, 0.1833, 0.2, 0.2167, 0.2333, 0.25, 0.2667, 0.2833, 0.3, 0.3167, 0.3333, 0.35, 0.3667, 0.3833, 0.4, 0.4167, 0.4333, 0.45, 0.4667, 0.4833, 0.5, 0.5167, 0.5333, 0.55, 0.5667, 0.5833, 0.6, 0.6167, 0.6333, 0.65, 0.6667, 0.6833, 0.7, 0.7167, 0.7333, 0.75, 0.7667, 0.7833, 0.8, 0.8167, 0.8333, 0.85, 0.8667, 0.8833, 0.9, 0.9167, 0.9333, 0.95, 0.9667, 0.9833],
            "transform": [
                [0.707107, 0.0, -0.707107, -5e-06, -0.707107, 0.0, -0.707107, 0.000946, 0.0, 1.0, 0.0, 0.763972, 0.0, 0.0, 0.0, 1.0],
                [0.707107, 0.0, -0.707107, -5e-06, -0.707107, 0.0, -0.707107, 0.000946, 0.0, 1.0, 0.0, 0.765445, 0.0, 0.0, 0.0, 1.0],
                [0.707107, 0.0, -0.707107, -5e-06, -0.707107, 0.0, -0.707107, 0.000946, 0.0, 1.0, 0.0, 0.766919, 0.0, 0.0, 0.0, 1.0],
                [0.707107, 0.0, -0.707107, -5e-06, -0.707107, 0.0, -0.707107, 0.000946, 0.0, 1.0, 0.0, 0.768393, 0.0, 0.0, 0.0, 1.0],
                [0.707107, 0.0, -0.707107, -5e-06, -0.707107, 0.0, -0.707107, 0.000946, 0.0, 1.0, 0.0, 0.769867, 0.0, 0.0, 0.0, 1.0],
                [0.707107, 0.0, -0.707107, -5e-06, -0.707107, 0.0, -0.707107, 0.000946, 0.0, 1.0, 0.0, 0.77134, 0.0, 0.0, 0.0, 1.0],
                [0.707107, 0.0, -0.707107, -5e-06, -0.707107, 0.0, -0.707107, 0.000946, 0.0, 1.0, 0.0, 0.772814, 0.0, 0.0, 0.0, 1.0],
                [0.707107, 0.0, -0.707107, -5e-06, -0.707107, 0.0, -0.707107, 0.000946, 0.0, 1.0, 0.0, 0.774288, 0.0, 0.0, 0.0, 1.0],
                [0.707107, 0.0, -0.707107, -5e-06, -0.707107, 0.0, -0.707107, 0.000946, 0.0, 1.0, 0.0, 0.775761, 0.0, 0.0, 0.0, 1.0],
                [0.707107, 0.0, -0.707107, -5e-06, -0.707107, 0.0, -0.707107, 0.000946, 0.0, 1.0, 0.0, 0.777235, 0.0, 0.0, 0.0, 1.0],
                [0.707107, 0.0, -0.707107, -5e-06, -0.707107, 0.0, -0.707107, 0.000946, 0.0, 1.0, 0.0, 0.778709, 0.0, 0.0, 0.0, 1.0],
                [0.707107, 0.0, -0.707107, -5e-06, -0.707107, 0.0, -0.707107, 0.000946, 0.0, 1.0, 0.0, 0.780183, 0.0, 0.0, 0.0, 1.0],
                [0.707107, 0.0, -0.707107, -5e-06, -0.707107, 0.0, -0.707107, 0.000946, 0.0, 1.0, 0.0, 0.781656, 0.0, 0.0, 0.0, 1.0],
                [0.707107, 0.0, -0.707107, -5e-06, -0.707107, 0.0, -0.707107, 0.000946, 0.0, 1.0, 0.0, 0.78313, 0.0, 0.0, 0.0, 1.0],
                [0.707107, 0.0, -0.707107, -5e-06, -0.707107, 0.0, -0.707107, 0.000946, 0.0, 1.0, 0.0, 0.784604, 0.0, 0.0, 0.0, 1.0],
                [0.707107, 0.0, -0.707107, -5e-06, -0.707107, 0.0, -0.707107, 0.000946, 0.0, 1.0, 0.0, 0.786078, 0.0, 0.0, 0.0, 1.0],
                [0.707107, 0.0, -0.707107, -5e-06, -0.707107, 0.0, -0.707107, 0.000946, 0.0, 1.0, 0.0, 0.787551, 0.0, 0.0, 0.0, 1.0],
                [0.707107, 0.0, -0.707107, -5e-06, -0.707107, 0.0, -0.707107, 0.000946, 0.0, 1.0, 0.0, 0.786078, 0.0, 0.0, 0.0, 1.0],
                [0.707107, 0.0, -0.707107, -5e-06, -0.707107, 0.0, -0.707107, 0.000946, 0.0, 1.0, 0.0, 0.784604, 0.0, 0.0, 0.0, 1.0],
                [0.707107, 0.0, -0.707107, -5e-06, -0.707107, 0.0, -0.707107, 0.000946, 0.0, 1.0, 0.0, 0.78313, 0.0, 0.0, 0.0, 1.0],
                [0.707107, 0.0, -0.707107, -5e-06, -0.707107, 0.0, -0.707107, 0.000946, 0.0, 1.0, 0.0, 0.781656, 0.0, 0.0, 0.0, 1.0],
                [0.707107, 0.0, -0.707107, -5e-06, -0.707107, 0.0, -0.707107, 0.000946, 0.0, 1.0, 0.0, 0.780183, 0.0, 0.0, 0.0, 1.0],
                [0.707107, 0.0, -0.707107, -5e-06, -0.707107, 0.0, -0.707107, 0.000946, 0.0, 1.0, 0.0, 0.778709, 0.0, 0.0, 0.0, 1.0],
                [0.707107, 0.0, -0.707107, -5e-06, -0.707107, 0.0, -0.707107, 0.000946, 0.0, 1.0, 0.0, 0.777235, 0.0, 0.0, 0.0, 1.0],
                [0.707107, 0.0, -0.707107, -5e-06, -0.707107, 0.0, -0.707107, 0.000946, 0.0, 1.0, 0.0, 0.775761, 0.0, 0.0, 0.0, 1.0],
                [0.707107, 0.0, -0.707107, -5e-06, -0.707107, 0.0, -0.707107, 0.000946, 0.0, 1.0, 0.0, 0.774288, 0.0, 0.0, 0.0, 1.0],
                [0.707107, 0.0, -0.707107, -5e-06, -0.707107, 0.0, -0.707107, 0.000946, 0.0, 1.0, 0.0, 0.772814, 0.0, 0.0, 0.0, 1.0],
                [0.707107, 0.0, -0.707107, -5e-06, -0.707107, 0.0, -0.707107, 0.000946, 0.0, 1.0, 0.0, 0.77134, 0.0, 0.0, 0.0, 1.0],
                [0.707107, 0.0, -0.707107, -5e-06, -0.707107, 0.0, -0.707107, 0.000946, 0.0, 1.0, 0.0, 0.769867, 0.0, 0.0, 0.0, 1.0],
                [0.707107, 0.0, -0.707107, -5e-06, -0.707107, 0.0, -0.707107, 0.000946, 0.0, 1.0, 0.0, 0.768393, 0.0, 0.0, 0.0, 1.0],
                [0.707107, 0.0, -0.707107, -5e-06, -0.707107, 0.0, -0.707107, 0.000946, 0.0, 1.0, 0.0, 0.766919, 0.0, 0.0, 0.0, 1.0],
                [0.707107, 0.0, -0.707107, -5e-06, -0.707107, 0.0, -0.707107, 0.000946, 0.0, 1.0, 0.0, 0.765445, 0.0, 0.0, 0.0, 1.0],
                [0.707107, 0.0, -0.707107, -5e-06, -0.707107, 0.0, -0.707107, 0.000946, 0.0, 1.0, 0.0, 0.763972, 0.0, 0.0, 0.0, 1.0],
                [0.707107, 0.0, -0.707107, -5e-06, -0.707107, 0.0, -0.707107, 0.000946, 0.0, 1.0, 0.0, 0.765445, 0.0, 0.0, 0.0, 1.0],
                [0.707107, 0.0, -0.707107, -5e-06, -0.707107, 0.0, -0.707107, 0.000946, 0.0, 1.0, 0.0, 0.766919, 0.0, 0.0, 0.0, 1.0],
                [0.707107, 0.0, -0.707107, -5e-06, -0.707107, 0.0, -0.707107, 0.000946, 0.0, 1.0, 0.0, 0.768393, 0.0, 0.0, 0.0, 1.0],
                [0.707107, 0.0, -0.707107, -5e-06, -0.707107, 0.0, -0.707107, 0.000946, 0.0, 1.0, 0.0, 0.769867, 0.0, 0.0, 0.0, 1.0],
                [0.707107, 0.0, -0.707107, -5e-06, -0.707107, 0.0, -0.707107, 0.000946, 0.0, 1.0, 0.0, 0.77134, 0.0, 0.0, 0.0, 1.0],
                [0.707107, 0.0, -0.707107, -5e-06, -0.707107, 0.0, -0.707107, 0.000946, 0.0, 1.0, 0.0, 0.772814, 0.0, 0.0, 0.0, 1.0],
                [0.707107, 0.0, -0.707107, -5e-06, -0.707107, 0.0, -0.707107, 0.000946, 0.0, 1.0, 0.0, 0.774288, 0.0, 0.0, 0.0, 1.0],
                [0.707107, 0.0, -0.707107, -5e-06, -0.707107, 0.0, -0.707107, 0.000946, 0.0, 1.0, 0.0, 0.775761, 0.0, 0.0, 0.0, 1.0],
                [0.707107, 0.0, -0.707107, -5e-06, -0.707107, 0.0, -0.707107, 0.000946, 0.0, 1.0, 0.0, 0.777235, 0.0, 0.0, 0.0, 1.0],
                [0.707107, 0.0, -0.707107, -5e-06, -0.707107, 0.0, -0.707107, 0.000946, 0.0, 1.0, 0.0, 0.778709, 0.0, 0.0, 0.0, 1.0],
                [0.707107, 0.0, -0.707107, -5e-06, -0.707107, 0.0, -0.707107, 0.000946, 0.0, 1.0, 0.0, 0.780183, 0.0, 0.0, 0.0, 1.0],
                [0.707107, 0.0, -0.707107, -5e-06, -0.707107, 0.0, -0.707107, 0.000946, 0.0, 1.0, 0.0, 0.781656, 0.0, 0.0, 0.0, 1.0],
                [0.707107, 0.0, -0.707107, -5e-06, -0.707107, 0.0, -0.707107, 0.000946, 0.0, 1.0, 0.0, 0.78313, 0.0, 0.0, 0.0, 1.0],
                [0.707107, 0.0, -0.707107, -5e-06, -0.707107, 0.0, -0.707107, 0.000946, 0.0, 1.0, 0.0, 0.784604, 0.0, 0.0, 0.0, 1.0],
                [0.707107, 0.0, -0.707107, -5e-06, -0.707107, 0.0, -0.707107, 0.000946, 0.0, 1.0, 0.0, 0.786078, 0.0, 0.0, 0.0, 1.0],
                [0.707107, 0.0, -0.707107, -5e-06, -0.707107, 0.0, -0.707107, 0.000946, 0.0, 1.0, 0.0, 0.787551, 0.0, 0.0, 0.0, 1.0],
                [0.707107, 0.0, -0.707107, -5e-06, -0.707107, 0.0, -0.707107, 0.000946, 0.0, 1.0, 0.0, 0.785408, 0.0, 0.0, 0.0, 1.0],
                [0.707107, 0.0, -0.707107, -5e-06, -0.707107, 0.0, -0.707107, 0.000946, 0.0, 1.0, 0.0, 0.783264, 0.0, 0.0, 0.0, 1.0],
                [0.707107, 0.0, -0.707107, -5e-06, -0.707107, 0.0, -0.707107, 0.000946, 0.0, 1.0, 0.0, 0.781121, 0.0, 0.0, 0.0, 1.0],
                [0.707107, 0.0, -0.707107, -5e-06, -0.707107, 0.0, -0.707107, 0.000946, 0.0, 1.0, 0.0, 0.778977, 0.0, 0.0, 0.0, 1.0],
                [0.707107, 0.0, -0.707107, -5e-06, -0.707107, 0.0, -0.707107, 0.000946, 0.0, 1.0, 0.0, 0.776833, 0.0, 0.0, 0.0, 1.0],
                [0.707107, 0.0, -0.707107, -5e-06, -0.707107, 0.0, -0.707107, 0.000946, 0.0, 1.0, 0.0, 0.77469, 0.0, 0.0, 0.0, 1.0],
                [0.707107, 0.0, -0.707107, -5e-06, -0.707107, 0.0, -0.707107, 0.000946, 0.0, 1.0, 0.0, 0.772546, 0.0, 0.0, 0.0, 1.0],
                [0.707107, 0.0, -0.707107, -5e-06, -0.707107, 0.0, -0.707107, 0.000946, 0.0, 1.0, 0.0, 0.770402, 0.0, 0.0, 0.0, 1.0],
                [0.707107, 0.0, -0.707107, -5e-06, -0.707107, 0.0, -0.707107, 0.000946, 0.0, 1.0, 0.0, 0.768259, 0.0, 0.0, 0.0, 1.0],
                [0.707107, 0.0, -0.707107, -5e-06, -0.707107, 0.0, -0.707107, 0.000946, 0.0, 1.0, 0.0, 0.766115, 0.0, 0.0, 0.0, 1.0],
                [0.707107, 0.0, -0.707107, -5e-06, -0.707107, 0.0, -0.707107, 0.000946, 0.0, 1.0, 0.0, 0.763972, 0.0, 0.0, 0.0, 1.0]
            ]
        },
        {
            "name": "Thigh_R",
            "time": [0.0, 0.0167, 0.0333, 0.05, 0.0667, 0.0833, 0.1, 0.1167, 0.1333, 0.15, 0.1667, 0.1833, 0.2, 0.2167, 0.2333, 0.25, 0.2667, 0.2833, 0.3, 0.3167, 0.3333, 0.35, 0.3667, 0.3833, 0.4, 0.4167, 0.4333, 0.45, 0.4667, 0.4833, 0.5, 0.5167, 0.5333, 0.55, 0.5667, 0.5833, 0.6, 0.6167, 0.6333, 0.65, 0.6667, 0.6833, 0.7, 0.7167, 0.7333, 0.75, 0.7667, 0.7833, 0.8, 0.8167, 0.8333, 0.85, 0.8667, 0.8833, 0.9, 0.9167, 0.9333, 0.95, 0.9667, 0.9833],
            "transform": [
                [0.990693, 0.126394, 0.050521, 0.125362, 0.122166, -0.989322, 0.07948, -0.004329, 0.060027, -0.072569, -0.995555, 0.029331, 0.0, 0.0, 0.0, 1.0],
                [0.992858, 0.107256, 0.052234, 0.125362, 0.101805, -0.989993, 0.097722, -0.004329, 0.062193, -0.091707, -0.993842, 0.029331, 0.0, 0.0, 0.0, 1.0],
                [0.994638, 0.088003, 0.054312, 0.125362, 0.081251, -0.989921, 0.115995, -0.004329, 0.063973, -0.11096, -0.991764, 0.029331, 0.0, 0.0, 0.0, 1.0],
                [0.996024, 0.068655, 0.056759, 0.125362, 0.060526, -0.989094, 0.134276, -0.004329, 0.065359, -0.130307, -0.989317, 0.029331, 0.0, 0.0, 0.0, 1.0],
                [0.997009, 0.049236, 0.059577, 0.125362, 0.039651, -0.9875, 0.152545, -0.004329, 0.066343, -0.149727, -0.986499, 0.029331, 0.0, 0.0, 0.0, 1.0],
                [0.997584, 0.029766, 0.062768, 0.125362, 0.018649, -0.985133, 0.170779, -0.004329, 0.066918, -0.169196, -0.983308, 0.029331, 0.0, 0.0, 0.0, 1.0],
                [0.997745, 0.010269, 0.066334, 0.125362, -0.002455, -0.981982, 0.188956, -0.004329, 0.067079, -0.188693, -0.979742, 0.029331, 0.0, 0.0, 0.0, 1.0],
                [0.997485, -0.009232, 0.070273, 0.125362, -0.023639, -0.978044, 0.207054, -0.004329, 0.066819, -0.208194, -0.975802, 0.029331, 0.0, 0.0, 0.0, 1.0],
                [0.996801, -0.028713, 0.074587, 0.125362, -0.044876, -0.973313, 0.225048, -0.004329, 0.066135, -0.227675, -0.971489, 0.029331, 0.0, 0.0, 0.0, 1.0],
                [0.995689, -0.048151, 0.079274, 0.125362, -0.066142, -0.967789, 0.242917, -0.004329, 0.065023, -0.247113, -0.966802, 0.029331, 0.0, 0.0, 0.0, 1.0],
                [0.994148, -0.067521, 0.084329, 0.125362, -0.08741, -0.961471, 0.260637, -0.004329, 0.063482, -0.266483, -0.961747, 0.029331, 0.0, 0.0, 0.0, 1.0],
                [0.992175, -0.086799, 0.089751, 0.125362, -0.108656, -0.954361, 0.278187, -0.004329, 0.061509, -0.285762, -0.956325, 0.029331, 0.0, 0.0, 0.0, 1.0],
                [0.98977, -0.105962, 0.095535, 0.125362, -0.129852, -0.946463, 0.295542, -0.004329, 0.059104, -0.304924, -0.950541, 0.029331, 0.0, 0.0, 0.0, 1.0],
                [0.986935, -0.124984, 0.101676, 0.125362, -0.150973, -0.937783, 0.312682, -0.004329, 0.056269, -0.323947, -0.9444, 0.029331, 0.0, 0.0, 0.0, 1.0],
                [0.983671, -0.143843, 0.108166, 0.125362, -0.171992, -0.928328, 0.329584, -0.004329, 0.053005, -0.342806, -0.93791, 0.029331, 0.0, 0.0, 0.0, 1.0],
                [0.979982, -0.162515, 0.115, 0.125362, -0.192883, -0.918108, 0.346226, -0.004329, 0.049316, -0.361477, -0.931076, 0.029331, 0.0, 0.0, 0.0, 1.0],
                [0.97587, -0.180975, 0.122169, 0.125362, -0.213621, -0.907135, 0.362589, -0.004329, 0.045204, -0.379938, -0.923907, 0.029331, 0.0, 0.0, 0.0, 1.0],
                [0.971342, -0.199203, 0.129665, 0.125362, -0.23418, -0.895423, 0.378652, -0.004329, 0.040676, -0.398166, -0.916411, 0.029331, 0.0, 0.0, 0.0, 1.0],
                [0.966403, -0.217176, 0.137477, 0.125362, -0.254535, -0.882986, 0.394396, -0.004329, 0.035737, -0.416138, -0.908599, 0.029331, 0.0, 0.0, 0.0, 1.0],
                [0.96106, -0.234871, 0.145596, 0.125362, -0.274661, -0.869841, 0.409802, -0.004329, 0.030395, -0.433834, -0.90048, 0.029331, 0.0, 0.0, 0.0, 1.0],
                [0.955322, -0.25227, 0.15401, 0.125362, -0.294536, -0.856007, 0.424852, -0.004329, 0.024657, -0.451233, -0.892066, 0.029331, 0.0, 0.0, 0.0, 1.0],
                [0.949197, -0.269352, 0.162708, 0.125362, -0.314135, -0.841505, 0.439531, -0.004329, 0.018532, -0.468314, -0.883368, 0.029331, 0.0, 0.0, 0.0, 1.0],
                [0.942696, -0.286097, 0.171678, 0.125362, -0.333437, -0.826357, 0.453822, -0.004329, 0.01203, -0.48506, -0.874398, 0.029331, 0.0, 0.0, 0.0, 1.0],
                [0.935828, -0.302489, 0.180906, 0.125362, -0.35242, -0.810584, 0.467711, -0.004329, 0.005162, -0.501452, -0.86517, 0.029331, 0.0, 0.0, 0.0, 1.0],
                [0.928605, -0.318511, 0.190379, 0.125362, -0.371065, -0.794212, 0.481185, -0.004329, -0.002061, -0.517473, -0.855697, 0.029331, 0.0, 0.0, 0.0, 1.0],
                [0.921039, -0.334146, 0.200084, 0.125362, -0.389351, -0.777266, 0.49423, -0.004329, -0.009627, -0.533108, -0.845992, 0.029331, 0.0, 0.0, 0.0, 1.0],
                [0.913144, -0.34938, 0.210006, 0.125362, -0.407261, -0.759772, 0.506837, -0.004329, -0.017522, -0.548343, -0.83607, 0.029331, 0.0, 0.0, 0.0, 1.0],
                [0.904931, -0.3642, 0.220131, 0.125362, -0.424778, -0.741759, 0.518996, -0.004329, -0.025734, -0.563162, -0.825945, 0.029331, 0.0, 0.0, 0.0, 1.0],
                [0.896417, -0.378593, 0.230444, 0.125362, -0.441887, -0.723254, 0.530697, -0.004329, -0.034249, -0.577556, -0.815632, 0.029331, 0.0, 0.0, 0.0, 1.0],
                [0.887614, -0.392549, 0.24093, 0.125362, -0.458572, -0.704286, 0.541934, -0.004329, -0.043052, -0.591512, -0.805146, 0.029331, 0.0, 0.0, 0.0, 1.0],
                [0.878537, -0.406058, 0.251574, 0.125362, -0.474821, -0.684885, 0.5527, -0.004329, -0.052129, -0.60502, -0.794502, 0.029331, 0.0, 0.0, 0.0, 1.0],
                [0.869202, -0.419111, 0.262362, 0.125362, -0.490622, -0.66508, 0.562991, -0.004329, -0.061464, -0.618073, -0.783714, 0.029331, 0.0, 0.0, 0.0, 1.0],
                [0.870926, -0.416769, 0.260368, 0.125362, -0.487769, -0.668741, 0.561129, -0.004329, -0.059742, -0.615702, -0.785711, 0.029331, 0.0, 0.0, 0.0, 1.0],
                [0.875794, -0.410007, 0.254714, 0.125362, -0.479555, -0.679102, 0.55574, -0.004329, -0.05488, -0.608863, -0.791375, 0.029331, 0.0, 0.0, 0.0, 1.0],
                [0.883289, -0.399149, 0.245928, 0.125362, -0.466427, -0.695126, 0.547033, -0.004329, -0.047397, -0.597896, -0.800171, 0.029331, 0.0, 0.0, 0.0, 1.0],
                [0.892839, -0.384462, 0.234581, 0.125362, -0.448782, -0.715683, 0.535156, -0.004329, -0.037862, -0.583084, -0.811529, 0.029331, 0.0, 0.0, 0.0, 1.0],
                [0.903846, -0.366205, 0.221259, 0.125362, -0.427013, -0.739598, 0.520245, -0.004329, -0.026873, -0.564702, -0.824857, 0.029331, 0.0, 0.0, 0.0, 1.0],
                [0.915716, -0.34467, 0.206558, 0.125362, -0.401544, -0.765696, 0.502465, -0.004329, -0.015024, -0.543058, -0.839561, 0.029331, 0.0, 0.0, 0.0, 1.0],
                [0.927882, -0.320209, 0.191054, 0.125362, -0.372864, -0.792844, 0.482048, -0.004329, -0.00288, -0.518521, -0.85506, 0.029331, 0.0, 0.0, 0.0, 1.0],
                [0.939826, -0.293254, 0.175296, 0.125362, -0.341532, -0.819996, 0.459306, -0.004329, 0.009048, -0.491538, -0.870809, 0.029331, 0.0, 0.0, 0.0, 1.0],
                [0.951109, -0.264315, 0.159777, 0.125362, -0.308185, -0.84623, 0.434645, -0.004329, 0.020325, -0.462636, -0.886315, 0.029331, 0.0, 0.0, 0.0, 1.0],
                [0.961378, -0.233983, 0.144927, 0.125362, -0.273523, -0.870785, 0.408556, -0.004329, 0.030605, -0.432418, -0.901154, 0.029331, 0.0, 0.0, 0.0, 1.0],
                [0.970383, -0.202905, 0.131095, 0.125362, -0.238294, -0.893077, 0.381612, -0.004329, 0.039647, -0.40155, -0.914979, 0.029331, 0.0, 0.0, 0.0, 1.0],
                [0.977978, -0.171773, 0.118543, 0.125362, -0.203273, -0.912715, 0.354444, -0.004329, 0.047313, -0.370735, -0.927533, 0.029331, 0.0, 0.0, 0.0, 1.0],
                [0.984152, -0.141144, 0.107349, 0.125362, -0.169043, -0.929613, 0.327479, -0.004329, 0.053571, -0.340436, -0.93874, 0.029331, 0.0, 0.0, 0.0, 1.0],
                [0.989004, -0.111256, 0.097432, 0.125362, -0.135827, -0.943944, 0.300865, -0.004329, 0.058497, -0.31079, -0.948677, 0.029331, 0.0, 0.0, 0.0, 1.0],
                [0.992646, -0.082334, 0.088742, 0.125362, -0.103854, -0.955865, 0.274837, -0.004329, 0.062197, -0.282032, -0.957387, 0.029331, 0.0, 0.0, 0.0, 1.0],
                [0.9952, -0.05459, 0.081218, 0.125362, -0.073336, -0.965561, 0.249626, -0.004329, 0.064793, -0.254384, -0.96493, 0.029331, 0.0, 0.0, 0.0, 1.0],
                [0.9968, -0.028224, 0.074783, 0.125362, -0.044471, -0.973239, 0.22545, -0.004329, 0.066419, -0.228055, -0.97138, 0.029331, 0.0, 0.0, 0.0, 1.0],
                [0.997586, -0.003423, 0.069355, 0.125362, -0.017439, -0.979122, 0.202521, -0.004329, 0.067213, -0.203241, -0.976819, 0.029331, 0.0, 0.0, 0.0, 1.0],
                [0.997702, 0.019642, 0.06484, 0.125362, 0.007597, -0.983447, 0.181033, -0.004329, 0.067323, -0.180124, -0.981337, 0.029331, 0.0, 0.0, 0.0, 1.0],
                [0.997294, 0.040814, 0.061145, 0.125362, 0.030489, -0.986455, 0.161171, -0.004329, 0.066895, -0.158871, -0.985031, 0.029331, 0.0, 0.0, 0.0, 1.0],
                [0.996505, 0.059946, 0.058172, 0.125362, 0.051103, -0.988387, 0.143108, -0.004329, 0.066075, -0.139635, -0.987996, 0.029331, 0.0, 0.0, 0.0, 1.0],
                [0.995474, 0.076904, 0.055826, 0.125362, 0.069318, -0.989477, 0.127005, -0.004329, 0.065005, -0.122561, -0.99033, 0.029331, 0.0, 0.0, 0.0, 1.0],
                [0.994333, 0.091564, 0.054015, 0.125362, 0.085021, -0.989949, 0.113013, -0.004329, 0.06382, -0.107781, -0.992124, 0.029331, 0.0, 0.0, 0.0, 1.0],
                [0.993202, 0.103808, 0.052658, 0.125362, 0.098105, -0.990009, 0.101275, -0.004329, 0.062645, -0.09542, -0.993464, 0.029331, 0.0, 0.0, 0.0, 1.0],
                [0.99219, 0.113523, 0.051681, 0.125362, 0.108466, -0.989841, 0.091924, -0.004329, 0.061591, -0.0856, -0.994424, 0.029331, 0.0, 0.0, 0.0, 1.0],
                [0.991389, 0.1206, 0.051024, 0.125362, 0.116002, -0.989597, 0.085092, -0.004329, 0.060756, -0.07844, -0.995066, 0.029331, 0.0, 0.0, 0.0, 1.0],
                [0.990872, 0.124927, 0.050645, 0.125362, 0.120606, -0.989398, 0.080903, -0.004329, 0.060215, -0.074056, -0.995434, 0.029331, 0.0, 0.0, 0.0, 1.0],
                [0.990693, 0.126394, 0.050521, 0.125362, 0.122166, -0.989322, 0.07948, -0.004329, 0.060027, -0.072569, -0.995555, 0.029331, 0.0, 0.0, 0.0, 1.0]
            ]
        },
        {
            "name": "Leg_R",
            "time": [0.0, 0.0167, 0.0333, 0.05, 0.0667, 0.0833, 0.1, 0.1167, 0.1333, 0.15, 0.1667, 0.1833, 0.2, 0.2167, 0.2333, 0.25, 0.2667, 0.2833, 0.3, 0.3167, 0.3333, 0.35, 0.3667, 0.3833, 0.4, 0.4167, 0.4333, 0.45, 0.4667, 0.4833, 0.5, 0.5167, 0.5333, 0.55, 0.5667, 0.5833, 0.6, 0.6167, 0.6333, 0.65, 0.6667, 0.6833, 0.7, 0.7167, 0.7333, 0.75, 0.7667, 0.7833, 0.8, 0.8167, 0.8333, 0.85, 0.8667, 0.8833, 0.9, 0.9167, 0.9333, 0.95, 0.9667, 0.9833],
            "transform": [
                [0.874958, -0.02096, 0.483745, -0.0, -0.284394, 0.786328, 0.54846, 0.37472, -0.391878, -0.617453, 0.682043, -0.0, 0.0, 0.0, 0.0, 1.0],
                [0.886583, -0.016068, 0.462291, -0.0, -0.286603, 0.765371, 0.576252, 0.37472, -0.363083, -0.643389, 0.673959, -0.0, 0.0, 0.0, 0.0, 1.0],
                [0.897645, -0.010335, 0.440598, -0.0, -0.287732, 0.743519, 0.603647, 0.37472, -0.333831, -0.668635, 0.664443, 0.0, 0.0, 0.0, 0.0, 1.0],
                [0.908108, -0.003763, 0.418719, 0.0, -0.287761, 0.720818, 0.630567, 0.37472, -0.304193, -0.693114, 0.653498, -0.0, 0.0, 0.0, 0.0, 1.0],
                [0.917936, 0.003641, 0.396711, -0.0, -0.286678, 0.697318, 0.656935, 0.37472, -0.274242, -0.716753, 0.641137, 0.0, 0.0, 0.0, 0.0, 1.0],
                [0.927099, 0.011864, 0.37463, -0.0, -0.284475, 0.673072, 0.682677, 0.37472, -0.244053, -0.739482, 0.627379, 0.0, 0.0, 0.0, 0.0, 1.0],
                [0.935566, 0.020891, 0.352534, -0.0, -0.281151, 0.64814, 0.70772, 0.37472, -0.213707, -0.761234, 0.612252, 0.0, 0.0, 0.0, 0.0, 1.0],
                [0.943313, 0.030699, 0.330482, 0.0, -0.27671, 0.622587, 0.731995, 0.37472, -0.183282, -0.781948, 0.595789, 0.0, 0.0, 0.0, 0.0, 1.0],
                [0.950318, 0.041266, 0.308532, -0.0, -0.271162, 0.596477, 0.755437, 0.37472, -0.152859, -0.801568, 0.578033, 0.0, 0.0, 0.0, 0.0, 1.0],
                [0.956565, 0.05256, 0.286742, 0.0, -0.264524, 0.569882, 0.777986, 0.37472, -0.122518, -0.820044, 0.559033, -0.0, 0.0, 0.0, 0.0, 1.0],
                [0.962039, 0.064551, 0.265169, 0.0, -0.256817, 0.542873, 0.799584, 0.37472, -0.092339, -0.83733, 0.538843, -0.0, 0.0, 0.0, 0.0, 1.0],
                [0.966731, 0.077202, 0.243868, -0.0, -0.248068, 0.515525, 0.820181, 0.37472, -0.062401, -0.85339, 0.517525, -0.0, 0.0, 0.0, 0.0, 1.0],
                [0.970636, 0.090473, 0.222893, -0.0, -0.238311, 0.48791, 0.839733, 0.37472, -0.032779, -0.868192, 0.495144, 0.0, 0.0, 0.0, 0.0, 1.0],
                [0.973753, 0.104322, 0.202294, -0.0, -0.227581, 0.460107, 0.858201, 0.37472, -0.003547, -0.881714, 0.471772, -0.0, 0.0, 0.0, 0.0, 1.0],
                [0.976085, 0.118707, 0.182119, -0.0, -0.215922, 0.432187, 0.875552, 0.37472, 0.025224, -0.893937, 0.447483, -0.0, 0.0, 0.0, 0.0, 1.0],
                [0.977371, 0.137561, 0.160694, 0.0, -0.205308, 0.433971, 0.877222, 0.37472, 0.050935, -0.890363, 0.452393, 0.0, 0.0, 0.0, 0.0, 1.0],
                [0.977791, 0.154908, 0.141166, -0.0, -0.196368, 0.441765, 0.875376, 0.37472, 0.073241, -0.883655, 0.462373, 0.0, 0.0, 0.0, 0.0, 1.0],
                [0.977585, 0.170657, 0.123305, -0.0, -0.189173, 0.454883, 0.870227, 0.37472, 0.092421, -0.874047, 0.476971, -0.0, 0.0, 0.0, 0.0, 1.0],
                [0.976949, 0.184767, 0.106921, -0.0, -0.183714, 0.472612, 0.861909, 0.37472, 0.10872, -0.861684, 0.495662, 0.0, 0.0, 0.0, 0.0, 1.0],
                [0.976043, 0.197234, 0.091861, -0.0, -0.179917, 0.494224, 0.850513, 0.37472, 0.12235, -0.846665, 0.517869, -0.0, 0.0, 0.0, 0.0, 1.0],
                [0.974995, 0.208086, 0.078008, 0.0, -0.177658, 0.518977, 0.836122, 0.37472, 0.133501, -0.829074, 0.542968, 0.0, 0.0, 0.0, 0.0, 1.0],
                [0.973903, 0.217374, 0.065274, -0.0, -0.176776, 0.54613, 0.818836, 0.37472, 0.142346, -0.809006, 0.570305, -0.0, 0.0, 0.0, 0.0, 1.0],
                [0.972844, 0.225171, 0.053594, 0.0, -0.177082, 0.574949, 0.798796, 0.37472, 0.149052, -0.786595, 0.59921, 0.0, 0.0, 0.0, 0.0, 1.0],
                [0.971871, 0.231569, 0.042921, 0.0, -0.178366, 0.604718, 0.77621, 0.37472, 0.153791, -0.762032, 0.629012, 0.0, 0.0, 0.0, 0.0, 1.0],
                [0.971022, 0.236672, 0.033217, -0.0, -0.180414, 0.634754, 0.751358, 0.37472, 0.15674, -0.735577, 0.659059, 0.0, 0.0, 0.0, 0.0, 1.0],
                [0.970317, 0.240598, 0.024452, 0.0, -0.183009, 0.664424, 0.724602, 0.37472, 0.158092, -0.707569, 0.688733, -0.0, 0.0, 0.0, 0.0, 1.0],
                [0.969765, 0.243476, 0.016591, 0.0, -0.185943, 0.693157, 0.69639, 0.37472, 0.158054, -0.678419, 0.717472, 0.0, 0.0, 0.0, 0.0, 1.0],
                [0.969364, 0.24544, 0.009599, -0.0, -0.189025, 0.720456, 0.667243, 0.37472, 0.156853, -0.648616, 0.744779, 0.0, 0.0, 0.0, 0.0, 1.0],
                [0.969105, 0.246627, 0.003428, -0.0, -0.192082, 0.745909, 0.63775, 0.37472, 0.154729, -0.618705, 0.770236, 0.0, 0.0, 0.0, 0.0, 1.0],
                [0.968969, 0.247173, -0.001979, -0.0, -0.194968, 0.769189, 0.608552, 0.37472, 0.15194, -0.589282, 0.793512, 0.0, 0.0, 0.0, 0.0, 1.0],
                [0.968938, 0.247213, -0.00669, -0.0, -0.197566, 0.790057, 0.580326, 0.37472, 0.14875, -0.560978, 0.814357, 0.0, 0.0, 0.0, 0.0, 1.0],
                [0.968987, 0.246874, -0.010788, -0.0, -0.199782, 0.808348, 0.55377, 0.37472, 0.145432, -0.534441, 0.8326, -0.0, 0.0, 0.0, 0.0, 1.0],
                [0.96962, 0.244153, -0.015049, 0.0, -0.199402, 0.824535, 0.52951, 0.37472, 0.14169, -0.510423, 0.84817, 0.0, 0.0, 0.0, 0.0, 1.0],
                [0.971216, 0.237362, -0.019977, 0.0, -0.194674, 0.839272, 0.507666, 0.37472, 0.137267, -0.489164, 0.861323, 0.0, 0.0, 0.0, 0.0, 1.0],
                [0.973543, 0.2271, -0.025301, -0.0, -0.186215, 0.852662, 0.48815, 0.37472, 0.132432, -0.470524, 0.872393, 0.0, 0.0, 0.0, 0.0, 1.0],
                [0.976355, 0.213965, -0.030811, 0.0, -0.174648, 0.864747, 0.470861, 0.37472, 0.127391, -0.454347, 0.881669, 0.0, 0.0, 0.0, 0.0, 1.0],
                [0.979413, 0.198567, -0.036341, 0.0, -0.160599, 0.875535, 0.455683, 0.37472, 0.122301, -0.440466, 0.8894, 0.0, 0.0, 0.0, 0.0, 1.0],
                [0.982499, 0.181526, -0.041761, 0.0, -0.144707, 0.885018, 0.442496, 0.37472, 0.117283, -0.428709, 0.895797, 0.0, 0.0, 0.0, 0.0, 1.0],
                [0.98543, 0.163472, -0.046964, -0.0, -0.127621, 0.893194, 0.431182, 0.37472, 0.112434, -0.418906, 0.901042, 0.0, 0.0, 0.0, 0.0, 1.0],
                [0.988064, 0.145051, -0.051861, -0.0, -0.110004, 0.900075, 0.421621, 0.37472, 0.107835, -0.410883, 0.905288, -0.0, 0.0, 0.0, 0.0, 1.0],
                [0.99031, 0.126919, -0.056371, 0.0, -0.092527, 0.9057, 0.413698, 0.37472, 0.103562, -0.404473, 0.908668, -0.0, 0.0, 0.0, 0.0, 1.0],
                [0.992122, 0.109741, -0.060417, -0.0, -0.075869, 0.910138, 0.4073, 0.37472, 0.099686, -0.399507, 0.911294, 0.0, 0.0, 0.0, 0.0, 1.0],
                [0.9935, 0.094186, -0.063922, 0.0, -0.060716, 0.913485, 0.402316, 0.37472, 0.096284, -0.39582, 0.913266, 0.0, 0.0, 0.0, 0.0, 1.0],
                [0.994479, 0.080925, -0.066801, -0.0, -0.04775, 0.915864, 0.398638, 0.37472, 0.093441, -0.393248, 0.914672, 0.0, 0.0, 0.0, 0.0, 1.0],
                [0.995116, 0.070627, -0.068964, -0.0, -0.037657, 0.917411, 0.396155, 0.37472, 0.091248, -0.391623, 0.91559, -0.0, 0.0, 0.0, 0.0, 1.0],
                [0.995473, 0.063957, -0.07031, -0.0, -0.031115, 0.91826, 0.394754, 0.37472, 0.08981, -0.39078, 0.916093, 0.0, 0.0, 0.0, 0.0, 1.0],
                [0.995594, 0.061576, -0.070722, -0.0, -0.028799, 0.918524, 0.394315, 0.37472, 0.08924, -0.390541, 0.91625, -0.0, 0.0, 0.0, 0.0, 1.0],
                [0.996243, 0.061473, -0.060997, 0.0, -0.032179, 0.916703, 0.39827, 0.37472, 0.080399, -0.394811, 0.915238, -0.0, 0.0, 0.0, 0.0, 1.0],
                [0.99756, 0.060981, -0.033993, 0.0, -0.041781, 0.911533, 0.4091, 0.37472, 0.055934, -0.406681, 0.911856, -0.0, 0.0, 0.0, 0.0, 1.0],
                [0.998198, 0.059561, 0.007349, 0.0, -0.057032, 0.903366, 0.425061, 0.37472, 0.018678, -0.424714, 0.905135, -0.0, 0.0, 0.0, 0.0, 1.0],
                [0.996597, 0.056574, 0.059954, 0.0, -0.077393, 0.892549, 0.44426, 0.37472, -0.028379, -0.447388, 0.89389, 0.0, 0.0, 0.0, 0.0, 1.0],
                [0.99138, 0.051479, 0.120478, 0.0, -0.102154, 0.87951, 0.464787, 0.37472, -0.082035, -0.473088, 0.877187, -0.0, 0.0, 0.0, 0.0, 1.0],
                [0.981693, 0.044007, 0.185315, -0.0, -0.130298, 0.864823, 0.484876, 0.37472, -0.138926, -0.500145, 0.854725, -0.0, 0.0, 0.0, 0.0, 1.0],
                [0.967448, 0.034269, 0.250739, -0.0, -0.160464, 0.849218, 0.50307, 0.37472, -0.195693, -0.526928, 0.827074, 0.0, 0.0, 0.0, 0.0, 1.0],
                [0.94943, 0.0228, 0.313151, 0.0, -0.190991, 0.833557, 0.518368, 0.37472, -0.24921, -0.551963, 0.795758, 0.0, 0.0, 0.0, 0.0, 1.0],
                [0.929244, 0.010525, 0.369316, -0.0, -0.22003, 0.818767, 0.53029, 0.37472, -0.296802, -0.574029, 0.763151, -0.0, 0.0, 0.0, 0.0, 1.0],
                [0.909125, -0.001344, 0.416521, 0.0, -0.245684, 0.805784, 0.538843, 0.37472, -0.33635, -0.592208, 0.732228, 0.0, 0.0, 0.0, 0.0, 1.0],
                [0.891656, -0.011443, 0.45257, 0.0, -0.266105, 0.7955, 0.544396, 0.37472, -0.366249, -0.605845, 0.706267, 0.0, 0.0, 0.0, 0.0, 1.0],
                [0.87947, -0.0184, 0.475599, 0.0, -0.279556, 0.788751, 0.547467, 0.37472, -0.385202, -0.614437, 0.688539, 0.0, 0.0, 0.0, 0.0, 1.0],
                [0.874958, -0.02096, 0.483745, -0.0, -0.284394, 0.786328, 0.54846, 0.37472, -0.391878, -0.617453, 0.682043, -0.0, 0.0, 0.0, 0.0, 1.0]
            ]
        },
        {
            "name": "Knee_R",
            "time": [0.0, 0.0167, 0.0333, 0.05, 0.0667, 0.0833, 0.1, 0.1167, 0.1333, 0.15, 0.1667, 0.1833, 0.2, 0.2167, 0.2333, 0.25, 0.2667, 0.2833, 0.3, 0.3167, 0.3333, 0.35, 0.3667, 0.3833, 0.4, 0.4167, 0.4333, 0.45, 0.4667, 0.4833, 0.5, 0.5167, 0.5333, 0.55, 0.5667, 0.5833, 0.6, 0.6167, 0.6333, 0.65, 0.6667, 0.6833, 0.7, 0.7167, 0.7333, 0.75, 0.7667, 0.7833, 0.8, 0.8167, 0.8333, 0.85, 0.8667, 0.8833, 0.9, 0.9167, 0.9333, 0.95, 0.9667, 0.9833],
            "transform": [
                [1.0, 0.0, -0.0, -0.0, -0.0, 0.0, -1.0, 0.37472, -0.0, 1.0, 0.0, -0.0, 0.0, 0.0, 0.0, 1.0],
                [1.0, 0.0, -0.0, -0.0, -0.0, 0.0, -1.0, 0.37472, -0.0, 1.0, 0.0, -0.0, 0.0, 0.0, 0.0, 1.0],
                [1.0, 0.0, -0.0, -0.0, -0.0, 0.0, -1.0, 0.37472, -0.0, 1.0, 0.0, 0.0, 0.0, 0.0, 0.0, 1.0],
                [1.0, 0.0, -0.0, 0.0, -0.0, 0.0, -1.0, 0.37472, -0.0, 1.0, 0.0, -0.0, 0.0, 0.0, 0.0, 1.0],
                [1.0, 0.0, -0.0, -0.0, -0.0, 0.0, -1.0, 0.37472, -0.0, 1.0, 0.0, 0.0, 0.0, 0.0, 0.0, 1.0],
                [1.0, 0.0, -0.0, -0.0, -0.0, 0.0, -1.0, 0.37472, -0.0, 1.0, 0.0, 0.0, 0.0, 0.0, 0.0, 1.0],
                [1.0, 0.0, -0.0, -0.0, -0.0, 0.0, -1.0, 0.37472, -0.0, 1.0, 0.0, 0.0, 0.0, 0.0, 0.0, 1.0],
                [1.0, 0.0, -0.0, 0.0, -0.0, 0.0, -1.0, 0.37472, -0.0, 1.0, 0.0, 0.0, 0.0, 0.0, 0.0, 1.0],
                [1.0, 0.0, -0.0, -0.0, -0.0, 0.0, -1.0, 0.37472, -0.0, 1.0, 0.0, 0.0, 0.0, 0.0, 0.0, 1.0],
                [1.0, 0.0, -0.0, 0.0, -0.0, 0.0, -1.0, 0.37472, -0.0, 1.0, 0.0, -0.0, 0.0, 0.0, 0.0, 1.0],
                [1.0, 0.0, -0.0, 0.0, -0.0, 0.0, -1.0, 0.37472, -0.0, 1.0, 0.0, -0.0, 0.0, 0.0, 0.0, 1.0],
                [1.0, 0.0, -0.0, -0.0, -0.0, 0.0, -1.0, 0.37472, -0.0, 1.0, 0.0, -0.0, 0.0, 0.0, 0.0, 1.0],
                [1.0, 0.0, -0.0, -0.0, -0.0, 0.0, -1.0, 0.37472, -0.0, 1.0, 0.0, 0.0, 0.0, 0.0, 0.0, 1.0],
                [1.0, 0.0, -0.0, -0.0, -0.0, 0.0, -1.0, 0.37472, -0.0, 1.0, 0.0, -0.0, 0.0, 0.0, 0.0, 1.0],
                [1.0, 0.0, -0.0, -0.0, -1e-06, 0.0, -1.0, 0.37472, -0.0, 1.0, 0.0, -0.0, 0.0, 0.0, 0.0, 1.0],
                [1.0, 0.0, -0.0, 0.0, -0.0, 0.0, -1.0, 0.37472, -0.0, 1.0, 0.0, 0.0, 0.0, 0.0, 0.0, 1.0],
                [1.0, 0.0, -1e-06, -0.0, -0.0, 0.0, -1.0, 0.37472, -0.0, 1.0, 0.0, 0.0, 0.0, 0.0, 0.0, 1.0],
                [1.0, 0.0, -0.0, -0.0, -0.0, 0.0, -1.0, 0.37472, -0.0, 1.0, 0.0, -0.0, 0.0, 0.0, 0.0, 1.0],
                [1.0, 0.0, -0.0, -0.0, -0.0, 0.0, -1.0, 0.37472, -0.0, 1.0, 0.0, 0.0, 0.0, 0.0, 0.0, 1.0],
                [1.0, 0.0, -0.0, -0.0, -0.0, 0.0, -1.0, 0.37472, -0.0, 1.0, 0.0, -0.0, 0.0, 0.0, 0.0, 1.0],
                [1.0, 0.0, -0.0, 0.0, -0.0, 0.0, -1.0, 0.37472, -0.0, 1.0, 0.0, 0.0, 0.0, 0.0, 0.0, 1.0],
                [1.0, 0.0, -0.0, -0.0, -0.0, 0.0, -1.0, 0.37472, -0.0, 1.0, 0.0, -0.0, 0.0, 0.0, 0.0, 1.0],
                [1.0, 0.0, -0.0, 0.0, -0.0, 0.0, -1.0, 0.37472, -0.0, 1.0, 0.0, 0.0, 0.0, 0.0, 0.0, 1.0],
                [1.0, 0.0, -0.0, 0.0, -0.0, 0.0, -1.0, 0.37472, -0.0, 1.0, 0.0, 0.0, 0.0, 0.0, 0.0, 1.0],
                [1.0, 0.0, -0.0, -0.0, -0.0, 0.0, -1.0, 0.37472, -0.0, 1.0, 0.0, 0.0, 0.0, 0.0, 0.0, 1.0],
                [1.0, 0.0, -0.0, 0.0, -0.0, 0.0, -1.0, 0.37472, -0.0, 1.0, 0.0, -0.0, 0.0, 0.0, 0.0, 1.0],
                [1.0, 0.0, -0.0, 0.0, -0.0, 0.0, -1.0, 0.37472, -0.0, 1.0, 0.0, 0.0, 0.0, 0.0, 0.0, 1.0],
                [1.0, 0.0, -0.0, -0.0, -0.0, 0.0, -1.0, 0.37472, -0.0, 1.0, 0.0, 0.0, 0.0, 0.0, 0.0, 1.0],
                [1.0, 0.0, -0.0, -0.0, -1e-06, 0.0, -1.0, 0.37472, -0.0, 1.0, 0.0, 0.0, 0.0, 0.0, 0.0, 1.0],
                [1.0, 0.0, -1e-06, -0.0, -0.0, 0.0, -1.0, 0.37472, -0.0, 1.0, 0.0, 0.0, 0.0, 0.0, 0.0, 1.0],
                [1.0, 0.0, -0.0, -0.0, -0.0, 0.0, -1.0, 0.37472, -0.0, 1.0, 0.0, 0.0, 0.0, 0.0, 0.0, 1.0],
                [1.0, 0.0, -0.0, -0.0, -0.0, 0.0, -1.0, 0.37472, -0.0, 1.0, 0.0, -0.0, 0.0, 0.0, 0.0, 1.0],
