{
    "animation": [
        {
            "name": "Root",
            "time": [0.0, 0.0167, 0.0333, 0.05, 0.0667, 0.0833, 0.1, 0.1167, 0.1333, 0.15, 0.1667, 0.1833, 0.2, 0.2167, 0.2333, 0.25, 0.2667, 0.2833, 0.3, 0.3167, 0.3333, 0.35, 0.3667, 0.3833, 0.4, 0.4167, 0.4333, 0.45, 0.4667, 0.4833, 0.5, 0.5167, 0.5333, 0.55, 0.5667, 0.5833, 0.6],
            "transform": [
                [1.0, 0.0, 0.0, -5e-06, 0.0, 0.258819, -0.965926, 0.000946, 0.0, 0.965926, 0.258819, 0.763972, 0.0, 0.0, 0.0, 1.0],
                [1.0, 0.0, 0.0, -5e-06, 0.0, 0.258819, -0.965926, 0.000946, 0.0, 0.965926, 0.258819, 0.776117, 0.0, 0.0, 0.0, 1.0],
                [1.0, 0.0, 0.0, -5e-06, 0.0, 0.258819, -0.965926, 0.000946, 0.0, 0.965926, 0.258819, 0.788262, 0.0, 0.0, 0.0, 1.0],
                [1.0, 0.0, 0.0, -5e-06, 0.0, 0.258819, -0.965926, 0.000946, 0.0, 0.965926, 0.258819, 0.800407, 0.0, 0.0, 0.0, 1.0],
                [1.0, 0.0, 0.0, -5e-06, 0.0, 0.258819, -0.965926, 0.000946, 0.0, 0.965926, 0.258819, 0.812552, 0.0, 0.0, 0.0, 1.0],
                [1.0, 0.0, 0.0, -5e-06, 0.0, 0.258819, -0.965926, 0.000946, 0.0, 0.965926, 0.258819, 0.824697, 0.0, 0.0, 0.0, 1.0],
                [1.0, 0.0, 0.0, -5e-06, 0.0, 0.258819, -0.965926, 0.000946, 0.0, 0.965926, 0.258819, 0.836842, 0.0, 0.0, 0.0, 1.0],
                [1.0, 0.0, 0.0, -5e-06, 0.0, 0.258819, -0.965926, 0.000946, 0.0, 0.965926, 0.258819, 0.848987, 0.0, 0.0, 0.0, 1.0],
                [1.0, 0.0, 0.0, -5e-06, 0.0, 0.258819, -0.965926, 0.000946, 0.0, 0.965926, 0.258819, 0.861131, 0.0, 0.0, 0.0, 1.0],
                [1.0, 0.0, 0.0, -5e-06, 0.0, 0.258819, -0.965926, 0.000946, 0.0, 0.965926, 0.258819, 0.85922, 0.0, 0.0, 0.0, 1.0],
                [1.0, 0.0, 0.0, -5e-06, 0.0, 0.258819, -0.965926, 0.000946, 0.0, 0.965926, 0.258819, 0.853934, 0.0, 0.0, 0.0, 1.0],
                [1.0, 0.0, 0.0, -5e-06, 0.0, 0.258819, -0.965926, 0.000946, 0.0, 0.965926, 0.258819, 0.84595, 0.0, 0.0, 0.0, 1.0],
                [1.0, 0.0, 0.0, -5e-06, 0.0, 0.258819, -0.965926, 0.000946, 0.0, 0.965926, 0.258819, 0.835942, 0.0, 0.0, 0.0, 1.0],
                [1.0, 0.0, 0.0, -5e-06, 0.0, 0.258819, -0.965926, 0.000946, 0.0, 0.965926, 0.258819, 0.824584, 0.0, 0.0, 0.0, 1.0],
                [1.0, 0.0, 0.0, -5e-06, 0.0, 0.258819, -0.965926, 0.000946, 0.0, 0.965926, 0.258819, 0.812552, 0.0, 0.0, 0.0, 1.0],
                [1.0, 0.0, 0.0, -5e-06, 0.0, 0.258819, -0.965926, 0.000946, 0.0, 0.965926, 0.258819, 0.800519, 0.0, 0.0, 0.0, 1.0],
                [1.0, 0.0, 0.0, -5e-06, 0.0, 0.258819, -0.965926, 0.000946, 0.0, 0.965926, 0.258819, 0.789161, 0.0, 0.0, 0.0, 1.0],
                [1.0, 0.0, 0.0, -5e-06, 0.0, 0.258819, -0.965926, 0.000946, 0.0, 0.965926, 0.258819, 0.779153, 0.0, 0.0, 0.0, 1.0],
                [1.0, 0.0, 0.0, -5e-06, 0.0, 0.258819, -0.965926, 0.000946, 0.0, 0.965926, 0.258819, 0.771169, 0.0, 0.0, 0.0, 1.0],
                [1.0, 0.0, 0.0, -5e-06, 0.0, 0.258819, -0.965926, 0.000946, 0.0, 0.965926, 0.258819, 0.765883, 0.0, 0.0, 0.0, 1.0],
                [1.0, 0.0, 0.0, -5e-06, 0.0, 0.258819, -0.965926, 0.000946, 0.0, 0.965926, 0.258819, 0.763972, 0.0, 0.0, 0.0, 1.0],
                [1.0, 0.0, 0.0, -5e-06, 0.0, 0.258819, -0.965926, 0.000946, 0.0, 0.965926, 0.258819, 0.7666, 0.0, 0.0, 0.0, 1.0],
                [1.0, 0.0, 0.0, -5e-06, 0.0, 0.258819, -0.965926, 0.000946, 0.0, 0.965926, 0.258819, 0.773646, 0.0, 0.0, 0.0, 1.0],
                [1.0, 0.0, 0.0, -5e-06, 0.0, 0.258819, -0.965926, 0.000946, 0.0, 0.965926, 0.258819, 0.783845, 0.0, 0.0, 0.0, 1.0],
                [1.0, 0.0, 0.0, -5e-06, 0.0, 0.258819, -0.965926, 0.000946, 0.0, 0.965926, 0.258819, 0.795938, 0.0, 0.0, 0.0, 1.0],
                [1.0, 0.0, 0.0, -5e-06, 0.0, 0.258819, -0.965926, 0.000946, 0.0, 0.965926, 0.258819, 0.808661, 0.0, 0.0, 0.0, 1.0],
                [1.0, 0.0, 0.0, -5e-06, 0.0, 0.258819, -0.965926, 0.000946, 0.0, 0.965926, 0.258819, 0.820754, 0.0, 0.0, 0.0, 1.0],
                [1.0, 0.0, 0.0, -5e-06, 0.0, 0.258819, -0.965926, 0.000946, 0.0, 0.965926, 0.258819, 0.830953, 0.0, 0.0, 0.0, 1.0],
                [1.0, 0.0, 0.0, -5e-06, 0.0, 0.258819, -0.965926, 0.000946, 0.0, 0.965926, 0.258819, 0.837999, 0.0, 0.0, 0.0, 1.0],
                [1.0, 0.0, 0.0, -5e-06, 0.0, 0.258819, -0.965926, 0.000946, 0.0, 0.965926, 0.258819, 0.840627, 0.0, 0.0, 0.0, 1.0],
                [1.0, 0.0, 0.0, -5e-06, 0.0, 0.258819, -0.965926, 0.000946, 0.0, 0.965926, 0.258819, 0.836381, 0.0, 0.0, 0.0, 1.0],
                [1.0, 0.0, 0.0, -5e-06, 0.0, 0.258819, -0.965926, 0.000946, 0.0, 0.965926, 0.258819, 0.82543, 0.0, 0.0, 0.0, 1.0],
                [1.0, 0.0, 0.0, -5e-06, 0.0, 0.258819, -0.965926, 0.000946, 0.0, 0.965926, 0.258819, 0.810457, 0.0, 0.0, 0.0, 1.0],
                [1.0, 0.0, 0.0, -5e-06, 0.0, 0.258819, -0.965926, 0.000946, 0.0, 0.965926, 0.258819, 0.794142, 0.0, 0.0, 0.0, 1.0],
                [1.0, 0.0, 0.0, -5e-06, 0.0, 0.258819, -0.965926, 0.000946, 0.0, 0.965926, 0.258819, 0.779169, 0.0, 0.0, 0.0, 1.0],
                [1.0, 0.0, 0.0, -5e-06, 0.0, 0.258819, -0.965926, 0.000946, 0.0, 0.965926, 0.258819, 0.768218, 0.0, 0.0, 0.0, 1.0],
                [1.0, 0.0, 0.0, -5e-06, 0.0, 0.258819, -0.965926, 0.000946, 0.0, 0.965926, 0.258819, 0.763972, 0.0, 0.0, 0.0, 1.0]
            ]
        },
        {
            "name": "Thigh_R",
            "time": [0.0, 0.0167, 0.0333, 0.05, 0.0667, 0.0833, 0.1, 0.1167, 0.1333, 0.15, 0.1667, 0.1833, 0.2, 0.2167, 0.2333, 0.25, 0.2667, 0.2833, 0.3, 0.3167, 0.3333, 0.35, 0.3667, 0.3833, 0.4, 0.4167, 0.4333, 0.45, 0.4667, 0.4833, 0.5, 0.5167, 0.5333, 0.55, 0.5667, 0.5833, 0.6],
            "transform": [
                [0.881219, -0.070525, -0.467418, 0.124994, 0.380979, -0.479401, 0.790588, -0.005666, -0.279837, -0.874758, -0.395588, 0.032399, 0.0, 0.0, 0.0, 1.0],
                [0.893488, -0.045692, -0.446757, 0.124994, 0.352724, -0.544346, 0.7611, -0.005666, -0.277967, -0.837616, -0.47025, 0.032399, 0.0, 0.0, 0.0, 1.0],
                [0.90579, -0.022031, -0.423155, 0.124994, 0.323759, -0.608274, 0.724695, -0.005666, -0.27336, -0.793421, -0.543836, 0.032399, 0.0, 0.0, 0.0, 1.0],
                [0.917968, 4.9e-05, -0.396655, 0.124994, 0.294394, -0.670271, 0.681225, -0.005666, -0.265833, -0.742116, -0.615302, 0.032399, 0.0, 0.0, 0.0, 1.0],
                [0.929852, 0.020135, -0.367381, 0.124994, 0.264987, -0.729369, 0.630716, -0.005666, -0.255257, -0.683824, -0.683541, 0.032399, 0.0, 0.0, 0.0, 1.0],
                [0.939627, 0.035394, -0.340364, 0.124994, 0.240153, -0.776766, 0.582204, -0.005666, -0.243776, -0.628794, -0.738371, 0.032399, 0.0, 0.0, 0.0, 1.0],
                [0.948946, 0.048678, -0.311659, 0.124994, 0.215828, -0.820738, 0.528968, -0.005666, -0.230041, -0.569227, -0.789343, 0.032399, 0.0, 0.0, 0.0, 1.0],
                [0.9577, 0.059782, -0.28149, 0.124994, 0.192274, -0.860723, 0.471367, -0.005666, -0.214106, -0.505552, -0.835809, 0.032399, 0.0, 0.0, 0.0, 1.0],
                [0.965786, 0.068537, -0.250121, 0.124994, 0.169747, -0.896214, 0.409861, -0.005666, -0.196072, -0.438295, -0.877185, 0.032399, 0.0, 0.0, 0.0, 1.0],
                [0.973111, 0.074817, -0.217847, 0.124994, 0.148489, -0.926782, 0.345002, -0.005666, -0.176085, -0.368073, -0.912971, 0.032399, 0.0, 0.0, 0.0, 1.0],
                [0.979598, 0.078541, -0.184985, 0.124994, 0.128722, -0.952087, 0.277416, -0.005666, -0.154333, -0.295568, -0.942773, 0.032399, 0.0, 0.0, 0.0, 1.0],
                [0.985184, 0.079683, -0.151863, 0.124994, 0.110638, -0.971896, 0.207788, -0.005666, -0.131038, -0.221512, -0.966313, 0.032399, 0.0, 0.0, 0.0, 1.0],
                [0.989827, 0.078264, -0.118815, 0.124994, 0.094393, -0.986086, 0.136834, -0.005666, -0.106452, -0.146657, -0.983443, 0.032399, 0.0, 0.0, 0.0, 1.0],
                [0.993503, 0.074358, -0.08616, 0.124994, 0.080105, -0.994646, 0.065278, -0.005666, -0.080845, -0.071756, -0.994141, 0.032399, 0.0, 0.0, 0.0, 1.0],
                [0.996206, 0.068082, -0.054202, 0.124994, 0.067847, -0.997676, -0.00617, -0.005666, -0.054496, 0.002469, -0.998511, 0.032399, 0.0, 0.0, 0.0, 1.0],
                [0.997953, 0.059594, -0.023214, 0.124994, 0.057653, -0.995375, -0.076837, -0.005666, -0.027686, 0.075341, -0.996773, 0.032399, 0.0, 0.0, 0.0, 1.0],
                [0.998773, 0.049083, 0.006562, 0.124994, 0.049515, -0.988029, -0.146104, -0.005666, -0.000688, 0.14625, -0.989247, 0.032399, 0.0, 0.0, 0.0, 1.0],
                [0.998714, 0.03676, 0.034927, 0.124994, 0.043387, -0.975996, -0.213423, -0.005666, 0.026243, 0.214664, -0.976335, 0.032399, 0.0, 0.0, 0.0, 1.0],
                [0.997832, 0.022853, 0.06172, 0.124994, 0.039195, -0.959687, -0.278323, -0.005666, 0.052871, 0.280138, -0.958503, 0.032399, 0.0, 0.0, 0.0, 1.0],
                [0.996195, 0.007596, 0.086824, 0.124994, 0.036833, -0.939552, -0.340418, -0.005666, 0.07899, 0.342321, -0.936257, 0.032399, 0.0, 0.0, 0.0, 1.0],
                [0.996572, 0.010687, 0.082032, 0.124994, 0.037158, -0.943786, -0.328462, -0.005666, 0.07391, 0.330384, -0.940948, 0.032399, 0.0, 0.0, 0.0, 1.0],
                [0.997495, 0.019206, 0.068072, 0.124994, 0.038447, -0.955059, -0.293912, -0.005666, 0.059368, 0.295793, -0.953406, 0.032399, 0.0, 0.0, 0.0, 1.0],
                [0.998474, 0.031689, 0.045221, 0.124994, 0.041584, -0.970325, -0.238202, -0.005666, 0.036331, 0.239719, -0.970162, 0.032399, 0.0, 0.0, 0.0, 1.0],
                [0.998838, 0.046246, 0.013592, 0.124994, 0.047843, -0.985521, -0.162663, -0.005666, 0.005873, 0.163125, -0.986588, 0.032399, 0.0, 0.0, 0.0, 1.0],
                [0.99781, 0.060607, -0.026489, 0.124994, 0.058649, -0.99587, -0.069304, -0.005666, -0.030579, 0.067598, -0.997244, 0.032399, 0.0, 0.0, 0.0, 1.0],
                [0.994627, 0.072282, -0.074115, 0.124994, 0.075282, -0.996418, 0.038517, -0.005666, -0.071066, -0.04389, -0.996506, 0.032399, 0.0, 0.0, 0.0, 1.0],
                [0.98869, 0.078886, -0.12755, 0.124994, 0.098513, -0.982874, 0.155732, -0.005666, -0.113081, -0.166537, -0.97953, 0.032399, 0.0, 0.0, 0.0, 1.0],
                [0.979742, 0.078598, -0.184198, 0.124994, 0.128271, -0.952624, 0.275779, -0.005666, -0.153795, -0.29382, -0.943407, 0.032399, 0.0, 0.0, 0.0, 1.0],
                [0.967982, 0.070608, -0.240884, 0.124994, 0.163469, -0.905561, 0.391455, -0.005666, -0.190495, -0.418299, -0.888109, 0.032399, 0.0, 0.0, 0.0, 1.0],
                [0.954078, 0.055369, -0.294396, 0.124994, 0.202113, -0.844353, 0.496203, -0.005666, -0.2211, -0.532918, -0.81677, 0.032399, 0.0, 0.0, 0.0, 1.0],
                [0.93904, 0.034513, -0.342072, 0.124994, 0.241664, -0.77395, 0.585319, -0.005666, -0.244546, -0.632305, -0.735111, 0.032399, 0.0, 0.0, 0.0, 1.0],
                [0.924017, 0.010467, -0.382208, 0.124994, 0.279526, -0.700539, 0.65659, -0.005666, -0.260879, -0.713537, -0.650236, 0.032399, 0.0, 0.0, 0.0, 1.0],
                [0.910106, -0.014043, -0.414137, 0.124994, 0.313432, -0.630405, 0.710176, -0.005666, -0.271047, -0.776139, -0.569334, 0.032399, 0.0, 0.0, 0.0, 1.0],
                [0.898227, -0.036424, -0.43802, 0.124994, 0.341643, -0.56912, 0.747918, -0.005666, -0.276529, -0.821447, -0.498755, 0.032399, 0.0, 0.0, 0.0, 1.0],
                [0.889095, -0.054448, -0.454473, 0.124994, 0.362911, -0.521223, 0.772413, -0.005666, -0.278938, -0.851682, -0.443657, 0.032399, 0.0, 0.0, 0.0, 1.0],
                [0.883266, -0.0663, -0.464161, 0.124994, 0.376306, -0.490317, 0.786119, -0.005666, -0.279705, -0.869019, -0.408131, 0.032399, 0.0, 0.0, 0.0, 1.0],
                [0.881219, -0.070525, -0.467418, 0.124994, 0.380979, -0.479401, 0.790588, -0.005666, -0.279837, -0.874758, -0.395588, 0.032399, 0.0, 0.0, 0.0, 1.0]
            ]
        },
        {
            "name": "Leg_R",
            "time": [0.0, 0.0167, 0.0333, 0.05, 0.0667, 0.0833, 0.1, 0.1167, 0.1333, 0.15, 0.1667, 0.1833, 0.2, 0.2167, 0.2333, 0.25, 0.2667, 0.2833, 0.3, 0.3167, 0.3333, 0.35, 0.3667, 0.3833, 0.4, 0.4167, 0.4333, 0.45, 0.4667, 0.4833, 0.5, 0.5167, 0.5333, 0.55, 0.5667, 0.5833, 0.6],
            "transform": [
                [0.906545, -0.240559, 0.346854, 0.0, 0.000487, 0.822312, 0.569037, 0.37472, -0.42211, -0.515688, 0.74558, 0.0, 0.0, 0.0, 0.0, 1.0],
                [0.91459, -0.18593, 0.359103, -0.0, -0.009137, 0.8783, 0.478022, 0.37472, -0.404279, -0.440475, 0.801586, 0.0, 0.0, 0.0, 0.0, 1.0],
                [0.921776, -0.129722, 0.365377, 0.0, -0.020892, 0.924383, 0.380894, 0.37472, -0.387158, -0.358733, 0.849364, -0.0, 0.0, 0.0, 0.0, 1.0],
                [0.92796, -0.072935, 0.365474, 0.0, -0.034595, 0.959571, 0.279333, 0.37472, -0.371072, -0.271853, 0.88792, -0.0, 0.0, 0.0, 0.0, 1.0],
                [0.933031, -0.016601, 0.359413, -0.0, -0.049991, 0.983264, 0.175192, 0.37472, -0.356306, -0.181427, 0.916586, -0.0, 0.0, 0.0, 0.0, 1.0],
                [0.932994, -0.017208, 0.359479, -0.0, -0.050446, 0.982742, 0.177969, 0.37472, -0.356338, -0.184178, 0.916025, -0.0, 0.0, 0.0, 0.0, 1.0],
                [0.932915, -0.019242, 0.359582, 0.0, -0.051446, 0.981206, 0.18598, 0.37472, -0.356403, -0.192003, 0.914392, 0.0, 0.0, 0.0, 0.0, 1.0],
                [0.93284, -0.023022, 0.359555, 0.0, -0.052447, 0.97865, 0.198731, 0.37472, -0.356454, -0.204242, 0.911716, 0.0, 0.0, 0.0, 0.0, 1.0],
                [0.932813, -0.028858, 0.359204, 0.0, -0.052901, 0.975023, 0.21571, 0.37472, -0.356457, -0.22022, 0.907988, 0.0, 0.0, 0.0, 0.0, 1.0],
                [0.93287, -0.037045, 0.358303, 0.0, -0.052264, 0.970252, 0.236389, 0.37472, -0.356402, -0.239246, 0.903183, 0.0, 0.0, 0.0, 0.0, 1.0],
                [0.933031, -0.047862, 0.356598, -0.0, -0.049991, 0.964254, 0.260222, 0.37472, -0.356306, -0.260622, 0.897286, 0.0, 0.0, 0.0, 0.0, 1.0],
                [0.937471, -0.062618, 0.342385, 0.0, -0.04129, 0.956731, 0.28803, 0.37472, -0.345606, -0.284157, 0.894322, -0.0, 0.0, 0.0, 0.0, 1.0],
                [0.947846, -0.081131, 0.308229, 0.0, -0.023364, 0.946773, 0.321054, 0.37472, -0.31787, -0.311511, 0.8955, -0.0, 0.0, 0.0, 0.0, 1.0],
                [0.960212, -0.10142, 0.260205, -0.0, 0.001241, 0.933268, 0.359179, 0.37472, -0.279269, -0.344565, 0.896261, 0.0, 0.0, 0.0, 0.0, 1.0],
                [0.971235, -0.12153, 0.204776, 0.0, 0.029655, 0.914994, 0.402375, 0.37472, -0.236269, -0.384729, 0.892278, -0.0, 0.0, 0.0, 0.0, 1.0],
                [0.978916, -0.139735, 0.148989, -0.0, 0.058492, 0.890615, 0.450981, 0.37472, -0.19571, -0.432758, 0.88001, 0.0, 0.0, 0.0, 0.0, 1.0],
                [0.982822, -0.154906, 0.100326, 0.0, 0.083699, 0.8586, 0.505767, 0.37472, -0.164486, -0.488682, 0.856816, -0.0, 0.0, 0.0, 0.0, 1.0],
                [0.98373, -0.16694, 0.066376, 0.0, 0.100358, 0.817101, 0.567692, 0.37472, -0.149007, -0.551794, 0.820561, -0.0, 0.0, 0.0, 0.0, 1.0],
                [0.983293, -0.176968, 0.042626, 0.0, 0.1095, 0.76212, 0.638109, 0.37472, -0.145411, -0.622781, 0.768765, -0.0, 0.0, 0.0, 0.0, 1.0],
                [0.982518, -0.185167, 0.01929, 0.0, 0.116008, 0.689985, 0.714467, 0.37472, -0.145606, -0.699739, 0.699403, -0.0, 0.0, 0.0, 0.0, 1.0],
                [0.981571, -0.191059, -0.003776, 0.0, 0.119801, 0.599844, 0.791097, 0.37472, -0.148881, -0.77697, 0.611679, 0.0, 0.0, 0.0, 0.0, 1.0],
                [0.980595, -0.194261, -0.026376, 0.0, 0.120758, 0.492543, 0.86187, 0.37472, -0.154436, -0.84833, 0.506444, -0.0, 0.0, 0.0, 0.0, 1.0],
                [0.979709, -0.194585, -0.048029, 0.0, 0.118867, 0.371174, 0.920924, 0.37472, -0.161371, -0.907946, 0.386773, 0.0, 0.0, 0.0, 0.0, 1.0],
                [0.979003, -0.192139, -0.06808, 0.0, 0.114345, 0.241145, 0.96373, 0.37472, -0.168753, -0.951279, 0.258052, 0.0, 0.0, 0.0, 0.0, 1.0],
                [0.978529, -0.187371, -0.085863, 0.0, 0.107689, 0.109586, 0.988127, 0.37472, -0.175737, -0.976157, 0.127411, 0.0, 0.0, 0.0, 0.0, 1.0],
                [0.978294, -0.181022, -0.100859, 0.0, 0.099654, -0.015763, 0.994897, 0.37472, -0.181688, -0.983353, 0.002619, 0.0, 0.0, 0.0, 0.0, 1.0],
                [0.978261, -0.174014, -0.112802, 0.0, 0.09115, -0.127778, 0.987605, 0.37472, -0.18627, -0.976418, -0.109139, -0.0, 0.0, 0.0, 0.0, 1.0],
                [0.978367, -0.167295, -0.121696, 0.0, 0.08312, -0.220798, 0.971771, 0.37472, -0.189443, -0.960864, -0.202116, 0.0, 0.0, 0.0, 0.0, 1.0],
                [0.978532, -0.161727, -0.127747, 0.0, 0.076451, -0.290781, 0.95373, 0.37472, -0.19139, -0.943022, -0.272174, 0.0, 0.0, 0.0, 0.0, 1.0],
                [0.978677, -0.158012, -0.131236, 0.0, 0.07193, -0.334817, 0.939534, 0.37472, -0.192398, -0.92894, -0.316312, 0.0, 0.0, 0.0, 0.0, 1.0],
                [0.978737, -0.156683, -0.13238, -0.0, 0.070271, -0.350205, 0.934033, 0.37472, -0.192707, -0.923475, -0.331748, -0.0, 0.0, 0.0, 0.0, 1.0],
                [0.977294, -0.183266, -0.106347, 0.0, 0.055491, -0.263014, 0.963195, 0.37472, -0.204492, -0.947226, -0.246872, 0.0, 0.0, 0.0, 0.0, 1.0],
                [0.970336, -0.240145, -0.027916, -0.0, 0.022543, -0.025092, 0.999431, 0.37472, -0.240709, -0.970413, -0.018934, -0.0, 0.0, 0.0, 0.0, 1.0],
                [0.954254, -0.283465, 0.095113, -0.0, -0.006241, 0.299155, 0.954184, 0.37472, -0.298931, -0.911128, 0.283701, -0.0, 0.0, 0.0, 0.0, 1.0],
                [0.932303, -0.283801, 0.224205, -0.0, -0.013935, 0.591256, 0.806364, 0.37472, -0.36141, -0.7549, 0.547275, 0.0, 0.0, 0.0, 0.0, 1.0],
                [0.913847, -0.256683, 0.314639, 0.0, -0.005678, 0.766707, 0.641972, 0.37472, -0.40602, -0.588451, 0.699195, 0.0, 0.0, 0.0, 0.0, 1.0],
                [0.906545, -0.240559, 0.346854, 0.0, 0.000487, 0.822312, 0.569037, 0.37472, -0.42211, -0.515688, 0.74558, 0.0, 0.0, 0.0, 0.0, 1.0]
            ]
        },
        {
            "name": "Knee_R",
            "time": [0.0, 0.0167, 0.0333, 0.05, 0.0667, 0.0833, 0.1, 0.1167, 0.1333, 0.15, 0.1667, 0.1833, 0.2, 0.2167, 0.2333, 0.25, 0.2667, 0.2833, 0.3, 0.3167, 0.3333, 0.35, 0.3667, 0.3833, 0.4, 0.4167, 0.4333, 0.45, 0.4667, 0.4833, 0.5, 0.5167, 0.5333, 0.55, 0.5667, 0.5833, 0.6],
            "transform": [
                [1.0, 0.0, -0.0, 0.0, -1e-06, 0.0, -1.0, 0.37472, -0.0, 1.0, 0.0, 0.0, 0.0, 0.0, 0.0, 1.0],
                [1.0, 0.0, -0.0, -0.0, -0.0, 0.0, -1.0, 0.37472, -0.0, 1.0, 0.0, 0.0, 0.0, 0.0, 0.0, 1.0],
                [1.0, 0.0, -1e-06, 0.0, -0.0, 0.0, -1.0, 0.37472, -0.0, 1.0, 0.0, -0.0, 0.0, 0.0, 0.0, 1.0],
                [1.0, 0.0, -0.0, 0.0, -0.0, 0.0, -1.0, 0.37472, -0.0, 1.0, 0.0, -0.0, 0.0, 0.0, 0.0, 1.0],
                [1.0, 0.0, -0.0, -0.0, -0.0, 0.0, -1.0, 0.37472, -0.0, 1.0, 0.0, -0.0, 0.0, 0.0, 0.0, 1.0],
                [1.0, 0.0, -0.0, -0.0, -0.0, 0.0, -1.0, 0.37472, -0.0, 1.0, 0.0, -0.0, 0.0, 0.0, 0.0, 1.0],
                [1.0, 0.0, -0.0, 0.0, -0.0, 0.0, -1.0, 0.37472, -0.0, 1.0, 0.0, 0.0, 0.0, 0.0, 0.0, 1.0],
                [1.0, 0.0, -0.0, 0.0, -0.0, 0.0, -1.0, 0.37472, -0.0, 1.0, 0.0, 0.0, 0.0, 0.0, 0.0, 1.0],
                [1.0, 0.0, -0.0, 0.0, -0.0, 0.0, -1.0, 0.37472, -0.0, 1.0, 0.0, 0.0, 0.0, 0.0, 0.0, 1.0],
                [1.0, 0.0, -0.0, 0.0, -0.0, 0.0, -1.0, 0.37472, -0.0, 1.0, 0.0, 0.0, 0.0, 0.0, 0.0, 1.0],
                [1.0, 0.0, -0.0, -0.0, -0.0, 0.0, -1.0, 0.37472, -0.0, 1.0, 0.0, 0.0, 0.0, 0.0, 0.0, 1.0],
                [1.0, 0.0, -0.0, 0.0, -0.0, 0.0, -1.0, 0.37472, -0.0, 1.0, 0.0, -0.0, 0.0, 0.0, 0.0, 1.0],
                [1.0, 0.0, -0.0, 0.0, -0.0, 0.0, -1.0, 0.37472, -0.0, 1.0, 0.0, -0.0, 0.0, 0.0, 0.0, 1.0],
                [1.0, 0.0, -0.0, -0.0, -0.0, 0.0, -1.0, 0.37472, -0.0, 1.0, 0.0, 0.0, 0.0, 0.0, 0.0, 1.0],
                [1.0, 0.0, -0.0, 0.0, -0.0, 0.0, -1.0, 0.37472, -0.0, 1.0, 0.0, -0.0, 0.0, 0.0, 0.0, 1.0],
                [1.0, 0.0, -0.0, -0.0, -0.0, 0.0, -1.0, 0.37472, -0.0, 1.0, 0.0, 0.0, 0.0, 0.0, 0.0, 1.0],
                [1.0, 0.0, -0.0, 0.0, -0.0, 0.0, -1.0, 0.37472, -0.0, 1.0, 0.0, -0.0, 0.0, 0.0, 0.0, 1.0],
                [1.0, 0.0, -0.0, 0.0, -0.0, 0.0, -1.0, 0.37472, -0.0, 1.0, 0.0, -0.0, 0.0, 0.0, 0.0, 1.0],
                [1.0, 0.0, -0.0, 0.0, -0.0, 0.0, -1.0, 0.37472, -0.0, 1.0, 0.0, -0.0, 0.0, 0.0, 0.0, 1.0],
                [1.0, 0.0, -0.0, 0.0, -0.0, 0.0, -1.0, 0.37472, -0.0, 1.0, 0.0, -0.0, 0.0, 0.0, 0.0, 1.0],
                [1.0, 0.0, -0.0, 0.0, -0.0, 0.0, -1.0, 0.37472, -0.0, 1.0, 0.0, 0.0, 0.0, 0.0, 0.0, 1.0],
                [1.0, 0.0, -0.0, 0.0, -0.0, 0.0, -1.0, 0.37472, -0.0, 1.0, 0.0, -0.0, 0.0, 0.0, 0.0, 1.0],
                [1.0, 0.0, -0.0, 0.0, -0.0, 0.0, -1.0, 0.37472, -0.0, 1.0, 0.0, 0.0, 0.0, 0.0, 0.0, 1.0],
                [1.0, 0.0, -0.0, 0.0, -0.0, 0.0, -1.0, 0.37472, -0.0, 1.0, 0.0, 0.0, 0.0, 0.0, 0.0, 1.0],
                [1.0, 0.0, -0.0, 0.0, -0.0, 0.0, -1.0, 0.37472, -0.0, 1.0, 0.0, 0.0, 0.0, 0.0, 0.0, 1.0],
                [1.0, 0.0, -0.0, 0.0, -0.0, 0.0, -1.0, 0.37472, -0.0, 1.0, 0.0, 0.0, 0.0, 0.0, 0.0, 1.0],
                [1.0, 0.0, -0.0, 0.0, -0.0, 0.0, -1.0, 0.37472, -0.0, 1.0, 0.0, -0.0, 0.0, 0.0, 0.0, 1.0],
                [1.0, 0.0, -0.0, 0.0, -0.0, 0.0, -1.0, 0.37472, -0.0, 1.0, 0.0, 0.0, 0.0, 0.0, 0.0, 1.0],
                [1.0, 0.0, -0.0, 0.0, -0.0, 0.0, -1.0, 0.37472, -0.0, 1.0, 0.0, 0.0, 0.0, 0.0, 0.0, 1.0],
                [1.0, 0.0, -0.0, 0.0, -0.0, 0.0, -1.0, 0.37472, -0.0, 1.0, 0.0, 0.0, 0.0, 0.0, 0.0, 1.0],
                [1.0, 0.0, -0.0, -0.0, -0.0, 0.0, -1.0, 0.37472, -0.0, 1.0, 0.0, -0.0, 0.0, 0.0, 0.0, 1.0],
                [1.0, 0.0, -0.0, 0.0, -0.0, 0.0, -1.0, 0.37472, -0.0, 1.0, 0.0, 0.0, 0.0, 0.0, 0.0, 1.0],
                [1.0, 0.0, -0.0, -0.0, -1e-06, 0.0, -1.0, 0.37472, -0.0, 1.0, 0.0, -0.0, 0.0, 0.0, 0.0, 1.0],
                [1.0, 0.0, -0.0, -0.0, -0.0, 0.0, -1.0, 0.37472, -0.0, 1.0, 0.0, -0.0, 0.0, 0.0, 0.0, 1.0],
                [1.0, 0.0, -0.0, -0.0, -0.0, 0.0, -1.0, 0.37472, -0.0, 1.0, 0.0, 0.0, 0.0, 0.0, 0.0, 1.0],
                [1.0, 0.0, -0.0, 0.0, -0.0, 0.0, -1.0, 0.37472, -0.0, 1.0, 0.0, 0.0, 0.0, 0.0, 0.0, 1.0],
                [1.0, 0.0, -0.0, 0.0, -1e-06, 0.0, -1.0, 0.37472, -0.0, 1.0, 0.0, 0.0, 0.0, 0.0, 0.0, 1.0]
            ]
        },
        {
            "name": "Thigh_L",
            "time": [0.0, 0.0167, 0.0333, 0.05, 0.0667, 0.0833, 0.1, 0.1167, 0.1333, 0.15, 0.1667, 0.1833, 0.2, 0.2167, 0.2333, 0.25, 0.2667, 0.2833, 0.3, 0.3167, 0.3333, 0.35, 0.3667, 0.3833, 0.4, 0.4167, 0.4333, 0.45, 0.4667, 0.4833, 0.5, 0.5167, 0.5333, 0.55, 0.5667, 0.5833, 0.6],
            "transform": [
                [0.966185, 0.063874, -0.249815, -0.125006, -0.106285, -0.784045, -0.611537, -0.002831, -0.234927, 0.617409, -0.750743, -1.2e-05, 0.0, 0.0, 0.0, 1.0],
                [0.967387, 0.054281, -0.247419, -0.125006, -0.090013, -0.839348, -0.53609, -0.002831, -0.23677, 0.540878, -0.807088, -1.2e-05, 0.0, 0.0, 0.0, 1.0],
                [0.968752, 0.044632, -0.243984, -0.125006, -0.073037, -0.888731, -0.452572, -0.002831, -0.237036, 0.45625, -0.8577, -1.2e-05, 0.0, 0.0, 0.0, 1.0],
                [0.970273, 0.035086, -0.239457, -0.125006, -0.055571, -0.930697, -0.361543, -0.002831, -0.235547, 0.364103, -0.901081, -1.2e-05, 0.0, 0.0, 0.0, 1.0],
                [0.971938, 0.025823, -0.233815, -0.125006, -0.03788, -0.963804, -0.263908, -0.002831, -0.232166, 0.265359, -0.93578, -1.2e-05, 0.0, 0.0, 0.0, 1.0],
                [0.973729, 0.017033, -0.227072, -0.125006, -0.020264, -0.98676, -0.160913, -0.002831, -0.226806, 0.161287, -0.960492, -1.2e-05, 0.0, 0.0, 0.0, 1.0],
                [0.97562, 0.008904, -0.219285, -0.125006, -0.003051, -0.99853, -0.054119, -0.002831, -0.219444, 0.053468, -0.974159, -1.2e-05, 0.0, 0.0, 0.0, 1.0],
                [0.977581, 0.001615, -0.210553, -0.125006, 0.013423, -0.998414, 0.054665, -0.002831, -0.210131, -0.056266, -0.976053, -1.2e-05, 0.0, 0.0, 0.0, 1.0],
                [0.979577, -0.004678, -0.201014, -0.125006, 0.028837, -0.986126, 0.163475, -0.002831, -0.19899, -0.165933, -0.965852, -1.2e-05, 0.0, 0.0, 0.0, 1.0],
                [0.981572, -0.009854, -0.19084, -0.125006, 0.042898, -0.961818, 0.270306, -0.002831, -0.186217, -0.273511, -0.943671, -1.2e-05, 0.0, 0.0, 0.0, 1.0],
                [0.983528, -0.013831, -0.180224, -0.125006, 0.055369, -0.926083, 0.373234, -0.002831, -0.172065, -0.377066, -0.910063, -1.2e-05, 0.0, 0.0, 0.0, 1.0],
                [0.98783, -0.020701, -0.154156, -0.125006, 0.060471, -0.862022, 0.503251, -0.002831, -0.143304, -0.506448, -0.850279, -1.2e-05, 0.0, 0.0, 0.0, 1.0],
                [0.991749, -0.023359, -0.126053, -0.125006, 0.059657, -0.786223, 0.615056, -0.002831, -0.113472, -0.617501, -0.778342, -1.2e-05, 0.0, 0.0, 0.0, 1.0],
                [0.994951, -0.022191, -0.097882, -0.125006, 0.053815, -0.705246, 0.706917, -0.002831, -0.084718, -0.708615, -0.700491, -1.2e-05, 0.0, 0.0, 0.0, 1.0],
                [0.99729, -0.018117, -0.071304, -0.125006, 0.044338, -0.625416, 0.77903, -0.002831, -0.058708, -0.780081, -0.622918, -1.2e-05, 0.0, 0.0, 0.0, 1.0],
                [0.99879, -0.012372, -0.047594, -0.125006, 0.032855, -0.552244, 0.833035, -0.002831, -0.03659, -0.833591, -0.55117, -1.2e-05, 0.0, 0.0, 0.0, 1.0],
                [0.999597, -0.006315, -0.027668, -0.125006, 0.021022, -0.49019, 0.871362, -0.002831, -0.019065, -0.871593, -0.48986, -1.2e-05, 0.0, 0.0, 0.0, 1.0],
                [0.999925, -0.001282, -0.012197, -0.125006, 0.010369, -0.442727, 0.896596, -0.002831, -0.006549, -0.896656, -0.44268, -1.2e-05, 0.0, 0.0, 0.0, 1.0],
                [0.999997, 0.001509, -0.001763, -0.125006, 0.002229, -0.412588, 0.910915, -0.002831, 0.000647, -0.910916, -0.41259, -1.2e-05, 0.0, 0.0, 0.0, 1.0],
                [0.999995, 0.001018, 0.002959, -0.125006, -0.0023, -0.402069, 0.915606, -0.002831, 0.002122, -0.915609, -0.402064, -1.2e-05, 0.0, 0.0, 0.0, 1.0],
                [0.999994, -0.002768, 0.002278, -0.125006, -0.003223, -0.416434, 0.90916, -0.002831, -0.001568, -0.909162, -0.41644, -1.2e-05, 0.0, 0.0, 0.0, 1.0],
                [0.999956, -0.008989, -0.002832, -0.125006, -0.001592, -0.457219, 0.889353, -0.002831, -0.009289, -0.889309, -0.457213, -1.2e-05, 0.0, 0.0, 0.0, 1.0],
                [0.999779, -0.016981, -0.012433, -0.125006, 0.001774, -0.520673, 0.853754, -0.002831, -0.020971, -0.853587, -0.520528, -1.2e-05, 0.0, 0.0, 0.0, 1.0],
                [0.999311, -0.025761, -0.026708, -0.125006, 0.00582, -0.602028, 0.798453, -0.002831, -0.036648, -0.798059, -0.601464, -1.2e-05, 0.0, 0.0, 0.0, 1.0],
                [0.998375, -0.034018, -0.04572, -0.125006, 0.009266, -0.694698, 0.719241, -0.002831, -0.056229, -0.718497, -0.693254, -1.2e-05, 0.0, 0.0, 0.0, 1.0],
                [0.996797, -0.040189, -0.069139, -0.125006, 0.010685, -0.789868, 0.613184, -0.002831, -0.079254, -0.611959, -0.786908, -1.2e-05, 0.0, 0.0, 0.0, 1.0],
                [0.994464, -0.042698, -0.096014, -0.125006, 0.008733, -0.876979, 0.480449, -0.002831, -0.104716, -0.478627, -0.871751, -1.2e-05, 0.0, 0.0, 0.0, 1.0],
                [0.991373, -0.040345, -0.12471, -0.125006, 0.002496, -0.945466, 0.325711, -0.002831, -0.13105, -0.323212, -0.937208, -1.2e-05, 0.0, 0.0, 0.0, 1.0],
                [0.987665, -0.03272, -0.153127, -0.125006, -0.008182, -0.987372, 0.158205, -0.002831, -0.15637, -0.155001, -0.975461, -1.2e-05, 0.0, 0.0, 0.0, 1.0],
                [0.983606, -0.020408, -0.179174, -0.125006, -0.022576, -0.999694, -0.010067, -0.002831, -0.178914, 0.013947, -0.983766, -1.2e-05, 0.0, 0.0, 0.0, 1.0],
                [0.97952, -0.004849, -0.201288, -0.125006, -0.039258, -0.985123, -0.167304, -0.002831, -0.197482, 0.17178, -0.965138, -1.2e-05, 0.0, 0.0, 0.0, 1.0],
                [0.975712, 0.012077, -0.218726, -0.125006, -0.056504, -0.950816, -0.304557, -0.002831, -0.211646, 0.309519, -0.92704, -1.2e-05, 0.0, 0.0, 0.0, 1.0],
                [0.972408, 0.02851, -0.231539, -0.125006, -0.072698, -0.906051, -0.416878, -0.002831, -0.221671, 0.422208, -0.878978, -1.2e-05, 0.0, 0.0, 0.0, 1.0],
                [0.969747, 0.042908, -0.240312, -0.125006, -0.086559, -0.860025, -0.502856, -0.002831, -0.228251, 0.508444, -0.830293, -1.2e-05, 0.0, 0.0, 0.0, 1.0],
                [0.967799, 0.054126, -0.245838, -0.125006, -0.097179, -0.820565, -0.563231, -0.002831, -0.232211, 0.568985, -0.788882, -1.2e-05, 0.0, 0.0, 0.0, 1.0],
                [0.966598, 0.061334, -0.248849, -0.125006, -0.103924, -0.793746, -0.599306, -0.002831, -0.234281, 0.605149, -0.760859, -1.2e-05, 0.0, 0.0, 0.0, 1.0],
                [0.966185, 0.063874, -0.249815, -0.125006, -0.106285, -0.784045, -0.611537, -0.002831, -0.234927, 0.617409, -0.750743, -1.2e-05, 0.0, 0.0, 0.0, 1.0]
            ]
        },
        {
            "name": "Leg_L",
            "time": [0.0, 0.0167, 0.0333, 0.05, 0.0667, 0.0833, 0.1, 0.1167, 0.1333, 0.15, 0.1667, 0.1833, 0.2, 0.2167, 0.2333, 0.25, 0.2667, 0.2833, 0.3, 0.3167, 0.3333, 0.35, 0.3667, 0.3833, 0.4, 0.4167, 0.4333, 0.45, 0.4667, 0.4833, 0.5, 0.5167, 0.5333, 0.55, 0.5667, 0.5833, 0.6],
            "transform": [
                [0.980526, -0.141369, -0.136318, 0.0, 0.181478, 0.386959, 0.904062, 0.37472, -0.075057, -0.911196, 0.405079, -0.0, 0.0, 0.0, 0.0, 1.0],
                [0.990396, -0.110035, -0.083717, 0.0, 0.112334, 0.287394, 0.951202, 0.37472, -0.080606, -0.951471, 0.296995, 0.0, 0.0, 0.0, 0.0, 1.0],
                [0.996086, -0.084266, -0.026694, -0.0, 0.041623, 0.180737, 0.98265, 0.37472, -0.077979, -0.979915, 0.183537, 0.0, 0.0, 0.0, 0.0, 1.0],
                [0.997335, -0.064891, 0.033357, 0.0, -0.028821, 0.069627, 0.997157, 0.37472, -0.067029, -0.99546, 0.067571, 0.0, 0.0, 0.0, 0.0, 1.0],
                [0.99411, -0.052421, 0.094856, 0.0, -0.097146, -0.043017, 0.99434, 0.37472, -0.048044, -0.997698, -0.047856, -0.0, 0.0, 0.0, 0.0, 1.0],
                [0.98661, -0.046998, 0.156179, 0.0, -0.161644, -0.154243, 0.97472, 0.37472, -0.02172, -0.986915, -0.159775, 0.0, 0.0, 0.0, 0.0, 1.0],
                [0.987303, -0.044015, 0.152631, -0.0, -0.15747, -0.144787, 0.976852, 0.37472, -0.020897, -0.988483, -0.14988, 0.0, 0.0, 0.0, 0.0, 1.0],
                [0.989129, -0.035963, 0.142586, -0.0, -0.145875, -0.11756, 0.982293, 0.37472, -0.018564, -0.992415, -0.121529, -0.0, 0.0, 0.0, 0.0, 1.0],
                [0.99163, -0.024375, 0.126787, -0.0, -0.128268, -0.074136, 0.988965, 0.37472, -0.014706, -0.99695, -0.076642, -0.0, 0.0, 0.0, 0.0, 1.0],
                [0.994313, -0.010946, 0.105929, 0.0, -0.106097, -0.016127, 0.994225, 0.37472, -0.009174, -0.99981, -0.017197, -0.0, 0.0, 0.0, 0.0, 1.0],
                [0.996723, 0.002569, 0.080846, -0.0, -0.080866, 0.054564, 0.99523, 0.37472, -0.001855, -0.998507, 0.054593, -0.0, 0.0, 0.0, 0.0, 1.0],
                [0.998509, 0.014476, 0.052636, 0.0, -0.054116, 0.135579, 0.989288, 0.37472, 0.007185, -0.990661, 0.13616, 0.0, 0.0, 0.0, 0.0, 1.0],
                [0.999471, 0.023286, 0.022721, -0.0, -0.027367, 0.224067, 0.974189, 0.37472, 0.017594, -0.974295, 0.224585, -0.0, 0.0, 0.0, 0.0, 1.0],
                [0.999587, 0.027843, -0.00717, 0.0, -0.002021, 0.316799, 0.94849, 0.37472, 0.028681, -0.948084, 0.316725, 0.0, 0.0, 0.0, 0.0, 1.0],
                [0.999008, 0.027442, -0.035085, -0.0, 0.020744, 0.410402, 0.911669, 0.37472, 0.039417, -0.911492, 0.409425, -0.0, 0.0, 0.0, 0.0, 1.0],
                [0.99802, 0.021868, -0.058967, -0.0, 0.040065, 0.50165, 0.864142, 0.37472, 0.048477, -0.864794, 0.499781, 0.0, 0.0, 0.0, 0.0, 1.0],
                [0.996983, 0.011386, -0.076775, 0.0, 0.055442, 0.587756, 0.807136, 0.37472, 0.054315, -0.808958, 0.585352, 0.0, 0.0, 0.0, 0.0, 1.0],
                [0.996241, -0.003335, -0.086564, -0.0, 0.066743, 0.666571, 0.742448, 0.37472, 0.055225, -0.745434, 0.664288, 0.0, 0.0, 0.0, 0.0, 1.0],
                [0.995816, -0.020379, -0.089081, -0.0, 0.075201, 0.736588, 0.672148, 0.37472, 0.051918, -0.676035, 0.735039, -0.0, 0.0, 0.0, 0.0, 1.0],
                [0.995495, -0.037759, -0.086973, -0.0, 0.082543, 0.796493, 0.598988, 0.37472, 0.046656, -0.603468, 0.796021, -0.0, 0.0, 0.0, 0.0, 1.0],
                [0.995184, -0.054633, -0.08139, -0.0, 0.089471, 0.845475, 0.526467, 0.37472, 0.040051, -0.531214, 0.846291, 0.0, 0.0, 0.0, 0.0, 1.0],
                [0.994795, -0.07041, -0.07366, 0.0, 0.096477, 0.883455, 0.458475, 0.37472, 0.032794, -0.463195, 0.885649, 0.0, 0.0, 0.0, 0.0, 1.0],
                [0.994262, -0.08477, -0.065246, 0.0, 0.10386, 0.911033, 0.39904, 0.37472, 0.025615, -0.403527, 0.914609, 0.0, 0.0, 0.0, 0.0, 1.0],
                [0.993549, -0.097628, -0.057696, 0.0, 0.111758, 0.929264, 0.352105, 0.37472, 0.019239, -0.356281, 0.934181, -0.0, 0.0, 0.0, 0.0, 1.0],
                [0.992645, -0.109044, -0.052593, 0.0, 0.12021, 0.939291, 0.321375, 0.37472, 0.014356, -0.325334, 0.94549, -0.0, 0.0, 0.0, 0.0, 1.0],
                [0.991547, -0.119079, -0.051528, 0.0, 0.129231, 0.941839, 0.310224, 0.37472, 0.011589, -0.314261, 0.949266, 0.0, 0.0, 0.0, 0.0, 1.0],
                [0.990272, -0.128056, -0.054429, 0.0, 0.138858, 0.934509, 0.327738, 0.37472, 0.008896, -0.332108, 0.9432, 0.0, 0.0, 0.0, 0.0, 1.0],
                [0.98886, -0.13617, -0.060118, -0.0, 0.148802, 0.914584, 0.376025, 0.37472, 0.00378, -0.380781, 0.924657, -0.0, 0.0, 0.0, 0.0, 1.0],
                [0.987357, -0.143015, -0.068362, -0.0, 0.158469, 0.880332, 0.447104, 0.37472, -0.003762, -0.452285, 0.891866, 0.0, 0.0, 0.0, 0.0, 1.0],
                [0.985839, -0.148097, -0.078666, -0.0, 0.167149, 0.830055, 0.532044, 0.37472, -0.013496, -0.537659, 0.843055, -0.0, 0.0, 0.0, 0.0, 1.0],
                [0.984402, -0.15102, -0.090257, -0.0, 0.174169, 0.763994, 0.621272, 0.37472, -0.024869, -0.627301, 0.77838, 0.0, 0.0, 0.0, 0.0, 1.0],
                [0.983137, -0.151682, -0.102148, 0.0, 0.179086, 0.685528, 0.705677, 0.37472, -0.037013, -0.71207, 0.701132, 0.0, 0.0, 0.0, 0.0, 1.0],
                [0.982115, -0.150374, -0.113308, 0.0, 0.18183, 0.601259, 0.778091, 0.37472, -0.048878, -0.784777, 0.617848, 0.0, 0.0, 0.0, 0.0, 1.0],
                [0.981364, -0.147765, -0.122844, -0.0, 0.182744, 0.520008, 0.834384, 0.37472, -0.059413, -0.841283, 0.53732, -0.0, 0.0, 0.0, 0.0, 1.0],
                [0.980874, -0.144764, -0.130113, 0.0, 0.18248, 0.451326, 0.873502, 0.37472, -0.067728, -0.880539, 0.46911, 0.0, 0.0, 0.0, 0.0, 1.0],
                [0.980609, -0.14234, -0.134708, -0.0, 0.18182, 0.404279, 0.896382, 0.37472, -0.073131, -0.903492, 0.42232, -0.0, 0.0, 0.0, 0.0, 1.0],
                [0.980526, -0.141369, -0.136318, 0.0, 0.181478, 0.386959, 0.904062, 0.37472, -0.075057, -0.911196, 0.405079, -0.0, 0.0, 0.0, 0.0, 1.0]
            ]
        },
        {
            "name": "Knee_L",
            "time": [0.0, 0.0167, 0.0333, 0.05, 0.0667, 0.0833, 0.1, 0.1167, 0.1333, 0.15, 0.1667, 0.1833, 0.2, 0.2167, 0.2333, 0.25, 0.2667, 0.2833, 0.3, 0.3167, 0.3333, 0.35, 0.3667, 0.3833, 0.4, 0.4167, 0.4333, 0.45, 0.4667, 0.4833, 0.5, 0.5167, 0.5333, 0.55, 0.5667, 0.5833, 0.6],
            "transform": [
                [1.0, 0.0, -0.0, 0.0, -0.0, 0.0, -1.0, 0.37472, -0.0, 1.0, 0.0, -0.0, 0.0, 0.0, 0.0, 1.0],
                [1.0, 0.0, -0.0, 0.0, -0.0, 0.0, -1.0, 0.37472, -0.0, 1.0, 0.0, 0.0, 0.0, 0.0, 0.0, 1.0],
                [1.0, 0.0, -0.0, -0.0, -0.0, 0.0, -1.0, 0.37472, -0.0, 1.0, 0.0, 0.0, 0.0, 0.0, 0.0, 1.0],
                [1.0, 0.0, -0.0, 0.0, -0.0, 0.0, -1.0, 0.37472, -0.0, 1.0, 0.0, 0.0, 0.0, 0.0, 0.0, 1.0],
                [1.0, 0.0, -0.0, 0.0, -0.0, 0.0, -1.0, 0.37472, -0.0, 1.0, 0.0, -0.0, 0.0, 0.0, 0.0, 1.0],
                [1.0, 0.0, -0.0, 0.0, -0.0, 0.0, -1.0, 0.37472, -0.0, 1.0, 0.0, 0.0, 0.0, 0.0, 0.0, 1.0],
                [1.0, 0.0, -0.0, -0.0, -0.0, 0.0, -1.0, 0.37472, -0.0, 1.0, 0.0, 0.0, 0.0, 0.0, 0.0, 1.0],
                [1.0, 0.0, -0.0, -0.0, -0.0, 0.0, -1.0, 0.37472, -0.0, 1.0, 0.0, -0.0, 0.0, 0.0, 0.0, 1.0],
                [1.0, 0.0, -0.0, -0.0, -0.0, 0.0, -1.0, 0.37472, -0.0, 1.0, 0.0, -0.0, 0.0, 0.0, 0.0, 1.0],
                [1.0, 0.0, -0.0, 0.0, -0.0, 0.0, -1.0, 0.37472, -0.0, 1.0, 0.0, -0.0, 0.0, 0.0, 0.0, 1.0],
                [1.0, 0.0, -0.0, -0.0, -0.0, 0.0, -1.0, 0.37472, -0.0, 1.0, 0.0, -0.0, 0.0, 0.0, 0.0, 1.0],
                [1.0, 0.0, -0.0, 0.0, -0.0, 0.0, -1.0, 0.37472, -0.0, 1.0, 0.0, 0.0, 0.0, 0.0, 0.0, 1.0],
                [1.0, 0.0, -0.0, -0.0, -0.0, 0.0, -1.0, 0.37472, -0.0, 1.0, 0.0, -0.0, 0.0, 0.0, 0.0, 1.0],
                [1.0, 0.0, -0.0, 0.0, -0.0, 0.0, -1.0, 0.37472, -0.0, 1.0, 0.0, 0.0, 0.0, 0.0, 0.0, 1.0],
                [1.0, 0.0, -0.0, -0.0, -0.0, 0.0, -1.0, 0.37472, -0.0, 1.0, 0.0, -0.0, 0.0, 0.0, 0.0, 1.0],
                [1.0, 0.0, -0.0, -0.0, -0.0, 0.0, -1.0, 0.37472, -0.0, 1.0, 0.0, 0.0, 0.0, 0.0, 0.0, 1.0],
                [1.0, 0.0, -0.0, 0.0, -0.0, 0.0, -1.0, 0.37472, -0.0, 1.0, 0.0, 0.0, 0.0, 0.0, 0.0, 1.0],
                [1.0, 0.0, -0.0, -0.0, -0.0, 0.0, -1.0, 0.37472, -0.0, 1.0, 0.0, 0.0, 0.0, 0.0, 0.0, 1.0],
                [1.0, 0.0, -0.0, -0.0, -0.0, 0.0, -1.0, 0.37472, -0.0, 1.0, 0.0, -0.0, 0.0, 0.0, 0.0, 1.0],
                [1.0, 0.0, -0.0, -0.0, -0.0, 0.0, -1.0, 0.37472, -0.0, 1.0, 0.0, -0.0, 0.0, 0.0, 0.0, 1.0],
                [1.0, 0.0, -0.0, -0.0, -0.0, 0.0, -1.0, 0.37472, -0.0, 1.0, 0.0, 0.0, 0.0, 0.0, 0.0, 1.0],
                [1.0, 0.0, -0.0, 0.0, -0.0, 0.0, -1.0, 0.37472, -0.0, 1.0, 0.0, 0.0, 0.0, 0.0, 0.0, 1.0],
                [1.0, 0.0, -0.0, 0.0, -0.0, 0.0, -1.0, 0.37472, -0.0, 1.0, 0.0, 0.0, 0.0, 0.0, 0.0, 1.0],
                [1.0, 0.0, -0.0, 0.0, -0.0, 0.0, -1.0, 0.37472, -0.0, 1.0, 0.0, -0.0, 0.0, 0.0, 0.0, 1.0],
                [1.0, 0.0, -0.0, 0.0, -0.0, 0.0, -1.0, 0.37472, -0.0, 1.0, 0.0, -0.0, 0.0, 0.0, 0.0, 1.0],
                [1.0, 0.0, -0.0, 0.0, -0.0, 0.0, -1.0, 0.37472, -0.0, 1.0, 0.0, 0.0, 0.0, 0.0, 0.0, 1.0],
                [1.0, 0.0, -0.0, 0.0, -0.0, 0.0, -1.0, 0.37472, -0.0, 1.0, 0.0, 0.0, 0.0, 0.0, 0.0, 1.0],
                [1.0, 0.0, -0.0, -0.0, -0.0, 0.0, -1.0, 0.37472, -0.0, 1.0, 0.0, -0.0, 0.0, 0.0, 0.0, 1.0],
                [1.0, 0.0, -0.0, -0.0, -0.0, 0.0, -1.0, 0.37472, -0.0, 1.0, 0.0, 0.0, 0.0, 0.0, 0.0, 1.0],
                [1.0, 0.0, -0.0, -0.0, -0.0, 0.0, -1.0, 0.37472, -0.0, 1.0, 0.0, -0.0, 0.0, 0.0, 0.0, 1.0],
                [1.0, 0.0, -0.0, -0.0, -0.0, 0.0, -1.0, 0.37472, -0.0, 1.0, 0.0, 0.0, 0.0, 0.0, 0.0, 1.0],
                [1.0, 0.0, -0.0, 0.0, -0.0, 0.0, -1.0, 0.37472, -0.0, 1.0, 0.0, 0.0, 0.0, 0.0, 0.0, 1.0],
                [1.0, 0.0, -0.0, 0.0, -0.0, 0.0, -1.0, 0.37472, -0.0, 1.0, 0.0, 0.0, 0.0, 0.0, 0.0, 1.0],
                [1.0, 0.0, -1e-06, -0.0, -0.0, 0.0, -1.0, 0.37472, -0.0, 1.0, 0.0, -0.0, 0.0, 0.0, 0.0, 1.0],
                [1.0, 0.0, -0.0, 0.0, -0.0, 0.0, -1.0, 0.37472, -0.0, 1.0, 0.0, 0.0, 0.0, 0.0, 0.0, 1.0],
                [1.0, 0.0, -0.0, -0.0, -0.0, 0.0, -1.0, 0.37472, -0.0, 1.0, 0.0, -0.0, 0.0, 0.0, 0.0, 1.0],
                [1.0, 0.0, -0.0, 0.0, -0.0, 0.0, -1.0, 0.37472, -0.0, 1.0, 0.0, -0.0, 0.0, 0.0, 0.0, 1.0]
            ]
        },
        {
            "name": "Torso",
            "time": [0.0, 0.0167, 0.0333, 0.05, 0.0667, 0.0833, 0.1, 0.1167, 0.1333, 0.15, 0.1667, 0.1833, 0.2, 0.2167, 0.2333, 0.25, 0.2667, 0.2833, 0.3, 0.3167, 0.3333, 0.35, 0.3667, 0.3833, 0.4, 0.4167, 0.4333, 0.45, 0.4667, 0.4833, 0.5, 0.5167, 0.5333, 0.55, 0.5667, 0.5833, 0.6],
            "transform": [
                [0.996195, -0.0, -0.087156, -0.0, 0.036834, 0.906308, 0.42101, 0.05, 0.07899, -0.422618, 0.902859, 0.0, 0.0, 0.0, 0.0, 1.0],
                [0.998003, 0.000153, -0.063166, -0.0, 0.026834, 0.904247, 0.426165, 0.05, 0.057183, -0.427009, 0.902437, 0.0, 0.0, 0.0, 0.0, 1.0],
                [0.999236, 0.00019, -0.039081, -0.0, 0.016689, 0.902159, 0.43108, 0.05, 0.035339, -0.431403, 0.901467, 0.0, 0.0, 0.0, 0.0, 1.0],
                [0.999889, 0.000109, -0.014922, -0.0, 0.006405, 0.900046, 0.435748, 0.05, 0.013478, -0.435795, 0.899945, 0.0, 0.0, 0.0, 0.0, 1.0],
                [0.999957, -9e-05, 0.00929, -0.0, -0.004008, 0.897908, 0.440164, 0.05, -0.008382, -0.440182, 0.897869, 0.0, 0.0, 0.0, 0.0, 1.0],
                [0.999438, -0.000408, 0.033533, -0.0, -0.014542, 0.895749, 0.444322, 0.05, -0.030218, -0.44456, 0.895239, -0.0, 0.0, 0.0, 0.0, 1.0],
