{
    "armature": {
        "joints": ["Root", "Thigh_R", "Leg_R", "Knee_R", "Thigh_L", "Leg_L", "Knee_L", "Torso", "Chest", "Head", "Shoulder_R", "Arm_R", "Hand_R", "Tool_R", "Elbow_R", "Shoulder_L", "Arm_L", "Hand_L", "Tool_L", "Elbow_L"],
        "hierarchy": [
            {
                "name": "Root",
                "transform": [1.0, 0.0, 0.0, -5e-06, 0.0, 0.0, -1.0, 0.000946, 0.0, 1.0, 0.0, 0.763972, 0.0, 0.0, 0.0, 1.0],
                "children": [
                    {
                        "name": "Thigh_R",
                        "transform": [1.0, -0.0, -0.0, 0.124994, -0.0, -1.0, 0.0, -0.002831, -0.0, -0.0, -1.0, -1.2e-05, 0.0, 0.0, 0.0, 1.0],
                        "children": [
                            {
                                "name": "Leg_R",
                                "transform": [1.0, 0.0, 1e-06, 0.0, -0.0, 1.0, 0.0, 0.37472, -1e-06, -0.0, 1.0, -0.0, 0.0, 0.0, 0.0, 1.0],
                                "children": []
                            },
                            {
                                "name": "Knee_R",
                                "transform": [1.0, 0.0, -0.0, 0.0, -0.0, 0.0, -1.0, 0.37472, -0.0, 1.0, 0.0, -0.0, 0.0, 0.0, 0.0, 1.0],
                                "children": []
                            }
                        ]
                    },
                    {
                        "name": "Thigh_L",
                        "transform": [1.0, -0.0, -0.0, -0.125006, -0.0, -1.0, 0.0, -0.002831, -0.0, -0.0, -1.0, -1.2e-05, 0.0, 0.0, 0.0, 1.0],
                        "children": [
                            {
                                "name": "Leg_L",
                                "transform": [1.0, 0.0, 1e-06, -0.0, -0.0, 1.0, 0.0, 0.37472, -1e-06, -0.0, 1.0, 0.0, 0.0, 0.0, 0.0, 1.0],
                                "children": []
                            },
                            {
                                "name": "Knee_L",
                                "transform": [1.0, 0.0, -0.0, -0.0, -0.0, 0.0, -1.0, 0.37472, -0.0, 1.0, 0.0, 0.0, 0.0, 0.0, 0.0, 1.0],
                                "children": []
                            }
                        ]
                    },
                    {
                        "name": "Torso",
                        "transform": [1.0, 0.0, 0.0, 0.0, 0.0, 1.0, 0.0, 0.05, 0.0, 0.0, 1.0, 0.0, 0.0, 0.0, 0.0, 1.0],
                        "children": [
                            {
                                "name": "Chest",
                                "transform": [1.0, 0.0, 0.0, 0.0, 0.0, 1.0, 0.0, 0.3, 0.0, 0.0, 1.0, 0.0, 0.0, 0.0, 0.0, 1.0],
                                "children": [
                                    {
                                        "name": "Head",
                                        "transform": [1.0, 0.0, 0.0, 0.0, 0.0, 1.0, 0.0, 0.4, 0.0, 0.0, 1.0, 0.0, 0.0, 0.0, 0.0, 1.0],
                                        "children": []
                                    },
                                    {
                                        "name": "Shoulder_R",
                                        "transform": [0.0, 0.952114, 0.305743, 0.0, 0.0, -0.305743, 0.952114, 0.4, 1.0, 0.0, -0.0, 0.0, 0.0, 0.0, 0.0, 1.0],
                                        "children": [
                                            {
                                                "name": "Arm_R",
                                                "transform": [0.0, -0.0, -1.0, -0.0, 0.952114, 0.305743, 0.0, 0.39386, 0.305743, -0.952114, 0.0, 0.0, 0.0, 0.0, 0.0, 1.0],
                                                "children": [
                                                    {
                                                        "name": "Hand_R",
                                                        "transform": [1.0, 0.0, 0.0, 0.0, -0.0, 0.993938, 0.109947, 0.3, -0.0, -0.109947, 0.993937, 0.0, 0.0, 0.0, 0.0, 1.0],
                                                        "children": [
                                                            {
                                                                "name": "Tool_R",
                                                                "transform": [1.0, 0.0, 0.0, -0.0, 0.0, -0.999836, 0.018122, 0.272858, 0.0, -0.018122, -0.999836, 0.0, 0.0, 0.0, 0.0, 1.0],
                                                                "children": []
                                                            }
                                                        ]
                                                    },
                                                    {
                                                        "name": "Elbow_R",
                                                        "transform": [-1.0, 0.0, -0.0, 0.0, 0.0, 0.0, -1.0, 0.3, -0.0, -1.0, -0.0, 0.0, 0.0, 0.0, 0.0, 1.0],
                                                        "children": []
                                                    }
                                                ]
                                            }
                                        ]
                                    },
                                    {
                                        "name": "Shoulder_L",
                                        "transform": [-0.0, -0.952114, -0.305743, 0.0, 0.0, -0.305743, 0.952114, 0.4, -1.0, 0.0, 0.0, 0.0, 0.0, 0.0, 0.0, 1.0],
                                        "children": [
                                            {
                                                "name": "Arm_L",
                                                "transform": [-0.0, -0.0, 1.0, -0.0, -0.952114, 0.305743, -0.0, 0.39386, -0.305743, -0.952114, -0.0, 0.0, 0.0, 0.0, 0.0, 1.0],
                                                "children": [
                                                    {
                                                        "name": "Hand_L",
                                                        "transform": [1.0, -0.0, 0.0, -0.0, 0.0, 0.993937, 0.109947, 0.3, -0.0, -0.109947, 0.993937, 0.0, 0.0, 0.0, 0.0, 1.0],
                                                        "children": [
                                                            {
                                                                "name": "Tool_L",
                                                                "transform": [1.0, 0.0, 0.0, -0.0, -0.0, -0.999836, 0.018122, 0.272858, 0.0, -0.018122, -0.999836, -0.0, 0.0, 0.0, 0.0, 1.0],
                                                                "children": []
                                                            }
                                                        ]
                                                    },
                                                    {
                                                        "name": "Elbow_L",
                                                        "transform": [-1.0, 0.0, -0.0, -0.0, 0.0, -0.0, -1.0, 0.3, -0.0, -1.0, 0.0, 0.0, 0.0, 0.0, 0.0, 1.0],
                                                        "children": []
                                                    }
                                                ]
                                            }
                                        ]
                                    }
                                ]
                            }
                        ]
                    }
                ]
            }
        ]
    },
    "animation": [
        {
            "name": "Root",
            "time": [0.0, 0.2167, 0.5, 0.7833, 1.0],
            "transform": [
                [1.0, 0.0, 0.0, -5e-06, 0.0, 0.0, -1.0, -0.002071, 0.0, 1.0, 0.0, 0.688546, 0.0, 0.0, 0.0, 1.0],
                [1.0, 0.0, 0.0, -5e-06, 0.0, 0.0, -1.0, -0.002071, 0.0, 1.0, 0.0, 0.759332, 0.0, 0.0, 0.0, 1.0],
                [1.0, 0.0, 0.0, -5e-06, 0.0, 0.0, -1.0, -0.002071, 0.0, 1.0, 0.0, 0.702246, 0.0, 0.0, 0.0, 1.0],
                [1.0, 0.0, 0.0, -5e-06, 0.0, 0.0, -1.0, -0.002071, 0.0, 1.0, 0.0, 0.759332, 0.0, 0.0, 0.0, 1.0],
                [1.0, 0.0, 0.0, -5e-06, 0.0, 0.0, -1.0, -0.002071, 0.0, 1.0, 0.0, 0.688546, 0.0, 0.0, 0.0, 1.0]
            ]
        },
        {
            "name": "Thigh_R",
            "time": [0.0, 0.1667, 0.5, 0.8333, 1.0],
            "transform": [
                [0.998915, 0.045799, -0.008485, 0.124994, 0.038601, -0.91593, -0.399476, -0.002831, -0.026067, 0.398715, -0.916704, -1.2e-05, 0.0, 0.0, 0.0, 1.0],
                [0.998915, 0.036163, -0.029356, 0.124994, 0.038601, -0.995439, 0.087241, -0.002831, -0.026067, -0.088279, -0.995755, -1.2e-05, 0.0, 0.0, 0.0, 1.0],
                [0.998915, 0.015552, -0.043906, 0.124994, 0.038601, -0.803922, 0.59348, -0.002831, -0.026067, -0.594531, -0.80365, -1.2e-05, 0.0, 0.0, 0.0, 1.0],
                [0.998915, 0.040135, -0.023637, 0.124994, 0.038601, -0.997322, -0.062119, -0.002831, -0.026067, 0.061139, -0.997789, -1.2e-05, 0.0, 0.0, 0.0, 1.0],
                [0.998915, 0.045799, -0.008485, 0.124994, 0.038601, -0.91593, -0.399476, -0.002831, -0.026067, 0.398715, -0.916704, -1.2e-05, 0.0, 0.0, 0.0, 1.0]
            ]
        },
        {
            "name": "Leg_R",
            "time": [0.0, 0.1667, 0.5, 0.8333, 1.0],
            "transform": [
                [1.0, 1e-06, 1e-06, -0.0, -1e-06, 0.923071, 0.384629, 0.37472, -1e-06, -0.384629, 0.923071, -0.0, 0.0, 0.0, 0.0, 1.0],
                [1.0, 0.0, 1e-06, -0.0, -1e-06, 0.726115, 0.687574, 0.37472, -1e-06, -0.687574, 0.726114, -0.0, 0.0, 0.0, 0.0, 1.0],
                [1.0, 1e-06, 1e-06, 0.0, -1e-06, 0.948742, 0.31605, 0.37472, -1e-06, -0.316051, 0.948742, 0.0, 0.0, 0.0, 0.0, 1.0],
                [1.0, 1e-06, 1e-06, -0.0, -1e-06, 0.998215, 0.059729, 0.37472, -1e-06, -0.059729, 0.998215, -0.0, 0.0, 0.0, 0.0, 1.0],
                [1.0, 1e-06, 1e-06, -0.0, -1e-06, 0.923071, 0.384629, 0.37472, -1e-06, -0.384629, 0.923071, -0.0, 0.0, 0.0, 0.0, 1.0]
            ]
        },
        {
            "name": "Knee_R",
            "time": [0.0, 0.1667, 0.5, 1.0],
            "transform": [
                [1.0, 0.0, -0.0, -0.0, -0.0, 0.0, -1.0, 0.37472, -0.0, 1.0, 0.0, -0.0, 0.0, 0.0, 0.0, 1.0],
                [1.0, 0.0, -0.0, -0.0, -0.0, 0.0, -1.0, 0.37472, -0.0, 1.0, 0.0, -0.0, 0.0, 0.0, 0.0, 1.0],
                [1.0, 0.0, -0.0, 0.0, -0.0, 0.0, -1.0, 0.37472, -0.0, 1.0, 0.0, 0.0, 0.0, 0.0, 0.0, 1.0],
                [1.0, 0.0, -0.0, -0.0, -0.0, 0.0, -1.0, 0.37472, -0.0, 1.0, 0.0, -0.0, 0.0, 0.0, 0.0, 1.0]
            ]
        },
        {
            "name": "Thigh_L",
            "time": [0.0, 0.1667, 0.5, 0.8333, 1.0],
            "transform": [
                [1.0, -0.0, -0.0, -0.125006, -0.0, -0.866025, 0.5, -0.002831, -0.0, -0.5, -0.866025, -1.2e-05, 0.0, 0.0, 0.0, 1.0],
                [1.0, -0.0, -0.0, -0.125006, -0.0, -0.986592, 0.163203, -0.002831, -0.0, -0.163203, -0.986593, -1.2e-05, 0.0, 0.0, 0.0, 1.0],
                [1.0, -0.0, -0.0, -0.125006, -0.0, -0.90955, -0.415595, -0.002831, -0.0, 0.415595, -0.90955, -1.2e-05, 0.0, 0.0, 0.0, 1.0],
                [1.0, -0.0, -0.0, -0.125006, -0.0, -0.81469, 0.579896, -0.002831, -0.0, -0.579896, -0.814691, -1.2e-05, 0.0, 0.0, 0.0, 1.0],
                [1.0, -0.0, -0.0, -0.125006, -0.0, -0.866025, 0.5, -0.002831, -0.0, -0.5, -0.866025, -1.2e-05, 0.0, 0.0, 0.0, 1.0]
            ]
        },
        {
            "name": "Leg_L",
            "time": [0.0, 0.1667, 0.35, 0.8333, 1.0],
            "transform": [
                [1.0, 1e-06, 1e-06, 0.0, -1e-06, 0.939692, 0.342021, 0.37472, -1e-06, -0.342021, 0.939692, 0.0, 0.0, 0.0, 0.0, 1.0],
                [0.999554, 0.029571, -0.004051, 0.0, -0.029721, 0.99859, -0.043995, 0.37472, 0.002744, 0.044096, 0.999024, 0.0, 0.0, 0.0, 0.0, 1.0],
                [1.0, 1e-06, 1e-06, 0.0, -1e-06, 0.919429, 0.393257, 0.37472, -1e-06, -0.393257, 0.919429, -0.0, 0.0, 0.0, 0.0, 1.0],
                [1.0, -0.0, 1e-06, -0.0, -1e-06, 0.59729, 0.802025, 0.37472, -1e-06, -0.802025, 0.59729, -0.0, 0.0, 0.0, 0.0, 1.0],
                [1.0, 1e-06, 1e-06, 0.0, -1e-06, 0.939692, 0.342021, 0.37472, -1e-06, -0.342021, 0.939692, 0.0, 0.0, 0.0, 0.0, 1.0]
            ]
        },
        {
            "name": "Knee_L",
            "time": [0.0, 0.1667, 0.5, 1.0],
            "transform": [
                [1.0, 0.0, -0.0, 0.0, -0.0, 0.0, -1.0, 0.37472, -0.0, 1.0, 0.0, 0.0, 0.0, 0.0, 0.0, 1.0],
                [1.0, 0.0, -0.0, 0.0, -0.0, 0.0, -1.0, 0.37472, -0.0, 1.0, 0.0, 0.0, 0.0, 0.0, 0.0, 1.0],
                [1.0, 0.0, -0.0, -0.0, -0.0, 0.0, -1.0, 0.37472, -0.0, 1.0, 0.0, -0.0, 0.0, 0.0, 0.0, 1.0],
                [1.0, 0.0, -0.0, 0.0, -0.0, 0.0, -1.0, 0.37472, -0.0, 1.0, 0.0, 0.0, 0.0, 0.0, 0.0, 1.0]
            ]
        },
        {
            "name": "Torso",
            "time": [0.0, 0.1667, 0.5, 1.0],
            "transform": [
                [1.0, 0.0, 0.0, 0.0, 0.0, 0.984808, -0.173648, 0.05, 0.0, 0.173648, 0.984808, 0.0, 0.0, 0.0, 0.0, 1.0],
                [1.0, 0.0, 0.0, 0.0, 0.0, 0.984808, -0.173648, 0.05, 0.0, 0.173648, 0.984808, 0.0, 0.0, 0.0, 0.0, 1.0],
                [1.0, 0.0, 0.0, 0.0, 0.0, 0.965926, -0.258819, 0.05, 0.0, 0.258819, 0.965926, 0.0, 0.0, 0.0, 0.0, 1.0],
                [1.0, 0.0, 0.0, 0.0, 0.0, 0.984808, -0.173648, 0.05, 0.0, 0.173648, 0.984808, 0.0, 0.0, 0.0, 0.0, 1.0]
            ]
        },
        {
            "name": "Chest",
            "time": [0.0, 0.1667, 0.5, 1.0],
            "transform": [
                [1.0, 0.0, 0.0, 0.0, 0.0, 0.984808, 0.173648, 0.3, 0.0, -0.173648, 0.984808, 0.0, 0.0, 0.0, 0.0, 1.0],
                [1.0, 0.0, 0.0, 0.0, 0.0, 0.984808, 0.173648, 0.3, 0.0, -0.173648, 0.984808, 0.0, 0.0, 0.0, 0.0, 1.0],
                [1.0, 0.0, 0.0, 0.0, 0.0, 0.965926, 0.258819, 0.3, 0.0, -0.258819, 0.965926, -0.0, 0.0, 0.0, 0.0, 1.0],
                [1.0, 0.0, 0.0, 0.0, 0.0, 0.984808, 0.173648, 0.3, 0.0, -0.173648, 0.984808, 0.0, 0.0, 0.0, 0.0, 1.0]
            ]
        },
        {
            "name": "Head",
            "time": [0.0, 1.0],
            "transform": [
                [1.0, 0.0, 0.0, -0.0, 0.0, 1.0, -0.0, 0.4, 0.0, 0.0, 1.0, 0.0, 0.0, 0.0, 0.0, 1.0],
                [1.0, 0.0, 0.0, -0.0, 0.0, 1.0, -0.0, 0.4, 0.0, 0.0, 1.0, 0.0, 0.0, 0.0, 0.0, 1.0]
            ]
        },
        {
            "name": "Shoulder_R",
            "time": [0.0, 0.1667, 0.5, 1.0],
            "transform": [
                [0.0, 0.952114, 0.305743, -0.0, 0.0, -0.305743, 0.952114, 0.4, 1.0, -0.0, -0.0, 0.0, 0.0, 0.0, 0.0, 1.0],
                [0.0, 0.952114, 0.305743, -0.0, 0.0, -0.305743, 0.952114, 0.4, 1.0, -0.0, -0.0, 0.0, 0.0, 0.0, 0.0, 1.0],
                [0.0, 0.952114, 0.305743, -0.0, 0.0, -0.305743, 0.952114, 0.4, 1.0, -0.0, -0.0, 0.0, 0.0, 0.0, 0.0, 1.0],
                [0.0, 0.952114, 0.305743, -0.0, 0.0, -0.305743, 0.952114, 0.4, 1.0, -0.0, -0.0, 0.0, 0.0, 0.0, 0.0, 1.0]
            ]
        },
        {
            "name": "Arm_R",
            "time": [0.0, 0.5, 1.0],
            "transform": [
                [-0.194715, 0.698553, -0.688557, -0.0, 0.971334, 0.234923, -0.036348, 0.393861, 0.136367, -0.675896, -0.724271, -0.0, 0.0, 0.0, 0.0, 1.0],
                [-0.194715, 0.755906, -0.625054, 0.0, 0.971334, 0.237197, -0.015734, 0.393861, 0.136367, -0.6102, -0.780423, -0.0, 0.0, 0.0, 0.0, 1.0],
                [-0.194715, 0.698553, -0.688557, -0.0, 0.971334, 0.234923, -0.036348, 0.393861, 0.136367, -0.675896, -0.724271, -0.0, 0.0, 0.0, 0.0, 1.0]
            ]
        },
        {
            "name": "Hand_R",
            "time": [0.0, 0.1667, 0.5, 1.0],
            "transform": [
                [0.769373, 0.010869, 0.638707, 0.0, -0.209631, 0.94878, 0.236373, 0.3, -0.603423, -0.315752, 0.732244, -0.0, 0.0, 0.0, 0.0, 1.0],
                [0.769373, 0.010869, 0.638707, 0.0, -0.209631, 0.94878, 0.236373, 0.3, -0.603423, -0.315752, 0.732244, 0.0, 0.0, 0.0, 0.0, 1.0],
                [0.769373, -0.04484, 0.637224, 0.0, -0.209631, 0.924568, 0.318165, 0.3, -0.603423, -0.37837, 0.701938, -0.0, 0.0, 0.0, 0.0, 1.0],
                [0.769373, 0.010869, 0.638707, 0.0, -0.209631, 0.94878, 0.236373, 0.3, -0.603423, -0.315752, 0.732244, -0.0, 0.0, 0.0, 0.0, 1.0]
            ]
        },
        {
            "name": "Tool_R",
            "time": [0.0, 0.1667, 0.5, 1.0],
            "transform": [
                [0.908105, 0.114617, -0.402751, 0.001835, 0.021115, -0.97312, -0.229328, 0.257283, -0.41821, 0.19975, -0.886115, 0.003197, 0.0, 0.0, 0.0, 1.0],
                [0.908105, 0.114617, -0.402751, 0.001834, 0.021115, -0.97312, -0.229328, 0.257283, -0.41821, 0.19975, -0.886115, 0.003197, 0.0, 0.0, 0.0, 1.0],
                [0.908105, 0.114617, -0.402751, 0.001834, 0.021115, -0.97312, -0.229328, 0.257283, -0.418211, 0.19975, -0.886115, 0.003197, 0.0, 0.0, 0.0, 1.0],
                [0.908105, 0.114617, -0.402751, 0.001835, 0.021115, -0.97312, -0.229328, 0.257283, -0.41821, 0.19975, -0.886115, 0.003197, 0.0, 0.0, 0.0, 1.0]
            ]
        },
        {
            "name": "Elbow_R",
            "time": [0.0, 0.1667, 0.5, 1.0],
            "transform": [
                [-1.0, 0.0, -0.0, 0.0, 0.0, 0.0, -1.0, 0.3, -0.0, -1.0, 0.0, -0.0, 0.0, 0.0, 0.0, 1.0],
                [-1.0, 0.0, -0.0, 0.0, 0.0, 0.0, -1.0, 0.3, -0.0, -1.0, -0.0, 0.0, 0.0, 0.0, 0.0, 1.0],
                [-1.0, 0.0, -0.0, 0.0, 0.0, 0.0, -1.0, 0.3, -0.0, -1.0, -0.0, -0.0, 0.0, 0.0, 0.0, 1.0],
                [-1.0, 0.0, -0.0, 0.0, 0.0, 0.0, -1.0, 0.3, -0.0, -1.0, 0.0, -0.0, 0.0, 0.0, 0.0, 1.0]
            ]
        },
        {
            "name": "Shoulder_L",
            "time": [0.0, 0.1667, 0.5, 1.0],
            "transform": [
                [-0.0, -0.952114, -0.305743, -0.0, 0.0, -0.305743, 0.952114, 0.4, -1.0, -0.0, 0.0, 0.0, 0.0, 0.0, 0.0, 1.0],
                [-0.0, -0.952114, -0.305743, -0.0, 0.0, -0.305743, 0.952114, 0.4, -1.0, -0.0, 0.0, 0.0, 0.0, 0.0, 0.0, 1.0],
                [-0.0, -0.952114, -0.305743, -0.0, 0.0, -0.305743, 0.952114, 0.4, -1.0, -0.0, 0.0, 0.0, 0.0, 0.0, 0.0, 1.0],
                [-0.0, -0.952114, -0.305743, -0.0, 0.0, -0.305743, 0.952114, 0.4, -1.0, -0.0, 0.0, 0.0, 0.0, 0.0, 0.0, 1.0]
            ]
        },
        {
            "name": "Arm_L",
            "time": [0.0, 1.0],
            "transform": [
                [-0.286114, -0.030116, 0.957722, -0.0, -0.857681, 0.453693, -0.241961, 0.39386, -0.427225, -0.890649, -0.155637, -0.0, 0.0, 0.0, 0.0, 1.0],
                [-0.286114, -0.030116, 0.957722, -0.0, -0.857681, 0.453693, -0.241961, 0.39386, -0.427225, -0.890649, -0.155637, -0.0, 0.0, 0.0, 0.0, 1.0]
            ]
        },
        {
            "name": "Hand_L",
            "time": [0.0, 1.0],
            "transform": [
                [0.941511, 0.194012, 0.275529, -0.0, 0.022561, 0.779512, -0.625982, 0.3, -0.336226, 0.595585, 0.729542, 0.0, 0.0, 0.0, 0.0, 1.0],
                [0.941511, 0.194012, 0.275529, -0.0, 0.022561, 0.779512, -0.625982, 0.3, -0.336226, 0.595585, 0.729542, 0.0, 0.0, 0.0, 0.0, 1.0]
            ]
        },
        {
            "name": "Tool_L",
            "time": [0.0, 1.0],
            "transform": [
                [0.996195, -0.0, -0.087156, 0.055927, -0.021028, -0.970458, -0.240354, 0.22445, -0.084581, 0.241272, -0.966765, 0.010713, 0.0, 0.0, 0.0, 1.0],
                [0.996195, -0.0, -0.087156, 0.055927, -0.021028, -0.970458, -0.240354, 0.22445, -0.084581, 0.241272, -0.966765, 0.010713, 0.0, 0.0, 0.0, 1.0]
            ]
        },
        {
            "name": "Elbow_L",
            "time": [0.0, 0.1667, 0.5, 1.0],
            "transform": [
                [-1.0, 0.0, -0.0, -0.0, 0.0, -0.0, -1.0, 0.3, -0.0, -1.0, 0.0, 0.0, 0.0, 0.0, 0.0, 1.0],
                [-1.0, 0.0, -0.0, 0.0, 0.0, -0.0, -1.0, 0.3, -0.0, -1.0, 0.0, 0.0, 0.0, 0.0, 0.0, 1.0],
                [-1.0, 0.0, -0.0, 0.0, 0.0, -0.0, -1.0, 0.3, -0.0, -1.0, 0.0, -0.0, 0.0, 0.0, 0.0, 1.0],
                [-1.0, 0.0, -0.0, -0.0, 0.0, -0.0, -1.0, 0.3, -0.0, -1.0, 0.0, 0.0, 0.0, 0.0, 0.0, 1.0]
            ]
        }
    ]
}