{
    "armature": {
        "joints": ["Root", "Thigh_R", "Leg_R", "Knee_R", "Thigh_L", "Leg_L", "Knee_L", "Torso", "Chest", "Head", "Shoulder_R", "Arm_R", "Hand_R", "Tool_R", "Elbow_R", "Shoulder_L", "Arm_L", "Hand_L", "Tool_L", "Elbow_L"],
        "hierarchy": [
            {
                "name": "Root",
                "transform": [1.0, 0.0, 0.0, -5e-06, 0.0, 0.0, -1.0, 0.000946, 0.0, 1.0, 0.0, 0.763972, 0.0, 0.0, 0.0, 1.0],
                "children": [
                    {
                        "name": "Thigh_R",
                        "transform": [1.0, -0.0, -0.0, 0.124994, -0.0, -1.0, 0.0, -0.002831, -0.0, -0.0, -1.0, -1.2e-05, 0.0, 0.0, 0.0, 1.0],
                        "children": [
                            {
                                "name": "Leg_R",
                                "transform": [1.0, 0.0, 1e-06, 0.0, -0.0, 1.0, 0.0, 0.37472, -1e-06, -0.0, 1.0, -0.0, 0.0, 0.0, 0.0, 1.0],
                                "children": []
                            },
                            {
                                "name": "Knee_R",
                                "transform": [1.0, 0.0, -0.0, 0.0, -0.0, 0.0, -1.0, 0.37472, -0.0, 1.0, 0.0, -0.0, 0.0, 0.0, 0.0, 1.0],
                                "children": []
                            }
                        ]
                    },
                    {
                        "name": "Thigh_L",
                        "transform": [1.0, -0.0, -0.0, -0.125006, -0.0, -1.0, 0.0, -0.002831, -0.0, -0.0, -1.0, -1.2e-05, 0.0, 0.0, 0.0, 1.0],
                        "children": [
                            {
                                "name": "Leg_L",
                                "transform": [1.0, 0.0, 1e-06, -0.0, -0.0, 1.0, 0.0, 0.37472, -1e-06, -0.0, 1.0, 0.0, 0.0, 0.0, 0.0, 1.0],
                                "children": []
                            },
                            {
                                "name": "Knee_L",
                                "transform": [1.0, 0.0, -0.0, -0.0, -0.0, 0.0, -1.0, 0.37472, -0.0, 1.0, 0.0, 0.0, 0.0, 0.0, 0.0, 1.0],
                                "children": []
                            }
                        ]
                    },
                    {
                        "name": "Torso",
                        "transform": [1.0, 0.0, 0.0, 0.0, 0.0, 1.0, 0.0, 0.05, 0.0, 0.0, 1.0, 0.0, 0.0, 0.0, 0.0, 1.0],
                        "children": [
                            {
                                "name": "Chest",
                                "transform": [1.0, 0.0, 0.0, 0.0, 0.0, 1.0, 0.0, 0.3, 0.0, 0.0, 1.0, 0.0, 0.0, 0.0, 0.0, 1.0],
                                "children": [
                                    {
                                        "name": "Head",
                                        "transform": [1.0, 0.0, 0.0, 0.0, 0.0, 1.0, 0.0, 0.4, 0.0, 0.0, 1.0, 0.0, 0.0, 0.0, 0.0, 1.0],
                                        "children": []
                                    },
                                    {
                                        "name": "Shoulder_R",
                                        "transform": [0.0, 0.952114, 0.305743, 0.0, 0.0, -0.305743, 0.952114, 0.4, 1.0, 0.0, -0.0, 0.0, 0.0, 0.0, 0.0, 1.0],
                                        "children": [
                                            {
                                                "name": "Arm_R",
                                                "transform": [0.0, -0.0, -1.0, -0.0, 0.952114, 0.305743, 0.0, 0.39386, 0.305743, -0.952114, 0.0, 0.0, 0.0, 0.0, 0.0, 1.0],
                                                "children": [
                                                    {
                                                        "name": "Hand_R",
                                                        "transform": [1.0, 0.0, 0.0, 0.0, -0.0, 0.993938, 0.109947, 0.3, -0.0, -0.109947, 0.993937, 0.0, 0.0, 0.0, 0.0, 1.0],
                                                        "children": [
                                                            {
                                                                "name": "Tool_R",
                                                                "transform": [1.0, 0.0, 0.0, -0.0, 0.0, -0.999836, 0.018122, 0.272858, 0.0, -0.018122, -0.999836, 0.0, 0.0, 0.0, 0.0, 1.0],
                                                                "children": []
                                                            }
                                                        ]
                                                    },
                                                    {
                                                        "name": "Elbow_R",
                                                        "transform": [-1.0, 0.0, -0.0, 0.0, 0.0, 0.0, -1.0, 0.3, -0.0, -1.0, -0.0, 0.0, 0.0, 0.0, 0.0, 1.0],
                                                        "children": []
                                                    }
                                                ]
                                            }
                                        ]
                                    },
                                    {
                                        "name": "Shoulder_L",
                                        "transform": [-0.0, -0.952114, -0.305743, 0.0, 0.0, -0.305743, 0.952114, 0.4, -1.0, 0.0, 0.0, 0.0, 0.0, 0.0, 0.0, 1.0],
                                        "children": [
                                            {
                                                "name": "Arm_L",
                                                "transform": [-0.0, -0.0, 1.0, -0.0, -0.952114, 0.305743, -0.0, 0.39386, -0.305743, -0.952114, -0.0, 0.0, 0.0, 0.0, 0.0, 1.0],
                                                "children": [
                                                    {
                                                        "name": "Hand_L",
                                                        "transform": [1.0, -0.0, 0.0, -0.0, 0.0, 0.993937, 0.109947, 0.3, -0.0, -0.109947, 0.993937, 0.0, 0.0, 0.0, 0.0, 1.0],
                                                        "children": [
                                                            {
                                                                "name": "Tool_L",
                                                                "transform": [1.0, 0.0, 0.0, -0.0, -0.0, -0.999836, 0.018122, 0.272858, 0.0, -0.018122, -0.999836, -0.0, 0.0, 0.0, 0.0, 1.0],
                                                                "children": []
                                                            }
                                                        ]
                                                    },
                                                    {
                                                        "name": "Elbow_L",
                                                        "transform": [-1.0, 0.0, -0.0, -0.0, 0.0, -0.0, -1.0, 0.3, -0.0, -1.0, 0.0, 0.0, 0.0, 0.0, 0.0, 1.0],
                                                        "children": []
                                                    }
                                                ]
                                            }
                                        ]
                                    }
                                ]
                            }
                        ]
                    }
                ]
            }
        ]
    },
    "animation": [
        {
            "name": "Root",
            "time": [0.0, 0.0167, 0.0333, 0.05, 0.0667, 0.0833, 0.1, 0.1167, 0.1333, 0.15, 0.1667, 0.1833, 0.2, 0.2167, 0.2333, 0.25, 0.2667, 0.2833, 0.3, 0.3167, 0.3333, 0.35, 0.3667, 0.3833, 0.4, 0.4167, 0.4333, 0.45, 0.4667, 0.4833, 0.5, 0.5167, 0.5333],
            "transform": [
                [1.0, 0.0, 0.0, -5e-06, 0.0, 0.34202, -0.939693, -0.002071, 0.0, 0.939693, 0.34202, 0.688546, 0.0, 0.0, 0.0, 1.0],
                [1.0, 0.0, 0.0, -5e-06, 0.0, 0.34202, -0.939693, -0.002071, 0.0, 0.939693, 0.34202, 0.690165, 0.0, 0.0, 0.0, 1.0],
                [1.0, 0.0, 0.0, -5e-06, 0.0, 0.34202, -0.939693, -0.002071, 0.0, 0.939693, 0.34202, 0.694506, 0.0, 0.0, 0.0, 1.0],
                [1.0, 0.0, 0.0, -5e-06, 0.0, 0.34202, -0.939693, -0.002071, 0.0, 0.939693, 0.34202, 0.70079, 0.0, 0.0, 0.0, 1.0],
                [1.0, 0.0, 0.0, -5e-06, 0.0, 0.34202, -0.939693, -0.002071, 0.0, 0.939693, 0.34202, 0.70824, 0.0, 0.0, 0.0, 1.0],
                [1.0, 0.0, 0.0, -5e-06, 0.0, 0.34202, -0.939693, -0.002071, 0.0, 0.939693, 0.34202, 0.716079, 0.0, 0.0, 0.0, 1.0],
                [1.0, 0.0, 0.0, -5e-06, 0.0, 0.34202, -0.939693, -0.002071, 0.0, 0.939693, 0.34202, 0.72353, 0.0, 0.0, 0.0, 1.0],
                [1.0, 0.0, 0.0, -5e-06, 0.0, 0.34202, -0.939693, -0.002071, 0.0, 0.939693, 0.34202, 0.729814, 0.0, 0.0, 0.0, 1.0],
                [1.0, 0.0, 0.0, -5e-06, 0.0, 0.34202, -0.939693, -0.002071, 0.0, 0.939693, 0.34202, 0.734154, 0.0, 0.0, 0.0, 1.0],
                [1.0, 0.0, 0.0, -5e-06, 0.0, 0.34202, -0.939693, -0.002071, 0.0, 0.939693, 0.34202, 0.735774, 0.0, 0.0, 0.0, 1.0],
                [1.0, 0.0, 0.0, -5e-06, 0.0, 0.34202, -0.939693, -0.002071, 0.0, 0.939693, 0.34202, 0.733158, 0.0, 0.0, 0.0, 1.0],
                [1.0, 0.0, 0.0, -5e-06, 0.0, 0.34202, -0.939693, -0.002071, 0.0, 0.939693, 0.34202, 0.726411, 0.0, 0.0, 0.0, 1.0],
                [1.0, 0.0, 0.0, -5e-06, 0.0, 0.34202, -0.939693, -0.002071, 0.0, 0.939693, 0.34202, 0.717185, 0.0, 0.0, 0.0, 1.0],
                [1.0, 0.0, 0.0, -5e-06, 0.0, 0.34202, -0.939693, -0.002071, 0.0, 0.939693, 0.34202, 0.707134, 0.0, 0.0, 0.0, 1.0],
                [1.0, 0.0, 0.0, -5e-06, 0.0, 0.34202, -0.939693, -0.002071, 0.0, 0.939693, 0.34202, 0.697909, 0.0, 0.0, 0.0, 1.0],
                [1.0, 0.0, 0.0, -5e-06, 0.0, 0.34202, -0.939693, -0.002071, 0.0, 0.939693, 0.34202, 0.691162, 0.0, 0.0, 0.0, 1.0],
                [1.0, 0.0, 0.0, -5e-06, 0.0, 0.34202, -0.939693, -0.002071, 0.0, 0.939693, 0.34202, 0.688546, 0.0, 0.0, 0.0, 1.0],
                [1.0, 0.0, 0.0, -5e-06, 0.0, 0.34202, -0.939693, -0.002071, 0.0, 0.939693, 0.34202, 0.688546, 0.0, 0.0, 0.0, 1.0],
                [1.0, 0.0, 0.0, -5e-06, 0.0, 0.34202, -0.939693, -0.002071, 0.0, 0.939693, 0.34202, 0.688546, 0.0, 0.0, 0.0, 1.0],
                [1.0, 0.0, 0.0, -5e-06, 0.0, 0.34202, -0.939693, -0.002071, 0.0, 0.939693, 0.34202, 0.688546, 0.0, 0.0, 0.0, 1.0],
                [1.0, 0.0, 0.0, -5e-06, 0.0, 0.34202, -0.939693, -0.002071, 0.0, 0.939693, 0.34202, 0.692044, 0.0, 0.0, 0.0, 1.0],
                [1.0, 0.0, 0.0, -5e-06, 0.0, 0.34202, -0.939693, -0.002071, 0.0, 0.939693, 0.34202, 0.70079, 0.0, 0.0, 0.0, 1.0],
                [1.0, 0.0, 0.0, -5e-06, 0.0, 0.34202, -0.939693, -0.002071, 0.0, 0.939693, 0.34202, 0.71216, 0.0, 0.0, 0.0, 1.0],
                [1.0, 0.0, 0.0, -5e-06, 0.0, 0.34202, -0.939693, -0.002071, 0.0, 0.939693, 0.34202, 0.72353, 0.0, 0.0, 0.0, 1.0],
                [1.0, 0.0, 0.0, -5e-06, 0.0, 0.34202, -0.939693, -0.002071, 0.0, 0.939693, 0.34202, 0.732275, 0.0, 0.0, 0.0, 1.0],
                [1.0, 0.0, 0.0, -5e-06, 0.0, 0.34202, -0.939693, -0.002071, 0.0, 0.939693, 0.34202, 0.735774, 0.0, 0.0, 0.0, 1.0],
                [1.0, 0.0, 0.0, -5e-06, 0.0, 0.34202, -0.939693, -0.002071, 0.0, 0.939693, 0.34202, 0.733158, 0.0, 0.0, 0.0, 1.0],
                [1.0, 0.0, 0.0, -5e-06, 0.0, 0.34202, -0.939693, -0.002071, 0.0, 0.939693, 0.34202, 0.726411, 0.0, 0.0, 0.0, 1.0],
                [1.0, 0.0, 0.0, -5e-06, 0.0, 0.34202, -0.939693, -0.002071, 0.0, 0.939693, 0.34202, 0.717185, 0.0, 0.0, 0.0, 1.0],
                [1.0, 0.0, 0.0, -5e-06, 0.0, 0.34202, -0.939693, -0.002071, 0.0, 0.939693, 0.34202, 0.707134, 0.0, 0.0, 0.0, 1.0],
                [1.0, 0.0, 0.0, -5e-06, 0.0, 0.34202, -0.939693, -0.002071, 0.0, 0.939693, 0.34202, 0.697909, 0.0, 0.0, 0.0, 1.0],
                [1.0, 0.0, 0.0, -5e-06, 0.0, 0.34202, -0.939693, -0.002071, 0.0, 0.939693, 0.34202, 0.691162, 0.0, 0.0, 0.0, 1.0],
                [1.0, 0.0, 0.0, -5e-06, 0.0, 0.34202, -0.939693, -0.002071, 0.0, 0.939693, 0.34202, 0.688546, 0.0, 0.0, 0.0, 1.0]
            ]
        },
        {
            "name": "Thigh_R",
            "time": [0.0, 0.0167, 0.0333, 0.05, 0.0667, 0.0833, 0.1, 0.1167, 0.1333, 0.15, 0.1667, 0.1833, 0.2, 0.2167, 0.2333, 0.25, 0.2667, 0.2833, 0.3, 0.3167, 0.3333, 0.35, 0.3667, 0.3833, 0.4, 0.4167, 0.4333, 0.45, 0.4667, 0.4833, 0.5, 0.5167, 0.5333],
            "transform": [
                [0.998915, 0.045799, -0.008485, 0.124994, 0.038601, -0.91593, -0.399476, -0.002831, -0.026067, 0.398715, -0.916704, -1.2e-05, 0.0, 0.0, 0.0, 1.0],
                [0.998916, 0.045594, -0.009409, 0.124994, 0.038519, -0.922948, -0.382992, -0.002831, -0.026146, 0.382215, -0.923704, -1.2e-05, 0.0, 0.0, 0.0, 1.0],
                [0.998918, 0.044955, -0.011931, 0.124994, 0.038342, -0.941121, -0.335889, -0.002831, -0.026329, 0.335068, -0.941826, -1.2e-05, 0.0, 0.0, 0.0, 1.0],
                [0.998919, 0.043777, -0.01565, 0.124994, 0.038179, -0.964543, -0.261149, -0.002831, -0.026527, 0.260269, -0.965172, -1.2e-05, 0.0, 0.0, 0.0, 1.0],
                [0.998918, 0.041934, -0.020121, 0.124994, 0.038127, -0.986031, -0.162137, -0.002831, -0.026639, 0.161195, -0.986563, -1.2e-05, 0.0, 0.0, 0.0, 1.0],
                [0.998915, 0.039369, -0.024857, 0.124994, 0.038258, -0.998311, -0.043727, -0.002831, -0.026536, 0.042728, -0.998734, -1.2e-05, 0.0, 0.0, 0.0, 1.0],
                [0.998915, 0.036163, -0.029356, 0.124994, 0.038601, -0.995439, 0.087241, -0.002831, -0.026067, -0.088279, -0.995755, -1.2e-05, 0.0, 0.0, 0.0, 1.0],
                [0.998911, 0.032632, -0.033344, 0.124994, 0.039273, -0.973938, 0.223387, -0.002831, -0.025185, -0.224454, -0.974159, -1.2e-05, 0.0, 0.0, 0.0, 1.0],
                [0.998902, 0.028954, -0.036818, 0.124994, 0.040261, -0.932458, 0.359027, -0.002831, -0.023936, -0.360116, -0.932601, -1.2e-05, 0.0, 0.0, 0.0, 1.0],
                [0.998894, 0.025182, -0.039713, 0.124994, 0.041382, -0.871848, 0.488024, -0.002831, -0.022334, -0.489128, -0.871926, -1.2e-05, 0.0, 0.0, 0.0, 1.0],
                [0.998888, 0.021431, -0.041987, 0.124994, 0.042473, -0.795579, 0.604359, -0.002831, -0.020451, -0.605471, -0.795605, -1.2e-05, 0.0, 0.0, 0.0, 1.0],
                [0.998888, 0.017861, -0.043641, 0.124994, 0.043414, -0.709615, 0.703251, -0.002831, -0.018408, -0.704363, -0.709601, -1.2e-05, 0.0, 0.0, 0.0, 1.0],
                [0.998891, 0.014644, -0.044737, 0.124994, 0.044138, -0.621697, 0.782013, -0.002831, -0.016361, -0.783121, -0.621654, -1.2e-05, 0.0, 0.0, 0.0, 1.0],
                [0.998898, 0.011941, -0.04538, 0.124994, 0.044633, -0.540291, 0.840294, -0.002831, -0.014484, -0.841394, -0.540229, -1.2e-05, 0.0, 0.0, 0.0, 1.0],
                [0.998906, 0.009887, -0.045703, 0.124994, 0.044931, -0.473614, 0.879586, -0.002831, -0.012949, -0.880677, -0.47354, -1.2e-05, 0.0, 0.0, 0.0, 1.0],
                [0.998912, 0.008588, -0.045835, 0.124994, 0.045084, -0.429044, 0.902157, -0.002831, -0.011917, -0.903242, -0.428965, -1.2e-05, 0.0, 0.0, 0.0, 1.0],
                [0.998914, 0.008136, -0.045869, 0.124994, 0.045133, -0.412945, 0.909637, -0.002831, -0.01154, -0.91072, -0.412864, -1.2e-05, 0.0, 0.0, 0.0, 1.0],
                [0.998914, 0.008136, -0.045869, 0.124994, 0.045133, -0.412945, 0.909637, -0.002831, -0.01154, -0.91072, -0.412864, -1.2e-05, 0.0, 0.0, 0.0, 1.0],
                [0.998909, 0.008815, -0.04586, 0.124994, 0.045202, -0.429206, 0.902075, -0.002831, -0.011732, -0.903164, -0.429137, -1.2e-05, 0.0, 0.0, 0.0, 1.0],
                [0.998894, 0.010748, -0.045768, 0.124994, 0.04538, -0.474812, 0.878917, -0.002831, -0.012285, -0.880022, -0.474774, -1.2e-05, 0.0, 0.0, 0.0, 1.0],
                [0.998873, 0.013792, -0.045421, 0.124994, 0.045603, -0.544419, 0.837573, -0.002831, -0.013176, -0.8387, -0.544434, -1.2e-05, 0.0, 0.0, 0.0, 1.0],
                [0.998848, 0.017772, -0.044581, 0.124994, 0.045786, -0.631271, 0.774209, -0.002831, -0.014383, -0.775359, -0.631357, -1.2e-05, 0.0, 0.0, 0.0, 1.0],
                [0.998823, 0.022438, -0.042998, 0.124994, 0.045834, -0.726611, 0.685518, -0.002831, -0.015861, -0.686682, -0.726785, -1.2e-05, 0.0, 0.0, 0.0, 1.0],
                [0.998803, 0.027438, -0.040481, 0.124994, 0.045654, -0.819894, 0.570692, -0.002831, -0.017532, -0.571858, -0.820166, -1.2e-05, 0.0, 0.0, 0.0, 1.0],
                [0.998792, 0.032345, -0.036978, 0.124994, 0.045187, -0.900216, 0.433092, -0.002831, -0.01928, -0.43424, -0.900591, -1.2e-05, 0.0, 0.0, 0.0, 1.0],
                [0.998793, 0.036729, -0.032625, 0.124994, 0.044426, -0.95877, 0.280687, -0.002831, -0.020971, -0.281797, -0.959245, -1.2e-05, 0.0, 0.0, 0.0, 1.0],
                [0.998804, 0.040269, -0.027745, 0.124994, 0.043428, -0.991242, 0.124707, -0.002831, -0.02248, -0.125763, -0.991806, -1.2e-05, 0.0, 0.0, 0.0, 1.0],
                [0.998823, 0.042822, -0.022764, 0.124994, 0.042298, -0.998839, -0.02303, -0.002831, -0.023724, 0.02204, -0.999476, -1.2e-05, 0.0, 0.0, 0.0, 1.0],
                [0.998848, 0.04444, -0.01811, 0.124994, 0.041162, -0.98741, -0.152732, -0.002831, -0.024669, 0.15181, -0.988102, -1.2e-05, 0.0, 0.0, 0.0, 1.0],
                [0.998873, 0.045309, -0.014136, 0.124994, 0.040137, -0.965327, -0.257937, -0.002831, -0.025333, 0.257079, -0.966058, -1.2e-05, 0.0, 0.0, 0.0, 1.0],
                [0.998895, 0.045679, -0.011095, 0.124994, 0.039322, -0.941311, -0.335243, -0.002831, -0.025758, 0.334436, -0.942066, -1.2e-05, 0.0, 0.0, 0.0, 1.0],
                [0.998909, 0.045785, -0.009163, 0.124994, 0.03879, -0.922944, -0.382974, -0.002831, -0.025991, 0.382201, -0.923714, -1.2e-05, 0.0, 0.0, 0.0, 1.0],
                [0.998915, 0.045799, -0.008485, 0.124994, 0.038601, -0.91593, -0.399476, -0.002831, -0.026067, 0.398715, -0.916704, -1.2e-05, 0.0, 0.0, 0.0, 1.0]
            ]
        },
        {
            "name": "Leg_R",
            "time": [0.0, 0.0167, 0.0333, 0.05, 0.0667, 0.0833, 0.1, 0.1167, 0.1333, 0.15, 0.1667, 0.1833, 0.2, 0.2167, 0.2333, 0.25, 0.2667, 0.2833, 0.3, 0.3167, 0.3333, 0.35, 0.3667, 0.3833, 0.4, 0.4167, 0.4333, 0.45, 0.4667, 0.4833, 0.5, 0.5167, 0.5333],
            "transform": [
                [1.0, 1e-06, 1e-06, 0.0, -1e-06, 0.923071, 0.384629, 0.37472, -1e-06, -0.384629, 0.923071, 0.0, 0.0, 0.0, 0.0, 1.0],
                [0.999997, -0.000152, -0.002506, 0.0, 0.001301, 0.885061, 0.465473, 0.37472, 0.002147, -0.465475, 0.885058, 0.0, 0.0, 0.0, 0.0, 1.0],
                [0.999963, 0.000421, -0.008622, 0.0, 0.005254, 0.762829, 0.646578, 0.37472, 0.00685, -0.6466, 0.762799, -0.0, 0.0, 0.0, 0.0, 1.0],
                [0.999873, 0.002883, -0.01567, 0.0, 0.01129, 0.565749, 0.8245, 0.37472, 0.011243, -0.824572, 0.565645, -0.0, 0.0, 0.0, 0.0, 1.0],
                [0.999763, 0.00628, -0.020856, 0.0, 0.017035, 0.37127, 0.928369, 0.37472, 0.013573, -0.928503, 0.371075, -0.0, 0.0, 0.0, 0.0, 1.0],
                [0.999709, 0.00799, -0.022745, 0.0, 0.019517, 0.285645, 0.958137, 0.37472, 0.014153, -0.958302, 0.285406, -0.0, 0.0, 0.0, 0.0, 1.0],
                [0.99972, 0.007644, -0.022415, -0.0, 0.019043, 0.303181, 0.952743, 0.37472, 0.014078, -0.952902, 0.302951, -0.0, 0.0, 0.0, 0.0, 1.0],
                [0.999747, 0.006711, -0.02146, -0.0, 0.017733, 0.351466, 0.936033, 0.37472, 0.013824, -0.936177, 0.351258, -0.0, 0.0, 0.0, 0.0, 1.0],
                [0.999787, 0.005383, -0.019912, -0.0, 0.015759, 0.423474, 0.905772, 0.37472, 0.013307, -0.905893, 0.423299, 0.0, 0.0, 0.0, 0.0, 1.0],
                [0.999834, 0.003877, -0.017804, -0.0, 0.013321, 0.511142, 0.859393, 0.37472, 0.012432, -0.859487, 0.511006, -0.0, 0.0, 0.0, 0.0, 1.0],
                [0.999881, 0.002417, -0.015217, 0.0, 0.010649, 0.605433, 0.795825, 0.37472, 0.011136, -0.795892, 0.605336, -0.0, 0.0, 0.0, 0.0, 1.0],
                [0.999924, 0.001196, -0.012301, 0.0, 0.007985, 0.697183, 0.716849, 0.37472, 0.009433, -0.716892, 0.69712, -0.0, 0.0, 0.0, 0.0, 1.0],
                [0.999957, 0.000338, -0.009264, 0.0, 0.005551, 0.778549, 0.627559, 0.37472, 0.007425, -0.627584, 0.778514, -0.0, 0.0, 0.0, 0.0, 1.0],
                [0.99998, -0.000127, -0.006349, 0.0, 0.003509, 0.844395, 0.535709, 0.37472, 0.005293, -0.535721, 0.844379, 0.0, 0.0, 0.0, 0.0, 1.0],
                [0.999993, -0.000262, -0.003788, 0.0, 0.00194, 0.892875, 0.4503, 0.37472, 0.003264, -0.450304, 0.892869, 0.0, 0.0, 0.0, 0.0, 1.0],
                [0.999998, -0.000192, -0.001775, 0.0, 0.000852, 0.924922, 0.380157, 0.37472, 0.001569, -0.380158, 0.92492, -0.0, 0.0, 0.0, 0.0, 1.0],
                [1.0, -6.2e-05, -0.000467, 0.0, 0.000214, 0.942881, 0.333129, 0.37472, 0.000419, -0.333129, 0.942881, -0.0, 0.0, 0.0, 0.0, 1.0],
                [1.0, 1e-06, 1e-06, 0.0, -1e-06, 0.948742, 0.31605, 0.37472, -1e-06, -0.31605, 0.948742, -0.0, 0.0, 0.0, 0.0, 1.0],
                [1.0, 1e-06, 1e-06, -0.0, -1e-06, 0.948447, 0.316935, 0.37472, -1e-06, -0.316936, 0.948447, -0.0, 0.0, 0.0, 0.0, 1.0],
                [1.0, 1e-06, 1e-06, -0.0, -1e-06, 0.947612, 0.319424, 0.37472, -1e-06, -0.319424, 0.947612, -0.0, 0.0, 0.0, 0.0, 1.0],
                [1.0, 1e-06, 1e-06, -0.0, -1e-06, 0.946308, 0.323267, 0.37472, -1e-06, -0.323267, 0.946308, -0.0, 0.0, 0.0, 0.0, 1.0],
                [1.0, 1e-06, 1e-06, -0.0, -1e-06, 0.944604, 0.328211, 0.37472, -1e-06, -0.328211, 0.944604, 0.0, 0.0, 0.0, 0.0, 1.0],
                [1.0, 1e-06, 1e-06, 0.0, -1e-06, 0.942571, 0.334006, 0.37472, -1e-06, -0.334006, 0.942571, -0.0, 0.0, 0.0, 0.0, 1.0],
                [1.0, 1e-06, 1e-06, -0.0, -1e-06, 0.94028, 0.340402, 0.37472, -1e-06, -0.340402, 0.94028, -0.0, 0.0, 0.0, 0.0, 1.0],
                [1.0, 1e-06, 1e-06, -0.0, -1e-06, 0.937811, 0.347148, 0.37472, -1e-06, -0.347148, 0.937811, 0.0, 0.0, 0.0, 0.0, 1.0],
                [1.0, 1e-06, 1e-06, -0.0, -1e-06, 0.935246, 0.353998, 0.37472, -1e-06, -0.353998, 0.935246, 0.0, 0.0, 0.0, 0.0, 1.0],
                [1.0, 1e-06, 1e-06, -0.0, -1e-06, 0.932679, 0.360707, 0.37472, -1e-06, -0.360707, 0.932679, 0.0, 0.0, 0.0, 0.0, 1.0],
                [1.0, 1e-06, 1e-06, 0.0, -1e-06, 0.930207, 0.367034, 0.37472, -1e-06, -0.367034, 0.930207, -0.0, 0.0, 0.0, 0.0, 1.0],
                [1.0, 1e-06, 1e-06, -0.0, -1e-06, 0.927936, 0.37274, 0.37472, -1e-06, -0.37274, 0.927936, 0.0, 0.0, 0.0, 0.0, 1.0],
                [1.0, 1e-06, 1e-06, -0.0, -1e-06, 0.925974, 0.377588, 0.37472, -1e-06, -0.377588, 0.925974, -0.0, 0.0, 0.0, 0.0, 1.0],
                [1.0, 1e-06, 1e-06, 0.0, -1e-06, 0.924434, 0.381342, 0.37472, -1e-06, -0.381342, 0.924434, 0.0, 0.0, 0.0, 0.0, 1.0],
                [1.0, 1e-06, 1e-06, -0.0, -1e-06, 0.92343, 0.383768, 0.37472, -1e-06, -0.383768, 0.92343, 0.0, 0.0, 0.0, 0.0, 1.0],
                [1.0, 1e-06, 1e-06, 0.0, -1e-06, 0.923071, 0.384629, 0.37472, -1e-06, -0.384629, 0.923071, 0.0, 0.0, 0.0, 0.0, 1.0]
            ]
        },
        {
            "name": "Knee_R",
            "time": [0.0, 0.0167, 0.0333, 0.05, 0.0667, 0.0833, 0.1, 0.1167, 0.1333, 0.15, 0.1667, 0.1833, 0.2, 0.2167, 0.2333, 0.25, 0.2667, 0.2833, 0.3, 0.3167, 0.3333, 0.35, 0.3667, 0.3833, 0.4, 0.4167, 0.4333, 0.45, 0.4667, 0.4833, 0.5, 0.5167, 0.5333],
            "transform": [
                [1.0, 0.0, -0.0, 0.0, -0.0, 0.0, -1.0, 0.37472, -0.0, 1.0, 0.0, 0.0, 0.0, 0.0, 0.0, 1.0],
                [1.0, 0.0, -0.0, 0.0, -0.0, 0.0, -1.0, 0.37472, -0.0, 1.0, 0.0, 0.0, 0.0, 0.0, 0.0, 1.0],
                [1.0, 0.0, -0.0, 0.0, -0.0, 0.0, -1.0, 0.37472, -0.0, 1.0, 0.0, -0.0, 0.0, 0.0, 0.0, 1.0],
                [1.0, 0.0, -0.0, 0.0, -0.0, 0.0, -1.0, 0.37472, -0.0, 1.0, 0.0, -0.0, 0.0, 0.0, 0.0, 1.0],
                [1.0, 0.0, -0.0, 0.0, -0.0, 0.0, -1.0, 0.37472, -0.0, 1.0, 0.0, -0.0, 0.0, 0.0, 0.0, 1.0],
                [1.0, 0.0, -0.0, 0.0, -0.0, 0.0, -1.0, 0.37472, -0.0, 1.0, 0.0, -0.0, 0.0, 0.0, 0.0, 1.0],
                [1.0, 0.0, -0.0, -0.0, -0.0, 0.0, -1.0, 0.37472, -0.0, 1.0, 0.0, -0.0, 0.0, 0.0, 0.0, 1.0],
                [1.0, 0.0, -0.0, -0.0, -0.0, 0.0, -1.0, 0.37472, -0.0, 1.0, 0.0, -0.0, 0.0, 0.0, 0.0, 1.0],
                [1.0, 0.0, -0.0, -0.0, -0.0, 0.0, -1.0, 0.37472, -0.0, 1.0, 0.0, 0.0, 0.0, 0.0, 0.0, 1.0],
                [1.0, 0.0, -0.0, -0.0, -0.0, 0.0, -1.0, 0.37472, -0.0, 1.0, 0.0, -0.0, 0.0, 0.0, 0.0, 1.0],
                [1.0, 0.0, -0.0, 0.0, -0.0, 0.0, -1.0, 0.37472, -0.0, 1.0, 0.0, -0.0, 0.0, 0.0, 0.0, 1.0],
                [1.0, 0.0, -0.0, 0.0, -0.0, 0.0, -1.0, 0.37472, -0.0, 1.0, 0.0, -0.0, 0.0, 0.0, 0.0, 1.0],
                [1.0, 0.0, -0.0, 0.0, -0.0, 0.0, -1.0, 0.37472, -0.0, 1.0, 0.0, -0.0, 0.0, 0.0, 0.0, 1.0],
                [1.0, 0.0, -0.0, 0.0, -0.0, 0.0, -1.0, 0.37472, -0.0, 1.0, 0.0, 0.0, 0.0, 0.0, 0.0, 1.0],
                [1.0, 0.0, -0.0, 0.0, -0.0, 0.0, -1.0, 0.37472, -0.0, 1.0, 0.0, 0.0, 0.0, 0.0, 0.0, 1.0],
                [1.0, 0.0, -0.0, 0.0, -0.0, 0.0, -1.0, 0.37472, -0.0, 1.0, 0.0, -0.0, 0.0, 0.0, 0.0, 1.0],
                [1.0, 0.0, -0.0, 0.0, -0.0, 0.0, -1.0, 0.37472, -0.0, 1.0, 0.0, -0.0, 0.0, 0.0, 0.0, 1.0],
                [1.0, 0.0, -0.0, 0.0, -0.0, 0.0, -1.0, 0.37472, -0.0, 1.0, 0.0, -0.0, 0.0, 0.0, 0.0, 1.0],
                [1.0, 0.0, -0.0, -0.0, -0.0, 0.0, -1.0, 0.37472, -0.0, 1.0, 0.0, -0.0, 0.0, 0.0, 0.0, 1.0],
                [1.0, 0.0, -0.0, -0.0, -0.0, 0.0, -1.0, 0.37472, -0.0, 1.0, 0.0, -0.0, 0.0, 0.0, 0.0, 1.0],
                [1.0, 0.0, -0.0, -0.0, -0.0, 0.0, -1.0, 0.37472, -0.0, 1.0, 0.0, -0.0, 0.0, 0.0, 0.0, 1.0],
                [1.0, 0.0, -0.0, -0.0, -0.0, 0.0, -1.0, 0.37472, -0.0, 1.0, 0.0, 0.0, 0.0, 0.0, 0.0, 1.0],
                [1.0, 0.0, -0.0, 0.0, -0.0, 0.0, -1.0, 0.37472, -0.0, 1.0, 0.0, -0.0, 0.0, 0.0, 0.0, 1.0],
                [1.0, 0.0, -0.0, -0.0, -0.0, 0.0, -1.0, 0.37472, -0.0, 1.0, 0.0, -0.0, 0.0, 0.0, 0.0, 1.0],
                [1.0, 0.0, -0.0, -0.0, -0.0, 0.0, -1.0, 0.37472, -0.0, 1.0, 0.0, 0.0, 0.0, 0.0, 0.0, 1.0],
                [1.0, 0.0, -0.0, -0.0, -0.0, 0.0, -1.0, 0.37472, -0.0, 1.0, 0.0, 0.0, 0.0, 0.0, 0.0, 1.0],
                [1.0, 0.0, -0.0, -0.0, -0.0, 0.0, -1.0, 0.37472, -0.0, 1.0, 0.0, 0.0, 0.0, 0.0, 0.0, 1.0],
                [1.0, 0.0, -0.0, 0.0, -0.0, 0.0, -1.0, 0.37472, -0.0, 1.0, 0.0, -0.0, 0.0, 0.0, 0.0, 1.0],
                [1.0, 0.0, -0.0, -0.0, -0.0, 0.0, -1.0, 0.37472, -0.0, 1.0, 0.0, 0.0, 0.0, 0.0, 0.0, 1.0],
                [1.0, 0.0, -0.0, -0.0, -0.0, 0.0, -1.0, 0.37472, -0.0, 1.0, 0.0, -0.0, 0.0, 0.0, 0.0, 1.0],
                [1.0, 0.0, -0.0, 0.0, -0.0, 0.0, -1.0, 0.37472, -0.0, 1.0, 0.0, 0.0, 0.0, 0.0, 0.0, 1.0],
                [1.0, 0.0, -0.0, -0.0, -0.0, 0.0, -1.0, 0.37472, -0.0, 1.0, 0.0, 0.0, 0.0, 0.0, 0.0, 1.0],
                [1.0, 0.0, -0.0, 0.0, -0.0, 0.0, -1.0, 0.37472, -0.0, 1.0, 0.0, 0.0, 0.0, 0.0, 0.0, 1.0]
            ]
        },
        {
            "name": "Thigh_L",
            "time": [0.0, 0.0167, 0.0333, 0.05, 0.0667, 0.0833, 0.1, 0.1167, 0.1333, 0.15, 0.1667, 0.1833, 0.2, 0.2167, 0.2333, 0.25, 0.2667, 0.2833, 0.3, 0.3167, 0.3333, 0.35, 0.3667, 0.3833, 0.4, 0.4167, 0.4333, 0.45, 0.4667, 0.4833, 0.5, 0.5167, 0.5333],
            "transform": [
                [1.0, -0.0, -0.0, -0.125006, -0.0, -0.5, 0.866025, -0.002831, -0.0, -0.866026, -0.5, -1.2e-05, 0.0, 0.0, 0.0, 1.0],
                [1.0, -0.0, -0.0, -0.125006, -0.0, -0.536859, 0.843672, -0.002831, -1e-06, -0.843672, -0.536859, -1.2e-05, 0.0, 0.0, 0.0, 1.0],
                [1.0, -0.0, -0.0, -0.125006, -0.0, -0.629807, 0.776751, -0.002831, -1e-06, -0.776752, -0.629807, -1.2e-05, 0.0, 0.0, 0.0, 1.0],
                [1.0, -0.0, -0.0, -0.125006, -0.0, -0.74822, 0.66345, -0.002831, -1e-06, -0.663451, -0.74822, -1.2e-05, 0.0, 0.0, 0.0, 1.0],
                [1.0, -0.0, -0.0, -0.125006, -0.0, -0.860361, 0.509684, -0.002831, -1e-06, -0.509684, -0.860362, -1.2e-05, 0.0, 0.0, 0.0, 1.0],
                [1.0, -0.0, -1e-06, -0.125006, -0.0, -0.942511, 0.334175, -0.002831, -1e-06, -0.334175, -0.942511, -1.2e-05, 0.0, 0.0, 0.0, 1.0],
                [1.0, -0.0, -0.0, -0.125006, -0.0, -0.986592, 0.163203, -0.002831, -0.0, -0.163203, -0.986593, -1.2e-05, 0.0, 0.0, 0.0, 1.0],
                [1.0, -0.0, -0.0, -0.125006, -0.0, -0.99988, 0.015461, -0.002831, -0.0, -0.015461, -0.999881, -1.2e-05, 0.0, 0.0, 0.0, 1.0],
                [1.0, -0.0, -0.0, -0.125006, -0.0, -0.994355, -0.106102, -0.002831, -0.0, 0.106102, -0.994355, -1.2e-05, 0.0, 0.0, 0.0, 1.0],
                [1.0, -0.0, -1e-06, -0.125006, -0.0, -0.979408, -0.20189, -0.002831, -0.0, 0.20189, -0.979408, -1.2e-05, 0.0, 0.0, 0.0, 1.0],
                [1.0, -0.0, -1e-06, -0.125006, -0.0, -0.961551, -0.274625, -0.002831, -0.0, 0.274625, -0.961551, -1.2e-05, 0.0, 0.0, 0.0, 1.0],
                [1.0, -0.0, -1e-06, -0.125006, -0.0, -0.944731, -0.327844, -0.002831, -0.0, 0.327844, -0.944732, -1.2e-05, 0.0, 0.0, 0.0, 1.0],
                [1.0, -0.0, -1e-06, -0.125006, -0.0, -0.930967, -0.365102, -0.002831, -0.0, 0.365102, -0.930967, -1.2e-05, 0.0, 0.0, 0.0, 1.0],
                [1.0, -0.0, -1e-06, -0.125006, -0.0, -0.920959, -0.389658, -0.002831, -0.0, 0.389658, -0.92096, -1.2e-05, 0.0, 0.0, 0.0, 1.0],
                [1.0, -0.0, -1e-06, -0.125006, -0.0, -0.914571, -0.404425, -0.002831, -0.0, 0.404425, -0.914571, -1.2e-05, 0.0, 0.0, 0.0, 1.0],
                [1.0, -0.0, -1e-06, -0.125006, -0.0, -0.911164, -0.412042, -0.002831, -0.0, 0.412043, -0.911165, -1.2e-05, 0.0, 0.0, 0.0, 1.0],
                [1.0, -0.0, -1e-06, -0.125006, -0.0, -0.909834, -0.414973, -0.002831, -0.0, 0.414973, -0.909834, -1.2e-05, 0.0, 0.0, 0.0, 1.0],
                [1.0, -0.0, -0.0, -0.125006, -0.0, -0.90955, -0.415595, -0.002831, -0.0, 0.415595, -0.90955, -1.2e-05, 0.0, 0.0, 0.0, 1.0],
                [1.0, -0.0, -0.0, -0.125006, -0.0, -0.916469, -0.400105, -0.002831, -0.0, 0.400105, -0.916469, -1.2e-05, 0.0, 0.0, 0.0, 1.0],
                [1.0, -0.0, -0.0, -0.125006, -0.0, -0.93492, -0.354859, -0.002831, -0.0, 0.354859, -0.93492, -1.2e-05, 0.0, 0.0, 0.0, 1.0],
                [1.0, -0.0, -0.0, -0.125006, -0.0, -0.959551, -0.281533, -0.002831, -0.0, 0.281533, -0.959552, -1.2e-05, 0.0, 0.0, 0.0, 1.0],
                [1.0, -0.0, -0.0, -0.125006, -0.0, -0.983334, -0.181808, -0.002831, -0.0, 0.181808, -0.983334, -1.2e-05, 0.0, 0.0, 0.0, 1.0],
                [1.0, -0.0, -0.0, -0.125006, -0.0, -0.998265, -0.058875, -0.002831, -0.0, 0.058875, -0.998265, -1.2e-05, 0.0, 0.0, 0.0, 1.0],
                [1.0, -0.0, -0.0, -0.125006, -0.0, -0.996679, 0.081426, -0.002831, -0.0, -0.081425, -0.99668, -1.2e-05, 0.0, 0.0, 0.0, 1.0],
                [1.0, -0.0, -0.0, -0.125006, -0.0, -0.973106, 0.230359, -0.002831, -0.0, -0.230359, -0.973106, -1.2e-05, 0.0, 0.0, 0.0, 1.0],
                [1.0, -0.0, -0.0, -0.125006, -0.0, -0.926065, 0.377364, -0.002831, -0.0, -0.377364, -0.926065, -1.2e-05, 0.0, 0.0, 0.0, 1.0],
                [1.0, -0.0, -0.0, -0.125006, -0.0, -0.858867, 0.512197, -0.002831, -0.0, -0.512198, -0.858868, -1.2e-05, 0.0, 0.0, 0.0, 1.0],
                [1.0, -0.0, -0.0, -0.125006, -0.0, -0.778873, 0.627182, -0.002831, -0.0, -0.627182, -0.778873, -1.2e-05, 0.0, 0.0, 0.0, 1.0],
                [1.0, -0.0, -0.0, -0.125006, -0.0, -0.695576, 0.718452, -0.002831, -0.0, -0.718452, -0.695577, -1.2e-05, 0.0, 0.0, 0.0, 1.0],
                [1.0, -0.0, -0.0, -0.125006, -0.0, -0.618544, 0.78575, -0.002831, -0.0, -0.78575, -0.618545, -1.2e-05, 0.0, 0.0, 0.0, 1.0],
                [1.0, -0.0, -0.0, -0.125006, -0.0, -0.556067, 0.831137, -0.002831, -0.0, -0.831137, -0.556067, -1.2e-05, 0.0, 0.0, 0.0, 1.0],
                [1.0, -0.0, -0.0, -0.125006, -0.0, -0.514785, 0.857319, -0.002831, -0.0, -0.857319, -0.514785, -1.2e-05, 0.0, 0.0, 0.0, 1.0],
                [1.0, -0.0, -0.0, -0.125006, -0.0, -0.5, 0.866025, -0.002831, -0.0, -0.866026, -0.5, -1.2e-05, 0.0, 0.0, 0.0, 1.0]
            ]
        },
        {
            "name": "Leg_L",
            "time": [0.0, 0.0167, 0.0333, 0.05, 0.0667, 0.0833, 0.1, 0.1167, 0.1333, 0.15, 0.1667, 0.1833, 0.2, 0.2167, 0.2333, 0.25, 0.2667, 0.2833, 0.3, 0.3167, 0.3333, 0.35, 0.3667, 0.3833, 0.4, 0.4167, 0.4333, 0.45, 0.4667, 0.4833, 0.5, 0.5167, 0.5333],
            "transform": [
                [1.0, 1e-06, 1e-06, -0.0, -1e-06, 0.984808, 0.173649, 0.37472, -1e-06, -0.173649, 0.984808, -0.0, 0.0, 0.0, 0.0, 1.0],
                [0.999998, 0.002207, -7.6e-05, -0.0, -0.002167, 0.987479, 0.157739, 0.37472, 0.000423, -0.157738, 0.987481, -0.0, 0.0, 0.0, 0.0, 1.0],
                [0.99997, 0.007724, -0.000425, -0.0, -0.007621, 0.993017, 0.117722, 0.37472, 0.001332, -0.117716, 0.993046, 0.0, 0.0, 0.0, 0.0, 1.0],
                [0.999889, 0.014882, -0.001214, 0.0, -0.014771, 0.997755, 0.065319, 0.37472, 0.002183, -0.065294, 0.997864, -0.0, 0.0, 0.0, 0.0, 1.0],
                [0.999755, 0.021995, -0.002379, 0.0, -0.021964, 0.999678, 0.012687, 0.37472, 0.002658, -0.012631, 0.999917, 0.0, 0.0, 0.0, 0.0, 1.0],
                [0.999618, 0.027418, -0.00353, -0.0, -0.027505, 0.999235, -0.027816, 0.37472, 0.002764, 0.027902, 0.999607, 0.0, 0.0, 0.0, 0.0, 1.0],
                [0.999554, 0.029571, -0.004051, 0.0, -0.029721, 0.99859, -0.043995, 0.37472, 0.002744, 0.044096, 0.999024, 0.0, 0.0, 0.0, 0.0, 1.0],
                [0.999618, 0.027421, -0.003505, -0.0, -0.027503, 0.999283, -0.026003, 0.37472, 0.002789, 0.02609, 0.999656, 0.0, 0.0, 0.0, 0.0, 1.0],
                [0.999755, 0.022014, -0.00226, 0.0, -0.021955, 0.999481, 0.023556, 0.37472, 0.002778, -0.0235, 0.99972, 0.0, 0.0, 0.0, 0.0, 1.0],
                [0.999888, 0.014914, -0.000971, -0.0, -0.014747, 0.995088, 0.097888, 0.37472, 0.002427, -0.097863, 0.995197, -0.0, 0.0, 0.0, 0.0, 1.0],
                [0.99997, 0.007747, -0.000144, -0.0, -0.007579, 0.981829, 0.189617, 0.37472, 0.001611, -0.18961, 0.981858, -0.0, 0.0, 0.0, 0.0, 1.0],
                [0.999998, 0.00221, 7.5e-05, -0.0, -0.002136, 0.956795, 0.290755, 0.37472, 0.000571, -0.290755, 0.956797, 0.0, 0.0, 0.0, 0.0, 1.0],
                [1.0, 1e-06, 1e-06, -0.0, -1e-06, 0.919429, 0.393256, 0.37472, -1e-06, -0.393256, 0.919429, 0.0, 0.0, 0.0, 0.0, 1.0],
                [1.0, 0.0, 1e-06, 0.0, -1e-06, 0.871296, 0.490757, 0.37472, -1e-06, -0.490757, 0.871296, -0.0, 0.0, 0.0, 0.0, 1.0],
                [1.0, 0.0, 1e-06, -0.0, -1e-06, 0.814729, 0.579842, 0.37472, -1e-06, -0.579842, 0.814729, -0.0, 0.0, 0.0, 0.0, 1.0],
                [1.0, 0.0, 1e-06, 0.0, -1e-06, 0.753217, 0.657772, 0.37472, -1e-06, -0.657772, 0.753217, 0.0, 0.0, 0.0, 0.0, 1.0],
                [1.0, 0.0, 1e-06, -0.0, -1e-06, 0.691277, 0.72259, 0.37472, -0.0, -0.72259, 0.691277, -0.0, 0.0, 0.0, 0.0, 1.0],
                [1.0, 0.0, 1e-06, 0.0, -1e-06, 0.634085, 0.773263, 0.37472, -0.0, -0.773263, 0.634085, -0.0, 0.0, 0.0, 0.0, 1.0],
                [1.0, 0.0, 1e-06, -0.0, -1e-06, 0.587054, 0.809548, 0.37472, -0.0, -0.809548, 0.587053, 0.0, 0.0, 0.0, 0.0, 1.0],
                [1.0, 0.0, 1e-06, -0.0, -1e-06, 0.555432, 0.831562, 0.37472, -0.0, -0.831562, 0.555432, -0.0, 0.0, 0.0, 0.0, 1.0],
                [1.0, 0.0, 1e-06, -0.0, -1e-06, 0.543966, 0.839107, 0.37472, -0.0, -0.839107, 0.543966, -0.0, 0.0, 0.0, 0.0, 1.0],
                [1.0, 0.0, 1e-06, -0.0, -1e-06, 0.543966, 0.839107, 0.37472, -0.0, -0.839107, 0.543966, 0.0, 0.0, 0.0, 0.0, 1.0],
                [1.0, 0.0, 1e-06, -0.0, -1e-06, 0.543966, 0.839107, 0.37472, -0.0, -0.839107, 0.543966, -0.0, 0.0, 0.0, 0.0, 1.0],
                [1.0, 0.0, 1e-06, 0.0, -1e-06, 0.543966, 0.839107, 0.37472, -0.0, -0.839107, 0.543966, -0.0, 0.0, 0.0, 0.0, 1.0],
                [1.0, 0.0, 1e-06, 0.0, -1e-06, 0.543966, 0.839107, 0.37472, -0.0, -0.839107, 0.543966, 0.0, 0.0, 0.0, 0.0, 1.0],
                [1.0, 0.0, 1e-06, -0.0, -1e-06, 0.543966, 0.839107, 0.37472, -0.0, -0.839107, 0.543966, 0.0, 0.0, 0.0, 0.0, 1.0],
                [1.0, 0.0, 1e-06, 0.0, -1e-06, 0.580689, 0.814126, 0.37472, -0.0, -0.814126, 0.580689, -0.0, 0.0, 0.0, 0.0, 1.0],
                [1.0, 0.0, 1e-06, -0.0, -1e-06, 0.671124, 0.741345, 0.37472, -0.0, -0.741345, 0.671124, 0.0, 0.0, 0.0, 0.0, 1.0],
                [1.0, 0.0, 1e-06, 0.0, -1e-06, 0.781558, 0.623832, 0.37472, -0.0, -0.623832, 0.781558, -0.0, 0.0, 0.0, 0.0, 1.0],
                [1.0, 0.0, 1e-06, -0.0, -1e-06, 0.879254, 0.476352, 0.37472, -1e-06, -0.476352, 0.879254, -0.0, 0.0, 0.0, 0.0, 1.0],
                [1.0, 1e-06, 1e-06, -0.0, -1e-06, 0.944385, 0.328842, 0.37472, -1e-06, -0.328842, 0.944385, 0.0, 0.0, 0.0, 0.0, 1.0],
                [1.0, 1e-06, 1e-06, -0.0, -1e-06, 0.976127, 0.217199, 0.37472, -1e-06, -0.217199, 0.976127, -0.0, 0.0, 0.0, 0.0, 1.0],
                [1.0, 1e-06, 1e-06, -0.0, -1e-06, 0.984808, 0.173649, 0.37472, -1e-06, -0.173649, 0.984808, -0.0, 0.0, 0.0, 0.0, 1.0]
            ]
        },
        {
            "name": "Knee_L",
            "time": [0.0, 0.0167, 0.0333, 0.05, 0.0667, 0.0833, 0.1, 0.1167, 0.1333, 0.15, 0.1667, 0.1833, 0.2, 0.2167, 0.2333, 0.25, 0.2667, 0.2833, 0.3, 0.3167, 0.3333, 0.35, 0.3667, 0.3833, 0.4, 0.4167, 0.4333, 0.45, 0.4667, 0.4833, 0.5, 0.5167, 0.5333],
            "transform": [
                [1.0, 0.0, -0.0, -0.0, -0.0, 0.0, -1.0, 0.37472, -0.0, 1.0, 0.0, -0.0, 0.0, 0.0, 0.0, 1.0],
                [1.0, 0.0, -0.0, -0.0, -0.0, 0.0, -1.0, 0.37472, -0.0, 1.0, 0.0, -0.0, 0.0, 0.0, 0.0, 1.0],
                [1.0, 0.0, -0.0, -0.0, -0.0, 0.0, -1.0, 0.37472, -0.0, 1.0, 0.0, 0.0, 0.0, 0.0, 0.0, 1.0],
                [1.0, 0.0, -0.0, 0.0, -0.0, 0.0, -1.0, 0.37472, -0.0, 1.0, 0.0, -0.0, 0.0, 0.0, 0.0, 1.0],
                [1.0, 0.0, -0.0, 0.0, -0.0, 0.0, -1.0, 0.37472, -0.0, 1.0, 0.0, 0.0, 0.0, 0.0, 0.0, 1.0],
                [1.0, 0.0, -0.0, -0.0, -0.0, 0.0, -1.0, 0.37472, -0.0, 1.0, 0.0, 0.0, 0.0, 0.0, 0.0, 1.0],
                [1.0, 0.0, -0.0, 0.0, -0.0, 0.0, -1.0, 0.37472, -0.0, 1.0, 0.0, 0.0, 0.0, 0.0, 0.0, 1.0],
                [1.0, 0.0, -0.0, -0.0, -0.0, 0.0, -1.0, 0.37472, -0.0, 1.0, 0.0, 0.0, 0.0, 0.0, 0.0, 1.0],
                [1.0, 0.0, -0.0, 0.0, -0.0, 0.0, -1.0, 0.37472, -0.0, 1.0, 0.0, 0.0, 0.0, 0.0, 0.0, 1.0],
                [1.0, 0.0, -0.0, -0.0, -0.0, 0.0, -1.0, 0.37472, -0.0, 1.0, 0.0, -0.0, 0.0, 0.0, 0.0, 1.0],
                [1.0, 0.0, -0.0, -0.0, -0.0, 0.0, -1.0, 0.37472, -0.0, 1.0, 0.0, -0.0, 0.0, 0.0, 0.0, 1.0],
                [1.0, 0.0, -0.0, -0.0, -0.0, 0.0, -1.0, 0.37472, -0.0, 1.0, 0.0, 0.0, 0.0, 0.0, 0.0, 1.0],
                [1.0, 0.0, -0.0, -0.0, -0.0, 0.0, -1.0, 0.37472, -0.0, 1.0, 0.0, 0.0, 0.0, 0.0, 0.0, 1.0],
                [1.0, 0.0, -0.0, 0.0, -0.0, 0.0, -1.0, 0.37472, -0.0, 1.0, 0.0, -0.0, 0.0, 0.0, 0.0, 1.0],
                [1.0, 0.0, -0.0, -0.0, -0.0, 0.0, -1.0, 0.37472, -0.0, 1.0, 0.0, -0.0, 0.0, 0.0, 0.0, 1.0],
                [1.0, 0.0, -0.0, 0.0, -0.0, 0.0, -1.0, 0.37472, -0.0, 1.0, 0.0, 0.0, 0.0, 0.0, 0.0, 1.0],
                [1.0, 0.0, -0.0, -0.0, -0.0, 0.0, -1.0, 0.37472, -0.0, 1.0, 0.0, -0.0, 0.0, 0.0, 0.0, 1.0],
                [1.0, 0.0, -0.0, 0.0, -0.0, 0.0, -1.0, 0.37472, -0.0, 1.0, 0.0, -0.0, 0.0, 0.0, 0.0, 1.0],
                [1.0, 0.0, -0.0, -0.0, -0.0, 0.0, -1.0, 0.37472, -0.0, 1.0, 0.0, 0.0, 0.0, 0.0, 0.0, 1.0],
                [1.0, 0.0, -0.0, -0.0, -0.0, 0.0, -1.0, 0.37472, -0.0, 1.0, 0.0, -0.0, 0.0, 0.0, 0.0, 1.0],
                [1.0, 0.0, -0.0, -0.0, -0.0, 0.0, -1.0, 0.37472, -0.0, 1.0, 0.0, -0.0, 0.0, 0.0, 0.0, 1.0],
                [1.0, 0.0, -0.0, -0.0, -0.0, 0.0, -1.0, 0.37472, -0.0, 1.0, 0.0, 0.0, 0.0, 0.0, 0.0, 1.0],
                [1.0, 0.0, -0.0, -0.0, -0.0, 0.0, -1.0, 0.37472, -0.0, 1.0, 0.0, -0.0, 0.0, 0.0, 0.0, 1.0],
                [1.0, 0.0, -0.0, 0.0, -0.0, 0.0, -1.0, 0.37472, -0.0, 1.0, 0.0, -0.0, 0.0, 0.0, 0.0, 1.0],
                [1.0, 0.0, -0.0, 0.0, -0.0, 0.0, -1.0, 0.37472, -0.0, 1.0, 0.0, 0.0, 0.0, 0.0, 0.0, 1.0],
                [1.0, 0.0, -0.0, -0.0, -0.0, 0.0, -1.0, 0.37472, -0.0, 1.0, 0.0, 0.0, 0.0, 0.0, 0.0, 1.0],
