{
    "animation": [
        {
            "name": "Root",
            "time": [0.0, 0.0167, 0.0333, 0.05, 0.0667, 0.0833, 0.1, 0.1167, 0.1333, 0.15, 0.1667, 0.1833, 0.2, 0.2167, 0.2333, 0.25, 0.2667, 0.2833, 0.3, 0.3167, 0.3333, 0.35, 0.3667, 0.3833, 0.4, 0.4167, 0.4333, 0.45, 0.4667, 0.4833, 0.5, 0.5167, 0.5333, 0.55, 0.5667, 0.5833, 0.6, 0.6167, 0.6333, 0.65, 0.6667, 0.6833, 0.7, 0.7167, 0.7333, 0.75, 0.7667, 0.7833, 0.8, 0.8167, 0.8333, 0.85, 0.8667, 0.8833, 0.9, 0.9167, 0.9333, 0.95, 0.9667, 0.9833, 1.0, 1.0167, 1.0333, 1.05, 1.0667, 1.0833, 1.1, 1.1167, 1.1333, 1.15, 1.1667, 1.1833, 1.2, 1.2167, 1.2333, 1.25, 1.2667, 1.2833, 1.3, 1.3167, 1.3333, 1.35, 1.3667, 1.3833, 1.4, 1.4167, 1.4333, 1.45, 1.4667, 1.4833, 1.5, 1.5167, 1.5333, 1.55, 1.5667, 1.5833, 1.6, 1.6167, 1.6333, 1.65, 1.6667, 1.6833, 1.7, 1.7167, 1.7333, 1.75, 1.7667, 1.7833, 1.8, 1.8167, 1.8333, 1.85, 1.8667, 1.8833, 1.9, 1.9167, 1.9333, 1.95, 1.9667, 1.9833, 2.0, 2.0167, 2.0333, 2.05, 2.0667, 2.0833, 2.1, 2.1167, 2.1333, 2.15, 2.1667, 2.1833, 2.2, 2.2167, 2.2333, 2.25, 2.2667, 2.2833, 2.3, 2.3167, 2.3333, 2.35, 2.3667, 2.3833, 2.4, 2.4167, 2.4333, 2.45, 2.4667, 2.4833, 2.5, 2.5167, 2.5333, 2.55, 2.5667, 2.5833, 2.6, 2.6167, 2.6333, 2.65, 2.6667, 2.6833, 2.7, 2.7167, 2.7333, 2.75, 2.7667, 2.7833, 2.8, 2.8167, 2.8333, 2.85, 2.8667, 2.8833, 2.9, 2.9167, 2.9333, 2.95],
            "transform": [
                [1.0, 0.0, 0.0, -5e-06, 0.0, 0.258819, -0.965926, 0.000946, 0.0, 0.965926, 0.258819, 0.763972, 0.0, 0.0, 0.0, 1.0],
                [1.0, 0.0, 0.0, -5e-06, 0.0, 0.258819, -0.965926, 0.072577, 0.0, 0.965926, 0.258819, 0.780165, 0.0, 0.0, 0.0, 1.0],
                [1.0, 0.0, 0.0, -5e-06, 0.0, 0.258819, -0.965926, 0.144208, 0.0, 0.965926, 0.258819, 0.796358, 0.0, 0.0, 0.0, 1.0],
                [1.0, 0.0, 0.0, -5e-06, 0.0, 0.258819, -0.965926, 0.215839, 0.0, 0.965926, 0.258819, 0.812552, 0.0, 0.0, 0.0, 1.0],
                [1.0, 0.0, 0.0, -5e-06, 0.0, 0.258819, -0.965926, 0.28747, 0.0, 0.965926, 0.258819, 0.828745, 0.0, 0.0, 0.0, 1.0],
                [1.0, 0.0, 0.0, -5e-06, 0.0, 0.258819, -0.965926, 0.359101, 0.0, 0.965926, 0.258819, 0.844938, 0.0, 0.0, 0.0, 1.0],
                [1.0, 0.0, 0.0, -5e-06, 0.0, 0.258819, -0.965926, 0.430732, 0.0, 0.965926, 0.258819, 0.861131, 0.0, 0.0, 0.0, 1.0],
                [1.0, 0.0, 0.0, -5e-06, 0.0, 0.258819, -0.965926, 0.502363, 0.0, 0.965926, 0.258819, 0.859117, 0.0, 0.0, 0.0, 1.0],
                [1.0, 0.0, 0.0, -5e-06, 0.0, 0.258819, -0.965926, 0.573993, 0.0, 0.965926, 0.258819, 0.853357, 0.0, 0.0, 0.0, 1.0],
                [1.0, 0.0, 0.0, -5e-06, 0.0, 0.258819, -0.965926, 0.645624, 0.0, 0.965926, 0.258819, 0.844278, 0.0, 0.0, 0.0, 1.0],
                [1.0, 0.0, 0.0, -5e-06, 0.0, 0.258819, -0.965926, 0.717255, 0.0, 0.965926, 0.258819, 0.832304, 0.0, 0.0, 0.0, 1.0],
                [1.0, 0.0, 0.0, -5e-06, 0.0, 0.258819, -0.965926, 0.788886, 0.0, 0.965926, 0.258819, 0.817861, 0.0, 0.0, 0.0, 1.0],
                [1.0, 0.0, 0.0, -5e-06, 0.0, 0.258819, -0.965926, 0.860517, 0.0, 0.965926, 0.258819, 0.801374, 0.0, 0.0, 0.0, 1.0],
                [1.0, 0.0, 0.0, -5e-06, 0.0, 0.258819, -0.965926, 0.932148, 0.0, 0.965926, 0.258819, 0.783269, 0.0, 0.0, 0.0, 1.0],
                [1.0, 0.0, 0.0, -5e-06, 0.0, 0.258819, -0.965926, 1.003779, 0.0, 0.965926, 0.258819, 0.763972, 0.0, 0.0, 0.0, 1.0],
                [1.0, 0.0, 0.0, -5e-06, 0.0, 0.258819, -0.965926, 1.07541, 0.0, 0.965926, 0.258819, 0.744061, 0.0, 0.0, 0.0, 1.0],
                [1.0, 0.0, 0.0, -5e-06, 0.0, 0.258819, -0.965926, 1.14704, 0.0, 0.965926, 0.258819, 0.724736, 0.0, 0.0, 0.0, 1.0],
                [1.0, 0.0, 0.0, -5e-06, 0.0, 0.258819, -0.965926, 1.218671, 0.0, 0.965926, 0.258819, 0.70735, 0.0, 0.0, 0.0, 1.0],
                [1.0, 0.0, 0.0, -5e-06, 0.0, 0.258819, -0.965926, 1.290302, 0.0, 0.965926, 0.258819, 0.693256, 0.0, 0.0, 0.0, 1.0],
                [1.0, 0.0, 0.0, -5e-06, 0.0, 0.258819, -0.965926, 1.361933, 0.0, 0.965926, 0.258819, 0.683808, 0.0, 0.0, 0.0, 1.0],
                [1.0, 0.0, 0.0, -5e-06, 0.0, 0.258819, -0.965926, 1.433564, 0.0, 0.965926, 0.258819, 0.680357, 0.0, 0.0, 0.0, 1.0],
                [1.0, 0.0, 0.0, -5e-06, 0.0, 0.301858, -0.953353, 1.507786, 0.0, 0.953353, 0.301858, 0.710152, 0.0, 0.0, 0.0, 1.0],
                [1.0, 0.0, 0.0, -5e-06, 0.0, 0.346893, -0.937905, 1.582007, 0.0, 0.937905, 0.346893, 0.796628, 0.0, 0.0, 0.0, 1.0],
                [1.0, 0.0, 0.0, -5e-06, 0.0, 0.393882, -0.919161, 1.656229, 0.0, 0.919161, 0.393882, 0.935427, 0.0, 0.0, 0.0, 1.0],
                [1.0, 0.0, 0.0, -5e-06, 0.0, 0.442732, -0.896654, 1.73045, 0.0, 0.896654, 0.442732, 1.122187, 0.0, 0.0, 0.0, 1.0],
                [1.0, 0.0, 0.0, -5e-06, 0.0, 0.493283, -0.869869, 2.003827, 0.0, 0.869869, 0.493283, 1.352548, 0.0, 0.0, 0.0, 1.0],
                [1.0, 0.0, 0.0, -5e-06, 0.0, 0.545291, -0.838247, 2.277203, 0.0, 0.838247, 0.545291, 1.622151, 0.0, 0.0, 0.0, 1.0],
                [1.0, 0.0, 0.0, -5e-06, 0.0, 0.598406, -0.801193, 2.550579, 0.0, 0.801193, 0.598406, 1.926636, 0.0, 0.0, 0.0, 1.0],
                [1.0, 0.0, 0.0, -5e-06, 0.0, 0.652152, -0.758088, 2.98017, 0.0, 0.758088, 0.652152, 2.261641, 0.0, 0.0, 0.0, 1.0],
                [1.0, 0.0, 0.0, -5e-06, 0.0, 0.705899, -0.708312, 3.409761, 0.0, 0.708312, 0.705899, 2.622807, 0.0, 0.0, 0.0, 1.0],
                [1.0, 0.0, 0.0, -5e-06, 0.0, 0.758847, -0.651269, 3.839353, 0.0, 0.651269, 0.758847, 3.005774, 0.0, 0.0, 0.0, 1.0],
                [1.0, 0.0, 0.0, -5e-06, 0.0, 0.809998, -0.586433, 4.268944, 0.0, 0.586433, 0.809998, 3.406182, 0.0, 0.0, 0.0, 1.0],
                [1.0, 0.0, 0.0, -5e-06, 0.0, 0.858151, -0.513398, 4.698535, 0.0, 0.513398, 0.858151, 3.81967, 0.0, 0.0, 0.0, 1.0],
                [1.0, 0.0, 0.0, -5e-06, 0.0, 0.901901, -0.431943, 5.128127, 0.0, 0.431943, 0.901901, 4.241879, 0.0, 0.0, 0.0, 1.0],
                [1.0, 0.0, 0.0, -5e-06, 0.0, 0.939661, -0.342108, 5.557718, 0.0, 0.342108, 0.939661, 4.668447, 0.0, 0.0, 0.0, 1.0],
                [1.0, 0.0, 0.0, -5e-06, 0.0, 0.969708, -0.244268, 5.987309, 0.0, 0.244268, 0.969708, 5.095016, 0.0, 0.0, 0.0, 1.0],
                [1.0, 0.0, 0.0, -5e-06, 0.0, 0.990264, -0.139205, 6.4169, 0.0, 0.139205, 0.990264, 5.517223, 0.0, 0.0, 0.0, 1.0],
                [1.0, 0.0, 0.0, -5e-06, 0.0, 0.999603, -0.028158, 6.846491, 0.0, 0.028158, 0.999603, 5.930712, 0.0, 0.0, 0.0, 1.0],
                [1.0, 0.0, 0.0, -5e-06, 0.0, 0.996195, 0.087156, 7.276083, 0.0, -0.087156, 0.996195, 6.33112, 0.0, 0.0, 0.0, 1.0],
                [1.0, 0.0, 0.0, -5e-06, 0.0, 0.97885, 0.204578, 7.705674, 0.0, -0.204578, 0.97885, 6.714087, 0.0, 0.0, 0.0, 1.0],
                [1.0, 0.0, 0.0, -5e-06, 0.0, 0.946877, 0.321597, 8.135264, 0.0, -0.321597, 0.946877, 7.075253, 0.0, 0.0, 0.0, 1.0],
                [1.0, 0.0, 0.0, -5e-06, 0.0, 0.900193, 0.435491, 8.564856, 0.0, -0.435491, 0.900193, 7.410258, 0.0, 0.0, 0.0, 1.0],
                [1.0, 0.0, 0.0, -5e-06, 0.0, 0.839394, 0.543524, 8.994447, 0.0, -0.543524, 0.839394, 7.714743, 0.0, 0.0, 0.0, 1.0],
                [1.0, 0.0, 0.0, -5e-06, 0.0, 0.76574, 0.64315, 9.424038, 0.0, -0.64315, 0.76574, 7.984344, 0.0, 0.0, 0.0, 1.0],
                [1.0, 0.0, 0.0, -5e-06, 0.0, 0.681076, 0.732213, 9.85363, 0.0, -0.732213, 0.681076, 8.214707, 0.0, 0.0, 0.0, 1.0],
                [1.0, 0.0, 0.0, -5e-06, 0.0, 0.587677, 0.809096, 10.28322, 0.0, -0.809096, 0.587677, 8.401467, 0.0, 0.0, 0.0, 1.0],
                [1.0, 0.0, 0.0, -5e-06, 0.0, 0.488062, 0.872809, 10.712812, 0.0, -0.872809, 0.488062, 8.540265, 0.0, 0.0, 0.0, 1.0],
                [1.0, 0.0, 0.0, -5e-06, 0.0, 0.384795, 0.923002, 11.142403, 0.0, -0.923002, 0.384795, 8.626741, 0.0, 0.0, 0.0, 1.0],
                [1.0, 0.0, 0.0, -5e-06, 0.0, 0.280304, 0.959911, 11.571994, 0.0, -0.959911, 0.280304, 8.656536, 0.0, 0.0, 0.0, 1.0],
                [1.0, 0.0, 0.0, -5e-06, 0.0, 0.176748, 0.984256, 11.839741, 0.0, -0.984256, 0.176748, 8.656428, 0.0, 0.0, 0.0, 1.0],
                [1.0, 0.0, 0.0, -5e-06, 0.0, 0.075927, 0.997113, 12.107488, 0.0, -0.997113, 0.075927, 8.655675, 0.0, 0.0, 0.0, 1.0],
                [1.0, 0.0, 0.0, -5e-06, 0.0, -0.020751, 0.999785, 12.375235, 0.0, -0.999785, -0.020751, 8.65363, 0.0, 0.0, 0.0, 1.0],
                [1.0, 0.0, 0.0, -5e-06, 0.0, -0.112271, 0.993677, 12.642982, 0.0, -0.993677, -0.112271, 8.649648, 0.0, 0.0, 0.0, 1.0],
                [1.0, 0.0, 0.0, -5e-06, 0.0, -0.197971, 0.980208, 12.910728, 0.0, -0.980208, -0.197971, 8.643082, 0.0, 0.0, 0.0, 1.0],
                [1.0, 0.0, 0.0, -5e-06, 0.0, -0.277493, 0.960728, 13.178475, 0.0, -0.960728, -0.277493, 8.633286, 0.0, 0.0, 0.0, 1.0],
                [1.0, 0.0, 0.0, -5e-06, 0.0, -0.350725, 0.936479, 13.446222, 0.0, -0.936479, -0.350725, 8.619616, 0.0, 0.0, 0.0, 1.0],
                [1.0, 0.0, 0.0, -5e-06, 0.0, -0.417743, 0.908565, 13.713969, 0.0, -0.908565, -0.417743, 8.601424, 0.0, 0.0, 0.0, 1.0],
                [1.0, 0.0, 0.0, -5e-06, 0.0, -0.451258, 0.892394, 13.981716, 0.0, -0.892394, -0.451258, 8.578066, 0.0, 0.0, 0.0, 1.0],
                [1.0, 0.0, 0.0, -5e-06, 0.0, -0.484988, 0.874521, 14.249463, 0.0, -0.874521, -0.484988, 8.548895, 0.0, 0.0, 0.0, 1.0],
                [1.0, 0.0, 0.0, -5e-06, 0.0, -0.518842, 0.854871, 14.51721, 0.0, -0.854871, -0.518842, 8.513266, 0.0, 0.0, 0.0, 1.0],
                [1.0, 0.0, 0.0, -5e-06, 0.0, -0.552714, 0.833371, 14.784957, 0.0, -0.833371, -0.552714, 8.470532, 0.0, 0.0, 0.0, 1.0],
                [1.0, 0.0, 0.0, -5e-06, 0.0, -0.586491, 0.809956, 15.052704, 0.0, -0.809956, -0.586491, 8.420049, 0.0, 0.0, 0.0, 1.0],
                [1.0, 0.0, 0.0, -5e-06, 0.0, -0.620046, 0.784565, 15.320451, 0.0, -0.784565, -0.620046, 8.361169, 0.0, 0.0, 0.0, 1.0],
                [1.0, 0.0, 0.0, -5e-06, 0.0, -0.653244, 0.757148, 15.588198, 0.0, -0.757148, -0.653244, 8.293247, 0.0, 0.0, 0.0, 1.0],
                [1.0, 0.0, 0.0, -5e-06, 0.0, -0.685937, 0.727661, 15.855945, 0.0, -0.727661, -0.685937, 8.215638, 0.0, 0.0, 0.0, 1.0],
                [1.0, 0.0, 0.0, -5e-06, 0.0, -0.717969, 0.696076, 16.123692, 0.0, -0.696076, -0.717969, 8.127695, 0.0, 0.0, 0.0, 1.0],
                [1.0, 0.0, 0.0, -5e-06, 0.0, -0.749173, 0.662374, 16.391438, 0.0, -0.662374, -0.749173, 8.028773, 0.0, 0.0, 0.0, 1.0],
                [1.0, 0.0, 0.0, -5e-06, 0.0, -0.779377, 0.626556, 16.659185, 0.0, -0.626556, -0.779377, 7.918225, 0.0, 0.0, 0.0, 1.0],
                [1.0, 0.0, 0.0, -5e-06, 0.0, -0.808399, 0.588636, 16.926933, 0.0, -0.588636, -0.808399, 7.795407, 0.0, 0.0, 0.0, 1.0],
                [1.0, 0.0, 0.0, -5e-06, 0.0, -0.836055, 0.548646, 17.194679, 0.0, -0.548646, -0.836055, 7.63195, 0.0, 0.0, 0.0, 1.0],
                [1.0, 0.0, 0.0, -5e-06, 0.0, -0.862158, 0.50664, 17.462425, 0.0, -0.50664, -0.862158, 7.404797, 0.0, 0.0, 0.0, 1.0],
                [1.0, 0.0, 0.0, -5e-06, 0.0, -0.886519, 0.462692, 17.730173, 0.0, -0.462692, -0.886519, 7.121258, 0.0, 0.0, 0.0, 1.0],
                [1.0, 0.0, 0.0, -5e-06, 0.0, -0.908955, 0.416895, 17.997921, 0.0, -0.416895, -0.908955, 6.788647, 0.0, 0.0, 0.0, 1.0],
                [1.0, 0.0, 0.0, -5e-06, 0.0, -0.929285, 0.369365, 18.265667, 0.0, -0.369365, -0.929285, 6.414277, 0.0, 0.0, 0.0, 1.0],
                [1.0, 0.0, 0.0, -5e-06, 0.0, -0.947336, 0.320241, 18.533413, 0.0, -0.320241, -0.947336, 6.005461, 0.0, 0.0, 0.0, 1.0],
                [1.0, 0.0, 0.0, -5e-06, 0.0, -0.96295, 0.269681, 18.801161, 0.0, -0.269681, -0.96295, 5.569511, 0.0, 0.0, 0.0, 1.0],
                [1.0, 0.0, 0.0, -5e-06, 0.0, -0.97598, 0.217863, 19.068909, 0.0, -0.217863, -0.97598, 5.113743, 0.0, 0.0, 0.0, 1.0],
                [1.0, 0.0, 0.0, -5e-06, 0.0, -0.986296, 0.164984, 19.336655, 0.0, -0.164984, -0.986296, 4.645468, 0.0, 0.0, 0.0, 1.0],
                [1.0, 0.0, 0.0, -5e-06, 0.0, -0.993792, 0.111257, 19.604401, 0.0, -0.111257, -0.993792, 4.171999, 0.0, 0.0, 0.0, 1.0],
                [1.0, 0.0, 0.0, -5e-06, 0.0, -0.99838, 0.056908, 19.872149, 0.0, -0.056908, -0.99838, 3.700649, 0.0, 0.0, 0.0, 1.0],
                [1.0, 0.0, 0.0, -5e-06, 0.0, -0.98095, -0.194259, 20.139896, 0.0, 0.194259, -0.98095, 3.238731, 0.0, 0.0, 0.0, 1.0],
                [1.0, 0.0, 0.0, -5e-06, 0.0, -0.902803, -0.430055, 20.407642, 0.0, 0.430055, -0.902803, 2.79356, 0.0, 0.0, 0.0, 1.0],
                [1.0, 0.0, 0.0, -5e-06, 0.0, -0.775722, -0.631075, 20.675388, 0.0, 0.631075, -0.775722, 2.372447, 0.0, 0.0, 0.0, 1.0],
                [1.0, 0.0, 0.0, -5e-06, 0.0, -0.617579, -0.786509, 20.943136, 0.0, 0.786509, -0.617579, 1.982705, 0.0, 0.0, 0.0, 1.0],
                [1.0, 0.0, 0.0, -5e-06, 0.0, -0.446558, -0.894755, 21.210884, 0.0, 0.894755, -0.446558, 1.631648, 0.0, 0.0, 0.0, 1.0],
                [1.0, 0.0, 0.0, -5e-06, 0.0, -0.2771, -0.960841, 21.47863, 0.0, 0.960841, -0.2771, 1.326588, 0.0, 0.0, 0.0, 1.0],
                [1.0, 0.0, 0.0, -5e-06, 0.0, -0.118546, -0.992948, 21.746376, 0.0, 0.992948, -0.118546, 1.074839, 0.0, 0.0, 0.0, 1.0],
                [1.0, 0.0, 0.0, -5e-06, 0.0, 0.02432, -0.999704, 22.014124, 0.0, 0.999704, 0.02432, 0.883714, 0.0, 0.0, 0.0, 1.0],
                [1.0, 0.0, 0.0, -5e-06, 0.0, 0.149965, -0.988691, 22.281872, 0.0, 0.988691, 0.149965, 0.760525, 0.0, 0.0, 0.0, 1.0],
                [1.0, 0.0, 0.0, -5e-06, 0.0, 0.258819, -0.965926, 22.549618, 0.0, 0.965926, 0.258819, 0.712586, 0.0, 0.0, 0.0, 1.0],
                [1.0, 0.0, 0.0, -5e-06, 0.0, 0.258819, -0.965926, 22.562527, 0.0, 0.965926, 0.258819, 0.705047, 0.0, 0.0, 0.0, 1.0],
                [1.0, 0.0, 0.0, -5e-06, 0.0, 0.258819, -0.965926, 22.574312, 0.0, 0.965926, 0.258819, 0.698164, 0.0, 0.0, 0.0, 1.0],
                [1.0, 0.0, 0.0, -5e-06, 0.0, 0.258819, -0.965926, 22.585028, 0.0, 0.965926, 0.258819, 0.691905, 0.0, 0.0, 0.0, 1.0],
                [1.0, 0.0, 0.0, -5e-06, 0.0, 0.258819, -0.965926, 22.594723, 0.0, 0.965926, 0.258819, 0.686243, 0.0, 0.0, 0.0, 1.0],
                [1.0, 0.0, 0.0, -5e-06, 0.0, 0.258819, -0.965926, 22.603453, 0.0, 0.965926, 0.258819, 0.681146, 0.0, 0.0, 0.0, 1.0],
                [1.0, 0.0, 0.0, -5e-06, 0.0, 0.258819, -0.965926, 22.611261, 0.0, 0.965926, 0.258819, 0.676585, 0.0, 0.0, 0.0, 1.0],
                [1.0, 0.0, 0.0, -5e-06, 0.0, 0.258819, -0.965926, 22.618204, 0.0, 0.965926, 0.258819, 0.67253, 0.0, 0.0, 0.0, 1.0],
                [1.0, 0.0, 0.0, -5e-06, 0.0, 0.258819, -0.965926, 22.624331, 0.0, 0.965926, 0.258819, 0.668951, 0.0, 0.0, 0.0, 1.0],
                [1.0, 0.0, 0.0, -5e-06, 0.0, 0.258819, -0.965926, 22.629692, 0.0, 0.965926, 0.258819, 0.66582, 0.0, 0.0, 0.0, 1.0],
                [1.0, 0.0, 0.0, -5e-06, 0.0, 0.258819, -0.965926, 22.63434, 0.0, 0.965926, 0.258819, 0.663105, 0.0, 0.0, 0.0, 1.0],
                [1.0, 0.0, 0.0, -5e-06, 0.0, 0.258819, -0.965926, 22.638327, 0.0, 0.965926, 0.258819, 0.660777, 0.0, 0.0, 0.0, 1.0],
                [1.0, 0.0, 0.0, -5e-06, 0.0, 0.258819, -0.965926, 22.641701, 0.0, 0.965926, 0.258819, 0.658807, 0.0, 0.0, 0.0, 1.0],
                [1.0, 0.0, 0.0, -5e-06, 0.0, 0.258819, -0.965926, 22.644512, 0.0, 0.965926, 0.258819, 0.657164, 0.0, 0.0, 0.0, 1.0],
                [1.0, 0.0, 0.0, -5e-06, 0.0, 0.258819, -0.965926, 22.646816, 0.0, 0.965926, 0.258819, 0.655819, 0.0, 0.0, 0.0, 1.0],
                [1.0, 0.0, 0.0, -5e-06, 0.0, 0.258819, -0.965926, 22.648661, 0.0, 0.965926, 0.258819, 0.654742, 0.0, 0.0, 0.0, 1.0],
                [1.0, 0.0, 0.0, -5e-06, 0.0, 0.258819, -0.965926, 22.650097, 0.0, 0.965926, 0.258819, 0.653904, 0.0, 0.0, 0.0, 1.0],
                [1.0, 0.0, 0.0, -5e-06, 0.0, 0.258819, -0.965926, 22.651175, 0.0, 0.965926, 0.258819, 0.653273, 0.0, 0.0, 0.0, 1.0],
                [1.0, 0.0, 0.0, -5e-06, 0.0, 0.258819, -0.965926, 22.651949, 0.0, 0.965926, 0.258819, 0.652822, 0.0, 0.0, 0.0, 1.0],
                [1.0, 0.0, 0.0, -5e-06, 0.0, 0.258819, -0.965926, 22.652468, 0.0, 0.965926, 0.258819, 0.652519, 0.0, 0.0, 0.0, 1.0],
                [1.0, 0.0, 0.0, -5e-06, 0.0, 0.258819, -0.965926, 22.652782, 0.0, 0.965926, 0.258819, 0.652335, 0.0, 0.0, 0.0, 1.0],
                [1.0, 0.0, 0.0, -5e-06, 0.0, 0.258819, -0.965926, 22.652945, 0.0, 0.965926, 0.258819, 0.652241, 0.0, 0.0, 0.0, 1.0],
                [1.0, 0.0, 0.0, -5e-06, 0.0, 0.258819, -0.965926, 22.653002, 0.0, 0.965926, 0.258819, 0.652206, 0.0, 0.0, 0.0, 1.0],
                [1.0, 0.0, 0.0, -5e-06, 0.0, 0.258819, -0.965926, 22.653011, 0.0, 0.965926, 0.258819, 0.652201, 0.0, 0.0, 0.0, 1.0],
                [1.0, 0.0, 0.0, -5e-06, 0.0, 0.258819, -0.965926, 22.653011, 0.0, 0.965926, 0.258819, 0.652201, 0.0, 0.0, 0.0, 1.0],
                [1.0, 0.0, 0.0, -5e-06, 0.0, 0.258819, -0.965926, 22.653011, 0.0, 0.965926, 0.258819, 0.652201, 0.0, 0.0, 0.0, 1.0],
                [1.0, 0.0, 0.0, -5e-06, 0.0, 0.258819, -0.965926, 22.653011, 0.0, 0.965926, 0.258819, 0.652201, 0.0, 0.0, 0.0, 1.0],
                [1.0, 0.0, 0.0, -5e-06, 0.0, 0.258819, -0.965926, 22.653011, 0.0, 0.965926, 0.258819, 0.652201, 0.0, 0.0, 0.0, 1.0],
                [1.0, 0.0, 0.0, -5e-06, 0.0, 0.258819, -0.965926, 22.653011, 0.0, 0.965926, 0.258819, 0.652201, 0.0, 0.0, 0.0, 1.0],
                [1.0, 0.0, 0.0, -5e-06, 0.0, 0.258819, -0.965926, 22.653011, 0.0, 0.965926, 0.258819, 0.652201, 0.0, 0.0, 0.0, 1.0],
                [1.0, 0.0, 0.0, -5e-06, 0.0, 0.258819, -0.965926, 22.653011, 0.0, 0.965926, 0.258819, 0.652201, 0.0, 0.0, 0.0, 1.0],
                [1.0, 0.0, 0.0, -5e-06, 0.0, 0.258819, -0.965926, 22.653011, 0.0, 0.965926, 0.258819, 0.652201, 0.0, 0.0, 0.0, 1.0],
                [1.0, 0.0, 0.0, -5e-06, 0.0, 0.258819, -0.965926, 22.653011, 0.0, 0.965926, 0.258819, 0.652201, 0.0, 0.0, 0.0, 1.0],
                [1.0, 0.0, 0.0, -5e-06, 0.0, 0.258819, -0.965926, 22.653011, 0.0, 0.965926, 0.258819, 0.652201, 0.0, 0.0, 0.0, 1.0],
                [1.0, 0.0, 0.0, -5e-06, 0.0, 0.258819, -0.965926, 22.653011, 0.0, 0.965926, 0.258819, 0.652201, 0.0, 0.0, 0.0, 1.0],
                [1.0, 0.0, 0.0, -5e-06, 0.0, 0.258819, -0.965926, 22.653011, 0.0, 0.965926, 0.258819, 0.652201, 0.0, 0.0, 0.0, 1.0],
                [1.0, 0.0, 0.0, -5e-06, 0.0, 0.258819, -0.965926, 22.653011, 0.0, 0.965926, 0.258819, 0.652201, 0.0, 0.0, 0.0, 1.0],
                [1.0, 0.0, 0.0, -5e-06, 0.0, 0.258819, -0.965926, 22.653011, 0.0, 0.965926, 0.258819, 0.652201, 0.0, 0.0, 0.0, 1.0],
                [1.0, 0.0, 0.0, -5e-06, 0.0, 0.258819, -0.965926, 22.653011, 0.0, 0.965926, 0.258819, 0.652201, 0.0, 0.0, 0.0, 1.0],
                [1.0, 0.0, 0.0, -5e-06, 0.0, 0.258819, -0.965926, 22.653011, 0.0, 0.965926, 0.258819, 0.652201, 0.0, 0.0, 0.0, 1.0],
                [1.0, 0.0, 0.0, -5e-06, 0.0, 0.258819, -0.965926, 22.653011, 0.0, 0.965926, 0.258819, 0.652201, 0.0, 0.0, 0.0, 1.0],
                [1.0, 0.0, 0.0, -5e-06, 0.0, 0.258819, -0.965926, 22.653011, 0.0, 0.965926, 0.258819, 0.652201, 0.0, 0.0, 0.0, 1.0],
                [1.0, 0.0, 0.0, -5e-06, 0.0, 0.258819, -0.965926, 22.653011, 0.0, 0.965926, 0.258819, 0.652201, 0.0, 0.0, 0.0, 1.0],
                [1.0, 0.0, 0.0, -5e-06, 0.0, 0.258819, -0.965926, 22.653011, 0.0, 0.965926, 0.258819, 0.652201, 0.0, 0.0, 0.0, 1.0],
                [1.0, 0.0, 0.0, -5e-06, 0.0, 0.258819, -0.965926, 22.653011, 0.0, 0.965926, 0.258819, 0.652201, 0.0, 0.0, 0.0, 1.0],
                [1.0, 0.0, 0.0, -5e-06, 0.0, 0.258819, -0.965926, 22.653011, 0.0, 0.965926, 0.258819, 0.652201, 0.0, 0.0, 0.0, 1.0],
                [1.0, 0.0, 0.0, -5e-06, 0.0, 0.258819, -0.965926, 22.653011, 0.0, 0.965926, 0.258819, 0.652201, 0.0, 0.0, 0.0, 1.0],
                [1.0, 0.0, 0.0, -5e-06, 0.0, 0.258819, -0.965926, 22.653011, 0.0, 0.965926, 0.258819, 0.652201, 0.0, 0.0, 0.0, 1.0],
                [1.0, 0.0, 0.0, -5e-06, 0.0, 0.258354, -0.96605, 22.653011, 0.0, 0.96605, 0.258354, 0.652407, 0.0, 0.0, 0.0, 1.0],
                [1.0, 0.0, 0.0, -5e-06, 0.0, 0.25699, -0.966414, 22.653011, 0.0, 0.966414, 0.25699, 0.653012, 0.0, 0.0, 0.0, 1.0],
                [1.0, 0.0, 0.0, -5e-06, 0.0, 0.254774, -0.967001, 22.653011, 0.0, 0.967001, 0.254774, 0.653993, 0.0, 0.0, 0.0, 1.0],
                [1.0, 0.0, 0.0, -5e-06, 0.0, 0.25175, -0.967792, 22.653011, 0.0, 0.967792, 0.25175, 0.655331, 0.0, 0.0, 0.0, 1.0],
                [1.0, 0.0, 0.0, -5e-06, 0.0, 0.247964, -0.968769, 22.653011, 0.0, 0.968769, 0.247964, 0.657004, 0.0, 0.0, 0.0, 1.0],
                [1.0, 0.0, 0.0, -5e-06, 0.0, 0.243461, -0.969911, 22.653011, 0.0, 0.969911, 0.243461, 0.658991, 0.0, 0.0, 0.0, 1.0],
                [1.0, 0.0, 0.0, -5e-06, 0.0, 0.238285, -0.971195, 22.653011, 0.0, 0.971195, 0.238285, 0.661272, 0.0, 0.0, 0.0, 1.0],
                [1.0, 0.0, 0.0, -5e-06, 0.0, 0.23248, -0.972601, 22.653011, 0.0, 0.972601, 0.23248, 0.663825, 0.0, 0.0, 0.0, 1.0],
                [1.0, 0.0, 0.0, -5e-06, 0.0, 0.226093, -0.974106, 22.653011, 0.0, 0.974106, 0.226093, 0.66663, 0.0, 0.0, 0.0, 1.0],
                [1.0, 0.0, 0.0, -5e-06, 0.0, 0.219167, -0.975687, 22.653011, 0.0, 0.975687, 0.219167, 0.669665, 0.0, 0.0, 0.0, 1.0],
                [1.0, 0.0, 0.0, -5e-06, 0.0, 0.211749, -0.977324, 22.653011, 0.0, 0.977324, 0.211749, 0.67291, 0.0, 0.0, 0.0, 1.0],
                [1.0, 0.0, 0.0, -5e-06, 0.0, 0.203883, -0.978995, 22.653011, 0.0, 0.978995, 0.203883, 0.676344, 0.0, 0.0, 0.0, 1.0],
                [1.0, 0.0, 0.0, -5e-06, 0.0, 0.195616, -0.98068, 22.653011, 0.0, 0.98068, 0.195616, 0.679945, 0.0, 0.0, 0.0, 1.0],
                [1.0, 0.0, 0.0, -5e-06, 0.0, 0.186996, -0.982361, 22.653011, 0.0, 0.982361, 0.186996, 0.683693, 0.0, 0.0, 0.0, 1.0],
                [1.0, 0.0, 0.0, -5e-06, 0.0, 0.178069, -0.984018, 22.653011, 0.0, 0.984018, 0.178069, 0.687566, 0.0, 0.0, 0.0, 1.0],
                [1.0, 0.0, 0.0, -5e-06, 0.0, 0.168883, -0.985636, 22.653011, 0.0, 0.985636, 0.168883, 0.691544, 0.0, 0.0, 0.0, 1.0],
                [1.0, 0.0, 0.0, -5e-06, 0.0, 0.159487, -0.9872, 22.653011, 0.0, 0.9872, 0.159487, 0.695607, 0.0, 0.0, 0.0, 1.0],
                [1.0, 0.0, 0.0, -5e-06, 0.0, 0.149929, -0.988697, 22.653011, 0.0, 0.988697, 0.149929, 0.699732, 0.0, 0.0, 0.0, 1.0],
                [1.0, 0.0, 0.0, -5e-06, 0.0, 0.140259, -0.990115, 22.653011, 0.0, 0.990115, 0.140259, 0.703898, 0.0, 0.0, 0.0, 1.0],
                [1.0, 0.0, 0.0, -5e-06, 0.0, 0.130526, -0.991445, 22.653011, 0.0, 0.991445, 0.130526, 0.708086, 0.0, 0.0, 0.0, 1.0],
                [1.0, 0.0, 0.0, -5e-06, 0.0, 0.120781, -0.992679, 22.653011, 0.0, 0.992679, 0.120781, 0.712274, 0.0, 0.0, 0.0, 1.0],
                [1.0, 0.0, 0.0, -5e-06, 0.0, 0.111073, -0.993812, 22.653011, 0.0, 0.993812, 0.111073, 0.716441, 0.0, 0.0, 0.0, 1.0],
                [1.0, 0.0, 0.0, -5e-06, 0.0, 0.101453, -0.99484, 22.653011, 0.0, 0.99484, 0.101453, 0.720566, 0.0, 0.0, 0.0, 1.0],
                [1.0, 0.0, 0.0, -5e-06, 0.0, 0.091973, -0.995762, 22.653011, 0.0, 0.995762, 0.091973, 0.724628, 0.0, 0.0, 0.0, 1.0],
                [1.0, 0.0, 0.0, -5e-06, 0.0, 0.082681, -0.996576, 22.653011, 0.0, 0.996576, 0.082681, 0.728607, 0.0, 0.0, 0.0, 1.0],
                [1.0, 0.0, 0.0, -5e-06, 0.0, 0.073629, -0.997286, 22.653011, 0.0, 0.997286, 0.073629, 0.73248, 0.0, 0.0, 0.0, 1.0],
                [1.0, 0.0, 0.0, -5e-06, 0.0, 0.064867, -0.997894, 22.653011, 0.0, 0.997894, 0.064867, 0.736228, 0.0, 0.0, 0.0, 1.0],
                [1.0, 0.0, 0.0, -5e-06, 0.0, 0.056446, -0.998406, 22.653011, 0.0, 0.998406, 0.056446, 0.739829, 0.0, 0.0, 0.0, 1.0],
                [1.0, 0.0, 0.0, -5e-06, 0.0, 0.048416, -0.998827, 22.653011, 0.0, 0.998827, 0.048416, 0.743263, 0.0, 0.0, 0.0, 1.0],
                [1.0, 0.0, 0.0, -5e-06, 0.0, 0.040827, -0.999166, 22.653011, 0.0, 0.999166, 0.040827, 0.746507, 0.0, 0.0, 0.0, 1.0],
                [1.0, 0.0, 0.0, -5e-06, 0.0, 0.033728, -0.999431, 22.653011, 0.0, 0.999431, 0.033728, 0.749543, 0.0, 0.0, 0.0, 1.0],
                [1.0, 0.0, 0.0, -5e-06, 0.0, 0.027168, -0.999631, 22.653011, 0.0, 0.999631, 0.027168, 0.752347, 0.0, 0.0, 0.0, 1.0],
                [1.0, 0.0, 0.0, -5e-06, 0.0, 0.021198, -0.999775, 22.653011, 0.0, 0.999775, 0.021198, 0.754901, 0.0, 0.0, 0.0, 1.0],
                [1.0, 0.0, 0.0, -5e-06, 0.0, 0.015866, -0.999874, 22.653011, 0.0, 0.999874, 0.015866, 0.757182, 0.0, 0.0, 0.0, 1.0],
                [1.0, 0.0, 0.0, -5e-06, 0.0, 0.011221, -0.999937, 22.653011, 0.0, 0.999937, 0.011221, 0.759169, 0.0, 0.0, 0.0, 1.0],
                [1.0, 0.0, 0.0, -5e-06, 0.0, 0.007311, -0.999973, 22.653011, 0.0, 0.999973, 0.007311, 0.760842, 0.0, 0.0, 0.0, 1.0],
                [1.0, 0.0, 0.0, -5e-06, 0.0, 0.004185, -0.999991, 22.653011, 0.0, 0.999991, 0.004185, 0.76218, 0.0, 0.0, 0.0, 1.0],
                [1.0, 0.0, 0.0, -5e-06, 0.0, 0.001893, -0.999998, 22.653011, 0.0, 0.999998, 0.001893, 0.763161, 0.0, 0.0, 0.0, 1.0],
                [1.0, 0.0, 0.0, -5e-06, 0.0, 0.000481, -1.0, 22.653011, 0.0, 1.0, 0.000481, 0.763766, 0.0, 0.0, 0.0, 1.0],
                [1.0, 0.0, 0.0, -5e-06, 0.0, -0.0, -1.0, 22.653011, 0.0, 1.0, -0.0, 0.763972, 0.0, 0.0, 0.0, 1.0],
                [1.0, 0.0, 0.0, -5e-06, 0.0, -0.0, -1.0, 22.653011, 0.0, 1.0, -0.0, 0.763972, 0.0, 0.0, 0.0, 1.0]
            ]
        },
        {
            "name": "Thigh_R",
            "time": [0.0, 0.0167, 0.0333, 0.05, 0.0667, 0.0833, 0.1, 0.1167, 0.1333, 0.15, 0.1667, 0.1833, 0.2, 0.2167, 0.2333, 0.25, 0.2667, 0.2833, 0.3, 0.3167, 0.3333, 0.35, 0.3667, 0.3833, 0.4, 0.4167, 0.4333, 0.45, 0.4667, 0.4833, 0.5, 0.5167, 0.5333, 0.55, 0.5667, 0.5833, 0.6, 0.6167, 0.6333, 0.65, 0.6667, 0.6833, 0.7, 0.7167, 0.7333, 0.75, 0.7667, 0.7833, 0.8, 0.8167, 0.8333, 0.85, 0.8667, 0.8833, 0.9, 0.9167, 0.9333, 0.95, 0.9667, 0.9833, 1.0, 1.0167, 1.0333, 1.05, 1.0667, 1.0833, 1.1, 1.1167, 1.1333, 1.15, 1.1667, 1.1833, 1.2, 1.2167, 1.2333, 1.25, 1.2667, 1.2833, 1.3, 1.3167, 1.3333, 1.35, 1.3667, 1.3833, 1.4, 1.4167, 1.4333, 1.45, 1.4667, 1.4833, 1.5, 1.5167, 1.5333, 1.55, 1.5667, 1.5833, 1.6, 1.6167, 1.6333, 1.65, 1.6667, 1.6833, 1.7, 1.7167, 1.7333, 1.75, 1.7667, 1.7833, 1.8, 1.8167, 1.8333, 1.85, 1.8667, 1.8833, 1.9, 1.9167, 1.9333, 1.95, 1.9667, 1.9833, 2.0, 2.0167, 2.0333, 2.05, 2.0667, 2.0833, 2.1, 2.1167, 2.1333, 2.15, 2.1667, 2.1833, 2.2, 2.2167, 2.2333, 2.25, 2.2667, 2.2833, 2.3, 2.3167, 2.3333, 2.35, 2.3667, 2.3833, 2.4, 2.4167, 2.4333, 2.45, 2.4667, 2.4833, 2.5, 2.5167, 2.5333, 2.55, 2.5667, 2.5833, 2.6, 2.6167, 2.6333, 2.65, 2.6667, 2.6833, 2.7, 2.7167, 2.7333, 2.75, 2.7667, 2.7833, 2.8, 2.8167, 2.8333, 2.85, 2.8667, 2.8833, 2.9, 2.9167, 2.9333, 2.95],
            "transform": [
                [0.881219, -0.070525, -0.467418, 0.124994, 0.380979, -0.479401, 0.790588, -0.005666, -0.279837, -0.874758, -0.395588, 0.032399, 0.0, 0.0, 0.0, 1.0],
                [0.897592, -0.037655, -0.439216, 0.124994, 0.343133, -0.565812, 0.749744, -0.005666, -0.276745, -0.823674, -0.494948, 0.032399, 0.0, 0.0, 0.0, 1.0],
                [0.913932, -0.007109, -0.405804, 0.124994, 0.304206, -0.649879, 0.696502, -0.005666, -0.268676, -0.760004, -0.591783, 0.032399, 0.0, 0.0, 0.0, 1.0],
                [0.929852, 0.020135, -0.367381, 0.124994, 0.264987, -0.729369, 0.630716, -0.005666, -0.255257, -0.683824, -0.683541, 0.032399, 0.0, 0.0, 0.0, 1.0],
                [0.944351, 0.042297, -0.326209, 0.124994, 0.22791, -0.799216, 0.556157, -0.005666, -0.237188, -0.599553, -0.764381, 0.032399, 0.0, 0.0, 0.0, 1.0],
                [0.9577, 0.059782, -0.28149, 0.124994, 0.192274, -0.860723, 0.471367, -0.005666, -0.214106, -0.505552, -0.835809, 0.032399, 0.0, 0.0, 0.0, 1.0],
                [0.969549, 0.071992, -0.234078, 0.124994, 0.158945, -0.912137, 0.377813, -0.005666, -0.186312, -0.403513, -0.895804, 0.032399, 0.0, 0.0, 0.0, 1.0],
                [0.979598, 0.078541, -0.184985, 0.124994, 0.128722, -0.952087, 0.277416, -0.005666, -0.154333, -0.295568, -0.942773, 0.032399, 0.0, 0.0, 0.0, 1.0],
                [0.987626, 0.07929, -0.135309, 0.124994, 0.102278, -0.979697, 0.172432, -0.005666, -0.11889, -0.184137, -0.975684, 0.032399, 0.0, 0.0, 0.0, 1.0],
                [0.993503, 0.074358, -0.08616, 0.124994, 0.080105, -0.994646, 0.065278, -0.005666, -0.080845, -0.071756, -0.994141, 0.032399, 0.0, 0.0, 0.0, 1.0],
                [0.997198, 0.064104, -0.038571, 0.124994, 0.062492, -0.997176, -0.041641, -0.005666, -0.041131, 0.039114, -0.998388, 0.032399, 0.0, 0.0, 0.0, 1.0],
                [0.998773, 0.049083, 0.006562, 0.124994, 0.049515, -0.988029, -0.146104, -0.005666, -0.000688, 0.14625, -0.989247, 0.032399, 0.0, 0.0, 0.0, 1.0],
                [0.998371, 0.02999, 0.048528, 0.124994, 0.041055, -0.968349, -0.246201, -0.005666, 0.039608, 0.247793, -0.968003, 0.032399, 0.0, 0.0, 0.0, 1.0],
                [0.996195, 0.007596, 0.086824, 0.124994, 0.036833, -0.939552, -0.340418, -0.005666, 0.07899, 0.342321, -0.936257, 0.032399, 0.0, 0.0, 0.0, 1.0],
                [0.996271, 0.007857, 0.085918, 0.124994, 0.036741, -0.939669, -0.340106, -0.005666, 0.078063, 0.341995, -0.936454, 0.032399, 0.0, 0.0, 0.0, 1.0],
                [0.996431, 0.008807, 0.08395, 0.124994, 0.036719, -0.940736, -0.337144, -0.005666, 0.076005, 0.339024, -0.937703, 0.032399, 0.0, 0.0, 0.0, 1.0],
                [0.996572, 0.010687, 0.082032, 0.124994, 0.037158, -0.943786, -0.328462, -0.005666, 0.07391, 0.330384, -0.940948, 0.032399, 0.0, 0.0, 0.0, 1.0],
                [0.996626, 0.014378, 0.080811, 0.124994, 0.037727, -0.954616, -0.29544, -0.005666, 0.072896, 0.297492, -0.951937, 0.032399, 0.0, 0.0, 0.0, 1.0],
                [0.996615, 0.020416, 0.079635, 0.124994, 0.037879, -0.97376, -0.2244, -0.005666, 0.072964, 0.226657, -0.971238, 0.032399, 0.0, 0.0, 0.0, 1.0],
                [0.996583, 0.028485, 0.077525, 0.124994, 0.037655, -0.992117, -0.11952, -0.005666, 0.07351, 0.122031, -0.9898, 0.032399, 0.0, 0.0, 0.0, 1.0],
                [0.996572, 0.038099, 0.07343, 0.124994, 0.037158, -0.999209, 0.01414, -0.005666, 0.07391, -0.011363, -0.9972, 0.032399, 0.0, 0.0, 0.0, 1.0],
                [0.996584, 0.048643, 0.066738, 0.124994, 0.03672, -0.984847, 0.169494, -0.005666, 0.073972, -0.166464, -0.983269, 0.032399, 0.0, 0.0, 0.0, 1.0],
                [0.996594, 0.059121, 0.057491, 0.124994, 0.036505, -0.941407, 0.335291, -0.005666, 0.073945, -0.33205, -0.940359, 0.032399, 0.0, 0.0, 0.0, 1.0],
                [0.996599, 0.068305, 0.046086, 0.124994, 0.036474, -0.867222, 0.496583, -0.005666, 0.073886, -0.493214, -0.866765, 0.032399, 0.0, 0.0, 0.0, 1.0],
                [0.996599, 0.075258, 0.033563, 0.124994, 0.036578, -0.768997, 0.638205, -0.005667, 0.07384, -0.634807, -0.769134, 0.032399, 0.0, 0.0, 0.0, 1.0],
                [0.996593, 0.079648, 0.021403, 0.124994, 0.036756, -0.661257, 0.749258, -0.005666, 0.073829, -0.745919, -0.661932, 0.032399, 0.0, 0.0, 0.0, 1.0],
                [0.996584, 0.081822, 0.01117, 0.124994, 0.036948, -0.562762, 0.825792, -0.005666, 0.073854, -0.822559, -0.563863, 0.032399, 0.0, 0.0, 0.0, 1.0],
                [0.996576, 0.082573, 0.004223, 0.124994, 0.037098, -0.492212, 0.869684, -0.005666, 0.073891, -0.86655, -0.49359, 0.032399, 0.0, 0.0, 0.0, 1.0],
                [0.996572, 0.082708, 0.001679, 0.124994, 0.037158, -0.465676, 0.884174, -0.005666, 0.07391, -0.881082, -0.467154, 0.032399, 0.0, 0.0, 0.0, 1.0],
                [0.996572, 0.082703, 0.001894, 0.124994, 0.037158, -0.467973, 0.882961, -0.005665, 0.07391, -0.879864, -0.469442, 0.032399, 0.0, 0.0, 0.0, 1.0],
                [0.996572, 0.082687, 0.002522, 0.124994, 0.037158, -0.474671, 0.879378, -0.005666, 0.07391, -0.876271, -0.476116, 0.032399, 0.0, 0.0, 0.0, 1.0],
                [0.996572, 0.082649, 0.003541, 0.124994, 0.037158, -0.485467, 0.873465, -0.005666, 0.07391, -0.870339, -0.486875, 0.032399, 0.0, 0.0, 0.0, 1.0],
                [0.996572, 0.082578, 0.004926, 0.124994, 0.037158, -0.500044, 0.865202, -0.005666, 0.07391, -0.862054, -0.501399, 0.032398, 0.0, 0.0, 0.0, 1.0],
                [0.996572, 0.082457, 0.006655, 0.124994, 0.037158, -0.518063, 0.854535, -0.005666, 0.07391, -0.851359, -0.519351, 0.032399, 0.0, 0.0, 0.0, 1.0],
                [0.996572, 0.082266, 0.008705, 0.124994, 0.037158, -0.539163, 0.841381, -0.005666, 0.07391, -0.838174, -0.540372, 0.032399, 0.0, 0.0, 0.0, 1.0],
                [0.996572, 0.081984, 0.01105, 0.124994, 0.037158, -0.562962, 0.825647, -0.005666, 0.07391, -0.822406, -0.564079, 0.032399, 0.0, 0.0, 0.0, 1.0],
                [0.996572, 0.081589, 0.013663, 0.124994, 0.037158, -0.589052, 0.80724, -0.005667, 0.07391, -0.803966, -0.590064, 0.032399, 0.0, 0.0, 0.0, 1.0],
                [0.996572, 0.08106, 0.016516, 0.124994, 0.037158, -0.617, 0.786085, -0.005666, 0.07391, -0.782777, -0.617897, 0.032399, 0.0, 0.0, 0.0, 1.0],
                [0.996572, 0.080375, 0.019577, 0.124994, 0.037158, -0.646354, 0.762132, -0.005666, 0.07391, -0.758792, -0.647126, 0.032399, 0.0, 0.0, 0.0, 1.0],
                [0.996572, 0.079518, 0.022811, 0.124994, 0.037158, -0.676645, 0.735371, -0.005667, 0.07391, -0.732003, -0.67728, 0.0324, 0.0, 0.0, 0.0, 1.0],
                [0.996572, 0.078473, 0.026182, 0.124994, 0.037158, -0.707393, 0.705843, -0.005666, 0.07391, -0.702451, -0.707884, 0.032398, 0.0, 0.0, 0.0, 1.0],
                [0.996572, 0.077229, 0.02965, 0.124994, 0.037158, -0.738118, 0.673647, -0.005666, 0.07391, -0.670236, -0.738458, 0.032399, 0.0, 0.0, 0.0, 1.0],
                [0.996572, 0.075782, 0.033175, 0.124994, 0.037158, -0.768355, 0.638944, -0.005667, 0.07391, -0.635521, -0.768537, 0.032398, 0.0, 0.0, 0.0, 1.0],
                [0.996572, 0.074132, 0.036715, 0.124994, 0.037158, -0.797659, 0.601964, -0.005667, 0.07391, -0.598536, -0.797679, 0.032399, 0.0, 0.0, 0.0, 1.0],
                [0.996572, 0.072285, 0.040229, 0.124994, 0.037158, -0.825621, 0.562999, -0.005667, 0.07391, -0.559575, -0.825478, 0.032399, 0.0, 0.0, 0.0, 1.0],
                [0.996572, 0.070254, 0.043678, 0.124994, 0.037158, -0.851887, 0.522405, -0.005667, 0.07391, -0.518991, -0.851578, 0.032401, 0.0, 0.0, 0.0, 1.0],
                [0.996572, 0.068059, 0.047026, 0.124994, 0.037158, -0.876159, 0.480587, -0.005665, 0.07391, -0.477193, -0.875685, 0.032399, 0.0, 0.0, 0.0, 1.0],
                [0.996572, 0.065725, 0.050237, 0.124994, 0.037158, -0.898208, 0.437996, -0.005667, 0.07391, -0.434628, -0.897572, 0.032401, 0.0, 0.0, 0.0, 1.0],
                [0.996572, 0.06328, 0.053283, 0.124994, 0.037158, -0.917881, 0.39511, -0.005667, 0.07391, -0.391776, -0.917087, 0.032399, 0.0, 0.0, 0.0, 1.0],
                [0.996572, 0.060759, 0.056141, 0.124994, 0.037158, -0.935101, 0.352426, -0.005667, 0.07391, -0.349132, -0.934154, 0.032401, 0.0, 0.0, 0.0, 1.0],
                [0.996572, 0.058199, 0.05879, 0.124994, 0.037158, -0.949866, 0.310441, -0.005666, 0.07391, -0.307193, -0.948773, 0.032399, 0.0, 0.0, 0.0, 1.0],
                [0.996572, 0.055639, 0.061219, 0.124994, 0.037158, -0.962242, 0.269647, -0.005665, 0.07391, -0.266448, -0.961011, 0.032401, 0.0, 0.0, 0.0, 1.0],
                [0.996572, 0.053118, 0.063419, 0.124994, 0.037158, -0.972359, 0.230515, -0.005666, 0.07391, -0.227368, -0.971, 0.032399, 0.0, 0.0, 0.0, 1.0],
                [0.996572, 0.050676, 0.065387, 0.124994, 0.037158, -0.980398, 0.193491, -0.005665, 0.07391, -0.190398, -0.978921, 0.032399, 0.0, 0.0, 0.0, 1.0],
                [0.996572, 0.048351, 0.067124, 0.124994, 0.037158, -0.986581, 0.158988, -0.005666, 0.07391, -0.155949, -0.984996, 0.0324, 0.0, 0.0, 0.0, 1.0],
                [0.996572, 0.046182, 0.068634, 0.124994, 0.037158, -0.991156, 0.127389, -0.005665, 0.07391, -0.124402, -0.989475, 0.032399, 0.0, 0.0, 0.0, 1.0],
                [0.996572, 0.044204, 0.069924, 0.124994, 0.037158, -0.994389, 0.099043, -0.005666, 0.07391, -0.096105, -0.992623, 0.0324, 0.0, 0.0, 0.0, 1.0],
                [0.996572, 0.042451, 0.071003, 0.124994, 0.037158, -0.996545, 0.074272, -0.005668, 0.07391, -0.071379, -0.994707, 0.032399, 0.0, 0.0, 0.0, 1.0],
                [0.996572, 0.040954, 0.071877, 0.124994, 0.037158, -0.997883, 0.053375, -0.005668, 0.07391, -0.050521, -0.995984, 0.032399, 0.0, 0.0, 0.0, 1.0],
                [0.996572, 0.039743, 0.072553, 0.124994, 0.037158, -0.998637, 0.036636, -0.005665, 0.07391, -0.033815, -0.996691, 0.032399, 0.0, 0.0, 0.0, 1.0],
                [0.996572, 0.038846, 0.073037, 0.124994, 0.037158, -0.999013, 0.024331, -0.005667, 0.07391, -0.021534, -0.997032, 0.0324, 0.0, 0.0, 0.0, 1.0],
                [0.996572, 0.03829, 0.07333, 0.124994, 0.037158, -0.999169, 0.016738, -0.005665, 0.07391, -0.013956, -0.997167, 0.0324, 0.0, 0.0, 0.0, 1.0],
                [0.996572, 0.038099, 0.07343, 0.124994, 0.037158, -0.999209, 0.014141, -0.005666, 0.07391, -0.011364, -0.9972, 0.032398, 0.0, 0.0, 0.0, 1.0],
                [0.996572, 0.038099, 0.07343, 0.124994, 0.037158, -0.999209, 0.01414, -0.005666, 0.07391, -0.011363, -0.9972, 0.032401, 0.0, 0.0, 0.0, 1.0],
                [0.996572, 0.038099, 0.07343, 0.124994, 0.037158, -0.999209, 0.01414, -0.005668, 0.07391, -0.011364, -0.9972, 0.032398, 0.0, 0.0, 0.0, 1.0],
                [0.996572, 0.038099, 0.07343, 0.124994, 0.037158, -0.999209, 0.01414, -0.005666, 0.07391, -0.011364, -0.9972, 0.032402, 0.0, 0.0, 0.0, 1.0],
                [0.996572, 0.038099, 0.07343, 0.124994, 0.037158, -0.999209, 0.01414, -0.005666, 0.07391, -0.011364, -0.9972, 0.032401, 0.0, 0.0, 0.0, 1.0],
                [0.996572, 0.038099, 0.07343, 0.124994, 0.037158, -0.999209, 0.01414, -0.005665, 0.07391, -0.011363, -0.9972, 0.032401, 0.0, 0.0, 0.0, 1.0],
                [0.996572, 0.038099, 0.07343, 0.124994, 0.037158, -0.999209, 0.01414, -0.005665, 0.07391, -0.011364, -0.9972, 0.032399, 0.0, 0.0, 0.0, 1.0],
                [0.996572, 0.038099, 0.07343, 0.124994, 0.037158, -0.999209, 0.01414, -0.005668, 0.07391, -0.011363, -0.9972, 0.032399, 0.0, 0.0, 0.0, 1.0],
                [0.996572, 0.038099, 0.07343, 0.124994, 0.037158, -0.999209, 0.01414, -0.005665, 0.07391, -0.011363, -0.9972, 0.0324, 0.0, 0.0, 0.0, 1.0],
                [0.996572, 0.038099, 0.07343, 0.124994, 0.037158, -0.999209, 0.01414, -0.005667, 0.07391, -0.011364, -0.9972, 0.032398, 0.0, 0.0, 0.0, 1.0],
                [0.996572, 0.038099, 0.07343, 0.124994, 0.037158, -0.999209, 0.014141, -0.005668, 0.07391, -0.011364, -0.9972, 0.032398, 0.0, 0.0, 0.0, 1.0],
                [0.996572, 0.038099, 0.07343, 0.124994, 0.037158, -0.999209, 0.01414, -0.005664, 0.07391, -0.011364, -0.9972, 0.032398, 0.0, 0.0, 0.0, 1.0],
                [0.996572, 0.038099, 0.07343, 0.124994, 0.037158, -0.999209, 0.01414, -0.005665, 0.07391, -0.011363, -0.9972, 0.032399, 0.0, 0.0, 0.0, 1.0],
                [0.996572, 0.038099, 0.07343, 0.124994, 0.037158, -0.999209, 0.014141, -0.005665, 0.07391, -0.011364, -0.9972, 0.032399, 0.0, 0.0, 0.0, 1.0],
                [0.996572, 0.038099, 0.07343, 0.124994, 0.037158, -0.999209, 0.01414, -0.005668, 0.07391, -0.011363, -0.9972, 0.032399, 0.0, 0.0, 0.0, 1.0],
                [0.996572, 0.038099, 0.07343, 0.124994, 0.037158, -0.999209, 0.01414, -0.005667, 0.07391, -0.011364, -0.9972, 0.032399, 0.0, 0.0, 0.0, 1.0],
                [0.996572, 0.038099, 0.07343, 0.124994, 0.037158, -0.999209, 0.01414, -0.005664, 0.07391, -0.011363, -0.9972, 0.032399, 0.0, 0.0, 0.0, 1.0],
                [0.996572, 0.038099, 0.07343, 0.124994, 0.037158, -0.999209, 0.01414, -0.005666, 0.07391, -0.011363, -0.9972, 0.032399, 0.0, 0.0, 0.0, 1.0],
                [0.996572, 0.038099, 0.07343, 0.124994, 0.037158, -0.999209, 0.01414, -0.005667, 0.07391, -0.011363, -0.9972, 0.032399, 0.0, 0.0, 0.0, 1.0],
                [0.996572, 0.038099, 0.07343, 0.124994, 0.037158, -0.999209, 0.01414, -0.005667, 0.07391, -0.011363, -0.9972, 0.032399, 0.0, 0.0, 0.0, 1.0],
                [0.996572, 0.038099, 0.07343, 0.124994, 0.037158, -0.999209, 0.01414, -0.005668, 0.07391, -0.011364, -0.9972, 0.032398, 0.0, 0.0, 0.0, 1.0],
                [0.996572, 0.038099, 0.07343, 0.124994, 0.037158, -0.999209, 0.01414, -0.005667, 0.07391, -0.011364, -0.9972, 0.032398, 0.0, 0.0, 0.0, 1.0],
                [0.996572, 0.038099, 0.07343, 0.124994, 0.037158, -0.999209, 0.01414, -0.005668, 0.07391, -0.011364, -0.9972, 0.032399, 0.0, 0.0, 0.0, 1.0],
