{
    "armature": {
        "joints": ["Root", "Thigh_R", "Leg_R", "Knee_R", "Thigh_L", "Leg_L", "Knee_L", "Torso", "Chest", "Head", "Shoulder_R", "Arm_R", "Hand_R", "Tool_R", "Elbow_R", "Shoulder_L", "Arm_L", "Hand_L", "Tool_L", "Elbow_L"],
        "hierarchy": [
            {
                "name": "Root",
                "transform": [1.0, 0.0, 0.0, -5e-06, 0.0, 0.0, -1.0, 0.000946, 0.0, 1.0, 0.0, 0.763972, 0.0, 0.0, 0.0, 1.0],
                "children": [
                    {
                        "name": "Thigh_R",
                        "transform": [1.0, -0.0, -0.0, 0.124994, -0.0, -1.0, 0.0, -0.002831, -0.0, -0.0, -1.0, -1.2e-05, 0.0, 0.0, 0.0, 1.0],
                        "children": [
                            {
                                "name": "Leg_R",
                                "transform": [1.0, 0.0, 1e-06, 0.0, -0.0, 1.0, 0.0, 0.37472, -1e-06, -0.0, 1.0, -0.0, 0.0, 0.0, 0.0, 1.0],
                                "children": []
                            },
                            {
                                "name": "Knee_R",
                                "transform": [1.0, 0.0, -0.0, 0.0, -0.0, 0.0, -1.0, 0.37472, -0.0, 1.0, 0.0, -0.0, 0.0, 0.0, 0.0, 1.0],
                                "children": []
                            }
                        ]
                    },
                    {
                        "name": "Thigh_L",
                        "transform": [1.0, -0.0, -0.0, -0.125006, -0.0, -1.0, 0.0, -0.002831, -0.0, -0.0, -1.0, -1.2e-05, 0.0, 0.0, 0.0, 1.0],
                        "children": [
                            {
                                "name": "Leg_L",
                                "transform": [1.0, 0.0, 1e-06, -0.0, -0.0, 1.0, 0.0, 0.37472, -1e-06, -0.0, 1.0, 0.0, 0.0, 0.0, 0.0, 1.0],
                                "children": []
                            },
                            {
                                "name": "Knee_L",
                                "transform": [1.0, 0.0, -0.0, -0.0, -0.0, 0.0, -1.0, 0.37472, -0.0, 1.0, 0.0, 0.0, 0.0, 0.0, 0.0, 1.0],
                                "children": []
                            }
                        ]
                    },
                    {
                        "name": "Torso",
                        "transform": [1.0, 0.0, 0.0, 0.0, 0.0, 1.0, 0.0, 0.05, 0.0, 0.0, 1.0, 0.0, 0.0, 0.0, 0.0, 1.0],
                        "children": [
                            {
                                "name": "Chest",
                                "transform": [1.0, 0.0, 0.0, 0.0, 0.0, 1.0, 0.0, 0.3, 0.0, 0.0, 1.0, 0.0, 0.0, 0.0, 0.0, 1.0],
                                "children": [
                                    {
                                        "name": "Head",
                                        "transform": [1.0, 0.0, 0.0, 0.0, 0.0, 1.0, 0.0, 0.4, 0.0, 0.0, 1.0, 0.0, 0.0, 0.0, 0.0, 1.0],
                                        "children": []
                                    },
                                    {
                                        "name": "Shoulder_R",
                                        "transform": [0.0, 0.952114, 0.305743, 0.0, 0.0, -0.305743, 0.952114, 0.4, 1.0, 0.0, -0.0, 0.0, 0.0, 0.0, 0.0, 1.0],
                                        "children": [
                                            {
                                                "name": "Arm_R",
                                                "transform": [0.0, -0.0, -1.0, -0.0, 0.952114, 0.305743, 0.0, 0.39386, 0.305743, -0.952114, 0.0, 0.0, 0.0, 0.0, 0.0, 1.0],
                                                "children": [
                                                    {
                                                        "name": "Hand_R",
                                                        "transform": [1.0, 0.0, 0.0, 0.0, -0.0, 0.993938, 0.109947, 0.3, -0.0, -0.109947, 0.993937, 0.0, 0.0, 0.0, 0.0, 1.0],
                                                        "children": [
                                                            {
                                                                "name": "Tool_R",
                                                                "transform": [1.0, 0.0, 0.0, -0.0, 0.0, -0.999836, 0.018122, 0.272858, 0.0, -0.018122, -0.999836, 0.0, 0.0, 0.0, 0.0, 1.0],
                                                                "children": []
                                                            }
                                                        ]
                                                    },
                                                    {
                                                        "name": "Elbow_R",
                                                        "transform": [-1.0, 0.0, -0.0, 0.0, 0.0, 0.0, -1.0, 0.3, -0.0, -1.0, -0.0, 0.0, 0.0, 0.0, 0.0, 1.0],
                                                        "children": []
                                                    }
                                                ]
                                            }
                                        ]
                                    },
                                    {
                                        "name": "Shoulder_L",
                                        "transform": [-0.0, -0.952114, -0.305743, 0.0, 0.0, -0.305743, 0.952114, 0.4, -1.0, 0.0, 0.0, 0.0, 0.0, 0.0, 0.0, 1.0],
                                        "children": [
                                            {
                                                "name": "Arm_L",
                                                "transform": [-0.0, -0.0, 1.0, -0.0, -0.952114, 0.305743, -0.0, 0.39386, -0.305743, -0.952114, -0.0, 0.0, 0.0, 0.0, 0.0, 1.0],
                                                "children": [
                                                    {
                                                        "name": "Hand_L",
                                                        "transform": [1.0, -0.0, 0.0, -0.0, 0.0, 0.993937, 0.109947, 0.3, -0.0, -0.109947, 0.993937, 0.0, 0.0, 0.0, 0.0, 1.0],
                                                        "children": [
                                                            {
                                                                "name": "Tool_L",
                                                                "transform": [1.0, 0.0, 0.0, -0.0, -0.0, -0.999836, 0.018122, 0.272858, 0.0, -0.018122, -0.999836, -0.0, 0.0, 0.0, 0.0, 1.0],
                                                                "children": []
                                                            }
                                                        ]
                                                    },
                                                    {
                                                        "name": "Elbow_L",
                                                        "transform": [-1.0, 0.0, -0.0, -0.0, 0.0, -0.0, -1.0, 0.3, -0.0, -1.0, 0.0, 0.0, 0.0, 0.0, 0.0, 1.0],
                                                        "children": []
                                                    }
                                                ]
                                            }
                                        ]
                                    }
                                ]
                            }
                        ]
                    }
                ]
            }
        ]
    },
    "animation": [
        {
            "name": "Root",
            "time": [0.0, 0.0167, 0.0333, 0.05, 0.0667, 0.0833, 0.1, 0.1167, 0.1333, 0.15, 0.1667, 0.1833, 0.2, 0.2167, 0.2333, 0.25, 0.2667, 0.2833, 0.3, 0.3167, 0.3333, 0.35, 0.3667, 0.3833, 0.4, 0.4167, 0.4333, 0.45, 0.4667, 0.4833, 0.5, 0.5167, 0.5333, 0.55, 0.5667, 0.5833, 0.6, 0.6167, 0.6333, 0.65, 0.6667, 0.6833, 0.7, 0.7167, 0.7333, 0.75, 0.7667, 0.7833, 0.8, 0.8167, 0.8333, 0.85, 0.8667, 0.8833, 0.9, 0.9167, 0.9333, 0.95, 0.9667, 0.9833, 1.0, 1.0167, 1.0333, 1.05, 1.0667, 1.0833, 1.1, 1.1167, 1.1333, 1.15, 1.1667, 1.1833, 1.2, 1.2167, 1.2333, 1.25, 1.2667, 1.2833, 1.3, 1.3167, 1.3333, 1.35, 1.3667, 1.3833, 1.4, 1.4167, 1.4333, 1.45, 1.4667, 1.4833, 1.5, 1.5167, 1.5333, 1.55, 1.5667, 1.5833, 1.6, 1.6167, 1.6333, 1.65, 1.6667, 1.6833, 1.7, 1.7167, 1.7333, 1.75, 1.7667, 1.7833, 1.8, 1.8167, 1.8333, 1.85, 1.8667, 1.8833, 1.9, 1.9167, 1.9333, 1.95, 1.9667, 1.9833, 2.0],
            "transform": [
                [1.0, 0.0, 0.0, -5e-06, 0.0, 0.0, -1.0, 0.000946, 0.0, 1.0, 0.0, 0.564858, 0.0, 0.0, 0.0, 1.0],
                [1.0, 0.0, 0.0, -5e-06, 0.0, 0.0, -1.0, 0.000946, 0.0, 1.0, 0.0, 0.564858, 0.0, 0.0, 0.0, 1.0],
                [1.0, 0.0, 0.0, -5e-06, 0.0, 0.0, -1.0, 0.000946, 0.0, 1.0, 0.0, 0.564858, 0.0, 0.0, 0.0, 1.0],
                [1.0, 0.0, 0.0, -5e-06, 0.0, 0.0, -1.0, 0.000946, 0.0, 1.0, 0.0, 0.564858, 0.0, 0.0, 0.0, 1.0],
                [1.0, 0.0, 0.0, -5e-06, 0.0, 0.0, -1.0, 0.000946, 0.0, 1.0, 0.0, 0.564858, 0.0, 0.0, 0.0, 1.0],
                [1.0, 0.0, 0.0, -5e-06, 0.0, 0.0, -1.0, 0.000946, 0.0, 1.0, 0.0, 0.564858, 0.0, 0.0, 0.0, 1.0],
                [1.0, 0.0, 0.0, -5e-06, 0.0, 0.0, -1.0, 0.000946, 0.0, 1.0, 0.0, 0.564858, 0.0, 0.0, 0.0, 1.0],
                [1.0, 0.0, 0.0, -5e-06, 0.0, 0.0, -1.0, 0.000946, 0.0, 1.0, 0.0, 0.564858, 0.0, 0.0, 0.0, 1.0],
                [1.0, 0.0, 0.0, -5e-06, 0.0, 0.0, -1.0, 0.000946, 0.0, 1.0, 0.0, 0.564858, 0.0, 0.0, 0.0, 1.0],
                [1.0, 0.0, 0.0, -5e-06, 0.0, 0.0, -1.0, 0.000946, 0.0, 1.0, 0.0, 0.564858, 0.0, 0.0, 0.0, 1.0],
                [1.0, 0.0, 0.0, -5e-06, 0.0, 0.0, -1.0, 0.000946, 0.0, 1.0, 0.0, 0.564858, 0.0, 0.0, 0.0, 1.0],
                [1.0, 0.0, 0.0, -5e-06, 0.0, 0.0, -1.0, 0.000946, 0.0, 1.0, 0.0, 0.564858, 0.0, 0.0, 0.0, 1.0],
                [1.0, 0.0, 0.0, -5e-06, 0.0, 0.0, -1.0, 0.000946, 0.0, 1.0, 0.0, 0.564858, 0.0, 0.0, 0.0, 1.0],
                [1.0, 0.0, 0.0, -5e-06, 0.0, 0.0, -1.0, 0.000946, 0.0, 1.0, 0.0, 0.564858, 0.0, 0.0, 0.0, 1.0],
                [1.0, 0.0, 0.0, -5e-06, 0.0, 0.0, -1.0, 0.000946, 0.0, 1.0, 0.0, 0.564858, 0.0, 0.0, 0.0, 1.0],
                [1.0, 0.0, 0.0, -5e-06, 0.0, 0.0, -1.0, 0.021691, 0.0, 1.0, 0.0, 0.56979, 0.0, 0.0, 0.0, 1.0],
                [1.0, 0.0, 0.0, -5e-06, 0.0, 0.0, -1.0, 0.08006, 0.0, 1.0, 0.0, 0.583176, 0.0, 0.0, 0.0, 1.0],
                [1.0, 0.0, 0.0, -5e-06, 0.0, 0.0, -1.0, 0.170258, 0.0, 1.0, 0.0, 0.602902, 0.0, 0.0, 0.0, 1.0],
                [1.0, 0.0, 0.0, -5e-06, 0.0, 0.0, -1.0, 0.286489, 0.0, 1.0, 0.0, 0.626856, 0.0, 0.0, 0.0, 1.0],
                [1.0, 0.0, 0.0, -5e-06, 0.0, 0.0, -1.0, 0.422957, 0.0, 1.0, 0.0, 0.652924, 0.0, 0.0, 0.0, 1.0],
                [1.0, 0.0, 0.0, -5e-06, 0.0, 0.0, -1.0, 0.573865, 0.0, 1.0, 0.0, 0.678992, 0.0, 0.0, 0.0, 1.0],
                [1.0, 0.0, 0.0, -5e-06, 0.0, 0.0, -1.0, 0.733418, 0.0, 1.0, 0.0, 0.702946, 0.0, 0.0, 0.0, 1.0],
                [1.0, 0.0, 0.0, -5e-06, 0.0, 0.0, -1.0, 0.89582, 0.0, 1.0, 0.0, 0.722672, 0.0, 0.0, 0.0, 1.0],
                [1.0, 0.0, 0.0, -5e-06, 0.0, 0.0, -1.0, 1.055274, 0.0, 1.0, 0.0, 0.736058, 0.0, 0.0, 0.0, 1.0],
                [1.0, 0.0, 0.0, -5e-06, 0.0, 0.0, -1.0, 1.205984, 0.0, 1.0, 0.0, 0.74099, 0.0, 0.0, 0.0, 1.0],
                [1.0, 0.0, 0.0, -5e-06, 0.0, 0.0, -1.0, 1.343263, 0.0, 1.0, 0.0, 0.739538, 0.0, 0.0, 0.0, 1.0],
                [1.0, 0.0, 0.0, -5e-06, 0.0, 0.0, -1.0, 1.466854, 0.0, 1.0, 0.0, 0.735458, 0.0, 0.0, 0.0, 1.0],
                [1.0, 0.0, 0.0, -5e-06, 0.0, 0.0, -1.0, 1.577608, 0.0, 1.0, 0.0, 0.729166, 0.0, 0.0, 0.0, 1.0],
                [1.0, 0.0, 0.0, -5e-06, 0.0, 0.0, -1.0, 1.676377, 0.0, 1.0, 0.0, 0.721075, 0.0, 0.0, 0.0, 1.0],
                [1.0, 0.0, 0.0, -5e-06, 0.0, 0.0, -1.0, 1.764012, 0.0, 1.0, 0.0, 0.711601, 0.0, 0.0, 0.0, 1.0],
                [1.0, 0.0, 0.0, -5e-06, 0.0, 0.0, -1.0, 1.841366, 0.0, 1.0, 0.0, 0.701159, 0.0, 0.0, 0.0, 1.0],
                [1.0, 0.0, 0.0, -5e-06, 0.0, 0.0, -1.0, 1.909289, 0.0, 1.0, 0.0, 0.690163, 0.0, 0.0, 0.0, 1.0],
                [1.0, 0.0, 0.0, -5e-06, 0.0, 0.0, -1.0, 1.968632, 0.0, 1.0, 0.0, 0.679027, 0.0, 0.0, 0.0, 1.0],
                [1.0, 0.0, 0.0, -5e-06, 0.0, 0.0, -1.0, 2.020249, 0.0, 1.0, 0.0, 0.668168, 0.0, 0.0, 0.0, 1.0],
                [1.0, 0.0, 0.0, -5e-06, 0.0, 0.0, -1.0, 2.064989, 0.0, 1.0, 0.0, 0.657999, 0.0, 0.0, 0.0, 1.0],
                [1.0, 0.0, 0.0, -5e-06, 0.0, 0.0, -1.0, 2.103705, 0.0, 1.0, 0.0, 0.648936, 0.0, 0.0, 0.0, 1.0],
                [1.0, 0.0, 0.0, -5e-06, 0.0, 0.0, -1.0, 2.137247, 0.0, 1.0, 0.0, 0.641393, 0.0, 0.0, 0.0, 1.0],
                [1.0, 0.0, 0.0, -5e-06, 0.0, 0.0, -1.0, 2.166468, 0.0, 1.0, 0.0, 0.635785, 0.0, 0.0, 0.0, 1.0],
                [1.0, 0.0, 0.0, -5e-06, 0.0, 0.0, -1.0, 2.192219, 0.0, 1.0, 0.0, 0.632526, 0.0, 0.0, 0.0, 1.0],
                [1.0, 0.0, 0.0, -5e-06, 0.0, 0.0, -1.0, 2.215236, 0.0, 1.0, 0.0, 0.630691, 0.0, 0.0, 0.0, 1.0],
                [1.0, 0.0, 0.0, -5e-06, 0.0, 0.0, -1.0, 2.235787, 0.0, 1.0, 0.0, 0.629068, 0.0, 0.0, 0.0, 1.0],
                [1.0, 0.0, 0.0, -5e-06, 0.0, 0.0, -1.0, 2.254026, 0.0, 1.0, 0.0, 0.627643, 0.0, 0.0, 0.0, 1.0],
                [1.0, 0.0, 0.0, -5e-06, 0.0, 0.0, -1.0, 2.270107, 0.0, 1.0, 0.0, 0.626403, 0.0, 0.0, 0.0, 1.0],
                [1.0, 0.0, 0.0, -5e-06, 0.0, 0.0, -1.0, 2.284183, 0.0, 1.0, 0.0, 0.625334, 0.0, 0.0, 0.0, 1.0],
                [1.0, 0.0, 0.0, -5e-06, 0.0, 0.0, -1.0, 2.296407, 0.0, 1.0, 0.0, 0.624423, 0.0, 0.0, 0.0, 1.0],
                [1.0, 0.0, 0.0, -5e-06, 0.0, 0.0, -1.0, 2.306933, 0.0, 1.0, 0.0, 0.623656, 0.0, 0.0, 0.0, 1.0],
                [1.0, 0.0, 0.0, -5e-06, 0.0, 0.0, -1.0, 2.315913, 0.0, 1.0, 0.0, 0.623019, 0.0, 0.0, 0.0, 1.0],
                [1.0, 0.0, 0.0, -5e-06, 0.0, 0.0, -1.0, 2.323502, 0.0, 1.0, 0.0, 0.6225, 0.0, 0.0, 0.0, 1.0],
                [1.0, 0.0, 0.0, -5e-06, 0.0, 0.0, -1.0, 2.329852, 0.0, 1.0, 0.0, 0.622084, 0.0, 0.0, 0.0, 1.0],
                [1.0, 0.0, 0.0, -5e-06, 0.0, 0.0, -1.0, 2.335118, 0.0, 1.0, 0.0, 0.621757, 0.0, 0.0, 0.0, 1.0],
                [1.0, 0.0, 0.0, -5e-06, 0.0, 0.0, -1.0, 2.339451, 0.0, 1.0, 0.0, 0.621508, 0.0, 0.0, 0.0, 1.0],
                [1.0, 0.0, 0.0, -5e-06, 0.0, 0.0, -1.0, 2.343006, 0.0, 1.0, 0.0, 0.62132, 0.0, 0.0, 0.0, 1.0],
                [1.0, 0.0, 0.0, -5e-06, 0.0, 0.0, -1.0, 2.345937, 0.0, 1.0, 0.0, 0.621183, 0.0, 0.0, 0.0, 1.0],
                [1.0, 0.0, 0.0, -5e-06, 0.0, 0.0, -1.0, 2.348395, 0.0, 1.0, 0.0, 0.621081, 0.0, 0.0, 0.0, 1.0],
                [1.0, 0.0, 0.0, -5e-06, 0.0, 0.0, -1.0, 2.350535, 0.0, 1.0, 0.0, 0.621001, 0.0, 0.0, 0.0, 1.0],
                [1.0, 0.0, 0.0, -5e-06, 0.0, 0.0, -1.0, 2.35251, 0.0, 1.0, 0.0, 0.62093, 0.0, 0.0, 0.0, 1.0],
                [1.0, 0.0, 0.0, -5e-06, 0.0, 0.0, -1.0, 2.354474, 0.0, 1.0, 0.0, 0.620854, 0.0, 0.0, 0.0, 1.0],
                [1.0, 0.0, 0.0, -5e-06, 0.0, 0.0, -1.0, 2.356551, 0.0, 1.0, 0.0, 0.620762, 0.0, 0.0, 0.0, 1.0],
                [1.0, 0.0, 0.0, -5e-06, 0.0, 0.0, -1.0, 2.358756, 0.0, 1.0, 0.0, 0.620654, 0.0, 0.0, 0.0, 1.0],
                [1.0, 0.0, 0.0, -5e-06, 0.0, 0.0, -1.0, 2.361075, 0.0, 1.0, 0.0, 0.620529, 0.0, 0.0, 0.0, 1.0],
                [1.0, 0.0, 0.0, -5e-06, 0.0, 0.0, -1.0, 2.363494, 0.0, 1.0, 0.0, 0.620391, 0.0, 0.0, 0.0, 1.0],
                [1.0, 0.0, 0.0, -5e-06, 0.0, 0.0, -1.0, 2.365999, 0.0, 1.0, 0.0, 0.620239, 0.0, 0.0, 0.0, 1.0],
                [1.0, 0.0, 0.0, -5e-06, 0.0, 0.0, -1.0, 2.368576, 0.0, 1.0, 0.0, 0.620077, 0.0, 0.0, 0.0, 1.0],
                [1.0, 0.0, 0.0, -5e-06, 0.0, 0.0, -1.0, 2.371212, 0.0, 1.0, 0.0, 0.619904, 0.0, 0.0, 0.0, 1.0],
                [1.0, 0.0, 0.0, -5e-06, 0.0, 0.0, -1.0, 2.373891, 0.0, 1.0, 0.0, 0.619723, 0.0, 0.0, 0.0, 1.0],
                [1.0, 0.0, 0.0, -5e-06, 0.0, 0.0, -1.0, 2.376601, 0.0, 1.0, 0.0, 0.619534, 0.0, 0.0, 0.0, 1.0],
                [1.0, 0.0, 0.0, -5e-06, 0.0, 0.0, -1.0, 2.379328, 0.0, 1.0, 0.0, 0.61934, 0.0, 0.0, 0.0, 1.0],
                [1.0, 0.0, 0.0, -5e-06, 0.0, 0.0, -1.0, 2.382057, 0.0, 1.0, 0.0, 0.619142, 0.0, 0.0, 0.0, 1.0],
                [1.0, 0.0, 0.0, -5e-06, 0.0, 0.0, -1.0, 2.384775, 0.0, 1.0, 0.0, 0.618941, 0.0, 0.0, 0.0, 1.0],
                [1.0, 0.0, 0.0, -5e-06, 0.0, 0.0, -1.0, 2.387467, 0.0, 1.0, 0.0, 0.618738, 0.0, 0.0, 0.0, 1.0],
                [1.0, 0.0, 0.0, -5e-06, 0.0, 0.0, -1.0, 2.390121, 0.0, 1.0, 0.0, 0.618535, 0.0, 0.0, 0.0, 1.0],
                [1.0, 0.0, 0.0, -5e-06, 0.0, 0.0, -1.0, 2.392721, 0.0, 1.0, 0.0, 0.618334, 0.0, 0.0, 0.0, 1.0],
                [1.0, 0.0, 0.0, -5e-06, 0.0, 0.0, -1.0, 2.395255, 0.0, 1.0, 0.0, 0.618135, 0.0, 0.0, 0.0, 1.0],
                [1.0, 0.0, 0.0, -5e-06, 0.0, 0.0, -1.0, 2.397707, 0.0, 1.0, 0.0, 0.617941, 0.0, 0.0, 0.0, 1.0],
                [1.0, 0.0, 0.0, -5e-06, 0.0, 0.0, -1.0, 2.400065, 0.0, 1.0, 0.0, 0.617752, 0.0, 0.0, 0.0, 1.0],
                [1.0, 0.0, 0.0, -5e-06, 0.0, 0.0, -1.0, 2.402314, 0.0, 1.0, 0.0, 0.61757, 0.0, 0.0, 0.0, 1.0],
                [1.0, 0.0, 0.0, -5e-06, 0.0, 0.0, -1.0, 2.404441, 0.0, 1.0, 0.0, 0.617397, 0.0, 0.0, 0.0, 1.0],
                [1.0, 0.0, 0.0, -5e-06, 0.0, 0.0, -1.0, 2.406431, 0.0, 1.0, 0.0, 0.617233, 0.0, 0.0, 0.0, 1.0],
                [1.0, 0.0, 0.0, -5e-06, 0.0, 0.0, -1.0, 2.40827, 0.0, 1.0, 0.0, 0.617081, 0.0, 0.0, 0.0, 1.0],
                [1.0, 0.0, 0.0, -5e-06, 0.0, 0.0, -1.0, 2.409946, 0.0, 1.0, 0.0, 0.616941, 0.0, 0.0, 0.0, 1.0],
                [1.0, 0.0, 0.0, -5e-06, 0.0, 0.0, -1.0, 2.411443, 0.0, 1.0, 0.0, 0.616815, 0.0, 0.0, 0.0, 1.0],
                [1.0, 0.0, 0.0, -5e-06, 0.0, 0.0, -1.0, 2.412747, 0.0, 1.0, 0.0, 0.616705, 0.0, 0.0, 0.0, 1.0],
                [1.0, 0.0, 0.0, -5e-06, 0.0, 0.0, -1.0, 2.413846, 0.0, 1.0, 0.0, 0.616612, 0.0, 0.0, 0.0, 1.0],
                [1.0, 0.0, 0.0, -5e-06, 0.0, 0.0, -1.0, 2.414725, 0.0, 1.0, 0.0, 0.616537, 0.0, 0.0, 0.0, 1.0],
                [1.0, 0.0, 0.0, -5e-06, 0.0, 0.0, -1.0, 2.41537, 0.0, 1.0, 0.0, 0.616481, 0.0, 0.0, 0.0, 1.0],
                [1.0, 0.0, 0.0, -5e-06, 0.0, 0.0, -1.0, 2.415767, 0.0, 1.0, 0.0, 0.616447, 0.0, 0.0, 0.0, 1.0],
                [1.0, 0.0, 0.0, -5e-06, 0.0, 0.0, -1.0, 2.415903, 0.0, 1.0, 0.0, 0.616435, 0.0, 0.0, 0.0, 1.0],
                [1.0, 0.0, 0.0, -5e-06, 0.0, 0.0, -1.0, 2.414232, 0.0, 1.0, 0.0, 0.616523, 0.0, 0.0, 0.0, 1.0],
                [1.0, 0.0, 0.0, -5e-06, 0.0, 0.0, -1.0, 2.409353, 0.0, 1.0, 0.0, 0.61678, 0.0, 0.0, 0.0, 1.0],
                [1.0, 0.0, 0.0, -5e-06, 0.0, 0.0, -1.0, 2.401468, 0.0, 1.0, 0.0, 0.617196, 0.0, 0.0, 0.0, 1.0],
                [1.0, 0.0, 0.0, -5e-06, 0.0, 0.0, -1.0, 2.390775, 0.0, 1.0, 0.0, 0.617759, 0.0, 0.0, 0.0, 1.0],
                [1.0, 0.0, 0.0, -5e-06, 0.0, 0.0, -1.0, 2.377476, 0.0, 1.0, 0.0, 0.61846, 0.0, 0.0, 0.0, 1.0],
                [1.0, 0.0, 0.0, -5e-06, 0.0, 0.0, -1.0, 2.36177, 0.0, 1.0, 0.0, 0.619288, 0.0, 0.0, 0.0, 1.0],
                [1.0, 0.0, 0.0, -5e-06, 0.0, 0.0, -1.0, 2.34386, 0.0, 1.0, 0.0, 0.620232, 0.0, 0.0, 0.0, 1.0],
                [1.0, 0.0, 0.0, -5e-06, 0.0, 0.0, -1.0, 2.323945, 0.0, 1.0, 0.0, 0.621281, 0.0, 0.0, 0.0, 1.0],
                [1.0, 0.0, 0.0, -5e-06, 0.0, 0.0, -1.0, 2.302225, 0.0, 1.0, 0.0, 0.622425, 0.0, 0.0, 0.0, 1.0],
                [1.0, 0.0, 0.0, -5e-06, 0.0, 0.0, -1.0, 2.278901, 0.0, 1.0, 0.0, 0.623654, 0.0, 0.0, 0.0, 1.0],
                [1.0, 0.0, 0.0, -5e-06, 0.0, 0.0, -1.0, 2.254174, 0.0, 1.0, 0.0, 0.624957, 0.0, 0.0, 0.0, 1.0],
                [1.0, 0.0, 0.0, -5e-06, 0.0, 0.0, -1.0, 2.228244, 0.0, 1.0, 0.0, 0.626324, 0.0, 0.0, 0.0, 1.0],
                [1.0, 0.0, 0.0, -5e-06, 0.0, 0.0, -1.0, 2.201311, 0.0, 1.0, 0.0, 0.627743, 0.0, 0.0, 0.0, 1.0],
                [1.0, 0.0, 0.0, -5e-06, 0.0, 0.0, -1.0, 2.173577, 0.0, 1.0, 0.0, 0.629204, 0.0, 0.0, 0.0, 1.0],
                [1.0, 0.0, 0.0, -5e-06, 0.0, 0.0, -1.0, 2.145241, 0.0, 1.0, 0.0, 0.630698, 0.0, 0.0, 0.0, 1.0],
                [1.0, 0.0, 0.0, -5e-06, 0.0, 0.0, -1.0, 2.116504, 0.0, 1.0, 0.0, 0.632212, 0.0, 0.0, 0.0, 1.0],
                [1.0, 0.0, 0.0, -5e-06, 0.0, 0.0, -1.0, 2.087566, 0.0, 1.0, 0.0, 0.633737, 0.0, 0.0, 0.0, 1.0],
                [1.0, 0.0, 0.0, -5e-06, 0.0, 0.0, -1.0, 2.058629, 0.0, 1.0, 0.0, 0.635262, 0.0, 0.0, 0.0, 1.0],
                [1.0, 0.0, 0.0, -5e-06, 0.0, 0.0, -1.0, 2.029892, 0.0, 1.0, 0.0, 0.636776, 0.0, 0.0, 0.0, 1.0],
                [1.0, 0.0, 0.0, -5e-06, 0.0, 0.0, -1.0, 2.001556, 0.0, 1.0, 0.0, 0.638269, 0.0, 0.0, 0.0, 1.0],
                [1.0, 0.0, 0.0, -5e-06, 0.0, 0.0, -1.0, 1.973822, 0.0, 1.0, 0.0, 0.63973, 0.0, 0.0, 0.0, 1.0],
                [1.0, 0.0, 0.0, -5e-06, 0.0, 0.0, -1.0, 1.946889, 0.0, 1.0, 0.0, 0.64115, 0.0, 0.0, 0.0, 1.0],
                [1.0, 0.0, 0.0, -5e-06, 0.0, 0.0, -1.0, 1.920959, 0.0, 1.0, 0.0, 0.642516, 0.0, 0.0, 0.0, 1.0],
                [1.0, 0.0, 0.0, -5e-06, 0.0, 0.0, -1.0, 1.896232, 0.0, 1.0, 0.0, 0.643819, 0.0, 0.0, 0.0, 1.0],
                [1.0, 0.0, 0.0, -5e-06, 0.0, 0.0, -1.0, 1.872908, 0.0, 1.0, 0.0, 0.645048, 0.0, 0.0, 0.0, 1.0],
                [1.0, 0.0, 0.0, -5e-06, 0.0, 0.0, -1.0, 1.851188, 0.0, 1.0, 0.0, 0.646193, 0.0, 0.0, 0.0, 1.0],
                [1.0, 0.0, 0.0, -5e-06, 0.0, 0.0, -1.0, 1.831273, 0.0, 1.0, 0.0, 0.647242, 0.0, 0.0, 0.0, 1.0],
                [1.0, 0.0, 0.0, -5e-06, 0.0, 0.0, -1.0, 1.813362, 0.0, 1.0, 0.0, 0.648186, 0.0, 0.0, 0.0, 1.0],
                [1.0, 0.0, 0.0, -5e-06, 0.0, 0.0, -1.0, 1.797657, 0.0, 1.0, 0.0, 0.649013, 0.0, 0.0, 0.0, 1.0],
                [1.0, 0.0, 0.0, -5e-06, 0.0, 0.0, -1.0, 1.784358, 0.0, 1.0, 0.0, 0.649714, 0.0, 0.0, 0.0, 1.0],
                [1.0, 0.0, 0.0, -5e-06, 0.0, 0.0, -1.0, 1.773665, 0.0, 1.0, 0.0, 0.650278, 0.0, 0.0, 0.0, 1.0],
                [1.0, 0.0, 0.0, -5e-06, 0.0, 0.0, -1.0, 1.765779, 0.0, 1.0, 0.0, 0.650693, 0.0, 0.0, 0.0, 1.0],
                [1.0, 0.0, 0.0, -5e-06, 0.0, 0.0, -1.0, 1.760901, 0.0, 1.0, 0.0, 0.65095, 0.0, 0.0, 0.0, 1.0],
                [1.0, 0.0, 0.0, -5e-06, 0.0, 0.0, -1.0, 1.75923, 0.0, 1.0, 0.0, 0.651038, 0.0, 0.0, 0.0, 1.0]
            ]
        },
        {
            "name": "Thigh_R",
            "time": [0.0, 0.0167, 0.0333, 0.05, 0.0667, 0.0833, 0.1, 0.1167, 0.1333, 0.15, 0.1667, 0.1833, 0.2, 0.2167, 0.2333, 0.25, 0.2667, 0.2833, 0.3, 0.3167, 0.3333, 0.35, 0.3667, 0.3833, 0.4, 0.4167, 0.4333, 0.45, 0.4667, 0.4833, 0.5, 0.5167, 0.5333, 0.55, 0.5667, 0.5833, 0.6, 0.6167, 0.6333, 0.65, 0.6667, 0.6833, 0.7, 0.7167, 0.7333, 0.75, 0.7667, 0.7833, 0.8, 0.8167, 0.8333, 0.85, 0.8667, 0.8833, 0.9, 0.9167, 0.9333, 0.95, 0.9667, 0.9833, 1.0, 1.0167, 1.0333, 1.05, 1.0667, 1.0833, 1.1, 1.1167, 1.1333, 1.15, 1.1667, 1.1833, 1.2, 1.2167, 1.2333, 1.25, 1.2667, 1.2833, 1.3, 1.3167, 1.3333, 1.35, 1.3667, 1.3833, 1.4, 1.4167, 1.4333, 1.45, 1.4667, 1.4833, 1.5, 1.5167, 1.5333, 1.55, 1.5667, 1.5833, 1.6, 1.6167, 1.6333, 1.65, 1.6667, 1.6833, 1.7, 1.7167, 1.7333, 1.75, 1.7667, 1.7833, 1.8, 1.8167, 1.8333, 1.85, 1.8667, 1.8833, 1.9, 1.9167, 1.9333, 1.95, 1.9667, 1.9833, 2.0],
            "transform": [
                [0.996215, 0.056537, 0.066021, 0.124994, 0.080427, -0.887626, -0.453487, -0.005666, 0.032963, 0.457081, -0.888814, 0.032399, 0.0, 0.0, 0.0, 1.0],
                [0.996215, 0.056537, 0.066021, 0.124994, 0.080427, -0.887626, -0.453487, -0.005666, 0.032963, 0.457081, -0.888814, 0.032399, 0.0, 0.0, 0.0, 1.0],
                [0.996215, 0.056537, 0.066021, 0.124994, 0.080427, -0.887626, -0.453487, -0.005666, 0.032963, 0.457081, -0.888814, 0.032399, 0.0, 0.0, 0.0, 1.0],
                [0.996215, 0.056537, 0.066021, 0.124994, 0.080427, -0.887626, -0.453487, -0.005666, 0.032963, 0.457081, -0.888814, 0.032399, 0.0, 0.0, 0.0, 1.0],
                [0.996215, 0.056537, 0.066021, 0.124994, 0.080427, -0.887626, -0.453487, -0.005666, 0.032963, 0.457081, -0.888814, 0.032399, 0.0, 0.0, 0.0, 1.0],
                [0.996215, 0.056537, 0.066021, 0.124994, 0.080427, -0.887626, -0.453487, -0.005666, 0.032963, 0.457081, -0.888814, 0.032399, 0.0, 0.0, 0.0, 1.0],
                [0.996215, 0.056537, 0.066021, 0.124994, 0.080427, -0.887626, -0.453487, -0.005666, 0.032963, 0.457081, -0.888814, 0.032399, 0.0, 0.0, 0.0, 1.0],
                [0.996215, 0.056537, 0.066021, 0.124994, 0.080427, -0.887626, -0.453487, -0.005666, 0.032963, 0.457081, -0.888814, 0.032399, 0.0, 0.0, 0.0, 1.0],
                [0.996215, 0.056537, 0.066021, 0.124994, 0.080427, -0.887626, -0.453487, -0.005666, 0.032963, 0.457081, -0.888814, 0.032399, 0.0, 0.0, 0.0, 1.0],
                [0.996215, 0.056537, 0.066021, 0.124994, 0.080427, -0.887626, -0.453487, -0.005666, 0.032963, 0.457081, -0.888814, 0.032399, 0.0, 0.0, 0.0, 1.0],
                [0.996215, 0.056537, 0.066021, 0.124994, 0.080427, -0.887626, -0.453487, -0.005666, 0.032963, 0.457081, -0.888814, 0.032399, 0.0, 0.0, 0.0, 1.0],
                [0.996215, 0.056537, 0.066021, 0.124994, 0.080427, -0.887626, -0.453487, -0.005666, 0.032963, 0.457081, -0.888814, 0.032399, 0.0, 0.0, 0.0, 1.0],
                [0.996215, 0.056537, 0.066021, 0.124994, 0.080427, -0.887626, -0.453487, -0.005666, 0.032963, 0.457081, -0.888814, 0.032399, 0.0, 0.0, 0.0, 1.0],
                [0.996215, 0.056537, 0.066021, 0.124994, 0.080427, -0.887626, -0.453487, -0.005666, 0.032963, 0.457081, -0.888814, 0.032399, 0.0, 0.0, 0.0, 1.0],
                [0.996215, 0.056537, 0.066021, 0.124994, 0.080427, -0.887626, -0.453487, -0.005666, 0.032963, 0.457081, -0.888814, 0.032399, 0.0, 0.0, 0.0, 1.0],
                [0.996215, 0.056537, 0.066021, 0.124994, 0.080427, -0.887626, -0.453487, -0.005666, 0.032963, 0.457081, -0.888814, 0.032399, 0.0, 0.0, 0.0, 1.0],
                [0.996269, 0.056485, 0.065256, 0.124994, 0.079863, -0.890009, -0.448893, -0.005666, 0.032723, 0.452429, -0.8912, 0.032399, 0.0, 0.0, 0.0, 1.0],
                [0.996422, 0.056313, 0.06303, 0.124994, 0.078227, -0.896817, -0.43543, -0.005666, 0.032006, 0.438803, -0.898013, 0.032399, 0.0, 0.0, 0.0, 1.0],
                [0.996662, 0.055962, 0.059433, 0.124994, 0.075603, -0.907392, -0.413428, -0.005666, 0.030793, 0.416541, -0.908595, 0.032399, 0.0, 0.0, 0.0, 1.0],
                [0.996976, 0.055341, 0.054553, 0.124994, 0.07208, -0.920902, -0.383072, -0.005666, 0.029038, 0.385846, -0.922106, 0.032399, 0.0, 0.0, 0.0, 1.0],
                [0.997345, 0.054335, 0.048482, 0.124994, 0.067758, -0.936346, -0.344478, -0.005666, 0.026678, 0.346848, -0.937542, 0.032399, 0.0, 0.0, 0.0, 1.0],
                [0.997749, 0.052808, 0.041323, 0.124994, 0.06275, -0.952572, -0.297773, -0.005666, 0.023638, 0.299695, -0.953742, 0.032399, 0.0, 0.0, 0.0, 1.0],
                [0.998166, 0.050615, 0.033202, 0.124994, 0.057189, -0.968296, -0.24317, -0.005666, 0.019841, 0.244622, -0.969415, 0.032399, 0.0, 0.0, 0.0, 1.0],
                [0.998571, 0.047612, 0.024273, 0.124994, 0.051229, -0.982139, -0.18105, -0.005666, 0.015219, 0.182034, -0.983174, 0.032399, 0.0, 0.0, 0.0, 1.0],
                [0.998938, 0.043667, 0.014721, 0.124994, 0.045045, -0.992683, -0.112028, -0.005666, 0.009722, 0.112573, -0.993596, 0.032399, 0.0, 0.0, 0.0, 1.0],
                [0.99924, 0.038678, 0.004767, 0.124994, 0.038828, -0.99856, -0.037008, -0.005666, 0.003329, 0.037165, -0.999304, 0.032399, 0.0, 0.0, 0.0, 1.0],
                [0.999455, 0.032583, -0.005343, 0.124994, 0.032782, -0.998545, 0.042802, -0.005666, -0.00394, -0.042954, -0.999069, 0.032399, 0.0, 0.0, 0.0, 1.0],
                [0.99956, 0.025375, -0.015344, 0.124994, 0.027107, -0.991672, 0.125899, -0.005666, -0.012022, -0.126259, -0.991924, 0.032399, 0.0, 0.0, 0.0, 1.0],
                [0.999542, 0.01711, -0.024971, 0.124994, 0.02199, -0.977336, 0.210549, -0.005666, -0.020803, -0.211002, -0.977264, 0.032399, 0.0, 0.0, 0.0, 1.0],
                [0.999391, 0.007911, -0.033975, 0.124994, 0.017588, -0.955369, 0.29489, -0.005666, -0.030126, -0.295309, -0.954927, 0.032399, 0.0, 0.0, 0.0, 1.0],
                [0.99911, -0.002042, -0.042143, 0.124994, 0.014012, -0.926084, 0.377057, -0.005666, -0.039798, -0.377312, -0.925231, 0.032399, 0.0, 0.0, 0.0, 1.0],
                [0.998705, -0.012519, -0.049316, 0.124994, 0.011325, -0.890255, 0.45532, -0.005666, -0.049604, -0.455289, -0.888961, 0.032399, 0.0, 0.0, 0.0, 1.0],
                [0.998193, -0.02326, -0.055398, 0.124994, 0.00953, -0.849059, 0.528211, -0.005666, -0.059322, -0.527785, -0.847304, 0.032399, 0.0, 0.0, 0.0, 1.0],
                [0.997598, -0.033994, -0.060359, 0.124994, 0.00858, -0.80397, 0.594607, -0.005666, -0.06874, -0.593697, -0.801747, 0.032399, 0.0, 0.0, 0.0, 1.0],
                [0.996944, -0.044459, -0.064233, 0.124994, 0.00838, -0.756638, 0.653779, -0.005666, -0.077667, -0.65232, -0.753954, 0.032399, 0.0, 0.0, 0.0, 1.0],
                [0.996261, -0.054414, -0.067107, 0.124994, 0.008802, -0.70877, 0.705384, -0.005666, -0.085946, -0.703338, -0.705641, 0.032399, 0.0, 0.0, 0.0, 1.0],
                [0.995577, -0.063649, -0.069108, 0.124994, 0.009696, -0.662024, 0.749419, -0.005666, -0.093451, -0.746774, -0.658479, 0.032399, 0.0, 0.0, 0.0, 1.0],
                [0.994918, -0.071993, -0.070387, 0.124994, 0.010903, -0.617939, 0.78615, -0.005666, -0.100092, -0.782923, -0.614015, 0.032399, 0.0, 0.0, 0.0, 1.0],
                [0.994311, -0.079305, -0.071107, 0.124994, 0.012264, -0.577892, 0.816021, -0.005666, -0.105807, -0.812251, -0.573632, 0.032399, 0.0, 0.0, 0.0, 1.0],
                [0.993777, -0.085476, -0.071426, 0.124994, 0.013631, -0.543084, 0.839567, -0.005666, -0.110553, -0.835316, -0.538539, 0.032399, 0.0, 0.0, 0.0, 1.0],
                [0.993335, -0.090416, -0.071492, 0.124994, 0.014867, -0.514558, 0.857326, -0.005666, -0.114303, -0.852675, -0.509785, 0.032399, 0.0, 0.0, 0.0, 1.0],
                [0.993002, -0.094046, -0.071434, 0.124994, 0.015856, -0.493223, 0.869758, -0.005666, -0.117031, -0.864804, -0.488281, 0.032399, 0.0, 0.0, 0.0, 1.0],
                [0.992793, -0.096288, -0.071353, 0.124994, 0.016501, -0.479885, 0.877176, -0.005666, -0.118703, -0.872031, -0.474838, 0.032399, 0.0, 0.0, 0.0, 1.0],
                [0.99272, -0.097057, -0.071318, 0.124994, 0.016728, -0.475283, 0.879674, -0.005666, -0.119275, -0.874463, -0.470199, 0.032399, 0.0, 0.0, 0.0, 1.0],
                [0.99272, -0.097057, -0.071318, 0.124994, 0.016728, -0.475283, 0.879674, -0.005666, -0.119275, -0.874463, -0.470199, 0.032399, 0.0, 0.0, 0.0, 1.0],
                [0.99272, -0.097057, -0.071318, 0.124994, 0.016728, -0.475283, 0.879674, -0.005666, -0.119275, -0.874463, -0.470199, 0.032399, 0.0, 0.0, 0.0, 1.0],
                [0.99272, -0.097057, -0.071318, 0.124994, 0.016728, -0.475283, 0.879674, -0.005666, -0.119275, -0.874463, -0.470199, 0.032399, 0.0, 0.0, 0.0, 1.0],
                [0.99272, -0.097057, -0.071318, 0.124994, 0.016728, -0.475283, 0.879674, -0.005666, -0.119275, -0.874463, -0.470199, 0.032399, 0.0, 0.0, 0.0, 1.0],
                [0.99272, -0.097057, -0.071318, 0.124994, 0.016728, -0.475283, 0.879674, -0.005666, -0.119275, -0.874463, -0.470199, 0.032399, 0.0, 0.0, 0.0, 1.0],
                [0.99272, -0.097057, -0.071318, 0.124994, 0.016728, -0.475283, 0.879674, -0.005666, -0.119275, -0.874463, -0.470199, 0.032399, 0.0, 0.0, 0.0, 1.0],
                [0.99272, -0.097057, -0.071318, 0.124994, 0.016728, -0.475283, 0.879674, -0.005666, -0.119275, -0.874463, -0.470199, 0.032399, 0.0, 0.0, 0.0, 1.0],
                [0.99272, -0.097057, -0.071318, 0.124994, 0.016728, -0.475283, 0.879674, -0.005666, -0.119275, -0.874463, -0.470199, 0.032399, 0.0, 0.0, 0.0, 1.0],
                [0.99272, -0.097057, -0.071318, 0.124994, 0.016728, -0.475283, 0.879674, -0.005666, -0.119275, -0.874463, -0.470199, 0.032399, 0.0, 0.0, 0.0, 1.0],
                [0.99272, -0.097057, -0.071318, 0.124994, 0.016728, -0.475283, 0.879674, -0.005666, -0.119275, -0.874463, -0.470199, 0.032399, 0.0, 0.0, 0.0, 1.0],
                [0.99272, -0.097057, -0.071318, 0.124994, 0.016728, -0.475283, 0.879674, -0.005666, -0.119275, -0.874463, -0.470199, 0.032399, 0.0, 0.0, 0.0, 1.0],
                [0.99272, -0.097057, -0.071318, 0.124994, 0.016728, -0.475283, 0.879674, -0.005666, -0.119275, -0.874463, -0.470199, 0.032399, 0.0, 0.0, 0.0, 1.0],
                [0.99272, -0.097057, -0.071318, 0.124994, 0.016728, -0.475283, 0.879674, -0.005666, -0.119275, -0.874463, -0.470199, 0.032399, 0.0, 0.0, 0.0, 1.0],
                [0.99272, -0.097057, -0.071318, 0.124994, 0.016728, -0.475283, 0.879674, -0.005666, -0.119275, -0.874463, -0.470199, 0.032399, 0.0, 0.0, 0.0, 1.0],
                [0.99272, -0.097057, -0.071318, 0.124994, 0.016728, -0.475283, 0.879674, -0.005666, -0.119275, -0.874463, -0.470199, 0.032399, 0.0, 0.0, 0.0, 1.0],
                [0.99272, -0.097057, -0.071318, 0.124994, 0.016728, -0.475283, 0.879674, -0.005666, -0.119275, -0.874463, -0.470199, 0.032399, 0.0, 0.0, 0.0, 1.0],
                [0.99272, -0.097057, -0.071318, 0.124994, 0.016728, -0.475283, 0.879674, -0.005666, -0.119275, -0.874463, -0.470199, 0.032399, 0.0, 0.0, 0.0, 1.0],
                [0.99272, -0.097057, -0.071318, 0.124994, 0.016728, -0.475283, 0.879674, -0.005666, -0.119275, -0.874463, -0.470199, 0.032399, 0.0, 0.0, 0.0, 1.0],
                [0.99272, -0.097057, -0.071318, 0.124994, 0.016728, -0.475283, 0.879674, -0.005666, -0.119275, -0.874463, -0.470199, 0.032399, 0.0, 0.0, 0.0, 1.0],
                [0.99272, -0.097057, -0.071318, 0.124994, 0.016728, -0.475283, 0.879674, -0.005666, -0.119275, -0.874463, -0.470199, 0.032399, 0.0, 0.0, 0.0, 1.0],
                [0.99272, -0.097057, -0.071318, 0.124994, 0.016728, -0.475283, 0.879674, -0.005666, -0.119275, -0.874463, -0.470199, 0.032399, 0.0, 0.0, 0.0, 1.0],
                [0.99272, -0.097057, -0.071318, 0.124994, 0.016728, -0.475283, 0.879674, -0.005666, -0.119275, -0.874463, -0.470199, 0.032399, 0.0, 0.0, 0.0, 1.0],
                [0.99272, -0.097057, -0.071318, 0.124994, 0.016728, -0.475283, 0.879674, -0.005666, -0.119275, -0.874463, -0.470199, 0.032399, 0.0, 0.0, 0.0, 1.0],
                [0.99272, -0.097057, -0.071318, 0.124994, 0.016728, -0.475283, 0.879674, -0.005666, -0.119275, -0.874463, -0.470199, 0.032399, 0.0, 0.0, 0.0, 1.0],
                [0.99272, -0.097057, -0.071318, 0.124994, 0.016728, -0.475283, 0.879674, -0.005666, -0.119275, -0.874463, -0.470199, 0.032399, 0.0, 0.0, 0.0, 1.0],
                [0.99272, -0.097057, -0.071318, 0.124994, 0.016728, -0.475283, 0.879674, -0.005666, -0.119275, -0.874463, -0.470199, 0.032399, 0.0, 0.0, 0.0, 1.0],
                [0.99272, -0.097057, -0.071318, 0.124994, 0.016728, -0.475283, 0.879674, -0.005666, -0.119275, -0.874463, -0.470199, 0.032399, 0.0, 0.0, 0.0, 1.0],
                [0.99272, -0.097057, -0.071318, 0.124994, 0.016728, -0.475283, 0.879674, -0.005666, -0.119275, -0.874463, -0.470199, 0.032399, 0.0, 0.0, 0.0, 1.0],
                [0.99272, -0.097057, -0.071318, 0.124994, 0.016728, -0.475283, 0.879674, -0.005666, -0.119275, -0.874463, -0.470199, 0.032399, 0.0, 0.0, 0.0, 1.0],
                [0.99272, -0.097057, -0.071318, 0.124994, 0.016728, -0.475283, 0.879674, -0.005666, -0.119275, -0.874463, -0.470199, 0.032399, 0.0, 0.0, 0.0, 1.0],
                [0.99272, -0.097057, -0.071318, 0.124994, 0.016728, -0.475283, 0.879674, -0.005666, -0.119275, -0.874463, -0.470199, 0.032399, 0.0, 0.0, 0.0, 1.0],
                [0.99272, -0.097057, -0.071318, 0.124994, 0.016728, -0.475283, 0.879674, -0.005666, -0.119275, -0.874463, -0.470199, 0.032399, 0.0, 0.0, 0.0, 1.0],
                [0.99272, -0.097057, -0.071318, 0.124994, 0.016728, -0.475283, 0.879674, -0.005666, -0.119275, -0.874463, -0.470199, 0.032399, 0.0, 0.0, 0.0, 1.0],
                [0.99272, -0.097057, -0.071318, 0.124994, 0.016728, -0.475283, 0.879674, -0.005666, -0.119275, -0.874463, -0.470199, 0.032399, 0.0, 0.0, 0.0, 1.0],
                [0.99272, -0.097057, -0.071318, 0.124994, 0.016728, -0.475283, 0.879674, -0.005666, -0.119275, -0.874463, -0.470199, 0.032399, 0.0, 0.0, 0.0, 1.0],
                [0.99272, -0.097057, -0.071318, 0.124994, 0.016728, -0.475283, 0.879674, -0.005666, -0.119275, -0.874463, -0.470199, 0.032399, 0.0, 0.0, 0.0, 1.0],
                [0.99272, -0.097057, -0.071318, 0.124994, 0.016728, -0.475283, 0.879674, -0.005666, -0.119275, -0.874463, -0.470199, 0.032399, 0.0, 0.0, 0.0, 1.0],
                [0.99272, -0.097057, -0.071318, 0.124994, 0.016728, -0.475283, 0.879674, -0.005666, -0.119275, -0.874463, -0.470199, 0.032399, 0.0, 0.0, 0.0, 1.0],
                [0.99272, -0.097057, -0.071318, 0.124994, 0.016728, -0.475283, 0.879674, -0.005666, -0.119275, -0.874463, -0.470199, 0.032399, 0.0, 0.0, 0.0, 1.0],
                [0.99272, -0.097057, -0.071318, 0.124994, 0.016728, -0.475283, 0.879674, -0.005666, -0.119275, -0.874463, -0.470199, 0.032399, 0.0, 0.0, 0.0, 1.0],
                [0.99272, -0.097057, -0.071318, 0.124994, 0.016728, -0.475283, 0.879674, -0.005666, -0.119275, -0.874463, -0.4702, 0.032399, 0.0, 0.0, 0.0, 1.0],
                [0.99272, -0.097057, -0.071318, 0.124994, 0.016728, -0.475283, 0.879674, -0.005666, -0.119275, -0.874463, -0.4702, 0.032399, 0.0, 0.0, 0.0, 1.0],
                [0.99272, -0.097057, -0.071318, 0.124994, 0.016728, -0.475283, 0.879674, -0.005666, -0.119275, -0.874463, -0.470199, 0.032399, 0.0, 0.0, 0.0, 1.0],
                [0.992768, -0.096553, -0.071338, 0.124994, 0.016744, -0.477071, 0.878705, -0.005666, -0.118875, -0.873545, -0.472004, 0.032399, 0.0, 0.0, 0.0, 1.0],
                [0.992907, -0.095078, -0.071391, 0.124994, 0.016793, -0.482284, 0.875853, -0.005666, -0.117705, -0.87084, -0.477267, 0.032399, 0.0, 0.0, 0.0, 1.0],
                [0.993128, -0.092689, -0.071459, 0.124994, 0.016888, -0.490688, 0.871172, -0.005666, -0.115812, -0.866391, -0.48575, 0.032399, 0.0, 0.0, 0.0, 1.0],
                [0.993421, -0.089442, -0.071513, 0.124994, 0.017046, -0.502032, 0.864681, -0.005666, -0.11324, -0.860211, -0.497205, 0.032399, 0.0, 0.0, 0.0, 1.0],
                [0.993777, -0.085391, -0.071521, 0.124994, 0.01729, -0.516057, 0.856379, -0.005666, -0.110036, -0.852287, -0.51137, 0.032399, 0.0, 0.0, 0.0, 1.0],
                [0.994183, -0.080592, -0.071444, 0.124994, 0.017648, -0.53249, 0.846252, -0.005666, -0.106245, -0.842591, -0.52797, 0.032399, 0.0, 0.0, 0.0, 1.0],
                [0.994628, -0.075104, -0.071241, 0.124994, 0.018147, -0.551044, 0.834278, -0.005666, -0.101914, -0.831089, -0.546721, 0.032399, 0.0, 0.0, 0.0, 1.0],
                [0.995097, -0.068985, -0.07087, 0.124994, 0.018818, -0.571425, 0.820438, -0.005666, -0.097095, -0.81775, -0.567325, 0.032399, 0.0, 0.0, 0.0, 1.0],
                [0.995579, -0.062299, -0.07029, 0.124994, 0.019688, -0.593325, 0.804722, -0.005666, -0.091838, -0.802549, -0.589475, 0.032399, 0.0, 0.0, 0.0, 1.0],
                [0.996061, -0.055113, -0.069461, 0.124994, 0.020784, -0.616429, 0.787136, -0.005666, -0.0862, -0.785479, -0.612856, 0.032399, 0.0, 0.0, 0.0, 1.0],
                [0.99653, -0.0475, -0.068349, 0.124994, 0.022129, -0.640419, 0.767706, -0.005666, -0.080238, -0.766555, -0.637146, 0.032399, 0.0, 0.0, 0.0, 1.0],
                [0.996975, -0.039532, -0.066924, 0.124994, 0.023742, -0.664975, 0.746488, -0.005666, -0.074013, -0.745819, -0.662025, 0.032399, 0.0, 0.0, 0.0, 1.0],
                [0.997384, -0.031289, -0.065164, 0.124994, 0.025636, -0.689779, 0.723566, -0.005666, -0.067588, -0.723343, -0.687172, 0.032399, 0.0, 0.0, 0.0, 1.0],
                [0.997748, -0.02285, -0.063056, 0.124994, 0.027815, -0.714524, 0.699057, -0.005666, -0.061028, -0.699237, -0.71228, 0.032399, 0.0, 0.0, 0.0, 1.0],
                [0.99806, -0.014298, -0.060593, 0.124994, 0.03028, -0.738918, 0.673114, -0.005666, -0.054397, -0.673643, -0.737052, 0.032399, 0.0, 0.0, 0.0, 1.0],
                [0.998313, -0.005714, -0.057782, 0.124994, 0.033021, -0.762688, 0.645923, -0.005666, -0.04776, -0.646741, -0.761213, 0.032399, 0.0, 0.0, 0.0, 1.0],
