{
    "animation": [
        {
            "name": "Root",
            "time": [0.0, 0.0167, 0.0333, 0.05, 0.0667, 0.0833, 0.1, 0.1167, 0.1333, 0.15, 0.1667, 0.1833, 0.2, 0.2167, 0.2333, 0.25, 0.2667, 0.2833, 0.3, 0.3167, 0.3333, 0.35, 0.3667, 0.3833, 0.4, 0.4167, 0.4333, 0.45, 0.4667, 0.4833, 0.5, 0.5167, 0.5333, 0.55, 0.5667, 0.5833, 0.6, 0.6167, 0.6333, 0.65, 0.6667, 0.6833, 0.7, 0.7167, 0.7333, 0.75, 0.7667, 0.7833, 0.8, 0.8167, 0.8333, 0.85, 0.8667, 0.8833, 0.9, 0.9167, 0.9333, 0.95, 0.9667, 0.9833, 1.0, 1.0167, 1.0333, 1.05, 1.0667, 1.0833, 1.1],
            "transform": [
                [0.819152, 0.0, -0.573576, -5e-06, -0.573576, 0.0, -0.819152, 0.000946, 0.0, 1.0, 0.0, 0.763972, 0.0, 0.0, 0.0, 1.0],
                [0.81909, -7e-06, -0.573665, 1.9e-05, -0.573665, -4e-06, -0.81909, 0.000933, 3e-06, 1.0, -7e-06, 0.76286, 0.0, 0.0, 0.0, 1.0],
                [0.818653, -4.7e-05, -0.574288, 8.6e-05, -0.574288, -8e-06, -0.818653, 0.000895, 3.4e-05, 1.0, -3.4e-05, 0.759717, 0.0, 0.0, 0.0, 1.0],
                [0.817466, -0.00015, -0.575977, 0.000189, -0.575977, -3e-06, -0.817466, 0.000837, 0.000121, 1.0, -8.9e-05, 0.754835, 0.0, 0.0, 0.0, 1.0],
                [0.815138, -0.000348, -0.579267, 0.000324, -0.579267, 2.2e-05, -0.815138, 0.000761, 0.000296, 1.0, -0.000183, 0.748501, 0.0, 0.0, 0.0, 1.0],
                [0.811258, -0.000669, -0.584688, 0.000483, -0.584688, 8e-05, -0.811258, 0.000671, 0.000589, 1.0, -0.000326, 0.741008, 0.0, 0.0, 0.0, 1.0],
                [0.805372, -0.001146, -0.592768, 0.000661, -0.592769, 0.000184, -0.805373, 0.000571, 0.001032, 0.999999, -0.000531, 0.732645, 0.0, 0.0, 0.0, 1.0],
                [0.796959, -0.00181, -0.60403, 0.000851, -0.604031, 0.000352, -0.796961, 0.000463, 0.001655, 0.999998, -0.000813, 0.723701, 0.0, 0.0, 0.0, 1.0],
                [0.785401, -0.002695, -0.618981, 0.001047, -0.618982, 0.000605, -0.785405, 0.000353, 0.002491, 0.999996, -0.001193, 0.714467, 0.0, 0.0, 0.0, 1.0],
                [0.769945, -0.003834, -0.638099, 0.001243, -0.6381, 0.000971, -0.769953, 0.000242, 0.003572, 0.999992, -0.001699, 0.705234, 0.0, 0.0, 0.0, 1.0],
                [0.749654, -0.005262, -0.661809, 0.001433, -0.661812, 0.001489, -0.749669, 0.000134, 0.00493, 0.999985, -0.002366, 0.69629, 0.0, 0.0, 0.0, 1.0],
                [0.723354, -0.007012, -0.690442, 0.00161, -0.690446, 0.002208, -0.723381, 3.4e-05, 0.006596, 0.999973, -0.003244, 0.687926, 0.0, 0.0, 0.0, 1.0],
                [0.689571, -0.009114, -0.724161, 0.001769, -0.724167, 0.003195, -0.689617, -5.6e-05, 0.008599, 0.999953, -0.004397, 0.680433, 0.0, 0.0, 0.0, 1.0],
                [0.646468, -0.011593, -0.762853, 0.001904, -0.762863, 0.004538, -0.646545, -0.000132, 0.010958, 0.999923, -0.00591, 0.6741, 0.0, 0.0, 0.0, 1.0],
                [0.591798, -0.014458, -0.805956, 0.002008, -0.80597, 0.006351, -0.591922, -0.00019, 0.013677, 0.999875, -0.007894, 0.669217, 0.0, 0.0, 0.0, 1.0],
                [0.5229, -0.01769, -0.85221, 0.002074, -0.852229, 0.008778, -0.523095, -0.000228, 0.016734, 0.999805, -0.010486, 0.666075, 0.0, 0.0, 0.0, 1.0],
                [0.436795, -0.021229, -0.899311, 0.002098, -0.899337, 0.011994, -0.437091, -0.000241, 0.020065, 0.999703, -0.013854, 0.664963, 0.0, 0.0, 0.0, 1.0],
                [0.317179, -0.02535, -0.948027, 0.002081, -0.948065, 0.016715, -0.317639, 0.000732, 0.023898, 0.999539, -0.018732, 0.666925, 0.0, 0.0, 0.0, 1.0],
                [0.149153, -0.029842, -0.988364, 0.002033, -0.988422, 0.023656, -0.149876, 0.0034, 0.027854, 0.999275, -0.025968, 0.672627, 0.0, 0.0, 0.0, 1.0],
                [-0.063146, -0.033688, -0.997436, 0.001957, -0.997533, 0.032837, 0.062043, 0.007386, 0.030663, 0.998893, -0.035678, 0.681791, 0.0, 0.0, 0.0, 1.0],
                [-0.304751, -0.035759, -0.95176, 0.001858, -0.951931, 0.043831, 0.303159, 0.012315, 0.030876, 0.998399, -0.047397, 0.694141, 0.0, 0.0, 0.0, 1.0],
                [-0.548459, -0.035155, -0.835438, 0.001738, -0.835732, 0.055635, 0.546312, 0.017808, 0.027274, 0.997832, -0.059894, 0.709399, 0.0, 0.0, 0.0, 1.0],
                [-0.760626, -0.031609, -0.64842, 0.001601, -0.648901, 0.066845, 0.757931, 0.02349, 0.019386, 0.997263, -0.071355, 0.727289, 0.0, 0.0, 0.0, 1.0],
                [-0.912522, -0.025658, -0.408222, 0.001452, -0.408954, 0.076127, 0.909374, 0.028983, 0.007744, 0.996768, -0.07996, 0.747533, 0.0, 0.0, 0.0, 1.0],
                [-0.989605, -0.018416, -0.142632, 0.001294, -0.143675, 0.082684, 0.986165, 0.033912, -0.006368, 0.996406, -0.08447, 0.769855, 0.0, 0.0, 0.0, 1.0],
                [-0.992574, -0.011118, 0.12113, 0.00113, 0.119731, 0.086402, 0.989039, 0.037898, -0.021462, 0.996198, -0.08443, 0.793978, 0.0, 0.0, 0.0, 1.0],
                [-0.931582, -0.004762, 0.363498, 0.000964, 0.361713, 0.087682, 0.928157, 0.040566, -0.036292, 0.996137, -0.07996, 0.819624, 0.0, 0.0, 0.0, 1.0],
                [-0.819152, -0.0, 0.573576, 0.0008, 0.571394, 0.087156, 0.816035, 0.041539, -0.04999, 0.996195, -0.071394, 0.846516, 0.0, 0.0, 0.0, 1.0],
                [-0.652921, 0.003057, 0.75742, 0.000641, 0.754804, 0.08576, 0.65032, 0.039831, -0.062968, 0.996311, -0.058302, 0.874378, 0.0, 0.0, 0.0, 1.0],
                [-0.413462, 0.004826, 0.910509, 0.000492, 0.907465, 0.084057, 0.411634, 0.03532, -0.074548, 0.996449, -0.039134, 0.902933, 0.0, 0.0, 0.0, 1.0],
                [-0.100281, 0.005437, 0.994944, 0.000356, 0.991632, 0.082255, 0.099498, 0.028926, -0.081298, 0.996596, -0.013641, 0.931903, 0.0, 0.0, 0.0, 1.0],
                [0.251706, 0.00498, 0.967791, 0.000236, 0.964542, 0.080737, -0.251277, 0.02157, -0.079388, 0.996723, 0.015518, 0.961012, 0.0, 0.0, 0.0, 1.0],
                [0.572214, 0.003784, 0.820096, 0.000136, 0.817305, 0.079926, -0.570635, 0.014174, -0.067706, 0.996794, 0.042642, 0.989982, 0.0, 0.0, 0.0, 1.0],
                [0.798352, 0.002413, 0.602186, 6e-05, 0.600105, 0.079975, -0.795913, 0.007658, -0.05008, 0.996794, 0.0624, 1.018536, 0.0, 0.0, 0.0, 1.0],
                [0.918686, 0.001343, 0.394986, 1.2e-05, 0.3936, 0.080656, -0.915737, 0.002941, -0.033088, 0.996741, 0.073569, 1.046398, 0.0, 0.0, 0.0, 1.0],
                [0.964367, 0.000752, 0.264566, -5e-06, 0.263625, 0.081592, -0.961168, 0.000946, -0.022309, 0.996666, 0.078486, 1.073291, 0.0, 0.0, 0.0, 1.0],
                [0.981451, 0.000452, 0.191715, -5e-06, 0.191024, 0.082502, -0.978112, 0.000629, -0.016259, 0.996591, 0.080885, 1.098937, 0.0, 0.0, 0.0, 1.0],
                [0.991939, 0.000245, 0.126719, -5e-06, 0.126258, 0.083319, -0.988492, 0.000333, -0.0108, 0.996523, 0.082616, 1.123059, 0.0, 0.0, 0.0, 1.0],
                [0.997572, 0.000109, 0.069648, -5e-06, 0.069392, 0.08404, -0.994043, 5.6e-05, -0.005962, 0.996462, 0.083828, 1.145381, 0.0, 0.0, 0.0, 1.0],
                [0.999795, 2.5e-05, 0.020262, -5e-06, 0.020187, 0.084667, -0.996205, -0.000202, -0.001741, 0.996409, 0.084649, 1.165626, 0.0, 0.0, 0.0, 1.0],
                [0.999761, -2.1e-05, -0.021873, -5e-06, -0.021791, 0.085204, -0.996125, -0.000441, 0.001885, 0.996363, 0.085184, 1.183516, 0.0, 0.0, 0.0, 1.0],
                [0.998357, -4.3e-05, -0.057301, -5e-06, -0.057087, 0.085658, -0.994688, -0.000663, 0.004951, 0.996325, 0.085514, 1.198774, 0.0, 0.0, 0.0, 1.0],
                [0.996241, -4.9e-05, -0.086624, -5e-06, -0.086299, 0.086034, -0.992548, -0.000868, 0.007501, 0.996292, 0.085706, 1.211123, 0.0, 0.0, 0.0, 1.0],
                [0.993881, -4.5e-05, -0.110458, -5e-06, -0.110042, 0.08634, -0.99017, -0.001056, 0.009582, 0.996266, 0.085807, 1.220288, 0.0, 0.0, 0.0, 1.0],
                [0.99159, -3.7e-05, -0.129417, -5e-06, -0.128928, 0.086584, -0.987867, -0.001229, 0.011242, 0.996244, 0.085851, 1.225989, 0.0, 0.0, 0.0, 1.0],
                [0.989563, -2.8e-05, -0.144098, -5e-06, -0.143552, 0.086774, -0.985831, -0.001386, 0.012531, 0.996228, 0.085864, 1.227952, 0.0, 0.0, 0.0, 1.0],
                [0.987902, -1.9e-05, -0.155079, -5e-06, -0.15449, 0.086916, -0.984164, -0.00153, 0.013497, 0.996216, 0.085861, 1.227697, 0.0, 0.0, 0.0, 1.0],
                [0.986639, -1.1e-05, -0.162919, -5e-06, -0.1623, 0.087017, -0.982897, -0.001659, 0.014188, 0.996207, 0.085853, 1.226966, 0.0, 0.0, 0.0, 1.0],
                [0.98576, -6e-06, -0.16816, -5e-06, -0.167521, 0.087085, -0.982015, -0.001776, 0.01465, 0.996201, 0.085844, 1.225808, 0.0, 0.0, 0.0, 1.0],
                [0.985213, -3e-06, -0.171334, -5e-06, -0.170683, 0.087126, -0.981467, -0.00188, 0.01493, 0.996197, 0.085837, 1.224275, 0.0, 0.0, 0.0, 1.0],
                [0.984928, -1e-06, -0.172963, -5e-06, -0.172305, 0.087147, -0.981181, -0.001973, 0.015074, 0.996195, 0.085833, 1.222416, 0.0, 0.0, 0.0, 1.0],
                [0.984823, -0.0, -0.173562, -5e-06, -0.172902, 0.087155, -0.981075, -0.002055, 0.015127, 0.996195, 0.085832, 1.220281, 0.0, 0.0, 0.0, 1.0],
                [0.984808, -0.0, -0.173648, -5e-06, -0.172987, 0.087156, -0.98106, -0.002127, 0.015134, 0.996195, 0.085832, 1.217921, 0.0, 0.0, 0.0, 1.0],
                [0.984808, -0.0, -0.173648, -5e-06, -0.172987, 0.087156, -0.98106, -0.002189, 0.015134, 0.996195, 0.085832, 1.215385, 0.0, 0.0, 0.0, 1.0],
                [0.984808, -0.0, -0.173648, -5e-06, -0.172987, 0.087156, -0.98106, -0.002242, 0.015134, 0.996195, 0.085832, 1.212724, 0.0, 0.0, 0.0, 1.0],
                [0.984808, -0.0, -0.173648, -5e-06, -0.172987, 0.087156, -0.98106, -0.002287, 0.015134, 0.996195, 0.085832, 1.209988, 0.0, 0.0, 0.0, 1.0],
                [0.984808, -0.0, -0.173648, -5e-06, -0.172987, 0.087156, -0.98106, -0.002325, 0.015134, 0.996195, 0.085832, 1.207226, 0.0, 0.0, 0.0, 1.0],
                [0.984808, -0.0, -0.173648, -5e-06, -0.172987, 0.087156, -0.98106, -0.002356, 0.015134, 0.996195, 0.085832, 1.20449, 0.0, 0.0, 0.0, 1.0],
                [0.984808, -0.0, -0.173648, -5e-06, -0.172987, 0.087156, -0.98106, -0.00238, 0.015134, 0.996195, 0.085832, 1.201828, 0.0, 0.0, 0.0, 1.0],
                [0.984808, -0.0, -0.173648, -5e-06, -0.172987, 0.087156, -0.98106, -0.0024, 0.015134, 0.996195, 0.085832, 1.199293, 0.0, 0.0, 0.0, 1.0],
                [0.984808, -0.0, -0.173648, -5e-06, -0.172987, 0.087156, -0.98106, -0.002414, 0.015134, 0.996195, 0.085832, 1.196932, 0.0, 0.0, 0.0, 1.0],
                [0.984808, -0.0, -0.173648, -5e-06, -0.172987, 0.087156, -0.98106, -0.002424, 0.015134, 0.996195, 0.085832, 1.194797, 0.0, 0.0, 0.0, 1.0],
                [0.984808, -0.0, -0.173648, -5e-06, -0.172987, 0.087156, -0.98106, -0.002431, 0.015134, 0.996195, 0.085832, 1.192938, 0.0, 0.0, 0.0, 1.0],
                [0.984808, -0.0, -0.173648, -5e-06, -0.172987, 0.087156, -0.98106, -0.002435, 0.015134, 0.996195, 0.085832, 1.191405, 0.0, 0.0, 0.0, 1.0],
                [0.984808, -0.0, -0.173648, -5e-06, -0.172987, 0.087156, -0.98106, -0.002438, 0.015134, 0.996195, 0.085832, 1.190248, 0.0, 0.0, 0.0, 1.0],
                [0.984808, -0.0, -0.173648, -5e-06, -0.172987, 0.087156, -0.98106, -0.002438, 0.015134, 0.996195, 0.085832, 1.189517, 0.0, 0.0, 0.0, 1.0],
                [0.984808, -0.0, -0.173648, -5e-06, -0.172987, 0.087156, -0.98106, -0.002438, 0.015134, 0.996195, 0.085832, 1.189262, 0.0, 0.0, 0.0, 1.0]
            ]
        },
        {
            "name": "Thigh_R",
            "time": [0.0, 0.0167, 0.0333, 0.05, 0.0667, 0.0833, 0.1, 0.1167, 0.1333, 0.15, 0.1667, 0.1833, 0.2, 0.2167, 0.2333, 0.25, 0.2667, 0.2833, 0.3, 0.3167, 0.3333, 0.35, 0.3667, 0.3833, 0.4, 0.4167, 0.4333, 0.45, 0.4667, 0.4833, 0.5, 0.5167, 0.5333, 0.55, 0.5667, 0.5833, 0.6, 0.6167, 0.6333, 0.65, 0.6667, 0.6833, 0.7, 0.7167, 0.7333, 0.75, 0.7667, 0.7833, 0.8, 0.8167, 0.8333, 0.85, 0.8667, 0.8833, 0.9, 0.9167, 0.9333, 0.95, 0.9667, 0.9833, 1.0, 1.0167, 1.0333, 1.05, 1.1],
            "transform": [
                [0.787738, -0.222678, -0.574354, 0.124994, 0.287556, -0.691633, 0.662537, -0.005666, -0.544775, -0.687065, -0.480794, 0.032399, 0.0, 0.0, 0.0, 1.0],
                [0.787965, -0.222357, -0.574168, 0.124994, 0.287523, -0.691716, 0.662464, -0.005666, -0.544465, -0.687085, -0.481115, 0.032399, 0.0, 0.0, 0.0, 1.0],
                [0.788633, -0.221406, -0.573618, 0.124994, 0.287427, -0.691961, 0.66225, -0.005666, -0.543548, -0.687146, -0.482065, 0.032399, 0.0, 0.0, 0.0, 1.0],
                [0.789726, -0.219846, -0.572713, 0.124994, 0.28727, -0.692363, 0.661898, -0.005666, -0.542041, -0.687242, -0.483622, 0.032399, 0.0, 0.0, 0.0, 1.0],
                [0.791228, -0.217697, -0.57146, 0.124994, 0.287055, -0.692916, 0.661413, -0.005666, -0.539961, -0.687369, -0.485763, 0.032399, 0.0, 0.0, 0.0, 1.0],
                [0.793119, -0.214977, -0.569866, 0.124994, 0.286785, -0.693615, 0.660797, -0.005666, -0.537324, -0.687519, -0.488467, 0.032399, 0.0, 0.0, 0.0, 1.0],
                [0.795379, -0.211707, -0.567937, 0.124994, 0.286465, -0.694454, 0.660053, -0.005666, -0.534145, -0.687687, -0.491707, 0.032399, 0.0, 0.0, 0.0, 1.0],
                [0.797988, -0.207906, -0.565677, 0.124994, 0.286099, -0.695429, 0.659186, -0.005666, -0.530437, -0.687862, -0.495462, 0.032399, 0.0, 0.0, 0.0, 1.0],
                [0.800924, -0.203592, -0.56309, 0.124994, 0.28569, -0.696532, 0.658197, -0.005666, -0.526214, -0.688036, -0.499706, 0.032399, 0.0, 0.0, 0.0, 1.0],
                [0.804167, -0.198785, -0.560179, 0.124994, 0.285244, -0.69776, 0.65709, -0.005666, -0.52149, -0.688198, -0.504413, 0.032399, 0.0, 0.0, 0.0, 1.0],
                [0.807693, -0.193504, -0.556946, 0.124994, 0.284764, -0.699105, 0.655867, -0.005666, -0.516277, -0.688337, -0.509559, 0.032399, 0.0, 0.0, 0.0, 1.0],
                [0.811479, -0.187769, -0.553393, 0.124994, 0.284257, -0.700562, 0.65453, -0.005666, -0.510587, -0.688444, -0.515117, 0.032399, 0.0, 0.0, 0.0, 1.0],
                [0.815503, -0.181599, -0.549524, 0.124994, 0.283726, -0.702126, 0.653083, -0.005666, -0.504435, -0.688506, -0.521062, 0.032399, 0.0, 0.0, 0.0, 1.0],
                [0.81974, -0.175014, -0.54534, 0.124994, 0.283177, -0.703791, 0.651528, -0.005666, -0.497832, -0.688512, -0.527366, 0.032399, 0.0, 0.0, 0.0, 1.0],
                [0.824168, -0.168034, -0.540844, 0.124994, 0.282614, -0.705549, 0.649868, -0.005666, -0.490792, -0.688451, -0.534003, 0.032399, 0.0, 0.0, 0.0, 1.0],
                [0.828761, -0.160679, -0.536039, 0.124994, 0.282043, -0.707397, 0.648106, -0.005666, -0.483329, -0.688311, -0.540945, 0.032399, 0.0, 0.0, 0.0, 1.0],
                [0.833496, -0.152971, -0.530927, 0.124994, 0.281468, -0.709326, 0.646245, -0.005666, -0.475457, -0.688082, -0.548165, 0.032399, 0.0, 0.0, 0.0, 1.0],
                [0.83835, -0.144931, -0.525513, 0.124994, 0.280894, -0.711332, 0.644287, -0.005666, -0.467191, -0.687752, -0.555635, 0.032399, 0.0, 0.0, 0.0, 1.0],
                [0.843298, -0.136579, -0.519801, 0.124994, 0.280326, -0.713407, 0.642236, -0.005666, -0.458546, -0.687311, -0.563328, 0.032399, 0.0, 0.0, 0.0, 1.0],
                [0.848318, -0.127939, -0.513797, 0.124994, 0.279769, -0.715546, 0.640096, -0.005666, -0.449539, -0.68675, -0.571217, 0.032399, 0.0, 0.0, 0.0, 1.0],
                [0.853387, -0.119033, -0.507506, 0.124994, 0.279227, -0.717742, 0.63787, -0.005666, -0.440186, -0.68606, -0.579274, 0.032399, 0.0, 0.0, 0.0, 1.0],
                [0.858481, -0.109883, -0.500936, 0.124994, 0.278704, -0.719988, 0.635563, -0.005666, -0.430506, -0.685232, -0.587471, 0.032399, 0.0, 0.0, 0.0, 1.0],
                [0.863579, -0.100512, -0.494094, 0.124994, 0.278205, -0.722279, 0.633178, -0.005667, -0.420516, -0.684259, -0.595782, 0.032399, 0.0, 0.0, 0.0, 1.0],
                [0.86866, -0.090945, -0.48699, 0.124994, 0.277732, -0.724608, 0.63072, -0.005666, -0.410238, -0.683134, -0.604179, 0.032399, 0.0, 0.0, 0.0, 1.0],
                [0.873703, -0.081205, -0.479634, 0.124994, 0.277291, -0.726967, 0.628194, -0.005666, -0.399691, -0.681853, -0.612637, 0.032399, 0.0, 0.0, 0.0, 1.0],
                [0.878689, -0.071315, -0.472037, 0.124994, 0.276883, -0.729352, 0.625604, -0.005666, -0.388897, -0.680411, -0.621128, 0.032399, 0.0, 0.0, 0.0, 1.0],
                [0.8836, -0.061301, -0.464213, 0.124994, 0.276512, -0.731756, 0.622956, -0.005666, -0.377878, -0.678804, -0.629629, 0.032399, 0.0, 0.0, 0.0, 1.0],
                [0.888417, -0.051187, -0.456174, 0.124994, 0.276181, -0.734171, 0.620255, -0.005666, -0.366659, -0.677032, -0.638114, 0.032399, 0.0, 0.0, 0.0, 1.0],
                [0.893125, -0.040997, -0.447936, 0.124994, 0.275891, -0.736593, 0.617506, -0.005666, -0.355263, -0.675092, -0.646559, 0.032399, 0.0, 0.0, 0.0, 1.0],
                [0.897708, -0.030756, -0.439516, 0.124994, 0.275645, -0.739014, 0.614717, -0.005666, -0.343714, -0.672987, -0.654942, 0.032399, 0.0, 0.0, 0.0, 1.0],
                [0.902153, -0.020487, -0.43093, 0.124994, 0.275444, -0.74143, 0.611892, -0.005666, -0.33204, -0.670718, -0.66324, 0.032399, 0.0, 0.0, 0.0, 1.0],
                [0.906447, -0.010217, -0.422197, 0.124994, 0.275289, -0.743833, 0.609039, -0.005666, -0.320266, -0.668288, -0.671432, 0.032399, 0.0, 0.0, 0.0, 1.0],
                [0.910578, 3.2e-05, -0.413336, 0.124994, 0.27518, -0.746218, 0.606163, -0.005666, -0.30842, -0.665701, -0.679499, 0.032399, 0.0, 0.0, 0.0, 1.0],
                [0.914538, 0.010235, -0.40437, 0.124994, 0.275118, -0.74858, 0.603272, -0.005666, -0.296529, -0.662965, -0.687421, 0.032399, 0.0, 0.0, 0.0, 1.0],
                [0.918319, 0.020368, -0.395318, 0.124994, 0.275103, -0.750913, 0.600372, -0.005666, -0.284621, -0.660087, -0.695181, 0.032399, 0.0, 0.0, 0.0, 1.0],
                [0.921912, 0.030409, -0.386204, 0.124994, 0.275135, -0.753212, 0.597471, -0.005666, -0.272725, -0.657074, -0.702762, 0.032399, 0.0, 0.0, 0.0, 1.0],
                [0.925314, 0.040334, -0.377051, 0.124994, 0.275211, -0.755472, 0.594575, -0.005666, -0.26087, -0.653938, -0.71015, 0.032399, 0.0, 0.0, 0.0, 1.0],
                [0.92852, 0.050122, -0.367884, 0.124994, 0.275332, -0.757689, 0.591692, -0.005666, -0.249084, -0.650688, -0.71733, 0.032399, 0.0, 0.0, 0.0, 1.0],
                [0.931528, 0.059751, -0.358726, 0.124994, 0.275494, -0.759858, 0.588828, -0.005666, -0.237398, -0.647338, -0.72429, 0.032399, 0.0, 0.0, 0.0, 1.0],
                [0.934338, 0.0692, -0.349605, 0.124994, 0.275697, -0.761973, 0.585993, -0.005666, -0.225839, -0.6439, -0.731019, 0.032399, 0.0, 0.0, 0.0, 1.0],
                [0.93695, 0.078448, -0.340545, 0.124994, 0.275937, -0.764033, 0.583191, -0.005666, -0.214438, -0.64039, -0.737507, 0.032399, 0.0, 0.0, 0.0, 1.0],
                [0.939365, 0.087475, -0.331574, 0.124994, 0.276212, -0.766032, 0.580432, -0.005666, -0.203223, -0.636822, -0.743746, 0.032399, 0.0, 0.0, 0.0, 1.0],
                [0.941588, 0.096263, -0.322717, 0.124994, 0.276519, -0.767968, 0.577722, -0.005667, -0.192223, -0.633213, -0.749728, 0.032399, 0.0, 0.0, 0.0, 1.0],
                [0.943621, 0.104793, -0.314002, 0.124994, 0.276855, -0.769836, 0.575068, -0.005667, -0.181467, -0.62958, -0.755446, 0.032399, 0.0, 0.0, 0.0, 1.0],
                [0.945472, 0.113048, -0.305457, 0.124994, 0.277215, -0.771634, 0.572479, -0.005666, -0.170984, -0.62594, -0.760897, 0.032399, 0.0, 0.0, 0.0, 1.0],
                [0.947145, 0.12101, -0.297108, 0.124994, 0.277596, -0.77336, 0.56996, -0.005666, -0.160801, -0.622311, -0.766076, 0.032399, 0.0, 0.0, 0.0, 1.0],
                [0.948649, 0.128663, -0.288983, 0.124994, 0.277995, -0.775009, 0.56752, -0.005666, -0.150946, -0.618713, -0.77098, 0.032399, 0.0, 0.0, 0.0, 1.0],
                [0.949991, 0.135993, -0.281109, 0.124994, 0.278405, -0.776581, 0.565166, -0.005666, -0.141446, -0.615165, -0.775607, 0.032399, 0.0, 0.0, 0.0, 1.0],
                [0.951181, 0.142983, -0.273514, 0.124994, 0.278824, -0.778073, 0.562903, -0.005666, -0.132328, -0.611685, -0.779955, 0.032399, 0.0, 0.0, 0.0, 1.0],
                [0.952228, 0.149619, -0.266224, 0.124994, 0.279248, -0.779481, 0.56074, -0.005666, -0.123619, -0.608295, -0.784025, 0.032399, 0.0, 0.0, 0.0, 1.0],
                [0.953142, 0.155887, -0.259266, 0.124994, 0.27967, -0.780806, 0.558682, -0.005666, -0.115345, -0.605013, -0.787817, 0.032399, 0.0, 0.0, 0.0, 1.0],
                [0.953933, 0.161774, -0.252668, 0.124994, 0.280087, -0.782045, 0.556738, -0.005666, -0.107531, -0.60186, -0.791329, 0.032399, 0.0, 0.0, 0.0, 1.0],
                [0.954611, 0.167267, -0.246454, 0.124994, 0.280494, -0.783195, 0.554912, -0.005667, -0.100203, -0.598855, -0.794564, 0.032399, 0.0, 0.0, 0.0, 1.0],
                [0.955187, 0.172352, -0.240652, 0.124994, 0.280887, -0.784256, 0.553213, -0.005666, -0.093386, -0.596018, -0.797522, 0.032399, 0.0, 0.0, 0.0, 1.0],
                [0.95567, 0.177016, -0.235287, 0.124994, 0.281261, -0.785225, 0.551646, -0.005666, -0.087104, -0.593368, -0.800204, 0.032399, 0.0, 0.0, 0.0, 1.0],
                [0.956071, 0.181247, -0.230385, 0.124994, 0.281612, -0.786102, 0.550217, -0.005666, -0.081381, -0.590926, -0.802611, 0.032399, 0.0, 0.0, 0.0, 1.0],
                [0.9564, 0.185033, -0.225971, 0.124994, 0.281934, -0.786883, 0.548933, -0.005666, -0.076242, -0.588708, -0.804742, 0.032399, 0.0, 0.0, 0.0, 1.0],
                [0.956664, 0.188359, -0.222068, 0.124994, 0.282225, -0.787568, 0.547801, -0.005667, -0.07171, -0.586735, -0.806598, 0.032399, 0.0, 0.0, 0.0, 1.0],
                [0.956873, 0.191214, -0.218702, 0.124994, 0.28248, -0.788154, 0.546825, -0.005666, -0.06781, -0.585022, -0.808178, 0.032399, 0.0, 0.0, 0.0, 1.0],
                [0.957034, 0.193583, -0.215897, 0.124994, 0.282696, -0.788639, 0.546014, -0.005666, -0.064565, -0.583587, -0.80948, 0.032399, 0.0, 0.0, 0.0, 1.0],
                [0.957153, 0.195452, -0.213675, 0.124994, 0.282869, -0.789021, 0.545372, -0.005666, -0.062, -0.582446, -0.810501, 0.032399, 0.0, 0.0, 0.0, 1.0],
                [0.957234, 0.196807, -0.212061, 0.124994, 0.282995, -0.789298, 0.544906, -0.005666, -0.060138, -0.581615, -0.811239, 0.032399, 0.0, 0.0, 0.0, 1.0],
                [0.957282, 0.197632, -0.211076, 0.124994, 0.283073, -0.789466, 0.544622, -0.005666, -0.059002, -0.581106, -0.811686, 0.032399, 0.0, 0.0, 0.0, 1.0],
                [0.957298, 0.197911, -0.210742, 0.124994, 0.283099, -0.789523, 0.544525, -0.005666, -0.058618, -0.580934, -0.811837, 0.032399, 0.0, 0.0, 0.0, 1.0],
                [0.957298, 0.197911, -0.210742, 0.124994, 0.283099, -0.789523, 0.544525, -0.005666, -0.058618, -0.580934, -0.811837, 0.032399, 0.0, 0.0, 0.0, 1.0]
            ]
        },
        {
            "name": "Leg_R",
            "time": [0.0, 1.1],
            "transform": [
                [0.933031, -0.332754, 0.136849, -0.0, -0.049991, 0.256768, 0.965179, 0.37472, -0.356306, -0.907384, 0.222938, 0.0, 0.0, 0.0, 0.0, 1.0],
                [0.933031, -0.332754, 0.136849, -0.0, -0.049991, 0.256768, 0.965179, 0.37472, -0.356306, -0.907384, 0.222938, 0.0, 0.0, 0.0, 0.0, 1.0]
            ]
        },
        {
            "name": "Knee_R",
            "time": [0.0, 1.1],
            "transform": [
                [1.0, 0.0, -0.0, -0.0, -0.0, 0.0, -1.0, 0.37472, -0.0, 1.0, 0.0, 0.0, 0.0, 0.0, 0.0, 1.0],
                [1.0, 0.0, -0.0, -0.0, -0.0, 0.0, -1.0, 0.37472, -0.0, 1.0, 0.0, 0.0, 0.0, 0.0, 0.0, 1.0]
            ]
        },
        {
            "name": "Thigh_L",
            "time": [0.0, 0.0167, 0.0333, 0.05, 0.0667, 0.0833, 0.1, 0.1167, 0.1333, 0.15, 0.1667, 0.1833, 0.2, 0.2167, 0.2333, 0.25, 0.2667, 0.2833, 0.3, 0.3167, 0.3333, 0.35, 0.3667, 0.3833, 0.4, 0.4167, 0.4333, 0.45, 0.4667, 0.4833, 0.5, 0.5167, 0.5333, 0.55, 0.5667, 0.5833, 0.6, 0.6167, 0.6333, 0.65, 0.6667, 0.6833, 0.7, 0.7167, 0.7333, 0.75, 0.7667, 0.7833, 0.8, 0.8167, 0.8333, 0.85, 0.8667, 0.8833, 0.9, 0.9167, 0.9333, 0.95, 0.9667, 0.9833, 1.0, 1.0167, 1.0333, 1.05, 1.1],
            "transform": [
                [0.951298, -0.243614, -0.188903, -0.125006, -0.165605, -0.920702, 0.353387, -0.002831, -0.260014, -0.304893, -0.916206, -1.2e-05, 0.0, 0.0, 0.0, 1.0],
                [0.951416, -0.24345, -0.188518, -0.125006, -0.165601, -0.920744, 0.35328, -0.002831, -0.259583, -0.304897, -0.916326, -1.2e-05, 0.0, 0.0, 0.0, 1.0],
                [0.951765, -0.242966, -0.187379, -0.125006, -0.165588, -0.920867, 0.352964, -0.002831, -0.25831, -0.304911, -0.916682, -1.2e-05, 0.0, 0.0, 0.0, 1.0],
                [0.952333, -0.242172, -0.18551, -0.125006, -0.165567, -0.92107, 0.352446, -0.002831, -0.25622, -0.304932, -0.917261, -1.2e-05, 0.0, 0.0, 0.0, 1.0],
                [0.953109, -0.241078, -0.182932, -0.125006, -0.165536, -0.921348, 0.351732, -0.002831, -0.253339, -0.304957, -0.918052, -1.2e-05, 0.0, 0.0, 0.0, 1.0],
                [0.954079, -0.239694, -0.179668, -0.125006, -0.165493, -0.9217, 0.350829, -0.002831, -0.249692, -0.304985, -0.919042, -1.2e-05, 0.0, 0.0, 0.0, 1.0],
                [0.955226, -0.23803, -0.175739, -0.125006, -0.165436, -0.922122, 0.349744, -0.002831, -0.245302, -0.305011, -0.920215, -1.2e-05, 0.0, 0.0, 0.0, 1.0],
                [0.956536, -0.236096, -0.171167, -0.125006, -0.165364, -0.922613, 0.348483, -0.002831, -0.240196, -0.305032, -0.921554, -1.2e-05, 0.0, 0.0, 0.0, 1.0],
                [0.95799, -0.233901, -0.16597, -0.125006, -0.165273, -0.923168, 0.347052, -0.002831, -0.234395, -0.305042, -0.923043, -1.2e-05, 0.0, 0.0, 0.0, 1.0],
                [0.959569, -0.231457, -0.160172, -0.125006, -0.165161, -0.923785, 0.345459, -0.002831, -0.227923, -0.305038, -0.924664, -1.2e-05, 0.0, 0.0, 0.0, 1.0],
                [0.961255, -0.228772, -0.153791, -0.125006, -0.165025, -0.924462, 0.34371, -0.002831, -0.220805, -0.305014, -0.926397, -1.2e-05, 0.0, 0.0, 0.0, 1.0],
                [0.963029, -0.225856, -0.146848, -0.125006, -0.164862, -0.925195, 0.341811, -0.002831, -0.213063, -0.304965, -0.928225, -1.2e-05, 0.0, 0.0, 0.0, 1.0],
                [0.96487, -0.222721, -0.139363, -0.125006, -0.164668, -0.925981, 0.33977, -0.002831, -0.204722, -0.304885, -0.930126, -1.2e-05, 0.0, 0.0, 0.0, 1.0],
                [0.966757, -0.219375, -0.131359, -0.125006, -0.164441, -0.926817, 0.337594, -0.002831, -0.195805, -0.30477, -0.932081, -1.2e-05, 0.0, 0.0, 0.0, 1.0],
                [0.968671, -0.21583, -0.122856, -0.125006, -0.164177, -0.9277, 0.335288, -0.002831, -0.186339, -0.304614, -0.934071, -1.2e-05, 0.0, 0.0, 0.0, 1.0],
                [0.970591, -0.212097, -0.113875, -0.125006, -0.163874, -0.928627, 0.332861, -0.002831, -0.176346, -0.304411, -0.936075, -1.2e-05, 0.0, 0.0, 0.0, 1.0],
                [0.972498, -0.208185, -0.104439, -0.125006, -0.163527, -0.929596, 0.330319, -0.002831, -0.165854, -0.304156, -0.938074, -1.2e-05, 0.0, 0.0, 0.0, 1.0],
                [0.97437, -0.204106, -0.094572, -0.125006, -0.163134, -0.930602, 0.32767, -0.002831, -0.154888, -0.303844, -0.940047, -1.2e-05, 0.0, 0.0, 0.0, 1.0],
                [0.976189, -0.199871, -0.084295, -0.125006, -0.162693, -0.931642, 0.324921, -0.002831, -0.143475, -0.30347, -0.941977, -1.2e-05, 0.0, 0.0, 0.0, 1.0],
                [0.977937, -0.195491, -0.073634, -0.125006, -0.1622, -0.932714, 0.322079, -0.002831, -0.131643, -0.30303, -0.943845, -1.2e-05, 0.0, 0.0, 0.0, 1.0],
                [0.979595, -0.190978, -0.062612, -0.125006, -0.161654, -0.933814, 0.319153, -0.002831, -0.11942, -0.30252, -0.945633, -1.2e-05, 0.0, 0.0, 0.0, 1.0],
                [0.981147, -0.186344, -0.051256, -0.125006, -0.161052, -0.934939, 0.316151, -0.002831, -0.106834, -0.301935, -0.947323, -1.2e-05, 0.0, 0.0, 0.0, 1.0],
                [0.982575, -0.181601, -0.039591, -0.125006, -0.160393, -0.936085, 0.313079, -0.002831, -0.093916, -0.301273, -0.948902, -1.2e-05, 0.0, 0.0, 0.0, 1.0],
                [0.983866, -0.176759, -0.027645, -0.125006, -0.159676, -0.93725, 0.309946, -0.002831, -0.080696, -0.300531, -0.950352, -1.2e-05, 0.0, 0.0, 0.0, 1.0],
                [0.985005, -0.171833, -0.015445, -0.125006, -0.158898, -0.938429, 0.30676, -0.002831, -0.067205, -0.299706, -0.951662, -1.2e-05, 0.0, 0.0, 0.0, 1.0],
                [0.98598, -0.166834, -0.003018, -0.125006, -0.15806, -0.939621, 0.303528, -0.002831, -0.053474, -0.298796, -0.952818, -1.2e-05, 0.0, 0.0, 0.0, 1.0],
                [0.986781, -0.161774, 0.009607, -0.125006, -0.157162, -0.940821, 0.30026, -0.002831, -0.039536, -0.297801, -0.953809, -1.2e-05, 0.0, 0.0, 0.0, 1.0],
                [0.987398, -0.156666, 0.0224, -0.125006, -0.156204, -0.942026, 0.296964, -0.002831, -0.025423, -0.29672, -0.954626, -1.2e-05, 0.0, 0.0, 0.0, 1.0],
                [0.987822, -0.151522, 0.035331, -0.125006, -0.155186, -0.943233, 0.293646, -0.002831, -0.011168, -0.295553, -0.955261, -1.2e-05, 0.0, 0.0, 0.0, 1.0],
                [0.988049, -0.146355, 0.048371, -0.125006, -0.154109, -0.94444, 0.290316, -0.002831, 0.003195, -0.294301, -0.955708, -1.2e-05, 0.0, 0.0, 0.0, 1.0],
                [0.988073, -0.141178, 0.06149, -0.125006, -0.152975, -0.945643, 0.286981, -0.002831, 0.017632, -0.292965, -0.955961, -1.2e-05, 0.0, 0.0, 0.0, 1.0],
                [0.987892, -0.136002, 0.074657, -0.125006, -0.151786, -0.946839, 0.28365, -0.002831, 0.032111, -0.291547, -0.956017, -1.2e-05, 0.0, 0.0, 0.0, 1.0],
                [0.987505, -0.130839, 0.08784, -0.125006, -0.150544, -0.948025, 0.28033, -0.002831, 0.046597, -0.290051, -0.955876, -1.2e-05, 0.0, 0.0, 0.0, 1.0],
                [0.986912, -0.125703, 0.10101, -0.125006, -0.149253, -0.949199, 0.277029, -0.002831, 0.061056, -0.28848, -0.955537, -1.2e-05, 0.0, 0.0, 0.0, 1.0],
                [0.986118, -0.120604, 0.114136, -0.125006, -0.147915, -0.950357, 0.273755, -0.002831, 0.075454, -0.286837, -0.955003, -1.2e-05, 0.0, 0.0, 0.0, 1.0],
                [0.985125, -0.115554, 0.127186, -0.125006, -0.146535, -0.951498, 0.270515, -0.002831, 0.089758, -0.285128, -0.954278, -1.2e-05, 0.0, 0.0, 0.0, 1.0],
                [0.98394, -0.110565, 0.140131, -0.125006, -0.145117, -0.952619, 0.267316, -0.002831, 0.103936, -0.283358, -0.953365, -1.2e-05, 0.0, 0.0, 0.0, 1.0],
                [0.982572, -0.105648, 0.152941, -0.125006, -0.143664, -0.953717, 0.264166, -0.002831, 0.117953, -0.281534, -0.952274, -1.2e-05, 0.0, 0.0, 0.0, 1.0],
                [0.981029, -0.100814, 0.165584, -0.125006, -0.142183, -0.954791, 0.26107, -0.002831, 0.131779, -0.279661, -0.951012, -1.2e-05, 0.0, 0.0, 0.0, 1.0],
                [0.979323, -0.096072, 0.178033, -0.125006, -0.140678, -0.955838, 0.258037, -0.002831, 0.145381, -0.277747, -0.94959, -1.2e-05, 0.0, 0.0, 0.0, 1.0],
                [0.977467, -0.091434, 0.190259, -0.125006, -0.139155, -0.956856, 0.255072, -0.002831, 0.158728, -0.2758, -0.948019, -1.2e-05, 0.0, 0.0, 0.0, 1.0],
                [0.975474, -0.086909, 0.202232, -0.125006, -0.13762, -0.957844, 0.252182, -0.002831, 0.17179, -0.273828, -0.946312, -1.2e-05, 0.0, 0.0, 0.0, 1.0],
                [0.973359, -0.082506, 0.213926, -0.125006, -0.136079, -0.958799, 0.249372, -0.002831, 0.184538, -0.271839, -0.944484, -1.2e-05, 0.0, 0.0, 0.0, 1.0],
                [0.97114, -0.078234, 0.225314, -0.125006, -0.134539, -0.959721, 0.246647, -0.002831, 0.196942, -0.269842, -0.942549, -1.2e-05, 0.0, 0.0, 0.0, 1.0],
                [0.968834, -0.074103, 0.236368, -0.125006, -0.133006, -0.960607, 0.244014, -0.002831, 0.208975, -0.267847, -0.940525, -1.2e-05, 0.0, 0.0, 0.0, 1.0],
                [0.966459, -0.07012, 0.247064, -0.125006, -0.131487, -0.961457, 0.241477, -0.002831, 0.220609, -0.265863, -0.938429, -1.2e-05, 0.0, 0.0, 0.0, 1.0],
                [0.964035, -0.066293, 0.257375, -0.125006, -0.12999, -0.962269, 0.239041, -0.002831, 0.231818, -0.2639, -0.936278, -1.2e-05, 0.0, 0.0, 0.0, 1.0],
                [0.961582, -0.06263, 0.267279, -0.125006, -0.128521, -0.963042, 0.236711, -0.002831, 0.242576, -0.261968, -0.934093, -1.2e-05, 0.0, 0.0, 0.0, 1.0],
                [0.95912, -0.059138, 0.276751, -0.125006, -0.127087, -0.963775, 0.234492, -0.002831, 0.252858, -0.260078, -0.931892, -1.2e-05, 0.0, 0.0, 0.0, 1.0],
                [0.956671, -0.055824, 0.285768, -0.125006, -0.125696, -0.964467, 0.232387, -0.002831, 0.262641, -0.258238, -0.929695, -1.2e-05, 0.0, 0.0, 0.0, 1.0],
                [0.954257, -0.052696, 0.294307, -0.125006, -0.124355, -0.965117, 0.230401, -0.002831, 0.2719, -0.25646, -0.927523, -1.2e-05, 0.0, 0.0, 0.0, 1.0],
                [0.951898, -0.049759, 0.302347, -0.125006, -0.123071, -0.965724, 0.228538, -0.002831, 0.280612, -0.254755, -0.925396, -1.2e-05, 0.0, 0.0, 0.0, 1.0],
                [0.949617, -0.04702, 0.309865, -0.125006, -0.121852, -0.966288, 0.226801, -0.002831, 0.288755, -0.253132, -0.923334, -1.2e-05, 0.0, 0.0, 0.0, 1.0],
                [0.947435, -0.044485, 0.316841, -0.125006, -0.120704, -0.966808, 0.225194, -0.002831, 0.296307, -0.251601, -0.921357, -1.2e-05, 0.0, 0.0, 0.0, 1.0],
                [0.945373, -0.04216, 0.323253, -0.125006, -0.119635, -0.967283, 0.223722, -0.002831, 0.303245, -0.250173, -0.919487, -1.2e-05, 0.0, 0.0, 0.0, 1.0],
                [0.943452, -0.040052, 0.329081, -0.125006, -0.118652, -0.967711, 0.222387, -0.002831, 0.309548, -0.248858, -0.917742, -1.2e-05, 0.0, 0.0, 0.0, 1.0],
                [0.941692, -0.038167, 0.334304, -0.125006, -0.117762, -0.968093, 0.221194, -0.002831, 0.315195, -0.247665, -0.916141, -1.2e-05, 0.0, 0.0, 0.0, 1.0],
                [0.940114, -0.036511, 0.3389, -0.125006, -0.11697, -0.968428, 0.220146, -0.002831, 0.320163, -0.246604, -0.914703, -1.2e-05, 0.0, 0.0, 0.0, 1.0],
                [0.938735, -0.03509, 0.34285, -0.125006, -0.116285, -0.968715, 0.219247, -0.002831, 0.324431, -0.245683, -0.913447, -1.2e-05, 0.0, 0.0, 0.0, 1.0],
                [0.937573, -0.033911, 0.346132, -0.125006, -0.115712, -0.968952, 0.218502, -0.002831, 0.327976, -0.244913, -0.912387, -1.2e-05, 0.0, 0.0, 0.0, 1.0],
                [0.936645, -0.03298, 0.348724, -0.125006, -0.115256, -0.969138, 0.217914, -0.002831, 0.330775, -0.2443, -0.91154, -1.2e-05, 0.0, 0.0, 0.0, 1.0],
                [0.935967, -0.032306, 0.350604, -0.125006, -0.114924, -0.969274, 0.217488, -0.002831, 0.332805, -0.243854, -0.910921, -1.2e-05, 0.0, 0.0, 0.0, 1.0],
                [0.935551, -0.031896, 0.351749, -0.125006, -0.114722, -0.969356, 0.217228, -0.002831, 0.334041, -0.243581, -0.910541, -1.2e-05, 0.0, 0.0, 0.0, 1.0],
                [0.93541, -0.031757, 0.352136, -0.125006, -0.114653, -0.969383, 0.21714, -0.002831, 0.334459, -0.243489, -0.910412, -1.2e-05, 0.0, 0.0, 0.0, 1.0],
                [0.93541, -0.031757, 0.352136, -0.125006, -0.114653, -0.969383, 0.21714, -0.002831, 0.334459, -0.243489, -0.910412, -1.2e-05, 0.0, 0.0, 0.0, 1.0]
            ]
        },
        {
            "name": "Leg_L",
            "time": [0.0, 1.1],
            "transform": [
                [1.0, -1e-06, 0.0, -0.0, -0.0, -0.087156, 0.996195, 0.37472, -1e-06, -0.996195, -0.087156, 0.0, 0.0, 0.0, 0.0, 1.0],
                [1.0, -1e-06, 0.0, 0.0, -0.0, -0.087156, 0.996195, 0.37472, -1e-06, -0.996195, -0.087156, 0.0, 0.0, 0.0, 0.0, 1.0]
            ]
        },
        {
            "name": "Knee_L",
            "time": [0.0, 1.1],
            "transform": [
                [1.0, 0.0, -0.0, -0.0, -0.0, 0.0, -1.0, 0.37472, -0.0, 1.0, 0.0, 0.0, 0.0, 0.0, 0.0, 1.0],
                [1.0, 0.0, -0.0, 0.0, -0.0, 0.0, -1.0, 0.37472, -0.0, 1.0, 0.0, 0.0, 0.0, 0.0, 0.0, 1.0]
            ]
        },
        {
            "name": "Torso",
            "time": [0.0, 0.0167, 0.0333, 0.05, 0.0667, 0.0833, 0.1, 0.1167, 0.1333, 0.15, 0.1667, 0.1833, 0.2, 0.2167, 0.2333, 0.25, 0.2667, 0.2833, 0.3, 0.3167, 0.3333, 0.35, 0.3667, 0.3833, 0.4, 0.4167, 0.4333, 0.45, 0.4667, 0.4833, 0.5, 0.5167, 0.5333, 0.55, 0.5667, 0.5833, 0.6, 0.6167, 0.6333, 0.65, 0.6667, 0.6833, 0.7, 0.7167, 0.7333, 0.75, 0.7667, 0.7833, 0.8, 0.8167, 0.8333, 0.85, 0.8667, 0.8833, 0.9, 0.9167, 0.9333, 0.95, 0.9667, 0.9833, 1.0, 1.0167, 1.0333, 1.05, 1.1],
            "transform": [
                [0.996195, 0.0, -0.087156, -0.0, 0.007596, 0.996195, 0.086824, 0.05, 0.086824, -0.087156, 0.992404, 0.0, 0.0, 0.0, 0.0, 1.0],
                [0.998524, -0.013997, -0.052474, -0.0, 0.019706, 0.993746, 0.109912, 0.05, 0.050607, -0.110784, 0.992555, 0.0, 0.0, 0.0, 0.0, 1.0],
                [0.999423, -0.028898, -0.017854, -0.0, 0.031026, 0.990565, 0.133489, 0.05, 0.013828, -0.133966, 0.990889, 0.0, 0.0, 0.0, 0.0, 1.0],
                [0.998864, -0.044671, 0.016597, 0.0, 0.041508, 0.986648, 0.15749, 0.05, -0.02341, -0.156622, 0.987381, 0.0, 0.0, 0.0, 0.0, 1.0],
                [0.996828, -0.06128, 0.05077, 0.0, 0.051107, 0.981998, 0.181846, 0.05, -0.060999, -0.178675, 0.982015, -0.0, 0.0, 0.0, 0.0, 1.0],
                [0.993307, -0.078683, 0.084555, -0.0, 0.059784, 0.976621, 0.206487, 0.05, -0.098826, -0.20005, 0.974789, -0.0, 0.0, 0.0, 0.0, 1.0],
                [0.988299, -0.096832, 0.117847, -0.0, 0.067505, 0.970528, 0.231339, 0.05, -0.136774, -0.220676, 0.965709, 0.0, 0.0, 0.0, 0.0, 1.0],
                [0.981814, -0.115673, 0.150538, 0.0, 0.074242, 0.963736, 0.256324, 0.05, -0.174729, -0.240486, 0.954797, 0.0, 0.0, 0.0, 0.0, 1.0],
                [0.973868, -0.135151, 0.182527, 0.0, 0.079973, 0.956262, 0.281366, 0.05, -0.21257, -0.259416, 0.942081, 0.0, 0.0, 0.0, 0.0, 1.0],
                [0.964488, -0.155203, 0.213715, -0.0, 0.08468, 0.948133, 0.306388, 0.05, -0.250182, -0.27741, 0.927606, 0.0, 0.0, 0.0, 0.0, 1.0],
                [0.953711, -0.175765, 0.244011, -0.0, 0.088355, 0.939375, 0.331312, 0.05, -0.28745, -0.294416, 0.911423, 0.0, 0.0, 0.0, 0.0, 1.0],
                [0.941581, -0.196769, 0.273327, 0.0, 0.090994, 0.930022, 0.356061, 0.05, -0.324262, -0.310389, 0.893595, 0.0, 0.0, 0.0, 0.0, 1.0],
                [0.928148, -0.218147, 0.301584, 0.0, 0.0926, 0.920107, 0.380563, 0.05, -0.360509, -0.325292, 0.874196, -0.0, 0.0, 0.0, 0.0, 1.0],
                [0.913472, -0.239828, 0.328712, -0.0, 0.093182, 0.909669, 0.404747, 0.05, -0.396089, -0.339094, 0.853304, -0.0, 0.0, 0.0, 0.0, 1.0],
                [0.897617, -0.261743, 0.354646, -0.0, 0.092756, 0.898748, 0.428543, 0.05, -0.430905, -0.351772, 0.83101, -0.0, 0.0, 0.0, 0.0, 1.0],
                [0.897722, -0.269153, 0.348787, 0.0, 0.100666, 0.896058, 0.432374, 0.05, -0.428908, -0.35304, 0.831505, 0.0, 0.0, 0.0, 0.0, 1.0],
                [0.902129, -0.27422, 0.333116, -0.0, 0.110584, 0.893217, 0.435816, 0.05, -0.417055, -0.356325, 0.836121, 0.0, 0.0, 0.0, 0.0, 1.0],
                [0.910129, -0.277005, 0.308112, -0.0, 0.122443, 0.890257, 0.438692, 0.05, -0.395819, -0.361541, 0.844166, 0.0, 0.0, 0.0, 0.0, 1.0],
                [0.920773, -0.277508, 0.274166, -0.0, 0.13615, 0.887226, 0.440786, 0.05, -0.365569, -0.368536, 0.854716, -0.0, 0.0, 0.0, 0.0, 1.0],
                [0.932911, -0.275696, 0.231664, -0.0, 0.151576, 0.884191, 0.44185, 0.05, -0.326651, -0.377092, 0.866661, 0.0, 0.0, 0.0, 0.0, 1.0],
                [0.945246, -0.271523, 0.181067, 0.0, 0.168539, 0.881228, 0.441624, 0.05, -0.279472, -0.386927, 0.878739, -0.0, 0.0, 0.0, 0.0, 1.0],
                [0.956384, -0.264957, 0.122992, -0.0, 0.186793, 0.878426, 0.439858, 0.05, -0.224583, -0.397699, 0.889605, -0.0, 0.0, 0.0, 0.0, 1.0],
                [0.964917, -0.256005, 0.058274, -0.0, 0.206031, 0.87588, 0.436332, 0.05, -0.162744, -0.409018, 0.897897, -0.0, 0.0, 0.0, 0.0, 1.0],
                [0.969514, -0.244741, -0.011994, 0.0, 0.22588, 0.873681, 0.430882, 0.05, -0.094976, -0.420456, 0.902328, -0.0, 0.0, 0.0, 0.0, 1.0],
                [0.969028, -0.231323, -0.08646, -0.0, 0.245919, 0.871912, 0.423429, 0.05, -0.022563, -0.431577, 0.901794, -0.0, 0.0, 0.0, 0.0, 1.0],
                [0.962599, -0.216001, -0.163545, -0.0, 0.265703, 0.870639, 0.413992, 0.05, 0.052966, -0.441962, 0.895468, 0.0, 0.0, 0.0, 0.0, 1.0],
                [0.949746, -0.199121, -0.241521, 0.0, 0.284788, 0.869902, 0.4027, 0.05, 0.129914, -0.451245, 0.882893, 0.0, 0.0, 0.0, 0.0, 1.0],
                [0.930422, -0.181103, -0.318616, 0.0, 0.302767, 0.86971, 0.389792, 0.05, 0.20651, -0.459137, 0.864029, -0.0, 0.0, 0.0, 0.0, 1.0],
                [0.905022, -0.162424, -0.393133, -0.0, 0.319303, 0.87004, 0.3756, 0.05, 0.281036, -0.465455, 0.839268, -0.0, 0.0, 0.0, 0.0, 1.0],
