{
    "armature": {
        "joints": ["Root", "Thigh_R", "Leg_R", "Knee_R", "Thigh_L", "Leg_L", "Knee_L", "Torso", "Chest", "Head", "Shoulder_R", "Arm_R", "Hand_R", "Tool_R", "Elbow_R", "Shoulder_L", "Arm_L", "Hand_L", "Tool_L", "Elbow_L"],
        "hierarchy": [
            {
                "name": "Root",
                "transform": [1.0, 0.0, 0.0, -5e-06, 0.0, 0.0, -1.0, 0.000946, 0.0, 1.0, 0.0, 0.763972, 0.0, 0.0, 0.0, 1.0],
                "children": [
                    {
                        "name": "Thigh_R",
                        "transform": [1.0, -0.0, -0.0, 0.124994, -0.0, -1.0, 0.0, -0.002831, -0.0, -0.0, -1.0, -1.2e-05, 0.0, 0.0, 0.0, 1.0],
                        "children": [
                            {
                                "name": "Leg_R",
                                "transform": [1.0, 0.0, 1e-06, 0.0, -0.0, 1.0, 0.0, 0.37472, -1e-06, -0.0, 1.0, -0.0, 0.0, 0.0, 0.0, 1.0],
                                "children": []
                            },
                            {
                                "name": "Knee_R",
                                "transform": [1.0, 0.0, -0.0, 0.0, -0.0, 0.0, -1.0, 0.37472, -0.0, 1.0, 0.0, -0.0, 0.0, 0.0, 0.0, 1.0],
                                "children": []
                            }
                        ]
                    },
                    {
                        "name": "Thigh_L",
                        "transform": [1.0, -0.0, -0.0, -0.125006, -0.0, -1.0, 0.0, -0.002831, -0.0, -0.0, -1.0, -1.2e-05, 0.0, 0.0, 0.0, 1.0],
                        "children": [
                            {
                                "name": "Leg_L",
                                "transform": [1.0, 0.0, 1e-06, -0.0, -0.0, 1.0, 0.0, 0.37472, -1e-06, -0.0, 1.0, 0.0, 0.0, 0.0, 0.0, 1.0],
                                "children": []
                            },
                            {
                                "name": "Knee_L",
                                "transform": [1.0, 0.0, -0.0, -0.0, -0.0, 0.0, -1.0, 0.37472, -0.0, 1.0, 0.0, 0.0, 0.0, 0.0, 0.0, 1.0],
                                "children": []
                            }
                        ]
                    },
                    {
                        "name": "Torso",
                        "transform": [1.0, 0.0, 0.0, 0.0, 0.0, 1.0, 0.0, 0.05, 0.0, 0.0, 1.0, 0.0, 0.0, 0.0, 0.0, 1.0],
                        "children": [
                            {
                                "name": "Chest",
                                "transform": [1.0, 0.0, 0.0, 0.0, 0.0, 1.0, 0.0, 0.3, 0.0, 0.0, 1.0, 0.0, 0.0, 0.0, 0.0, 1.0],
                                "children": [
                                    {
                                        "name": "Head",
                                        "transform": [1.0, 0.0, 0.0, 0.0, 0.0, 1.0, 0.0, 0.4, 0.0, 0.0, 1.0, 0.0, 0.0, 0.0, 0.0, 1.0],
                                        "children": []
                                    },
                                    {
                                        "name": "Shoulder_R",
                                        "transform": [0.0, 0.952114, 0.305743, 0.0, 0.0, -0.305743, 0.952114, 0.4, 1.0, 0.0, -0.0, 0.0, 0.0, 0.0, 0.0, 1.0],
                                        "children": [
                                            {
                                                "name": "Arm_R",
                                                "transform": [0.0, -0.0, -1.0, -0.0, 0.952114, 0.305743, 0.0, 0.39386, 0.305743, -0.952114, 0.0, 0.0, 0.0, 0.0, 0.0, 1.0],
                                                "children": [
                                                    {
                                                        "name": "Hand_R",
                                                        "transform": [1.0, 0.0, 0.0, 0.0, -0.0, 0.993938, 0.109947, 0.3, -0.0, -0.109947, 0.993937, 0.0, 0.0, 0.0, 0.0, 1.0],
                                                        "children": [
                                                            {
                                                                "name": "Tool_R",
                                                                "transform": [1.0, 0.0, 0.0, -0.0, 0.0, -0.999836, 0.018122, 0.272858, 0.0, -0.018122, -0.999836, 0.0, 0.0, 0.0, 0.0, 1.0],
                                                                "children": []
                                                            }
                                                        ]
                                                    },
                                                    {
                                                        "name": "Elbow_R",
                                                        "transform": [-1.0, 0.0, -0.0, 0.0, 0.0, 0.0, -1.0, 0.3, -0.0, -1.0, -0.0, 0.0, 0.0, 0.0, 0.0, 1.0],
                                                        "children": []
                                                    }
                                                ]
                                            }
                                        ]
                                    },
                                    {
                                        "name": "Shoulder_L",
                                        "transform": [-0.0, -0.952114, -0.305743, 0.0, 0.0, -0.305743, 0.952114, 0.4, -1.0, 0.0, 0.0, 0.0, 0.0, 0.0, 0.0, 1.0],
                                        "children": [
                                            {
                                                "name": "Arm_L",
                                                "transform": [-0.0, -0.0, 1.0, -0.0, -0.952114, 0.305743, -0.0, 0.39386, -0.305743, -0.952114, -0.0, 0.0, 0.0, 0.0, 0.0, 1.0],
                                                "children": [
                                                    {
                                                        "name": "Hand_L",
                                                        "transform": [1.0, -0.0, 0.0, -0.0, 0.0, 0.993937, 0.109947, 0.3, -0.0, -0.109947, 0.993937, 0.0, 0.0, 0.0, 0.0, 1.0],
                                                        "children": [
                                                            {
                                                                "name": "Tool_L",
                                                                "transform": [1.0, 0.0, 0.0, -0.0, -0.0, -0.999836, 0.018122, 0.272858, 0.0, -0.018122, -0.999836, -0.0, 0.0, 0.0, 0.0, 1.0],
                                                                "children": []
                                                            }
                                                        ]
                                                    },
                                                    {
                                                        "name": "Elbow_L",
                                                        "transform": [-1.0, 0.0, -0.0, -0.0, 0.0, -0.0, -1.0, 0.3, -0.0, -1.0, 0.0, 0.0, 0.0, 0.0, 0.0, 1.0],
                                                        "children": []
                                                    }
                                                ]
                                            }
                                        ]
                                    }
                                ]
                            }
                        ]
                    }
                ]
            }
        ]
    },
    "animation": [
        {
            "name": "Root",
            "time": [0.0167, 0.0333, 0.05, 0.0667, 0.0833, 0.1, 0.1167, 0.1333, 0.15, 0.1667, 0.1833, 0.2, 0.2167, 0.2333, 0.25, 0.2667, 0.2833, 0.3, 0.3167, 0.3333, 0.35, 0.3667, 0.3833, 0.4, 0.4167, 0.4333, 0.45, 0.4667, 0.4833, 0.5, 0.5167, 0.5333, 0.55, 0.5667, 0.5833, 0.6, 0.6167, 0.6333, 0.65, 0.6667, 0.6833, 0.7, 0.7167, 0.7333, 0.75, 0.7667, 0.7833, 0.8, 0.8167, 0.8333, 0.85, 0.8667, 0.8833, 0.9, 0.9167, 0.9333, 0.95, 0.9667, 0.9833, 1.0, 1.0167, 1.0333, 1.05, 1.0667, 1.0833, 1.1, 1.1167, 1.1333, 1.15, 1.1667, 1.1833, 1.2, 1.2167, 1.2333, 1.25, 1.2667, 1.2833, 1.3333],
            "transform": [
                [1.0, 0.0, 0.0, -5e-06, 0.0, 0.0, -1.0, 0.000946, 0.0, 1.0, 0.0, 0.763972, 0.0, 0.0, 0.0, 1.0],
                [1.0, 0.0, 0.0, 0.004271, 0.0, 0.0, -1.0, 0.027916, 0.0, 1.0, 0.0, 0.763972, 0.0, 0.0, 0.0, 1.0],
                [1.0, 0.0, 0.0, 0.015731, 0.0, 0.0, -1.0, 0.1031, 0.0, 1.0, 0.0, 0.763972, 0.0, 0.0, 0.0, 1.0],
                [1.0, 0.0, 0.0, 0.032322, 0.0, 0.0, -1.0, 0.217914, 0.0, 1.0, 0.0, 0.763972, 0.0, 0.0, 0.0, 1.0],
                [1.0, 0.0, 0.0, 0.051992, 0.0, 0.0, -1.0, 0.363773, 0.0, 1.0, 0.0, 0.763972, 0.0, 0.0, 0.0, 1.0],
                [1.0, 0.0, 0.0, 0.072688, 0.0, 0.0, -1.0, 0.532092, 0.0, 1.0, 0.0, 0.763972, 0.0, 0.0, 0.0, 1.0],
                [1.0, 0.0, 0.0, 0.092358, 0.0, 0.0, -1.0, 0.714286, 0.0, 1.0, 0.0, 0.763972, 0.0, 0.0, 0.0, 1.0],
                [1.0, 0.0, 0.0, 0.108949, 0.0, 0.0, -1.0, 0.901771, 0.0, 1.0, 0.0, 0.763972, 0.0, 0.0, 0.0, 1.0],
                [1.0, 0.0, 0.0, 0.120409, 0.0, 0.0, -1.0, 1.085961, 0.0, 1.0, 0.0, 0.763972, 0.0, 0.0, 0.0, 1.0],
                [1.0, 0.0, 0.0, 0.124685, 0.0, 0.0, -1.0, 1.258271, 0.0, 1.0, 0.0, 0.763972, 0.0, 0.0, 0.0, 1.0],
                [1.0, 0.0, 0.0, 0.119327, 0.0, 0.0, -1.0, 1.411782, 0.0, 1.0, 0.0, 0.763972, 0.0, 0.0, 0.0, 1.0],
                [1.0, 0.0, 0.0, 0.105202, 0.0, 0.0, -1.0, 1.546235, 0.0, 1.0, 0.0, 0.763972, 0.0, 0.0, 0.0, 1.0],
                [1.0, 0.0, 0.0, 0.085232, 0.0, 0.0, -1.0, 1.663038, 0.0, 1.0, 0.0, 0.763972, 0.0, 0.0, 0.0, 1.0],
                [1.0, 0.0, 0.0, 0.06234, 0.0, 0.0, -1.0, 1.763598, 0.0, 1.0, 0.0, 0.763972, 0.0, 0.0, 0.0, 1.0],
                [1.0, 0.0, 0.0, 0.039448, 0.0, 0.0, -1.0, 1.849321, 0.0, 1.0, 0.0, 0.763972, 0.0, 0.0, 0.0, 1.0],
                [1.0, 0.0, 0.0, 0.019478, 0.0, 0.0, -1.0, 1.921615, 0.0, 1.0, 0.0, 0.763972, 0.0, 0.0, 0.0, 1.0],
                [1.0, 0.0, 0.0, 0.005353, 0.0, 0.0, -1.0, 1.981886, 0.0, 1.0, 0.0, 0.763972, 0.0, 0.0, 0.0, 1.0],
                [1.0, 0.0, 0.0, -5e-06, 0.0, 0.0, -1.0, 2.031543, 0.0, 1.0, 0.0, 0.763972, 0.0, 0.0, 0.0, 1.0],
                [1.0, 0.0, 0.0, -5e-06, 0.0, 0.0, -1.0, 2.071292, 0.0, 1.0, 0.0, 0.763972, 0.0, 0.0, 0.0, 1.0],
                [1.0, 0.0, 0.0, -5e-06, 0.0, 0.0, -1.0, 2.09905, 0.0, 1.0, 0.0, 0.763972, 0.0, 0.0, 0.0, 1.0],
                [1.0, 0.0, 0.0, -5e-06, 0.0, 0.0, -1.0, 2.112032, 0.0, 1.0, 0.0, 0.763972, 0.0, 0.0, 0.0, 1.0],
                [1.0, 0.0, 0.0, -5e-06, 0.0, 0.0, -1.0, 2.116539, 0.0, 1.0, 0.0, 0.763972, 0.0, 0.0, 0.0, 1.0],
                [1.0, 0.0, 0.0, -5e-06, 0.0, 0.0, -1.0, 2.120735, 0.0, 1.0, 0.0, 0.763972, 0.0, 0.0, 0.0, 1.0],
                [1.0, 0.0, 0.0, -5e-06, 0.0, 0.0, -1.0, 2.124631, 0.0, 1.0, 0.0, 0.763972, 0.0, 0.0, 0.0, 1.0],
                [1.0, 0.0, 0.0, -5e-06, 0.0, 0.0, -1.0, 2.128239, 0.0, 1.0, 0.0, 0.763972, 0.0, 0.0, 0.0, 1.0],
                [1.0, 0.0, 0.0, -5e-06, 0.0, 0.0, -1.0, 2.13157, 0.0, 1.0, 0.0, 0.763972, 0.0, 0.0, 0.0, 1.0],
                [1.0, 0.0, 0.0, -5e-06, 0.0, 0.0, -1.0, 2.134634, 0.0, 1.0, 0.0, 0.763972, 0.0, 0.0, 0.0, 1.0],
                [1.0, 0.0, 0.0, -5e-06, 0.0, 0.0, -1.0, 2.137443, 0.0, 1.0, 0.0, 0.763972, 0.0, 0.0, 0.0, 1.0],
                [1.0, 0.0, 0.0, -5e-06, 0.0, 0.0, -1.0, 2.140007, 0.0, 1.0, 0.0, 0.763972, 0.0, 0.0, 0.0, 1.0],
                [1.0, 0.0, 0.0, -5e-06, 0.0, 0.0, -1.0, 2.14234, 0.0, 1.0, 0.0, 0.763972, 0.0, 0.0, 0.0, 1.0],
                [1.0, 0.0, 0.0, -5e-06, 0.0, 0.0, -1.0, 2.144449, 0.0, 1.0, 0.0, 0.763972, 0.0, 0.0, 0.0, 1.0],
                [1.0, 0.0, 0.0, -5e-06, 0.0, 0.0, -1.0, 2.146349, 0.0, 1.0, 0.0, 0.763972, 0.0, 0.0, 0.0, 1.0],
                [1.0, 0.0, 0.0, -5e-06, 0.0, 0.0, -1.0, 2.148048, 0.0, 1.0, 0.0, 0.763972, 0.0, 0.0, 0.0, 1.0],
                [1.0, 0.0, 0.0, -5e-06, 0.0, 0.0, -1.0, 2.149559, 0.0, 1.0, 0.0, 0.763972, 0.0, 0.0, 0.0, 1.0],
                [1.0, 0.0, 0.0, -5e-06, 0.0, 0.0, -1.0, 2.150893, 0.0, 1.0, 0.0, 0.763972, 0.0, 0.0, 0.0, 1.0],
                [1.0, 0.0, 0.0, -5e-06, 0.0, 0.0, -1.0, 2.152059, 0.0, 1.0, 0.0, 0.763972, 0.0, 0.0, 0.0, 1.0],
                [1.0, 0.0, 0.0, -5e-06, 0.0, 0.0, -1.0, 2.153071, 0.0, 1.0, 0.0, 0.763972, 0.0, 0.0, 0.0, 1.0],
                [1.0, 0.0, 0.0, -5e-06, 0.0, 0.0, -1.0, 2.153938, 0.0, 1.0, 0.0, 0.763972, 0.0, 0.0, 0.0, 1.0],
                [1.0, 0.0, 0.0, -5e-06, 0.0, 0.0, -1.0, 2.154672, 0.0, 1.0, 0.0, 0.763972, 0.0, 0.0, 0.0, 1.0],
                [1.0, 0.0, 0.0, -5e-06, 0.0, 0.0, -1.0, 2.155285, 0.0, 1.0, 0.0, 0.763972, 0.0, 0.0, 0.0, 1.0],
                [1.0, 0.0, 0.0, -5e-06, 0.0, 0.0, -1.0, 2.155786, 0.0, 1.0, 0.0, 0.763972, 0.0, 0.0, 0.0, 1.0],
                [1.0, 0.0, 0.0, -5e-06, 0.0, 0.0, -1.0, 2.156187, 0.0, 1.0, 0.0, 0.763972, 0.0, 0.0, 0.0, 1.0],
                [1.0, 0.0, 0.0, -5e-06, 0.0, 0.0, -1.0, 2.156499, 0.0, 1.0, 0.0, 0.763972, 0.0, 0.0, 0.0, 1.0],
                [1.0, 0.0, 0.0, -5e-06, 0.0, 0.0, -1.0, 2.156734, 0.0, 1.0, 0.0, 0.763972, 0.0, 0.0, 0.0, 1.0],
                [1.0, 0.0, 0.0, -5e-06, 0.0, 0.0, -1.0, 2.156903, 0.0, 1.0, 0.0, 0.763972, 0.0, 0.0, 0.0, 1.0],
                [1.0, 0.0, 0.0, -5e-06, 0.0, 0.0, -1.0, 2.157015, 0.0, 1.0, 0.0, 0.763972, 0.0, 0.0, 0.0, 1.0],
                [1.0, 0.0, 0.0, -5e-06, 0.0, 0.0, -1.0, 2.157084, 0.0, 1.0, 0.0, 0.763972, 0.0, 0.0, 0.0, 1.0],
                [1.0, 0.0, 0.0, -5e-06, 0.0, 0.0, -1.0, 2.157119, 0.0, 1.0, 0.0, 0.763972, 0.0, 0.0, 0.0, 1.0],
                [1.0, 0.0, 0.0, -5e-06, 0.0, 0.0, -1.0, 2.157132, 0.0, 1.0, 0.0, 0.763972, 0.0, 0.0, 0.0, 1.0],
                [1.0, 0.0, 0.0, -5e-06, 0.0, 0.0, -1.0, 2.157134, 0.0, 1.0, 0.0, 0.763972, 0.0, 0.0, 0.0, 1.0],
                [1.0, 0.0, 0.0, -5e-06, 0.0, 0.0, -1.0, 2.155399, 0.0, 1.0, 0.0, 0.763972, 0.0, 0.0, 0.0, 1.0],
                [1.0, 0.0, 0.0, -5e-06, 0.0, 0.0, -1.0, 2.150372, 0.0, 1.0, 0.0, 0.763972, 0.0, 0.0, 0.0, 1.0],
                [1.0, 0.0, 0.0, -5e-06, 0.0, 0.0, -1.0, 2.142314, 0.0, 1.0, 0.0, 0.763972, 0.0, 0.0, 0.0, 1.0],
                [1.0, 0.0, 0.0, -5e-06, 0.0, 0.0, -1.0, 2.13149, 0.0, 1.0, 0.0, 0.763972, 0.0, 0.0, 0.0, 1.0],
                [1.0, 0.0, 0.0, -5e-06, 0.0, 0.0, -1.0, 2.118163, 0.0, 1.0, 0.0, 0.763972, 0.0, 0.0, 0.0, 1.0],
                [1.0, 0.0, 0.0, -5e-06, 0.0, 0.0, -1.0, 2.102597, 0.0, 1.0, 0.0, 0.763972, 0.0, 0.0, 0.0, 1.0],
                [1.0, 0.0, 0.0, -5e-06, 0.0, 0.0, -1.0, 2.085055, 0.0, 1.0, 0.0, 0.763972, 0.0, 0.0, 0.0, 1.0],
                [1.0, 0.0, 0.0, -5e-06, 0.0, 0.0, -1.0, 2.0658, 0.0, 1.0, 0.0, 0.763972, 0.0, 0.0, 0.0, 1.0],
                [1.0, 0.0, 0.0, -5e-06, 0.0, 0.0, -1.0, 2.045096, 0.0, 1.0, 0.0, 0.763972, 0.0, 0.0, 0.0, 1.0],
                [1.0, 0.0, 0.0, -5e-06, 0.0, 0.0, -1.0, 2.023207, 0.0, 1.0, 0.0, 0.763972, 0.0, 0.0, 0.0, 1.0],
                [1.0, 0.0, 0.0, -5e-06, 0.0, 0.0, -1.0, 2.000395, 0.0, 1.0, 0.0, 0.763972, 0.0, 0.0, 0.0, 1.0],
                [1.0, 0.0, 0.0, -5e-06, 0.0, 0.0, -1.0, 1.976925, 0.0, 1.0, 0.0, 0.763972, 0.0, 0.0, 0.0, 1.0],
                [1.0, 0.0, 0.0, -5e-06, 0.0, 0.0, -1.0, 1.95306, 0.0, 1.0, 0.0, 0.763972, 0.0, 0.0, 0.0, 1.0],
                [1.0, 0.0, 0.0, -5e-06, 0.0, 0.0, -1.0, 1.929062, 0.0, 1.0, 0.0, 0.763972, 0.0, 0.0, 0.0, 1.0],
                [1.0, 0.0, 0.0, -5e-06, 0.0, 0.0, -1.0, 1.905197, 0.0, 1.0, 0.0, 0.763972, 0.0, 0.0, 0.0, 1.0],
                [1.0, 0.0, 0.0, -5e-06, 0.0, 0.0, -1.0, 1.881727, 0.0, 1.0, 0.0, 0.763972, 0.0, 0.0, 0.0, 1.0],
                [1.0, 0.0, 0.0, -5e-06, 0.0, 0.0, -1.0, 1.858915, 0.0, 1.0, 0.0, 0.763972, 0.0, 0.0, 0.0, 1.0],
                [1.0, 0.0, 0.0, -5e-06, 0.0, 0.0, -1.0, 1.837026, 0.0, 1.0, 0.0, 0.763972, 0.0, 0.0, 0.0, 1.0],
                [1.0, 0.0, 0.0, -5e-06, 0.0, 0.0, -1.0, 1.816322, 0.0, 1.0, 0.0, 0.763972, 0.0, 0.0, 0.0, 1.0],
                [1.0, 0.0, 0.0, -5e-06, 0.0, 0.0, -1.0, 1.797068, 0.0, 1.0, 0.0, 0.763972, 0.0, 0.0, 0.0, 1.0],
                [1.0, 0.0, 0.0, -5e-06, 0.0, 0.0, -1.0, 1.779525, 0.0, 1.0, 0.0, 0.763972, 0.0, 0.0, 0.0, 1.0],
                [1.0, 0.0, 0.0, -5e-06, 0.0, 0.0, -1.0, 1.763959, 0.0, 1.0, 0.0, 0.763972, 0.0, 0.0, 0.0, 1.0],
                [1.0, 0.0, 0.0, -5e-06, 0.0, 0.0, -1.0, 1.750632, 0.0, 1.0, 0.0, 0.763972, 0.0, 0.0, 0.0, 1.0],
                [1.0, 0.0, 0.0, -5e-06, 0.0, 0.0, -1.0, 1.739808, 0.0, 1.0, 0.0, 0.763972, 0.0, 0.0, 0.0, 1.0],
                [1.0, 0.0, 0.0, -5e-06, 0.0, 0.0, -1.0, 1.731751, 0.0, 1.0, 0.0, 0.763972, 0.0, 0.0, 0.0, 1.0],
                [1.0, 0.0, 0.0, -5e-06, 0.0, 0.0, -1.0, 1.726723, 0.0, 1.0, 0.0, 0.763972, 0.0, 0.0, 0.0, 1.0],
                [1.0, 0.0, 0.0, -5e-06, 0.0, 0.0, -1.0, 1.724988, 0.0, 1.0, 0.0, 0.763972, 0.0, 0.0, 0.0, 1.0],
                [1.0, 0.0, 0.0, -5e-06, 0.0, 0.0, -1.0, 1.724988, 0.0, 1.0, 0.0, 0.763972, 0.0, 0.0, 0.0, 1.0]
            ]
        },
        {
            "name": "Thigh_R",
            "time": [0.0167, 0.0333, 0.05, 0.0667, 0.0833, 0.1, 0.1167, 0.1333, 0.15, 0.1667, 0.1833, 0.2, 0.2167, 0.2333, 0.25, 0.2667, 0.2833, 0.3, 0.3167, 0.3333, 0.35, 0.3667, 0.3833, 0.4, 0.4167, 0.4333, 0.45, 0.4667, 0.4833, 0.5, 0.5167, 0.5333, 0.55, 0.5667, 0.5833, 0.6, 0.6167, 0.6333, 0.65, 0.6667, 0.6833, 0.7, 0.7167, 0.7333, 0.75, 0.7667, 0.7833, 0.8, 0.8167, 0.8333, 0.85, 0.8667, 0.8833, 0.9, 0.9167, 0.9333, 0.95, 0.9667, 0.9833, 1.0, 1.0167, 1.0333, 1.05, 1.0667, 1.0833, 1.1, 1.1167, 1.1333, 1.15, 1.1667, 1.1833, 1.2, 1.2167, 1.2333, 1.25, 1.2667, 1.2833, 1.3, 1.3167, 1.3333],
            "transform": [
                [0.996195, 0.066765, -0.056022, 0.124994, 0.084185, -0.57076, 0.81679, -0.005666, 0.022557, -0.818398, -0.574209, 0.032399, 0.0, 0.0, 0.0, 1.0],
                [0.996296, 0.059167, -0.062397, 0.124994, 0.08539, -0.595198, 0.799029, -0.005666, 0.010138, -0.801398, -0.598046, 0.032399, 0.0, 0.0, 0.0, 1.0],
                [0.995934, 0.039201, -0.081116, 0.124994, 0.086761, -0.659882, 0.746343, -0.005666, -0.02427, -0.750346, -0.6606, 0.032399, 0.0, 0.0, 0.0, 1.0],
                [0.993602, 0.012076, -0.112292, 0.124994, 0.083377, -0.749099, 0.65719, -0.005666, -0.076182, -0.662348, -0.745313, 0.032399, 0.0, 0.0, 0.0, 1.0],
                [0.987758, -0.015889, -0.155183, 0.124994, 0.070074, -0.843589, 0.532398, -0.005666, -0.13937, -0.536754, -0.832148, 0.032399, 0.0, 0.0, 0.0, 1.0],
                [0.977692, -0.038436, -0.206495, 0.124994, 0.044075, -0.923684, 0.38061, -0.005666, -0.205365, -0.381221, -0.901385, 0.032399, 0.0, 0.0, 0.0, 1.0],
                [0.964168, -0.051484, -0.260247, 0.124994, 0.007064, -0.975658, 0.219181, -0.005666, -0.265197, -0.213166, -0.940336, 0.032399, 0.0, 0.0, 0.0, 1.0],
                [0.949326, -0.054734, -0.309491, 0.124994, -0.034889, -0.996985, 0.069302, -0.005666, -0.312351, -0.054993, -0.948374, 0.032399, 0.0, 0.0, 0.0, 1.0],
                [0.935899, -0.051388, -0.3485, 0.124994, -0.073597, -0.995994, -0.050781, -0.005666, -0.344494, 0.073174, -0.935932, 0.032399, 0.0, 0.0, 0.0, 1.0],
                [0.926409, -0.046287, -0.373662, 0.124994, -0.101284, -0.98647, -0.128912, -0.005666, -0.362639, 0.157271, -0.918563, 0.032399, 0.0, 0.0, 0.0, 1.0],
                [0.922868, -0.043881, -0.382608, 0.124994, -0.111677, -0.981292, -0.156827, -0.005666, -0.368568, 0.187459, -0.910503, 0.032399, 0.0, 0.0, 0.0, 1.0],
                [0.922868, -0.043881, -0.382608, 0.124994, -0.111677, -0.981292, -0.156827, -0.005666, -0.368568, 0.187459, -0.910503, 0.032399, 0.0, 0.0, 0.0, 1.0],
                [0.922868, -0.043881, -0.382608, 0.124994, -0.111677, -0.981292, -0.156827, -0.005666, -0.368568, 0.187459, -0.910503, 0.032399, 0.0, 0.0, 0.0, 1.0],
                [0.922868, -0.043881, -0.382608, 0.124994, -0.111677, -0.981292, -0.156827, -0.005666, -0.368568, 0.187459, -0.910503, 0.032399, 0.0, 0.0, 0.0, 1.0],
                [0.922868, -0.043881, -0.382608, 0.124994, -0.111677, -0.981292, -0.156827, -0.005666, -0.368568, 0.187459, -0.910503, 0.032399, 0.0, 0.0, 0.0, 1.0],
                [0.922868, -0.043881, -0.382608, 0.124994, -0.111677, -0.981292, -0.156827, -0.005666, -0.368568, 0.187459, -0.910503, 0.032399, 0.0, 0.0, 0.0, 1.0],
                [0.922868, -0.043881, -0.382608, 0.124994, -0.111677, -0.981292, -0.156827, -0.005666, -0.368568, 0.187459, -0.910503, 0.032399, 0.0, 0.0, 0.0, 1.0],
                [0.922868, -0.043881, -0.382608, 0.124994, -0.111677, -0.981292, -0.156827, -0.005666, -0.368568, 0.187459, -0.910503, 0.032399, 0.0, 0.0, 0.0, 1.0],
                [0.922868, -0.043881, -0.382608, 0.124994, -0.111677, -0.981292, -0.156827, -0.005666, -0.368568, 0.187459, -0.910503, 0.032399, 0.0, 0.0, 0.0, 1.0],
                [0.922868, -0.043881, -0.382608, 0.124994, -0.111677, -0.981292, -0.156827, -0.005666, -0.368568, 0.187459, -0.910503, 0.032399, 0.0, 0.0, 0.0, 1.0],
                [0.922868, -0.043881, -0.382608, 0.124994, -0.111677, -0.981292, -0.156827, -0.005666, -0.368568, 0.187459, -0.910503, 0.032399, 0.0, 0.0, 0.0, 1.0],
                [0.922868, -0.043881, -0.382608, 0.124994, -0.111677, -0.981292, -0.156827, -0.005666, -0.368568, 0.187459, -0.910503, 0.032399, 0.0, 0.0, 0.0, 1.0],
                [0.922868, -0.043881, -0.382608, 0.124994, -0.111677, -0.981292, -0.156827, -0.005666, -0.368568, 0.187459, -0.910503, 0.032399, 0.0, 0.0, 0.0, 1.0],
                [0.922868, -0.043881, -0.382608, 0.124994, -0.111677, -0.981292, -0.156827, -0.005666, -0.368568, 0.187459, -0.910503, 0.032399, 0.0, 0.0, 0.0, 1.0],
                [0.922868, -0.043881, -0.382608, 0.124994, -0.111677, -0.981292, -0.156827, -0.005666, -0.368568, 0.187459, -0.910503, 0.032399, 0.0, 0.0, 0.0, 1.0],
                [0.922868, -0.043881, -0.382608, 0.124994, -0.111677, -0.981292, -0.156827, -0.005666, -0.368568, 0.187459, -0.910503, 0.032399, 0.0, 0.0, 0.0, 1.0],
                [0.922868, -0.043881, -0.382608, 0.124994, -0.111677, -0.981292, -0.156827, -0.005666, -0.368568, 0.187459, -0.910503, 0.032399, 0.0, 0.0, 0.0, 1.0],
                [0.922868, -0.043881, -0.382608, 0.124994, -0.111677, -0.981292, -0.156827, -0.005666, -0.368568, 0.187459, -0.910503, 0.032399, 0.0, 0.0, 0.0, 1.0],
                [0.922868, -0.043881, -0.382608, 0.124994, -0.111677, -0.981292, -0.156827, -0.005666, -0.368568, 0.187459, -0.910503, 0.032399, 0.0, 0.0, 0.0, 1.0],
                [0.922868, -0.043881, -0.382608, 0.124994, -0.111677, -0.981292, -0.156827, -0.005666, -0.368568, 0.187459, -0.910503, 0.032399, 0.0, 0.0, 0.0, 1.0],
                [0.922868, -0.043881, -0.382608, 0.124994, -0.111677, -0.981292, -0.156827, -0.005666, -0.368568, 0.187459, -0.910503, 0.032399, 0.0, 0.0, 0.0, 1.0],
                [0.922868, -0.043881, -0.382608, 0.124994, -0.111677, -0.981292, -0.156827, -0.005666, -0.368568, 0.187459, -0.910503, 0.032399, 0.0, 0.0, 0.0, 1.0],
                [0.922868, -0.043881, -0.382608, 0.124994, -0.111677, -0.981292, -0.156827, -0.005666, -0.368568, 0.187459, -0.910503, 0.032399, 0.0, 0.0, 0.0, 1.0],
                [0.922868, -0.043881, -0.382608, 0.124994, -0.111677, -0.981292, -0.156827, -0.005666, -0.368568, 0.187459, -0.910503, 0.032399, 0.0, 0.0, 0.0, 1.0],
                [0.922868, -0.043881, -0.382608, 0.124994, -0.111677, -0.981292, -0.156827, -0.005666, -0.368568, 0.187459, -0.910503, 0.032399, 0.0, 0.0, 0.0, 1.0],
                [0.922868, -0.043881, -0.382608, 0.124994, -0.111677, -0.981292, -0.156827, -0.005666, -0.368568, 0.187459, -0.910503, 0.032399, 0.0, 0.0, 0.0, 1.0],
                [0.922868, -0.043881, -0.382608, 0.124994, -0.111677, -0.981292, -0.156827, -0.005666, -0.368568, 0.187459, -0.910503, 0.032399, 0.0, 0.0, 0.0, 1.0],
                [0.922868, -0.043881, -0.382608, 0.124994, -0.111677, -0.981292, -0.156827, -0.005666, -0.368568, 0.187459, -0.910503, 0.032399, 0.0, 0.0, 0.0, 1.0],
                [0.922868, -0.043881, -0.382608, 0.124994, -0.111677, -0.981292, -0.156827, -0.005666, -0.368568, 0.187459, -0.910503, 0.032399, 0.0, 0.0, 0.0, 1.0],
                [0.922868, -0.043881, -0.382608, 0.124994, -0.111677, -0.981292, -0.156827, -0.005666, -0.368568, 0.187459, -0.910503, 0.032399, 0.0, 0.0, 0.0, 1.0],
                [0.922868, -0.043881, -0.382608, 0.124994, -0.111677, -0.981292, -0.156827, -0.005666, -0.368568, 0.187459, -0.910503, 0.032399, 0.0, 0.0, 0.0, 1.0],
                [0.922868, -0.043881, -0.382608, 0.124994, -0.111677, -0.981292, -0.156827, -0.005666, -0.368568, 0.187459, -0.910503, 0.032399, 0.0, 0.0, 0.0, 1.0],
                [0.922868, -0.043881, -0.382608, 0.124994, -0.111677, -0.981292, -0.156827, -0.005666, -0.368568, 0.187459, -0.910503, 0.032399, 0.0, 0.0, 0.0, 1.0],
                [0.922868, -0.043881, -0.382608, 0.124994, -0.111677, -0.981292, -0.156827, -0.005666, -0.368568, 0.187459, -0.910503, 0.032399, 0.0, 0.0, 0.0, 1.0],
                [0.922868, -0.043881, -0.382608, 0.124994, -0.111677, -0.981292, -0.156827, -0.005666, -0.368568, 0.187459, -0.910503, 0.032399, 0.0, 0.0, 0.0, 1.0],
                [0.922868, -0.043881, -0.382608, 0.124994, -0.111677, -0.981292, -0.156827, -0.005666, -0.368568, 0.187459, -0.910503, 0.032399, 0.0, 0.0, 0.0, 1.0],
                [0.922868, -0.043881, -0.382608, 0.124994, -0.111677, -0.981292, -0.156827, -0.005666, -0.368568, 0.187459, -0.910503, 0.032399, 0.0, 0.0, 0.0, 1.0],
                [0.922868, -0.043881, -0.382608, 0.124994, -0.111677, -0.981292, -0.156827, -0.005666, -0.368568, 0.187459, -0.910503, 0.032399, 0.0, 0.0, 0.0, 1.0],
                [0.922868, -0.043881, -0.382608, 0.124994, -0.111677, -0.981292, -0.156827, -0.005666, -0.368568, 0.187459, -0.910503, 0.032399, 0.0, 0.0, 0.0, 1.0],
                [0.922868, -0.043881, -0.382608, 0.124994, -0.111677, -0.981292, -0.156827, -0.005666, -0.368568, 0.187459, -0.910503, 0.032399, 0.0, 0.0, 0.0, 1.0],
                [0.923383, -0.043756, -0.381378, 0.124994, -0.110799, -0.981579, -0.155646, -0.005666, -0.367542, 0.185978, -0.911222, 0.032399, 0.0, 0.0, 0.0, 1.0],
                [0.924873, -0.04338, -0.377793, 0.124994, -0.10825, -0.982403, -0.152202, -0.005666, -0.364543, 0.181664, -0.913295, 0.032399, 0.0, 0.0, 0.0, 1.0],
                [0.927244, -0.04274, -0.372009, 0.124994, -0.104167, -0.983692, -0.146625, -0.005666, -0.359676, 0.174709, -0.916575, 0.032399, 0.0, 0.0, 0.0, 1.0],
                [0.930391, -0.041803, -0.364176, 0.124994, -0.098695, -0.985357, -0.139037, -0.005666, -0.353031, 0.165301, -0.920893, 0.032399, 0.0, 0.0, 0.0, 1.0],
                [0.934199, -0.04053, -0.354442, 0.124994, -0.091985, -0.987297, -0.129548, -0.005666, -0.344689, 0.153627, -0.926061, 0.032399, 0.0, 0.0, 0.0, 1.0],
                [0.938547, -0.038874, -0.342954, 0.124994, -0.084197, -0.989405, -0.118269, -0.005666, -0.334723, 0.139877, -0.931877, 0.032399, 0.0, 0.0, 0.0, 1.0],
                [0.943311, -0.036784, -0.329865, 0.124994, -0.075492, -0.991569, -0.105312, -0.005666, -0.32321, 0.124245, -0.938136, 0.032399, 0.0, 0.0, 0.0, 1.0],
                [0.948364, -0.034214, -0.315333, 0.124994, -0.066038, -0.993678, -0.090794, -0.005666, -0.310233, 0.10693, -0.944628, 0.032399, 0.0, 0.0, 0.0, 1.0],
                [0.953582, -0.03112, -0.299522, 0.124994, -0.056, -0.995622, -0.074842, -0.005666, -0.295882, 0.088141, -0.951149, 0.032399, 0.0, 0.0, 0.0, 1.0],
                [0.958843, -0.027469, -0.282606, 0.124994, -0.045546, -0.9973, -0.057595, -0.005666, -0.280261, 0.068096, -0.957506, 0.032399, 0.0, 0.0, 0.0, 1.0],
                [0.964033, -0.023238, -0.264765, 0.124994, -0.034839, -0.998623, -0.039205, -0.005666, -0.26349, 0.047019, -0.963516, 0.032399, 0.0, 0.0, 0.0, 1.0],
                [0.969047, -0.018419, -0.246189, 0.124994, -0.024038, -0.999514, -0.019838, -0.005666, -0.245704, 0.025142, -0.969019, 0.032399, 0.0, 0.0, 0.0, 1.0],
                [0.97379, -0.013019, -0.227074, 0.124994, -0.013293, -0.999911, 0.000323, -0.005666, -0.227058, 0.002704, -0.973877, 0.032399, 0.0, 0.0, 0.0, 1.0],
                [0.978184, -0.007062, -0.20762, 0.124994, -0.002742, -0.999774, 0.021085, -0.005666, -0.207722, -0.020056, -0.977982, 0.032399, 0.0, 0.0, 0.0, 1.0],
                [0.982163, -0.000591, -0.188029, 0.124994, 0.007486, -0.999079, 0.042242, -0.005666, -0.187881, -0.042896, -0.981255, 0.032399, 0.0, 0.0, 0.0, 1.0],
                [0.985681, 0.006334, -0.168505, 0.124994, 0.017281, -0.997827, 0.063578, -0.005666, -0.167736, -0.065579, -0.983648, 0.032399, 0.0, 0.0, 0.0, 1.0],
                [0.988706, 0.013635, -0.149248, 0.124994, 0.026548, -0.996038, 0.084869, -0.005666, -0.1475, -0.087873, -0.985151, 0.032399, 0.0, 0.0, 0.0, 1.0],
                [0.991227, 0.021218, -0.130455, 0.124994, 0.035208, -0.993754, 0.10589, -0.005666, -0.127393, -0.109554, -0.985783, 0.032399, 0.0, 0.0, 0.0, 1.0],
                [0.99325, 0.028974, -0.112312, 0.124994, 0.043204, -0.991036, 0.126413, -0.005666, -0.107642, -0.130412, -0.985599, 0.032399, 0.0, 0.0, 0.0, 1.0],
                [0.994798, 0.036783, -0.094998, 0.124994, 0.050493, -0.987963, 0.146213, -0.005666, -0.088477, -0.150249, -0.984681, 0.032399, 0.0, 0.0, 0.0, 1.0],
                [0.995905, 0.044513, -0.078683, 0.124994, 0.057051, -0.984631, 0.165066, -0.005666, -0.070126, -0.168879, -0.983139, 0.032399, 0.0, 0.0, 0.0, 1.0],
                [0.996623, 0.052026, -0.063524, 0.124994, 0.062867, -0.981146, 0.182759, -0.005666, -0.052818, -0.186135, -0.981103, 0.032399, 0.0, 0.0, 0.0, 1.0],
                [0.997011, 0.059179, -0.049666, 0.124994, 0.067945, -0.977624, 0.199081, -0.005666, -0.036774, -0.201861, -0.978724, 0.032399, 0.0, 0.0, 0.0, 1.0],
                [0.997136, 0.065824, -0.037249, 0.124994, 0.072298, -0.974191, 0.213833, -0.005666, -0.022212, -0.215914, -0.97616, 0.032399, 0.0, 0.0, 0.0, 1.0],
                [0.997068, 0.071818, -0.0264, 0.124994, 0.075944, -0.970971, 0.22682, -0.005666, -0.009344, -0.22816, -0.973579, 0.032399, 0.0, 0.0, 0.0, 1.0],
                [0.996881, 0.077015, -0.017244, 0.124994, 0.078905, -0.96809, 0.237854, -0.005666, 0.001625, -0.238473, -0.971148, 0.032399, 0.0, 0.0, 0.0, 1.0],
                [0.996642, 0.081276, -0.0099, 0.124994, 0.081201, -0.96567, 0.246752, -0.005666, 0.010494, -0.246727, -0.969028, 0.032399, 0.0, 0.0, 0.0, 1.0],
                [0.996416, 0.084468, -0.004493, 0.124994, 0.082847, -0.963825, 0.253333, -0.005666, 0.017068, -0.252797, -0.967369, 0.032399, 0.0, 0.0, 0.0, 1.0],
                [0.996254, 0.086466, -0.001147, 0.124994, 0.083846, -0.962656, 0.257417, -0.005666, 0.021153, -0.256549, -0.9663, 0.032399, 0.0, 0.0, 0.0, 1.0],
                [0.996195, 0.087155, -0.0, 0.124994, 0.084185, -0.96225, 0.258819, -0.005666, 0.022557, -0.257834, -0.965926, 0.032399, 0.0, 0.0, 0.0, 1.0]
            ]
        },
        {
            "name": "Leg_R",
            "time": [0.0167, 0.0333, 0.05, 0.0667, 0.0833, 0.1, 0.1167, 0.1333, 0.15, 0.1667, 0.1833, 0.2, 0.2167, 0.2333, 0.25, 0.2667, 0.2833, 0.3, 0.3167, 0.3333, 0.35, 0.3667, 0.3833, 0.4, 0.4167, 0.4333, 0.45, 0.4667, 0.4833, 0.5, 0.5167, 0.5333, 0.55, 0.5667, 0.5833, 0.6, 0.6167, 0.6333, 0.65, 0.6667, 0.6833, 0.7, 0.7167, 0.7333, 0.75, 0.7667, 0.7833, 0.8, 0.8167, 0.8333, 0.85, 0.8667, 0.8833, 0.9, 0.9167, 0.9333, 0.95, 0.9667, 0.9833, 1.0, 1.0167, 1.0333, 1.05, 1.0667, 1.0833, 1.1, 1.1167, 1.1333, 1.15, 1.1667, 1.1833, 1.2, 1.2167, 1.2333, 1.25, 1.2667, 1.2833, 1.3, 1.3167, 1.3333],
            "transform": [
                [0.933031, -0.265882, 0.242405, -0.0, -0.049991, 0.571394, 0.819152, 0.37472, -0.356306, -0.776412, 0.519836, 0.0, 0.0, 0.0, 0.0, 1.0],
                [0.933031, -0.257639, 0.251147, 0.0, -0.049991, 0.598427, 0.799616, 0.37472, -0.356306, -0.758622, 0.545471, -0.0, 0.0, 0.0, 0.0, 1.0],
                [0.933031, -0.234899, 0.272535, -0.0, -0.049991, 0.665488, 0.744732, 0.37472, -0.356306, -0.708483, 0.609178, 0.0, 0.0, 0.0, 0.0, 1.0],
                [0.933031, -0.200658, 0.298646, -0.0, -0.049991, 0.749692, 0.659896, 0.37472, -0.356306, -0.630633, 0.689455, 0.0, 0.0, 0.0, 0.0, 1.0],
                [0.933031, -0.159934, 0.322295, 0.0, -0.049991, 0.829458, 0.556327, 0.37472, -0.356306, -0.535182, 0.765915, -0.0, 0.0, 0.0, 0.0, 1.0],
                [0.933031, -0.120285, 0.339094, 0.0, -0.049991, 0.88998, 0.453251, 0.37472, -0.356306, -0.439849, 0.824366, 0.0, 0.0, 0.0, 0.0, 1.0],
                [0.933031, -0.090438, 0.348244, 0.0, -0.049991, 0.92592, 0.374398, 0.37472, -0.356306, -0.366734, 0.859391, -0.0, 0.0, 0.0, 0.0, 1.0],
                [0.933031, -0.07876, 0.35107, -0.0, -0.049991, 0.937905, 0.343272, 0.37472, -0.356306, -0.337834, 0.871157, 0.0, 0.0, 0.0, 0.0, 1.0],
                [0.933031, -0.083993, 0.349854, 0.0, -0.049991, 0.932675, 0.357238, 0.37472, -0.356306, -0.350804, 0.866015, -0.0, 0.0, 0.0, 0.0, 1.0],
                [0.933031, -0.097725, 0.34627, 0.0, -0.049991, 0.91786, 0.393743, 0.37472, -0.356306, -0.384685, 0.851506, 0.0, 0.0, 0.0, 0.0, 1.0],
                [0.933031, -0.116928, 0.340266, -0.0, -0.049991, 0.894417, 0.444432, 0.37472, -0.356306, -0.431679, 0.828673, 0.0, 0.0, 0.0, 0.0, 1.0],
                [0.933031, -0.138526, 0.33206, -0.0, -0.049991, 0.864047, 0.500922, 0.37472, -0.356306, -0.483976, 0.799258, 0.0, 0.0, 0.0, 0.0, 1.0],
                [0.933031, -0.159553, 0.322484, -0.0, -0.049991, 0.830115, 0.555347, 0.37472, -0.356306, -0.534277, 0.766547, -0.0, 0.0, 0.0, 0.0, 1.0],
                [0.933031, -0.177329, 0.313061, -0.0, -0.049991, 0.797776, 0.600878, 0.37472, -0.356306, -0.576289, 0.735485, 0.0, 0.0, 0.0, 0.0, 1.0],
                [0.933031, -0.189538, 0.305824, -0.0, -0.049991, 0.773457, 0.631874, 0.37472, -0.356306, -0.604846, 0.712185, -0.0, 0.0, 0.0, 0.0, 1.0],
                [0.933031, -0.194083, 0.30296, 0.0, -0.049991, 0.763936, 0.643353, 0.37472, -0.356306, -0.615413, 0.703074, 0.0, 0.0, 0.0, 0.0, 1.0],
                [0.933031, -0.194083, 0.30296, 0.0, -0.049991, 0.763936, 0.643353, 0.37472, -0.356306, -0.615413, 0.703074, 0.0, 0.0, 0.0, 0.0, 1.0],
                [0.933031, -0.194083, 0.30296, -0.0, -0.049991, 0.763936, 0.643353, 0.37472, -0.356306, -0.615413, 0.703074, 0.0, 0.0, 0.0, 0.0, 1.0],
                [0.933031, -0.194083, 0.30296, -0.0, -0.049991, 0.763936, 0.643353, 0.37472, -0.356306, -0.615413, 0.703074, -0.0, 0.0, 0.0, 0.0, 1.0],
                [0.933031, -0.194083, 0.30296, -0.0, -0.049991, 0.763936, 0.643353, 0.37472, -0.356306, -0.615413, 0.703074, 0.0, 0.0, 0.0, 0.0, 1.0],
                [0.933031, -0.194083, 0.30296, -0.0, -0.049991, 0.763936, 0.643353, 0.37472, -0.356306, -0.615413, 0.703074, 0.0, 0.0, 0.0, 0.0, 1.0],
                [0.933031, -0.194083, 0.30296, 0.0, -0.049991, 0.763936, 0.643353, 0.37472, -0.356306, -0.615413, 0.703074, -0.0, 0.0, 0.0, 0.0, 1.0],
                [0.933031, -0.194083, 0.30296, -0.0, -0.049991, 0.763936, 0.643353, 0.37472, -0.356306, -0.615413, 0.703074, 0.0, 0.0, 0.0, 0.0, 1.0],
                [0.933031, -0.194083, 0.30296, -0.0, -0.049991, 0.763936, 0.643353, 0.37472, -0.356306, -0.615413, 0.703074, -0.0, 0.0, 0.0, 0.0, 1.0],
                [0.933031, -0.194083, 0.30296, -0.0, -0.049991, 0.763936, 0.643353, 0.37472, -0.356306, -0.615413, 0.703074, -0.0, 0.0, 0.0, 0.0, 1.0],
                [0.933031, -0.194083, 0.30296, 0.0, -0.049991, 0.763936, 0.643353, 0.37472, -0.356306, -0.615413, 0.703074, 0.0, 0.0, 0.0, 0.0, 1.0],
                [0.933031, -0.194083, 0.30296, 0.0, -0.049991, 0.763936, 0.643353, 0.37472, -0.356306, -0.615413, 0.703074, -0.0, 0.0, 0.0, 0.0, 1.0],
                [0.933031, -0.194083, 0.30296, -0.0, -0.049991, 0.763936, 0.643353, 0.37472, -0.356306, -0.615413, 0.703074, 0.0, 0.0, 0.0, 0.0, 1.0],
                [0.933031, -0.194083, 0.30296, -0.0, -0.049991, 0.763936, 0.643353, 0.37472, -0.356306, -0.615413, 0.703074, -0.0, 0.0, 0.0, 0.0, 1.0],
                [0.933031, -0.194083, 0.30296, -0.0, -0.049991, 0.763936, 0.643353, 0.37472, -0.356306, -0.615413, 0.703074, -0.0, 0.0, 0.0, 0.0, 1.0],
                [0.933031, -0.194083, 0.30296, -0.0, -0.049991, 0.763936, 0.643353, 0.37472, -0.356306, -0.615413, 0.703074, -0.0, 0.0, 0.0, 0.0, 1.0],
                [0.933031, -0.194083, 0.30296, 0.0, -0.049991, 0.763936, 0.643353, 0.37472, -0.356306, -0.615413, 0.703074, 0.0, 0.0, 0.0, 0.0, 1.0],
                [0.933031, -0.194083, 0.30296, 0.0, -0.049991, 0.763936, 0.643353, 0.37472, -0.356306, -0.615413, 0.703074, -0.0, 0.0, 0.0, 0.0, 1.0],
                [0.933031, -0.194083, 0.30296, -0.0, -0.049991, 0.763936, 0.643353, 0.37472, -0.356306, -0.615413, 0.703074, -0.0, 0.0, 0.0, 0.0, 1.0],
                [0.933031, -0.194083, 0.30296, -0.0, -0.049991, 0.763936, 0.643353, 0.37472, -0.356306, -0.615413, 0.703074, -0.0, 0.0, 0.0, 0.0, 1.0],
                [0.933031, -0.194083, 0.30296, -0.0, -0.049991, 0.763936, 0.643353, 0.37472, -0.356306, -0.615413, 0.703074, -0.0, 0.0, 0.0, 0.0, 1.0],
                [0.933031, -0.194083, 0.30296, -0.0, -0.049991, 0.763936, 0.643353, 0.37472, -0.356306, -0.615413, 0.703074, 0.0, 0.0, 0.0, 0.0, 1.0],
                [0.933031, -0.194083, 0.30296, 0.0, -0.049991, 0.763936, 0.643353, 0.37472, -0.356306, -0.615413, 0.703074, -0.0, 0.0, 0.0, 0.0, 1.0],
                [0.933031, -0.194083, 0.30296, -0.0, -0.049991, 0.763936, 0.643353, 0.37472, -0.356306, -0.615413, 0.703074, 0.0, 0.0, 0.0, 0.0, 1.0],
                [0.933031, -0.194083, 0.30296, 0.0, -0.049991, 0.763936, 0.643353, 0.37472, -0.356306, -0.615413, 0.703074, 0.0, 0.0, 0.0, 0.0, 1.0],
                [0.933031, -0.194083, 0.30296, -0.0, -0.049991, 0.763936, 0.643353, 0.37472, -0.356306, -0.615413, 0.703074, -0.0, 0.0, 0.0, 0.0, 1.0],
                [0.933031, -0.194083, 0.30296, -0.0, -0.049991, 0.763936, 0.643353, 0.37472, -0.356306, -0.615413, 0.703074, 0.0, 0.0, 0.0, 0.0, 1.0],
                [0.933031, -0.194083, 0.30296, -0.0, -0.049991, 0.763936, 0.643353, 0.37472, -0.356306, -0.615413, 0.703074, 0.0, 0.0, 0.0, 0.0, 1.0],
                [0.933031, -0.194083, 0.30296, -0.0, -0.049991, 0.763936, 0.643353, 0.37472, -0.356306, -0.615413, 0.703074, -0.0, 0.0, 0.0, 0.0, 1.0],
                [0.933031, -0.194083, 0.30296, -0.0, -0.049991, 0.763936, 0.643353, 0.37472, -0.356306, -0.615413, 0.703074, 0.0, 0.0, 0.0, 0.0, 1.0],
                [0.933031, -0.194083, 0.30296, -0.0, -0.049991, 0.763936, 0.643353, 0.37472, -0.356306, -0.615413, 0.703074, 0.0, 0.0, 0.0, 0.0, 1.0],
                [0.933031, -0.194083, 0.30296, -0.0, -0.049991, 0.763936, 0.643353, 0.37472, -0.356306, -0.615413, 0.703074, 0.0, 0.0, 0.0, 0.0, 1.0],
                [0.933031, -0.194083, 0.30296, -0.0, -0.049991, 0.763936, 0.643353, 0.37472, -0.356306, -0.615413, 0.703074, 0.0, 0.0, 0.0, 0.0, 1.0],
                [0.933031, -0.194083, 0.30296, 0.0, -0.049991, 0.763936, 0.643353, 0.37472, -0.356306, -0.615413, 0.703074, 0.0, 0.0, 0.0, 0.0, 1.0],
                [0.933031, -0.194083, 0.30296, -0.0, -0.049991, 0.763936, 0.643353, 0.37472, -0.356306, -0.615413, 0.703074, -0.0, 0.0, 0.0, 0.0, 1.0],
                [0.933031, -0.193997, 0.303015, 0.0, -0.049991, 0.764119, 0.643135, 0.37472, -0.356306, -0.615213, 0.703249, 0.0, 0.0, 0.0, 0.0, 1.0],
                [0.933031, -0.193746, 0.303176, 0.0, -0.049991, 0.764651, 0.642503, 0.37472, -0.356306, -0.614632, 0.703757, -0.0, 0.0, 0.0, 0.0, 1.0],
                [0.933031, -0.193342, 0.303433, 0.0, -0.049991, 0.765505, 0.641485, 0.37472, -0.356306, -0.613694, 0.704575, 0.0, 0.0, 0.0, 0.0, 1.0],
                [0.933031, -0.192797, 0.30378, 0.0, -0.049991, 0.766657, 0.640108, 0.37472, -0.356306, -0.612427, 0.705676, 0.0, 0.0, 0.0, 0.0, 1.0],
                [0.933031, -0.192121, 0.304208, -0.0, -0.049991, 0.768078, 0.638402, 0.37472, -0.356306, -0.610857, 0.707036, 0.0, 0.0, 0.0, 0.0, 1.0],
