{
    "armature": {
        "joints": ["Root", "Thigh_R", "Leg_R", "Knee_R", "Thigh_L", "Leg_L", "Knee_L", "Torso", "Chest", "Head", "Shoulder_R", "Arm_R", "Hand_R", "Tool_R", "Elbow_R", "Shoulder_L", "Arm_L", "Hand_L", "Tool_L", "Elbow_L"],
        "hierarchy": [
            {
                "name": "Root",
                "transform": [1.0, 0.0, 0.0, -5e-06, 0.0, 0.0, -1.0, 0.000946, 0.0, 1.0, 0.0, 0.763972, 0.0, 0.0, 0.0, 1.0],
                "children": [
                    {
                        "name": "Thigh_R",
                        "transform": [1.0, -0.0, -0.0, 0.124994, -0.0, -1.0, 0.0, -0.002831, -0.0, -0.0, -1.0, -1.2e-05, 0.0, 0.0, 0.0, 1.0],
                        "children": [
                            {
                                "name": "Leg_R",
                                "transform": [1.0, 0.0, 1e-06, 0.0, -0.0, 1.0, 0.0, 0.37472, -1e-06, -0.0, 1.0, -0.0, 0.0, 0.0, 0.0, 1.0],
                                "children": []
                            },
                            {
                                "name": "Knee_R",
                                "transform": [1.0, 0.0, -0.0, 0.0, -0.0, 0.0, -1.0, 0.37472, -0.0, 1.0, 0.0, -0.0, 0.0, 0.0, 0.0, 1.0],
                                "children": []
                            }
                        ]
                    },
                    {
                        "name": "Thigh_L",
                        "transform": [1.0, -0.0, -0.0, -0.125006, -0.0, -1.0, 0.0, -0.002831, -0.0, -0.0, -1.0, -1.2e-05, 0.0, 0.0, 0.0, 1.0],
                        "children": [
                            {
                                "name": "Leg_L",
                                "transform": [1.0, 0.0, 1e-06, -0.0, -0.0, 1.0, 0.0, 0.37472, -1e-06, -0.0, 1.0, 0.0, 0.0, 0.0, 0.0, 1.0],
                                "children": []
                            },
                            {
                                "name": "Knee_L",
                                "transform": [1.0, 0.0, -0.0, -0.0, -0.0, 0.0, -1.0, 0.37472, -0.0, 1.0, 0.0, 0.0, 0.0, 0.0, 0.0, 1.0],
                                "children": []
                            }
                        ]
                    },
                    {
                        "name": "Torso",
                        "transform": [1.0, 0.0, 0.0, 0.0, 0.0, 1.0, 0.0, 0.05, 0.0, 0.0, 1.0, 0.0, 0.0, 0.0, 0.0, 1.0],
                        "children": [
                            {
                                "name": "Chest",
                                "transform": [1.0, 0.0, 0.0, 0.0, 0.0, 1.0, 0.0, 0.3, 0.0, 0.0, 1.0, 0.0, 0.0, 0.0, 0.0, 1.0],
                                "children": [
                                    {
                                        "name": "Head",
                                        "transform": [1.0, 0.0, 0.0, 0.0, 0.0, 1.0, 0.0, 0.4, 0.0, 0.0, 1.0, 0.0, 0.0, 0.0, 0.0, 1.0],
                                        "children": []
                                    },
                                    {
                                        "name": "Shoulder_R",
                                        "transform": [0.0, 0.952114, 0.305743, 0.0, 0.0, -0.305743, 0.952114, 0.4, 1.0, 0.0, -0.0, 0.0, 0.0, 0.0, 0.0, 1.0],
                                        "children": [
                                            {
                                                "name": "Arm_R",
                                                "transform": [0.0, -0.0, -1.0, -0.0, 0.952114, 0.305743, 0.0, 0.39386, 0.305743, -0.952114, 0.0, 0.0, 0.0, 0.0, 0.0, 1.0],
                                                "children": [
                                                    {
                                                        "name": "Hand_R",
                                                        "transform": [1.0, 0.0, 0.0, 0.0, -0.0, 0.993938, 0.109947, 0.3, -0.0, -0.109947, 0.993937, 0.0, 0.0, 0.0, 0.0, 1.0],
                                                        "children": [
                                                            {
                                                                "name": "Tool_R",
                                                                "transform": [1.0, 0.0, 0.0, -0.0, 0.0, -0.999836, 0.018122, 0.272858, 0.0, -0.018122, -0.999836, 0.0, 0.0, 0.0, 0.0, 1.0],
                                                                "children": []
                                                            }
                                                        ]
                                                    },
                                                    {
                                                        "name": "Elbow_R",
                                                        "transform": [-1.0, 0.0, -0.0, 0.0, 0.0, 0.0, -1.0, 0.3, -0.0, -1.0, -0.0, 0.0, 0.0, 0.0, 0.0, 1.0],
                                                        "children": []
                                                    }
                                                ]
                                            }
                                        ]
                                    },
                                    {
                                        "name": "Shoulder_L",
                                        "transform": [-0.0, -0.952114, -0.305743, 0.0, 0.0, -0.305743, 0.952114, 0.4, -1.0, 0.0, 0.0, 0.0, 0.0, 0.0, 0.0, 1.0],
                                        "children": [
                                            {
                                                "name": "Arm_L",
                                                "transform": [-0.0, -0.0, 1.0, -0.0, -0.952114, 0.305743, -0.0, 0.39386, -0.305743, -0.952114, -0.0, 0.0, 0.0, 0.0, 0.0, 1.0],
                                                "children": [
                                                    {
                                                        "name": "Hand_L",
                                                        "transform": [1.0, -0.0, 0.0, -0.0, 0.0, 0.993937, 0.109947, 0.3, -0.0, -0.109947, 0.993937, 0.0, 0.0, 0.0, 0.0, 1.0],
                                                        "children": [
                                                            {
                                                                "name": "Tool_L",
                                                                "transform": [1.0, 0.0, 0.0, -0.0, -0.0, -0.999836, 0.018122, 0.272858, 0.0, -0.018122, -0.999836, -0.0, 0.0, 0.0, 0.0, 1.0],
                                                                "children": []
                                                            }
                                                        ]
                                                    },
                                                    {
                                                        "name": "Elbow_L",
                                                        "transform": [-1.0, 0.0, -0.0, -0.0, 0.0, -0.0, -1.0, 0.3, -0.0, -1.0, 0.0, 0.0, 0.0, 0.0, 0.0, 1.0],
                                                        "children": []
                                                    }
                                                ]
                                            }
                                        ]
                                    }
                                ]
                            }
                        ]
                    }
                ]
            }
        ]
    },
    "animation": [
        {
            "name": "Root",
            "time": [0.0, 0.0167, 0.0333, 0.05, 0.0667, 0.0833, 0.1, 0.1167, 0.1333, 0.15, 0.1667, 0.1833, 0.2, 0.2167, 0.2333, 0.25, 0.2667, 0.2833, 0.3, 0.3167, 0.3333, 0.35, 0.3667, 0.3833, 0.4, 0.4167, 0.4333, 0.45, 0.4667, 0.4833, 0.5, 0.5167, 0.5333, 0.55, 0.5667, 0.5833, 0.6, 0.6167, 0.6333, 0.65, 0.6667, 0.6833, 0.7, 0.7167, 0.7333, 0.75, 0.7667, 0.7833, 0.8, 0.8167, 0.8333, 0.85, 0.8667, 0.8833, 0.9, 0.9167, 0.9333, 0.95, 0.9667, 0.9833, 1.0, 1.0167, 1.0333, 1.05, 1.0667, 1.0833, 1.1, 1.1167, 1.1333, 1.15, 1.1667, 1.1833, 1.2, 1.2167, 1.2333, 1.25, 1.2667, 1.2833, 1.3, 1.3167, 1.3333, 1.35, 1.3667, 1.3833, 1.4, 1.4167, 1.4333, 1.45, 1.4667, 1.4833, 1.5, 1.5167, 1.5333, 1.55, 1.5667, 1.5833, 1.6, 1.6167, 1.6333, 1.65, 1.6667, 1.6833, 1.7, 1.7167, 1.7333],
            "transform": [
                [1.0, 0.0, 0.0, -5e-06, 0.0, 0.0, -1.0, 0.000946, 0.0, 1.0, 0.0, 0.763972, 0.0, 0.0, 0.0, 1.0],
                [1.0, 0.0, 0.0, -5e-06, 0.0, 0.0, -1.0, 0.000974, 0.0, 1.0, 0.0, 0.763177, 0.0, 0.0, 0.0, 1.0],
                [1.0, 0.0, 0.0, -5e-06, 0.0, 0.0, -1.0, 0.001171, 0.0, 1.0, 0.0, 0.760896, 0.0, 0.0, 0.0, 1.0],
                [1.0, 0.0, 0.0, -5e-06, 0.0, 0.0, -1.0, 0.001704, 0.0, 1.0, 0.0, 0.757285, 0.0, 0.0, 0.0, 1.0],
                [1.0, 0.0, 0.0, -5e-06, 0.0, 0.0, -1.0, 0.002743, 0.0, 1.0, 0.0, 0.752502, 0.0, 0.0, 0.0, 1.0],
                [1.0, 0.0, 0.0, -5e-06, 0.0, 0.0, -1.0, 0.004456, 0.0, 1.0, 0.0, 0.746702, 0.0, 0.0, 0.0, 1.0],
                [1.0, 0.0, 0.0, -5e-06, 0.0, 0.0, -1.0, 0.007011, 0.0, 1.0, 0.0, 0.740042, 0.0, 0.0, 0.0, 1.0],
                [1.0, 0.0, 0.0, -5e-06, 0.0, 0.0, -1.0, 0.010577, 0.0, 1.0, 0.0, 0.732678, 0.0, 0.0, 0.0, 1.0],
                [1.0, 0.0, 0.0, -5e-06, 0.0, 0.0, -1.0, 0.015322, 0.0, 1.0, 0.0, 0.724767, 0.0, 0.0, 0.0, 1.0],
                [1.0, 0.0, 0.0, -5e-06, 0.0, 0.0, -1.0, 0.021414, 0.0, 1.0, 0.0, 0.716465, 0.0, 0.0, 0.0, 1.0],
                [1.0, 0.0, 0.0, -5e-06, 0.0, 0.0, -1.0, 0.029023, 0.0, 1.0, 0.0, 0.707928, 0.0, 0.0, 0.0, 1.0],
                [1.0, 0.0, 0.0, -5e-06, 0.0, 0.0, -1.0, 0.038316, 0.0, 1.0, 0.0, 0.699313, 0.0, 0.0, 0.0, 1.0],
                [1.0, 0.0, 0.0, -5e-06, 0.0, 0.0, -1.0, 0.049463, 0.0, 1.0, 0.0, 0.690776, 0.0, 0.0, 0.0, 1.0],
                [1.0, 0.0, 0.0, -5e-06, 0.0, 0.0, -1.0, 0.062631, 0.0, 1.0, 0.0, 0.682474, 0.0, 0.0, 0.0, 1.0],
                [1.0, 0.0, 0.0, -5e-06, 0.0, 0.0, -1.0, 0.077988, 0.0, 1.0, 0.0, 0.674562, 0.0, 0.0, 0.0, 1.0],
                [1.0, 0.0, 0.0, -5e-06, 0.0, 0.0, -1.0, 0.095705, 0.0, 1.0, 0.0, 0.667199, 0.0, 0.0, 0.0, 1.0],
                [1.0, 0.0, 0.0, -5e-06, 0.0, 0.0, -1.0, 0.115948, 0.0, 1.0, 0.0, 0.660538, 0.0, 0.0, 0.0, 1.0],
                [1.0, 0.0, 0.0, -5e-06, 0.0, 0.0, -1.0, 0.138886, 0.0, 1.0, 0.0, 0.654739, 0.0, 0.0, 0.0, 1.0],
                [1.0, 0.0, 0.0, -5e-06, 0.0, 0.0, -1.0, 0.164689, 0.0, 1.0, 0.0, 0.649955, 0.0, 0.0, 0.0, 1.0],
                [1.0, 0.0, 0.0, -5e-06, 0.0, 0.0, -1.0, 0.193523, 0.0, 1.0, 0.0, 0.646345, 0.0, 0.0, 0.0, 1.0],
                [1.0, 0.0, 0.0, -5e-06, 0.0, 0.0, -1.0, 0.225559, 0.0, 1.0, 0.0, 0.644064, 0.0, 0.0, 0.0, 1.0],
                [1.0, 0.0, 0.0, -5e-06, 0.0, 0.0, -1.0, 0.260963, 0.0, 1.0, 0.0, 0.643269, 0.0, 0.0, 0.0, 1.0],
                [1.0, 0.0, 0.0, -5e-06, 0.0, 0.0, -1.0, 0.326371, 0.0, 1.0, 0.0, 0.643269, 0.0, 0.0, 0.0, 1.0],
                [1.0, 0.0, 0.0, -5e-06, 0.0, 0.0, -1.0, 0.43445, 0.0, 1.0, 0.0, 0.643269, 0.0, 0.0, 0.0, 1.0],
                [1.0, 0.0, 0.0, -5e-06, 0.0, 0.0, -1.0, 0.564424, 0.0, 1.0, 0.0, 0.643269, 0.0, 0.0, 0.0, 1.0],
                [1.0, 0.0, 0.0, -5e-06, 0.0, 0.0, -1.0, 0.695513, 0.0, 1.0, 0.0, 0.643269, 0.0, 0.0, 0.0, 1.0],
                [1.0, 0.0, 0.0, -5e-06, 0.0, 0.0, -1.0, 0.806939, 0.0, 1.0, 0.0, 0.643269, 0.0, 0.0, 0.0, 1.0],
                [1.0, 0.0, 0.0, -5e-06, 0.0, 0.0, -1.0, 0.877923, 0.0, 1.0, 0.0, 0.643269, 0.0, 0.0, 0.0, 1.0],
                [1.0, 0.0, 0.0, -5e-06, 0.0, 0.0, -1.0, 0.920794, 0.0, 1.0, 0.0, 0.642987, 0.0, 0.0, 0.0, 1.0],
                [1.0, 0.0, 0.0, -5e-06, 0.0, 0.0, -1.0, 0.961759, 0.0, 1.0, 0.0, 0.642178, 0.0, 0.0, 0.0, 1.0],
                [1.0, 0.0, 0.0, -5e-06, 0.0, 0.0, -1.0, 1.000863, 0.0, 1.0, 0.0, 0.640898, 0.0, 0.0, 0.0, 1.0],
                [1.0, 0.0, 0.0, -5e-06, 0.0, 0.0, -1.0, 1.038149, 0.0, 1.0, 0.0, 0.639201, 0.0, 0.0, 0.0, 1.0],
                [1.0, 0.0, 0.0, -5e-06, 0.0, 0.0, -1.0, 1.073659, 0.0, 1.0, 0.0, 0.637143, 0.0, 0.0, 0.0, 1.0],
                [1.0, 0.0, 0.0, -5e-06, 0.0, 0.0, -1.0, 1.107437, 0.0, 1.0, 0.0, 0.634781, 0.0, 0.0, 0.0, 1.0],
                [1.0, 0.0, 0.0, -5e-06, 0.0, 0.0, -1.0, 1.139527, 0.0, 1.0, 0.0, 0.632169, 0.0, 0.0, 0.0, 1.0],
                [1.0, 0.0, 0.0, -5e-06, 0.0, 0.0, -1.0, 1.169972, 0.0, 1.0, 0.0, 0.629363, 0.0, 0.0, 0.0, 1.0],
                [1.0, 0.0, 0.0, -5e-06, 0.0, 0.0, -1.0, 1.198815, 0.0, 1.0, 0.0, 0.626418, 0.0, 0.0, 0.0, 1.0],
                [1.0, 0.0, 0.0, -5e-06, 0.0, 0.0, -1.0, 1.226099, 0.0, 1.0, 0.0, 0.62339, 0.0, 0.0, 0.0, 1.0],
                [1.0, 0.0, 0.0, -5e-06, 0.0, 0.0, -1.0, 1.251867, 0.0, 1.0, 0.0, 0.620334, 0.0, 0.0, 0.0, 1.0],
                [1.0, 0.0, 0.0, -5e-06, 0.0, 0.0, -1.0, 1.276164, 0.0, 1.0, 0.0, 0.617306, 0.0, 0.0, 0.0, 1.0],
                [1.0, 0.0, 0.0, -5e-06, 0.0, 0.0, -1.0, 1.299031, 0.0, 1.0, 0.0, 0.614361, 0.0, 0.0, 0.0, 1.0],
                [1.0, 0.0, 0.0, -5e-06, 0.0, 0.0, -1.0, 1.320514, 0.0, 1.0, 0.0, 0.611555, 0.0, 0.0, 0.0, 1.0],
                [1.0, 0.0, 0.0, -5e-06, 0.0, 0.0, -1.0, 1.340654, 0.0, 1.0, 0.0, 0.608942, 0.0, 0.0, 0.0, 1.0],
                [1.0, 0.0, 0.0, -5e-06, 0.0, 0.0, -1.0, 1.359495, 0.0, 1.0, 0.0, 0.60658, 0.0, 0.0, 0.0, 1.0],
                [1.0, 0.0, 0.0, -5e-06, 0.0, 0.0, -1.0, 1.377081, 0.0, 1.0, 0.0, 0.604523, 0.0, 0.0, 0.0, 1.0],
                [1.0, 0.0, 0.0, -5e-06, 0.0, 0.0, -1.0, 1.393454, 0.0, 1.0, 0.0, 0.602826, 0.0, 0.0, 0.0, 1.0],
                [1.0, 0.0, 0.0, -5e-06, 0.0, 0.0, -1.0, 1.408658, 0.0, 1.0, 0.0, 0.601545, 0.0, 0.0, 0.0, 1.0],
                [1.0, 0.0, 0.0, -5e-06, 0.0, 0.0, -1.0, 1.422737, 0.0, 1.0, 0.0, 0.600736, 0.0, 0.0, 0.0, 1.0],
                [1.0, 0.0, 0.0, -5e-06, 0.0, 0.0, -1.0, 1.435733, 0.0, 1.0, 0.0, 0.600454, 0.0, 0.0, 0.0, 1.0],
                [1.0, 0.0, 0.0, -5e-06, 0.0, 0.0, -1.0, 1.44769, 0.0, 1.0, 0.0, 0.600454, 0.0, 0.0, 0.0, 1.0],
                [1.0, 0.0, 0.0, -5e-06, 0.0, 0.0, -1.0, 1.458651, 0.0, 1.0, 0.0, 0.600454, 0.0, 0.0, 0.0, 1.0],
                [1.0, 0.0, 0.0, -5e-06, 0.0, 0.0, -1.0, 1.46866, 0.0, 1.0, 0.0, 0.600454, 0.0, 0.0, 0.0, 1.0],
                [1.0, 0.0, 0.0, -5e-06, 0.0, 0.0, -1.0, 1.477759, 0.0, 1.0, 0.0, 0.600454, 0.0, 0.0, 0.0, 1.0],
                [1.0, 0.0, 0.0, -5e-06, 0.0, 0.0, -1.0, 1.485993, 0.0, 1.0, 0.0, 0.600454, 0.0, 0.0, 0.0, 1.0],
                [1.0, 0.0, 0.0, -5e-06, 0.0, 0.0, -1.0, 1.493404, 0.0, 1.0, 0.0, 0.600454, 0.0, 0.0, 0.0, 1.0],
                [1.0, 0.0, 0.0, -5e-06, 0.0, 0.0, -1.0, 1.500035, 0.0, 1.0, 0.0, 0.600454, 0.0, 0.0, 0.0, 1.0],
                [1.0, 0.0, 0.0, -5e-06, 0.0, 0.0, -1.0, 1.50593, 0.0, 1.0, 0.0, 0.600454, 0.0, 0.0, 0.0, 1.0],
                [1.0, 0.0, 0.0, -5e-06, 0.0, 0.0, -1.0, 1.511133, 0.0, 1.0, 0.0, 0.600454, 0.0, 0.0, 0.0, 1.0],
                [1.0, 0.0, 0.0, -5e-06, 0.0, 0.0, -1.0, 1.515687, 0.0, 1.0, 0.0, 0.600454, 0.0, 0.0, 0.0, 1.0],
                [1.0, 0.0, 0.0, -5e-06, 0.0, 0.0, -1.0, 1.519634, 0.0, 1.0, 0.0, 0.600454, 0.0, 0.0, 0.0, 1.0],
                [1.0, 0.0, 0.0, -5e-06, 0.0, 0.0, -1.0, 1.523018, 0.0, 1.0, 0.0, 0.600454, 0.0, 0.0, 0.0, 1.0],
                [1.0, 0.0, 0.0, -5e-06, 0.0, 0.0, -1.0, 1.525883, 0.0, 1.0, 0.0, 0.600454, 0.0, 0.0, 0.0, 1.0],
                [1.0, 0.0, 0.0, -5e-06, 0.0, 0.0, -1.0, 1.528272, 0.0, 1.0, 0.0, 0.600454, 0.0, 0.0, 0.0, 1.0],
                [1.0, 0.0, 0.0, -5e-06, 0.0, 0.0, -1.0, 1.530227, 0.0, 1.0, 0.0, 0.600454, 0.0, 0.0, 0.0, 1.0],
                [1.0, 0.0, 0.0, -5e-06, 0.0, 0.0, -1.0, 1.531793, 0.0, 1.0, 0.0, 0.600454, 0.0, 0.0, 0.0, 1.0],
                [1.0, 0.0, 0.0, -5e-06, 0.0, 0.0, -1.0, 1.533012, 0.0, 1.0, 0.0, 0.600454, 0.0, 0.0, 0.0, 1.0],
                [1.0, 0.0, 0.0, -5e-06, 0.0, 0.0, -1.0, 1.533929, 0.0, 1.0, 0.0, 0.600454, 0.0, 0.0, 0.0, 1.0],
                [1.0, 0.0, 0.0, -5e-06, 0.0, 0.0, -1.0, 1.534585, 0.0, 1.0, 0.0, 0.600454, 0.0, 0.0, 0.0, 1.0],
                [1.0, 0.0, 0.0, -5e-06, 0.0, 0.0, -1.0, 1.535025, 0.0, 1.0, 0.0, 0.600454, 0.0, 0.0, 0.0, 1.0],
                [1.0, 0.0, 0.0, -5e-06, 0.0, 0.0, -1.0, 1.535293, 0.0, 1.0, 0.0, 0.600454, 0.0, 0.0, 0.0, 1.0],
                [1.0, 0.0, 0.0, -5e-06, 0.0, 0.0, -1.0, 1.53543, 0.0, 1.0, 0.0, 0.600454, 0.0, 0.0, 0.0, 1.0],
                [1.0, 0.0, 0.0, -5e-06, 0.0, 0.0, -1.0, 1.53548, 0.0, 1.0, 0.0, 0.600454, 0.0, 0.0, 0.0, 1.0],
                [1.0, 0.0, 0.0, -5e-06, 0.0, 0.0, -1.0, 1.535488, 0.0, 1.0, 0.0, 0.600454, 0.0, 0.0, 0.0, 1.0],
                [1.0, 0.0, 0.0, -5e-06, 0.0, 0.0, -1.0, 1.533077, 0.0, 1.0, 0.0, 0.600923, 0.0, 0.0, 0.0, 1.0],
                [1.0, 0.0, 0.0, -5e-06, 0.0, 0.0, -1.0, 1.526048, 0.0, 1.0, 0.0, 0.602291, 0.0, 0.0, 0.0, 1.0],
                [1.0, 0.0, 0.0, -5e-06, 0.0, 0.0, -1.0, 1.514711, 0.0, 1.0, 0.0, 0.604496, 0.0, 0.0, 0.0, 1.0],
                [1.0, 0.0, 0.0, -5e-06, 0.0, 0.0, -1.0, 1.499372, 0.0, 1.0, 0.0, 0.60748, 0.0, 0.0, 0.0, 1.0],
                [1.0, 0.0, 0.0, -5e-06, 0.0, 0.0, -1.0, 1.480339, 0.0, 1.0, 0.0, 0.611183, 0.0, 0.0, 0.0, 1.0],
                [1.0, 0.0, 0.0, -5e-06, 0.0, 0.0, -1.0, 1.457921, 0.0, 1.0, 0.0, 0.615545, 0.0, 0.0, 0.0, 1.0],
                [1.0, 0.0, 0.0, -5e-06, 0.0, 0.0, -1.0, 1.432424, 0.0, 1.0, 0.0, 0.620505, 0.0, 0.0, 0.0, 1.0],
                [1.0, 0.0, 0.0, -5e-06, 0.0, 0.0, -1.0, 1.404157, 0.0, 1.0, 0.0, 0.626004, 0.0, 0.0, 0.0, 1.0],
                [1.0, 0.0, 0.0, -5e-06, 0.0, 0.0, -1.0, 1.373428, 0.0, 1.0, 0.0, 0.631982, 0.0, 0.0, 0.0, 1.0],
                [1.0, 0.0, 0.0, -5e-06, 0.0, 0.0, -1.0, 1.340544, 0.0, 1.0, 0.0, 0.638379, 0.0, 0.0, 0.0, 1.0],
                [1.0, 0.0, 0.0, -5e-06, 0.0, 0.0, -1.0, 1.305813, 0.0, 1.0, 0.0, 0.645136, 0.0, 0.0, 0.0, 1.0],
                [1.0, 0.0, 0.0, -5e-06, 0.0, 0.0, -1.0, 1.269544, 0.0, 1.0, 0.0, 0.652192, 0.0, 0.0, 0.0, 1.0],
                [1.0, 0.0, 0.0, -5e-06, 0.0, 0.0, -1.0, 1.232043, 0.0, 1.0, 0.0, 0.659488, 0.0, 0.0, 0.0, 1.0],
                [1.0, 0.0, 0.0, -5e-06, 0.0, 0.0, -1.0, 1.193618, 0.0, 1.0, 0.0, 0.666963, 0.0, 0.0, 0.0, 1.0],
                [1.0, 0.0, 0.0, -5e-06, 0.0, 0.0, -1.0, 1.154578, 0.0, 1.0, 0.0, 0.674558, 0.0, 0.0, 0.0, 1.0],
                [1.0, 0.0, 0.0, -5e-06, 0.0, 0.0, -1.0, 1.11523, 0.0, 1.0, 0.0, 0.682213, 0.0, 0.0, 0.0, 1.0],
                [1.0, 0.0, 0.0, -5e-06, 0.0, 0.0, -1.0, 1.075882, 0.0, 1.0, 0.0, 0.689868, 0.0, 0.0, 0.0, 1.0],
                [1.0, 0.0, 0.0, -5e-06, 0.0, 0.0, -1.0, 1.036842, 0.0, 1.0, 0.0, 0.697463, 0.0, 0.0, 0.0, 1.0],
                [1.0, 0.0, 0.0, -5e-06, 0.0, 0.0, -1.0, 0.998418, 0.0, 1.0, 0.0, 0.704938, 0.0, 0.0, 0.0, 1.0],
                [1.0, 0.0, 0.0, -5e-06, 0.0, 0.0, -1.0, 0.960917, 0.0, 1.0, 0.0, 0.712234, 0.0, 0.0, 0.0, 1.0],
                [1.0, 0.0, 0.0, -5e-06, 0.0, 0.0, -1.0, 0.924647, 0.0, 1.0, 0.0, 0.71929, 0.0, 0.0, 0.0, 1.0],
                [1.0, 0.0, 0.0, -5e-06, 0.0, 0.0, -1.0, 0.889916, 0.0, 1.0, 0.0, 0.726046, 0.0, 0.0, 0.0, 1.0],
                [1.0, 0.0, 0.0, -5e-06, 0.0, 0.0, -1.0, 0.857032, 0.0, 1.0, 0.0, 0.732444, 0.0, 0.0, 0.0, 1.0],
                [1.0, 0.0, 0.0, -5e-06, 0.0, 0.0, -1.0, 0.826303, 0.0, 1.0, 0.0, 0.738422, 0.0, 0.0, 0.0, 1.0],
                [1.0, 0.0, 0.0, -5e-06, 0.0, 0.0, -1.0, 0.798036, 0.0, 1.0, 0.0, 0.743921, 0.0, 0.0, 0.0, 1.0],
                [1.0, 0.0, 0.0, -5e-06, 0.0, 0.0, -1.0, 0.77254, 0.0, 1.0, 0.0, 0.748881, 0.0, 0.0, 0.0, 1.0],
                [1.0, 0.0, 0.0, -5e-06, 0.0, 0.0, -1.0, 0.750121, 0.0, 1.0, 0.0, 0.753243, 0.0, 0.0, 0.0, 1.0],
                [1.0, 0.0, 0.0, -5e-06, 0.0, 0.0, -1.0, 0.731089, 0.0, 1.0, 0.0, 0.756945, 0.0, 0.0, 0.0, 1.0],
                [1.0, 0.0, 0.0, -5e-06, 0.0, 0.0, -1.0, 0.71575, 0.0, 1.0, 0.0, 0.75993, 0.0, 0.0, 0.0, 1.0],
                [1.0, 0.0, 0.0, -5e-06, 0.0, 0.0, -1.0, 0.704412, 0.0, 1.0, 0.0, 0.762135, 0.0, 0.0, 0.0, 1.0],
                [1.0, 0.0, 0.0, -5e-06, 0.0, 0.0, -1.0, 0.697384, 0.0, 1.0, 0.0, 0.763502, 0.0, 0.0, 0.0, 1.0],
                [1.0, 0.0, 0.0, -5e-06, 0.0, 0.0, -1.0, 0.694973, 0.0, 1.0, 0.0, 0.763972, 0.0, 0.0, 0.0, 1.0]
            ]
        },
        {
            "name": "Thigh_R",
            "time": [0.0, 0.0167, 0.0333, 0.05, 0.0667, 0.0833, 0.1, 0.1167, 0.1333, 0.15, 0.1667, 0.1833, 0.2, 0.2167, 0.2333, 0.25, 0.2667, 0.2833, 0.3, 0.3167, 0.3333, 0.35, 0.3667, 0.3833, 0.4, 0.4167, 0.4333, 0.45, 0.4667, 0.4833, 0.5, 0.5167, 0.5333, 0.55, 0.5667, 0.5833, 0.6, 0.6167, 0.6333, 0.65, 0.6667, 0.6833, 0.7, 0.7167, 0.7333, 0.75, 0.7667, 0.7833, 0.8, 0.8167, 0.8333, 0.85, 0.8667, 0.8833, 0.9, 0.9167, 0.9333, 0.95, 0.9667, 0.9833, 1.0, 1.0167, 1.0333, 1.05, 1.0667, 1.0833, 1.1, 1.1167, 1.1333, 1.15, 1.1667, 1.1833, 1.2, 1.2167, 1.2333, 1.25, 1.2667, 1.2833, 1.3, 1.3167, 1.3333, 1.35, 1.3667, 1.3833, 1.4, 1.4167, 1.4333, 1.45, 1.4667, 1.4833, 1.5, 1.5167, 1.5333, 1.55, 1.5667, 1.5833, 1.6, 1.6167, 1.6333, 1.65, 1.6667, 1.6833, 1.7, 1.7167, 1.7333],
            "transform": [
                [0.996195, 0.087155, -0.0, 0.124994, 0.084185, -0.96225, 0.258819, -0.005666, 0.022557, -0.257834, -0.965926, 0.032399, 0.0, 0.0, 0.0, 1.0],
                [0.996195, 0.087155, -5.4e-05, 0.124994, 0.084185, -0.962088, 0.259421, -0.005666, 0.022558, -0.258438, -0.965764, 0.032399, 0.0, 0.0, 0.0, 1.0],
                [0.996195, 0.087154, -0.000215, 0.124994, 0.084185, -0.961608, 0.261195, -0.005666, 0.022558, -0.26022, -0.965286, 0.032399, 0.0, 0.0, 0.0, 1.0],
                [0.996195, 0.087152, -0.000477, 0.124994, 0.084183, -0.960814, 0.264099, -0.005666, 0.022558, -0.263134, -0.964495, 0.032399, 0.0, 0.0, 0.0, 1.0],
                [0.996195, 0.087148, -0.000838, 0.124994, 0.084182, -0.95971, 0.268086, -0.005666, 0.022559, -0.267136, -0.963395, 0.032399, 0.0, 0.0, 0.0, 1.0],
                [0.996195, 0.087141, -0.001294, 0.124994, 0.08418, -0.958292, 0.27311, -0.005666, 0.022559, -0.27218, -0.961982, 0.032399, 0.0, 0.0, 0.0, 1.0],
                [0.996195, 0.087129, -0.00184, 0.124994, 0.084178, -0.956557, 0.279126, -0.005666, 0.02256, -0.278219, -0.960253, 0.032399, 0.0, 0.0, 0.0, 1.0],
                [0.996196, 0.087111, -0.002473, 0.124994, 0.084175, -0.954499, 0.286087, -0.005666, 0.022561, -0.285206, -0.958201, 0.032399, 0.0, 0.0, 0.0, 1.0],
                [0.996196, 0.087085, -0.00319, 0.124994, 0.084173, -0.952109, 0.293944, -0.005666, 0.022561, -0.293094, -0.955817, 0.032399, 0.0, 0.0, 0.0, 1.0],
                [0.996196, 0.08705, -0.003985, 0.124994, 0.08417, -0.949378, 0.30265, -0.005666, 0.022562, -0.301834, -0.953093, 0.032399, 0.0, 0.0, 0.0, 1.0],
                [0.996196, 0.087003, -0.004856, 0.124994, 0.084166, -0.946295, 0.312156, -0.005666, 0.022563, -0.311377, -0.950019, 0.032399, 0.0, 0.0, 0.0, 1.0],
                [0.996197, 0.086942, -0.005798, 0.124994, 0.084163, -0.942851, 0.322411, -0.005666, 0.022564, -0.321673, -0.946582, 0.032399, 0.0, 0.0, 0.0, 1.0],
                [0.996197, 0.086865, -0.006808, 0.124994, 0.084159, -0.939034, 0.333366, -0.005666, 0.022565, -0.332671, -0.942773, 0.032399, 0.0, 0.0, 0.0, 1.0],
                [0.996197, 0.086771, -0.007881, 0.124994, 0.084155, -0.934834, 0.344968, -0.005666, 0.022566, -0.344319, -0.938581, 0.032399, 0.0, 0.0, 0.0, 1.0],
                [0.996197, 0.086657, -0.009013, 0.124994, 0.084152, -0.930242, 0.357166, -0.005666, 0.022567, -0.356566, -0.933997, 0.032399, 0.0, 0.0, 0.0, 1.0],
                [0.996198, 0.086522, -0.0102, 0.124994, 0.084148, -0.92525, 0.369906, -0.005666, 0.022567, -0.369358, -0.929013, 0.032399, 0.0, 0.0, 0.0, 1.0],
                [0.996198, 0.086363, -0.011438, 0.124994, 0.084144, -0.919851, 0.383136, -0.005666, 0.022568, -0.382642, -0.923621, 0.032399, 0.0, 0.0, 0.0, 1.0],
                [0.996198, 0.08618, -0.012721, 0.124994, 0.084139, -0.91404, 0.396801, -0.005666, 0.022569, -0.396363, -0.917816, 0.032399, 0.0, 0.0, 0.0, 1.0],
                [0.996199, 0.08597, -0.014046, 0.124994, 0.084135, -0.907814, 0.410847, -0.005666, 0.022569, -0.410467, -0.911596, 0.032399, 0.0, 0.0, 0.0, 1.0],
                [0.996199, 0.085733, -0.015408, 0.124994, 0.084131, -0.901172, 0.425219, -0.005666, 0.02257, -0.424899, -0.904959, 0.032399, 0.0, 0.0, 0.0, 1.0],
                [0.996199, 0.085467, -0.016802, 0.124994, 0.084128, -0.894116, 0.439862, -0.005666, 0.02257, -0.439604, -0.897908, 0.032399, 0.0, 0.0, 0.0, 1.0],
                [0.9962, 0.085171, -0.018224, 0.124994, 0.084124, -0.886652, 0.454721, -0.005666, 0.022571, -0.454526, -0.890447, 0.032399, 0.0, 0.0, 0.0, 1.0],
                [0.9962, 0.084846, -0.019669, 0.124994, 0.08412, -0.878786, 0.469743, -0.005666, 0.022571, -0.469613, -0.882584, 0.032399, 0.0, 0.0, 0.0, 1.0],
                [0.9962, 0.08449, -0.021132, 0.124994, 0.084117, -0.87053, 0.484873, -0.005666, 0.022571, -0.484809, -0.874329, 0.032399, 0.0, 0.0, 0.0, 1.0],
                [0.996201, 0.084103, -0.022608, 0.124994, 0.084113, -0.861897, 0.500059, -0.005666, 0.022571, -0.500061, -0.865696, 0.032399, 0.0, 0.0, 0.0, 1.0],
                [0.996201, 0.083687, -0.024093, 0.124994, 0.08411, -0.852904, 0.515248, -0.005666, 0.022571, -0.515317, -0.856703, 0.032399, 0.0, 0.0, 0.0, 1.0],
                [0.996201, 0.083241, -0.025582, 0.124994, 0.084108, -0.843571, 0.530389, -0.005666, 0.02257, -0.530526, -0.847368, 0.032399, 0.0, 0.0, 0.0, 1.0],
                [0.996201, 0.082767, -0.027069, 0.124994, 0.084105, -0.833923, 0.545434, -0.005666, 0.02257, -0.545639, -0.837716, 0.032399, 0.0, 0.0, 0.0, 1.0],
                [0.996201, 0.082265, -0.028552, 0.124994, 0.084103, -0.823985, 0.560335, -0.005666, 0.02257, -0.560608, -0.827774, 0.032399, 0.0, 0.0, 0.0, 1.0],
                [0.996202, 0.081737, -0.030024, 0.124994, 0.084102, -0.813787, 0.575046, -0.005666, 0.022569, -0.575387, -0.81757, 0.032399, 0.0, 0.0, 0.0, 1.0],
                [0.996202, 0.081185, -0.031483, 0.124994, 0.0841, -0.803361, 0.589523, -0.005666, 0.022569, -0.589932, -0.807138, 0.032399, 0.0, 0.0, 0.0, 1.0],
                [0.996202, 0.080611, -0.032923, 0.124994, 0.0841, -0.792743, 0.603726, -0.005666, 0.022568, -0.604202, -0.796512, 0.032399, 0.0, 0.0, 0.0, 1.0],
                [0.996202, 0.080017, -0.03434, 0.124994, 0.084099, -0.781971, 0.617615, -0.005666, 0.022567, -0.618158, -0.78573, 0.032399, 0.0, 0.0, 0.0, 1.0],
                [0.996202, 0.079406, -0.03573, 0.124994, 0.084099, -0.771084, 0.631155, -0.005666, 0.022566, -0.631762, -0.774834, 0.032399, 0.0, 0.0, 0.0, 1.0],
                [0.996202, 0.07878, -0.037091, 0.124994, 0.0841, -0.760125, 0.644311, -0.005666, 0.022566, -0.644983, -0.763864, 0.032399, 0.0, 0.0, 0.0, 1.0],
                [0.996202, 0.078143, -0.038417, 0.124994, 0.084102, -0.749138, 0.657053, -0.005666, 0.022565, -0.657788, -0.752865, 0.032399, 0.0, 0.0, 0.0, 1.0],
                [0.996202, 0.077498, -0.039706, 0.124994, 0.084104, -0.73817, 0.669352, -0.005666, 0.022564, -0.670149, -0.741884, 0.032399, 0.0, 0.0, 0.0, 1.0],
                [0.996201, 0.076848, -0.040954, 0.124994, 0.084106, -0.727266, 0.681182, -0.005666, 0.022563, -0.682039, -0.730967, 0.032399, 0.0, 0.0, 0.0, 1.0],
                [0.996201, 0.076197, -0.042159, 0.124994, 0.084109, -0.716477, 0.692522, -0.005666, 0.022562, -0.693437, -0.720164, 0.032399, 0.0, 0.0, 0.0, 1.0],
                [0.996201, 0.075549, -0.043318, 0.124994, 0.084113, -0.70585, 0.703349, -0.005666, 0.022561, -0.704321, -0.709523, 0.032399, 0.0, 0.0, 0.0, 1.0],
                [0.9962, 0.074907, -0.044427, 0.124994, 0.084118, -0.695437, 0.713646, -0.005666, 0.022561, -0.714672, -0.699096, 0.032399, 0.0, 0.0, 0.0, 1.0],
                [0.9962, 0.074275, -0.045485, 0.124994, 0.084124, -0.685287, 0.723398, -0.005666, 0.02256, -0.724475, -0.688932, 0.032399, 0.0, 0.0, 0.0, 1.0],
                [0.996199, 0.073658, -0.04649, 0.124994, 0.08413, -0.675453, 0.732588, -0.005666, 0.022559, -0.733715, -0.679082, 0.032399, 0.0, 0.0, 0.0, 1.0],
                [0.996199, 0.073059, -0.047438, 0.124994, 0.084137, -0.665983, 0.741206, -0.005666, 0.022559, -0.74238, -0.669599, 0.032399, 0.0, 0.0, 0.0, 1.0],
                [0.996198, 0.072482, -0.048328, 0.124994, 0.084145, -0.656931, 0.749241, -0.005666, 0.022558, -0.750459, -0.660532, 0.032399, 0.0, 0.0, 0.0, 1.0],
                [0.996197, 0.071932, -0.049158, 0.124994, 0.084154, -0.648345, 0.756682, -0.005666, 0.022558, -0.757941, -0.651933, 0.032399, 0.0, 0.0, 0.0, 1.0],
                [0.996197, 0.071412, -0.049927, 0.124994, 0.084163, -0.640275, 0.76352, -0.005666, 0.022558, -0.764819, -0.643851, 0.032399, 0.0, 0.0, 0.0, 1.0],
                [0.996196, 0.070926, -0.050631, 0.124994, 0.084174, -0.632773, 0.769748, -0.005666, 0.022557, -0.771082, -0.636336, 0.032399, 0.0, 0.0, 0.0, 1.0],
                [0.996195, 0.07048, -0.051271, 0.124994, 0.084185, -0.625885, 0.775358, -0.005666, 0.022557, -0.776724, -0.629437, 0.032399, 0.0, 0.0, 0.0, 1.0],
                [0.996194, 0.070068, -0.05185, 0.124994, 0.084197, -0.619567, 0.780415, -0.005666, 0.022557, -0.78181, -0.623108, 0.032399, 0.0, 0.0, 0.0, 1.0],
                [0.996193, 0.069685, -0.052378, 0.124994, 0.084206, -0.613729, 0.785013, -0.005666, 0.022558, -0.786435, -0.617261, 0.032399, 0.0, 0.0, 0.0, 1.0],
                [0.996192, 0.069331, -0.052858, 0.124994, 0.084213, -0.608359, 0.789181, -0.005666, 0.022558, -0.790628, -0.611881, 0.032399, 0.0, 0.0, 0.0, 1.0],
                [0.996192, 0.069004, -0.053293, 0.124994, 0.084219, -0.603442, 0.792947, -0.005666, 0.022558, -0.794415, -0.606956, 0.032399, 0.0, 0.0, 0.0, 1.0],
                [0.996192, 0.068706, -0.053684, 0.124994, 0.084223, -0.598962, 0.796336, -0.005666, 0.022558, -0.797825, -0.602467, 0.032399, 0.0, 0.0, 0.0, 1.0],
                [0.996191, 0.068433, -0.054035, 0.124994, 0.084226, -0.594902, 0.799373, -0.005666, 0.022558, -0.80088, -0.5984, 0.032399, 0.0, 0.0, 0.0, 1.0],
                [0.996191, 0.068187, -0.054349, 0.124994, 0.084228, -0.591243, 0.802083, -0.005666, 0.022558, -0.803606, -0.594735, 0.032399, 0.0, 0.0, 0.0, 1.0],
                [0.996191, 0.067965, -0.054626, 0.124994, 0.084228, -0.587968, 0.804486, -0.005666, 0.022558, -0.806023, -0.591453, 0.032399, 0.0, 0.0, 0.0, 1.0],
                [0.996191, 0.067767, -0.054871, 0.124994, 0.084228, -0.585057, 0.806606, -0.005666, 0.022559, -0.808155, -0.588537, 0.032399, 0.0, 0.0, 0.0, 1.0],
                [0.996191, 0.067592, -0.055085, 0.124994, 0.084227, -0.582491, 0.808461, -0.005666, 0.022559, -0.810022, -0.585965, 0.032399, 0.0, 0.0, 0.0, 1.0],
                [0.996191, 0.067437, -0.055271, 0.124994, 0.084224, -0.580248, 0.810073, -0.005666, 0.022559, -0.811643, -0.583718, 0.032399, 0.0, 0.0, 0.0, 1.0],
                [0.996192, 0.067303, -0.05543, 0.124994, 0.084222, -0.578309, 0.811459, -0.005666, 0.022559, -0.813037, -0.581775, 0.032399, 0.0, 0.0, 0.0, 1.0],
                [0.996192, 0.067188, -0.055564, 0.124994, 0.084218, -0.576652, 0.812638, -0.005666, 0.022558, -0.814223, -0.580114, 0.032399, 0.0, 0.0, 0.0, 1.0],
                [0.996192, 0.06709, -0.055677, 0.124994, 0.084215, -0.575255, 0.813627, -0.005666, 0.022558, -0.815218, -0.578715, 0.032399, 0.0, 0.0, 0.0, 1.0],
                [0.996193, 0.067009, -0.055769, 0.124994, 0.084211, -0.574097, 0.814445, -0.005666, 0.022558, -0.816041, -0.577554, 0.032399, 0.0, 0.0, 0.0, 1.0],
                [0.996193, 0.066942, -0.055843, 0.124994, 0.084207, -0.573156, 0.815108, -0.005666, 0.022558, -0.816707, -0.576611, 0.032399, 0.0, 0.0, 0.0, 1.0],
                [0.996193, 0.066888, -0.055901, 0.124994, 0.084203, -0.57241, 0.815632, -0.005666, 0.022558, -0.817235, -0.575864, 0.032399, 0.0, 0.0, 0.0, 1.0],
                [0.996194, 0.066847, -0.055945, 0.124994, 0.084199, -0.571837, 0.816035, -0.005666, 0.022558, -0.817639, -0.575289, 0.032399, 0.0, 0.0, 0.0, 1.0],
                [0.996194, 0.066816, -0.055977, 0.124994, 0.084195, -0.571414, 0.816332, -0.005666, 0.022558, -0.817938, -0.574864, 0.032399, 0.0, 0.0, 0.0, 1.0],
                [0.996194, 0.066793, -0.055998, 0.124994, 0.084192, -0.571118, 0.816539, -0.005666, 0.022558, -0.818146, -0.574568, 0.032399, 0.0, 0.0, 0.0, 1.0],
                [0.996194, 0.066779, -0.056012, 0.124994, 0.084189, -0.570928, 0.816672, -0.005666, 0.022558, -0.81828, -0.574377, 0.032399, 0.0, 0.0, 0.0, 1.0],
                [0.996195, 0.06677, -0.056019, 0.124994, 0.084187, -0.57082, 0.816748, -0.005666, 0.022557, -0.818356, -0.574269, 0.032399, 0.0, 0.0, 0.0, 1.0],
                [0.996195, 0.066766, -0.056022, 0.124994, 0.084186, -0.570771, 0.816782, -0.005666, 0.022557, -0.81839, -0.57422, 0.032399, 0.0, 0.0, 0.0, 1.0],
                [0.996195, 0.066765, -0.056022, 0.124994, 0.084185, -0.57076, 0.81679, -0.005666, 0.022557, -0.818398, -0.574209, 0.032399, 0.0, 0.0, 0.0, 1.0],
                [0.996195, 0.066875, -0.055891, 0.124994, 0.084185, -0.572362, 0.815668, -0.005666, 0.022557, -0.817269, -0.575814, 0.032399, 0.0, 0.0, 0.0, 1.0],
                [0.996195, 0.067193, -0.055507, 0.124994, 0.084185, -0.577022, 0.812378, -0.005666, 0.022557, -0.81396, -0.580483, 0.032399, 0.0, 0.0, 0.0, 1.0],
                [0.996195, 0.067704, -0.054884, 0.124994, 0.084185, -0.584509, 0.807008, -0.005666, 0.022557, -0.808558, -0.587985, 0.032399, 0.0, 0.0, 0.0, 1.0],
                [0.996195, 0.068386, -0.054031, 0.124994, 0.084185, -0.594577, 0.799619, -0.005666, 0.022557, -0.801125, -0.598072, 0.032399, 0.0, 0.0, 0.0, 1.0],
                [0.996195, 0.06922, -0.052959, 0.124994, 0.084185, -0.606967, 0.790255, -0.005666, 0.022557, -0.791707, -0.610485, 0.032399, 0.0, 0.0, 0.0, 1.0],
                [0.996195, 0.070183, -0.051676, 0.124994, 0.084185, -0.621409, 0.77895, -0.005666, 0.022557, -0.780336, -0.624953, 0.032399, 0.0, 0.0, 0.0, 1.0],
                [0.996195, 0.071252, -0.050191, 0.124994, 0.084185, -0.637623, 0.765734, -0.005666, 0.022557, -0.767046, -0.641196, 0.032399, 0.0, 0.0, 0.0, 1.0],
                [0.996195, 0.072404, -0.048514, 0.124994, 0.084185, -0.655322, 0.750643, -0.005666, 0.022557, -0.751871, -0.658924, 0.032399, 0.0, 0.0, 0.0, 1.0],
                [0.996195, 0.073616, -0.046656, 0.124994, 0.084185, -0.674212, 0.733724, -0.005666, 0.022557, -0.73486, -0.677844, 0.032399, 0.0, 0.0, 0.0, 1.0],
                [0.996195, 0.074862, -0.044628, 0.124994, 0.084185, -0.693998, 0.715038, -0.005666, 0.022557, -0.716074, -0.697659, 0.032399, 0.0, 0.0, 0.0, 1.0],
                [0.996195, 0.076122, -0.042445, 0.124994, 0.084185, -0.714386, 0.694669, -0.005666, 0.022557, -0.695599, -0.718076, 0.032399, 0.0, 0.0, 0.0, 1.0],
                [0.996195, 0.077372, -0.040121, 0.124994, 0.084185, -0.735087, 0.672725, -0.005666, 0.022557, -0.673543, -0.738804, 0.032399, 0.0, 0.0, 0.0, 1.0],
                [0.996195, 0.078592, -0.037675, 0.124994, 0.084185, -0.755823, 0.649341, -0.005666, 0.022557, -0.650042, -0.759564, 0.032399, 0.0, 0.0, 0.0, 1.0],
                [0.996195, 0.079763, -0.035126, 0.124994, 0.084185, -0.77633, 0.62468, -0.005666, 0.022557, -0.62526, -0.78009, 0.032399, 0.0, 0.0, 0.0, 1.0],
                [0.996195, 0.080871, -0.032496, 0.124994, 0.084185, -0.796361, 0.598933, -0.005666, 0.022557, -0.59939, -0.800139, 0.032399, 0.0, 0.0, 0.0, 1.0],
                [0.996195, 0.081899, -0.029809, 0.124994, 0.084185, -0.815698, 0.572319, -0.005666, 0.022557, -0.572651, -0.819489, 0.032399, 0.0, 0.0, 0.0, 1.0],
                [0.996195, 0.082838, -0.027089, 0.124994, 0.084185, -0.834145, 0.545082, -0.005666, 0.022557, -0.545288, -0.837945, 0.032399, 0.0, 0.0, 0.0, 1.0],
                [0.996195, 0.083681, -0.024363, 0.124994, 0.084185, -0.851541, 0.517485, -0.005666, 0.022557, -0.517567, -0.855345, 0.032399, 0.0, 0.0, 0.0, 1.0],
                [0.996195, 0.084422, -0.021657, 0.124994, 0.084185, -0.867754, 0.489812, -0.005666, 0.022557, -0.489772, -0.871559, 0.032399, 0.0, 0.0, 0.0, 1.0],
                [0.996195, 0.085059, -0.018999, 0.124994, 0.084185, -0.882688, 0.462357, -0.005666, 0.022557, -0.462198, -0.88649, 0.032399, 0.0, 0.0, 0.0, 1.0],
                [0.996195, 0.085595, -0.016416, 0.124994, 0.084185, -0.89628, 0.435425, -0.005666, 0.022557, -0.43515, -0.900075, 0.032399, 0.0, 0.0, 0.0, 1.0],
                [0.996195, 0.086034, -0.013933, 0.124994, 0.084185, -0.908497, 0.409323, -0.005666, 0.022557, -0.408939, -0.912283, 0.032399, 0.0, 0.0, 0.0, 1.0],
                [0.996195, 0.086383, -0.011579, 0.124994, 0.084185, -0.919337, 0.38436, -0.005666, 0.022557, -0.383872, -0.923111, 0.032399, 0.0, 0.0, 0.0, 1.0],
                [0.996195, 0.086649, -0.009377, 0.124994, 0.084185, -0.92882, 0.360841, -0.005666, 0.022557, -0.360257, -0.93258, 0.032399, 0.0, 0.0, 0.0, 1.0],
                [0.996195, 0.086845, -0.007352, 0.124994, 0.084185, -0.936989, 0.339064, -0.005666, 0.022557, -0.338392, -0.940735, 0.032399, 0.0, 0.0, 0.0, 1.0],
                [0.996195, 0.08698, -0.005527, 0.124994, 0.084185, -0.9439, 0.319321, -0.005666, 0.022557, -0.318571, -0.947631, 0.032399, 0.0, 0.0, 0.0, 1.0],
                [0.996195, 0.087067, -0.003925, 0.124994, 0.084185, -0.949617, 0.301894, -0.005666, 0.022557, -0.301076, -0.953333, 0.032399, 0.0, 0.0, 0.0, 1.0],
                [0.996195, 0.087117, -0.002568, 0.124994, 0.084185, -0.954207, 0.287057, -0.005666, 0.022557, -0.286181, -0.95791, 0.032399, 0.0, 0.0, 0.0, 1.0],
                [0.996195, 0.087143, -0.001476, 0.124994, 0.084185, -0.957729, 0.275076, -0.005666, 0.022557, -0.274153, -0.961421, 0.032399, 0.0, 0.0, 0.0, 1.0],
                [0.996195, 0.087153, -0.00067, 0.124994, 0.084185, -0.960232, 0.266209, -0.005666, 0.022557, -0.265252, -0.963915, 0.032399, 0.0, 0.0, 0.0, 1.0],
                [0.996195, 0.087155, -0.000171, 0.124994, 0.084185, -0.96174, 0.260707, -0.005666, 0.022557, -0.25973, -0.965418, 0.032399, 0.0, 0.0, 0.0, 1.0],
                [0.996195, 0.087155, -0.0, 0.124994, 0.084185, -0.96225, 0.258819, -0.005666, 0.022557, -0.257834, -0.965926, 0.032399, 0.0, 0.0, 0.0, 1.0]
            ]
        },
        {
            "name": "Leg_R",
            "time": [0.0, 0.0167, 0.0333, 0.05, 0.0667, 0.0833, 0.1, 0.1167, 0.1333, 0.15, 0.1667, 0.1833, 0.2, 0.2167, 0.2333, 0.25, 0.2667, 0.2833, 0.3, 0.3167, 0.3333, 0.35, 0.3667, 0.3833, 0.4, 0.4167, 0.4333, 0.45, 0.4667, 0.4833, 0.5, 0.5167, 0.5333, 0.55, 0.5667, 0.5833, 0.6, 0.6167, 0.6333, 0.65, 0.6667, 0.6833, 0.7, 0.7167, 0.7333, 0.75, 0.7667, 0.7833, 0.8, 0.8167, 0.8333, 0.85, 0.8667, 0.8833, 0.9, 0.9167, 0.9333, 0.95, 0.9667, 0.9833, 1.0, 1.0167, 1.0333, 1.05, 1.0667, 1.0833, 1.1, 1.1167, 1.1333, 1.15, 1.1667, 1.1833, 1.2, 1.2167, 1.2333, 1.25, 1.2667, 1.2833, 1.3, 1.3167, 1.3333, 1.35, 1.3667, 1.3833, 1.4, 1.4167, 1.4333, 1.45, 1.4667, 1.4833, 1.5, 1.5167, 1.5333, 1.55, 1.5667, 1.5833, 1.6, 1.6167, 1.6333, 1.65, 1.6667, 1.6833, 1.7, 1.7167, 1.7333],
            "transform": [
                [0.933031, -0.16694, 0.318723, -0.0, -0.049991, 0.817101, 0.574323, 0.37472, -0.356306, -0.551794, 0.754035, 0.0, 0.0, 0.0, 0.0, 1.0],
                [0.933031, -0.16704, 0.31867, 0.0, -0.049991, 0.816921, 0.574579, 0.37472, -0.356306, -0.552031, 0.753862, -0.0, 0.0, 0.0, 0.0, 1.0],
                [0.933031, -0.167334, 0.318515, -0.0, -0.049991, 0.816389, 0.575335, 0.37472, -0.356305, -0.552728, 0.753351, 0.0, 0.0, 0.0, 0.0, 1.0],
                [0.933032, -0.167816, 0.31826, 0.0, -0.049991, 0.815516, 0.576571, 0.37472, -0.356304, -0.553869, 0.752513, 0.0, 0.0, 0.0, 0.0, 1.0],
                [0.933032, -0.168478, 0.317909, -0.0, -0.04999, 0.814315, 0.578267, 0.37472, -0.356303, -0.555434, 0.751359, 0.0, 0.0, 0.0, 0.0, 1.0],
                [0.933033, -0.169311, 0.317464, -0.0, -0.04999, 0.812793, 0.580403, 0.37472, -0.356302, -0.557405, 0.749899, -0.0, 0.0, 0.0, 0.0, 1.0],
