{
    "armature": {
        "joints": ["Root", "Thigh_R", "Leg_R", "Knee_R", "Thigh_L", "Leg_L", "Knee_L", "Torso", "Chest", "Head", "Shoulder_R", "Arm_R", "Hand_R", "Tool_R", "Elbow_R", "Shoulder_L", "Arm_L", "Hand_L", "Tool_L", "Elbow_L"],
        "hierarchy": [
            {
                "name": "Root",
                "transform": [1.0, 0.0, 0.0, -5e-06, 0.0, 0.0, -1.0, 0.000946, 0.0, 1.0, 0.0, 0.763972, 0.0, 0.0, 0.0, 1.0],
                "children": [
                    {
                        "name": "Thigh_R",
                        "transform": [1.0, -0.0, -0.0, 0.124994, -0.0, -1.0, 0.0, -0.002831, -0.0, -0.0, -1.0, -1.2e-05, 0.0, 0.0, 0.0, 1.0],
                        "children": [
                            {
                                "name": "Leg_R",
                                "transform": [1.0, 0.0, 1e-06, 0.0, -0.0, 1.0, 0.0, 0.37472, -1e-06, -0.0, 1.0, -0.0, 0.0, 0.0, 0.0, 1.0],
                                "children": []
                            },
                            {
                                "name": "Knee_R",
                                "transform": [1.0, 0.0, -0.0, 0.0, -0.0, 0.0, -1.0, 0.37472, -0.0, 1.0, 0.0, -0.0, 0.0, 0.0, 0.0, 1.0],
                                "children": []
                            }
                        ]
                    },
                    {
                        "name": "Thigh_L",
                        "transform": [1.0, -0.0, -0.0, -0.125006, -0.0, -1.0, 0.0, -0.002831, -0.0, -0.0, -1.0, -1.2e-05, 0.0, 0.0, 0.0, 1.0],
                        "children": [
                            {
                                "name": "Leg_L",
                                "transform": [1.0, 0.0, 1e-06, -0.0, -0.0, 1.0, 0.0, 0.37472, -1e-06, -0.0, 1.0, 0.0, 0.0, 0.0, 0.0, 1.0],
                                "children": []
                            },
                            {
                                "name": "Knee_L",
                                "transform": [1.0, 0.0, -0.0, -0.0, -0.0, 0.0, -1.0, 0.37472, -0.0, 1.0, 0.0, 0.0, 0.0, 0.0, 0.0, 1.0],
                                "children": []
                            }
                        ]
                    },
                    {
                        "name": "Torso",
                        "transform": [1.0, 0.0, 0.0, 0.0, 0.0, 1.0, 0.0, 0.05, 0.0, 0.0, 1.0, 0.0, 0.0, 0.0, 0.0, 1.0],
                        "children": [
                            {
                                "name": "Chest",
                                "transform": [1.0, 0.0, 0.0, 0.0, 0.0, 1.0, 0.0, 0.3, 0.0, 0.0, 1.0, 0.0, 0.0, 0.0, 0.0, 1.0],
                                "children": [
                                    {
                                        "name": "Head",
                                        "transform": [1.0, 0.0, 0.0, 0.0, 0.0, 1.0, 0.0, 0.4, 0.0, 0.0, 1.0, 0.0, 0.0, 0.0, 0.0, 1.0],
                                        "children": []
                                    },
                                    {
                                        "name": "Shoulder_R",
                                        "transform": [0.0, 0.952114, 0.305743, 0.0, 0.0, -0.305743, 0.952114, 0.4, 1.0, 0.0, -0.0, 0.0, 0.0, 0.0, 0.0, 1.0],
                                        "children": [
                                            {
                                                "name": "Arm_R",
                                                "transform": [0.0, -0.0, -1.0, -0.0, 0.952114, 0.305743, 0.0, 0.39386, 0.305743, -0.952114, 0.0, 0.0, 0.0, 0.0, 0.0, 1.0],
                                                "children": [
                                                    {
                                                        "name": "Hand_R",
                                                        "transform": [1.0, 0.0, 0.0, 0.0, -0.0, 0.993938, 0.109947, 0.3, -0.0, -0.109947, 0.993937, 0.0, 0.0, 0.0, 0.0, 1.0],
                                                        "children": [
                                                            {
                                                                "name": "Tool_R",
                                                                "transform": [1.0, 0.0, 0.0, -0.0, 0.0, -0.999836, 0.018122, 0.272858, 0.0, -0.018122, -0.999836, 0.0, 0.0, 0.0, 0.0, 1.0],
                                                                "children": []
                                                            }
                                                        ]
                                                    },
                                                    {
                                                        "name": "Elbow_R",
                                                        "transform": [-1.0, 0.0, -0.0, 0.0, 0.0, 0.0, -1.0, 0.3, -0.0, -1.0, -0.0, 0.0, 0.0, 0.0, 0.0, 1.0],
                                                        "children": []
                                                    }
                                                ]
                                            }
                                        ]
                                    },
                                    {
                                        "name": "Shoulder_L",
                                        "transform": [-0.0, -0.952114, -0.305743, 0.0, 0.0, -0.305743, 0.952114, 0.4, -1.0, 0.0, 0.0, 0.0, 0.0, 0.0, 0.0, 1.0],
                                        "children": [
                                            {
                                                "name": "Arm_L",
                                                "transform": [-0.0, -0.0, 1.0, -0.0, -0.952114, 0.305743, -0.0, 0.39386, -0.305743, -0.952114, -0.0, 0.0, 0.0, 0.0, 0.0, 1.0],
                                                "children": [
                                                    {
                                                        "name": "Hand_L",
                                                        "transform": [1.0, -0.0, 0.0, -0.0, 0.0, 0.993937, 0.109947, 0.3, -0.0, -0.109947, 0.993937, 0.0, 0.0, 0.0, 0.0, 1.0],
                                                        "children": [
                                                            {
                                                                "name": "Tool_L",
                                                                "transform": [1.0, 0.0, 0.0, -0.0, -0.0, -0.999836, 0.018122, 0.272858, 0.0, -0.018122, -0.999836, -0.0, 0.0, 0.0, 0.0, 1.0],
                                                                "children": []
                                                            }
                                                        ]
                                                    },
                                                    {
                                                        "name": "Elbow_L",
                                                        "transform": [-1.0, 0.0, -0.0, -0.0, 0.0, -0.0, -1.0, 0.3, -0.0, -1.0, 0.0, 0.0, 0.0, 0.0, 0.0, 1.0],
                                                        "children": []
                                                    }
                                                ]
                                            }
                                        ]
                                    }
                                ]
                            }
                        ]
                    }
                ]
            }
        ]
    },
    "animation": [
        {
            "name": "Root",
            "time": [0.0, 0.0167, 0.0333, 0.05, 0.0667, 0.0833, 0.1, 0.1167, 0.1333, 0.15, 0.1667, 0.1833, 0.2, 0.2167, 0.2333, 0.25, 0.2667, 0.2833, 0.3, 0.3167, 0.3333, 0.35, 0.3667, 0.3833, 0.4, 0.4167, 0.4333, 0.45, 0.4667, 0.4833, 0.5, 0.5167, 0.5333, 0.55, 0.5667, 0.5833, 0.6, 0.6167, 0.6333, 0.65, 0.6667, 0.6833, 0.7, 0.7167, 0.7333, 0.75, 0.7667, 0.7833, 0.8, 0.8167, 0.8333, 0.85, 0.8667, 0.8833, 0.9, 0.9167, 0.9333, 0.95, 0.9667, 0.9833, 1.0, 1.0167, 1.0333, 1.05, 1.0667, 1.0833, 1.1, 1.1167, 1.1333, 1.15, 1.1667, 1.1833, 1.2, 1.2167, 1.2333, 1.25, 1.2667, 1.2833, 1.3, 6.05],
            "transform": [
                [0.707107, 0.0, -0.707107, -5e-06, -0.707107, 0.0, -0.707107, 0.000946, 0.0, 1.0, 0.0, 0.763972, 0.0, 0.0, 0.0, 1.0],
                [0.707107, 0.0, -0.707107, -5e-06, -0.707107, 0.0, -0.707107, 0.000946, 0.0, 1.0, 0.0, 0.763972, 0.0, 0.0, 0.0, 1.0],
                [0.707107, 0.0, -0.707107, -5e-06, -0.707107, 0.0, -0.707107, 0.000946, 0.0, 1.0, 0.0, 0.763972, 0.0, 0.0, 0.0, 1.0],
                [0.707107, 0.0, -0.707107, -5e-06, -0.707107, 0.0, -0.707107, 0.000946, 0.0, 1.0, 0.0, 0.763972, 0.0, 0.0, 0.0, 1.0],
                [0.707107, 0.0, -0.707107, -5e-06, -0.707107, 0.0, -0.707107, 0.000946, 0.0, 1.0, 0.0, 0.763972, 0.0, 0.0, 0.0, 1.0],
                [0.707107, 0.0, -0.707107, -5e-06, -0.707107, 0.0, -0.707107, 0.009681, 0.0, 1.0, 0.0, 0.763972, 0.0, 0.0, 0.0, 1.0],
                [0.707107, 0.0, -0.707107, -5e-06, -0.707107, 0.0, -0.707107, 0.034138, 0.0, 1.0, 0.0, 0.763972, 0.0, 0.0, 0.0, 1.0],
                [0.707107, 0.0, -0.707107, -5e-06, -0.707107, 0.0, -0.707107, 0.071697, 0.0, 1.0, 0.0, 0.763972, 0.0, 0.0, 0.0, 1.0],
                [0.707107, 0.0, -0.707107, -5e-06, -0.707107, 0.0, -0.707107, 0.119738, 0.0, 1.0, 0.0, 0.763972, 0.0, 0.0, 0.0, 1.0],
                [0.707107, 0.0, -0.707107, -5e-06, -0.707107, 0.0, -0.707107, 0.175639, 0.0, 1.0, 0.0, 0.763972, 0.0, 0.0, 0.0, 1.0],
                [0.707107, 0.0, -0.707107, -5e-06, -0.707107, 0.0, -0.707107, 0.236782, 0.0, 1.0, 0.0, 0.763972, 0.0, 0.0, 0.0, 1.0],
                [0.707107, 0.0, -0.707107, -5e-06, -0.707107, 0.0, -0.707107, 0.300545, 0.0, 1.0, 0.0, 0.763972, 0.0, 0.0, 0.0, 1.0],
                [0.707107, 0.0, -0.707107, -5e-06, -0.707107, 0.0, -0.707107, 0.364308, 0.0, 1.0, 0.0, 0.763972, 0.0, 0.0, 0.0, 1.0],
                [0.707107, 0.0, -0.707107, -5e-06, -0.707107, 0.0, -0.707107, 0.425451, 0.0, 1.0, 0.0, 0.763972, 0.0, 0.0, 0.0, 1.0],
                [0.707107, 0.0, -0.707107, -5e-06, -0.707107, 0.0, -0.707107, 0.481352, 0.0, 1.0, 0.0, 0.763972, 0.0, 0.0, 0.0, 1.0],
                [0.707107, 0.0, -0.707107, -5e-06, -0.707107, 0.0, -0.707107, 0.529393, 0.0, 1.0, 0.0, 0.763972, 0.0, 0.0, 0.0, 1.0],
                [0.707107, 0.0, -0.707107, -5e-06, -0.707107, 0.0, -0.707107, 0.566952, 0.0, 1.0, 0.0, 0.763972, 0.0, 0.0, 0.0, 1.0],
                [0.707107, 0.0, -0.707107, -5e-06, -0.707107, 0.0, -0.707107, 0.591409, 0.0, 1.0, 0.0, 0.763972, 0.0, 0.0, 0.0, 1.0],
                [0.707107, 0.0, -0.707107, -5e-06, -0.707107, 0.0, -0.707107, 0.600143, 0.0, 1.0, 0.0, 0.763972, 0.0, 0.0, 0.0, 1.0],
                [0.707107, 0.0, -0.707107, -5e-06, -0.707107, 0.0, -0.707107, 0.600143, 0.0, 1.0, 0.0, 0.763972, 0.0, 0.0, 0.0, 1.0],
                [0.707107, 0.0, -0.707107, -5e-06, -0.707107, 0.0, -0.707107, 0.600143, 0.0, 1.0, 0.0, 0.763972, 0.0, 0.0, 0.0, 1.0],
                [0.707107, 0.0, -0.707107, -5e-06, -0.707107, 0.0, -0.707107, 0.600143, 0.0, 1.0, 0.0, 0.763972, 0.0, 0.0, 0.0, 1.0],
                [0.707107, 0.0, -0.707107, -5e-06, -0.707107, 0.0, -0.707107, 0.600143, 0.0, 1.0, 0.0, 0.763972, 0.0, 0.0, 0.0, 1.0],
                [0.707107, 0.0, -0.707107, -5e-06, -0.707107, 0.0, -0.707107, 0.600143, 0.0, 1.0, 0.0, 0.763972, 0.0, 0.0, 0.0, 1.0],
                [0.707107, 0.0, -0.707107, -5e-06, -0.707107, 0.0, -0.707107, 0.600143, 0.0, 1.0, 0.0, 0.763972, 0.0, 0.0, 0.0, 1.0],
                [0.707107, 0.0, -0.707107, -5e-06, -0.707107, 0.0, -0.707107, 0.600143, 0.0, 1.0, 0.0, 0.763972, 0.0, 0.0, 0.0, 1.0],
                [0.707107, 0.0, -0.707107, -5e-06, -0.707107, 0.0, -0.707107, 0.600143, 0.0, 1.0, 0.0, 0.763972, 0.0, 0.0, 0.0, 1.0],
                [0.707107, 0.0, -0.707107, -5e-06, -0.707107, 0.0, -0.707107, 0.600143, 0.0, 1.0, 0.0, 0.763972, 0.0, 0.0, 0.0, 1.0],
                [0.707107, 0.0, -0.707107, -5e-06, -0.707107, 0.0, -0.707107, 0.600143, 0.0, 1.0, 0.0, 0.763972, 0.0, 0.0, 0.0, 1.0],
                [0.707107, 0.0, -0.707107, -5e-06, -0.707107, 0.0, -0.707107, 0.600143, 0.0, 1.0, 0.0, 0.763972, 0.0, 0.0, 0.0, 1.0],
                [0.707107, 0.0, -0.707107, -5e-06, -0.707107, 0.0, -0.707107, 0.600143, 0.0, 1.0, 0.0, 0.763972, 0.0, 0.0, 0.0, 1.0],
                [0.707107, 0.0, -0.707107, -5e-06, -0.707107, 0.0, -0.707107, 0.600143, 0.0, 1.0, 0.0, 0.763972, 0.0, 0.0, 0.0, 1.0],
                [0.707107, 0.0, -0.707107, -5e-06, -0.707107, 0.0, -0.707107, 0.600143, 0.0, 1.0, 0.0, 0.763972, 0.0, 0.0, 0.0, 1.0],
                [0.707107, 0.0, -0.707107, -5e-06, -0.707107, 0.0, -0.707107, 0.600143, 0.0, 1.0, 0.0, 0.763972, 0.0, 0.0, 0.0, 1.0],
                [0.707107, 0.0, -0.707107, -5e-06, -0.707107, 0.0, -0.707107, 0.600143, 0.0, 1.0, 0.0, 0.763972, 0.0, 0.0, 0.0, 1.0],
                [0.707107, 0.0, -0.707107, -5e-06, -0.707107, 0.0, -0.707107, 0.600143, 0.0, 1.0, 0.0, 0.763972, 0.0, 0.0, 0.0, 1.0],
                [0.707107, 0.0, -0.707107, -5e-06, -0.707107, 0.0, -0.707107, 0.600143, 0.0, 1.0, 0.0, 0.763972, 0.0, 0.0, 0.0, 1.0],
                [0.707107, 0.0, -0.707107, -5e-06, -0.707107, 0.0, -0.707107, 0.600143, 0.0, 1.0, 0.0, 0.763972, 0.0, 0.0, 0.0, 1.0],
                [0.707107, 0.0, -0.707107, -5e-06, -0.707107, 0.0, -0.707107, 0.600143, 0.0, 1.0, 0.0, 0.763972, 0.0, 0.0, 0.0, 1.0],
                [0.707107, 0.0, -0.707107, -5e-06, -0.707107, 0.0, -0.707107, 0.600143, 0.0, 1.0, 0.0, 0.763972, 0.0, 0.0, 0.0, 1.0],
                [0.707107, 0.0, -0.707107, -5e-06, -0.707107, 0.0, -0.707107, 0.600143, 0.0, 1.0, 0.0, 0.763972, 0.0, 0.0, 0.0, 1.0],
                [0.707107, 0.0, -0.707107, -5e-06, -0.707107, 0.0, -0.707107, 0.600143, 0.0, 1.0, 0.0, 0.763972, 0.0, 0.0, 0.0, 1.0],
                [0.707107, 0.0, -0.707107, -5e-06, -0.707107, 0.0, -0.707107, 0.600143, 0.0, 1.0, 0.0, 0.763972, 0.0, 0.0, 0.0, 1.0],
                [0.707107, 0.0, -0.707107, -5e-06, -0.707107, 0.0, -0.707107, 0.600143, 0.0, 1.0, 0.0, 0.763972, 0.0, 0.0, 0.0, 1.0],
                [0.707107, 0.0, -0.707107, -5e-06, -0.707107, 0.0, -0.707107, 0.600143, 0.0, 1.0, 0.0, 0.763972, 0.0, 0.0, 0.0, 1.0],
                [0.707107, 0.0, -0.707107, -5e-06, -0.707107, 0.0, -0.707107, 0.600143, 0.0, 1.0, 0.0, 0.763972, 0.0, 0.0, 0.0, 1.0],
                [0.707107, 0.0, -0.707107, -5e-06, -0.707107, 0.0, -0.707107, 0.600143, 0.0, 1.0, 0.0, 0.763972, 0.0, 0.0, 0.0, 1.0],
                [0.707107, 0.0, -0.707107, -5e-06, -0.707107, 0.0, -0.707107, 0.600143, 0.0, 1.0, 0.0, 0.763972, 0.0, 0.0, 0.0, 1.0],
                [0.707107, 0.0, -0.707107, -5e-06, -0.707107, 0.0, -0.707107, 0.600143, 0.0, 1.0, 0.0, 0.763972, 0.0, 0.0, 0.0, 1.0],
                [0.707107, 0.0, -0.707107, -5e-06, -0.707107, 0.0, -0.707107, 0.600143, 0.0, 1.0, 0.0, 0.763972, 0.0, 0.0, 0.0, 1.0],
                [0.707107, 0.0, -0.707107, -5e-06, -0.707107, 0.0, -0.707107, 0.600143, 0.0, 1.0, 0.0, 0.763972, 0.0, 0.0, 0.0, 1.0],
                [0.707107, 0.0, -0.707107, -5e-06, -0.707107, 0.0, -0.707107, 0.600143, 0.0, 1.0, 0.0, 0.763972, 0.0, 0.0, 0.0, 1.0],
                [0.707107, 0.0, -0.707107, -5e-06, -0.707107, 0.0, -0.707107, 0.600143, 0.0, 1.0, 0.0, 0.763972, 0.0, 0.0, 0.0, 1.0],
                [0.707107, 0.0, -0.707107, -5e-06, -0.707107, 0.0, -0.707107, 0.600143, 0.0, 1.0, 0.0, 0.763972, 0.0, 0.0, 0.0, 1.0],
                [0.707107, 0.0, -0.707107, -5e-06, -0.707107, 0.0, -0.707107, 0.600143, 0.0, 1.0, 0.0, 0.763972, 0.0, 0.0, 0.0, 1.0],
                [0.707107, 0.0, -0.707107, -5e-06, -0.707107, 0.0, -0.707107, 0.600143, 0.0, 1.0, 0.0, 0.763972, 0.0, 0.0, 0.0, 1.0],
                [0.707107, 0.0, -0.707107, -5e-06, -0.707107, 0.0, -0.707107, 0.600143, 0.0, 1.0, 0.0, 0.763972, 0.0, 0.0, 0.0, 1.0],
                [0.707107, 0.0, -0.707107, -5e-06, -0.707107, 0.0, -0.707107, 0.600143, 0.0, 1.0, 0.0, 0.763972, 0.0, 0.0, 0.0, 1.0],
                [0.707107, 0.0, -0.707107, -5e-06, -0.707107, 0.0, -0.707107, 0.600143, 0.0, 1.0, 0.0, 0.763972, 0.0, 0.0, 0.0, 1.0],
                [0.707107, 0.0, -0.707107, -5e-06, -0.707107, 0.0, -0.707107, 0.600143, 0.0, 1.0, 0.0, 0.763972, 0.0, 0.0, 0.0, 1.0],
                [0.707107, 0.0, -0.707107, -5e-06, -0.707107, 0.0, -0.707107, 0.600143, 0.0, 1.0, 0.0, 0.763972, 0.0, 0.0, 0.0, 1.0],
                [0.707107, 0.0, -0.707107, -5e-06, -0.707107, 0.0, -0.707107, 0.600143, 0.0, 1.0, 0.0, 0.763972, 0.0, 0.0, 0.0, 1.0],
                [0.707107, 0.0, -0.707107, -5e-06, -0.707107, 0.0, -0.707107, 0.600143, 0.0, 1.0, 0.0, 0.763972, 0.0, 0.0, 0.0, 1.0],
                [0.707107, 0.0, -0.707107, -5e-06, -0.707107, 0.0, -0.707107, 0.600143, 0.0, 1.0, 0.0, 0.763972, 0.0, 0.0, 0.0, 1.0],
                [0.707107, 0.0, -0.707107, -5e-06, -0.707107, 0.0, -0.707107, 0.600143, 0.0, 1.0, 0.0, 0.763972, 0.0, 0.0, 0.0, 1.0],
                [0.707107, 0.0, -0.707107, -5e-06, -0.707107, 0.0, -0.707107, 0.600143, 0.0, 1.0, 0.0, 0.763972, 0.0, 0.0, 0.0, 1.0],
                [0.707107, 0.0, -0.707107, -5e-06, -0.707107, 0.0, -0.707107, 0.600143, 0.0, 1.0, 0.0, 0.763972, 0.0, 0.0, 0.0, 1.0],
                [0.707107, 0.0, -0.707107, -5e-06, -0.707107, 0.0, -0.707107, 0.600143, 0.0, 1.0, 0.0, 0.763972, 0.0, 0.0, 0.0, 1.0],
                [0.707107, 0.0, -0.707107, -5e-06, -0.707107, 0.0, -0.707107, 0.600143, 0.0, 1.0, 0.0, 0.763972, 0.0, 0.0, 0.0, 1.0],
                [0.707107, 0.0, -0.707107, -5e-06, -0.707107, 0.0, -0.707107, 0.600143, 0.0, 1.0, 0.0, 0.763972, 0.0, 0.0, 0.0, 1.0],
                [0.707107, 0.0, -0.707107, -5e-06, -0.707107, 0.0, -0.707107, 0.579595, 0.0, 1.0, 0.0, 0.763972, 0.0, 0.0, 0.0, 1.0],
                [0.707107, 0.0, -0.707107, -5e-06, -0.707107, 0.0, -0.707107, 0.524525, 0.0, 1.0, 0.0, 0.763972, 0.0, 0.0, 0.0, 1.0],
                [0.707107, 0.0, -0.707107, -5e-06, -0.707107, 0.0, -0.707107, 0.444796, 0.0, 1.0, 0.0, 0.763972, 0.0, 0.0, 0.0, 1.0],
                [0.707107, 0.0, -0.707107, -5e-06, -0.707107, 0.0, -0.707107, 0.350273, 0.0, 1.0, 0.0, 0.763972, 0.0, 0.0, 0.0, 1.0],
                [0.707107, 0.0, -0.707107, -5e-06, -0.707107, 0.0, -0.707107, 0.250817, 0.0, 1.0, 0.0, 0.763972, 0.0, 0.0, 0.0, 1.0],
                [0.707107, 0.0, -0.707107, -5e-06, -0.707107, 0.0, -0.707107, 0.156294, 0.0, 1.0, 0.0, 0.763972, 0.0, 0.0, 0.0, 1.0],
                [0.707107, 0.0, -0.707107, -5e-06, -0.707107, 0.0, -0.707107, 0.076565, 0.0, 1.0, 0.0, 0.763972, 0.0, 0.0, 0.0, 1.0],
                [0.707107, 0.0, -0.707107, -5e-06, -0.707107, 0.0, -0.707107, 0.021495, 0.0, 1.0, 0.0, 0.763972, 0.0, 0.0, 0.0, 1.0],
                [0.707107, 0.0, -0.707107, -5e-06, -0.707107, 0.0, -0.707107, 0.000946, 0.0, 1.0, 0.0, 0.763972, 0.0, 0.0, 0.0, 1.0],
                [0.707107, 0.0, -0.707107, -5e-06, -0.707107, 0.0, -0.707107, 0.000946, 0.0, 1.0, 0.0, 0.763972, 0.0, 0.0, 0.0, 1.0]
            ]
        },
        {
            "name": "Thigh_R",
            "time": [0.0, 0.0167, 0.0333, 0.05, 0.0667, 0.0833, 0.1, 0.1167, 0.1333, 0.15, 0.1667, 0.1833, 0.2, 0.2167, 0.2333, 0.25, 0.2667, 0.2833, 0.3, 0.3167, 0.3333, 0.35, 0.3667, 0.3833, 0.4, 0.4167, 0.4333, 0.45, 0.4667, 0.4833, 0.5, 0.5167, 0.5333, 0.55, 0.5667, 0.5833, 0.6, 0.6167, 0.6333, 0.65, 0.6667, 0.6833, 0.7, 0.7167, 0.7333, 0.75, 0.7667, 0.7833, 0.8, 0.8167, 0.8333, 0.85, 0.8667, 0.8833, 0.9, 0.9167, 0.9333, 0.95, 0.9667, 0.9833, 1.0, 1.0167, 1.0333, 1.05, 1.0667, 1.0833, 1.1, 1.1167, 1.1333, 1.15, 1.1667, 1.1833, 1.2, 1.2167, 1.2333, 1.25, 1.2667, 1.2833, 1.3, 1.3167, 6.05],
            "transform": [
                [0.988555, -0.114491, 0.098239, 0.125362, -0.139313, -0.942676, 0.303239, -0.004329, 0.057889, -0.313454, -0.947837, 0.029331, 0.0, 0.0, 0.0, 1.0],
                [0.988555, -0.114187, 0.098593, 0.125362, -0.139313, -0.941732, 0.306157, -0.004329, 0.057889, -0.316388, -0.946862, 0.029331, 0.0, 0.0, 0.0, 1.0],
                [0.988555, -0.113313, 0.099596, 0.125362, -0.139313, -0.938996, 0.31445, -0.004329, 0.057889, -0.324726, -0.944035, 0.029331, 0.0, 0.0, 0.0, 1.0],
                [0.988555, -0.111924, 0.101154, 0.125362, -0.139313, -0.934555, 0.327412, -0.004329, 0.057889, -0.337757, -0.939451, 0.029331, 0.0, 0.0, 0.0, 1.0],
                [0.988555, -0.110069, 0.103169, 0.125362, -0.139313, -0.928458, 0.344322, -0.004329, 0.057889, -0.354754, -0.933166, 0.029331, 0.0, 0.0, 0.0, 1.0],
                [0.988555, -0.107798, 0.10554, 0.125362, -0.139313, -0.920745, 0.364446, -0.004329, 0.057889, -0.374978, -0.925225, 0.029331, 0.0, 0.0, 0.0, 1.0],
                [0.988555, -0.105162, 0.108167, 0.125362, -0.139312, -0.911477, 0.387042, -0.004329, 0.057889, -0.397682, -0.915695, 0.029331, 0.0, 0.0, 0.0, 1.0],
                [0.988555, -0.102221, 0.110951, 0.125362, -0.139313, -0.900758, 0.411372, -0.004329, 0.057889, -0.422121, -0.904689, 0.029331, 0.0, 0.0, 0.0, 1.0],
                [0.988555, -0.099039, 0.1138, 0.125362, -0.139312, -0.888753, 0.436703, -0.004329, 0.057889, -0.447559, -0.892379, 0.029331, 0.0, 0.0, 0.0, 1.0],
                [0.988555, -0.095693, 0.116627, 0.125362, -0.139312, -0.875698, 0.462326, -0.004329, 0.057889, -0.473282, -0.879007, 0.029331, 0.0, 0.0, 0.0, 1.0],
                [0.988555, -0.092266, 0.119357, 0.125362, -0.139312, -0.861904, 0.487558, -0.004329, 0.057889, -0.498606, -0.864893, 0.029331, 0.0, 0.0, 0.0, 1.0],
                [0.988555, -0.088851, 0.121921, 0.125362, -0.139313, -0.847758, 0.511759, -0.004329, 0.057889, -0.522887, -0.850434, 0.029331, 0.0, 0.0, 0.0, 1.0],
                [0.988555, -0.085546, 0.124262, 0.125362, -0.139313, -0.833714, 0.534333, -0.004329, 0.057889, -0.545529, -0.83609, 0.029331, 0.0, 0.0, 0.0, 1.0],
                [0.988555, -0.082455, 0.126334, 0.125362, -0.139313, -0.820283, 0.554732, -0.004329, 0.057889, -0.565983, -0.822382, 0.029331, 0.0, 0.0, 0.0, 1.0],
                [0.988555, -0.079686, 0.128098, 0.125362, -0.139313, -0.808017, 0.572452, -0.004329, 0.057889, -0.583746, -0.80987, 0.029331, 0.0, 0.0, 0.0, 1.0],
                [0.988555, -0.077348, 0.129524, 0.125362, -0.139313, -0.797492, 0.587024, -0.004329, 0.057889, -0.59835, -0.799141, 0.029331, 0.0, 0.0, 0.0, 1.0],
                [0.988555, -0.075548, 0.130582, 0.125362, -0.139313, -0.789294, 0.598003, -0.004329, 0.057889, -0.60935, -0.790785, 0.029331, 0.0, 0.0, 0.0, 1.0],
                [0.988555, -0.074394, 0.131243, 0.125362, -0.139313, -0.783989, 0.60494, -0.004329, 0.057889, -0.6163, -0.785381, 0.029331, 0.0, 0.0, 0.0, 1.0],
                [0.988555, -0.073987, 0.131473, 0.125362, -0.139313, -0.782112, 0.607365, -0.004329, 0.057889, -0.61873, -0.783468, 0.029331, 0.0, 0.0, 0.0, 1.0],
                [0.988555, -0.073989, 0.131472, 0.125362, -0.139312, -0.78213, 0.607342, -0.004329, 0.057891, -0.618707, -0.783486, 0.029331, 0.0, 0.0, 0.0, 1.0],
                [0.988555, -0.073995, 0.131469, 0.125362, -0.13931, -0.782183, 0.607275, -0.004329, 0.057897, -0.618639, -0.783539, 0.029331, 0.0, 0.0, 0.0, 1.0],
                [0.988555, -0.074005, 0.131464, 0.125362, -0.139307, -0.782269, 0.607164, -0.004329, 0.057907, -0.618529, -0.783625, 0.029331, 0.0, 0.0, 0.0, 1.0],
                [0.988554, -0.074019, 0.131458, 0.125362, -0.139303, -0.782387, 0.607013, -0.004329, 0.057921, -0.618378, -0.783744, 0.029331, 0.0, 0.0, 0.0, 1.0],
                [0.988554, -0.074036, 0.13145, 0.125362, -0.139297, -0.782536, 0.606822, -0.004329, 0.057937, -0.618187, -0.783893, 0.029331, 0.0, 0.0, 0.0, 1.0],
                [0.988554, -0.074058, 0.13144, 0.125362, -0.139291, -0.782714, 0.606594, -0.004329, 0.057957, -0.617959, -0.784071, 0.029331, 0.0, 0.0, 0.0, 1.0],
                [0.988554, -0.074082, 0.131428, 0.125362, -0.139284, -0.78292, 0.60633, -0.004329, 0.05798, -0.617695, -0.784277, 0.029331, 0.0, 0.0, 0.0, 1.0],
                [0.988553, -0.074111, 0.131415, 0.125362, -0.139276, -0.783152, 0.606032, -0.004329, 0.058005, -0.617398, -0.784509, 0.029331, 0.0, 0.0, 0.0, 1.0],
                [0.988553, -0.074142, 0.1314, 0.125362, -0.139267, -0.783409, 0.605702, -0.004329, 0.058032, -0.617069, -0.784767, 0.029331, 0.0, 0.0, 0.0, 1.0],
                [0.988553, -0.074177, 0.131383, 0.125362, -0.139258, -0.783688, 0.605342, -0.004329, 0.058061, -0.616709, -0.785047, 0.029331, 0.0, 0.0, 0.0, 1.0],
                [0.988552, -0.074215, 0.131365, 0.125362, -0.139248, -0.78399, 0.604954, -0.004329, 0.058092, -0.616321, -0.78535, 0.029331, 0.0, 0.0, 0.0, 1.0],
                [0.988552, -0.074256, 0.131345, 0.125362, -0.139237, -0.784312, 0.604538, -0.004329, 0.058125, -0.615906, -0.785673, 0.029331, 0.0, 0.0, 0.0, 1.0],
                [0.988551, -0.0743, 0.131323, 0.125362, -0.139226, -0.784653, 0.604098, -0.004329, 0.058159, -0.615466, -0.786015, 0.029331, 0.0, 0.0, 0.0, 1.0],
                [0.988551, -0.074348, 0.1313, 0.125362, -0.139215, -0.785012, 0.603635, -0.004329, 0.058193, -0.615003, -0.786374, 0.029331, 0.0, 0.0, 0.0, 1.0],
                [0.98855, -0.074398, 0.131276, 0.125362, -0.139204, -0.785386, 0.603151, -0.004329, 0.058229, -0.614519, -0.78675, 0.029331, 0.0, 0.0, 0.0, 1.0],
                [0.98855, -0.07445, 0.131249, 0.125362, -0.139192, -0.785775, 0.602647, -0.004329, 0.058265, -0.614016, -0.78714, 0.029331, 0.0, 0.0, 0.0, 1.0],
                [0.988549, -0.074506, 0.131221, 0.125362, -0.13918, -0.786176, 0.602125, -0.004329, 0.058301, -0.613494, -0.787544, 0.029331, 0.0, 0.0, 0.0, 1.0],
                [0.988549, -0.074564, 0.131192, 0.125362, -0.139168, -0.78659, 0.601588, -0.004329, 0.058338, -0.612957, -0.78796, 0.029331, 0.0, 0.0, 0.0, 1.0],
                [0.988548, -0.074624, 0.131161, 0.125362, -0.139156, -0.787013, 0.601036, -0.004329, 0.058374, -0.612406, -0.788386, 0.029331, 0.0, 0.0, 0.0, 1.0],
                [0.988548, -0.074687, 0.131129, 0.125362, -0.139145, -0.787446, 0.600473, -0.004329, 0.058409, -0.611842, -0.78882, 0.029331, 0.0, 0.0, 0.0, 1.0],
                [0.988548, -0.074752, 0.131095, 0.125362, -0.139133, -0.787885, 0.599899, -0.004329, 0.058444, -0.611268, -0.789263, 0.029331, 0.0, 0.0, 0.0, 1.0],
                [0.988547, -0.07482, 0.13106, 0.125362, -0.139122, -0.78833, 0.599316, -0.004329, 0.058478, -0.610686, -0.789711, 0.029331, 0.0, 0.0, 0.0, 1.0],
                [0.988547, -0.074889, 0.131023, 0.125362, -0.139112, -0.78878, 0.598726, -0.004329, 0.05851, -0.610096, -0.790164, 0.029331, 0.0, 0.0, 0.0, 1.0],
                [0.988546, -0.074961, 0.130985, 0.125362, -0.139101, -0.789233, 0.598132, -0.004329, 0.058541, -0.609502, -0.790621, 0.029331, 0.0, 0.0, 0.0, 1.0],
                [0.988546, -0.075035, 0.130946, 0.125362, -0.139091, -0.789687, 0.597535, -0.004329, 0.05857, -0.608904, -0.791079, 0.029331, 0.0, 0.0, 0.0, 1.0],
                [0.988546, -0.07511, 0.130905, 0.125362, -0.139082, -0.790141, 0.596936, -0.004329, 0.058598, -0.608305, -0.791537, 0.029331, 0.0, 0.0, 0.0, 1.0],
                [0.988545, -0.075187, 0.130863, 0.125362, -0.139074, -0.790594, 0.596338, -0.004329, 0.058622, -0.607706, -0.791995, 0.029331, 0.0, 0.0, 0.0, 1.0],
                [0.988545, -0.075266, 0.130819, 0.125362, -0.139066, -0.791045, 0.595742, -0.004329, 0.058645, -0.60711, -0.792451, 0.029331, 0.0, 0.0, 0.0, 1.0],
                [0.988545, -0.075347, 0.130775, 0.125362, -0.13906, -0.791491, 0.59515, -0.004329, 0.058664, -0.606518, -0.792902, 0.029331, 0.0, 0.0, 0.0, 1.0],
                [0.988545, -0.075429, 0.130729, 0.125362, -0.139054, -0.791932, 0.594565, -0.004329, 0.058681, -0.605932, -0.793349, 0.029331, 0.0, 0.0, 0.0, 1.0],
                [0.988544, -0.075512, 0.130682, 0.125362, -0.139049, -0.792366, 0.593988, -0.004329, 0.058694, -0.605355, -0.793789, 0.029331, 0.0, 0.0, 0.0, 1.0],
                [0.988544, -0.075597, 0.130633, 0.125362, -0.139046, -0.792791, 0.59342, -0.004329, 0.058704, -0.604786, -0.794221, 0.029331, 0.0, 0.0, 0.0, 1.0],
                [0.988544, -0.075683, 0.130584, 0.125362, -0.139043, -0.793207, 0.592865, -0.004329, 0.05871, -0.60423, -0.794644, 0.029331, 0.0, 0.0, 0.0, 1.0],
                [0.988544, -0.07577, 0.130533, 0.125362, -0.139042, -0.793612, 0.592323, -0.004329, 0.058712, -0.603687, -0.795056, 0.029331, 0.0, 0.0, 0.0, 1.0],
                [0.988544, -0.075858, 0.130481, 0.125362, -0.139043, -0.794005, 0.591796, -0.004329, 0.05871, -0.60316, -0.795457, 0.029331, 0.0, 0.0, 0.0, 1.0],
                [0.988545, -0.075947, 0.130428, 0.125362, -0.139045, -0.794384, 0.591287, -0.004329, 0.058703, -0.602649, -0.795844, 0.029331, 0.0, 0.0, 0.0, 1.0],
                [0.988545, -0.076038, 0.130374, 0.125362, -0.139048, -0.794747, 0.590797, -0.004329, 0.058692, -0.602158, -0.796217, 0.029331, 0.0, 0.0, 0.0, 1.0],
                [0.988545, -0.076129, 0.130319, 0.125362, -0.139054, -0.795095, 0.590329, -0.004329, 0.058675, -0.601688, -0.796573, 0.029331, 0.0, 0.0, 0.0, 1.0],
                [0.988545, -0.07622, 0.130263, 0.125362, -0.13906, -0.795424, 0.589883, -0.004329, 0.058653, -0.601241, -0.796912, 0.029331, 0.0, 0.0, 0.0, 1.0],
                [0.988546, -0.076313, 0.130206, 0.125362, -0.139069, -0.795734, 0.589462, -0.004329, 0.058626, -0.600818, -0.797233, 0.029331, 0.0, 0.0, 0.0, 1.0],
                [0.988546, -0.076406, 0.130148, 0.125362, -0.13908, -0.796024, 0.589069, -0.004329, 0.058593, -0.600423, -0.797533, 0.029331, 0.0, 0.0, 0.0, 1.0],
                [0.988547, -0.076499, 0.130089, 0.125362, -0.139093, -0.796292, 0.588704, -0.004329, 0.058554, -0.600056, -0.797812, 0.029331, 0.0, 0.0, 0.0, 1.0],
                [0.988547, -0.076593, 0.13003, 0.125362, -0.139108, -0.796536, 0.588369, -0.004329, 0.058508, -0.599719, -0.798069, 0.029331, 0.0, 0.0, 0.0, 1.0],
                [0.988548, -0.076687, 0.129969, 0.125362, -0.139125, -0.796756, 0.588067, -0.004329, 0.058456, -0.599415, -0.798301, 0.029331, 0.0, 0.0, 0.0, 1.0],
                [0.988549, -0.076782, 0.129908, 0.125362, -0.139144, -0.79695, 0.5878, -0.004329, 0.058398, -0.599145, -0.798508, 0.029331, 0.0, 0.0, 0.0, 1.0],
                [0.98855, -0.076876, 0.129845, 0.125362, -0.139166, -0.797117, 0.587569, -0.004329, 0.058332, -0.598911, -0.798688, 0.029331, 0.0, 0.0, 0.0, 1.0],
                [0.988551, -0.076971, 0.129782, 0.125362, -0.13919, -0.797255, 0.587376, -0.004329, 0.058259, -0.598715, -0.79884, 0.029331, 0.0, 0.0, 0.0, 1.0],
                [0.988551, -0.077065, 0.129719, 0.125362, -0.139217, -0.797363, 0.587223, -0.004329, 0.058178, -0.598559, -0.798963, 0.029331, 0.0, 0.0, 0.0, 1.0],
                [0.988552, -0.07716, 0.129654, 0.125362, -0.139246, -0.797439, 0.587112, -0.004329, 0.05809, -0.598445, -0.799055, 0.029331, 0.0, 0.0, 0.0, 1.0],
                [0.988554, -0.077254, 0.129589, 0.125362, -0.139278, -0.797483, 0.587046, -0.004329, 0.057994, -0.598375, -0.799114, 0.029331, 0.0, 0.0, 0.0, 1.0],
                [0.988555, -0.077348, 0.129524, 0.125362, -0.139313, -0.797492, 0.587024, -0.004329, 0.057889, -0.59835, -0.799141, 0.029331, 0.0, 0.0, 0.0, 1.0],
                [0.989526, -0.087064, 0.115146, 0.125362, -0.138845, -0.792328, 0.594086, -0.004329, 0.03951, -0.603851, -0.796117, 0.029331, 0.0, 0.0, 0.0, 1.0],
                [0.990558, -0.113918, 0.076269, 0.125362, -0.136689, -0.778053, 0.613147, -0.004329, -0.010507, -0.617783, -0.786279, 0.029331, 0.0, 0.0, 0.0, 1.0],
                [0.987726, -0.15499, 0.019394, 0.125362, -0.131272, -0.756394, 0.640808, -0.004329, -0.084649, -0.635489, -0.767456, 0.029331, 0.0, 0.0, 0.0, 1.0],
                [0.977175, -0.206869, -0.048319, 0.125362, -0.121105, -0.729333, 0.673354, -0.004329, -0.174537, -0.652134, -0.737739, 0.029331, 0.0, 0.0, 0.0, 1.0],
                [0.956822, -0.265087, -0.119252, 0.125362, -0.105642, -0.699337, 0.706942, -0.004329, -0.270799, -0.66382, -0.697145, 0.029331, 0.0, 0.0, 0.0, 1.0],
                [0.927485, -0.324221, -0.186152, 0.125362, -0.085815, -0.669249, 0.738065, -0.004329, -0.363879, -0.66857, -0.648542, 0.029331, 0.0, 0.0, 0.0, 1.0],
                [0.89308, -0.378528, -0.243154, 0.125362, -0.064058, -0.641948, 0.764068, -0.004329, -0.445313, -0.666798, -0.597559, 0.029331, 0.0, 0.0, 0.0, 1.0],
                [0.859844, -0.422683, -0.28637, 0.125362, -0.043864, -0.619982, 0.783389, -0.004329, -0.50867, -0.661031, -0.551628, 0.029331, 0.0, 0.0, 0.0, 1.0],
                [0.835, -0.452136, -0.313606, 0.125362, -0.029122, -0.605448, 0.795352, -0.004329, -0.549479, -0.654985, -0.518716, 0.029331, 0.0, 0.0, 0.0, 1.0],
                [0.825415, -0.462855, -0.323196, 0.125362, -0.023499, -0.600182, 0.799518, -0.004329, -0.564037, -0.652339, -0.506276, 0.029331, 0.0, 0.0, 0.0, 1.0],
                [0.825415, -0.462855, -0.323196, 0.125362, -0.023499, -0.600182, 0.799518, -0.004329, -0.564037, -0.652339, -0.506276, 0.029331, 0.0, 0.0, 0.0, 1.0]
            ]
        },
        {
            "name": "Leg_R",
            "time": [0.0, 0.0167, 0.0333, 0.05, 0.0667, 0.0833, 0.1, 0.1167, 0.1333, 0.15, 0.1667, 0.1833, 0.2, 0.2167, 0.2333, 0.25, 0.2667, 0.2833, 0.3, 0.3167, 0.3333, 0.35, 0.3667, 0.3833, 0.4, 0.4167, 0.4333, 0.45, 0.4667, 0.4833, 0.5, 0.5167, 0.5333, 0.55, 0.5667, 0.5833, 0.6, 0.6167, 0.6333, 0.65, 0.6667, 0.6833, 0.7, 0.7167, 0.7333, 0.75, 0.7667, 0.7833, 0.8, 0.8167, 0.8333, 0.85, 0.8667, 0.8833, 0.9, 0.9167, 0.9333, 0.95, 0.9667, 0.9833, 1.0, 1.0167, 1.0333, 1.05, 1.0667, 1.0833, 1.1, 1.1167, 1.1333, 1.15, 6.05],
            "transform": [
                [0.874958, -0.02096, 0.483745, 0.0, -0.284394, 0.786328, 0.54846, 0.37472, -0.391878, -0.617453, 0.682043, 0.0, 0.0, 0.0, 0.0, 1.0],
                [0.874958, -0.02096, 0.483745, -0.0, -0.284394, 0.786328, 0.54846, 0.37472, -0.391878, -0.617453, 0.682043, 0.0, 0.0, 0.0, 0.0, 1.0],
                [0.874958, -0.02096, 0.483745, -0.0, -0.284394, 0.786328, 0.54846, 0.37472, -0.391878, -0.617453, 0.682043, -0.0, 0.0, 0.0, 0.0, 1.0],
                [0.874958, -0.02096, 0.483745, 0.0, -0.284394, 0.786328, 0.54846, 0.37472, -0.391878, -0.617453, 0.682043, -0.0, 0.0, 0.0, 0.0, 1.0],
                [0.874958, -0.02096, 0.483745, 0.0, -0.284394, 0.786328, 0.54846, 0.37472, -0.391878, -0.617453, 0.682043, 0.0, 0.0, 0.0, 0.0, 1.0],
                [0.874958, -0.02096, 0.483745, -0.0, -0.284394, 0.786328, 0.548459, 0.37472, -0.391878, -0.617453, 0.682043, -0.0, 0.0, 0.0, 0.0, 1.0],
                [0.874958, -0.02096, 0.483745, -0.0, -0.284394, 0.786328, 0.548459, 0.37472, -0.391878, -0.617453, 0.682043, 0.0, 0.0, 0.0, 0.0, 1.0],
                [0.874958, -0.02096, 0.483745, -0.0, -0.284394, 0.786328, 0.54846, 0.37472, -0.391878, -0.617453, 0.682043, -0.0, 0.0, 0.0, 0.0, 1.0],
                [0.874958, -0.02096, 0.483745, -0.0, -0.284394, 0.786328, 0.54846, 0.37472, -0.391878, -0.617453, 0.682043, -0.0, 0.0, 0.0, 0.0, 1.0],
                [0.874958, -0.02096, 0.483745, 0.0, -0.284394, 0.786328, 0.54846, 0.37472, -0.391878, -0.617453, 0.682043, -0.0, 0.0, 0.0, 0.0, 1.0],
                [0.874958, -0.02096, 0.483745, 0.0, -0.284394, 0.786328, 0.54846, 0.37472, -0.391878, -0.617453, 0.682043, 0.0, 0.0, 0.0, 0.0, 1.0],
                [0.874958, -0.02096, 0.483745, 0.0, -0.284394, 0.786328, 0.54846, 0.37472, -0.391878, -0.617453, 0.682043, -0.0, 0.0, 0.0, 0.0, 1.0],
                [0.874958, -0.02096, 0.483745, 0.0, -0.284394, 0.786328, 0.54846, 0.37472, -0.391878, -0.617453, 0.682043, -0.0, 0.0, 0.0, 0.0, 1.0],
                [0.874958, -0.02096, 0.483745, 0.0, -0.284394, 0.786328, 0.54846, 0.37472, -0.391878, -0.617453, 0.682043, 0.0, 0.0, 0.0, 0.0, 1.0],
                [0.874958, -0.02096, 0.483745, 0.0, -0.284394, 0.786328, 0.54846, 0.37472, -0.391878, -0.617453, 0.682043, 0.0, 0.0, 0.0, 0.0, 1.0],
                [0.874958, -0.02096, 0.483745, 0.0, -0.284394, 0.786328, 0.54846, 0.37472, -0.391878, -0.617453, 0.682043, -0.0, 0.0, 0.0, 0.0, 1.0],
                [0.874958, -0.02096, 0.483745, 0.0, -0.284394, 0.786328, 0.54846, 0.37472, -0.391878, -0.617453, 0.682043, -0.0, 0.0, 0.0, 0.0, 1.0],
                [0.874958, -0.02096, 0.483745, -0.0, -0.284394, 0.786328, 0.54846, 0.37472, -0.391878, -0.617453, 0.682043, -0.0, 0.0, 0.0, 0.0, 1.0],
                [0.874958, -0.02096, 0.483745, -0.0, -0.284394, 0.786328, 0.54846, 0.37472, -0.391878, -0.617453, 0.682043, 0.0, 0.0, 0.0, 0.0, 1.0],
                [0.874958, -0.02096, 0.483745, 0.0, -0.284394, 0.786328, 0.54846, 0.37472, -0.391878, -0.617453, 0.682043, 0.0, 0.0, 0.0, 0.0, 1.0],
                [0.874958, -0.02096, 0.483745, -0.0, -0.284394, 0.786328, 0.54846, 0.37472, -0.391878, -0.617453, 0.682043, 0.0, 0.0, 0.0, 0.0, 1.0],
                [0.874958, -0.02096, 0.483745, 0.0, -0.284394, 0.786328, 0.54846, 0.37472, -0.391878, -0.617453, 0.682043, -0.0, 0.0, 0.0, 0.0, 1.0],
                [0.874958, -0.02096, 0.483745, 0.0, -0.284394, 0.786328, 0.54846, 0.37472, -0.391878, -0.617453, 0.682043, -0.0, 0.0, 0.0, 0.0, 1.0],
                [0.874958, -0.02096, 0.483745, -0.0, -0.284394, 0.786328, 0.54846, 0.37472, -0.391878, -0.617453, 0.682043, 0.0, 0.0, 0.0, 0.0, 1.0],
                [0.874958, -0.02096, 0.483745, 0.0, -0.284394, 0.786328, 0.54846, 0.37472, -0.391878, -0.617453, 0.682043, 0.0, 0.0, 0.0, 0.0, 1.0],
                [0.874958, -0.02096, 0.483745, 0.0, -0.284394, 0.786328, 0.54846, 0.37472, -0.391878, -0.617453, 0.682043, 0.0, 0.0, 0.0, 0.0, 1.0],
                [0.874958, -0.02096, 0.483745, 0.0, -0.284394, 0.786328, 0.54846, 0.37472, -0.391878, -0.617453, 0.682043, 0.0, 0.0, 0.0, 0.0, 1.0],
                [0.874958, -0.02096, 0.483745, 0.0, -0.284394, 0.786328, 0.54846, 0.37472, -0.391878, -0.617453, 0.682043, -0.0, 0.0, 0.0, 0.0, 1.0],
                [0.874958, -0.02096, 0.483745, 0.0, -0.284394, 0.786328, 0.54846, 0.37472, -0.391878, -0.617453, 0.682043, 0.0, 0.0, 0.0, 0.0, 1.0],
                [0.874958, -0.02096, 0.483745, -0.0, -0.284394, 0.786328, 0.54846, 0.37472, -0.391878, -0.617453, 0.682043, 0.0, 0.0, 0.0, 0.0, 1.0],
                [0.874958, -0.02096, 0.483745, 0.0, -0.284394, 0.786328, 0.54846, 0.37472, -0.391878, -0.617453, 0.682043, 0.0, 0.0, 0.0, 0.0, 1.0],
                [0.874958, -0.02096, 0.483745, -0.0, -0.284394, 0.786328, 0.54846, 0.37472, -0.391878, -0.617453, 0.682043, -0.0, 0.0, 0.0, 0.0, 1.0],
                [0.874958, -0.02096, 0.483745, 0.0, -0.284394, 0.786328, 0.54846, 0.37472, -0.391878, -0.617453, 0.682043, -0.0, 0.0, 0.0, 0.0, 1.0],
                [0.874958, -0.02096, 0.483745, -0.0, -0.284394, 0.786328, 0.54846, 0.37472, -0.391878, -0.617453, 0.682043, 0.0, 0.0, 0.0, 0.0, 1.0],
                [0.874958, -0.02096, 0.483745, 0.0, -0.284394, 0.786328, 0.54846, 0.37472, -0.391878, -0.617453, 0.682043, -0.0, 0.0, 0.0, 0.0, 1.0],
                [0.874958, -0.02096, 0.483745, 0.0, -0.284394, 0.786328, 0.54846, 0.37472, -0.391878, -0.617453, 0.682043, 0.0, 0.0, 0.0, 0.0, 1.0],
                [0.874958, -0.02096, 0.483745, -0.0, -0.284394, 0.786328, 0.54846, 0.37472, -0.391878, -0.617453, 0.682043, 0.0, 0.0, 0.0, 0.0, 1.0],
                [0.874958, -0.02096, 0.483745, -0.0, -0.284394, 0.786328, 0.54846, 0.37472, -0.391878, -0.617453, 0.682043, -0.0, 0.0, 0.0, 0.0, 1.0],
                [0.874958, -0.02096, 0.483745, -0.0, -0.284394, 0.786328, 0.54846, 0.37472, -0.391878, -0.617453, 0.682043, -0.0, 0.0, 0.0, 0.0, 1.0],
                [0.874958, -0.02096, 0.483745, 0.0, -0.284394, 0.786328, 0.54846, 0.37472, -0.391878, -0.617453, 0.682043, 0.0, 0.0, 0.0, 0.0, 1.0],
                [0.874958, -0.02096, 0.483745, -0.0, -0.284394, 0.786328, 0.54846, 0.37472, -0.391878, -0.617453, 0.682043, -0.0, 0.0, 0.0, 0.0, 1.0],
                [0.874958, -0.02096, 0.483745, 0.0, -0.284394, 0.786328, 0.54846, 0.37472, -0.391878, -0.617453, 0.682043, -0.0, 0.0, 0.0, 0.0, 1.0],
                [0.874958, -0.02096, 0.483745, -0.0, -0.284394, 0.786328, 0.54846, 0.37472, -0.391878, -0.617453, 0.682043, 0.0, 0.0, 0.0, 0.0, 1.0],
