{
    "armature": {
        "joints": ["Root", "Thigh_R", "Leg_R", "Knee_R", "Thigh_L", "Leg_L", "Knee_L", "Torso", "Chest", "Head", "Shoulder_R", "Arm_R", "Hand_R", "Tool_R", "Elbow_R", "Shoulder_L", "Arm_L", "Hand_L", "Tool_L", "Elbow_L"],
        "hierarchy": [
            {
                "name": "Root",
                "transform": [1.0, 0.0, 0.0, -5e-06, 0.0, 0.0, -1.0, 0.000946, 0.0, 1.0, 0.0, 0.763972, 0.0, 0.0, 0.0, 1.0],
                "children": [
                    {
                        "name": "Thigh_R",
                        "transform": [1.0, -0.0, -0.0, 0.124994, -0.0, -1.0, 0.0, -0.002831, -0.0, -0.0, -1.0, -1.2e-05, 0.0, 0.0, 0.0, 1.0],
                        "children": [
                            {
                                "name": "Leg_R",
                                "transform": [1.0, 0.0, 1e-06, 0.0, -0.0, 1.0, 0.0, 0.37472, -1e-06, -0.0, 1.0, -0.0, 0.0, 0.0, 0.0, 1.0],
                                "children": []
                            },
                            {
                                "name": "Knee_R",
                                "transform": [1.0, 0.0, -0.0, 0.0, -0.0, 0.0, -1.0, 0.37472, -0.0, 1.0, 0.0, -0.0, 0.0, 0.0, 0.0, 1.0],
                                "children": []
                            }
                        ]
                    },
                    {
                        "name": "Thigh_L",
                        "transform": [1.0, -0.0, -0.0, -0.125006, -0.0, -1.0, 0.0, -0.002831, -0.0, -0.0, -1.0, -1.2e-05, 0.0, 0.0, 0.0, 1.0],
                        "children": [
                            {
                                "name": "Leg_L",
                                "transform": [1.0, 0.0, 1e-06, -0.0, -0.0, 1.0, 0.0, 0.37472, -1e-06, -0.0, 1.0, 0.0, 0.0, 0.0, 0.0, 1.0],
                                "children": []
                            },
                            {
                                "name": "Knee_L",
                                "transform": [1.0, 0.0, -0.0, -0.0, -0.0, 0.0, -1.0, 0.37472, -0.0, 1.0, 0.0, 0.0, 0.0, 0.0, 0.0, 1.0],
                                "children": []
                            }
                        ]
                    },
                    {
                        "name": "Torso",
                        "transform": [1.0, 0.0, 0.0, 0.0, 0.0, 1.0, 0.0, 0.05, 0.0, 0.0, 1.0, 0.0, 0.0, 0.0, 0.0, 1.0],
                        "children": [
                            {
                                "name": "Chest",
                                "transform": [1.0, 0.0, 0.0, 0.0, 0.0, 1.0, 0.0, 0.3, 0.0, 0.0, 1.0, 0.0, 0.0, 0.0, 0.0, 1.0],
                                "children": [
                                    {
                                        "name": "Head",
                                        "transform": [1.0, 0.0, 0.0, 0.0, 0.0, 1.0, 0.0, 0.4, 0.0, 0.0, 1.0, 0.0, 0.0, 0.0, 0.0, 1.0],
                                        "children": []
                                    },
                                    {
                                        "name": "Shoulder_R",
                                        "transform": [0.0, 0.952114, 0.305743, 0.0, 0.0, -0.305743, 0.952114, 0.4, 1.0, 0.0, -0.0, 0.0, 0.0, 0.0, 0.0, 1.0],
                                        "children": [
                                            {
                                                "name": "Arm_R",
                                                "transform": [0.0, -0.0, -1.0, -0.0, 0.952114, 0.305743, 0.0, 0.39386, 0.305743, -0.952114, 0.0, 0.0, 0.0, 0.0, 0.0, 1.0],
                                                "children": [
                                                    {
                                                        "name": "Hand_R",
                                                        "transform": [1.0, 0.0, 0.0, 0.0, -0.0, 0.993938, 0.109947, 0.3, -0.0, -0.109947, 0.993937, 0.0, 0.0, 0.0, 0.0, 1.0],
                                                        "children": [
                                                            {
                                                                "name": "Tool_R",
                                                                "transform": [1.0, 0.0, 0.0, -0.0, 0.0, -0.999836, 0.018122, 0.272858, 0.0, -0.018122, -0.999836, 0.0, 0.0, 0.0, 0.0, 1.0],
                                                                "children": []
                                                            }
                                                        ]
                                                    },
                                                    {
                                                        "name": "Elbow_R",
                                                        "transform": [-1.0, 0.0, -0.0, 0.0, 0.0, 0.0, -1.0, 0.3, -0.0, -1.0, -0.0, 0.0, 0.0, 0.0, 0.0, 1.0],
                                                        "children": []
                                                    }
                                                ]
                                            }
                                        ]
                                    },
                                    {
                                        "name": "Shoulder_L",
                                        "transform": [-0.0, -0.952114, -0.305743, 0.0, 0.0, -0.305743, 0.952114, 0.4, -1.0, 0.0, 0.0, 0.0, 0.0, 0.0, 0.0, 1.0],
                                        "children": [
                                            {
                                                "name": "Arm_L",
                                                "transform": [-0.0, -0.0, 1.0, -0.0, -0.952114, 0.305743, -0.0, 0.39386, -0.305743, -0.952114, -0.0, 0.0, 0.0, 0.0, 0.0, 1.0],
                                                "children": [
                                                    {
                                                        "name": "Hand_L",
                                                        "transform": [1.0, -0.0, 0.0, -0.0, 0.0, 0.993937, 0.109947, 0.3, -0.0, -0.109947, 0.993937, 0.0, 0.0, 0.0, 0.0, 1.0],
                                                        "children": [
                                                            {
                                                                "name": "Tool_L",
                                                                "transform": [1.0, 0.0, 0.0, -0.0, -0.0, -0.999836, 0.018122, 0.272858, 0.0, -0.018122, -0.999836, -0.0, 0.0, 0.0, 0.0, 1.0],
                                                                "children": []
                                                            }
                                                        ]
                                                    },
                                                    {
                                                        "name": "Elbow_L",
                                                        "transform": [-1.0, 0.0, -0.0, -0.0, 0.0, -0.0, -1.0, 0.3, -0.0, -1.0, 0.0, 0.0, 0.0, 0.0, 0.0, 1.0],
                                                        "children": []
                                                    }
                                                ]
                                            }
                                        ]
                                    }
                                ]
                            }
                        ]
                    }
                ]
            }
        ]
    },
    "animation": [
        {
            "name": "Root",
            "time": [0.0, 0.0167, 0.0333, 0.05, 0.0667, 0.0833, 0.1, 0.1167, 0.1333, 0.15, 0.1667, 0.1833, 0.2, 0.2167, 0.2333, 0.25, 0.2667, 0.2833, 0.3, 0.3167, 0.3333, 0.35, 0.3667, 0.3833, 0.4, 0.4167, 0.4333, 0.45, 0.4667, 0.4833, 0.5, 0.5167, 0.5333, 0.55, 0.5667, 0.5833, 0.6, 0.6167, 0.6333, 0.65, 0.6667, 0.6833, 0.7, 0.7167, 0.7333, 0.75, 0.7667, 0.7833, 0.8, 0.8167, 0.8333, 0.85, 0.8667, 0.8833, 0.9, 0.9167, 0.9333, 0.95, 0.9667, 0.9833, 1.0, 1.0167, 1.0333, 1.05, 1.0667, 1.0833, 1.1, 1.1167, 1.1333, 1.15, 1.1667, 1.1833, 1.2, 1.2167, 1.2333, 1.25, 1.2667, 1.2833, 1.3, 1.3167, 1.3333, 1.35, 1.3667, 1.3833, 1.4, 1.4167, 1.4333, 1.45, 1.4667, 1.4833, 1.5, 1.5167, 1.5333, 1.55, 1.5667, 1.5833, 1.6, 1.6167, 1.6333, 1.65, 1.6667, 1.6833, 1.7, 1.7167, 1.7333, 1.75, 1.7667, 1.7833, 1.8, 1.8167, 1.8333, 1.9833],
            "transform": [
                [1.0, 0.0, 0.0, -5e-06, 0.0, 0.0, -1.0, 0.000946, 0.0, 1.0, 0.0, 0.763972, 0.0, 0.0, 0.0, 1.0],
                [1.0, 0.0, 0.0, -5e-06, 0.0, 0.0, -1.0, 0.000946, 0.0, 1.0, 0.0, 0.763972, 0.0, 0.0, 0.0, 1.0],
                [1.0, 0.0, 0.0, -5e-06, 0.0, 0.0, -1.0, 0.000946, 0.0, 1.0, 0.0, 0.763972, 0.0, 0.0, 0.0, 1.0],
                [1.0, 0.0, 0.0, -5e-06, 0.0, 0.0, -1.0, 0.000946, 0.0, 1.0, 0.0, 0.763972, 0.0, 0.0, 0.0, 1.0],
                [1.0, 0.0, 0.0, -5e-06, 0.0, 0.0, -1.0, 0.000946, 0.0, 1.0, 0.0, 0.763972, 0.0, 0.0, 0.0, 1.0],
                [1.0, 0.0, 0.0, -5e-06, 0.0, 0.0, -1.0, 0.000946, 0.0, 1.0, 0.0, 0.763972, 0.0, 0.0, 0.0, 1.0],
                [1.0, 0.0, 0.0, -5e-06, 0.0, 0.0, -1.0, 0.000946, 0.0, 1.0, 0.0, 0.763972, 0.0, 0.0, 0.0, 1.0],
                [1.0, 0.0, 0.0, -5e-06, 0.0, 0.0, -1.0, 0.000946, 0.0, 1.0, 0.0, 0.763972, 0.0, 0.0, 0.0, 1.0],
                [1.0, 0.0, 0.0, -5e-06, 0.0, 0.0, -1.0, 0.000946, 0.0, 1.0, 0.0, 0.763972, 0.0, 0.0, 0.0, 1.0],
                [1.0, 0.0, 0.0, -5e-06, 0.0, 0.0, -1.0, 0.000946, 0.0, 1.0, 0.0, 0.763972, 0.0, 0.0, 0.0, 1.0],
                [1.0, 0.0, 0.0, -5e-06, 0.0, 0.0, -1.0, 0.000946, 0.0, 1.0, 0.0, 0.763972, 0.0, 0.0, 0.0, 1.0],
                [1.0, 0.0, 0.0, -5e-06, 0.0, 0.0, -1.0, 0.000946, 0.0, 1.0, 0.0, 0.763972, 0.0, 0.0, 0.0, 1.0],
                [1.0, 0.0, 0.0, -5e-06, 0.0, 0.0, -1.0, 0.000946, 0.0, 1.0, 0.0, 0.763972, 0.0, 0.0, 0.0, 1.0],
                [1.0, 0.0, 0.0, -5e-06, 0.0, 0.0, -1.0, 0.02011, 0.0, 1.0, 0.0, 0.763106, 0.0, 0.0, 0.0, 1.0],
                [1.0, 0.0, 0.0, -5e-06, 0.0, 0.0, -1.0, 0.074489, 0.0, 1.0, 0.0, 0.760637, 0.0, 0.0, 0.0, 1.0],
                [1.0, 0.0, 0.0, -5e-06, 0.0, 0.0, -1.0, 0.159414, 0.0, 1.0, 0.0, 0.756751, 0.0, 0.0, 0.0, 1.0],
                [1.0, 0.0, 0.0, -5e-06, 0.0, 0.0, -1.0, 0.270215, 0.0, 1.0, 0.0, 0.751639, 0.0, 0.0, 0.0, 1.0],
                [1.0, 0.0, 0.0, -5e-06, 0.0, 0.0, -1.0, 0.402225, 0.0, 1.0, 0.0, 0.745488, 0.0, 0.0, 0.0, 1.0],
                [1.0, 0.0, 0.0, -5e-06, 0.0, 0.0, -1.0, 0.550775, 0.0, 1.0, 0.0, 0.738488, 0.0, 0.0, 0.0, 1.0],
                [1.0, 0.0, 0.0, -5e-06, 0.0, 0.0, -1.0, 0.711133, 0.0, 1.0, 0.0, 0.730828, 0.0, 0.0, 0.0, 1.0],
                [1.0, 0.0, 0.0, -5e-06, 0.0, 0.0, -1.0, 0.878322, 0.0, 1.0, 0.0, 0.722695, 0.0, 0.0, 0.0, 1.0],
                [1.0, 0.0, 0.0, -5e-06, 0.0, 0.0, -1.0, 1.047305, 0.0, 1.0, 0.0, 0.714279, 0.0, 0.0, 0.0, 1.0],
                [1.0, 0.0, 0.0, -5e-06, 0.0, 0.0, -1.0, 1.213042, 0.0, 1.0, 0.0, 0.705769, 0.0, 0.0, 0.0, 1.0],
                [1.0, 0.0, 0.0, -5e-06, 0.0, 0.0, -1.0, 1.370495, 0.0, 1.0, 0.0, 0.697353, 0.0, 0.0, 0.0, 1.0],
                [1.0, 0.0, 0.0, -5e-06, 0.0, 0.0, -1.0, 1.514625, 0.0, 1.0, 0.0, 0.689221, 0.0, 0.0, 0.0, 1.0],
                [1.0, 0.0, 0.0, -5e-06, 0.0, 0.0, -1.0, 1.640393, 0.0, 1.0, 0.0, 0.68156, 0.0, 0.0, 0.0, 1.0],
                [1.0, 0.0, 0.0, -0.003381, 0.0, 0.0, -1.0, 1.744176, 0.0, 1.0, 0.0, 0.67456, 0.0, 0.0, 0.0, 1.0],
                [1.0, 0.0, 0.0, -0.011824, 0.0, 0.0, -1.0, 1.82801, 0.0, 1.0, 0.0, 0.668409, 0.0, 0.0, 0.0, 1.0],
                [1.0, 0.0, 0.0, -0.022798, 0.0, 0.0, -1.0, 1.895347, 0.0, 1.0, 0.0, 0.663297, 0.0, 0.0, 0.0, 1.0],
                [1.0, 0.0, 0.0, -0.033773, 0.0, 0.0, -1.0, 1.949639, 0.0, 1.0, 0.0, 0.659412, 0.0, 0.0, 0.0, 1.0],
                [1.0, 0.0, 0.0, -0.042215, 0.0, 0.0, -1.0, 1.994336, 0.0, 1.0, 0.0, 0.656942, 0.0, 0.0, 0.0, 1.0],
                [1.0, 0.0, 0.0, -0.045592, 0.0, 0.0, -1.0, 2.032892, 0.0, 1.0, 0.0, 0.656077, 0.0, 0.0, 0.0, 1.0],
                [1.0, 0.0, 0.0, -0.045592, 0.0, 0.0, -1.0, 2.068329, 0.0, 1.0, 0.0, 0.656097, 0.0, 0.0, 0.0, 1.0],
                [1.0, 0.0, 0.0, -0.045592, 0.0, 0.0, -1.0, 2.101957, 0.0, 1.0, 0.0, 0.656159, 0.0, 0.0, 0.0, 1.0],
                [1.0, 0.0, 0.0, -0.045592, 0.0, 0.0, -1.0, 2.134659, 0.0, 1.0, 0.0, 0.656258, 0.0, 0.0, 0.0, 1.0],
                [1.0, 0.0, 0.0, -0.045592, 0.0, 0.0, -1.0, 2.167318, 0.0, 1.0, 0.0, 0.656393, 0.0, 0.0, 0.0, 1.0],
                [1.0, 0.0, 0.0, -0.045592, 0.0, 0.0, -1.0, 2.200815, 0.0, 1.0, 0.0, 0.656563, 0.0, 0.0, 0.0, 1.0],
                [1.0, 0.0, 0.0, -0.045592, 0.0, 0.0, -1.0, 2.236033, 0.0, 1.0, 0.0, 0.656765, 0.0, 0.0, 0.0, 1.0],
                [1.0, 0.0, 0.0, -0.045592, 0.0, 0.0, -1.0, 2.273855, 0.0, 1.0, 0.0, 0.656998, 0.0, 0.0, 0.0, 1.0],
                [1.0, 0.0, 0.0, -0.045592, 0.0, 0.0, -1.0, 2.315162, 0.0, 1.0, 0.0, 0.657259, 0.0, 0.0, 0.0, 1.0],
                [1.0, 0.0, 0.0, -0.045592, 0.0, 0.0, -1.0, 2.360837, 0.0, 1.0, 0.0, 0.657546, 0.0, 0.0, 0.0, 1.0],
                [1.0, 0.0, 0.0, -0.045592, 0.0, 0.0, -1.0, 2.411762, 0.0, 1.0, 0.0, 0.657858, 0.0, 0.0, 0.0, 1.0],
                [1.0, 0.0, 0.0, -0.045592, 0.0, 0.0, -1.0, 2.46882, 0.0, 1.0, 0.0, 0.658192, 0.0, 0.0, 0.0, 1.0],
                [1.0, 0.0, 0.0, -0.045592, 0.0, 0.0, -1.0, 2.532892, 0.0, 1.0, 0.0, 0.658547, 0.0, 0.0, 0.0, 1.0],
                [1.0, 0.0, 0.0, -0.043633, 0.0, 0.0, -1.0, 2.604135, 0.0, 1.0, 0.0, 0.65892, 0.0, 0.0, 0.0, 1.0],
                [1.0, 0.0, 0.0, -0.038469, 0.0, 0.0, -1.0, 2.679793, 0.0, 1.0, 0.0, 0.65931, 0.0, 0.0, 0.0, 1.0],
                [1.0, 0.0, 0.0, -0.031168, 0.0, 0.0, -1.0, 2.756387, 0.0, 1.0, 0.0, 0.659715, 0.0, 0.0, 0.0, 1.0],
                [1.0, 0.0, 0.0, -0.022798, 0.0, 0.0, -1.0, 2.830434, 0.0, 1.0, 0.0, 0.660132, 0.0, 0.0, 0.0, 1.0],
                [1.0, 0.0, 0.0, -0.014429, 0.0, 0.0, -1.0, 2.898454, 0.0, 1.0, 0.0, 0.660559, 0.0, 0.0, 0.0, 1.0],
                [1.0, 0.0, 0.0, -0.007128, 0.0, 0.0, -1.0, 2.956967, 0.0, 1.0, 0.0, 0.660996, 0.0, 0.0, 0.0, 1.0],
                [1.0, 0.0, 0.0, -0.001963, 0.0, 0.0, -1.0, 3.00249, 0.0, 1.0, 0.0, 0.661439, 0.0, 0.0, 0.0, 1.0],
                [1.0, 0.0, 0.0, -5e-06, 0.0, 0.0, -1.0, 3.031543, 0.0, 1.0, 0.0, 0.661887, 0.0, 0.0, 0.0, 1.0],
                [1.0, 0.0, 0.0, -5e-06, 0.0, 0.0, -1.0, 3.050234, 0.0, 1.0, 0.0, 0.662337, 0.0, 0.0, 0.0, 1.0],
                [1.0, 0.0, 0.0, -5e-06, 0.0, 0.0, -1.0, 3.067057, 0.0, 1.0, 0.0, 0.662789, 0.0, 0.0, 0.0, 1.0],
                [1.0, 0.0, 0.0, -5e-06, 0.0, 0.0, -1.0, 3.082111, 0.0, 1.0, 0.0, 0.663239, 0.0, 0.0, 0.0, 1.0],
                [1.0, 0.0, 0.0, -5e-06, 0.0, 0.0, -1.0, 3.095494, 0.0, 1.0, 0.0, 0.663686, 0.0, 0.0, 0.0, 1.0],
                [1.0, 0.0, 0.0, -5e-06, 0.0, 0.0, -1.0, 3.107305, 0.0, 1.0, 0.0, 0.664127, 0.0, 0.0, 0.0, 1.0],
                [1.0, 0.0, 0.0, -5e-06, 0.0, 0.0, -1.0, 3.117641, 0.0, 1.0, 0.0, 0.664562, 0.0, 0.0, 0.0, 1.0],
                [1.0, 0.0, 0.0, -5e-06, 0.0, 0.0, -1.0, 3.126602, 0.0, 1.0, 0.0, 0.664988, 0.0, 0.0, 0.0, 1.0],
                [1.0, 0.0, 0.0, -5e-06, 0.0, 0.0, -1.0, 3.134284, 0.0, 1.0, 0.0, 0.665402, 0.0, 0.0, 0.0, 1.0],
                [1.0, 0.0, 0.0, -5e-06, 0.0, 0.0, -1.0, 3.140788, 0.0, 1.0, 0.0, 0.665804, 0.0, 0.0, 0.0, 1.0],
                [1.0, 0.0, 0.0, -5e-06, 0.0, 0.0, -1.0, 3.14621, 0.0, 1.0, 0.0, 0.666191, 0.0, 0.0, 0.0, 1.0],
                [1.0, 0.0, 0.0, -5e-06, 0.0, 0.0, -1.0, 3.150649, 0.0, 1.0, 0.0, 0.66656, 0.0, 0.0, 0.0, 1.0],
                [1.0, 0.0, 0.0, -5e-06, 0.0, 0.0, -1.0, 3.154204, 0.0, 1.0, 0.0, 0.666911, 0.0, 0.0, 0.0, 1.0],
                [1.0, 0.0, 0.0, -5e-06, 0.0, 0.0, -1.0, 3.156973, 0.0, 1.0, 0.0, 0.667241, 0.0, 0.0, 0.0, 1.0],
                [1.0, 0.0, 0.0, -5e-06, 0.0, 0.0, -1.0, 3.159053, 0.0, 1.0, 0.0, 0.667547, 0.0, 0.0, 0.0, 1.0],
                [1.0, 0.0, 0.0, -5e-06, 0.0, 0.0, -1.0, 3.160543, 0.0, 1.0, 0.0, 0.667829, 0.0, 0.0, 0.0, 1.0],
                [1.0, 0.0, 0.0, -5e-06, 0.0, 0.0, -1.0, 3.161543, 0.0, 1.0, 0.0, 0.668085, 0.0, 0.0, 0.0, 1.0],
                [1.0, 0.0, 0.0, -5e-06, 0.0, 0.0, -1.0, 3.162149, 0.0, 1.0, 0.0, 0.668311, 0.0, 0.0, 0.0, 1.0],
                [1.0, 0.0, 0.0, -5e-06, 0.0, 0.0, -1.0, 3.16246, 0.0, 1.0, 0.0, 0.668507, 0.0, 0.0, 0.0, 1.0],
                [1.0, 0.0, 0.0, -5e-06, 0.0, 0.0, -1.0, 3.162575, 0.0, 1.0, 0.0, 0.668669, 0.0, 0.0, 0.0, 1.0],
                [1.0, 0.0, 0.0, -5e-06, 0.0, 0.0, -1.0, 3.162591, 0.0, 1.0, 0.0, 0.668797, 0.0, 0.0, 0.0, 1.0],
                [1.0, 0.0, 0.0, -5e-06, 0.0, 0.0, -1.0, 3.162581, 0.0, 1.0, 0.0, 0.668892, 0.0, 0.0, 0.0, 1.0],
                [1.0, 0.0, 0.0, -5e-06, 0.0, 0.0, -1.0, 3.162513, 0.0, 1.0, 0.0, 0.668963, 0.0, 0.0, 0.0, 1.0],
                [1.0, 0.0, 0.0, -5e-06, 0.0, 0.0, -1.0, 3.162325, 0.0, 1.0, 0.0, 0.669027, 0.0, 0.0, 0.0, 1.0],
                [1.0, 0.0, 0.0, -5e-06, 0.0, 0.0, -1.0, 3.161961, 0.0, 1.0, 0.0, 0.669097, 0.0, 0.0, 0.0, 1.0],
                [1.0, 0.0, 0.0, -5e-06, 0.0, 0.0, -1.0, 3.161361, 0.0, 1.0, 0.0, 0.669187, 0.0, 0.0, 0.0, 1.0],
                [1.0, 0.0, 0.0, -5e-06, 0.0, 0.0, -1.0, 3.160465, 0.0, 1.0, 0.0, 0.669312, 0.0, 0.0, 0.0, 1.0],
                [1.0, 0.0, 0.0, -5e-06, 0.0, 0.0, -1.0, 3.159214, 0.0, 1.0, 0.0, 0.669487, 0.0, 0.0, 0.0, 1.0],
                [1.0, 0.0, 0.0, -5e-06, 0.0, 0.0, -1.0, 3.15755, 0.0, 1.0, 0.0, 0.669724, 0.0, 0.0, 0.0, 1.0],
                [1.0, 0.0, 0.0, -5e-06, 0.0, 0.0, -1.0, 3.155414, 0.0, 1.0, 0.0, 0.67004, 0.0, 0.0, 0.0, 1.0],
                [1.0, 0.0, 0.0, -5e-06, 0.0, 0.0, -1.0, 3.152746, 0.0, 1.0, 0.0, 0.670447, 0.0, 0.0, 0.0, 1.0],
                [1.0, 0.0, 0.0, -5e-06, 0.0, 0.0, -1.0, 3.149487, 0.0, 1.0, 0.0, 0.670961, 0.0, 0.0, 0.0, 1.0],
                [1.0, 0.0, 0.0, -5e-06, 0.0, 0.0, -1.0, 3.145578, 0.0, 1.0, 0.0, 0.671596, 0.0, 0.0, 0.0, 1.0],
                [1.0, 0.0, 0.0, -5e-06, 0.0, 0.0, -1.0, 3.13938, 0.0, 1.0, 0.0, 0.672615, 0.0, 0.0, 0.0, 1.0],
                [1.0, 0.0, 0.0, -5e-06, 0.0, 0.0, -1.0, 3.129496, 0.0, 1.0, 0.0, 0.674241, 0.0, 0.0, 0.0, 1.0],
                [1.0, 0.0, 0.0, -5e-06, 0.0, 0.0, -1.0, 3.116235, 0.0, 1.0, 0.0, 0.676422, 0.0, 0.0, 0.0, 1.0],
                [1.0, 0.0, 0.0, -5e-06, 0.0, 0.0, -1.0, 3.099904, 0.0, 1.0, 0.0, 0.679108, 0.0, 0.0, 0.0, 1.0],
                [1.0, 0.0, 0.0, -5e-06, 0.0, 0.0, -1.0, 3.08081, 0.0, 1.0, 0.0, 0.682248, 0.0, 0.0, 0.0, 1.0],
                [1.0, 0.0, 0.0, -5e-06, 0.0, 0.0, -1.0, 3.05926, 0.0, 1.0, 0.0, 0.685793, 0.0, 0.0, 0.0, 1.0],
                [1.0, 0.0, 0.0, -5e-06, 0.0, 0.0, -1.0, 3.035562, 0.0, 1.0, 0.0, 0.68969, 0.0, 0.0, 0.0, 1.0],
                [1.0, 0.0, 0.0, -5e-06, 0.0, 0.0, -1.0, 3.010023, 0.0, 1.0, 0.0, 0.693891, 0.0, 0.0, 0.0, 1.0],
                [1.0, 0.0, 0.0, -5e-06, 0.0, 0.0, -1.0, 2.982952, 0.0, 1.0, 0.0, 0.698343, 0.0, 0.0, 0.0, 1.0],
                [1.0, 0.0, 0.0, -5e-06, 0.0, 0.0, -1.0, 2.954654, 0.0, 1.0, 0.0, 0.702997, 0.0, 0.0, 0.0, 1.0],
                [1.0, 0.0, 0.0, -5e-06, 0.0, 0.0, -1.0, 2.925438, 0.0, 1.0, 0.0, 0.707802, 0.0, 0.0, 0.0, 1.0],
                [1.0, 0.0, 0.0, -5e-06, 0.0, 0.0, -1.0, 2.895612, 0.0, 1.0, 0.0, 0.712708, 0.0, 0.0, 0.0, 1.0],
                [1.0, 0.0, 0.0, -5e-06, 0.0, 0.0, -1.0, 2.865481, 0.0, 1.0, 0.0, 0.717664, 0.0, 0.0, 0.0, 1.0],
                [1.0, 0.0, 0.0, -5e-06, 0.0, 0.0, -1.0, 2.835354, 0.0, 1.0, 0.0, 0.722619, 0.0, 0.0, 0.0, 1.0],
                [1.0, 0.0, 0.0, -5e-06, 0.0, 0.0, -1.0, 2.805539, 0.0, 1.0, 0.0, 0.727523, 0.0, 0.0, 0.0, 1.0],
                [1.0, 0.0, 0.0, -5e-06, 0.0, 0.0, -1.0, 2.776342, 0.0, 1.0, 0.0, 0.732325, 0.0, 0.0, 0.0, 1.0],
                [1.0, 0.0, 0.0, -5e-06, 0.0, 0.0, -1.0, 2.748071, 0.0, 1.0, 0.0, 0.736974, 0.0, 0.0, 0.0, 1.0],
                [1.0, 0.0, 0.0, -5e-06, 0.0, 0.0, -1.0, 2.721034, 0.0, 1.0, 0.0, 0.741421, 0.0, 0.0, 0.0, 1.0],
                [1.0, 0.0, 0.0, -5e-06, 0.0, 0.0, -1.0, 2.695537, 0.0, 1.0, 0.0, 0.745615, 0.0, 0.0, 0.0, 1.0],
                [1.0, 0.0, 0.0, -5e-06, 0.0, 0.0, -1.0, 2.671889, 0.0, 1.0, 0.0, 0.749504, 0.0, 0.0, 0.0, 1.0],
                [1.0, 0.0, 0.0, -5e-06, 0.0, 0.0, -1.0, 2.650397, 0.0, 1.0, 0.0, 0.753039, 0.0, 0.0, 0.0, 1.0],
                [1.0, 0.0, 0.0, -5e-06, 0.0, 0.0, -1.0, 2.631367, 0.0, 1.0, 0.0, 0.756169, 0.0, 0.0, 0.0, 1.0],
                [1.0, 0.0, 0.0, -5e-06, 0.0, 0.0, -1.0, 2.615108, 0.0, 1.0, 0.0, 0.758843, 0.0, 0.0, 0.0, 1.0],
                [1.0, 0.0, 0.0, -5e-06, 0.0, 0.0, -1.0, 2.601928, 0.0, 1.0, 0.0, 0.761011, 0.0, 0.0, 0.0, 1.0],
                [1.0, 0.0, 0.0, -5e-06, 0.0, 0.0, -1.0, 2.592132, 0.0, 1.0, 0.0, 0.762622, 0.0, 0.0, 0.0, 1.0],
                [1.0, 0.0, 0.0, -5e-06, 0.0, 0.0, -1.0, 2.58603, 0.0, 1.0, 0.0, 0.763626, 0.0, 0.0, 0.0, 1.0],
                [1.0, 0.0, 0.0, -5e-06, 0.0, 0.0, -1.0, 2.583927, 0.0, 1.0, 0.0, 0.763972, 0.0, 0.0, 0.0, 1.0],
                [1.0, 0.0, 0.0, -5e-06, 0.0, 0.0, -1.0, 2.583927, 0.0, 1.0, 0.0, 0.763972, 0.0, 0.0, 0.0, 1.0]
            ]
        },
        {
            "name": "Thigh_R",
            "time": [0.0, 0.0167, 0.0333, 0.05, 0.0667, 0.0833, 0.1, 0.1167, 0.1333, 0.15, 0.1667, 0.1833, 0.2, 0.2167, 0.2333, 0.25, 0.2667, 0.2833, 0.3, 0.3167, 0.3333, 0.35, 0.3667, 0.3833, 0.4, 0.4167, 0.4333, 0.45, 0.4667, 0.4833, 0.5, 0.5167, 0.5333, 0.55, 0.5667, 0.5833, 0.6, 0.6167, 0.6333, 0.65, 0.6667, 0.6833, 0.7, 0.7167, 0.7333, 0.75, 0.7667, 0.7833, 0.8, 0.8167, 0.8333, 0.85, 0.8667, 0.8833, 0.9, 0.9167, 0.9333, 0.95, 0.9667, 0.9833, 1.0, 1.0167, 1.0333, 1.05, 1.0667, 1.0833, 1.1, 1.1167, 1.1333, 1.15, 1.1667, 1.1833, 1.2, 1.2167, 1.2333, 1.25, 1.2667, 1.2833, 1.3, 1.3167, 1.3333, 1.35, 1.3667, 1.3833, 1.4, 1.4167, 1.4333, 1.45, 1.4667, 1.4833, 1.5, 1.5167, 1.5333, 1.55, 1.5667, 1.5833, 1.6, 1.6167, 1.6333, 1.65, 1.6667, 1.6833, 1.7, 1.7167, 1.7333, 1.75, 1.7667, 1.7833, 1.8, 1.8167, 1.8333, 1.85, 1.8667, 1.8833, 1.9, 1.9167, 1.9333, 1.95, 1.9667, 1.9833],
            "transform": [
                [0.922868, -0.043881, -0.382608, 0.124994, -0.111677, -0.981292, -0.156827, -0.005666, -0.368568, 0.187459, -0.910503, 0.032399, 0.0, 0.0, 0.0, 1.0],
                [0.922868, -0.043881, -0.382608, 0.124994, -0.111677, -0.981292, -0.156827, -0.005666, -0.368568, 0.187459, -0.910503, 0.032399, 0.0, 0.0, 0.0, 1.0],
                [0.922868, -0.043881, -0.382608, 0.124994, -0.111677, -0.981292, -0.156827, -0.005666, -0.368568, 0.187459, -0.910503, 0.032399, 0.0, 0.0, 0.0, 1.0],
                [0.922868, -0.043881, -0.382608, 0.124994, -0.111677, -0.981292, -0.156827, -0.005666, -0.368568, 0.187459, -0.910503, 0.032399, 0.0, 0.0, 0.0, 1.0],
                [0.922868, -0.043881, -0.382608, 0.124994, -0.111677, -0.981292, -0.156827, -0.005666, -0.368568, 0.187459, -0.910503, 0.032399, 0.0, 0.0, 0.0, 1.0],
                [0.922868, -0.043881, -0.382608, 0.124994, -0.111677, -0.981292, -0.156827, -0.005666, -0.368568, 0.187459, -0.910503, 0.032399, 0.0, 0.0, 0.0, 1.0],
                [0.922868, -0.043881, -0.382608, 0.124994, -0.111677, -0.981292, -0.156827, -0.005666, -0.368568, 0.187459, -0.910503, 0.032399, 0.0, 0.0, 0.0, 1.0],
                [0.922868, -0.043881, -0.382608, 0.124994, -0.111677, -0.981292, -0.156827, -0.005666, -0.368568, 0.187459, -0.910503, 0.032399, 0.0, 0.0, 0.0, 1.0],
                [0.922868, -0.043881, -0.382608, 0.124994, -0.111677, -0.981292, -0.156827, -0.005666, -0.368568, 0.187459, -0.910503, 0.032399, 0.0, 0.0, 0.0, 1.0],
                [0.922868, -0.043881, -0.382608, 0.124994, -0.111677, -0.981292, -0.156827, -0.005666, -0.368568, 0.187459, -0.910503, 0.032399, 0.0, 0.0, 0.0, 1.0],
                [0.922868, -0.043881, -0.382608, 0.124994, -0.111677, -0.981292, -0.156827, -0.005666, -0.368568, 0.187459, -0.910503, 0.032399, 0.0, 0.0, 0.0, 1.0],
                [0.922868, -0.043881, -0.382608, 0.124994, -0.111677, -0.981292, -0.156827, -0.005666, -0.368568, 0.187459, -0.910503, 0.032399, 0.0, 0.0, 0.0, 1.0],
                [0.922868, -0.043881, -0.382608, 0.124994, -0.111677, -0.981292, -0.156827, -0.005666, -0.368568, 0.187459, -0.910503, 0.032399, 0.0, 0.0, 0.0, 1.0],
                [0.923913, -0.044496, -0.380006, 0.124994, -0.108764, -0.982782, -0.149362, -0.005666, -0.366817, 0.179329, -0.912845, 0.032399, 0.0, 0.0, 0.0, 1.0],
                [0.926884, -0.046133, -0.372503, 0.124994, -0.100491, -0.986689, -0.12785, -0.005666, -0.361647, 0.155935, -0.919182, 0.032399, 0.0, 0.0, 0.0, 1.0],
                [0.931513, -0.048337, -0.360482, 0.124994, -0.087617, -0.991763, -0.093426, -0.005666, -0.352997, 0.118612, -0.928076, 0.032399, 0.0, 0.0, 0.0, 1.0],
                [0.937501, -0.050514, -0.344296, 0.124994, -0.070999, -0.996361, -0.047146, -0.005666, -0.340662, 0.068644, -0.937677, 0.032399, 0.0, 0.0, 0.0, 1.0],
                [0.944511, -0.051992, -0.324338, 0.124994, -0.051605, -0.998619, 0.009799, -0.005666, -0.3244, 0.007482, -0.94589, 0.032399, 0.0, 0.0, 0.0, 1.0],
                [0.952165, -0.052086, -0.301113, 0.124994, -0.030511, -0.996647, 0.075915, -0.005666, -0.304057, -0.063097, -0.950562, 0.032399, 0.0, 0.0, 0.0, 1.0],
                [0.960056, -0.050175, -0.275272, 0.124994, -0.008872, -0.988754, 0.149285, -0.005666, -0.279666, -0.14088, -0.949705, 0.032399, 0.0, 0.0, 0.0, 1.0],
                [0.967773, -0.045791, -0.247627, 0.124994, 0.012153, -0.97369, 0.227552, -0.005666, -0.251532, -0.223228, -0.941754, 0.032399, 0.0, 0.0, 0.0, 1.0],
                [0.97493, -0.038692, -0.219122, 0.124994, 0.03149, -0.950862, 0.308008, -0.005666, -0.220273, -0.307187, -0.925806, 0.032399, 0.0, 0.0, 0.0, 1.0],
                [0.98121, -0.028918, -0.190764, 0.124994, 0.048266, -0.920482, 0.387793, -0.005666, -0.186809, -0.389714, -0.90179, 0.032399, 0.0, 0.0, 0.0, 1.0],
                [0.986395, -0.016804, -0.163534, 0.124994, 0.061897, -0.883594, 0.464144, -0.005666, -0.152297, -0.467952, -0.870533, 0.032399, 0.0, 0.0, 0.0, 1.0],
                [0.990386, -0.002954, -0.138296, 0.124994, 0.072148, -0.841984, 0.534656, -0.005666, -0.118023, -0.539494, -0.833676, 0.032399, 0.0, 0.0, 0.0, 1.0],
                [0.99321, 0.011836, -0.115732, 0.124994, 0.079129, -0.797976, 0.597472, -0.005666, -0.085279, -0.602573, -0.793494, 0.032399, 0.0, 0.0, 0.0, 1.0],
                [0.994995, 0.026655, -0.096302, 0.124994, 0.083247, -0.754186, 0.651362, -0.005666, -0.055268, -0.656119, -0.752631, 0.032399, 0.0, 0.0, 0.0, 1.0],
                [0.995948, 0.040568, -0.080265, 0.124994, 0.08512, -0.713288, 0.695683, -0.005666, -0.02903, -0.699696, -0.713851, 0.032399, 0.0, 0.0, 0.0, 1.0],
                [0.996313, 0.052677, -0.067719, 0.124994, 0.085472, -0.677826, 0.730237, -0.005666, -0.007435, -0.733333, -0.679829, 0.032399, 0.0, 0.0, 0.0, 1.0],
                [0.996339, 0.062165, -0.05868, 0.124994, 0.085033, -0.650117, 0.755061, -0.005666, 0.00879, -0.757287, -0.653023, 0.032399, 0.0, 0.0, 0.0, 1.0],
                [0.996247, 0.068309, -0.053162, 0.124994, 0.084446, -0.632208, 0.770182, -0.005666, 0.019001, -0.771781, -0.635604, 0.032399, 0.0, 0.0, 0.0, 1.0],
                [0.996195, 0.07048, -0.051271, 0.124994, 0.084185, -0.625885, 0.775358, -0.005666, 0.022557, -0.776724, -0.629437, 0.032399, 0.0, 0.0, 0.0, 1.0],
                [0.996258, 0.067781, -0.053626, 0.124994, 0.084506, -0.633746, 0.768911, -0.005666, 0.018132, -0.770566, -0.637103, 0.032399, 0.0, 0.0, 0.0, 1.0],
                [0.996351, 0.060209, -0.060492, 0.124994, 0.085171, -0.655826, 0.750091, -0.005666, 0.00549, -0.752507, -0.658562, 0.032399, 0.0, 0.0, 0.0, 1.0],
                [0.996235, 0.048662, -0.071747, 0.124994, 0.085475, -0.689571, 0.719156, -0.005666, -0.014479, -0.722581, -0.691134, 0.032399, 0.0, 0.0, 0.0, 1.0],
                [0.995588, 0.034192, -0.08738, 0.124994, 0.084474, -0.732008, 0.676039, -0.005666, -0.040848, -0.680438, -0.731667, 0.032399, 0.0, 0.0, 0.0, 1.0],
                [0.99406, 0.017988, -0.107333, 0.124994, 0.08114, -0.779765, 0.620792, -0.005666, -0.072527, -0.625814, -0.776593, 0.032399, 0.0, 0.0, 0.0, 1.0],
                [0.991334, 0.001338, -0.131357, 0.124994, 0.074527, -0.829175, 0.553998, -0.005666, -0.108177, -0.558987, -0.82209, 0.032399, 0.0, 0.0, 0.0, 1.0],
                [0.987187, -0.014466, -0.158913, 0.124994, 0.063953, -0.876534, 0.477072, -0.005666, -0.146194, -0.481123, -0.864377, 0.032399, 0.0, 0.0, 0.0, 1.0],
                [0.981547, -0.028265, -0.189122, 0.124994, 0.049159, -0.918478, 0.392405, -0.005666, -0.184796, -0.394461, -0.90014, 0.032399, 0.0, 0.0, 0.0, 1.0],
                [0.97453, -0.039186, -0.220805, 0.124994, 0.030416, -0.95242, 0.303266, -0.005666, -0.222183, -0.302258, -0.926971, 0.032399, 0.0, 0.0, 0.0, 1.0],
                [0.966441, -0.046759, -0.252596, 0.124994, 0.008537, -0.976905, 0.2135, -0.005666, -0.256746, -0.208492, -0.943723, 0.032399, 0.0, 0.0, 0.0, 1.0],
                [0.957735, -0.050977, -0.283099, 0.124994, -0.015224, -0.991775, 0.127084, -0.005666, -0.287248, -0.117403, -0.950634, 0.032399, 0.0, 0.0, 0.0, 1.0],
                [0.948961, -0.052257, -0.311034, 0.124994, -0.03933, -0.998087, 0.047693, -0.005666, -0.312931, -0.033026, -0.949201, 0.032399, 0.0, 0.0, 0.0, 1.0],
                [0.940695, -0.051339, -0.335346, 0.124994, -0.062155, -0.997833, -0.021594, -0.005666, -0.333511, 0.041157, -0.941847, 0.032399, 0.0, 0.0, 0.0, 1.0],
                [0.933488, -0.049142, -0.355226, 0.124994, -0.082132, -0.993534, -0.078389, -0.005666, -0.349077, 0.102351, -0.931488, 0.032399, 0.0, 0.0, 0.0, 1.0],
                [0.927834, -0.046621, -0.370068, 0.124994, -0.097846, -0.987834, -0.120873, -0.005666, -0.359931, 0.14836, -0.921108, 0.032399, 0.0, 0.0, 0.0, 1.0],
                [0.924168, -0.044643, -0.37937, 0.124994, -0.108055, -0.983136, -0.147537, -0.005666, -0.366385, 0.177342, -0.913407, 0.032399, 0.0, 0.0, 0.0, 1.0],
                [0.922868, -0.043881, -0.382608, 0.124994, -0.111677, -0.981292, -0.156827, -0.005666, -0.368568, 0.187459, -0.910503, 0.032399, 0.0, 0.0, 0.0, 1.0],
                [0.922868, -0.043881, -0.382608, 0.124994, -0.111677, -0.981292, -0.156827, -0.005666, -0.368568, 0.187459, -0.910503, 0.032399, 0.0, 0.0, 0.0, 1.0],
                [0.922868, -0.043881, -0.382608, 0.124994, -0.111677, -0.981292, -0.156827, -0.005666, -0.368568, 0.187459, -0.910503, 0.032399, 0.0, 0.0, 0.0, 1.0],
                [0.922868, -0.043881, -0.382608, 0.124994, -0.111677, -0.981292, -0.156827, -0.005666, -0.368568, 0.187459, -0.910503, 0.032399, 0.0, 0.0, 0.0, 1.0],
                [0.922868, -0.043881, -0.382608, 0.124994, -0.111677, -0.981292, -0.156827, -0.005666, -0.368568, 0.187459, -0.910503, 0.032399, 0.0, 0.0, 0.0, 1.0],
                [0.922868, -0.043881, -0.382608, 0.124994, -0.111677, -0.981292, -0.156827, -0.005666, -0.368568, 0.187459, -0.910503, 0.032399, 0.0, 0.0, 0.0, 1.0],
                [0.922868, -0.043881, -0.382608, 0.124994, -0.111677, -0.981292, -0.156827, -0.005666, -0.368568, 0.187459, -0.910503, 0.032399, 0.0, 0.0, 0.0, 1.0],
                [0.922868, -0.043881, -0.382608, 0.124994, -0.111677, -0.981292, -0.156827, -0.005666, -0.368568, 0.187459, -0.910503, 0.032399, 0.0, 0.0, 0.0, 1.0],
                [0.922868, -0.043881, -0.382608, 0.124994, -0.111677, -0.981292, -0.156827, -0.005666, -0.368568, 0.187459, -0.910503, 0.032399, 0.0, 0.0, 0.0, 1.0],
                [0.922868, -0.043881, -0.382608, 0.124994, -0.111677, -0.981292, -0.156827, -0.005666, -0.368568, 0.187459, -0.910503, 0.032399, 0.0, 0.0, 0.0, 1.0],
                [0.922868, -0.043881, -0.382608, 0.124994, -0.111677, -0.981292, -0.156827, -0.005666, -0.368568, 0.187459, -0.910503, 0.032399, 0.0, 0.0, 0.0, 1.0],
                [0.922868, -0.043881, -0.382608, 0.124994, -0.111677, -0.981292, -0.156827, -0.005666, -0.368568, 0.187459, -0.910503, 0.032399, 0.0, 0.0, 0.0, 1.0],
                [0.922868, -0.043881, -0.382608, 0.124994, -0.111677, -0.981292, -0.156827, -0.005666, -0.368568, 0.187459, -0.910503, 0.032399, 0.0, 0.0, 0.0, 1.0],
                [0.922868, -0.043881, -0.382608, 0.124994, -0.111677, -0.981292, -0.156827, -0.005666, -0.368568, 0.187459, -0.910503, 0.032399, 0.0, 0.0, 0.0, 1.0],
                [0.922868, -0.043881, -0.382608, 0.124994, -0.111677, -0.981292, -0.156827, -0.005666, -0.368568, 0.187459, -0.910503, 0.032399, 0.0, 0.0, 0.0, 1.0],
                [0.922868, -0.043881, -0.382608, 0.124994, -0.111677, -0.981292, -0.156827, -0.005666, -0.368568, 0.187459, -0.910503, 0.032399, 0.0, 0.0, 0.0, 1.0],
                [0.922868, -0.043881, -0.382608, 0.124994, -0.111677, -0.981292, -0.156827, -0.005666, -0.368568, 0.187459, -0.910503, 0.032399, 0.0, 0.0, 0.0, 1.0],
                [0.922868, -0.043881, -0.382608, 0.124994, -0.111677, -0.981292, -0.156827, -0.005666, -0.368568, 0.187459, -0.910503, 0.032399, 0.0, 0.0, 0.0, 1.0],
                [0.922868, -0.043881, -0.382608, 0.124994, -0.111677, -0.981292, -0.156827, -0.005666, -0.368568, 0.187459, -0.910503, 0.032399, 0.0, 0.0, 0.0, 1.0],
                [0.922868, -0.043881, -0.382608, 0.124994, -0.111677, -0.981292, -0.156827, -0.005666, -0.368568, 0.187459, -0.910503, 0.032399, 0.0, 0.0, 0.0, 1.0],
                [0.922868, -0.043881, -0.382608, 0.124994, -0.111677, -0.981292, -0.156827, -0.005666, -0.368568, 0.187459, -0.910503, 0.032399, 0.0, 0.0, 0.0, 1.0],
                [0.922868, -0.043881, -0.382608, 0.124994, -0.111677, -0.981292, -0.156827, -0.005666, -0.368568, 0.187459, -0.910503, 0.032399, 0.0, 0.0, 0.0, 1.0],
                [0.922868, -0.043881, -0.382608, 0.124994, -0.111677, -0.981292, -0.156827, -0.005666, -0.368568, 0.187459, -0.910503, 0.032399, 0.0, 0.0, 0.0, 1.0],
                [0.922868, -0.043881, -0.382608, 0.124994, -0.111677, -0.981292, -0.156827, -0.005666, -0.368568, 0.187459, -0.910503, 0.032399, 0.0, 0.0, 0.0, 1.0],
                [0.922868, -0.043881, -0.382608, 0.124994, -0.111677, -0.981292, -0.156827, -0.005666, -0.368568, 0.187459, -0.910503, 0.032399, 0.0, 0.0, 0.0, 1.0],
                [0.922868, -0.043881, -0.382608, 0.124994, -0.111677, -0.981292, -0.156827, -0.005666, -0.368568, 0.187459, -0.910503, 0.032399, 0.0, 0.0, 0.0, 1.0],
                [0.922868, -0.043881, -0.382608, 0.124994, -0.111677, -0.981292, -0.156827, -0.005666, -0.368568, 0.187459, -0.910503, 0.032399, 0.0, 0.0, 0.0, 1.0],
                [0.922877, -0.043879, -0.382588, 0.124994, -0.111662, -0.981296, -0.156807, -0.005666, -0.368551, 0.187435, -0.910515, 0.032399, 0.0, 0.0, 0.0, 1.0],
                [0.922936, -0.043864, -0.382445, 0.124994, -0.11156, -0.98133, -0.15667, -0.005666, -0.368432, 0.187263, -0.910599, 0.032399, 0.0, 0.0, 0.0, 1.0],
                [0.923099, -0.043825, -0.382057, 0.124994, -0.111284, -0.981421, -0.156299, -0.005666, -0.368109, 0.186796, -0.910825, 0.032399, 0.0, 0.0, 0.0, 1.0],
                [0.923582, -0.043707, -0.380901, 0.124994, -0.110459, -0.98169, -0.155189, -0.005666, -0.367144, 0.185404, -0.911499, 0.032399, 0.0, 0.0, 0.0, 1.0],
                [0.924551, -0.043463, -0.378571, 0.124994, -0.108802, -0.982226, -0.15295, -0.005666, -0.365195, 0.1826, -0.912847, 0.032399, 0.0, 0.0, 0.0, 1.0],
                [0.925973, -0.04309, -0.375123, 0.124994, -0.106361, -0.983004, -0.14963, -0.005666, -0.3623, 0.178452, -0.914819, 0.032399, 0.0, 0.0, 0.0, 1.0],
                [0.927812, -0.042578, -0.37061, 0.124994, -0.103185, -0.983996, -0.145273, -0.005666, -0.358494, 0.173027, -0.917357, 0.032399, 0.0, 0.0, 0.0, 1.0],
                [0.93003, -0.041916, -0.365085, 0.124994, -0.099326, -0.985168, -0.139919, -0.005666, -0.353805, 0.166391, -0.9204, 0.032399, 0.0, 0.0, 0.0, 1.0],
                [0.932587, -0.041089, -0.358599, 0.124994, -0.094839, -0.986486, -0.133608, -0.005666, -0.348263, 0.15861, -0.923881, 0.032399, 0.0, 0.0, 0.0, 1.0],
                [0.93544, -0.04008, -0.351205, 0.124994, -0.089777, -0.987911, -0.126379, -0.005666, -0.341894, 0.149751, -0.92773, 0.032399, 0.0, 0.0, 0.0, 1.0],
                [0.938547, -0.038874, -0.342956, 0.124994, -0.084198, -0.989405, -0.118271, -0.005666, -0.334725, 0.13988, -0.931876, 0.032399, 0.0, 0.0, 0.0, 1.0],
                [0.941862, -0.037452, -0.333905, 0.124994, -0.07816, -0.990928, -0.109324, -0.005666, -0.326782, 0.129066, -0.936246, 0.032399, 0.0, 0.0, 0.0, 1.0],
                [0.945343, -0.035797, -0.324108, 0.124994, -0.07172, -0.992442, -0.099577, -0.005666, -0.318094, 0.11738, -0.940765, 0.032399, 0.0, 0.0, 0.0, 1.0],
                [0.948943, -0.033894, -0.313621, 0.124994, -0.064939, -0.993906, -0.089075, -0.005666, -0.308691, 0.104893, -0.945361, 0.032399, 0.0, 0.0, 0.0, 1.0],
                [0.95262, -0.031727, -0.302504, 0.124994, -0.057873, -0.995283, -0.077863, -0.005666, -0.298607, 0.091681, -0.949962, 0.032399, 0.0, 0.0, 0.0, 1.0],
                [0.95633, -0.029285, -0.290817, 0.124994, -0.050584, -0.996537, -0.06599, -0.005666, -0.287878, 0.077819, -0.9545, 0.032399, 0.0, 0.0, 0.0, 1.0],
                [0.960033, -0.026558, -0.278624, 0.124994, -0.043128, -0.997635, -0.053508, -0.005666, -0.276544, 0.063386, -0.958909, 0.032399, 0.0, 0.0, 0.0, 1.0],
                [0.963689, -0.023541, -0.265988, 0.124994, -0.035563, -0.998547, -0.040472, -0.005666, -0.264649, 0.048461, -0.963126, 0.032399, 0.0, 0.0, 0.0, 1.0],
                [0.967261, -0.020229, -0.252978, 0.124994, -0.027944, -0.999246, -0.026941, -0.005666, -0.252242, 0.033128, -0.967097, 0.032399, 0.0, 0.0, 0.0, 1.0],
                [0.970714, -0.016625, -0.239661, 0.124994, -0.020326, -0.999709, -0.012979, -0.005666, -0.239375, 0.01747, -0.97077, 0.032399, 0.0, 0.0, 0.0, 1.0],
                [0.974019, -0.012734, -0.226108, 0.124994, -0.012759, -0.999917, 0.001349, -0.005666, -0.226106, 0.001571, -0.974101, 0.032399, 0.0, 0.0, 0.0, 1.0],
                [0.977148, -0.008565, -0.212389, 0.124994, -0.005293, -0.999858, 0.015973, -0.005666, -0.212496, -0.014484, -0.977055, 0.032399, 0.0, 0.0, 0.0, 1.0],
                [0.980077, -0.004134, -0.198576, 0.124994, 0.002029, -0.999523, 0.03082, -0.005666, -0.198609, -0.030609, -0.979601, 0.032399, 0.0, 0.0, 0.0, 1.0],
                [0.982787, 0.000542, -0.184741, 0.124994, 0.009163, -0.998908, 0.045817, -0.005666, -0.184515, -0.046721, -0.981719, 0.032399, 0.0, 0.0, 0.0, 1.0],
                [0.985264, 0.005439, -0.170956, 0.124994, 0.016073, -0.998015, 0.060885, -0.005666, -0.170286, -0.062736, -0.983396, 0.032399, 0.0, 0.0, 0.0, 1.0],
                [0.987496, 0.010529, -0.157291, 0.124994, 0.022725, -0.996853, 0.075947, -0.005666, -0.155996, -0.078572, -0.984628, 0.032399, 0.0, 0.0, 0.0, 1.0],
                [0.989479, 0.015781, -0.143815, 0.124994, 0.029091, -0.995433, 0.090922, -0.005666, -0.141723, -0.094149, -0.985419, 0.032399, 0.0, 0.0, 0.0, 1.0],
                [0.99121, 0.021159, -0.130597, 0.124994, 0.035144, -0.993773, 0.10573, -0.005666, -0.127546, -0.109391, -0.985782, 0.032399, 0.0, 0.0, 0.0, 1.0],
                [0.992692, 0.026625, -0.117702, 0.124994, 0.040866, -0.991897, 0.120292, -0.005666, -0.113546, -0.124223, -0.985736, 0.032399, 0.0, 0.0, 0.0, 1.0],
                [0.993932, 0.032136, -0.105195, 0.124994, 0.046241, -0.98983, 0.134527, -0.005666, -0.099802, -0.138575, -0.98531, 0.032399, 0.0, 0.0, 0.0, 1.0],
                [0.994941, 0.037647, -0.093135, 0.124994, 0.051257, -0.987605, 0.148356, -0.005666, -0.086396, -0.152379, -0.984539, 0.032399, 0.0, 0.0, 0.0, 1.0],
                [0.995734, 0.043113, -0.081583, 0.124994, 0.055907, -0.985255, 0.161701, -0.005666, -0.073408, -0.165573, -0.983462, 0.032399, 0.0, 0.0, 0.0, 1.0],
                [0.996326, 0.048483, -0.070593, 0.124994, 0.060188, -0.982818, 0.174487, -0.005666, -0.06092, -0.178095, -0.982126, 0.032399, 0.0, 0.0, 0.0, 1.0],
