{
    "armature": {
        "joints": ["Root", "Thigh_R", "Leg_R", "Knee_R", "Thigh_L", "Leg_L", "Knee_L", "Torso", "Chest", "Head", "Shoulder_R", "Arm_R", "Hand_R", "Tool_R", "Elbow_R", "Shoulder_L", "Arm_L", "Hand_L", "Tool_L", "Elbow_L"],
        "hierarchy": [
            {
                "name": "Root",
                "transform": [1.0, 0.0, 0.0, -5e-06, 0.0, 0.0, -1.0, 0.000946, 0.0, 1.0, 0.0, 0.763972, 0.0, 0.0, 0.0, 1.0],
                "children": [
                    {
                        "name": "Thigh_R",
                        "transform": [1.0, -0.0, -0.0, 0.124994, -0.0, -1.0, 0.0, -0.002831, -0.0, -0.0, -1.0, -1.2e-05, 0.0, 0.0, 0.0, 1.0],
                        "children": [
                            {
                                "name": "Leg_R",
                                "transform": [1.0, 0.0, 1e-06, 0.0, -0.0, 1.0, 0.0, 0.37472, -1e-06, -0.0, 1.0, -0.0, 0.0, 0.0, 0.0, 1.0],
                                "children": []
                            },
                            {
                                "name": "Knee_R",
                                "transform": [1.0, 0.0, -0.0, 0.0, -0.0, 0.0, -1.0, 0.37472, -0.0, 1.0, 0.0, -0.0, 0.0, 0.0, 0.0, 1.0],
                                "children": []
                            }
                        ]
                    },
                    {
                        "name": "Thigh_L",
                        "transform": [1.0, -0.0, -0.0, -0.125006, -0.0, -1.0, 0.0, -0.002831, -0.0, -0.0, -1.0, -1.2e-05, 0.0, 0.0, 0.0, 1.0],
                        "children": [
                            {
                                "name": "Leg_L",
                                "transform": [1.0, 0.0, 1e-06, -0.0, -0.0, 1.0, 0.0, 0.37472, -1e-06, -0.0, 1.0, 0.0, 0.0, 0.0, 0.0, 1.0],
                                "children": []
                            },
                            {
                                "name": "Knee_L",
                                "transform": [1.0, 0.0, -0.0, -0.0, -0.0, 0.0, -1.0, 0.37472, -0.0, 1.0, 0.0, 0.0, 0.0, 0.0, 0.0, 1.0],
                                "children": []
                            }
                        ]
                    },
                    {
                        "name": "Torso",
                        "transform": [1.0, 0.0, 0.0, 0.0, 0.0, 1.0, 0.0, 0.05, 0.0, 0.0, 1.0, 0.0, 0.0, 0.0, 0.0, 1.0],
                        "children": [
                            {
                                "name": "Chest",
                                "transform": [1.0, 0.0, 0.0, 0.0, 0.0, 1.0, 0.0, 0.3, 0.0, 0.0, 1.0, 0.0, 0.0, 0.0, 0.0, 1.0],
                                "children": [
                                    {
                                        "name": "Head",
                                        "transform": [1.0, 0.0, 0.0, 0.0, 0.0, 1.0, 0.0, 0.4, 0.0, 0.0, 1.0, 0.0, 0.0, 0.0, 0.0, 1.0],
                                        "children": []
                                    },
                                    {
                                        "name": "Shoulder_R",
                                        "transform": [0.0, 0.952114, 0.305743, 0.0, 0.0, -0.305743, 0.952114, 0.4, 1.0, 0.0, -0.0, 0.0, 0.0, 0.0, 0.0, 1.0],
                                        "children": [
                                            {
                                                "name": "Arm_R",
                                                "transform": [0.0, -0.0, -1.0, -0.0, 0.952114, 0.305743, 0.0, 0.39386, 0.305743, -0.952114, 0.0, 0.0, 0.0, 0.0, 0.0, 1.0],
                                                "children": [
                                                    {
                                                        "name": "Hand_R",
                                                        "transform": [1.0, 0.0, 0.0, 0.0, -0.0, 0.993938, 0.109947, 0.3, -0.0, -0.109947, 0.993937, 0.0, 0.0, 0.0, 0.0, 1.0],
                                                        "children": [
                                                            {
                                                                "name": "Tool_R",
                                                                "transform": [1.0, 0.0, 0.0, -0.0, 0.0, -0.999836, 0.018122, 0.272858, 0.0, -0.018122, -0.999836, 0.0, 0.0, 0.0, 0.0, 1.0],
                                                                "children": []
                                                            }
                                                        ]
                                                    },
                                                    {
                                                        "name": "Elbow_R",
                                                        "transform": [-1.0, 0.0, -0.0, 0.0, 0.0, 0.0, -1.0, 0.3, -0.0, -1.0, -0.0, 0.0, 0.0, 0.0, 0.0, 1.0],
                                                        "children": []
                                                    }
                                                ]
                                            }
                                        ]
                                    },
                                    {
                                        "name": "Shoulder_L",
                                        "transform": [-0.0, -0.952114, -0.305743, 0.0, 0.0, -0.305743, 0.952114, 0.4, -1.0, 0.0, 0.0, 0.0, 0.0, 0.0, 0.0, 1.0],
                                        "children": [
                                            {
                                                "name": "Arm_L",
                                                "transform": [-0.0, -0.0, 1.0, -0.0, -0.952114, 0.305743, -0.0, 0.39386, -0.305743, -0.952114, -0.0, 0.0, 0.0, 0.0, 0.0, 1.0],
                                                "children": [
                                                    {
                                                        "name": "Hand_L",
                                                        "transform": [1.0, -0.0, 0.0, -0.0, 0.0, 0.993937, 0.109947, 0.3, -0.0, -0.109947, 0.993937, 0.0, 0.0, 0.0, 0.0, 1.0],
                                                        "children": [
                                                            {
                                                                "name": "Tool_L",
                                                                "transform": [1.0, 0.0, 0.0, -0.0, -0.0, -0.999836, 0.018122, 0.272858, 0.0, -0.018122, -0.999836, -0.0, 0.0, 0.0, 0.0, 1.0],
                                                                "children": []
                                                            }
                                                        ]
                                                    },
                                                    {
                                                        "name": "Elbow_L",
                                                        "transform": [-1.0, 0.0, -0.0, -0.0, 0.0, -0.0, -1.0, 0.3, -0.0, -1.0, 0.0, 0.0, 0.0, 0.0, 0.0, 1.0],
                                                        "children": []
                                                    }
                                                ]
                                            }
                                        ]
                                    }
                                ]
                            }
                        ]
                    }
                ]
            }
        ]
    },
    "animation": [
        {
            "name": "Root",
            "time": [0.0, 0.0167, 0.0333, 0.05, 0.0667, 0.0833, 0.1, 0.1167, 0.1333, 0.15, 0.1667, 0.1833, 0.2, 0.2167, 0.2333, 0.25, 0.2667, 0.2833, 0.3, 0.3167, 0.3333, 0.35, 0.3667, 0.3833, 0.4, 0.4167, 0.4333, 0.45, 0.4667, 0.4833, 0.5, 0.5167, 0.5333, 0.55, 0.5667, 0.5833, 0.6, 0.6167, 0.6333, 0.65, 0.6667, 0.6833, 0.7, 0.7167, 0.7333, 0.75, 0.7667, 0.7833, 0.8, 0.8167, 0.8333, 0.85, 0.8667, 0.8833, 0.9, 0.9167, 0.9333, 0.95, 0.9667, 0.9833, 1.0, 1.0167, 1.0333, 1.05, 1.0667, 1.0833, 1.1, 1.1167, 1.1333, 1.15, 1.1667, 1.1833, 1.2, 1.2167, 1.2333, 1.25, 1.2667, 1.2833, 1.3, 1.3167, 1.3333, 1.35, 1.3667, 1.3833, 1.4, 1.4167, 1.4333, 1.45, 1.4667, 1.4833, 1.5, 1.5167, 1.5333, 1.55, 1.5667, 1.5833, 1.6, 1.6167, 1.6333, 1.65, 1.6667, 1.6833, 1.7, 1.7167, 1.7333, 1.75, 1.7667, 1.7833, 1.8, 1.8167, 1.8333, 1.85, 1.8667, 1.8833, 1.9, 1.9167, 1.9333, 1.95, 1.9667, 1.9833, 2.0, 2.0167, 2.0333, 2.05, 2.0667, 2.0833, 2.1, 2.1167, 2.1333, 2.15, 2.1667, 2.1833, 2.2, 2.2167, 2.2333, 2.25, 2.2667, 2.2833, 2.3, 2.3167, 2.3333, 2.35, 2.3667, 2.3833, 2.4, 2.4167, 2.4333, 2.45, 2.4667, 2.4833, 2.5, 2.5167, 2.5333, 2.55, 2.5667, 2.5833, 2.6, 2.6167, 2.6333, 2.65, 2.6667, 2.6833, 2.7, 2.7167, 2.7333, 2.75, 2.7667, 2.7833, 2.8, 2.8167, 2.8333, 2.85, 2.8667, 2.8833, 2.9, 2.9167, 2.9333, 2.95, 2.9667, 2.9833, 3.0, 3.0167, 3.0333, 3.05, 3.0667, 3.0833, 3.1, 3.1167, 3.1333, 3.15, 3.1667, 3.1833, 3.2, 3.2167, 3.2333, 3.25, 3.2667, 3.2833, 3.3, 3.3167, 3.3333, 3.35, 3.3667, 3.3833, 3.4, 3.4167, 3.4333, 3.45, 3.4667, 3.4833, 3.5],
            "transform": [
                [0.707107, 0.0, -0.707107, -5e-06, -0.707107, 0.0, -0.707107, 0.375217, 0.0, 1.0, 0.0, 0.763972, 0.0, 0.0, 0.0, 1.0],
                [0.707107, 0.0, -0.707107, -5e-06, -0.707107, 0.0, -0.707107, 0.375217, 0.0, 1.0, 0.0, 0.763462, 0.0, 0.0, 0.0, 1.0],
                [0.707107, 0.0, -0.707107, -5e-06, -0.707107, 0.0, -0.707107, 0.375217, 0.0, 1.0, 0.0, 0.761982, 0.0, 0.0, 0.0, 1.0],
                [0.707107, 0.0, -0.707107, -5e-06, -0.707107, 0.0, -0.707107, 0.375217, 0.0, 1.0, 0.0, 0.759607, 0.0, 0.0, 0.0, 1.0],
                [0.707107, 0.0, -0.707107, -5e-06, -0.707107, 0.0, -0.707107, 0.375217, 0.0, 1.0, 0.0, 0.756411, 0.0, 0.0, 0.0, 1.0],
                [0.707107, 0.0, -0.707107, -5e-06, -0.707107, 0.0, -0.707107, 0.375217, 0.0, 1.0, 0.0, 0.752468, 0.0, 0.0, 0.0, 1.0],
                [0.707107, 0.0, -0.707107, -5e-06, -0.707107, 0.0, -0.707107, 0.375217, 0.0, 1.0, 0.0, 0.747855, 0.0, 0.0, 0.0, 1.0],
                [0.707107, 0.0, -0.707107, -5e-06, -0.707107, 0.0, -0.707107, 0.375217, 0.0, 1.0, 0.0, 0.742644, 0.0, 0.0, 0.0, 1.0],
                [0.707107, 0.0, -0.707107, -5e-06, -0.707107, 0.0, -0.707107, 0.375217, 0.0, 1.0, 0.0, 0.736911, 0.0, 0.0, 0.0, 1.0],
                [0.707107, 0.0, -0.707107, -5e-06, -0.707107, 0.0, -0.707107, 0.375217, 0.0, 1.0, 0.0, 0.73073, 0.0, 0.0, 0.0, 1.0],
                [0.707107, 0.0, -0.707107, -5e-06, -0.707107, 0.0, -0.707107, 0.375217, 0.0, 1.0, 0.0, 0.724177, 0.0, 0.0, 0.0, 1.0],
                [0.707107, 0.0, -0.707107, -5e-06, -0.707107, 0.0, -0.707107, 0.375217, 0.0, 1.0, 0.0, 0.717324, 0.0, 0.0, 0.0, 1.0],
                [0.707107, 0.0, -0.707107, -5e-06, -0.707107, 0.0, -0.707107, 0.375217, 0.0, 1.0, 0.0, 0.710248, 0.0, 0.0, 0.0, 1.0],
                [0.707107, 0.0, -0.707107, -5e-06, -0.707107, 0.0, -0.707107, 0.375217, 0.0, 1.0, 0.0, 0.703023, 0.0, 0.0, 0.0, 1.0],
                [0.707107, 0.0, -0.707107, -5e-06, -0.707107, 0.0, -0.707107, 0.375217, 0.0, 1.0, 0.0, 0.695723, 0.0, 0.0, 0.0, 1.0],
                [0.707107, 0.0, -0.707107, -5e-06, -0.707107, 0.0, -0.707107, 0.375217, 0.0, 1.0, 0.0, 0.688424, 0.0, 0.0, 0.0, 1.0],
                [0.707107, 0.0, -0.707107, -5e-06, -0.707107, 0.0, -0.707107, 0.375217, 0.0, 1.0, 0.0, 0.681198, 0.0, 0.0, 0.0, 1.0],
                [0.707107, 0.0, -0.707107, -5e-06, -0.707107, 0.0, -0.707107, 0.375217, 0.0, 1.0, 0.0, 0.674122, 0.0, 0.0, 0.0, 1.0],
                [0.707107, 0.0, -0.707107, -5e-06, -0.707107, 0.0, -0.707107, 0.375217, 0.0, 1.0, 0.0, 0.66727, 0.0, 0.0, 0.0, 1.0],
                [0.707107, 0.0, -0.707107, -5e-06, -0.707107, 0.0, -0.707107, 0.375217, 0.0, 1.0, 0.0, 0.660716, 0.0, 0.0, 0.0, 1.0],
                [0.707107, 0.0, -0.707107, -5e-06, -0.707107, 0.0, -0.707107, 0.375217, 0.0, 1.0, 0.0, 0.654536, 0.0, 0.0, 0.0, 1.0],
                [0.707107, 0.0, -0.707107, -5e-06, -0.707107, 0.0, -0.707107, 0.375217, 0.0, 1.0, 0.0, 0.648803, 0.0, 0.0, 0.0, 1.0],
                [0.707107, 0.0, -0.707107, -5e-06, -0.707107, 0.0, -0.707107, 0.375217, 0.0, 1.0, 0.0, 0.643592, 0.0, 0.0, 0.0, 1.0],
                [0.707107, 0.0, -0.707107, -5e-06, -0.707107, 0.0, -0.707107, 0.375217, 0.0, 1.0, 0.0, 0.638978, 0.0, 0.0, 0.0, 1.0],
                [0.707107, 0.0, -0.707107, -5e-06, -0.707107, 0.0, -0.707107, 0.375217, 0.0, 1.0, 0.0, 0.635036, 0.0, 0.0, 0.0, 1.0],
                [0.707107, 0.0, -0.707107, -5e-06, -0.707107, 0.0, -0.707107, 0.375217, 0.0, 1.0, 0.0, 0.63184, 0.0, 0.0, 0.0, 1.0],
                [0.707107, 0.0, -0.707107, -5e-06, -0.707107, 0.0, -0.707107, 0.375217, 0.0, 1.0, 0.0, 0.629465, 0.0, 0.0, 0.0, 1.0],
                [0.707107, 0.0, -0.707107, -5e-06, -0.707107, 0.0, -0.707107, 0.375217, 0.0, 1.0, 0.0, 0.627985, 0.0, 0.0, 0.0, 1.0],
                [0.707107, 0.0, -0.707107, -5e-06, -0.707107, 0.0, -0.707107, 0.375217, 0.0, 1.0, 0.0, 0.627475, 0.0, 0.0, 0.0, 1.0],
                [0.707107, 0.0, -0.707107, -5e-06, -0.707107, 0.0, -0.707107, 0.375217, 0.0, 1.0, 0.0, 0.627475, 0.0, 0.0, 0.0, 1.0],
                [0.707107, 0.0, -0.707107, -5e-06, -0.707107, 0.0, -0.707107, 0.375217, 0.0, 1.0, 0.0, 0.627475, 0.0, 0.0, 0.0, 1.0],
                [0.707107, 0.0, -0.707107, -5e-06, -0.707107, 0.0, -0.707107, 0.375217, 0.0, 1.0, 0.0, 0.627475, 0.0, 0.0, 0.0, 1.0],
                [0.707107, 0.0, -0.707107, -5e-06, -0.707107, 0.0, -0.707107, 0.375217, 0.0, 1.0, 0.0, 0.627475, 0.0, 0.0, 0.0, 1.0],
                [0.707107, 0.0, -0.707107, -5e-06, -0.707107, 0.0, -0.707107, 0.375217, 0.0, 1.0, 0.0, 0.627475, 0.0, 0.0, 0.0, 1.0],
                [0.707107, 0.0, -0.707107, -5e-06, -0.707107, 0.0, -0.707107, 0.375217, 0.0, 1.0, 0.0, 0.627475, 0.0, 0.0, 0.0, 1.0],
                [0.707107, 0.0, -0.707107, -5e-06, -0.707107, 0.0, -0.707107, 0.375217, 0.0, 1.0, 0.0, 0.627475, 0.0, 0.0, 0.0, 1.0],
                [0.707107, 0.0, -0.707107, -5e-06, -0.707107, 0.0, -0.707107, 0.375217, 0.0, 1.0, 0.0, 0.627475, 0.0, 0.0, 0.0, 1.0],
                [0.707107, 0.0, -0.707107, -5e-06, -0.707107, 0.0, -0.707107, 0.375217, 0.0, 1.0, 0.0, 0.627475, 0.0, 0.0, 0.0, 1.0],
                [0.707107, 0.0, -0.707107, -5e-06, -0.707107, 0.0, -0.707107, 0.375217, 0.0, 1.0, 0.0, 0.627475, 0.0, 0.0, 0.0, 1.0],
                [0.707107, 0.0, -0.707107, -5e-06, -0.707107, 0.0, -0.707107, 0.375217, 0.0, 1.0, 0.0, 0.627475, 0.0, 0.0, 0.0, 1.0],
                [0.707107, 0.0, -0.707107, -5e-06, -0.707107, 0.0, -0.707107, 0.375217, 0.0, 1.0, 0.0, 0.627475, 0.0, 0.0, 0.0, 1.0],
                [0.707107, 0.0, -0.707107, -5e-06, -0.707107, 0.0, -0.707107, 0.375217, 0.0, 1.0, 0.0, 0.627475, 0.0, 0.0, 0.0, 1.0],
                [0.801679, 0.0, -0.597755, -5e-06, -0.597755, 0.0, -0.801679, 0.375217, 0.0, 1.0, 0.0, 0.627475, 0.0, 0.0, 0.0, 1.0],
                [0.969062, 0.0, -0.246816, -5e-06, -0.246816, 0.0, -0.969062, 0.375217, 0.0, 1.0, 0.0, 0.627475, 0.0, 0.0, 0.0, 1.0],
                [0.959505, 0.0, 0.281692, -5e-06, 0.281692, 0.0, -0.959505, 0.375217, 0.0, 1.0, 0.0, 0.627475, 0.0, 0.0, 0.0, 1.0],
                [0.707107, 0.0, 0.707107, -5e-06, 0.707107, 0.0, -0.707107, 0.375217, 0.0, 1.0, 0.0, 0.627475, 0.0, 0.0, 0.0, 1.0],
                [0.39389, 0.0, 0.919158, -5e-06, 0.919158, 0.0, -0.39389, 0.375217, 0.0, 1.0, 0.0, 0.627475, 0.0, 0.0, 0.0, 1.0],
                [0.080399, 0.0, 0.996763, -5e-06, 0.996763, 0.0, -0.080399, 0.375217, 0.0, 1.0, 0.0, 0.627475, 0.0, 0.0, 0.0, 1.0],
                [-0.218777, 0.0, 0.975775, -5e-06, 0.975775, 0.0, 0.218777, 0.375217, 0.0, 1.0, 0.0, 0.627475, 0.0, 0.0, 0.0, 1.0],
                [-0.488221, 0.0, 0.87272, -5e-06, 0.87272, 0.0, 0.488221, 0.375217, 0.0, 1.0, 0.0, 0.627475, 0.0, 0.0, 0.0, 1.0],
                [-0.707107, 0.0, 0.707107, -5e-06, 0.707107, 0.0, 0.707107, 0.375217, 0.0, 1.0, 0.0, 0.627475, 0.0, 0.0, 0.0, 1.0],
                [-0.867057, 0.0, 0.49821, -5e-06, 0.49821, 0.0, 0.867057, 0.375217, 0.0, 1.0, 0.0, 0.627475, 0.0, 0.0, 0.0, 1.0],
                [-0.966444, 0.0, 0.256879, -5e-06, 0.256879, 0.0, 0.966444, 0.375217, 0.0, 1.0, 0.0, 0.627475, 0.0, 0.0, 0.0, 1.0],
                [-1.0, 0.0, -0.0, -5e-06, -0.0, 0.0, 1.0, 0.375217, 0.0, 1.0, 0.0, 0.627475, 0.0, 0.0, 0.0, 1.0],
                [-0.966443, 0.0, -0.256879, -5e-06, -0.256879, 0.0, 0.966443, 0.375217, 0.0, 1.0, 0.0, 0.627475, 0.0, 0.0, 0.0, 1.0],
                [-0.867057, 0.0, -0.49821, -5e-06, -0.49821, 0.0, 0.867057, 0.375217, 0.0, 1.0, 0.0, 0.627475, 0.0, 0.0, 0.0, 1.0],
                [-0.707107, 0.0, -0.707107, -5e-06, -0.707107, 0.0, 0.707107, 0.375217, 0.0, 1.0, 0.0, 0.627475, 0.0, 0.0, 0.0, 1.0],
                [-0.476101, 0.0, -0.87939, -5e-06, -0.87939, 0.0, 0.476101, 0.375217, 0.0, 1.0, 0.0, 0.627475, 0.0, 0.0, 0.0, 1.0],
                [-0.169073, 0.0, -0.985603, -5e-06, -0.985603, 0.0, 0.169073, 0.375217, 0.0, 1.0, 0.0, 0.627475, 0.0, 0.0, 0.0, 1.0],
                [0.169073, 0.0, -0.985603, -5e-06, -0.985603, 0.0, -0.169073, 0.375217, 0.0, 1.0, 0.0, 0.627475, 0.0, 0.0, 0.0, 1.0],
                [0.476102, 0.0, -0.87939, -5e-06, -0.87939, 0.0, -0.476102, 0.375217, 0.0, 1.0, 0.0, 0.627475, 0.0, 0.0, 0.0, 1.0],
                [0.707107, 0.0, -0.707107, -5e-06, -0.707107, 0.0, -0.707107, 0.375217, 0.0, 1.0, 0.0, 0.627475, 0.0, 0.0, 0.0, 1.0],
                [0.867056, 0.0, -0.49821, -5e-06, -0.49821, 0.0, -0.867056, 0.375217, 0.0, 1.0, 0.0, 0.627453, 0.0, 0.0, 0.0, 1.0],
                [0.966444, 0.0, -0.256879, -5e-06, -0.256879, 0.0, -0.966444, 0.375217, 0.0, 1.0, 0.0, 0.627388, 0.0, 0.0, 0.0, 1.0],
                [1.0, 0.0, 0.0, -5e-06, 0.0, 0.0, -1.0, 0.375217, 0.0, 1.0, 0.0, 0.627281, 0.0, 0.0, 0.0, 1.0],
                [0.966444, 0.0, 0.256879, -5e-06, 0.256879, 0.0, -0.966444, 0.375217, 0.0, 1.0, 0.0, 0.627132, 0.0, 0.0, 0.0, 1.0],
                [0.867056, 0.0, 0.49821, -5e-06, 0.49821, 0.0, -0.867056, 0.375217, 0.0, 1.0, 0.0, 0.626941, 0.0, 0.0, 0.0, 1.0],
                [0.707107, 0.0, 0.707107, -5e-06, 0.707107, 0.0, -0.707107, 0.375217, 0.0, 1.0, 0.0, 0.62671, 0.0, 0.0, 0.0, 1.0],
                [0.477817, 0.0, 0.878459, -5e-06, 0.878459, 0.0, -0.477817, 0.375217, 0.0, 1.0, 0.0, 0.62644, 0.0, 0.0, 0.0, 1.0],
                [0.176232, 0.0, 0.984349, -5e-06, 0.984349, 0.0, -0.176232, 0.375217, 0.0, 1.0, 0.0, 0.62613, 0.0, 0.0, 0.0, 1.0],
                [-0.156328, 0.0, 0.987705, -5e-06, 0.987705, 0.0, 0.156328, 0.375217, 0.0, 1.0, 0.0, 0.625782, 0.0, 0.0, 0.0, 1.0],
                [-0.46456, 0.0, 0.885541, -5e-06, 0.885541, 0.0, 0.46456, 0.375217, 0.0, 1.0, 0.0, 0.625396, 0.0, 0.0, 0.0, 1.0],
                [-0.707107, 0.0, 0.707107, -5e-06, 0.707107, 0.0, 0.707107, 0.375217, 0.0, 1.0, 0.0, 0.624973, 0.0, 0.0, 0.0, 1.0],
                [-0.881213, 0.0, 0.472719, -5e-06, 0.472719, 0.0, 0.881213, 0.375217, 0.0, 1.0, 0.0, 0.624514, 0.0, 0.0, 0.0, 1.0],
                [-0.982474, 0.0, 0.1864, -5e-06, 0.1864, 0.0, 0.982474, 0.375217, 0.0, 1.0, 0.0, 0.624019, 0.0, 0.0, 0.0, 1.0],
                [-0.991867, 0.0, -0.127281, -5e-06, -0.127281, 0.0, 0.991867, 0.375217, 0.0, 1.0, 0.0, 0.623488, 0.0, 0.0, 0.0, 1.0],
                [-0.901043, 0.0, -0.433731, -5e-06, -0.433731, 0.0, 0.901043, 0.375217, 0.0, 1.0, 0.0, 0.622924, 0.0, 0.0, 0.0, 1.0],
                [-0.718978, 0.0, -0.695033, -5e-06, -0.695033, 0.0, 0.718978, 0.375217, 0.0, 1.0, 0.0, 0.622326, 0.0, 0.0, 0.0, 1.0],
                [-0.472678, 0.0, -0.881236, -5e-06, -0.881236, 0.0, 0.472678, 0.375217, 0.0, 1.0, 0.0, 0.621695, 0.0, 0.0, 0.0, 1.0],
                [-0.199399, 0.0, -0.979918, -5e-06, -0.979918, 0.0, 0.199399, 0.375217, 0.0, 1.0, 0.0, 0.621032, 0.0, 0.0, 0.0, 1.0],
                [0.065463, 0.0, -0.997855, -5e-06, -0.997855, 0.0, -0.065463, 0.375217, 0.0, 1.0, 0.0, 0.620337, 0.0, 0.0, 0.0, 1.0],
                [0.297447, 0.0, -0.954738, -5e-06, -0.954738, 0.0, -0.297447, 0.375217, 0.0, 1.0, 0.0, 0.619611, 0.0, 0.0, 0.0, 1.0],
                [0.485312, 0.0, -0.874341, -5e-06, -0.874341, 0.0, -0.485312, 0.375217, 0.0, 1.0, 0.0, 0.618855, 0.0, 0.0, 0.0, 1.0],
                [0.628168, 0.0, -0.778078, -5e-06, -0.778078, 0.0, -0.628168, 0.375217, 0.0, 1.0, 0.0, 0.618069, 0.0, 0.0, 0.0, 1.0],
                [0.730985, 0.0, -0.682393, -5e-06, -0.682393, 0.0, -0.730985, 0.375217, 0.0, 1.0, 0.0, 0.617254, 0.0, 0.0, 0.0, 1.0],
                [0.800805, 0.0, -0.598925, -5e-06, -0.598925, 0.0, -0.800805, 0.375217, 0.0, 1.0, 0.0, 0.616412, 0.0, 0.0, 0.0, 1.0],
                [0.850566, 0.0, -0.525868, -5e-06, -0.525868, 0.0, -0.850566, 0.375217, 0.0, 1.0, 0.0, 0.615541, 0.0, 0.0, 0.0, 1.0],
                [0.889696, 0.0, -0.456554, -5e-06, -0.456554, 0.0, -0.889696, 0.375217, 0.0, 1.0, 0.0, 0.614644, 0.0, 0.0, 0.0, 1.0],
                [0.919921, 0.0, -0.392103, -5e-06, -0.392103, 0.0, -0.919921, 0.375217, 0.0, 1.0, 0.0, 0.61372, 0.0, 0.0, 0.0, 1.0],
                [0.942871, 0.0, -0.333159, -5e-06, -0.333159, 0.0, -0.942871, 0.375217, 0.0, 1.0, 0.0, 0.612772, 0.0, 0.0, 0.0, 1.0],
                [0.96, 0.0, -0.280001, -5e-06, -0.280001, 0.0, -0.96, 0.375217, 0.0, 1.0, 0.0, 0.611798, 0.0, 0.0, 0.0, 1.0],
                [0.972562, 0.0, -0.232646, -5e-06, -0.232646, 0.0, -0.972562, 0.375217, 0.0, 1.0, 0.0, 0.6108, 0.0, 0.0, 0.0, 1.0],
                [0.981603, 0.0, -0.190931, -5e-06, -0.190931, 0.0, -0.981603, 0.375217, 0.0, 1.0, 0.0, 0.609778, 0.0, 0.0, 0.0, 1.0],
                [0.98798, 0.0, -0.15458, -5e-06, -0.15458, 0.0, -0.98798, 0.375217, 0.0, 1.0, 0.0, 0.608734, 0.0, 0.0, 0.0, 1.0],
                [0.992376, 0.0, -0.123248, -5e-06, -0.123248, 0.0, -0.992376, 0.375217, 0.0, 1.0, 0.0, 0.607668, 0.0, 0.0, 0.0, 1.0],
                [0.995328, 0.0, -0.096554, -5e-06, -0.096554, 0.0, -0.995328, 0.375217, 0.0, 1.0, 0.0, 0.60658, 0.0, 0.0, 0.0, 1.0],
                [0.997251, 0.0, -0.074101, -5e-06, -0.074101, 0.0, -0.997251, 0.375217, 0.0, 1.0, 0.0, 0.605472, 0.0, 0.0, 0.0, 1.0],
                [0.998459, 0.0, -0.055495, -5e-06, -0.055495, 0.0, -0.998459, 0.375217, 0.0, 1.0, 0.0, 0.604343, 0.0, 0.0, 0.0, 1.0],
                [0.999186, 0.0, -0.040345, -5e-06, -0.040345, 0.0, -0.999186, 0.375217, 0.0, 1.0, 0.0, 0.603195, 0.0, 0.0, 0.0, 1.0],
                [0.9996, 0.0, -0.028271, -5e-06, -0.028271, 0.0, -0.9996, 0.375217, 0.0, 1.0, 0.0, 0.602029, 0.0, 0.0, 0.0, 1.0],
                [0.999821, 0.0, -0.018905, -5e-06, -0.018905, 0.0, -0.999821, 0.375217, 0.0, 1.0, 0.0, 0.600844, 0.0, 0.0, 0.0, 1.0],
                [0.999929, 0.0, -0.011889, -5e-06, -0.011889, 0.0, -0.999929, 0.375217, 0.0, 1.0, 0.0, 0.599642, 0.0, 0.0, 0.0, 1.0],
                [0.999976, 0.0, -0.006873, -5e-06, -0.006873, 0.0, -0.999976, 0.375217, 0.0, 1.0, 0.0, 0.598423, 0.0, 0.0, 0.0, 1.0],
                [0.999994, 0.0, -0.003517, -5e-06, -0.003517, 0.0, -0.999994, 0.375217, 0.0, 1.0, 0.0, 0.597189, 0.0, 0.0, 0.0, 1.0],
                [0.999999, 0.0, -0.001483, -5e-06, -0.001483, 0.0, -0.999999, 0.375217, 0.0, 1.0, 0.0, 0.595939, 0.0, 0.0, 0.0, 1.0],
                [1.0, 0.0, -0.000439, -5e-06, -0.000439, 0.0, -1.0, 0.375217, 0.0, 1.0, 0.0, 0.594674, 0.0, 0.0, 0.0, 1.0],
                [1.0, 0.0, -5.5e-05, -5e-06, -5.5e-05, 0.0, -1.0, 0.375217, 0.0, 1.0, 0.0, 0.593396, 0.0, 0.0, 0.0, 1.0],
                [1.0, 0.0, 0.0, -5e-06, 0.0, 0.0, -1.0, 0.375217, 0.0, 1.0, 0.0, 0.592104, 0.0, 0.0, 0.0, 1.0],
                [1.0, 0.0, 0.0, -5e-06, 0.0, 0.0, -1.0, 0.375217, 0.0, 1.0, 0.0, 0.590799, 0.0, 0.0, 0.0, 1.0],
                [1.0, 0.0, 0.0, -5e-06, 0.0, 0.0, -1.0, 0.375217, 0.0, 1.0, 0.0, 0.589483, 0.0, 0.0, 0.0, 1.0],
                [1.0, 0.0, 0.0, -5e-06, 0.0, 0.0, -1.0, 0.375217, 0.0, 1.0, 0.0, 0.588155, 0.0, 0.0, 0.0, 1.0],
                [1.0, 0.0, 0.0, -5e-06, 0.0, 0.0, -1.0, 0.375217, 0.0, 1.0, 0.0, 0.586817, 0.0, 0.0, 0.0, 1.0],
                [1.0, 0.0, 0.0, -5e-06, 0.0, 0.0, -1.0, 0.375217, 0.0, 1.0, 0.0, 0.585469, 0.0, 0.0, 0.0, 1.0],
                [1.0, 0.0, 0.0, -5e-06, 0.0, 0.0, -1.0, 0.375217, 0.0, 1.0, 0.0, 0.584112, 0.0, 0.0, 0.0, 1.0],
                [1.0, 0.0, 0.0, -5e-06, 0.0, 0.0, -1.0, 0.375217, 0.0, 1.0, 0.0, 0.582746, 0.0, 0.0, 0.0, 1.0],
                [1.0, 0.0, 0.0, -5e-06, 0.0, 0.0, -1.0, 0.375217, 0.0, 1.0, 0.0, 0.581372, 0.0, 0.0, 0.0, 1.0],
                [1.0, 0.0, 0.0, -5e-06, 0.0, 0.0, -1.0, 0.375217, 0.0, 1.0, 0.0, 0.579992, 0.0, 0.0, 0.0, 1.0],
                [1.0, 0.0, 0.0, -5e-06, 0.0, 0.0, -1.0, 0.375217, 0.0, 1.0, 0.0, 0.578605, 0.0, 0.0, 0.0, 1.0],
                [1.0, 0.0, 0.0, -5e-06, 0.0, 0.0, -1.0, 0.375217, 0.0, 1.0, 0.0, 0.577212, 0.0, 0.0, 0.0, 1.0],
                [1.0, 0.0, 0.0, -5e-06, 0.0, 0.0, -1.0, 0.375217, 0.0, 1.0, 0.0, 0.575813, 0.0, 0.0, 0.0, 1.0],
                [1.0, 0.0, 0.0, -5e-06, 0.0, 0.0, -1.0, 0.375217, 0.0, 1.0, 0.0, 0.574411, 0.0, 0.0, 0.0, 1.0],
                [1.0, 0.0, 0.0, -5e-06, 0.0, 0.0, -1.0, 0.375217, 0.0, 1.0, 0.0, 0.573004, 0.0, 0.0, 0.0, 1.0],
                [1.0, 0.0, 0.0, -5e-06, 0.0, 0.0, -1.0, 0.375217, 0.0, 1.0, 0.0, 0.571595, 0.0, 0.0, 0.0, 1.0],
                [1.0, 0.0, 0.0, -5e-06, 0.0, 0.0, -1.0, 0.375217, 0.0, 1.0, 0.0, 0.570183, 0.0, 0.0, 0.0, 1.0],
                [1.0, 0.0, 0.0, -5e-06, 0.0, 0.0, -1.0, 0.375217, 0.0, 1.0, 0.0, 0.56877, 0.0, 0.0, 0.0, 1.0],
                [1.0, 0.0, 0.0, -5e-06, 0.0, 0.0, -1.0, 0.375217, 0.0, 1.0, 0.0, 0.567355, 0.0, 0.0, 0.0, 1.0],
                [1.0, 0.0, 0.0, -5e-06, 0.0, 0.0, -1.0, 0.375217, 0.0, 1.0, 0.0, 0.56594, 0.0, 0.0, 0.0, 1.0],
                [1.0, 0.0, 0.0, -5e-06, 0.0, 0.0, -1.0, 0.375217, 0.0, 1.0, 0.0, 0.564525, 0.0, 0.0, 0.0, 1.0],
                [1.0, 0.0, 0.0, -5e-06, 0.0, 0.0, -1.0, 0.375217, 0.0, 1.0, 0.0, 0.563112, 0.0, 0.0, 0.0, 1.0],
                [1.0, 0.0, 0.0, -5e-06, 0.0, 0.0, -1.0, 0.375217, 0.0, 1.0, 0.0, 0.5617, 0.0, 0.0, 0.0, 1.0],
                [1.0, 0.0, 0.0, -5e-06, 0.0, 0.0, -1.0, 0.375217, 0.0, 1.0, 0.0, 0.56029, 0.0, 0.0, 0.0, 1.0],
                [1.0, 0.0, 0.0, -5e-06, 0.0, 0.0, -1.0, 0.375217, 0.0, 1.0, 0.0, 0.558883, 0.0, 0.0, 0.0, 1.0],
                [1.0, 0.0, 0.0, -5e-06, 0.0, 0.0, -1.0, 0.375217, 0.0, 1.0, 0.0, 0.557481, 0.0, 0.0, 0.0, 1.0],
                [1.0, 0.0, 0.0, -5e-06, 0.0, 0.0, -1.0, 0.375217, 0.0, 1.0, 0.0, 0.556082, 0.0, 0.0, 0.0, 1.0],
                [1.0, 0.0, 0.0, -5e-06, 0.0, 0.0, -1.0, 0.375217, 0.0, 1.0, 0.0, 0.554689, 0.0, 0.0, 0.0, 1.0],
                [1.0, 0.0, 0.0, -5e-06, 0.0, 0.0, -1.0, 0.375217, 0.0, 1.0, 0.0, 0.553301, 0.0, 0.0, 0.0, 1.0],
                [1.0, 0.0, 0.0, -5e-06, 0.0, 0.0, -1.0, 0.375217, 0.0, 1.0, 0.0, 0.55192, 0.0, 0.0, 0.0, 1.0],
                [1.0, 0.0, 0.0, -5e-06, 0.0, 0.0, -1.0, 0.375217, 0.0, 1.0, 0.0, 0.550546, 0.0, 0.0, 0.0, 1.0],
                [1.0, 0.0, 0.0, -5e-06, 0.0, 0.0, -1.0, 0.375217, 0.0, 1.0, 0.0, 0.549183, 0.0, 0.0, 0.0, 1.0],
                [1.0, 0.0, 0.0, -5e-06, 0.0, 0.0, -1.0, 0.375217, 0.0, 1.0, 0.0, 0.547849, 0.0, 0.0, 0.0, 1.0],
                [1.0, 0.0, 0.0, -5e-06, 0.0, 0.0, -1.0, 0.375217, 0.0, 1.0, 0.0, 0.546565, 0.0, 0.0, 0.0, 1.0],
                [1.0, 0.0, 0.0, -5e-06, 0.0, 0.0, -1.0, 0.375217, 0.0, 1.0, 0.0, 0.545353, 0.0, 0.0, 0.0, 1.0],
                [1.0, 0.0, 0.0, -5e-06, 0.0, 0.0, -1.0, 0.375217, 0.0, 1.0, 0.0, 0.544234, 0.0, 0.0, 0.0, 1.0],
                [1.0, 0.0, 0.0, -5e-06, 0.0, 0.0, -1.0, 0.375217, 0.0, 1.0, 0.0, 0.543228, 0.0, 0.0, 0.0, 1.0],
                [1.0, 0.0, 0.0, -5e-06, 0.0, 0.0, -1.0, 0.375217, 0.0, 1.0, 0.0, 0.542358, 0.0, 0.0, 0.0, 1.0],
                [1.0, 0.0, 0.0, -5e-06, 0.0, 0.0, -1.0, 0.375217, 0.0, 1.0, 0.0, 0.541644, 0.0, 0.0, 0.0, 1.0],
                [1.0, 0.0, 0.0, -5e-06, 0.0, 0.0, -1.0, 0.375217, 0.0, 1.0, 0.0, 0.541108, 0.0, 0.0, 0.0, 1.0],
                [1.0, 0.0, 0.0, -5e-06, 0.0, 0.0, -1.0, 0.375217, 0.0, 1.0, 0.0, 0.540771, 0.0, 0.0, 0.0, 1.0],
                [1.0, 0.0, 0.0, -5e-06, 0.0, 0.0, -1.0, 0.375217, 0.0, 1.0, 0.0, 0.540653, 0.0, 0.0, 0.0, 1.0],
                [1.0, 0.0, 0.0, -5e-06, 0.0, 0.0, -1.0, 0.375217, 0.0, 1.0, 0.0, 0.540653, 0.0, 0.0, 0.0, 1.0],
                [1.0, 0.0, 0.0, -5e-06, 0.0, 0.0, -1.0, 0.375217, 0.0, 1.0, 0.0, 0.540653, 0.0, 0.0, 0.0, 1.0],
                [1.0, 0.0, 0.0, -5e-06, 0.0, 0.0, -1.0, 0.375217, 0.0, 1.0, 0.0, 0.540653, 0.0, 0.0, 0.0, 1.0],
                [1.0, 0.0, 0.0, -5e-06, 0.0, 0.0, -1.0, 0.375217, 0.0, 1.0, 0.0, 0.540653, 0.0, 0.0, 0.0, 1.0],
                [1.0, 0.0, 0.0, -5e-06, 0.0, 0.0, -1.0, 0.375217, 0.0, 1.0, 0.0, 0.540653, 0.0, 0.0, 0.0, 1.0],
                [1.0, 0.0, 0.0, -5e-06, 0.0, 0.0, -1.0, 0.375217, 0.0, 1.0, 0.0, 0.540653, 0.0, 0.0, 0.0, 1.0],
                [1.0, 0.0, 0.0, -5e-06, 0.0, 0.0, -1.0, 0.375217, 0.0, 1.0, 0.0, 0.540653, 0.0, 0.0, 0.0, 1.0],
                [1.0, 0.0, 0.0, -5e-06, 0.0, 0.0, -1.0, 0.375217, 0.0, 1.0, 0.0, 0.540653, 0.0, 0.0, 0.0, 1.0],
                [1.0, 0.0, 0.0, -5e-06, 0.0, 0.0, -1.0, 0.375217, 0.0, 1.0, 0.0, 0.540653, 0.0, 0.0, 0.0, 1.0],
                [1.0, 0.0, 0.0, -5e-06, 0.0, 0.0, -1.0, 0.375217, 0.0, 1.0, 0.0, 0.540653, 0.0, 0.0, 0.0, 1.0],
                [1.0, 0.0, 0.0, -5e-06, 0.0, 0.0, -1.0, 0.375217, 0.0, 1.0, 0.0, 0.540653, 0.0, 0.0, 0.0, 1.0],
                [1.0, 0.0, 0.0, -5e-06, 0.0, 0.0, -1.0, 0.375217, 0.0, 1.0, 0.0, 0.540653, 0.0, 0.0, 0.0, 1.0],
                [1.0, 0.0, 0.0, -5e-06, 0.0, 0.0, -1.0, 0.375217, 0.0, 1.0, 0.0, 0.540653, 0.0, 0.0, 0.0, 1.0],
                [1.0, 0.0, 0.0, -5e-06, 0.0, 0.0, -1.0, 0.375217, 0.0, 1.0, 0.0, 0.540653, 0.0, 0.0, 0.0, 1.0],
                [1.0, 0.0, 0.0, -5e-06, 0.0, 0.0, -1.0, 0.375217, 0.0, 1.0, 0.0, 0.540653, 0.0, 0.0, 0.0, 1.0],
                [1.0, 0.0, 0.0, -5e-06, 0.0, 0.0, -1.0, 0.375217, 0.0, 1.0, 0.0, 0.540653, 0.0, 0.0, 0.0, 1.0],
                [1.0, 0.0, 0.0, -5e-06, 0.0, 0.0, -1.0, 0.375217, 0.0, 1.0, 0.0, 0.540653, 0.0, 0.0, 0.0, 1.0],
                [1.0, 0.0, 0.0, -5e-06, 0.0, 0.0, -1.0, 0.375217, 0.0, 1.0, 0.0, 0.540653, 0.0, 0.0, 0.0, 1.0],
                [1.0, 0.0, 0.0, -5e-06, 0.0, 0.0, -1.0, 0.375217, 0.0, 1.0, 0.0, 0.540653, 0.0, 0.0, 0.0, 1.0],
                [0.999999, 0.0, -0.001223, -5e-06, -0.001223, 0.0, -0.999999, 0.374619, 0.0, 1.0, 0.0, 0.54101, 0.0, 0.0, 0.0, 1.0],
                [0.999988, 0.0, -0.004815, -5e-06, -0.004815, 0.0, -0.999988, 0.372864, 0.0, 1.0, 0.0, 0.542058, 0.0, 0.0, 0.0, 1.0],
                [0.999943, 0.0, -0.010667, -5e-06, -0.010667, 0.0, -0.999943, 0.370006, 0.0, 1.0, 0.0, 0.543763, 0.0, 0.0, 0.0, 1.0],
                [0.999826, 0.0, -0.01867, -5e-06, -0.01867, 0.0, -0.999826, 0.366104, 0.0, 1.0, 0.0, 0.546091, 0.0, 0.0, 0.0, 1.0],
                [0.999588, 0.0, -0.028714, -5e-06, -0.028714, 0.0, -0.999588, 0.361213, 0.0, 1.0, 0.0, 0.54901, 0.0, 0.0, 0.0, 1.0],
                [0.999172, 0.0, -0.040694, -5e-06, -0.040694, 0.0, -0.999172, 0.35539, 0.0, 1.0, 0.0, 0.552484, 0.0, 0.0, 0.0, 1.0],
                [0.998514, 0.0, -0.054499, -5e-06, -0.054499, 0.0, -0.998514, 0.348691, 0.0, 1.0, 0.0, 0.556481, 0.0, 0.0, 0.0, 1.0],
                [0.997546, 0.0, -0.070018, -5e-06, -0.070018, 0.0, -0.997546, 0.341173, 0.0, 1.0, 0.0, 0.560967, 0.0, 0.0, 0.0, 1.0],
                [0.996196, 0.0, -0.087137, -5e-06, -0.087137, 0.0, -0.996196, 0.332893, 0.0, 1.0, 0.0, 0.565907, 0.0, 0.0, 0.0, 1.0],
                [0.994394, 0.0, -0.105737, -5e-06, -0.105737, 0.0, -0.994394, 0.323907, 0.0, 1.0, 0.0, 0.571269, 0.0, 0.0, 0.0, 1.0],
                [0.992069, 0.0, -0.125697, -5e-06, -0.125697, 0.0, -0.992069, 0.314271, 0.0, 1.0, 0.0, 0.577019, 0.0, 0.0, 0.0, 1.0],
                [0.989153, 0.0, -0.146888, -5e-06, -0.146888, 0.0, -0.989153, 0.304042, 0.0, 1.0, 0.0, 0.583122, 0.0, 0.0, 0.0, 1.0],
                [0.985585, 0.0, -0.169179, -5e-06, -0.169179, 0.0, -0.985585, 0.293276, 0.0, 1.0, 0.0, 0.589546, 0.0, 0.0, 0.0, 1.0],
                [0.981311, 0.0, -0.192431, -5e-06, -0.192431, 0.0, -0.981311, 0.28203, 0.0, 1.0, 0.0, 0.596256, 0.0, 0.0, 0.0, 1.0],
                [0.976282, 0.0, -0.216503, -5e-06, -0.216503, 0.0, -0.976282, 0.27036, 0.0, 1.0, 0.0, 0.603219, 0.0, 0.0, 0.0, 1.0],
                [0.970463, 0.0, -0.241248, -5e-06, -0.241248, 0.0, -0.970463, 0.258323, 0.0, 1.0, 0.0, 0.610401, 0.0, 0.0, 0.0, 1.0],
                [0.96383, 0.0, -0.266519, -5e-06, -0.266519, 0.0, -0.96383, 0.245976, 0.0, 1.0, 0.0, 0.617769, 0.0, 0.0, 0.0, 1.0],
                [0.956368, 0.0, -0.292163, -5e-06, -0.292163, 0.0, -0.956368, 0.233374, 0.0, 1.0, 0.0, 0.625288, 0.0, 0.0, 0.0, 1.0],
                [0.948081, 0.0, -0.31803, -5e-06, -0.31803, 0.0, -0.948081, 0.220575, 0.0, 1.0, 0.0, 0.632925, 0.0, 0.0, 0.0, 1.0],
                [0.938981, 0.0, -0.343968, -5e-06, -0.343968, 0.0, -0.938981, 0.207634, 0.0, 1.0, 0.0, 0.640646, 0.0, 0.0, 0.0, 1.0],
                [0.9291, 0.0, -0.369828, -5e-06, -0.369828, 0.0, -0.9291, 0.194609, 0.0, 1.0, 0.0, 0.648418, 0.0, 0.0, 0.0, 1.0],
                [0.918481, 0.0, -0.395465, -5e-06, -0.395465, 0.0, -0.918481, 0.181555, 0.0, 1.0, 0.0, 0.656207, 0.0, 0.0, 0.0, 1.0],
                [0.907182, 0.0, -0.420738, -5e-06, -0.420738, 0.0, -0.907182, 0.16853, 0.0, 1.0, 0.0, 0.663979, 0.0, 0.0, 0.0, 1.0],
                [0.895276, 0.0, -0.445513, -5e-06, -0.445513, 0.0, -0.895276, 0.155589, 0.0, 1.0, 0.0, 0.6717, 0.0, 0.0, 0.0, 1.0],
                [0.882845, 0.0, -0.469664, -5e-06, -0.469664, 0.0, -0.882845, 0.14279, 0.0, 1.0, 0.0, 0.679337, 0.0, 0.0, 0.0, 1.0],
                [0.869988, 0.0, -0.493073, -5e-06, -0.493073, 0.0, -0.869988, 0.130188, 0.0, 1.0, 0.0, 0.686856, 0.0, 0.0, 0.0, 1.0],
                [0.85681, 0.0, -0.515633, -5e-06, -0.515633, 0.0, -0.85681, 0.11784, 0.0, 1.0, 0.0, 0.694224, 0.0, 0.0, 0.0, 1.0],
                [0.843426, 0.0, -0.537245, -5e-06, -0.537245, 0.0, -0.843426, 0.105804, 0.0, 1.0, 0.0, 0.701406, 0.0, 0.0, 0.0, 1.0],
                [0.82996, 0.0, -0.557822, -5e-06, -0.557822, 0.0, -0.82996, 0.094134, 0.0, 1.0, 0.0, 0.708369, 0.0, 0.0, 0.0, 1.0],
                [0.816542, 0.0, -0.577287, -5e-06, -0.577287, 0.0, -0.816542, 0.082888, 0.0, 1.0, 0.0, 0.715079, 0.0, 0.0, 0.0, 1.0],
                [0.803303, 0.0, -0.595571, -5e-06, -0.595571, 0.0, -0.803303, 0.072122, 0.0, 1.0, 0.0, 0.721503, 0.0, 0.0, 0.0, 1.0],
                [0.79038, 0.0, -0.612617, -5e-06, -0.612617, 0.0, -0.79038, 0.061893, 0.0, 1.0, 0.0, 0.727606, 0.0, 0.0, 0.0, 1.0],
                [0.77791, 0.0, -0.628375, -5e-06, -0.628375, 0.0, -0.77791, 0.052257, 0.0, 1.0, 0.0, 0.733356, 0.0, 0.0, 0.0, 1.0],
                [0.766032, 0.0, -0.642802, -5e-06, -0.642802, 0.0, -0.766032, 0.043271, 0.0, 1.0, 0.0, 0.738718, 0.0, 0.0, 0.0, 1.0],
                [0.754881, 0.0, -0.655861, -5e-06, -0.655861, 0.0, -0.754881, 0.03499, 0.0, 1.0, 0.0, 0.743658, 0.0, 0.0, 0.0, 1.0],
                [0.744592, 0.0, -0.66752, -5e-06, -0.66752, 0.0, -0.744592, 0.027473, 0.0, 1.0, 0.0, 0.748144, 0.0, 0.0, 0.0, 1.0],
                [0.735296, 0.0, -0.677746, -5e-06, -0.677746, 0.0, -0.735296, 0.020774, 0.0, 1.0, 0.0, 0.752141, 0.0, 0.0, 0.0, 1.0],
                [0.727119, 0.0, -0.686511, -5e-06, -0.686511, 0.0, -0.727119, 0.014951, 0.0, 1.0, 0.0, 0.755615, 0.0, 0.0, 0.0, 1.0],
                [0.720185, 0.0, -0.693782, -5e-06, -0.693782, 0.0, -0.720185, 0.01006, 0.0, 1.0, 0.0, 0.758534, 0.0, 0.0, 0.0, 1.0],
                [0.71461, 0.0, -0.699524, -5e-06, -0.699524, 0.0, -0.71461, 0.006157, 0.0, 1.0, 0.0, 0.760862, 0.0, 0.0, 0.0, 1.0],
                [0.710504, 0.0, -0.703693, -5e-06, -0.703693, 0.0, -0.710504, 0.0033, 0.0, 1.0, 0.0, 0.762567, 0.0, 0.0, 0.0, 1.0],
                [0.707971, 0.0, -0.706242, -5e-06, -0.706242, 0.0, -0.707971, 0.001544, 0.0, 1.0, 0.0, 0.763615, 0.0, 0.0, 0.0, 1.0],
                [0.707107, 0.0, -0.707107, -5e-06, -0.707107, 0.0, -0.707107, 0.000946, 0.0, 1.0, 0.0, 0.763972, 0.0, 0.0, 0.0, 1.0]
            ]
        },
        {
            "name": "Thigh_R",
            "time": [0.0, 0.0167, 0.0333, 0.05, 0.0667, 0.0833, 0.1, 0.1167, 0.1333, 0.15, 0.1667, 0.1833, 0.2, 0.2167, 0.2333, 0.25, 0.2667, 0.2833, 0.3, 0.3167, 0.3333, 0.35, 0.3667, 0.3833, 0.4, 0.4167, 0.4333, 0.45, 0.4667, 0.4833, 0.5, 0.5167, 0.5333, 0.55, 0.5667, 0.5833, 0.6, 0.6167, 0.6333, 0.65, 0.6667, 0.6833, 0.7, 0.7167, 0.7333, 0.75, 0.7667, 0.7833, 0.8, 0.8167, 0.8333, 0.85, 0.8667, 0.8833, 0.9, 0.9167, 0.9333, 0.95, 0.9667, 0.9833, 1.0, 1.0167, 1.0333, 1.05, 1.0667, 1.0833, 1.1, 1.1167, 1.1333, 1.15, 1.1667, 1.1833, 1.2, 1.2167, 1.2333, 1.25, 1.2667, 1.2833, 1.3, 1.3167, 1.3333, 1.35, 1.3667, 1.3833, 1.4, 1.4167, 1.4333, 1.45, 1.4667, 1.4833, 1.5, 1.5167, 1.5333, 1.55, 1.5667, 1.5833, 1.6, 1.6167, 1.6333, 1.65, 1.6667, 1.6833, 1.7, 1.7167, 1.7333, 1.75, 1.7667, 1.7833, 1.8, 1.8167, 1.8333, 1.85, 1.8667, 1.8833, 1.9, 1.9167, 1.9333, 1.95, 1.9667, 1.9833, 2.0, 2.0167, 2.0333, 2.05, 2.0667, 2.0833, 2.1, 2.1167, 2.1333, 2.15, 2.1667, 2.1833, 2.2, 2.2167, 2.2333, 2.25, 2.2667, 2.2833, 2.3, 2.3167, 2.3333, 2.35, 2.3667, 2.3833, 2.4, 2.4167, 2.4333, 2.45, 2.4667, 2.4833, 2.5, 2.5167, 2.5333, 2.55, 2.5667, 2.5833, 2.6, 2.6167, 2.6333, 2.65, 2.6667, 2.6833, 2.7, 2.7167, 2.7333, 2.75, 2.7667, 2.7833, 2.8, 2.8167, 2.8333, 2.85, 2.8667, 2.8833, 2.9, 2.9167, 2.9333, 2.95, 2.9667, 2.9833, 3.0, 3.0167, 3.0333, 3.05, 3.0667, 3.0833, 3.1, 3.1167, 3.1333, 3.15, 3.1667, 3.1833, 3.2, 3.2167, 3.2333, 3.25, 3.2667, 3.2833, 3.3, 3.3167, 3.3333, 3.35, 3.3667, 3.3833, 3.4, 3.4167, 3.4333, 3.45, 3.4667, 3.4833, 3.5],
            "transform": [
                [0.968179, -0.213879, -0.129944, 0.125362, -0.097958, -0.801686, 0.589663, -0.004329, -0.230291, -0.55817, -0.797127, 0.029331, 0.0, 0.0, 0.0, 1.0],
                [0.968179, -0.214085, -0.129603, 0.125362, -0.097958, -0.800747, 0.590938, -0.004329, -0.230291, -0.559439, -0.796238, 0.029331, 0.0, 0.0, 0.0, 1.0],
                [0.968179, -0.214685, -0.128607, 0.125362, -0.097958, -0.797992, 0.594653, -0.004329, -0.230291, -0.563133, -0.79363, 0.029331, 0.0, 0.0, 0.0, 1.0],
                [0.968179, -0.215645, -0.126991, 0.125362, -0.097958, -0.793504, 0.60063, -0.004329, -0.230291, -0.569077, -0.789378, 0.029331, 0.0, 0.0, 0.0, 1.0],
                [0.968179, -0.216927, -0.124788, 0.125362, -0.097958, -0.787345, 0.608681, -0.004329, -0.230291, -0.577088, -0.78354, 0.029331, 0.0, 0.0, 0.0, 1.0],
                [0.968179, -0.218491, -0.122028, 0.125362, -0.097958, -0.779567, 0.618611, -0.004329, -0.230291, -0.586972, -0.776164, 0.029331, 0.0, 0.0, 0.0, 1.0],
                [0.968179, -0.220294, -0.118743, 0.125362, -0.097958, -0.770216, 0.630215, -0.004329, -0.230291, -0.598529, -0.767287, 0.029331, 0.0, 0.0, 0.0, 1.0],
                [0.968179, -0.222291, -0.114961, 0.125362, -0.097958, -0.759335, 0.643284, -0.004329, -0.230291, -0.611553, -0.756947, 0.029331, 0.0, 0.0, 0.0, 1.0],
                [0.968179, -0.224437, -0.110715, 0.125362, -0.097958, -0.746968, 0.657604, -0.004329, -0.230291, -0.625833, -0.745184, 0.029331, 0.0, 0.0, 0.0, 1.0],
                [0.968179, -0.226685, -0.106035, 0.125362, -0.097958, -0.733165, 0.672958, -0.004329, -0.230291, -0.641157, -0.732041, 0.029331, 0.0, 0.0, 0.0, 1.0],
                [0.968179, -0.228992, -0.100957, 0.125362, -0.097958, -0.717987, 0.689129, -0.004329, -0.230291, -0.657311, -0.717571, 0.029331, 0.0, 0.0, 0.0, 1.0],
                [0.968179, -0.231313, -0.095518, 0.125362, -0.097958, -0.701503, 0.705902, -0.004329, -0.230291, -0.674083, -0.70184, 0.029331, 0.0, 0.0, 0.0, 1.0],
                [0.968179, -0.233609, -0.089758, 0.125362, -0.097958, -0.683799, 0.723064, -0.004329, -0.230291, -0.691263, -0.684924, 0.029331, 0.0, 0.0, 0.0, 1.0],
                [0.968179, -0.23584, -0.08372, 0.125362, -0.097958, -0.664977, 0.740412, -0.004329, -0.230291, -0.70865, -0.666919, 0.029331, 0.0, 0.0, 0.0, 1.0],
