{
    "armature": {
        "joints": ["Root", "Thigh_R", "Leg_R", "Knee_R", "Thigh_L", "Leg_L", "Knee_L", "Torso", "Chest", "Head", "Shoulder_R", "Arm_R", "Hand_R", "Tool_R", "Elbow_R", "Shoulder_L", "Arm_L", "Hand_L", "Tool_L", "Elbow_L"],
        "hierarchy": [
            {
                "name": "Root",
                "transform": [1.0, 0.0, 0.0, -5e-06, 0.0, 0.0, -1.0, 0.000946, 0.0, 1.0, 0.0, 0.763972, 0.0, 0.0, 0.0, 1.0],
                "children": [
                    {
                        "name": "Thigh_R",
                        "transform": [1.0, -0.0, -0.0, 0.124994, -0.0, -1.0, 0.0, -0.002831, -0.0, -0.0, -1.0, -1.2e-05, 0.0, 0.0, 0.0, 1.0],
                        "children": [
                            {
                                "name": "Leg_R",
                                "transform": [1.0, 0.0, 1e-06, 0.0, -0.0, 1.0, 0.0, 0.37472, -1e-06, -0.0, 1.0, -0.0, 0.0, 0.0, 0.0, 1.0],
                                "children": []
                            },
                            {
                                "name": "Knee_R",
                                "transform": [1.0, 0.0, -0.0, 0.0, -0.0, 0.0, -1.0, 0.37472, -0.0, 1.0, 0.0, -0.0, 0.0, 0.0, 0.0, 1.0],
                                "children": []
                            }
                        ]
                    },
                    {
                        "name": "Thigh_L",
                        "transform": [1.0, -0.0, -0.0, -0.125006, -0.0, -1.0, 0.0, -0.002831, -0.0, -0.0, -1.0, -1.2e-05, 0.0, 0.0, 0.0, 1.0],
                        "children": [
                            {
                                "name": "Leg_L",
                                "transform": [1.0, 0.0, 1e-06, -0.0, -0.0, 1.0, 0.0, 0.37472, -1e-06, -0.0, 1.0, 0.0, 0.0, 0.0, 0.0, 1.0],
                                "children": []
                            },
                            {
                                "name": "Knee_L",
                                "transform": [1.0, 0.0, -0.0, -0.0, -0.0, 0.0, -1.0, 0.37472, -0.0, 1.0, 0.0, 0.0, 0.0, 0.0, 0.0, 1.0],
                                "children": []
                            }
                        ]
                    },
                    {
                        "name": "Torso",
                        "transform": [1.0, 0.0, 0.0, 0.0, 0.0, 1.0, 0.0, 0.05, 0.0, 0.0, 1.0, 0.0, 0.0, 0.0, 0.0, 1.0],
                        "children": [
                            {
                                "name": "Chest",
                                "transform": [1.0, 0.0, 0.0, 0.0, 0.0, 1.0, 0.0, 0.3, 0.0, 0.0, 1.0, 0.0, 0.0, 0.0, 0.0, 1.0],
                                "children": [
                                    {
                                        "name": "Head",
                                        "transform": [1.0, 0.0, 0.0, 0.0, 0.0, 1.0, 0.0, 0.4, 0.0, 0.0, 1.0, 0.0, 0.0, 0.0, 0.0, 1.0],
                                        "children": []
                                    },
                                    {
                                        "name": "Shoulder_R",
                                        "transform": [0.0, 0.952114, 0.305743, 0.0, 0.0, -0.305743, 0.952114, 0.4, 1.0, 0.0, -0.0, 0.0, 0.0, 0.0, 0.0, 1.0],
                                        "children": [
                                            {
                                                "name": "Arm_R",
                                                "transform": [0.0, -0.0, -1.0, -0.0, 0.952114, 0.305743, 0.0, 0.39386, 0.305743, -0.952114, 0.0, 0.0, 0.0, 0.0, 0.0, 1.0],
                                                "children": [
                                                    {
                                                        "name": "Hand_R",
                                                        "transform": [1.0, 0.0, 0.0, 0.0, -0.0, 0.993938, 0.109947, 0.3, -0.0, -0.109947, 0.993937, 0.0, 0.0, 0.0, 0.0, 1.0],
                                                        "children": [
                                                            {
                                                                "name": "Tool_R",
                                                                "transform": [1.0, 0.0, 0.0, -0.0, 0.0, -0.999836, 0.018122, 0.272858, 0.0, -0.018122, -0.999836, 0.0, 0.0, 0.0, 0.0, 1.0],
                                                                "children": []
                                                            }
                                                        ]
                                                    },
                                                    {
                                                        "name": "Elbow_R",
                                                        "transform": [-1.0, 0.0, -0.0, 0.0, 0.0, 0.0, -1.0, 0.3, -0.0, -1.0, -0.0, 0.0, 0.0, 0.0, 0.0, 1.0],
                                                        "children": []
                                                    }
                                                ]
                                            }
                                        ]
                                    },
                                    {
                                        "name": "Shoulder_L",
                                        "transform": [-0.0, -0.952114, -0.305743, 0.0, 0.0, -0.305743, 0.952114, 0.4, -1.0, 0.0, 0.0, 0.0, 0.0, 0.0, 0.0, 1.0],
                                        "children": [
                                            {
                                                "name": "Arm_L",
                                                "transform": [-0.0, -0.0, 1.0, -0.0, -0.952114, 0.305743, -0.0, 0.39386, -0.305743, -0.952114, -0.0, 0.0, 0.0, 0.0, 0.0, 1.0],
                                                "children": [
                                                    {
                                                        "name": "Hand_L",
                                                        "transform": [1.0, -0.0, 0.0, -0.0, 0.0, 0.993937, 0.109947, 0.3, -0.0, -0.109947, 0.993937, 0.0, 0.0, 0.0, 0.0, 1.0],
                                                        "children": [
                                                            {
                                                                "name": "Tool_L",
                                                                "transform": [1.0, 0.0, 0.0, -0.0, -0.0, -0.999836, 0.018122, 0.272858, 0.0, -0.018122, -0.999836, -0.0, 0.0, 0.0, 0.0, 1.0],
                                                                "children": []
                                                            }
                                                        ]
                                                    },
                                                    {
                                                        "name": "Elbow_L",
                                                        "transform": [-1.0, 0.0, -0.0, -0.0, 0.0, -0.0, -1.0, 0.3, -0.0, -1.0, 0.0, 0.0, 0.0, 0.0, 0.0, 1.0],
                                                        "children": []
                                                    }
                                                ]
                                            }
                                        ]
                                    }
                                ]
                            }
                        ]
                    }
                ]
            }
        ]
    },
    "animation": [
        {
            "name": "Root",
            "time": [0.0, 0.0167, 0.0333, 0.05, 0.0667, 0.0833, 0.1, 0.1167, 0.1333, 0.15, 0.1667, 0.1833, 0.2, 0.2167, 0.2333, 0.25, 0.2667, 0.2833, 0.3, 0.3167, 0.3333, 0.35, 0.3667, 0.3833, 0.4, 0.4167, 0.4333, 0.45, 0.4667, 0.4833, 0.5, 0.5167, 0.5333, 0.55, 0.5667, 0.5833, 0.6, 0.6167, 0.6333, 0.65, 0.6667, 0.6833, 0.7, 0.7167, 0.7333, 0.75, 0.7667, 0.7833, 0.8, 0.8167, 0.8333, 0.85, 0.8667, 0.8833, 0.9, 0.9167, 0.9333, 0.95, 0.9667, 0.9833, 1.0, 1.0167, 1.0333, 1.05, 1.0667, 1.0833, 1.1, 1.1167, 1.1333, 1.15, 1.1667, 1.1833, 1.2, 1.2167, 1.2333, 1.25, 1.2667, 1.2833, 1.3, 1.3167, 1.3333, 1.35, 1.3667, 1.3833, 1.4, 1.4167, 1.4333, 1.45, 1.4667, 1.4833, 1.5, 1.5167, 1.5333, 1.55, 1.5667, 1.5833, 1.6, 1.6167, 1.6333, 1.65, 1.6667, 1.6833, 1.7, 1.7167, 1.7333, 1.75, 1.7667, 1.7833, 1.8, 1.8167, 1.8333, 1.85, 1.8667, 1.8833, 1.9, 1.9167, 1.9333, 1.95, 1.9667, 1.9833, 2.0, 2.0167, 2.0333, 2.05, 2.0667, 2.0833, 2.1, 2.1167, 2.1333, 2.15, 2.1667, 2.1833, 2.2, 2.2167, 2.2333, 2.25, 2.2667, 2.2833, 2.3, 2.3167, 2.3333, 2.35, 2.3667, 2.3833, 2.4, 2.4167, 2.4333, 2.45, 2.4667, 2.4833, 2.5, 2.5167, 2.5333, 2.55, 2.5667, 2.5833, 2.6, 2.6167, 2.6333, 2.65, 2.6667, 2.6833, 2.7, 2.7167, 2.7333, 2.75, 2.7667, 2.7833, 2.8, 2.8167, 2.8333, 2.85, 2.8667, 2.8833, 2.9, 2.9167, 2.9333, 2.95, 2.9667, 2.9833, 3.0, 3.0167, 3.0333, 3.05, 3.0667, 3.0833, 3.1, 3.1167, 3.1333, 3.15, 3.1667, 3.1833, 3.2, 3.2167, 3.2333, 3.25, 3.2667, 3.2833, 3.3, 3.3167, 3.3333, 3.35, 3.3667, 3.3833, 3.4, 3.4167, 3.4333, 3.45, 3.4667, 3.4833, 3.5, 3.5167],
            "transform": [
                [1.0, 0.0, -0.0, -5e-06, -0.0, 0.0, -1.0, 0.00095, 0.0, 1.0, 0.0, 0.763972, 0.0, 0.0, 0.0, 1.0],
                [1.0, 0.0, -0.0, -5e-06, -0.0, 0.0, -1.0, 0.00095, 0.0, 1.0, 0.0, 0.762714, 0.0, 0.0, 0.0, 1.0],
                [1.0, 0.0, -0.0, -5e-06, -0.0, 0.0, -1.0, 0.00095, 0.0, 1.0, 0.0, 0.759115, 0.0, 0.0, 0.0, 1.0],
                [1.0, 0.0, -0.0, -5e-06, -0.0, 0.0, -1.0, 0.00095, 0.0, 1.0, 0.0, 0.753433, 0.0, 0.0, 0.0, 1.0],
                [1.0, 0.0, -0.0, -5e-06, -0.0, 0.0, -1.0, 0.00095, 0.0, 1.0, 0.0, 0.745931, 0.0, 0.0, 0.0, 1.0],
                [1.0, 0.0, -0.0, -5e-06, -0.0, 0.0, -1.0, 0.00095, 0.0, 1.0, 0.0, 0.736867, 0.0, 0.0, 0.0, 1.0],
                [1.0, 0.0, -0.0, -5e-06, -0.0, 0.0, -1.0, 0.00095, 0.0, 1.0, 0.0, 0.726503, 0.0, 0.0, 0.0, 1.0],
                [1.0, 0.0, -0.0, -5e-06, -0.0, 0.0, -1.0, 0.00095, 0.0, 1.0, 0.0, 0.715097, 0.0, 0.0, 0.0, 1.0],
                [1.0, 0.0, -0.0, -5e-06, -0.0, 0.0, -1.0, 0.00095, 0.0, 1.0, 0.0, 0.702911, 0.0, 0.0, 0.0, 1.0],
                [1.0, 0.0, -0.0, -5e-06, -0.0, 0.0, -1.0, 0.00095, 0.0, 1.0, 0.0, 0.690205, 0.0, 0.0, 0.0, 1.0],
                [1.0, 0.0, -0.0, -5e-06, -0.0, 0.0, -1.0, 0.00095, 0.0, 1.0, 0.0, 0.677238, 0.0, 0.0, 0.0, 1.0],
                [1.0, 0.0, -0.0, -5e-06, -0.0, 0.0, -1.0, 0.00095, 0.0, 1.0, 0.0, 0.664271, 0.0, 0.0, 0.0, 1.0],
                [1.0, 0.0, -0.0, -5e-06, -0.0, 0.0, -1.0, 0.00095, 0.0, 1.0, 0.0, 0.651565, 0.0, 0.0, 0.0, 1.0],
                [1.0, 0.0, -0.0, -5e-06, -0.0, 0.0, -1.0, 0.00095, 0.0, 1.0, 0.0, 0.639379, 0.0, 0.0, 0.0, 1.0],
                [1.0, 0.0, -0.0, -5e-06, -0.0, 0.0, -1.0, 0.00095, 0.0, 1.0, 0.0, 0.627973, 0.0, 0.0, 0.0, 1.0],
                [1.0, 0.0, -0.0, -5e-06, -0.0, 0.0, -1.0, 0.00095, 0.0, 1.0, 0.0, 0.617609, 0.0, 0.0, 0.0, 1.0],
                [1.0, 0.0, -0.0, -5e-06, -0.0, 0.0, -1.0, 0.00095, 0.0, 1.0, 0.0, 0.608545, 0.0, 0.0, 0.0, 1.0],
                [1.0, 0.0, -0.0, -5e-06, -0.0, 0.0, -1.0, 0.00095, 0.0, 1.0, 0.0, 0.601043, 0.0, 0.0, 0.0, 1.0],
                [1.0, 0.0, -0.0, -5e-06, -0.0, 0.0, -1.0, 0.00095, 0.0, 1.0, 0.0, 0.595362, 0.0, 0.0, 0.0, 1.0],
                [1.0, 0.0, -0.0, -5e-06, -0.0, 0.0, -1.0, 0.00095, 0.0, 1.0, 0.0, 0.591762, 0.0, 0.0, 0.0, 1.0],
                [1.0, 0.0, -0.0, -5e-06, -0.0, 0.0, -1.0, 0.00095, 0.0, 1.0, 0.0, 0.590505, 0.0, 0.0, 0.0, 1.0],
                [1.0, 0.0, -0.0, -5e-06, -0.0, 0.0, -1.0, 0.001868, 0.0, 1.0, 0.0, 0.591223, 0.0, 0.0, 0.0, 1.0],
                [1.0, 0.0, -0.0, -5e-06, -0.0, 0.0, -1.0, 0.004503, 0.0, 1.0, 0.0, 0.593285, 0.0, 0.0, 0.0, 1.0],
                [1.0, 0.0, -0.0, -5e-06, -0.0, 0.0, -1.0, 0.008673, 0.0, 1.0, 0.0, 0.59655, 0.0, 0.0, 0.0, 1.0],
                [1.0, 0.0, -0.0, -5e-06, -0.0, 0.0, -1.0, 0.014198, 0.0, 1.0, 0.0, 0.600874, 0.0, 0.0, 0.0, 1.0],
                [1.0, 0.0, -0.0, -5e-06, -0.0, 0.0, -1.0, 0.020897, 0.0, 1.0, 0.0, 0.606118, 0.0, 0.0, 0.0, 1.0],
                [1.0, 0.0, -0.0, -5e-06, -0.0, 0.0, -1.0, 0.02859, 0.0, 1.0, 0.0, 0.612139, 0.0, 0.0, 0.0, 1.0],
                [1.0, 0.0, -0.0, -5e-06, -0.0, 0.0, -1.0, 0.037096, 0.0, 1.0, 0.0, 0.618797, 0.0, 0.0, 0.0, 1.0],
                [1.0, 0.0, -0.0, -5e-06, -0.0, 0.0, -1.0, 0.046234, 0.0, 1.0, 0.0, 0.62595, 0.0, 0.0, 0.0, 1.0],
                [1.0, 0.0, -0.0, -5e-06, -0.0, 0.0, -1.0, 0.055824, 0.0, 1.0, 0.0, 0.633456, 0.0, 0.0, 0.0, 1.0],
                [1.0, 0.0, -0.0, -5e-06, -0.0, 0.0, -1.0, 0.065685, 0.0, 1.0, 0.0, 0.641174, 0.0, 0.0, 0.0, 1.0],
                [1.0, 0.0, -0.0, -5e-06, -0.0, 0.0, -1.0, 0.075636, 0.0, 1.0, 0.0, 0.648963, 0.0, 0.0, 0.0, 1.0],
                [1.0, 0.0, -0.0, -5e-06, -0.0, 0.0, -1.0, 0.085497, 0.0, 1.0, 0.0, 0.656681, 0.0, 0.0, 0.0, 1.0],
                [1.0, 0.0, -0.0, -5e-06, -0.0, 0.0, -1.0, 0.095087, 0.0, 1.0, 0.0, 0.664187, 0.0, 0.0, 0.0, 1.0],
                [1.0, 0.0, -0.0, -5e-06, -0.0, 0.0, -1.0, 0.104225, 0.0, 1.0, 0.0, 0.67134, 0.0, 0.0, 0.0, 1.0],
                [1.0, 0.0, -0.0, -5e-06, -0.0, 0.0, -1.0, 0.112731, 0.0, 1.0, 0.0, 0.677998, 0.0, 0.0, 0.0, 1.0],
                [1.0, 0.0, -0.0, -5e-06, -0.0, 0.0, -1.0, 0.120424, 0.0, 1.0, 0.0, 0.684019, 0.0, 0.0, 0.0, 1.0],
                [1.0, 0.0, -0.0, -5e-06, -0.0, 0.0, -1.0, 0.127124, 0.0, 1.0, 0.0, 0.689263, 0.0, 0.0, 0.0, 1.0],
                [1.0, 0.0, -0.0, -5e-06, -0.0, 0.0, -1.0, 0.132649, 0.0, 1.0, 0.0, 0.693587, 0.0, 0.0, 0.0, 1.0],
                [1.0, 0.0, -0.0, -5e-06, -0.0, 0.0, -1.0, 0.136819, 0.0, 1.0, 0.0, 0.696851, 0.0, 0.0, 0.0, 1.0],
                [1.0, 0.0, -0.0, -5e-06, -0.0, 0.0, -1.0, 0.139454, 0.0, 1.0, 0.0, 0.698913, 0.0, 0.0, 0.0, 1.0],
                [1.0, 0.0, -0.0, -5e-06, -0.0, 0.0, -1.0, 0.140372, 0.0, 1.0, 0.0, 0.699632, 0.0, 0.0, 0.0, 1.0],
                [1.0, 0.0, -0.0, -5e-06, -0.0, 0.0, -1.0, 0.140372, 0.0, 1.0, 0.0, 0.699632, 0.0, 0.0, 0.0, 1.0],
                [1.0, 0.0, -0.0, -5e-06, -0.0, 0.0, -1.0, 0.140372, 0.0, 1.0, 0.0, 0.699632, 0.0, 0.0, 0.0, 1.0],
                [1.0, 0.0, -0.0, -5e-06, -0.0, 0.0, -1.0, 0.140372, 0.0, 1.0, 0.0, 0.699632, 0.0, 0.0, 0.0, 1.0],
                [1.0, 0.0, -0.0, -5e-06, -0.0, 0.0, -1.0, 0.140372, 0.0, 1.0, 0.0, 0.699632, 0.0, 0.0, 0.0, 1.0],
                [1.0, 0.0, -0.0, -5e-06, -0.0, 0.0, -1.0, 0.140372, 0.0, 1.0, 0.0, 0.699632, 0.0, 0.0, 0.0, 1.0],
                [1.0, 0.0, -0.0, -5e-06, -0.0, 0.0, -1.0, 0.140372, 0.0, 1.0, 0.0, 0.699632, 0.0, 0.0, 0.0, 1.0],
                [1.0, 0.0, -0.0, -5e-06, -0.0, 0.0, -1.0, 0.140372, 0.0, 1.0, 0.0, 0.699632, 0.0, 0.0, 0.0, 1.0],
                [1.0, 0.0, -0.0, -5e-06, -0.0, 0.0, -1.0, 0.140372, 0.0, 1.0, 0.0, 0.699632, 0.0, 0.0, 0.0, 1.0],
                [1.0, 0.0, -0.0, -5e-06, -0.0, 0.0, -1.0, 0.140372, 0.0, 1.0, 0.0, 0.699632, 0.0, 0.0, 0.0, 1.0],
                [1.0, 0.0, -0.0, -5e-06, -0.0, 0.0, -1.0, 0.140372, 0.0, 1.0, 0.0, 0.699632, 0.0, 0.0, 0.0, 1.0],
                [1.0, 0.0, -0.0, -5e-06, -0.0, 0.0, -1.0, 0.140372, 0.0, 1.0, 0.0, 0.699632, 0.0, 0.0, 0.0, 1.0],
                [1.0, 0.0, -0.0, -5e-06, -0.0, 0.0, -1.0, 0.140372, 0.0, 1.0, 0.0, 0.699632, 0.0, 0.0, 0.0, 1.0],
                [1.0, 0.0, -0.0, -5e-06, -0.0, 0.0, -1.0, 0.140372, 0.0, 1.0, 0.0, 0.699632, 0.0, 0.0, 0.0, 1.0],
                [1.0, 0.0, -0.0, -5e-06, -0.0, 0.0, -1.0, 0.140372, 0.0, 1.0, 0.0, 0.699632, 0.0, 0.0, 0.0, 1.0],
                [1.0, 0.0, -0.0, -5e-06, -0.0, 0.0, -1.0, 0.140372, 0.0, 1.0, 0.0, 0.699632, 0.0, 0.0, 0.0, 1.0],
                [1.0, 0.0, -0.0, -5e-06, -0.0, 0.0, -1.0, 0.140372, 0.0, 1.0, 0.0, 0.699632, 0.0, 0.0, 0.0, 1.0],
                [1.0, 0.0, -0.0, -5e-06, -0.0, 0.0, -1.0, 0.140372, 0.0, 1.0, 0.0, 0.699632, 0.0, 0.0, 0.0, 1.0],
                [1.0, 0.0, -0.0, -5e-06, -0.0, 0.0, -1.0, 0.140372, 0.0, 1.0, 0.0, 0.699632, 0.0, 0.0, 0.0, 1.0],
                [1.0, 0.0, -0.0, -5e-06, -0.0, 0.0, -1.0, 0.140372, 0.0, 1.0, 0.0, 0.699632, 0.0, 0.0, 0.0, 1.0],
                [1.0, 0.0, -0.0, -5e-06, -0.0, 0.0, -1.0, 0.140372, 0.0, 1.0, 0.0, 0.699632, 0.0, 0.0, 0.0, 1.0],
                [1.0, 0.0, -0.0, -5e-06, -0.0, 0.0, -1.0, 0.140372, 0.0, 1.0, 0.0, 0.699632, 0.0, 0.0, 0.0, 1.0],
                [1.0, 0.0, -0.0, -5e-06, -0.0, 0.0, -1.0, 0.140372, 0.0, 1.0, 0.0, 0.699632, 0.0, 0.0, 0.0, 1.0],
                [1.0, 0.0, -0.0, -5e-06, -0.0, 0.0, -1.0, 0.140372, 0.0, 1.0, 0.0, 0.699632, 0.0, 0.0, 0.0, 1.0],
                [1.0, 0.0, -0.0, -5e-06, -0.0, 0.0, -1.0, 0.140372, 0.0, 1.0, 0.0, 0.699632, 0.0, 0.0, 0.0, 1.0],
                [1.0, 0.0, -0.0, -5e-06, -0.0, 0.0, -1.0, 0.140372, 0.0, 1.0, 0.0, 0.699632, 0.0, 0.0, 0.0, 1.0],
                [1.0, 0.0, -0.0, -5e-06, -0.0, 0.0, -1.0, 0.140372, 0.0, 1.0, 0.0, 0.699632, 0.0, 0.0, 0.0, 1.0],
                [1.0, 0.0, -0.0, -5e-06, -0.0, 0.0, -1.0, 0.140372, 0.0, 1.0, 0.0, 0.699632, 0.0, 0.0, 0.0, 1.0],
                [1.0, 0.0, -0.0, -5e-06, -0.0, 0.0, -1.0, 0.140372, 0.0, 1.0, 0.0, 0.699632, 0.0, 0.0, 0.0, 1.0],
                [1.0, 0.0, -0.0, -5e-06, -0.0, 0.0, -1.0, 0.140372, 0.0, 1.0, 0.0, 0.699632, 0.0, 0.0, 0.0, 1.0],
                [1.0, 0.0, -0.0, -5e-06, -0.0, 0.0, -1.0, 0.140372, 0.0, 1.0, 0.0, 0.699632, 0.0, 0.0, 0.0, 1.0],
                [1.0, 0.0, -0.0, -5e-06, -0.0, 0.0, -1.0, 0.140372, 0.0, 1.0, 0.0, 0.699632, 0.0, 0.0, 0.0, 1.0],
                [1.0, 0.0, -0.0, -5e-06, -0.0, 0.0, -1.0, 0.140372, 0.0, 1.0, 0.0, 0.699632, 0.0, 0.0, 0.0, 1.0],
                [1.0, 0.0, -0.0, -5e-06, -0.0, 0.0, -1.0, 0.140372, 0.0, 1.0, 0.0, 0.699632, 0.0, 0.0, 0.0, 1.0],
                [1.0, 0.0, -0.0, -5e-06, -0.0, 0.0, -1.0, 0.140372, 0.0, 1.0, 0.0, 0.699632, 0.0, 0.0, 0.0, 1.0],
                [1.0, 0.0, -0.0, -5e-06, -0.0, 0.0, -1.0, 0.140372, 0.0, 1.0, 0.0, 0.699632, 0.0, 0.0, 0.0, 1.0],
                [1.0, 0.0, -0.0, -5e-06, -0.0, 0.0, -1.0, 0.140372, 0.0, 1.0, 0.0, 0.699632, 0.0, 0.0, 0.0, 1.0],
                [1.0, 0.0, -0.0, -5e-06, -0.0, 0.0, -1.0, 0.140372, 0.0, 1.0, 0.0, 0.699632, 0.0, 0.0, 0.0, 1.0],
                [1.0, 0.0, -0.0, -5e-06, -0.0, 0.0, -1.0, 0.140372, 0.0, 1.0, 0.0, 0.699632, 0.0, 0.0, 0.0, 1.0],
                [1.0, 0.0, -0.0, -5e-06, -0.0, 0.0, -1.0, 0.140372, 0.0, 1.0, 0.0, 0.699632, 0.0, 0.0, 0.0, 1.0],
                [1.0, 0.0, -0.0, -5e-06, -0.0, 0.0, -1.0, 0.140372, 0.0, 1.0, 0.0, 0.699632, 0.0, 0.0, 0.0, 1.0],
                [1.0, 0.0, -0.0, -5e-06, -0.0, 0.0, -1.0, 0.140372, 0.0, 1.0, 0.0, 0.699632, 0.0, 0.0, 0.0, 1.0],
                [1.0, 0.0, -0.0, -5e-06, -0.0, 0.0, -1.0, 0.140372, 0.0, 1.0, 0.0, 0.699632, 0.0, 0.0, 0.0, 1.0],
                [1.0, 0.0, -0.0, -5e-06, -0.0, 0.0, -1.0, 0.140372, 0.0, 1.0, 0.0, 0.699632, 0.0, 0.0, 0.0, 1.0],
                [1.0, 0.0, -0.0, -5e-06, -0.0, 0.0, -1.0, 0.140372, 0.0, 1.0, 0.0, 0.699632, 0.0, 0.0, 0.0, 1.0],
                [1.0, 0.0, -0.0, -5e-06, -0.0, 0.0, -1.0, 0.140372, 0.0, 1.0, 0.0, 0.699632, 0.0, 0.0, 0.0, 1.0],
                [1.0, 0.0, -0.0, -5e-06, -0.0, 0.0, -1.0, 0.140372, 0.0, 1.0, 0.0, 0.699632, 0.0, 0.0, 0.0, 1.0],
                [1.0, 0.0, -0.0, -5e-06, -0.0, 0.0, -1.0, 0.140372, 0.0, 1.0, 0.0, 0.699632, 0.0, 0.0, 0.0, 1.0],
                [1.0, 0.0, -0.0, -5e-06, -0.0, 0.0, -1.0, 0.140372, 0.0, 1.0, 0.0, 0.699632, 0.0, 0.0, 0.0, 1.0],
                [1.0, 0.0, -0.0, -5e-06, -0.0, 0.0, -1.0, 0.140372, 0.0, 1.0, 0.0, 0.699632, 0.0, 0.0, 0.0, 1.0],
                [1.0, 0.0, -0.0, -5e-06, -0.0, 0.0, -1.0, 0.140372, 0.0, 1.0, 0.0, 0.699632, 0.0, 0.0, 0.0, 1.0],
                [1.0, 0.0, -0.0, -5e-06, -0.0, 0.0, -1.0, 0.140372, 0.0, 1.0, 0.0, 0.699632, 0.0, 0.0, 0.0, 1.0],
                [1.0, 0.0, -0.0, -5e-06, -0.0, 0.0, -1.0, 0.140372, 0.0, 1.0, 0.0, 0.699632, 0.0, 0.0, 0.0, 1.0],
                [1.0, 0.0, -0.0, -5e-06, -0.0, 0.0, -1.0, 0.140372, 0.0, 1.0, 0.0, 0.699632, 0.0, 0.0, 0.0, 1.0],
                [1.0, 0.0, -0.0, -5e-06, -0.0, 0.0, -1.0, 0.140372, 0.0, 1.0, 0.0, 0.699632, 0.0, 0.0, 0.0, 1.0],
                [1.0, 0.0, -0.0, -5e-06, -0.0, 0.0, -1.0, 0.140372, 0.0, 1.0, 0.0, 0.699632, 0.0, 0.0, 0.0, 1.0],
                [1.0, 0.0, -0.0, -5e-06, -0.0, 0.0, -1.0, 0.140372, 0.0, 1.0, 0.0, 0.699632, 0.0, 0.0, 0.0, 1.0],
                [1.0, 0.0, -0.0, -5e-06, -0.0, 0.0, -1.0, 0.140372, 0.0, 1.0, 0.0, 0.699632, 0.0, 0.0, 0.0, 1.0],
                [1.0, 0.0, -0.0, -5e-06, -0.0, 0.0, -1.0, 0.140372, 0.0, 1.0, 0.0, 0.699632, 0.0, 0.0, 0.0, 1.0],
                [1.0, 0.0, -0.0, -5e-06, -0.0, 0.0, -1.0, 0.140372, 0.0, 1.0, 0.0, 0.699632, 0.0, 0.0, 0.0, 1.0],
                [1.0, 0.0, -0.0, -5e-06, -0.0, 0.0, -1.0, 0.140372, 0.0, 1.0, 0.0, 0.699632, 0.0, 0.0, 0.0, 1.0],
                [1.0, 0.0, -0.0, -5e-06, -0.0, 0.0, -1.0, 0.140372, 0.0, 1.0, 0.0, 0.699632, 0.0, 0.0, 0.0, 1.0],
                [1.0, 0.0, -0.0, -5e-06, -0.0, 0.0, -1.0, 0.140372, 0.0, 1.0, 0.0, 0.699632, 0.0, 0.0, 0.0, 1.0],
                [1.0, 0.0, -0.0, -5e-06, -0.0, 0.0, -1.0, 0.140372, 0.0, 1.0, 0.0, 0.699632, 0.0, 0.0, 0.0, 1.0],
                [1.0, 0.0, -0.0, -5e-06, -0.0, 0.0, -1.0, 0.140372, 0.0, 1.0, 0.0, 0.699632, 0.0, 0.0, 0.0, 1.0],
                [1.0, 0.0, -0.0, -5e-06, -0.0, 0.0, -1.0, 0.140372, 0.0, 1.0, 0.0, 0.699632, 0.0, 0.0, 0.0, 1.0],
                [1.0, 0.0, -0.0, -5e-06, -0.0, 0.0, -1.0, 0.140372, 0.0, 1.0, 0.0, 0.699632, 0.0, 0.0, 0.0, 1.0],
                [1.0, 0.0, -0.0, -5e-06, -0.0, 0.0, -1.0, 0.140372, 0.0, 1.0, 0.0, 0.699632, 0.0, 0.0, 0.0, 1.0],
                [1.0, 0.0, -0.0, -5e-06, -0.0, 0.0, -1.0, 0.140372, 0.0, 1.0, 0.0, 0.699632, 0.0, 0.0, 0.0, 1.0],
                [1.0, 0.0, -0.0, -5e-06, -0.0, 0.0, -1.0, 0.140372, 0.0, 1.0, 0.0, 0.699632, 0.0, 0.0, 0.0, 1.0],
                [1.0, 0.0, -0.0, -5e-06, -0.0, 0.0, -1.0, 0.140372, 0.0, 1.0, 0.0, 0.699632, 0.0, 0.0, 0.0, 1.0],
                [1.0, 0.0, -0.0, -5e-06, -0.0, 0.0, -1.0, 0.140372, 0.0, 1.0, 0.0, 0.699632, 0.0, 0.0, 0.0, 1.0],
                [1.0, 0.0, -0.0, -5e-06, -0.0, 0.0, -1.0, 0.140372, 0.0, 1.0, 0.0, 0.699632, 0.0, 0.0, 0.0, 1.0],
                [1.0, 0.0, -0.0, -5e-06, -0.0, 0.0, -1.0, 0.140372, 0.0, 1.0, 0.0, 0.699632, 0.0, 0.0, 0.0, 1.0],
                [1.0, 0.0, -0.0, -5e-06, -0.0, 0.0, -1.0, 0.140372, 0.0, 1.0, 0.0, 0.699632, 0.0, 0.0, 0.0, 1.0],
                [1.0, 0.0, -0.0, -5e-06, -0.0, 0.0, -1.0, 0.140372, 0.0, 1.0, 0.0, 0.699632, 0.0, 0.0, 0.0, 1.0],
                [1.0, 0.0, -0.0, -5e-06, -0.0, 0.0, -1.0, 0.140372, 0.0, 1.0, 0.0, 0.699632, 0.0, 0.0, 0.0, 1.0],
                [1.0, 0.0, -0.0, -5e-06, -0.0, 0.0, -1.0, 0.132227, 0.0, 1.0, 0.0, 0.697457, 0.0, 0.0, 0.0, 1.0],
                [1.0, 0.0, -0.0, -5e-06, -0.0, 0.0, -1.0, 0.108925, 0.0, 1.0, 0.0, 0.691493, 0.0, 0.0, 0.0, 1.0],
                [1.0, 0.0, -0.0, -5e-06, -0.0, 0.0, -1.0, 0.072167, 0.0, 1.0, 0.0, 0.682584, 0.0, 0.0, 0.0, 1.0],
                [1.0, 0.0, -0.0, -5e-06, -0.0, 0.0, -1.0, 0.023656, 0.0, 1.0, 0.0, 0.671573, 0.0, 0.0, 0.0, 1.0],
                [1.0, 0.0, -0.0, -5e-06, -0.0, 0.0, -1.0, -0.034909, 0.0, 1.0, 0.0, 0.659302, 0.0, 0.0, 0.0, 1.0],
                [1.0, 0.0, -0.0, -5e-06, -0.0, 0.0, -1.0, -0.101826, 0.0, 1.0, 0.0, 0.646614, 0.0, 0.0, 0.0, 1.0],
                [1.0, 0.0, -0.0, -5e-06, -0.0, 0.0, -1.0, -0.175393, 0.0, 1.0, 0.0, 0.634352, 0.0, 0.0, 0.0, 1.0],
                [1.0, 0.0, -0.0, -5e-06, -0.0, 0.0, -1.0, -0.253911, 0.0, 1.0, 0.0, 0.623361, 0.0, 0.0, 0.0, 1.0],
                [1.0, 0.0, -0.0, -5e-06, -0.0, 0.0, -1.0, -0.335677, 0.0, 1.0, 0.0, 0.614481, 0.0, 0.0, 0.0, 1.0],
                [1.0, 0.0, -0.0, -5e-06, -0.0, 0.0, -1.0, -0.41899, 0.0, 1.0, 0.0, 0.608556, 0.0, 0.0, 0.0, 1.0],
                [1.0, 0.0, -0.0, -5e-06, -0.0, 0.0, -1.0, -0.50215, 0.0, 1.0, 0.0, 0.604703, 0.0, 0.0, 0.0, 1.0],
                [1.0, 0.0, -0.0, -5e-06, -0.0, 0.0, -1.0, -0.583456, 0.0, 1.0, 0.0, 0.601441, 0.0, 0.0, 0.0, 1.0],
                [1.0, 0.0, -0.0, -5e-06, -0.0, 0.0, -1.0, -0.661205, 0.0, 1.0, 0.0, 0.598721, 0.0, 0.0, 0.0, 1.0],
                [1.0, 0.0, -0.0, -5e-06, -0.0, 0.0, -1.0, -0.733697, 0.0, 1.0, 0.0, 0.596494, 0.0, 0.0, 0.0, 1.0],
                [1.0, 0.0, -0.0, -5e-06, -0.0, 0.0, -1.0, -0.799231, 0.0, 1.0, 0.0, 0.594711, 0.0, 0.0, 0.0, 1.0],
                [1.0, 0.0, -0.0, -5e-06, -0.0, 0.0, -1.0, -0.856106, 0.0, 1.0, 0.0, 0.593323, 0.0, 0.0, 0.0, 1.0],
                [1.0, 0.0, -0.0, -5e-06, -0.0, 0.0, -1.0, -0.902621, 0.0, 1.0, 0.0, 0.592279, 0.0, 0.0, 0.0, 1.0],
                [1.0, 0.0, -0.0, -5e-06, -0.0, 0.0, -1.0, -0.937074, 0.0, 1.0, 0.0, 0.591532, 0.0, 0.0, 0.0, 1.0],
                [1.0, 0.0, -0.0, -5e-06, -0.0, 0.0, -1.0, -0.963735, 0.0, 1.0, 0.0, 0.59103, 0.0, 0.0, 0.0, 1.0],
                [1.0, 0.0, -0.0, -5e-06, -0.0, 0.0, -1.0, -0.98808, 0.0, 1.0, 0.0, 0.590726, 0.0, 0.0, 0.0, 1.0],
                [1.0, 0.0, -0.0, -5e-06, -0.0, 0.0, -1.0, -1.010213, 0.0, 1.0, 0.0, 0.59057, 0.0, 0.0, 0.0, 1.0],
                [1.0, 0.0, -0.0, -5e-06, -0.0, 0.0, -1.0, -1.03024, 0.0, 1.0, 0.0, 0.590513, 0.0, 0.0, 0.0, 1.0],
                [1.0, 0.0, -0.0, -5e-06, -0.0, 0.0, -1.0, -1.048266, 0.0, 1.0, 0.0, 0.590505, 0.0, 0.0, 0.0, 1.0],
                [1.0, 0.0, -0.0, -5e-06, -0.0, 0.0, -1.0, -1.064397, 0.0, 1.0, 0.0, 0.590505, 0.0, 0.0, 0.0, 1.0],
                [1.0, 0.0, -0.0, -5e-06, -0.0, 0.0, -1.0, -1.078737, 0.0, 1.0, 0.0, 0.590505, 0.0, 0.0, 0.0, 1.0],
                [1.0, 0.0, -0.0, -5e-06, -0.0, 0.0, -1.0, -1.091392, 0.0, 1.0, 0.0, 0.590505, 0.0, 0.0, 0.0, 1.0],
                [1.0, 0.0, -0.0, -5e-06, -0.0, 0.0, -1.0, -1.102467, 0.0, 1.0, 0.0, 0.590505, 0.0, 0.0, 0.0, 1.0],
                [1.0, 0.0, -0.0, -5e-06, -0.0, 0.0, -1.0, -1.112068, 0.0, 1.0, 0.0, 0.590505, 0.0, 0.0, 0.0, 1.0],
                [1.0, 0.0, -0.0, -5e-06, -0.0, 0.0, -1.0, -1.1203, 0.0, 1.0, 0.0, 0.590505, 0.0, 0.0, 0.0, 1.0],
                [1.0, 0.0, -0.0, -5e-06, -0.0, 0.0, -1.0, -1.127268, 0.0, 1.0, 0.0, 0.590505, 0.0, 0.0, 0.0, 1.0],
                [1.0, 0.0, -0.0, -5e-06, -0.0, 0.0, -1.0, -1.133078, 0.0, 1.0, 0.0, 0.590505, 0.0, 0.0, 0.0, 1.0],
                [1.0, 0.0, -0.0, -5e-06, -0.0, 0.0, -1.0, -1.137835, 0.0, 1.0, 0.0, 0.590505, 0.0, 0.0, 0.0, 1.0],
                [1.0, 0.0, -0.0, -5e-06, -0.0, 0.0, -1.0, -1.141643, 0.0, 1.0, 0.0, 0.590505, 0.0, 0.0, 0.0, 1.0],
                [1.0, 0.0, -0.0, -5e-06, -0.0, 0.0, -1.0, -1.14461, 0.0, 1.0, 0.0, 0.590505, 0.0, 0.0, 0.0, 1.0],
                [1.0, 0.0, -0.0, -5e-06, -0.0, 0.0, -1.0, -1.146839, 0.0, 1.0, 0.0, 0.590505, 0.0, 0.0, 0.0, 1.0],
                [1.0, 0.0, -0.0, -5e-06, -0.0, 0.0, -1.0, -1.148436, 0.0, 1.0, 0.0, 0.590505, 0.0, 0.0, 0.0, 1.0],
                [1.0, 0.0, -0.0, -5e-06, -0.0, 0.0, -1.0, -1.149507, 0.0, 1.0, 0.0, 0.590505, 0.0, 0.0, 0.0, 1.0],
                [1.0, 0.0, -0.0, -5e-06, -0.0, 0.0, -1.0, -1.150156, 0.0, 1.0, 0.0, 0.590505, 0.0, 0.0, 0.0, 1.0],
                [1.0, 0.0, -0.0, -5e-06, -0.0, 0.0, -1.0, -1.15049, 0.0, 1.0, 0.0, 0.590505, 0.0, 0.0, 0.0, 1.0],
                [1.0, 0.0, -0.0, -5e-06, -0.0, 0.0, -1.0, -1.150613, 0.0, 1.0, 0.0, 0.590505, 0.0, 0.0, 0.0, 1.0],
                [1.0, 0.0, -0.0, -5e-06, -0.0, 0.0, -1.0, -1.15063, 0.0, 1.0, 0.0, 0.590505, 0.0, 0.0, 0.0, 1.0],
                [1.0, 0.0, -0.0, -5e-06, -0.0, 0.0, -1.0, -1.150627, 0.0, 1.0, 0.0, 0.590505, 0.0, 0.0, 0.0, 1.0],
                [1.0, 0.0, -0.0, -5e-06, -0.0, 0.0, -1.0, -1.150602, 0.0, 1.0, 0.0, 0.590505, 0.0, 0.0, 0.0, 1.0],
                [1.0, 0.0, -0.0, -5e-06, -0.0, 0.0, -1.0, -1.150535, 0.0, 1.0, 0.0, 0.590505, 0.0, 0.0, 0.0, 1.0],
                [1.0, 0.0, -0.0, -5e-06, -0.0, 0.0, -1.0, -1.150404, 0.0, 1.0, 0.0, 0.590505, 0.0, 0.0, 0.0, 1.0],
                [1.0, 0.0, -0.0, -5e-06, -0.0, 0.0, -1.0, -1.150188, 0.0, 1.0, 0.0, 0.590505, 0.0, 0.0, 0.0, 1.0],
                [1.0, 0.0, -0.0, -5e-06, -0.0, 0.0, -1.0, -1.149866, 0.0, 1.0, 0.0, 0.590505, 0.0, 0.0, 0.0, 1.0],
                [1.0, 0.0, -0.0, -5e-06, -0.0, 0.0, -1.0, -1.149417, 0.0, 1.0, 0.0, 0.590505, 0.0, 0.0, 0.0, 1.0],
                [1.0, 0.0, -0.0, -5e-06, -0.0, 0.0, -1.0, -1.148819, 0.0, 1.0, 0.0, 0.590505, 0.0, 0.0, 0.0, 1.0],
                [1.0, 0.0, -0.0, -5e-06, -0.0, 0.0, -1.0, -1.148052, 0.0, 1.0, 0.0, 0.590505, 0.0, 0.0, 0.0, 1.0],
                [1.0, 0.0, -0.0, -5e-06, -0.0, 0.0, -1.0, -1.147093, 0.0, 1.0, 0.0, 0.590505, 0.0, 0.0, 0.0, 1.0],
                [1.0, 0.0, -0.0, -5e-06, -0.0, 0.0, -1.0, -1.145922, 0.0, 1.0, 0.0, 0.590505, 0.0, 0.0, 0.0, 1.0],
                [1.0, 0.0, -0.0, -5e-06, -0.0, 0.0, -1.0, -1.144518, 0.0, 1.0, 0.0, 0.590505, 0.0, 0.0, 0.0, 1.0],
                [1.0, 0.0, -0.0, -5e-06, -0.0, 0.0, -1.0, -1.142859, 0.0, 1.0, 0.0, 0.590505, 0.0, 0.0, 0.0, 1.0],
                [1.0, 0.0, -0.0, -5e-06, -0.0, 0.0, -1.0, -1.140924, 0.0, 1.0, 0.0, 0.590505, 0.0, 0.0, 0.0, 1.0],
                [1.0, 0.0, -0.0, -5e-06, -0.0, 0.0, -1.0, -1.138692, 0.0, 1.0, 0.0, 0.590505, 0.0, 0.0, 0.0, 1.0],
                [1.0, 0.0, -0.0, -5e-06, -0.0, 0.0, -1.0, -1.136142, 0.0, 1.0, 0.0, 0.590505, 0.0, 0.0, 0.0, 1.0],
                [1.0, 0.0, -0.0, -5e-06, -0.0, 0.0, -1.0, -1.133252, 0.0, 1.0, 0.0, 0.590505, 0.0, 0.0, 0.0, 1.0],
                [1.0, 0.0, -0.0, -5e-06, -0.0, 0.0, -1.0, -1.130002, 0.0, 1.0, 0.0, 0.590505, 0.0, 0.0, 0.0, 1.0],
                [1.0, 0.0, -0.0, -5e-06, -0.0, 0.0, -1.0, -1.125459, 0.0, 1.0, 0.0, 0.590505, 0.0, 0.0, 0.0, 1.0],
                [1.0, 0.0, -0.0, -5e-06, -0.0, 0.0, -1.0, -1.118816, 0.0, 1.0, 0.0, 0.590505, 0.0, 0.0, 0.0, 1.0],
                [1.0, 0.0, -0.0, -5e-06, -0.0, 0.0, -1.0, -1.11023, 0.0, 1.0, 0.0, 0.590505, 0.0, 0.0, 0.0, 1.0],
                [1.0, 0.0, -0.0, -5e-06, -0.0, 0.0, -1.0, -1.099864, 0.0, 1.0, 0.0, 0.590505, 0.0, 0.0, 0.0, 1.0],
                [1.0, 0.0, -0.0, -5e-06, -0.0, 0.0, -1.0, -1.087876, 0.0, 1.0, 0.0, 0.590505, 0.0, 0.0, 0.0, 1.0],
                [1.0, 0.0, -0.0, -5e-06, -0.0, 0.0, -1.0, -1.074427, 0.0, 1.0, 0.0, 0.590505, 0.0, 0.0, 0.0, 1.0],
                [1.0, 0.0, -0.0, -5e-06, -0.0, 0.0, -1.0, -1.059677, 0.0, 1.0, 0.0, 0.590505, 0.0, 0.0, 0.0, 1.0],
                [1.0, 0.0, -0.0, -5e-06, -0.0, 0.0, -1.0, -1.043786, 0.0, 1.0, 0.0, 0.590505, 0.0, 0.0, 0.0, 1.0],
                [1.0, 0.0, -0.0, -5e-06, -0.0, 0.0, -1.0, -1.026915, 0.0, 1.0, 0.0, 0.590505, 0.0, 0.0, 0.0, 1.0],
                [1.0, 0.0, -0.0, -5e-06, -0.0, 0.0, -1.0, -1.009222, 0.0, 1.0, 0.0, 0.590505, 0.0, 0.0, 0.0, 1.0],
                [0.999995, 0.0, -0.003197, -5e-06, -0.003197, 0.0, -0.999995, -0.990861, 0.0, 1.0, 0.0, 0.591014, 0.0, 0.0, 0.0, 1.0],
                [0.999923, 0.0, -0.012446, -5e-06, -0.012446, 0.0, -0.999923, -0.97195, 0.0, 1.0, 0.0, 0.592488, 0.0, 0.0, 0.0, 1.0],
                [0.999629, 0.0, -0.027247, -5e-06, -0.027247, 0.0, -0.999629, -0.9526, 0.0, 1.0, 0.0, 0.594842, 0.0, 0.0, 0.0, 1.0],
                [0.99889, 0.0, -0.0471, -5e-06, -0.0471, 0.0, -0.99889, -0.932921, 0.0, 1.0, 0.0, 0.597992, 0.0, 0.0, 0.0, 1.0],
                [0.997441, 0.0, -0.071498, -5e-06, -0.071498, 0.0, -0.997441, -0.913024, 0.0, 1.0, 0.0, 0.601854, 0.0, 0.0, 0.0, 1.0],
                [0.994996, 0.0, -0.099916, -5e-06, -0.099916, 0.0, -0.994996, -0.893019, 0.0, 1.0, 0.0, 0.606345, 0.0, 0.0, 0.0, 1.0],
                [0.991276, 0.0, -0.131804, -5e-06, -0.131804, 0.0, -0.991276, -0.873018, 0.0, 1.0, 0.0, 0.61138, 0.0, 0.0, 0.0, 1.0],
                [0.986028, 0.0, -0.166581, -5e-06, -0.166581, 0.0, -0.986028, -0.85313, 0.0, 1.0, 0.0, 0.616877, 0.0, 0.0, 0.0, 1.0],
                [0.979046, 0.0, -0.203637, -5e-06, -0.203637, 0.0, -0.979046, -0.833466, 0.0, 1.0, 0.0, 0.62275, 0.0, 0.0, 0.0, 1.0],
                [0.970192, 0.0, -0.242338, -5e-06, -0.242338, 0.0, -0.970192, -0.814138, 0.0, 1.0, 0.0, 0.628917, 0.0, 0.0, 0.0, 1.0],
                [0.959404, 0.0, -0.282034, -5e-06, -0.282034, 0.0, -0.959404, -0.795254, 0.0, 1.0, 0.0, 0.635294, 0.0, 0.0, 0.0, 1.0],
                [0.946715, 0.0, -0.322073, -5e-06, -0.322073, 0.0, -0.946715, -0.776927, 0.0, 1.0, 0.0, 0.641796, 0.0, 0.0, 0.0, 1.0],
                [0.93225, 0.0, -0.361814, -5e-06, -0.361814, 0.0, -0.93225, -0.759267, 0.0, 1.0, 0.0, 0.64834, 0.0, 0.0, 0.0, 1.0],
                [0.916234, 0.0, -0.400642, -5e-06, -0.400642, 0.0, -0.916234, -0.742383, 0.0, 1.0, 0.0, 0.654843, 0.0, 0.0, 0.0, 1.0],
                [0.898982, 0.0, -0.437986, -5e-06, -0.437986, 0.0, -0.898982, -0.726388, 0.0, 1.0, 0.0, 0.661219, 0.0, 0.0, 0.0, 1.0],
                [0.880888, 0.0, -0.473324, -5e-06, -0.473324, 0.0, -0.880888, -0.711391, 0.0, 1.0, 0.0, 0.667386, 0.0, 0.0, 0.0, 1.0],
                [0.862417, 0.0, -0.506198, -5e-06, -0.506198, 0.0, -0.862417, -0.697503, 0.0, 1.0, 0.0, 0.67326, 0.0, 0.0, 0.0, 1.0],
                [0.844083, 0.0, -0.536212, -5e-06, -0.536212, 0.0, -0.844083, -0.684835, 0.0, 1.0, 0.0, 0.678757, 0.0, 0.0, 0.0, 1.0],
                [0.826436, 0.0, -0.563031, -5e-06, -0.563031, 0.0, -0.826436, -0.673497, 0.0, 1.0, 0.0, 0.683792, 0.0, 0.0, 0.0, 1.0],
                [0.810042, 0.0, -0.586372, -5e-06, -0.586372, 0.0, -0.810042, -0.6636, 0.0, 1.0, 0.0, 0.688283, 0.0, 0.0, 0.0, 1.0],
                [0.795469, 0.0, -0.605994, -5e-06, -0.605994, 0.0, -0.795469, -0.655254, 0.0, 1.0, 0.0, 0.692145, 0.0, 0.0, 0.0, 1.0],
                [0.783274, 0.0, -0.621677, -5e-06, -0.621677, 0.0, -0.783274, -0.64857, 0.0, 1.0, 0.0, 0.695295, 0.0, 0.0, 0.0, 1.0],
                [0.773986, 0.0, -0.633203, -5e-06, -0.633203, 0.0, -0.773986, -0.64366, 0.0, 1.0, 0.0, 0.697649, 0.0, 0.0, 0.0, 1.0],
                [0.768095, 0.0, -0.640335, -5e-06, -0.640335, 0.0, -0.768095, -0.640632, 0.0, 1.0, 0.0, 0.699122, 0.0, 0.0, 0.0, 1.0],
                [0.766044, 0.0, -0.642788, -5e-06, -0.642788, 0.0, -0.766044, -0.639598, 0.0, 1.0, 0.0, 0.699632, 0.0, 0.0, 0.0, 1.0]
            ]
        },
        {
            "name": "Thigh_R",
            "time": [0.0, 0.0167, 0.0333, 0.05, 0.0667, 0.0833, 0.1, 0.1167, 0.1333, 0.15, 0.1667, 0.1833, 0.2, 0.2167, 0.2333, 0.25, 0.2667, 0.2833, 0.3, 0.3167, 0.3333, 0.35, 0.3667, 0.3833, 0.4, 0.4167, 0.4333, 0.45, 0.4667, 0.4833, 0.5, 0.5167, 0.5333, 0.55, 0.5667, 0.5833, 0.6, 0.6167, 0.6333, 0.65, 0.6667, 0.6833, 0.7, 0.7167, 0.7333, 0.75, 0.7667, 0.7833, 0.8, 0.8167, 0.8333, 0.85, 0.8667, 0.8833, 0.9, 0.9167, 0.9333, 0.95, 0.9667, 0.9833, 1.0, 1.0167, 1.0333, 1.05, 1.0667, 1.0833, 1.1, 1.1167, 1.1333, 1.15, 1.1667, 1.1833, 1.2, 1.2167, 1.2333, 1.25, 1.2667, 1.2833, 1.3, 1.3167, 1.3333, 1.35, 1.3667, 1.3833, 1.4, 1.4167, 1.4333, 1.45, 1.4667, 1.4833, 1.5, 1.5167, 1.5333, 1.55, 1.5667, 1.5833, 1.6, 1.6167, 1.6333, 1.65, 1.6667, 1.6833, 1.7, 1.7167, 1.7333, 1.75, 1.7667, 1.7833, 1.8, 1.8167, 1.8333, 1.85, 1.8667, 1.8833, 1.9, 1.9167, 1.9333, 1.95, 1.9667, 1.9833, 2.0, 2.0167, 2.0333, 2.05, 2.0667, 2.0833, 2.1, 2.1167, 2.1333, 2.15, 2.1667, 2.1833, 2.2, 2.2167, 2.2333, 2.25, 2.2667, 2.2833, 2.3, 2.3167, 2.3333, 2.35, 2.3667, 2.3833, 2.4, 2.4167, 2.4333, 2.45, 2.4667, 2.4833, 2.5, 2.5167, 2.5333, 2.55, 2.5667, 2.5833, 2.6, 2.6167, 2.6333, 2.65, 2.6667, 2.6833, 2.7, 2.7167, 2.7333, 2.75, 2.7667, 2.7833, 2.8, 2.8167, 2.8333, 2.85, 2.8667, 2.8833, 2.9, 2.9167, 2.9333, 2.95, 2.9667, 2.9833, 3.0, 3.0167, 3.0333, 3.05, 3.0667, 3.0833, 3.1, 3.1167, 3.1333, 3.15, 3.1667, 3.1833, 3.2, 3.2167, 3.2333, 3.25, 3.2667, 3.2833, 3.3, 3.3167, 3.3333, 3.35, 3.3667, 3.3833, 3.4, 3.4167, 3.4333, 3.45, 3.4667, 3.4833, 3.5, 3.5167],
            "transform": [
                [0.980532, 0.196351, 0.001662, 0.125362, 0.195109, -0.973308, -0.120842, -0.004329, -0.02211, 0.118813, -0.99267, 0.029331, 0.0, 0.0, 0.0, 1.0],
                [0.980532, 0.196348, 0.001997, 0.125362, 0.195109, -0.973101, -0.122503, -0.004329, -0.02211, 0.120508, -0.992466, 0.029331, 0.0, 0.0, 0.0, 1.0],
                [0.980532, 0.196336, 0.002959, 0.125362, 0.195109, -0.972489, -0.127268, -0.004329, -0.02211, 0.125368, -0.991864, 0.029331, 0.0, 0.0, 0.0, 1.0],
                [0.980532, 0.196307, 0.004481, 0.125362, 0.195109, -0.971473, -0.134808, -0.004329, -0.02211, 0.133058, -0.990862, 0.029331, 0.0, 0.0, 0.0, 1.0],
                [0.980532, 0.19625, 0.0065, 0.125362, 0.195109, -0.970035, -0.144789, -0.004329, -0.02211, 0.143239, -0.989441, 0.029331, 0.0, 0.0, 0.0, 1.0],
                [0.980532, 0.196154, 0.008947, 0.125362, 0.195109, -0.968153, -0.156879, -0.004329, -0.02211, 0.155571, -0.987577, 0.029331, 0.0, 0.0, 0.0, 1.0],
                [0.980532, 0.196006, 0.011758, 0.125362, 0.195109, -0.965805, -0.17074, -0.004329, -0.02211, 0.16971, -0.985246, 0.029331, 0.0, 0.0, 0.0, 1.0],
                [0.980532, 0.195795, 0.014865, 0.125362, 0.195109, -0.962976, -0.186034, -0.004329, -0.02211, 0.185313, -0.982431, 0.029331, 0.0, 0.0, 0.0, 1.0],
                [0.980532, 0.195513, 0.0182, 0.125362, 0.195109, -0.959665, -0.202422, -0.004329, -0.02211, 0.202032, -0.979129, 0.029331, 0.0, 0.0, 0.0, 1.0],
                [0.980532, 0.195156, 0.021696, 0.125362, 0.195109, -0.955889, -0.219562, -0.004329, -0.02211, 0.219521, -0.975357, 0.029331, 0.0, 0.0, 0.0, 1.0],
                [0.980532, 0.194724, 0.025284, 0.125362, 0.195109, -0.951686, -0.237119, -0.004329, -0.02211, 0.237436, -0.971152, 0.029331, 0.0, 0.0, 0.0, 1.0],
                [0.980532, 0.19422, 0.028897, 0.125362, 0.195109, -0.947117, -0.254756, -0.004329, -0.02211, 0.255435, -0.966574, 0.029331, 0.0, 0.0, 0.0, 1.0],
                [0.980532, 0.193655, 0.032467, 0.125362, 0.195109, -0.942268, -0.272145, -0.004329, -0.02211, 0.273182, -0.961708, 0.029331, 0.0, 0.0, 0.0, 1.0],
                [0.980532, 0.193043, 0.035927, 0.125362, 0.195109, -0.937247, -0.288964, -0.004329, -0.02211, 0.290348, -0.956666, 0.029331, 0.0, 0.0, 0.0, 1.0],
                [0.980532, 0.192403, 0.039212, 0.125362, 0.195109, -0.932185, -0.304899, -0.004329, -0.02211, 0.306614, -0.951577, 0.029331, 0.0, 0.0, 0.0, 1.0],
                [0.980532, 0.191757, 0.042259, 0.125362, 0.195109, -0.927232, -0.319644, -0.004329, -0.02211, 0.321666, -0.946595, 0.029331, 0.0, 0.0, 0.0, 1.0],
                [0.980532, 0.191131, 0.045003, 0.125362, 0.195109, -0.922555, -0.332903, -0.004329, -0.02211, 0.335202, -0.941887, 0.029331, 0.0, 0.0, 0.0, 1.0],
                [0.980532, 0.190555, 0.047384, 0.125362, 0.195109, -0.91833, -0.344386, -0.004329, -0.02211, 0.346927, -0.937631, 0.029331, 0.0, 0.0, 0.0, 1.0],
                [0.980532, 0.190058, 0.049341, 0.125362, 0.195109, -0.91474, -0.353812, -0.004329, -0.02211, 0.356551, -0.934014, 0.029331, 0.0, 0.0, 0.0, 1.0],
                [0.980532, 0.189669, 0.050814, 0.125362, 0.195109, -0.911968, -0.360897, -0.004329, -0.02211, 0.363786, -0.93122, 0.029331, 0.0, 0.0, 0.0, 1.0],
                [0.980532, 0.189418, 0.051743, 0.125362, 0.195109, -0.910189, -0.36536, -0.004329, -0.02211, 0.368343, -0.929427, 0.029331, 0.0, 0.0, 0.0, 1.0],
                [0.980532, 0.189329, 0.052066, 0.125362, 0.195109, -0.909564, -0.366914, -0.004329, -0.02211, 0.36993, -0.928797, 0.029331, 0.0, 0.0, 0.0, 1.0],
                [0.980532, 0.189401, 0.051804, 0.125362, 0.195109, -0.91007, -0.365656, -0.004329, -0.02211, 0.368645, -0.929307, 0.029331, 0.0, 0.0, 0.0, 1.0],
                [0.980532, 0.189604, 0.051056, 0.125362, 0.195109, -0.911506, -0.36206, -0.004329, -0.02211, 0.364974, -0.930755, 0.029331, 0.0, 0.0, 0.0, 1.0],
                [0.980532, 0.189918, 0.049877, 0.125362, 0.195109, -0.913738, -0.356391, -0.004329, -0.02211, 0.359185, -0.933004, 0.029331, 0.0, 0.0, 0.0, 1.0],
                [0.980532, 0.190319, 0.048323, 0.125362, 0.195109, -0.916621, -0.348909, -0.004329, -0.02211, 0.351545, -0.93591, 0.029331, 0.0, 0.0, 0.0, 1.0],
                [0.980532, 0.190785, 0.046448, 0.125362, 0.195109, -0.920009, -0.339874, -0.004329, -0.02211, 0.34232, -0.939323, 0.029331, 0.0, 0.0, 0.0, 1.0],
