{
    "animation": [
        {
            "name": "Root",
            "time": [0.0, 0.0167, 0.0333, 0.05, 0.0667, 0.0833, 0.1, 0.1167, 0.1333, 0.15, 0.1667, 0.1833, 0.2, 0.2167, 0.2333, 0.25, 0.2667, 0.2833, 0.3, 0.3167, 0.3333, 0.35, 0.3667, 0.3833, 0.4, 0.4167, 0.4333, 0.45, 0.4667, 0.4833, 0.5, 0.5167, 0.5333, 0.55, 0.5667, 0.5833, 0.6, 0.6167, 0.6333, 0.65, 0.6667, 0.6833, 0.7, 0.7167, 0.7333, 0.75, 0.7667, 0.7833, 0.8, 0.8167, 0.8333, 0.85, 0.8667, 0.8833, 0.9, 0.9167, 0.9333, 0.95, 0.9667, 0.9833, 1.0, 1.0167, 1.0333, 1.05, 1.0667, 1.0833, 1.1, 1.1167, 1.1333, 1.15, 1.1667, 1.1833, 1.2, 1.2167, 1.2333, 1.25, 1.2667, 1.2833, 1.3, 1.3167, 1.3333, 1.35, 1.3667, 1.3833, 1.4, 1.4167, 1.4333, 1.45, 1.4667, 1.4833, 1.5, 1.5167, 1.5333, 1.55, 1.5667, 1.5833, 1.6],
            "transform": [
                [0.819152, 0.0, -0.573576, -5e-06, -0.573576, 0.0, -0.819152, 0.000946, 0.0, 1.0, 0.0, 0.763972, 0.0, 0.0, 0.0, 1.0],
                [0.81909, -8e-06, -0.573665, 1.9e-05, -0.573665, -7e-06, -0.81909, 0.000933, 2e-06, 1.0, -1e-05, 0.76286, 0.0, 0.0, 0.0, 1.0],
                [0.818653, -5e-05, -0.574288, 8.6e-05, -0.574288, -1.9e-05, -0.818653, 0.000895, 3e-05, 1.0, -4.5e-05, 0.759717, 0.0, 0.0, 0.0, 1.0],
                [0.817466, -0.000158, -0.575977, 0.000189, -0.575977, -2.6e-05, -0.817466, 0.000837, 0.000114, 1.0, -0.000112, 0.754835, 0.0, 0.0, 0.0, 1.0],
                [0.815138, -0.00036, -0.579267, 0.000324, -0.579267, -1.6e-05, -0.815138, 0.000761, 0.000284, 1.0, -0.000221, 0.748501, 0.0, 0.0, 0.0, 1.0],
                [0.811258, -0.000686, -0.584688, 0.000483, -0.584688, 2.6e-05, -0.811258, 0.000671, 0.000572, 1.0, -0.00038, 0.741008, 0.0, 0.0, 0.0, 1.0],
                [0.805372, -0.001169, -0.592768, 0.000661, -0.592769, 0.000113, -0.805373, 0.000571, 0.001009, 0.999999, -0.000602, 0.732645, 0.0, 0.0, 0.0, 1.0],
                [0.796959, -0.001839, -0.60403, 0.000851, -0.604031, 0.000265, -0.796961, 0.000463, 0.001626, 0.999998, -0.0009, 0.723701, 0.0, 0.0, 0.0, 1.0],
                [0.785401, -0.00273, -0.618981, 0.001047, -0.618982, 0.000503, -0.785405, 0.000353, 0.002456, 0.999996, -0.001295, 0.714467, 0.0, 0.0, 0.0, 1.0],
                [0.769945, -0.003875, -0.638098, 0.001243, -0.6381, 0.000858, -0.769953, 0.000242, 0.003531, 0.999992, -0.001812, 0.705234, 0.0, 0.0, 0.0, 1.0],
                [0.749654, -0.005307, -0.661809, 0.001433, -0.661812, 0.001369, -0.749669, 0.000134, 0.004884, 0.999985, -0.002486, 0.69629, 0.0, 0.0, 0.0, 1.0],
                [0.723354, -0.00706, -0.690441, 0.00161, -0.690447, 0.002087, -0.72338, 3.4e-05, 0.006548, 0.999973, -0.003365, 0.687926, 0.0, 0.0, 0.0, 1.0],
                [0.689571, -0.009164, -0.724161, 0.001769, -0.724168, 0.003079, -0.689617, -5.6e-05, 0.00855, 0.999953, -0.004513, 0.680433, 0.0, 0.0, 0.0, 1.0],
                [0.646468, -0.011641, -0.762852, 0.001904, -0.762863, 0.004436, -0.646545, -0.000132, 0.010911, 0.999922, -0.006012, 0.6741, 0.0, 0.0, 0.0, 1.0],
                [0.591798, -0.014498, -0.805956, 0.002008, -0.805971, 0.006273, -0.591922, -0.00019, 0.013637, 0.999875, -0.007972, 0.669217, 0.0, 0.0, 0.0, 1.0],
                [0.5229, -0.017715, -0.85221, 0.002074, -0.85223, 0.008733, -0.523094, -0.000228, 0.016709, 0.999805, -0.010531, 0.666075, 0.0, 0.0, 0.0, 1.0],
                [0.436795, -0.021229, -0.899311, 0.002098, -0.899337, 0.011994, -0.437091, -0.000241, 0.020065, 0.999703, -0.013854, 0.664963, 0.0, 0.0, 0.0, 1.0],
                [0.317345, -0.02531, -0.947972, 0.002081, -0.948008, 0.016765, -0.317804, 0.000732, 0.023936, 0.999539, -0.018673, 0.666578, 0.0, 0.0, 0.0, 1.0],
                [0.149863, -0.029744, -0.988259, 0.002033, -0.988312, 0.023746, -0.150585, 0.0034, 0.027946, 0.999275, -0.025837, 0.671286, 0.0, 0.0, 0.0, 1.0],
                [-0.061514, -0.033523, -0.997543, 0.001958, -0.99763, 0.03294, 0.060413, 0.007386, 0.030833, 0.998895, -0.03547, 0.67888, 0.0, 0.0, 0.0, 1.0],
                [-0.302039, -0.03554, -0.952633, 0.001859, -0.952787, 0.043913, 0.300449, 0.012315, 0.031155, 0.998403, -0.047125, 0.689154, 0.0, 0.0, 0.0, 1.0],
                [-0.544981, -0.034913, -0.837721, 0.001739, -0.837991, 0.055672, 0.542836, 0.017808, 0.027686, 0.997838, -0.059597, 0.701902, 0.0, 0.0, 0.0, 1.0],
                [-0.757208, -0.031384, -0.652419, 0.001603, -0.65287, 0.066834, 0.754516, 0.02349, 0.019924, 0.99727, -0.071097, 0.716918, 0.0, 0.0, 0.0, 1.0],
                [-0.910131, -0.025479, -0.413535, 0.001454, -0.414235, 0.076088, 0.906984, 0.028983, 0.008356, 0.996776, -0.079804, 0.733996, 0.0, 0.0, 0.0, 1.0],
                [-0.988788, -0.018292, -0.1482, 0.001296, -0.149213, 0.082641, 0.985346, 0.033912, -0.005777, 0.996412, -0.084444, 0.75293, 0.0, 0.0, 0.0, 1.0],
                [-0.993118, -0.011042, 0.116596, 0.001133, 0.11522, 0.086373, 0.989578, 0.037898, -0.020998, 0.996202, -0.084506, 0.773513, 0.0, 0.0, 0.0, 1.0],
                [-0.932548, -0.004725, 0.361015, 0.000967, 0.359243, 0.087668, 0.929117, 0.040566, -0.03604, 0.996139, -0.080057, 0.795539, 0.0, 0.0, 0.0, 1.0],
                [-0.819152, -0.0, 0.573576, 0.000804, 0.571394, 0.087156, 0.816035, 0.041539, -0.04999, 0.996195, -0.071394, 0.818802, 0.0, 0.0, 0.0, 1.0],
                [-0.658083, 0.002882, 0.75294, 0.000645, 0.750329, 0.085793, 0.655474, 0.039817, -0.062708, 0.996309, -0.058622, 0.843096, 0.0, 0.0, 0.0, 1.0],
                [-0.44784, 0.004276, 0.894104, 0.000496, 0.89109, 0.084313, 0.445927, 0.035271, -0.073478, 0.99643, -0.041569, 0.868215, 0.0, 0.0, 0.0, 1.0],
                [-0.194114, 0.004556, 0.980968, 0.00036, 0.977668, 0.08299, 0.193075, 0.028834, -0.080531, 0.99654, -0.020564, 0.893952, 0.0, 0.0, 0.0, 1.0],
                [0.088366, 0.004057, 0.99608, 0.000239, 0.992702, 0.082023, -0.0884, 0.02144, -0.08206, 0.996622, 0.003221, 0.920102, 0.0, 0.0, 0.0, 1.0],
                [0.375029, 0.003124, 0.927008, 0.000139, 0.923832, 0.081516, -0.374019, 0.014021, -0.076734, 0.996667, 0.027685, 0.946457, 0.0, 0.0, 0.0, 1.0],
                [0.635125, 0.002098, 0.772406, 6.3e-05, 0.769734, 0.081429, -0.63315, 0.007511, -0.064225, 0.996677, 0.050103, 0.972813, 0.0, 0.0, 0.0, 1.0],
                [0.838912, 0.00126, 0.544266, 1.4e-05, 0.542367, 0.081565, -0.836173, 0.002842, -0.045446, 0.996667, 0.067743, 0.998963, 0.0, 0.0, 0.0, 1.0],
                [0.964367, 0.000752, 0.264566, -5e-06, 0.263625, 0.081592, -0.961168, 0.000946, -0.022309, 0.996666, 0.078486, 1.0247, 0.0, 0.0, 0.0, 1.0],
                [0.999138, 0.000513, -0.041498, -6e-06, -0.041402, 0.081503, -0.995813, 0.000759, 0.002871, 0.996673, 0.081454, 1.049819, 0.0, 0.0, 0.0, 1.0],
                [0.941498, 0.000458, -0.337018, -7e-06, -0.335932, 0.081496, -0.938354, 0.000589, 0.027036, 0.996674, 0.076883, 1.074112, 0.0, 0.0, 0.0, 1.0],
                [0.809167, 0.000532, -0.587578, -8e-06, -0.585658, 0.081498, -0.80645, 0.000437, 0.047458, 0.996673, 0.066257, 1.097376, 0.0, 0.0, 0.0, 1.0],
                [0.629799, 0.000658, -0.776758, -9e-06, -0.774209, 0.081481, -0.627663, 0.0003, 0.062878, 0.996675, 0.051826, 1.119402, 0.0, 0.0, 0.0, 1.0],
                [0.427753, 0.000769, -0.903895, -1e-05, -0.900919, 0.081457, -0.426275, 0.000179, 0.073301, 0.996677, 0.035537, 1.139985, 0.0, 0.0, 0.0, 1.0],
                [0.217995, 0.000813, -0.975949, -1.1e-05, -0.97272, 0.081472, -0.217206, 7.1e-05, 0.079336, 0.996675, 0.018551, 1.158918, 0.0, 0.0, 0.0, 1.0],
                [0.005954, 0.000752, -0.999982, -1.2e-05, -0.996649, 0.081592, -0.005873, -2.3e-05, 0.081586, 0.996666, 0.001235, 1.175996, 0.0, 0.0, 0.0, 1.0],
                [-0.219548, 0.000671, -0.975601, -1.2e-05, -0.972322, 0.081779, 0.218866, -0.000106, 0.079931, 0.99665, -0.017302, 1.191012, 0.0, 0.0, 0.0, 1.0],
                [-0.462589, 0.000665, -0.886572, -1.3e-05, -0.883567, 0.081927, 0.461083, -0.000178, 0.072941, 0.996638, -0.037311, 1.203761, 0.0, 0.0, 0.0, 1.0],
                [-0.700473, 0.000719, -0.713678, -1.3e-05, -0.711233, 0.08202, 0.698155, -0.00024, 0.059038, 0.99663, -0.056942, 1.214035, 0.0, 0.0, 0.0, 1.0],
                [-0.892642, 0.000806, -0.450767, -1.3e-05, -0.449188, 0.082042, 0.889663, -0.000293, 0.037699, 0.996629, -0.072873, 1.221629, 0.0, 0.0, 0.0, 1.0],
                [-0.992606, 0.000888, -0.121379, -1.4e-05, -0.120898, 0.08199, 0.989273, -0.000338, 0.010831, 0.996633, -0.081276, 1.226336, 0.0, 0.0, 0.0, 1.0],
                [-0.975497, 0.000929, 0.220011, -1.4e-05, 0.219347, 0.081883, 0.972205, -0.000377, -0.017112, 0.996642, -0.08008, 1.227952, 0.0, 0.0, 0.0, 1.0],
                [-0.857702, 0.000912, 0.514147, -1.4e-05, 0.51249, 0.081759, 0.854792, -0.00041, -0.041257, 0.996652, -0.070593, 1.227865, 0.0, 0.0, 0.0, 1.0],
                [-0.685237, 0.000845, 0.72832, -1.4e-05, 0.725935, 0.081656, 0.682899, -0.000439, -0.058894, 0.99666, -0.056567, 1.22761, 0.0, 0.0, 0.0, 1.0],
                [-0.505148, 0.000752, 0.863033, -1.5e-05, 0.860186, 0.081592, 0.503411, -0.000464, -0.070038, 0.996666, -0.041863, 1.227193, 0.0, 0.0, 0.0, 1.0],
                [-0.33047, 0.000665, 0.943816, -1.5e-05, 0.940689, 0.081568, 0.329318, -0.000486, -0.076766, 0.996668, -0.027581, 1.226623, 0.0, 0.0, 0.0, 1.0],
                [-0.149682, 0.0006, 0.988734, -1.5e-05, 0.985447, 0.081571, 0.149135, -0.000507, -0.080563, 0.996667, -0.012801, 1.225906, 0.0, 0.0, 0.0, 1.0],
                [0.036163, 0.000554, 0.999346, -1.5e-05, 0.996012, 0.081593, -0.036087, -0.000527, -0.08156, 0.996666, 0.002399, 1.22505, 0.0, 0.0, 0.0, 1.0],
                [0.222185, 0.000528, 0.975004, -1.5e-05, 0.971741, 0.081626, -0.221486, -0.000548, -0.079703, 0.996663, 0.017623, 1.224062, 0.0, 0.0, 0.0, 1.0],
                [0.399788, 0.00052, 0.916608, -1.5e-05, 0.913529, 0.081663, -0.398491, -0.00057, -0.075061, 0.99666, 0.032173, 1.222949, 0.0, 0.0, 0.0, 1.0],
                [0.558289, 0.000529, 0.829647, -1.6e-05, 0.826849, 0.081698, -0.556458, -0.000595, -0.068075, 0.996657, 0.045173, 1.22172, 0.0, 0.0, 0.0, 1.0],
                [0.687941, 0.000551, 0.725766, -1.6e-05, 0.723308, 0.081723, -0.685673, -0.000623, -0.059689, 0.996655, 0.055822, 1.22038, 0.0, 0.0, 0.0, 1.0],
                [0.783025, 0.000579, 0.62199, -1.6e-05, 0.619872, 0.081734, -0.780435, -0.000657, -0.05129, 0.996654, 0.063641, 1.218937, 0.0, 0.0, 0.0, 1.0],
                [0.842977, 0.000607, 0.53795, -1.7e-05, 0.536108, 0.081729, -0.840184, -0.000696, -0.044476, 0.996654, 0.06857, 1.2174, 0.0, 0.0, 0.0, 1.0],
                [0.881752, 0.000631, 0.471712, -1.7e-05, 0.47009, 0.081716, -0.878828, -0.000741, -0.039101, 0.996655, 0.071756, 1.215774, 0.0, 0.0, 0.0, 1.0],
                [0.912504, 0.000652, 0.409067, -1.8e-05, 0.407651, 0.081702, -0.909475, -0.000795, -0.034014, 0.996657, 0.074287, 1.214068, 0.0, 0.0, 0.0, 1.0],
                [0.936404, 0.00067, 0.350922, -1.9e-05, 0.349699, 0.081688, -0.933294, -0.000856, -0.029291, 0.996658, 0.076259, 1.212289, 0.0, 0.0, 0.0, 1.0],
                [0.954613, 0.000685, 0.297849, -1.9e-05, 0.296801, 0.081675, -0.95144, -0.000927, -0.024979, 0.996659, 0.077764, 1.210443, 0.0, 0.0, 0.0, 1.0],
                [0.96821, 0.000698, 0.250138, -2e-05, 0.249247, 0.081662, -0.964991, -0.001007, -0.0211, 0.99666, 0.078892, 1.208539, 0.0, 0.0, 0.0, 1.0],
                [0.978159, 0.000709, 0.207858, -2.1e-05, 0.207107, 0.081651, -0.974905, -0.001098, -0.017663, 0.996661, 0.079721, 1.206584, 0.0, 0.0, 0.0, 1.0],
                [0.985286, 0.000718, 0.170911, -2.2e-05, 0.170283, 0.081641, -0.982007, -0.001201, -0.014658, 0.996662, 0.080317, 1.204585, 0.0, 0.0, 0.0, 1.0],
                [0.990281, 0.000725, 0.139081, -2.3e-05, 0.138558, 0.081632, -0.986984, -0.001315, -0.012069, 0.996662, 0.080738, 1.202549, 0.0, 0.0, 0.0, 1.0],
                [0.993701, 0.000731, 0.112066, -2.5e-05, 0.111633, 0.081624, -0.990392, -0.001443, -0.009871, 0.996663, 0.081028, 1.200484, 0.0, 0.0, 0.0, 1.0],
                [0.995985, 0.000736, 0.089512, -2.6e-05, 0.089154, 0.081617, -0.992668, -0.001584, -0.008036, 0.996664, 0.081224, 1.198397, 0.0, 0.0, 0.0, 1.0],
                [0.997474, 0.00074, 0.071032, -2.8e-05, 0.070735, 0.081612, -0.994151, -0.00174, -0.006532, 0.996664, 0.081353, 1.196295, 0.0, 0.0, 0.0, 1.0],
                [0.998418, 0.000743, 0.056218, -3e-05, 0.05597, 0.081607, -0.995092, -0.001911, -0.005327, 0.996664, 0.081437, 1.194186, 0.0, 0.0, 0.0, 1.0],
                [0.999002, 0.000745, 0.044651, -3.1e-05, 0.044442, 0.081604, -0.995674, -0.002098, -0.004385, 0.996665, 0.081489, 1.192077, 0.0, 0.0, 0.0, 1.0],
                [0.999355, 0.000746, 0.03591, -3.3e-05, 0.03573, 0.081601, -0.996024, -0.002302, -0.003674, 0.996665, 0.081522, 1.189975, 0.0, 0.0, 0.0, 1.0],
                [0.999562, 0.000748, 0.029571, -3.6e-05, 0.029411, 0.081599, -0.996231, -0.002523, -0.003158, 0.996665, 0.081541, 1.187888, 0.0, 0.0, 0.0, 1.0],
                [0.999682, 0.000748, 0.025208, -3.8e-05, 0.025063, 0.081598, -0.99635, -0.002763, -0.002803, 0.996665, 0.081553, 1.185823, 0.0, 0.0, 0.0, 1.0],
                [0.999749, 0.000749, 0.022399, -4e-05, 0.022263, 0.081597, -0.996417, -0.003022, -0.002574, 0.996665, 0.08156, 1.183787, 0.0, 0.0, 0.0, 1.0],
                [0.999785, 0.000749, 0.02072, -4.3e-05, 0.02059, 0.081596, -0.996453, -0.003301, -0.002437, 0.996665, 0.081563, 1.181788, 0.0, 0.0, 0.0, 1.0],
                [0.999805, 0.00075, 0.019749, -4.6e-05, 0.019622, 0.081596, -0.996472, -0.003601, -0.002358, 0.996665, 0.081565, 1.179832, 0.0, 0.0, 0.0, 1.0],
                [0.999818, 0.00075, 0.019064, -4.9e-05, 0.018939, 0.081596, -0.996486, -0.003922, -0.002303, 0.996665, 0.081567, 1.177929, 0.0, 0.0, 0.0, 1.0],
                [0.999832, 0.00075, 0.018316, -5.2e-05, 0.018194, 0.081596, -0.996499, -0.004264, -0.002242, 0.996665, 0.081568, 1.176083, 0.0, 0.0, 0.0, 1.0],
                [0.999847, 0.00075, 0.017454, -5.6e-05, 0.017335, 0.081595, -0.996515, -0.004623, -0.002172, 0.996665, 0.08157, 1.174304, 0.0, 0.0, 0.0, 1.0],
                [0.999864, 0.00075, 0.016501, -5.9e-05, 0.016385, 0.081595, -0.996531, -0.004994, -0.002094, 0.996665, 0.081572, 1.172598, 0.0, 0.0, 0.0, 1.0],
                [0.99988, 0.00075, 0.015478, -6.3e-05, 0.015365, 0.081595, -0.996547, -0.00537, -0.002011, 0.996665, 0.081573, 1.170972, 0.0, 0.0, 0.0, 1.0],
                [0.999896, 0.000751, 0.014408, -6.6e-05, 0.014299, 0.081594, -0.996563, -0.005748, -0.001924, 0.996665, 0.081575, 1.169435, 0.0, 0.0, 0.0, 1.0],
                [0.999911, 0.000751, 0.013314, -7e-05, 0.013209, 0.081594, -0.996578, -0.00612, -0.001835, 0.996665, 0.081577, 1.167992, 0.0, 0.0, 0.0, 1.0],
                [0.999925, 0.000751, 0.012218, -7.3e-05, 0.012116, 0.081594, -0.996592, -0.006483, -0.001745, 0.996665, 0.081579, 1.166653, 0.0, 0.0, 0.0, 1.0],
                [0.999938, 0.000751, 0.011142, -7.6e-05, 0.011044, 0.081593, -0.996605, -0.006831, -0.001658, 0.996665, 0.08158, 1.165423, 0.0, 0.0, 0.0, 1.0],
                [0.999949, 0.000751, 0.010109, -7.9e-05, 0.010014, 0.081593, -0.996615, -0.007157, -0.001574, 0.996665, 0.081581, 1.16431, 0.0, 0.0, 0.0, 1.0],
                [0.999958, 0.000751, 0.009141, -8.2e-05, 0.009049, 0.081593, -0.996625, -0.007458, -0.001495, 0.996665, 0.081583, 1.163322, 0.0, 0.0, 0.0, 1.0],
                [0.999966, 0.000752, 0.008261, -8.5e-05, 0.008172, 0.081593, -0.996632, -0.007727, -0.001423, 0.996665, 0.081584, 1.162466, 0.0, 0.0, 0.0, 1.0],
                [0.999972, 0.000752, 0.00749, -8.7e-05, 0.007404, 0.081592, -0.996638, -0.007959, -0.00136, 0.996665, 0.081584, 1.161749, 0.0, 0.0, 0.0, 1.0],
                [0.999976, 0.000752, 0.006852, -8.8e-05, 0.006768, 0.081592, -0.996643, -0.008149, -0.001308, 0.996666, 0.081585, 1.161179, 0.0, 0.0, 0.0, 1.0],
                [0.999979, 0.000752, 0.006368, -9e-05, 0.006286, 0.081592, -0.996646, -0.008291, -0.001269, 0.996666, 0.081586, 1.160762, 0.0, 0.0, 0.0, 1.0],
                [0.999981, 0.000752, 0.006062, -9.1e-05, 0.00598, 0.081592, -0.996648, -0.008381, -0.001244, 0.996666, 0.081586, 1.160507, 0.0, 0.0, 0.0, 1.0],
                [0.999982, 0.000752, 0.005955, -9.1e-05, 0.005873, 0.081592, -0.996649, -0.008412, -0.001235, 0.996666, 0.081586, 1.16042, 0.0, 0.0, 0.0, 1.0]
            ]
        },
        {
            "name": "Thigh_R",
            "time": [0.0, 0.0167, 0.0333, 0.05, 0.0667, 0.0833, 0.1, 0.1167, 0.1333, 0.15, 0.1667, 0.1833, 0.2, 0.2167, 0.2333, 0.25, 0.2667, 0.2833, 0.3, 0.3167, 0.3333, 0.35, 0.3667, 0.3833, 0.4, 0.4167, 0.4333, 0.45, 0.4667, 0.4833, 0.5, 0.5167, 0.5333, 0.55, 0.5667, 0.5833, 0.6, 0.6167, 0.6333, 0.65, 0.6667, 0.6833, 0.7, 0.7167, 0.7333, 0.75, 0.7667, 0.7833, 0.8, 0.8167, 0.8333, 0.85, 0.8667, 0.8833, 0.9, 0.9167, 0.9333, 0.95, 0.9667, 0.9833, 1.0, 1.0167, 1.0333, 1.05, 1.0667, 1.0833, 1.1, 1.1167, 1.1333, 1.15, 1.1667, 1.1833, 1.2, 1.2167, 1.2333, 1.25, 1.2667, 1.2833, 1.3, 1.3167, 1.3333, 1.6],
            "transform": [
                [0.787738, -0.222678, -0.574354, 0.124994, 0.287556, -0.691633, 0.662537, -0.005666, -0.544775, -0.687065, -0.480794, 0.032399, 0.0, 0.0, 0.0, 1.0],
                [0.787738, -0.222678, -0.574354, 0.124994, 0.287556, -0.691633, 0.662537, -0.005666, -0.544775, -0.687065, -0.480794, 0.032399, 0.0, 0.0, 0.0, 1.0],
                [0.787738, -0.222678, -0.574354, 0.124994, 0.287556, -0.691633, 0.662537, -0.005666, -0.544775, -0.687065, -0.480794, 0.032399, 0.0, 0.0, 0.0, 1.0],
                [0.787738, -0.222678, -0.574354, 0.124994, 0.287556, -0.691633, 0.662537, -0.005666, -0.544775, -0.687065, -0.480794, 0.032399, 0.0, 0.0, 0.0, 1.0],
                [0.787738, -0.222678, -0.574354, 0.124994, 0.287556, -0.691633, 0.662537, -0.005666, -0.544775, -0.687065, -0.480793, 0.032399, 0.0, 0.0, 0.0, 1.0],
                [0.787738, -0.222678, -0.574354, 0.124994, 0.287556, -0.691633, 0.662537, -0.005666, -0.544775, -0.687065, -0.480794, 0.032399, 0.0, 0.0, 0.0, 1.0],
                [0.787738, -0.222678, -0.574354, 0.124994, 0.287556, -0.691633, 0.662537, -0.005666, -0.544775, -0.687065, -0.480793, 0.032399, 0.0, 0.0, 0.0, 1.0],
                [0.787738, -0.222678, -0.574354, 0.124994, 0.287556, -0.691633, 0.662537, -0.005666, -0.544775, -0.687065, -0.480794, 0.032399, 0.0, 0.0, 0.0, 1.0],
                [0.787738, -0.222678, -0.574354, 0.124994, 0.287556, -0.691633, 0.662537, -0.005666, -0.544775, -0.687065, -0.480793, 0.032399, 0.0, 0.0, 0.0, 1.0],
                [0.787738, -0.222678, -0.574354, 0.124994, 0.287556, -0.691633, 0.662537, -0.005666, -0.544775, -0.687065, -0.480793, 0.032399, 0.0, 0.0, 0.0, 1.0],
                [0.787738, -0.222678, -0.574354, 0.124994, 0.287556, -0.691633, 0.662537, -0.005666, -0.544775, -0.687065, -0.480793, 0.032399, 0.0, 0.0, 0.0, 1.0],
                [0.787738, -0.222678, -0.574354, 0.124994, 0.287556, -0.691633, 0.662537, -0.005666, -0.544775, -0.687065, -0.480794, 0.032399, 0.0, 0.0, 0.0, 1.0],
                [0.787738, -0.222678, -0.574354, 0.124994, 0.287556, -0.691633, 0.662537, -0.005666, -0.544775, -0.687065, -0.480793, 0.032399, 0.0, 0.0, 0.0, 1.0],
                [0.787738, -0.222678, -0.574354, 0.124994, 0.287556, -0.691633, 0.662537, -0.005666, -0.544775, -0.687065, -0.480793, 0.032399, 0.0, 0.0, 0.0, 1.0],
                [0.787738, -0.222678, -0.574354, 0.124994, 0.287556, -0.691633, 0.662537, -0.005666, -0.544775, -0.687065, -0.480794, 0.032399, 0.0, 0.0, 0.0, 1.0],
                [0.787738, -0.222678, -0.574354, 0.124994, 0.287556, -0.691633, 0.662537, -0.005666, -0.544775, -0.687065, -0.480794, 0.032399, 0.0, 0.0, 0.0, 1.0],
                [0.787738, -0.222678, -0.574354, 0.124994, 0.287556, -0.691633, 0.662537, -0.005666, -0.544775, -0.687065, -0.480794, 0.032399, 0.0, 0.0, 0.0, 1.0],
                [0.787738, -0.222678, -0.574354, 0.124994, 0.287556, -0.691633, 0.662537, -0.005666, -0.544775, -0.687065, -0.480793, 0.032399, 0.0, 0.0, 0.0, 1.0],
                [0.787738, -0.222678, -0.574354, 0.124994, 0.287556, -0.691633, 0.662537, -0.005666, -0.544775, -0.687065, -0.480793, 0.032399, 0.0, 0.0, 0.0, 1.0],
                [0.787738, -0.222678, -0.574354, 0.124994, 0.287556, -0.691633, 0.662537, -0.005666, -0.544775, -0.687065, -0.480794, 0.032399, 0.0, 0.0, 0.0, 1.0],
                [0.787738, -0.222678, -0.574354, 0.124994, 0.287556, -0.691633, 0.662537, -0.005666, -0.544775, -0.687065, -0.480794, 0.032399, 0.0, 0.0, 0.0, 1.0],
                [0.787738, -0.222678, -0.574354, 0.124994, 0.287556, -0.691633, 0.662537, -0.005666, -0.544775, -0.687065, -0.480794, 0.032399, 0.0, 0.0, 0.0, 1.0],
                [0.787738, -0.222678, -0.574354, 0.124994, 0.287556, -0.691633, 0.662537, -0.005666, -0.544775, -0.687065, -0.480794, 0.032399, 0.0, 0.0, 0.0, 1.0],
                [0.787738, -0.222678, -0.574354, 0.124994, 0.287556, -0.691633, 0.662537, -0.005666, -0.544775, -0.687065, -0.480794, 0.032399, 0.0, 0.0, 0.0, 1.0],
                [0.787738, -0.222678, -0.574354, 0.124994, 0.287556, -0.691633, 0.662537, -0.005666, -0.544775, -0.687065, -0.480794, 0.032399, 0.0, 0.0, 0.0, 1.0],
                [0.787738, -0.222678, -0.574354, 0.124994, 0.287556, -0.691633, 0.662537, -0.005666, -0.544775, -0.687065, -0.480794, 0.032399, 0.0, 0.0, 0.0, 1.0],
                [0.787738, -0.222678, -0.574354, 0.124994, 0.287556, -0.691633, 0.662537, -0.005666, -0.544775, -0.687065, -0.480794, 0.032399, 0.0, 0.0, 0.0, 1.0],
                [0.787738, -0.222678, -0.574354, 0.124994, 0.287556, -0.691633, 0.662537, -0.005666, -0.544775, -0.687065, -0.480793, 0.032399, 0.0, 0.0, 0.0, 1.0],
                [0.787738, -0.222678, -0.574354, 0.124994, 0.287556, -0.691633, 0.662537, -0.005666, -0.544775, -0.687065, -0.480794, 0.032399, 0.0, 0.0, 0.0, 1.0],
                [0.787738, -0.222678, -0.574354, 0.124994, 0.287556, -0.691633, 0.662537, -0.005666, -0.544775, -0.687065, -0.480794, 0.032399, 0.0, 0.0, 0.0, 1.0],
                [0.787738, -0.222678, -0.574354, 0.124994, 0.287556, -0.691633, 0.662537, -0.005666, -0.544775, -0.687065, -0.480793, 0.032399, 0.0, 0.0, 0.0, 1.0],
                [0.787738, -0.222678, -0.574354, 0.124994, 0.287556, -0.691633, 0.662537, -0.005666, -0.544775, -0.687065, -0.480793, 0.032399, 0.0, 0.0, 0.0, 1.0],
                [0.787738, -0.222678, -0.574354, 0.124994, 0.287556, -0.691633, 0.662537, -0.005666, -0.544775, -0.687065, -0.480794, 0.032399, 0.0, 0.0, 0.0, 1.0],
                [0.787738, -0.222678, -0.574354, 0.124994, 0.287556, -0.691633, 0.662537, -0.005666, -0.544775, -0.687065, -0.480793, 0.032399, 0.0, 0.0, 0.0, 1.0],
                [0.787738, -0.222678, -0.574354, 0.124994, 0.287556, -0.691633, 0.662537, -0.005666, -0.544775, -0.687065, -0.480794, 0.032399, 0.0, 0.0, 0.0, 1.0],
                [0.787738, -0.222678, -0.574354, 0.124994, 0.287556, -0.691633, 0.662537, -0.005666, -0.544775, -0.687065, -0.480794, 0.032399, 0.0, 0.0, 0.0, 1.0],
                [0.787738, -0.222678, -0.574354, 0.124994, 0.287556, -0.691633, 0.662537, -0.005666, -0.544775, -0.687065, -0.480793, 0.032399, 0.0, 0.0, 0.0, 1.0],
                [0.787738, -0.222678, -0.574354, 0.124994, 0.287556, -0.691633, 0.662537, -0.005666, -0.544775, -0.687065, -0.480794, 0.032399, 0.0, 0.0, 0.0, 1.0],
                [0.787738, -0.222678, -0.574354, 0.124994, 0.287556, -0.691633, 0.662537, -0.005666, -0.544775, -0.687065, -0.480794, 0.032399, 0.0, 0.0, 0.0, 1.0],
                [0.787738, -0.222678, -0.574354, 0.124994, 0.287556, -0.691633, 0.662537, -0.005666, -0.544775, -0.687065, -0.480794, 0.032399, 0.0, 0.0, 0.0, 1.0],
                [0.787738, -0.222678, -0.574354, 0.124994, 0.287556, -0.691633, 0.662537, -0.005666, -0.544775, -0.687065, -0.480794, 0.032399, 0.0, 0.0, 0.0, 1.0],
                [0.787738, -0.222678, -0.574354, 0.124994, 0.287556, -0.691633, 0.662537, -0.005666, -0.544775, -0.687065, -0.480793, 0.032399, 0.0, 0.0, 0.0, 1.0],
                [0.787738, -0.222678, -0.574354, 0.124994, 0.287556, -0.691633, 0.662537, -0.005666, -0.544775, -0.687065, -0.480794, 0.032399, 0.0, 0.0, 0.0, 1.0],
                [0.787738, -0.222678, -0.574354, 0.124994, 0.287556, -0.691633, 0.662537, -0.005666, -0.544775, -0.687065, -0.480794, 0.032399, 0.0, 0.0, 0.0, 1.0],
                [0.787738, -0.222678, -0.574354, 0.124994, 0.287556, -0.691633, 0.662537, -0.005666, -0.544775, -0.687065, -0.480794, 0.032399, 0.0, 0.0, 0.0, 1.0],
                [0.787738, -0.222678, -0.574354, 0.124994, 0.287556, -0.691633, 0.662537, -0.005666, -0.544775, -0.687065, -0.480794, 0.032399, 0.0, 0.0, 0.0, 1.0],
                [0.787738, -0.222678, -0.574354, 0.124994, 0.287556, -0.691633, 0.662537, -0.005666, -0.544775, -0.687065, -0.480794, 0.032399, 0.0, 0.0, 0.0, 1.0],
                [0.787738, -0.222678, -0.574354, 0.124994, 0.287556, -0.691633, 0.662537, -0.005666, -0.544775, -0.687065, -0.480794, 0.032399, 0.0, 0.0, 0.0, 1.0],
                [0.787738, -0.222678, -0.574354, 0.124994, 0.287556, -0.691633, 0.662537, -0.005666, -0.544775, -0.687065, -0.480794, 0.032399, 0.0, 0.0, 0.0, 1.0],
                [0.787738, -0.222678, -0.574354, 0.124994, 0.287556, -0.691633, 0.662537, -0.005666, -0.544775, -0.687065, -0.480794, 0.032399, 0.0, 0.0, 0.0, 1.0],
                [0.787738, -0.222678, -0.574354, 0.124994, 0.287556, -0.691633, 0.662537, -0.005666, -0.544775, -0.687065, -0.480794, 0.032399, 0.0, 0.0, 0.0, 1.0],
                [0.787738, -0.222678, -0.574354, 0.124994, 0.287556, -0.691633, 0.662537, -0.005666, -0.544775, -0.687065, -0.480794, 0.032399, 0.0, 0.0, 0.0, 1.0],
                [0.787738, -0.222678, -0.574354, 0.124994, 0.287556, -0.691633, 0.662537, -0.005667, -0.544775, -0.687065, -0.480793, 0.032399, 0.0, 0.0, 0.0, 1.0],
                [0.787738, -0.222678, -0.574354, 0.124994, 0.287556, -0.691633, 0.662537, -0.005666, -0.544775, -0.687065, -0.480794, 0.032399, 0.0, 0.0, 0.0, 1.0],
                [0.787738, -0.222678, -0.574354, 0.124994, 0.287556, -0.691633, 0.662537, -0.005666, -0.544775, -0.687065, -0.480793, 0.032399, 0.0, 0.0, 0.0, 1.0],
                [0.787738, -0.222678, -0.574354, 0.124994, 0.287556, -0.691633, 0.662537, -0.005666, -0.544775, -0.687065, -0.480793, 0.032399, 0.0, 0.0, 0.0, 1.0],
                [0.787738, -0.222678, -0.574354, 0.124994, 0.287556, -0.691633, 0.662537, -0.005666, -0.544775, -0.687065, -0.480794, 0.032399, 0.0, 0.0, 0.0, 1.0],
                [0.787738, -0.222678, -0.574354, 0.124994, 0.287556, -0.691633, 0.662537, -0.005666, -0.544775, -0.687065, -0.480794, 0.032399, 0.0, 0.0, 0.0, 1.0],
                [0.787738, -0.222678, -0.574354, 0.124994, 0.287556, -0.691633, 0.662537, -0.005666, -0.544775, -0.687065, -0.480794, 0.032399, 0.0, 0.0, 0.0, 1.0],
                [0.787738, -0.222678, -0.574354, 0.124994, 0.287556, -0.691633, 0.662537, -0.005666, -0.544775, -0.687065, -0.480794, 0.032399, 0.0, 0.0, 0.0, 1.0],
                [0.787738, -0.222678, -0.574354, 0.124994, 0.287556, -0.691633, 0.662537, -0.005666, -0.544775, -0.687065, -0.480794, 0.032399, 0.0, 0.0, 0.0, 1.0],
                [0.787738, -0.222678, -0.574354, 0.124994, 0.287556, -0.691633, 0.662537, -0.005666, -0.544775, -0.687065, -0.480794, 0.032399, 0.0, 0.0, 0.0, 1.0],
                [0.787738, -0.222678, -0.574354, 0.124994, 0.287556, -0.691633, 0.662537, -0.005666, -0.544775, -0.687065, -0.480793, 0.032399, 0.0, 0.0, 0.0, 1.0],
                [0.787738, -0.222678, -0.574354, 0.124994, 0.287556, -0.691633, 0.662537, -0.005666, -0.544775, -0.687065, -0.480794, 0.032399, 0.0, 0.0, 0.0, 1.0],
                [0.787738, -0.222678, -0.574354, 0.124994, 0.287556, -0.691633, 0.662537, -0.005666, -0.544775, -0.687065, -0.480793, 0.032399, 0.0, 0.0, 0.0, 1.0],
                [0.787738, -0.222678, -0.574354, 0.124994, 0.287556, -0.691633, 0.662537, -0.005666, -0.544775, -0.687065, -0.480793, 0.032399, 0.0, 0.0, 0.0, 1.0],
                [0.787738, -0.222678, -0.574354, 0.124994, 0.287556, -0.691633, 0.662537, -0.005667, -0.544775, -0.687065, -0.480794, 0.032399, 0.0, 0.0, 0.0, 1.0],
                [0.787738, -0.222678, -0.574354, 0.124994, 0.287556, -0.691633, 0.662537, -0.005666, -0.544775, -0.687065, -0.480793, 0.032399, 0.0, 0.0, 0.0, 1.0],
                [0.787738, -0.222678, -0.574354, 0.124994, 0.287556, -0.691633, 0.662537, -0.005666, -0.544775, -0.687065, -0.480794, 0.032399, 0.0, 0.0, 0.0, 1.0],
                [0.787738, -0.222678, -0.574354, 0.124994, 0.287556, -0.691633, 0.662537, -0.005666, -0.544775, -0.687065, -0.480794, 0.032399, 0.0, 0.0, 0.0, 1.0],
                [0.787738, -0.222678, -0.574354, 0.124994, 0.287556, -0.691633, 0.662537, -0.005666, -0.544775, -0.687065, -0.480794, 0.032399, 0.0, 0.0, 0.0, 1.0],
                [0.787738, -0.222678, -0.574354, 0.124994, 0.287556, -0.691633, 0.662537, -0.005666, -0.544775, -0.687065, -0.480793, 0.032399, 0.0, 0.0, 0.0, 1.0],
                [0.787738, -0.222678, -0.574354, 0.124994, 0.287556, -0.691633, 0.662537, -0.005666, -0.544775, -0.687065, -0.480793, 0.032399, 0.0, 0.0, 0.0, 1.0],
                [0.787738, -0.222678, -0.574354, 0.124994, 0.287556, -0.691633, 0.662537, -0.005666, -0.544775, -0.687065, -0.480793, 0.032399, 0.0, 0.0, 0.0, 1.0],
                [0.787738, -0.222678, -0.574354, 0.124994, 0.287556, -0.691633, 0.662537, -0.005666, -0.544775, -0.687065, -0.480794, 0.032399, 0.0, 0.0, 0.0, 1.0],
                [0.787738, -0.222678, -0.574354, 0.124994, 0.287556, -0.691633, 0.662537, -0.005666, -0.544775, -0.687065, -0.480794, 0.032399, 0.0, 0.0, 0.0, 1.0],
                [0.787738, -0.222678, -0.574354, 0.124994, 0.287556, -0.691633, 0.662537, -0.005666, -0.544775, -0.687065, -0.480794, 0.032399, 0.0, 0.0, 0.0, 1.0],
                [0.787738, -0.222678, -0.574354, 0.124994, 0.287556, -0.691633, 0.662537, -0.005666, -0.544775, -0.687065, -0.480793, 0.032399, 0.0, 0.0, 0.0, 1.0],
                [0.787738, -0.222678, -0.574354, 0.124994, 0.287556, -0.691633, 0.662537, -0.005666, -0.544775, -0.687065, -0.480794, 0.032399, 0.0, 0.0, 0.0, 1.0],
                [0.787738, -0.222678, -0.574354, 0.124994, 0.287556, -0.691633, 0.662537, -0.005666, -0.544775, -0.687065, -0.480794, 0.032399, 0.0, 0.0, 0.0, 1.0],
                [0.787738, -0.222678, -0.574354, 0.124994, 0.287556, -0.691633, 0.662537, -0.005666, -0.544775, -0.687065, -0.480793, 0.032399, 0.0, 0.0, 0.0, 1.0],
                [0.787738, -0.222678, -0.574354, 0.124994, 0.287556, -0.691633, 0.662537, -0.005666, -0.544775, -0.687065, -0.480794, 0.032399, 0.0, 0.0, 0.0, 1.0]
            ]
        },
        {
            "name": "Leg_R",
            "time": [0.0, 0.0167, 0.0333, 0.05, 0.0667, 0.0833, 0.1, 0.1167, 0.1333, 0.15, 0.1667, 0.1833, 0.2, 0.2167, 0.2333, 0.25, 0.2667, 0.2833, 0.3, 0.3167, 0.3333, 0.35, 0.3667, 0.3833, 0.4, 0.4167, 0.4333, 0.45, 0.4667, 0.4833, 0.5, 0.5167, 0.5333, 0.55, 0.5667, 0.5833, 0.6, 0.6167, 0.6333, 0.65, 0.6667, 0.6833, 0.7, 0.7167, 0.7333, 0.75, 0.7667, 0.7833, 0.8, 0.8167, 0.8333, 0.85, 0.8667, 0.8833, 0.9, 0.9167, 0.9333, 0.95, 0.9667, 0.9833, 1.0, 1.0167, 1.0333, 1.05, 1.0667, 1.0833, 1.1, 1.1167, 1.1333, 1.15, 1.1667, 1.1833, 1.2, 1.2167, 1.2333, 1.25, 1.2667, 1.2833, 1.3, 1.3167, 1.3333, 1.6],
            "transform": [
                [0.933031, -0.332754, 0.136849, -0.0, -0.049991, 0.256768, 0.965179, 0.37472, -0.356306, -0.907384, 0.222938, 0.0, 0.0, 0.0, 0.0, 1.0],
                [0.933031, -0.332754, 0.136849, -0.0, -0.049991, 0.256768, 0.965179, 0.37472, -0.356306, -0.907384, 0.222938, 0.0, 0.0, 0.0, 0.0, 1.0],
                [0.933031, -0.332754, 0.136849, -0.0, -0.049991, 0.256768, 0.965179, 0.37472, -0.356306, -0.907384, 0.222938, 0.0, 0.0, 0.0, 0.0, 1.0],
                [0.933031, -0.332754, 0.136849, -0.0, -0.049991, 0.256768, 0.965179, 0.37472, -0.356306, -0.907384, 0.222938, -0.0, 0.0, 0.0, 0.0, 1.0],
                [0.933031, -0.332754, 0.136849, 0.0, -0.049991, 0.256768, 0.965179, 0.37472, -0.356306, -0.907384, 0.222938, -0.0, 0.0, 0.0, 0.0, 1.0],
                [0.933031, -0.332754, 0.136849, 0.0, -0.049991, 0.256768, 0.965179, 0.37472, -0.356306, -0.907383, 0.222938, 0.0, 0.0, 0.0, 0.0, 1.0],
                [0.933031, -0.332754, 0.136849, -0.0, -0.049991, 0.256768, 0.965179, 0.37472, -0.356306, -0.907384, 0.222938, 0.0, 0.0, 0.0, 0.0, 1.0],
                [0.933031, -0.332754, 0.136849, -0.0, -0.049991, 0.256768, 0.965179, 0.37472, -0.356306, -0.907384, 0.222938, -0.0, 0.0, 0.0, 0.0, 1.0],
                [0.933031, -0.332754, 0.136849, 0.0, -0.049991, 0.256768, 0.965179, 0.37472, -0.356306, -0.907383, 0.222938, -0.0, 0.0, 0.0, 0.0, 1.0],
                [0.933031, -0.332754, 0.136849, -0.0, -0.049991, 0.256768, 0.965179, 0.37472, -0.356306, -0.907383, 0.222938, -0.0, 0.0, 0.0, 0.0, 1.0],
                [0.933031, -0.332754, 0.136849, 0.0, -0.049991, 0.256768, 0.965179, 0.37472, -0.356306, -0.907384, 0.222938, 0.0, 0.0, 0.0, 0.0, 1.0],
                [0.933031, -0.332754, 0.136849, 0.0, -0.049991, 0.256768, 0.965179, 0.37472, -0.356306, -0.907384, 0.222938, 0.0, 0.0, 0.0, 0.0, 1.0],
                [0.933031, -0.332754, 0.136849, 0.0, -0.049991, 0.256768, 0.965179, 0.37472, -0.356306, -0.907384, 0.222938, 0.0, 0.0, 0.0, 0.0, 1.0],
                [0.933031, -0.332754, 0.136849, -0.0, -0.049991, 0.256768, 0.965179, 0.37472, -0.356306, -0.907384, 0.222938, -0.0, 0.0, 0.0, 0.0, 1.0],
                [0.933031, -0.332754, 0.136849, 0.0, -0.049991, 0.256768, 0.965179, 0.37472, -0.356306, -0.907383, 0.222938, 0.0, 0.0, 0.0, 0.0, 1.0],
                [0.933031, -0.332754, 0.136849, -0.0, -0.049991, 0.256768, 0.965179, 0.37472, -0.356306, -0.907384, 0.222938, 0.0, 0.0, 0.0, 0.0, 1.0],
                [0.933031, -0.332754, 0.136849, 0.0, -0.049991, 0.256768, 0.965179, 0.37472, -0.356306, -0.907384, 0.222938, 0.0, 0.0, 0.0, 0.0, 1.0],
                [0.933031, -0.332754, 0.136849, -0.0, -0.049991, 0.256768, 0.965179, 0.37472, -0.356306, -0.907384, 0.222938, -0.0, 0.0, 0.0, 0.0, 1.0],
                [0.933031, -0.332754, 0.136849, 0.0, -0.049991, 0.256768, 0.965179, 0.37472, -0.356306, -0.907384, 0.222938, 0.0, 0.0, 0.0, 0.0, 1.0],
                [0.933031, -0.332754, 0.136849, -0.0, -0.049991, 0.256768, 0.965179, 0.37472, -0.356306, -0.907384, 0.222938, 0.0, 0.0, 0.0, 0.0, 1.0],
                [0.933031, -0.332754, 0.136849, 0.0, -0.049991, 0.256768, 0.965179, 0.37472, -0.356306, -0.907384, 0.222938, -0.0, 0.0, 0.0, 0.0, 1.0],
                [0.933031, -0.332754, 0.136849, 0.0, -0.049991, 0.256768, 0.965179, 0.37472, -0.356306, -0.907384, 0.222938, 0.0, 0.0, 0.0, 0.0, 1.0],
                [0.933031, -0.332754, 0.136849, 0.0, -0.049991, 0.256768, 0.965179, 0.37472, -0.356306, -0.907384, 0.222938, 0.0, 0.0, 0.0, 0.0, 1.0],
                [0.933031, -0.332754, 0.136849, -0.0, -0.049991, 0.256768, 0.965179, 0.37472, -0.356306, -0.907384, 0.222938, -0.0, 0.0, 0.0, 0.0, 1.0],
                [0.933031, -0.332754, 0.136849, -0.0, -0.049991, 0.256768, 0.965179, 0.37472, -0.356306, -0.907384, 0.222938, 0.0, 0.0, 0.0, 0.0, 1.0],
                [0.933031, -0.332754, 0.136849, 0.0, -0.049991, 0.256768, 0.965179, 0.37472, -0.356306, -0.907384, 0.222938, -0.0, 0.0, 0.0, 0.0, 1.0],
                [0.933031, -0.332754, 0.136849, -0.0, -0.049991, 0.256768, 0.965179, 0.37472, -0.356306, -0.907383, 0.222938, -0.0, 0.0, 0.0, 0.0, 1.0],
                [0.933031, -0.332754, 0.136849, 0.0, -0.049991, 0.256768, 0.965179, 0.37472, -0.356306, -0.907384, 0.222938, 0.0, 0.0, 0.0, 0.0, 1.0],
                [0.933031, -0.332754, 0.136849, 0.0, -0.049991, 0.256768, 0.965179, 0.37472, -0.356306, -0.907384, 0.222938, -0.0, 0.0, 0.0, 0.0, 1.0],
                [0.933031, -0.332754, 0.136849, 0.0, -0.049991, 0.256768, 0.965179, 0.37472, -0.356306, -0.907384, 0.222938, -0.0, 0.0, 0.0, 0.0, 1.0],
                [0.933031, -0.332754, 0.136849, 0.0, -0.049991, 0.256768, 0.965179, 0.37472, -0.356306, -0.907384, 0.222938, -0.0, 0.0, 0.0, 0.0, 1.0],
                [0.933031, -0.332754, 0.136849, 0.0, -0.049991, 0.256768, 0.965179, 0.37472, -0.356306, -0.907384, 0.222938, -0.0, 0.0, 0.0, 0.0, 1.0],
                [0.933031, -0.332754, 0.136849, 0.0, -0.049991, 0.256768, 0.965179, 0.37472, -0.356306, -0.907384, 0.222938, -0.0, 0.0, 0.0, 0.0, 1.0],
                [0.933031, -0.332754, 0.136849, -0.0, -0.049991, 0.256768, 0.965179, 0.37472, -0.356306, -0.907383, 0.222938, -0.0, 0.0, 0.0, 0.0, 1.0],
                [0.933031, -0.332754, 0.136849, 0.0, -0.049991, 0.256768, 0.965179, 0.37472, -0.356306, -0.907384, 0.222938, -0.0, 0.0, 0.0, 0.0, 1.0],
                [0.933031, -0.332754, 0.136849, 0.0, -0.049991, 0.256768, 0.965179, 0.37472, -0.356306, -0.907384, 0.222938, -0.0, 0.0, 0.0, 0.0, 1.0],
                [0.933031, -0.332754, 0.136849, 0.0, -0.049991, 0.256768, 0.965179, 0.37472, -0.356306, -0.907384, 0.222938, -0.0, 0.0, 0.0, 0.0, 1.0],
                [0.933031, -0.332754, 0.136849, 0.0, -0.049991, 0.256768, 0.965179, 0.37472, -0.356306, -0.907384, 0.222938, -0.0, 0.0, 0.0, 0.0, 1.0],
                [0.933031, -0.332754, 0.136849, -0.0, -0.049991, 0.256768, 0.965179, 0.37472, -0.356306, -0.907384, 0.222938, -0.0, 0.0, 0.0, 0.0, 1.0],
                [0.933031, -0.332754, 0.136849, -0.0, -0.049991, 0.256768, 0.965179, 0.37472, -0.356306, -0.907384, 0.222938, -0.0, 0.0, 0.0, 0.0, 1.0],
                [0.933031, -0.332754, 0.136849, 0.0, -0.049991, 0.256768, 0.965179, 0.37472, -0.356306, -0.907383, 0.222938, -0.0, 0.0, 0.0, 0.0, 1.0],
                [0.933031, -0.332754, 0.136849, -0.0, -0.049991, 0.256768, 0.965179, 0.37472, -0.356306, -0.907383, 0.222938, -0.0, 0.0, 0.0, 0.0, 1.0],
                [0.933031, -0.332754, 0.136849, 0.0, -0.049991, 0.256768, 0.965179, 0.37472, -0.356306, -0.907384, 0.222938, 0.0, 0.0, 0.0, 0.0, 1.0],
                [0.933031, -0.332754, 0.136849, 0.0, -0.049991, 0.256768, 0.965179, 0.37472, -0.356306, -0.907383, 0.222938, -0.0, 0.0, 0.0, 0.0, 1.0],
                [0.933031, -0.332754, 0.136849, -0.0, -0.049991, 0.256768, 0.965179, 0.37472, -0.356306, -0.907383, 0.222938, -0.0, 0.0, 0.0, 0.0, 1.0],
                [0.933031, -0.332754, 0.136849, -0.0, -0.049991, 0.256768, 0.965179, 0.37472, -0.356306, -0.907384, 0.222938, 0.0, 0.0, 0.0, 0.0, 1.0],
                [0.933031, -0.332754, 0.136849, 0.0, -0.049991, 0.256768, 0.965179, 0.37472, -0.356306, -0.907383, 0.222938, 0.0, 0.0, 0.0, 0.0, 1.0],
                [0.933031, -0.332754, 0.136849, -0.0, -0.049991, 0.256768, 0.965179, 0.37472, -0.356306, -0.907383, 0.222938, -0.0, 0.0, 0.0, 0.0, 1.0],
                [0.933031, -0.332754, 0.136849, -0.0, -0.049991, 0.256768, 0.965179, 0.37472, -0.356306, -0.907384, 0.222938, 0.0, 0.0, 0.0, 0.0, 1.0],
                [0.933031, -0.332754, 0.136849, 0.0, -0.049991, 0.256768, 0.965179, 0.37472, -0.356306, -0.907383, 0.222938, -0.0, 0.0, 0.0, 0.0, 1.0],
                [0.933031, -0.332754, 0.136849, -0.0, -0.049991, 0.256768, 0.965179, 0.37472, -0.356306, -0.907384, 0.222938, -0.0, 0.0, 0.0, 0.0, 1.0],
                [0.933031, -0.332754, 0.136849, 0.0, -0.049991, 0.256768, 0.965179, 0.37472, -0.356306, -0.907384, 0.222938, 0.0, 0.0, 0.0, 0.0, 1.0],
                [0.933031, -0.332754, 0.136849, 0.0, -0.049991, 0.256768, 0.965179, 0.37472, -0.356306, -0.907383, 0.222938, 0.0, 0.0, 0.0, 0.0, 1.0],
                [0.933031, -0.332754, 0.136849, -0.0, -0.049991, 0.256768, 0.965179, 0.37472, -0.356306, -0.907383, 0.222938, 0.0, 0.0, 0.0, 0.0, 1.0],
                [0.933031, -0.332754, 0.136849, -0.0, -0.049991, 0.256768, 0.965179, 0.37472, -0.356306, -0.907384, 0.222938, -0.0, 0.0, 0.0, 0.0, 1.0],
                [0.933031, -0.332754, 0.136849, 0.0, -0.049991, 0.256768, 0.965179, 0.37472, -0.356306, -0.907384, 0.222938, 0.0, 0.0, 0.0, 0.0, 1.0],
                [0.933031, -0.332754, 0.136849, -0.0, -0.049991, 0.256768, 0.965179, 0.37472, -0.356306, -0.907384, 0.222938, -0.0, 0.0, 0.0, 0.0, 1.0],
