{
    "armature": {
        "joints": ["Root", "Thigh_R", "Leg_R", "Knee_R", "Thigh_L", "Leg_L", "Knee_L", "Torso", "Chest", "Head", "Shoulder_R", "Arm_R", "Hand_R", "Tool_R", "Elbow_R", "Shoulder_L", "Arm_L", "Hand_L", "Tool_L", "Elbow_L"],
        "hierarchy": [
            {
                "name": "Root",
                "transform": [1.0, 0.0, 0.0, -5e-06, 0.0, 0.0, -1.0, 0.000946, 0.0, 1.0, 0.0, 0.763972, 0.0, 0.0, 0.0, 1.0],
                "children": [
                    {
                        "name": "Thigh_R",
                        "transform": [1.0, -0.0, -0.0, 0.124994, -0.0, -1.0, 0.0, -0.002831, -0.0, -0.0, -1.0, -1.2e-05, 0.0, 0.0, 0.0, 1.0],
                        "children": [
                            {
                                "name": "Leg_R",
                                "transform": [1.0, 0.0, 1e-06, 0.0, -0.0, 1.0, 0.0, 0.37472, -1e-06, -0.0, 1.0, -0.0, 0.0, 0.0, 0.0, 1.0],
                                "children": []
                            },
                            {
                                "name": "Knee_R",
                                "transform": [1.0, 0.0, -0.0, 0.0, -0.0, 0.0, -1.0, 0.37472, -0.0, 1.0, 0.0, -0.0, 0.0, 0.0, 0.0, 1.0],
                                "children": []
                            }
                        ]
                    },
                    {
                        "name": "Thigh_L",
                        "transform": [1.0, -0.0, -0.0, -0.125006, -0.0, -1.0, 0.0, -0.002831, -0.0, -0.0, -1.0, -1.2e-05, 0.0, 0.0, 0.0, 1.0],
                        "children": [
                            {
                                "name": "Leg_L",
                                "transform": [1.0, 0.0, 1e-06, -0.0, -0.0, 1.0, 0.0, 0.37472, -1e-06, -0.0, 1.0, 0.0, 0.0, 0.0, 0.0, 1.0],
                                "children": []
                            },
                            {
                                "name": "Knee_L",
                                "transform": [1.0, 0.0, -0.0, -0.0, -0.0, 0.0, -1.0, 0.37472, -0.0, 1.0, 0.0, 0.0, 0.0, 0.0, 0.0, 1.0],
                                "children": []
                            }
                        ]
                    },
                    {
                        "name": "Torso",
                        "transform": [1.0, 0.0, 0.0, 0.0, 0.0, 1.0, 0.0, 0.05, 0.0, 0.0, 1.0, 0.0, 0.0, 0.0, 0.0, 1.0],
                        "children": [
                            {
                                "name": "Chest",
                                "transform": [1.0, 0.0, 0.0, 0.0, 0.0, 1.0, 0.0, 0.3, 0.0, 0.0, 1.0, 0.0, 0.0, 0.0, 0.0, 1.0],
                                "children": [
                                    {
                                        "name": "Head",
                                        "transform": [1.0, 0.0, 0.0, 0.0, 0.0, 1.0, 0.0, 0.4, 0.0, 0.0, 1.0, 0.0, 0.0, 0.0, 0.0, 1.0],
                                        "children": []
                                    },
                                    {
                                        "name": "Shoulder_R",
                                        "transform": [0.0, 0.952114, 0.305743, 0.0, 0.0, -0.305743, 0.952114, 0.4, 1.0, 0.0, -0.0, 0.0, 0.0, 0.0, 0.0, 1.0],
                                        "children": [
                                            {
                                                "name": "Arm_R",
                                                "transform": [0.0, -0.0, -1.0, -0.0, 0.952114, 0.305743, 0.0, 0.39386, 0.305743, -0.952114, 0.0, 0.0, 0.0, 0.0, 0.0, 1.0],
                                                "children": [
                                                    {
                                                        "name": "Hand_R",
                                                        "transform": [1.0, 0.0, 0.0, 0.0, -0.0, 0.993938, 0.109947, 0.3, -0.0, -0.109947, 0.993937, 0.0, 0.0, 0.0, 0.0, 1.0],
                                                        "children": [
                                                            {
                                                                "name": "Tool_R",
                                                                "transform": [1.0, 0.0, 0.0, -0.0, 0.0, -0.999836, 0.018122, 0.272858, 0.0, -0.018122, -0.999836, 0.0, 0.0, 0.0, 0.0, 1.0],
                                                                "children": []
                                                            }
                                                        ]
                                                    },
                                                    {
                                                        "name": "Elbow_R",
                                                        "transform": [-1.0, 0.0, -0.0, 0.0, 0.0, 0.0, -1.0, 0.3, -0.0, -1.0, -0.0, 0.0, 0.0, 0.0, 0.0, 1.0],
                                                        "children": []
                                                    }
                                                ]
                                            }
                                        ]
                                    },
                                    {
                                        "name": "Shoulder_L",
                                        "transform": [-0.0, -0.952114, -0.305743, 0.0, 0.0, -0.305743, 0.952114, 0.4, -1.0, 0.0, 0.0, 0.0, 0.0, 0.0, 0.0, 1.0],
                                        "children": [
                                            {
                                                "name": "Arm_L",
                                                "transform": [-0.0, -0.0, 1.0, -0.0, -0.952114, 0.305743, -0.0, 0.39386, -0.305743, -0.952114, -0.0, 0.0, 0.0, 0.0, 0.0, 1.0],
                                                "children": [
                                                    {
                                                        "name": "Hand_L",
                                                        "transform": [1.0, -0.0, 0.0, -0.0, 0.0, 0.993937, 0.109947, 0.3, -0.0, -0.109947, 0.993937, 0.0, 0.0, 0.0, 0.0, 1.0],
                                                        "children": [
                                                            {
                                                                "name": "Tool_L",
                                                                "transform": [1.0, 0.0, 0.0, -0.0, -0.0, -0.999836, 0.018122, 0.272858, 0.0, -0.018122, -0.999836, -0.0, 0.0, 0.0, 0.0, 1.0],
                                                                "children": []
                                                            }
                                                        ]
                                                    },
                                                    {
                                                        "name": "Elbow_L",
                                                        "transform": [-1.0, 0.0, -0.0, -0.0, 0.0, -0.0, -1.0, 0.3, -0.0, -1.0, 0.0, 0.0, 0.0, 0.0, 0.0, 1.0],
                                                        "children": []
                                                    }
                                                ]
                                            }
                                        ]
                                    }
                                ]
                            }
                        ]
                    }
                ]
            }
        ]
    },
    "animation": [
        {
            "name": "Root",
            "time": [0.0, 0.0167, 0.0333, 0.05, 0.0667, 0.0833, 0.1, 0.1167, 0.1333, 0.15, 0.1667, 0.1833, 0.2, 0.2167, 0.2333, 0.25, 0.2667, 0.2833, 0.3, 0.3167, 0.3333, 0.35, 0.3667, 0.3833, 0.4, 0.4167, 0.4333, 0.45, 0.4667, 0.4833, 0.5, 0.5167, 0.5333, 0.55, 0.5667, 0.5833, 0.6, 0.6167, 0.6333, 0.65, 0.6667, 0.6833, 0.7, 0.7167, 0.7333, 0.75, 0.7667, 0.7833, 0.8, 0.8167, 0.8333, 0.85, 0.8667, 0.8833, 0.9, 0.9167, 0.9333, 0.95, 0.9667, 0.9833, 1.0, 1.0167, 1.0333, 1.05, 1.0667, 1.0833, 1.1, 1.1167, 1.1333, 1.15, 1.1667, 1.1833, 1.2, 1.2167, 1.2333, 1.25, 1.2667, 1.2833, 1.3, 1.3167, 1.3333, 1.35, 1.3667, 1.3833, 1.4, 1.4167, 1.4333, 1.45, 1.4667, 1.4833, 1.5, 1.5167],
            "transform": [
                [1.0, 0.0, 0.0, -5e-06, 0.0, 0.0, -1.0, 0.000946, 0.0, 1.0, 0.0, 0.763972, 0.0, 0.0, 0.0, 1.0],
                [1.0, 0.0, 0.0, -5e-06, 0.0, 0.0, -1.0, -0.004499, 0.0, 1.0, 0.0, 0.763526, 0.0, 0.0, 0.0, 1.0],
                [1.0, 0.0, 0.0, -5e-06, 0.0, 0.0, -1.0, -0.019946, 0.0, 1.0, 0.0, 0.762262, 0.0, 0.0, 0.0, 1.0],
                [1.0, 0.0, 0.0, -5e-06, 0.0, 0.0, -1.0, -0.044061, 0.0, 1.0, 0.0, 0.760289, 0.0, 0.0, 0.0, 1.0],
                [1.0, 0.0, 0.0, -5e-06, 0.0, 0.0, -1.0, -0.075511, 0.0, 1.0, 0.0, 0.757716, 0.0, 0.0, 0.0, 1.0],
                [1.0, 0.0, 0.0, -5e-06, 0.0, 0.0, -1.0, -0.112962, 0.0, 1.0, 0.0, 0.754651, 0.0, 0.0, 0.0, 1.0],
                [1.0, 0.0, 0.0, -5e-06, 0.0, 0.0, -1.0, -0.15508, 0.0, 1.0, 0.0, 0.751205, 0.0, 0.0, 0.0, 1.0],
                [1.0, 0.0, 0.0, -5e-06, 0.0, 0.0, -1.0, -0.200532, 0.0, 1.0, 0.0, 0.747486, 0.0, 0.0, 0.0, 1.0],
                [1.0, 0.0, 0.0, -5e-06, 0.0, 0.0, -1.0, -0.247985, 0.0, 1.0, 0.0, 0.743603, 0.0, 0.0, 0.0, 1.0],
                [1.0, 0.0, 0.0, -5e-06, 0.0, 0.0, -1.0, -0.296104, 0.0, 1.0, 0.0, 0.739666, 0.0, 0.0, 0.0, 1.0],
                [1.0, 0.0, 0.0, -5e-06, 0.0, 0.0, -1.0, -0.343557, 0.0, 1.0, 0.0, 0.735783, 0.0, 0.0, 0.0, 1.0],
                [1.0, 0.0, 0.0, -5e-06, 0.0, 0.0, -1.0, -0.389009, 0.0, 1.0, 0.0, 0.732064, 0.0, 0.0, 0.0, 1.0],
                [1.0, 0.0, 0.0, -5e-06, 0.0, 0.0, -1.0, -0.431127, 0.0, 1.0, 0.0, 0.728618, 0.0, 0.0, 0.0, 1.0],
                [1.0, 0.0, 0.0, -5e-06, 0.0, 0.0, -1.0, -0.468578, 0.0, 1.0, 0.0, 0.725554, 0.0, 0.0, 0.0, 1.0],
                [1.0, 0.0, 0.0, -5e-06, 0.0, 0.0, -1.0, -0.500028, 0.0, 1.0, 0.0, 0.72298, 0.0, 0.0, 0.0, 1.0],
                [1.0, 0.0, 0.0, -5e-06, 0.0, 0.0, -1.0, -0.524143, 0.0, 1.0, 0.0, 0.721007, 0.0, 0.0, 0.0, 1.0],
                [1.0, 0.0, 0.0, -5e-06, 0.0, 0.0, -1.0, -0.53959, 0.0, 1.0, 0.0, 0.719743, 0.0, 0.0, 0.0, 1.0],
                [1.0, 0.0, 0.0, -5e-06, 0.0, 0.0, -1.0, -0.545035, 0.0, 1.0, 0.0, 0.719298, 0.0, 0.0, 0.0, 1.0],
                [1.0, 0.0, 0.0, -5e-06, 0.0, 0.0, -1.0, -0.535605, 0.0, 1.0, 0.0, 0.719298, 0.0, 0.0, 0.0, 1.0],
                [1.0, 0.0, 0.0, -5e-06, 0.0, 0.0, -1.0, -0.508613, 0.0, 1.0, 0.0, 0.719298, 0.0, 0.0, 0.0, 1.0],
                [1.0, 0.0, 0.0, -5e-06, 0.0, 0.0, -1.0, -0.466013, 0.0, 1.0, 0.0, 0.719298, 0.0, 0.0, 0.0, 1.0],
                [1.0, 0.0, 0.0, -5e-06, 0.0, 0.0, -1.0, -0.409754, 0.0, 1.0, 0.0, 0.719298, 0.0, 0.0, 0.0, 1.0],
                [1.0, 0.0, 0.0, -5e-06, 0.0, 0.0, -1.0, -0.341789, 0.0, 1.0, 0.0, 0.719298, 0.0, 0.0, 0.0, 1.0],
                [1.0, 0.0, 0.0, -5e-06, 0.0, 0.0, -1.0, -0.264067, 0.0, 1.0, 0.0, 0.719298, 0.0, 0.0, 0.0, 1.0],
                [1.0, 0.0, 0.0, -5e-06, 0.0, 0.0, -1.0, -0.178541, 0.0, 1.0, 0.0, 0.719298, 0.0, 0.0, 0.0, 1.0],
                [1.0, 0.0, 0.0, -5e-06, 0.0, 0.0, -1.0, -0.087161, 0.0, 1.0, 0.0, 0.718148, 0.0, 0.0, 0.0, 1.0],
                [1.0, 0.0, 0.0, -5e-06, 0.0, 0.0, -1.0, 0.00812, 0.0, 1.0, 0.0, 0.714948, 0.0, 0.0, 0.0, 1.0],
                [1.0, 0.0, 0.0, -5e-06, 0.0, 0.0, -1.0, 0.105354, 0.0, 1.0, 0.0, 0.71007, 0.0, 0.0, 0.0, 1.0],
                [1.0, 0.0, 0.0, -5e-06, 0.0, 0.0, -1.0, 0.202587, 0.0, 1.0, 0.0, 0.703887, 0.0, 0.0, 0.0, 1.0],
                [1.0, 0.0, 0.0, -5e-06, 0.0, 0.0, -1.0, 0.297869, 0.0, 1.0, 0.0, 0.696772, 0.0, 0.0, 0.0, 1.0],
                [1.0, 0.0, 0.0, -5e-06, 0.0, 0.0, -1.0, 0.389248, 0.0, 1.0, 0.0, 0.689098, 0.0, 0.0, 0.0, 1.0],
                [1.0, 0.0, 0.0, -5e-06, 0.0, 0.0, -1.0, 0.474774, 0.0, 1.0, 0.0, 0.681238, 0.0, 0.0, 0.0, 1.0],
                [1.0, 0.0, 0.0, -5e-06, 0.0, 0.0, -1.0, 0.552496, 0.0, 1.0, 0.0, 0.673564, 0.0, 0.0, 0.0, 1.0],
                [1.0, 0.0, 0.0, -5e-06, 0.0, 0.0, -1.0, 0.620462, 0.0, 1.0, 0.0, 0.666449, 0.0, 0.0, 0.0, 1.0],
                [1.0, 0.0, 0.0, -5e-06, 0.0, 0.0, -1.0, 0.67672, 0.0, 1.0, 0.0, 0.660266, 0.0, 0.0, 0.0, 1.0],
                [1.0, 0.0, 0.0, -5e-06, 0.0, 0.0, -1.0, 0.719321, 0.0, 1.0, 0.0, 0.655388, 0.0, 0.0, 0.0, 1.0],
                [1.0, 0.0, 0.0, -5e-06, 0.0, 0.0, -1.0, 0.746312, 0.0, 1.0, 0.0, 0.652188, 0.0, 0.0, 0.0, 1.0],
                [1.0, 0.0, 0.0, -5e-06, 0.0, 0.0, -1.0, 0.755742, 0.0, 1.0, 0.0, 0.651038, 0.0, 0.0, 0.0, 1.0],
                [1.0, 0.0, 0.0, -5e-06, 0.0, 0.0, -1.0, 0.755742, 0.0, 1.0, 0.0, 0.651038, 0.0, 0.0, 0.0, 1.0],
                [1.0, 0.0, 0.0, -5e-06, 0.0, 0.0, -1.0, 0.755742, 0.0, 1.0, 0.0, 0.651038, 0.0, 0.0, 0.0, 1.0],
                [1.0, 0.0, 0.0, -5e-06, 0.0, 0.0, -1.0, 0.755742, 0.0, 1.0, 0.0, 0.651038, 0.0, 0.0, 0.0, 1.0],
                [1.0, 0.0, 0.0, -5e-06, 0.0, 0.0, -1.0, 0.755742, 0.0, 1.0, 0.0, 0.651038, 0.0, 0.0, 0.0, 1.0],
                [1.0, 0.0, 0.0, -5e-06, 0.0, 0.0, -1.0, 0.755742, 0.0, 1.0, 0.0, 0.651038, 0.0, 0.0, 0.0, 1.0],
                [1.0, 0.0, 0.0, -5e-06, 0.0, 0.0, -1.0, 0.755742, 0.0, 1.0, 0.0, 0.651038, 0.0, 0.0, 0.0, 1.0],
                [1.0, 0.0, 0.0, -5e-06, 0.0, 0.0, -1.0, 0.755742, 0.0, 1.0, 0.0, 0.651038, 0.0, 0.0, 0.0, 1.0],
                [1.0, 0.0, 0.0, -5e-06, 0.0, 0.0, -1.0, 0.755742, 0.0, 1.0, 0.0, 0.651038, 0.0, 0.0, 0.0, 1.0],
                [1.0, 0.0, 0.0, -5e-06, 0.0, 0.0, -1.0, 0.755742, 0.0, 1.0, 0.0, 0.651038, 0.0, 0.0, 0.0, 1.0],
                [1.0, 0.0, 0.0, -5e-06, 0.0, 0.0, -1.0, 0.755742, 0.0, 1.0, 0.0, 0.651038, 0.0, 0.0, 0.0, 1.0],
                [1.0, 0.0, 0.0, -5e-06, 0.0, 0.0, -1.0, 0.755742, 0.0, 1.0, 0.0, 0.651038, 0.0, 0.0, 0.0, 1.0],
                [1.0, 0.0, 0.0, -5e-06, 0.0, 0.0, -1.0, 0.755742, 0.0, 1.0, 0.0, 0.651038, 0.0, 0.0, 0.0, 1.0],
                [1.0, 0.0, 0.0, -5e-06, 0.0, 0.0, -1.0, 0.755742, 0.0, 1.0, 0.0, 0.651038, 0.0, 0.0, 0.0, 1.0],
                [1.0, 0.0, 0.0, -5e-06, 0.0, 0.0, -1.0, 0.755742, 0.0, 1.0, 0.0, 0.651038, 0.0, 0.0, 0.0, 1.0],
                [1.0, 0.0, 0.0, -5e-06, 0.0, 0.0, -1.0, 0.755742, 0.0, 1.0, 0.0, 0.651038, 0.0, 0.0, 0.0, 1.0],
                [1.0, 0.0, 0.0, -5e-06, 0.0, 0.0, -1.0, 0.755742, 0.0, 1.0, 0.0, 0.651038, 0.0, 0.0, 0.0, 1.0],
                [1.0, 0.0, 0.0, -5e-06, 0.0, 0.0, -1.0, 0.755742, 0.0, 1.0, 0.0, 0.651038, 0.0, 0.0, 0.0, 1.0],
                [1.0, 0.0, 0.0, -5e-06, 0.0, 0.0, -1.0, 0.755742, 0.0, 1.0, 0.0, 0.651038, 0.0, 0.0, 0.0, 1.0],
                [1.0, 0.0, 0.0, -5e-06, 0.0, 0.0, -1.0, 0.755742, 0.0, 1.0, 0.0, 0.651038, 0.0, 0.0, 0.0, 1.0],
                [1.0, 0.0, 0.0, -5e-06, 0.0, 0.0, -1.0, 0.755742, 0.0, 1.0, 0.0, 0.651038, 0.0, 0.0, 0.0, 1.0],
                [1.0, 0.0, 0.0, -5e-06, 0.0, 0.0, -1.0, 0.755742, 0.0, 1.0, 0.0, 0.651038, 0.0, 0.0, 0.0, 1.0],
                [1.0, 0.0, 0.0, -5e-06, 0.0, 0.0, -1.0, 0.755742, 0.0, 1.0, 0.0, 0.651038, 0.0, 0.0, 0.0, 1.0],
                [1.0, 0.0, 0.0, -5e-06, 0.0, 0.0, -1.0, 0.754533, 0.0, 1.0, 0.0, 0.651038, 0.0, 0.0, 0.0, 1.0],
                [1.0, 0.0, 0.0, -5e-06, 0.0, 0.0, -1.0, 0.751009, 0.0, 1.0, 0.0, 0.651038, 0.0, 0.0, 0.0, 1.0],
                [1.0, 0.0, 0.0, -5e-06, 0.0, 0.0, -1.0, 0.745324, 0.0, 1.0, 0.0, 0.651038, 0.0, 0.0, 0.0, 1.0],
                [1.0, 0.0, 0.0, -5e-06, 0.0, 0.0, -1.0, 0.737633, 0.0, 1.0, 0.0, 0.651038, 0.0, 0.0, 0.0, 1.0],
                [1.0, 0.0, 0.0, -5e-06, 0.0, 0.0, -1.0, 0.728089, 0.0, 1.0, 0.0, 0.651038, 0.0, 0.0, 0.0, 1.0],
                [1.0, 0.0, 0.0, -5e-06, 0.0, 0.0, -1.0, 0.716847, 0.0, 1.0, 0.0, 0.651038, 0.0, 0.0, 0.0, 1.0],
                [1.0, 0.0, 0.0, -5e-06, 0.0, 0.0, -1.0, 0.704062, 0.0, 1.0, 0.0, 0.651038, 0.0, 0.0, 0.0, 1.0],
                [1.0, 0.0, 0.0, -5e-06, 0.0, 0.0, -1.0, 0.689888, 0.0, 1.0, 0.0, 0.651038, 0.0, 0.0, 0.0, 1.0],
                [1.0, 0.0, 0.0, -5e-06, 0.0, 0.0, -1.0, 0.674479, 0.0, 1.0, 0.0, 0.651038, 0.0, 0.0, 0.0, 1.0],
                [1.0, 0.0, 0.0, -5e-06, 0.0, 0.0, -1.0, 0.65799, 0.0, 1.0, 0.0, 0.651038, 0.0, 0.0, 0.0, 1.0],
                [1.0, 0.0, 0.0, -5e-06, 0.0, 0.0, -1.0, 0.640575, 0.0, 1.0, 0.0, 0.651038, 0.0, 0.0, 0.0, 1.0],
                [1.0, 0.0, 0.0, -5e-06, 0.0, 0.0, -1.0, 0.622388, 0.0, 1.0, 0.0, 0.651038, 0.0, 0.0, 0.0, 1.0],
                [1.0, 0.0, 0.0, -5e-06, 0.0, 0.0, -1.0, 0.603583, 0.0, 1.0, 0.0, 0.651038, 0.0, 0.0, 0.0, 1.0],
                [1.0, 0.0, 0.0, -5e-06, 0.0, 0.0, -1.0, 0.584316, 0.0, 1.0, 0.0, 0.651038, 0.0, 0.0, 0.0, 1.0],
                [1.0, 0.0, 0.0, -5e-06, 0.0, 0.0, -1.0, 0.56474, 0.0, 1.0, 0.0, 0.651038, 0.0, 0.0, 0.0, 1.0],
                [1.0, 0.0, 0.0, -5e-06, 0.0, 0.0, -1.0, 0.545009, 0.0, 1.0, 0.0, 0.651038, 0.0, 0.0, 0.0, 1.0],
                [1.0, 0.0, 0.0, -5e-06, 0.0, 0.0, -1.0, 0.525279, 0.0, 1.0, 0.0, 0.651038, 0.0, 0.0, 0.0, 1.0],
                [1.0, 0.0, 0.0, -5e-06, 0.0, 0.0, -1.0, 0.505702, 0.0, 1.0, 0.0, 0.651038, 0.0, 0.0, 0.0, 1.0],
                [1.0, 0.0, 0.0, -5e-06, 0.0, 0.0, -1.0, 0.486435, 0.0, 1.0, 0.0, 0.651038, 0.0, 0.0, 0.0, 1.0],
                [1.0, 0.0, 0.0, -5e-06, 0.0, 0.0, -1.0, 0.467631, 0.0, 1.0, 0.0, 0.651038, 0.0, 0.0, 0.0, 1.0],
                [1.0, 0.0, 0.0, -5e-06, 0.0, 0.0, -1.0, 0.449443, 0.0, 1.0, 0.0, 0.651038, 0.0, 0.0, 0.0, 1.0],
                [1.0, 0.0, 0.0, -5e-06, 0.0, 0.0, -1.0, 0.432028, 0.0, 1.0, 0.0, 0.651038, 0.0, 0.0, 0.0, 1.0],
                [1.0, 0.0, 0.0, -5e-06, 0.0, 0.0, -1.0, 0.415539, 0.0, 1.0, 0.0, 0.651038, 0.0, 0.0, 0.0, 1.0],
                [1.0, 0.0, 0.0, -5e-06, 0.0, 0.0, -1.0, 0.40013, 0.0, 1.0, 0.0, 0.651038, 0.0, 0.0, 0.0, 1.0],
                [1.0, 0.0, 0.0, -5e-06, 0.0, 0.0, -1.0, 0.385956, 0.0, 1.0, 0.0, 0.651038, 0.0, 0.0, 0.0, 1.0],
                [1.0, 0.0, 0.0, -5e-06, 0.0, 0.0, -1.0, 0.373171, 0.0, 1.0, 0.0, 0.651038, 0.0, 0.0, 0.0, 1.0],
                [1.0, 0.0, 0.0, -5e-06, 0.0, 0.0, -1.0, 0.361929, 0.0, 1.0, 0.0, 0.651038, 0.0, 0.0, 0.0, 1.0],
                [1.0, 0.0, 0.0, -5e-06, 0.0, 0.0, -1.0, 0.352386, 0.0, 1.0, 0.0, 0.651038, 0.0, 0.0, 0.0, 1.0],
                [1.0, 0.0, 0.0, -5e-06, 0.0, 0.0, -1.0, 0.344694, 0.0, 1.0, 0.0, 0.651038, 0.0, 0.0, 0.0, 1.0],
                [1.0, 0.0, 0.0, -5e-06, 0.0, 0.0, -1.0, 0.339009, 0.0, 1.0, 0.0, 0.651038, 0.0, 0.0, 0.0, 1.0],
                [1.0, 0.0, 0.0, -5e-06, 0.0, 0.0, -1.0, 0.335485, 0.0, 1.0, 0.0, 0.651038, 0.0, 0.0, 0.0, 1.0],
                [1.0, 0.0, 0.0, -5e-06, 0.0, 0.0, -1.0, 0.334276, 0.0, 1.0, 0.0, 0.651038, 0.0, 0.0, 0.0, 1.0]
            ]
        },
        {
            "name": "Thigh_R",
            "time": [0.0, 0.0167, 0.0333, 0.05, 0.0667, 0.0833, 0.1, 0.1167, 0.1333, 0.15, 0.1667, 0.1833, 0.2, 0.2167, 0.2333, 0.25, 0.2667, 0.2833, 0.3, 0.3167, 0.3333, 0.35, 0.3667, 0.3833, 0.4, 0.4167, 0.4333, 0.45, 0.4667, 0.4833, 0.5, 0.5167, 0.5333, 0.55, 0.5667, 0.5833, 0.6, 0.6167, 0.6333, 0.65, 0.6667, 0.6833, 0.7, 0.7167, 0.7333, 0.75, 0.7667, 0.7833, 0.8, 0.8167, 0.8333, 0.85, 0.8667, 0.8833, 0.9, 0.9167, 0.9333, 0.95, 0.9667, 0.9833, 1.0, 1.0167, 1.0333, 1.05, 1.0667, 1.0833, 1.1, 1.1167, 1.1333, 1.15, 1.1667, 1.1833, 1.2, 1.2167, 1.2333, 1.25, 1.2667, 1.2833, 1.3, 1.3167, 1.3333, 1.35, 1.3667, 1.3833, 1.4, 1.4167, 1.4333, 1.45, 1.4667, 1.4833, 1.5, 1.5167],
            "transform": [
                [0.996195, 0.087155, -0.0, 0.124994, 0.084185, -0.96225, 0.258819, -0.005666, 0.022557, -0.257834, -0.965926, 0.032399, 0.0, 0.0, 0.0, 1.0],
                [0.996195, 0.087149, 0.00059, 0.124994, 0.084182, -0.963981, 0.252297, -0.005666, 0.022556, -0.251288, -0.96765, 0.032399, 0.0, 0.0, 0.0, 1.0],
                [0.996196, 0.087111, 0.002272, 0.124994, 0.084172, -0.968676, 0.233627, -0.005666, 0.022552, -0.232547, -0.972324, 0.032399, 0.0, 0.0, 0.0, 1.0],
                [0.996197, 0.086986, 0.004918, 0.124994, 0.084157, -0.975335, 0.204056, -0.005666, 0.022546, -0.202866, -0.978947, 0.032399, 0.0, 0.0, 0.0, 1.0],
                [0.996199, 0.086699, 0.008397, 0.124994, 0.084137, -0.982731, 0.164802, -0.005666, 0.02254, -0.163469, -0.986291, 0.032399, 0.0, 0.0, 0.0, 1.0],
                [0.996201, 0.086169, 0.01257, 0.124994, 0.084115, -0.989545, 0.117155, -0.005666, 0.022534, -0.115653, -0.993034, 0.032399, 0.0, 0.0, 0.0, 1.0],
                [0.996203, 0.085323, 0.017286, 0.124994, 0.084091, -0.994492, 0.062564, -0.005666, 0.022529, -0.060873, -0.997891, 0.032399, 0.0, 0.0, 0.0, 1.0],
                [0.996206, 0.084105, 0.02238, 0.124994, 0.084066, -0.996456, 0.002671, -0.005666, 0.022525, -0.000779, -0.999746, 0.032399, 0.0, 0.0, 0.0, 1.0],
                [0.996208, 0.082488, 0.027679, 0.124994, 0.084042, -0.994612, -0.060691, -0.005666, 0.022524, 0.062787, -0.997773, 0.032399, 0.0, 0.0, 0.0, 1.0],
                [0.996209, 0.080482, 0.033008, 0.124994, 0.084021, -0.988523, -0.125552, -0.005666, 0.022524, 0.127849, -0.991538, 0.032399, 0.0, 0.0, 0.0, 1.0],
                [0.996211, 0.078135, 0.038197, 0.124994, 0.084004, -0.978204, -0.189895, -0.005666, 0.022527, 0.192385, -0.981061, 0.032399, 0.0, 0.0, 0.0, 1.0],
                [0.996212, 0.075534, 0.043094, 0.124994, 0.083992, -0.964137, -0.251765, -0.005666, 0.022532, 0.254431, -0.966828, 0.032399, 0.0, 0.0, 0.0, 1.0],
                [0.996212, 0.072796, 0.047568, 0.124994, 0.083988, -0.947227, -0.309364, -0.005666, 0.022537, 0.312187, -0.949753, 0.032399, 0.0, 0.0, 0.0, 1.0],
                [0.996211, 0.070064, 0.051517, 0.124994, 0.083993, -0.928727, -0.361125, -0.005666, 0.022543, 0.364084, -0.931093, 0.032399, 0.0, 0.0, 0.0, 1.0],
                [0.99621, 0.067494, 0.054864, 0.124994, 0.084007, -0.91012, -0.405738, -0.005666, 0.022548, 0.408809, -0.912341, 0.032399, 0.0, 0.0, 0.0, 1.0],
                [0.996208, 0.065246, 0.057558, 0.124994, 0.084032, -0.893009, -0.442123, -0.005666, 0.022553, 0.445283, -0.895106, 0.032399, 0.0, 0.0, 0.0, 1.0],
                [0.996205, 0.063478, 0.059556, 0.124994, 0.084069, -0.878995, -0.469362, -0.005666, 0.022556, 0.472587, -0.880995, 0.032399, 0.0, 0.0, 0.0, 1.0],
                [0.9962, 0.062336, 0.060821, 0.124994, 0.08412, -0.869576, -0.486581, -0.005666, 0.022557, 0.489849, -0.871516, 0.032399, 0.0, 0.0, 0.0, 1.0],
                [0.996195, 0.061954, 0.061301, 0.124994, 0.084185, -0.86605, -0.492819, -0.005666, 0.022557, 0.496104, -0.86797, 0.032399, 0.0, 0.0, 0.0, 1.0],
                [0.996169, 0.062848, 0.060801, 0.124994, 0.084232, -0.876394, -0.47417, -0.005666, 0.023485, 0.477475, -0.878331, 0.032399, 0.0, 0.0, 0.0, 1.0],
                [0.996118, 0.06534, 0.05898, 0.124994, 0.084132, -0.90375, -0.41971, -0.005666, 0.02588, 0.423043, -0.90574, 0.032399, 0.0, 0.0, 0.0, 1.0],
                [0.996066, 0.069147, 0.055422, 0.124994, 0.083687, -0.939674, -0.331675, -0.005666, 0.029144, 0.335009, -0.941764, 0.032399, 0.0, 0.0, 0.0, 1.0],
                [0.996038, 0.073788, 0.049638, 0.124994, 0.082734, -0.973564, -0.212901, -0.005666, 0.032616, 0.216164, -0.975812, 0.032399, 0.0, 0.0, 0.0, 1.0],
                [0.996057, 0.078564, 0.04122, 0.124994, 0.081283, -0.994294, -0.069074, -0.005666, 0.035558, 0.072152, -0.99676, 0.032399, 0.0, 0.0, 0.0, 1.0],
                [0.99613, 0.082615, 0.029999, 0.124994, 0.079618, -0.992736, 0.090199, -0.005666, 0.037233, -0.087462, -0.995472, 0.032399, 0.0, 0.0, 0.0, 1.0],
                [0.996241, 0.085106, 0.016136, 0.124994, 0.078307, -0.964481, 0.252278, -0.005666, 0.037033, -0.250066, -0.96752, 0.032399, 0.0, 0.0, 0.0, 1.0],
                [0.996344, 0.085427, 5.9e-05, 0.124994, 0.078114, -0.911334, 0.404188, -0.005666, 0.034583, -0.402706, -0.914676, 0.032399, 0.0, 0.0, 0.0, 1.0],
                [0.996364, 0.083341, -0.017717, 0.124994, 0.079839, -0.840613, 0.53572, -0.005666, 0.029755, -0.535186, -0.84421, 0.032399, 0.0, 0.0, 0.0, 1.0],
                [0.996195, 0.078989, -0.036833, 0.124994, 0.084186, -0.762713, 0.641234, -0.005666, 0.022557, -0.641895, -0.76646, 0.032399, 0.0, 0.0, 0.0, 1.0],
                [0.995255, 0.075025, -0.061952, 0.124994, 0.096603, -0.685973, 0.721185, -0.005666, 0.01161, -0.723748, -0.689966, 0.032399, 0.0, 0.0, 0.0, 1.0],
                [0.992741, 0.072412, -0.096035, 0.124994, 0.120252, -0.613268, 0.780667, -0.005666, -0.002366, -0.786549, -0.617523, 0.032399, 0.0, 0.0, 0.0, 1.0],
                [0.988215, 0.069736, -0.136266, 0.124994, 0.152121, -0.546572, 0.823479, -0.005666, -0.017053, -0.834503, -0.550739, 0.032399, 0.0, 0.0, 0.0, 1.0],
                [0.98149, 0.066371, -0.179646, 0.124994, 0.188996, -0.487276, 0.852551, -0.005666, -0.030953, -0.870722, -0.4908, 0.032399, 0.0, 0.0, 0.0, 1.0],
                [0.972831, 0.062279, -0.222981, 0.124994, 0.227461, -0.436551, 0.870451, -0.005666, -0.043132, -0.897521, -0.438857, 0.032399, 0.0, 0.0, 0.0, 1.0],
                [0.963084, 0.05787, -0.262907, 0.124994, 0.263919, -0.395484, 0.879738, -0.005666, -0.053065, -0.916648, -0.396157, 0.032399, 0.0, 0.0, 0.0, 1.0],
                [0.953691, 0.053847, -0.295929, 0.124994, 0.294643, -0.365095, 0.883114, -0.005666, -0.06049, -0.929412, -0.364053, 0.032399, 0.0, 0.0, 0.0, 1.0],
                [0.946565, 0.051008, -0.318453, 0.124994, 0.315847, -0.346312, 0.883351, -0.005666, -0.065226, -0.936732, -0.343918, 0.032399, 0.0, 0.0, 0.0, 1.0],
                [0.943772, 0.04999, -0.326795, 0.124994, 0.323748, -0.339911, 0.882976, -0.005666, -0.066941, -0.939128, -0.336983, 0.032399, 0.0, 0.0, 0.0, 1.0],
                [0.943772, 0.04999, -0.326795, 0.124994, 0.323748, -0.339911, 0.882976, -0.005666, -0.066941, -0.939128, -0.336983, 0.032399, 0.0, 0.0, 0.0, 1.0],
                [0.943772, 0.04999, -0.326795, 0.124994, 0.323748, -0.339911, 0.882976, -0.005666, -0.066941, -0.939128, -0.336983, 0.032399, 0.0, 0.0, 0.0, 1.0],
                [0.943772, 0.04999, -0.326795, 0.124994, 0.323748, -0.339911, 0.882976, -0.005666, -0.066941, -0.939128, -0.336983, 0.032399, 0.0, 0.0, 0.0, 1.0],
                [0.943772, 0.04999, -0.326795, 0.124994, 0.323748, -0.339911, 0.882976, -0.005666, -0.066941, -0.939128, -0.336983, 0.032399, 0.0, 0.0, 0.0, 1.0],
                [0.943772, 0.04999, -0.326795, 0.124994, 0.323748, -0.339911, 0.882976, -0.005666, -0.066941, -0.939128, -0.336983, 0.032399, 0.0, 0.0, 0.0, 1.0],
                [0.943772, 0.04999, -0.326795, 0.124994, 0.323748, -0.339911, 0.882976, -0.005666, -0.066941, -0.939128, -0.336983, 0.032399, 0.0, 0.0, 0.0, 1.0],
                [0.943772, 0.04999, -0.326795, 0.124994, 0.323748, -0.339911, 0.882976, -0.005666, -0.066941, -0.939128, -0.336983, 0.032399, 0.0, 0.0, 0.0, 1.0],
                [0.943772, 0.04999, -0.326795, 0.124994, 0.323748, -0.339911, 0.882976, -0.005666, -0.066941, -0.939128, -0.336983, 0.032399, 0.0, 0.0, 0.0, 1.0],
                [0.943772, 0.04999, -0.326795, 0.124994, 0.323748, -0.339911, 0.882976, -0.005666, -0.066941, -0.939128, -0.336983, 0.032399, 0.0, 0.0, 0.0, 1.0],
                [0.943772, 0.04999, -0.326795, 0.124994, 0.323748, -0.339911, 0.882976, -0.005666, -0.066941, -0.939128, -0.336983, 0.032399, 0.0, 0.0, 0.0, 1.0],
                [0.943772, 0.04999, -0.326795, 0.124994, 0.323748, -0.339911, 0.882976, -0.005666, -0.066941, -0.939128, -0.336983, 0.032399, 0.0, 0.0, 0.0, 1.0],
                [0.943772, 0.04999, -0.326795, 0.124994, 0.323748, -0.339911, 0.882976, -0.005666, -0.066941, -0.939128, -0.336983, 0.032399, 0.0, 0.0, 0.0, 1.0],
                [0.943772, 0.04999, -0.326795, 0.124994, 0.323748, -0.339911, 0.882976, -0.005666, -0.066941, -0.939128, -0.336983, 0.032399, 0.0, 0.0, 0.0, 1.0],
                [0.943772, 0.04999, -0.326795, 0.124994, 0.323748, -0.339911, 0.882976, -0.005666, -0.066941, -0.939128, -0.336983, 0.032399, 0.0, 0.0, 0.0, 1.0],
                [0.943772, 0.04999, -0.326795, 0.124994, 0.323748, -0.339911, 0.882976, -0.005666, -0.066941, -0.939128, -0.336983, 0.032399, 0.0, 0.0, 0.0, 1.0],
                [0.943772, 0.04999, -0.326795, 0.124994, 0.323748, -0.339911, 0.882976, -0.005666, -0.066941, -0.939128, -0.336983, 0.032399, 0.0, 0.0, 0.0, 1.0],
                [0.943772, 0.04999, -0.326795, 0.124994, 0.323748, -0.339911, 0.882976, -0.005666, -0.066941, -0.939128, -0.336983, 0.032399, 0.0, 0.0, 0.0, 1.0],
                [0.943772, 0.04999, -0.326795, 0.124994, 0.323748, -0.339911, 0.882976, -0.005666, -0.066941, -0.939128, -0.336983, 0.032399, 0.0, 0.0, 0.0, 1.0],
                [0.943772, 0.04999, -0.326795, 0.124994, 0.323748, -0.339911, 0.882976, -0.005666, -0.066941, -0.939128, -0.336983, 0.032399, 0.0, 0.0, 0.0, 1.0],
                [0.943772, 0.04999, -0.326795, 0.124994, 0.323748, -0.339911, 0.882976, -0.005666, -0.066941, -0.939128, -0.336983, 0.032399, 0.0, 0.0, 0.0, 1.0],
                [0.943772, 0.04999, -0.326795, 0.124994, 0.323748, -0.339911, 0.882976, -0.005666, -0.066941, -0.939128, -0.336983, 0.032399, 0.0, 0.0, 0.0, 1.0],
                [0.943772, 0.04999, -0.326795, 0.124994, 0.323748, -0.339911, 0.882976, -0.005666, -0.066941, -0.939128, -0.336983, 0.032399, 0.0, 0.0, 0.0, 1.0],
                [0.944007, 0.050521, -0.326036, 0.124994, 0.323043, -0.342342, 0.882295, -0.005666, -0.067041, -0.938216, -0.339494, 0.032399, 0.0, 0.0, 0.0, 1.0],
                [0.944688, 0.05206, -0.323811, 0.124994, 0.320985, -0.349426, 0.880267, -0.005666, -0.067322, -0.935517, -0.346809, 0.032399, 0.0, 0.0, 0.0, 1.0],
                [0.945786, 0.05451, -0.320185, 0.124994, 0.317649, -0.360845, 0.876864, -0.005666, -0.067739, -0.931032, -0.358597, 0.032399, 0.0, 0.0, 0.0, 1.0],
                [0.947263, 0.057762, -0.315208, 0.124994, 0.313107, -0.376271, 0.872, -0.005666, -0.068235, -0.924707, -0.374514, 0.032399, 0.0, 0.0, 0.0, 1.0],
                [0.949085, 0.061693, -0.30892, 0.124994, 0.307429, -0.395367, 0.865547, -0.005666, -0.068739, -0.916449, -0.394204, 0.032399, 0.0, 0.0, 0.0, 1.0],
                [0.951213, 0.066168, -0.301357, 0.124994, 0.300682, -0.417776, 0.857352, -0.005666, -0.06917, -0.906137, -0.41729, 0.032399, 0.0, 0.0, 0.0, 1.0],
                [0.953605, 0.071047, -0.292558, 0.124994, 0.292942, -0.443121, 0.847247, -0.005666, -0.069445, -0.893642, -0.443375, 0.032399, 0.0, 0.0, 0.0, 1.0],
                [0.956218, 0.076179, -0.282565, 0.124994, 0.284288, -0.471001, 0.835068, -0.005666, -0.069474, -0.878837, -0.472036, 0.032399, 0.0, 0.0, 0.0, 1.0],
                [0.959008, 0.081413, -0.271433, 0.124994, 0.274808, -0.500989, 0.820664, -0.005666, -0.069172, -0.861616, -0.502826, 0.032399, 0.0, 0.0, 0.0, 1.0],
                [0.961926, 0.086598, -0.259229, 0.124994, 0.264599, -0.532638, 0.803918, -0.005666, -0.068458, -0.841901, -0.535272, 0.032399, 0.0, 0.0, 0.0, 1.0],
                [0.964923, 0.091585, -0.246039, 0.124994, 0.25377, -0.56548, 0.78475, -0.005666, -0.067259, -0.819661, -0.568886, 0.032399, 0.0, 0.0, 0.0, 1.0],
                [0.967952, 0.096234, -0.231964, 0.124994, 0.242438, -0.599035, 0.763139, -0.005666, -0.065514, -0.794919, -0.603168, 0.032399, 0.0, 0.0, 0.0, 1.0],
                [0.970964, 0.10042, -0.217129, 0.124994, 0.230732, -0.63282, 0.739121, -0.005666, -0.063181, -0.767759, -0.637616, 0.032399, 0.0, 0.0, 0.0, 1.0],
                [0.973912, 0.104033, -0.201672, 0.124994, 0.218784, -0.666363, 0.712807, -0.005666, -0.060232, -0.738334, -0.67174, 0.032399, 0.0, 0.0, 0.0, 1.0],
                [0.976755, 0.106985, -0.185752, 0.124994, 0.206734, -0.699209, 0.684374, -0.005666, -0.056662, -0.706867, -0.705073, 0.032399, 0.0, 0.0, 0.0, 1.0],
                [0.979453, 0.109214, -0.169539, 0.124994, 0.19472, -0.730939, 0.654073, -0.005666, -0.052488, -0.673646, -0.737188, 0.032399, 0.0, 0.0, 0.0, 1.0],
                [0.981975, 0.110686, -0.15321, 0.124994, 0.182879, -0.761181, 0.622221, -0.005666, -0.04775, -0.639024, -0.767703, 0.032399, 0.0, 0.0, 0.0, 1.0],
                [0.984295, 0.111393, -0.136951, 0.124994, 0.17134, -0.789616, 0.589194, -0.005666, -0.042507, -0.603405, -0.796301, 0.032399, 0.0, 0.0, 0.0, 1.0],
                [0.986393, 0.111359, -0.120944, 0.124994, 0.160222, -0.815992, 0.555415, -0.005666, -0.036839, -0.567235, -0.822731, 0.032399, 0.0, 0.0, 0.0, 1.0],
                [0.98826, 0.110632, -0.105366, 0.124994, 0.149633, -0.840125, 0.521344, -0.005666, -0.030843, -0.53099, -0.846817, 0.032399, 0.0, 0.0, 0.0, 1.0],
                [0.989892, 0.109287, -0.090386, 0.124994, 0.139666, -0.8619, 0.487464, -0.005666, -0.02463, -0.49516, -0.868452, 0.032399, 0.0, 0.0, 0.0, 1.0],
                [0.991293, 0.107418, -0.076159, 0.124994, 0.130396, -0.881271, 0.454266, -0.005666, -0.018321, -0.460241, -0.887605, 0.032399, 0.0, 0.0, 0.0, 1.0],
                [0.992471, 0.105137, -0.062827, 0.124994, 0.121886, -0.898251, 0.422241, -0.005666, -0.012041, -0.42672, -0.904303, 0.032399, 0.0, 0.0, 0.0, 1.0],
                [0.993442, 0.102569, -0.050516, 0.124994, 0.114181, -0.912908, 0.391869, -0.005666, -0.005923, -0.395068, -0.918633, 0.032399, 0.0, 0.0, 0.0, 1.0],
                [0.994225, 0.099845, -0.039336, 0.124994, 0.107314, -0.925349, 0.36361, -0.005666, -9.5e-05, -0.365732, -0.93072, 0.032399, 0.0, 0.0, 0.0, 1.0],
                [0.994841, 0.097099, -0.029385, 0.124994, 0.101308, -0.935713, 0.337902, -0.005666, 0.005314, -0.339136, -0.940722, 0.032399, 0.0, 0.0, 0.0, 1.0],
                [0.995312, 0.094465, -0.020748, 0.124994, 0.096179, -0.944153, 0.315158, -0.005666, 0.010182, -0.315676, -0.948812, 0.032399, 0.0, 0.0, 0.0, 1.0],
                [0.995661, 0.092073, -0.013505, 0.124994, 0.091939, -0.950825, 0.295767, -0.005666, 0.014392, -0.295725, -0.955165, 0.032399, 0.0, 0.0, 0.0, 1.0],
                [0.995908, 0.090044, -0.00773, 0.124994, 0.088599, -0.955875, 0.280094, -0.005666, 0.017832, -0.279633, -0.959941, 0.032399, 0.0, 0.0, 0.0, 1.0],
                [0.996071, 0.088488, -0.003498, 0.124994, 0.086175, -0.95942, 0.268491, -0.005666, 0.020402, -0.267737, -0.963276, 0.032399, 0.0, 0.0, 0.0, 1.0],
                [0.996164, 0.087499, -0.000891, 0.124994, 0.084691, -0.961537, 0.26129, -0.005666, 0.022005, -0.260364, -0.96526, 0.032399, 0.0, 0.0, 0.0, 1.0],
                [0.996195, 0.087155, -0.0, 0.124994, 0.084185, -0.96225, 0.258819, -0.005666, 0.022557, -0.257834, -0.965926, 0.032399, 0.0, 0.0, 0.0, 1.0]
            ]
        },
        {
            "name": "Leg_R",
            "time": [0.0, 0.0167, 0.0333, 0.05, 0.0667, 0.0833, 0.1, 0.1167, 0.1333, 0.15, 0.1667, 0.1833, 0.2, 0.2167, 0.2333, 0.25, 0.2667, 0.2833, 0.3, 0.3167, 0.3333, 0.35, 0.3667, 0.3833, 0.4, 0.4167, 0.4333, 0.45, 0.4667, 0.4833, 0.5, 0.5167, 0.5333, 0.55, 0.5667, 0.5833, 0.6, 0.6167, 0.6333, 0.65, 0.6667, 0.6833, 0.7, 0.7167, 0.7333, 0.75, 0.7667, 0.7833, 0.8, 0.8167, 0.8333, 0.85, 0.8667, 0.8833, 0.9, 0.9167, 0.9333, 0.95, 0.9667, 0.9833, 1.0, 1.0167, 1.0333, 1.05, 1.0667, 1.0833, 1.1, 1.1167, 1.1333, 1.15, 1.1667, 1.1833, 1.2, 1.2167, 1.2333, 1.25, 1.2667, 1.2833, 1.3, 1.3167, 1.3333, 1.35, 1.3667, 1.3833, 1.4, 1.4167, 1.4333, 1.45, 1.4667, 1.4833, 1.5, 1.5167],
            "transform": [
                [0.933031, -0.16694, 0.318723, -0.0, -0.049991, 0.817101, 0.574323, 0.37472, -0.356306, -0.551794, 0.754035, 0.0, 0.0, 0.0, 0.0, 1.0],
                [0.933031, -0.16694, 0.318723, -0.0, -0.049991, 0.817101, 0.574323, 0.37472, -0.356306, -0.551794, 0.754035, 0.0, 0.0, 0.0, 0.0, 1.0],
                [0.933031, -0.16694, 0.318723, -0.0, -0.049991, 0.817101, 0.574323, 0.37472, -0.356306, -0.551794, 0.754035, 0.0, 0.0, 0.0, 0.0, 1.0],
                [0.933031, -0.16694, 0.318723, 0.0, -0.049991, 0.817101, 0.574323, 0.37472, -0.356306, -0.551795, 0.754035, 0.0, 0.0, 0.0, 0.0, 1.0],
                [0.933031, -0.16694, 0.318723, -0.0, -0.049991, 0.817101, 0.574323, 0.37472, -0.356306, -0.551794, 0.754035, -0.0, 0.0, 0.0, 0.0, 1.0],
                [0.933031, -0.16694, 0.318723, -0.0, -0.049991, 0.817101, 0.574323, 0.37472, -0.356306, -0.551794, 0.754035, 0.0, 0.0, 0.0, 0.0, 1.0],
                [0.933031, -0.16694, 0.318723, 0.0, -0.049991, 0.817101, 0.574323, 0.37472, -0.356306, -0.551794, 0.754035, -0.0, 0.0, 0.0, 0.0, 1.0],
                [0.933031, -0.16694, 0.318723, 0.0, -0.049991, 0.817101, 0.574323, 0.37472, -0.356306, -0.551794, 0.754035, 0.0, 0.0, 0.0, 0.0, 1.0],
                [0.933031, -0.16694, 0.318723, -0.0, -0.049991, 0.817101, 0.574323, 0.37472, -0.356306, -0.551795, 0.754035, -0.0, 0.0, 0.0, 0.0, 1.0],
                [0.933031, -0.16694, 0.318723, 0.0, -0.049991, 0.817101, 0.574323, 0.37472, -0.356306, -0.551794, 0.754035, 0.0, 0.0, 0.0, 0.0, 1.0],
                [0.933031, -0.16694, 0.318723, -0.0, -0.049991, 0.817101, 0.574323, 0.37472, -0.356306, -0.551794, 0.754035, 0.0, 0.0, 0.0, 0.0, 1.0],
                [0.933031, -0.16694, 0.318723, -0.0, -0.049991, 0.817101, 0.574323, 0.37472, -0.356306, -0.551794, 0.754035, 0.0, 0.0, 0.0, 0.0, 1.0],
                [0.933031, -0.16694, 0.318723, 0.0, -0.049991, 0.817101, 0.574323, 0.37472, -0.356306, -0.551794, 0.754035, 0.0, 0.0, 0.0, 0.0, 1.0],
                [0.933031, -0.16694, 0.318723, -0.0, -0.049991, 0.817101, 0.574323, 0.37472, -0.356306, -0.551794, 0.754035, -0.0, 0.0, 0.0, 0.0, 1.0],
                [0.933031, -0.16694, 0.318723, 0.0, -0.049991, 0.817101, 0.574323, 0.37472, -0.356306, -0.551794, 0.754035, 0.0, 0.0, 0.0, 0.0, 1.0],
                [0.933031, -0.16694, 0.318723, -0.0, -0.049991, 0.817101, 0.574323, 0.37472, -0.356306, -0.551795, 0.754035, -0.0, 0.0, 0.0, 0.0, 1.0],
                [0.933031, -0.16694, 0.318723, 0.0, -0.049991, 0.817101, 0.574323, 0.37472, -0.356306, -0.551794, 0.754035, 0.0, 0.0, 0.0, 0.0, 1.0],
                [0.933031, -0.16694, 0.318723, 0.0, -0.049991, 0.817101, 0.574323, 0.37472, -0.356306, -0.551794, 0.754035, 0.0, 0.0, 0.0, 0.0, 1.0],
                [0.933031, -0.16694, 0.318723, -0.0, -0.049991, 0.817101, 0.574323, 0.37472, -0.356306, -0.551794, 0.754035, 0.0, 0.0, 0.0, 0.0, 1.0],
                [0.933031, -0.165539, 0.319453, -0.0, -0.049991, 0.819614, 0.570731, 0.37472, -0.356306, -0.548479, 0.75645, -0.0, 0.0, 0.0, 0.0, 1.0],
                [0.933031, -0.161718, 0.321404, -0.0, -0.049991, 0.826361, 0.560918, 0.37472, -0.356306, -0.539421, 0.762936, 0.0, 0.0, 0.0, 0.0, 1.0],
                [0.933031, -0.156039, 0.324199, -0.0, -0.049991, 0.836101, 0.546294, 0.37472, -0.356306, -0.525916, 0.772307, 0.0, 0.0, 0.0, 0.0, 1.0],
                [0.933031, -0.149069, 0.327462, -0.0, -0.049991, 0.847595, 0.528284, 0.37472, -0.356306, -0.509275, 0.78338, 0.0, 0.0, 0.0, 0.0, 1.0],
                [0.933031, -0.141395, 0.330848, 0.0, -0.049991, 0.859679, 0.508382, 0.37472, -0.356306, -0.490876, 0.795039, 0.0, 0.0, 0.0, 0.0, 1.0],
                [0.933031, -0.133635, 0.334058, -0.0, -0.049991, 0.87131, 0.48818, 0.37472, -0.356306, -0.472187, 0.806279, 0.0, 0.0, 0.0, 0.0, 1.0],
                [0.933031, -0.126433, 0.33685, -0.0, -0.049991, 0.881588, 0.469365, 0.37472, -0.356306, -0.454771, 0.816228, -0.0, 0.0, 0.0, 0.0, 1.0],
                [0.933031, -0.120456, 0.339033, 0.0, -0.049991, 0.889752, 0.453698, 0.37472, -0.356306, -0.440263, 0.824145, -0.0, 0.0, 0.0, 0.0, 1.0],
                [0.933031, -0.116376, 0.340455, 0.0, -0.049991, 0.895135, 0.442983, 0.37472, -0.356306, -0.430336, 0.829371, -0.0, 0.0, 0.0, 0.0, 1.0],
                [0.933031, -0.114869, 0.340967, -0.0, -0.049991, 0.897086, 0.439018, 0.37472, -0.356306, -0.426663, 0.831267, 0.0, 0.0, 0.0, 0.0, 1.0],
                [0.933031, -0.122695, 0.338229, -0.0, -0.049991, 0.886733, 0.459571, 0.37472, -0.356306, -0.445703, 0.821216, -0.0, 0.0, 0.0, 0.0, 1.0],
                [0.933031, -0.143458, 0.329959, 0.0, -0.049991, 0.856488, 0.51374, 0.37472, -0.356306, -0.495831, 0.791958, 0.0, 0.0, 0.0, 0.0, 1.0],
                [0.933031, -0.17276, 0.315606, -0.0, -0.049991, 0.806424, 0.589221, 0.37472, -0.356306, -0.565538, 0.743782, 0.0, 0.0, 0.0, 0.0, 1.0],
