{
    "armature": {
        "joints": ["Root", "Thigh_R", "Leg_R", "Knee_R", "Thigh_L", "Leg_L", "Knee_L", "Torso", "Chest", "Head", "Shoulder_R", "Arm_R", "Hand_R", "Tool_R", "Elbow_R", "Shoulder_L", "Arm_L", "Hand_L", "Tool_L", "Elbow_L"],
        "hierarchy": [
            {
                "name": "Root",
                "transform": [1.0, 0.0, 0.0, -5e-06, 0.0, 0.0, -1.0, 0.000946, 0.0, 1.0, 0.0, 0.763972, 0.0, 0.0, 0.0, 1.0],
                "children": [
                    {
                        "name": "Thigh_R",
                        "transform": [1.0, -0.0, -0.0, 0.124994, -0.0, -1.0, 0.0, -0.002831, -0.0, -0.0, -1.0, -1.2e-05, 0.0, 0.0, 0.0, 1.0],
                        "children": [
                            {
                                "name": "Leg_R",
                                "transform": [1.0, 0.0, 1e-06, 0.0, -0.0, 1.0, 0.0, 0.37472, -1e-06, -0.0, 1.0, -0.0, 0.0, 0.0, 0.0, 1.0],
                                "children": []
                            },
                            {
                                "name": "Knee_R",
                                "transform": [1.0, 0.0, -0.0, 0.0, -0.0, 0.0, -1.0, 0.37472, -0.0, 1.0, 0.0, -0.0, 0.0, 0.0, 0.0, 1.0],
                                "children": []
                            }
                        ]
                    },
                    {
                        "name": "Thigh_L",
                        "transform": [1.0, -0.0, -0.0, -0.125006, -0.0, -1.0, 0.0, -0.002831, -0.0, -0.0, -1.0, -1.2e-05, 0.0, 0.0, 0.0, 1.0],
                        "children": [
                            {
                                "name": "Leg_L",
                                "transform": [1.0, 0.0, 1e-06, -0.0, -0.0, 1.0, 0.0, 0.37472, -1e-06, -0.0, 1.0, 0.0, 0.0, 0.0, 0.0, 1.0],
                                "children": []
                            },
                            {
                                "name": "Knee_L",
                                "transform": [1.0, 0.0, -0.0, -0.0, -0.0, 0.0, -1.0, 0.37472, -0.0, 1.0, 0.0, 0.0, 0.0, 0.0, 0.0, 1.0],
                                "children": []
                            }
                        ]
                    },
                    {
                        "name": "Torso",
                        "transform": [1.0, 0.0, 0.0, 0.0, 0.0, 1.0, 0.0, 0.05, 0.0, 0.0, 1.0, 0.0, 0.0, 0.0, 0.0, 1.0],
                        "children": [
                            {
                                "name": "Chest",
                                "transform": [1.0, 0.0, 0.0, 0.0, 0.0, 1.0, 0.0, 0.3, 0.0, 0.0, 1.0, 0.0, 0.0, 0.0, 0.0, 1.0],
                                "children": [
                                    {
                                        "name": "Head",
                                        "transform": [1.0, 0.0, 0.0, 0.0, 0.0, 1.0, 0.0, 0.4, 0.0, 0.0, 1.0, 0.0, 0.0, 0.0, 0.0, 1.0],
                                        "children": []
                                    },
                                    {
                                        "name": "Shoulder_R",
                                        "transform": [0.0, 0.952114, 0.305743, 0.0, 0.0, -0.305743, 0.952114, 0.4, 1.0, 0.0, -0.0, 0.0, 0.0, 0.0, 0.0, 1.0],
                                        "children": [
                                            {
                                                "name": "Arm_R",
                                                "transform": [0.0, -0.0, -1.0, -0.0, 0.952114, 0.305743, 0.0, 0.39386, 0.305743, -0.952114, 0.0, 0.0, 0.0, 0.0, 0.0, 1.0],
                                                "children": [
                                                    {
                                                        "name": "Hand_R",
                                                        "transform": [1.0, 0.0, 0.0, 0.0, -0.0, 0.993938, 0.109947, 0.3, -0.0, -0.109947, 0.993937, 0.0, 0.0, 0.0, 0.0, 1.0],
                                                        "children": [
                                                            {
                                                                "name": "Tool_R",
                                                                "transform": [1.0, 0.0, 0.0, -0.0, 0.0, -0.999836, 0.018122, 0.272858, 0.0, -0.018122, -0.999836, 0.0, 0.0, 0.0, 0.0, 1.0],
                                                                "children": []
                                                            }
                                                        ]
                                                    },
                                                    {
                                                        "name": "Elbow_R",
                                                        "transform": [-1.0, 0.0, -0.0, 0.0, 0.0, 0.0, -1.0, 0.3, -0.0, -1.0, -0.0, 0.0, 0.0, 0.0, 0.0, 1.0],
                                                        "children": []
                                                    }
                                                ]
                                            }
                                        ]
                                    },
                                    {
                                        "name": "Shoulder_L",
                                        "transform": [-0.0, -0.952114, -0.305743, 0.0, 0.0, -0.305743, 0.952114, 0.4, -1.0, 0.0, 0.0, 0.0, 0.0, 0.0, 0.0, 1.0],
                                        "children": [
                                            {
                                                "name": "Arm_L",
                                                "transform": [-0.0, -0.0, 1.0, -0.0, -0.952114, 0.305743, -0.0, 0.39386, -0.305743, -0.952114, -0.0, 0.0, 0.0, 0.0, 0.0, 1.0],
                                                "children": [
                                                    {
                                                        "name": "Hand_L",
                                                        "transform": [1.0, -0.0, 0.0, -0.0, 0.0, 0.993937, 0.109947, 0.3, -0.0, -0.109947, 0.993937, 0.0, 0.0, 0.0, 0.0, 1.0],
                                                        "children": [
                                                            {
                                                                "name": "Tool_L",
                                                                "transform": [1.0, 0.0, 0.0, -0.0, -0.0, -0.999836, 0.018122, 0.272858, 0.0, -0.018122, -0.999836, -0.0, 0.0, 0.0, 0.0, 1.0],
                                                                "children": []
                                                            }
                                                        ]
                                                    },
                                                    {
                                                        "name": "Elbow_L",
                                                        "transform": [-1.0, 0.0, -0.0, -0.0, 0.0, -0.0, -1.0, 0.3, -0.0, -1.0, 0.0, 0.0, 0.0, 0.0, 0.0, 1.0],
                                                        "children": []
                                                    }
                                                ]
                                            }
                                        ]
                                    }
                                ]
                            }
                        ]
                    }
                ]
            }
        ]
    },
    "animation": [
        {
            "name": "Root",
            "time": [0.0167, 0.0333, 0.05, 0.0667, 0.0833, 0.1, 0.1167, 0.1333, 0.15, 0.1667, 0.1833, 0.2, 0.2167, 0.2333, 0.25, 0.2667, 0.2833, 0.3, 0.3167, 0.3333, 0.35, 0.3667, 0.3833, 0.4, 0.4167, 0.4333, 0.45, 0.4667, 0.4833, 0.5, 0.5167, 0.5333, 0.55, 0.5667, 0.5833, 0.6, 0.6167, 0.6333, 0.65, 0.6667, 0.6833, 0.7, 0.7167, 0.7333, 0.75, 0.7667, 0.7833, 0.8, 0.8167, 0.8333, 0.85, 0.8667, 0.8833, 0.9, 0.9167, 0.9333, 0.95, 0.9667, 0.9833, 1.0, 1.0167, 1.0333, 1.05, 1.0667, 1.0833, 1.1, 1.1167, 1.1333, 1.15, 1.1667, 1.1833, 1.2, 1.2167, 1.2333, 1.25, 1.2667, 1.2833, 1.3, 1.3167, 1.3333, 1.35, 1.3667, 1.3833, 1.4, 1.4167, 1.4333, 1.45, 1.4667, 1.4833, 1.5, 1.5167, 1.5333, 1.55, 1.5667, 1.5833, 1.6, 1.6167, 1.6333, 1.65, 1.6667, 1.6833, 1.7, 1.7167, 1.7333, 1.75, 1.7667, 1.7833, 1.8, 1.8167, 1.8333, 1.85, 1.8667, 1.8833, 1.9, 1.9167, 1.9333, 1.95, 1.9667, 1.9833, 2.0, 2.0167, 2.0333, 2.05, 2.0667, 2.0833, 2.1, 2.1167, 2.1333, 2.15, 2.1667, 2.1833, 2.2, 2.2167, 2.2333, 2.25, 2.2667, 2.2833, 2.3, 2.3167, 2.3333, 2.35, 2.3667, 2.3833, 2.4, 2.4167, 2.4333, 2.45, 2.4667, 2.4833, 2.5, 2.5167, 2.5333, 2.55, 2.5667, 2.5833, 2.6, 2.6167, 2.6333, 2.65, 2.6667, 2.6833, 2.7, 2.7167, 2.7333, 2.75, 2.7667, 2.7833, 2.8, 2.8167, 2.8333, 2.85, 2.8667, 2.8833, 2.9, 2.9167, 2.9333, 2.95, 2.9667, 2.9833, 3.0, 3.0167, 3.0333, 3.05, 3.0667, 0.0],
            "transform": [
                [0.369104, 0.0, -0.929388, -5e-06, -0.929388, 0.0, -0.369104, 0.000946, 0.0, 1.0, 0.0, 0.763972, 0.0, 0.0, 0.0, 1.0],
                [0.369104, 0.0, -0.929388, -5e-06, -0.929388, 0.0, -0.369104, 0.000946, 0.0, 1.0, 0.0, 0.763972, 0.0, 0.0, 0.0, 1.0],
                [0.362201, 0.0, -0.9321, -5e-06, -0.9321, 0.0, -0.362201, 0.003382, 0.0, 1.0, 0.0, 0.763972, 0.0, 0.0, 0.0, 1.0],
                [0.341949, 0.0, -0.939718, -5e-06, -0.939718, 0.0, -0.341949, 0.010512, 0.0, 1.0, 0.0, 0.763972, 0.0, 0.0, 0.0, 1.0],
                [0.308811, 0.0, -0.951123, -5e-06, -0.951123, 0.0, -0.308811, 0.022071, 0.0, 1.0, 0.0, 0.763972, 0.0, 0.0, 0.0, 1.0],
                [0.263053, 0.0, -0.964781, -5e-06, -0.964781, 0.0, -0.263053, 0.037792, 0.0, 1.0, 0.0, 0.763972, 0.0, 0.0, 0.0, 1.0],
                [0.2049, 0.0, -0.978783, -5e-06, -0.978783, 0.0, -0.2049, 0.057409, 0.0, 1.0, 0.0, 0.763972, 0.0, 0.0, 0.0, 1.0],
                [0.134693, 0.0, -0.990888, -5e-06, -0.990888, 0.0, -0.134693, 0.080657, 0.0, 1.0, 0.0, 0.763972, 0.0, 0.0, 0.0, 1.0],
                [0.053063, 0.0, -0.998591, -5e-06, -0.998591, 0.0, -0.053063, 0.10727, 0.0, 1.0, 0.0, 0.763972, 0.0, 0.0, 0.0, 1.0],
                [-0.038904, 0.0, -0.999243, -5e-06, -0.999243, 0.0, 0.038904, 0.136981, 0.0, 1.0, 0.0, 0.763972, 0.0, 0.0, 0.0, 1.0],
                [-0.139543, 0.0, -0.990216, -5e-06, -0.990216, 0.0, 0.139543, 0.169525, 0.0, 1.0, 0.0, 0.763972, 0.0, 0.0, 0.0, 1.0],
                [-0.246541, 0.0, -0.969133, -5e-06, -0.969133, 0.0, 0.246541, 0.204636, 0.0, 1.0, 0.0, 0.763972, 0.0, 0.0, 0.0, 1.0],
                [-0.356967, 0.0, -0.934117, -5e-06, -0.934117, 0.0, 0.356967, 0.242048, 0.0, 1.0, 0.0, 0.763972, 0.0, 0.0, 0.0, 1.0],
                [-0.467413, 0.0, -0.884039, -5e-06, -0.884039, 0.0, 0.467413, 0.281494, 0.0, 1.0, 0.0, 0.763972, 0.0, 0.0, 0.0, 1.0],
                [-0.574236, 0.0, -0.81869, -5e-06, -0.81869, 0.0, 0.574236, 0.32271, 0.0, 1.0, 0.0, 0.763972, 0.0, 0.0, 0.0, 1.0],
                [-0.673874, 0.0, -0.738847, -5e-06, -0.738847, 0.0, 0.673874, 0.365429, 0.0, 1.0, 0.0, 0.763972, 0.0, 0.0, 0.0, 1.0],
                [-0.763167, 0.0, -0.646202, -5e-06, -0.646202, 0.0, 0.763167, 0.409385, 0.0, 1.0, 0.0, 0.763972, 0.0, 0.0, 0.0, 1.0],
                [-0.839627, 0.0, -0.543163, -5e-06, -0.543163, 0.0, 0.839627, 0.454312, 0.0, 1.0, 0.0, 0.763972, 0.0, 0.0, 0.0, 1.0],
                [-0.9016, 0.0, -0.432571, -5e-06, -0.432571, 0.0, 0.9016, 0.499945, 0.0, 1.0, 0.0, 0.763972, 0.0, 0.0, 0.0, 1.0],
                [-0.948295, 0.0, -0.317389, -5e-06, -0.317389, 0.0, 0.948295, 0.546017, 0.0, 1.0, 0.0, 0.763972, 0.0, 0.0, 0.0, 1.0],
                [-0.979709, 0.0, -0.200426, -5e-06, -0.200426, 0.0, 0.979709, 0.592262, 0.0, 1.0, 0.0, 0.763972, 0.0, 0.0, 0.0, 1.0],
                [-0.996454, 0.0, -0.084138, -5e-06, -0.084138, 0.0, 0.996454, 0.638415, 0.0, 1.0, 0.0, 0.763972, 0.0, 0.0, 0.0, 1.0],
                [-0.999565, 0.0, 0.029495, -5e-06, 0.029495, 0.0, 0.999565, 0.684209, 0.0, 1.0, 0.0, 0.763972, 0.0, 0.0, 0.0, 1.0],
                [-0.990293, 0.0, 0.138995, -5e-06, 0.138995, 0.0, 0.990293, 0.729379, 0.0, 1.0, 0.0, 0.763972, 0.0, 0.0, 0.0, 1.0],
                [-0.969935, 0.0, 0.243365, -5e-06, 0.243365, 0.0, 0.969935, 0.773658, 0.0, 1.0, 0.0, 0.763972, 0.0, 0.0, 0.0, 1.0],
                [-0.939693, 0.0, 0.34202, -5e-06, 0.34202, 0.0, 0.939693, 0.816781, 0.0, 1.0, 0.0, 0.763972, 0.0, 0.0, 0.0, 1.0],
                [-0.900386, 0.0, 0.435092, -5e-06, 0.435092, 0.0, 0.900386, 0.858526, 0.0, 1.0, 0.0, 0.763972, 0.0, 0.0, 0.0, 1.0],
                [-0.85226, 0.0, 0.523117, -5e-06, 0.523117, 0.0, 0.85226, 0.898846, 0.0, 1.0, 0.0, 0.763972, 0.0, 0.0, 0.0, 1.0],
                [-0.795358, 0.0, 0.606139, -5e-06, 0.606139, 0.0, 0.795358, 0.937738, 0.0, 1.0, 0.0, 0.763972, 0.0, 0.0, 0.0, 1.0],
                [-0.729589, 0.0, 0.683885, -5e-06, 0.683885, 0.0, 0.729589, 0.975199, 0.0, 1.0, 0.0, 0.763972, 0.0, 0.0, 0.0, 1.0],
                [-0.654835, 0.0, 0.755771, -5e-06, 0.755771, 0.0, 0.654835, 1.011226, 0.0, 1.0, 0.0, 0.763972, 0.0, 0.0, 0.0, 1.0],
                [-0.571054, 0.0, 0.820912, -5e-06, 0.820912, 0.0, 0.571054, 1.045817, 0.0, 1.0, 0.0, 0.763972, 0.0, 0.0, 0.0, 1.0],
                [-0.478382, 0.0, 0.878152, -5e-06, 0.878152, 0.0, 0.478382, 1.078968, 0.0, 1.0, 0.0, 0.763972, 0.0, 0.0, 0.0, 1.0],
                [-0.377242, 0.0, 0.926115, -5e-06, 0.926115, 0.0, 0.377242, 1.110677, 0.0, 1.0, 0.0, 0.763972, 0.0, 0.0, 0.0, 1.0],
                [-0.268437, 0.0, 0.963297, -5e-06, 0.963297, 0.0, 0.268437, 1.14094, 0.0, 1.0, 0.0, 0.763972, 0.0, 0.0, 0.0, 1.0],
                [-0.153231, 0.0, 0.98819, -5e-06, 0.98819, 0.0, 0.153231, 1.169756, 0.0, 1.0, 0.0, 0.763972, 0.0, 0.0, 0.0, 1.0],
                [-0.033384, 0.0, 0.999443, -5e-06, 0.999443, 0.0, 0.033384, 1.19712, 0.0, 1.0, 0.0, 0.763972, 0.0, 0.0, 0.0, 1.0],
                [0.088865, 0.0, 0.996044, -5e-06, 0.996044, 0.0, -0.088865, 1.22303, 0.0, 1.0, 0.0, 0.763972, 0.0, 0.0, 0.0, 1.0],
                [0.210894, 0.0, 0.977509, -5e-06, 0.977509, 0.0, -0.210894, 1.247484, 0.0, 1.0, 0.0, 0.763972, 0.0, 0.0, 0.0, 1.0],
                [0.329859, 0.0, 0.94403, -5e-06, 0.94403, 0.0, -0.329859, 1.270478, 0.0, 1.0, 0.0, 0.763972, 0.0, 0.0, 0.0, 1.0],
                [0.442924, 0.0, 0.896559, -5e-06, 0.896559, 0.0, -0.442924, 1.292009, 0.0, 1.0, 0.0, 0.763972, 0.0, 0.0, 0.0, 1.0],
                [0.547509, 0.0, 0.8368, -5e-06, 0.8368, 0.0, -0.547509, 1.312075, 0.0, 1.0, 0.0, 0.763972, 0.0, 0.0, 0.0, 1.0],
                [0.641524, 0.0, 0.767103, -5e-06, 0.767103, 0.0, -0.641524, 1.330673, 0.0, 1.0, 0.0, 0.763972, 0.0, 0.0, 0.0, 1.0],
                [0.723547, 0.0, 0.690276, -5e-06, 0.690276, 0.0, -0.723547, 1.347799, 0.0, 1.0, 0.0, 0.763972, 0.0, 0.0, 0.0, 1.0],
                [0.7929, 0.0, 0.609351, -5e-06, 0.609351, 0.0, -0.7929, 1.363451, 0.0, 1.0, 0.0, 0.763972, 0.0, 0.0, 0.0, 1.0],
                [0.849647, 0.0, 0.527351, -5e-06, 0.527351, 0.0, -0.849647, 1.377626, 0.0, 1.0, 0.0, 0.763972, 0.0, 0.0, 0.0, 1.0],
                [0.89449, 0.0, 0.447089, -5e-06, 0.447089, 0.0, -0.89449, 1.390321, 0.0, 1.0, 0.0, 0.763972, 0.0, 0.0, 0.0, 1.0],
                [0.92862, 0.0, 0.371031, -5e-06, 0.371031, 0.0, -0.92862, 1.401534, 0.0, 1.0, 0.0, 0.763972, 0.0, 0.0, 0.0, 1.0],
                [0.953548, 0.0, 0.301242, -5e-06, 0.301242, 0.0, -0.953548, 1.411261, 0.0, 1.0, 0.0, 0.763972, 0.0, 0.0, 0.0, 1.0],
                [0.970926, 0.0, 0.239379, -5e-06, 0.239379, 0.0, -0.970926, 1.419499, 0.0, 1.0, 0.0, 0.763972, 0.0, 0.0, 0.0, 1.0],
                [0.982408, 0.0, 0.186745, -5e-06, 0.186745, 0.0, -0.982408, 1.426246, 0.0, 1.0, 0.0, 0.763972, 0.0, 0.0, 0.0, 1.0],
                [0.989523, 0.0, 0.144375, -5e-06, 0.144375, 0.0, -0.989523, 1.431499, 0.0, 1.0, 0.0, 0.763972, 0.0, 0.0, 0.0, 1.0],
                [0.99358, 0.0, 0.113129, -5e-06, 0.113129, 0.0, -0.99358, 1.435254, 0.0, 1.0, 0.0, 0.763972, 0.0, 0.0, 0.0, 1.0],
                [0.995592, 0.0, 0.09379, -5e-06, 0.09379, 0.0, -0.995592, 1.43751, 0.0, 1.0, 0.0, 0.763972, 0.0, 0.0, 0.0, 1.0],
                [0.996195, 0.0, 0.087156, -5e-06, 0.087156, 0.0, -0.996195, 1.438262, 0.0, 1.0, 0.0, 0.763972, 0.0, 0.0, 0.0, 1.0],
                [0.996195, 0.0, 0.087156, -5e-06, 0.087156, 0.0, -0.996195, 1.438262, 0.0, 1.0, 0.0, 0.763972, 0.0, 0.0, 0.0, 1.0],
                [0.996195, 0.0, 0.087156, -5e-06, 0.087156, 0.0, -0.996195, 1.438262, 0.0, 1.0, 0.0, 0.763972, 0.0, 0.0, 0.0, 1.0],
                [0.996195, 0.0, 0.087156, -5e-06, 0.087156, 0.0, -0.996195, 1.438262, 0.0, 1.0, 0.0, 0.763972, 0.0, 0.0, 0.0, 1.0],
                [0.996195, 0.0, 0.087156, -5e-06, 0.087156, 0.0, -0.996195, 1.438262, 0.0, 1.0, 0.0, 0.763972, 0.0, 0.0, 0.0, 1.0],
                [0.996195, 0.0, 0.087156, -5e-06, 0.087156, 0.0, -0.996195, 1.438262, 0.0, 1.0, 0.0, 0.763972, 0.0, 0.0, 0.0, 1.0],
                [0.996195, 0.0, 0.087156, -5e-06, 0.087156, 0.0, -0.996195, 1.438262, 0.0, 1.0, 0.0, 0.763972, 0.0, 0.0, 0.0, 1.0],
                [0.996195, 0.0, 0.087156, -5e-06, 0.087156, 0.0, -0.996195, 1.438262, 0.0, 1.0, 0.0, 0.763972, 0.0, 0.0, 0.0, 1.0],
                [0.996195, 0.0, 0.087156, -5e-06, 0.087156, 0.0, -0.996195, 1.438262, 0.0, 1.0, 0.0, 0.763972, 0.0, 0.0, 0.0, 1.0],
                [0.996195, 0.0, 0.087156, -5e-06, 0.087156, 0.0, -0.996195, 1.438262, 0.0, 1.0, 0.0, 0.763972, 0.0, 0.0, 0.0, 1.0],
                [0.996195, 0.0, 0.087156, -5e-06, 0.087156, 0.0, -0.996195, 1.438262, 0.0, 1.0, 0.0, 0.763972, 0.0, 0.0, 0.0, 1.0],
                [0.996195, 0.0, 0.087156, -5e-06, 0.087156, 0.0, -0.996195, 1.438262, 0.0, 1.0, 0.0, 0.763972, 0.0, 0.0, 0.0, 1.0],
                [0.996195, 0.0, 0.087156, -5e-06, 0.087156, 0.0, -0.996195, 1.438262, 0.0, 1.0, 0.0, 0.763972, 0.0, 0.0, 0.0, 1.0],
                [0.996195, 0.0, 0.087156, -5e-06, 0.087156, 0.0, -0.996195, 1.438262, 0.0, 1.0, 0.0, 0.763972, 0.0, 0.0, 0.0, 1.0],
                [0.996195, 0.0, 0.087156, -5e-06, 0.087156, 0.0, -0.996195, 1.438262, 0.0, 1.0, 0.0, 0.763972, 0.0, 0.0, 0.0, 1.0],
                [0.996195, 0.0, 0.087156, -5e-06, 0.087156, 0.0, -0.996195, 1.438262, 0.0, 1.0, 0.0, 0.763972, 0.0, 0.0, 0.0, 1.0],
                [0.996195, 0.0, 0.087156, -5e-06, 0.087156, 0.0, -0.996195, 1.438262, 0.0, 1.0, 0.0, 0.763972, 0.0, 0.0, 0.0, 1.0],
                [0.996195, 0.0, 0.087156, -5e-06, 0.087156, 0.0, -0.996195, 1.438262, 0.0, 1.0, 0.0, 0.763972, 0.0, 0.0, 0.0, 1.0],
                [0.996195, 0.0, 0.087156, -5e-06, 0.087156, 0.0, -0.996195, 1.438262, 0.0, 1.0, 0.0, 0.763972, 0.0, 0.0, 0.0, 1.0],
                [0.996195, 0.0, 0.087156, -5e-06, 0.087156, 0.0, -0.996195, 1.438262, 0.0, 1.0, 0.0, 0.763972, 0.0, 0.0, 0.0, 1.0],
                [0.996195, 0.0, 0.087156, -5e-06, 0.087156, 0.0, -0.996195, 1.438262, 0.0, 1.0, 0.0, 0.763972, 0.0, 0.0, 0.0, 1.0],
                [0.996195, 0.0, 0.087156, -5e-06, 0.087156, 0.0, -0.996195, 1.438262, 0.0, 1.0, 0.0, 0.763972, 0.0, 0.0, 0.0, 1.0],
                [0.996195, 0.0, 0.087156, -5e-06, 0.087156, 0.0, -0.996195, 1.438262, 0.0, 1.0, 0.0, 0.763972, 0.0, 0.0, 0.0, 1.0],
                [0.996195, 0.0, 0.087156, -5e-06, 0.087156, 0.0, -0.996195, 1.438262, 0.0, 1.0, 0.0, 0.763972, 0.0, 0.0, 0.0, 1.0],
                [0.996195, 0.0, 0.087156, -5e-06, 0.087156, 0.0, -0.996195, 1.438262, 0.0, 1.0, 0.0, 0.763972, 0.0, 0.0, 0.0, 1.0],
                [0.996195, 0.0, 0.087156, -5e-06, 0.087156, 0.0, -0.996195, 1.438262, 0.0, 1.0, 0.0, 0.763972, 0.0, 0.0, 0.0, 1.0],
                [0.996195, 0.0, 0.087156, -5e-06, 0.087156, 0.0, -0.996195, 1.438262, 0.0, 1.0, 0.0, 0.763972, 0.0, 0.0, 0.0, 1.0],
                [0.996195, 0.0, 0.087156, -5e-06, 0.087156, 0.0, -0.996195, 1.438262, 0.0, 1.0, 0.0, 0.763972, 0.0, 0.0, 0.0, 1.0],
                [0.996195, 0.0, 0.087156, -5e-06, 0.087156, 0.0, -0.996195, 1.438262, 0.0, 1.0, 0.0, 0.763972, 0.0, 0.0, 0.0, 1.0],
                [0.996195, 0.0, 0.087156, -5e-06, 0.087156, 0.0, -0.996195, 1.438262, 0.0, 1.0, 0.0, 0.763972, 0.0, 0.0, 0.0, 1.0],
                [0.996195, 0.0, 0.087156, -5e-06, 0.087156, 0.0, -0.996195, 1.438262, 0.0, 1.0, 0.0, 0.763972, 0.0, 0.0, 0.0, 1.0],
                [0.996195, 0.0, 0.087156, -5e-06, 0.087156, 0.0, -0.996195, 1.438262, 0.0, 1.0, 0.0, 0.763972, 0.0, 0.0, 0.0, 1.0],
                [0.996195, 0.0, 0.087156, -5e-06, 0.087156, 0.0, -0.996195, 1.438262, 0.0, 1.0, 0.0, 0.763972, 0.0, 0.0, 0.0, 1.0],
                [0.996195, 0.0, 0.087156, -5e-06, 0.087156, 0.0, -0.996195, 1.438262, 0.0, 1.0, 0.0, 0.763972, 0.0, 0.0, 0.0, 1.0],
                [0.996195, 0.0, 0.087156, -5e-06, 0.087156, 0.0, -0.996195, 1.438262, 0.0, 1.0, 0.0, 0.763972, 0.0, 0.0, 0.0, 1.0],
                [0.996195, 0.0, 0.087156, -5e-06, 0.087156, 0.0, -0.996195, 1.438262, 0.0, 1.0, 0.0, 0.763972, 0.0, 0.0, 0.0, 1.0],
                [0.996195, 0.0, 0.087156, -5e-06, 0.087156, 0.0, -0.996195, 1.438262, 0.0, 1.0, 0.0, 0.763972, 0.0, 0.0, 0.0, 1.0],
                [0.996195, 0.0, 0.087156, -5e-06, 0.087156, 0.0, -0.996195, 1.438262, 0.0, 1.0, 0.0, 0.763972, 0.0, 0.0, 0.0, 1.0],
                [0.996195, 0.0, 0.087156, -5e-06, 0.087156, 0.0, -0.996195, 1.438262, 0.0, 1.0, 0.0, 0.763972, 0.0, 0.0, 0.0, 1.0],
                [0.996195, 0.0, 0.087156, -5e-06, 0.087156, 0.0, -0.996195, 1.438262, 0.0, 1.0, 0.0, 0.763972, 0.0, 0.0, 0.0, 1.0],
                [0.996195, 0.0, 0.087156, -5e-06, 0.087156, 0.0, -0.996195, 1.438262, 0.0, 1.0, 0.0, 0.763972, 0.0, 0.0, 0.0, 1.0],
                [0.996195, 0.0, 0.087156, -5e-06, 0.087156, 0.0, -0.996195, 1.438262, 0.0, 1.0, 0.0, 0.763972, 0.0, 0.0, 0.0, 1.0],
                [0.996195, 0.0, 0.087156, -5e-06, 0.087156, 0.0, -0.996195, 1.438262, 0.0, 1.0, 0.0, 0.763972, 0.0, 0.0, 0.0, 1.0],
                [0.996195, 0.0, 0.087156, -5e-06, 0.087156, 0.0, -0.996195, 1.438262, 0.0, 1.0, 0.0, 0.763972, 0.0, 0.0, 0.0, 1.0],
                [0.996195, 0.0, 0.087156, -5e-06, 0.087156, 0.0, -0.996195, 1.438262, 0.0, 1.0, 0.0, 0.763972, 0.0, 0.0, 0.0, 1.0],
                [0.996305, 0.0, 0.085889, -5e-06, 0.085889, 0.0, -0.996305, 1.429219, 0.0, 1.0, 0.0, 0.763972, 0.0, 0.0, 0.0, 1.0],
                [0.996604, 0.0, 0.082341, -5e-06, 0.082341, 0.0, -0.996604, 1.403305, 0.0, 1.0, 0.0, 0.763972, 0.0, 0.0, 0.0, 1.0],
                [0.99704, 0.0, 0.076889, -5e-06, 0.076889, 0.0, -0.99704, 1.362338, 0.0, 1.0, 0.0, 0.763972, 0.0, 0.0, 0.0, 1.0],
                [0.997553, 0.0, 0.069911, -5e-06, 0.069911, 0.0, -0.997553, 1.308138, 0.0, 1.0, 0.0, 0.763972, 0.0, 0.0, 0.0, 1.0],
                [0.998089, 0.0, 0.061787, -5e-06, 0.061787, 0.0, -0.998089, 1.242525, 0.0, 1.0, 0.0, 0.763972, 0.0, 0.0, 0.0, 1.0],
                [0.9986, 0.0, 0.052896, -5e-06, 0.052896, 0.0, -0.9986, 1.16732, 0.0, 1.0, 0.0, 0.763972, 0.0, 0.0, 0.0, 1.0],
                [0.999048, 0.0, 0.043619, -5e-06, 0.043619, 0.0, -0.999048, 1.08434, 0.0, 1.0, 0.0, 0.763972, 0.0, 0.0, 0.0, 1.0],
                [0.99941, 0.0, 0.034339, -5e-06, 0.034339, 0.0, -0.99941, 0.995408, 0.0, 1.0, 0.0, 0.763972, 0.0, 0.0, 0.0, 1.0],
                [0.999676, 0.0, 0.025437, -5e-06, 0.025437, 0.0, -0.999676, 0.902341, 0.0, 1.0, 0.0, 0.763972, 0.0, 0.0, 0.0, 1.0],
                [0.99985, 0.0, 0.017297, -5e-06, 0.017297, 0.0, -0.99985, 0.80696, 0.0, 1.0, 0.0, 0.763972, 0.0, 0.0, 0.0, 1.0],
                [0.999947, 0.0, 0.010302, -5e-06, 0.010302, 0.0, -0.999947, 0.711085, 0.0, 1.0, 0.0, 0.763972, 0.0, 0.0, 0.0, 1.0],
                [0.999988, 0.0, 0.004833, -5e-06, 0.004833, 0.0, -0.999988, 0.616535, 0.0, 1.0, 0.0, 0.763972, 0.0, 0.0, 0.0, 1.0],
                [0.999999, 0.0, 0.001272, -5e-06, 0.001272, 0.0, -0.999999, 0.525129, 0.0, 1.0, 0.0, 0.763972, 0.0, 0.0, 0.0, 1.0],
                [1.0, 0.0, -0.0, -5e-06, -0.0, 0.0, -1.0, 0.438689, 0.0, 1.0, 0.0, 0.763972, 0.0, 0.0, 0.0, 1.0],
                [1.0, 0.0, -0.0, -5e-06, -0.0, 0.0, -1.0, 0.359033, 0.0, 1.0, 0.0, 0.763972, 0.0, 0.0, 0.0, 1.0],
                [1.0, 0.0, -0.0, -5e-06, -0.0, 0.0, -1.0, 0.287982, 0.0, 1.0, 0.0, 0.763972, 0.0, 0.0, 0.0, 1.0],
                [1.0, 0.0, -0.0, -5e-06, -0.0, 0.0, -1.0, 0.227354, 0.0, 1.0, 0.0, 0.763972, 0.0, 0.0, 0.0, 1.0],
                [1.0, 0.0, -0.0, -5e-06, -0.0, 0.0, -1.0, 0.17897, 0.0, 1.0, 0.0, 0.763972, 0.0, 0.0, 0.0, 1.0],
                [1.0, 0.0, -0.0, -5e-06, -0.0, 0.0, -1.0, 0.14465, 0.0, 1.0, 0.0, 0.763972, 0.0, 0.0, 0.0, 1.0],
                [1.0, 0.0, -0.0, -5e-06, -0.0, 0.0, -1.0, 0.126212, 0.0, 1.0, 0.0, 0.763972, 0.0, 0.0, 0.0, 1.0],
                [1.0, 0.0, -0.0, -5e-06, -0.0, 0.0, -1.0, 0.116581, 0.0, 1.0, 0.0, 0.763972, 0.0, 0.0, 0.0, 1.0],
                [1.0, 0.0, -0.0, -5e-06, -0.0, 0.0, -1.0, 0.107457, 0.0, 1.0, 0.0, 0.763972, 0.0, 0.0, 0.0, 1.0],
                [1.0, 0.0, -0.0, -5e-06, -0.0, 0.0, -1.0, 0.098826, 0.0, 1.0, 0.0, 0.763972, 0.0, 0.0, 0.0, 1.0],
                [1.0, 0.0, -0.0, -5e-06, -0.0, 0.0, -1.0, 0.090675, 0.0, 1.0, 0.0, 0.763972, 0.0, 0.0, 0.0, 1.0],
                [1.0, 0.0, -0.0, -5e-06, -0.0, 0.0, -1.0, 0.08299, 0.0, 1.0, 0.0, 0.763972, 0.0, 0.0, 0.0, 1.0],
                [1.0, 0.0, -0.0, -5e-06, -0.0, 0.0, -1.0, 0.075757, 0.0, 1.0, 0.0, 0.763972, 0.0, 0.0, 0.0, 1.0],
                [1.0, 0.0, -0.0, -5e-06, -0.0, 0.0, -1.0, 0.068962, 0.0, 1.0, 0.0, 0.763972, 0.0, 0.0, 0.0, 1.0],
                [1.0, 0.0, -0.0, -5e-06, -0.0, 0.0, -1.0, 0.062592, 0.0, 1.0, 0.0, 0.763972, 0.0, 0.0, 0.0, 1.0],
                [1.0, 0.0, -0.0, -5e-06, -0.0, 0.0, -1.0, 0.056633, 0.0, 1.0, 0.0, 0.763972, 0.0, 0.0, 0.0, 1.0],
                [1.0, 0.0, -0.0, -5e-06, -0.0, 0.0, -1.0, 0.051071, 0.0, 1.0, 0.0, 0.763972, 0.0, 0.0, 0.0, 1.0],
                [1.0, 0.0, -0.0, -5e-06, -0.0, 0.0, -1.0, 0.045893, 0.0, 1.0, 0.0, 0.763972, 0.0, 0.0, 0.0, 1.0],
                [1.0, 0.0, -0.0, -5e-06, -0.0, 0.0, -1.0, 0.041084, 0.0, 1.0, 0.0, 0.763972, 0.0, 0.0, 0.0, 1.0],
                [1.0, 0.0, -0.0, -5e-06, -0.0, 0.0, -1.0, 0.036632, 0.0, 1.0, 0.0, 0.763972, 0.0, 0.0, 0.0, 1.0],
                [1.0, 0.0, -0.0, -5e-06, -0.0, 0.0, -1.0, 0.032522, 0.0, 1.0, 0.0, 0.763972, 0.0, 0.0, 0.0, 1.0],
                [1.0, 0.0, -0.0, -5e-06, -0.0, 0.0, -1.0, 0.028741, 0.0, 1.0, 0.0, 0.763972, 0.0, 0.0, 0.0, 1.0],
                [1.0, 0.0, -0.0, -5e-06, -0.0, 0.0, -1.0, 0.025275, 0.0, 1.0, 0.0, 0.763972, 0.0, 0.0, 0.0, 1.0],
                [1.0, 0.0, -0.0, -5e-06, -0.0, 0.0, -1.0, 0.02211, 0.0, 1.0, 0.0, 0.763972, 0.0, 0.0, 0.0, 1.0],
                [1.0, 0.0, -0.0, -5e-06, -0.0, 0.0, -1.0, 0.019233, 0.0, 1.0, 0.0, 0.763972, 0.0, 0.0, 0.0, 1.0],
                [1.0, 0.0, -0.0, -5e-06, -0.0, 0.0, -1.0, 0.016629, 0.0, 1.0, 0.0, 0.763972, 0.0, 0.0, 0.0, 1.0],
                [1.0, 0.0, -0.0, -5e-06, -0.0, 0.0, -1.0, 0.014286, 0.0, 1.0, 0.0, 0.763972, 0.0, 0.0, 0.0, 1.0],
                [1.0, 0.0, -0.0, -5e-06, -0.0, 0.0, -1.0, 0.012189, 0.0, 1.0, 0.0, 0.763972, 0.0, 0.0, 0.0, 1.0],
                [1.0, 0.0, -0.0, -5e-06, -0.0, 0.0, -1.0, 0.010325, 0.0, 1.0, 0.0, 0.763972, 0.0, 0.0, 0.0, 1.0],
                [1.0, 0.0, -0.0, -5e-06, -0.0, 0.0, -1.0, 0.00868, 0.0, 1.0, 0.0, 0.763972, 0.0, 0.0, 0.0, 1.0],
                [1.0, 0.0, -0.0, -5e-06, -0.0, 0.0, -1.0, 0.00724, 0.0, 1.0, 0.0, 0.763972, 0.0, 0.0, 0.0, 1.0],
                [1.0, 0.0, -0.0, -5e-06, -0.0, 0.0, -1.0, 0.005991, 0.0, 1.0, 0.0, 0.763972, 0.0, 0.0, 0.0, 1.0],
                [1.0, 0.0, -0.0, -5e-06, -0.0, 0.0, -1.0, 0.00492, 0.0, 1.0, 0.0, 0.763972, 0.0, 0.0, 0.0, 1.0],
                [1.0, 0.0, -0.0, -5e-06, -0.0, 0.0, -1.0, 0.004014, 0.0, 1.0, 0.0, 0.763972, 0.0, 0.0, 0.0, 1.0],
                [1.0, 0.0, -0.0, -5e-06, -0.0, 0.0, -1.0, 0.003258, 0.0, 1.0, 0.0, 0.763972, 0.0, 0.0, 0.0, 1.0],
                [1.0, 0.0, -0.0, -5e-06, -0.0, 0.0, -1.0, 0.002638, 0.0, 1.0, 0.0, 0.763972, 0.0, 0.0, 0.0, 1.0],
                [1.0, 0.0, -0.0, -5e-06, -0.0, 0.0, -1.0, 0.002142, 0.0, 1.0, 0.0, 0.763972, 0.0, 0.0, 0.0, 1.0],
                [1.0, 0.0, -0.0, -5e-06, -0.0, 0.0, -1.0, 0.001754, 0.0, 1.0, 0.0, 0.763972, 0.0, 0.0, 0.0, 1.0],
                [1.0, 0.0, -0.0, -5e-06, -0.0, 0.0, -1.0, 0.001462, 0.0, 1.0, 0.0, 0.763972, 0.0, 0.0, 0.0, 1.0],
                [1.0, 0.0, -0.0, -5e-06, -0.0, 0.0, -1.0, 0.001252, 0.0, 1.0, 0.0, 0.763972, 0.0, 0.0, 0.0, 1.0],
                [1.0, 0.0, -0.0, -5e-06, -0.0, 0.0, -1.0, 0.001111, 0.0, 1.0, 0.0, 0.763972, 0.0, 0.0, 0.0, 1.0],
                [1.0, 0.0, -0.0, -5e-06, -0.0, 0.0, -1.0, 0.001023, 0.0, 1.0, 0.0, 0.763972, 0.0, 0.0, 0.0, 1.0],
                [1.0, 0.0, -0.0, -5e-06, -0.0, 0.0, -1.0, 0.000976, 0.0, 1.0, 0.0, 0.763972, 0.0, 0.0, 0.0, 1.0],
                [1.0, 0.0, -0.0, -5e-06, -0.0, 0.0, -1.0, 0.000956, 0.0, 1.0, 0.0, 0.763972, 0.0, 0.0, 0.0, 1.0],
                [1.0, 0.0, -0.0, -5e-06, -0.0, 0.0, -1.0, 0.00095, 0.0, 1.0, 0.0, 0.763972, 0.0, 0.0, 0.0, 1.0],
                [0.999995, 0.0, -0.003158, -5e-06, -0.003158, 0.0, -0.999995, 0.000946, 0.0, 1.0, 0.0, 0.763972, 0.0, 0.0, 0.0, 1.0],
                [0.999924, 0.0, -0.012338, -5e-06, -0.012338, 0.0, -0.999924, 0.000946, 0.0, 1.0, 0.0, 0.763972, 0.0, 0.0, 0.0, 1.0],
                [0.999633, 0.0, -0.027106, -5e-06, -0.027106, 0.0, -0.999633, 0.000946, 0.0, 1.0, 0.0, 0.763972, 0.0, 0.0, 0.0, 1.0],
                [0.998893, 0.0, -0.047039, -5e-06, -0.047039, 0.0, -0.998893, 0.000946, 0.0, 1.0, 0.0, 0.763972, 0.0, 0.0, 0.0, 1.0],
                [0.997426, 0.0, -0.071707, -5e-06, -0.071707, 0.0, -0.997426, 0.000946, 0.0, 1.0, 0.0, 0.763972, 0.0, 0.0, 0.0, 1.0],
                [0.994921, 0.0, -0.100662, -5e-06, -0.100662, 0.0, -0.994921, 0.000946, 0.0, 1.0, 0.0, 0.763972, 0.0, 0.0, 0.0, 1.0],
                [0.991058, 0.0, -0.133431, -5e-06, -0.133431, 0.0, -0.991058, 0.000946, 0.0, 1.0, 0.0, 0.763972, 0.0, 0.0, 0.0, 1.0],
                [0.985529, 0.0, -0.169505, -5e-06, -0.169505, 0.0, -0.985529, 0.000946, 0.0, 1.0, 0.0, 0.763972, 0.0, 0.0, 0.0, 1.0],
                [0.978057, 0.0, -0.208337, -5e-06, -0.208337, 0.0, -0.978057, 0.000946, 0.0, 1.0, 0.0, 0.763972, 0.0, 0.0, 0.0, 1.0],
                [0.968415, 0.0, -0.249344, -5e-06, -0.249344, 0.0, -0.968415, 0.000946, 0.0, 1.0, 0.0, 0.763972, 0.0, 0.0, 0.0, 1.0],
                [0.956445, 0.0, -0.291912, -5e-06, -0.291912, 0.0, -0.956445, 0.000946, 0.0, 1.0, 0.0, 0.763972, 0.0, 0.0, 0.0, 1.0],
                [0.942074, 0.0, -0.335406, -5e-06, -0.335406, 0.0, -0.942074, 0.000946, 0.0, 1.0, 0.0, 0.763972, 0.0, 0.0, 0.0, 1.0],
                [0.925321, 0.0, -0.379186, -5e-06, -0.379186, 0.0, -0.925321, 0.000946, 0.0, 1.0, 0.0, 0.763972, 0.0, 0.0, 0.0, 1.0],
                [0.906308, 0.0, -0.422618, -5e-06, -0.422618, 0.0, -0.906308, 0.000946, 0.0, 1.0, 0.0, 0.763972, 0.0, 0.0, 0.0, 1.0],
                [0.885258, 0.0, -0.465101, -5e-06, -0.465101, 0.0, -0.885258, 0.000946, 0.0, 1.0, 0.0, 0.763972, 0.0, 0.0, 0.0, 1.0],
                [0.862489, 0.0, -0.506075, -5e-06, -0.506075, 0.0, -0.862489, 0.000946, 0.0, 1.0, 0.0, 0.763972, 0.0, 0.0, 0.0, 1.0],
                [0.838409, 0.0, -0.545042, -5e-06, -0.545042, 0.0, -0.838409, 0.000946, 0.0, 1.0, 0.0, 0.763972, 0.0, 0.0, 0.0, 1.0],
                [0.813494, 0.0, -0.581574, -5e-06, -0.581574, 0.0, -0.813494, 0.000946, 0.0, 1.0, 0.0, 0.763972, 0.0, 0.0, 0.0, 1.0],
                [0.788278, 0.0, -0.615319, -5e-06, -0.615319, 0.0, -0.788278, 0.000946, 0.0, 1.0, 0.0, 0.763972, 0.0, 0.0, 0.0, 1.0],
                [0.763334, 0.0, -0.646004, -5e-06, -0.646004, 0.0, -0.763334, 0.000946, 0.0, 1.0, 0.0, 0.763972, 0.0, 0.0, 0.0, 1.0],
                [0.739254, 0.0, -0.673427, -5e-06, -0.673427, 0.0, -0.739254, 0.000946, 0.0, 1.0, 0.0, 0.763972, 0.0, 0.0, 0.0, 1.0],
                [0.716634, 0.0, -0.697449, -5e-06, -0.697449, 0.0, -0.716634, 0.000946, 0.0, 1.0, 0.0, 0.763972, 0.0, 0.0, 0.0, 1.0],
                [0.696063, 0.0, -0.71798, -5e-06, -0.71798, 0.0, -0.696063, 0.000946, 0.0, 1.0, 0.0, 0.763972, 0.0, 0.0, 0.0, 1.0],
                [0.67811, 0.0, -0.73496, -5e-06, -0.73496, 0.0, -0.67811, 0.000946, 0.0, 1.0, 0.0, 0.763972, 0.0, 0.0, 0.0, 1.0],
                [0.663316, 0.0, -0.74834, -5e-06, -0.74834, 0.0, -0.663316, 0.000946, 0.0, 1.0, 0.0, 0.763972, 0.0, 0.0, 0.0, 1.0],
                [0.65219, 0.0, -0.758056, -5e-06, -0.758056, 0.0, -0.65219, 0.000946, 0.0, 1.0, 0.0, 0.763972, 0.0, 0.0, 0.0, 1.0],
                [0.645204, 0.0, -0.764011, -5e-06, -0.764011, 0.0, -0.645204, 0.000946, 0.0, 1.0, 0.0, 0.763972, 0.0, 0.0, 0.0, 1.0],
                [0.642788, 0.0, -0.766045, -5e-06, -0.766045, 0.0, -0.642788, 0.000946, 0.0, 1.0, 0.0, 0.763972, 0.0, 0.0, 0.0, 1.0]
            ]
        },
        {
            "name": "Thigh_R",
            "time": [0.0, 0.0167, 0.0333, 0.05, 0.0667, 0.0833, 0.1, 0.1167, 0.1333, 0.15, 0.1667, 0.1833, 0.2, 0.2167, 0.2333, 0.25, 0.2667, 0.2833, 0.3, 0.3167, 0.3333, 0.35, 0.3667, 0.3833, 0.4, 0.4167, 0.4333, 0.45, 0.4667, 0.4833, 0.5, 0.5167, 0.5333, 0.55, 0.5667, 0.5833, 0.6, 0.6167, 0.6333, 0.65, 0.6667, 0.6833, 0.7, 0.7167, 0.7333, 0.75, 0.7667, 0.7833, 0.8, 0.8167, 0.8333, 0.85, 0.8667, 0.8833, 0.9, 0.9167, 0.9333, 0.95, 0.9667, 0.9833, 1.0, 1.0167, 1.0333, 1.05, 1.0667, 1.0833, 1.1, 1.1167, 1.1333, 1.15, 1.1667, 1.1833, 1.2, 1.2167, 1.2333, 1.25, 1.2667, 1.2833, 1.3, 1.3167, 1.3333, 1.35, 1.3667, 1.3833, 1.4, 1.4167, 1.4333, 1.45, 1.4667, 1.4833, 1.5, 1.5167, 1.5333, 1.55, 1.5667, 1.5833, 1.6, 1.6167, 1.6333, 1.65, 1.6667, 1.6833, 1.7, 1.7167, 1.7333, 1.75, 1.7667, 1.7833, 1.8, 1.8167, 1.8333, 1.85, 1.8667, 1.8833, 1.9, 1.9167, 1.9333, 1.95, 1.9667, 1.9833, 2.0, 2.0167, 2.0333, 2.05, 2.0667, 2.0833, 2.1, 2.1167, 2.1333, 2.15, 2.1667, 2.1833, 2.2, 2.2167, 2.2333, 2.25, 2.2667, 2.2833, 2.3, 2.3167, 2.3333, 2.35, 2.3667, 2.3833, 2.4, 2.4167, 2.4333, 2.45, 2.4667, 2.4833, 2.5, 2.5167, 2.5333, 2.55, 2.5667, 2.5833, 2.6, 2.6167, 2.6333, 2.65, 2.6667, 2.6833, 2.7, 2.7167, 2.7333, 2.75, 2.7667, 2.7833, 2.8, 2.8167, 2.8333, 2.85, 2.8667, 2.8833, 2.9, 2.9167, 2.9333, 2.95, 2.9667, 2.9833, 3.0, 3.0167, 3.0333, 3.05, 3.0667],
            "transform": [
                [0.825415, -0.462855, -0.323196, 0.125362, -0.023499, -0.600182, 0.799518, -0.004329, -0.564037, -0.652339, -0.506276, 0.029331, 0.0, 0.0, 0.0, 1.0],
                [0.826305, -0.460267, -0.324614, 0.125362, -0.022426, -0.60278, 0.797592, -0.004329, -0.562776, -0.651774, -0.508403, 0.029331, 0.0, 0.0, 0.0, 1.0],
                [0.828924, -0.452674, -0.32859, 0.125362, -0.019355, -0.610297, 0.791936, -0.004329, -0.559026, -0.650094, -0.514652, 0.029331, 0.0, 0.0, 0.0, 1.0],
                [0.833163, -0.440278, -0.334655, 0.125362, -0.014463, -0.622273, 0.782666, -0.004329, -0.552838, -0.647249, -0.524823, 0.029331, 0.0, 0.0, 0.0, 1.0],
                [0.838884, -0.423229, -0.342274, 0.125362, -0.007879, -0.638196, 0.769834, -0.004329, -0.544254, -0.643104, -0.538706, 0.029331, 0.0, 0.0, 0.0, 1.0],
                [0.845919, -0.401652, -0.350852, 0.125362, 0.000306, -0.657508, 0.753447, -0.004329, -0.533312, -0.637463, -0.556075, 0.029331, 0.0, 0.0, 0.0, 1.0],
                [0.85408, -0.375674, -0.359745, 0.125362, 0.010024, -0.679612, 0.733503, -0.004329, -0.520045, -0.630076, -0.576677, 0.029331, 0.0, 0.0, 0.0, 1.0],
                [0.863159, -0.345451, -0.368268, 0.125362, 0.021224, -0.703873, 0.710008, -0.004329, -0.504487, -0.620666, -0.600222, 0.029331, 0.0, 0.0, 0.0, 1.0],
                [0.872931, -0.311188, -0.375705, 0.125362, 0.033857, -0.729631, 0.683002, -0.004329, -0.486668, -0.608934, -0.626382, 0.029331, 0.0, 0.0, 0.0, 1.0],
                [0.883161, -0.273161, -0.381327, 0.125362, 0.047873, -0.756207, 0.652578, -0.004329, -0.466621, -0.594587, -0.654775, 0.029331, 0.0, 0.0, 0.0, 1.0],
                [0.893604, -0.231734, -0.384409, 0.125362, 0.063207, -0.782921, 0.618902, -0.004329, -0.444383, -0.577351, -0.684974, 0.029331, 0.0, 0.0, 0.0, 1.0],
                [0.904015, -0.187369, -0.384252, 0.125362, 0.079775, -0.809107, 0.582221, -0.004329, -0.419991, -0.55699, -0.716498, 0.029331, 0.0, 0.0, 0.0, 1.0],
                [0.91415, -0.140627, -0.380203, 0.125362, 0.097468, -0.834139, 0.542874, -0.004329, -0.393484, -0.533326, -0.748821, 0.029331, 0.0, 0.0, 0.0, 1.0],
                [0.923773, -0.092166, -0.371683, 0.125362, 0.116147, -0.857448, 0.501291, -0.004329, -0.364901, -0.50625, -0.781382, 0.029331, 0.0, 0.0, 0.0, 1.0],
                [0.932663, -0.042733, -0.358209, 0.125362, 0.135646, -0.878549, 0.457987, -0.004329, -0.334275, -0.475737, -0.813593, 0.029331, 0.0, 0.0, 0.0, 1.0],
                [0.940615, 0.006858, -0.339406, 0.125362, 0.155763, -0.89706, 0.413546, -0.004329, -0.301632, -0.441855, -0.844857, 0.029331, 0.0, 0.0, 0.0, 1.0],
                [0.947444, 0.055749, -0.315026, 0.125362, 0.176269, -0.912719, 0.368609, -0.004329, -0.266981, -0.404766, -0.874577, 0.029331, 0.0, 0.0, 0.0, 1.0],
                [0.952986, 0.103062, -0.284951, 0.125362, 0.19691, -0.925393, 0.323844, -0.004329, -0.230315, -0.364728, -0.90218, 0.029331, 0.0, 0.0, 0.0, 1.0],
                [0.957091, 0.147926, -0.249189, 0.125362, 0.217405, -0.935082, 0.279923, -0.004329, -0.191605, -0.322086, -0.927118, 0.029331, 0.0, 0.0, 0.0, 1.0],
                [0.959623, 0.189507, -0.207874, 0.125362, 0.237457, -0.941918, 0.237497, -0.004329, -0.150793, -0.277268, -0.948886, 0.029331, 0.0, 0.0, 0.0, 1.0],
                [0.960447, 0.227028, -0.161243, 0.125362, 0.25675, -0.946152, 0.19717, -0.004329, -0.107797, -0.230771, -0.967018, 0.029331, 0.0, 0.0, 0.0, 1.0],
                [0.959424, 0.259786, -0.109624, 0.125362, 0.274952, -0.948139, 0.15948, -0.004329, -0.062508, -0.183151, -0.981096, 0.029331, 0.0, 0.0, 0.0, 1.0],
                [0.95639, 0.287167, -0.053418, 0.125362, 0.291718, -0.948317, 0.124879, -0.004329, -0.014796, -0.135016, -0.990733, 0.029331, 0.0, 0.0, 0.0, 1.0],
                [0.95115, 0.308652, 0.006923, 0.125362, 0.306683, -0.947186, 0.093721, -0.004329, 0.035485, -0.08702, -0.995574, 0.029331, 0.0, 0.0, 0.0, 1.0],
                [0.943459, 0.323817, 0.070908, 0.125362, 0.319463, -0.94528, 0.066255, -0.004329, 0.088482, -0.039856, -0.99528, 0.029331, 0.0, 0.0, 0.0, 1.0],
                [0.933007, 0.332339, 0.138016, 0.125362, 0.329646, -0.943142, 0.042616, -0.004329, 0.144331, 0.005735, -0.989513, 0.029331, 0.0, 0.0, 0.0, 1.0],
                [0.919407, 0.333991, 0.207701, 0.125362, 0.336789, -0.941303, 0.022824, -0.004329, 0.203133, 0.048967, -0.977926, 0.029331, 0.0, 0.0, 0.0, 1.0],
                [0.902182, 0.328646, 0.279391, 0.125362, 0.340414, -0.940251, 0.006779, -0.004329, 0.264925, 0.088993, -0.960154, 0.029331, 0.0, 0.0, 0.0, 1.0],
                [0.886462, 0.299384, 0.352923, 0.125362, 0.323251, -0.946268, -0.009215, -0.004329, 0.331202, 0.122251, -0.935607, 0.029331, 0.0, 0.0, 0.0, 1.0],
                [0.873488, 0.236248, 0.425683, 0.125362, 0.275036, -0.960932, -0.031064, -0.004329, 0.401714, 0.144212, -0.904339, 0.029331, 0.0, 0.0, 0.0, 1.0],
                [0.857051, 0.14969, 0.493007, 0.125362, 0.205534, -0.976764, -0.060731, -0.004329, 0.472461, 0.153379, -0.867903, 0.029331, 0.0, 0.0, 0.0, 1.0],
                [0.83337, 0.051377, 0.550322, 0.125362, 0.125345, -0.987296, -0.097642, -0.004329, 0.538315, 0.150352, -0.829223, 0.029331, 0.0, 0.0, 0.0, 1.0],
                [0.802952, -0.045922, 0.594273, 0.125362, 0.045982, -0.989284, -0.138574, -0.004329, 0.594268, 0.138594, -0.792236, 0.029331, 0.0, 0.0, 0.0, 1.0],
                [0.770892, -0.12969, 0.623623, 0.125362, -0.021226, -0.983739, -0.178342, -0.004329, 0.636612, 0.124246, -0.76111, 0.029331, 0.0, 0.0, 0.0, 1.0],
                [0.745464, -0.188896, 0.639219, 0.125362, -0.06617, -0.975238, -0.211024, -0.004329, 0.663253, 0.115014, -0.739505, 0.029331, 0.0, 0.0, 0.0, 1.0],
                [0.73555, -0.213818, 0.642844, 0.125362, -0.079859, -0.969638, -0.231137, -0.004329, 0.672747, 0.118676, -0.730292, 0.029331, 0.0, 0.0, 0.0, 1.0],
