{
    "armature": {
        "joints": ["Root", "Thigh_R", "Leg_R", "Knee_R", "Thigh_L", "Leg_L", "Knee_L", "Torso", "Chest", "Head", "Shoulder_R", "Arm_R", "Hand_R", "Tool_R", "Elbow_R", "Shoulder_L", "Arm_L", "Hand_L", "Tool_L", "Elbow_L"],
        "hierarchy": [
            {
                "name": "Root",
                "transform": [1.0, 0.0, 0.0, -5e-06, 0.0, 0.0, -1.0, 0.000946, 0.0, 1.0, 0.0, 0.763972, 0.0, 0.0, 0.0, 1.0],
                "children": [
                    {
                        "name": "Thigh_R",
                        "transform": [1.0, -0.0, -0.0, 0.124994, -0.0, -1.0, 0.0, -0.002831, -0.0, -0.0, -1.0, -1.2e-05, 0.0, 0.0, 0.0, 1.0],
                        "children": [
                            {
                                "name": "Leg_R",
                                "transform": [1.0, 0.0, 1e-06, 0.0, -0.0, 1.0, 0.0, 0.37472, -1e-06, -0.0, 1.0, -0.0, 0.0, 0.0, 0.0, 1.0],
                                "children": []
                            },
                            {
                                "name": "Knee_R",
                                "transform": [1.0, 0.0, -0.0, 0.0, -0.0, 0.0, -1.0, 0.37472, -0.0, 1.0, 0.0, -0.0, 0.0, 0.0, 0.0, 1.0],
                                "children": []
                            }
                        ]
                    },
                    {
                        "name": "Thigh_L",
                        "transform": [1.0, -0.0, -0.0, -0.125006, -0.0, -1.0, 0.0, -0.002831, -0.0, -0.0, -1.0, -1.2e-05, 0.0, 0.0, 0.0, 1.0],
                        "children": [
                            {
                                "name": "Leg_L",
                                "transform": [1.0, 0.0, 1e-06, -0.0, -0.0, 1.0, 0.0, 0.37472, -1e-06, -0.0, 1.0, 0.0, 0.0, 0.0, 0.0, 1.0],
                                "children": []
                            },
                            {
                                "name": "Knee_L",
                                "transform": [1.0, 0.0, -0.0, -0.0, -0.0, 0.0, -1.0, 0.37472, -0.0, 1.0, 0.0, 0.0, 0.0, 0.0, 0.0, 1.0],
                                "children": []
                            }
                        ]
                    },
                    {
                        "name": "Torso",
                        "transform": [1.0, 0.0, 0.0, 0.0, 0.0, 1.0, 0.0, 0.05, 0.0, 0.0, 1.0, 0.0, 0.0, 0.0, 0.0, 1.0],
                        "children": [
                            {
                                "name": "Chest",
                                "transform": [1.0, 0.0, 0.0, 0.0, 0.0, 1.0, 0.0, 0.3, 0.0, 0.0, 1.0, 0.0, 0.0, 0.0, 0.0, 1.0],
                                "children": [
                                    {
                                        "name": "Head",
                                        "transform": [1.0, 0.0, 0.0, 0.0, 0.0, 1.0, 0.0, 0.4, 0.0, 0.0, 1.0, 0.0, 0.0, 0.0, 0.0, 1.0],
                                        "children": []
                                    },
                                    {
                                        "name": "Shoulder_R",
                                        "transform": [0.0, 0.952114, 0.305743, 0.0, 0.0, -0.305743, 0.952114, 0.4, 1.0, 0.0, -0.0, 0.0, 0.0, 0.0, 0.0, 1.0],
                                        "children": [
                                            {
                                                "name": "Arm_R",
                                                "transform": [0.0, -0.0, -1.0, -0.0, 0.952114, 0.305743, 0.0, 0.39386, 0.305743, -0.952114, 0.0, 0.0, 0.0, 0.0, 0.0, 1.0],
                                                "children": [
                                                    {
                                                        "name": "Hand_R",
                                                        "transform": [1.0, 0.0, 0.0, 0.0, -0.0, 0.993938, 0.109947, 0.3, -0.0, -0.109947, 0.993937, 0.0, 0.0, 0.0, 0.0, 1.0],
                                                        "children": [
                                                            {
                                                                "name": "Tool_R",
                                                                "transform": [1.0, 0.0, 0.0, -0.0, 0.0, -0.999836, 0.018122, 0.272858, 0.0, -0.018122, -0.999836, 0.0, 0.0, 0.0, 0.0, 1.0],
                                                                "children": []
                                                            }
                                                        ]
                                                    },
                                                    {
                                                        "name": "Elbow_R",
                                                        "transform": [-1.0, 0.0, -0.0, 0.0, 0.0, 0.0, -1.0, 0.3, -0.0, -1.0, -0.0, 0.0, 0.0, 0.0, 0.0, 1.0],
                                                        "children": []
                                                    }
                                                ]
                                            }
                                        ]
                                    },
                                    {
                                        "name": "Shoulder_L",
                                        "transform": [-0.0, -0.952114, -0.305743, 0.0, 0.0, -0.305743, 0.952114, 0.4, -1.0, 0.0, 0.0, 0.0, 0.0, 0.0, 0.0, 1.0],
                                        "children": [
                                            {
                                                "name": "Arm_L",
                                                "transform": [-0.0, -0.0, 1.0, -0.0, -0.952114, 0.305743, -0.0, 0.39386, -0.305743, -0.952114, -0.0, 0.0, 0.0, 0.0, 0.0, 1.0],
                                                "children": [
                                                    {
                                                        "name": "Hand_L",
                                                        "transform": [1.0, -0.0, 0.0, -0.0, 0.0, 0.993937, 0.109947, 0.3, -0.0, -0.109947, 0.993937, 0.0, 0.0, 0.0, 0.0, 1.0],
                                                        "children": [
                                                            {
                                                                "name": "Tool_L",
                                                                "transform": [1.0, 0.0, 0.0, -0.0, -0.0, -0.999836, 0.018122, 0.272858, 0.0, -0.018122, -0.999836, -0.0, 0.0, 0.0, 0.0, 1.0],
                                                                "children": []
                                                            }
                                                        ]
                                                    },
                                                    {
                                                        "name": "Elbow_L",
                                                        "transform": [-1.0, 0.0, -0.0, -0.0, 0.0, -0.0, -1.0, 0.3, -0.0, -1.0, 0.0, 0.0, 0.0, 0.0, 0.0, 1.0],
                                                        "children": []
                                                    }
                                                ]
                                            }
                                        ]
                                    }
                                ]
                            }
                        ]
                    }
                ]
            }
        ]
    },
    "animation": [
        {
            "name": "Root",
            "time": [0.2833, 0.3, 0.3167, 0.3333, 0.35, 0.3667, 0.3833, 0.4, 0.4167, 0.4333, 0.45, 0.4667, 0.4833, 0.5, 0.5167, 0.5333, 0.55, 0.5667, 0.5833, 0.6, 0.6167, 0.6333, 0.65, 0.6667, 0.6833, 0.7, 0.7167, 0.7333, 0.75, 0.7667, 0.7833, 0.8, 0.8167, 0.8333, 0.85, 0.8667, 0.8833, 0.9, 0.9167, 0.9333, 0.95, 0.9667, 0.9833, 1.0, 1.0167, 1.0333, 1.05, 1.0667, 1.0833, 1.1, 1.1167, 1.1333, 1.15, 1.1667, 1.1833, 1.2, 1.2167, 1.2333, 1.25, 1.2667, 1.2833, 1.3, 1.3167, 1.3333, 1.35, 1.3667, 1.3833, 1.4, 1.4167, 1.4333, 1.45, 1.4667, 1.4833, 1.5, 1.5167, 1.5333, 1.55, 1.5667, 1.5833, 1.6, 1.6167, 1.6333, 1.65, 1.6667, 1.6833, 1.7, 1.7167, 1.7333, 1.75, 1.7667, 1.7833, 1.8, 1.8167, 1.8333, 1.85, 1.8667, 1.8833, 1.9, 1.9167, 1.9333, 1.95, 1.9667, 1.9833, 2.0, 2.0167, 2.0333, 2.05, 2.0667, 2.0833, 2.1, 2.1167, 2.1333, 2.15, 2.1667, 2.1833, 2.2, 2.2167, 2.2333, 2.25, 2.2667, 2.2833, 2.3, 2.3167, 2.3333, 2.35, 2.3667, 2.3833, 2.4, 2.4167, 2.4333, 2.45, 2.4667, 2.4833, 2.5, 2.5167, 2.5333, 2.55, 2.5667, 2.5833, 2.6, 2.6167, 2.6333, 2.65, 2.6667, 2.6833, 2.7, 2.7167, 2.7333, 2.75, 2.7667, 2.7833, 2.8, 2.8167, 2.8333, 2.85, 2.8667, 2.8833, 2.9, 2.9167, 2.9333, 0.0, 3.0],
            "transform": [
                [0.707107, 0.0, -0.707107, -5e-06, -0.707107, 0.0, -0.707107, 0.313999, 0.0, 1.0, 0.0, 0.763972, 0.0, 0.0, 0.0, 1.0],
                [0.707107, 0.0, -0.707107, -5e-06, -0.707107, 0.0, -0.707107, 0.313999, 0.0, 1.0, 0.0, 0.763972, 0.0, 0.0, 0.0, 1.0],
                [0.707107, -0.0, -0.707107, -5e-06, -0.707106, 0.001048, -0.707106, 0.31969, 0.000741, 0.999999, 0.000741, 0.763972, 0.0, 0.0, 0.0, 1.0],
                [0.707107, -0.0, -0.707107, -5e-06, -0.707101, 0.00406, -0.707101, 0.336052, 0.002871, 0.999992, 0.002871, 0.763972, 0.0, 0.0, 0.0, 1.0],
                [0.707107, 0.0, -0.707107, -5e-06, -0.707079, 0.008842, -0.707079, 0.362016, 0.006252, 0.999961, 0.006252, 0.763972, 0.0, 0.0, 0.0, 1.0],
                [0.707107, -0.0, -0.707107, -5e-06, -0.707025, 0.015196, -0.707025, 0.396517, 0.010745, 0.999885, 0.010745, 0.763972, 0.0, 0.0, 0.0, 1.0],
                [0.707107, -0.0, -0.707107, -5e-06, -0.706921, 0.022927, -0.706921, 0.438487, 0.016212, 0.999737, 0.016212, 0.763972, 0.0, 0.0, 0.0, 1.0],
                [0.707107, -0.0, -0.707107, -5e-06, -0.706748, 0.031838, -0.706748, 0.486859, 0.022513, 0.999493, 0.022513, 0.763972, 0.0, 0.0, 0.0, 1.0],
                [0.707107, -0.0, -0.707107, -5e-06, -0.706491, 0.041731, -0.706491, 0.540567, 0.029509, 0.999129, 0.029509, 0.763972, 0.0, 0.0, 0.0, 1.0],
                [0.707107, -0.0, -0.707107, -5e-06, -0.706135, 0.052409, -0.706135, 0.598542, 0.037059, 0.998626, 0.037059, 0.763972, 0.0, 0.0, 0.0, 1.0],
                [0.707107, -0.0, -0.707107, -5e-06, -0.705672, 0.063672, -0.705672, 0.659719, 0.045023, 0.997971, 0.045023, 0.763972, 0.0, 0.0, 0.0, 1.0],
                [0.707107, -0.0, -0.707107, -5e-06, -0.705098, 0.07532, -0.705098, 0.72303, 0.05326, 0.997159, 0.05326, 0.763972, 0.0, 0.0, 0.0, 1.0],
                [0.707107, -0.0, -0.707107, -5e-06, -0.704416, 0.087156, -0.704416, 0.787408, 0.061628, 0.996195, 0.061628, 0.763972, 0.0, 0.0, 0.0, 1.0],
                [0.707107, -0.0, -0.707107, -5e-06, -0.703635, 0.098979, -0.703635, 0.851785, 0.069989, 0.99509, 0.069989, 0.763972, 0.0, 0.0, 0.0, 1.0],
                [0.707107, -0.0, -0.707107, -5e-06, -0.702769, 0.110591, -0.702769, 0.915096, 0.0782, 0.993866, 0.0782, 0.763972, 0.0, 0.0, 0.0, 1.0],
                [0.707107, -0.0, -0.707107, -5e-06, -0.701842, 0.121797, -0.701842, 0.976273, 0.086123, 0.992555, 0.086123, 0.763972, 0.0, 0.0, 0.0, 1.0],
                [0.707107, -0.0, -0.707107, -5e-06, -0.700882, 0.132399, -0.700882, 1.034248, 0.093621, 0.991196, 0.093621, 0.763972, 0.0, 0.0, 0.0, 1.0],
                [0.707107, -0.0, -0.707107, -5e-06, -0.69992, 0.142206, -0.699921, 1.087956, 0.100555, 0.989837, 0.100555, 0.763972, 0.0, 0.0, 0.0, 1.0],
                [0.707107, -0.0, -0.707107, -5e-06, -0.698996, 0.151024, -0.698996, 1.136328, 0.10679, 0.98853, 0.10679, 0.763972, 0.0, 0.0, 0.0, 1.0],
                [0.707107, -0.0, -0.707107, -5e-06, -0.69815, 0.158663, -0.69815, 1.178298, 0.112192, 0.987333, 0.112192, 0.763972, 0.0, 0.0, 0.0, 1.0],
                [0.707107, -0.0, -0.707107, -5e-06, -0.697423, 0.164934, -0.697423, 1.212799, 0.116626, 0.986305, 0.116626, 0.763972, 0.0, 0.0, 0.0, 1.0],
                [0.707107, -0.0, -0.707107, -5e-06, -0.696857, 0.169648, -0.696857, 1.238764, 0.119959, 0.985505, 0.119959, 0.763972, 0.0, 0.0, 0.0, 1.0],
                [0.707107, -0.0, -0.707107, -5e-06, -0.696492, 0.172616, -0.696493, 1.255125, 0.122058, 0.984989, 0.122058, 0.763972, 0.0, 0.0, 0.0, 1.0],
                [0.707107, -0.0, -0.707107, -5e-06, -0.696364, 0.173648, -0.696364, 1.260816, 0.122788, 0.984808, 0.122788, 0.763972, 0.0, 0.0, 0.0, 1.0],
                [0.707107, -0.0, -0.707107, -5e-06, -0.696364, 0.173648, -0.696364, 1.260816, 0.122788, 0.984808, 0.122788, 0.763972, 0.0, 0.0, 0.0, 1.0],
                [0.707107, -0.0, -0.707107, -5e-06, -0.696364, 0.173648, -0.696364, 1.260816, 0.122788, 0.984808, 0.122788, 0.763972, 0.0, 0.0, 0.0, 1.0],
                [0.707107, -0.0, -0.707107, -5e-06, -0.696364, 0.173648, -0.696364, 1.260816, 0.122788, 0.984808, 0.122788, 0.763972, 0.0, 0.0, 0.0, 1.0],
                [0.707107, -0.0, -0.707107, -5e-06, -0.696364, 0.173648, -0.696364, 1.260816, 0.122788, 0.984808, 0.122788, 0.763972, 0.0, 0.0, 0.0, 1.0],
                [0.707107, -0.0, -0.707107, -5e-06, -0.696364, 0.173648, -0.696364, 1.260816, 0.122788, 0.984808, 0.122788, 0.763972, 0.0, 0.0, 0.0, 1.0],
                [0.707107, -0.0, -0.707107, -5e-06, -0.696364, 0.173648, -0.696364, 1.260816, 0.122788, 0.984808, 0.122788, 0.763972, 0.0, 0.0, 0.0, 1.0],
                [0.707107, -0.0, -0.707107, -5e-06, -0.696364, 0.173648, -0.696364, 1.260816, 0.122788, 0.984808, 0.122788, 0.763972, 0.0, 0.0, 0.0, 1.0],
                [0.707107, -0.0, -0.707107, -5e-06, -0.696364, 0.173648, -0.696364, 1.260816, 0.122788, 0.984808, 0.122788, 0.763972, 0.0, 0.0, 0.0, 1.0],
                [0.707107, -0.0, -0.707107, -5e-06, -0.696364, 0.173648, -0.696364, 1.260816, 0.122788, 0.984808, 0.122788, 0.763972, 0.0, 0.0, 0.0, 1.0],
                [0.707107, -0.0, -0.707107, -5e-06, -0.696364, 0.173648, -0.696364, 1.260816, 0.122788, 0.984808, 0.122788, 0.763972, 0.0, 0.0, 0.0, 1.0],
                [0.707107, -0.0, -0.707107, -5e-06, -0.696364, 0.173648, -0.696364, 1.260816, 0.122788, 0.984808, 0.122788, 0.763972, 0.0, 0.0, 0.0, 1.0],
                [0.707107, -0.0, -0.707107, -5e-06, -0.696364, 0.173648, -0.696364, 1.260816, 0.122788, 0.984808, 0.122788, 0.763972, 0.0, 0.0, 0.0, 1.0],
                [0.707107, -0.0, -0.707107, -5e-06, -0.696364, 0.173648, -0.696364, 1.260816, 0.122788, 0.984808, 0.122788, 0.763972, 0.0, 0.0, 0.0, 1.0],
                [0.707107, -0.0, -0.707107, -5e-06, -0.696364, 0.173648, -0.696364, 1.260816, 0.122788, 0.984808, 0.122788, 0.763972, 0.0, 0.0, 0.0, 1.0],
                [0.707107, -0.0, -0.707107, -5e-06, -0.696364, 0.173648, -0.696364, 1.260816, 0.122788, 0.984808, 0.122788, 0.763972, 0.0, 0.0, 0.0, 1.0],
                [0.707107, -0.0, -0.707107, -5e-06, -0.696364, 0.173648, -0.696364, 1.260816, 0.122788, 0.984808, 0.122788, 0.763972, 0.0, 0.0, 0.0, 1.0],
                [0.707107, -0.0, -0.707107, -5e-06, -0.696364, 0.173648, -0.696364, 1.260816, 0.122788, 0.984808, 0.122788, 0.763972, 0.0, 0.0, 0.0, 1.0],
                [0.707107, -0.0, -0.707107, -5e-06, -0.696364, 0.173648, -0.696364, 1.260816, 0.122788, 0.984808, 0.122788, 0.763972, 0.0, 0.0, 0.0, 1.0],
                [0.707107, -0.0, -0.707107, -5e-06, -0.696364, 0.173648, -0.696364, 1.260816, 0.122788, 0.984808, 0.122788, 0.763972, 0.0, 0.0, 0.0, 1.0],
                [0.707107, -0.0, -0.707107, -5e-06, -0.696364, 0.173648, -0.696364, 1.260816, 0.122788, 0.984808, 0.122788, 0.763972, 0.0, 0.0, 0.0, 1.0],
                [0.707107, -0.0, -0.707107, -5e-06, -0.696364, 0.173648, -0.696364, 1.260816, 0.122788, 0.984808, 0.122788, 0.763972, 0.0, 0.0, 0.0, 1.0],
                [0.707107, -0.0, -0.707107, -5e-06, -0.696364, 0.173648, -0.696364, 1.260816, 0.122788, 0.984808, 0.122788, 0.763972, 0.0, 0.0, 0.0, 1.0],
                [0.707107, -0.0, -0.707107, -5e-06, -0.696364, 0.173648, -0.696364, 1.260816, 0.122788, 0.984808, 0.122788, 0.763972, 0.0, 0.0, 0.0, 1.0],
                [0.707107, -0.0, -0.707107, -5e-06, -0.696364, 0.173648, -0.696364, 1.260816, 0.122788, 0.984808, 0.122788, 0.763972, 0.0, 0.0, 0.0, 1.0],
                [0.707107, -0.0, -0.707107, -5e-06, -0.696364, 0.173648, -0.696364, 1.260816, 0.122788, 0.984808, 0.122788, 0.763972, 0.0, 0.0, 0.0, 1.0],
                [0.707107, -0.0, -0.707107, -5e-06, -0.696364, 0.173648, -0.696364, 1.260816, 0.122788, 0.984808, 0.122788, 0.763972, 0.0, 0.0, 0.0, 1.0],
                [0.707107, -0.0, -0.707107, -5e-06, -0.696364, 0.173648, -0.696364, 1.260816, 0.122788, 0.984808, 0.122788, 0.763972, 0.0, 0.0, 0.0, 1.0],
                [0.707107, -0.0, -0.707107, -5e-06, -0.696364, 0.173648, -0.696364, 1.260816, 0.122788, 0.984808, 0.122788, 0.763972, 0.0, 0.0, 0.0, 1.0],
                [0.707107, -0.0, -0.707107, -5e-06, -0.696364, 0.173648, -0.696364, 1.260816, 0.122788, 0.984808, 0.122788, 0.763972, 0.0, 0.0, 0.0, 1.0],
                [0.707107, -0.0, -0.707107, -5e-06, -0.696364, 0.173648, -0.696364, 1.260816, 0.122788, 0.984808, 0.122788, 0.763972, 0.0, 0.0, 0.0, 1.0],
                [0.707107, -0.0, -0.707107, -5e-06, -0.696364, 0.173648, -0.696364, 1.260816, 0.122788, 0.984808, 0.122788, 0.763972, 0.0, 0.0, 0.0, 1.0],
                [0.707107, -0.0, -0.707107, -5e-06, -0.696364, 0.173648, -0.696364, 1.260816, 0.122788, 0.984808, 0.122788, 0.763972, 0.0, 0.0, 0.0, 1.0],
                [0.707107, -0.0, -0.707107, -5e-06, -0.696364, 0.173648, -0.696364, 1.260816, 0.122788, 0.984808, 0.122788, 0.763972, 0.0, 0.0, 0.0, 1.0],
                [0.707107, -0.0, -0.707107, -5e-06, -0.696364, 0.173648, -0.696364, 1.260816, 0.122788, 0.984808, 0.122788, 0.763972, 0.0, 0.0, 0.0, 1.0],
                [0.707107, -0.0, -0.707107, -5e-06, -0.696364, 0.173648, -0.696364, 1.260816, 0.122788, 0.984808, 0.122788, 0.763972, 0.0, 0.0, 0.0, 1.0],
                [0.707107, -0.0, -0.707107, -5e-06, -0.696364, 0.173648, -0.696364, 1.260816, 0.122788, 0.984808, 0.122788, 0.763972, 0.0, 0.0, 0.0, 1.0],
                [0.707107, -0.0, -0.707107, -5e-06, -0.696364, 0.173648, -0.696364, 1.260816, 0.122788, 0.984808, 0.122788, 0.763972, 0.0, 0.0, 0.0, 1.0],
                [0.707107, -0.0, -0.707107, -5e-06, -0.696364, 0.173648, -0.696364, 1.260816, 0.122788, 0.984808, 0.122788, 0.763972, 0.0, 0.0, 0.0, 1.0],
                [0.707107, -0.0, -0.707107, -5e-06, -0.696364, 0.173648, -0.696364, 1.260816, 0.122788, 0.984808, 0.122788, 0.763972, 0.0, 0.0, 0.0, 1.0],
                [0.707107, -0.0, -0.707107, -5e-06, -0.696364, 0.173648, -0.696364, 1.260816, 0.122788, 0.984808, 0.122788, 0.763972, 0.0, 0.0, 0.0, 1.0],
                [0.707107, -0.0, -0.707107, -5e-06, -0.696364, 0.173648, -0.696364, 1.260816, 0.122788, 0.984808, 0.122788, 0.763972, 0.0, 0.0, 0.0, 1.0],
                [0.707107, -0.0, -0.707107, -5e-06, -0.696364, 0.173648, -0.696364, 1.260816, 0.122788, 0.984808, 0.122788, 0.763972, 0.0, 0.0, 0.0, 1.0],
                [0.707107, -0.0, -0.707107, -5e-06, -0.696364, 0.173648, -0.696364, 1.260816, 0.122788, 0.984808, 0.122788, 0.763972, 0.0, 0.0, 0.0, 1.0],
                [0.707107, -0.0, -0.707107, -5e-06, -0.696364, 0.173648, -0.696364, 1.260816, 0.122788, 0.984808, 0.122788, 0.763972, 0.0, 0.0, 0.0, 1.0],
                [0.707107, -0.0, -0.707107, -5e-06, -0.696364, 0.173648, -0.696364, 1.260816, 0.122788, 0.984808, 0.122788, 0.763972, 0.0, 0.0, 0.0, 1.0],
                [0.707107, -0.0, -0.707107, -5e-06, -0.696364, 0.173648, -0.696364, 1.260816, 0.122788, 0.984808, 0.122788, 0.763972, 0.0, 0.0, 0.0, 1.0],
                [0.707107, -0.0, -0.707107, -5e-06, -0.696364, 0.173648, -0.696364, 1.260816, 0.122788, 0.984808, 0.122788, 0.763972, 0.0, 0.0, 0.0, 1.0],
                [0.707107, -0.0, -0.707107, -5e-06, -0.696364, 0.173648, -0.696364, 1.260816, 0.122788, 0.984808, 0.122788, 0.763972, 0.0, 0.0, 0.0, 1.0],
                [0.707107, -0.0, -0.707107, -5e-06, -0.696364, 0.173648, -0.696364, 1.260816, 0.122788, 0.984808, 0.122788, 0.763972, 0.0, 0.0, 0.0, 1.0],
                [0.707107, -0.0, -0.707107, -5e-06, -0.696364, 0.173648, -0.696364, 1.260816, 0.122788, 0.984808, 0.122788, 0.763972, 0.0, 0.0, 0.0, 1.0],
                [0.707107, -0.0, -0.707107, -5e-06, -0.696364, 0.173648, -0.696364, 1.260816, 0.122788, 0.984808, 0.122788, 0.763972, 0.0, 0.0, 0.0, 1.0],
                [0.707107, -0.0, -0.707107, -5e-06, -0.696364, 0.173648, -0.696364, 1.260816, 0.122788, 0.984808, 0.122788, 0.763972, 0.0, 0.0, 0.0, 1.0],
                [0.707107, -0.0, -0.707107, -5e-06, -0.696364, 0.173648, -0.696364, 1.260816, 0.122788, 0.984808, 0.122788, 0.763972, 0.0, 0.0, 0.0, 1.0],
                [0.707107, -0.0, -0.707107, -5e-06, -0.696364, 0.173648, -0.696364, 1.260816, 0.122788, 0.984808, 0.122788, 0.763972, 0.0, 0.0, 0.0, 1.0],
                [0.707107, -0.0, -0.707107, -5e-06, -0.696364, 0.173648, -0.696364, 1.260816, 0.122788, 0.984808, 0.122788, 0.763972, 0.0, 0.0, 0.0, 1.0],
                [0.707107, -0.0, -0.707107, -5e-06, -0.696364, 0.173648, -0.696364, 1.260816, 0.122788, 0.984808, 0.122788, 0.763972, 0.0, 0.0, 0.0, 1.0],
                [0.707107, -0.0, -0.707107, -5e-06, -0.696364, 0.173648, -0.696364, 1.260816, 0.122788, 0.984808, 0.122788, 0.763972, 0.0, 0.0, 0.0, 1.0],
                [0.707107, -0.0, -0.707107, -5e-06, -0.696364, 0.173648, -0.696364, 1.260816, 0.122788, 0.984808, 0.122788, 0.763972, 0.0, 0.0, 0.0, 1.0],
                [0.707107, -0.0, -0.707107, -5e-06, -0.696364, 0.173648, -0.696364, 1.260816, 0.122788, 0.984808, 0.122788, 0.763972, 0.0, 0.0, 0.0, 1.0],
                [0.707107, -0.0, -0.707107, -5e-06, -0.696364, 0.173648, -0.696364, 1.260816, 0.122788, 0.984808, 0.122788, 0.763972, 0.0, 0.0, 0.0, 1.0],
                [0.707107, -0.0, -0.707107, -5e-06, -0.696364, 0.173648, -0.696364, 1.260816, 0.122788, 0.984808, 0.122788, 0.763972, 0.0, 0.0, 0.0, 1.0],
                [0.707107, -0.0, -0.707107, -5e-06, -0.696364, 0.173648, -0.696364, 1.260816, 0.122788, 0.984808, 0.122788, 0.763972, 0.0, 0.0, 0.0, 1.0],
                [0.707107, -0.0, -0.707107, -5e-06, -0.696364, 0.173648, -0.696364, 1.260816, 0.122788, 0.984808, 0.122788, 0.763972, 0.0, 0.0, 0.0, 1.0],
                [0.707107, -0.0, -0.707107, -5e-06, -0.696674, 0.171145, -0.696674, 1.254633, 0.121018, 0.985246, 0.121018, 0.763972, 0.0, 0.0, 0.0, 1.0],
                [0.707107, -0.0, -0.707107, -5e-06, -0.697518, 0.164129, -0.697518, 1.237042, 0.116057, 0.986439, 0.116057, 0.763972, 0.0, 0.0, 0.0, 1.0],
                [0.707107, -0.0, -0.707107, -5e-06, -0.698745, 0.153335, -0.698745, 1.209481, 0.108424, 0.988174, 0.108424, 0.763972, 0.0, 0.0, 0.0, 1.0],
                [0.707107, -0.0, -0.707107, -5e-06, -0.700193, 0.139496, -0.700193, 1.173387, 0.098639, 0.990223, 0.098639, 0.763972, 0.0, 0.0, 0.0, 1.0],
                [0.707107, 0.0, -0.707107, -5e-06, -0.701707, 0.123353, -0.701707, 1.130197, 0.087224, 0.992363, 0.087224, 0.763972, 0.0, 0.0, 0.0, 1.0],
                [0.707107, -0.0, -0.707107, -5e-06, -0.703149, 0.105653, -0.703149, 1.081349, 0.074708, 0.994403, 0.074708, 0.763972, 0.0, 0.0, 0.0, 1.0],
                [0.707107, -0.0, -0.707107, -5e-06, -0.704416, 0.087156, -0.704416, 1.028279, 0.061628, 0.996195, 0.061628, 0.763972, 0.0, 0.0, 0.0, 1.0],
                [0.707107, -0.0, -0.707107, -5e-06, -0.705439, 0.068628, -0.70544, 0.972426, 0.048528, 0.997642, 0.048528, 0.763972, 0.0, 0.0, 0.0, 1.0],
                [0.707107, 0.0, -0.707107, -5e-06, -0.706192, 0.050843, -0.706192, 0.915226, 0.035952, 0.998707, 0.035952, 0.763972, 0.0, 0.0, 0.0, 1.0],
                [0.707107, -0.0, -0.707107, -5e-06, -0.706684, 0.034573, -0.706684, 0.858116, 0.024447, 0.999402, 0.024447, 0.763972, 0.0, 0.0, 0.0, 1.0],
                [0.707107, 0.0, -0.707107, -5e-06, -0.706957, 0.020589, -0.706957, 0.802535, 0.014559, 0.999788, 0.014559, 0.763972, 0.0, 0.0, 0.0, 1.0],
                [0.707107, 0.0, -0.707107, -5e-06, -0.707074, 0.009658, -0.707074, 0.749919, 0.006829, 0.999953, 0.006829, 0.763972, 0.0, 0.0, 0.0, 1.0],
                [0.707107, 0.0, -0.707107, -5e-06, -0.707105, 0.002541, -0.707105, 0.701706, 0.001797, 0.999997, 0.001797, 0.763972, 0.0, 0.0, 0.0, 1.0],
                [0.707107, 0.0, -0.707107, -5e-06, -0.707107, 0.0, -0.707107, 0.659332, 0.0, 1.0, 0.0, 0.763972, 0.0, 0.0, 0.0, 1.0],
                [0.707107, 0.0, -0.707107, -5e-06, -0.707107, 0.0, -0.707107, 0.622574, 0.0, 1.0, 0.0, 0.763972, 0.0, 0.0, 0.0, 1.0],
                [0.707107, 0.0, -0.707107, -5e-06, -0.707107, 0.0, -0.707107, 0.590054, 0.0, 1.0, 0.0, 0.763972, 0.0, 0.0, 0.0, 1.0],
                [0.707107, 0.0, -0.707107, -5e-06, -0.707107, 0.0, -0.707107, 0.561484, 0.0, 1.0, 0.0, 0.763972, 0.0, 0.0, 0.0, 1.0],
                [0.707107, 0.0, -0.707107, -5e-06, -0.707107, 0.0, -0.707107, 0.536573, 0.0, 1.0, 0.0, 0.763972, 0.0, 0.0, 0.0, 1.0],
                [0.707107, 0.0, -0.707107, -5e-06, -0.707107, 0.0, -0.707107, 0.515033, 0.0, 1.0, 0.0, 0.763972, 0.0, 0.0, 0.0, 1.0],
                [0.707107, 0.0, -0.707107, -5e-06, -0.707107, 0.0, -0.707107, 0.496573, 0.0, 1.0, 0.0, 0.763972, 0.0, 0.0, 0.0, 1.0],
                [0.707107, 0.0, -0.707107, -5e-06, -0.707107, 0.0, -0.707107, 0.480905, 0.0, 1.0, 0.0, 0.763972, 0.0, 0.0, 0.0, 1.0],
                [0.707107, 0.0, -0.707107, -5e-06, -0.707107, 0.0, -0.707107, 0.467739, 0.0, 1.0, 0.0, 0.763972, 0.0, 0.0, 0.0, 1.0],
                [0.707107, 0.0, -0.707107, -5e-06, -0.707107, 0.0, -0.707107, 0.456785, 0.0, 1.0, 0.0, 0.763972, 0.0, 0.0, 0.0, 1.0],
                [0.707107, 0.0, -0.707107, -5e-06, -0.707107, 0.0, -0.707107, 0.447753, 0.0, 1.0, 0.0, 0.763972, 0.0, 0.0, 0.0, 1.0],
                [0.707107, 0.0, -0.707107, -5e-06, -0.707107, 0.0, -0.707107, 0.440355, 0.0, 1.0, 0.0, 0.763972, 0.0, 0.0, 0.0, 1.0],
                [0.707107, 0.0, -0.707107, -5e-06, -0.707107, 0.0, -0.707107, 0.434301, 0.0, 1.0, 0.0, 0.763972, 0.0, 0.0, 0.0, 1.0],
                [0.707107, 0.0, -0.707107, -5e-06, -0.707107, 0.0, -0.707107, 0.429301, 0.0, 1.0, 0.0, 0.763972, 0.0, 0.0, 0.0, 1.0],
                [0.707107, 0.0, -0.707107, -5e-06, -0.707107, 0.0, -0.707107, 0.425066, 0.0, 1.0, 0.0, 0.763972, 0.0, 0.0, 0.0, 1.0],
                [0.707107, 0.0, -0.707107, -5e-06, -0.707107, 0.0, -0.707107, 0.421306, 0.0, 1.0, 0.0, 0.763972, 0.0, 0.0, 0.0, 1.0],
                [0.707107, 0.0, -0.707107, -5e-06, -0.707107, 0.0, -0.707107, 0.417732, 0.0, 1.0, 0.0, 0.763972, 0.0, 0.0, 0.0, 1.0],
                [0.707107, 0.0, -0.707107, -5e-06, -0.707107, 0.0, -0.707107, 0.414054, 0.0, 1.0, 0.0, 0.763972, 0.0, 0.0, 0.0, 1.0],
                [0.707107, 0.0, -0.707107, -5e-06, -0.707107, 0.0, -0.707107, 0.409983, 0.0, 1.0, 0.0, 0.763972, 0.0, 0.0, 0.0, 1.0],
                [0.707107, 0.0, -0.707107, -5e-06, -0.707107, 0.0, -0.707107, 0.405229, 0.0, 1.0, 0.0, 0.763972, 0.0, 0.0, 0.0, 1.0],
                [0.707107, 0.0, -0.707107, -5e-06, -0.707107, 0.0, -0.707107, 0.399502, 0.0, 1.0, 0.0, 0.763972, 0.0, 0.0, 0.0, 1.0],
                [0.707107, 0.0, -0.707107, -5e-06, -0.707107, 0.0, -0.707107, 0.392575, 0.0, 1.0, 0.0, 0.763972, 0.0, 0.0, 0.0, 1.0],
                [0.707107, 0.0, -0.707107, -5e-06, -0.707107, 0.0, -0.707107, 0.384456, 0.0, 1.0, 0.0, 0.763972, 0.0, 0.0, 0.0, 1.0],
                [0.707107, 0.0, -0.707107, -5e-06, -0.707107, 0.0, -0.707107, 0.375217, 0.0, 1.0, 0.0, 0.763972, 0.0, 0.0, 0.0, 1.0],
                [0.707107, 0.0, -0.707107, -5e-06, -0.707107, 0.0, -0.707107, 0.36493, 0.0, 1.0, 0.0, 0.763972, 0.0, 0.0, 0.0, 1.0],
                [0.707107, 0.0, -0.707107, -5e-06, -0.707107, 0.0, -0.707107, 0.353665, 0.0, 1.0, 0.0, 0.763972, 0.0, 0.0, 0.0, 1.0],
                [0.707107, 0.0, -0.707107, -5e-06, -0.707107, 0.0, -0.707107, 0.341493, 0.0, 1.0, 0.0, 0.763972, 0.0, 0.0, 0.0, 1.0],
                [0.707107, 0.0, -0.707107, -5e-06, -0.707107, 0.0, -0.707107, 0.328484, 0.0, 1.0, 0.0, 0.763972, 0.0, 0.0, 0.0, 1.0],
                [0.707107, 0.0, -0.707107, -5e-06, -0.707107, 0.0, -0.707107, 0.314711, 0.0, 1.0, 0.0, 0.763972, 0.0, 0.0, 0.0, 1.0],
                [0.707107, 0.0, -0.707107, -5e-06, -0.707107, 0.0, -0.707107, 0.300244, 0.0, 1.0, 0.0, 0.763972, 0.0, 0.0, 0.0, 1.0],
                [0.707107, 0.0, -0.707107, -5e-06, -0.707107, 0.0, -0.707107, 0.285154, 0.0, 1.0, 0.0, 0.763972, 0.0, 0.0, 0.0, 1.0],
                [0.707107, 0.0, -0.707107, -5e-06, -0.707107, 0.0, -0.707107, 0.269512, 0.0, 1.0, 0.0, 0.763972, 0.0, 0.0, 0.0, 1.0],
                [0.707107, 0.0, -0.707107, -5e-06, -0.707107, 0.0, -0.707107, 0.253389, 0.0, 1.0, 0.0, 0.763972, 0.0, 0.0, 0.0, 1.0],
                [0.707107, 0.0, -0.707107, -5e-06, -0.707107, 0.0, -0.707107, 0.236856, 0.0, 1.0, 0.0, 0.763972, 0.0, 0.0, 0.0, 1.0],
                [0.707107, 0.0, -0.707107, -5e-06, -0.707107, 0.0, -0.707107, 0.219984, 0.0, 1.0, 0.0, 0.763972, 0.0, 0.0, 0.0, 1.0],
                [0.707107, 0.0, -0.707107, -5e-06, -0.707107, 0.0, -0.707107, 0.202844, 0.0, 1.0, 0.0, 0.763972, 0.0, 0.0, 0.0, 1.0],
                [0.707107, 0.0, -0.707107, -5e-06, -0.707107, 0.0, -0.707107, 0.185506, 0.0, 1.0, 0.0, 0.763972, 0.0, 0.0, 0.0, 1.0],
                [0.707107, 0.0, -0.707107, -5e-06, -0.707107, 0.0, -0.707107, 0.168042, 0.0, 1.0, 0.0, 0.763972, 0.0, 0.0, 0.0, 1.0],
                [0.707107, 0.0, -0.707107, -5e-06, -0.707107, 0.0, -0.707107, 0.150523, 0.0, 1.0, 0.0, 0.763972, 0.0, 0.0, 0.0, 1.0],
                [0.707107, 0.0, -0.707107, -5e-06, -0.707107, 0.0, -0.707107, 0.13302, 0.0, 1.0, 0.0, 0.763972, 0.0, 0.0, 0.0, 1.0],
                [0.707107, 0.0, -0.707107, -5e-06, -0.707107, 0.0, -0.707107, 0.115604, 0.0, 1.0, 0.0, 0.763972, 0.0, 0.0, 0.0, 1.0],
                [0.707107, 0.0, -0.707107, -5e-06, -0.707107, 0.0, -0.707107, 0.098345, 0.0, 1.0, 0.0, 0.763972, 0.0, 0.0, 0.0, 1.0],
                [0.707107, 0.0, -0.707107, -5e-06, -0.707107, 0.0, -0.707107, 0.081315, 0.0, 1.0, 0.0, 0.763972, 0.0, 0.0, 0.0, 1.0],
                [0.707107, 0.0, -0.707107, -5e-06, -0.707107, 0.0, -0.707107, 0.064585, 0.0, 1.0, 0.0, 0.763972, 0.0, 0.0, 0.0, 1.0],
                [0.707107, 0.0, -0.707107, -5e-06, -0.707107, 0.0, -0.707107, 0.048225, 0.0, 1.0, 0.0, 0.763972, 0.0, 0.0, 0.0, 1.0],
                [0.707107, 0.0, -0.707107, -5e-06, -0.707107, 0.0, -0.707107, 0.032307, 0.0, 1.0, 0.0, 0.763972, 0.0, 0.0, 0.0, 1.0],
                [0.707107, 0.0, -0.707107, -5e-06, -0.707107, 0.0, -0.707107, 0.016902, 0.0, 1.0, 0.0, 0.763972, 0.0, 0.0, 0.0, 1.0],
                [0.707107, 0.0, -0.707107, -5e-06, -0.707107, 0.0, -0.707107, 0.00208, 0.0, 1.0, 0.0, 0.763972, 0.0, 0.0, 0.0, 1.0],
                [0.707107, 0.0, -0.707107, -5e-06, -0.707107, 0.0, -0.707107, -0.012087, 0.0, 1.0, 0.0, 0.763972, 0.0, 0.0, 0.0, 1.0],
                [0.707107, 0.0, -0.707107, -5e-06, -0.707107, 0.0, -0.707107, -0.025529, 0.0, 1.0, 0.0, 0.763972, 0.0, 0.0, 0.0, 1.0],
                [0.707107, 0.0, -0.707107, -5e-06, -0.707107, 0.0, -0.707107, -0.038174, 0.0, 1.0, 0.0, 0.763972, 0.0, 0.0, 0.0, 1.0],
                [0.707107, 0.0, -0.707107, -5e-06, -0.707107, 0.0, -0.707107, -0.049952, 0.0, 1.0, 0.0, 0.763972, 0.0, 0.0, 0.0, 1.0],
                [0.707107, 0.0, -0.707107, -5e-06, -0.707107, 0.0, -0.707107, -0.060792, 0.0, 1.0, 0.0, 0.763972, 0.0, 0.0, 0.0, 1.0],
                [0.707107, 0.0, -0.707107, -5e-06, -0.707107, 0.0, -0.707107, -0.070622, 0.0, 1.0, 0.0, 0.763972, 0.0, 0.0, 0.0, 1.0],
                [0.707107, 0.0, -0.707107, -5e-06, -0.707107, 0.0, -0.707107, -0.079371, 0.0, 1.0, 0.0, 0.763972, 0.0, 0.0, 0.0, 1.0],
                [0.707107, 0.0, -0.707107, -5e-06, -0.707107, 0.0, -0.707107, -0.086969, 0.0, 1.0, 0.0, 0.763972, 0.0, 0.0, 0.0, 1.0],
                [0.707107, 0.0, -0.707107, -5e-06, -0.707107, 0.0, -0.707107, -0.093345, 0.0, 1.0, 0.0, 0.763972, 0.0, 0.0, 0.0, 1.0],
                [0.707107, 0.0, -0.707107, -5e-06, -0.707107, 0.0, -0.707107, -0.098428, 0.0, 1.0, 0.0, 0.763972, 0.0, 0.0, 0.0, 1.0],
                [0.707107, 0.0, -0.707107, -5e-06, -0.707107, 0.0, -0.707107, -0.102146, 0.0, 1.0, 0.0, 0.763972, 0.0, 0.0, 0.0, 1.0],
                [0.707107, 0.0, -0.707107, -5e-06, -0.707107, 0.0, -0.707107, -0.104429, 0.0, 1.0, 0.0, 0.763972, 0.0, 0.0, 0.0, 1.0],
                [0.707107, 0.0, -0.707107, -5e-06, -0.707107, 0.0, -0.707107, -0.105206, 0.0, 1.0, 0.0, 0.763972, 0.0, 0.0, 0.0, 1.0],
                [0.707107, 0.0, -0.707107, -5e-06, -0.707107, 0.0, -0.707107, -0.105206, 0.0, 1.0, 0.0, 0.763972, 0.0, 0.0, 0.0, 1.0]
            ]
        },
        {
            "name": "Thigh_R",
            "time": [0.0167, 0.0333, 0.05, 0.0667, 0.0833, 0.1, 0.1167, 0.1333, 0.15, 0.1667, 0.1833, 0.2, 0.2167, 0.2333, 0.25, 0.2667, 0.2833, 0.3, 0.3167, 0.3333, 0.35, 0.3667, 0.3833, 0.4, 0.4167, 0.4333, 0.45, 0.4667, 0.4833, 0.5, 0.5167, 0.5333, 0.55, 0.5667, 0.5833, 0.6, 0.6167, 0.6333, 0.65, 0.6667, 0.6833, 0.7, 0.7167, 0.7333, 0.75, 0.7667, 0.7833, 0.8, 0.8167, 0.8333, 0.85, 0.8667, 0.8833, 0.9, 0.9167, 0.9333, 0.95, 0.9667, 0.9833, 1.0, 1.0167, 1.0333, 1.05, 1.0667, 1.0833, 1.1, 1.1167, 1.1333, 1.15, 1.1667, 1.1833, 1.2, 1.2167, 1.2333, 1.25, 1.2667, 1.2833, 1.3, 1.3167, 1.3333, 1.35, 1.3667, 1.3833, 1.4, 1.4167, 1.4333, 1.45, 1.4667, 1.4833, 1.5, 1.5167, 1.5333, 1.55, 1.5667, 1.5833, 1.6, 1.6167, 1.6333, 1.65, 1.6667, 1.6833, 1.7, 1.7167, 1.7333, 1.75, 1.7667, 1.7833, 1.8, 1.8167, 1.8333, 1.85, 1.8667, 1.8833, 1.9, 1.9167, 1.9333, 1.95, 1.9667, 1.9833, 2.0, 2.0167, 2.0333, 2.05, 2.0667, 2.0833, 2.1, 2.1167, 2.1333, 2.15, 2.1667, 2.1833, 2.2, 2.2167, 2.2333, 2.25, 2.2667, 2.2833, 2.3, 2.3167, 2.3333, 2.35, 2.3667, 2.3833, 2.4, 2.4167, 2.4333, 2.45, 2.4667, 2.4833, 2.5, 2.5167, 2.5333, 2.55, 2.5667, 2.5833, 2.6, 2.6167, 2.6333, 2.65, 2.6667, 2.6833, 2.7, 2.7167, 2.7333, 2.75, 2.7667, 2.7833, 2.8, 2.8167, 2.8333, 2.85, 2.8667, 2.8833, 2.9, 2.9167, 2.9333, 0.0, 3.0],
            "transform": [
                [0.705407, 0.176037, -0.686595, 0.125362, 0.222571, -0.974685, -0.021231, -0.004329, -0.672951, -0.13784, -0.72673, 0.029331, 0.0, 0.0, 0.0, 1.0],
                [0.705407, 0.176037, -0.686595, 0.125362, 0.222571, -0.974685, -0.021231, -0.004329, -0.672951, -0.13784, -0.72673, 0.029331, 0.0, 0.0, 0.0, 1.0],
                [0.705407, 0.176037, -0.686595, 0.125362, 0.222571, -0.974685, -0.021231, -0.004329, -0.672951, -0.13784, -0.72673, 0.029331, 0.0, 0.0, 0.0, 1.0],
                [0.705407, 0.176037, -0.686595, 0.125362, 0.222571, -0.974685, -0.021231, -0.004329, -0.672951, -0.13784, -0.72673, 0.029331, 0.0, 0.0, 0.0, 1.0],
                [0.705407, 0.176037, -0.686595, 0.125362, 0.222571, -0.974685, -0.021231, -0.004329, -0.672951, -0.13784, -0.72673, 0.029331, 0.0, 0.0, 0.0, 1.0],
                [0.705407, 0.176037, -0.686595, 0.125362, 0.222571, -0.974685, -0.021231, -0.004329, -0.672951, -0.13784, -0.72673, 0.029331, 0.0, 0.0, 0.0, 1.0],
                [0.705407, 0.176037, -0.686595, 0.125362, 0.222571, -0.974685, -0.021231, -0.004329, -0.672951, -0.13784, -0.72673, 0.029331, 0.0, 0.0, 0.0, 1.0],
                [0.705407, 0.176037, -0.686595, 0.125362, 0.222571, -0.974685, -0.021231, -0.004329, -0.672951, -0.13784, -0.72673, 0.029331, 0.0, 0.0, 0.0, 1.0],
                [0.705407, 0.176037, -0.686595, 0.125362, 0.222571, -0.974685, -0.021231, -0.004329, -0.672951, -0.13784, -0.72673, 0.029331, 0.0, 0.0, 0.0, 1.0],
                [0.705407, 0.176037, -0.686595, 0.125362, 0.222571, -0.974685, -0.021231, -0.004329, -0.672951, -0.13784, -0.72673, 0.029331, 0.0, 0.0, 0.0, 1.0],
                [0.705407, 0.176037, -0.686595, 0.125362, 0.222571, -0.974685, -0.021231, -0.004329, -0.672951, -0.13784, -0.72673, 0.029331, 0.0, 0.0, 0.0, 1.0],
                [0.705407, 0.176037, -0.686595, 0.125362, 0.222571, -0.974685, -0.021231, -0.004329, -0.672951, -0.13784, -0.72673, 0.029331, 0.0, 0.0, 0.0, 1.0],
                [0.705407, 0.176037, -0.686595, 0.125362, 0.222571, -0.974685, -0.021231, -0.004329, -0.672951, -0.13784, -0.72673, 0.029331, 0.0, 0.0, 0.0, 1.0],
                [0.705407, 0.176037, -0.686595, 0.125362, 0.222571, -0.974685, -0.021231, -0.004329, -0.672951, -0.13784, -0.72673, 0.029331, 0.0, 0.0, 0.0, 1.0],
                [0.705407, 0.176037, -0.686595, 0.125362, 0.222571, -0.974685, -0.021231, -0.004329, -0.672951, -0.13784, -0.72673, 0.029331, 0.0, 0.0, 0.0, 1.0],
                [0.705407, 0.176037, -0.686595, 0.125362, 0.222571, -0.974685, -0.021231, -0.004329, -0.672951, -0.13784, -0.72673, 0.029331, 0.0, 0.0, 0.0, 1.0],
                [0.705407, 0.176037, -0.686595, 0.125362, 0.222571, -0.974685, -0.021231, -0.004329, -0.672951, -0.13784, -0.72673, 0.029331, 0.0, 0.0, 0.0, 1.0],
                [0.705407, 0.176037, -0.686595, 0.125362, 0.222571, -0.974685, -0.021231, -0.004329, -0.672951, -0.13784, -0.72673, 0.029331, 0.0, 0.0, 0.0, 1.0],
                [0.705407, 0.176037, -0.686595, 0.125362, 0.222571, -0.974685, -0.021231, -0.004329, -0.672951, -0.13784, -0.72673, 0.029331, 0.0, 0.0, 0.0, 1.0],
                [0.705407, 0.176037, -0.686595, 0.125362, 0.222571, -0.974685, -0.021231, -0.004329, -0.672951, -0.13784, -0.72673, 0.029331, 0.0, 0.0, 0.0, 1.0],
                [0.705407, 0.176037, -0.686595, 0.125362, 0.222571, -0.974685, -0.021231, -0.004329, -0.672951, -0.13784, -0.72673, 0.029331, 0.0, 0.0, 0.0, 1.0],
                [0.705407, 0.176037, -0.686595, 0.125362, 0.222571, -0.974685, -0.021231, -0.004329, -0.672951, -0.13784, -0.72673, 0.029331, 0.0, 0.0, 0.0, 1.0],
                [0.705407, 0.176037, -0.686595, 0.125362, 0.222571, -0.974685, -0.021231, -0.004329, -0.672951, -0.13784, -0.72673, 0.029331, 0.0, 0.0, 0.0, 1.0],
                [0.705407, 0.176037, -0.686595, 0.125362, 0.222571, -0.974685, -0.021231, -0.004329, -0.672951, -0.13784, -0.72673, 0.029331, 0.0, 0.0, 0.0, 1.0],
                [0.705407, 0.176037, -0.686595, 0.125362, 0.222571, -0.974685, -0.021231, -0.004329, -0.672951, -0.13784, -0.72673, 0.029331, 0.0, 0.0, 0.0, 1.0],
                [0.705407, 0.176037, -0.686595, 0.125362, 0.222571, -0.974685, -0.021231, -0.004329, -0.672951, -0.13784, -0.72673, 0.029331, 0.0, 0.0, 0.0, 1.0],
                [0.705407, 0.176037, -0.686595, 0.125362, 0.222571, -0.974685, -0.021231, -0.004329, -0.672951, -0.13784, -0.72673, 0.029331, 0.0, 0.0, 0.0, 1.0],
                [0.705407, 0.176037, -0.686595, 0.125362, 0.222571, -0.974685, -0.021231, -0.004329, -0.672951, -0.13784, -0.72673, 0.029331, 0.0, 0.0, 0.0, 1.0],
                [0.705407, 0.176037, -0.686595, 0.125362, 0.222571, -0.974685, -0.021231, -0.004329, -0.672951, -0.13784, -0.72673, 0.029331, 0.0, 0.0, 0.0, 1.0],
                [0.705407, 0.176037, -0.686595, 0.125362, 0.222571, -0.974685, -0.021231, -0.004329, -0.672951, -0.13784, -0.72673, 0.029331, 0.0, 0.0, 0.0, 1.0],
                [0.709823, 0.156662, -0.686737, 0.125362, 0.221839, -0.975059, 0.00686, -0.004329, -0.668535, -0.157214, -0.726873, 0.029331, 0.0, 0.0, 0.0, 1.0],
                [0.72187, 0.103442, -0.684254, 0.125362, 0.218923, -0.97212, 0.083998, -0.004329, -0.656488, -0.210435, -0.72439, 0.029331, 0.0, 0.0, 0.0, 1.0],
                [0.73959, 0.024138, -0.672625, 0.125362, 0.21209, -0.956801, 0.198869, -0.004329, -0.638768, -0.289739, -0.71276, 0.029331, 0.0, 0.0, 0.0, 1.0],
                [0.760558, -0.071431, -0.645329, 0.125362, 0.199687, -0.920019, 0.337179, -0.004329, -0.6178, -0.385308, -0.685464, 0.029331, 0.0, 0.0, 0.0, 1.0],
                [0.781924, -0.171125, -0.599426, 0.125362, 0.181278, -0.857606, 0.481299, -0.004329, -0.596434, -0.485002, -0.639562, 0.029331, 0.0, 0.0, 0.0, 1.0],
                [0.80097, -0.262616, -0.538033, 0.125362, 0.158336, -0.773749, 0.613385, -0.004329, -0.577388, -0.576493, -0.578169, 0.029331, 0.0, 0.0, 0.0, 1.0],
