{
    "animation": [
        {
            "name": "Root",
            "time": [0.0, 0.0167, 0.0333, 0.05, 0.0667, 0.0833, 0.1, 0.1167, 0.1333, 0.15, 0.1667, 0.1833, 0.2, 0.2167, 0.2333, 0.25, 0.2667, 0.2833, 0.3, 0.3167, 0.3333, 0.35, 0.3667, 0.3833, 0.4, 0.4167, 0.4333, 0.45, 0.4667, 0.4833, 0.5, 0.5167, 0.5333, 0.55, 0.5667, 0.5833, 0.6, 0.6167, 0.6333, 0.65, 0.6667, 0.6833, 0.7, 0.7167, 0.7333, 0.75, 0.7667, 0.7833, 0.8, 0.8167, 0.8333, 0.85, 0.8667, 0.8833, 0.9, 0.9167, 0.9333, 0.95, 0.9667, 0.9833, 1.0, 1.0167, 1.0333, 1.05, 1.0667, 1.0833, 1.1, 1.1167, 1.1333, 1.15, 1.1667, 1.1833, 1.2, 1.2167, 1.2333, 1.25, 1.2667, 1.2833, 1.3, 1.3167, 1.3333, 1.35, 1.3667, 1.3833, 1.4, 1.4167, 1.4333, 1.45, 1.4667, 1.4833, 1.5, 1.5167, 1.5333, 1.55, 1.5667, 1.5833, 1.6, 1.6167, 1.6333, 1.65, 1.6667, 1.6833, 1.7, 1.7167, 1.7333, 1.75, 1.7667, 1.7833, 1.8, 1.8167, 1.8333, 1.85, 1.8667, 1.8833, 1.9, 1.9167, 1.9333, 1.95, 1.9667, 1.9833, 2.0, 2.0167, 2.0333, 2.05, 2.0667, 2.0833, 2.1],
            "transform": [
                [1.0, 0.0, 0.0, -5e-06, 0.0, 0.0, -1.0, 0.000946, 0.0, 1.0, 0.0, 0.763972, 0.0, 0.0, 0.0, 1.0],
                [1.0, 0.0, 0.0, -5e-06, 0.0, 0.0, -1.0, 0.000946, 0.0, 1.0, 0.0, 0.763972, 0.0, 0.0, 0.0, 1.0],
                [1.0, 0.0, 0.0, -5e-06, 0.0, 0.0, -1.0, 0.000946, 0.0, 1.0, 0.0, 0.763972, 0.0, 0.0, 0.0, 1.0],
                [1.0, 0.0, 0.0, -5e-06, 0.0, 0.0, -1.0, 0.000946, 0.0, 1.0, 0.0, 0.763972, 0.0, 0.0, 0.0, 1.0],
                [1.0, 0.0, 0.0, -5e-06, 0.0, 0.0, -1.0, 0.000946, 0.0, 1.0, 0.0, 0.763972, 0.0, 0.0, 0.0, 1.0],
                [1.0, 0.0, 0.0, -5e-06, 0.0, 0.0, -1.0, 0.000946, 0.0, 1.0, 0.0, 0.763972, 0.0, 0.0, 0.0, 1.0],
                [1.0, 0.0, 0.0, -5e-06, 0.0, 0.0, -1.0, 0.000946, 0.0, 1.0, 0.0, 0.763972, 0.0, 0.0, 0.0, 1.0],
                [1.0, 0.0, 0.0, -5e-06, 0.0, 0.0, -1.0, 0.000946, 0.0, 1.0, 0.0, 0.763972, 0.0, 0.0, 0.0, 1.0],
                [1.0, 0.0, 0.0, -5e-06, 0.0, 0.0, -1.0, 0.000946, 0.0, 1.0, 0.0, 0.763972, 0.0, 0.0, 0.0, 1.0],
                [1.0, 0.0, 0.0, -5e-06, 0.0, 0.0, -1.0, 0.000946, 0.0, 1.0, 0.0, 0.763972, 0.0, 0.0, 0.0, 1.0],
                [1.0, 0.0, 0.0, -5e-06, 0.0, 0.0, -1.0, 0.000946, 0.0, 1.0, 0.0, 0.763972, 0.0, 0.0, 0.0, 1.0],
                [1.0, 0.0, 0.0, -5e-06, 0.0, 0.0, -1.0, 0.000946, 0.0, 1.0, 0.0, 0.763972, 0.0, 0.0, 0.0, 1.0],
                [1.0, 0.0, 0.0, -5e-06, 0.0, 0.0, -1.0, 0.000946, 0.0, 1.0, 0.0, 0.763972, 0.0, 0.0, 0.0, 1.0],
                [1.0, 0.0, 0.0, -5e-06, 0.0, 0.0, -1.0, 0.000946, 0.0, 1.0, 0.0, 0.763972, 0.0, 0.0, 0.0, 1.0],
                [1.0, 0.0, 0.0, -5e-06, 0.0, 0.0, -1.0, 0.000946, 0.0, 1.0, 0.0, 0.763972, 0.0, 0.0, 0.0, 1.0],
                [1.0, 0.0, 0.0, -5e-06, 0.0, 0.0, -1.0, 0.000946, 0.0, 1.0, 0.0, 0.763972, 0.0, 0.0, 0.0, 1.0],
                [1.0, 0.0, 0.0, -5e-06, 0.0, 0.0, -1.0, 0.000946, 0.0, 1.0, 0.0, 0.763972, 0.0, 0.0, 0.0, 1.0],
                [1.0, 0.0, 0.0, -5e-06, 0.0, 0.0, -1.0, 0.000946, 0.0, 1.0, 0.0, 0.763972, 0.0, 0.0, 0.0, 1.0],
                [1.0, 0.0, 0.0, -5e-06, 0.0, 0.0, -1.0, 0.000946, 0.0, 1.0, 0.0, 0.763972, 0.0, 0.0, 0.0, 1.0],
                [1.0, 0.0, 0.0, -5e-06, 0.0, 0.0, -1.0, 0.000946, 0.0, 1.0, 0.0, 0.763972, 0.0, 0.0, 0.0, 1.0],
                [1.0, 0.0, 0.0, -5e-06, 0.0, 0.0, -1.0, 0.000946, 0.0, 1.0, 0.0, 0.763972, 0.0, 0.0, 0.0, 1.0],
                [1.0, 0.0, 0.0, -5e-06, 0.0, 0.0, -1.0, 0.000946, 0.0, 1.0, 0.0, 0.763972, 0.0, 0.0, 0.0, 1.0],
                [1.0, 0.0, 0.0, -5e-06, 0.0, 0.0, -1.0, 0.000946, 0.0, 1.0, 0.0, 0.763972, 0.0, 0.0, 0.0, 1.0],
                [1.0, 0.0, 0.0, -5e-06, 0.0, 0.0, -1.0, 0.000946, 0.0, 1.0, 0.0, 0.763972, 0.0, 0.0, 0.0, 1.0],
                [1.0, 0.0, 0.0, -5e-06, 0.0, 0.0, -1.0, 0.060696, 0.0, 1.0, 0.0, 0.76692, 0.0, 0.0, 0.0, 1.0],
                [1.0, 0.0, 0.0, -5e-06, 0.0, 0.0, -1.0, 0.215401, 0.0, 1.0, 0.0, 0.773407, 0.0, 0.0, 0.0, 1.0],
                [1.0, 0.0, 0.0, -5e-06, 0.0, 0.0, -1.0, 0.428248, 0.0, 1.0, 0.0, 0.779893, 0.0, 0.0, 0.0, 1.0],
                [1.0, 0.0, 0.0, -5e-06, 0.0, 0.0, -1.0, 0.662424, 0.0, 1.0, 0.0, 0.782842, 0.0, 0.0, 0.0, 1.0],
                [1.0, 0.0, 0.0, -5e-06, 0.0, 0.0, -1.0, 0.886081, 0.0, 1.0, 0.0, 0.769983, 0.0, 0.0, 0.0, 1.0],
                [1.0, 0.0, 0.0, -5e-06, 0.0, 0.0, -1.0, 1.087234, 0.0, 1.0, 0.0, 0.737835, 0.0, 0.0, 0.0, 1.0],
                [1.0, 0.0, 0.0, -5e-06, 0.0, 0.0, -1.0, 1.258865, 0.0, 1.0, 0.0, 0.696044, 0.0, 0.0, 0.0, 1.0],
                [1.0, 0.0, 0.0, -5e-06, 0.0, 0.0, -1.0, 1.393954, 0.0, 1.0, 0.0, 0.654252, 0.0, 0.0, 0.0, 1.0],
                [1.0, 0.0, 0.0, -5e-06, 0.0, 0.0, -1.0, 1.485484, 0.0, 1.0, 0.0, 0.622105, 0.0, 0.0, 0.0, 1.0],
                [1.0, 0.0, 0.0, -5e-06, 0.0, 0.0, -1.0, 1.526435, 0.0, 1.0, 0.0, 0.609246, 0.0, 0.0, 0.0, 1.0],
                [1.0, 0.0, 0.0, -5e-06, 0.0, 0.0, -1.0, 1.538888, 0.0, 1.0, 0.0, 0.609246, 0.0, 0.0, 0.0, 1.0],
                [1.0, 0.0, 0.0, -5e-06, 0.0, 0.0, -1.0, 1.549684, 0.0, 1.0, 0.0, 0.609246, 0.0, 0.0, 0.0, 1.0],
                [1.0, 0.0, 0.0, -5e-06, 0.0, 0.0, -1.0, 1.558941, 0.0, 1.0, 0.0, 0.609246, 0.0, 0.0, 0.0, 1.0],
                [1.0, 0.0, 0.0, -5e-06, 0.0, 0.0, -1.0, 1.566776, 0.0, 1.0, 0.0, 0.609246, 0.0, 0.0, 0.0, 1.0],
                [1.0, 0.0, 0.0, -5e-06, 0.0, 0.0, -1.0, 1.573309, 0.0, 1.0, 0.0, 0.609246, 0.0, 0.0, 0.0, 1.0],
                [1.0, 0.0, 0.0, -5e-06, 0.0, 0.0, -1.0, 1.578657, 0.0, 1.0, 0.0, 0.609246, 0.0, 0.0, 0.0, 1.0],
                [1.0, 0.0, 0.0, -5e-06, 0.0, 0.0, -1.0, 1.58294, 0.0, 1.0, 0.0, 0.609246, 0.0, 0.0, 0.0, 1.0],
                [1.0, 0.0, 0.0, -5e-06, 0.0, 0.0, -1.0, 1.586275, 0.0, 1.0, 0.0, 0.609246, 0.0, 0.0, 0.0, 1.0],
                [1.0, 0.0, 0.0, -5e-06, 0.0, 0.0, -1.0, 1.588782, 0.0, 1.0, 0.0, 0.609246, 0.0, 0.0, 0.0, 1.0],
                [1.0, 0.0, 0.0, -5e-06, 0.0, 0.0, -1.0, 1.590578, 0.0, 1.0, 0.0, 0.609246, 0.0, 0.0, 0.0, 1.0],
                [1.0, 0.0, 0.0, -5e-06, 0.0, 0.0, -1.0, 1.591782, 0.0, 1.0, 0.0, 0.609246, 0.0, 0.0, 0.0, 1.0],
                [1.0, 0.0, 0.0, -5e-06, 0.0, 0.0, -1.0, 1.592512, 0.0, 1.0, 0.0, 0.609246, 0.0, 0.0, 0.0, 1.0],
                [1.0, 0.0, 0.0, -5e-06, 0.0, 0.0, -1.0, 1.592887, 0.0, 1.0, 0.0, 0.609246, 0.0, 0.0, 0.0, 1.0],
                [1.0, 0.0, 0.0, -5e-06, 0.0, 0.0, -1.0, 1.593025, 0.0, 1.0, 0.0, 0.609246, 0.0, 0.0, 0.0, 1.0],
                [1.0, 0.0, 0.0, -5e-06, 0.0, 0.0, -1.0, 1.593045, 0.0, 1.0, 0.0, 0.609246, 0.0, 0.0, 0.0, 1.0],
                [1.0, 0.0, 0.0, -5e-06, 0.0, 0.0, -1.0, 1.59282, 0.0, 1.0, 0.0, 0.609281, 0.0, 0.0, 0.0, 1.0],
                [1.0, 0.0, 0.0, -5e-06, 0.0, 0.0, -1.0, 1.592157, 0.0, 1.0, 0.0, 0.609389, 0.0, 0.0, 0.0, 1.0],
                [1.0, 0.0, 0.0, -5e-06, 0.0, 0.0, -1.0, 1.591075, 0.0, 1.0, 0.0, 0.609567, 0.0, 0.0, 0.0, 1.0],
                [1.0, 0.0, 0.0, -5e-06, 0.0, 0.0, -1.0, 1.589594, 0.0, 1.0, 0.0, 0.609817, 0.0, 0.0, 0.0, 1.0],
                [1.0, 0.0, 0.0, -5e-06, 0.0, 0.0, -1.0, 1.587732, 0.0, 1.0, 0.0, 0.610138, 0.0, 0.0, 0.0, 1.0],
                [1.0, 0.0, 0.0, -5e-06, 0.0, 0.0, -1.0, 1.585509, 0.0, 1.0, 0.0, 0.61053, 0.0, 0.0, 0.0, 1.0],
                [1.0, 0.0, 0.0, -5e-06, 0.0, 0.0, -1.0, 1.582942, 0.0, 1.0, 0.0, 0.610992, 0.0, 0.0, 0.0, 1.0],
                [1.0, 0.0, 0.0, -5e-06, 0.0, 0.0, -1.0, 1.580053, 0.0, 1.0, 0.0, 0.611525, 0.0, 0.0, 0.0, 1.0],
                [1.0, 0.0, 0.0, -5e-06, 0.0, 0.0, -1.0, 1.576859, 0.0, 1.0, 0.0, 0.612129, 0.0, 0.0, 0.0, 1.0],
                [1.0, 0.0, 0.0, -5e-06, 0.0, 0.0, -1.0, 1.573379, 0.0, 1.0, 0.0, 0.612803, 0.0, 0.0, 0.0, 1.0],
                [1.0, 0.0, 0.0, -5e-06, 0.0, 0.0, -1.0, 1.569633, 0.0, 1.0, 0.0, 0.613546, 0.0, 0.0, 0.0, 1.0],
                [1.0, 0.0, 0.0, -5e-06, 0.0, 0.0, -1.0, 1.56564, 0.0, 1.0, 0.0, 0.61436, 0.0, 0.0, 0.0, 1.0],
                [1.0, 0.0, 0.0, -5e-06, 0.0, 0.0, -1.0, 1.561418, 0.0, 1.0, 0.0, 0.615244, 0.0, 0.0, 0.0, 1.0],
                [1.0, 0.0, 0.0, -5e-06, 0.0, 0.0, -1.0, 1.556987, 0.0, 1.0, 0.0, 0.616197, 0.0, 0.0, 0.0, 1.0],
                [1.0, 0.0, 0.0, -5e-06, 0.0, 0.0, -1.0, 1.552366, 0.0, 1.0, 0.0, 0.61722, 0.0, 0.0, 0.0, 1.0],
                [1.0, 0.0, 0.0, -5e-06, 0.0, 0.0, -1.0, 1.547573, 0.0, 1.0, 0.0, 0.618313, 0.0, 0.0, 0.0, 1.0],
                [1.0, 0.0, 0.0, -5e-06, 0.0, 0.0, -1.0, 1.542628, 0.0, 1.0, 0.0, 0.619474, 0.0, 0.0, 0.0, 1.0],
                [1.0, 0.0, 0.0, -5e-06, 0.0, 0.0, -1.0, 1.53755, 0.0, 1.0, 0.0, 0.620705, 0.0, 0.0, 0.0, 1.0],
                [1.0, 0.0, 0.0, -5e-06, 0.0, 0.0, -1.0, 1.532358, 0.0, 1.0, 0.0, 0.622004, 0.0, 0.0, 0.0, 1.0],
                [1.0, 0.0, 0.0, -5e-06, 0.0, 0.0, -1.0, 1.52707, 0.0, 1.0, 0.0, 0.623373, 0.0, 0.0, 0.0, 1.0],
                [1.0, 0.0, 0.0, -5e-06, 0.0, 0.0, -1.0, 1.521707, 0.0, 1.0, 0.0, 0.62481, 0.0, 0.0, 0.0, 1.0],
                [1.0, 0.0, 0.0, -5e-06, 0.0, 0.0, -1.0, 1.516286, 0.0, 1.0, 0.0, 0.626315, 0.0, 0.0, 0.0, 1.0],
                [1.0, 0.0, 0.0, -5e-06, 0.0, 0.0, -1.0, 1.510827, 0.0, 1.0, 0.0, 0.627889, 0.0, 0.0, 0.0, 1.0],
                [1.0, 0.0, 0.0, -5e-06, 0.0, 0.0, -1.0, 1.50535, 0.0, 1.0, 0.0, 0.629531, 0.0, 0.0, 0.0, 1.0],
                [1.0, 0.0, 0.0, -5e-06, 0.0, 0.0, -1.0, 1.499872, 0.0, 1.0, 0.0, 0.631241, 0.0, 0.0, 0.0, 1.0],
                [1.0, 0.0, 0.0, -5e-06, 0.0, 0.0, -1.0, 1.494413, 0.0, 1.0, 0.0, 0.633019, 0.0, 0.0, 0.0, 1.0],
                [1.0, 0.0, 0.0, -5e-06, 0.0, 0.0, -1.0, 1.488992, 0.0, 1.0, 0.0, 0.634864, 0.0, 0.0, 0.0, 1.0],
                [1.0, 0.0, 0.0, -5e-06, 0.0, 0.0, -1.0, 1.483629, 0.0, 1.0, 0.0, 0.636778, 0.0, 0.0, 0.0, 1.0],
                [1.0, 0.0, 0.0, -5e-06, 0.0, 0.0, -1.0, 1.478341, 0.0, 1.0, 0.0, 0.638758, 0.0, 0.0, 0.0, 1.0],
                [1.0, 0.0, 0.0, -5e-06, 0.0, 0.0, -1.0, 1.473149, 0.0, 1.0, 0.0, 0.640806, 0.0, 0.0, 0.0, 1.0],
                [1.0, 0.0, 0.0, -5e-06, 0.0, 0.0, -1.0, 1.468071, 0.0, 1.0, 0.0, 0.642921, 0.0, 0.0, 0.0, 1.0],
                [1.0, 0.0, 0.0, -5e-06, 0.0, 0.0, -1.0, 1.463126, 0.0, 1.0, 0.0, 0.645103, 0.0, 0.0, 0.0, 1.0],
                [1.0, 0.0, 0.0, -5e-06, 0.0, 0.0, -1.0, 1.458333, 0.0, 1.0, 0.0, 0.647352, 0.0, 0.0, 0.0, 1.0],
                [1.0, 0.0, 0.0, -5e-06, 0.0, 0.0, -1.0, 1.453712, 0.0, 1.0, 0.0, 0.649667, 0.0, 0.0, 0.0, 1.0],
                [1.0, 0.0, 0.0, -5e-06, 0.0, 0.0, -1.0, 1.449281, 0.0, 1.0, 0.0, 0.652049, 0.0, 0.0, 0.0, 1.0],
                [1.0, 0.0, 0.0, -5e-06, 0.0, 0.0, -1.0, 1.445059, 0.0, 1.0, 0.0, 0.654498, 0.0, 0.0, 0.0, 1.0],
                [1.0, 0.0, 0.0, -5e-06, 0.0, 0.0, -1.0, 1.441066, 0.0, 1.0, 0.0, 0.657012, 0.0, 0.0, 0.0, 1.0],
                [1.0, 0.0, 0.0, -5e-06, 0.0, 0.0, -1.0, 1.43732, 0.0, 1.0, 0.0, 0.659593, 0.0, 0.0, 0.0, 1.0],
                [1.0, 0.0, 0.0, -5e-06, 0.0, 0.0, -1.0, 1.43384, 0.0, 1.0, 0.0, 0.66224, 0.0, 0.0, 0.0, 1.0],
                [1.0, 0.0, 0.0, -5e-06, 0.0, 0.0, -1.0, 1.430646, 0.0, 1.0, 0.0, 0.664952, 0.0, 0.0, 0.0, 1.0],
                [1.0, 0.0, 0.0, -5e-06, 0.0, 0.0, -1.0, 1.427756, 0.0, 1.0, 0.0, 0.66773, 0.0, 0.0, 0.0, 1.0],
                [1.0, 0.0, 0.0, -5e-06, 0.0, 0.0, -1.0, 1.42519, 0.0, 1.0, 0.0, 0.670573, 0.0, 0.0, 0.0, 1.0],
                [1.0, 0.0, 0.0, -5e-06, 0.0, 0.0, -1.0, 1.422967, 0.0, 1.0, 0.0, 0.673482, 0.0, 0.0, 0.0, 1.0],
                [1.0, 0.0, 0.0, -5e-06, 0.0, 0.0, -1.0, 1.421105, 0.0, 1.0, 0.0, 0.676456, 0.0, 0.0, 0.0, 1.0],
                [1.0, 0.0, 0.0, -5e-06, 0.0, 0.0, -1.0, 1.419624, 0.0, 1.0, 0.0, 0.679495, 0.0, 0.0, 0.0, 1.0],
                [1.0, 0.0, 0.0, -5e-06, 0.0, 0.0, -1.0, 1.418542, 0.0, 1.0, 0.0, 0.682599, 0.0, 0.0, 0.0, 1.0],
                [1.0, 0.0, 0.0, -5e-06, 0.0, 0.0, -1.0, 1.417879, 0.0, 1.0, 0.0, 0.685768, 0.0, 0.0, 0.0, 1.0],
                [1.0, 0.0, 0.0, -5e-06, 0.0, 0.0, -1.0, 1.417654, 0.0, 1.0, 0.0, 0.689001, 0.0, 0.0, 0.0, 1.0],
                [1.0, 0.0, 0.0, -5e-06, 0.0, 0.0, -1.0, 1.419599, 0.0, 1.0, 0.0, 0.692297, 0.0, 0.0, 0.0, 1.0],
                [1.0, 0.0, 0.0, -5e-06, 0.0, 0.0, -1.0, 1.425256, 0.0, 1.0, 0.0, 0.695645, 0.0, 0.0, 0.0, 1.0],
                [1.0, 0.0, 0.0, -5e-06, 0.0, 0.0, -1.0, 1.434361, 0.0, 1.0, 0.0, 0.699035, 0.0, 0.0, 0.0, 1.0],
                [1.0, 0.0, 0.0, -5e-06, 0.0, 0.0, -1.0, 1.446649, 0.0, 1.0, 0.0, 0.702455, 0.0, 0.0, 0.0, 1.0],
                [1.0, 0.0, 0.0, -5e-06, 0.0, 0.0, -1.0, 1.461853, 0.0, 1.0, 0.0, 0.705892, 0.0, 0.0, 0.0, 1.0],
                [1.0, 0.0, 0.0, -5e-06, 0.0, 0.0, -1.0, 1.47971, 0.0, 1.0, 0.0, 0.709337, 0.0, 0.0, 0.0, 1.0],
                [1.0, 0.0, 0.0, -5e-06, 0.0, 0.0, -1.0, 1.499953, 0.0, 1.0, 0.0, 0.712776, 0.0, 0.0, 0.0, 1.0],
                [1.0, 0.0, 0.0, -5e-06, 0.0, 0.0, -1.0, 1.522318, 0.0, 1.0, 0.0, 0.7162, 0.0, 0.0, 0.0, 1.0],
                [1.0, 0.0, 0.0, -5e-06, 0.0, 0.0, -1.0, 1.546539, 0.0, 1.0, 0.0, 0.719595, 0.0, 0.0, 0.0, 1.0],
                [1.0, 0.0, 0.0, -5e-06, 0.0, 0.0, -1.0, 1.572351, 0.0, 1.0, 0.0, 0.722951, 0.0, 0.0, 0.0, 1.0],
                [1.0, 0.0, 0.0, -5e-06, 0.0, 0.0, -1.0, 1.599489, 0.0, 1.0, 0.0, 0.726255, 0.0, 0.0, 0.0, 1.0],
                [1.0, 0.0, 0.0, -5e-06, 0.0, 0.0, -1.0, 1.627688, 0.0, 1.0, 0.0, 0.729497, 0.0, 0.0, 0.0, 1.0],
                [1.0, 0.0, 0.0, -5e-06, 0.0, 0.0, -1.0, 1.656683, 0.0, 1.0, 0.0, 0.732665, 0.0, 0.0, 0.0, 1.0],
                [1.0, 0.0, 0.0, -5e-06, 0.0, 0.0, -1.0, 1.686208, 0.0, 1.0, 0.0, 0.735747, 0.0, 0.0, 0.0, 1.0],
                [1.0, 0.0, 0.0, -5e-06, 0.0, 0.0, -1.0, 1.715998, 0.0, 1.0, 0.0, 0.738731, 0.0, 0.0, 0.0, 1.0],
                [1.0, 0.0, 0.0, -5e-06, 0.0, 0.0, -1.0, 1.745788, 0.0, 1.0, 0.0, 0.741607, 0.0, 0.0, 0.0, 1.0],
                [1.0, 0.0, 0.0, -5e-06, 0.0, 0.0, -1.0, 1.775313, 0.0, 1.0, 0.0, 0.744363, 0.0, 0.0, 0.0, 1.0],
                [1.0, 0.0, 0.0, -5e-06, 0.0, 0.0, -1.0, 1.804308, 0.0, 1.0, 0.0, 0.746986, 0.0, 0.0, 0.0, 1.0],
                [1.0, 0.0, 0.0, -5e-06, 0.0, 0.0, -1.0, 1.832507, 0.0, 1.0, 0.0, 0.749466, 0.0, 0.0, 0.0, 1.0],
                [1.0, 0.0, 0.0, -5e-06, 0.0, 0.0, -1.0, 1.859645, 0.0, 1.0, 0.0, 0.751791, 0.0, 0.0, 0.0, 1.0],
                [1.0, 0.0, 0.0, -5e-06, 0.0, 0.0, -1.0, 1.885457, 0.0, 1.0, 0.0, 0.753949, 0.0, 0.0, 0.0, 1.0],
                [1.0, 0.0, 0.0, -5e-06, 0.0, 0.0, -1.0, 1.909679, 0.0, 1.0, 0.0, 0.75593, 0.0, 0.0, 0.0, 1.0],
                [1.0, 0.0, 0.0, -5e-06, 0.0, 0.0, -1.0, 1.932043, 0.0, 1.0, 0.0, 0.75772, 0.0, 0.0, 0.0, 1.0],
                [1.0, 0.0, 0.0, -5e-06, 0.0, 0.0, -1.0, 1.952287, 0.0, 1.0, 0.0, 0.759309, 0.0, 0.0, 0.0, 1.0],
                [1.0, 0.0, 0.0, -5e-06, 0.0, 0.0, -1.0, 1.970143, 0.0, 1.0, 0.0, 0.760686, 0.0, 0.0, 0.0, 1.0],
                [1.0, 0.0, 0.0, -5e-06, 0.0, 0.0, -1.0, 1.985348, 0.0, 1.0, 0.0, 0.761838, 0.0, 0.0, 0.0, 1.0],
                [1.0, 0.0, 0.0, -5e-06, 0.0, 0.0, -1.0, 1.997635, 0.0, 1.0, 0.0, 0.762754, 0.0, 0.0, 0.0, 1.0],
                [1.0, 0.0, 0.0, -5e-06, 0.0, 0.0, -1.0, 2.00674, 0.0, 1.0, 0.0, 0.763423, 0.0, 0.0, 0.0, 1.0],
                [1.0, 0.0, 0.0, -5e-06, 0.0, 0.0, -1.0, 2.012398, 0.0, 1.0, 0.0, 0.763832, 0.0, 0.0, 0.0, 1.0],
                [1.0, 0.0, 0.0, -5e-06, 0.0, 0.0, -1.0, 2.014342, 0.0, 1.0, 0.0, 0.763972, 0.0, 0.0, 0.0, 1.0]
            ]
        },
        {
            "name": "Thigh_R",
            "time": [0.0, 0.0167, 0.0333, 0.05, 0.0667, 0.0833, 0.1, 0.1167, 0.1333, 0.15, 0.1667, 0.1833, 0.2, 0.2167, 0.2333, 0.25, 0.2667, 0.2833, 0.3, 0.3167, 0.3333, 0.35, 0.3667, 0.3833, 0.4, 0.4167, 0.4333, 0.45, 0.4667, 0.4833, 0.5, 0.5167, 0.5333, 0.55, 0.5667, 0.5833, 0.6, 0.6167, 0.6333, 0.65, 0.6667, 0.6833, 0.7, 0.7167, 0.7333, 0.75, 0.7667, 0.7833, 0.8, 0.8167, 0.8333, 0.85, 0.8667, 0.8833, 0.9, 0.9167, 0.9333, 0.95, 0.9667, 0.9833, 1.0, 1.0167, 1.0333, 1.05, 1.0667, 1.0833, 1.1, 1.1167, 1.1333, 1.15, 1.1667, 1.1833, 1.2, 1.2167, 1.2333, 1.25, 1.2667, 1.2833, 1.3, 1.3167, 1.3333, 1.35, 1.3667, 1.3833, 1.4, 1.4167, 1.4333, 1.45, 1.4667, 1.4833, 1.5, 1.5167, 1.5333, 1.55, 1.5667, 1.5833, 1.6, 1.6167, 1.6333, 1.65, 1.6667, 1.6833, 1.7, 1.7167, 1.7333, 1.75, 1.7667, 1.7833, 1.8, 1.8167, 1.8333, 1.85, 1.8667, 1.8833, 1.9, 1.9167, 1.9333, 1.95, 1.9667, 1.9833, 2.0, 2.0167, 2.0333, 2.05, 2.0667, 2.0833, 2.1],
            "transform": [
                [0.996195, 0.04999, -0.071393, 0.124994, 0.084185, -0.339912, 0.936682, -0.005666, 0.022557, -0.939128, -0.342827, 0.032399, 0.0, 0.0, 0.0, 1.0],
                [0.996195, 0.04999, -0.071393, 0.124994, 0.084185, -0.339912, 0.936682, -0.005666, 0.022557, -0.939128, -0.342827, 0.032399, 0.0, 0.0, 0.0, 1.0],
                [0.996195, 0.04999, -0.071393, 0.124994, 0.084185, -0.339912, 0.936682, -0.005666, 0.022557, -0.939128, -0.342827, 0.032399, 0.0, 0.0, 0.0, 1.0],
                [0.996195, 0.04999, -0.071393, 0.124994, 0.084185, -0.339912, 0.936682, -0.005666, 0.022557, -0.939128, -0.342827, 0.032399, 0.0, 0.0, 0.0, 1.0],
                [0.996195, 0.04999, -0.071393, 0.124994, 0.084185, -0.339912, 0.936682, -0.005666, 0.022557, -0.939128, -0.342827, 0.032399, 0.0, 0.0, 0.0, 1.0],
                [0.996195, 0.04999, -0.071393, 0.124994, 0.084185, -0.339912, 0.936682, -0.005666, 0.022557, -0.939128, -0.342827, 0.032399, 0.0, 0.0, 0.0, 1.0],
                [0.996195, 0.04999, -0.071393, 0.124994, 0.084185, -0.339912, 0.936682, -0.005666, 0.022557, -0.939128, -0.342827, 0.032399, 0.0, 0.0, 0.0, 1.0],
                [0.996195, 0.04999, -0.071393, 0.124994, 0.084185, -0.339912, 0.936682, -0.005666, 0.022557, -0.939128, -0.342827, 0.032399, 0.0, 0.0, 0.0, 1.0],
                [0.996195, 0.04999, -0.071393, 0.124994, 0.084185, -0.339912, 0.936682, -0.005666, 0.022557, -0.939128, -0.342827, 0.032399, 0.0, 0.0, 0.0, 1.0],
                [0.996195, 0.04999, -0.071393, 0.124994, 0.084185, -0.339912, 0.936682, -0.005666, 0.022557, -0.939128, -0.342827, 0.032399, 0.0, 0.0, 0.0, 1.0],
                [0.996195, 0.04999, -0.071393, 0.124994, 0.084185, -0.339912, 0.936682, -0.005666, 0.022557, -0.939128, -0.342827, 0.032399, 0.0, 0.0, 0.0, 1.0],
                [0.996195, 0.04999, -0.071393, 0.124994, 0.084185, -0.339912, 0.936682, -0.005666, 0.022557, -0.939128, -0.342827, 0.032399, 0.0, 0.0, 0.0, 1.0],
                [0.996195, 0.04999, -0.071393, 0.124994, 0.084185, -0.339912, 0.936682, -0.005666, 0.022557, -0.939128, -0.342827, 0.032399, 0.0, 0.0, 0.0, 1.0],
                [0.996195, 0.04999, -0.071393, 0.124994, 0.084185, -0.339912, 0.936682, -0.005666, 0.022557, -0.939128, -0.342827, 0.032399, 0.0, 0.0, 0.0, 1.0],
                [0.996195, 0.04999, -0.071393, 0.124994, 0.084185, -0.339912, 0.936682, -0.005666, 0.022557, -0.939128, -0.342827, 0.032399, 0.0, 0.0, 0.0, 1.0],
                [0.996195, 0.04999, -0.071393, 0.124994, 0.084185, -0.339912, 0.936682, -0.005666, 0.022557, -0.939128, -0.342827, 0.032399, 0.0, 0.0, 0.0, 1.0],
                [0.996195, 0.04999, -0.071393, 0.124994, 0.084185, -0.339912, 0.936682, -0.005666, 0.022557, -0.939128, -0.342827, 0.032399, 0.0, 0.0, 0.0, 1.0],
                [0.996195, 0.04999, -0.071393, 0.124994, 0.084185, -0.339912, 0.936682, -0.005666, 0.022557, -0.939128, -0.342827, 0.032399, 0.0, 0.0, 0.0, 1.0],
                [0.996195, 0.04999, -0.071393, 0.124994, 0.084185, -0.339912, 0.936682, -0.005666, 0.022557, -0.939128, -0.342827, 0.032399, 0.0, 0.0, 0.0, 1.0],
                [0.996195, 0.05143, -0.070363, 0.124994, 0.084186, -0.35887, 0.929583, -0.005666, 0.022557, -0.93197, -0.361834, 0.032399, 0.0, 0.0, 0.0, 1.0],
                [0.996195, 0.055439, -0.06725, 0.124994, 0.084185, -0.41237, 0.907118, -0.005666, 0.022557, -0.909328, -0.415468, 0.032399, 0.0, 0.0, 0.0, 1.0],
                [0.996195, 0.061447, -0.061809, 0.124994, 0.084185, -0.494861, 0.864884, -0.005666, 0.022557, -0.866797, -0.498151, 0.032399, 0.0, 0.0, 0.0, 1.0],
                [0.996195, 0.068675, -0.053663, 0.124994, 0.084186, -0.59886, 0.796416, -0.005666, 0.022557, -0.797904, -0.602363, 0.032399, 0.0, 0.0, 0.0, 1.0],
                [0.996195, 0.076069, -0.042538, 0.124994, 0.084186, -0.713532, 0.695546, -0.005666, 0.022557, -0.696481, -0.717221, 0.032399, 0.0, 0.0, 0.0, 1.0],
                [0.996195, 0.082352, -0.028533, 0.124994, 0.084186, -0.824492, 0.559577, -0.005666, 0.022557, -0.559849, -0.828287, 0.032399, 0.0, 0.0, 0.0, 1.0],
                [0.996195, 0.086278, -0.012338, 0.124994, 0.084186, -0.915921, 0.392429, -0.005666, 0.022557, -0.391974, -0.9197, 0.032399, 0.0, 0.0, 0.0, 1.0],
                [0.996195, 0.087025, 0.004771, 0.124994, 0.084186, -0.974976, 0.205755, -0.005666, 0.022557, -0.20457, -0.978592, 0.032399, 0.0, 0.0, 0.0, 1.0],
                [0.996195, 0.084526, 0.021247, 0.124994, 0.084186, -0.996314, 0.016434, -0.005666, 0.022557, -0.014582, -0.999639, 0.032399, 0.0, 0.0, 0.0, 1.0],
                [0.996195, 0.079487, 0.035746, 0.124994, 0.084186, -0.983745, -0.158614, -0.005666, 0.022557, 0.16102, -0.986693, 0.032399, 0.0, 0.0, 0.0, 1.0],
                [0.996195, 0.073091, 0.047473, 0.124994, 0.084186, -0.947951, -0.307084, -0.005666, 0.022557, 0.309912, -0.950498, 0.032399, 0.0, 0.0, 0.0, 1.0],
                [0.996195, 0.0666, 0.056218, 0.124994, 0.084186, -0.902253, -0.422909, -0.005666, 0.022557, 0.426032, -0.904427, 0.032399, 0.0, 0.0, 0.0, 1.0],
                [0.996195, 0.061089, 0.062163, 0.124994, 0.084186, -0.859061, -0.504902, -0.005666, 0.022557, 0.508214, -0.860935, 0.032399, 0.0, 0.0, 0.0, 1.0],
                [0.996195, 0.057367, 0.065613, 0.124994, 0.084186, -0.828216, -0.55405, -0.005666, 0.022557, 0.557465, -0.829894, 0.032399, 0.0, 0.0, 0.0, 1.0],
                [0.996195, 0.056022, 0.066765, 0.124994, 0.084186, -0.816789, -0.57076, -0.005666, 0.022557, 0.574209, -0.818398, 0.032399, 0.0, 0.0, 0.0, 1.0],
                [0.996195, 0.056022, 0.066765, 0.124994, 0.084186, -0.816789, -0.57076, -0.005666, 0.022557, 0.574209, -0.818398, 0.032399, 0.0, 0.0, 0.0, 1.0],
                [0.996195, 0.056022, 0.066765, 0.124994, 0.084186, -0.816789, -0.57076, -0.005666, 0.022557, 0.574209, -0.818398, 0.032399, 0.0, 0.0, 0.0, 1.0],
                [0.996195, 0.056022, 0.066765, 0.124994, 0.084186, -0.816789, -0.57076, -0.005666, 0.022557, 0.574209, -0.818398, 0.032399, 0.0, 0.0, 0.0, 1.0],
                [0.996195, 0.056022, 0.066765, 0.124994, 0.084186, -0.816789, -0.57076, -0.005666, 0.022557, 0.574209, -0.818398, 0.032399, 0.0, 0.0, 0.0, 1.0],
                [0.996195, 0.056022, 0.066765, 0.124994, 0.084186, -0.816789, -0.57076, -0.005666, 0.022557, 0.574209, -0.818398, 0.032399, 0.0, 0.0, 0.0, 1.0],
                [0.996195, 0.056022, 0.066765, 0.124994, 0.084186, -0.816789, -0.57076, -0.005666, 0.022557, 0.574209, -0.818398, 0.032399, 0.0, 0.0, 0.0, 1.0],
                [0.996195, 0.056022, 0.066765, 0.124994, 0.084186, -0.816789, -0.57076, -0.005666, 0.022557, 0.574209, -0.818398, 0.032399, 0.0, 0.0, 0.0, 1.0],
                [0.996195, 0.056022, 0.066765, 0.124994, 0.084186, -0.816789, -0.57076, -0.005666, 0.022557, 0.574209, -0.818398, 0.032399, 0.0, 0.0, 0.0, 1.0],
                [0.996195, 0.056022, 0.066765, 0.124994, 0.084186, -0.816789, -0.57076, -0.005666, 0.022557, 0.574209, -0.818398, 0.032399, 0.0, 0.0, 0.0, 1.0],
                [0.996195, 0.056022, 0.066765, 0.124994, 0.084186, -0.816789, -0.57076, -0.005666, 0.022557, 0.574209, -0.818398, 0.032399, 0.0, 0.0, 0.0, 1.0],
                [0.996195, 0.056022, 0.066765, 0.124994, 0.084186, -0.816789, -0.57076, -0.005666, 0.022557, 0.574209, -0.818398, 0.032399, 0.0, 0.0, 0.0, 1.0],
                [0.996195, 0.056022, 0.066765, 0.124994, 0.084186, -0.816789, -0.57076, -0.005666, 0.022557, 0.574209, -0.818398, 0.032399, 0.0, 0.0, 0.0, 1.0],
                [0.996195, 0.056022, 0.066765, 0.124994, 0.084186, -0.816789, -0.57076, -0.005666, 0.022557, 0.574209, -0.818398, 0.032399, 0.0, 0.0, 0.0, 1.0],
                [0.996195, 0.056022, 0.066765, 0.124994, 0.084186, -0.816789, -0.57076, -0.005666, 0.022557, 0.574209, -0.818398, 0.032399, 0.0, 0.0, 0.0, 1.0],
                [0.996195, 0.056022, 0.066765, 0.124994, 0.084186, -0.816789, -0.57076, -0.005666, 0.022557, 0.574209, -0.818398, 0.032399, 0.0, 0.0, 0.0, 1.0],
                [0.996195, 0.056022, 0.066764, 0.124994, 0.084184, -0.816795, -0.570753, -0.005666, 0.022558, 0.574201, -0.818403, 0.032399, 0.0, 0.0, 0.0, 1.0],
                [0.996195, 0.056021, 0.06676, 0.124994, 0.084181, -0.816815, -0.570724, -0.005666, 0.022558, 0.574172, -0.818424, 0.032399, 0.0, 0.0, 0.0, 1.0],
                [0.996196, 0.056021, 0.066753, 0.124994, 0.084175, -0.816855, -0.570668, -0.005666, 0.022558, 0.574116, -0.818463, 0.032399, 0.0, 0.0, 0.0, 1.0],
                [0.996196, 0.056022, 0.066743, 0.124994, 0.084168, -0.816919, -0.570578, -0.005666, 0.022558, 0.574025, -0.818527, 0.032399, 0.0, 0.0, 0.0, 1.0],
                [0.996197, 0.056025, 0.066729, 0.124994, 0.084158, -0.817011, -0.570447, -0.005666, 0.022559, 0.573893, -0.818619, 0.032399, 0.0, 0.0, 0.0, 1.0],
                [0.996198, 0.05603, 0.06671, 0.124994, 0.084147, -0.817138, -0.570267, -0.005666, 0.022559, 0.573713, -0.818746, 0.032399, 0.0, 0.0, 0.0, 1.0],
                [0.996199, 0.056039, 0.066687, 0.124994, 0.084135, -0.817302, -0.570033, -0.005666, 0.02256, 0.573477, -0.818911, 0.032399, 0.0, 0.0, 0.0, 1.0],
                [0.9962, 0.056051, 0.06666, 0.124994, 0.084121, -0.81751, -0.569737, -0.005666, 0.02256, 0.57318, -0.819119, 0.032399, 0.0, 0.0, 0.0, 1.0],
                [0.996201, 0.056068, 0.066626, 0.124994, 0.084105, -0.817765, -0.569373, -0.005666, 0.022561, 0.572814, -0.819375, 0.032399, 0.0, 0.0, 0.0, 1.0],
                [0.996203, 0.05609, 0.066587, 0.124994, 0.084089, -0.818073, -0.568933, -0.005666, 0.022562, 0.572372, -0.819684, 0.032399, 0.0, 0.0, 0.0, 1.0],
                [0.996204, 0.056119, 0.066542, 0.124994, 0.084072, -0.818438, -0.568411, -0.005666, 0.022562, 0.571848, -0.82005, 0.032399, 0.0, 0.0, 0.0, 1.0],
                [0.996206, 0.056153, 0.066491, 0.124994, 0.084054, -0.818864, -0.567799, -0.005666, 0.022563, 0.571234, -0.820477, 0.032399, 0.0, 0.0, 0.0, 1.0],
                [0.996207, 0.056195, 0.066432, 0.124994, 0.084036, -0.819357, -0.567091, -0.005666, 0.022564, 0.570523, -0.820972, 0.032399, 0.0, 0.0, 0.0, 1.0],
                [0.996209, 0.056245, 0.066366, 0.124994, 0.084017, -0.81992, -0.566279, -0.005666, 0.022565, 0.569709, -0.821537, 0.032399, 0.0, 0.0, 0.0, 1.0],
                [0.99621, 0.056303, 0.066293, 0.124994, 0.083998, -0.820558, -0.565358, -0.005666, 0.022565, 0.568784, -0.822178, 0.032399, 0.0, 0.0, 0.0, 1.0],
                [0.996212, 0.056371, 0.066211, 0.124994, 0.083978, -0.821275, -0.564318, -0.005666, 0.022566, 0.567741, -0.822898, 0.032399, 0.0, 0.0, 0.0, 1.0],
                [0.996214, 0.056449, 0.06612, 0.124994, 0.083959, -0.822075, -0.563154, -0.005666, 0.022567, 0.566574, -0.823702, 0.032399, 0.0, 0.0, 0.0, 1.0],
                [0.996215, 0.056537, 0.066021, 0.124994, 0.083939, -0.822963, -0.561859, -0.005666, 0.022567, 0.565274, -0.824594, 0.032399, 0.0, 0.0, 0.0, 1.0],
                [0.996217, 0.056636, 0.065912, 0.124994, 0.083921, -0.823943, -0.560424, -0.005666, 0.022568, 0.563835, -0.825579, 0.032399, 0.0, 0.0, 0.0, 1.0],
                [0.996218, 0.056747, 0.065793, 0.124994, 0.083902, -0.825018, -0.558843, -0.005666, 0.022568, 0.562249, -0.82666, 0.032399, 0.0, 0.0, 0.0, 1.0],
                [0.99622, 0.05687, 0.065664, 0.124994, 0.083884, -0.826193, -0.557107, -0.005666, 0.022568, 0.560509, -0.827841, 0.032399, 0.0, 0.0, 0.0, 1.0],
                [0.996221, 0.057006, 0.065524, 0.124994, 0.083867, -0.827471, -0.55521, -0.005666, 0.022569, 0.558607, -0.829125, 0.032399, 0.0, 0.0, 0.0, 1.0],
                [0.996223, 0.057156, 0.065372, 0.124994, 0.083851, -0.828855, -0.553144, -0.005666, 0.022569, 0.556536, -0.830517, 0.032399, 0.0, 0.0, 0.0, 1.0],
                [0.996224, 0.05732, 0.065209, 0.124994, 0.083836, -0.830349, -0.5509, -0.005666, 0.022569, 0.554287, -0.83202, 0.032399, 0.0, 0.0, 0.0, 1.0],
                [0.996225, 0.057499, 0.065034, 0.124994, 0.083822, -0.831957, -0.548472, -0.005666, 0.022569, 0.551853, -0.833636, 0.032399, 0.0, 0.0, 0.0, 1.0],
                [0.996226, 0.057693, 0.064845, 0.124994, 0.083809, -0.833681, -0.54585, -0.005666, 0.022569, 0.549225, -0.83537, 0.032399, 0.0, 0.0, 0.0, 1.0],
                [0.996227, 0.057903, 0.064643, 0.124994, 0.083798, -0.835523, -0.543027, -0.005666, 0.022568, 0.546395, -0.837223, 0.032399, 0.0, 0.0, 0.0, 1.0],
                [0.996228, 0.058129, 0.064427, 0.124994, 0.083789, -0.837488, -0.539994, -0.005666, 0.022568, 0.543356, -0.839199, 0.032399, 0.0, 0.0, 0.0, 1.0],
                [0.996229, 0.058373, 0.064197, 0.124994, 0.083781, -0.839576, -0.536743, -0.005666, 0.022567, 0.540097, -0.8413, 0.032399, 0.0, 0.0, 0.0, 1.0],
                [0.996229, 0.058633, 0.063951, 0.124994, 0.083776, -0.84179, -0.533264, -0.005666, 0.022566, 0.53661, -0.843528, 0.032399, 0.0, 0.0, 0.0, 1.0],
                [0.996229, 0.058912, 0.06369, 0.124994, 0.083772, -0.844133, -0.529548, -0.005666, 0.022566, 0.532887, -0.845885, 0.032399, 0.0, 0.0, 0.0, 1.0],
                [0.99623, 0.059209, 0.063411, 0.124994, 0.083771, -0.846605, -0.525587, -0.005666, 0.022565, 0.528918, -0.848373, 0.032399, 0.0, 0.0, 0.0, 1.0],
                [0.996229, 0.059526, 0.063116, 0.124994, 0.083772, -0.849208, -0.521371, -0.005666, 0.022564, 0.524693, -0.850993, 0.032399, 0.0, 0.0, 0.0, 1.0],
                [0.996229, 0.059861, 0.062802, 0.124994, 0.083776, -0.851942, -0.51689, -0.005666, 0.022563, 0.520202, -0.853745, 0.032399, 0.0, 0.0, 0.0, 1.0],
                [0.996229, 0.060216, 0.06247, 0.124994, 0.083783, -0.854809, -0.512134, -0.005666, 0.022561, 0.515437, -0.856631, 0.032399, 0.0, 0.0, 0.0, 1.0],
                [0.996228, 0.060592, 0.062118, 0.124994, 0.083792, -0.857808, -0.507093, -0.005666, 0.02256, 0.510385, -0.85965, 0.032399, 0.0, 0.0, 0.0, 1.0],
                [0.996227, 0.060988, 0.061746, 0.124994, 0.083804, -0.86094, -0.501756, -0.005666, 0.022559, 0.505038, -0.862802, 0.032399, 0.0, 0.0, 0.0, 1.0],
                [0.996226, 0.061404, 0.061353, 0.124994, 0.08382, -0.864202, -0.496113, -0.005666, 0.022558, 0.499384, -0.866087, 0.032399, 0.0, 0.0, 0.0, 1.0],
                [0.996224, 0.061842, 0.060937, 0.124994, 0.083839, -0.867595, -0.490153, -0.005666, 0.022556, 0.493411, -0.869504, 0.032399, 0.0, 0.0, 0.0, 1.0],
                [0.996222, 0.062302, 0.060498, 0.124994, 0.083861, -0.871116, -0.483864, -0.005666, 0.022555, 0.487109, -0.87305, 0.032399, 0.0, 0.0, 0.0, 1.0],
                [0.99622, 0.062782, 0.060035, 0.124994, 0.083887, -0.874763, -0.477234, -0.005666, 0.022554, 0.480466, -0.876723, 0.032399, 0.0, 0.0, 0.0, 1.0],
                [0.996217, 0.063285, 0.059546, 0.124994, 0.083917, -0.878533, -0.470252, -0.005666, 0.022554, 0.47347, -0.880521, 0.032399, 0.0, 0.0, 0.0, 1.0],
                [0.996215, 0.06381, 0.059032, 0.124994, 0.083951, -0.882423, -0.462905, -0.005666, 0.022553, 0.466109, -0.88444, 0.032399, 0.0, 0.0, 0.0, 1.0],
                [0.996211, 0.064357, 0.05849, 0.124994, 0.083989, -0.886428, -0.455181, -0.005666, 0.022553, 0.45837, -0.888476, 0.032399, 0.0, 0.0, 0.0, 1.0],
                [0.996208, 0.064926, 0.057919, 0.124994, 0.084032, -0.890544, -0.447068, -0.005666, 0.022553, 0.45024, -0.892623, 0.032399, 0.0, 0.0, 0.0, 1.0],
                [0.996204, 0.065517, 0.057318, 0.124994, 0.084078, -0.894764, -0.438551, -0.005666, 0.022554, 0.441706, -0.896877, 0.032399, 0.0, 0.0, 0.0, 1.0],
                [0.9962, 0.06613, 0.056687, 0.124994, 0.084129, -0.899083, -0.429618, -0.005666, 0.022555, 0.432754, -0.90123, 0.032399, 0.0, 0.0, 0.0, 1.0],
                [0.996195, 0.066765, 0.056022, 0.124994, 0.084186, -0.903492, -0.420255, -0.005666, 0.022557, 0.423372, -0.905675, 0.032399, 0.0, 0.0, 0.0, 1.0],
                [0.99619, 0.067489, 0.055232, 0.124994, 0.08424, -0.908525, -0.40925, -0.005666, 0.02256, 0.412343, -0.910749, 0.032399, 0.0, 0.0, 0.0, 1.0],
                [0.996186, 0.068356, 0.05423, 0.124994, 0.084287, -0.914591, -0.395499, -0.005666, 0.022563, 0.398561, -0.916864, 0.032399, 0.0, 0.0, 0.0, 1.0],
                [0.996183, 0.069347, 0.053023, 0.124994, 0.084328, -0.921484, -0.37915, -0.005666, 0.022567, 0.382174, -0.923815, 0.032399, 0.0, 0.0, 0.0, 1.0],
                [0.99618, 0.07044, 0.051619, 0.124994, 0.084361, -0.928993, -0.360353, -0.005666, 0.022571, 0.363331, -0.931387, 0.032399, 0.0, 0.0, 0.0, 1.0],
                [0.996177, 0.071613, 0.050027, 0.124994, 0.084389, -0.936899, -0.339263, -0.005666, 0.022575, 0.342187, -0.93936, 0.032399, 0.0, 0.0, 0.0, 1.0],
                [0.996175, 0.072844, 0.048257, 0.124994, 0.08441, -0.944982, -0.316043, -0.005666, 0.02258, 0.318907, -0.947517, 0.032399, 0.0, 0.0, 0.0, 1.0],
                [0.996174, 0.074112, 0.046317, 0.124994, 0.084427, -0.95303, -0.290871, -0.005666, 0.022585, 0.293668, -0.95564, 0.032399, 0.0, 0.0, 0.0, 1.0],
                [0.996173, 0.075395, 0.044221, 0.124994, 0.084437, -0.960836, -0.26394, -0.005666, 0.02259, 0.266664, -0.963525, 0.032399, 0.0, 0.0, 0.0, 1.0],
                [0.996172, 0.076673, 0.041982, 0.124994, 0.084444, -0.968208, -0.235461, -0.005666, 0.022594, 0.238105, -0.970977, 0.032399, 0.0, 0.0, 0.0, 1.0],
                [0.996172, 0.077925, 0.039616, 0.124994, 0.084445, -0.974973, -0.205661, -0.005666, 0.022599, 0.208219, -0.977821, 0.032399, 0.0, 0.0, 0.0, 1.0],
                [0.996172, 0.079133, 0.03714, 0.124994, 0.084443, -0.980979, -0.174785, -0.005666, 0.022602, 0.177252, -0.983906, 0.032399, 0.0, 0.0, 0.0, 1.0],
                [0.996172, 0.080282, 0.034574, 0.124994, 0.084437, -0.986101, -0.143092, -0.005666, 0.022606, 0.145464, -0.989105, 0.032399, 0.0, 0.0, 0.0, 1.0],
                [0.996173, 0.081358, 0.031939, 0.124994, 0.084428, -0.990244, -0.110857, -0.005666, 0.022608, 0.113129, -0.993323, 0.032399, 0.0, 0.0, 0.0, 1.0],
                [0.996174, 0.082348, 0.029257, 0.124994, 0.084416, -0.993344, -0.078361, -0.005666, 0.022609, 0.080531, -0.996496, 0.032399, 0.0, 0.0, 0.0, 1.0],
                [0.996175, 0.083245, 0.026553, 0.124994, 0.084401, -0.995374, -0.045893, -0.005666, 0.02261, 0.047959, -0.998593, 0.032399, 0.0, 0.0, 0.0, 1.0],
                [0.996177, 0.084043, 0.023852, 0.124994, 0.084385, -0.996338, -0.013745, -0.005666, 0.022609, 0.015705, -0.999621, 0.032399, 0.0, 0.0, 0.0, 1.0],
                [0.996178, 0.084738, 0.021179, 0.124994, 0.084368, -0.996276, 0.017795, -0.005666, 0.022608, -0.01594, -0.999617, 0.032399, 0.0, 0.0, 0.0, 1.0],
                [0.99618, 0.085331, 0.01856, 0.124994, 0.084349, -0.995258, 0.048443, -0.005666, 0.022605, -0.046692, -0.998654, 0.032399, 0.0, 0.0, 0.0, 1.0],
                [0.996182, 0.085824, 0.01602, 0.124994, 0.08433, -0.993386, 0.077925, -0.005666, 0.022602, -0.076276, -0.996831, 0.032399, 0.0, 0.0, 0.0, 1.0],
                [0.996183, 0.086223, 0.013586, 0.124994, 0.08431, -0.990788, 0.105977, -0.005666, 0.022598, -0.104427, -0.994276, 0.032399, 0.0, 0.0, 0.0, 1.0],
                [0.996185, 0.086534, 0.01128, 0.124994, 0.084291, -0.987612, 0.132351, -0.005666, 0.022593, -0.130895, -0.991139, 0.032399, 0.0, 0.0, 0.0, 1.0],
                [0.996187, 0.086768, 0.009128, 0.124994, 0.084272, -0.984027, 0.15681, -0.005666, 0.022588, -0.155443, -0.987587, 0.032399, 0.0, 0.0, 0.0, 1.0],
                [0.996188, 0.086935, 0.007151, 0.124994, 0.084255, -0.98021, 0.179133, -0.005666, 0.022583, -0.177847, -0.983799, 0.032399, 0.0, 0.0, 0.0, 1.0],
                [0.99619, 0.087046, 0.005373, 0.124994, 0.084238, -0.97635, 0.199109, -0.005666, 0.022577, -0.197898, -0.979963, 0.032399, 0.0, 0.0, 0.0, 1.0],
                [0.996191, 0.087112, 0.003813, 0.124994, 0.084223, -0.972634, 0.216539, -0.005666, 0.022572, -0.215393, -0.976267, 0.032399, 0.0, 0.0, 0.0, 1.0],
                [0.996192, 0.087147, 0.002493, 0.124994, 0.084211, -0.969247, 0.231232, -0.005666, 0.022567, -0.230141, -0.972896, 0.032399, 0.0, 0.0, 0.0, 1.0],
                [0.996193, 0.087159, 0.001432, 0.124994, 0.0842, -0.966365, 0.242998, -0.005666, 0.022563, -0.241953, -0.970026, 0.032399, 0.0, 0.0, 0.0, 1.0],
                [0.996194, 0.08716, 0.00065, 0.124994, 0.084192, -0.964149, 0.251649, -0.005666, 0.02256, -0.250637, -0.967818, 0.032399, 0.0, 0.0, 0.0, 1.0],
                [0.996195, 0.087157, 0.000166, 0.124994, 0.084187, -0.96274, 0.256991, -0.005666, 0.022558, -0.255999, -0.966414, 0.032399, 0.0, 0.0, 0.0, 1.0],
                [0.996195, 0.087155, -0.0, 0.124994, 0.084185, -0.96225, 0.258819, -0.005666, 0.022557, -0.257834, -0.965926, 0.032399, 0.0, 0.0, 0.0, 1.0]
            ]
        },
        {
            "name": "Leg_R",
            "time": [0.0, 0.0167, 0.0333, 0.05, 0.0667, 0.0833, 0.1, 0.1167, 0.1333, 0.15, 0.1667, 0.1833, 0.2, 0.2167, 0.2333, 0.25, 0.2667, 0.2833, 0.3, 0.3167, 0.3333, 0.35, 0.3667, 0.3833, 0.4, 0.4167, 0.4333, 0.45, 0.4667, 0.4833, 0.5, 0.5167, 0.5333, 0.55, 0.5667, 0.5833, 0.6, 0.6167, 0.6333, 0.65, 0.6667, 0.6833, 0.7, 0.7167, 0.7333, 0.75, 0.7667, 0.7833, 0.8, 0.8167, 0.8333, 0.85, 0.8667, 0.8833, 0.9, 0.9167, 0.9333, 0.95, 0.9667, 0.9833, 1.0, 1.0167, 1.0333, 1.05, 1.0667, 1.0833, 1.1, 1.1167, 1.1333, 1.15, 1.1667, 1.1833, 1.2, 1.2167, 1.2333, 1.25, 1.2667, 1.2833, 1.3, 1.3167, 1.3333, 1.35, 1.3667, 1.3833, 1.4, 1.4167, 1.4333, 1.45, 1.4667, 1.4833, 1.5, 1.5167, 1.5333, 1.55, 1.5667, 1.5833, 1.6, 1.6167, 1.6333, 1.65, 1.6667, 1.6833, 1.7, 1.7167, 1.7333, 1.75, 1.7667, 1.7833, 1.8, 1.8167, 1.8333, 1.85, 1.8667, 1.8833, 1.9, 1.9167, 1.9333, 1.95, 1.9667, 1.9833, 2.0, 2.0167, 2.0333, 2.05, 2.0667, 2.0833, 2.1],
            "transform": [
                [0.933031, -0.303936, 0.192552, -0.0, -0.049991, 0.420469, 0.905929, 0.37472, -0.356306, -0.854886, 0.377116, 0.0, 0.0, 0.0, 0.0, 1.0],
                [0.933031, -0.303936, 0.192552, -0.0, -0.049991, 0.420469, 0.905929, 0.37472, -0.356306, -0.854886, 0.377116, 0.0, 0.0, 0.0, 0.0, 1.0],
                [0.933031, -0.303936, 0.192552, -0.0, -0.049991, 0.420469, 0.905929, 0.37472, -0.356306, -0.854886, 0.377116, 0.0, 0.0, 0.0, 0.0, 1.0],
                [0.933031, -0.303936, 0.192552, -0.0, -0.049991, 0.420469, 0.905929, 0.37472, -0.356306, -0.854886, 0.377116, 0.0, 0.0, 0.0, 0.0, 1.0],
                [0.933031, -0.303936, 0.192552, -0.0, -0.049991, 0.420469, 0.905929, 0.37472, -0.356306, -0.854886, 0.377116, 0.0, 0.0, 0.0, 0.0, 1.0],
                [0.933031, -0.303936, 0.192552, -0.0, -0.049991, 0.420469, 0.905929, 0.37472, -0.356306, -0.854886, 0.377116, 0.0, 0.0, 0.0, 0.0, 1.0],
                [0.933031, -0.303936, 0.192552, -0.0, -0.049991, 0.420469, 0.905929, 0.37472, -0.356306, -0.854886, 0.377116, 0.0, 0.0, 0.0, 0.0, 1.0],
                [0.933031, -0.303936, 0.192552, -0.0, -0.049991, 0.420469, 0.905929, 0.37472, -0.356306, -0.854886, 0.377116, 0.0, 0.0, 0.0, 0.0, 1.0],
                [0.933031, -0.303936, 0.192552, -0.0, -0.049991, 0.420469, 0.905929, 0.37472, -0.356306, -0.854886, 0.377116, 0.0, 0.0, 0.0, 0.0, 1.0],
                [0.933031, -0.303936, 0.192552, -0.0, -0.049991, 0.420469, 0.905929, 0.37472, -0.356306, -0.854886, 0.377116, 0.0, 0.0, 0.0, 0.0, 1.0],
                [0.933031, -0.303936, 0.192552, -0.0, -0.049991, 0.420469, 0.905929, 0.37472, -0.356306, -0.854886, 0.377116, 0.0, 0.0, 0.0, 0.0, 1.0],
                [0.933031, -0.303936, 0.192552, -0.0, -0.049991, 0.420469, 0.905929, 0.37472, -0.356306, -0.854886, 0.377116, 0.0, 0.0, 0.0, 0.0, 1.0],
                [0.933031, -0.303936, 0.192552, -0.0, -0.049991, 0.420469, 0.905929, 0.37472, -0.356306, -0.854886, 0.377116, 0.0, 0.0, 0.0, 0.0, 1.0],
                [0.933031, -0.303936, 0.192552, -0.0, -0.049991, 0.420469, 0.905929, 0.37472, -0.356306, -0.854886, 0.377116, 0.0, 0.0, 0.0, 0.0, 1.0],
