{
    "armature": {
        "joints": ["Root", "Thigh_R", "Leg_R", "Knee_R", "Thigh_L", "Leg_L", "Knee_L", "Torso", "Chest", "Head", "Shoulder_R", "Arm_R", "Hand_R", "Tool_R", "Elbow_R", "Shoulder_L", "Arm_L", "Hand_L", "Tool_L", "Elbow_L"],
        "hierarchy": [
            {
                "name": "Root",
                "transform": [1.0, 0.0, 0.0, -5e-06, 0.0, 0.0, -1.0, 0.000946, 0.0, 1.0, 0.0, 0.763972, 0.0, 0.0, 0.0, 1.0],
                "children": [
                    {
                        "name": "Thigh_R",
                        "transform": [1.0, -0.0, -0.0, 0.124994, -0.0, -1.0, 0.0, -0.002831, -0.0, -0.0, -1.0, -1.2e-05, 0.0, 0.0, 0.0, 1.0],
                        "children": [
                            {
                                "name": "Leg_R",
                                "transform": [1.0, 0.0, 1e-06, 0.0, -0.0, 1.0, 0.0, 0.37472, -1e-06, -0.0, 1.0, -0.0, 0.0, 0.0, 0.0, 1.0],
                                "children": []
                            },
                            {
                                "name": "Knee_R",
                                "transform": [1.0, 0.0, -0.0, 0.0, -0.0, 0.0, -1.0, 0.37472, -0.0, 1.0, 0.0, -0.0, 0.0, 0.0, 0.0, 1.0],
                                "children": []
                            }
                        ]
                    },
                    {
                        "name": "Thigh_L",
                        "transform": [1.0, -0.0, -0.0, -0.125006, -0.0, -1.0, 0.0, -0.002831, -0.0, -0.0, -1.0, -1.2e-05, 0.0, 0.0, 0.0, 1.0],
                        "children": [
                            {
                                "name": "Leg_L",
                                "transform": [1.0, 0.0, 1e-06, -0.0, -0.0, 1.0, 0.0, 0.37472, -1e-06, -0.0, 1.0, 0.0, 0.0, 0.0, 0.0, 1.0],
                                "children": []
                            },
                            {
                                "name": "Knee_L",
                                "transform": [1.0, 0.0, -0.0, -0.0, -0.0, 0.0, -1.0, 0.37472, -0.0, 1.0, 0.0, 0.0, 0.0, 0.0, 0.0, 1.0],
                                "children": []
                            }
                        ]
                    },
                    {
                        "name": "Torso",
                        "transform": [1.0, 0.0, 0.0, 0.0, 0.0, 1.0, 0.0, 0.05, 0.0, 0.0, 1.0, 0.0, 0.0, 0.0, 0.0, 1.0],
                        "children": [
                            {
                                "name": "Chest",
                                "transform": [1.0, 0.0, 0.0, 0.0, 0.0, 1.0, 0.0, 0.3, 0.0, 0.0, 1.0, 0.0, 0.0, 0.0, 0.0, 1.0],
                                "children": [
                                    {
                                        "name": "Head",
                                        "transform": [1.0, 0.0, 0.0, 0.0, 0.0, 1.0, 0.0, 0.4, 0.0, 0.0, 1.0, 0.0, 0.0, 0.0, 0.0, 1.0],
                                        "children": []
                                    },
                                    {
                                        "name": "Shoulder_R",
                                        "transform": [0.0, 0.952114, 0.305743, 0.0, 0.0, -0.305743, 0.952114, 0.4, 1.0, 0.0, -0.0, 0.0, 0.0, 0.0, 0.0, 1.0],
                                        "children": [
                                            {
                                                "name": "Arm_R",
                                                "transform": [0.0, -0.0, -1.0, -0.0, 0.952114, 0.305743, 0.0, 0.39386, 0.305743, -0.952114, 0.0, 0.0, 0.0, 0.0, 0.0, 1.0],
                                                "children": [
                                                    {
                                                        "name": "Hand_R",
                                                        "transform": [1.0, 0.0, 0.0, 0.0, -0.0, 0.993938, 0.109947, 0.3, -0.0, -0.109947, 0.993937, 0.0, 0.0, 0.0, 0.0, 1.0],
                                                        "children": [
                                                            {
                                                                "name": "Tool_R",
                                                                "transform": [1.0, 0.0, 0.0, -0.0, 0.0, -0.999836, 0.018122, 0.272858, 0.0, -0.018122, -0.999836, 0.0, 0.0, 0.0, 0.0, 1.0],
                                                                "children": []
                                                            }
                                                        ]
                                                    },
                                                    {
                                                        "name": "Elbow_R",
                                                        "transform": [-1.0, 0.0, -0.0, 0.0, 0.0, 0.0, -1.0, 0.3, -0.0, -1.0, -0.0, 0.0, 0.0, 0.0, 0.0, 1.0],
                                                        "children": []
                                                    }
                                                ]
                                            }
                                        ]
                                    },
                                    {
                                        "name": "Shoulder_L",
                                        "transform": [-0.0, -0.952114, -0.305743, 0.0, 0.0, -0.305743, 0.952114, 0.4, -1.0, 0.0, 0.0, 0.0, 0.0, 0.0, 0.0, 1.0],
                                        "children": [
                                            {
                                                "name": "Arm_L",
                                                "transform": [-0.0, -0.0, 1.0, -0.0, -0.952114, 0.305743, -0.0, 0.39386, -0.305743, -0.952114, -0.0, 0.0, 0.0, 0.0, 0.0, 1.0],
                                                "children": [
                                                    {
                                                        "name": "Hand_L",
                                                        "transform": [1.0, -0.0, 0.0, -0.0, 0.0, 0.993937, 0.109947, 0.3, -0.0, -0.109947, 0.993937, 0.0, 0.0, 0.0, 0.0, 1.0],
                                                        "children": [
                                                            {
                                                                "name": "Tool_L",
                                                                "transform": [1.0, 0.0, 0.0, -0.0, -0.0, -0.999836, 0.018122, 0.272858, 0.0, -0.018122, -0.999836, -0.0, 0.0, 0.0, 0.0, 1.0],
                                                                "children": []
                                                            }
                                                        ]
                                                    },
                                                    {
                                                        "name": "Elbow_L",
                                                        "transform": [-1.0, 0.0, -0.0, -0.0, 0.0, -0.0, -1.0, 0.3, -0.0, -1.0, 0.0, 0.0, 0.0, 0.0, 0.0, 1.0],
                                                        "children": []
                                                    }
                                                ]
                                            }
                                        ]
                                    }
                                ]
                            }
                        ]
                    }
                ]
            }
        ]
    },
    "animation": [
        {
            "name": "Root",
            "time": [0.0, 0.0167, 0.0333, 0.05, 0.0667, 0.0833, 0.1, 0.1167, 0.1333, 0.15, 0.1667, 0.1833, 0.2, 0.2167, 0.2333, 0.25, 0.2667, 0.2833, 0.3, 0.3167, 0.3333, 0.35, 0.3667, 0.3833, 0.4, 0.4167, 0.4333, 0.45, 0.4667, 0.4833, 0.5, 0.5167, 0.5333, 0.55, 0.5667, 0.5833, 0.6, 0.6167, 0.6333, 0.65, 0.6667, 0.6833, 0.7, 0.7167, 0.7333, 0.75, 0.7667, 0.7833, 0.8, 0.8167, 0.8333, 0.85, 0.8667, 0.8833, 0.9, 0.9167, 0.9333, 0.95, 0.9667, 0.9833, 1.0, 1.0167, 1.0333, 1.05, 1.0667, 1.0833, 1.1, 1.1167, 1.1333, 1.15, 1.1667, 1.1833, 1.2, 1.2167, 1.2333, 1.25, 1.2667, 1.2833, 1.3, 1.3167, 1.3333, 1.35, 1.3667, 1.3833, 1.4, 1.4167, 1.4333, 1.45, 1.4667, 1.4833, 1.5, 1.5167, 1.5333, 1.55, 1.5667, 1.5833, 1.6, 1.6167, 1.6333, 1.65, 1.6667, 1.6833, 1.7, 1.7167, 1.7333, 1.75, 1.7667, 1.7833, 1.8, 1.8167, 1.8333, 1.85, 1.8667],
            "transform": [
                [1.0, 0.0, 0.0, -5e-06, 0.0, 0.0, -1.0, 0.000946, 0.0, 1.0, 0.0, 0.649212, 0.0, 0.0, 0.0, 1.0],
                [1.0, 0.0, 0.0, -5e-06, 0.0, 0.0, -1.0, 0.000946, 0.0, 1.0, 0.0, 0.649212, 0.0, 0.0, 0.0, 1.0],
                [1.0, 0.0, 0.0, -5e-06, 0.0, 0.0, -1.0, 0.000946, 0.0, 1.0, 0.0, 0.649212, 0.0, 0.0, 0.0, 1.0],
                [1.0, 0.0, 0.0, -5e-06, 0.0, 0.0, -1.0, 0.000946, 0.0, 1.0, 0.0, 0.649212, 0.0, 0.0, 0.0, 1.0],
                [1.0, 0.0, 0.0, -5e-06, 0.0, 0.0, -1.0, 0.000946, 0.0, 1.0, 0.0, 0.649212, 0.0, 0.0, 0.0, 1.0],
                [1.0, 0.0, 0.0, -5e-06, 0.0, 0.0, -1.0, 0.000946, 0.0, 1.0, 0.0, 0.649212, 0.0, 0.0, 0.0, 1.0],
                [1.0, 0.0, 0.0, -5e-06, 0.0, 0.0, -1.0, 0.000946, 0.0, 1.0, 0.0, 0.649212, 0.0, 0.0, 0.0, 1.0],
                [1.0, 0.0, 0.0, -5e-06, 0.0, 0.0, -1.0, 0.000946, 0.0, 1.0, 0.0, 0.649212, 0.0, 0.0, 0.0, 1.0],
                [1.0, 0.0, 0.0, -5e-06, 0.0, 0.0, -1.0, 0.000946, 0.0, 1.0, 0.0, 0.649212, 0.0, 0.0, 0.0, 1.0],
                [1.0, 0.0, 0.0, -5e-06, 0.0, 0.0, -1.0, 0.000946, 0.0, 1.0, 0.0, 0.649212, 0.0, 0.0, 0.0, 1.0],
                [1.0, 0.0, 0.0, -5e-06, 0.0, 0.0, -1.0, 0.000946, 0.0, 1.0, 0.0, 0.649212, 0.0, 0.0, 0.0, 1.0],
                [1.0, 0.0, 0.0, -5e-06, 0.0, 0.0, -1.0, 0.000946, 0.0, 1.0, 0.0, 0.649212, 0.0, 0.0, 0.0, 1.0],
                [1.0, 0.0, 0.0, -5e-06, 0.0, 0.0, -1.0, 0.000946, 0.0, 1.0, 0.0, 0.649212, 0.0, 0.0, 0.0, 1.0],
                [1.0, 0.0, 0.0, -5e-06, 0.0, 0.0, -1.0, 0.000946, 0.0, 1.0, 0.0, 0.649212, 0.0, 0.0, 0.0, 1.0],
                [1.0, 0.0, 0.0, -5e-06, 0.0, 0.0, -1.0, 0.000946, 0.0, 1.0, 0.0, 0.649212, 0.0, 0.0, 0.0, 1.0],
                [1.0, 0.0, 0.0, -5e-06, 0.0, 0.0, -1.0, 0.000946, 0.0, 1.0, 0.0, 0.649212, 0.0, 0.0, 0.0, 1.0],
                [1.0, 0.0, 0.0, -5e-06, 0.0, 0.0, -1.0, 0.000946, 0.0, 1.0, 0.0, 0.649212, 0.0, 0.0, 0.0, 1.0],
                [1.0, 0.0, 0.0, -5e-06, 0.0, 0.0, -1.0, 0.000946, 0.0, 1.0, 0.0, 0.649212, 0.0, 0.0, 0.0, 1.0],
                [1.0, 0.0, 0.0, -5e-06, 0.0, 0.0, -1.0, 0.000946, 0.0, 1.0, 0.0, 0.649212, 0.0, 0.0, 0.0, 1.0],
                [1.0, 0.0, 0.0, -5e-06, 0.0, 0.0, -1.0, 0.021508, 0.0, 1.0, 0.0, 0.654096, 0.0, 0.0, 0.0, 1.0],
                [1.0, 0.0, 0.0, -5e-06, 0.0, 0.0, -1.0, 0.078053, 0.0, 1.0, 0.0, 0.667353, 0.0, 0.0, 0.0, 1.0],
                [1.0, 0.0, 0.0, -5e-06, 0.0, 0.0, -1.0, 0.162873, 0.0, 1.0, 0.0, 0.686889, 0.0, 0.0, 0.0, 1.0],
                [1.0, 0.0, 0.0, -5e-06, 0.0, 0.0, -1.0, 0.268259, 0.0, 1.0, 0.0, 0.710612, 0.0, 0.0, 0.0, 1.0],
                [1.0, 0.0, 0.0, -5e-06, 0.0, 0.0, -1.0, 0.386502, 0.0, 1.0, 0.0, 0.736428, 0.0, 0.0, 0.0, 1.0],
                [1.0, 0.0, 0.0, -5e-06, 0.0, 0.0, -1.0, 0.509894, 0.0, 1.0, 0.0, 0.762244, 0.0, 0.0, 0.0, 1.0],
                [1.0, 0.0, 0.0, -5e-06, 0.0, 0.0, -1.0, 0.630726, 0.0, 1.0, 0.0, 0.785967, 0.0, 0.0, 0.0, 1.0],
                [1.0, 0.0, 0.0, -5e-06, 0.0, 0.0, -1.0, 0.74129, 0.0, 1.0, 0.0, 0.805503, 0.0, 0.0, 0.0, 1.0],
                [1.0, 0.0, 0.0, -5e-06, 0.0, 0.0, -1.0, 0.833876, 0.0, 1.0, 0.0, 0.81876, 0.0, 0.0, 0.0, 1.0],
                [1.0, 0.0, 0.0, -5e-06, 0.0, 0.0, -1.0, 0.900777, 0.0, 1.0, 0.0, 0.823644, 0.0, 0.0, 0.0, 1.0],
                [1.0, 0.0, 0.0, -5e-06, 0.0, 0.0, -1.0, 0.941085, 0.0, 1.0, 0.0, 0.823644, 0.0, 0.0, 0.0, 1.0],
                [1.0, 0.0, 0.0, -5e-06, 0.0, 0.0, -1.0, 0.96335, 0.0, 1.0, 0.0, 0.823644, 0.0, 0.0, 0.0, 1.0],
                [1.0, 0.0, 0.0, -5e-06, 0.0, 0.0, -1.0, 0.974041, 0.0, 1.0, 0.0, 0.823644, 0.0, 0.0, 0.0, 1.0],
                [1.0, 0.0, 0.0, -5e-06, 0.0, 0.0, -1.0, 0.97963, 0.0, 1.0, 0.0, 0.823644, 0.0, 0.0, 0.0, 1.0],
                [1.0, 0.0, 0.0, -5e-06, 0.0, 0.0, -1.0, 0.986589, 0.0, 1.0, 0.0, 0.823644, 0.0, 0.0, 0.0, 1.0],
                [1.0, 0.0, 0.0, -5e-06, 0.0, 0.0, -1.0, 1.000178, 0.0, 1.0, 0.0, 0.825668, 0.0, 0.0, 0.0, 1.0],
                [1.0, 0.0, 0.0, -5e-06, 0.0, 0.0, -1.0, 1.02082, 0.0, 1.0, 0.0, 0.830887, 0.0, 0.0, 0.0, 1.0],
                [1.0, 0.0, 0.0, -5e-06, 0.0, 0.0, -1.0, 1.047726, 0.0, 1.0, 0.0, 0.838023, 0.0, 0.0, 0.0, 1.0],
                [1.0, 0.0, 0.0, -5e-06, 0.0, 0.0, -1.0, 1.08011, 0.0, 1.0, 0.0, 0.845799, 0.0, 0.0, 0.0, 1.0],
                [1.0, 0.0, 0.0, -5e-06, 0.0, 0.0, -1.0, 1.117184, 0.0, 1.0, 0.0, 0.852935, 0.0, 0.0, 0.0, 1.0],
                [1.0, 0.0, 0.0, -5e-06, 0.0, 0.0, -1.0, 1.158161, 0.0, 1.0, 0.0, 0.858155, 0.0, 0.0, 0.0, 1.0],
                [1.0, 0.0, 0.0, -5e-06, 0.0, 0.0, -1.0, 1.202252, 0.0, 1.0, 0.0, 0.860178, 0.0, 0.0, 0.0, 1.0],
                [1.0, 0.0, 0.0, -5e-06, 0.0, 0.0, -1.0, 1.248682, 0.0, 1.0, 0.0, 0.857209, 0.0, 0.0, 0.0, 1.0],
                [1.0, 0.0, 0.0, -5e-06, 0.0, 0.0, -1.0, 1.296724, 0.0, 1.0, 0.0, 0.848856, 0.0, 0.0, 0.0, 1.0],
                [1.0, 0.0, 0.0, -5e-06, 0.0, 0.0, -1.0, 1.345661, 0.0, 1.0, 0.0, 0.835954, 0.0, 0.0, 0.0, 1.0],
                [1.0, 0.0, 0.0, -5e-06, 0.0, 0.0, -1.0, 1.394776, 0.0, 1.0, 0.0, 0.819339, 0.0, 0.0, 0.0, 1.0],
                [1.0, 0.0, 0.0, -5e-06, 0.0, 0.0, -1.0, 1.443355, 0.0, 1.0, 0.0, 0.799845, 0.0, 0.0, 0.0, 1.0],
                [1.0, 0.0, 0.0, -5e-06, 0.0, 0.0, -1.0, 1.490681, 0.0, 1.0, 0.0, 0.778305, 0.0, 0.0, 0.0, 1.0],
                [1.0, 0.0, 0.0, -5e-06, 0.0, 0.0, -1.0, 1.536038, 0.0, 1.0, 0.0, 0.755555, 0.0, 0.0, 0.0, 1.0],
                [1.0, 0.0, 0.0, -5e-06, 0.0, 0.0, -1.0, 1.578709, 0.0, 1.0, 0.0, 0.73243, 0.0, 0.0, 0.0, 1.0],
                [1.0, 0.0, 0.0, -5e-06, 0.0, 0.0, -1.0, 1.617978, 0.0, 1.0, 0.0, 0.709764, 0.0, 0.0, 0.0, 1.0],
                [1.0, 0.0, 0.0, -5e-06, 0.0, 0.0, -1.0, 1.653131, 0.0, 1.0, 0.0, 0.688391, 0.0, 0.0, 0.0, 1.0],
                [1.0, 0.0, 0.0, -5e-06, 0.0, 0.0, -1.0, 1.683449, 0.0, 1.0, 0.0, 0.669146, 0.0, 0.0, 0.0, 1.0],
                [1.0, 0.0, 0.0, -5e-06, 0.0, 0.0, -1.0, 1.708218, 0.0, 1.0, 0.0, 0.652864, 0.0, 0.0, 0.0, 1.0],
                [1.0, 0.0, 0.0, -5e-06, 0.0, 0.0, -1.0, 1.726721, 0.0, 1.0, 0.0, 0.640379, 0.0, 0.0, 0.0, 1.0],
                [1.0, 0.0, 0.0, -5e-06, 0.0, 0.0, -1.0, 1.738243, 0.0, 1.0, 0.0, 0.632526, 0.0, 0.0, 0.0, 1.0],
                [1.0, 0.0, 0.0, -5e-06, 0.0, 0.0, -1.0, 1.745777, 0.0, 1.0, 0.0, 0.627441, 0.0, 0.0, 0.0, 1.0],
                [1.0, 0.0, 0.0, -5e-06, 0.0, 0.0, -1.0, 1.75281, 0.0, 1.0, 0.0, 0.622694, 0.0, 0.0, 0.0, 1.0],
                [1.0, 0.0, 0.0, -5e-06, 0.0, 0.0, -1.0, 1.759358, 0.0, 1.0, 0.0, 0.618275, 0.0, 0.0, 0.0, 1.0],
                [1.0, 0.0, 0.0, -5e-06, 0.0, 0.0, -1.0, 1.765438, 0.0, 1.0, 0.0, 0.614171, 0.0, 0.0, 0.0, 1.0],
                [1.0, 0.0, 0.0, -5e-06, 0.0, 0.0, -1.0, 1.771068, 0.0, 1.0, 0.0, 0.610371, 0.0, 0.0, 0.0, 1.0],
                [1.0, 0.0, 0.0, -5e-06, 0.0, 0.0, -1.0, 1.776266, 0.0, 1.0, 0.0, 0.606863, 0.0, 0.0, 0.0, 1.0],
                [1.0, 0.0, 0.0, -5e-06, 0.0, 0.0, -1.0, 1.781047, 0.0, 1.0, 0.0, 0.603636, 0.0, 0.0, 0.0, 1.0],
                [1.0, 0.0, 0.0, -5e-06, 0.0, 0.0, -1.0, 1.785431, 0.0, 1.0, 0.0, 0.600677, 0.0, 0.0, 0.0, 1.0],
                [1.0, 0.0, 0.0, -5e-06, 0.0, 0.0, -1.0, 1.789434, 0.0, 1.0, 0.0, 0.597976, 0.0, 0.0, 0.0, 1.0],
                [1.0, 0.0, 0.0, -5e-06, 0.0, 0.0, -1.0, 1.793073, 0.0, 1.0, 0.0, 0.59552, 0.0, 0.0, 0.0, 1.0],
                [1.0, 0.0, 0.0, -5e-06, 0.0, 0.0, -1.0, 1.796365, 0.0, 1.0, 0.0, 0.593297, 0.0, 0.0, 0.0, 1.0],
                [1.0, 0.0, 0.0, -5e-06, 0.0, 0.0, -1.0, 1.799329, 0.0, 1.0, 0.0, 0.591297, 0.0, 0.0, 0.0, 1.0],
                [1.0, 0.0, 0.0, -5e-06, 0.0, 0.0, -1.0, 1.801981, 0.0, 1.0, 0.0, 0.589507, 0.0, 0.0, 0.0, 1.0],
                [1.0, 0.0, 0.0, -5e-06, 0.0, 0.0, -1.0, 1.804339, 0.0, 1.0, 0.0, 0.587916, 0.0, 0.0, 0.0, 1.0],
                [1.0, 0.0, 0.0, -5e-06, 0.0, 0.0, -1.0, 1.806419, 0.0, 1.0, 0.0, 0.586511, 0.0, 0.0, 0.0, 1.0],
                [1.0, 0.0, 0.0, -5e-06, 0.0, 0.0, -1.0, 1.80824, 0.0, 1.0, 0.0, 0.585283, 0.0, 0.0, 0.0, 1.0],
                [1.0, 0.0, 0.0, -5e-06, 0.0, 0.0, -1.0, 1.809819, 0.0, 1.0, 0.0, 0.584217, 0.0, 0.0, 0.0, 1.0],
                [1.0, 0.0, 0.0, -5e-06, 0.0, 0.0, -1.0, 1.811172, 0.0, 1.0, 0.0, 0.583304, 0.0, 0.0, 0.0, 1.0],
                [1.0, 0.0, 0.0, -5e-06, 0.0, 0.0, -1.0, 1.812318, 0.0, 1.0, 0.0, 0.58253, 0.0, 0.0, 0.0, 1.0],
                [1.0, 0.0, 0.0, -5e-06, 0.0, 0.0, -1.0, 1.813273, 0.0, 1.0, 0.0, 0.581886, 0.0, 0.0, 0.0, 1.0],
                [1.0, 0.0, 0.0, -5e-06, 0.0, 0.0, -1.0, 1.814055, 0.0, 1.0, 0.0, 0.581358, 0.0, 0.0, 0.0, 1.0],
                [1.0, 0.0, 0.0, -5e-06, 0.0, 0.0, -1.0, 1.814682, 0.0, 1.0, 0.0, 0.580935, 0.0, 0.0, 0.0, 1.0],
                [1.0, 0.0, 0.0, -5e-06, 0.0, 0.0, -1.0, 1.815169, 0.0, 1.0, 0.0, 0.580606, 0.0, 0.0, 0.0, 1.0],
                [1.0, 0.0, 0.0, -5e-06, 0.0, 0.0, -1.0, 1.815536, 0.0, 1.0, 0.0, 0.580359, 0.0, 0.0, 0.0, 1.0],
                [1.0, 0.0, 0.0, -5e-06, 0.0, 0.0, -1.0, 1.815798, 0.0, 1.0, 0.0, 0.580181, 0.0, 0.0, 0.0, 1.0],
                [1.0, 0.0, 0.0, -5e-06, 0.0, 0.0, -1.0, 1.815974, 0.0, 1.0, 0.0, 0.580063, 0.0, 0.0, 0.0, 1.0],
                [1.0, 0.0, 0.0, -5e-06, 0.0, 0.0, -1.0, 1.816081, 0.0, 1.0, 0.0, 0.579991, 0.0, 0.0, 0.0, 1.0],
                [1.0, 0.0, 0.0, -5e-06, 0.0, 0.0, -1.0, 1.816136, 0.0, 1.0, 0.0, 0.579954, 0.0, 0.0, 0.0, 1.0],
                [1.0, 0.0, 0.0, -5e-06, 0.0, 0.0, -1.0, 1.816156, 0.0, 1.0, 0.0, 0.57994, 0.0, 0.0, 0.0, 1.0],
                [1.0, 0.0, 0.0, -5e-06, 0.0, 0.0, -1.0, 1.816159, 0.0, 1.0, 0.0, 0.579938, 0.0, 0.0, 0.0, 1.0],
                [1.0, 0.0, 0.0, -5e-06, 0.0, 0.0, -1.0, 1.81339, 0.0, 1.0, 0.0, 0.580625, 0.0, 0.0, 0.0, 1.0],
                [1.0, 0.0, 0.0, -5e-06, 0.0, 0.0, -1.0, 1.805352, 0.0, 1.0, 0.0, 0.582621, 0.0, 0.0, 0.0, 1.0],
                [1.0, 0.0, 0.0, -5e-06, 0.0, 0.0, -1.0, 1.792451, 0.0, 1.0, 0.0, 0.585823, 0.0, 0.0, 0.0, 1.0],
                [1.0, 0.0, 0.0, -5e-06, 0.0, 0.0, -1.0, 1.775092, 0.0, 1.0, 0.0, 0.590132, 0.0, 0.0, 0.0, 1.0],
                [1.0, 0.0, 0.0, -5e-06, 0.0, 0.0, -1.0, 1.75368, 0.0, 1.0, 0.0, 0.595447, 0.0, 0.0, 0.0, 1.0],
                [1.0, 0.0, 0.0, -5e-06, 0.0, 0.0, -1.0, 1.728622, 0.0, 1.0, 0.0, 0.601668, 0.0, 0.0, 0.0, 1.0],
                [1.0, 0.0, 0.0, -5e-06, 0.0, 0.0, -1.0, 1.70032, 0.0, 1.0, 0.0, 0.608693, 0.0, 0.0, 0.0, 1.0],
                [1.0, 0.0, 0.0, -5e-06, 0.0, 0.0, -1.0, 1.669183, 0.0, 1.0, 0.0, 0.616423, 0.0, 0.0, 0.0, 1.0],
                [1.0, 0.0, 0.0, -5e-06, 0.0, 0.0, -1.0, 1.635613, 0.0, 1.0, 0.0, 0.624756, 0.0, 0.0, 0.0, 1.0],
                [1.0, 0.0, 0.0, -5e-06, 0.0, 0.0, -1.0, 1.600017, 0.0, 1.0, 0.0, 0.633592, 0.0, 0.0, 0.0, 1.0],
                [1.0, 0.0, 0.0, -5e-06, 0.0, 0.0, -1.0, 1.5628, 0.0, 1.0, 0.0, 0.642831, 0.0, 0.0, 0.0, 1.0],
                [1.0, 0.0, 0.0, -5e-06, 0.0, 0.0, -1.0, 1.524367, 0.0, 1.0, 0.0, 0.652371, 0.0, 0.0, 0.0, 1.0],
                [1.0, 0.0, 0.0, -5e-06, 0.0, 0.0, -1.0, 1.485124, 0.0, 1.0, 0.0, 0.662113, 0.0, 0.0, 0.0, 1.0],
                [1.0, 0.0, 0.0, -5e-06, 0.0, 0.0, -1.0, 1.445475, 0.0, 1.0, 0.0, 0.671955, 0.0, 0.0, 0.0, 1.0],
                [1.0, 0.0, 0.0, -5e-06, 0.0, 0.0, -1.0, 1.405827, 0.0, 1.0, 0.0, 0.681797, 0.0, 0.0, 0.0, 1.0],
                [1.0, 0.0, 0.0, -5e-06, 0.0, 0.0, -1.0, 1.366584, 0.0, 1.0, 0.0, 0.691539, 0.0, 0.0, 0.0, 1.0],
                [1.0, 0.0, 0.0, -5e-06, 0.0, 0.0, -1.0, 1.328151, 0.0, 1.0, 0.0, 0.701079, 0.0, 0.0, 0.0, 1.0],
                [1.0, 0.0, 0.0, -5e-06, 0.0, 0.0, -1.0, 1.290934, 0.0, 1.0, 0.0, 0.710317, 0.0, 0.0, 0.0, 1.0],
                [1.0, 0.0, 0.0, -5e-06, 0.0, 0.0, -1.0, 1.255338, 0.0, 1.0, 0.0, 0.719154, 0.0, 0.0, 0.0, 1.0],
                [1.0, 0.0, 0.0, -5e-06, 0.0, 0.0, -1.0, 1.221768, 0.0, 1.0, 0.0, 0.727487, 0.0, 0.0, 0.0, 1.0],
                [1.0, 0.0, 0.0, -5e-06, 0.0, 0.0, -1.0, 1.19063, 0.0, 1.0, 0.0, 0.735216, 0.0, 0.0, 0.0, 1.0],
                [1.0, 0.0, 0.0, -5e-06, 0.0, 0.0, -1.0, 1.162329, 0.0, 1.0, 0.0, 0.742242, 0.0, 0.0, 0.0, 1.0],
                [1.0, 0.0, 0.0, -5e-06, 0.0, 0.0, -1.0, 1.13727, 0.0, 1.0, 0.0, 0.748462, 0.0, 0.0, 0.0, 1.0],
                [1.0, 0.0, 0.0, -5e-06, 0.0, 0.0, -1.0, 1.115859, 0.0, 1.0, 0.0, 0.753777, 0.0, 0.0, 0.0, 1.0],
                [1.0, 0.0, 0.0, -5e-06, 0.0, 0.0, -1.0, 1.0985, 0.0, 1.0, 0.0, 0.758086, 0.0, 0.0, 0.0, 1.0],
                [1.0, 0.0, 0.0, -5e-06, 0.0, 0.0, -1.0, 1.085599, 0.0, 1.0, 0.0, 0.761289, 0.0, 0.0, 0.0, 1.0],
                [1.0, 0.0, 0.0, -5e-06, 0.0, 0.0, -1.0, 1.077561, 0.0, 1.0, 0.0, 0.763284, 0.0, 0.0, 0.0, 1.0],
                [1.0, 0.0, 0.0, -5e-06, 0.0, 0.0, -1.0, 1.074792, 0.0, 1.0, 0.0, 0.763972, 0.0, 0.0, 0.0, 1.0]
            ]
        },
        {
            "name": "Thigh_R",
            "time": [0.0, 0.0167, 0.0333, 0.05, 0.0667, 0.0833, 0.1, 0.1167, 0.1333, 0.15, 0.1667, 0.1833, 0.2, 0.2167, 0.2333, 0.25, 0.2667, 0.2833, 0.3, 0.3167, 0.3333, 0.35, 0.3667, 0.3833, 0.4, 0.4167, 0.4333, 0.45, 0.4667, 0.4833, 0.5, 0.5167, 0.5333, 0.55, 0.5667, 0.5833, 0.6, 0.6167, 0.6333, 0.65, 0.6667, 0.6833, 0.7, 0.7167, 0.7333, 0.75, 0.7667, 0.7833, 0.8, 0.8167, 0.8333, 0.85, 0.8667, 0.8833, 0.9, 0.9167, 0.9333, 0.95, 0.9667, 0.9833, 1.0, 1.0167, 1.0333, 1.05, 1.0667, 1.0833, 1.1, 1.1167, 1.1333, 1.15, 1.1667, 1.1833, 1.2, 1.2167, 1.2333, 1.25, 1.2667, 1.2833, 1.3, 1.3167, 1.3333, 1.35, 1.3667, 1.3833, 1.4, 1.4167, 1.4333, 1.45, 1.4667, 1.4833, 1.5, 1.5167, 1.5333, 1.55, 1.5667, 1.5833, 1.6, 1.6167, 1.6333, 1.65, 1.6667, 1.6833, 1.7, 1.7167, 1.7333, 1.75, 1.7667, 1.7833, 1.8, 1.8167, 1.8333, 1.85, 1.8667],
            "transform": [
                [0.996215, 0.056537, 0.066021, 0.124994, 0.083939, -0.822963, -0.561859, -0.005666, 0.022567, 0.565274, -0.824594, 0.032399, 0.0, 0.0, 0.0, 1.0],
                [0.996215, 0.056537, 0.066021, 0.124994, 0.083939, -0.822963, -0.561859, -0.005666, 0.022567, 0.565274, -0.824594, 0.032399, 0.0, 0.0, 0.0, 1.0],
                [0.996215, 0.056537, 0.066021, 0.124994, 0.083939, -0.822963, -0.561859, -0.005666, 0.022567, 0.565274, -0.824594, 0.032399, 0.0, 0.0, 0.0, 1.0],
                [0.996215, 0.056537, 0.066021, 0.124994, 0.083939, -0.822963, -0.561859, -0.005666, 0.022567, 0.565274, -0.824594, 0.032399, 0.0, 0.0, 0.0, 1.0],
                [0.996215, 0.056537, 0.066021, 0.124994, 0.083939, -0.822963, -0.561859, -0.005666, 0.022567, 0.565274, -0.824594, 0.032399, 0.0, 0.0, 0.0, 1.0],
                [0.996215, 0.056537, 0.066021, 0.124994, 0.083939, -0.822963, -0.561859, -0.005666, 0.022567, 0.565274, -0.824594, 0.032399, 0.0, 0.0, 0.0, 1.0],
                [0.996215, 0.056537, 0.066021, 0.124994, 0.083939, -0.822963, -0.561859, -0.005666, 0.022567, 0.565274, -0.824594, 0.032399, 0.0, 0.0, 0.0, 1.0],
                [0.996215, 0.056537, 0.066021, 0.124994, 0.083939, -0.822963, -0.561859, -0.005666, 0.022567, 0.565274, -0.824594, 0.032399, 0.0, 0.0, 0.0, 1.0],
                [0.996215, 0.056537, 0.066021, 0.124994, 0.083939, -0.822963, -0.561859, -0.005666, 0.022567, 0.565274, -0.824594, 0.032399, 0.0, 0.0, 0.0, 1.0],
                [0.996215, 0.056537, 0.066021, 0.124994, 0.083939, -0.822963, -0.561859, -0.005666, 0.022567, 0.565274, -0.824594, 0.032399, 0.0, 0.0, 0.0, 1.0],
                [0.996215, 0.056537, 0.066021, 0.124994, 0.083939, -0.822963, -0.561859, -0.005666, 0.022567, 0.565274, -0.824594, 0.032399, 0.0, 0.0, 0.0, 1.0],
                [0.996215, 0.056537, 0.066021, 0.124994, 0.083939, -0.822963, -0.561859, -0.005666, 0.022567, 0.565274, -0.824594, 0.032399, 0.0, 0.0, 0.0, 1.0],
                [0.996215, 0.056537, 0.066021, 0.124994, 0.083939, -0.822963, -0.561859, -0.005666, 0.022567, 0.565274, -0.824594, 0.032399, 0.0, 0.0, 0.0, 1.0],
                [0.996215, 0.056537, 0.066021, 0.124994, 0.083939, -0.822963, -0.561859, -0.005666, 0.022567, 0.565274, -0.824594, 0.032399, 0.0, 0.0, 0.0, 1.0],
                [0.996215, 0.056537, 0.066021, 0.124994, 0.083939, -0.822963, -0.561859, -0.005666, 0.022567, 0.565274, -0.824594, 0.032399, 0.0, 0.0, 0.0, 1.0],
                [0.996215, 0.056537, 0.066021, 0.124994, 0.083939, -0.822963, -0.561859, -0.005666, 0.022567, 0.565274, -0.824594, 0.032399, 0.0, 0.0, 0.0, 1.0],
                [0.996215, 0.056537, 0.066021, 0.124994, 0.083939, -0.822963, -0.561859, -0.005666, 0.022567, 0.565274, -0.824594, 0.032399, 0.0, 0.0, 0.0, 1.0],
                [0.996215, 0.056537, 0.066021, 0.124994, 0.083939, -0.822963, -0.561859, -0.005666, 0.022567, 0.565274, -0.824594, 0.032399, 0.0, 0.0, 0.0, 1.0],
                [0.996215, 0.056537, 0.066021, 0.124994, 0.083939, -0.822963, -0.561859, -0.005666, 0.022567, 0.565274, -0.824594, 0.032399, 0.0, 0.0, 0.0, 1.0],
                [0.996215, 0.056537, 0.066021, 0.124994, 0.083019, -0.843902, -0.530034, -0.005666, 0.025749, 0.533509, -0.845402, 0.032399, 0.0, 0.0, 0.0, 1.0],
                [0.996215, 0.056537, 0.066021, 0.124994, 0.079825, -0.895661, -0.437515, -0.005666, 0.034397, 0.441129, -0.896784, 0.032399, 0.0, 0.0, 0.0, 1.0],
                [0.996215, 0.056537, 0.066021, 0.124994, 0.073196, -0.955305, -0.286415, -0.005666, 0.046877, 0.290164, -0.955828, 0.032399, 0.0, 0.0, 0.0, 1.0],
                [0.996215, 0.056537, 0.066021, 0.124994, 0.062086, -0.994422, -0.085269, -0.005666, 0.060832, 0.089045, -0.994168, 0.032399, 0.0, 0.0, 0.0, 1.0],
                [0.996215, 0.056537, 0.066021, 0.124994, 0.046641, -0.988646, 0.142842, -0.005666, 0.073347, -0.139222, -0.987541, 0.032399, 0.0, 0.0, 0.0, 1.0],
                [0.996215, 0.056537, 0.066021, 0.124994, 0.028756, -0.931157, 0.363481, -0.005666, 0.082026, -0.360207, -0.929259, 0.032399, 0.0, 0.0, 0.0, 1.0],
                [0.996215, 0.056537, 0.066021, 0.124994, 0.011406, -0.83802, 0.54552, -0.005666, 0.086169, -0.542702, -0.835494, 0.032399, 0.0, 0.0, 0.0, 1.0],
                [0.996215, 0.056537, 0.066021, 0.124994, -0.002707, -0.739004, 0.673695, -0.005666, 0.086878, -0.671324, -0.736054, 0.032399, 0.0, 0.0, 0.0, 1.0],
                [0.996215, 0.056537, 0.066021, 0.124994, -0.011894, -0.663746, 0.747863, -0.005666, 0.086103, -0.745818, -0.660562, 0.032399, 0.0, 0.0, 0.0, 1.0],
                [0.996215, 0.056537, 0.066021, 0.124994, -0.015165, -0.634849, 0.772487, -0.005666, 0.085587, -0.770565, -0.631589, 0.032399, 0.0, 0.0, 0.0, 1.0],
                [0.996215, 0.056537, 0.066021, 0.124994, -0.015165, -0.634849, 0.772487, -0.005666, 0.085587, -0.770565, -0.631589, 0.032399, 0.0, 0.0, 0.0, 1.0],
                [0.996215, 0.056537, 0.066021, 0.124994, -0.015165, -0.634849, 0.772487, -0.005666, 0.085587, -0.770565, -0.631589, 0.032399, 0.0, 0.0, 0.0, 1.0],
                [0.996215, 0.056539, 0.066022, 0.124994, -0.014663, -0.639352, 0.768774, -0.005666, 0.085677, -0.766833, -0.636103, 0.032399, 0.0, 0.0, 0.0, 1.0],
                [0.996214, 0.056547, 0.066026, 0.124994, -0.013202, -0.652294, 0.757851, -0.005666, 0.085922, -0.755854, -0.649078, 0.032399, 0.0, 0.0, 0.0, 1.0],
                [0.996213, 0.056559, 0.066032, 0.124994, -0.010843, -0.672725, 0.739813, -0.005666, 0.086264, -0.737727, -0.669565, 0.032399, 0.0, 0.0, 0.0, 1.0],
                [0.996212, 0.056575, 0.06604, 0.124994, -0.00764, -0.699554, 0.714539, -0.005666, 0.086624, -0.712337, -0.696472, 0.032399, 0.0, 0.0, 0.0, 1.0],
                [0.99621, 0.056593, 0.066051, 0.124994, -0.003647, -0.731535, 0.681793, -0.005666, 0.086904, -0.679451, -0.728557, 0.032399, 0.0, 0.0, 0.0, 1.0],
                [0.996208, 0.056613, 0.066064, 0.124994, 0.001073, -0.767264, 0.64133, -0.005666, 0.086997, -0.638828, -0.764415, 0.032399, 0.0, 0.0, 0.0, 1.0],
                [0.996206, 0.056634, 0.06608, 0.124994, 0.00644, -0.805176, 0.593, -0.005666, 0.08679, -0.590325, -0.802486, 0.032399, 0.0, 0.0, 0.0, 1.0],
                [0.996203, 0.056655, 0.066098, 0.124994, 0.012355, -0.843585, 0.536853, -0.005666, 0.086175, -0.533998, -0.841082, 0.032399, 0.0, 0.0, 0.0, 1.0],
                [0.996201, 0.056675, 0.066118, 0.124994, 0.018697, -0.88074, 0.47323, -0.005666, 0.085053, -0.470196, -0.878454, 0.032399, 0.0, 0.0, 0.0, 1.0],
                [0.996199, 0.056692, 0.06614, 0.124994, 0.025322, -0.914924, 0.402831, -0.005666, 0.08335, -0.399625, -0.912881, 0.032399, 0.0, 0.0, 0.0, 1.0],
                [0.996196, 0.056706, 0.066162, 0.124994, 0.032067, -0.944569, 0.326743, -0.005666, 0.081023, -0.323378, -0.942795, 0.032399, 0.0, 0.0, 0.0, 1.0],
                [0.996194, 0.056716, 0.066184, 0.124994, 0.038762, -0.968388, 0.246417, -0.005666, 0.078068, -0.242914, -0.966901, 0.032399, 0.0, 0.0, 0.0, 1.0],
                [0.996192, 0.056722, 0.066205, 0.124994, 0.04524, -0.985488, 0.163603, -0.005666, 0.074524, -0.159985, -0.984302, 0.032399, 0.0, 0.0, 0.0, 1.0],
                [0.996191, 0.056724, 0.066223, 0.124994, 0.051349, -0.995453, 0.080226, -0.005666, 0.070472, -0.07652, -0.994574, 0.032399, 0.0, 0.0, 0.0, 1.0],
                [0.99619, 0.056721, 0.066237, 0.124994, 0.056961, -0.998375, -0.001748, -0.005666, 0.06603, 0.005515, -0.997802, 0.032399, 0.0, 0.0, 0.0, 1.0],
                [0.99619, 0.056713, 0.066245, 0.124994, 0.061986, -0.994829, -0.080453, -0.005666, 0.06134, 0.084253, -0.994555, 0.032399, 0.0, 0.0, 0.0, 1.0],
                [0.996191, 0.056702, 0.066248, 0.124994, 0.066367, -0.985802, -0.15424, -0.005666, 0.056561, 0.158049, -0.98581, 0.032399, 0.0, 0.0, 0.0, 1.0],
                [0.996192, 0.056687, 0.066243, 0.124994, 0.070089, -0.972581, -0.221749, -0.005666, 0.051856, 0.225547, -0.972851, 0.032399, 0.0, 0.0, 0.0, 1.0],
                [0.996194, 0.056669, 0.06623, 0.124994, 0.073162, -0.956639, -0.281937, -0.005666, 0.047381, 0.28571, -0.957144, 0.032399, 0.0, 0.0, 0.0, 1.0],
                [0.996197, 0.056648, 0.066208, 0.124994, 0.075626, -0.939513, -0.334058, -0.005666, 0.04328, 0.337795, -0.940224, 0.032399, 0.0, 0.0, 0.0, 1.0],
                [0.9962, 0.056624, 0.066177, 0.124994, 0.077531, -0.922716, -0.377603, -0.005666, 0.039681, 0.381299, -0.9236, 0.032399, 0.0, 0.0, 0.0, 1.0],
                [0.996204, 0.056598, 0.066135, 0.124994, 0.078934, -0.907657, -0.412223, -0.005666, 0.036697, 0.415878, -0.90868, 0.032399, 0.0, 0.0, 0.0, 1.0],
                [0.996209, 0.056569, 0.066084, 0.124994, 0.079886, -0.895601, -0.437627, -0.005666, 0.034428, 0.441247, -0.896725, 0.032399, 0.0, 0.0, 0.0, 1.0],
                [0.996215, 0.056537, 0.066021, 0.124994, 0.080427, -0.887626, -0.453487, -0.005666, 0.032963, 0.457081, -0.888814, 0.032399, 0.0, 0.0, 0.0, 1.0],
                [0.996221, 0.05649, 0.065967, 0.124994, 0.080748, -0.882127, -0.464038, -0.005666, 0.031978, 0.467612, -0.883355, 0.032399, 0.0, 0.0, 0.0, 1.0],
                [0.996227, 0.056422, 0.06594, 0.124994, 0.081025, -0.876884, -0.473824, -0.005666, 0.031088, 0.477379, -0.878147, 0.032399, 0.0, 0.0, 0.0, 1.0],
                [0.996232, 0.056335, 0.065938, 0.124994, 0.081265, -0.871905, -0.482884, -0.005666, 0.030289, 0.486423, -0.873198, 0.032399, 0.0, 0.0, 0.0, 1.0],
                [0.996237, 0.05623, 0.065957, 0.124994, 0.081471, -0.867196, -0.491256, -0.005666, 0.029574, 0.494781, -0.868514, 0.032399, 0.0, 0.0, 0.0, 1.0],
                [0.996241, 0.056112, 0.065995, 0.124994, 0.081648, -0.86276, -0.498977, -0.005666, 0.02894, 0.50249, -0.864099, 0.032399, 0.0, 0.0, 0.0, 1.0],
                [0.996245, 0.055981, 0.06605, 0.124994, 0.081799, -0.858598, -0.506081, -0.005666, 0.028379, 0.509583, -0.859953, 0.032399, 0.0, 0.0, 0.0, 1.0],
                [0.996248, 0.055841, 0.066118, 0.124994, 0.081927, -0.854709, -0.512601, -0.005666, 0.027887, 0.516095, -0.856077, 0.032399, 0.0, 0.0, 0.0, 1.0],
                [0.996251, 0.055695, 0.066197, 0.124994, 0.082037, -0.851091, -0.518569, -0.005666, 0.027458, 0.522056, -0.852469, 0.032399, 0.0, 0.0, 0.0, 1.0],
                [0.996254, 0.055545, 0.066285, 0.124994, 0.082129, -0.847739, -0.524015, -0.005666, 0.027086, 0.527496, -0.849125, 0.032399, 0.0, 0.0, 0.0, 1.0],
                [0.996256, 0.055394, 0.066379, 0.124994, 0.082208, -0.84465, -0.528969, -0.005666, 0.026765, 0.532445, -0.846041, 0.032399, 0.0, 0.0, 0.0, 1.0],
                [0.996257, 0.055244, 0.066477, 0.124994, 0.082276, -0.841815, -0.533458, -0.005666, 0.026491, 0.536931, -0.84321, 0.032399, 0.0, 0.0, 0.0, 1.0],
                [0.996259, 0.055099, 0.066577, 0.124994, 0.082334, -0.839229, -0.537508, -0.005666, 0.026257, 0.540979, -0.840626, 0.032399, 0.0, 0.0, 0.0, 1.0],
                [0.99626, 0.054961, 0.066676, 0.124994, 0.082386, -0.836883, -0.541146, -0.005666, 0.026058, 0.544616, -0.838281, 0.032399, 0.0, 0.0, 0.0, 1.0],
                [0.99626, 0.054833, 0.066773, 0.124994, 0.082432, -0.834767, -0.544397, -0.005666, 0.025889, 0.547865, -0.836166, 0.032399, 0.0, 0.0, 0.0, 1.0],
                [0.996261, 0.054719, 0.066865, 0.124994, 0.082476, -0.832873, -0.547284, -0.005666, 0.025743, 0.550752, -0.834272, 0.032399, 0.0, 0.0, 0.0, 1.0],
                [0.99626, 0.05462, 0.066949, 0.124994, 0.082519, -0.83119, -0.549831, -0.005666, 0.025615, 0.553299, -0.832589, 0.032399, 0.0, 0.0, 0.0, 1.0],
                [0.99626, 0.05454, 0.067023, 0.124994, 0.082562, -0.829706, -0.552061, -0.005666, 0.0255, 0.555529, -0.831106, 0.032399, 0.0, 0.0, 0.0, 1.0],
                [0.996259, 0.054482, 0.067085, 0.124994, 0.082607, -0.828411, -0.553995, -0.005666, 0.025391, 0.557465, -0.829812, 0.032399, 0.0, 0.0, 0.0, 1.0],
                [0.996257, 0.054449, 0.067133, 0.124994, 0.082657, -0.827292, -0.555657, -0.005666, 0.025284, 0.559127, -0.828697, 0.032399, 0.0, 0.0, 0.0, 1.0],
                [0.996256, 0.054443, 0.067164, 0.124994, 0.082713, -0.826338, -0.557067, -0.005666, 0.025172, 0.560536, -0.827747, 0.032399, 0.0, 0.0, 0.0, 1.0],
                [0.996253, 0.054468, 0.067176, 0.124994, 0.082776, -0.825536, -0.558246, -0.005666, 0.02505, 0.561715, -0.826951, 0.032399, 0.0, 0.0, 0.0, 1.0],
                [0.996251, 0.054526, 0.067166, 0.124994, 0.082847, -0.824872, -0.559215, -0.005666, 0.024912, 0.562683, -0.826297, 0.032399, 0.0, 0.0, 0.0, 1.0],
                [0.996248, 0.05462, 0.067132, 0.124994, 0.08293, -0.824335, -0.559995, -0.005666, 0.024753, 0.563461, -0.825772, 0.032399, 0.0, 0.0, 0.0, 1.0],
                [0.996245, 0.054753, 0.067072, 0.124994, 0.083025, -0.82391, -0.560606, -0.005666, 0.024567, 0.56407, -0.825362, 0.032399, 0.0, 0.0, 0.0, 1.0],
                [0.996241, 0.054929, 0.066984, 0.124994, 0.083133, -0.823584, -0.561069, -0.005666, 0.024348, 0.564528, -0.825055, 0.032399, 0.0, 0.0, 0.0, 1.0],
                [0.996237, 0.055149, 0.066863, 0.124994, 0.083257, -0.823344, -0.561402, -0.005666, 0.024091, 0.564857, -0.824837, 0.032399, 0.0, 0.0, 0.0, 1.0],
                [0.996232, 0.055417, 0.06671, 0.124994, 0.083398, -0.823175, -0.561628, -0.005666, 0.02379, 0.565076, -0.824696, 0.032399, 0.0, 0.0, 0.0, 1.0],
                [0.996227, 0.055736, 0.066519, 0.124994, 0.083558, -0.823065, -0.561766, -0.005666, 0.023439, 0.565205, -0.824617, 0.032399, 0.0, 0.0, 0.0, 1.0],
                [0.996222, 0.056108, 0.066291, 0.124994, 0.083738, -0.822999, -0.561836, -0.005666, 0.023034, 0.565265, -0.824588, 0.032399, 0.0, 0.0, 0.0, 1.0],
                [0.996215, 0.056537, 0.066021, 0.124994, 0.083939, -0.822963, -0.561859, -0.005666, 0.022567, 0.565274, -0.824594, 0.032399, 0.0, 0.0, 0.0, 1.0],
                [0.996209, 0.057168, 0.065573, 0.124994, 0.084139, -0.824685, -0.559298, -0.005666, 0.022103, 0.562695, -0.826369, 0.032399, 0.0, 0.0, 0.0, 1.0],
                [0.996203, 0.058126, 0.064821, 0.124994, 0.084316, -0.829692, -0.551817, -0.005666, 0.021707, 0.555187, -0.831442, 0.032399, 0.0, 0.0, 0.0, 1.0],
                [0.996196, 0.059376, 0.063774, 0.124994, 0.084473, -0.837622, -0.53968, -0.005666, 0.021375, 0.543014, -0.839451, 0.032399, 0.0, 0.0, 0.0, 1.0],
                [0.99619, 0.060881, 0.062438, 0.124994, 0.084615, -0.848056, -0.523107, -0.005666, 0.021104, 0.526397, -0.849977, 0.032399, 0.0, 0.0, 0.0, 1.0],
                [0.996184, 0.062601, 0.060816, 0.124994, 0.084742, -0.860534, -0.502294, -0.005666, 0.02089, 0.505531, -0.862556, 0.032399, 0.0, 0.0, 0.0, 1.0],
                [0.996178, 0.064493, 0.058913, 0.124994, 0.084854, -0.874561, -0.477433, -0.005666, 0.020732, 0.480607, -0.876691, 0.032399, 0.0, 0.0, 0.0, 1.0],
                [0.996171, 0.066512, 0.056732, 0.124994, 0.084953, -0.889619, -0.448733, -0.005666, 0.020624, 0.451834, -0.891863, 0.032399, 0.0, 0.0, 0.0, 1.0],
                [0.996166, 0.068612, 0.054283, 0.124994, 0.085037, -0.90518, -0.416434, -0.005666, 0.020563, 0.419453, -0.907544, 0.032399, 0.0, 0.0, 0.0, 1.0],
                [0.99616, 0.070746, 0.051577, 0.124994, 0.085106, -0.920722, -0.380825, -0.005666, 0.020546, 0.383752, -0.923208, 0.032399, 0.0, 0.0, 0.0, 1.0],
                [0.996155, 0.072869, 0.048632, 0.124994, 0.085159, -0.935741, -0.342251, -0.005666, 0.020567, 0.345076, -0.938349, 0.032399, 0.0, 0.0, 0.0, 1.0],
                [0.996151, 0.074937, 0.045472, 0.124994, 0.085194, -0.949773, -0.301118, -0.005666, 0.020624, 0.303833, -0.952502, 0.032399, 0.0, 0.0, 0.0, 1.0],
                [0.996148, 0.076909, 0.042128, 0.124994, 0.08521, -0.962408, -0.257896, -0.005666, 0.020709, 0.260493, -0.965254, 0.032399, 0.0, 0.0, 0.0, 1.0],
                [0.996146, 0.078749, 0.038634, 0.124994, 0.085209, -0.973305, -0.213112, -0.005666, 0.02082, 0.215583, -0.976264, 0.032399, 0.0, 0.0, 0.0, 1.0],
                [0.996145, 0.080428, 0.035033, 0.124994, 0.085188, -0.982212, -0.16734, -0.005666, 0.020951, 0.169679, -0.985277, 0.032399, 0.0, 0.0, 0.0, 1.0],
                [0.996145, 0.081923, 0.03137, 0.124994, 0.08515, -0.988971, -0.121187, -0.005666, 0.021096, 0.123391, -0.992134, 0.032399, 0.0, 0.0, 0.0, 1.0],
                [0.996146, 0.083221, 0.027696, 0.124994, 0.085095, -0.993525, -0.075281, -0.005666, 0.021252, 0.077348, -0.996778, 0.032399, 0.0, 0.0, 0.0, 1.0],
                [0.996149, 0.084313, 0.024061, 0.124994, 0.085025, -0.995919, -0.030249, -0.005666, 0.021412, 0.032178, -0.999253, 0.032399, 0.0, 0.0, 0.0, 1.0],
                [0.996152, 0.085204, 0.020517, 0.124994, 0.084942, -0.996297, 0.013297, -0.005666, 0.021574, -0.011504, -0.999701, 0.032399, 0.0, 0.0, 0.0, 1.0],
                [0.996157, 0.0859, 0.017114, 0.124994, 0.08485, -0.994887, 0.054775, -0.005666, 0.021732, -0.053112, -0.998352, 0.032399, 0.0, 0.0, 0.0, 1.0],
                [0.996162, 0.086419, 0.013903, 0.124994, 0.084751, -0.991992, 0.093639, -0.005666, 0.021884, -0.092102, -0.995509, 0.032399, 0.0, 0.0, 0.0, 1.0],
                [0.996167, 0.086783, 0.010928, 0.124994, 0.084649, -0.987973, 0.129394, -0.005666, 0.022026, -0.127973, -0.991533, 0.032399, 0.0, 0.0, 0.0, 1.0],
                [0.996173, 0.087015, 0.008233, 0.124994, 0.084549, -0.98323, 0.161587, -0.005666, 0.022155, -0.160273, -0.986824, 0.032399, 0.0, 0.0, 0.0, 1.0],
                [0.996179, 0.087143, 0.005857, 0.124994, 0.084453, -0.978181, 0.189811, -0.005666, 0.02227, -0.188591, -0.981803, 0.032399, 0.0, 0.0, 0.0, 1.0],
                [0.996184, 0.087197, 0.003838, 0.124994, 0.084366, -0.973251, 0.213692, -0.005666, 0.022368, -0.212553, -0.976893, 0.032399, 0.0, 0.0, 0.0, 1.0],
                [0.996188, 0.087202, 0.002209, 0.124994, 0.084292, -0.968845, 0.232881, -0.005666, 0.022448, -0.231807, -0.972503, 0.032399, 0.0, 0.0, 0.0, 1.0],
                [0.996192, 0.087185, 0.001004, 0.124994, 0.084235, -0.965338, 0.247035, -0.005666, 0.022507, -0.24601, -0.969006, 0.032399, 0.0, 0.0, 0.0, 1.0],
