{
    "animation": [
        {
            "name": "Root",
            "time": [0.0, 0.0167, 0.0333, 0.05, 0.0667, 0.0833, 0.1, 0.1167, 0.1333, 0.15, 0.1667, 0.1833, 0.2, 0.2167, 0.2333, 0.25, 0.2667, 0.2833, 0.3, 0.3167, 0.3333, 0.35, 0.3667, 0.3833, 0.4, 0.4167, 0.4333, 0.45, 0.4667, 0.4833, 0.5, 0.5167, 0.5333, 0.55, 0.5667, 0.5833, 0.6, 0.6167, 0.6333, 0.65, 0.6667, 0.6833, 0.7, 0.7167, 0.7333, 0.75, 0.7667, 0.7833, 0.8, 0.8167, 0.8333, 0.85, 0.8667, 0.8833, 0.9, 0.9167, 0.9333, 0.95, 0.9667, 0.9833, 1.0, 1.0167, 1.0333, 1.05, 1.0667, 1.0833, 1.1, 1.1167, 1.1333, 1.15, 1.1667, 1.1833, 1.2, 1.2167, 1.2333, 1.25, 1.2667, 1.2833, 1.3, 1.3167, 1.3333, 1.35, 1.3667, 1.3833, 1.4, 1.4167, 1.4333, 1.45, 1.4667, 1.4833, 1.5],
            "transform": [
                [1.0, 0.0, 0.0, -5e-06, 0.0, 0.0, -1.0, 0.000946, 0.0, 1.0, 0.0, 0.763972, 0.0, 0.0, 0.0, 1.0],
                [1.0, 0.0, 0.0, -5e-06, 0.0, 0.0, -1.0, 0.001124, 0.0, 1.0, 0.0, 0.763972, 0.0, 0.0, 0.0, 1.0],
                [1.0, 0.0, 0.0, -5e-06, 0.0, 0.0, -1.0, 0.002366, 0.0, 1.0, 0.0, 0.763972, 0.0, 0.0, 0.0, 1.0],
                [1.0, 0.0, 0.0, -5e-06, 0.0, 0.0, -1.0, 0.005737, 0.0, 1.0, 0.0, 0.763972, 0.0, 0.0, 0.0, 1.0],
                [1.0, 0.0, 0.0, -5e-06, 0.0, 0.0, -1.0, 0.012302, 0.0, 1.0, 0.0, 0.763972, 0.0, 0.0, 0.0, 1.0],
                [1.0, 0.0, 0.0, -5e-06, 0.0, 0.0, -1.0, 0.023125, 0.0, 1.0, 0.0, 0.763972, 0.0, 0.0, 0.0, 1.0],
                [1.0, 0.0, 0.0, -5e-06, 0.0, 0.0, -1.0, 0.039271, 0.0, 1.0, 0.0, 0.763972, 0.0, 0.0, 0.0, 1.0],
                [1.0, 0.0, 0.0, -5e-06, 0.0, 0.0, -1.0, 0.072786, 0.0, 1.0, 0.0, 0.764337, 0.0, 0.0, 0.0, 1.0],
                [1.0, 0.0, 0.0, -5e-06, 0.0, 0.0, -1.0, 0.132961, 0.0, 1.0, 0.0, 0.765301, 0.0, 0.0, 0.0, 1.0],
                [1.0, 0.0, 0.0, -5e-06, 0.0, 0.0, -1.0, 0.216725, 0.0, 1.0, 0.0, 0.766663, 0.0, 0.0, 0.0, 1.0],
                [1.0, 0.0, 0.0, -5e-06, 0.0, 0.0, -1.0, 0.321012, 0.0, 1.0, 0.0, 0.768225, 0.0, 0.0, 0.0, 1.0],
                [1.0, 0.0, 0.0, -5e-06, 0.0, 0.0, -1.0, 0.442752, 0.0, 1.0, 0.0, 0.769786, 0.0, 0.0, 0.0, 1.0],
                [1.0, 0.0, 0.0, -5e-06, 0.0, 0.0, -1.0, 0.578877, 0.0, 1.0, 0.0, 0.771149, 0.0, 0.0, 0.0, 1.0],
                [1.0, 0.0, 0.0, -5e-06, 0.0, 0.0, -1.0, 0.726318, 0.0, 1.0, 0.0, 0.772112, 0.0, 0.0, 0.0, 1.0],
                [1.0, 0.0, 0.0, -5e-06, 0.0, 0.0, -1.0, 0.882007, 0.0, 1.0, 0.0, 0.772478, 0.0, 0.0, 0.0, 1.0],
                [1.0, 0.0, 0.0, -5e-06, 0.0, 0.0, -1.0, 1.042875, 0.0, 1.0, 0.0, 0.772478, 0.0, 0.0, 0.0, 1.0],
                [1.0, 0.0, 0.0, -5e-06, 0.0, 0.0, -1.0, 1.205854, 0.0, 1.0, 0.0, 0.772478, 0.0, 0.0, 0.0, 1.0],
                [1.0, 0.0, 0.0, -5e-06, 0.0, 0.0, -1.0, 1.367874, 0.0, 1.0, 0.0, 0.772478, 0.0, 0.0, 0.0, 1.0],
                [1.0, 0.0, 0.0, -5e-06, 0.0, 0.0, -1.0, 1.525868, 0.0, 1.0, 0.0, 0.772478, 0.0, 0.0, 0.0, 1.0],
                [1.0, 0.0, 0.0, -5e-06, 0.0, 0.0, -1.0, 1.676766, 0.0, 1.0, 0.0, 0.772478, 0.0, 0.0, 0.0, 1.0],
                [1.0, 0.0, 0.0, -5e-06, 0.0, 0.0, -1.0, 1.8175, 0.0, 1.0, 0.0, 0.772478, 0.0, 0.0, 0.0, 1.0],
                [1.0, 0.0, 0.0, -5e-06, 0.0, 0.0, -1.0, 1.945002, 0.0, 1.0, 0.0, 0.772478, 0.0, 0.0, 0.0, 1.0],
                [1.0, 0.0, 0.0, -5e-06, 0.0, 0.0, -1.0, 2.056203, 0.0, 1.0, 0.0, 0.772478, 0.0, 0.0, 0.0, 1.0],
                [1.0, 0.0, 0.0, -5e-06, 0.0, 0.0, -1.0, 2.148034, 0.0, 1.0, 0.0, 0.772478, 0.0, 0.0, 0.0, 1.0],
                [1.0, 0.0, 0.0, -5e-06, 0.0, 0.0, -1.0, 2.217427, 0.0, 1.0, 0.0, 0.772478, 0.0, 0.0, 0.0, 1.0],
                [1.0, 0.0, 0.0, -5e-06, 0.0, 0.0, -1.0, 2.261313, 0.0, 1.0, 0.0, 0.772478, 0.0, 0.0, 0.0, 1.0],
                [1.0, 0.0, 0.0, -5e-06, 0.0, 0.0, -1.0, 2.276624, 0.0, 1.0, 0.0, 0.772478, 0.0, 0.0, 0.0, 1.0],
                [1.0, 0.0, 0.0, -5e-06, 0.0, 0.0, -1.0, 2.276624, 0.0, 1.0, 0.0, 0.772478, 0.0, 0.0, 0.0, 1.0],
                [1.0, 0.0, 0.0, -5e-06, 0.0, 0.0, -1.0, 2.276624, 0.0, 1.0, 0.0, 0.772478, 0.0, 0.0, 0.0, 1.0],
                [1.0, 0.0, 0.0, -5e-06, 0.0, 0.0, -1.0, 2.276624, 0.0, 1.0, 0.0, 0.772478, 0.0, 0.0, 0.0, 1.0],
                [1.0, 0.0, 0.0, -5e-06, 0.0, 0.0, -1.0, 2.276624, 0.0, 1.0, 0.0, 0.772478, 0.0, 0.0, 0.0, 1.0],
                [1.0, 0.0, 0.0, -5e-06, 0.0, 0.0, -1.0, 2.276624, 0.0, 1.0, 0.0, 0.772478, 0.0, 0.0, 0.0, 1.0],
                [1.0, 0.0, 0.0, -5e-06, 0.0, 0.0, -1.0, 2.276624, 0.0, 1.0, 0.0, 0.772478, 0.0, 0.0, 0.0, 1.0],
                [1.0, 0.0, 0.0, -5e-06, 0.0, 0.0, -1.0, 2.276624, 0.0, 1.0, 0.0, 0.772478, 0.0, 0.0, 0.0, 1.0],
                [1.0, 0.0, 0.0, -5e-06, 0.0, 0.0, -1.0, 2.276624, 0.0, 1.0, 0.0, 0.772478, 0.0, 0.0, 0.0, 1.0],
                [1.0, 0.0, 0.0, -5e-06, 0.0, 0.0, -1.0, 2.276624, 0.0, 1.0, 0.0, 0.772478, 0.0, 0.0, 0.0, 1.0],
                [1.0, 0.0, 0.0, -5e-06, 0.0, 0.0, -1.0, 2.276624, 0.0, 1.0, 0.0, 0.772478, 0.0, 0.0, 0.0, 1.0],
                [1.0, 0.0, 0.0, -5e-06, 0.0, 0.0, -1.0, 2.276624, 0.0, 1.0, 0.0, 0.772478, 0.0, 0.0, 0.0, 1.0],
                [1.0, 0.0, 0.0, -5e-06, 0.0, 0.0, -1.0, 2.276624, 0.0, 1.0, 0.0, 0.772478, 0.0, 0.0, 0.0, 1.0],
                [1.0, 0.0, 0.0, -5e-06, 0.0, 0.0, -1.0, 2.276624, 0.0, 1.0, 0.0, 0.772478, 0.0, 0.0, 0.0, 1.0],
                [1.0, 0.0, 0.0, -5e-06, 0.0, 0.0, -1.0, 2.276624, 0.0, 1.0, 0.0, 0.772478, 0.0, 0.0, 0.0, 1.0],
                [1.0, 0.0, 0.0, -5e-06, 0.0, 0.0, -1.0, 2.276624, 0.0, 1.0, 0.0, 0.772478, 0.0, 0.0, 0.0, 1.0],
                [1.0, 0.0, 0.0, -5e-06, 0.0, 0.0, -1.0, 2.276624, 0.0, 1.0, 0.0, 0.772478, 0.0, 0.0, 0.0, 1.0],
                [1.0, 0.0, 0.0, -5e-06, 0.0, 0.0, -1.0, 2.276624, 0.0, 1.0, 0.0, 0.772478, 0.0, 0.0, 0.0, 1.0],
                [1.0, 0.0, 0.0, -5e-06, 0.0, 0.0, -1.0, 2.276624, 0.0, 1.0, 0.0, 0.772478, 0.0, 0.0, 0.0, 1.0],
                [1.0, 0.0, 0.0, -5e-06, 0.0, 0.0, -1.0, 2.276624, 0.0, 1.0, 0.0, 0.772478, 0.0, 0.0, 0.0, 1.0],
                [1.0, 0.0, 0.0, -5e-06, 0.0, 0.0, -1.0, 2.276624, 0.0, 1.0, 0.0, 0.772478, 0.0, 0.0, 0.0, 1.0],
                [1.0, 0.0, 0.0, -5e-06, 0.0, 0.0, -1.0, 2.276624, 0.0, 1.0, 0.0, 0.772478, 0.0, 0.0, 0.0, 1.0],
                [1.0, 0.0, 0.0, -5e-06, 0.0, 0.0, -1.0, 2.276624, 0.0, 1.0, 0.0, 0.772478, 0.0, 0.0, 0.0, 1.0],
                [1.0, 0.0, 0.0, -5e-06, 0.0, 0.0, -1.0, 2.276624, 0.0, 1.0, 0.0, 0.772478, 0.0, 0.0, 0.0, 1.0],
                [1.0, 0.0, 0.0, -5e-06, 0.0, 0.0, -1.0, 2.276624, 0.0, 1.0, 0.0, 0.772478, 0.0, 0.0, 0.0, 1.0],
                [1.0, 0.0, 0.0, -5e-06, 0.0, 0.0, -1.0, 2.276624, 0.0, 1.0, 0.0, 0.772478, 0.0, 0.0, 0.0, 1.0],
                [1.0, 0.0, 0.0, -5e-06, 0.0, 0.0, -1.0, 2.276624, 0.0, 1.0, 0.0, 0.772478, 0.0, 0.0, 0.0, 1.0],
                [1.0, 0.0, 0.0, -5e-06, 0.0, 0.0, -1.0, 2.276624, 0.0, 1.0, 0.0, 0.772478, 0.0, 0.0, 0.0, 1.0],
                [1.0, 0.0, 0.0, -5e-06, 0.0, 0.0, -1.0, 2.276624, 0.0, 1.0, 0.0, 0.772478, 0.0, 0.0, 0.0, 1.0],
                [1.0, 0.0, 0.0, -5e-06, 0.0, 0.0, -1.0, 2.276624, 0.0, 1.0, 0.0, 0.772478, 0.0, 0.0, 0.0, 1.0],
                [1.0, 0.0, 0.0, -5e-06, 0.0, 0.0, -1.0, 2.276624, 0.0, 1.0, 0.0, 0.772478, 0.0, 0.0, 0.0, 1.0],
                [1.0, 0.0, 0.0, -5e-06, 0.0, 0.0, -1.0, 2.276624, 0.0, 1.0, 0.0, 0.772478, 0.0, 0.0, 0.0, 1.0],
                [1.0, 0.0, 0.0, -5e-06, 0.0, 0.0, -1.0, 2.276624, 0.0, 1.0, 0.0, 0.772478, 0.0, 0.0, 0.0, 1.0],
                [1.0, 0.0, 0.0, -5e-06, 0.0, 0.0, -1.0, 2.2735, 0.0, 1.0, 0.0, 0.772478, 0.0, 0.0, 0.0, 1.0],
                [1.0, 0.0, 0.0, -5e-06, 0.0, 0.0, -1.0, 2.264393, 0.0, 1.0, 0.0, 0.772478, 0.0, 0.0, 0.0, 1.0],
                [1.0, 0.0, 0.0, -5e-06, 0.0, 0.0, -1.0, 2.249704, 0.0, 1.0, 0.0, 0.772478, 0.0, 0.0, 0.0, 1.0],
                [1.0, 0.0, 0.0, -5e-06, 0.0, 0.0, -1.0, 2.22983, 0.0, 1.0, 0.0, 0.772478, 0.0, 0.0, 0.0, 1.0],
                [1.0, 0.0, 0.0, -5e-06, 0.0, 0.0, -1.0, 2.20517, 0.0, 1.0, 0.0, 0.772478, 0.0, 0.0, 0.0, 1.0],
                [1.0, 0.0, 0.0, -5e-06, 0.0, 0.0, -1.0, 2.176123, 0.0, 1.0, 0.0, 0.772478, 0.0, 0.0, 0.0, 1.0],
                [1.0, 0.0, 0.0, -5e-06, 0.0, 0.0, -1.0, 2.143088, 0.0, 1.0, 0.0, 0.772478, 0.0, 0.0, 0.0, 1.0],
                [1.0, 0.0, 0.0, -5e-06, 0.0, 0.0, -1.0, 2.106463, 0.0, 1.0, 0.0, 0.772478, 0.0, 0.0, 0.0, 1.0],
                [1.0, 0.0, 0.0, -5e-06, 0.0, 0.0, -1.0, 2.066648, 0.0, 1.0, 0.0, 0.772478, 0.0, 0.0, 0.0, 1.0],
                [1.0, 0.0, 0.0, -5e-06, 0.0, 0.0, -1.0, 2.024042, 0.0, 1.0, 0.0, 0.772478, 0.0, 0.0, 0.0, 1.0],
                [1.0, 0.0, 0.0, -5e-06, 0.0, 0.0, -1.0, 1.979043, 0.0, 1.0, 0.0, 0.772478, 0.0, 0.0, 0.0, 1.0],
                [1.0, 0.0, 0.0, -5e-06, 0.0, 0.0, -1.0, 1.932049, 0.0, 1.0, 0.0, 0.772478, 0.0, 0.0, 0.0, 1.0],
                [1.0, 0.0, 0.0, -5e-06, 0.0, 0.0, -1.0, 1.88346, 0.0, 1.0, 0.0, 0.772478, 0.0, 0.0, 0.0, 1.0],
                [1.0, 0.0, 0.0, -5e-06, 0.0, 0.0, -1.0, 1.833675, 0.0, 1.0, 0.0, 0.772478, 0.0, 0.0, 0.0, 1.0],
                [1.0, 0.0, 0.0, -5e-06, 0.0, 0.0, -1.0, 1.783092, 0.0, 1.0, 0.0, 0.772478, 0.0, 0.0, 0.0, 1.0],
                [1.0, 0.0, 0.0, -5e-06, 0.0, 0.0, -1.0, 1.732111, 0.0, 1.0, 0.0, 0.772478, 0.0, 0.0, 0.0, 1.0],
                [1.0, 0.0, 0.0, -5e-06, 0.0, 0.0, -1.0, 1.681129, 0.0, 1.0, 0.0, 0.772478, 0.0, 0.0, 0.0, 1.0],
                [1.0, 0.0, 0.0, -5e-06, 0.0, 0.0, -1.0, 1.630546, 0.0, 1.0, 0.0, 0.772478, 0.0, 0.0, 0.0, 1.0],
                [1.0, 0.0, 0.0, -5e-06, 0.0, 0.0, -1.0, 1.580761, 0.0, 1.0, 0.0, 0.772478, 0.0, 0.0, 0.0, 1.0],
                [1.0, 0.0, 0.0, -5e-06, 0.0, 0.0, -1.0, 1.532173, 0.0, 1.0, 0.0, 0.772478, 0.0, 0.0, 0.0, 1.0],
                [1.0, 0.0, 0.0, -5e-06, 0.0, 0.0, -1.0, 1.485179, 0.0, 1.0, 0.0, 0.772478, 0.0, 0.0, 0.0, 1.0],
                [1.0, 0.0, 0.0, -5e-06, 0.0, 0.0, -1.0, 1.44018, 0.0, 1.0, 0.0, 0.772478, 0.0, 0.0, 0.0, 1.0],
                [1.0, 0.0, 0.0, -5e-06, 0.0, 0.0, -1.0, 1.397573, 0.0, 1.0, 0.0, 0.772478, 0.0, 0.0, 0.0, 1.0],
                [1.0, 0.0, 0.0, -5e-06, 0.0, 0.0, -1.0, 1.357758, 0.0, 1.0, 0.0, 0.772478, 0.0, 0.0, 0.0, 1.0],
                [1.0, 0.0, 0.0, -5e-06, 0.0, 0.0, -1.0, 1.321134, 0.0, 1.0, 0.0, 0.772478, 0.0, 0.0, 0.0, 1.0],
                [1.0, 0.0, 0.0, -5e-06, 0.0, 0.0, -1.0, 1.288099, 0.0, 1.0, 0.0, 0.772478, 0.0, 0.0, 0.0, 1.0],
                [1.0, 0.0, 0.0, -5e-06, 0.0, 0.0, -1.0, 1.259052, 0.0, 1.0, 0.0, 0.772478, 0.0, 0.0, 0.0, 1.0],
                [1.0, 0.0, 0.0, -5e-06, 0.0, 0.0, -1.0, 1.234392, 0.0, 1.0, 0.0, 0.772478, 0.0, 0.0, 0.0, 1.0],
                [1.0, 0.0, 0.0, -5e-06, 0.0, 0.0, -1.0, 1.214518, 0.0, 1.0, 0.0, 0.772478, 0.0, 0.0, 0.0, 1.0],
                [1.0, 0.0, 0.0, -5e-06, 0.0, 0.0, -1.0, 1.199828, 0.0, 1.0, 0.0, 0.772478, 0.0, 0.0, 0.0, 1.0],
                [1.0, 0.0, 0.0, -5e-06, 0.0, 0.0, -1.0, 1.190722, 0.0, 1.0, 0.0, 0.772478, 0.0, 0.0, 0.0, 1.0],
                [1.0, 0.0, 0.0, -5e-06, 0.0, 0.0, -1.0, 1.187598, 0.0, 1.0, 0.0, 0.772478, 0.0, 0.0, 0.0, 1.0]
            ]
        },
        {
            "name": "Thigh_R",
            "time": [0.0, 0.0167, 0.0333, 0.05, 0.0667, 0.0833, 0.1, 0.1167, 0.1333, 0.15, 0.1667, 0.1833, 0.2, 0.2167, 0.2333, 0.25, 0.2667, 0.2833, 0.3, 0.3167, 0.3333, 0.35, 0.3667, 0.3833, 0.4, 0.4167, 0.4333, 0.45, 0.4667, 0.4833, 0.5, 0.5167, 0.5333, 0.55, 0.5667, 0.5833, 0.6, 0.6167, 0.6333, 0.65, 0.6667, 0.6833, 0.7, 0.7167, 0.7333, 0.75, 0.7667, 0.7833, 0.8, 0.8167, 0.8333, 0.85, 0.8667, 0.8833, 0.9, 0.9167, 0.9333, 0.95, 0.9667, 0.9833, 1.0, 1.0167, 1.0333, 1.05, 1.0667, 1.0833, 1.1, 1.1167, 1.1333, 1.15, 1.1667, 1.1833, 1.2, 1.2167, 1.2333, 1.25, 1.2667, 1.2833, 1.3, 1.3167, 1.3333, 1.35, 1.3667, 1.3833, 1.4, 1.4167, 1.4333, 1.45, 1.4667, 1.4833, 1.5],
            "transform": [
                [0.575668, 0.06283, 0.815266, 0.124994, 0.240345, -0.966001, -0.095264, -0.002831, 0.781563, 0.250786, -0.571197, -1.2e-05, 0.0, 0.0, 0.0, 1.0],
                [0.575697, 0.062851, 0.815244, 0.124994, 0.240321, -0.966011, -0.095232, -0.002831, 0.781549, 0.250745, -0.571234, -1.2e-05, 0.0, 0.0, 0.0, 1.0],
                [0.575902, 0.062996, 0.815088, 0.124994, 0.240148, -0.966075, -0.095011, -0.002831, 0.781451, 0.250459, -0.571493, -1.2e-05, 0.0, 0.0, 0.0, 1.0],
                [0.576457, 0.063391, 0.814665, 0.124994, 0.239681, -0.96625, -0.094411, -0.002831, 0.781186, 0.249684, -0.572195, -1.2e-05, 0.0, 0.0, 0.0, 1.0],
                [0.577537, 0.064159, 0.81384, 0.124994, 0.238771, -0.966589, -0.093241, -0.002831, 0.780666, 0.248171, -0.57356, -1.2e-05, 0.0, 0.0, 0.0, 1.0],
                [0.579319, 0.065422, 0.812471, 0.124994, 0.237272, -0.967143, -0.091306, -0.002831, 0.779802, 0.245672, -0.575807, -1.2e-05, 0.0, 0.0, 0.0, 1.0],
                [0.581979, 0.067298, 0.810414, 0.124994, 0.235038, -0.967957, -0.088407, -0.002831, 0.778497, 0.24193, -0.579149, -1.2e-05, 0.0, 0.0, 0.0, 1.0],
                [0.589121, 0.072277, 0.804806, 0.124994, 0.229068, -0.970071, -0.08056, -0.002831, 0.774896, 0.231815, -0.588045, -1.2e-05, 0.0, 0.0, 0.0, 1.0],
                [0.603695, 0.082184, 0.792968, 0.124994, 0.217003, -0.974054, -0.064255, -0.002831, 0.767113, 0.210867, -0.605866, -1.2e-05, 0.0, 0.0, 0.0, 1.0],
                [0.624887, 0.095966, 0.774795, 0.124994, 0.199745, -0.979038, -0.039835, -0.002831, 0.75473, 0.179654, -0.630957, -1.2e-05, 0.0, 0.0, 0.0, 1.0],
                [0.651807, 0.112373, 0.750014, 0.124994, 0.17833, -0.983941, -0.007558, -0.002831, 0.73712, 0.138676, -0.661379, -1.2e-05, 0.0, 0.0, 0.0, 1.0],
                [0.683429, 0.12999, 0.718351, 0.124994, 0.153937, -0.987554, 0.032251, -0.002831, 0.713603, 0.08854, -0.694933, -1.2e-05, 0.0, 0.0, 0.0, 1.0],
                [0.718552, 0.147297, 0.679696, 0.124994, 0.127885, -0.988633, 0.079052, -0.002831, 0.683614, 0.03012, -0.729221, -1.2e-05, 0.0, 0.0, 0.0, 1.0],
                [0.755796, 0.162763, 0.634256, 0.124994, 0.101589, -0.986033, 0.131979, -0.002831, 0.646879, -0.035316, -0.761775, -1.2e-05, 0.0, 0.0, 0.0, 1.0],
                [0.793652, 0.174977, 0.582667, 0.124994, 0.076477, -0.978843, 0.189781, -0.002831, 0.603547, -0.10606, -0.790242, -1.2e-05, 0.0, 0.0, 0.0, 1.0],
                [0.830576, 0.182806, 0.526047, 0.124994, 0.053864, -0.966531, 0.250832, -0.002831, 0.554295, -0.18, -0.812624, -1.2e-05, 0.0, 0.0, 0.0, 1.0],
                [0.86513, 0.185533, 0.46597, 0.124994, 0.034823, -0.949041, 0.313222, -0.002831, 0.500337, -0.254752, -0.827505, -1.2e-05, 0.0, 0.0, 0.0, 1.0],
                [0.896122, 0.182956, 0.404343, 0.124994, 0.020058, -0.926839, 0.374921, -0.002831, 0.443355, -0.327865, -0.834231, -1.2e-05, 0.0, 0.0, 0.0, 1.0],
                [0.922723, 0.175419, 0.343236, 0.124994, 0.009838, -0.900875, 0.433966, -0.002831, 0.385339, -0.397054, -0.832984, -1.2e-05, 0.0, 0.0, 0.0, 1.0],
                [0.944531, 0.163757, 0.284683, 0.124994, 0.003986, -0.872475, 0.488643, -0.002831, 0.328398, -0.460404, -0.824732, -1.2e-05, 0.0, 0.0, 0.0, 1.0],
                [0.961566, 0.149178, 0.230513, 0.124994, 0.001935, -0.843195, 0.537604, -0.002831, 0.274566, -0.516496, -0.811077, -1.2e-05, 0.0, 0.0, 0.0, 1.0],
                [0.974201, 0.133116, 0.182245, 0.124994, 0.002832, -0.814671, 0.579916, -0.002831, 0.225666, -0.564439, -0.79403, -1.2e-05, 0.0, 0.0, 0.0, 1.0],
                [0.983053, 0.117085, 0.141059, 0.124994, 0.005661, -0.788487, 0.615025, -0.002831, 0.183234, -0.603804, -0.775788, -1.2e-05, 0.0, 0.0, 0.0, 1.0],
                [0.988864, 0.102554, 0.107842, 0.124994, 0.009365, -0.766099, 0.642654, -0.002831, 0.148524, -0.634488, -0.758529, -1.2e-05, 0.0, 0.0, 0.0, 1.0],
                [0.992375, 0.090863, 0.083286, 0.124994, 0.012945, -0.748796, 0.662673, -0.002831, 0.122576, -0.656542, -0.744263, -1.2e-05, 0.0, 0.0, 0.0, 1.0],
                [0.994211, 0.083175, 0.068016, 0.124994, 0.015541, -0.737706, 0.674943, -0.002831, 0.106314, -0.669979, -0.734728, -1.2e-05, 0.0, 0.0, 0.0, 1.0],
                [0.994783, 0.080442, 0.062738, 0.124994, 0.016506, -0.733812, 0.679152, -0.002831, 0.10067, -0.674574, -0.731311, -1.2e-05, 0.0, 0.0, 0.0, 1.0],
                [0.994783, 0.080442, 0.062738, 0.124994, 0.016506, -0.733812, 0.679152, -0.002831, 0.10067, -0.674574, -0.731311, -1.2e-05, 0.0, 0.0, 0.0, 1.0],
                [0.994783, 0.080442, 0.062738, 0.124994, 0.016506, -0.733812, 0.679152, -0.002831, 0.10067, -0.674574, -0.731311, -1.2e-05, 0.0, 0.0, 0.0, 1.0],
                [0.994783, 0.080442, 0.062738, 0.124994, 0.016506, -0.733812, 0.679152, -0.002831, 0.10067, -0.674574, -0.731311, -1.2e-05, 0.0, 0.0, 0.0, 1.0],
                [0.994783, 0.080442, 0.062738, 0.124994, 0.016506, -0.733812, 0.679152, -0.002831, 0.10067, -0.674574, -0.731311, -1.2e-05, 0.0, 0.0, 0.0, 1.0],
                [0.994783, 0.080442, 0.062738, 0.124994, 0.016506, -0.733812, 0.679152, -0.002831, 0.10067, -0.674574, -0.731311, -1.2e-05, 0.0, 0.0, 0.0, 1.0],
                [0.994783, 0.080442, 0.062738, 0.124994, 0.016506, -0.733812, 0.679152, -0.002831, 0.10067, -0.674574, -0.731311, -1.2e-05, 0.0, 0.0, 0.0, 1.0],
                [0.994783, 0.080442, 0.062738, 0.124994, 0.016506, -0.733812, 0.679152, -0.002831, 0.10067, -0.674574, -0.731311, -1.2e-05, 0.0, 0.0, 0.0, 1.0],
                [0.994783, 0.080442, 0.062738, 0.124994, 0.016506, -0.733812, 0.679152, -0.002831, 0.10067, -0.674574, -0.731311, -1.2e-05, 0.0, 0.0, 0.0, 1.0],
                [0.994783, 0.080442, 0.062738, 0.124994, 0.016506, -0.733812, 0.679152, -0.002831, 0.10067, -0.674574, -0.731311, -1.2e-05, 0.0, 0.0, 0.0, 1.0],
                [0.994783, 0.080442, 0.062738, 0.124994, 0.016506, -0.733812, 0.679152, -0.002831, 0.10067, -0.674574, -0.731311, -1.2e-05, 0.0, 0.0, 0.0, 1.0],
                [0.994783, 0.080442, 0.062738, 0.124994, 0.016506, -0.733812, 0.679152, -0.002831, 0.10067, -0.674574, -0.731311, -1.2e-05, 0.0, 0.0, 0.0, 1.0],
                [0.994783, 0.080442, 0.062738, 0.124994, 0.016506, -0.733812, 0.679152, -0.002831, 0.10067, -0.674574, -0.731311, -1.2e-05, 0.0, 0.0, 0.0, 1.0],
                [0.994783, 0.080442, 0.062738, 0.124994, 0.016506, -0.733812, 0.679152, -0.002831, 0.10067, -0.674574, -0.731311, -1.2e-05, 0.0, 0.0, 0.0, 1.0],
                [0.994783, 0.080442, 0.062738, 0.124994, 0.016506, -0.733812, 0.679152, -0.002831, 0.10067, -0.674574, -0.731311, -1.2e-05, 0.0, 0.0, 0.0, 1.0],
                [0.994783, 0.080442, 0.062738, 0.124994, 0.016506, -0.733812, 0.679152, -0.002831, 0.10067, -0.674574, -0.731311, -1.2e-05, 0.0, 0.0, 0.0, 1.0],
                [0.994783, 0.080442, 0.062738, 0.124994, 0.016506, -0.733812, 0.679152, -0.002831, 0.10067, -0.674574, -0.731311, -1.2e-05, 0.0, 0.0, 0.0, 1.0],
                [0.994783, 0.080442, 0.062738, 0.124994, 0.016506, -0.733812, 0.679152, -0.002831, 0.10067, -0.674574, -0.731311, -1.2e-05, 0.0, 0.0, 0.0, 1.0],
                [0.994783, 0.080442, 0.062738, 0.124994, 0.016506, -0.733812, 0.679152, -0.002831, 0.10067, -0.674574, -0.731311, -1.2e-05, 0.0, 0.0, 0.0, 1.0],
                [0.994783, 0.080442, 0.062738, 0.124994, 0.016506, -0.733812, 0.679152, -0.002831, 0.10067, -0.674574, -0.731311, -1.2e-05, 0.0, 0.0, 0.0, 1.0],
                [0.994783, 0.080442, 0.062738, 0.124994, 0.016506, -0.733812, 0.679152, -0.002831, 0.10067, -0.674574, -0.731311, -1.2e-05, 0.0, 0.0, 0.0, 1.0],
                [0.994783, 0.080442, 0.062738, 0.124994, 0.016506, -0.733812, 0.679152, -0.002831, 0.10067, -0.674574, -0.731311, -1.2e-05, 0.0, 0.0, 0.0, 1.0],
                [0.994783, 0.080442, 0.062738, 0.124994, 0.016506, -0.733812, 0.679152, -0.002831, 0.10067, -0.674574, -0.731311, -1.2e-05, 0.0, 0.0, 0.0, 1.0],
                [0.994783, 0.080442, 0.062738, 0.124994, 0.016506, -0.733812, 0.679152, -0.002831, 0.10067, -0.674574, -0.731311, -1.2e-05, 0.0, 0.0, 0.0, 1.0],
                [0.994783, 0.080442, 0.062738, 0.124994, 0.016506, -0.733812, 0.679152, -0.002831, 0.10067, -0.674574, -0.731311, -1.2e-05, 0.0, 0.0, 0.0, 1.0],
                [0.994783, 0.080442, 0.062738, 0.124994, 0.016506, -0.733812, 0.679152, -0.002831, 0.10067, -0.674574, -0.731311, -1.2e-05, 0.0, 0.0, 0.0, 1.0],
                [0.994783, 0.080442, 0.062738, 0.124994, 0.016506, -0.733812, 0.679152, -0.002831, 0.10067, -0.674574, -0.731311, -1.2e-05, 0.0, 0.0, 0.0, 1.0],
                [0.994783, 0.080442, 0.062738, 0.124994, 0.016506, -0.733812, 0.679152, -0.002831, 0.10067, -0.674574, -0.731311, -1.2e-05, 0.0, 0.0, 0.0, 1.0],
                [0.994783, 0.080442, 0.062738, 0.124994, 0.016506, -0.733812, 0.679152, -0.002831, 0.10067, -0.674574, -0.731311, -1.2e-05, 0.0, 0.0, 0.0, 1.0],
                [0.994783, 0.080442, 0.062738, 0.124994, 0.016506, -0.733812, 0.679152, -0.002831, 0.10067, -0.674574, -0.731311, -1.2e-05, 0.0, 0.0, 0.0, 1.0],
                [0.994783, 0.080442, 0.062738, 0.124994, 0.016506, -0.733812, 0.679152, -0.002831, 0.10067, -0.674574, -0.731311, -1.2e-05, 0.0, 0.0, 0.0, 1.0],
                [0.994783, 0.080442, 0.062738, 0.124994, 0.016506, -0.733812, 0.679152, -0.002831, 0.10067, -0.674574, -0.731311, -1.2e-05, 0.0, 0.0, 0.0, 1.0],
                [0.994783, 0.080442, 0.062738, 0.124994, 0.016506, -0.733812, 0.679152, -0.002831, 0.10067, -0.674574, -0.731311, -1.2e-05, 0.0, 0.0, 0.0, 1.0],
                [0.99455, 0.081577, 0.064922, 0.124994, 0.016103, -0.735427, 0.677413, -0.002831, 0.103007, -0.672676, -0.732733, -1.2e-05, 0.0, 0.0, 0.0, 1.0],
                [0.993837, 0.084863, 0.071315, 0.124994, 0.014956, -0.740124, 0.672304, -0.002831, 0.109836, -0.667094, -0.736832, -1.2e-05, 0.0, 0.0, 0.0, 1.0],
                [0.992576, 0.090084, 0.081711, 0.124994, 0.013199, -0.747664, 0.663946, -0.002831, 0.120903, -0.657939, -0.743303, -1.2e-05, 0.0, 0.0, 0.0, 1.0],
                [0.990652, 0.096985, 0.095932, 0.124994, 0.011011, -0.757788, 0.652408, -0.002831, 0.13597, -0.645253, -0.751772, -1.2e-05, 0.0, 0.0, 0.0, 1.0],
                [0.987908, 0.105275, 0.113817, 0.124994, 0.008604, -0.770211, 0.637731, -0.002831, 0.1548, -0.629041, -0.761804, -1.2e-05, 0.0, 0.0, 0.0, 1.0],
                [0.984165, 0.114629, 0.135204, 0.124994, 0.006221, -0.784624, 0.61994, -0.002831, 0.177148, -0.609282, -0.772913, -1.2e-05, 0.0, 0.0, 0.0, 1.0],
                [0.979223, 0.124695, 0.159917, 0.124994, 0.004127, -0.800689, 0.599065, -0.002831, 0.202744, -0.585958, -0.784568, -1.2e-05, 0.0, 0.0, 0.0, 1.0],
                [0.972883, 0.135095, 0.187748, 0.124994, 0.002599, -0.818039, 0.575156, -0.002831, 0.231285, -0.559072, -0.796207, -1.2e-05, 0.0, 0.0, 0.0, 1.0],
                [0.964951, 0.145435, 0.218446, 0.124994, 0.001918, -0.83628, 0.548299, -0.002831, 0.262424, -0.528663, -0.807248, -1.2e-05, 0.0, 0.0, 0.0, 1.0],
                [0.955258, 0.155315, 0.251711, 0.124994, 0.002354, -0.854996, 0.518629, -0.002831, 0.295763, -0.494833, -0.817108, -1.2e-05, 0.0, 0.0, 0.0, 1.0],
                [0.943672, 0.164342, 0.287184, 0.124994, 0.004159, -0.873757, 0.486345, -0.002831, 0.330856, -0.457756, -0.825224, -1.2e-05, 0.0, 0.0, 0.0, 1.0],
                [0.930108, 0.172144, 0.324448, 0.124994, 0.007546, -0.892132, 0.451711, -0.002831, 0.36721, -0.417691, -0.831078, -1.2e-05, 0.0, 0.0, 0.0, 1.0],
                [0.914541, 0.178387, 0.363032, 0.124994, 0.012682, -0.909704, 0.415064, -0.002831, 0.404293, -0.374989, -0.834224, -1.2e-05, 0.0, 0.0, 0.0, 1.0],
                [0.897019, 0.182793, 0.402422, 0.124994, 0.019671, -0.926082, 0.376809, -0.002831, 0.441554, -0.330089, -0.834309, -1.2e-05, 0.0, 0.0, 0.0, 1.0],
                [0.87766, 0.185154, 0.442076, 0.124994, 0.028548, -0.940925, 0.337409, -0.002831, 0.478433, -0.28351, -0.831098, -1.2e-05, 0.0, 0.0, 0.0, 1.0],
                [0.856655, 0.185344, 0.481445, 0.124994, 0.039272, -0.953954, 0.297371, -0.002831, 0.514393, -0.235837, -0.824488, -1.2e-05, 0.0, 0.0, 0.0, 1.0],
                [0.834265, 0.18333, 0.519991, 0.124994, 0.051724, -0.964965, 0.257227, -0.002831, 0.548931, -0.1877, -0.81452, -1.2e-05, 0.0, 0.0, 0.0, 1.0],
                [0.81081, 0.17917, 0.557212, 0.124994, 0.065713, -0.973842, 0.217516, -0.002831, 0.581609, -0.139748, -0.801375, -1.2e-05, 0.0, 0.0, 0.0, 1.0],
                [0.786652, 0.173013, 0.592659, 0.124994, 0.080985, -0.980554, 0.178757, -0.002831, 0.612062, -0.092623, -0.785367, -1.2e-05, 0.0, 0.0, 0.0, 1.0],
                [0.762186, 0.165088, 0.625955, 0.124994, 0.097229, -0.985161, 0.141434, -0.002831, 0.640015, -0.046938, -0.766927, -1.2e-05, 0.0, 0.0, 0.0, 1.0],
                [0.737818, 0.155692, 0.656799, 0.124994, 0.114101, -0.9878, 0.105979, -0.002831, 0.665286, -0.003252, -0.746581, -1.2e-05, 0.0, 0.0, 0.0, 1.0],
                [0.713954, 0.145175, 0.684977, 0.124994, 0.131229, -0.988678, 0.072762, -0.002831, 0.687785, 0.03794, -0.724922, -1.2e-05, 0.0, 0.0, 0.0, 1.0],
                [0.690987, 0.133922, 0.710354, 0.124994, 0.148235, -0.988056, 0.042084, -0.002831, 0.707506, 0.07622, -0.702586, -1.2e-05, 0.0, 0.0, 0.0, 1.0],
                [0.669282, 0.122337, 0.732868, 0.124994, 0.164745, -0.986234, 0.01418, -0.002831, 0.724514, 0.111246, -0.680223, -1.2e-05, 0.0, 0.0, 0.0, 1.0],
                [0.649177, 0.110826, 0.75252, 0.124994, 0.180396, -0.983535, -0.010774, -0.002831, 0.738936, 0.142746, -0.658481, -1.2e-05, 0.0, 0.0, 0.0, 1.0],
                [0.630979, 0.099788, 0.769356, 0.124994, 0.194849, -0.980289, -0.032656, -0.002831, 0.750933, 0.170513, -0.637985, -1.2e-05, 0.0, 0.0, 0.0, 1.0],
                [0.614961, 0.089603, 0.78345, 0.124994, 0.207785, -0.976824, -0.05138, -0.002831, 0.760689, 0.194386, -0.619327, -1.2e-05, 0.0, 0.0, 0.0, 1.0],
                [0.601372, 0.080627, 0.794891, 0.124994, 0.218916, -0.973449, -0.066881, -0.002831, 0.768393, 0.214234, -0.603055, -1.2e-05, 0.0, 0.0, 0.0, 1.0],
                [0.590438, 0.073186, 0.803758, 0.124994, 0.227972, -0.970449, -0.079103, -0.002831, 0.774217, 0.22994, -0.589674, -1.2e-05, 0.0, 0.0, 0.0, 1.0],
                [0.582371, 0.067573, 0.81011, 0.124994, 0.23471, -0.968076, -0.087979, -0.002831, 0.778303, 0.241377, -0.57964, -1.2e-05, 0.0, 0.0, 0.0, 1.0],
                [0.577379, 0.064047, 0.81396, 0.124994, 0.238904, -0.96654, -0.093412, -0.002831, 0.780742, 0.248392, -0.573361, -1.2e-05, 0.0, 0.0, 0.0, 1.0],
                [0.575668, 0.06283, 0.815266, 0.124994, 0.240345, -0.966001, -0.095264, -0.002831, 0.781563, 0.250786, -0.571197, -1.2e-05, 0.0, 0.0, 0.0, 1.0]
            ]
        },
        {
            "name": "Leg_R",
            "time": [0.0, 0.0167, 0.0333, 0.05, 0.0667, 0.0833, 0.1, 0.1167, 0.1333, 0.15, 0.1667, 0.1833, 0.2, 0.2167, 0.2333, 0.25, 0.2667, 0.2833, 0.3, 0.3167, 0.3333, 0.35, 0.3667, 0.3833, 0.4, 0.4167, 0.4333, 0.45, 0.4667, 0.4833, 0.5, 0.5167, 0.5333, 0.55, 0.5667, 0.5833, 0.6, 0.6167, 0.6333, 0.65, 0.6667, 0.6833, 0.7, 0.7167, 0.7333, 0.75, 0.7667, 0.7833, 0.8, 0.8167, 0.8333, 0.85, 0.8667, 0.8833, 0.9, 0.9167, 0.9333, 0.95, 0.9667, 0.9833, 1.0, 1.0167, 1.0333, 1.05, 1.0667, 1.0833, 1.1, 1.1167, 1.1333, 1.15, 1.1667, 1.1833, 1.2, 1.2167, 1.2333, 1.25, 1.2667, 1.2833, 1.3, 1.3167, 1.3333, 1.35, 1.3667, 1.3833, 1.4, 1.4167, 1.4333, 1.45, 1.4667, 1.4833, 1.5],
            "transform": [
                [1.0, 0.0, 1e-06, 0.0, -1e-06, 0.939692, 0.34202, 0.37472, -1e-06, -0.34202, 0.939692, -0.0, 0.0, 0.0, 0.0, 1.0],
                [1.0, 0.0, 1e-06, 0.0, -1e-06, 0.939687, 0.342036, 0.37472, -1e-06, -0.342036, 0.939687, -0.0, 0.0, 0.0, 0.0, 1.0],
                [1.0, 0.0, 1e-06, -0.0, -1e-06, 0.939646, 0.342148, 0.37472, -1e-06, -0.342148, 0.939646, -0.0, 0.0, 0.0, 0.0, 1.0],
                [1.0, 0.0, 1e-06, -0.0, -1e-06, 0.939535, 0.342452, 0.37472, -1e-06, -0.342452, 0.939535, 0.0, 0.0, 0.0, 0.0, 1.0],
                [1.0, 0.0, 1e-06, 0.0, -1e-06, 0.93932, 0.343043, 0.37472, -1e-06, -0.343043, 0.93932, -0.0, 0.0, 0.0, 0.0, 1.0],
                [1.0, 0.0, 1e-06, 0.0, -1e-06, 0.938963, 0.344017, 0.37472, -1e-06, -0.344017, 0.938963, 0.0, 0.0, 0.0, 0.0, 1.0],
                [1.0, 0.0, 1e-06, 0.0, -0.0, 0.93843, 0.34547, 0.37472, -1e-06, -0.34547, 0.93843, -0.0, 0.0, 0.0, 0.0, 1.0],
                [1.0, 0.0, 1e-06, 0.0, -1e-06, 0.926772, 0.375624, 0.37472, -1e-06, -0.375623, 0.926772, -0.0, 0.0, 0.0, 0.0, 1.0],
                [1.0, 0.0, 1e-06, -0.0, -1e-06, 0.891727, 0.452574, 0.37472, -1e-06, -0.452574, 0.891727, -0.0, 0.0, 0.0, 0.0, 1.0],
                [1.0, 0.0, 1e-06, -0.0, -1e-06, 0.829013, 0.55923, 0.37472, -1e-06, -0.55923, 0.829013, 0.0, 0.0, 0.0, 0.0, 1.0],
                [1.0, -0.0, 1e-06, -0.0, -1e-06, 0.737043, 0.675846, 0.37472, -1e-06, -0.675846, 0.737043, -0.0, 0.0, 0.0, 0.0, 1.0],
                [1.0, -0.0, 1e-06, 0.0, -1e-06, 0.622147, 0.7829, 0.37472, -1e-06, -0.7829, 0.622147, -0.0, 0.0, 0.0, 0.0, 1.0],
                [1.0, -0.0, 1e-06, -0.0, -1e-06, 0.49944, 0.866349, 0.37472, -1e-06, -0.866349, 0.49944, -0.0, 0.0, 0.0, 0.0, 1.0],
                [1.0, -1e-06, 1e-06, -0.0, -1e-06, 0.388965, 0.921253, 0.37472, -1e-06, -0.921253, 0.388965, 0.0, 0.0, 0.0, 0.0, 1.0],
                [1.0, -1e-06, 1e-06, -0.0, -1e-06, 0.3105, 0.950574, 0.37472, -1e-06, -0.950574, 0.3105, -0.0, 0.0, 0.0, 0.0, 1.0],
                [1.0, -1e-06, 1e-06, 0.0, -1e-06, 0.280994, 0.95971, 0.37472, -1e-06, -0.95971, 0.280994, -0.0, 0.0, 0.0, 0.0, 1.0],
                [1.0, -1e-06, 1e-06, 0.0, -1e-06, 0.280994, 0.95971, 0.37472, -1e-06, -0.95971, 0.280994, -0.0, 0.0, 0.0, 0.0, 1.0],
                [1.0, -1e-06, 1e-06, 0.0, -0.0, 0.280994, 0.95971, 0.37472, -1e-06, -0.95971, 0.280994, -0.0, 0.0, 0.0, 0.0, 1.0],
                [1.0, -1e-06, 1e-06, 0.0, -1e-06, 0.280994, 0.95971, 0.37472, -1e-06, -0.95971, 0.280994, -0.0, 0.0, 0.0, 0.0, 1.0],
                [1.0, -1e-06, 1e-06, 0.0, -1e-06, 0.280994, 0.95971, 0.37472, -1e-06, -0.95971, 0.280994, -0.0, 0.0, 0.0, 0.0, 1.0],
                [1.0, -1e-06, 1e-06, -0.0, -1e-06, 0.280994, 0.95971, 0.37472, -1e-06, -0.95971, 0.280994, 0.0, 0.0, 0.0, 0.0, 1.0],
                [1.0, -1e-06, 1e-06, 0.0, -1e-06, 0.32216, 0.946685, 0.37472, -1e-06, -0.946685, 0.32216, -0.0, 0.0, 0.0, 0.0, 1.0],
                [1.0, -1e-06, 1e-06, 0.0, -1e-06, 0.423058, 0.906103, 0.37472, -1e-06, -0.906103, 0.423058, -0.0, 0.0, 0.0, 0.0, 1.0],
                [1.0, -0.0, 1e-06, 0.0, -1e-06, 0.547384, 0.836882, 0.37472, -1e-06, -0.836882, 0.547384, 0.0, 0.0, 0.0, 0.0, 1.0],
                [1.0, -0.0, 1e-06, 0.0, -1e-06, 0.660453, 0.750867, 0.37472, -1e-06, -0.750867, 0.660453, -0.0, 0.0, 0.0, 0.0, 1.0],
                [1.0, -0.0, 1e-06, -0.0, -1e-06, 0.73776, 0.675063, 0.37472, -1e-06, -0.675063, 0.73776, 0.0, 0.0, 0.0, 0.0, 1.0],
                [1.0, -0.0, 1e-06, -0.0, -1e-06, 0.766044, 0.642788, 0.37472, -1e-06, -0.642788, 0.766044, 0.0, 0.0, 0.0, 0.0, 1.0],
                [1.0, -0.0, 1e-06, -0.0, -1e-06, 0.766044, 0.642788, 0.37472, -1e-06, -0.642788, 0.766044, 0.0, 0.0, 0.0, 0.0, 1.0],
                [1.0, -0.0, 1e-06, -0.0, -1e-06, 0.766044, 0.642788, 0.37472, -1e-06, -0.642788, 0.766044, 0.0, 0.0, 0.0, 0.0, 1.0],
                [1.0, -0.0, 1e-06, -0.0, -1e-06, 0.766044, 0.642788, 0.37472, -1e-06, -0.642788, 0.766044, 0.0, 0.0, 0.0, 0.0, 1.0],
                [1.0, -0.0, 1e-06, -0.0, -1e-06, 0.766044, 0.642788, 0.37472, -1e-06, -0.642788, 0.766044, 0.0, 0.0, 0.0, 0.0, 1.0],
                [1.0, -0.0, 1e-06, -0.0, -1e-06, 0.766044, 0.642788, 0.37472, -1e-06, -0.642788, 0.766044, 0.0, 0.0, 0.0, 0.0, 1.0],
                [1.0, -0.0, 1e-06, -0.0, -1e-06, 0.766044, 0.642788, 0.37472, -1e-06, -0.642788, 0.766044, 0.0, 0.0, 0.0, 0.0, 1.0],
                [1.0, -0.0, 1e-06, -0.0, -1e-06, 0.766044, 0.642788, 0.37472, -1e-06, -0.642788, 0.766044, 0.0, 0.0, 0.0, 0.0, 1.0],
                [1.0, -0.0, 1e-06, -0.0, -1e-06, 0.766044, 0.642788, 0.37472, -1e-06, -0.642788, 0.766044, 0.0, 0.0, 0.0, 0.0, 1.0],
                [1.0, -0.0, 1e-06, -0.0, -1e-06, 0.766044, 0.642788, 0.37472, -1e-06, -0.642788, 0.766044, 0.0, 0.0, 0.0, 0.0, 1.0],
                [1.0, -0.0, 1e-06, -0.0, -1e-06, 0.766044, 0.642788, 0.37472, -1e-06, -0.642788, 0.766044, 0.0, 0.0, 0.0, 0.0, 1.0],
                [1.0, -0.0, 1e-06, -0.0, -1e-06, 0.766044, 0.642788, 0.37472, -1e-06, -0.642788, 0.766044, 0.0, 0.0, 0.0, 0.0, 1.0],
                [1.0, -0.0, 1e-06, -0.0, -1e-06, 0.766044, 0.642788, 0.37472, -1e-06, -0.642788, 0.766044, 0.0, 0.0, 0.0, 0.0, 1.0],
                [1.0, -0.0, 1e-06, -0.0, -1e-06, 0.766044, 0.642788, 0.37472, -1e-06, -0.642788, 0.766044, 0.0, 0.0, 0.0, 0.0, 1.0],
                [1.0, -0.0, 1e-06, -0.0, -1e-06, 0.766044, 0.642788, 0.37472, -1e-06, -0.642788, 0.766044, 0.0, 0.0, 0.0, 0.0, 1.0],
                [1.0, -0.0, 1e-06, -0.0, -1e-06, 0.766044, 0.642788, 0.37472, -1e-06, -0.642788, 0.766044, 0.0, 0.0, 0.0, 0.0, 1.0],
                [1.0, -0.0, 1e-06, -0.0, -1e-06, 0.766044, 0.642788, 0.37472, -1e-06, -0.642788, 0.766044, 0.0, 0.0, 0.0, 0.0, 1.0],
                [1.0, -0.0, 1e-06, -0.0, -1e-06, 0.766044, 0.642788, 0.37472, -1e-06, -0.642788, 0.766044, 0.0, 0.0, 0.0, 0.0, 1.0],
                [1.0, -0.0, 1e-06, -0.0, -1e-06, 0.766044, 0.642788, 0.37472, -1e-06, -0.642788, 0.766044, 0.0, 0.0, 0.0, 0.0, 1.0],
                [1.0, -0.0, 1e-06, -0.0, -1e-06, 0.766044, 0.642788, 0.37472, -1e-06, -0.642788, 0.766044, 0.0, 0.0, 0.0, 0.0, 1.0],
                [1.0, -0.0, 1e-06, -0.0, -1e-06, 0.766044, 0.642788, 0.37472, -1e-06, -0.642788, 0.766044, 0.0, 0.0, 0.0, 0.0, 1.0],
                [1.0, -0.0, 1e-06, -0.0, -1e-06, 0.766044, 0.642788, 0.37472, -1e-06, -0.642788, 0.766044, 0.0, 0.0, 0.0, 0.0, 1.0],
                [1.0, -0.0, 1e-06, -0.0, -1e-06, 0.766044, 0.642788, 0.37472, -1e-06, -0.642788, 0.766044, 0.0, 0.0, 0.0, 0.0, 1.0],
                [1.0, -0.0, 1e-06, -0.0, -1e-06, 0.766044, 0.642788, 0.37472, -1e-06, -0.642788, 0.766044, 0.0, 0.0, 0.0, 0.0, 1.0],
                [1.0, -0.0, 1e-06, -0.0, -1e-06, 0.766044, 0.642788, 0.37472, -1e-06, -0.642788, 0.766044, 0.0, 0.0, 0.0, 0.0, 1.0],
                [1.0, -0.0, 1e-06, -0.0, -1e-06, 0.766044, 0.642788, 0.37472, -1e-06, -0.642788, 0.766044, 0.0, 0.0, 0.0, 0.0, 1.0],
                [1.0, -0.0, 1e-06, -0.0, -1e-06, 0.766044, 0.642788, 0.37472, -1e-06, -0.642788, 0.766044, 0.0, 0.0, 0.0, 0.0, 1.0],
                [1.0, -0.0, 1e-06, -0.0, -1e-06, 0.766044, 0.642788, 0.37472, -1e-06, -0.642788, 0.766044, 0.0, 0.0, 0.0, 0.0, 1.0],
                [1.0, -0.0, 1e-06, -0.0, -1e-06, 0.766044, 0.642788, 0.37472, -1e-06, -0.642788, 0.766044, 0.0, 0.0, 0.0, 0.0, 1.0],
                [1.0, -0.0, 1e-06, -0.0, -1e-06, 0.766044, 0.642788, 0.37472, -1e-06, -0.642788, 0.766044, 0.0, 0.0, 0.0, 0.0, 1.0],
                [1.0, -0.0, 1e-06, -0.0, -1e-06, 0.766044, 0.642788, 0.37472, -1e-06, -0.642788, 0.766044, 0.0, 0.0, 0.0, 0.0, 1.0],
                [1.0, -0.0, 1e-06, -0.0, -1e-06, 0.766044, 0.642788, 0.37472, -1e-06, -0.642788, 0.766044, 0.0, 0.0, 0.0, 0.0, 1.0],
                [1.0, -0.0, 1e-06, -0.0, -1e-06, 0.766044, 0.642788, 0.37472, -1e-06, -0.642788, 0.766044, 0.0, 0.0, 0.0, 0.0, 1.0],
                [1.0, -0.0, 1e-06, -0.0, -1e-06, 0.766684, 0.642024, 0.37472, -1e-06, -0.642024, 0.766684, -0.0, 0.0, 0.0, 0.0, 1.0],
                [1.0, -0.0, 1e-06, -0.0, -1e-06, 0.768546, 0.639795, 0.37472, -1e-06, -0.639795, 0.768546, 0.0, 0.0, 0.0, 0.0, 1.0],
                [1.0, -0.0, 1e-06, -0.0, -1e-06, 0.771536, 0.636185, 0.37472, -1e-06, -0.636185, 0.771536, -0.0, 0.0, 0.0, 0.0, 1.0],
                [1.0, -0.0, 1e-06, 0.0, -1e-06, 0.775557, 0.631278, 0.37472, -1e-06, -0.631278, 0.775557, -0.0, 0.0, 0.0, 0.0, 1.0],
                [1.0, -0.0, 1e-06, -0.0, -1e-06, 0.780505, 0.62515, 0.37472, -1e-06, -0.62515, 0.780505, -0.0, 0.0, 0.0, 0.0, 1.0],
                [1.0, -0.0, 1e-06, 0.0, -1e-06, 0.786275, 0.617877, 0.37472, -1e-06, -0.617877, 0.786275, -0.0, 0.0, 0.0, 0.0, 1.0],
                [1.0, -0.0, 1e-06, 0.0, -1e-06, 0.792759, 0.609535, 0.37472, -1e-06, -0.609535, 0.792759, 0.0, 0.0, 0.0, 0.0, 1.0],
                [1.0, -0.0, 1e-06, 0.0, -1e-06, 0.79985, 0.6002, 0.37472, -1e-06, -0.6002, 0.79985, -0.0, 0.0, 0.0, 0.0, 1.0],
                [1.0, -0.0, 1e-06, -0.0, -1e-06, 0.807439, 0.589951, 0.37472, -1e-06, -0.589951, 0.807439, 0.0, 0.0, 0.0, 0.0, 1.0],
                [1.0, -0.0, 1e-06, 0.0, -1e-06, 0.81542, 0.578869, 0.37472, -1e-06, -0.578869, 0.81542, 0.0, 0.0, 0.0, 0.0, 1.0],
                [1.0, -0.0, 1e-06, 0.0, -1e-06, 0.82369, 0.56704, 0.37472, -1e-06, -0.56704, 0.82369, 0.0, 0.0, 0.0, 0.0, 1.0],
                [1.0, -0.0, 1e-06, -0.0, -1e-06, 0.832148, 0.554554, 0.37472, -1e-06, -0.554554, 0.832148, 0.0, 0.0, 0.0, 0.0, 1.0],
                [1.0, -0.0, 1e-06, 0.0, -1e-06, 0.840698, 0.541504, 0.37472, -1e-06, -0.541504, 0.840698, -0.0, 0.0, 0.0, 0.0, 1.0],
                [1.0, 0.0, 1e-06, -0.0, -1e-06, 0.84925, 0.527991, 0.37472, -1e-06, -0.527991, 0.84925, -0.0, 0.0, 0.0, 0.0, 1.0],
                [1.0, 0.0, 1e-06, -0.0, -1e-06, 0.857718, 0.51412, 0.37472, -1e-06, -0.51412, 0.857718, 0.0, 0.0, 0.0, 0.0, 1.0],
                [1.0, 0.0, 1e-06, 0.0, -1e-06, 0.866025, 0.5, 0.37472, -1e-06, -0.5, 0.866025, 0.0, 0.0, 0.0, 0.0, 1.0],
                [1.0, 0.0, 1e-06, 0.0, -1e-06, 0.8741, 0.485746, 0.37472, -1e-06, -0.485746, 0.8741, 0.0, 0.0, 0.0, 0.0, 1.0],
                [1.0, 0.0, 1e-06, 0.0, -0.0, 0.881878, 0.471477, 0.37472, -1e-06, -0.471477, 0.881879, -0.0, 0.0, 0.0, 0.0, 1.0],
                [1.0, 0.0, 1e-06, 0.0, -1e-06, 0.889305, 0.457314, 0.37472, -1e-06, -0.457314, 0.889305, -0.0, 0.0, 0.0, 0.0, 1.0],
                [1.0, 0.0, 1e-06, -0.0, -1e-06, 0.896331, 0.443385, 0.37472, -1e-06, -0.443385, 0.896331, -0.0, 0.0, 0.0, 0.0, 1.0],
                [1.0, 0.0, 1e-06, -0.0, -1e-06, 0.902916, 0.429817, 0.37472, -1e-06, -0.429817, 0.902916, -0.0, 0.0, 0.0, 0.0, 1.0],
                [1.0, 0.0, 1e-06, 0.0, -1e-06, 0.909025, 0.416741, 0.37472, -1e-06, -0.416741, 0.909025, -0.0, 0.0, 0.0, 0.0, 1.0],
                [1.0, 0.0, 1e-06, 0.0, -1e-06, 0.914632, 0.404288, 0.37472, -1e-06, -0.404288, 0.914632, -0.0, 0.0, 0.0, 0.0, 1.0],
                [1.0, 0.0, 1e-06, -0.0, -1e-06, 0.919713, 0.392591, 0.37472, -1e-06, -0.392591, 0.919713, -0.0, 0.0, 0.0, 0.0, 1.0],
                [1.0, 0.0, 1e-06, -0.0, -1e-06, 0.924252, 0.381783, 0.37472, -1e-06, -0.381783, 0.924252, -0.0, 0.0, 0.0, 0.0, 1.0],
                [1.0, 0.0, 1e-06, 0.0, -1e-06, 0.928234, 0.371996, 0.37472, -1e-06, -0.371996, 0.928234, -0.0, 0.0, 0.0, 0.0, 1.0],
                [1.0, 0.0, 1e-06, 0.0, -1e-06, 0.931648, 0.363363, 0.37472, -1e-06, -0.363363, 0.931648, 0.0, 0.0, 0.0, 0.0, 1.0],
                [1.0, 0.0, 1e-06, -0.0, -1e-06, 0.934481, 0.356014, 0.37472, -1e-06, -0.356014, 0.934481, -0.0, 0.0, 0.0, 0.0, 1.0],
                [1.0, 0.0, 1e-06, -0.0, -1e-06, 0.936721, 0.350078, 0.37472, -1e-06, -0.350078, 0.93672, -0.0, 0.0, 0.0, 0.0, 1.0],
                [1.0, 0.0, 1e-06, -0.0, -1e-06, 0.938351, 0.345684, 0.37472, -1e-06, -0.345684, 0.938351, 0.0, 0.0, 0.0, 0.0, 1.0],
                [1.0, 0.0, 1e-06, -0.0, -1e-06, 0.939351, 0.342957, 0.37472, -1e-06, -0.342957, 0.939351, 0.0, 0.0, 0.0, 0.0, 1.0],
                [1.0, 0.0, 1e-06, 0.0, -1e-06, 0.939692, 0.34202, 0.37472, -1e-06, -0.34202, 0.939692, -0.0, 0.0, 0.0, 0.0, 1.0]
            ]
        },
        {
            "name": "Knee_R",
            "time": [0.0, 0.0167, 0.0333, 0.05, 0.0667, 0.0833, 0.1, 0.1167, 0.1333, 0.15, 0.1667, 0.1833, 0.2, 0.2167, 0.2333, 0.25, 0.2667, 0.2833, 0.3, 0.3167, 0.3333, 0.35, 0.3667, 0.3833, 0.4, 0.4167, 0.4333, 0.45, 0.4667, 0.4833, 0.5, 0.5167, 0.5333, 0.55, 0.5667, 0.5833, 0.6, 0.6167, 0.6333, 0.65, 0.6667, 0.6833, 0.7, 0.7167, 0.7333, 0.75, 0.7667, 0.7833, 0.8, 0.8167, 0.8333, 0.85, 0.8667, 0.8833, 0.9, 0.9167, 0.9333, 0.95, 0.9667, 0.9833, 1.0, 1.0167, 1.0333, 1.05, 1.0667, 1.0833, 1.1, 1.1167, 1.1333, 1.15, 1.1667, 1.1833, 1.2, 1.2167, 1.2333, 1.25, 1.2667, 1.2833, 1.3, 1.3167, 1.3333, 1.35, 1.3667, 1.3833, 1.4, 1.4167, 1.4333, 1.45, 1.4667, 1.4833, 1.5],
            "transform": [
