{
    "animation": [
        {
            "name": "Root",
            "time": [0.0, 0.0167, 0.0333, 0.05, 0.0667, 0.0833, 0.1, 0.1167, 0.1333, 0.15, 0.1667, 0.1833, 0.2, 0.2167, 0.2333, 0.25, 0.2667, 0.2833, 0.3, 0.3167, 0.3333, 0.35, 0.3667, 0.3833, 0.4, 0.4167, 0.4333, 0.45, 0.4667, 0.4833, 0.5, 0.5167, 0.5333, 0.55, 0.5667, 0.5833, 0.6, 0.6167, 0.6333, 0.65, 0.6667, 0.6833, 0.7, 0.7167, 0.7333, 0.75, 0.7667, 0.7833, 0.8, 0.8167, 0.8333, 0.85, 0.8667, 0.8833, 0.9, 0.9167, 0.9333, 0.95, 0.9667, 0.9833, 1.0, 1.0167, 1.0333, 1.05, 1.0667, 1.0833, 1.1, 1.1167, 1.1333, 1.15, 1.1667, 1.1833, 1.2, 1.2167, 1.2333, 1.25, 1.2667, 1.2833, 1.3, 1.3167, 1.3333, 1.35, 1.3667, 1.3833, 1.4, 1.4167, 1.4333, 1.45, 1.4667, 1.4833, 1.5, 1.5167, 1.5333, 1.55, 1.5667, 1.5833, 1.6, 1.6167, 1.6333, 1.65, 1.6667, 1.6833, 1.7, 1.7167, 1.7333, 1.75, 1.7667, 1.7833, 1.8, 1.8167, 1.8333, 1.85, 1.8667, 1.8833, 1.9, 1.9167, 1.9333, 1.95, 1.9667, 1.9833, 2.0, 2.0167, 2.0333, 2.05, 2.0667, 2.0833, 2.1, 2.1167, 2.1333, 2.15, 2.1667, 2.1833, 2.2, 2.2167, 2.2333, 2.25, 2.2667, 2.2833, 2.3, 2.3167, 2.3333, 2.35, 2.3667, 2.3833, 2.4, 2.4167, 2.4333, 2.45, 2.4667, 2.4833, 2.5, 2.5167, 2.5333, 2.55, 2.7],
            "transform": [
                [1.0, 0.0, 0.0, -5e-06, 0.0, 0.0, -1.0, 0.000946, 0.0, 1.0, 0.0, 0.763972, 0.0, 0.0, 0.0, 1.0],
                [1.0, 0.0, -0.000103, -5e-06, -0.000103, 0.0, -1.0, 0.001432, 0.0, 1.0, 0.0, 0.763951, 0.0, 0.0, 0.0, 1.0],
                [1.0, 0.0, -0.000827, -5e-06, -0.000827, 0.0, -1.0, 0.004528, 0.0, 1.0, 0.0, 0.763806, 0.0, 0.0, 0.0, 1.0],
                [0.999996, 0.0, -0.002791, -5e-06, -0.002791, 0.0, -0.999996, 0.012692, 0.0, 1.0, 0.0, 0.763412, 0.0, 0.0, 0.0, 1.0],
                [0.999978, 0.0, -0.006619, -5e-06, -0.006619, 0.0, -0.999978, 0.028382, 0.0, 1.0, 0.0, 0.762646, 0.0, 0.0, 0.0, 1.0],
                [0.999916, 0.0, -0.012934, -5e-06, -0.012934, 0.0, -0.999916, 0.054056, 0.0, 1.0, 0.0, 0.761383, 0.0, 0.0, 0.0, 1.0],
                [0.99975, 0.0, -0.022366, -5e-06, -0.022366, 0.0, -0.99975, 0.092173, 0.0, 1.0, 0.0, 0.759498, 0.0, 0.0, 0.0, 1.0],
                [0.999368, 0.0, -0.035551, -5e-06, -0.035551, 0.0, -0.999368, 0.145191, 0.0, 1.0, 0.0, 0.756868, 0.0, 0.0, 0.0, 1.0],
                [0.998536, 0.0, -0.054083, -5e-06, -0.054083, 0.0, -0.998536, 0.214835, 0.0, 1.0, 0.0, 0.753178, 0.0, 0.0, 0.0, 1.0],
                [0.996903, 0.0, -0.078647, -5e-06, -0.078647, 0.0, -0.996903, 0.299903, 0.0, 1.0, 0.0, 0.748297, 0.0, 0.0, 0.0, 1.0],
                [0.994097, 0.0, -0.108498, -5e-06, -0.108498, 0.0, -0.994097, 0.398458, 0.0, 1.0, 0.0, 0.742374, 0.0, 0.0, 0.0, 1.0],
                [0.989743, 0.0, -0.142859, -5e-06, -0.142859, 0.0, -0.989743, 0.508565, 0.0, 1.0, 0.0, 0.735558, 0.0, 0.0, 0.0, 1.0],
                [0.9835, 0.0, -0.180907, -5e-06, -0.180907, 0.0, -0.9835, 0.628289, 0.0, 1.0, 0.0, 0.727999, 0.0, 0.0, 0.0, 1.0],
                [0.975097, 0.0, -0.221779, -5e-06, -0.221779, 0.0, -0.975097, 0.755694, 0.0, 1.0, 0.0, 0.719846, 0.0, 0.0, 0.0, 1.0],
                [0.964365, 0.0, -0.264576, -5e-06, -0.264576, 0.0, -0.964365, 0.888845, 0.0, 1.0, 0.0, 0.711247, 0.0, 0.0, 0.0, 1.0],
                [0.951264, 0.0, -0.308379, -5e-06, -0.308379, 0.0, -0.951264, 1.025805, 0.0, 1.0, 0.0, 0.702353, 0.0, 0.0, 0.0, 1.0],
                [0.935896, 0.0, -0.352278, -5e-06, -0.352278, 0.0, -0.935896, 1.16464, 0.0, 1.0, 0.0, 0.693313, 0.0, 0.0, 0.0, 1.0],
                [0.918514, 0.0, -0.395389, -5e-06, -0.395389, 0.0, -0.918514, 1.303413, 0.0, 1.0, 0.0, 0.684276, 0.0, 0.0, 0.0, 1.0],
                [0.899516, 0.0, -0.436888, -5e-06, -0.436888, 0.0, -0.899516, 1.44019, 0.0, 1.0, 0.0, 0.675391, 0.0, 0.0, 0.0, 1.0],
                [0.879431, 0.0, -0.476027, -5e-06, -0.476027, 0.0, -0.879431, 1.573034, 0.0, 1.0, 0.0, 0.666807, 0.0, 0.0, 0.0, 1.0],
                [0.858897, 0.0, -0.512149, -5e-06, -0.512149, 0.0, -0.858897, 1.700011, 0.0, 1.0, 0.0, 0.658675, 0.0, 0.0, 0.0, 1.0],
                [0.838633, 0.0, -0.544698, -5e-06, -0.544698, 0.0, -0.838633, 1.819184, 0.0, 1.0, 0.0, 0.651142, 0.0, 0.0, 0.0, 1.0],
                [0.81941, 0.0, -0.573208, -5e-06, -0.573208, 0.0, -0.81941, 1.928618, 0.0, 1.0, 0.0, 0.644358, 0.0, 0.0, 0.0, 1.0],
                [0.802022, 0.0, -0.597294, -5e-06, -0.597294, 0.0, -0.802022, 2.026378, 0.0, 1.0, 0.0, 0.638474, 0.0, 0.0, 0.0, 1.0],
                [0.787259, 0.0, -0.616622, -5e-06, -0.616622, 0.0, -0.787259, 2.110527, 0.0, 1.0, 0.0, 0.633637, 0.0, 0.0, 0.0, 1.0],
                [0.775881, 0.0, -0.630879, -5e-06, -0.630879, 0.0, -0.775881, 2.179131, 0.0, 1.0, 0.0, 0.629997, 0.0, 0.0, 0.0, 1.0],
                [0.768598, 0.0, -0.639732, -5e-06, -0.639732, 0.0, -0.768598, 2.230254, 0.0, 1.0, 0.0, 0.627704, 0.0, 0.0, 0.0, 1.0],
                [0.766044, 0.0, -0.642788, -5e-06, -0.642788, 0.0, -0.766044, 2.26196, 0.0, 1.0, 0.0, 0.626906, 0.0, 0.0, 0.0, 1.0],
                [0.766044, 0.0, -0.642788, -5e-06, -0.642788, 0.0, -0.766044, 2.276343, 0.0, 1.0, 0.0, 0.626906, 0.0, 0.0, 0.0, 1.0],
                [0.766044, 0.0, -0.642788, -5e-06, -0.642788, 0.0, -0.766044, 2.291619, 0.0, 1.0, 0.0, 0.626906, 0.0, 0.0, 0.0, 1.0],
                [0.766044, 0.0, -0.642788, -5e-06, -0.642788, 0.0, -0.766044, 2.33003, 0.0, 1.0, 0.0, 0.626906, 0.0, 0.0, 0.0, 1.0],
                [0.766044, 0.0, -0.642788, -5e-06, -0.642788, 0.0, -0.766044, 2.413823, 0.0, 1.0, 0.0, 0.626906, 0.0, 0.0, 0.0, 1.0],
                [0.766044, 0.0, -0.642788, -5e-06, -0.642788, 0.0, -0.766044, 2.564224, 0.0, 1.0, 0.0, 0.626906, 0.0, 0.0, 0.0, 1.0],
                [0.766044, 0.0, -0.642788, -5e-06, -0.642788, 0.0, -0.766044, 2.777928, 0.0, 1.0, 0.0, 0.626906, 0.0, 0.0, 0.0, 1.0],
                [0.766044, 0.0, -0.642788, -5e-06, -0.642788, 0.0, -0.766044, 3.040375, 0.0, 1.0, 0.0, 0.626906, 0.0, 0.0, 0.0, 1.0],
                [0.766044, 0.0, -0.642788, -5e-06, -0.642788, 0.0, -0.766044, 3.337007, 0.0, 1.0, 0.0, 0.626906, 0.0, 0.0, 0.0, 1.0],
                [0.766044, 0.0, -0.642788, -5e-06, -0.642788, 0.0, -0.766044, 3.653265, 0.0, 1.0, 0.0, 0.626906, 0.0, 0.0, 0.0, 1.0],
                [0.766044, 0.0, -0.642788, -5e-06, -0.642788, 0.0, -0.766044, 3.97459, 0.0, 1.0, 0.0, 0.626906, 0.0, 0.0, 0.0, 1.0],
                [0.766044, 0.0, -0.642788, -5e-06, -0.642788, 0.0, -0.766044, 4.286424, 0.0, 1.0, 0.0, 0.626906, 0.0, 0.0, 0.0, 1.0],
                [0.766044, 0.0, -0.642788, -5e-06, -0.642788, 0.0, -0.766044, 4.574207, 0.0, 1.0, 0.0, 0.626906, 0.0, 0.0, 0.0, 1.0],
                [0.766044, 0.0, -0.642788, -5e-06, -0.642788, 0.0, -0.766044, 4.823382, 0.0, 1.0, 0.0, 0.626906, 0.0, 0.0, 0.0, 1.0],
                [0.766044, 0.0, -0.642788, -5e-06, -0.642788, 0.0, -0.766044, 5.019389, 0.0, 1.0, 0.0, 0.626906, 0.0, 0.0, 0.0, 1.0],
                [0.766044, 0.0, -0.642788, -5e-06, -0.642788, 0.0, -0.766044, 5.14767, 0.0, 1.0, 0.0, 0.626906, 0.0, 0.0, 0.0, 1.0],
                [0.766044, 0.0, -0.642788, -5e-06, -0.642788, 0.0, -0.766044, 5.193666, 0.0, 1.0, 0.0, 0.626906, 0.0, 0.0, 0.0, 1.0],
                [0.766044, 0.0, -0.642788, -5e-06, -0.642788, 0.0, -0.766044, 5.193666, 0.0, 1.0, 0.0, 0.626906, 0.0, 0.0, 0.0, 1.0],
                [0.766044, 0.0, -0.642788, -5e-06, -0.642788, 0.0, -0.766044, 5.193666, 0.0, 1.0, 0.0, 0.626906, 0.0, 0.0, 0.0, 1.0],
                [0.766044, 0.0, -0.642788, -5e-06, -0.642788, 0.0, -0.766044, 5.193666, 0.0, 1.0, 0.0, 0.626906, 0.0, 0.0, 0.0, 1.0],
                [0.766044, 0.0, -0.642788, -5e-06, -0.642788, 0.0, -0.766044, 5.193666, 0.0, 1.0, 0.0, 0.626906, 0.0, 0.0, 0.0, 1.0],
                [0.766044, 0.0, -0.642788, -5e-06, -0.642788, 0.0, -0.766044, 5.193666, 0.0, 1.0, 0.0, 0.626906, 0.0, 0.0, 0.0, 1.0],
                [0.766044, 0.0, -0.642788, -5e-06, -0.642788, 0.0, -0.766044, 5.193666, 0.0, 1.0, 0.0, 0.626906, 0.0, 0.0, 0.0, 1.0],
                [0.766044, 0.0, -0.642788, -5e-06, -0.642788, 0.0, -0.766044, 5.193666, 0.0, 1.0, 0.0, 0.626906, 0.0, 0.0, 0.0, 1.0],
                [0.766044, 0.0, -0.642788, -5e-06, -0.642788, 0.0, -0.766044, 5.193666, 0.0, 1.0, 0.0, 0.626906, 0.0, 0.0, 0.0, 1.0],
                [0.766044, 0.0, -0.642788, -5e-06, -0.642788, 0.0, -0.766044, 5.193666, 0.0, 1.0, 0.0, 0.626906, 0.0, 0.0, 0.0, 1.0],
                [0.766044, 0.0, -0.642788, -5e-06, -0.642788, 0.0, -0.766044, 5.193666, 0.0, 1.0, 0.0, 0.626906, 0.0, 0.0, 0.0, 1.0],
                [0.766044, 0.0, -0.642788, -5e-06, -0.642788, 0.0, -0.766044, 5.193666, 0.0, 1.0, 0.0, 0.626906, 0.0, 0.0, 0.0, 1.0],
                [0.766044, 0.0, -0.642788, -5e-06, -0.642788, 0.0, -0.766044, 5.193666, 0.0, 1.0, 0.0, 0.626906, 0.0, 0.0, 0.0, 1.0],
                [0.766044, 0.0, -0.642788, -5e-06, -0.642788, 0.0, -0.766044, 5.193666, 0.0, 1.0, 0.0, 0.626906, 0.0, 0.0, 0.0, 1.0],
                [0.766044, 0.0, -0.642788, -5e-06, -0.642788, 0.0, -0.766044, 5.193666, 0.0, 1.0, 0.0, 0.626906, 0.0, 0.0, 0.0, 1.0],
                [0.766044, 0.0, -0.642788, -5e-06, -0.642788, 0.0, -0.766044, 5.193666, 0.0, 1.0, 0.0, 0.626906, 0.0, 0.0, 0.0, 1.0],
                [0.766044, 0.0, -0.642788, -5e-06, -0.642788, 0.0, -0.766044, 5.193666, 0.0, 1.0, 0.0, 0.626906, 0.0, 0.0, 0.0, 1.0],
                [0.766044, 0.0, -0.642788, -5e-06, -0.642788, 0.0, -0.766044, 5.193666, 0.0, 1.0, 0.0, 0.626906, 0.0, 0.0, 0.0, 1.0],
                [0.766044, 0.0, -0.642788, -5e-06, -0.642788, 0.0, -0.766044, 5.193666, 0.0, 1.0, 0.0, 0.626906, 0.0, 0.0, 0.0, 1.0],
                [0.766044, 0.0, -0.642788, -5e-06, -0.642788, 0.0, -0.766044, 5.193666, 0.0, 1.0, 0.0, 0.626906, 0.0, 0.0, 0.0, 1.0],
                [0.766044, 0.0, -0.642788, -5e-06, -0.642788, 0.0, -0.766044, 5.193666, 0.0, 1.0, 0.0, 0.626906, 0.0, 0.0, 0.0, 1.0],
                [0.766044, 0.0, -0.642788, -5e-06, -0.642788, 0.0, -0.766044, 5.193666, 0.0, 1.0, 0.0, 0.626906, 0.0, 0.0, 0.0, 1.0],
                [0.766044, 0.0, -0.642788, -5e-06, -0.642788, 0.0, -0.766044, 5.193666, 0.0, 1.0, 0.0, 0.626906, 0.0, 0.0, 0.0, 1.0],
                [0.766044, 0.0, -0.642788, -5e-06, -0.642788, 0.0, -0.766044, 5.193666, 0.0, 1.0, 0.0, 0.626906, 0.0, 0.0, 0.0, 1.0],
                [0.766044, 0.0, -0.642788, -5e-06, -0.642788, 0.0, -0.766044, 5.193666, 0.0, 1.0, 0.0, 0.626906, 0.0, 0.0, 0.0, 1.0],
                [0.766044, 0.0, -0.642788, -5e-06, -0.642788, 0.0, -0.766044, 5.193666, 0.0, 1.0, 0.0, 0.626906, 0.0, 0.0, 0.0, 1.0],
                [0.766044, 0.0, -0.642788, -5e-06, -0.642788, 0.0, -0.766044, 5.193666, 0.0, 1.0, 0.0, 0.626906, 0.0, 0.0, 0.0, 1.0],
                [0.766044, 0.0, -0.642788, -5e-06, -0.642788, 0.0, -0.766044, 5.193666, 0.0, 1.0, 0.0, 0.626906, 0.0, 0.0, 0.0, 1.0],
                [0.766044, 0.0, -0.642788, -5e-06, -0.642788, 0.0, -0.766044, 5.193666, 0.0, 1.0, 0.0, 0.626906, 0.0, 0.0, 0.0, 1.0],
                [0.766044, 0.0, -0.642788, -5e-06, -0.642788, 0.0, -0.766044, 5.193666, 0.0, 1.0, 0.0, 0.626906, 0.0, 0.0, 0.0, 1.0],
                [0.766044, 0.0, -0.642788, -5e-06, -0.642788, 0.0, -0.766044, 5.193666, 0.0, 1.0, 0.0, 0.626906, 0.0, 0.0, 0.0, 1.0],
                [0.766044, 0.0, -0.642788, -5e-06, -0.642788, 0.0, -0.766044, 5.193666, 0.0, 1.0, 0.0, 0.626906, 0.0, 0.0, 0.0, 1.0],
                [0.766044, 0.0, -0.642788, -5e-06, -0.642788, 0.0, -0.766044, 5.193666, 0.0, 1.0, 0.0, 0.626906, 0.0, 0.0, 0.0, 1.0],
                [0.766044, 0.0, -0.642788, -5e-06, -0.642788, 0.0, -0.766044, 5.193666, 0.0, 1.0, 0.0, 0.626906, 0.0, 0.0, 0.0, 1.0],
                [0.766044, 0.0, -0.642788, -5e-06, -0.642788, 0.0, -0.766044, 5.193666, 0.0, 1.0, 0.0, 0.626906, 0.0, 0.0, 0.0, 1.0],
                [0.766044, 0.0, -0.642788, -5e-06, -0.642788, 0.0, -0.766044, 5.193666, 0.0, 1.0, 0.0, 0.626906, 0.0, 0.0, 0.0, 1.0],
                [0.766044, 0.0, -0.642788, -5e-06, -0.642788, 0.0, -0.766044, 5.193666, 0.0, 1.0, 0.0, 0.626906, 0.0, 0.0, 0.0, 1.0],
                [0.766044, 0.0, -0.642788, -5e-06, -0.642788, 0.0, -0.766044, 5.193666, 0.0, 1.0, 0.0, 0.626906, 0.0, 0.0, 0.0, 1.0],
                [0.766044, 0.0, -0.642788, -5e-06, -0.642788, 0.0, -0.766044, 5.193666, 0.0, 1.0, 0.0, 0.626906, 0.0, 0.0, 0.0, 1.0],
                [0.766044, 0.0, -0.642788, -5e-06, -0.642788, 0.0, -0.766044, 5.193666, 0.0, 1.0, 0.0, 0.626906, 0.0, 0.0, 0.0, 1.0],
                [0.766044, 0.0, -0.642788, -5e-06, -0.642788, 0.0, -0.766044, 5.193666, 0.0, 1.0, 0.0, 0.626906, 0.0, 0.0, 0.0, 1.0],
                [0.766044, 0.0, -0.642788, -5e-06, -0.642788, 0.0, -0.766044, 5.193666, 0.0, 1.0, 0.0, 0.626906, 0.0, 0.0, 0.0, 1.0],
                [0.766044, 0.0, -0.642788, -5e-06, -0.642788, 0.0, -0.766044, 5.193666, 0.0, 1.0, 0.0, 0.626906, 0.0, 0.0, 0.0, 1.0],
                [0.766044, 0.0, -0.642788, -5e-06, -0.642788, 0.0, -0.766044, 5.193666, 0.0, 1.0, 0.0, 0.626906, 0.0, 0.0, 0.0, 1.0],
                [0.766044, 0.0, -0.642788, -5e-06, -0.642788, 0.0, -0.766044, 5.193666, 0.0, 1.0, 0.0, 0.626906, 0.0, 0.0, 0.0, 1.0],
                [0.766044, 0.0, -0.642788, -5e-06, -0.642788, 0.0, -0.766044, 5.193666, 0.0, 1.0, 0.0, 0.626906, 0.0, 0.0, 0.0, 1.0],
                [0.766044, 0.0, -0.642788, -5e-06, -0.642788, 0.0, -0.766044, 5.193666, 0.0, 1.0, 0.0, 0.626906, 0.0, 0.0, 0.0, 1.0],
                [0.766044, 0.0, -0.642788, -5e-06, -0.642788, 0.0, -0.766044, 5.193666, 0.0, 1.0, 0.0, 0.626906, 0.0, 0.0, 0.0, 1.0],
                [0.766044, 0.0, -0.642788, -5e-06, -0.642788, 0.0, -0.766044, 5.193666, 0.0, 1.0, 0.0, 0.626906, 0.0, 0.0, 0.0, 1.0],
                [0.766044, 0.0, -0.642788, -5e-06, -0.642788, 0.0, -0.766044, 5.193666, 0.0, 1.0, 0.0, 0.626906, 0.0, 0.0, 0.0, 1.0],
                [0.766044, 0.0, -0.642788, -5e-06, -0.642788, 0.0, -0.766044, 5.193666, 0.0, 1.0, 0.0, 0.626906, 0.0, 0.0, 0.0, 1.0],
                [0.766044, 0.0, -0.642788, -5e-06, -0.642788, 0.0, -0.766044, 5.193666, 0.0, 1.0, 0.0, 0.626906, 0.0, 0.0, 0.0, 1.0],
                [0.766044, 0.0, -0.642788, -5e-06, -0.642788, 0.0, -0.766044, 5.193666, 0.0, 1.0, 0.0, 0.626906, 0.0, 0.0, 0.0, 1.0],
                [0.766044, 0.0, -0.642788, -5e-06, -0.642788, 0.0, -0.766044, 5.193666, 0.0, 1.0, 0.0, 0.626906, 0.0, 0.0, 0.0, 1.0],
                [0.766044, 0.0, -0.642788, -5e-06, -0.642788, 0.0, -0.766044, 5.193666, 0.0, 1.0, 0.0, 0.626906, 0.0, 0.0, 0.0, 1.0],
                [0.766044, 0.0, -0.642788, -5e-06, -0.642788, 0.0, -0.766044, 5.193666, 0.0, 1.0, 0.0, 0.626906, 0.0, 0.0, 0.0, 1.0],
                [0.766044, 0.0, -0.642788, -5e-06, -0.642788, 0.0, -0.766044, 5.193666, 0.0, 1.0, 0.0, 0.626906, 0.0, 0.0, 0.0, 1.0],
                [0.766044, 0.0, -0.642788, -5e-06, -0.642788, 0.0, -0.766044, 5.193666, 0.0, 1.0, 0.0, 0.626906, 0.0, 0.0, 0.0, 1.0],
                [0.766044, 0.0, -0.642788, -5e-06, -0.642788, 0.0, -0.766044, 5.193666, 0.0, 1.0, 0.0, 0.626906, 0.0, 0.0, 0.0, 1.0],
                [0.766044, 0.0, -0.642788, -5e-06, -0.642788, 0.0, -0.766044, 5.193666, 0.0, 1.0, 0.0, 0.626906, 0.0, 0.0, 0.0, 1.0],
                [0.766044, 0.0, -0.642788, -5e-06, -0.642788, 0.0, -0.766044, 5.193666, 0.0, 1.0, 0.0, 0.626906, 0.0, 0.0, 0.0, 1.0],
                [0.766044, 0.0, -0.642788, -5e-06, -0.642788, 0.0, -0.766044, 5.193666, 0.0, 1.0, 0.0, 0.626906, 0.0, 0.0, 0.0, 1.0],
                [0.766044, 0.0, -0.642788, -5e-06, -0.642788, 0.0, -0.766044, 5.193666, 0.0, 1.0, 0.0, 0.626906, 0.0, 0.0, 0.0, 1.0],
                [0.766044, 0.0, -0.642788, -5e-06, -0.642788, 0.0, -0.766044, 5.193666, 0.0, 1.0, 0.0, 0.626906, 0.0, 0.0, 0.0, 1.0],
                [0.766044, 0.0, -0.642788, -5e-06, -0.642788, 0.0, -0.766044, 5.193666, 0.0, 1.0, 0.0, 0.626906, 0.0, 0.0, 0.0, 1.0],
                [0.766044, 0.0, -0.642788, -5e-06, -0.642788, 0.0, -0.766044, 5.193666, 0.0, 1.0, 0.0, 0.626906, 0.0, 0.0, 0.0, 1.0],
                [0.766044, 0.0, -0.642788, -5e-06, -0.642788, 0.0, -0.766044, 5.193666, 0.0, 1.0, 0.0, 0.626906, 0.0, 0.0, 0.0, 1.0],
                [0.766044, 0.0, -0.642788, -5e-06, -0.642788, 0.0, -0.766044, 5.193666, 0.0, 1.0, 0.0, 0.626906, 0.0, 0.0, 0.0, 1.0],
                [0.766044, 0.0, -0.642788, -5e-06, -0.642788, 0.0, -0.766044, 5.193666, 0.0, 1.0, 0.0, 0.626906, 0.0, 0.0, 0.0, 1.0],
                [0.766044, 0.0, -0.642788, -5e-06, -0.642788, 0.0, -0.766044, 5.193666, 0.0, 1.0, 0.0, 0.626906, 0.0, 0.0, 0.0, 1.0],
                [0.766044, 0.0, -0.642788, -5e-06, -0.642788, 0.0, -0.766044, 5.193666, 0.0, 1.0, 0.0, 0.626906, 0.0, 0.0, 0.0, 1.0],
                [0.766044, 0.0, -0.642788, -5e-06, -0.642788, 0.0, -0.766044, 5.193666, 0.0, 1.0, 0.0, 0.626906, 0.0, 0.0, 0.0, 1.0],
                [0.766044, 0.0, -0.642788, -5e-06, -0.642788, 0.0, -0.766044, 5.193666, 0.0, 1.0, 0.0, 0.626906, 0.0, 0.0, 0.0, 1.0],
                [0.766044, 0.0, -0.642788, -5e-06, -0.642788, 0.0, -0.766044, 5.193666, 0.0, 1.0, 0.0, 0.626906, 0.0, 0.0, 0.0, 1.0],
                [0.766044, 0.0, -0.642788, -5e-06, -0.642788, 0.0, -0.766044, 5.193666, 0.0, 1.0, 0.0, 0.626906, 0.0, 0.0, 0.0, 1.0],
                [0.766044, 0.0, -0.642788, -5e-06, -0.642788, 0.0, -0.766044, 5.193666, 0.0, 1.0, 0.0, 0.626906, 0.0, 0.0, 0.0, 1.0],
                [0.766044, 0.0, -0.642788, -5e-06, -0.642788, 0.0, -0.766044, 5.193666, 0.0, 1.0, 0.0, 0.626906, 0.0, 0.0, 0.0, 1.0],
                [0.766044, 0.0, -0.642788, -5e-06, -0.642788, 0.0, -0.766044, 5.193666, 0.0, 1.0, 0.0, 0.626906, 0.0, 0.0, 0.0, 1.0],
                [0.766044, 0.0, -0.642788, -5e-06, -0.642788, 0.0, -0.766044, 5.193666, 0.0, 1.0, 0.0, 0.626906, 0.0, 0.0, 0.0, 1.0],
                [0.767305, 0.0, -0.641283, -5e-06, -0.641283, 0.0, -0.767305, 5.191592, 0.0, 1.0, 0.0, 0.626906, 0.0, 0.0, 0.0, 1.0],
                [0.770963, 0.0, -0.63688, -5e-06, -0.63688, 0.0, -0.770963, 5.185549, 0.0, 1.0, 0.0, 0.626906, 0.0, 0.0, 0.0, 1.0],
                [0.776819, 0.0, -0.629724, -5e-06, -0.629724, 0.0, -0.776819, 5.1758, 0.0, 1.0, 0.0, 0.626906, 0.0, 0.0, 0.0, 1.0],
                [0.78465, 0.0, -0.619939, -5e-06, -0.619939, 0.0, -0.78465, 5.16261, 0.0, 1.0, 0.0, 0.626906, 0.0, 0.0, 0.0, 1.0],
                [0.794217, 0.0, -0.607635, -5e-06, -0.607635, 0.0, -0.794217, 5.146244, 0.0, 1.0, 0.0, 0.626906, 0.0, 0.0, 0.0, 1.0],
                [0.805266, 0.0, -0.592914, -5e-06, -0.592914, 0.0, -0.805266, 5.126966, 0.0, 1.0, 0.0, 0.626906, 0.0, 0.0, 0.0, 1.0],
                [0.817534, 0.0, -0.57588, -5e-06, -0.57588, 0.0, -0.817534, 5.105042, 0.0, 1.0, 0.0, 0.626906, 0.0, 0.0, 0.0, 1.0],
                [0.830753, 0.0, -0.556642, -5e-06, -0.556642, 0.0, -0.830753, 5.080736, 0.0, 1.0, 0.0, 0.626906, 0.0, 0.0, 0.0, 1.0],
                [0.844649, 0.0, -0.535321, -5e-06, -0.535321, 0.0, -0.844649, 5.054312, 0.0, 1.0, 0.0, 0.626906, 0.0, 0.0, 0.0, 1.0],
                [0.858953, 0.0, -0.512055, -5e-06, -0.512055, 0.0, -0.858953, 5.026035, 0.0, 1.0, 0.0, 0.626906, 0.0, 0.0, 0.0, 1.0],
                [0.873402, 0.0, -0.487, -5e-06, -0.487, 0.0, -0.873402, 4.996171, 0.0, 1.0, 0.0, 0.626906, 0.0, 0.0, 0.0, 1.0],
                [0.887744, 0.0, -0.460338, -5e-06, -0.460338, 0.0, -0.887744, 4.964983, 0.0, 1.0, 0.0, 0.626906, 0.0, 0.0, 0.0, 1.0],
                [0.901744, 0.0, -0.43227, -5e-06, -0.43227, 0.0, -0.901744, 4.932735, 0.0, 1.0, 0.0, 0.626906, 0.0, 0.0, 0.0, 1.0],
                [0.915189, 0.0, -0.403026, -5e-06, -0.403026, 0.0, -0.915189, 4.899695, 0.0, 1.0, 0.0, 0.626906, 0.0, 0.0, 0.0, 1.0],
                [0.927891, 0.0, -0.372852, -5e-06, -0.372852, 0.0, -0.927891, 4.866125, 0.0, 1.0, 0.0, 0.626906, 0.0, 0.0, 0.0, 1.0],
                [0.939693, 0.0, -0.34202, -5e-06, -0.34202, 0.0, -0.939693, 4.83229, 0.0, 1.0, 0.0, 0.626906, 0.0, 0.0, 0.0, 1.0],
                [0.95047, 0.0, -0.310815, -5e-06, -0.310815, 0.0, -0.95047, 4.798455, 0.0, 1.0, 0.0, 0.626906, 0.0, 0.0, 0.0, 1.0],
                [0.960135, 0.0, -0.279536, -5e-06, -0.279536, 0.0, -0.960135, 4.764884, 0.0, 1.0, 0.0, 0.626906, 0.0, 0.0, 0.0, 1.0],
                [0.968634, 0.0, -0.248491, -5e-06, -0.248491, 0.0, -0.968634, 4.731844, 0.0, 1.0, 0.0, 0.626906, 0.0, 0.0, 0.0, 1.0],
                [0.975951, 0.0, -0.217992, -5e-06, -0.217992, 0.0, -0.975951, 4.699597, 0.0, 1.0, 0.0, 0.626906, 0.0, 0.0, 0.0, 1.0],
                [0.982102, 0.0, -0.188348, -5e-06, -0.188348, 0.0, -0.982102, 4.668409, 0.0, 1.0, 0.0, 0.626906, 0.0, 0.0, 0.0, 1.0],
                [0.987138, 0.0, -0.159868, -5e-06, -0.159868, 0.0, -0.987138, 4.638544, 0.0, 1.0, 0.0, 0.626906, 0.0, 0.0, 0.0, 1.0],
                [0.991136, 0.0, -0.13285, -5e-06, -0.13285, 0.0, -0.991136, 4.610268, 0.0, 1.0, 0.0, 0.626906, 0.0, 0.0, 0.0, 1.0],
                [0.994196, 0.0, -0.107585, -5e-06, -0.107585, 0.0, -0.994196, 4.583844, 0.0, 1.0, 0.0, 0.626906, 0.0, 0.0, 0.0, 1.0],
                [0.996436, 0.0, -0.084351, -5e-06, -0.084351, 0.0, -0.996436, 4.559537, 0.0, 1.0, 0.0, 0.626906, 0.0, 0.0, 0.0, 1.0],
                [0.997987, 0.0, -0.063416, -5e-06, -0.063416, 0.0, -0.997987, 4.537613, 0.0, 1.0, 0.0, 0.626906, 0.0, 0.0, 0.0, 1.0],
                [0.998985, 0.0, -0.045037, -5e-06, -0.045037, 0.0, -0.998985, 4.518335, 0.0, 1.0, 0.0, 0.626906, 0.0, 0.0, 0.0, 1.0],
                [0.999566, 0.0, -0.029462, -5e-06, -0.029462, 0.0, -0.999566, 4.50197, 0.0, 1.0, 0.0, 0.626906, 0.0, 0.0, 0.0, 1.0],
                [0.999857, 0.0, -0.016933, -5e-06, -0.016933, 0.0, -0.999857, 4.48878, 0.0, 1.0, 0.0, 0.626906, 0.0, 0.0, 0.0, 1.0],
                [0.99997, 0.0, -0.007687, -5e-06, -0.007687, 0.0, -0.99997, 4.479031, 0.0, 1.0, 0.0, 0.626906, 0.0, 0.0, 0.0, 1.0],
                [0.999998, 0.0, -0.001963, -5e-06, -0.001963, 0.0, -0.999998, 4.472987, 0.0, 1.0, 0.0, 0.626906, 0.0, 0.0, 0.0, 1.0],
                [1.0, 0.0, 0.0, -5e-06, 0.0, 0.0, -1.0, 4.470914, 0.0, 1.0, 0.0, 0.626906, 0.0, 0.0, 0.0, 1.0],
                [1.0, 0.0, 0.0, -5e-06, 0.0, 0.0, -1.0, 4.470914, 0.0, 1.0, 0.0, 0.626906, 0.0, 0.0, 0.0, 1.0]
            ]
        },
        {
            "name": "Thigh_R",
            "time": [0.0, 0.0167, 0.0333, 0.05, 0.0667, 0.0833, 0.1, 0.1167, 0.1333, 0.15, 0.1667, 0.1833, 0.2, 0.2167, 0.2333, 0.25, 0.2667, 0.2833, 0.3, 0.3167, 0.3333, 0.35, 0.3667, 0.3833, 0.4, 0.4167, 0.4333, 0.45, 0.4667, 0.4833, 0.5, 0.5167, 0.5333, 0.55, 0.5667, 0.5833, 0.6, 0.6167, 0.6333, 0.65, 0.6667, 0.6833, 0.7, 0.7167, 0.7333, 0.75, 0.7667, 0.7833, 0.8, 0.8167, 0.8333, 0.85, 0.8667, 0.8833, 0.9, 0.9167, 0.9333, 0.95, 0.9667, 0.9833, 1.0, 1.0167, 1.0333, 1.05, 1.0667, 1.0833, 1.1, 1.1167, 1.1333, 1.15, 1.1667, 1.1833, 1.2, 1.2167, 1.2333, 1.25, 1.2667, 1.2833, 1.3, 1.3167, 1.3333, 1.35, 1.3667, 1.3833, 1.4, 1.4167, 1.4333, 1.45, 1.4667, 1.4833, 1.5, 1.5167, 1.5333, 1.55, 1.5667, 1.5833, 1.6, 1.6167, 1.6333, 1.65, 1.6667, 1.6833, 1.7, 1.7167, 1.7333, 1.75, 1.7667, 1.7833, 1.8, 1.8167, 1.8333, 1.85, 1.8667, 1.8833, 1.9, 1.9167, 1.9333, 1.95, 1.9667, 1.9833, 2.0, 2.0167, 2.0333, 2.05, 2.0667, 2.0833, 2.1, 2.1167, 2.1333, 2.15, 2.1667, 2.1833, 2.2, 2.2167, 2.2333, 2.25, 2.2667, 2.2833, 2.3, 2.3167, 2.3333, 2.35, 2.3667, 2.3833, 2.4, 2.4167, 2.4333, 2.45, 2.4667, 2.4833, 2.5, 2.5167, 2.5333, 2.55, 2.5667, 2.5833, 2.7],
            "transform": [
                [0.907981, -0.195204, -0.370765, 0.113308, 0.093081, -0.76878, 0.632703, 0.03344, -0.408543, -0.608993, -0.679867, -0.038345, 0.0, 0.0, 0.0, 1.0],
                [0.907981, -0.195149, -0.370794, 0.113308, 0.093081, -0.768872, 0.63259, 0.03344, -0.408543, -0.608894, -0.679957, -0.038345, 0.0, 0.0, 0.0, 1.0],
                [0.907981, -0.194769, -0.370994, 0.113308, 0.093081, -0.769521, 0.631801, 0.03344, -0.408543, -0.608196, -0.680581, -0.038345, 0.0, 0.0, 0.0, 1.0],
                [0.90798, -0.193735, -0.371535, 0.113308, 0.093081, -0.771277, 0.629656, 0.03344, -0.408543, -0.606298, -0.682272, -0.038345, 0.0, 0.0, 0.0, 1.0],
                [0.907981, -0.191715, -0.372582, 0.113308, 0.093081, -0.774685, 0.625458, 0.033439, -0.408543, -0.602584, -0.685554, -0.038345, 0.0, 0.0, 0.0, 1.0],
                [0.907981, -0.188365, -0.374286, 0.113308, 0.093081, -0.780264, 0.618484, 0.033439, -0.408543, -0.596411, -0.690932, -0.038345, 0.0, 0.0, 0.0, 1.0],
                [0.90798, -0.183324, -0.376781, 0.113308, 0.093081, -0.788495, 0.607956, 0.03344, -0.408543, -0.587084, -0.698874, -0.038345, 0.0, 0.0, 0.0, 1.0],
                [0.907981, -0.176205, -0.380162, 0.113308, 0.093081, -0.799792, 0.593017, 0.03344, -0.408543, -0.573834, -0.709794, -0.038345, 0.0, 0.0, 0.0, 1.0],
                [0.907981, -0.16587, -0.384784, 0.113308, 0.093081, -0.81552, 0.571194, 0.033439, -0.408543, -0.554449, -0.725037, -0.038345, 0.0, 0.0, 0.0, 1.0],
                [0.90798, -0.15162, -0.390619, 0.113308, 0.093081, -0.835957, 0.540843, 0.03344, -0.408543, -0.527434, -0.74492, -0.038345, 0.0, 0.0, 0.0, 1.0],
                [0.907981, -0.133694, -0.397111, 0.113308, 0.093081, -0.859695, 0.502256, 0.03344, -0.408543, -0.493002, -0.768142, -0.038345, 0.0, 0.0, 0.0, 1.0],
                [0.90798, -0.11237, -0.403664, 0.113308, 0.093081, -0.885207, 0.45579, 0.03344, -0.408543, -0.451422, -0.793291, -0.038345, 0.0, 0.0, 0.0, 1.0],
                [0.90798, -0.087999, -0.409668, 0.113308, 0.093081, -0.910908, 0.401972, 0.03344, -0.408543, -0.403115, -0.818896, -0.038345, 0.0, 0.0, 0.0, 1.0],
                [0.907981, -0.061034, -0.414544, 0.113308, 0.093081, -0.935234, 0.341573, 0.033439, -0.408543, -0.348728, -0.843494, -0.038345, 0.0, 0.0, 0.0, 1.0],
                [0.907981, -0.032034, -0.417786, 0.113308, 0.093081, -0.95674, 0.275652, 0.03344, -0.408543, -0.289174, -0.86572, -0.038345, 0.0, 0.0, 0.0, 1.0],
                [0.907981, -0.001659, -0.419009, 0.113308, 0.093081, -0.974207, 0.205562, 0.03344, -0.408543, -0.225648, -0.884407, -0.038345, 0.0, 0.0, 0.0, 1.0],
                [0.90798, 0.029352, -0.417983, 0.113308, 0.093081, -0.986748, 0.132906, 0.03344, -0.408543, -0.159583, -0.89868, -0.038345, 0.0, 0.0, 0.0, 1.0],
                [0.90798, 0.060229, -0.414661, 0.113308, 0.093081, -0.993881, 0.059459, 0.03344, -0.408543, -0.092584, -0.908031, -0.038345, 0.0, 0.0, 0.0, 1.0],
                [0.90798, 0.090212, -0.409186, 0.113308, 0.093081, -0.995574, -0.012945, 0.03344, -0.408543, -0.026333, -0.912359, -0.038345, 0.0, 0.0, 0.0, 1.0],
                [0.90798, 0.118601, -0.401877, 0.113308, 0.093081, -0.992233, -0.082523, 0.03344, -0.408543, 0.037522, -0.911967, -0.038345, 0.0, 0.0, 0.0, 1.0],
                [0.907981, 0.144792, -0.393201, 0.113308, 0.093081, -0.984651, -0.147644, 0.03344, -0.408543, 0.097458, -0.907521, -0.038345, 0.0, 0.0, 0.0, 1.0],
                [0.90798, 0.168297, -0.383728, 0.113308, 0.093081, -0.973924, -0.206899, 0.03344, -0.408543, 0.152142, -0.89997, -0.038345, 0.0, 0.0, 0.0, 1.0],
                [0.90798, 0.18875, -0.374092, 0.113308, 0.093081, -0.961347, -0.259129, 0.03344, -0.408543, 0.200463, -0.890453, -0.038345, 0.0, 0.0, 0.0, 1.0],
                [0.90798, 0.205887, -0.364941, 0.113308, 0.093081, -0.948303, -0.30341, 0.03344, -0.408543, 0.241521, -0.880205, -0.038345, 0.0, 0.0, 0.0, 1.0],
                [0.90798, 0.21952, -0.356907, 0.113308, 0.093081, -0.93617, -0.339001, 0.03344, -0.408543, 0.274585, -0.870457, -0.038345, 0.0, 0.0, 0.0, 1.0],
                [0.90798, 0.229497, -0.350575, 0.113308, 0.093081, -0.926238, -0.365266, 0.03344, -0.408543, 0.299022, -0.862368, -0.038345, 0.0, 0.0, 0.0, 1.0],
                [0.90798, 0.235656, -0.346465, 0.113308, 0.093081, -0.919639, -0.381575, 0.03344, -0.408543, 0.314214, -0.856949, -0.038345, 0.0, 0.0, 0.0, 1.0],
                [0.90798, 0.237775, -0.345014, 0.113308, 0.093081, -0.917283, -0.387204, 0.03344, -0.408543, 0.319459, -0.855008, -0.038345, 0.0, 0.0, 0.0, 1.0],
                [0.90798, 0.233591, -0.34786, 0.113308, 0.093081, -0.921892, -0.376099, 0.03344, -0.408543, 0.309112, -0.858803, -0.038345, 0.0, 0.0, 0.0, 1.0],
                [0.90798, 0.221392, -0.355749, 0.113308, 0.093081, -0.934376, -0.343914, 0.03344, -0.408543, 0.279154, -0.869003, -0.038345, 0.0, 0.0, 0.0, 1.0],
                [0.90798, 0.201414, -0.367429, 0.113308, 0.093081, -0.951938, -0.291805, 0.03344, -0.408543, 0.230752, -0.883089, -0.038345, 0.0, 0.0, 0.0, 1.0],
                [0.90798, 0.173726, -0.381302, 0.113308, 0.093081, -0.97089, -0.220698, 0.03344, -0.408543, 0.164898, -0.89772, -0.038345, 0.0, 0.0, 0.0, 1.0],
                [0.90798, 0.138499, -0.395461, 0.113308, 0.093081, -0.986881, -0.131913, 0.03344, -0.408543, 0.082965, -0.908961, -0.038345, 0.0, 0.0, 0.0, 1.0],
                [0.90798, 0.096279, -0.407801, 0.113308, 0.093081, -0.995272, -0.027729, 0.03344, -0.408543, -0.012781, -0.91265, -0.038345, 0.0, 0.0, 0.0, 1.0],
                [0.90798, 0.048195, -0.416232, 0.113308, 0.093081, -0.991742, 0.088218, 0.03344, -0.408543, -0.118844, -0.904969, -0.038345, 0.0, 0.0, 0.0, 1.0],
                [0.90798, -0.00395, -0.418994, 0.113308, 0.093081, -0.973069, 0.210886, 0.03344, -0.408543, -0.230481, -0.88316, -0.038345, 0.0, 0.0, 0.0, 1.0],
                [0.90798, -0.057782, -0.415009, 0.113308, 0.093081, -0.937883, 0.334231, 0.03344, -0.408543, -0.342105, -0.846201, -0.038345, 0.0, 0.0, 0.0, 1.0],
                [0.90798, -0.110655, -0.404137, 0.113308, 0.093081, -0.887133, 0.452029, 0.03344, -0.408543, -0.448051, -0.7952, -0.038345, 0.0, 0.0, 0.0, 1.0],
                [0.90798, -0.160063, -0.387236, 0.113308, 0.093081, -0.824021, 0.55886, 0.03344, -0.408543, -0.543479, -0.733296, -0.038345, 0.0, 0.0, 0.0, 1.0],
                [0.90798, -0.204015, -0.365991, 0.113308, 0.093081, -0.753428, 0.650908, 0.03344, -0.408543, -0.625079, -0.665108, -0.038345, 0.0, 0.0, 0.0, 1.0],
                [0.90798, -0.241259, -0.342587, 0.113307, 0.093081, -0.68104, 0.726305, 0.03344, -0.408543, -0.69136, -0.595915, -0.038345, 0.0, 0.0, 0.0, 1.0],
                [0.90798, -0.271277, -0.319343, 0.113307, 0.093081, -0.612504, 0.784968, 0.03344, -0.408543, -0.74246, -0.530891, -0.038345, 0.0, 0.0, 0.0, 1.0],
                [0.90798, -0.294123, -0.298435, 0.113308, 0.093081, -0.552854, 0.828063, 0.03344, -0.408543, -0.779644, -0.474603, -0.038345, 0.0, 0.0, 0.0, 1.0],
                [0.90798, -0.31015, -0.281742, 0.113307, 0.093081, -0.506295, 0.857322, 0.03344, -0.408543, -0.804657, -0.430837, -0.038345, 0.0, 0.0, 0.0, 1.0],
                [0.90798, -0.319731, -0.27082, 0.113307, 0.093081, -0.47627, 0.874358, 0.03344, -0.408543, -0.819108, -0.402683, -0.038345, 0.0, 0.0, 0.0, 1.0],
                [0.90798, -0.322978, -0.26694, 0.113307, 0.093081, -0.465677, 0.880046, 0.03344, -0.408543, -0.823912, -0.392762, -0.038345, 0.0, 0.0, 0.0, 1.0],
                [0.90798, -0.322978, -0.26694, 0.113307, 0.093081, -0.465677, 0.880046, 0.03344, -0.408543, -0.823912, -0.392762, -0.038345, 0.0, 0.0, 0.0, 1.0],
                [0.90798, -0.322978, -0.26694, 0.113307, 0.093081, -0.465677, 0.880046, 0.03344, -0.408543, -0.823912, -0.392762, -0.038345, 0.0, 0.0, 0.0, 1.0],
                [0.90798, -0.322978, -0.26694, 0.113307, 0.093081, -0.465677, 0.880046, 0.03344, -0.408543, -0.823912, -0.392762, -0.038345, 0.0, 0.0, 0.0, 1.0],
                [0.90798, -0.322978, -0.26694, 0.113307, 0.093081, -0.465677, 0.880046, 0.03344, -0.408543, -0.823912, -0.392762, -0.038345, 0.0, 0.0, 0.0, 1.0],
                [0.90798, -0.322978, -0.26694, 0.113307, 0.093081, -0.465677, 0.880046, 0.03344, -0.408543, -0.823912, -0.392762, -0.038345, 0.0, 0.0, 0.0, 1.0],
                [0.90798, -0.322978, -0.26694, 0.113307, 0.093081, -0.465677, 0.880046, 0.03344, -0.408543, -0.823912, -0.392762, -0.038345, 0.0, 0.0, 0.0, 1.0],
                [0.90798, -0.322978, -0.26694, 0.113307, 0.093081, -0.465677, 0.880046, 0.03344, -0.408543, -0.823912, -0.392762, -0.038345, 0.0, 0.0, 0.0, 1.0],
                [0.90798, -0.322978, -0.26694, 0.113307, 0.093081, -0.465677, 0.880046, 0.03344, -0.408543, -0.823912, -0.392762, -0.038345, 0.0, 0.0, 0.0, 1.0],
                [0.90798, -0.322978, -0.26694, 0.113307, 0.093081, -0.465677, 0.880046, 0.03344, -0.408543, -0.823912, -0.392762, -0.038345, 0.0, 0.0, 0.0, 1.0],
                [0.90798, -0.322978, -0.26694, 0.113307, 0.093081, -0.465677, 0.880046, 0.03344, -0.408543, -0.823912, -0.392762, -0.038345, 0.0, 0.0, 0.0, 1.0],
                [0.90798, -0.322978, -0.26694, 0.113307, 0.093081, -0.465677, 0.880046, 0.03344, -0.408543, -0.823912, -0.392762, -0.038345, 0.0, 0.0, 0.0, 1.0],
                [0.90798, -0.322978, -0.26694, 0.113307, 0.093081, -0.465677, 0.880046, 0.03344, -0.408543, -0.823912, -0.392762, -0.038345, 0.0, 0.0, 0.0, 1.0],
                [0.90798, -0.322978, -0.26694, 0.113307, 0.093081, -0.465677, 0.880046, 0.03344, -0.408543, -0.823912, -0.392762, -0.038345, 0.0, 0.0, 0.0, 1.0],
                [0.90798, -0.322978, -0.26694, 0.113307, 0.093081, -0.465677, 0.880046, 0.03344, -0.408543, -0.823912, -0.392762, -0.038345, 0.0, 0.0, 0.0, 1.0],
                [0.90798, -0.322978, -0.26694, 0.113307, 0.093081, -0.465677, 0.880046, 0.03344, -0.408543, -0.823912, -0.392762, -0.038345, 0.0, 0.0, 0.0, 1.0],
                [0.90798, -0.322978, -0.26694, 0.113307, 0.093081, -0.465677, 0.880046, 0.03344, -0.408543, -0.823912, -0.392762, -0.038345, 0.0, 0.0, 0.0, 1.0],
                [0.90798, -0.322978, -0.26694, 0.113307, 0.093081, -0.465677, 0.880046, 0.03344, -0.408543, -0.823912, -0.392762, -0.038345, 0.0, 0.0, 0.0, 1.0],
                [0.90798, -0.322978, -0.26694, 0.113307, 0.093081, -0.465677, 0.880046, 0.03344, -0.408543, -0.823912, -0.392762, -0.038345, 0.0, 0.0, 0.0, 1.0],
                [0.90798, -0.322978, -0.26694, 0.113307, 0.093081, -0.465677, 0.880046, 0.03344, -0.408543, -0.823912, -0.392762, -0.038345, 0.0, 0.0, 0.0, 1.0],
                [0.90798, -0.322978, -0.26694, 0.113307, 0.093081, -0.465677, 0.880046, 0.03344, -0.408543, -0.823912, -0.392762, -0.038345, 0.0, 0.0, 0.0, 1.0],
                [0.90798, -0.322978, -0.26694, 0.113307, 0.093081, -0.465677, 0.880046, 0.03344, -0.408543, -0.823912, -0.392762, -0.038345, 0.0, 0.0, 0.0, 1.0],
                [0.90798, -0.322978, -0.26694, 0.113307, 0.093081, -0.465677, 0.880046, 0.03344, -0.408543, -0.823912, -0.392762, -0.038345, 0.0, 0.0, 0.0, 1.0],
                [0.90798, -0.322978, -0.26694, 0.113307, 0.093081, -0.465677, 0.880046, 0.03344, -0.408543, -0.823912, -0.392762, -0.038345, 0.0, 0.0, 0.0, 1.0],
                [0.90798, -0.322978, -0.26694, 0.113307, 0.093081, -0.465677, 0.880046, 0.03344, -0.408543, -0.823912, -0.392762, -0.038345, 0.0, 0.0, 0.0, 1.0],
                [0.90798, -0.322978, -0.26694, 0.113307, 0.093081, -0.465677, 0.880046, 0.03344, -0.408543, -0.823912, -0.392762, -0.038345, 0.0, 0.0, 0.0, 1.0],
                [0.90798, -0.322978, -0.26694, 0.113307, 0.093081, -0.465677, 0.880046, 0.03344, -0.408543, -0.823912, -0.392762, -0.038345, 0.0, 0.0, 0.0, 1.0],
                [0.90798, -0.322978, -0.26694, 0.113307, 0.093081, -0.465677, 0.880046, 0.03344, -0.408543, -0.823912, -0.392762, -0.038345, 0.0, 0.0, 0.0, 1.0],
                [0.90798, -0.322978, -0.26694, 0.113307, 0.093081, -0.465677, 0.880046, 0.03344, -0.408543, -0.823912, -0.392762, -0.038345, 0.0, 0.0, 0.0, 1.0],
                [0.90798, -0.322978, -0.26694, 0.113307, 0.093081, -0.465677, 0.880046, 0.03344, -0.408543, -0.823912, -0.392762, -0.038345, 0.0, 0.0, 0.0, 1.0],
                [0.90798, -0.322978, -0.26694, 0.113307, 0.093081, -0.465677, 0.880046, 0.03344, -0.408543, -0.823912, -0.392762, -0.038345, 0.0, 0.0, 0.0, 1.0],
                [0.90798, -0.322978, -0.26694, 0.113307, 0.093081, -0.465677, 0.880046, 0.03344, -0.408543, -0.823912, -0.392762, -0.038345, 0.0, 0.0, 0.0, 1.0],
                [0.90798, -0.322978, -0.26694, 0.113307, 0.093081, -0.465677, 0.880046, 0.03344, -0.408543, -0.823912, -0.392762, -0.038345, 0.0, 0.0, 0.0, 1.0],
                [0.90798, -0.322978, -0.26694, 0.113307, 0.093081, -0.465677, 0.880046, 0.03344, -0.408543, -0.823912, -0.392762, -0.038345, 0.0, 0.0, 0.0, 1.0],
                [0.90798, -0.322978, -0.26694, 0.113307, 0.093081, -0.465677, 0.880046, 0.03344, -0.408543, -0.823912, -0.392762, -0.038345, 0.0, 0.0, 0.0, 1.0],
                [0.90798, -0.322978, -0.26694, 0.113307, 0.093081, -0.465677, 0.880046, 0.03344, -0.408543, -0.823912, -0.392762, -0.038345, 0.0, 0.0, 0.0, 1.0],
                [0.90798, -0.322978, -0.26694, 0.113307, 0.093081, -0.465677, 0.880046, 0.03344, -0.408543, -0.823912, -0.392762, -0.038345, 0.0, 0.0, 0.0, 1.0],
                [0.90798, -0.322978, -0.26694, 0.113307, 0.093081, -0.465677, 0.880046, 0.03344, -0.408543, -0.823912, -0.392762, -0.038345, 0.0, 0.0, 0.0, 1.0],
                [0.90798, -0.322978, -0.26694, 0.113307, 0.093081, -0.465677, 0.880046, 0.03344, -0.408543, -0.823912, -0.392762, -0.038345, 0.0, 0.0, 0.0, 1.0],
                [0.90798, -0.322978, -0.26694, 0.113307, 0.093081, -0.465677, 0.880046, 0.03344, -0.408543, -0.823912, -0.392762, -0.038345, 0.0, 0.0, 0.0, 1.0],
                [0.90798, -0.322978, -0.26694, 0.113307, 0.093081, -0.465677, 0.880046, 0.03344, -0.408543, -0.823912, -0.392762, -0.038345, 0.0, 0.0, 0.0, 1.0],
                [0.90798, -0.322978, -0.26694, 0.113307, 0.093081, -0.465677, 0.880046, 0.03344, -0.408543, -0.823912, -0.392762, -0.038345, 0.0, 0.0, 0.0, 1.0],
                [0.90798, -0.322978, -0.26694, 0.113307, 0.093081, -0.465677, 0.880046, 0.03344, -0.408543, -0.823912, -0.392762, -0.038345, 0.0, 0.0, 0.0, 1.0],
                [0.90798, -0.322978, -0.26694, 0.113307, 0.093081, -0.465677, 0.880046, 0.03344, -0.408543, -0.823912, -0.392762, -0.038345, 0.0, 0.0, 0.0, 1.0],
                [0.90798, -0.322978, -0.26694, 0.113307, 0.093081, -0.465677, 0.880046, 0.03344, -0.408543, -0.823912, -0.392762, -0.038345, 0.0, 0.0, 0.0, 1.0],
                [0.90798, -0.322978, -0.26694, 0.113307, 0.093081, -0.465677, 0.880046, 0.03344, -0.408543, -0.823912, -0.392762, -0.038345, 0.0, 0.0, 0.0, 1.0],
                [0.90798, -0.322978, -0.26694, 0.113307, 0.093081, -0.465677, 0.880046, 0.03344, -0.408543, -0.823912, -0.392762, -0.038345, 0.0, 0.0, 0.0, 1.0],
                [0.90798, -0.322978, -0.26694, 0.113307, 0.093081, -0.465677, 0.880046, 0.03344, -0.408543, -0.823912, -0.392762, -0.038345, 0.0, 0.0, 0.0, 1.0],
                [0.90798, -0.322978, -0.26694, 0.113307, 0.093081, -0.465677, 0.880046, 0.03344, -0.408543, -0.823912, -0.392762, -0.038345, 0.0, 0.0, 0.0, 1.0],
                [0.90798, -0.322978, -0.26694, 0.113307, 0.093081, -0.465677, 0.880046, 0.03344, -0.408543, -0.823912, -0.392762, -0.038345, 0.0, 0.0, 0.0, 1.0],
                [0.90798, -0.322978, -0.26694, 0.113307, 0.093081, -0.465677, 0.880046, 0.03344, -0.408543, -0.823912, -0.392762, -0.038345, 0.0, 0.0, 0.0, 1.0],
                [0.90798, -0.322978, -0.26694, 0.113307, 0.093081, -0.465677, 0.880046, 0.03344, -0.408543, -0.823912, -0.392762, -0.038345, 0.0, 0.0, 0.0, 1.0],
                [0.90798, -0.322978, -0.26694, 0.113307, 0.093081, -0.465677, 0.880046, 0.03344, -0.408543, -0.823912, -0.392762, -0.038345, 0.0, 0.0, 0.0, 1.0],
                [0.90798, -0.322978, -0.26694, 0.113307, 0.093081, -0.465677, 0.880046, 0.03344, -0.408543, -0.823912, -0.392762, -0.038345, 0.0, 0.0, 0.0, 1.0],
                [0.90798, -0.322978, -0.26694, 0.113307, 0.093081, -0.465677, 0.880046, 0.03344, -0.408543, -0.823912, -0.392762, -0.038345, 0.0, 0.0, 0.0, 1.0],
                [0.90798, -0.322978, -0.26694, 0.113307, 0.093081, -0.465677, 0.880046, 0.03344, -0.408543, -0.823912, -0.392762, -0.038345, 0.0, 0.0, 0.0, 1.0],
                [0.90798, -0.322978, -0.26694, 0.113307, 0.093081, -0.465677, 0.880046, 0.03344, -0.408543, -0.823912, -0.392762, -0.038345, 0.0, 0.0, 0.0, 1.0],
                [0.90798, -0.322978, -0.26694, 0.113307, 0.093081, -0.465677, 0.880046, 0.03344, -0.408543, -0.823912, -0.392762, -0.038345, 0.0, 0.0, 0.0, 1.0],
                [0.90798, -0.322978, -0.26694, 0.113307, 0.093081, -0.465677, 0.880046, 0.03344, -0.408543, -0.823912, -0.392762, -0.038345, 0.0, 0.0, 0.0, 1.0],
