{
    "animation": [
        {
            "name": "Root",
            "time": [0.0, 0.0167, 0.0333, 0.05, 0.0667, 0.0833, 0.1, 0.1167, 0.1333, 0.15, 0.1667, 0.1833, 0.2, 0.2167, 0.2333, 0.25, 0.2667, 0.2833, 0.3, 0.3167, 0.3333, 0.35, 0.3667, 0.3833, 0.4, 0.4167, 0.4333, 0.45, 0.4667, 0.4833, 0.5, 0.5167, 0.5333, 0.55, 0.5667, 0.5833, 0.6, 0.6167, 0.6333, 0.65, 0.6667, 0.6833, 0.7, 0.7167, 0.7333, 0.75, 0.7667, 0.7833, 0.8, 0.8167, 0.8333, 0.85, 0.8667, 0.8833, 0.9, 0.9167, 0.9333, 0.95, 0.9667, 0.9833, 1.0, 1.0167, 1.0333, 1.05, 1.0667, 1.0833, 1.1, 1.1167, 1.1333, 1.15, 1.1667, 1.1833, 1.2, 1.2167, 1.2333, 1.25, 1.2667, 1.2833, 1.3, 1.3167, 1.3333, 1.35, 1.3667, 1.3833, 1.4, 1.4167, 1.4333, 1.45, 1.4667, 1.4833, 1.5, 1.5167, 1.5333, 1.55, 1.5667, 1.5833, 1.6, 1.6167, 1.6333, 1.65, 1.6667, 1.6833, 1.7, 1.7167, 1.7333, 1.75, 1.7667, 1.7833, 1.8, 1.8167, 1.8333, 1.85, 1.8667, 1.8833, 1.9, 1.9167, 1.9333, 1.95, 1.9667, 1.9833, 2.0, 2.0167, 2.0333, 2.05, 2.0667, 2.0833, 2.1, 2.1167, 2.1333, 2.15, 2.1667, 2.1833, 2.2, 2.2167, 2.2333, 2.25, 2.2667, 2.2833, 2.3, 2.3167, 2.3333, 2.35, 2.3667, 2.3833, 2.4, 2.4167, 2.4333, 2.45, 2.4667, 2.4833, 2.5, 2.5167, 2.5333, 2.55, 2.5667, 2.5833, 2.6, 2.6167, 2.6333, 2.65, 2.6667, 2.6833, 2.8167],
            "transform": [
                [0.99583, 0.005549, 0.091056, -5e-06, 0.085416, 0.293774, -0.952051, 0.000946, -0.032033, 0.955859, 0.292075, 0.576725, 0.0, 0.0, 0.0, 1.0],
                [0.995808, 0.006343, 0.091249, 0.000218, 0.085554, 0.288335, -0.9537, 0.023015, -0.03236, 0.957508, 0.286584, 0.581684, 0.0, 0.0, 0.0, 1.0],
                [0.995707, 0.00849, 0.092173, 0.000849, 0.086359, 0.27323, -0.958064, 0.084029, -0.033318, 0.961911, 0.271324, 0.593512, 0.0, 0.0, 0.0, 1.0],
                [0.995473, 0.011661, 0.094328, 0.001835, 0.088428, 0.250236, -0.964138, 0.176198, -0.034847, 0.968115, 0.248072, 0.607628, 0.0, 0.0, 0.0, 1.0],
                [0.995043, 0.015573, 0.098218, 0.003121, 0.09237, 0.221146, -0.970857, 0.291735, -0.036839, 0.975116, 0.218611, 0.619455, 0.0, 0.0, 0.0, 1.0],
                [0.994339, 0.019985, 0.10436, 0.004652, 0.098788, 0.187834, -0.97722, 0.422849, -0.039132, 0.981997, 0.184797, 0.624415, 0.0, 0.0, 0.0, 1.0],
                [0.993254, 0.024694, 0.113297, 0.006374, 0.108271, 0.152281, -0.982389, 0.561752, -0.041512, 0.988029, 0.14858, 0.624415, 0.0, 0.0, 0.0, 1.0],
                [0.991643, 0.029519, 0.125592, 0.008232, 0.121374, 0.116565, -0.985739, 0.700655, -0.043738, 0.992744, 0.112008, 0.624415, 0.0, 0.0, 0.0, 1.0],
                [0.989298, 0.034275, 0.141828, 0.010171, 0.138612, 0.082824, -0.986877, 0.83177, -0.045572, 0.995975, 0.077187, 0.624415, 0.0, 0.0, 0.0, 1.0],
                [0.985933, 0.038731, 0.162595, 0.012138, 0.160451, 0.053216, -0.985608, 0.947306, -0.046826, 0.997832, 0.046253, 0.624415, 0.0, 0.0, 0.0, 1.0],
                [0.981156, 0.042561, 0.188473, 0.014078, 0.18731, 0.029862, -0.981847, 1.039476, -0.047417, 0.998647, 0.021328, 0.624415, 0.0, 0.0, 0.0, 1.0],
                [0.974447, 0.045281, 0.220008, 0.015936, 0.219554, 0.014816, -0.975488, 1.100489, -0.047431, 0.998864, 0.004495, 0.624415, 0.0, 0.0, 0.0, 1.0],
                [0.965132, 0.046171, 0.257661, 0.017658, 0.257476, 0.010022, -0.966233, 1.122558, -0.047194, 0.998883, -0.002215, 0.624415, 0.0, 0.0, 0.0, 1.0],
                [0.952069, 0.043249, 0.302812, 0.019189, 0.301957, 0.025245, -0.952987, 1.108954, -0.04886, 0.998745, 0.010975, 0.624415, 0.0, 0.0, 0.0, 1.0],
                [0.934178, 0.034206, 0.355164, 0.020475, 0.3525, 0.065736, -0.9335, 1.076514, -0.055279, 0.997251, 0.049351, 0.624415, 0.0, 0.0, 0.0, 1.0],
                [0.910921, 0.017603, 0.412204, 0.02146, 0.406935, 0.126371, -0.904674, 1.037794, -0.068015, 0.991827, 0.10795, 0.624415, 0.0, 0.0, 0.0, 1.0],
                [0.882102, -0.007667, 0.470995, 0.022092, 0.462705, 0.201561, -0.863294, 1.005354, -0.088316, 0.979446, 0.181345, 0.624415, 0.0, 0.0, 0.0, 1.0],
                [0.847961, -0.042023, 0.528391, 0.022314, 0.517031, 0.28523, -0.807046, 0.99175, -0.116798, 0.957537, 0.263591, 0.624415, 0.0, 0.0, 0.0, 1.0],
                [0.809167, -0.085001, 0.581398, 0.022231, 0.567237, 0.371108, -0.735201, 1.015292, -0.153269, 0.924691, 0.348504, 0.648338, 0.0, 0.0, 0.0, 1.0],
                [0.766699, -0.135261, 0.627596, 0.021987, 0.611125, 0.453297, -0.648882, 1.083913, -0.196719, 0.881037, 0.430204, 0.714481, 0.0, 0.0, 0.0, 1.0],
                [0.721623, -0.190813, 0.66547, 0.021593, 0.647287, 0.526883, -0.55083, 1.194608, -0.245519, 0.828242, 0.503722, 0.814397, 0.0, 0.0, 0.0, 1.0],
                [0.674839, -0.249383, 0.69455, 0.02106, 0.67524, 0.58838, -0.444815, 1.344373, -0.29773, 0.769167, 0.565455, 0.939645, 0.0, 0.0, 0.0, 1.0],
                [0.626857, -0.308774, 0.715338, 0.020399, 0.695369, 0.635852, -0.334894, 1.5302, -0.351443, 0.707354, 0.613301, 1.081781, 0.0, 0.0, 0.0, 1.0],
                [0.577626, -0.367147, 0.729076, 0.019621, 0.708729, 0.668723, -0.22475, 1.749087, -0.405033, 0.646538, 0.64648, 1.23236, 0.0, 0.0, 0.0, 1.0],
                [0.526416, -0.423133, 0.737458, 0.018736, 0.716781, 0.687368, -0.117263, 1.998026, -0.457287, 0.590325, 0.665135, 1.382939, 0.0, 0.0, 0.0, 1.0],
                [0.471696, -0.475799, 0.742374, 0.017754, 0.721157, 0.692624, -0.014302, 2.274014, -0.507381, 0.542114, 0.669833, 1.525074, 0.0, 0.0, 0.0, 1.0],
                [0.41092, -0.524466, 0.745708, 0.016687, 0.723474, 0.685305, 0.083317, 2.574043, -0.554734, 0.505264, 0.661043, 1.650322, 0.0, 0.0, 0.0, 1.0],
                [0.342281, -0.567582, 0.748795, 0.015545, 0.716316, 0.673361, 0.182969, 2.89511, -0.608059, 0.473747, 0.637046, 1.750239, 0.0, 0.0, 0.0, 1.0],
                [0.265538, -0.60584, 0.749965, 0.014339, 0.689202, 0.663235, 0.291754, 3.234209, -0.674159, 0.439405, 0.593661, 1.816381, 0.0, 0.0, 0.0, 1.0],
                [0.179622, -0.641714, 0.745613, 0.01308, 0.63838, 0.652712, 0.407969, 3.588334, -0.74847, 0.402704, 0.526899, 1.840305, 0.0, 0.0, 0.0, 1.0],
                [0.084186, -0.677323, 0.730853, 0.011778, 0.559697, 0.638966, 0.527695, 3.954481, -0.82441, 0.364632, 0.432887, 1.835096, 0.0, 0.0, 0.0, 1.0],
                [-0.019529, -0.714242, 0.699627, 0.010444, 0.449685, 0.618712, 0.644189, 4.329643, -0.892974, 0.327192, 0.309101, 1.817356, 0.0, 0.0, 0.0, 1.0],
                [-0.127782, -0.753119, 0.645356, 0.009088, 0.307219, 0.58863, 0.747751, 4.710816, -0.943021, 0.293815, 0.156156, 1.783917, 0.0, 0.0, 0.0, 1.0],
                [-0.23378, -0.793182, 0.562325, 0.007722, 0.135441, 0.546146, 0.826668, 5.094994, -0.96281, 0.26942, -0.020249, 1.732586, 0.0, 0.0, 0.0, 1.0],
                [-0.328102, -0.831855, 0.447622, 0.006355, -0.056928, 0.490404, 0.869634, 5.479172, -0.942925, 0.259847, -0.208259, 1.665087, 0.0, 0.0, 0.0, 1.0],
                [-0.400491, -0.864799, 0.302869, 0.005, -0.256073, 0.422997, 0.869195, 5.860345, -0.879792, 0.270548, -0.390858, 1.584118, 0.0, 0.0, 0.0, 1.0],
                [-0.442613, -0.886547, 0.134644, 0.003666, -0.445931, 0.347884, 0.824695, 6.235507, -0.777971, 0.304978, -0.549317, 1.49238, 0.0, 0.0, 0.0, 1.0],
                [-0.450506, -0.891537, -0.046974, 0.002363, -0.612406, 0.270315, 0.742892, 6.601654, -0.649618, 0.363445, -0.667761, 1.392573, 0.0, 0.0, 0.0, 1.0],
                [-0.425447, -0.874995, -0.231038, 0.001104, -0.74679, 0.195242, 0.635755, 6.95578, -0.511174, 0.443017, -0.736503, 1.287397, 0.0, 0.0, 0.0, 1.0],
                [-0.372492, -0.833347, -0.408391, -0.000102, -0.846651, 0.124944, 0.517272, 7.294878, -0.380041, 0.538444, -0.752095, 1.179553, 0.0, 0.0, 0.0, 1.0],
                [-0.299301, -0.766317, -0.568486, -0.001244, -0.915547, 0.062878, 0.397266, 7.615945, -0.268686, 0.639378, -0.720419, 1.07174, 0.0, 0.0, 0.0, 1.0],
                [-0.215472, -0.678345, -0.702438, -0.002311, -0.95927, 0.012468, 0.282214, 7.915974, -0.18268, 0.734638, -0.653403, 0.966658, 0.0, 0.0, 0.0, 1.0],
                [-0.130185, -0.577011, -0.806294, -0.003292, -0.983866, -0.02547, 0.177083, 8.191959, -0.122715, 0.816339, -0.564386, 0.867008, 0.0, 0.0, 0.0, 1.0],
                [-0.050701, -0.471001, -0.880675, -0.004178, -0.995013, -0.052021, 0.085105, 8.4409, -0.085899, 0.880598, -0.466014, 0.775489, 0.0, 0.0, 0.0, 1.0],
                [0.018265, -0.368402, -0.929487, -0.004956, -0.997563, -0.069332, 0.007876, 8.659785, -0.067344, 0.927078, -0.368771, 0.694803, 0.0, 0.0, 0.0, 1.0],
                [0.074376, -0.275781, -0.958338, -0.005617, -0.995327, -0.079867, -0.054264, 8.845613, -0.061574, 0.957897, -0.280433, 0.627648, 0.0, 0.0, 0.0, 1.0],
                [0.117056, -0.198032, -0.973181, -0.00615, -0.991097, -0.085899, -0.101731, 8.995378, -0.063449, 0.976424, -0.206324, 0.576725, 0.0, 0.0, 0.0, 1.0],
                [0.146741, -0.138758, -0.979394, -0.006543, -0.986792, -0.089216, -0.13521, 9.106074, -0.068616, 0.9863, -0.150017, 0.543732, 0.0, 0.0, 0.0, 1.0],
                [0.164208, -0.100912, -0.98125, -0.006787, -0.983676, -0.090979, -0.155257, 9.174696, -0.073606, 0.990727, -0.114204, 0.526363, 0.0, 0.0, 0.0, 1.0],
                [0.170008, -0.087518, -0.981549, -0.006871, -0.982527, -0.091616, -0.162009, 9.198237, -0.075747, 0.991941, -0.101565, 0.521308, 0.0, 0.0, 0.0, 1.0],
                [0.170008, -0.087518, -0.981549, -0.006871, -0.982527, -0.091616, -0.162009, 9.198237, -0.075747, 0.991941, -0.101565, 0.521308, 0.0, 0.0, 0.0, 1.0],
                [0.170008, -0.087518, -0.981549, -0.006871, -0.982527, -0.091616, -0.162009, 9.198237, -0.075747, 0.991941, -0.101565, 0.521308, 0.0, 0.0, 0.0, 1.0],
                [0.170008, -0.087518, -0.981549, -0.006871, -0.982527, -0.091616, -0.162009, 9.198237, -0.075747, 0.991941, -0.101565, 0.521308, 0.0, 0.0, 0.0, 1.0],
                [0.170008, -0.087518, -0.981549, -0.006871, -0.982527, -0.091616, -0.162009, 9.198237, -0.075747, 0.991941, -0.101565, 0.521308, 0.0, 0.0, 0.0, 1.0],
                [0.170008, -0.087518, -0.981549, -0.006871, -0.982527, -0.091616, -0.162009, 9.198237, -0.075747, 0.991941, -0.101565, 0.521308, 0.0, 0.0, 0.0, 1.0],
                [0.170008, -0.087518, -0.981549, -0.006871, -0.982527, -0.091616, -0.162009, 9.198237, -0.075747, 0.991941, -0.101565, 0.521308, 0.0, 0.0, 0.0, 1.0],
                [0.170008, -0.087518, -0.981549, -0.006871, -0.982527, -0.091616, -0.162009, 9.198237, -0.075747, 0.991941, -0.101565, 0.521308, 0.0, 0.0, 0.0, 1.0],
                [0.170008, -0.087518, -0.981549, -0.006871, -0.982527, -0.091616, -0.162009, 9.198237, -0.075747, 0.991941, -0.101565, 0.521308, 0.0, 0.0, 0.0, 1.0],
                [0.170008, -0.087518, -0.981549, -0.006871, -0.982527, -0.091616, -0.162009, 9.198237, -0.075747, 0.991941, -0.101565, 0.521308, 0.0, 0.0, 0.0, 1.0],
                [0.170008, -0.087518, -0.981549, -0.006871, -0.982527, -0.091616, -0.162009, 9.198237, -0.075747, 0.991941, -0.101565, 0.521308, 0.0, 0.0, 0.0, 1.0],
                [0.170008, -0.087518, -0.981549, -0.006871, -0.982527, -0.091616, -0.162009, 9.198237, -0.075747, 0.991941, -0.101565, 0.521308, 0.0, 0.0, 0.0, 1.0],
                [0.170008, -0.087518, -0.981549, -0.006871, -0.982527, -0.091616, -0.162009, 9.198237, -0.075747, 0.991941, -0.101565, 0.521308, 0.0, 0.0, 0.0, 1.0],
                [0.170008, -0.087518, -0.981549, -0.006871, -0.982527, -0.091616, -0.162009, 9.198237, -0.075747, 0.991941, -0.101565, 0.521308, 0.0, 0.0, 0.0, 1.0],
                [0.170008, -0.087518, -0.981549, -0.006871, -0.982527, -0.091616, -0.162009, 9.198237, -0.075747, 0.991941, -0.101565, 0.521308, 0.0, 0.0, 0.0, 1.0],
                [0.170008, -0.087518, -0.981549, -0.006871, -0.982527, -0.091616, -0.162009, 9.198237, -0.075747, 0.991941, -0.101565, 0.521308, 0.0, 0.0, 0.0, 1.0],
                [0.170008, -0.087518, -0.981549, -0.006871, -0.982527, -0.091616, -0.162009, 9.198237, -0.075747, 0.991941, -0.101565, 0.521308, 0.0, 0.0, 0.0, 1.0],
                [0.170008, -0.087518, -0.981549, -0.006871, -0.982527, -0.091616, -0.162009, 9.198237, -0.075747, 0.991941, -0.101565, 0.521308, 0.0, 0.0, 0.0, 1.0],
                [0.170008, -0.087518, -0.981549, -0.006871, -0.982527, -0.091616, -0.162009, 9.198237, -0.075747, 0.991941, -0.101565, 0.521308, 0.0, 0.0, 0.0, 1.0],
                [0.170008, -0.087518, -0.981549, -0.006871, -0.982527, -0.091616, -0.162009, 9.198237, -0.075747, 0.991941, -0.101565, 0.521308, 0.0, 0.0, 0.0, 1.0],
                [0.170008, -0.087518, -0.981549, -0.006871, -0.982527, -0.091616, -0.162009, 9.198237, -0.075747, 0.991941, -0.101565, 0.521308, 0.0, 0.0, 0.0, 1.0],
                [0.170008, -0.087518, -0.981549, -0.006871, -0.982527, -0.091616, -0.162009, 9.198237, -0.075747, 0.991941, -0.101565, 0.521308, 0.0, 0.0, 0.0, 1.0],
                [0.170008, -0.087518, -0.981549, -0.006871, -0.982527, -0.091616, -0.162009, 9.198237, -0.075747, 0.991941, -0.101565, 0.521308, 0.0, 0.0, 0.0, 1.0],
                [0.170008, -0.087518, -0.981549, -0.006871, -0.982527, -0.091616, -0.162009, 9.198237, -0.075747, 0.991941, -0.101565, 0.521308, 0.0, 0.0, 0.0, 1.0],
                [0.170008, -0.087518, -0.981549, -0.006871, -0.982527, -0.091616, -0.162009, 9.198237, -0.075747, 0.991941, -0.101565, 0.521308, 0.0, 0.0, 0.0, 1.0],
                [0.170008, -0.087518, -0.981549, -0.006871, -0.982527, -0.091616, -0.162009, 9.198237, -0.075747, 0.991941, -0.101565, 0.521308, 0.0, 0.0, 0.0, 1.0],
                [0.170008, -0.087518, -0.981549, -0.006871, -0.982527, -0.091616, -0.162009, 9.198237, -0.075747, 0.991941, -0.101565, 0.521308, 0.0, 0.0, 0.0, 1.0],
                [0.170008, -0.087518, -0.981549, -0.006871, -0.982527, -0.091616, -0.162009, 9.198237, -0.075747, 0.991941, -0.101565, 0.521308, 0.0, 0.0, 0.0, 1.0],
                [0.170008, -0.087518, -0.981549, -0.006871, -0.982527, -0.091616, -0.162009, 9.198237, -0.075747, 0.991941, -0.101565, 0.521308, 0.0, 0.0, 0.0, 1.0],
                [0.170008, -0.087518, -0.981549, -0.006871, -0.982527, -0.091616, -0.162009, 9.198237, -0.075747, 0.991941, -0.101565, 0.521308, 0.0, 0.0, 0.0, 1.0],
                [0.170008, -0.087518, -0.981549, -0.006871, -0.982527, -0.091616, -0.162009, 9.198237, -0.075747, 0.991941, -0.101565, 0.521308, 0.0, 0.0, 0.0, 1.0],
                [0.170008, -0.087518, -0.981549, -0.006871, -0.982527, -0.091616, -0.162009, 9.198237, -0.075747, 0.991941, -0.101565, 0.521308, 0.0, 0.0, 0.0, 1.0],
                [0.170008, -0.087518, -0.981549, -0.006871, -0.982527, -0.091616, -0.162009, 9.198237, -0.075747, 0.991941, -0.101565, 0.521308, 0.0, 0.0, 0.0, 1.0],
                [0.170008, -0.087518, -0.981549, -0.006871, -0.982527, -0.091616, -0.162009, 9.198237, -0.075747, 0.991941, -0.101565, 0.521308, 0.0, 0.0, 0.0, 1.0],
                [0.170008, -0.087518, -0.981549, -0.006871, -0.982527, -0.091616, -0.162009, 9.198237, -0.075747, 0.991941, -0.101565, 0.521308, 0.0, 0.0, 0.0, 1.0],
                [0.170008, -0.087518, -0.981549, -0.006871, -0.982527, -0.091616, -0.162009, 9.198237, -0.075747, 0.991941, -0.101565, 0.521308, 0.0, 0.0, 0.0, 1.0],
                [0.170008, -0.087518, -0.981549, -0.006871, -0.982527, -0.091616, -0.162009, 9.198237, -0.075747, 0.991941, -0.101565, 0.521308, 0.0, 0.0, 0.0, 1.0],
                [0.170008, -0.087518, -0.981549, -0.006871, -0.982527, -0.091616, -0.162009, 9.198237, -0.075747, 0.991941, -0.101565, 0.521308, 0.0, 0.0, 0.0, 1.0],
                [0.170008, -0.087518, -0.981549, -0.006871, -0.982527, -0.091616, -0.162009, 9.198237, -0.075747, 0.991941, -0.101565, 0.521308, 0.0, 0.0, 0.0, 1.0],
                [0.170008, -0.087518, -0.981549, -0.006871, -0.982527, -0.091616, -0.162009, 9.198237, -0.075747, 0.991941, -0.101565, 0.521308, 0.0, 0.0, 0.0, 1.0],
                [0.170008, -0.087518, -0.981549, -0.006871, -0.982527, -0.091616, -0.162009, 9.198237, -0.075747, 0.991941, -0.101565, 0.521308, 0.0, 0.0, 0.0, 1.0],
                [0.170008, -0.087518, -0.981549, -0.006871, -0.982527, -0.091616, -0.162009, 9.198237, -0.075747, 0.991941, -0.101565, 0.521308, 0.0, 0.0, 0.0, 1.0],
                [0.170008, -0.087518, -0.981549, -0.006871, -0.982527, -0.091616, -0.162009, 9.198237, -0.075747, 0.991941, -0.101565, 0.521308, 0.0, 0.0, 0.0, 1.0],
                [0.170008, -0.087518, -0.981549, -0.006871, -0.982527, -0.091616, -0.162009, 9.198237, -0.075747, 0.991941, -0.101565, 0.521308, 0.0, 0.0, 0.0, 1.0],
                [0.170008, -0.087518, -0.981549, -0.006871, -0.982527, -0.091616, -0.162009, 9.198237, -0.075747, 0.991941, -0.101565, 0.521308, 0.0, 0.0, 0.0, 1.0],
                [0.170008, -0.087518, -0.981549, -0.006871, -0.982527, -0.091616, -0.162009, 9.198237, -0.075747, 0.991941, -0.101565, 0.521308, 0.0, 0.0, 0.0, 1.0],
                [0.170008, -0.087518, -0.981549, -0.006871, -0.982527, -0.091616, -0.162009, 9.198237, -0.075747, 0.991941, -0.101565, 0.521308, 0.0, 0.0, 0.0, 1.0],
                [0.170008, -0.087518, -0.981549, -0.006871, -0.982527, -0.091616, -0.162009, 9.198237, -0.075747, 0.991941, -0.101565, 0.521308, 0.0, 0.0, 0.0, 1.0],
                [0.170008, -0.087518, -0.981549, -0.006871, -0.982527, -0.091616, -0.162009, 9.198237, -0.075747, 0.991941, -0.101565, 0.521308, 0.0, 0.0, 0.0, 1.0],
                [0.170008, -0.087518, -0.981549, -0.006871, -0.982527, -0.091616, -0.162009, 9.198237, -0.075747, 0.991941, -0.101565, 0.521308, 0.0, 0.0, 0.0, 1.0],
                [0.170008, -0.087518, -0.981549, -0.006871, -0.982527, -0.091616, -0.162009, 9.198237, -0.075747, 0.991941, -0.101565, 0.521308, 0.0, 0.0, 0.0, 1.0],
                [0.170008, -0.087518, -0.981549, -0.006871, -0.982527, -0.091616, -0.162009, 9.198237, -0.075747, 0.991941, -0.101565, 0.521308, 0.0, 0.0, 0.0, 1.0],
                [0.170008, -0.087518, -0.981549, -0.006871, -0.982527, -0.091616, -0.162009, 9.198237, -0.075747, 0.991941, -0.101565, 0.521308, 0.0, 0.0, 0.0, 1.0],
                [0.170008, -0.087518, -0.981549, -0.006871, -0.982527, -0.091616, -0.162009, 9.198237, -0.075747, 0.991941, -0.101565, 0.521308, 0.0, 0.0, 0.0, 1.0],
                [0.170008, -0.087518, -0.981549, -0.006871, -0.982527, -0.091616, -0.162009, 9.198237, -0.075747, 0.991941, -0.101565, 0.521308, 0.0, 0.0, 0.0, 1.0],
                [0.170008, -0.087518, -0.981549, -0.006871, -0.982527, -0.091616, -0.162009, 9.198237, -0.075747, 0.991941, -0.101565, 0.521308, 0.0, 0.0, 0.0, 1.0],
                [0.170008, -0.087518, -0.981549, -0.006871, -0.982527, -0.091616, -0.162009, 9.198237, -0.075747, 0.991941, -0.101565, 0.521308, 0.0, 0.0, 0.0, 1.0],
                [0.170008, -0.087518, -0.981549, -0.006871, -0.982527, -0.091616, -0.162009, 9.198237, -0.075747, 0.991941, -0.101565, 0.521308, 0.0, 0.0, 0.0, 1.0],
                [0.170008, -0.087518, -0.981549, -0.006871, -0.982527, -0.091616, -0.162009, 9.198237, -0.075747, 0.991941, -0.101565, 0.521308, 0.0, 0.0, 0.0, 1.0],
                [0.170008, -0.087518, -0.981549, -0.006871, -0.982527, -0.091616, -0.162009, 9.198237, -0.075747, 0.991941, -0.101565, 0.521308, 0.0, 0.0, 0.0, 1.0],
                [0.170008, -0.087518, -0.981549, -0.006871, -0.982527, -0.091616, -0.162009, 9.198237, -0.075747, 0.991941, -0.101565, 0.521308, 0.0, 0.0, 0.0, 1.0],
                [0.170008, -0.087518, -0.981549, -0.006871, -0.982527, -0.091616, -0.162009, 9.198237, -0.075747, 0.991941, -0.101565, 0.521308, 0.0, 0.0, 0.0, 1.0],
                [0.170008, -0.087518, -0.981549, -0.006871, -0.982527, -0.091616, -0.162009, 9.198237, -0.075747, 0.991941, -0.101565, 0.521308, 0.0, 0.0, 0.0, 1.0],
                [0.170008, -0.087518, -0.981549, -0.006871, -0.982527, -0.091616, -0.162009, 9.198237, -0.075747, 0.991941, -0.101565, 0.521308, 0.0, 0.0, 0.0, 1.0],
                [0.170008, -0.087518, -0.981549, -0.006871, -0.982527, -0.091616, -0.162009, 9.198237, -0.075747, 0.991941, -0.101565, 0.521308, 0.0, 0.0, 0.0, 1.0],
                [0.170008, -0.087518, -0.981549, -0.006871, -0.982527, -0.091616, -0.162009, 9.198237, -0.075747, 0.991941, -0.101565, 0.521308, 0.0, 0.0, 0.0, 1.0],
                [0.170008, -0.087518, -0.981549, -0.006871, -0.982527, -0.091616, -0.162009, 9.198237, -0.075747, 0.991941, -0.101565, 0.521308, 0.0, 0.0, 0.0, 1.0],
                [0.170008, -0.087518, -0.981549, -0.006871, -0.982527, -0.091616, -0.162009, 9.198237, -0.075747, 0.991941, -0.101565, 0.521308, 0.0, 0.0, 0.0, 1.0],
                [0.170008, -0.087518, -0.981549, -0.006871, -0.982527, -0.091616, -0.162009, 9.198237, -0.075747, 0.991941, -0.101565, 0.521308, 0.0, 0.0, 0.0, 1.0],
                [0.170008, -0.087518, -0.981549, -0.006871, -0.982527, -0.091616, -0.162009, 9.198237, -0.075747, 0.991941, -0.101565, 0.521308, 0.0, 0.0, 0.0, 1.0],
                [0.170008, -0.087518, -0.981549, -0.006871, -0.982527, -0.091616, -0.162009, 9.198237, -0.075747, 0.991941, -0.101565, 0.521308, 0.0, 0.0, 0.0, 1.0],
                [0.170008, -0.087518, -0.981549, -0.006871, -0.982527, -0.091616, -0.162009, 9.198237, -0.075747, 0.991941, -0.101565, 0.521308, 0.0, 0.0, 0.0, 1.0],
                [0.170008, -0.087518, -0.981549, -0.006871, -0.982527, -0.091616, -0.162009, 9.198237, -0.075747, 0.991941, -0.101565, 0.521308, 0.0, 0.0, 0.0, 1.0],
                [0.170008, -0.087518, -0.981549, -0.006871, -0.982527, -0.091616, -0.162009, 9.198237, -0.075747, 0.991941, -0.101565, 0.521308, 0.0, 0.0, 0.0, 1.0],
                [0.170008, -0.087518, -0.981549, -0.006871, -0.982527, -0.091616, -0.162009, 9.198237, -0.075747, 0.991941, -0.101565, 0.521308, 0.0, 0.0, 0.0, 1.0],
                [0.170008, -0.087518, -0.981549, -0.006871, -0.982527, -0.091616, -0.162009, 9.198237, -0.075747, 0.991941, -0.101565, 0.521308, 0.0, 0.0, 0.0, 1.0],
                [0.170008, -0.087518, -0.981549, -0.006871, -0.982527, -0.091616, -0.162009, 9.198237, -0.075747, 0.991941, -0.101565, 0.521308, 0.0, 0.0, 0.0, 1.0],
                [0.172878, -0.087216, -0.981074, -0.006876, -0.982051, -0.091547, -0.164911, 9.196222, -0.075431, 0.991974, -0.101477, 0.521896, 0.0, 0.0, 0.0, 1.0],
                [0.181278, -0.08633, -0.979635, -0.00689, -0.980605, -0.091338, -0.173408, 9.190328, -0.074508, 0.992071, -0.101213, 0.523616, 0.0, 0.0, 0.0, 1.0],
                [0.19491, -0.084894, -0.97714, -0.006913, -0.9781, -0.090982, -0.187197, 9.180783, -0.073011, 0.992227, -0.100768, 0.526401, 0.0, 0.0, 0.0, 1.0],
                [0.213479, -0.082939, -0.973421, -0.006944, -0.974366, -0.090463, -0.205978, 9.167816, -0.070975, 0.99244, -0.100125, 0.530184, 0.0, 0.0, 0.0, 1.0],
                [0.236687, -0.0805, -0.968245, -0.006983, -0.969173, -0.089759, -0.229451, 9.151654, -0.068437, 0.992705, -0.099263, 0.534899, 0.0, 0.0, 0.0, 1.0],
                [0.264222, -0.077611, -0.961334, -0.007029, -0.962239, -0.08884, -0.257299, 9.132527, -0.065436, 0.993018, -0.098154, 0.54048, 0.0, 0.0, 0.0, 1.0],
                [0.295744, -0.074311, -0.952372, -0.007082, -0.953252, -0.087678, -0.289176, 9.110662, -0.062013, 0.993373, -0.096767, 0.546859, 0.0, 0.0, 0.0, 1.0],
                [0.330874, -0.070641, -0.941027, -0.007141, -0.941877, -0.086237, -0.3247, 9.086287, -0.058214, 0.993767, -0.095069, 0.55397, 0.0, 0.0, 0.0, 1.0],
                [0.369189, -0.06665, -0.926961, -0.007205, -0.927779, -0.084485, -0.36344, 9.05963, -0.054091, 0.994193, -0.093027, 0.561748, 0.0, 0.0, 0.0, 1.0],
                [0.410212, -0.06239, -0.909854, -0.007274, -0.910635, -0.082391, -0.404914, 9.03092, -0.049701, 0.994645, -0.090612, 0.570124, 0.0, 0.0, 0.0, 1.0],
                [0.453409, -0.057919, -0.889419, -0.007347, -0.89016, -0.079928, -0.448583, 9.000384, -0.045108, 0.995116, -0.087798, 0.579033, 0.0, 0.0, 0.0, 1.0],
                [0.498197, -0.053302, -0.865424, -0.007425, -0.866123, -0.077075, -0.493852, 8.968252, -0.040379, 0.995599, -0.084565, 0.588408, 0.0, 0.0, 0.0, 1.0],
                [0.543941, -0.048607, -0.837714, -0.007505, -0.838368, -0.07382, -0.540083, 8.934751, -0.035588, 0.996086, -0.080905, 0.598182, 0.0, 0.0, 0.0, 1.0],
                [0.589978, -0.043906, -0.806225, -0.007589, -0.806831, -0.070161, -0.586601, 8.900108, -0.03081, 0.996569, -0.076818, 0.608289, 0.0, 0.0, 0.0, 1.0],
                [0.635624, -0.03927, -0.770999, -0.007674, -0.771556, -0.066105, -0.632717, 8.864552, -0.02612, 0.99704, -0.072317, 0.618663, 0.0, 0.0, 0.0, 1.0],
                [0.680205, -0.03477, -0.732196, -0.007761, -0.732703, -0.061676, -0.677748, 8.828313, -0.021593, 0.99749, -0.067429, 0.629236, 0.0, 0.0, 0.0, 1.0],
                [0.723076, -0.030475, -0.690096, -0.00785, -0.690552, -0.056906, -0.721041, 8.791617, -0.017297, 0.997914, -0.062192, 0.639942, 0.0, 0.0, 0.0, 1.0],
                [0.763647, -0.026442, -0.645092, -0.007939, -0.645497, -0.051842, -0.762002, 8.754694, -0.013294, 0.998305, -0.056657, 0.650715, 0.0, 0.0, 0.0, 1.0],
                [0.801412, -0.022725, -0.597681, -0.008028, -0.598036, -0.04654, -0.800117, 8.71777, -0.009634, 0.998658, -0.050887, 0.661488, 0.0, 0.0, 0.0, 1.0],
                [0.83596, -0.019361, -0.548448, -0.008116, -0.548753, -0.041064, -0.834975, 8.681074, -0.006356, 0.998969, -0.044953, 0.672194, 0.0, 0.0, 0.0, 1.0],
                [0.866999, -0.016379, -0.49804, -0.008203, -0.498297, -0.035487, -0.86628, 8.644835, -0.003485, 0.999236, -0.038929, 0.682767, 0.0, 0.0, 0.0, 1.0],
                [0.894358, -0.013793, -0.44714, -0.008289, -0.447352, -0.029882, -0.893859, 8.60928, -0.001033, 0.999458, -0.032895, 0.69314, 0.0, 0.0, 0.0, 1.0],
                [0.917985, -0.011602, -0.396445, -0.008372, -0.396614, -0.024323, -0.917663, 8.574638, 0.001004, 0.999637, -0.02693, 0.703248, 0.0, 0.0, 0.0, 1.0],
                [0.937948, -0.009797, -0.346638, -0.008453, -0.346767, -0.018883, -0.937761, 8.541137, 0.002641, 0.999774, -0.021108, 0.713022, 0.0, 0.0, 0.0, 1.0],
                [0.954413, -0.008354, -0.298371, -0.00853, -0.298462, -0.01363, -0.954324, 8.509004, 0.003905, 0.999872, -0.015501, 0.722397, 0.0, 0.0, 0.0, 1.0],
                [0.967636, -0.007242, -0.252246, -0.008604, -0.252303, -0.008626, -0.96761, 8.478468, 0.004832, 0.999937, -0.010174, 0.731306, 0.0, 0.0, 0.0, 1.0],
                [0.977936, -0.006425, -0.208807, -0.008673, -0.208834, -0.003929, -0.977943, 8.449758, 0.005463, 0.999972, -0.005184, 0.739682, 0.0, 0.0, 0.0, 1.0],
                [0.985678, -0.00586, -0.168539, -0.008737, -0.168539, 0.000414, -0.985695, 8.423101, 0.005846, 0.999983, -0.000579, 0.747459, 0.0, 0.0, 0.0, 1.0],
                [0.991253, -0.005502, -0.131863, -0.008796, -0.131839, 0.00436, -0.991261, 8.398726, 0.006029, 0.999975, 0.003597, 0.754571, 0.0, 0.0, 0.0, 1.0],
                [0.995059, -0.005308, -0.099147, -0.008848, -0.099104, 0.007872, -0.995046, 8.376861, 0.006062, 0.999955, 0.007307, 0.76095, 0.0, 0.0, 0.0, 1.0],
                [0.997483, -0.005233, -0.070715, -0.008894, -0.070654, 0.010919, -0.997441, 8.357733, 0.005991, 0.999927, 0.010521, 0.766531, 0.0, 0.0, 0.0, 1.0],
                [0.998888, -0.005237, -0.046853, -0.008933, -0.046778, 0.013471, -0.998814, 8.341572, 0.005862, 0.999896, 0.013211, 0.771246, 0.0, 0.0, 0.0, 1.0],
                [0.999599, -0.005284, -0.027828, -0.008964, -0.027743, 0.015504, -0.999495, 8.328605, 0.005712, 0.999866, 0.015351, 0.775029, 0.0, 0.0, 0.0, 1.0],
                [0.999889, -0.005343, -0.013898, -0.008987, -0.013806, 0.01699, -0.99976, 8.31906, 0.005577, 0.999841, 0.016914, 0.777814, 0.0, 0.0, 0.0, 1.0],
                [0.999971, -0.005389, -0.005331, -0.009001, -0.005233, 0.017904, -0.999826, 8.313166, 0.005484, 0.999825, 0.017875, 0.779534, 0.0, 0.0, 0.0, 1.0],
                [0.999982, -0.005407, -0.002407, -0.009006, -0.002308, 0.018215, -0.999831, 8.311151, 0.00545, 0.999819, 0.018203, 0.780122, 0.0, 0.0, 0.0, 1.0],
                [0.999982, -0.005407, -0.002407, -0.009006, -0.002308, 0.018215, -0.999831, 8.311151, 0.00545, 0.999819, 0.018203, 0.780122, 0.0, 0.0, 0.0, 1.0]
            ]
        },
        {
            "name": "Thigh_R",
            "time": [0.0, 0.0167, 0.0333, 0.05, 0.0667, 0.0833, 0.1, 0.1167, 0.1333, 0.15, 0.1667, 0.1833, 0.2, 0.2167, 0.2333, 0.25, 0.2667, 0.2833, 0.3, 0.3167, 0.3333, 0.35, 0.3667, 0.3833, 0.4, 0.4167, 0.4333, 0.45, 0.4667, 0.4833, 0.5, 0.5167, 0.5333, 0.55, 0.5667, 0.5833, 0.6, 0.6167, 0.6333, 0.65, 0.6667, 0.6833, 0.7, 0.7167, 0.7333, 0.75, 0.7667, 0.7833, 0.8, 0.8167, 0.8333, 0.85, 0.8667, 0.8833, 0.9, 0.9167, 0.9333, 0.95, 0.9667, 0.9833, 1.0, 1.0167, 1.0333, 1.05, 1.0667, 1.0833, 1.1, 1.1167, 1.1333, 1.15, 1.1667, 1.1833, 1.2, 1.2167, 1.2333, 1.25, 1.2667, 1.2833, 1.3, 1.3167, 1.3333, 1.35, 1.3667, 1.3833, 1.4, 1.4167, 1.4333, 1.45, 1.4667, 1.4833, 1.5, 1.5167, 1.5333, 1.55, 1.5667, 1.5833, 1.6, 1.6167, 1.6333, 1.65, 1.6667, 1.6833, 1.7, 1.7167, 1.7333, 1.75, 1.7667, 1.7833, 1.8, 1.8167, 1.8333, 1.85, 1.8667, 1.8833, 1.9, 1.9167, 1.9333, 1.95, 1.9667, 1.9833, 2.0, 2.0167, 2.0333, 2.05, 2.0667, 2.0833, 2.1, 2.1167, 2.1333, 2.15, 2.1667, 2.1833, 2.2, 2.2167, 2.2333, 2.25, 2.2667, 2.2833, 2.3, 2.3167, 2.3333, 2.35, 2.3667, 2.3833, 2.4, 2.4167, 2.4333, 2.45, 2.4667, 2.4833, 2.5, 2.5167, 2.5333, 2.55, 2.5667, 2.5833, 2.6, 2.6167, 2.6333, 2.65, 2.6667, 2.6833, 2.8167],
            "transform": [
                [0.575668, -0.079694, 0.81379, 0.124994, 0.240345, -0.934783, -0.261561, -0.002831, 0.781563, 0.346163, -0.518971, -1.2e-05, 0.0, 0.0, 0.0, 1.0],
                [0.637257, -0.071088, 0.767366, 0.124994, 0.21996, -0.937538, -0.269517, -0.002831, 0.738594, 0.340542, -0.581816, -1.2e-05, 0.0, 0.0, 0.0, 1.0],
                [0.772337, -0.051009, 0.633162, 0.124994, 0.167353, -0.945215, -0.280287, -0.002831, 0.612771, 0.322438, -0.721489, -1.2e-05, 0.0, 0.0, 0.0, 1.0],
                [0.901101, -0.029714, 0.43259, 0.124994, 0.100454, -0.956202, -0.274929, -0.002831, 0.421812, 0.291195, -0.85865, -1.2e-05, 0.0, 0.0, 0.0, 1.0],
                [0.973312, -0.014733, 0.229014, 0.124994, 0.043796, -0.967671, -0.248384, -0.002831, 0.225269, 0.251785, -0.9412, -1.2e-05, 0.0, 0.0, 0.0, 1.0],
                [0.994783, -0.005253, 0.101879, 0.124994, 0.016506, -0.977226, -0.211558, -0.002831, 0.10067, 0.212136, -0.972041, -1.2e-05, 0.0, 0.0, 0.0, 1.0],
                [0.999179, 0.00215, 0.040457, 0.124972, 0.009192, -0.984581, -0.174685, -0.002829, 0.039457, 0.174914, -0.983793, -0.00048, 0.0, 0.0, 0.0, 1.0],
                [0.999893, 0.006654, -0.013006, 0.124894, 0.004793, -0.990385, -0.138257, -0.002819, -0.013801, 0.13818, -0.990311, -0.001824, 0.0, 0.0, 0.0, 1.0],
                [0.998213, 0.008824, -0.059102, 0.124742, 0.002754, -0.99478, -0.102002, -0.002791, -0.059693, 0.101657, -0.993027, -0.003951, 0.0, 0.0, 0.0, 1.0],
                [0.995102, 0.009104, -0.098438, 0.124499, 0.002641, -0.997843, -0.065589, -0.002737, -0.098823, 0.065008, -0.992979, -0.006772, 0.0, 0.0, 0.0, 1.0],
                [0.991273, 0.007848, -0.131592, 0.124147, 0.004108, -0.99958, -0.028668, -0.002648, -0.131762, 0.027878, -0.990889, -0.010195, 0.0, 0.0, 0.0, 1.0],
                [0.987248, 0.00534, -0.159097, 0.123668, 0.006876, -0.999935, 0.009105, -0.002516, -0.159038, -0.010083, -0.987221, -0.014127, 0.0, 0.0, 0.0, 1.0],
                [0.983401, 0.001821, -0.181439, 0.123044, 0.010713, -0.998788, 0.048042, -0.00233, -0.181132, -0.049188, -0.982228, -0.01848, 0.0, 0.0, 0.0, 1.0],
                [0.979983, -0.002503, -0.199068, 0.122257, 0.015412, -0.995966, 0.088394, -0.002083, -0.198486, -0.089692, -0.975991, -0.02316, 0.0, 0.0, 0.0, 1.0],
                [0.977153, -0.007438, -0.212409, 0.12129, 0.020784, -0.991253, 0.130326, -0.001767, -0.211521, -0.131763, -0.968451, -0.028076, 0.0, 0.0, 0.0, 1.0],
                [0.974989, -0.012803, -0.221886, 0.120125, 0.026646, -0.984405, 0.173886, -0.001371, -0.220652, -0.17545, -0.959443, -0.033139, 0.0, 0.0, 0.0, 1.0],
                [0.973502, -0.018422, -0.227937, 0.118745, 0.032818, -0.975177, 0.218978, -0.000888, -0.226313, -0.220656, -0.948732, -0.038255, 0.0, 0.0, 0.0, 1.0],
                [0.972646, -0.024128, -0.231035, 0.11713, 0.039129, -0.96336, 0.26534, -0.000309, -0.228972, -0.267122, -0.936065, -0.043334, 0.0, 0.0, 0.0, 1.0],
                [0.972332, -0.029773, -0.231699, 0.115264, 0.04542, -0.948821, 0.31253, 0.000376, -0.229146, -0.314406, -0.921217, -0.048285, 0.0, 0.0, 0.0, 1.0],
                [0.972433, -0.035239, -0.230504, 0.113129, 0.051562, -0.931549, 0.35994, 0.001174, -0.22741, -0.361903, -0.904053, -0.053016, 0.0, 0.0, 0.0, 1.0],
                [0.973451, -0.039412, -0.225475, 0.110716, 0.057509, -0.911352, 0.407589, 0.002322, -0.221551, -0.409736, -0.884891, -0.057453, 0.0, 0.0, 0.0, 1.0],
                [0.975772, -0.041086, -0.214899, 0.108054, 0.062905, -0.888057, 0.455409, 0.004007, -0.209554, -0.457894, -0.863957, -0.061588, 0.0, 0.0, 0.0, 1.0],
                [0.979021, -0.040107, -0.199771, 0.10518, 0.067242, -0.861914, 0.502575, 0.006169, -0.192342, -0.505465, -0.841136, -0.06543, 0.0, 0.0, 0.0, 1.0],
                [0.982795, -0.036435, -0.181073, 0.102132, 0.070129, -0.833326, 0.548315, 0.008747, -0.170871, -0.55158, -0.816433, -0.068987, 0.0, 0.0, 0.0, 1.0],
                [0.986694, -0.030154, -0.159767, 0.098947, 0.071312, -0.802825, 0.591934, 0.01168, -0.146115, -0.595451, -0.789993, -0.072268, 0.0, 0.0, 0.0, 1.0],
                [0.990369, -0.021479, -0.136774, 0.095664, 0.070675, -0.771053, 0.632836, 0.014907, -0.119053, -0.636408, -0.76211, -0.075283, 0.0, 0.0, 0.0, 1.0],
                [0.993542, -0.01074, -0.112955, 0.09232, 0.068249, -0.738721, 0.670547, 0.018367, -0.090644, -0.673926, -0.733217, -0.078039, 0.0, 0.0, 0.0, 1.0],
                [0.996022, 0.001628, -0.089094, 0.088952, 0.064192, -0.706573, 0.704722, 0.022, -0.061804, -0.707638, -0.703867, -0.080546, 0.0, 0.0, 0.0, 1.0],
                [0.997713, 0.015111, -0.065887, 0.0856, 0.058776, -0.675357, 0.735145, 0.025743, -0.033388, -0.737336, -0.6747, -0.082812, 0.0, 0.0, 0.0, 1.0],
                [0.998609, 0.029145, -0.043933, 0.082298, 0.052359, -0.645784, 0.761722, 0.029538, -0.006171, -0.762963, -0.646412, -0.084847, 0.0, 0.0, 0.0, 1.0],
                [0.998787, 0.043139, -0.02374, 0.079086, 0.04536, -0.618519, 0.784459, 0.033322, 0.019157, -0.784584, -0.619726, -0.086658, 0.0, 0.0, 0.0, 1.0],
                [0.998387, 0.056493, -0.005733, 0.076001, 0.038234, -0.594162, 0.803436, 0.037035, 0.041982, -0.802359, -0.595364, -0.088256, 0.0, 0.0, 0.0, 1.0],
                [0.997595, 0.068621, 0.009728, 0.073081, 0.031447, -0.573248, 0.818778, 0.040615, 0.061762, -0.816503, -0.574028, -0.089648, 0.0, 0.0, 0.0, 1.0],
                [0.996628, 0.078957, 0.022327, 0.070364, 0.025461, -0.556257, 0.83062, 0.044003, 0.078002, -0.827251, -0.556391, -0.090843, 0.0, 0.0, 0.0, 1.0],
                [0.995706, 0.08696, 0.031759, 0.067887, 0.020714, -0.54362, 0.839076, 0.047136, 0.09023, -0.834815, -0.543087, -0.09185, 0.0, 0.0, 0.0, 1.0],
                [0.995034, 0.092116, 0.037702, 0.065688, 0.01761, -0.535745, 0.844196, 0.049954, 0.097962, -0.83934, -0.534707, -0.092678, 0.0, 0.0, 0.0, 1.0],
                [0.994783, 0.093939, 0.039781, 0.063803, 0.016506, -0.53303, 0.845935, 0.052397, 0.10067, -0.840865, -0.5318, -0.093336, 0.0, 0.0, 0.0, 1.0],
                [0.994361, -0.009629, -0.105606, 0.062272, 0.084664, -0.527575, 0.845279, 0.054403, -0.063855, -0.849454, -0.523785, -0.093833, 0.0, 0.0, 0.0, 1.0],
                [0.874051, -0.250281, -0.416406, 0.061133, 0.229391, -0.54294, 0.807834, 0.055911, -0.428269, -0.801608, -0.417145, -0.094177, 0.0, 0.0, 0.0, 1.0],
                [0.598802, -0.466882, -0.650736, 0.060421, 0.331874, -0.594821, 0.732152, 0.05686, -0.7289, -0.654377, -0.201234, -0.094377, 0.0, 0.0, 0.0, 1.0],
                [0.41295, -0.572699, -0.708159, 0.060176, 0.330803, -0.630131, 0.702498, 0.057191, -0.848553, -0.524357, -0.070762, -0.094441, 0.0, 0.0, 0.0, 1.0],
                [0.359123, -0.6286, -0.68985, 0.060176, 0.277995, -0.633559, 0.722026, 0.05719, -0.890926, -0.451071, -0.052778, -0.094441, 0.0, 0.0, 0.0, 1.0],
                [0.305688, -0.675773, -0.670735, 0.060175, 0.228627, -0.631748, 0.740691, 0.05719, -0.924275, -0.379769, -0.038618, -0.094441, 0.0, 0.0, 0.0, 1.0],
                [0.254085, -0.714869, -0.651462, 0.060177, 0.183288, -0.625772, 0.758165, 0.057191, -0.949656, -0.312044, -0.027972, -0.094441, 0.0, 0.0, 0.0, 1.0],
                [0.205426, -0.746761, -0.632572, 0.060175, 0.14229, -0.6167, 0.774232, 0.05719, -0.968274, -0.249056, -0.020429, -0.094441, 0.0, 0.0, 0.0, 1.0],
                [0.160499, -0.77243, -0.614486, 0.060174, 0.105715, -0.605523, 0.788775, 0.057191, -0.981359, -0.191559, -0.015529, -0.094441, 0.0, 0.0, 0.0, 1.0],
                [0.1198, -0.792863, -0.597508, 0.060176, 0.073474, -0.593112, 0.80176, 0.057191, -0.990075, -0.139952, -0.012801, -0.094441, 0.0, 0.0, 0.0, 1.0],
                [0.083579, -0.808994, -0.581845, 0.060177, 0.045357, -0.580195, 0.813214, 0.057191, -0.995468, -0.094358, -0.011798, -0.094441, 0.0, 0.0, 0.0, 1.0],
                [0.051888, -0.821655, -0.567619, 0.060176, 0.021085, -0.567356, 0.823202, 0.05719, -0.99843, -0.054682, -0.012114, -0.094441, 0.0, 0.0, 0.0, 1.0],
                [0.024635, -0.831562, -0.554885, 0.060176, 0.000342, -0.555046, 0.831819, 0.057191, -0.999696, -0.020681, -0.013389, -0.094441, 0.0, 0.0, 0.0, 1.0],
                [0.001622, -0.83931, -0.543651, 0.060176, -0.0172, -0.543595, 0.839171, 0.057191, -0.999851, 0.00799, -0.015318, -0.094441, 0.0, 0.0, 0.0, 1.0],
                [-0.017424, -0.845374, -0.53389, 0.060176, -0.031858, -0.533231, 0.845369, 0.057191, -0.99934, 0.031739, -0.017641, -0.094441, 0.0, 0.0, 0.0, 1.0],
                [-0.032824, -0.850128, -0.525552, 0.060176, -0.043932, -0.5241, 0.850523, 0.057191, -0.998495, 0.051006, -0.020145, -0.094441, 0.0, 0.0, 0.0, 1.0],
                [-0.044929, -0.853853, -0.518572, 0.060176, -0.053699, -0.516281, 0.854734, 0.057191, -0.997546, 0.06625, -0.022655, -0.094441, 0.0, 0.0, 0.0, 1.0],
                [-0.054111, -0.856756, -0.512876, 0.060176, -0.061411, -0.5098, 0.858098, 0.057191, -0.996645, 0.077929, -0.025029, -0.094441, 0.0, 0.0, 0.0, 1.0],
                [-0.060748, -0.858983, -0.508387, 0.060176, -0.067297, -0.504644, 0.8607, 0.057191, -0.995882, 0.086499, -0.027151, -0.094441, 0.0, 0.0, 0.0, 1.0],
                [-0.06523, -0.860635, -0.505028, 0.060176, -0.071563, -0.500768, 0.862618, 0.057191, -0.995301, 0.092409, -0.028924, -0.094441, 0.0, 0.0, 0.0, 1.0],
                [-0.067945, -0.861774, -0.502721, 0.060176, -0.074399, -0.498105, 0.863918, 0.057191, -0.994911, 0.096101, -0.030271, -0.094441, 0.0, 0.0, 0.0, 1.0],
                [-0.069286, -0.862443, -0.50139, 0.060176, -0.07598, -0.496576, 0.864661, 0.057191, -0.994699, 0.098004, -0.031123, -0.094441, 0.0, 0.0, 0.0, 1.0],
                [-0.069645, -0.862662, -0.500963, 0.060176, -0.076472, -0.496087, 0.864898, 0.057191, -0.994636, 0.098545, -0.031419, -0.094441, 0.0, 0.0, 0.0, 1.0],
                [-0.069645, -0.862662, -0.500963, 0.060176, -0.076472, -0.496087, 0.864898, 0.057191, -0.994636, 0.098545, -0.031419, -0.094441, 0.0, 0.0, 0.0, 1.0],
                [-0.069645, -0.862662, -0.500963, 0.060176, -0.076472, -0.496087, 0.864898, 0.057191, -0.994636, 0.098545, -0.031419, -0.094441, 0.0, 0.0, 0.0, 1.0],
                [-0.069645, -0.862662, -0.500963, 0.060176, -0.076472, -0.496087, 0.864898, 0.057191, -0.994636, 0.098545, -0.031419, -0.094441, 0.0, 0.0, 0.0, 1.0],
                [-0.069645, -0.862662, -0.500963, 0.060176, -0.076472, -0.496087, 0.864898, 0.057191, -0.994636, 0.098545, -0.031419, -0.094441, 0.0, 0.0, 0.0, 1.0],
                [-0.069645, -0.862662, -0.500963, 0.060176, -0.076472, -0.496087, 0.864898, 0.057191, -0.994636, 0.098545, -0.031419, -0.094441, 0.0, 0.0, 0.0, 1.0],
