{
    "animation": [
        {
            "name": "Root",
            "time": [0.0, 0.0167, 0.0333, 0.05, 0.0667, 0.0833, 0.1, 0.1167, 0.1333, 0.15, 0.1667, 0.1833, 0.2, 0.2167, 0.2333, 0.25, 0.2667, 0.2833, 0.3, 0.3167, 0.3333, 0.35, 0.3667, 0.3833, 0.4, 0.4167, 0.4333, 0.45, 0.4667, 0.4833, 0.5, 0.5167, 0.5333, 0.55, 0.5667, 0.5833, 0.6, 0.6167, 0.6333, 0.65, 0.6667, 0.6833, 0.7, 0.7167, 0.7333, 0.75, 0.7667, 0.7833, 0.8, 0.8167, 0.8333, 0.85, 0.8667, 0.8833, 0.9, 0.9167, 0.9333, 0.95, 0.9667, 0.9833, 1.0, 1.0167, 1.0333, 1.05, 1.0667, 1.0833, 1.1, 1.1167, 1.1333, 1.15, 1.1667, 1.1833, 1.2, 1.2167, 1.2333, 1.25, 1.2667],
            "transform": [
                [1.0, 0.0, 0.0, -5e-06, 0.0, 0.0, -1.0, 0.000946, 0.0, 1.0, 0.0, 0.763972, 0.0, 0.0, 0.0, 1.0],
                [1.0, 0.0, 0.0, -5e-06, 0.0, 0.0, -1.0, 0.000946, 0.0, 1.0, 0.0, 0.763972, 0.0, 0.0, 0.0, 1.0],
                [1.0, 0.0, 0.0, -5e-06, 0.0, 0.0, -1.0, 0.000946, 0.0, 1.0, 0.0, 0.763972, 0.0, 0.0, 0.0, 1.0],
                [1.0, 0.0, 0.0, -5e-06, 0.0, 0.0, -1.0, 0.000946, 0.0, 1.0, 0.0, 0.763972, 0.0, 0.0, 0.0, 1.0],
                [1.0, 0.0, 0.0, -5e-06, 0.0, 0.0, -1.0, 0.000946, 0.0, 1.0, 0.0, 0.763972, 0.0, 0.0, 0.0, 1.0],
                [1.0, 0.0, 0.0, -5e-06, 0.0, 0.0, -1.0, 0.000946, 0.0, 1.0, 0.0, 0.763972, 0.0, 0.0, 0.0, 1.0],
                [1.0, 0.0, 0.0, -5e-06, 0.0, 0.0, -1.0, 0.000946, 0.0, 1.0, 0.0, 0.763972, 0.0, 0.0, 0.0, 1.0],
                [1.0, 0.0, 0.0, -5e-06, 0.0, 0.0, -1.0, 0.000946, 0.0, 1.0, 0.0, 0.763972, 0.0, 0.0, 0.0, 1.0],
                [1.0, 0.0, 0.0, -5e-06, 0.0, 0.0, -1.0, 0.000946, 0.0, 1.0, 0.0, 0.763972, 0.0, 0.0, 0.0, 1.0],
                [1.0, 0.0, 0.0, -5e-06, 0.0, 0.0, -1.0, 0.000946, 0.0, 1.0, 0.0, 0.773573, 0.0, 0.0, 0.0, 1.0],
                [1.0, 0.0, 0.0, -5e-06, 0.0, 0.0, -1.0, 0.000946, 0.0, 1.0, 0.0, 0.80153, 0.0, 0.0, 0.0, 1.0],
                [1.0, 0.0, 0.0, -5e-06, 0.0, 0.0, -1.0, 0.000946, 0.0, 1.0, 0.0, 0.846568, 0.0, 0.0, 0.0, 1.0],
                [1.0, 0.0, 0.0, -5e-06, 0.0, 0.0, -1.0, 0.000946, 0.0, 1.0, 0.0, 0.907416, 0.0, 0.0, 0.0, 1.0],
                [1.0, 0.0, 0.0, -5e-06, 0.0, 0.0, -1.0, 0.000946, 0.0, 1.0, 0.0, 0.982801, 0.0, 0.0, 0.0, 1.0],
                [0.996956, 0.009239, 0.077414, -6e-06, 0.077672, -0.032032, -0.996464, 0.002628, -0.006727, 0.999444, -0.032652, 1.071449, 0.0, 0.0, 0.0, 1.0],
                [0.959693, 0.046005, 0.277258, -1e-05, 0.280771, -0.113106, -0.953087, 0.007496, -0.012488, 0.992517, -0.121464, 1.172089, 0.0, 0.0, 0.0, 1.0],
                [0.839448, 0.124879, 0.528897, -1.6e-05, 0.54335, -0.2106, -0.812662, 0.015285, 0.009901, 0.969563, -0.24464, 1.283447, 0.0, 0.0, 0.0, 1.0],
                [0.633955, 0.238725, 0.735603, -2.5e-05, 0.769971, -0.283909, -0.571437, 0.02573, 0.072428, 0.928658, -0.363797, 1.40425, 0.0, 0.0, 0.0, 1.0],
                [0.41022, 0.355004, 0.840054, -3.6e-05, 0.898707, -0.313976, -0.306176, 0.038564, 0.155063, 0.880563, -0.447844, 1.533227, 0.0, 0.0, 0.0, 1.0],
                [0.246872, 0.443959, 0.861368, -4.9e-05, 0.942772, -0.315625, -0.107526, 0.053522, 0.224132, 0.838619, -0.496471, 1.669103, 0.0, 0.0, 0.0, 1.0],
                [0.150557, 0.497382, 0.854367, -6.5e-05, 0.952461, -0.304514, 0.009434, 0.070339, 0.264859, 0.812331, -0.519584, 1.810607, 0.0, 0.0, 0.0, 1.0],
                [0.085258, 0.531992, 0.842446, -8.2e-05, 0.952878, -0.290588, 0.087068, 0.08875, 0.291125, 0.795326, -0.531699, 1.956466, 0.0, 0.0, 0.0, 1.0],
                [0.044626, 0.569027, 0.821107, -0.000102, 0.946354, -0.287386, 0.147725, 0.108488, 0.320034, 0.770466, -0.551326, 2.105406, 0.0, 0.0, 0.0, 1.0],
                [0.026052, 0.62769, 0.778027, -0.000123, 0.928757, -0.303086, 0.213422, 0.129288, 0.369772, 0.717038, -0.590868, 2.256155, 0.0, 0.0, 0.0, 1.0],
                [0.044093, 0.715606, 0.697111, -0.000147, 0.893036, -0.341022, 0.293583, 0.150885, 0.44782, 0.6096, -0.654098, 2.407442, 0.0, 0.0, 0.0, 1.0],
                [0.10988, 0.809229, 0.577126, -0.000172, 0.838165, -0.387527, 0.3838, 0.173013, 0.534234, 0.441554, -0.720849, 2.557991, 0.0, 0.0, 0.0, 1.0],
                [0.21354, 0.877794, 0.42881, -0.000198, 0.76767, -0.422245, 0.48207, 0.195406, 0.604221, 0.226244, -0.764023, 2.706532, 0.0, 0.0, 0.0, 1.0],
                [0.337153, 0.901991, 0.269703, -0.000227, 0.689426, -0.431635, 0.581707, 0.2178, 0.641108, -0.010184, -0.767383, 2.85179, 0.0, 0.0, 0.0, 1.0],
                [0.461023, 0.879599, 0.11732, -0.000256, 0.612803, -0.411196, 0.674826, 0.239928, 0.641818, -0.239217, -0.728592, 2.992494, 0.0, 0.0, 0.0, 1.0],
                [0.570716, 0.820958, -0.017631, -0.000287, 0.544944, -0.3626, 0.756014, 0.261524, 0.614263, -0.441077, -0.654318, 3.127371, 0.0, 0.0, 0.0, 1.0],
                [0.659367, 0.73994, -0.133129, -0.00032, 0.489279, -0.287884, 0.823243, 0.282325, 0.570825, -0.607956, -0.551859, 3.255147, 0.0, 0.0, 0.0, 1.0],
                [0.737249, 0.632278, -0.238092, -0.000353, 0.43967, -0.181423, 0.879645, 0.302063, 0.512985, -0.7532, -0.411748, 3.374809, 0.0, 0.0, 0.0, 1.0],
                [0.810422, 0.485907, -0.327277, -0.000388, 0.394047, -0.038722, 0.918274, 0.320473, 0.433523, -0.873153, -0.222851, 3.486376, 0.0, 0.0, 0.0, 1.0],
                [0.870178, 0.309757, -0.383198, -0.000424, 0.359513, 0.132694, 0.923657, 0.33729, 0.336958, -0.94151, 0.004106, 3.590126, 0.0, 0.0, 0.0, 1.0],
                [0.9105, 0.123725, -0.394565, -0.000461, 0.340698, 0.316284, 0.885375, 0.352249, 0.234338, -0.940562, 0.245824, 3.686337, 0.0, 0.0, 0.0, 1.0],
                [0.930985, -0.047726, -0.361925, -0.000498, 0.337253, 0.491949, 0.80265, 0.365083, 0.139741, -0.869315, 0.474093, 3.775285, 0.0, 0.0, 0.0, 1.0],
                [0.936798, -0.184741, -0.297121, -0.000537, 0.343788, 0.643728, 0.683685, 0.375527, 0.06496, -0.742621, 0.666555, 3.857249, 0.0, 0.0, 0.0, 1.0],
                [0.935838, -0.277349, -0.217451, -0.000576, 0.352056, 0.764119, 0.540536, 0.383316, 0.016241, -0.582409, 0.812734, 3.932508, 0.0, 0.0, 0.0, 1.0],
                [0.935504, -0.324553, -0.139635, -0.000616, 0.353274, 0.85314, 0.383862, 0.388184, -0.005455, -0.408434, 0.912772, 4.001338, 0.0, 0.0, 0.0, 1.0],
                [0.94076, -0.330188, -0.07711, -0.000656, 0.339065, 0.91456, 0.22049, 0.389866, -0.002282, -0.233574, 0.972336, 4.064018, 0.0, 0.0, 0.0, 1.0],
                [0.949715, -0.311835, -0.028287, -0.000697, 0.312906, 0.948502, 0.04933, 0.389823, 0.011448, -0.0557, 0.998382, 4.120825, 0.0, 0.0, 0.0, 1.0],
                [0.958674, -0.284104, 0.015151, -0.000738, 0.283601, 0.950014, -0.130553, 0.389696, 0.022697, 0.129454, 0.991326, 4.172037, 0.0, 0.0, 0.0, 1.0],
                [0.967409, -0.247893, 0.051656, -0.000779, 0.251421, 0.916086, -0.312368, 0.389491, 0.030112, 0.315175, 0.948556, 4.217932, 0.0, 0.0, 0.0, 1.0],
                [0.975529, -0.205033, 0.079402, -0.000821, 0.217452, 0.846277, -0.486343, 0.389211, 0.03252, 0.491708, 0.870153, 4.258787, 0.0, 0.0, 0.0, 1.0],
                [0.982582, -0.158474, 0.097054, -0.000863, 0.183497, 0.744868, -0.641483, 0.388863, 0.029366, 0.648118, 0.760973, 4.29488, 0.0, 0.0, 0.0, 1.0],
                [0.988199, -0.111977, 0.104518, -0.000905, 0.151718, 0.621631, -0.768477, 0.38845, 0.02108, 0.775265, 0.631284, 4.32649, 0.0, 0.0, 0.0, 1.0],
                [0.992227, -0.069366, 0.103315, -0.000947, 0.124105, 0.490581, -0.862513, 0.387977, 0.009144, 0.868631, 0.495376, 4.353894, 0.0, 0.0, 0.0, 1.0],
                [0.994773, -0.03375, 0.096368, -0.000988, 0.102022, 0.36723, -0.924518, 0.38745, -0.004187, 0.929518, 0.368754, 4.37737, 0.0, 0.0, 0.0, 1.0],
                [0.996154, -0.007126, 0.087335, -0.00103, 0.086081, 0.265875, -0.960156, 0.386873, -0.016378, 0.963981, 0.265466, 4.397194, 0.0, 0.0, 0.0, 1.0],
                [0.996763, 0.00944, 0.079838, -0.001071, 0.076391, 0.198254, -0.977169, 0.38625, -0.025053, 0.980105, 0.196891, 4.413647, 0.0, 0.0, 0.0, 1.0],
                [0.996927, 0.015188, 0.076852, -0.001112, 0.073057, 0.173842, -0.98206, 0.385587, -0.028276, 0.984656, 0.172199, 4.427004, 0.0, 0.0, 0.0, 1.0],
                [0.996927, 0.015188, 0.076852, -0.001152, 0.073057, 0.173842, -0.98206, 0.384888, -0.028276, 0.984656, 0.172199, 4.437544, 0.0, 0.0, 0.0, 1.0],
                [0.996927, 0.015188, 0.076852, -0.001192, 0.073057, 0.173842, -0.98206, 0.384157, -0.028276, 0.984656, 0.172199, 4.445545, 0.0, 0.0, 0.0, 1.0],
                [0.996927, 0.015188, 0.076852, -0.001231, 0.073057, 0.173842, -0.98206, 0.383401, -0.028276, 0.984656, 0.172199, 4.451285, 0.0, 0.0, 0.0, 1.0],
                [0.996927, 0.015188, 0.076852, -0.00127, 0.073057, 0.173842, -0.98206, 0.382623, -0.028276, 0.984656, 0.172199, 4.455041, 0.0, 0.0, 0.0, 1.0],
                [0.996927, 0.015188, 0.076852, -0.001307, 0.073057, 0.173842, -0.98206, 0.381829, -0.028276, 0.984656, 0.172199, 4.45709, 0.0, 0.0, 0.0, 1.0],
                [0.996927, 0.015188, 0.076852, -0.001344, 0.073057, 0.173842, -0.98206, 0.381023, -0.028276, 0.984656, 0.172199, 4.457712, 0.0, 0.0, 0.0, 1.0],
                [0.996927, 0.015188, 0.076852, -0.00138, 0.073057, 0.173842, -0.98206, 0.380209, -0.028276, 0.984656, 0.172199, 4.457712, 0.0, 0.0, 0.0, 1.0],
                [0.996927, 0.015188, 0.076852, -0.001415, 0.073057, 0.173842, -0.98206, 0.379393, -0.028276, 0.984656, 0.172199, 4.457712, 0.0, 0.0, 0.0, 1.0],
                [0.996927, 0.015188, 0.076852, -0.001448, 0.073057, 0.173842, -0.98206, 0.37858, -0.028276, 0.984656, 0.172199, 4.457712, 0.0, 0.0, 0.0, 1.0],
                [0.996927, 0.015188, 0.076852, -0.001481, 0.073057, 0.173842, -0.98206, 0.377774, -0.028276, 0.984656, 0.172199, 4.457712, 0.0, 0.0, 0.0, 1.0],
                [0.996927, 0.015188, 0.076852, -0.001512, 0.073057, 0.173842, -0.98206, 0.376979, -0.028276, 0.984656, 0.172199, 4.457712, 0.0, 0.0, 0.0, 1.0],
                [0.996927, 0.015188, 0.076852, -0.001541, 0.073057, 0.173842, -0.98206, 0.376201, -0.028276, 0.984656, 0.172199, 4.457712, 0.0, 0.0, 0.0, 1.0],
                [0.996927, 0.015188, 0.076852, -0.00157, 0.073057, 0.173842, -0.98206, 0.375445, -0.028276, 0.984656, 0.172199, 4.457712, 0.0, 0.0, 0.0, 1.0],
                [0.996927, 0.015188, 0.076852, -0.001596, 0.073057, 0.173842, -0.98206, 0.374715, -0.028276, 0.984656, 0.172199, 4.457712, 0.0, 0.0, 0.0, 1.0],
                [0.996927, 0.015188, 0.076852, -0.001621, 0.073057, 0.173842, -0.98206, 0.374016, -0.028276, 0.984656, 0.172199, 4.457712, 0.0, 0.0, 0.0, 1.0],
                [0.996927, 0.015188, 0.076852, -0.001644, 0.073057, 0.173842, -0.98206, 0.373353, -0.028276, 0.984656, 0.172199, 4.457712, 0.0, 0.0, 0.0, 1.0],
                [0.996927, 0.015188, 0.076852, -0.001666, 0.073057, 0.173842, -0.98206, 0.37273, -0.028276, 0.984656, 0.172199, 4.457712, 0.0, 0.0, 0.0, 1.0],
                [0.996927, 0.015188, 0.076852, -0.001685, 0.073057, 0.173842, -0.98206, 0.372153, -0.028276, 0.984656, 0.172199, 4.457712, 0.0, 0.0, 0.0, 1.0],
                [0.996927, 0.015188, 0.076852, -0.001703, 0.073057, 0.173842, -0.98206, 0.371625, -0.028276, 0.984656, 0.172199, 4.457712, 0.0, 0.0, 0.0, 1.0],
                [0.996927, 0.015188, 0.076852, -0.001718, 0.073057, 0.173842, -0.98206, 0.371153, -0.028276, 0.984656, 0.172199, 4.457712, 0.0, 0.0, 0.0, 1.0],
                [0.996927, 0.015188, 0.076852, -0.001732, 0.073057, 0.173842, -0.98206, 0.37074, -0.028276, 0.984656, 0.172199, 4.457712, 0.0, 0.0, 0.0, 1.0],
                [0.996927, 0.015188, 0.076852, -0.001743, 0.073057, 0.173842, -0.98206, 0.370391, -0.028276, 0.984656, 0.172199, 4.457712, 0.0, 0.0, 0.0, 1.0],
                [0.996927, 0.015188, 0.076852, -0.001752, 0.073057, 0.173842, -0.98206, 0.370112, -0.028276, 0.984656, 0.172199, 4.457712, 0.0, 0.0, 0.0, 1.0],
                [0.996927, 0.015188, 0.076852, -0.001758, 0.073057, 0.173842, -0.98206, 0.369907, -0.028276, 0.984656, 0.172199, 4.457712, 0.0, 0.0, 0.0, 1.0],
                [0.996927, 0.015188, 0.076852, -0.001762, 0.073057, 0.173842, -0.98206, 0.36978, -0.028276, 0.984656, 0.172199, 4.457712, 0.0, 0.0, 0.0, 1.0],
                [0.996927, 0.015188, 0.076852, -0.001763, 0.073057, 0.173842, -0.98206, 0.369736, -0.028276, 0.984656, 0.172199, 4.457712, 0.0, 0.0, 0.0, 1.0]
            ]
        },
        {
            "name": "Thigh_R",
            "time": [0.0, 0.0167, 0.0333, 0.05, 0.0667, 0.0833, 0.1, 0.1167, 0.1333, 0.15, 0.1667, 0.1833, 0.2, 0.2167, 0.2333, 0.25, 0.2667, 0.2833, 0.3, 0.3167, 0.3333, 0.35, 0.3667, 0.3833, 0.4, 0.4167, 0.4333, 0.45, 0.4667, 0.4833, 0.5, 0.5167, 0.5333, 0.55, 0.5667, 0.5833, 0.6, 0.6167, 0.6333, 0.65, 0.6667, 0.6833, 0.7, 0.7167, 0.7333, 0.75, 0.7667, 0.7833, 0.8, 0.8167, 0.8333, 0.85, 0.8667, 0.8833, 0.9, 0.9167, 0.9333, 0.95, 0.9667, 0.9833, 1.0, 1.0167, 1.0333, 1.05, 1.0667, 1.2667],
            "transform": [
                [0.575668, 0.06283, 0.815266, 0.124994, 0.240345, -0.966001, -0.095264, -0.002831, 0.781563, 0.250786, -0.571197, -1.2e-05, 0.0, 0.0, 0.0, 1.0],
                [0.575668, 0.06283, 0.815266, 0.124994, 0.240345, -0.966001, -0.095264, -0.002831, 0.781563, 0.250786, -0.571197, -1.2e-05, 0.0, 0.0, 0.0, 1.0],
                [0.575668, 0.06283, 0.815266, 0.124994, 0.240345, -0.966001, -0.095264, -0.002831, 0.781563, 0.250786, -0.571197, -1.2e-05, 0.0, 0.0, 0.0, 1.0],
                [0.575668, 0.06283, 0.815266, 0.124994, 0.240345, -0.966001, -0.095264, -0.002831, 0.781563, 0.250786, -0.571197, -1.2e-05, 0.0, 0.0, 0.0, 1.0],
                [0.575668, 0.06283, 0.815266, 0.124994, 0.240345, -0.966001, -0.095264, -0.002831, 0.781563, 0.250786, -0.571197, -1.2e-05, 0.0, 0.0, 0.0, 1.0],
                [0.575668, 0.06283, 0.815266, 0.124994, 0.240345, -0.966001, -0.095264, -0.002831, 0.781563, 0.250786, -0.571197, -1.2e-05, 0.0, 0.0, 0.0, 1.0],
                [0.575668, 0.06283, 0.815266, 0.124994, 0.240345, -0.966001, -0.095264, -0.002831, 0.781563, 0.250786, -0.571197, -1.2e-05, 0.0, 0.0, 0.0, 1.0],
                [0.575668, 0.06283, 0.815266, 0.124994, 0.240345, -0.966001, -0.095264, -0.002831, 0.781563, 0.250786, -0.571197, -1.2e-05, 0.0, 0.0, 0.0, 1.0],
                [0.575668, 0.06283, 0.815266, 0.124994, 0.240345, -0.966001, -0.095264, -0.002831, 0.781563, 0.250786, -0.571197, -1.2e-05, 0.0, 0.0, 0.0, 1.0],
                [0.575668, 0.062696, 0.815276, 0.124994, 0.240345, -0.965986, -0.095423, -0.002831, 0.781563, 0.25088, -0.571156, -1.2e-05, 0.0, 0.0, 0.0, 1.0],
                [0.575668, 0.062299, 0.815307, 0.124994, 0.240345, -0.965939, -0.095893, -0.002831, 0.781563, 0.251158, -0.571034, -1.2e-05, 0.0, 0.0, 0.0, 1.0],
                [0.575668, 0.06165, 0.815356, 0.124994, 0.240345, -0.965862, -0.096662, -0.002831, 0.781563, 0.251612, -0.570834, -1.2e-05, 0.0, 0.0, 0.0, 1.0],
                [0.575668, 0.060758, 0.815423, 0.124994, 0.240345, -0.965756, -0.097718, -0.002831, 0.781563, 0.252236, -0.570558, -1.2e-05, 0.0, 0.0, 0.0, 1.0],
                [0.575668, 0.059633, 0.815506, 0.124994, 0.240345, -0.96562, -0.099051, -0.002831, 0.781563, 0.253024, -0.57021, -1.2e-05, 0.0, 0.0, 0.0, 1.0],
                [0.575668, 0.058284, 0.815604, 0.124994, 0.240345, -0.965455, -0.100648, -0.002831, 0.781563, 0.253966, -0.56979, -1.2e-05, 0.0, 0.0, 0.0, 1.0],
                [0.575668, 0.056721, 0.815714, 0.124994, 0.240345, -0.965261, -0.102498, -0.002831, 0.781563, 0.255058, -0.569303, -1.2e-05, 0.0, 0.0, 0.0, 1.0],
                [0.575668, 0.054953, 0.815835, 0.124994, 0.240345, -0.965036, -0.104589, -0.002831, 0.781563, 0.25629, -0.568748, -1.2e-05, 0.0, 0.0, 0.0, 1.0],
                [0.575668, 0.052991, 0.815965, 0.124994, 0.240345, -0.964782, -0.106909, -0.002831, 0.781563, 0.257658, -0.56813, -1.2e-05, 0.0, 0.0, 0.0, 1.0],
                [0.575668, 0.050844, 0.816101, 0.124994, 0.240345, -0.964497, -0.109448, -0.002831, 0.781563, 0.259152, -0.567451, -1.2e-05, 0.0, 0.0, 0.0, 1.0],
                [0.575668, 0.04852, 0.816242, 0.124994, 0.240345, -0.964182, -0.112193, -0.002831, 0.781562, 0.260766, -0.566711, -1.2e-05, 0.0, 0.0, 0.0, 1.0],
                [0.575668, 0.046031, 0.816387, 0.124994, 0.240345, -0.963835, -0.115133, -0.002831, 0.781563, 0.262493, -0.565913, -1.2e-05, 0.0, 0.0, 0.0, 1.0],
                [0.575668, 0.043385, 0.816532, 0.124994, 0.240345, -0.963457, -0.118256, -0.002831, 0.781563, 0.264325, -0.565059, -1.2e-05, 0.0, 0.0, 0.0, 1.0],
                [0.575668, 0.040593, 0.816675, 0.124994, 0.240345, -0.963047, -0.121549, -0.002831, 0.781563, 0.266256, -0.564152, -1.2e-05, 0.0, 0.0, 0.0, 1.0],
                [0.575668, 0.037663, 0.816815, 0.124994, 0.240345, -0.962605, -0.125003, -0.002831, 0.781563, 0.268278, -0.563193, -1.2e-05, 0.0, 0.0, 0.0, 1.0],
                [0.575668, 0.034606, 0.816951, 0.124994, 0.240345, -0.96213, -0.128605, -0.002831, 0.781563, 0.270384, -0.562185, -1.2e-05, 0.0, 0.0, 0.0, 1.0],
                [0.575668, 0.031431, 0.817079, 0.124994, 0.240345, -0.961623, -0.132342, -0.002831, 0.781563, 0.272567, -0.56113, -1.2e-05, 0.0, 0.0, 0.0, 1.0],
                [0.575668, 0.028148, 0.817199, 0.124994, 0.240345, -0.961084, -0.136205, -0.002831, 0.781563, 0.274819, -0.560031, -1.2e-05, 0.0, 0.0, 0.0, 1.0],
                [0.575668, 0.024767, 0.817308, 0.124994, 0.240345, -0.960512, -0.140179, -0.002831, 0.781563, 0.277133, -0.558889, -1.2e-05, 0.0, 0.0, 0.0, 1.0],
                [0.575668, 0.021298, 0.817406, 0.124994, 0.240345, -0.959908, -0.144255, -0.002831, 0.781563, 0.279503, -0.557708, -1.2e-05, 0.0, 0.0, 0.0, 1.0],
                [0.575668, 0.01775, 0.817491, 0.124994, 0.240345, -0.959273, -0.148421, -0.002831, 0.781563, 0.281921, -0.556489, -1.2e-05, 0.0, 0.0, 0.0, 1.0],
                [0.575668, 0.014133, 0.817561, 0.124994, 0.240345, -0.958607, -0.152663, -0.002831, 0.781563, 0.28438, -0.555236, -1.2e-05, 0.0, 0.0, 0.0, 1.0],
                [0.575668, 0.010456, 0.817617, 0.124994, 0.240345, -0.957911, -0.156972, -0.002831, 0.781563, 0.286874, -0.553952, -1.2e-05, 0.0, 0.0, 0.0, 1.0],
                [0.575668, 0.006731, 0.817656, 0.124994, 0.240345, -0.957186, -0.161334, -0.002831, 0.781563, 0.289395, -0.552639, -1.2e-05, 0.0, 0.0, 0.0, 1.0],
                [0.575668, 0.002967, 0.817678, 0.124994, 0.240345, -0.956433, -0.16574, -0.002831, 0.781563, 0.291936, -0.551301, -1.2e-05, 0.0, 0.0, 0.0, 1.0],
                [0.575668, -0.000827, 0.817683, 0.124994, 0.240345, -0.955654, -0.170176, -0.002831, 0.781563, 0.294491, -0.549941, -1.2e-05, 0.0, 0.0, 0.0, 1.0],
                [0.575668, -0.004641, 0.81767, 0.124994, 0.240345, -0.954849, -0.174631, -0.002831, 0.781563, 0.297053, -0.548561, -1.2e-05, 0.0, 0.0, 0.0, 1.0],
                [0.575668, -0.008464, 0.81764, 0.124994, 0.240345, -0.954023, -0.179094, -0.002831, 0.781563, 0.299615, -0.547166, -1.2e-05, 0.0, 0.0, 0.0, 1.0],
                [0.575668, -0.012288, 0.817591, 0.124994, 0.240345, -0.953175, -0.183553, -0.002831, 0.781563, 0.30217, -0.545759, -1.2e-05, 0.0, 0.0, 0.0, 1.0],
                [0.575668, -0.016101, 0.817525, 0.124994, 0.240345, -0.952308, -0.187997, -0.002831, 0.781562, 0.304712, -0.544344, -1.2e-05, 0.0, 0.0, 0.0, 1.0],
                [0.575668, -0.019894, 0.817441, 0.124994, 0.240345, -0.951426, -0.192413, -0.002831, 0.781563, 0.307234, -0.542924, -1.1e-05, 0.0, 0.0, 0.0, 1.0],
                [0.575668, -0.023657, 0.817341, 0.124994, 0.240345, -0.95053, -0.196792, -0.002831, 0.781563, 0.309731, -0.541504, -1.1e-05, 0.0, 0.0, 0.0, 1.0],
                [0.575668, -0.027381, 0.817225, 0.124994, 0.240345, -0.949623, -0.20112, -0.002831, 0.781563, 0.312195, -0.540087, -1.2e-05, 0.0, 0.0, 0.0, 1.0],
                [0.575668, -0.031055, 0.817093, 0.124994, 0.240345, -0.948709, -0.205388, -0.002831, 0.781563, 0.31462, -0.538678, -1.2e-05, 0.0, 0.0, 0.0, 1.0],
                [0.575668, -0.03467, 0.816948, 0.124994, 0.240345, -0.947791, -0.209583, -0.002831, 0.781563, 0.317, -0.537281, -1.2e-05, 0.0, 0.0, 0.0, 1.0],
                [0.575668, -0.038215, 0.81679, 0.124994, 0.240345, -0.946873, -0.213695, -0.002831, 0.781563, 0.319329, -0.5359, -1.2e-05, 0.0, 0.0, 0.0, 1.0],
                [0.575668, -0.041682, 0.81662, 0.124994, 0.240345, -0.945957, -0.217713, -0.002831, 0.781563, 0.321601, -0.53454, -1.2e-05, 0.0, 0.0, 0.0, 1.0],
                [0.575668, -0.04506, 0.816441, 0.124994, 0.240345, -0.945048, -0.221624, -0.002831, 0.781563, 0.32381, -0.533205, -1.2e-05, 0.0, 0.0, 0.0, 1.0],
                [0.575668, -0.04834, 0.816253, 0.124994, 0.240345, -0.94415, -0.225419, -0.00283, 0.781563, 0.325949, -0.531899, -1.2e-05, 0.0, 0.0, 0.0, 1.0],
                [0.575668, -0.051511, 0.816059, 0.124994, 0.240345, -0.943267, -0.229086, -0.002831, 0.781563, 0.328014, -0.530629, -1.2e-05, 0.0, 0.0, 0.0, 1.0],
                [0.575668, -0.054565, 0.815861, 0.124994, 0.240345, -0.942403, -0.232615, -0.00283, 0.781563, 0.329997, -0.529397, -1.2e-05, 0.0, 0.0, 0.0, 1.0],
                [0.575668, -0.057491, 0.81566, 0.124994, 0.240345, -0.941563, -0.235994, -0.00283, 0.781563, 0.331894, -0.52821, -1.2e-05, 0.0, 0.0, 0.0, 1.0],
                [0.575668, -0.06028, 0.815458, 0.124994, 0.240345, -0.94075, -0.239212, -0.00283, 0.781563, 0.333698, -0.527072, -1.2e-05, 0.0, 0.0, 0.0, 1.0],
                [0.575668, -0.062922, 0.815259, 0.124994, 0.240345, -0.93997, -0.242259, -0.002831, 0.781563, 0.335405, -0.525988, -1.2e-05, 0.0, 0.0, 0.0, 1.0],
                [0.575668, -0.065408, 0.815063, 0.124994, 0.240345, -0.939227, -0.245125, -0.00283, 0.781563, 0.337007, -0.524963, -1.2e-05, 0.0, 0.0, 0.0, 1.0],
                [0.575668, -0.067728, 0.814874, 0.124994, 0.240345, -0.938526, -0.247797, -0.002831, 0.781563, 0.3385, -0.524001, -1.2e-05, 0.0, 0.0, 0.0, 1.0],
                [0.575668, -0.069872, 0.814693, 0.124994, 0.240345, -0.93787, -0.250266, -0.002831, 0.781563, 0.339878, -0.523109, -1.2e-05, 0.0, 0.0, 0.0, 1.0],
                [0.575668, -0.071831, 0.814522, 0.124994, 0.240345, -0.937266, -0.252521, -0.00283, 0.781563, 0.341135, -0.52229, -1.2e-05, 0.0, 0.0, 0.0, 1.0],
                [0.575668, -0.073596, 0.814365, 0.124994, 0.240345, -0.936716, -0.254551, -0.00283, 0.781563, 0.342266, -0.52155, -1.2e-05, 0.0, 0.0, 0.0, 1.0],
                [0.575668, -0.075156, 0.814222, 0.124994, 0.240345, -0.936227, -0.256346, -0.002831, 0.781563, 0.343265, -0.520893, -1.2e-05, 0.0, 0.0, 0.0, 1.0],
                [0.575668, -0.076503, 0.814097, 0.124994, 0.240345, -0.935802, -0.257894, -0.002831, 0.781563, 0.344126, -0.520324, -1.2e-05, 0.0, 0.0, 0.0, 1.0],
                [0.575668, -0.077626, 0.813991, 0.124994, 0.240345, -0.935445, -0.259185, -0.002831, 0.781563, 0.344843, -0.519849, -1.2e-05, 0.0, 0.0, 0.0, 1.0],
                [0.575668, -0.078516, 0.813905, 0.124994, 0.240345, -0.935161, -0.260208, -0.00283, 0.781563, 0.345412, -0.519471, -1.2e-05, 0.0, 0.0, 0.0, 1.0],
                [0.575668, -0.079164, 0.813842, 0.124994, 0.240345, -0.934953, -0.260952, -0.002831, 0.781563, 0.345825, -0.519196, -1.2e-05, 0.0, 0.0, 0.0, 1.0],
                [0.575668, -0.07956, 0.813804, 0.124994, 0.240345, -0.934826, -0.261407, -0.00283, 0.781563, 0.346078, -0.519028, -1.2e-05, 0.0, 0.0, 0.0, 1.0],
                [0.575668, -0.079694, 0.813791, 0.124994, 0.240345, -0.934783, -0.261561, -0.002831, 0.781563, 0.346163, -0.518971, -1.2e-05, 0.0, 0.0, 0.0, 1.0],
                [0.575668, -0.079694, 0.813791, 0.124994, 0.240345, -0.934783, -0.261561, -0.002831, 0.781563, 0.346163, -0.518971, -1.2e-05, 0.0, 0.0, 0.0, 1.0]
            ]
        },
        {
            "name": "Leg_R",
            "time": [0.0, 0.0167, 0.0333, 0.05, 0.0667, 0.0833, 0.1, 0.1167, 0.1333, 0.15, 0.1667, 0.1833, 0.2, 0.2167, 0.2333, 0.25, 0.2667, 0.2833, 0.3, 0.3167, 0.3333, 0.35, 0.3667, 0.3833, 0.4, 0.4167, 0.4333, 0.45, 0.4667, 0.4833, 0.5, 0.5167, 0.5333, 0.55, 0.5667, 0.5833, 0.6, 0.6167, 0.6333, 0.65, 0.6667, 0.6833, 0.7, 0.7167, 0.7333, 0.75, 0.7667, 0.7833, 0.8, 0.8167, 0.8333, 0.85, 0.8667, 0.8833, 0.9, 0.9167, 0.9333, 0.95, 0.9667, 0.9833, 1.0, 1.0167, 1.0333, 1.05, 1.0667, 1.2667],
            "transform": [
                [1.0, 0.0, 1e-06, 0.0, -1e-06, 0.939692, 0.34202, 0.37472, -1e-06, -0.34202, 0.939692, -0.0, 0.0, 0.0, 0.0, 1.0],
                [1.0, 0.0, 1e-06, 0.0, -1e-06, 0.939692, 0.34202, 0.37472, -1e-06, -0.34202, 0.939692, -0.0, 0.0, 0.0, 0.0, 1.0],
                [1.0, 0.0, 1e-06, 0.0, -1e-06, 0.939692, 0.34202, 0.37472, -1e-06, -0.34202, 0.939692, -0.0, 0.0, 0.0, 0.0, 1.0],
                [1.0, 0.0, 1e-06, 0.0, -1e-06, 0.939692, 0.34202, 0.37472, -1e-06, -0.34202, 0.939692, -0.0, 0.0, 0.0, 0.0, 1.0],
                [1.0, 0.0, 1e-06, 0.0, -1e-06, 0.939692, 0.34202, 0.37472, -1e-06, -0.34202, 0.939692, -0.0, 0.0, 0.0, 0.0, 1.0],
                [1.0, 0.0, 1e-06, 0.0, -1e-06, 0.939692, 0.34202, 0.37472, -1e-06, -0.34202, 0.939692, -0.0, 0.0, 0.0, 0.0, 1.0],
                [1.0, 0.0, 1e-06, 0.0, -1e-06, 0.939692, 0.34202, 0.37472, -1e-06, -0.34202, 0.939692, -0.0, 0.0, 0.0, 0.0, 1.0],
                [1.0, 0.0, 1e-06, 0.0, -1e-06, 0.939692, 0.34202, 0.37472, -1e-06, -0.34202, 0.939692, -0.0, 0.0, 0.0, 0.0, 1.0],
                [1.0, 0.0, 1e-06, 0.0, -1e-06, 0.939692, 0.34202, 0.37472, -1e-06, -0.34202, 0.939692, -0.0, 0.0, 0.0, 0.0, 1.0],
                [1.0, 0.0, 1e-06, -0.0, -0.0, 0.939525, 0.34248, 0.37472, -1e-06, -0.34248, 0.939525, 0.0, 0.0, 0.0, 0.0, 1.0],
                [1.0, 0.0, 1e-06, -0.0, -1e-06, 0.939029, 0.343837, 0.37472, -1e-06, -0.343837, 0.939029, -0.0, 0.0, 0.0, 0.0, 1.0],
                [1.0, 0.0, 1e-06, 0.0, -0.0, 0.938214, 0.346057, 0.37472, -1e-06, -0.346057, 0.938213, -0.0, 0.0, 0.0, 0.0, 1.0],
                [1.0, 0.0, 1e-06, -0.0, -1e-06, 0.937084, 0.349105, 0.37472, -1e-06, -0.349105, 0.937084, -0.0, 0.0, 0.0, 0.0, 1.0],
                [1.0, 0.0, 1e-06, -0.0, -0.0, 0.935644, 0.352946, 0.37472, -1e-06, -0.352946, 0.935644, -0.0, 0.0, 0.0, 0.0, 1.0],
                [1.0, 0.0, 1e-06, 0.0, -1e-06, 0.933896, 0.357545, 0.37472, -1e-06, -0.357545, 0.933896, 0.0, 0.0, 0.0, 0.0, 1.0],
                [1.0, 0.0, 1e-06, -0.0, -0.0, 0.931842, 0.362865, 0.37472, -1e-06, -0.362865, 0.931842, 0.0, 0.0, 0.0, 0.0, 1.0],
                [1.0, 0.0, 1e-06, 0.0, -1e-06, 0.929481, 0.368869, 0.37472, -1e-06, -0.368869, 0.929481, 0.0, 0.0, 0.0, 0.0, 1.0],
                [1.0, 0.0, 1e-06, 0.0, -1e-06, 0.926813, 0.375522, 0.37472, -1e-06, -0.375522, 0.926813, 0.0, 0.0, 0.0, 0.0, 1.0],
                [1.0, 0.0, 1e-06, -0.0, -1e-06, 0.923838, 0.382785, 0.37472, -1e-06, -0.382785, 0.923838, -0.0, 0.0, 0.0, 0.0, 1.0],
                [1.0, 0.0, 1e-06, -0.0, -1e-06, 0.920552, 0.39062, 0.37472, -1e-06, -0.39062, 0.920552, -0.0, 0.0, 0.0, 0.0, 1.0],
                [1.0, 0.0, 1e-06, -0.0, -1e-06, 0.916956, 0.398989, 0.37472, -1e-06, -0.398989, 0.916956, 0.0, 0.0, 0.0, 0.0, 1.0],
                [1.0, 0.0, 1e-06, 0.0, -0.0, 0.913047, 0.407854, 0.37472, -1e-06, -0.407854, 0.913047, -0.0, 0.0, 0.0, 0.0, 1.0],
                [1.0, 0.0, 1e-06, -0.0, -1e-06, 0.908826, 0.417176, 0.37472, -1e-06, -0.417176, 0.908826, 0.0, 0.0, 0.0, 0.0, 1.0],
                [1.0, 0.0, 1e-06, 0.0, -0.0, 0.904292, 0.426914, 0.37472, -1e-06, -0.426914, 0.904292, -0.0, 0.0, 0.0, 0.0, 1.0],
                [1.0, 0.0, 1e-06, 0.0, -1e-06, 0.899447, 0.437031, 0.37472, -1e-06, -0.437031, 0.899447, 0.0, 0.0, 0.0, 0.0, 1.0],
                [1.0, 0.0, 1e-06, -0.0, -0.0, 0.894292, 0.447485, 0.37472, -1e-06, -0.447485, 0.894292, -0.0, 0.0, 0.0, 0.0, 1.0],
                [1.0, 0.0, 1e-06, 0.0, -1e-06, 0.88883, 0.458238, 0.37472, -1e-06, -0.458238, 0.88883, -0.0, 0.0, 0.0, 0.0, 1.0],
                [1.0, 0.0, 1e-06, 0.0, -0.0, 0.883066, 0.469249, 0.37472, -1e-06, -0.469249, 0.883066, 0.0, 0.0, 0.0, 0.0, 1.0],
                [1.0, 0.0, 1e-06, 0.0, -1e-06, 0.877006, 0.480479, 0.37472, -1e-06, -0.480479, 0.877006, -0.0, 0.0, 0.0, 0.0, 1.0],
                [1.0, 0.0, 1e-06, -0.0, -1e-06, 0.870658, 0.491889, 0.37472, -1e-06, -0.491889, 0.870658, 0.0, 0.0, 0.0, 0.0, 1.0],
                [1.0, 0.0, 1e-06, -0.0, -1e-06, 0.86403, 0.50344, 0.37472, -1e-06, -0.50344, 0.86403, -0.0, 0.0, 0.0, 0.0, 1.0],
                [1.0, 0.0, 1e-06, -0.0, -1e-06, 0.857135, 0.515092, 0.37472, -1e-06, -0.515092, 0.857135, 0.0, 0.0, 0.0, 0.0, 1.0],
                [1.0, 0.0, 1e-06, 0.0, -1e-06, 0.849984, 0.526809, 0.37472, -1e-06, -0.526809, 0.849984, -0.0, 0.0, 0.0, 0.0, 1.0],
                [1.0, 0.0, 1e-06, -0.0, -1e-06, 0.842593, 0.538551, 0.37472, -1e-06, -0.538551, 0.842593, 0.0, 0.0, 0.0, 0.0, 1.0],
                [1.0, 0.0, 1e-06, 0.0, -1e-06, 0.834978, 0.550284, 0.37472, -1e-06, -0.550284, 0.834978, 0.0, 0.0, 0.0, 0.0, 1.0],
                [1.0, -0.0, 1e-06, 0.0, -1e-06, 0.827157, 0.561971, 0.37472, -1e-06, -0.561971, 0.827157, -0.0, 0.0, 0.0, 0.0, 1.0],
                [1.0, -0.0, 1e-06, -0.0, -0.0, 0.819152, 0.573577, 0.37472, -1e-06, -0.573577, 0.819152, 0.0, 0.0, 0.0, 0.0, 1.0],
                [1.0, -0.0, 1e-06, -0.0, -1e-06, 0.810984, 0.585069, 0.37472, -1e-06, -0.585069, 0.810984, 0.0, 0.0, 0.0, 0.0, 1.0],
                [1.0, -0.0, 1e-06, -0.0, -1e-06, 0.802676, 0.596415, 0.37472, -1e-06, -0.596415, 0.802676, 0.0, 0.0, 0.0, 0.0, 1.0],
                [1.0, -0.0, 1e-06, -0.0, -0.0, 0.794256, 0.607583, 0.37472, -1e-06, -0.607583, 0.794256, -0.0, 0.0, 0.0, 0.0, 1.0],
                [1.0, -0.0, 1e-06, -0.0, -0.0, 0.785749, 0.618545, 0.37472, -1e-06, -0.618545, 0.785749, 0.0, 0.0, 0.0, 0.0, 1.0],
                [1.0, -0.0, 1e-06, 0.0, -1e-06, 0.777185, 0.629272, 0.37472, -1e-06, -0.629272, 0.777185, 0.0, 0.0, 0.0, 0.0, 1.0],
                [1.0, -0.0, 1e-06, -0.0, -1e-06, 0.768594, 0.639737, 0.37472, -1e-06, -0.639737, 0.768594, 0.0, 0.0, 0.0, 0.0, 1.0],
                [1.0, -0.0, 1e-06, -0.0, -1e-06, 0.760007, 0.649915, 0.37472, -1e-06, -0.649915, 0.760007, 0.0, 0.0, 0.0, 0.0, 1.0],
                [1.0, -0.0, 1e-06, -0.0, -1e-06, 0.751456, 0.659783, 0.37472, -1e-06, -0.659783, 0.751456, 0.0, 0.0, 0.0, 0.0, 1.0],
                [1.0, -0.0, 1e-06, 0.0, -0.0, 0.742976, 0.669318, 0.37472, -1e-06, -0.669318, 0.742976, 0.0, 0.0, 0.0, 0.0, 1.0],
                [1.0, -0.0, 1e-06, -0.0, -1e-06, 0.7346, 0.678501, 0.37472, -1e-06, -0.678501, 0.7346, 0.0, 0.0, 0.0, 0.0, 1.0],
                [1.0, -0.0, 1e-06, 0.0, -1e-06, 0.726364, 0.687311, 0.37472, -1e-06, -0.687311, 0.726363, -0.0, 0.0, 0.0, 0.0, 1.0],
                [1.0, -0.0, 1e-06, -0.0, -0.0, 0.718303, 0.695731, 0.37472, -1e-06, -0.695731, 0.718303, -0.0, 0.0, 0.0, 0.0, 1.0],
                [1.0, -0.0, 1e-06, -0.0, -0.0, 0.710454, 0.703744, 0.37472, -1e-06, -0.703744, 0.710454, 0.0, 0.0, 0.0, 0.0, 1.0],
                [1.0, -0.0, 1e-06, -0.0, -0.0, 0.702853, 0.711335, 0.374721, -1e-06, -0.711335, 0.702853, 0.0, 0.0, 0.0, 0.0, 1.0],
                [1.0, -0.0, 1e-06, -0.0, -1e-06, 0.695537, 0.71849, 0.37472, -1e-06, -0.71849, 0.695537, 0.0, 0.0, 0.0, 0.0, 1.0],
                [1.0, -0.0, 1e-06, -0.0, -0.0, 0.688544, 0.725194, 0.37472, -1e-06, -0.725194, 0.688544, 0.0, 0.0, 0.0, 0.0, 1.0],
                [1.0, -0.0, 1e-06, 0.0, -1e-06, 0.68191, 0.731437, 0.37472, -1e-06, -0.731436, 0.68191, -0.0, 0.0, 0.0, 0.0, 1.0],
                [1.0, -0.0, 1e-06, -0.0, -0.0, 0.67567, 0.737204, 0.37472, -1e-06, -0.737204, 0.67567, -0.0, 0.0, 0.0, 0.0, 1.0],
                [1.0, -0.0, 1e-06, -0.0, -1e-06, 0.669864, 0.742484, 0.37472, -1e-06, -0.742484, 0.669864, 0.0, 0.0, 0.0, 0.0, 1.0],
                [1.0, -0.0, 1e-06, 0.0, -1e-06, 0.664525, 0.747266, 0.37472, -1e-06, -0.747266, 0.664525, 0.0, 0.0, 0.0, 0.0, 1.0],
                [1.0, -0.0, 1e-06, 0.0, -1e-06, 0.659689, 0.751539, 0.374721, -1e-06, -0.751539, 0.659689, 0.0, 0.0, 0.0, 0.0, 1.0],
                [1.0, -0.0, 1e-06, 0.0, -1e-06, 0.655393, 0.755288, 0.37472, -1e-06, -0.755288, 0.655393, 0.0, 0.0, 0.0, 0.0, 1.0],
                [1.0, -0.0, 1e-06, -0.0, -1e-06, 0.651669, 0.758503, 0.37472, -1e-06, -0.758503, 0.651669, 0.0, 0.0, 0.0, 0.0, 1.0],
                [1.0, -0.0, 1e-06, -0.0, -1e-06, 0.648552, 0.76117, 0.37472, -1e-06, -0.76117, 0.648552, 0.0, 0.0, 0.0, 0.0, 1.0],
                [1.0, -0.0, 1e-06, -0.0, -1e-06, 0.646074, 0.763274, 0.37472, -1e-06, -0.763274, 0.646074, 0.0, 0.0, 0.0, 0.0, 1.0],
                [1.0, -0.0, 1e-06, 0.0, -1e-06, 0.644267, 0.7648, 0.37472, -1e-06, -0.7648, 0.644267, -0.0, 0.0, 0.0, 0.0, 1.0],
                [1.0, -0.0, 1e-06, 0.0, -0.0, 0.643162, 0.76573, 0.37472, -1e-06, -0.76573, 0.643162, 0.0, 0.0, 0.0, 0.0, 1.0],
                [1.0, -0.0, 1e-06, -0.0, -1e-06, 0.642787, 0.766045, 0.37472, -1e-06, -0.766045, 0.642787, -0.0, 0.0, 0.0, 0.0, 1.0],
                [1.0, -0.0, 1e-06, -0.0, -1e-06, 0.642787, 0.766045, 0.37472, -1e-06, -0.766045, 0.642787, -0.0, 0.0, 0.0, 0.0, 1.0]
            ]
        },
        {
            "name": "Knee_R",
            "time": [0.0, 0.0167, 0.0333, 0.05, 0.0667, 0.0833, 0.1, 0.1167, 0.1333, 1.2667],
            "transform": [
                [1.0, 0.0, -0.0, 0.0, -0.0, 0.0, -1.0, 0.37472, -0.0, 1.0, 0.0, -0.0, 0.0, 0.0, 0.0, 1.0],
                [1.0, 0.0, -0.0, 0.0, -0.0, 0.0, -1.0, 0.37472, -0.0, 1.0, 0.0, -0.0, 0.0, 0.0, 0.0, 1.0],
                [1.0, 0.0, -0.0, 0.0, -0.0, 0.0, -1.0, 0.37472, -0.0, 1.0, 0.0, -0.0, 0.0, 0.0, 0.0, 1.0],
                [1.0, 0.0, -0.0, 0.0, -0.0, 0.0, -1.0, 0.37472, -0.0, 1.0, 0.0, -0.0, 0.0, 0.0, 0.0, 1.0],
                [1.0, 0.0, -0.0, 0.0, -0.0, 0.0, -1.0, 0.37472, -0.0, 1.0, 0.0, -0.0, 0.0, 0.0, 0.0, 1.0],
                [1.0, 0.0, -0.0, 0.0, -0.0, 0.0, -1.0, 0.37472, -0.0, 1.0, 0.0, -0.0, 0.0, 0.0, 0.0, 1.0],
                [1.0, 0.0, -0.0, 0.0, -0.0, 0.0, -1.0, 0.37472, -0.0, 1.0, 0.0, -0.0, 0.0, 0.0, 0.0, 1.0],
                [1.0, 0.0, -0.0, 0.0, -0.0, 0.0, -1.0, 0.37472, -0.0, 1.0, 0.0, -0.0, 0.0, 0.0, 0.0, 1.0],
                [1.0, 0.0, -0.0, 0.0, -0.0, 0.0, -1.0, 0.37472, -0.0, 1.0, 0.0, -0.0, 0.0, 0.0, 0.0, 1.0],
                [1.0, 0.0, -0.0, -0.0, -0.0, 0.0, -1.0, 0.37472, -0.0, 1.0, 0.0, -0.0, 0.0, 0.0, 0.0, 1.0]
            ]
        },
        {
            "name": "Thigh_L",
            "time": [0.0, 0.0167, 0.0333, 0.05, 0.0667, 0.0833, 0.1, 0.1167, 0.1333, 0.15, 0.1667, 0.1833, 0.2, 0.2167, 0.2333, 0.25, 0.2667, 0.2833, 0.3, 0.3167, 0.3333, 0.35, 0.3667, 0.3833, 0.4, 0.4167, 0.4333, 0.45, 0.4667, 0.4833, 0.5, 0.5167, 0.5333, 0.55, 0.5667, 0.5833, 0.6, 0.6167, 0.6333, 0.65, 0.6667, 0.6833, 0.7, 0.7167, 0.7333, 0.75, 0.7667, 0.7833, 0.8, 0.8167, 0.8333, 0.85, 0.8667, 0.8833, 0.9, 0.9167, 0.9333, 0.95, 0.9667, 0.9833, 1.0, 1.0167, 1.0333, 1.05, 1.0667, 1.2667],
            "transform": [
                [0.996195, 0.015134, 0.085832, -0.125006, -0.022558, -0.906478, 0.421649, -0.002831, 0.084186, -0.42198, -0.902688, -1.2e-05, 0.0, 0.0, 0.0, 1.0],
                [0.996195, 0.015134, 0.085832, -0.125006, -0.022558, -0.906478, 0.421649, -0.002831, 0.084186, -0.42198, -0.902688, -1.2e-05, 0.0, 0.0, 0.0, 1.0],
                [0.996195, 0.015134, 0.085832, -0.125006, -0.022558, -0.906478, 0.421649, -0.002831, 0.084186, -0.42198, -0.902688, -1.2e-05, 0.0, 0.0, 0.0, 1.0],
                [0.996195, 0.015134, 0.085832, -0.125006, -0.022558, -0.906478, 0.421649, -0.002831, 0.084186, -0.42198, -0.902688, -1.2e-05, 0.0, 0.0, 0.0, 1.0],
                [0.996195, 0.015134, 0.085832, -0.125006, -0.022558, -0.906478, 0.421649, -0.002831, 0.084186, -0.42198, -0.902688, -1.2e-05, 0.0, 0.0, 0.0, 1.0],
                [0.996195, 0.015134, 0.085832, -0.125006, -0.022558, -0.906478, 0.421649, -0.002831, 0.084186, -0.42198, -0.902688, -1.2e-05, 0.0, 0.0, 0.0, 1.0],
                [0.996195, 0.015134, 0.085832, -0.125006, -0.022558, -0.906478, 0.421649, -0.002831, 0.084186, -0.42198, -0.902688, -1.2e-05, 0.0, 0.0, 0.0, 1.0],
                [0.996195, 0.015134, 0.085832, -0.125006, -0.022558, -0.906478, 0.421649, -0.002831, 0.084186, -0.42198, -0.902688, -1.2e-05, 0.0, 0.0, 0.0, 1.0],
                [0.996195, 0.015134, 0.085832, -0.125006, -0.022558, -0.906478, 0.421649, -0.002831, 0.084186, -0.42198, -0.902688, -1.2e-05, 0.0, 0.0, 0.0, 1.0],
                [0.996195, 0.015196, 0.085821, -0.125006, -0.022558, -0.906173, 0.422304, -0.002831, 0.084186, -0.422633, -0.902382, -1.2e-05, 0.0, 0.0, 0.0, 1.0],
                [0.996195, 0.015379, 0.085788, -0.125006, -0.022558, -0.905269, 0.424239, -0.002831, 0.084186, -0.42456, -0.901477, -1.2e-05, 0.0, 0.0, 0.0, 1.0],
                [0.996195, 0.015679, 0.085734, -0.125006, -0.022558, -0.903779, 0.427404, -0.002831, 0.084186, -0.427711, -0.899987, -1.2e-05, 0.0, 0.0, 0.0, 1.0],
                [0.996195, 0.016092, 0.085657, -0.125006, -0.022558, -0.901712, 0.431747, -0.002831, 0.084186, -0.432036, -0.897918, -1.2e-05, 0.0, 0.0, 0.0, 1.0],
                [0.996195, 0.016612, 0.085558, -0.125006, -0.022558, -0.899073, 0.437216, -0.002831, 0.084186, -0.437483, -0.895277, -1.2e-05, 0.0, 0.0, 0.0, 1.0],
                [0.996195, 0.017235, 0.085435, -0.125006, -0.022558, -0.895862, 0.443759, -0.002831, 0.084186, -0.443998, -0.892064, -1.2e-05, 0.0, 0.0, 0.0, 1.0],
                [0.996195, 0.017957, 0.085286, -0.125006, -0.022558, -0.892077, 0.45132, -0.002831, 0.084186, -0.451527, -0.888277, -1.2e-05, 0.0, 0.0, 0.0, 1.0],
                [0.996195, 0.018773, 0.08511, -0.125006, -0.022558, -0.887713, 0.459843, -0.002831, 0.084186, -0.460013, -0.883912, -1.2e-05, 0.0, 0.0, 0.0, 1.0],
                [0.996195, 0.019678, 0.084905, -0.125006, -0.022558, -0.882766, 0.469271, -0.002831, 0.084186, -0.469401, -0.878963, -1.2e-05, 0.0, 0.0, 0.0, 1.0],
                [0.996195, 0.020668, 0.08467, -0.125006, -0.022558, -0.877227, 0.479545, -0.002831, 0.084186, -0.479631, -0.873423, -1.2e-05, 0.0, 0.0, 0.0, 1.0],
                [0.996195, 0.021738, 0.084401, -0.125006, -0.022558, -0.871089, 0.490605, -0.002831, 0.084186, -0.490643, -0.867285, -1.2e-05, 0.0, 0.0, 0.0, 1.0],
                [0.996195, 0.022882, 0.084098, -0.125006, -0.022558, -0.864346, 0.50239, -0.002831, 0.084186, -0.502376, -0.860541, -1.2e-05, 0.0, 0.0, 0.0, 1.0],
                [0.996195, 0.024096, 0.083759, -0.125006, -0.022558, -0.856991, 0.514836, -0.002831, 0.084186, -0.514767, -0.853187, -1.2e-05, 0.0, 0.0, 0.0, 1.0],
                [0.996195, 0.025374, 0.08338, -0.125006, -0.022558, -0.849019, 0.527881, -0.002831, 0.084186, -0.527753, -0.845216, -1.2e-05, 0.0, 0.0, 0.0, 1.0],
                [0.996195, 0.02671, 0.082962, -0.125006, -0.022558, -0.840425, 0.541458, -0.002831, 0.084186, -0.541269, -0.836624, -1.2e-05, 0.0, 0.0, 0.0, 1.0],
                [0.996195, 0.028101, 0.082501, -0.125006, -0.022558, -0.831209, 0.555502, -0.002831, 0.084186, -0.555249, -0.827412, -1.2e-05, 0.0, 0.0, 0.0, 1.0],
                [0.996195, 0.029538, 0.081998, -0.125006, -0.022558, -0.821372, 0.569947, -0.002831, 0.084186, -0.569628, -0.81758, -1.2e-05, 0.0, 0.0, 0.0, 1.0],
                [0.996195, 0.031018, 0.081449, -0.125006, -0.022558, -0.810918, 0.584725, -0.002831, 0.084186, -0.584338, -0.807132, -1.2e-05, 0.0, 0.0, 0.0, 1.0],
                [0.996195, 0.032534, 0.080856, -0.125006, -0.022558, -0.799855, 0.59977, -0.002831, 0.084186, -0.599311, -0.796077, -1.2e-05, 0.0, 0.0, 0.0, 1.0],
                [0.996195, 0.03408, 0.080216, -0.125006, -0.022558, -0.788193, 0.615013, -0.002831, 0.084186, -0.614483, -0.784426, -1.2e-05, 0.0, 0.0, 0.0, 1.0],
                [0.996195, 0.035651, 0.079531, -0.125006, -0.022558, -0.77595, 0.63039, -0.002831, 0.084186, -0.629786, -0.772193, -1.2e-05, 0.0, 0.0, 0.0, 1.0],
                [0.996195, 0.03724, 0.078799, -0.125006, -0.022558, -0.763144, 0.645834, -0.002831, 0.084186, -0.645154, -0.7594, -1.2e-05, 0.0, 0.0, 0.0, 1.0],
                [0.996195, 0.038841, 0.078023, -0.125006, -0.022558, -0.749799, 0.661281, -0.002831, 0.084186, -0.660525, -0.746069, -1.2e-05, 0.0, 0.0, 0.0, 1.0],
