{
    "animation": [
        {
            "name": "Root",
            "time": [0.0, 0.0167, 0.0333, 0.05, 0.0667, 0.0833, 0.1, 0.1167, 0.1333, 0.15, 0.1667, 0.1833, 0.2, 0.2167, 0.2333, 0.25, 0.2667, 0.2833, 0.3, 0.3167, 0.3333, 0.35, 0.3667, 0.3833, 0.4, 0.4167, 0.4333, 0.45, 0.4667, 0.4833, 0.5, 0.5167, 0.5333, 0.55, 0.5667, 0.5833, 0.6, 0.6167, 0.6333, 0.65, 0.6667, 0.6833, 0.7, 0.7167, 0.7333, 0.75, 0.7667, 0.7833, 0.8, 0.8167, 0.8333, 0.85, 0.8667, 0.8833, 0.9, 0.9167, 0.9333, 0.95, 0.9667, 0.9833, 1.0, 1.0167, 1.0333, 1.05, 1.0667, 1.0833, 1.1, 1.1167, 1.1333, 1.15, 1.1667, 1.1833, 1.2, 1.2167, 1.2333, 1.25, 1.2667, 1.2833, 1.3, 1.3167, 1.3333, 1.35, 1.3667, 1.3833, 1.4, 1.4167, 1.4333, 1.45, 1.4667, 1.4833, 1.5, 1.5167, 1.5333, 1.55, 1.5667, 1.5833, 1.6, 1.6167, 1.6333, 1.65, 1.6667, 1.6833, 1.7, 1.7167, 1.7333, 1.75, 1.7667, 1.7833, 1.8, 1.8167, 1.8333, 1.85, 1.8667, 1.8833, 1.9, 1.9167, 1.9333, 1.95, 1.9667, 1.9833, 2.0, 2.0167, 2.0333, 2.05, 2.0667, 2.0833, 2.1, 2.1167, 2.1333, 2.15, 2.1667, 2.1833, 2.2, 2.2167, 2.2333, 2.25, 2.2667, 2.2833, 2.3, 2.3167, 2.3333, 2.35, 2.3667, 2.3833, 2.4, 2.4167, 2.4333, 2.45, 2.4667, 2.4833, 2.5, 2.5167, 2.5333, 2.55, 2.5667, 2.5833, 2.6, 2.6167, 2.6333, 2.65, 2.6667, 2.6833, 2.7, 2.7167, 2.7333, 2.75, 2.7667, 2.7833, 2.8, 2.9333],
            "transform": [
                [0.817755, 0.046171, -0.573712, -5e-06, -0.574675, 0.010022, -0.81832, 0.000946, -0.032033, 0.998883, 0.034729, 0.576725, 0.0, 0.0, 0.0, 1.0],
                [0.817755, 0.046171, -0.573712, 0.000218, -0.574675, 0.010022, -0.81832, 0.010828, -0.032033, 0.998883, 0.034729, 0.581684, 0.0, 0.0, 0.0, 1.0],
                [0.817755, 0.046171, -0.573712, 0.000849, -0.574675, 0.010022, -0.81832, 0.03886, -0.032033, 0.998883, 0.034729, 0.593512, 0.0, 0.0, 0.0, 1.0],
                [0.817755, 0.046171, -0.573712, 0.001835, -0.574675, 0.010022, -0.81832, 0.082623, -0.032033, 0.998883, 0.034729, 0.607628, 0.0, 0.0, 0.0, 1.0],
                [0.817755, 0.046171, -0.573712, 0.003121, -0.574675, 0.010022, -0.81832, 0.139695, -0.032033, 0.998883, 0.034729, 0.619455, 0.0, 0.0, 0.0, 1.0],
                [0.817755, 0.046171, -0.573712, 0.004652, -0.574675, 0.010022, -0.81832, 0.207658, -0.032033, 0.998883, 0.034729, 0.624415, 0.0, 0.0, 0.0, 1.0],
                [0.817755, 0.046171, -0.573712, 0.006374, -0.574675, 0.010022, -0.81832, 0.284091, -0.032033, 0.998883, 0.034729, 0.624415, 0.0, 0.0, 0.0, 1.0],
                [0.817755, 0.046171, -0.573712, 0.008232, -0.574675, 0.010022, -0.81832, 0.366574, -0.032033, 0.998883, 0.034729, 0.624415, 0.0, 0.0, 0.0, 1.0],
                [0.817755, 0.046171, -0.573712, 0.010171, -0.574675, 0.010022, -0.81832, 0.452687, -0.032033, 0.998883, 0.034729, 0.624415, 0.0, 0.0, 0.0, 1.0],
                [0.817755, 0.046171, -0.573712, 0.012138, -0.574675, 0.010022, -0.81832, 0.54001, -0.032033, 0.998883, 0.034729, 0.624415, 0.0, 0.0, 0.0, 1.0],
                [0.817755, 0.046171, -0.573712, 0.014078, -0.574675, 0.010022, -0.81832, 0.626123, -0.032033, 0.998883, 0.034729, 0.624415, 0.0, 0.0, 0.0, 1.0],
                [0.817755, 0.046171, -0.573712, 0.015936, -0.574675, 0.010022, -0.81832, 0.708606, -0.032033, 0.998883, 0.034729, 0.624415, 0.0, 0.0, 0.0, 1.0],
                [0.817755, 0.046171, -0.573712, 0.017658, -0.574675, 0.010022, -0.81832, 0.785038, -0.032033, 0.998883, 0.034729, 0.624415, 0.0, 0.0, 0.0, 1.0],
                [0.82958, 0.048465, -0.556281, 0.019189, -0.55639, -0.012448, -0.830828, 0.853001, -0.047191, 0.998747, 0.016639, 0.624415, 0.0, 0.0, 0.0, 1.0],
                [0.861262, 0.057797, -0.504864, 0.020475, -0.500336, -0.077228, -0.86238, 0.910074, -0.088832, 0.995337, -0.037596, 0.624415, 0.0, 0.0, 0.0, 1.0],
                [0.904537, 0.081407, -0.418553, 0.02146, -0.399563, -0.180892, -0.898681, 0.953836, -0.148872, 0.980128, -0.131096, 0.624415, 0.0, 0.0, 0.0, 1.0],
                [0.94584, 0.130304, -0.297334, 0.022092, -0.244597, -0.316155, -0.916634, 0.981868, -0.213445, 0.939716, -0.26716, 0.624415, 0.0, 0.0, 0.0, 1.0],
                [0.965003, 0.216021, -0.148673, 0.022314, -0.032196, -0.465052, -0.884698, 0.99175, -0.260254, 0.858523, -0.441822, 0.624415, 0.0, 0.0, 0.0, 1.0],
                [0.939261, 0.34315, 0.006052, 0.022289, 0.222397, -0.595118, -0.772253, 0.973208, -0.261397, 0.726693, -0.635287, 0.648338, 0.0, 0.0, 0.0, 1.0],
                [0.855409, 0.500531, 0.133208, 0.022213, 0.479342, -0.667575, -0.569715, 0.919018, -0.196233, 0.551191, -0.810975, 0.714481, 0.0, 0.0, 0.0, 1.0],
                [0.722088, 0.661487, 0.202543, 0.022088, 0.688523, -0.658703, -0.303392, 0.831334, -0.067274, 0.358532, -0.93109, 0.814397, 0.0, 0.0, 0.0, 1.0],
                [0.566799, 0.797935, 0.205033, 0.021917, 0.817859, -0.574943, -0.023383, 0.71231, 0.099224, 0.180942, -0.978476, 0.939645, 0.0, 0.0, 0.0, 1.0],
                [0.418658, 0.895028, 0.153786, 0.021701, 0.866811, -0.444338, 0.22628, 0.564099, 0.27086, 0.038569, -0.961846, 1.081781, 0.0, 0.0, 0.0, 1.0],
                [0.295244, 0.952838, 0.070219, 0.021442, 0.855425, -0.296362, 0.424755, 0.388854, 0.425533, -0.065339, -0.902581, 1.23236, 0.0, 0.0, 0.0, 1.0],
                [0.201926, 0.978998, -0.028092, 0.021142, 0.807162, -0.1501, 0.570929, 0.188731, 0.554722, -0.137961, -0.820519, 1.382939, 0.0, 0.0, 0.0, 1.0],
                [0.137323, 0.981793, -0.131245, 0.020802, 0.739693, -0.01352, 0.672809, -0.034119, 0.658785, -0.189473, -0.728082, 1.525074, 0.0, 0.0, 0.0, 1.0],
                [0.098365, 0.966774, -0.235949, 0.020424, 0.663398, 0.113028, 0.739681, -0.27754, 0.741773, -0.229287, -0.630238, 1.650322, 0.0, 0.0, 0.0, 1.0],
                [0.075275, 0.938068, -0.338173, 0.020011, 0.575515, 0.23608, 0.782974, -0.53938, 0.814319, -0.253562, -0.522102, 1.750239, 0.0, 0.0, 0.0, 1.0],
                [0.060656, 0.899161, -0.433394, 0.019563, 0.469635, 0.357424, 0.807274, -0.817484, 0.880774, -0.252504, -0.400597, 1.816381, 0.0, 0.0, 0.0, 1.0],
                [0.055688, 0.851677, -0.521099, 0.019083, 0.346937, 0.472882, 0.809948, -1.1097, 0.936234, -0.225893, -0.269145, 1.840305, 0.0, 0.0, 0.0, 1.0],
                [0.061343, 0.797329, -0.60042, 0.018573, 0.210074, 0.577765, 0.788706, -1.413872, 0.975759, -0.174514, -0.132056, 1.840044, 0.0, 0.0, 0.0, 1.0],
                [0.078205, 0.73804, -0.670209, 0.018034, 0.063337, 0.667232, 0.742152, -1.727848, 0.994923, -0.100489, 0.005436, 1.838217, 0.0, 0.0, 0.0, 1.0],
                [0.106276, 0.675984, -0.729212, 0.017468, -0.087464, 0.736878, 0.670344, -2.049474, 0.990483, -0.007462, 0.137437, 1.833256, 0.0, 0.0, 0.0, 1.0],
                [0.144855, 0.61348, -0.776312, 0.016877, -0.235483, 0.783418, 0.575156, -2.376596, 0.961023, 0.099494, 0.257946, 1.823597, 0.0, 0.0, 0.0, 1.0],
                [0.192533, 0.552787, -0.810776, 0.016262, -0.373647, 0.805291, 0.460318, -2.70706, 0.907369, 0.214318, 0.361592, 1.807673, 0.0, 0.0, 0.0, 1.0],
                [0.247351, 0.495847, -0.832438, 0.015626, -0.495595, 0.802991, 0.331046, -3.038714, 0.832588, 0.330668, 0.44436, 1.783917, 0.0, 0.0, 0.0, 1.0],
                [0.307066, 0.444048, -0.841743, 0.01497, -0.596499, 0.77898, 0.193337, -3.369401, 0.741552, 0.442731, 0.504073, 1.742433, 0.0, 0.0, 0.0, 1.0],
                [0.369474, 0.398086, -0.839653, 0.014297, -0.67353, 0.737246, 0.05316, -3.69697, 0.640193, 0.54589, 0.540516, 1.677184, 0.0, 0.0, 0.0, 1.0],
                [0.432675, 0.357946, -0.827446, 0.013607, -0.725895, 0.682623, -0.084277, -4.019267, 0.534667, 0.637104, 0.555185, 1.59239, 0.0, 0.0, 0.0, 1.0],
                [0.49525, 0.322992, -0.806476, 0.012903, -0.754493, 0.620101, -0.214978, -4.334137, 0.430661, 0.714948, 0.5508, 1.492271, 0.0, 0.0, 0.0, 1.0],
                [0.556299, 0.292106, -0.77795, 0.012186, -0.761357, 0.554285, -0.336309, -4.639429, 0.332967, 0.779386, 0.530745, 1.381048, 0.0, 0.0, 0.0, 1.0],
                [0.615393, 0.263827, -0.742756, 0.011458, -0.749064, 0.489058, -0.446906, -4.932987, 0.245345, 0.831395, 0.498586, 1.262941, 0.0, 0.0, 0.0, 1.0],
                [0.672443, 0.23645, -0.701364, 0.010722, -0.720218, 0.42746, -0.54641, -5.212656, 0.170606, 0.872564, 0.457739, 1.142171, 0.0, 0.0, 0.0, 1.0],
                [0.72713, 0.210885, -0.653307, 0.009978, -0.677949, 0.370321, -0.635018, -5.476286, 0.108017, 0.904649, 0.412241, 1.022958, 0.0, 0.0, 0.0, 1.0],
                [0.77798, 0.18918, -0.599131, 0.009229, -0.625861, 0.317101, -0.712562, -5.721721, 0.055183, 0.929332, 0.365099, 0.909523, 0.0, 0.0, 0.0, 1.0],
                [0.82357, 0.171162, -0.540774, 0.008476, -0.567094, 0.268192, -0.778767, -5.946808, 0.011736, 0.948038, 0.31794, 0.806085, 0.0, 0.0, 0.0, 1.0],
                [0.862854, 0.156599, -0.480582, 0.007722, -0.504936, 0.224053, -0.833571, -6.149393, -0.02286, 0.961913, 0.272397, 0.716866, 0.0, 0.0, 0.0, 1.0],
                [0.895242, 0.145182, -0.421264, 0.006967, -0.442839, 0.185208, -0.877264, -6.327321, -0.049342, 0.971916, 0.230098, 0.646086, 0.0, 0.0, 0.0, 1.0],
                [0.920626, 0.136538, -0.365794, 0.006214, -0.384364, 0.15222, -0.910546, -6.478442, -0.068643, 0.97887, 0.192618, 0.597965, 0.0, 0.0, 0.0, 1.0],
                [0.939337, 0.130257, -0.317299, 0.005465, -0.333085, 0.125663, -0.934486, -6.600597, -0.08185, 0.983485, 0.161426, 0.576725, 0.0, 0.0, 0.0, 1.0],
                [0.952013, 0.125957, -0.278935, 0.004722, -0.292489, 0.106093, -0.950365, -6.691636, -0.090112, 0.986346, 0.137843, 0.570573, 0.0, 0.0, 0.0, 1.0],
                [0.959357, 0.123374, -0.253796, 0.003985, -0.2659, 0.094029, -0.959404, -6.749405, -0.094501, 0.987895, 0.123013, 0.564895, 0.0, 0.0, 0.0, 1.0],
                [0.961806, 0.122468, -0.244808, 0.003258, -0.256403, 0.089924, -0.962378, -6.771749, -0.095846, 0.98839, 0.11789, 0.55967, 0.0, 0.0, 0.0, 1.0],
                [0.961806, 0.122468, -0.244808, 0.002541, -0.256403, 0.089924, -0.962378, -6.775496, -0.095846, 0.98839, 0.11789, 0.554881, 0.0, 0.0, 0.0, 1.0],
                [0.961806, 0.122468, -0.244808, 0.001836, -0.256403, 0.089924, -0.962378, -6.778917, -0.095846, 0.98839, 0.11789, 0.550508, 0.0, 0.0, 0.0, 1.0],
                [0.961806, 0.122468, -0.244808, 0.001147, -0.256403, 0.089924, -0.962378, -6.782028, -0.095846, 0.98839, 0.11789, 0.546532, 0.0, 0.0, 0.0, 1.0],
                [0.961806, 0.122468, -0.244808, 0.000473, -0.256403, 0.089924, -0.962378, -6.784842, -0.095846, 0.98839, 0.11789, 0.542934, 0.0, 0.0, 0.0, 1.0],
                [0.961806, 0.122468, -0.244808, -0.000183, -0.256403, 0.089924, -0.962378, -6.787376, -0.095846, 0.98839, 0.11789, 0.539696, 0.0, 0.0, 0.0, 1.0],
                [0.961806, 0.122468, -0.244808, -0.000819, -0.256403, 0.089924, -0.962378, -6.789643, -0.095846, 0.98839, 0.11789, 0.536799, 0.0, 0.0, 0.0, 1.0],
                [0.961806, 0.122468, -0.244808, -0.001433, -0.256403, 0.089924, -0.962378, -6.791658, -0.095846, 0.98839, 0.11789, 0.534223, 0.0, 0.0, 0.0, 1.0],
                [0.961806, 0.122468, -0.244808, -0.002025, -0.256403, 0.089924, -0.962378, -6.793437, -0.095846, 0.98839, 0.11789, 0.531949, 0.0, 0.0, 0.0, 1.0],
                [0.961806, 0.122468, -0.244808, -0.002591, -0.256403, 0.089924, -0.962378, -6.794993, -0.095846, 0.98839, 0.11789, 0.52996, 0.0, 0.0, 0.0, 1.0],
                [0.961806, 0.122468, -0.244808, -0.00313, -0.256403, 0.089924, -0.962378, -6.796342, -0.095846, 0.98839, 0.11789, 0.528235, 0.0, 0.0, 0.0, 1.0],
                [0.961806, 0.122468, -0.244808, -0.00364, -0.256403, 0.089924, -0.962378, -6.797499, -0.095846, 0.98839, 0.11789, 0.526756, 0.0, 0.0, 0.0, 1.0],
                [0.961806, 0.122468, -0.244808, -0.00412, -0.256403, 0.089924, -0.962378, -6.798479, -0.095846, 0.98839, 0.11789, 0.525505, 0.0, 0.0, 0.0, 1.0],
                [0.961806, 0.122468, -0.244808, -0.004567, -0.256403, 0.089924, -0.962378, -6.799295, -0.095846, 0.98839, 0.11789, 0.524461, 0.0, 0.0, 0.0, 1.0],
                [0.961806, 0.122468, -0.244808, -0.004981, -0.256403, 0.089924, -0.962378, -6.799964, -0.095846, 0.98839, 0.11789, 0.523607, 0.0, 0.0, 0.0, 1.0],
                [0.961806, 0.122468, -0.244808, -0.005358, -0.256403, 0.089924, -0.962378, -6.800498, -0.095846, 0.98839, 0.11789, 0.522922, 0.0, 0.0, 0.0, 1.0],
                [0.961806, 0.122468, -0.244808, -0.005698, -0.256403, 0.089924, -0.962378, -6.800916, -0.095846, 0.98839, 0.11789, 0.52239, 0.0, 0.0, 0.0, 1.0],
                [0.961806, 0.122468, -0.244808, -0.005999, -0.256403, 0.089924, -0.962378, -6.801229, -0.095846, 0.98839, 0.11789, 0.521989, 0.0, 0.0, 0.0, 1.0],
                [0.961806, 0.122468, -0.244808, -0.006258, -0.256403, 0.089924, -0.962378, -6.801454, -0.095846, 0.98839, 0.11789, 0.521702, 0.0, 0.0, 0.0, 1.0],
                [0.961806, 0.122468, -0.244808, -0.006474, -0.256403, 0.089924, -0.962378, -6.801604, -0.095846, 0.98839, 0.11789, 0.52151, 0.0, 0.0, 0.0, 1.0],
                [0.961806, 0.122468, -0.244808, -0.006645, -0.256403, 0.089924, -0.962378, -6.801695, -0.095846, 0.98839, 0.11789, 0.521393, 0.0, 0.0, 0.0, 1.0],
                [0.961806, 0.122468, -0.244808, -0.006769, -0.256403, 0.089924, -0.962378, -6.801743, -0.095846, 0.98839, 0.11789, 0.521333, 0.0, 0.0, 0.0, 1.0],
                [0.961806, 0.122468, -0.244808, -0.006845, -0.256403, 0.089924, -0.962378, -6.80176, -0.095846, 0.98839, 0.11789, 0.521311, 0.0, 0.0, 0.0, 1.0],
                [0.961806, 0.122468, -0.244808, -0.006871, -0.256403, 0.089924, -0.962378, -6.801762, -0.095846, 0.98839, 0.11789, 0.521308, 0.0, 0.0, 0.0, 1.0],
                [0.961806, 0.122468, -0.244808, -0.006871, -0.256403, 0.089924, -0.962378, -6.801762, -0.095846, 0.98839, 0.11789, 0.521308, 0.0, 0.0, 0.0, 1.0],
                [0.961806, 0.122468, -0.244808, -0.006871, -0.256403, 0.089924, -0.962378, -6.801762, -0.095846, 0.98839, 0.11789, 0.521308, 0.0, 0.0, 0.0, 1.0],
                [0.961806, 0.122468, -0.244808, -0.006871, -0.256403, 0.089924, -0.962378, -6.801762, -0.095846, 0.98839, 0.11789, 0.521308, 0.0, 0.0, 0.0, 1.0],
                [0.961806, 0.122468, -0.244808, -0.006871, -0.256403, 0.089924, -0.962378, -6.801762, -0.095846, 0.98839, 0.11789, 0.521308, 0.0, 0.0, 0.0, 1.0],
                [0.961806, 0.122468, -0.244808, -0.006871, -0.256403, 0.089924, -0.962378, -6.801762, -0.095846, 0.98839, 0.11789, 0.521308, 0.0, 0.0, 0.0, 1.0],
                [0.961806, 0.122468, -0.244808, -0.006871, -0.256403, 0.089924, -0.962378, -6.801762, -0.095846, 0.98839, 0.11789, 0.521308, 0.0, 0.0, 0.0, 1.0],
                [0.961806, 0.122468, -0.244808, -0.006871, -0.256403, 0.089924, -0.962378, -6.801762, -0.095846, 0.98839, 0.11789, 0.521308, 0.0, 0.0, 0.0, 1.0],
                [0.961806, 0.122468, -0.244808, -0.006871, -0.256403, 0.089924, -0.962378, -6.801762, -0.095846, 0.98839, 0.11789, 0.521308, 0.0, 0.0, 0.0, 1.0],
                [0.961806, 0.122468, -0.244808, -0.006871, -0.256403, 0.089924, -0.962378, -6.801762, -0.095846, 0.98839, 0.11789, 0.521308, 0.0, 0.0, 0.0, 1.0],
                [0.961806, 0.122468, -0.244808, -0.006871, -0.256403, 0.089924, -0.962378, -6.801762, -0.095846, 0.98839, 0.11789, 0.521308, 0.0, 0.0, 0.0, 1.0],
                [0.961806, 0.122468, -0.244808, -0.006871, -0.256403, 0.089924, -0.962378, -6.801762, -0.095846, 0.98839, 0.11789, 0.521308, 0.0, 0.0, 0.0, 1.0],
                [0.961806, 0.122468, -0.244808, -0.006871, -0.256403, 0.089924, -0.962378, -6.801762, -0.095846, 0.98839, 0.11789, 0.521308, 0.0, 0.0, 0.0, 1.0],
                [0.961806, 0.122468, -0.244808, -0.006871, -0.256403, 0.089924, -0.962378, -6.801762, -0.095846, 0.98839, 0.11789, 0.521308, 0.0, 0.0, 0.0, 1.0],
                [0.961806, 0.122468, -0.244808, -0.006871, -0.256403, 0.089924, -0.962378, -6.801762, -0.095846, 0.98839, 0.11789, 0.521308, 0.0, 0.0, 0.0, 1.0],
                [0.961806, 0.122468, -0.244808, -0.006871, -0.256403, 0.089924, -0.962378, -6.801762, -0.095846, 0.98839, 0.11789, 0.521308, 0.0, 0.0, 0.0, 1.0],
                [0.961806, 0.122468, -0.244808, -0.006871, -0.256403, 0.089924, -0.962378, -6.801762, -0.095846, 0.98839, 0.11789, 0.521308, 0.0, 0.0, 0.0, 1.0],
                [0.961806, 0.122468, -0.244808, -0.006871, -0.256403, 0.089924, -0.962378, -6.801762, -0.095846, 0.98839, 0.11789, 0.521308, 0.0, 0.0, 0.0, 1.0],
                [0.961806, 0.122468, -0.244808, -0.006871, -0.256403, 0.089924, -0.962378, -6.801762, -0.095846, 0.98839, 0.11789, 0.521308, 0.0, 0.0, 0.0, 1.0],
                [0.961806, 0.122468, -0.244808, -0.006871, -0.256403, 0.089924, -0.962378, -6.801762, -0.095846, 0.98839, 0.11789, 0.521308, 0.0, 0.0, 0.0, 1.0],
                [0.961806, 0.122468, -0.244808, -0.006871, -0.256403, 0.089924, -0.962378, -6.801762, -0.095846, 0.98839, 0.11789, 0.521308, 0.0, 0.0, 0.0, 1.0],
                [0.961806, 0.122468, -0.244808, -0.006871, -0.256403, 0.089924, -0.962378, -6.801762, -0.095846, 0.98839, 0.11789, 0.521308, 0.0, 0.0, 0.0, 1.0],
                [0.961806, 0.122468, -0.244808, -0.006871, -0.256403, 0.089924, -0.962378, -6.801762, -0.095846, 0.98839, 0.11789, 0.521308, 0.0, 0.0, 0.0, 1.0],
                [0.961806, 0.122468, -0.244808, -0.006871, -0.256403, 0.089924, -0.962378, -6.801762, -0.095846, 0.98839, 0.11789, 0.521308, 0.0, 0.0, 0.0, 1.0],
                [0.961806, 0.122468, -0.244808, -0.006871, -0.256403, 0.089924, -0.962378, -6.801762, -0.095846, 0.98839, 0.11789, 0.521308, 0.0, 0.0, 0.0, 1.0],
                [0.961806, 0.122468, -0.244808, -0.006871, -0.256403, 0.089924, -0.962378, -6.801762, -0.095846, 0.98839, 0.11789, 0.521308, 0.0, 0.0, 0.0, 1.0],
                [0.961806, 0.122468, -0.244808, -0.006871, -0.256403, 0.089924, -0.962378, -6.801762, -0.095846, 0.98839, 0.11789, 0.521308, 0.0, 0.0, 0.0, 1.0],
                [0.961806, 0.122468, -0.244808, -0.006871, -0.256403, 0.089924, -0.962378, -6.801762, -0.095846, 0.98839, 0.11789, 0.521308, 0.0, 0.0, 0.0, 1.0],
                [0.961806, 0.122468, -0.244808, -0.006871, -0.256403, 0.089924, -0.962378, -6.801762, -0.095846, 0.98839, 0.11789, 0.521308, 0.0, 0.0, 0.0, 1.0],
                [0.961806, 0.122468, -0.244808, -0.006871, -0.256403, 0.089924, -0.962378, -6.801762, -0.095846, 0.98839, 0.11789, 0.521308, 0.0, 0.0, 0.0, 1.0],
                [0.961806, 0.122468, -0.244808, -0.006871, -0.256403, 0.089924, -0.962378, -6.801762, -0.095846, 0.98839, 0.11789, 0.521308, 0.0, 0.0, 0.0, 1.0],
                [0.961806, 0.122468, -0.244808, -0.006871, -0.256403, 0.089924, -0.962378, -6.801762, -0.095846, 0.98839, 0.11789, 0.521308, 0.0, 0.0, 0.0, 1.0],
                [0.961806, 0.122468, -0.244808, -0.006871, -0.256403, 0.089924, -0.962378, -6.801762, -0.095846, 0.98839, 0.11789, 0.521308, 0.0, 0.0, 0.0, 1.0],
                [0.961806, 0.122468, -0.244808, -0.006871, -0.256403, 0.089924, -0.962378, -6.801762, -0.095846, 0.98839, 0.11789, 0.521308, 0.0, 0.0, 0.0, 1.0],
                [0.961806, 0.122468, -0.244808, -0.006871, -0.256403, 0.089924, -0.962378, -6.801762, -0.095846, 0.98839, 0.11789, 0.521308, 0.0, 0.0, 0.0, 1.0],
                [0.961806, 0.122468, -0.244808, -0.006871, -0.256403, 0.089924, -0.962378, -6.801762, -0.095846, 0.98839, 0.11789, 0.521308, 0.0, 0.0, 0.0, 1.0],
                [0.961806, 0.122468, -0.244808, -0.006871, -0.256403, 0.089924, -0.962378, -6.801762, -0.095846, 0.98839, 0.11789, 0.521308, 0.0, 0.0, 0.0, 1.0],
                [0.961806, 0.122468, -0.244808, -0.006871, -0.256403, 0.089924, -0.962378, -6.801762, -0.095846, 0.98839, 0.11789, 0.521308, 0.0, 0.0, 0.0, 1.0],
                [0.961806, 0.122468, -0.244808, -0.006871, -0.256403, 0.089924, -0.962378, -6.801762, -0.095846, 0.98839, 0.11789, 0.521308, 0.0, 0.0, 0.0, 1.0],
                [0.961806, 0.122468, -0.244808, -0.006871, -0.256403, 0.089924, -0.962378, -6.801762, -0.095846, 0.98839, 0.11789, 0.521308, 0.0, 0.0, 0.0, 1.0],
                [0.961806, 0.122468, -0.244808, -0.006871, -0.256403, 0.089924, -0.962378, -6.801762, -0.095846, 0.98839, 0.11789, 0.521308, 0.0, 0.0, 0.0, 1.0],
                [0.961806, 0.122468, -0.244808, -0.006871, -0.256403, 0.089924, -0.962378, -6.801762, -0.095846, 0.98839, 0.11789, 0.521308, 0.0, 0.0, 0.0, 1.0],
                [0.961806, 0.122468, -0.244808, -0.006871, -0.256403, 0.089924, -0.962378, -6.801762, -0.095846, 0.98839, 0.11789, 0.521308, 0.0, 0.0, 0.0, 1.0],
                [0.961806, 0.122468, -0.244808, -0.006871, -0.256403, 0.089924, -0.962378, -6.801762, -0.095846, 0.98839, 0.11789, 0.521308, 0.0, 0.0, 0.0, 1.0],
                [0.961806, 0.122468, -0.244808, -0.006871, -0.256403, 0.089924, -0.962378, -6.801762, -0.095846, 0.98839, 0.11789, 0.521308, 0.0, 0.0, 0.0, 1.0],
                [0.961806, 0.122468, -0.244808, -0.006871, -0.256403, 0.089924, -0.962378, -6.801762, -0.095846, 0.98839, 0.11789, 0.521308, 0.0, 0.0, 0.0, 1.0],
                [0.961806, 0.122468, -0.244808, -0.006871, -0.256403, 0.089924, -0.962378, -6.801762, -0.095846, 0.98839, 0.11789, 0.521308, 0.0, 0.0, 0.0, 1.0],
                [0.961806, 0.122468, -0.244808, -0.006871, -0.256403, 0.089924, -0.962378, -6.801762, -0.095846, 0.98839, 0.11789, 0.521308, 0.0, 0.0, 0.0, 1.0],
                [0.961806, 0.122468, -0.244808, -0.006871, -0.256403, 0.089924, -0.962378, -6.801762, -0.095846, 0.98839, 0.11789, 0.521308, 0.0, 0.0, 0.0, 1.0],
                [0.961806, 0.122468, -0.244808, -0.006871, -0.256403, 0.089924, -0.962378, -6.801762, -0.095846, 0.98839, 0.11789, 0.521308, 0.0, 0.0, 0.0, 1.0],
                [0.961806, 0.122468, -0.244808, -0.006871, -0.256403, 0.089924, -0.962378, -6.801762, -0.095846, 0.98839, 0.11789, 0.521308, 0.0, 0.0, 0.0, 1.0],
                [0.961806, 0.122468, -0.244808, -0.006871, -0.256403, 0.089924, -0.962378, -6.801762, -0.095846, 0.98839, 0.11789, 0.521308, 0.0, 0.0, 0.0, 1.0],
                [0.961806, 0.122468, -0.244808, -0.006871, -0.256403, 0.089924, -0.962378, -6.801762, -0.095846, 0.98839, 0.11789, 0.521308, 0.0, 0.0, 0.0, 1.0],
                [0.961806, 0.122468, -0.244808, -0.006871, -0.256403, 0.089924, -0.962378, -6.801762, -0.095846, 0.98839, 0.11789, 0.521308, 0.0, 0.0, 0.0, 1.0],
                [0.961942, 0.122288, -0.244364, -0.006853, -0.255921, 0.089758, -0.962522, -6.80112, -0.095772, 0.988428, 0.117638, 0.521756, 0.0, 0.0, 0.0, 1.0],
                [0.962339, 0.121763, -0.24306, -0.006801, -0.254508, 0.089271, -0.962942, -6.799238, -0.095553, 0.988536, 0.116899, 0.523067, 0.0, 0.0, 0.0, 1.0],
                [0.962979, 0.120912, -0.240941, -0.006716, -0.25221, 0.088478, -0.963619, -6.796181, -0.095195, 0.988712, 0.115698, 0.525198, 0.0, 0.0, 0.0, 1.0],
                [0.963843, 0.119754, -0.238047, -0.006601, -0.249076, 0.087394, -0.964533, -6.792014, -0.094702, 0.98895, 0.114062, 0.528103, 0.0, 0.0, 0.0, 1.0],
                [0.964909, 0.118309, -0.234422, -0.006456, -0.245153, 0.086032, -0.96566, -6.786803, -0.094079, 0.989243, 0.112017, 0.531735, 0.0, 0.0, 0.0, 1.0],
                [0.966155, 0.116599, -0.230105, -0.006284, -0.240487, 0.084406, -0.966975, -6.780612, -0.093326, 0.989586, 0.10959, 0.53605, 0.0, 0.0, 0.0, 1.0],
                [0.967558, 0.114645, -0.225138, -0.006087, -0.235126, 0.082528, -0.968455, -6.773508, -0.092448, 0.989973, 0.106807, 0.541002, 0.0, 0.0, 0.0, 1.0],
                [0.969094, 0.112468, -0.219562, -0.005867, -0.229115, 0.080412, -0.970072, -6.765555, -0.091446, 0.990396, 0.103695, 0.546545, 0.0, 0.0, 0.0, 1.0],
                [0.970739, 0.110088, -0.213416, -0.005624, -0.222503, 0.07807, -0.971801, -6.756818, -0.090322, 0.990851, 0.100281, 0.552634, 0.0, 0.0, 0.0, 1.0],
                [0.972469, 0.107529, -0.206742, -0.005362, -0.215336, 0.075516, -0.973616, -6.747364, -0.089079, 0.99133, 0.096592, 0.559224, 0.0, 0.0, 0.0, 1.0],
                [0.974259, 0.10481, -0.199583, -0.005081, -0.207663, 0.072762, -0.975491, -6.737257, -0.087719, 0.991827, 0.092655, 0.566269, 0.0, 0.0, 0.0, 1.0],
                [0.976089, 0.101954, -0.191979, -0.004785, -0.19953, 0.069823, -0.977401, -6.726562, -0.086246, 0.992336, 0.088497, 0.573723, 0.0, 0.0, 0.0, 1.0],
                [0.977934, 0.098982, -0.183975, -0.004474, -0.190988, 0.066713, -0.979323, -6.715345, -0.084662, 0.99285, 0.084145, 0.581542, 0.0, 0.0, 0.0, 1.0],
                [0.979776, 0.095913, -0.175614, -0.00415, -0.182086, 0.063446, -0.981234, -6.703672, -0.082972, 0.993366, 0.079627, 0.589679, 0.0, 0.0, 0.0, 1.0],
                [0.981593, 0.09277, -0.16694, -0.003815, -0.172873, 0.060038, -0.983113, -6.691606, -0.081181, 0.993876, 0.07497, 0.598088, 0.0, 0.0, 0.0, 1.0],
                [0.983368, 0.089572, -0.157999, -0.003471, -0.163399, 0.056506, -0.984941, -6.679214, -0.079295, 0.994376, 0.070202, 0.606726, 0.0, 0.0, 0.0, 1.0],
                [0.985085, 0.086338, -0.148838, -0.00312, -0.153715, 0.052865, -0.9867, -6.666561, -0.077321, 0.994862, 0.065348, 0.615545, 0.0, 0.0, 0.0, 1.0],
                [0.98673, 0.083087, -0.139503, -0.002764, -0.143873, 0.049134, -0.988376, -6.653712, -0.075267, 0.99533, 0.060436, 0.624501, 0.0, 0.0, 0.0, 1.0],
                [0.988289, 0.079839, -0.130042, -0.002404, -0.133923, 0.045331, -0.989954, -6.640733, -0.073142, 0.995777, 0.055492, 0.633548, 0.0, 0.0, 0.0, 1.0],
                [0.989752, 0.07661, -0.120505, -0.002042, -0.123919, 0.041474, -0.991425, -6.627689, -0.070955, 0.996198, 0.050543, 0.64264, 0.0, 0.0, 0.0, 1.0],
                [0.991112, 0.073418, -0.110939, -0.00168, -0.11391, 0.037585, -0.99278, -6.614644, -0.068718, 0.996593, 0.045614, 0.651732, 0.0, 0.0, 0.0, 1.0],
                [0.992361, 0.070279, -0.101396, -0.00132, -0.10395, 0.033682, -0.994012, -6.601665, -0.066442, 0.996959, 0.040731, 0.660779, 0.0, 0.0, 0.0, 1.0],
                [0.993495, 0.067208, -0.091925, -0.000963, -0.094091, 0.029788, -0.995118, -6.588816, -0.064142, 0.997294, 0.035918, 0.669735, 0.0, 0.0, 0.0, 1.0],
                [0.994513, 0.064221, -0.082578, -0.000612, -0.084383, 0.025924, -0.996096, -6.576163, -0.061829, 0.997599, 0.031201, 0.678554, 0.0, 0.0, 0.0, 1.0],
                [0.995415, 0.061331, -0.073404, -0.000268, -0.07488, 0.022112, -0.996947, -6.563771, -0.05952, 0.997873, 0.026603, 0.687191, 0.0, 0.0, 0.0, 1.0],
                [0.996201, 0.058551, -0.064456, 6.6e-05, -0.065631, 0.018375, -0.997675, -6.551705, -0.05723, 0.998115, 0.022147, 0.695601, 0.0, 0.0, 0.0, 1.0],
                [0.996877, 0.055894, -0.055784, 0.00039, -0.056689, 0.014735, -0.998283, -6.540031, -0.054976, 0.998328, 0.017857, 0.703738, 0.0, 0.0, 0.0, 1.0],
                [0.997447, 0.053371, -0.04744, 0.000701, -0.048104, 0.011217, -0.998779, -6.528815, -0.052774, 0.998512, 0.013755, 0.711556, 0.0, 0.0, 0.0, 1.0],
                [0.997918, 0.050994, -0.039475, 0.000998, -0.039926, 0.007843, -0.999172, -6.51812, -0.050643, 0.998668, 0.009863, 0.719011, 0.0, 0.0, 0.0, 1.0],
                [0.998299, 0.048774, -0.03194, 0.001278, -0.032204, 0.004638, -0.999471, -6.508013, -0.0486, 0.998799, 0.006201, 0.726055, 0.0, 0.0, 0.0, 1.0],
                [0.998598, 0.046719, -0.024885, 0.001541, -0.024989, 0.001626, -0.999686, -6.498559, -0.046664, 0.998907, 0.002792, 0.732645, 0.0, 0.0, 0.0, 1.0],
                [0.998825, 0.04484, -0.018362, 0.001783, -0.018328, -0.001169, -0.999831, -6.489822, -0.044853, 0.998994, -0.000346, 0.738735, 0.0, 0.0, 0.0, 1.0],
                [0.998992, 0.043145, -0.01242, 0.002004, -0.012271, -0.003723, -0.999918, -6.481869, -0.043188, 0.999062, -0.00319, 0.744278, 0.0, 0.0, 0.0, 1.0],
                [0.999107, 0.041645, -0.00711, 0.002201, -0.006866, -0.006012, -0.999958, -6.474764, -0.041686, 0.999114, -0.005721, 0.74923, 0.0, 0.0, 0.0, 1.0],
                [0.999183, 0.040349, -0.002482, 0.002373, -0.00216, -0.008013, -0.999966, -6.468574, -0.040367, 0.999154, -0.00792, 0.753545, 0.0, 0.0, 0.0, 1.0],
                [0.999228, 0.039264, 0.001416, 0.002517, 0.001798, -0.009702, -0.999951, -6.463363, -0.039249, 0.999182, -0.009765, 0.757177, 0.0, 0.0, 0.0, 1.0],
                [0.999252, 0.038403, 0.004532, 0.002633, 0.00496, -0.011054, -0.999927, -6.459196, -0.03835, 0.999201, -0.011237, 0.760081, 0.0, 0.0, 0.0, 1.0],
                [0.999263, 0.037773, 0.006819, 0.002718, 0.007279, -0.012048, -0.999901, -6.456139, -0.037687, 0.999214, -0.012314, 0.762212, 0.0, 0.0, 0.0, 1.0],
                [0.999267, 0.037387, 0.008228, 0.00277, 0.008706, -0.012661, -0.999882, -6.454257, -0.037278, 0.999221, -0.012977, 0.763524, 0.0, 0.0, 0.0, 1.0],
                [0.999268, 0.037255, 0.008708, 0.002788, 0.009193, -0.01287, -0.999875, -6.453615, -0.037138, 0.999223, -0.013203, 0.763972, 0.0, 0.0, 0.0, 1.0],
                [0.999268, 0.037255, 0.008708, 0.002788, 0.009193, -0.01287, -0.999875, -6.453615, -0.037138, 0.999223, -0.013203, 0.763972, 0.0, 0.0, 0.0, 1.0]
            ]
        },
        {
            "name": "Thigh_R",
            "time": [0.0, 0.0167, 0.0333, 0.05, 0.0667, 0.0833, 0.1, 0.1167, 0.1333, 0.15, 0.1667, 0.1833, 0.2, 0.2167, 0.2333, 0.25, 0.2667, 0.2833, 0.3, 0.3167, 0.3333, 0.35, 0.3667, 0.3833, 0.4, 0.4167, 0.4333, 0.45, 0.4667, 0.4833, 0.5, 0.5167, 0.5333, 0.55, 0.5667, 0.5833, 0.6, 0.6167, 0.6333, 0.65, 0.6667, 0.6833, 0.7, 0.7167, 0.7333, 0.75, 0.7667, 0.7833, 0.8, 0.8167, 0.8333, 0.85, 0.8667, 0.8833, 0.9, 0.9167, 0.9333, 0.95, 0.9667, 0.9833, 1.0, 1.0167, 1.0333, 1.05, 1.0667, 1.0833, 1.1, 1.1167, 1.1333, 1.15, 1.1667, 1.1833, 1.2, 1.2167, 1.2333, 1.25, 1.2667, 1.2833, 1.3, 1.3167, 1.3333, 1.35, 1.3667, 1.3833, 1.4, 1.4167, 1.4333, 1.45, 1.4667, 1.4833, 1.5, 1.5167, 1.5333, 1.55, 1.5667, 1.5833, 1.6, 1.6167, 1.6333, 1.65, 1.6667, 1.6833, 1.7, 1.7167, 1.7333, 1.75, 1.7667, 1.7833, 1.8, 1.8167, 1.8333, 1.85, 1.8667, 1.8833, 1.9, 1.9167, 1.9333, 1.95, 1.9667, 1.9833, 2.0, 2.0167, 2.0333, 2.05, 2.0667, 2.0833, 2.1, 2.1167, 2.1333, 2.15, 2.1667, 2.1833, 2.2, 2.2167, 2.2333, 2.25, 2.2667, 2.2833, 2.3, 2.3167, 2.3333, 2.35, 2.3667, 2.3833, 2.4, 2.4167, 2.4333, 2.45, 2.4667, 2.4833, 2.5, 2.5167, 2.5333, 2.55, 2.5667, 2.5833, 2.6, 2.6167, 2.6333, 2.65, 2.6667, 2.6833, 2.7, 2.7167, 2.7333, 2.75, 2.7667, 2.7833, 2.8, 2.9333],
            "transform": [
                [0.994783, -0.047816, 0.090114, 0.124994, 0.016506, -0.796259, -0.60473, -0.002831, 0.10067, 0.603063, -0.791316, -1.2e-05, 0.0, 0.0, 0.0, 1.0],
                [0.994809, -0.044395, 0.091568, 0.124994, 0.017221, -0.813399, -0.581451, -0.002831, 0.100295, 0.580009, -0.808412, -1.2e-05, 0.0, 0.0, 0.0, 1.0],
                [0.994849, -0.035804, 0.094828, 0.124994, 0.018688, -0.854708, -0.518772, -0.002831, 0.099625, 0.517872, -0.849637, -1.2e-05, 0.0, 0.0, 0.0, 1.0],
                [0.994862, -0.024573, 0.098213, 0.124994, 0.019853, -0.903911, -0.42726, -0.002831, 0.099275, 0.427014, -0.898779, -1.2e-05, 0.0, 0.0, 0.0, 1.0],
                [0.994835, -0.013432, 0.100611, 0.124994, 0.019546, -0.947303, -0.319742, -0.002831, 0.099604, 0.320057, -0.942148, -1.2e-05, 0.0, 0.0, 0.0, 1.0],
                [0.994783, -0.005253, 0.101879, 0.124994, 0.016506, -0.977226, -0.211558, -0.002831, 0.10067, 0.212136, -0.972041, -1.2e-05, 0.0, 0.0, 0.0, 1.0],
                [0.995176, 0.000331, 0.0981, 0.124955, 0.011703, -0.993254, -0.115367, -0.002829, 0.0974, 0.115958, -0.988467, -0.000483, 0.0, 0.0, 0.0, 1.0],
                [0.996296, 0.004891, 0.085853, 0.124832, 0.007731, -0.999433, -0.032774, -0.002819, 0.085644, 0.033317, -0.995768, -0.001836, 0.0, 0.0, 0.0, 1.0],
                [0.99776, 0.007758, 0.066445, 0.124614, 0.005297, -0.999296, 0.037136, -0.002791, 0.066686, -0.036701, -0.997099, -0.003977, 0.0, 0.0, 0.0, 1.0],
                [0.999116, 0.00867, 0.041138, 0.124292, 0.0047, -0.995404, 0.095645, -0.002737, 0.041778, -0.095367, -0.994565, -0.006813, 0.0, 0.0, 0.0, 1.0],
                [0.999908, 0.007644, 0.011171, 0.123856, 0.005955, -0.989538, 0.144149, -0.002648, 0.012156, -0.14407, -0.989493, -0.010252, 0.0, 0.0, 0.0, 1.0],
                [0.999742, 0.004883, -0.022196, 0.123295, 0.008887, -0.982876, 0.184055, -0.002515, -0.020917, -0.184204, -0.982665, -0.014202, 0.0, 0.0, 0.0, 1.0],
                [0.998337, 0.000707, -0.057637, 0.1226, 0.013204, -0.97614, 0.21674, -0.00233, -0.056109, -0.217141, -0.974526, -0.018568, 0.0, 0.0, 0.0, 1.0],
                [0.995588, -0.004498, -0.093721, 0.121761, 0.018547, -0.969707, 0.243567, -0.002083, -0.091978, -0.24423, -0.965345, -0.023259, 0.0, 0.0, 0.0, 1.0],
                [0.991605, -0.010322, -0.128895, 0.120767, 0.024532, -0.963688, 0.265902, -0.001767, -0.126959, -0.266832, -0.955344, -0.028181, 0.0, 0.0, 0.0, 1.0],
                [0.986739, -0.01636, -0.161487, 0.119608, 0.030782, -0.957991, 0.285141, -0.001371, -0.159368, -0.286331, -0.944784, -0.033241, 0.0, 0.0, 0.0, 1.0],
                [0.981583, -0.022232, -0.18974, 0.118275, 0.036945, -0.952364, 0.302718, -0.000888, -0.187431, -0.304152, -0.934003, -0.038348, 0.0, 0.0, 0.0, 1.0],
                [0.976913, -0.027582, -0.211848, 0.116758, 0.042692, -0.946425, 0.320089, -0.000309, -0.209327, -0.321744, -0.923398, -0.043408, 0.0, 0.0, 0.0, 1.0],
                [0.973597, -0.032053, -0.226013, 0.115045, 0.047692, -0.939683, 0.338706, 0.000376, -0.223237, -0.340542, -0.913344, -0.048328, 0.0, 0.0, 0.0, 1.0],
                [0.972433, -0.03524, -0.230504, 0.113129, 0.051562, -0.931549, 0.35994, 0.001174, -0.22741, -0.361903, -0.904053, -0.053016, 0.0, 0.0, 0.0, 1.0],
                [0.973114, -0.037044, -0.227324, 0.111003, 0.054916, -0.921199, 0.385197, 0.002246, -0.22368, -0.387325, -0.894397, -0.057396, 0.0, 0.0, 0.0, 1.0],
                [0.974789, -0.037612, -0.219934, 0.108688, 0.058472, -0.908182, 0.41447, 0.003719, -0.215329, -0.416881, -0.883088, -0.061462, 0.0, 0.0, 0.0, 1.0],
                [0.977246, -0.03682, -0.208887, 0.106209, 0.061898, -0.892446, 0.446888, 0.005553, -0.202875, -0.449649, -0.86986, -0.065225, 0.0, 0.0, 0.0, 1.0],
                [0.980243, -0.034554, -0.194755, 0.103589, 0.06487, -0.874003, 0.481571, 0.007708, -0.186857, -0.484691, -0.854494, -0.068697, 0.0, 0.0, 0.0, 1.0],
                [0.983528, -0.030736, -0.178124, 0.100855, 0.067093, -0.852962, 0.517643, 0.010144, -0.167843, -0.521067, -0.83685, -0.07189, 0.0, 0.0, 0.0, 1.0],
                [0.986858, -0.02534, -0.159588, 0.09803, 0.068329, -0.82954, 0.554251, 0.012823, -0.146429, -0.557872, -0.816907, -0.074813, 0.0, 0.0, 0.0, 1.0],
                [0.990017, -0.018409, -0.13974, 0.09514, 0.068411, -0.804063, 0.590595, 0.015705, -0.123233, -0.59426, -0.794776, -0.07748, 0.0, 0.0, 0.0, 1.0],
                [0.992825, -0.01006, -0.119156, 0.09221, 0.067252, -0.776959, 0.625949, 0.018749, -0.098876, -0.629471, -0.770707, -0.0799, 0.0, 0.0, 0.0, 1.0],
                [0.995149, -0.000478, -0.098377, 0.089265, 0.064854, -0.748742, 0.659681, 0.021915, -0.073974, -0.662861, -0.745079, -0.082086, 0.0, 0.0, 0.0, 1.0],
                [0.99691, 0.010086, -0.077901, 0.086329, 0.061302, -0.71999, 0.691271, 0.025166, -0.049116, -0.693911, -0.718384, -0.084049, 0.0, 0.0, 0.0, 1.0],
                [0.998079, 0.021328, -0.058171, 0.083428, 0.056756, -0.691317, 0.720318, 0.028459, -0.024852, -0.722236, -0.6912, -0.0858, 0.0, 0.0, 0.0, 1.0],
                [0.998675, 0.032908, -0.039568, 0.080585, 0.051436, -0.663351, 0.746538, 0.031757, -0.00168, -0.747584, -0.664165, -0.087351, 0.0, 0.0, 0.0, 1.0],
                [0.99876, 0.044459, -0.022408, 0.077828, 0.045613, -0.636711, 0.769753, 0.035019, 0.019956, -0.76982, -0.637949, -0.088712, 0.0, 0.0, 0.0, 1.0],
                [0.998429, 0.055608, -0.006951, 0.075179, 0.039584, -0.611991, 0.789873, 0.038206, 0.039669, -0.788908, -0.61323, -0.089895, 0.0, 0.0, 0.0, 1.0],
                [0.997799, 0.06598, 0.00659, 0.072664, 0.033668, -0.589751, 0.806883, 0.041277, 0.057125, -0.804885, -0.590675, -0.090912, 0.0, 0.0, 0.0, 1.0],
                [0.997005, 0.07521, 0.018042, 0.070309, 0.028184, -0.570516, 0.820802, 0.044194, 0.072026, -0.817835, -0.570927, -0.091774, 0.0, 0.0, 0.0, 1.0],
                [0.996181, 0.082947, 0.02725, 0.068138, 0.023443, -0.554774, 0.831671, 0.046915, 0.084102, -0.827856, -0.5546, -0.092491, 0.0, 0.0, 0.0, 1.0],
                [0.995462, 0.088856, 0.034062, 0.066175, 0.019741, -0.542985, 0.83951, 0.049403, 0.093091, -0.835028, -0.542275, -0.093076, 0.0, 0.0, 0.0, 1.0],
                [0.994964, 0.09262, 0.038309, 0.064445, 0.01735, -0.535592, 0.844298, 0.051618, 0.098717, -0.839382, -0.534502, -0.093541, 0.0, 0.0, 0.0, 1.0],
                [0.994783, 0.093939, 0.03978, 0.062975, 0.016506, -0.53303, 0.845935, 0.053518, 0.10067, -0.840865, -0.5318, -0.093895, 0.0, 0.0, 0.0, 1.0],
                [0.994338, -0.0228, -0.103787, 0.061787, 0.075955, -0.530554, 0.844241, 0.055065, -0.074314, -0.847344, -0.525819, -0.094151, 0.0, 0.0, 0.0, 1.0],
                [0.864437, -0.285225, -0.413998, 0.060908, 0.205684, -0.550763, 0.808922, 0.05622, -0.45874, -0.784415, -0.417434, -0.09432, 0.0, 0.0, 0.0, 1.0],
                [0.576817, -0.499218, -0.646579, 0.060363, 0.30497, -0.602691, 0.737398, 0.056941, -0.757809, -0.622531, -0.195396, -0.094413, 0.0, 0.0, 0.0, 1.0],
                [0.41295, -0.572699, -0.708159, 0.060176, 0.330803, -0.630131, 0.702498, 0.057191, -0.848553, -0.524357, -0.070762, -0.094441, 0.0, 0.0, 0.0, 1.0],
                [0.406837, -0.585063, -0.701558, 0.060176, 0.325119, -0.624967, 0.709728, 0.057191, -0.853687, -0.516834, -0.064045, -0.094441, 0.0, 0.0, 0.0, 1.0],
                [0.401361, -0.596883, -0.694723, 0.060176, 0.320181, -0.61921, 0.716982, 0.057191, -0.858133, -0.510206, -0.057416, -0.094441, 0.0, 0.0, 0.0, 1.0],
                [0.396523, -0.608159, -0.687686, 0.060175, 0.315962, -0.612918, 0.724223, 0.057191, -0.861938, -0.504454, -0.050881, -0.094442, 0.0, 0.0, 0.0, 1.0],
                [0.392319, -0.618895, -0.680481, 0.060175, 0.312429, -0.60615, 0.731416, 0.057191, -0.865144, -0.499551, -0.044443, -0.094442, 0.0, 0.0, 0.0, 1.0],
                [0.38874, -0.629094, -0.673143, 0.060175, 0.309547, -0.598961, 0.73853, 0.057191, -0.867792, -0.495465, -0.038106, -0.094441, 0.0, 0.0, 0.0, 1.0],
                [0.385772, -0.63876, -0.665707, 0.060175, 0.307277, -0.591407, 0.745533, 0.057191, -0.86992, -0.492162, -0.031872, -0.094441, 0.0, 0.0, 0.0, 1.0],
                [0.383398, -0.647897, -0.658206, 0.060175, 0.305578, -0.583541, 0.752397, 0.057191, -0.871566, -0.489601, -0.025745, -0.094442, 0.0, 0.0, 0.0, 1.0],
                [0.381596, -0.65651, -0.650676, 0.060176, 0.304408, -0.575417, 0.759099, 0.057191, -0.872766, -0.48774, -0.01973, -0.094441, 0.0, 0.0, 0.0, 1.0],
                [0.380339, -0.664604, -0.643152, 0.060175, 0.303723, -0.567087, 0.765614, 0.057191, -0.873553, -0.486533, -0.01383, -0.094442, 0.0, 0.0, 0.0, 1.0],
                [0.3796, -0.672185, -0.635666, 0.060176, 0.303479, -0.558602, 0.771922, 0.057191, -0.873959, -0.485933, -0.008051, -0.094441, 0.0, 0.0, 0.0, 1.0],
                [0.379346, -0.679262, -0.628252, 0.060175, 0.303632, -0.550012, 0.778006, 0.057191, -0.874016, -0.485891, -0.002399, -0.094442, 0.0, 0.0, 0.0, 1.0],
                [0.379541, -0.685843, -0.620941, 0.060175, 0.304136, -0.541367, 0.783851, 0.057191, -0.873756, -0.486354, 0.003119, -0.094441, 0.0, 0.0, 0.0, 1.0],
                [0.380149, -0.691938, -0.613766, 0.060175, 0.30495, -0.532716, 0.789442, 0.057191, -0.873208, -0.487274, 0.008494, -0.094441, 0.0, 0.0, 0.0, 1.0],
                [0.381131, -0.697557, -0.606757, 0.060175, 0.306029, -0.524107, 0.794769, 0.057191, -0.872402, -0.488596, 0.01372, -0.094442, 0.0, 0.0, 0.0, 1.0],
                [0.382445, -0.702713, -0.599941, 0.060175, 0.307333, -0.515586, 0.799823, 0.057191, -0.871368, -0.49027, 0.018783, -0.094442, 0.0, 0.0, 0.0, 1.0],
                [0.384049, -0.707421, -0.593349, 0.060175, 0.308821, -0.5072, 0.804597, 0.057191, -0.870135, -0.492244, 0.023676, -0.094441, 0.0, 0.0, 0.0, 1.0],
