{
    "animation": [
        {
            "name": "Root",
            "time": [0.0, 0.0167, 0.0333, 0.05, 0.0667, 0.0833, 0.1, 0.1167, 0.1333, 0.15, 0.1667, 0.1833, 0.2, 0.2167, 0.2333, 0.25, 0.2667, 0.2833, 0.3, 0.3167, 0.3333, 0.35, 0.3667, 0.3833, 0.4, 0.4167, 0.4333, 0.45, 0.4667, 0.4833, 0.5, 0.5167, 0.5333, 0.55, 0.5667, 0.5833, 0.6, 0.6167, 0.6333, 0.65, 0.6667, 0.6833, 0.7, 0.7167, 0.7333, 0.75, 0.7667, 0.7833, 0.8, 0.8167, 0.8333, 0.85, 0.8667, 0.8833, 0.9, 0.9167, 0.9333, 0.95, 0.9667, 0.9833, 1.0, 1.0167, 1.0333, 1.05, 1.0667, 1.0833, 1.1, 1.1167, 1.1333, 1.15, 1.1667, 1.1833, 1.2, 1.2167, 1.2333, 1.25, 1.2667, 1.2833, 1.3, 1.3167, 1.3333, 1.35, 1.3667, 1.3833, 1.4, 1.4167, 1.4333, 1.45, 1.4667, 1.4833, 1.5, 1.5167, 1.5333, 1.55, 1.5667, 1.5833, 1.6, 1.6167, 1.6333, 1.65, 1.6667, 1.6833, 1.7, 1.7167, 1.7333, 1.75, 1.7667, 1.7833, 1.8, 1.8167, 1.8333, 1.85, 1.8667, 1.8833, 1.9, 1.9167, 1.9333, 1.95, 1.9667, 1.9833, 2.0, 2.0167, 2.0333, 2.05, 2.0667, 2.0833, 2.1, 2.1167, 2.1333, 2.15, 2.1667, 2.1833, 2.2, 2.2167, 2.2333, 2.25, 2.2667, 2.2833, 2.3, 2.3167, 2.3333, 2.35, 2.3667, 2.3833, 2.4, 2.4167, 2.4333, 2.45, 2.4667, 2.4833, 2.5, 2.5167, 2.5333, 2.55, 2.5667, 2.5833, 2.6, 2.6167, 2.6333, 2.65, 2.75],
            "transform": [
                [0.808635, 0.002482, -0.588306, -5e-06, -0.583705, -0.121498, -0.802824, 0.000946, -0.073471, 0.992589, -0.096798, 0.694385, 0.0, 0.0, 0.0, 1.0],
                [0.808635, 0.002482, -0.588306, -5e-06, -0.583705, -0.121498, -0.802824, 0.000946, -0.073471, 0.992589, -0.096798, 0.694385, 0.0, 0.0, 0.0, 1.0],
                [0.808635, 0.002482, -0.588306, -5e-06, -0.583705, -0.121498, -0.802824, 0.000946, -0.073471, 0.992589, -0.096798, 0.694385, 0.0, 0.0, 0.0, 1.0],
                [0.808635, 0.002482, -0.588306, -5e-06, -0.583705, -0.121498, -0.802824, 0.000946, -0.073471, 0.992589, -0.096798, 0.694385, 0.0, 0.0, 0.0, 1.0],
                [0.808635, 0.002482, -0.588306, -5e-06, -0.583705, -0.121498, -0.802824, 0.000946, -0.073471, 0.992589, -0.096798, 0.694385, 0.0, 0.0, 0.0, 1.0],
                [0.808635, 0.002482, -0.588306, -5e-06, -0.583705, -0.121498, -0.802824, 0.000946, -0.073471, 0.992589, -0.096798, 0.694385, 0.0, 0.0, 0.0, 1.0],
                [0.808635, 0.002482, -0.588306, -5e-06, -0.583705, -0.121498, -0.802824, 0.000946, -0.073471, 0.992589, -0.096798, 0.694385, 0.0, 0.0, 0.0, 1.0],
                [0.808635, 0.002482, -0.588306, -5e-06, -0.583705, -0.121498, -0.802824, 0.000946, -0.073471, 0.992589, -0.096798, 0.694385, 0.0, 0.0, 0.0, 1.0],
                [0.808635, 0.002482, -0.588306, -5e-06, -0.583705, -0.121498, -0.802824, 0.000946, -0.073471, 0.992589, -0.096798, 0.694385, 0.0, 0.0, 0.0, 1.0],
                [0.808635, 0.002482, -0.588306, -5e-06, -0.583705, -0.121498, -0.802824, 0.015225, -0.073471, 0.992589, -0.096798, 0.694385, 0.0, 0.0, 0.0, 1.0],
                [0.808635, 0.002482, -0.588306, -5e-06, -0.583705, -0.121498, -0.802824, 0.056887, -0.073471, 0.992589, -0.096798, 0.694385, 0.0, 0.0, 0.0, 1.0],
                [0.808635, 0.002482, -0.588306, -5e-06, -0.583705, -0.121498, -0.802824, 0.124174, -0.073471, 0.992589, -0.096798, 0.694385, 0.0, 0.0, 0.0, 1.0],
                [0.749354, -0.049615, -0.660308, -5e-06, -0.662122, -0.068027, -0.746302, 0.215325, -0.007891, 0.996449, -0.083828, 0.694385, 0.0, 0.0, 0.0, 1.0],
                [0.663339, -0.105864, -0.740793, -5e-06, -0.744696, 0.003916, -0.667393, 0.32858, 0.073554, 0.994373, -0.076239, 0.694385, 0.0, 0.0, 0.0, 1.0],
                [0.539084, -0.162428, -0.826442, -5e-06, -0.824145, 0.100638, -0.557365, 0.46218, 0.173703, 0.981575, -0.079612, 0.694385, 0.0, 0.0, 0.0, 1.0],
                [0.362551, -0.210362, -0.907912, -5e-06, -0.884707, 0.228594, -0.40625, 0.614365, 0.293003, 0.950522, -0.103232, 0.694385, 0.0, 0.0, 0.0, 1.0],
                [0.121909, -0.232184, -0.965002, -5e-06, -0.897052, 0.390321, -0.207238, 0.783374, 0.424778, 0.890921, -0.160697, 0.694385, 0.0, 0.0, 0.0, 1.0],
                [-0.178904, -0.20048, -0.963224, -5e-06, -0.817327, 0.57528, 0.032071, 0.967449, 0.547694, 0.793007, -0.266778, 0.694385, 0.0, 0.0, 0.0, 1.0],
                [-0.49846, -0.087117, -0.862525, -5e-06, -0.604086, 0.748516, 0.273504, 1.16483, 0.621786, 0.65737, -0.425731, 0.694385, 0.0, 0.0, 0.0, 1.0],
                [-0.7526, 0.110538, -0.649134, -5e-06, -0.261071, 0.854927, 0.448265, 1.373756, 0.604512, 0.506834, -0.61456, 0.705615, 0.0, 0.0, 0.0, 1.0],
                [-0.8623, 0.349643, -0.366317, -5e-06, 0.135094, 0.855994, 0.499024, 1.592467, 0.488046, 0.380821, -0.785358, 0.737354, 0.0, 0.0, 0.0, 1.0],
                [-0.818483, 0.567283, -0.090963, -5e-06, 0.482045, 0.764211, 0.428503, 1.819205, 0.312597, 0.306875, -0.89895, 0.78667, 0.0, 0.0, 0.0, 1.0],
                [-0.676377, 0.726093, 0.123705, -5e-06, 0.72475, 0.626134, 0.287565, 2.052209, 0.131344, 0.284158, -0.949739, 0.850635, 0.0, 0.0, 0.0, 1.0],
                [-0.49925, 0.824159, 0.267416, -5e-06, 0.866132, 0.483168, 0.127922, 2.289719, -0.023778, 0.295483, -0.955052, 0.926318, 0.0, 0.0, 0.0, 1.0],
                [-0.326383, 0.876493, 0.353885, -5e-06, 0.934139, 0.356295, -0.020921, 2.529976, -0.144425, 0.323749, -0.935055, 1.010791, 0.0, 0.0, 0.0, 1.0],
                [-0.174016, 0.899311, 0.401195, -5e-06, 0.956477, 0.251269, -0.148373, 2.771511, -0.234241, 0.357915, -0.903896, 1.101123, 0.0, 0.0, 0.0, 1.0],
                [-0.045557, 0.904611, 0.423797, -5e-06, 0.952824, 0.166789, -0.25359, 3.014025, -0.300085, 0.392251, -0.869533, 1.194385, 0.0, 0.0, 0.0, 1.0],
                [0.060901, 0.900075, 0.431457, -5e-06, 0.935394, 0.099381, -0.339354, 3.257511, -0.348323, 0.424249, -0.835873, 1.287647, 0.0, 0.0, 0.0, 1.0],
                [0.32706, 0.881678, 0.340111, -5e-06, 0.767177, -0.037574, -0.640333, 3.501961, -0.551788, 0.470353, -0.688693, 1.377979, 0.0, 0.0, 0.0, 1.0],
                [0.584946, 0.803976, 0.107051, -5e-06, 0.400865, -0.171836, -0.899878, 3.747367, -0.705086, 0.569293, -0.4228, 1.462451, 0.0, 0.0, 0.0, 1.0],
                [0.704187, 0.661542, -0.257842, -5e-06, -0.130183, -0.236694, -0.962823, 3.993722, -0.697978, 0.711574, -0.080556, 1.538135, 0.0, 0.0, 0.0, 1.0],
                [0.6006, 0.503514, -0.62109, -5e-06, -0.625654, -0.187703, -0.757182, 4.241018, -0.497832, 0.843351, 0.202291, 1.6021, 0.0, 0.0, 0.0, 1.0],
                [0.352654, 0.390414, -0.850419, -5e-06, -0.911207, -0.063518, -0.407022, 4.489248, -0.212924, 0.918446, 0.333348, 1.651416, 0.0, 0.0, 0.0, 1.0],
                [0.090339, 0.335034, -0.937865, -5e-06, -0.995049, 0.069542, -0.071005, 4.738403, 0.041432, 0.939636, 0.339657, 1.683154, 0.0, 0.0, 0.0, 1.0],
                [-0.025514, 0.33618, -0.941452, -5e-06, -0.971241, 0.214678, 0.10298, 4.988477, 0.236729, 0.917004, 0.321034, 1.694385, 0.0, 0.0, 0.0, 1.0],
                [-0.155148, 0.358309, -0.920621, -5e-06, -0.881355, 0.370759, 0.292832, 5.239462, 0.446253, 0.856827, 0.258275, 1.686366, 0.0, 0.0, 0.0, 1.0],
                [-0.285261, 0.407573, -0.867473, -5e-06, -0.709069, 0.519212, 0.477117, 5.491351, 0.644863, 0.751201, 0.140886, 1.663476, 0.0, 0.0, 0.0, 1.0],
                [-0.395362, 0.484765, -0.780187, -5e-06, -0.455567, 0.634067, 0.624834, 5.743827, 0.797589, 0.602463, -0.029843, 1.627465, 0.0, 0.0, 0.0, 1.0],
                [-0.46481, 0.582069, -0.667194, -5e-06, -0.148183, 0.691774, 0.706747, 5.995347, 0.872922, 0.42737, -0.235291, 1.580082, 0.0, 0.0, 0.0, 1.0],
                [-0.483141, 0.684825, -0.545518, -5e-06, 0.166769, 0.683636, 0.710514, 6.24406, 0.859513, 0.252303, -0.4445, 1.523077, 0.0, 0.0, 0.0, 1.0],
                [-0.454844, 0.778216, -0.433009, -5e-06, 0.445128, 0.619784, 0.646319, 6.488113, 0.771348, 0.10123, -0.628311, 1.458199, 0.0, 0.0, 0.0, 1.0],
                [-0.394558, 0.853251, -0.341008, -5e-06, 0.662187, 0.521328, 0.538262, 6.725655, 0.63705, -0.013435, -0.770705, 1.387197, 0.0, 0.0, 0.0, 1.0],
                [-0.318498, 0.907858, -0.272679, -5e-06, 0.814503, 0.409256, 0.411212, 6.954835, 0.484917, -0.091128, -0.8698, 1.311822, 0.0, 0.0, 0.0, 1.0],
                [-0.221413, 0.959215, -0.175738, -5e-06, 0.908686, 0.268343, 0.319816, 7.173801, 0.353931, -0.088879, -0.931039, 1.233822, 0.0, 0.0, 0.0, 1.0],
                [-0.082239, 0.993808, -0.074715, -5e-06, 0.978192, 0.094839, 0.184786, 7.380701, 0.190728, -0.057889, -0.979935, 1.154948, 0.0, 0.0, 0.0, 1.0],
                [0.103959, 0.994452, 0.01607, -5e-06, 0.994581, -0.103963, -0.00056, 7.573683, 0.001114, 0.016042, -0.999871, 1.076948, 0.0, 0.0, 0.0, 1.0],
                [0.32858, 0.941615, 0.073465, -5e-06, 0.924363, -0.304641, -0.229667, 7.750896, -0.193877, 0.143372, -0.970493, 1.001572, 0.0, 0.0, 0.0, 1.0],
                [0.561556, 0.824283, 0.072201, -5e-06, 0.746579, -0.467124, -0.473724, 7.910488, -0.356755, 0.319926, -0.877709, 0.930571, 0.0, 0.0, 0.0, 1.0],
                [0.757178, 0.653208, 0.0006, -5e-06, 0.475519, -0.550577, -0.68611, 8.050608, -0.447842, 0.519793, -0.727498, 0.865693, 0.0, 0.0, 0.0, 1.0],
                [0.878169, 0.460991, -0.127695, -5e-06, 0.162836, -0.539096, -0.826354, 8.169402, -0.449781, 0.704885, -0.548483, 0.808687, 0.0, 0.0, 0.0, 1.0],
                [0.916691, 0.283706, -0.281404, -5e-06, -0.131565, -0.450674, -0.88294, 8.265022, -0.377317, 0.846407, -0.375803, 0.761304, 0.0, 0.0, 0.0, 1.0],
                [0.891027, 0.142673, -0.430948, -5e-06, -0.370393, -0.320355, -0.871884, 8.335614, -0.262451, 0.936492, -0.2326, 0.725293, 0.0, 0.0, 0.0, 1.0],
                [0.827634, 0.041808, -0.559708, -5e-06, -0.544905, -0.17918, -0.819129, 8.379328, -0.134534, 0.982928, -0.125514, 0.702403, 0.0, 0.0, 0.0, 1.0],
                [0.74813, -0.024924, -0.663084, -5e-06, -0.663448, -0.045767, -0.746821, 8.39431, -0.011734, 0.998641, -0.050775, 0.694385, 0.0, 0.0, 0.0, 1.0],
                [0.74813, -0.024924, -0.663084, -5e-06, -0.663448, -0.045767, -0.746821, 8.39431, -0.011734, 0.998641, -0.050775, 0.694385, 0.0, 0.0, 0.0, 1.0],
                [0.74813, -0.024924, -0.663084, -5e-06, -0.663448, -0.045767, -0.746821, 8.39431, -0.011734, 0.998641, -0.050775, 0.694385, 0.0, 0.0, 0.0, 1.0],
                [0.74813, -0.024924, -0.663084, -5e-06, -0.663448, -0.045767, -0.746821, 8.39431, -0.011734, 0.998641, -0.050775, 0.694385, 0.0, 0.0, 0.0, 1.0],
                [0.74813, -0.024924, -0.663084, -5e-06, -0.663448, -0.045767, -0.746821, 8.39431, -0.011734, 0.998641, -0.050775, 0.694385, 0.0, 0.0, 0.0, 1.0],
                [0.74813, -0.024924, -0.663084, -5e-06, -0.663448, -0.045767, -0.746821, 8.39431, -0.011734, 0.998641, -0.050775, 0.694385, 0.0, 0.0, 0.0, 1.0],
                [0.74813, -0.024924, -0.663084, -5e-06, -0.663448, -0.045767, -0.746821, 8.39431, -0.011734, 0.998641, -0.050775, 0.694385, 0.0, 0.0, 0.0, 1.0],
                [0.74813, -0.024924, -0.663084, -5e-06, -0.663448, -0.045767, -0.746821, 8.39431, -0.011734, 0.998641, -0.050775, 0.694385, 0.0, 0.0, 0.0, 1.0],
                [0.74813, -0.024924, -0.663084, -5e-06, -0.663448, -0.045767, -0.746821, 8.39431, -0.011734, 0.998641, -0.050775, 0.694385, 0.0, 0.0, 0.0, 1.0],
                [0.74813, -0.024924, -0.663084, -5e-06, -0.663448, -0.045767, -0.746821, 8.39431, -0.011734, 0.998641, -0.050775, 0.694385, 0.0, 0.0, 0.0, 1.0],
                [0.74813, -0.024924, -0.663084, -5e-06, -0.663448, -0.045767, -0.746821, 8.39431, -0.011734, 0.998641, -0.050775, 0.694385, 0.0, 0.0, 0.0, 1.0],
                [0.74813, -0.024924, -0.663084, -5e-06, -0.663448, -0.045767, -0.746821, 8.39431, -0.011734, 0.998641, -0.050775, 0.694385, 0.0, 0.0, 0.0, 1.0],
                [0.74813, -0.024924, -0.663084, -5e-06, -0.663448, -0.045767, -0.746821, 8.39431, -0.011734, 0.998641, -0.050775, 0.694385, 0.0, 0.0, 0.0, 1.0],
                [0.74813, -0.024924, -0.663084, -5e-06, -0.663448, -0.045767, -0.746821, 8.39431, -0.011734, 0.998641, -0.050775, 0.694385, 0.0, 0.0, 0.0, 1.0],
                [0.74813, -0.024924, -0.663084, -5e-06, -0.663448, -0.045767, -0.746821, 8.39431, -0.011734, 0.998641, -0.050775, 0.694385, 0.0, 0.0, 0.0, 1.0],
                [0.74813, -0.024924, -0.663084, -5e-06, -0.663448, -0.045767, -0.746821, 8.39431, -0.011734, 0.998641, -0.050775, 0.694385, 0.0, 0.0, 0.0, 1.0],
                [0.74813, -0.024924, -0.663084, -5e-06, -0.663448, -0.045767, -0.746821, 8.39431, -0.011734, 0.998641, -0.050775, 0.694385, 0.0, 0.0, 0.0, 1.0],
                [0.74813, -0.024924, -0.663084, -5e-06, -0.663448, -0.045767, -0.746821, 8.39431, -0.011734, 0.998641, -0.050775, 0.694385, 0.0, 0.0, 0.0, 1.0],
                [0.74813, -0.024924, -0.663084, -5e-06, -0.663448, -0.045767, -0.746821, 8.39431, -0.011734, 0.998641, -0.050775, 0.694385, 0.0, 0.0, 0.0, 1.0],
                [0.74813, -0.024924, -0.663084, -5e-06, -0.663448, -0.045767, -0.746821, 8.39431, -0.011734, 0.998641, -0.050775, 0.694385, 0.0, 0.0, 0.0, 1.0],
                [0.74813, -0.024924, -0.663084, -5e-06, -0.663448, -0.045767, -0.746821, 8.39431, -0.011734, 0.998641, -0.050775, 0.694385, 0.0, 0.0, 0.0, 1.0],
                [0.74813, -0.024924, -0.663084, -5e-06, -0.663448, -0.045767, -0.746821, 8.39431, -0.011734, 0.998641, -0.050775, 0.694385, 0.0, 0.0, 0.0, 1.0],
                [0.74813, -0.024924, -0.663084, -5e-06, -0.663448, -0.045767, -0.746821, 8.39431, -0.011734, 0.998641, -0.050775, 0.694385, 0.0, 0.0, 0.0, 1.0],
                [0.74813, -0.024924, -0.663084, -5e-06, -0.663448, -0.045767, -0.746821, 8.39431, -0.011734, 0.998641, -0.050775, 0.694385, 0.0, 0.0, 0.0, 1.0],
                [0.74813, -0.024924, -0.663084, -5e-06, -0.663448, -0.045767, -0.746821, 8.39431, -0.011734, 0.998641, -0.050775, 0.694385, 0.0, 0.0, 0.0, 1.0],
                [0.74813, -0.024924, -0.663084, -5e-06, -0.663448, -0.045767, -0.746821, 8.39431, -0.011734, 0.998641, -0.050775, 0.694385, 0.0, 0.0, 0.0, 1.0],
                [0.74813, -0.024924, -0.663084, -5e-06, -0.663448, -0.045767, -0.746821, 8.39431, -0.011734, 0.998641, -0.050775, 0.694385, 0.0, 0.0, 0.0, 1.0],
                [0.74813, -0.024924, -0.663084, -5e-06, -0.663448, -0.045767, -0.746821, 8.39431, -0.011734, 0.998641, -0.050775, 0.694385, 0.0, 0.0, 0.0, 1.0],
                [0.74813, -0.024924, -0.663084, -5e-06, -0.663448, -0.045767, -0.746821, 8.39431, -0.011734, 0.998641, -0.050775, 0.694385, 0.0, 0.0, 0.0, 1.0],
                [0.74813, -0.024924, -0.663084, -5e-06, -0.663448, -0.045767, -0.746821, 8.39431, -0.011734, 0.998641, -0.050775, 0.694385, 0.0, 0.0, 0.0, 1.0],
                [0.74813, -0.024924, -0.663084, -5e-06, -0.663448, -0.045767, -0.746821, 8.39431, -0.011734, 0.998641, -0.050775, 0.694385, 0.0, 0.0, 0.0, 1.0],
                [0.74813, -0.024924, -0.663084, -5e-06, -0.663448, -0.045767, -0.746821, 8.39431, -0.011734, 0.998641, -0.050775, 0.694385, 0.0, 0.0, 0.0, 1.0],
                [0.74813, -0.024924, -0.663084, -5e-06, -0.663448, -0.045767, -0.746821, 8.39431, -0.011734, 0.998641, -0.050775, 0.694385, 0.0, 0.0, 0.0, 1.0],
                [0.74813, -0.024924, -0.663084, -5e-06, -0.663448, -0.045767, -0.746821, 8.39431, -0.011734, 0.998641, -0.050775, 0.694385, 0.0, 0.0, 0.0, 1.0],
                [0.74813, -0.024924, -0.663084, -5e-06, -0.663448, -0.045767, -0.746821, 8.39431, -0.011734, 0.998641, -0.050775, 0.694385, 0.0, 0.0, 0.0, 1.0],
                [0.74813, -0.024924, -0.663084, -5e-06, -0.663448, -0.045767, -0.746821, 8.39431, -0.011734, 0.998641, -0.050775, 0.694385, 0.0, 0.0, 0.0, 1.0],
                [0.74813, -0.024924, -0.663084, -5e-06, -0.663448, -0.045767, -0.746821, 8.39431, -0.011734, 0.998641, -0.050775, 0.694385, 0.0, 0.0, 0.0, 1.0],
                [0.74813, -0.024924, -0.663084, -5e-06, -0.663448, -0.045767, -0.746821, 8.39431, -0.011734, 0.998641, -0.050775, 0.694385, 0.0, 0.0, 0.0, 1.0],
                [0.74813, -0.024924, -0.663084, -5e-06, -0.663448, -0.045767, -0.746821, 8.39431, -0.011734, 0.998641, -0.050775, 0.694385, 0.0, 0.0, 0.0, 1.0],
                [0.74813, -0.024924, -0.663084, -5e-06, -0.663448, -0.045767, -0.746821, 8.39431, -0.011734, 0.998641, -0.050775, 0.694385, 0.0, 0.0, 0.0, 1.0],
                [0.74813, -0.024924, -0.663084, -5e-06, -0.663448, -0.045767, -0.746821, 8.39431, -0.011734, 0.998641, -0.050775, 0.694385, 0.0, 0.0, 0.0, 1.0],
                [0.74813, -0.024924, -0.663084, -5e-06, -0.663448, -0.045767, -0.746821, 8.39431, -0.011734, 0.998641, -0.050775, 0.694385, 0.0, 0.0, 0.0, 1.0],
                [0.74813, -0.024924, -0.663084, -5e-06, -0.663448, -0.045767, -0.746821, 8.39431, -0.011734, 0.998641, -0.050775, 0.694385, 0.0, 0.0, 0.0, 1.0],
                [0.74813, -0.024924, -0.663084, -5e-06, -0.663448, -0.045767, -0.746821, 8.39431, -0.011734, 0.998641, -0.050775, 0.694385, 0.0, 0.0, 0.0, 1.0],
                [0.74813, -0.024924, -0.663084, -5e-06, -0.663448, -0.045767, -0.746821, 8.39431, -0.011734, 0.998641, -0.050775, 0.694385, 0.0, 0.0, 0.0, 1.0],
                [0.74813, -0.024924, -0.663084, -5e-06, -0.663448, -0.045767, -0.746821, 8.39431, -0.011734, 0.998641, -0.050775, 0.694385, 0.0, 0.0, 0.0, 1.0],
                [0.74813, -0.024924, -0.663084, -5e-06, -0.663448, -0.045767, -0.746821, 8.39431, -0.011734, 0.998641, -0.050775, 0.694385, 0.0, 0.0, 0.0, 1.0],
                [0.74813, -0.024924, -0.663084, -5e-06, -0.663448, -0.045767, -0.746821, 8.39431, -0.011734, 0.998641, -0.050775, 0.694385, 0.0, 0.0, 0.0, 1.0],
                [0.74813, -0.024924, -0.663084, -5e-06, -0.663448, -0.045767, -0.746821, 8.39431, -0.011734, 0.998641, -0.050775, 0.694385, 0.0, 0.0, 0.0, 1.0],
                [0.74813, -0.024924, -0.663084, -5e-06, -0.663448, -0.045767, -0.746821, 8.39431, -0.011734, 0.998641, -0.050775, 0.694385, 0.0, 0.0, 0.0, 1.0],
                [0.74813, -0.024924, -0.663084, -5e-06, -0.663448, -0.045767, -0.746821, 8.39431, -0.011734, 0.998641, -0.050775, 0.694385, 0.0, 0.0, 0.0, 1.0],
                [0.74813, -0.024924, -0.663084, -5e-06, -0.663448, -0.045767, -0.746821, 8.39431, -0.011734, 0.998641, -0.050775, 0.694385, 0.0, 0.0, 0.0, 1.0],
                [0.74813, -0.024924, -0.663084, -5e-06, -0.663448, -0.045767, -0.746821, 8.39431, -0.011734, 0.998641, -0.050775, 0.694385, 0.0, 0.0, 0.0, 1.0],
                [0.74813, -0.024924, -0.663084, -5e-06, -0.663448, -0.045767, -0.746821, 8.39431, -0.011734, 0.998641, -0.050775, 0.694385, 0.0, 0.0, 0.0, 1.0],
                [0.74813, -0.024924, -0.663084, -5e-06, -0.663448, -0.045767, -0.746821, 8.39431, -0.011734, 0.998641, -0.050775, 0.694385, 0.0, 0.0, 0.0, 1.0],
                [0.74813, -0.024924, -0.663084, -5e-06, -0.663448, -0.045767, -0.746821, 8.39431, -0.011734, 0.998641, -0.050775, 0.694385, 0.0, 0.0, 0.0, 1.0],
                [0.74813, -0.024924, -0.663084, -5e-06, -0.663448, -0.045767, -0.746821, 8.39431, -0.011734, 0.998641, -0.050775, 0.694385, 0.0, 0.0, 0.0, 1.0],
                [0.74813, -0.024924, -0.663084, -5e-06, -0.663448, -0.045767, -0.746821, 8.39431, -0.011734, 0.998641, -0.050775, 0.694385, 0.0, 0.0, 0.0, 1.0],
                [0.74813, -0.024924, -0.663084, -5e-06, -0.663448, -0.045767, -0.746821, 8.39431, -0.011734, 0.998641, -0.050775, 0.694385, 0.0, 0.0, 0.0, 1.0],
                [0.74813, -0.024924, -0.663084, -5e-06, -0.663448, -0.045767, -0.746821, 8.39431, -0.011734, 0.998641, -0.050775, 0.694385, 0.0, 0.0, 0.0, 1.0],
                [0.74813, -0.024924, -0.663084, -5e-06, -0.663448, -0.045767, -0.746821, 8.39431, -0.011734, 0.998641, -0.050775, 0.694385, 0.0, 0.0, 0.0, 1.0],
                [0.74813, -0.024924, -0.663084, -5e-06, -0.663448, -0.045767, -0.746821, 8.39431, -0.011734, 0.998641, -0.050775, 0.694385, 0.0, 0.0, 0.0, 1.0],
                [0.74813, -0.024924, -0.663084, -5e-06, -0.663448, -0.045767, -0.746821, 8.39431, -0.011734, 0.998641, -0.050775, 0.694385, 0.0, 0.0, 0.0, 1.0],
                [0.758352, -0.024013, -0.651403, -5e-06, -0.651752, -0.044852, -0.757105, 8.394578, -0.011036, 0.998705, -0.049664, 0.694268, 0.0, 0.0, 0.0, 1.0],
                [0.768416, -0.023115, -0.639533, -5e-06, -0.639866, -0.04392, -0.76723, 8.395346, -0.010354, 0.998768, -0.04854, 0.693934, 0.0, 0.0, 0.0, 1.0],
                [0.778319, -0.022229, -0.627475, -5e-06, -0.627794, -0.042972, -0.777193, 8.396557, -0.009688, 0.998829, -0.047402, 0.693406, 0.0, 0.0, 0.0, 1.0],
                [0.788056, -0.021356, -0.615233, -5e-06, -0.615537, -0.042008, -0.786987, 8.398156, -0.009038, 0.998889, -0.04625, 0.692709, 0.0, 0.0, 0.0, 1.0],
                [0.797621, -0.020496, -0.602811, -5e-06, -0.603101, -0.041028, -0.796609, 8.400089, -0.008405, 0.998948, -0.045086, 0.691867, 0.0, 0.0, 0.0, 1.0],
                [0.807009, -0.01965, -0.590212, -5e-06, -0.590487, -0.040033, -0.806053, 8.4023, -0.007789, 0.999005, -0.04391, 0.690904, 0.0, 0.0, 0.0, 1.0],
                [0.816217, -0.018818, -0.577439, -5e-06, -0.577701, -0.039022, -0.815315, 8.404732, -0.00719, 0.999061, -0.042721, 0.689845, 0.0, 0.0, 0.0, 1.0],
                [0.825239, -0.018001, -0.564497, -5e-06, -0.564746, -0.037996, -0.82439, 8.40733, -0.006609, 0.999116, -0.041521, 0.688713, 0.0, 0.0, 0.0, 1.0],
                [0.83407, -0.017198, -0.55139, -5e-06, -0.551625, -0.036955, -0.833273, 8.41004, -0.006046, 0.999169, -0.04031, 0.687532, 0.0, 0.0, 0.0, 1.0],
                [0.842708, -0.01641, -0.538121, -5e-06, -0.538343, -0.0359, -0.841961, 8.412805, -0.005501, 0.999221, -0.039087, 0.686328, 0.0, 0.0, 0.0, 1.0],
                [0.851146, -0.015639, -0.524695, -5e-06, -0.524905, -0.034831, -0.850448, 8.415569, -0.004976, 0.999271, -0.037855, 0.685123, 0.0, 0.0, 0.0, 1.0],
                [0.859382, -0.014883, -0.511117, -5e-06, -0.511314, -0.033748, -0.858731, 8.418279, -0.004469, 0.99932, -0.036612, 0.683943, 0.0, 0.0, 0.0, 1.0],
                [0.867411, -0.014143, -0.497391, -5e-06, -0.497576, -0.032651, -0.866806, 8.420877, -0.003981, 0.999367, -0.03536, 0.682811, 0.0, 0.0, 0.0, 1.0],
                [0.875229, -0.013421, -0.483522, -5e-06, -0.483695, -0.031542, -0.874668, 8.423309, -0.003513, 0.999412, -0.034098, 0.681752, 0.0, 0.0, 0.0, 1.0],
                [0.882833, -0.012715, -0.469514, -5e-06, -0.469676, -0.03042, -0.882314, 8.425519, -0.003064, 0.999456, -0.032828, 0.680789, 0.0, 0.0, 0.0, 1.0],
                [0.890219, -0.012027, -0.455373, -5e-06, -0.455525, -0.029286, -0.889741, 8.427452, -0.002635, 0.999499, -0.03155, 0.679947, 0.0, 0.0, 0.0, 1.0],
                [0.897384, -0.011356, -0.441105, -5e-06, -0.441245, -0.02814, -0.896945, 8.429052, -0.002227, 0.999539, -0.030264, 0.67925, 0.0, 0.0, 0.0, 1.0],
                [0.904324, -0.010704, -0.426713, -5e-06, -0.426843, -0.026983, -0.903923, 8.430264, -0.001839, 0.999579, -0.02897, 0.678722, 0.0, 0.0, 0.0, 1.0],
                [0.911036, -0.010069, -0.412204, -5e-06, -0.412324, -0.025815, -0.910671, 8.431031, -0.001471, 0.999616, -0.02767, 0.678388, 0.0, 0.0, 0.0, 1.0],
                [0.917518, -0.009453, -0.397583, -5e-06, -0.397693, -0.024636, -0.917188, 8.431299, -0.001125, 0.999652, -0.026364, 0.678271, 0.0, 0.0, 0.0, 1.0],
                [0.923766, -0.008856, -0.382855, -5e-06, -0.382956, -0.023448, -0.923469, 8.430462, -0.000799, 0.999686, -0.025052, 0.678705, 0.0, 0.0, 0.0, 1.0],
                [0.929779, -0.008278, -0.368026, -5e-06, -0.368119, -0.022249, -0.929512, 8.428047, -0.000494, 0.999718, -0.023734, 0.679957, 0.0, 0.0, 0.0, 1.0],
                [0.935553, -0.007719, -0.353103, -5e-06, -0.353187, -0.021042, -0.935316, 8.424195, -0.00021, 0.999749, -0.022412, 0.681953, 0.0, 0.0, 0.0, 1.0],
                [0.941087, -0.00718, -0.33809, -5e-06, -0.338166, -0.019826, -0.940878, 8.419054, 5.3e-05, 0.999778, -0.021086, 0.684619, 0.0, 0.0, 0.0, 1.0],
                [0.946378, -0.00666, -0.322993, -5e-06, -0.323062, -0.018602, -0.946195, 8.412764, 0.000294, 0.999805, -0.019756, 0.68788, 0.0, 0.0, 0.0, 1.0],
                [0.951425, -0.006161, -0.307819, -5e-06, -0.30788, -0.01737, -0.951267, 8.405469, 0.000514, 0.99983, -0.018423, 0.691662, 0.0, 0.0, 0.0, 1.0],
                [0.956226, -0.005681, -0.292574, -5e-06, -0.292628, -0.01613, -0.95609, 8.397313, 0.000712, 0.999854, -0.017087, 0.69589, 0.0, 0.0, 0.0, 1.0],
                [0.96078, -0.005221, -0.277262, -5e-06, -0.27731, -0.014884, -0.960665, 8.38844, 0.000889, 0.999876, -0.015748, 0.70049, 0.0, 0.0, 0.0, 1.0],
                [0.965085, -0.004782, -0.261892, -5e-06, -0.261933, -0.013632, -0.96499, 8.378992, 0.001044, 0.999896, -0.014409, 0.705387, 0.0, 0.0, 0.0, 1.0],
                [0.969141, -0.004363, -0.246468, -5e-06, -0.246504, -0.012374, -0.969063, 8.369116, 0.001178, 0.999914, -0.013068, 0.710508, 0.0, 0.0, 0.0, 1.0],
                [0.972947, -0.003964, -0.230996, -5e-06, -0.231027, -0.011111, -0.972884, 8.358951, 0.00129, 0.99993, -0.011726, 0.715777, 0.0, 0.0, 0.0, 1.0],
                [0.976501, -0.003587, -0.215484, -5e-06, -0.215509, -0.009843, -0.976452, 8.348642, 0.001381, 0.999945, -0.010385, 0.721121, 0.0, 0.0, 0.0, 1.0],
                [0.979804, -0.003229, -0.199936, -5e-06, -0.199957, -0.008571, -0.979767, 8.338334, 0.00145, 0.999958, -0.009043, 0.726465, 0.0, 0.0, 0.0, 1.0],
                [0.982855, -0.002893, -0.184359, -5e-06, -0.184376, -0.007295, -0.982829, 8.32817, 0.001498, 0.999969, -0.007703, 0.731735, 0.0, 0.0, 0.0, 1.0],
                [0.985654, -0.002577, -0.16876, -5e-06, -0.168772, -0.006016, -0.985637, 8.318292, 0.001525, 0.999979, -0.006364, 0.736855, 0.0, 0.0, 0.0, 1.0],
                [0.988201, -0.002282, -0.153143, -5e-06, -0.153152, -0.004734, -0.988191, 8.308845, 0.001531, 0.999986, -0.005027, 0.741753, 0.0, 0.0, 0.0, 1.0],
                [0.990498, -0.002008, -0.137516, -5e-06, -0.137522, -0.00345, -0.990493, 8.299972, 0.001515, 0.999992, -0.003693, 0.746353, 0.0, 0.0, 0.0, 1.0],
                [0.992543, -0.001755, -0.121884, -5e-06, -0.121887, -0.002164, -0.992542, 8.291816, 0.001478, 0.999996, -0.002362, 0.750581, 0.0, 0.0, 0.0, 1.0],
                [0.994338, -0.001522, -0.106253, -5e-06, -0.106254, -0.000877, -0.994339, 8.284521, 0.001421, 0.999998, -0.001034, 0.754362, 0.0, 0.0, 0.0, 1.0],
                [0.995884, -0.001311, -0.090629, -5e-06, -0.090629, 0.000411, -0.995885, 8.278232, 0.001343, 0.999999, 0.000291, 0.757623, 0.0, 0.0, 0.0, 1.0],
                [0.997182, -0.001119, -0.075018, -5e-06, -0.075016, 0.001699, -0.997181, 8.273088, 0.001244, 0.999998, 0.00161, 0.760289, 0.0, 0.0, 0.0, 1.0],
                [0.998232, -0.000949, -0.059426, -5e-06, -0.059423, 0.002987, -0.998228, 8.269238, 0.001125, 0.999995, 0.002925, 0.762285, 0.0, 0.0, 0.0, 1.0],
                [0.999037, -0.000799, -0.043859, -5e-06, -0.043855, 0.004274, -0.999029, 8.266823, 0.000985, 0.999991, 0.004235, 0.763538, 0.0, 0.0, 0.0, 1.0],
                [0.999599, -0.000669, -0.028322, -5e-06, -0.028318, 0.005559, -0.999584, 8.265985, 0.000826, 0.999984, 0.005538, 0.763972, 0.0, 0.0, 0.0, 1.0],
                [0.999599, -0.000669, -0.028322, -5e-06, -0.028318, 0.005559, -0.999584, 8.265985, 0.000826, 0.999984, 0.005538, 0.763972, 0.0, 0.0, 0.0, 1.0]
            ]
        },
        {
            "name": "Thigh_R",
            "time": [0.0, 0.0167, 0.0333, 0.05, 0.0667, 0.0833, 0.1, 0.1167, 0.1333, 0.15, 0.1667, 0.1833, 0.2, 0.2167, 0.2333, 0.25, 0.2667, 0.2833, 0.3, 0.3167, 0.3333, 0.35, 0.3667, 0.3833, 0.4, 0.4167, 0.4333, 0.45, 0.4667, 0.4833, 0.5, 0.5167, 0.5333, 0.55, 0.5667, 0.5833, 0.6, 0.6167, 0.6333, 0.65, 0.6667, 0.6833, 0.7, 0.7167, 0.7333, 0.75, 0.7667, 0.7833, 0.8, 0.8167, 0.8333, 0.85, 0.8667, 0.8833, 0.9, 0.9167, 0.9333, 0.95, 0.9667, 0.9833, 1.0, 1.0167, 1.0333, 1.05, 1.0667, 1.0833, 1.1, 1.1167, 1.1333, 1.15, 1.1667, 1.1833, 1.2, 1.2167, 1.2333, 1.25, 1.2667, 1.2833, 1.3, 1.3167, 1.3333, 1.35, 1.3667, 1.3833, 1.4, 1.4167, 1.4333, 1.45, 1.4667, 1.4833, 1.5, 1.5167, 1.5333, 1.55, 1.5667, 1.5833, 1.6, 1.6167, 1.6333, 1.65, 1.6667, 1.6833, 1.7, 1.7167, 1.7333, 1.75, 1.7667, 1.7833, 1.8, 1.8167, 1.8333, 1.85, 1.8667, 1.8833, 1.9, 1.9167, 1.9333, 1.95, 1.9667, 1.9833, 2.0, 2.0167, 2.0333, 2.05, 2.0667, 2.0833, 2.1, 2.1167, 2.1333, 2.15, 2.1667, 2.1833, 2.2, 2.2167, 2.2333, 2.25, 2.2667, 2.2833, 2.3, 2.3167, 2.3333, 2.35, 2.3667, 2.3833, 2.4, 2.4167, 2.4333, 2.45, 2.4667, 2.4833, 2.5, 2.5167, 2.5333, 2.55, 2.5667, 2.5833, 2.6, 2.6167, 2.6333, 2.65, 2.6667, 2.6833, 2.7, 2.7167, 2.7333, 2.75],
            "transform": [
                [0.592873, -0.302747, -0.746221, 0.113308, 0.54456, -0.531932, 0.648462, 0.03344, -0.593259, -0.790818, -0.150504, -0.038345, 0.0, 0.0, 0.0, 1.0],
                [0.592873, -0.302747, -0.746221, 0.113308, 0.54456, -0.531932, 0.648462, 0.03344, -0.593259, -0.790818, -0.150504, -0.038345, 0.0, 0.0, 0.0, 1.0],
                [0.592873, -0.302747, -0.746221, 0.113308, 0.54456, -0.531932, 0.648462, 0.03344, -0.593259, -0.790818, -0.150504, -0.038345, 0.0, 0.0, 0.0, 1.0],
                [0.592873, -0.302747, -0.746221, 0.113308, 0.54456, -0.531932, 0.648462, 0.03344, -0.593259, -0.790818, -0.150504, -0.038345, 0.0, 0.0, 0.0, 1.0],
                [0.592873, -0.302747, -0.746221, 0.113308, 0.54456, -0.531932, 0.648462, 0.03344, -0.593259, -0.790818, -0.150504, -0.038345, 0.0, 0.0, 0.0, 1.0],
                [0.592873, -0.302747, -0.746221, 0.113308, 0.54456, -0.531932, 0.648462, 0.03344, -0.593259, -0.790818, -0.150504, -0.038345, 0.0, 0.0, 0.0, 1.0],
                [0.592873, -0.302747, -0.746221, 0.113308, 0.54456, -0.531932, 0.648462, 0.03344, -0.593259, -0.790818, -0.150504, -0.038345, 0.0, 0.0, 0.0, 1.0],
                [0.592873, -0.302747, -0.746221, 0.113308, 0.54456, -0.531932, 0.648462, 0.03344, -0.593259, -0.790818, -0.150504, -0.038345, 0.0, 0.0, 0.0, 1.0],
                [0.592873, -0.302747, -0.746221, 0.113308, 0.54456, -0.531932, 0.648462, 0.03344, -0.593259, -0.790818, -0.150504, -0.038345, 0.0, 0.0, 0.0, 1.0],
                [0.592873, -0.302747, -0.746221, 0.113308, 0.54456, -0.531932, 0.648462, 0.033439, -0.593259, -0.790818, -0.150504, -0.038345, 0.0, 0.0, 0.0, 1.0],
                [0.592873, -0.302747, -0.746221, 0.113308, 0.54456, -0.531932, 0.648462, 0.033439, -0.593259, -0.790818, -0.150504, -0.038345, 0.0, 0.0, 0.0, 1.0],
                [0.592873, -0.302747, -0.746221, 0.113308, 0.54456, -0.531932, 0.648462, 0.033439, -0.593259, -0.790818, -0.150504, -0.038345, 0.0, 0.0, 0.0, 1.0],
                [0.592873, -0.302747, -0.746221, 0.113308, 0.54456, -0.531932, 0.648462, 0.03344, -0.593259, -0.790818, -0.150504, -0.038345, 0.0, 0.0, 0.0, 1.0],
                [0.592873, -0.302747, -0.746221, 0.113308, 0.54456, -0.531932, 0.648462, 0.033439, -0.593259, -0.790818, -0.150504, -0.038345, 0.0, 0.0, 0.0, 1.0],
                [0.592873, -0.302747, -0.746221, 0.113308, 0.54456, -0.531932, 0.648462, 0.03344, -0.593259, -0.790818, -0.150504, -0.038345, 0.0, 0.0, 0.0, 1.0],
                [0.592873, -0.302747, -0.746221, 0.113308, 0.54456, -0.531932, 0.648462, 0.03344, -0.593259, -0.790818, -0.150504, -0.038345, 0.0, 0.0, 0.0, 1.0],
                [0.592873, -0.302747, -0.746221, 0.113308, 0.54456, -0.531932, 0.648462, 0.03344, -0.593259, -0.790818, -0.150504, -0.038345, 0.0, 0.0, 0.0, 1.0],
                [0.592873, -0.302747, -0.746221, 0.113308, 0.54456, -0.531932, 0.648462, 0.033439, -0.593259, -0.790818, -0.150504, -0.038345, 0.0, 0.0, 0.0, 1.0],
                [0.592873, -0.302747, -0.746221, 0.113308, 0.54456, -0.531932, 0.648462, 0.03344, -0.593259, -0.790818, -0.150504, -0.038345, 0.0, 0.0, 0.0, 1.0],
                [0.592541, -0.302255, -0.746684, 0.113308, 0.544067, -0.5334, 0.647669, 0.033439, -0.594043, -0.790017, -0.151615, -0.038345, 0.0, 0.0, 0.0, 1.0],
                [0.591567, -0.3008, -0.748042, 0.113308, 0.542606, -0.53771, 0.645326, 0.03344, -0.596344, -0.787647, -0.154876, -0.038345, 0.0, 0.0, 0.0, 1.0],
                [0.589988, -0.298408, -0.750245, 0.113308, 0.540196, -0.544712, 0.641465, 0.033439, -0.600085, -0.783736, -0.160174, -0.038345, 0.0, 0.0, 0.0, 1.0],
                [0.58784, -0.295093, -0.753236, 0.113308, 0.536838, -0.554247, 0.636094, 0.03344, -0.605186, -0.778287, -0.167391, -0.038345, 0.0, 0.0, 0.0, 1.0],
                [0.585165, -0.29086, -0.756956, 0.113308, 0.53252, -0.566147, 0.629206, 0.03344, -0.611559, -0.771284, -0.176401, -0.038345, 0.0, 0.0, 0.0, 1.0],
                [0.582008, -0.285707, -0.76134, 0.113308, 0.527222, -0.580233, 0.620779, 0.033439, -0.619116, -0.762693, -0.187069, -0.038345, 0.0, 0.0, 0.0, 1.0],
                [0.578414, -0.279628, -0.766319, 0.113308, 0.520915, -0.596318, 0.61078, 0.03344, -0.627761, -0.752471, -0.199256, -0.038345, 0.0, 0.0, 0.0, 1.0],
                [0.574436, -0.272615, -0.771819, 0.113308, 0.513569, -0.614198, 0.599172, 0.033439, -0.637394, -0.740568, -0.212811, -0.038345, 0.0, 0.0, 0.0, 1.0],
                [0.570125, -0.26466, -0.777762, 0.113308, 0.505149, -0.633662, 0.585916, 0.03344, -0.647906, -0.72693, -0.227573, -0.038345, 0.0, 0.0, 0.0, 1.0],
                [0.565538, -0.255756, -0.784064, 0.113308, 0.495622, -0.654482, 0.570975, 0.03344, -0.659186, -0.711507, -0.243376, -0.038345, 0.0, 0.0, 0.0, 1.0],
                [0.560733, -0.245901, -0.790639, 0.113308, 0.484961, -0.67642, 0.554318, 0.03344, -0.671112, -0.694254, -0.260039, -0.038346, 0.0, 0.0, 0.0, 1.0],
                [0.555773, -0.235099, -0.797399, 0.113307, 0.473144, -0.699226, 0.535927, 0.03344, -0.683558, -0.675138, -0.277376, -0.038345, 0.0, 0.0, 0.0, 1.0],
                [0.550721, -0.22336, -0.804249, 0.113308, 0.460158, -0.722641, 0.515795, 0.03344, -0.696391, -0.654141, -0.295193, -0.038346, 0.0, 0.0, 0.0, 1.0],
                [0.545641, -0.210707, -0.811097, 0.113308, 0.446004, -0.746397, 0.493935, 0.033439, -0.709476, -0.631264, -0.313289, -0.038345, 0.0, 0.0, 0.0, 1.0],
                [0.540598, -0.197171, -0.817849, 0.113308, 0.430695, -0.770224, 0.470379, 0.033439, -0.722672, -0.60653, -0.331461, -0.038345, 0.0, 0.0, 0.0, 1.0],
                [0.535657, -0.182798, -0.824413, 0.113308, 0.414261, -0.79385, 0.445184, 0.033439, -0.735839, -0.579989, -0.349505, -0.038346, 0.0, 0.0, 0.0, 1.0],
                [0.530879, -0.167643, -0.830701, 0.113307, 0.39675, -0.817009, 0.418432, 0.03344, -0.748837, -0.551717, -0.367221, -0.038345, 0.0, 0.0, 0.0, 1.0],
                [0.526323, -0.151777, -0.836629, 0.113307, 0.378225, -0.839445, 0.390229, 0.03344, -0.761531, -0.52182, -0.384414, -0.038345, 0.0, 0.0, 0.0, 1.0],
                [0.522045, -0.135282, -0.842121, 0.113308, 0.35877, -0.860915, 0.360708, 0.033439, -0.773792, -0.490433, -0.400901, -0.038346, 0.0, 0.0, 0.0, 1.0],
                [0.518092, -0.118253, -0.847111, 0.113308, 0.338485, -0.881197, 0.330028, 0.033439, -0.785499, -0.45772, -0.416515, -0.038345, 0.0, 0.0, 0.0, 1.0],
                [0.514508, -0.100794, -0.851541, 0.113308, 0.317489, -0.900097, 0.298371, 0.033439, -0.796544, -0.423869, -0.431106, -0.038346, 0.0, 0.0, 0.0, 1.0],
                [0.511324, -0.08302, -0.855368, 0.113308, 0.295914, -0.917449, 0.265937, 0.033439, -0.806835, -0.389096, -0.444547, -0.038346, 0.0, 0.0, 0.0, 1.0],
                [0.508568, -0.06505, -0.858561, 0.113307, 0.273904, -0.93312, 0.232945, 0.033439, -0.816294, -0.353631, -0.456737, -0.038346, 0.0, 0.0, 0.0, 1.0],
                [0.506253, -0.047009, -0.861103, 0.113307, 0.251612, -0.947017, 0.199625, 0.033439, -0.824863, -0.317725, -0.467602, -0.038346, 0.0, 0.0, 0.0, 1.0],
                [0.504387, -0.029024, -0.86299, 0.113307, 0.229201, -0.959082, 0.166215, 0.03344, -0.832503, -0.281635, -0.477097, -0.038346, 0.0, 0.0, 0.0, 1.0],
                [0.502966, -0.01122, -0.864233, 0.113307, 0.206833, -0.9693, 0.132956, 0.033439, -0.839193, -0.245624, -0.485205, -0.038345, 0.0, 0.0, 0.0, 1.0],
                [0.501977, 0.006281, -0.864858, 0.113307, 0.184671, -0.977691, 0.100086, 0.03344, -0.844935, -0.209955, -0.491938, -0.038345, 0.0, 0.0, 0.0, 1.0],
                [0.501399, 0.02336, -0.864901, 0.113308, 0.162878, -0.984311, 0.067838, 0.03344, -0.849747, -0.174887, -0.497337, -0.038346, 0.0, 0.0, 0.0, 1.0],
                [0.501202, 0.039908, -0.864409, 0.113308, 0.141606, -0.989252, 0.036435, 0.033439, -0.853665, -0.140667, -0.501467, -0.038345, 0.0, 0.0, 0.0, 1.0],
                [0.501351, 0.055822, -0.863441, 0.113308, 0.121004, -0.992633, 0.006086, 0.033439, -0.856741, -0.107531, -0.504412, -0.038346, 0.0, 0.0, 0.0, 1.0],
                [0.501805, 0.071011, -0.862061, 0.113307, 0.101209, -0.994599, -0.023015, 0.03344, -0.859039, -0.075699, -0.506281, -0.038345, 0.0, 0.0, 0.0, 1.0],
                [0.502517, 0.08539, -0.86034, 0.113308, 0.082346, -0.995314, -0.050689, 0.03344, -0.860637, -0.045374, -0.507193, -0.038345, 0.0, 0.0, 0.0, 1.0],
                [0.503438, 0.098888, -0.858353, 0.113308, 0.064533, -0.994958, -0.076776, 0.03344, -0.861618, -0.01674, -0.507282, -0.038345, 0.0, 0.0, 0.0, 1.0],
                [0.504519, 0.11144, -0.856179, 0.113308, 0.047872, -0.99372, -0.101133, 0.03344, -0.862072, 0.010037, -0.506686, -0.038345, 0.0, 0.0, 0.0, 1.0],
                [0.505707, 0.12299, -0.853893, 0.113307, 0.032457, -0.991797, -0.123631, 0.033439, -0.862094, 0.034806, -0.505551, -0.038346, 0.0, 0.0, 0.0, 1.0],
                [0.506951, 0.13349, -0.851575, 0.113307, 0.018373, -0.989384, -0.144155, 0.033439, -0.861779, 0.057434, -0.504023, -0.038346, 0.0, 0.0, 0.0, 1.0],
                [0.508201, 0.142899, -0.8493, 0.113307, 0.005695, -0.986675, -0.162605, 0.033439, -0.861219, 0.077799, -0.502244, -0.038346, 0.0, 0.0, 0.0, 1.0],
                [0.509409, 0.151177, -0.847141, 0.113307, -0.005505, -0.983854, -0.178885, 0.033439, -0.860507, 0.095789, -0.500352, -0.038346, 0.0, 0.0, 0.0, 1.0],
                [0.510528, 0.15829, -0.845166, 0.113307, -0.015163, -0.981099, -0.192908, 0.033439, -0.859727, 0.111301, -0.498479, -0.038346, 0.0, 0.0, 0.0, 1.0],
                [0.511517, 0.164202, -0.843438, 0.113307, -0.023216, -0.978572, -0.20459, 0.033439, -0.858959, 0.124233, -0.496744, -0.038346, 0.0, 0.0, 0.0, 1.0],
                [0.512337, 0.168877, -0.842016, 0.113307, -0.029601, -0.976419, -0.213844, 0.033439, -0.858274, 0.134485, -0.495257, -0.038346, 0.0, 0.0, 0.0, 1.0],
                [0.512955, 0.172276, -0.840951, 0.113307, -0.034251, -0.974767, -0.220581, 0.033439, -0.857732, 0.141952, -0.494111, -0.038346, 0.0, 0.0, 0.0, 1.0],
                [0.513341, 0.174353, -0.840287, 0.113307, -0.037098, -0.97372, -0.224704, 0.033439, -0.857382, 0.146523, -0.493383, -0.038346, 0.0, 0.0, 0.0, 1.0],
                [0.513474, 0.175059, -0.840059, 0.113307, -0.038066, -0.973359, -0.226104, 0.033439, -0.85726, 0.148076, -0.493131, -0.038346, 0.0, 0.0, 0.0, 1.0],
                [0.513474, 0.175059, -0.840059, 0.113307, -0.038066, -0.973359, -0.226104, 0.033439, -0.85726, 0.148076, -0.493131, -0.038346, 0.0, 0.0, 0.0, 1.0],
                [0.513474, 0.175059, -0.840059, 0.113307, -0.038066, -0.973359, -0.226104, 0.033439, -0.85726, 0.148076, -0.493131, -0.038346, 0.0, 0.0, 0.0, 1.0],
                [0.513474, 0.175059, -0.840059, 0.113307, -0.038066, -0.973359, -0.226104, 0.033439, -0.85726, 0.148076, -0.493131, -0.038346, 0.0, 0.0, 0.0, 1.0],
                [0.513474, 0.175059, -0.840059, 0.113307, -0.038066, -0.973359, -0.226104, 0.033439, -0.85726, 0.148076, -0.493131, -0.038346, 0.0, 0.0, 0.0, 1.0],
                [0.513474, 0.175059, -0.840059, 0.113307, -0.038066, -0.973359, -0.226104, 0.033439, -0.85726, 0.148076, -0.493131, -0.038346, 0.0, 0.0, 0.0, 1.0],
                [0.513474, 0.175059, -0.840059, 0.113307, -0.038066, -0.973359, -0.226104, 0.033439, -0.85726, 0.148076, -0.493131, -0.038346, 0.0, 0.0, 0.0, 1.0],
                [0.513474, 0.175059, -0.840059, 0.113307, -0.038066, -0.973359, -0.226104, 0.033439, -0.85726, 0.148076, -0.493131, -0.038346, 0.0, 0.0, 0.0, 1.0],
