{
    "animation": [
        {
            "name": "Root",
            "time": [0.0, 0.0167, 0.0333, 0.05, 0.0667, 0.0833, 0.1, 0.1167, 0.1333, 0.15, 0.1667, 0.1833, 0.2, 0.2167, 0.2333, 0.25, 0.2667, 0.2833, 0.3, 0.3167, 0.3333, 0.35, 0.3667, 0.3833, 0.4, 0.4167, 0.4333, 0.45, 0.4667, 0.4833, 0.5, 0.5167, 0.5333, 0.55, 0.5667, 0.5833, 0.6, 0.6167, 0.6333, 0.65, 0.6667, 0.6833, 0.7, 0.7167, 0.7333, 0.75, 0.7667, 0.7833, 0.8, 0.8167, 0.8333, 0.85, 0.8667, 0.8833, 0.9, 0.9167, 0.9333, 0.95, 0.9667, 0.9833, 1.0, 1.0167, 1.0333, 1.05, 1.0667, 1.0833, 1.1, 1.1167, 1.1333, 1.15, 1.1667, 1.1833, 1.2, 1.2167, 1.2333, 1.25, 1.2667, 1.2833, 1.3, 1.3167, 1.3333, 1.35, 1.3667, 1.3833, 1.4, 1.4167, 1.4333, 1.45, 1.4667, 1.4833, 1.5, 1.5167, 1.5333, 1.55, 1.5667, 1.5833, 1.6, 1.6167, 1.6333, 1.65, 1.6667, 1.6833, 1.7, 1.7167, 1.7333, 1.75, 1.7667, 1.7833, 1.8, 1.8167, 1.8333, 1.85, 1.8667, 1.8833, 1.9, 1.9167, 1.9333, 1.95, 1.9667, 1.9833, 2.0, 2.1333],
            "transform": [
                [0.766044, 0.0, -0.642788, -5e-06, -0.642788, 0.0, -0.766044, 0.000946, 0.0, 1.0, 0.0, 0.763972, 0.0, 0.0, 0.0, 1.0],
                [0.766044, 0.0, -0.642788, -5e-06, -0.642788, 0.0, -0.766044, 0.001784, 0.0, 1.0, 0.0, 0.763972, 0.0, 0.0, 0.0, 1.0],
                [0.766044, 0.0, -0.642788, -5e-06, -0.642788, 0.0, -0.766044, 0.004165, 0.0, 1.0, 0.0, 0.763972, 0.0, 0.0, 0.0, 1.0],
                [0.766044, 0.0, -0.642788, -5e-06, -0.642788, 0.0, -0.766044, 0.007896, 0.0, 1.0, 0.0, 0.763972, 0.0, 0.0, 0.0, 1.0],
                [0.766044, 0.0, -0.642788, -5e-06, -0.642788, 0.0, -0.766044, 0.012778, 0.0, 1.0, 0.0, 0.763972, 0.0, 0.0, 0.0, 1.0],
                [0.766044, 0.0, -0.642788, -5e-06, -0.642788, 0.0, -0.766044, 0.018618, 0.0, 1.0, 0.0, 0.763972, 0.0, 0.0, 0.0, 1.0],
                [0.766044, 0.0, -0.642788, -5e-06, -0.642788, 0.0, -0.766044, 0.02522, 0.0, 1.0, 0.0, 0.763972, 0.0, 0.0, 0.0, 1.0],
                [0.766044, 0.0, -0.642788, -5e-06, -0.642788, 0.0, -0.766044, 0.032386, 0.0, 1.0, 0.0, 0.763972, 0.0, 0.0, 0.0, 1.0],
                [0.766044, 0.0, -0.642788, -5e-06, -0.642788, 0.0, -0.766044, 0.039923, 0.0, 1.0, 0.0, 0.763972, 0.0, 0.0, 0.0, 1.0],
                [0.766044, 0.0, -0.642788, -5e-06, -0.642788, 0.0, -0.766044, 0.047633, 0.0, 1.0, 0.0, 0.763972, 0.0, 0.0, 0.0, 1.0],
                [0.766044, 0.0, -0.642788, -5e-06, -0.642788, 0.0, -0.766044, 0.055322, 0.0, 1.0, 0.0, 0.763972, 0.0, 0.0, 0.0, 1.0],
                [0.766044, 0.0, -0.642788, -5e-06, -0.642788, 0.0, -0.766044, 0.062793, 0.0, 1.0, 0.0, 0.763972, 0.0, 0.0, 0.0, 1.0],
                [0.766044, 0.0, -0.642788, -5e-06, -0.642788, 0.0, -0.766044, 0.069851, 0.0, 1.0, 0.0, 0.763972, 0.0, 0.0, 0.0, 1.0],
                [0.766044, 0.0, -0.642788, -5e-06, -0.642788, 0.0, -0.766044, 0.0763, 0.0, 1.0, 0.0, 0.763972, 0.0, 0.0, 0.0, 1.0],
                [0.766044, 0.0, -0.642788, -5e-06, -0.642788, 0.0, -0.766044, 0.081944, 0.0, 1.0, 0.0, 0.763972, 0.0, 0.0, 0.0, 1.0],
                [0.766044, 0.0, -0.642788, -5e-06, -0.642788, 0.0, -0.766044, 0.086587, 0.0, 1.0, 0.0, 0.763972, 0.0, 0.0, 0.0, 1.0],
                [0.766044, 0.0, -0.642788, -5e-06, -0.642788, 0.0, -0.766044, 0.090035, 0.0, 1.0, 0.0, 0.763972, 0.0, 0.0, 0.0, 1.0],
                [0.766044, 0.0, -0.642788, -5e-06, -0.642788, 0.0, -0.766044, 0.093168, 0.0, 1.0, 0.0, 0.763972, 0.0, 0.0, 0.0, 1.0],
                [0.766044, 0.0, -0.642788, -5e-06, -0.642788, 0.0, -0.766044, 0.101182, 0.0, 1.0, 0.0, 0.763972, 0.0, 0.0, 0.0, 1.0],
                [0.766044, 0.0, -0.642788, -5e-06, -0.642788, 0.0, -0.766044, 0.120348, 0.0, 1.0, 0.0, 0.763972, 0.0, 0.0, 0.0, 1.0],
                [0.766044, 0.0, -0.642788, -5e-06, -0.642788, 0.0, -0.766044, 0.156939, 0.0, 1.0, 0.0, 0.763972, 0.0, 0.0, 0.0, 1.0],
                [0.766044, 0.0, -0.642788, -5e-06, -0.642788, 0.0, -0.766044, 0.217227, 0.0, 1.0, 0.0, 0.763972, 0.0, 0.0, 0.0, 1.0],
                [0.766044, 0.0, -0.642788, -5e-06, -0.642788, 0.0, -0.766044, 0.307484, 0.0, 1.0, 0.0, 0.763972, 0.0, 0.0, 0.0, 1.0],
                [0.766044, 0.0, -0.642788, -5e-06, -0.642788, 0.0, -0.766044, 0.433983, 0.0, 1.0, 0.0, 0.763972, 0.0, 0.0, 0.0, 1.0],
                [0.766044, 0.0, -0.642788, -5e-06, -0.642788, 0.0, -0.766044, 0.602996, 0.0, 1.0, 0.0, 0.763972, 0.0, 0.0, 0.0, 1.0],
                [0.766044, 0.0, -0.642788, -5e-06, -0.642788, 0.0, -0.766044, 0.843496, 0.0, 1.0, 0.0, 0.761078, 0.0, 0.0, 0.0, 1.0],
                [0.766044, 0.0, -0.642788, -5e-06, -0.642788, 0.0, -0.766044, 1.167065, 0.0, 1.0, 0.0, 0.753076, 0.0, 0.0, 0.0, 1.0],
                [0.766044, 0.0, -0.642788, -5e-06, -0.642788, 0.0, -0.766044, 1.553881, 0.0, 1.0, 0.0, 0.74099, 0.0, 0.0, 0.0, 1.0],
                [0.766044, 0.0, -0.642788, -5e-06, -0.642788, 0.0, -0.766044, 1.984127, 0.0, 1.0, 0.0, 0.725839, 0.0, 0.0, 0.0, 1.0],
                [0.766044, 0.0, -0.642788, -5e-06, -0.642788, 0.0, -0.766044, 2.437981, 0.0, 1.0, 0.0, 0.708645, 0.0, 0.0, 0.0, 1.0],
                [0.766044, 0.0, -0.642788, -5e-06, -0.642788, 0.0, -0.766044, 2.895625, 0.0, 1.0, 0.0, 0.690429, 0.0, 0.0, 0.0, 1.0],
                [0.766044, 0.0, -0.642788, -5e-06, -0.642788, 0.0, -0.766044, 3.337239, 0.0, 1.0, 0.0, 0.672214, 0.0, 0.0, 0.0, 1.0],
                [0.766044, 0.0, -0.642788, -5e-06, -0.642788, 0.0, -0.766044, 3.743003, 0.0, 1.0, 0.0, 0.65502, 0.0, 0.0, 0.0, 1.0],
                [0.766044, 0.0, -0.642788, -5e-06, -0.642788, 0.0, -0.766044, 4.093098, 0.0, 1.0, 0.0, 0.639869, 0.0, 0.0, 0.0, 1.0],
                [0.766044, 0.0, -0.642788, -5e-06, -0.642788, 0.0, -0.766044, 4.367704, 0.0, 1.0, 0.0, 0.627782, 0.0, 0.0, 0.0, 1.0],
                [0.766044, 0.0, -0.642788, -5e-06, -0.642788, 0.0, -0.766044, 4.547002, 0.0, 1.0, 0.0, 0.619781, 0.0, 0.0, 0.0, 1.0],
                [0.766044, 0.0, -0.642788, -5e-06, -0.642788, 0.0, -0.766044, 4.611173, 0.0, 1.0, 0.0, 0.616887, 0.0, 0.0, 0.0, 1.0],
                [0.766044, 0.0, -0.642788, -5e-06, -0.642788, 0.0, -0.766044, 4.611173, 0.0, 1.0, 0.0, 0.616887, 0.0, 0.0, 0.0, 1.0],
                [0.766044, 0.0, -0.642788, -5e-06, -0.642788, 0.0, -0.766044, 4.611173, 0.0, 1.0, 0.0, 0.616887, 0.0, 0.0, 0.0, 1.0],
                [0.766044, 0.0, -0.642788, -5e-06, -0.642788, 0.0, -0.766044, 4.611173, 0.0, 1.0, 0.0, 0.616887, 0.0, 0.0, 0.0, 1.0],
                [0.766044, 0.0, -0.642788, -5e-06, -0.642788, 0.0, -0.766044, 4.611173, 0.0, 1.0, 0.0, 0.616887, 0.0, 0.0, 0.0, 1.0],
                [0.766044, 0.0, -0.642788, -5e-06, -0.642788, 0.0, -0.766044, 4.611173, 0.0, 1.0, 0.0, 0.616887, 0.0, 0.0, 0.0, 1.0],
                [0.766044, 0.0, -0.642788, -5e-06, -0.642788, 0.0, -0.766044, 4.611173, 0.0, 1.0, 0.0, 0.616887, 0.0, 0.0, 0.0, 1.0],
                [0.766044, 0.0, -0.642788, -5e-06, -0.642788, 0.0, -0.766044, 4.611173, 0.0, 1.0, 0.0, 0.616887, 0.0, 0.0, 0.0, 1.0],
                [0.766044, 0.0, -0.642788, -5e-06, -0.642788, 0.0, -0.766044, 4.611173, 0.0, 1.0, 0.0, 0.616887, 0.0, 0.0, 0.0, 1.0],
                [0.766044, 0.0, -0.642788, -5e-06, -0.642788, 0.0, -0.766044, 4.611173, 0.0, 1.0, 0.0, 0.616887, 0.0, 0.0, 0.0, 1.0],
                [0.766044, 0.0, -0.642788, -5e-06, -0.642788, 0.0, -0.766044, 4.611173, 0.0, 1.0, 0.0, 0.616887, 0.0, 0.0, 0.0, 1.0],
                [0.766044, 0.0, -0.642788, -5e-06, -0.642788, 0.0, -0.766044, 4.611173, 0.0, 1.0, 0.0, 0.616887, 0.0, 0.0, 0.0, 1.0],
                [0.766044, 0.0, -0.642788, -5e-06, -0.642788, 0.0, -0.766044, 4.611173, 0.0, 1.0, 0.0, 0.616887, 0.0, 0.0, 0.0, 1.0],
                [0.766044, 0.0, -0.642788, -5e-06, -0.642788, 0.0, -0.766044, 4.611173, 0.0, 1.0, 0.0, 0.616887, 0.0, 0.0, 0.0, 1.0],
                [0.766044, 0.0, -0.642788, -5e-06, -0.642788, 0.0, -0.766044, 4.611173, 0.0, 1.0, 0.0, 0.616887, 0.0, 0.0, 0.0, 1.0],
                [0.766044, 0.0, -0.642788, -5e-06, -0.642788, 0.0, -0.766044, 4.611173, 0.0, 1.0, 0.0, 0.616887, 0.0, 0.0, 0.0, 1.0],
                [0.766044, 0.0, -0.642788, -5e-06, -0.642788, 0.0, -0.766044, 4.611173, 0.0, 1.0, 0.0, 0.616887, 0.0, 0.0, 0.0, 1.0],
                [0.766044, 0.0, -0.642788, -5e-06, -0.642788, 0.0, -0.766044, 4.611173, 0.0, 1.0, 0.0, 0.616887, 0.0, 0.0, 0.0, 1.0],
                [0.766044, 0.0, -0.642788, -5e-06, -0.642788, 0.0, -0.766044, 4.611173, 0.0, 1.0, 0.0, 0.616887, 0.0, 0.0, 0.0, 1.0],
                [0.766044, 0.0, -0.642788, -5e-06, -0.642788, 0.0, -0.766044, 4.611173, 0.0, 1.0, 0.0, 0.616887, 0.0, 0.0, 0.0, 1.0],
                [0.766044, 0.0, -0.642788, -5e-06, -0.642788, 0.0, -0.766044, 4.611173, 0.0, 1.0, 0.0, 0.616887, 0.0, 0.0, 0.0, 1.0],
                [0.766044, 0.0, -0.642788, -5e-06, -0.642788, 0.0, -0.766044, 4.611173, 0.0, 1.0, 0.0, 0.616887, 0.0, 0.0, 0.0, 1.0],
                [0.766044, 0.0, -0.642788, -5e-06, -0.642788, 0.0, -0.766044, 4.611173, 0.0, 1.0, 0.0, 0.616887, 0.0, 0.0, 0.0, 1.0],
                [0.766044, 0.0, -0.642788, -5e-06, -0.642788, 0.0, -0.766044, 4.611173, 0.0, 1.0, 0.0, 0.616887, 0.0, 0.0, 0.0, 1.0],
                [0.766044, 0.0, -0.642788, -5e-06, -0.642788, 0.0, -0.766044, 4.611173, 0.0, 1.0, 0.0, 0.616887, 0.0, 0.0, 0.0, 1.0],
                [0.766044, 0.0, -0.642788, -5e-06, -0.642788, 0.0, -0.766044, 4.611173, 0.0, 1.0, 0.0, 0.616887, 0.0, 0.0, 0.0, 1.0],
                [0.766044, 0.0, -0.642788, -5e-06, -0.642788, 0.0, -0.766044, 4.611173, 0.0, 1.0, 0.0, 0.616887, 0.0, 0.0, 0.0, 1.0],
                [0.766044, 0.0, -0.642788, -5e-06, -0.642788, 0.0, -0.766044, 4.611173, 0.0, 1.0, 0.0, 0.616887, 0.0, 0.0, 0.0, 1.0],
                [0.766044, 0.0, -0.642788, -5e-06, -0.642788, 0.0, -0.766044, 4.611173, 0.0, 1.0, 0.0, 0.616887, 0.0, 0.0, 0.0, 1.0],
                [0.766044, 0.0, -0.642788, -5e-06, -0.642788, 0.0, -0.766044, 4.611173, 0.0, 1.0, 0.0, 0.616887, 0.0, 0.0, 0.0, 1.0],
                [0.766044, 0.0, -0.642788, -5e-06, -0.642788, 0.0, -0.766044, 4.611173, 0.0, 1.0, 0.0, 0.616887, 0.0, 0.0, 0.0, 1.0],
                [0.766044, 0.0, -0.642788, -5e-06, -0.642788, 0.0, -0.766044, 4.611173, 0.0, 1.0, 0.0, 0.616887, 0.0, 0.0, 0.0, 1.0],
                [0.766044, 0.0, -0.642788, -5e-06, -0.642788, 0.0, -0.766044, 4.611173, 0.0, 1.0, 0.0, 0.616887, 0.0, 0.0, 0.0, 1.0],
                [0.766044, 0.0, -0.642788, -5e-06, -0.642788, 0.0, -0.766044, 4.611173, 0.0, 1.0, 0.0, 0.616887, 0.0, 0.0, 0.0, 1.0],
                [0.766044, 0.0, -0.642788, -5e-06, -0.642788, 0.0, -0.766044, 4.611173, 0.0, 1.0, 0.0, 0.616887, 0.0, 0.0, 0.0, 1.0],
                [0.766044, 0.0, -0.642788, -5e-06, -0.642788, 0.0, -0.766044, 4.611173, 0.0, 1.0, 0.0, 0.616887, 0.0, 0.0, 0.0, 1.0],
                [0.766044, 0.0, -0.642788, -5e-06, -0.642788, 0.0, -0.766044, 4.611173, 0.0, 1.0, 0.0, 0.616887, 0.0, 0.0, 0.0, 1.0],
                [0.766044, 0.0, -0.642788, -5e-06, -0.642788, 0.0, -0.766044, 4.611173, 0.0, 1.0, 0.0, 0.616887, 0.0, 0.0, 0.0, 1.0],
                [0.766044, 0.0, -0.642788, -5e-06, -0.642788, 0.0, -0.766044, 4.611173, 0.0, 1.0, 0.0, 0.616887, 0.0, 0.0, 0.0, 1.0],
                [0.766044, 0.0, -0.642788, -5e-06, -0.642788, 0.0, -0.766044, 4.611173, 0.0, 1.0, 0.0, 0.616887, 0.0, 0.0, 0.0, 1.0],
                [0.766044, 0.0, -0.642788, -5e-06, -0.642788, 0.0, -0.766044, 4.611173, 0.0, 1.0, 0.0, 0.616887, 0.0, 0.0, 0.0, 1.0],
                [0.766044, 0.0, -0.642788, -5e-06, -0.642788, 0.0, -0.766044, 4.611173, 0.0, 1.0, 0.0, 0.616887, 0.0, 0.0, 0.0, 1.0],
                [0.766044, 0.0, -0.642788, -5e-06, -0.642788, 0.0, -0.766044, 4.611173, 0.0, 1.0, 0.0, 0.616887, 0.0, 0.0, 0.0, 1.0],
                [0.766044, 0.0, -0.642788, -5e-06, -0.642788, 0.0, -0.766044, 4.611173, 0.0, 1.0, 0.0, 0.616887, 0.0, 0.0, 0.0, 1.0],
                [0.766044, 0.0, -0.642788, -5e-06, -0.642788, 0.0, -0.766044, 4.611173, 0.0, 1.0, 0.0, 0.616887, 0.0, 0.0, 0.0, 1.0],
                [0.766044, 0.0, -0.642788, -5e-06, -0.642788, 0.0, -0.766044, 4.611173, 0.0, 1.0, 0.0, 0.616887, 0.0, 0.0, 0.0, 1.0],
                [0.766044, 0.0, -0.642788, -5e-06, -0.642788, 0.0, -0.766044, 4.611173, 0.0, 1.0, 0.0, 0.616887, 0.0, 0.0, 0.0, 1.0],
                [0.766044, 0.0, -0.642788, -5e-06, -0.642788, 0.0, -0.766044, 4.611173, 0.0, 1.0, 0.0, 0.616887, 0.0, 0.0, 0.0, 1.0],
                [0.766044, 0.0, -0.642788, -5e-06, -0.642788, 0.0, -0.766044, 4.611173, 0.0, 1.0, 0.0, 0.616887, 0.0, 0.0, 0.0, 1.0],
                [0.766044, 0.0, -0.642788, -5e-06, -0.642788, 0.0, -0.766044, 4.611173, 0.0, 1.0, 0.0, 0.616887, 0.0, 0.0, 0.0, 1.0],
                [0.766044, 0.0, -0.642788, -5e-06, -0.642788, 0.0, -0.766044, 4.611173, 0.0, 1.0, 0.0, 0.616887, 0.0, 0.0, 0.0, 1.0],
                [0.766044, 0.0, -0.642788, -5e-06, -0.642788, 0.0, -0.766044, 4.611173, 0.0, 1.0, 0.0, 0.616887, 0.0, 0.0, 0.0, 1.0],
                [0.766044, 0.0, -0.642788, -5e-06, -0.642788, 0.0, -0.766044, 4.611173, 0.0, 1.0, 0.0, 0.616887, 0.0, 0.0, 0.0, 1.0],
                [0.767305, 0.0, -0.641283, -5e-06, -0.641283, 0.0, -0.767305, 4.609838, 0.0, 1.0, 0.0, 0.617309, 0.0, 0.0, 0.0, 1.0],
                [0.770963, 0.0, -0.63688, -5e-06, -0.63688, 0.0, -0.770963, 4.605944, 0.0, 1.0, 0.0, 0.618539, 0.0, 0.0, 0.0, 1.0],
                [0.776819, 0.0, -0.629724, -5e-06, -0.629724, 0.0, -0.776819, 4.599663, 0.0, 1.0, 0.0, 0.620523, 0.0, 0.0, 0.0, 1.0],
                [0.78465, 0.0, -0.619939, -5e-06, -0.619939, 0.0, -0.78465, 4.591166, 0.0, 1.0, 0.0, 0.623207, 0.0, 0.0, 0.0, 1.0],
                [0.794217, 0.0, -0.607635, -5e-06, -0.607635, 0.0, -0.794217, 4.580623, 0.0, 1.0, 0.0, 0.626538, 0.0, 0.0, 0.0, 1.0],
                [0.805266, 0.0, -0.592914, -5e-06, -0.592914, 0.0, -0.805266, 4.568203, 0.0, 1.0, 0.0, 0.630461, 0.0, 0.0, 0.0, 1.0],
                [0.817534, 0.0, -0.57588, -5e-06, -0.57588, 0.0, -0.817534, 4.55408, 0.0, 1.0, 0.0, 0.634923, 0.0, 0.0, 0.0, 1.0],
                [0.830753, 0.0, -0.556642, -5e-06, -0.556642, 0.0, -0.830753, 4.53842, 0.0, 1.0, 0.0, 0.639869, 0.0, 0.0, 0.0, 1.0],
                [0.844649, 0.0, -0.535321, -5e-06, -0.535321, 0.0, -0.844649, 4.521397, 0.0, 1.0, 0.0, 0.645247, 0.0, 0.0, 0.0, 1.0],
                [0.858953, 0.0, -0.512054, -5e-06, -0.512054, 0.0, -0.858953, 4.503181, 0.0, 1.0, 0.0, 0.651001, 0.0, 0.0, 0.0, 1.0],
                [0.873402, 0.0, -0.487, -5e-06, -0.487, 0.0, -0.873402, 4.483941, 0.0, 1.0, 0.0, 0.657079, 0.0, 0.0, 0.0, 1.0],
                [0.887744, 0.0, -0.460338, -5e-06, -0.460338, 0.0, -0.887744, 4.463848, 0.0, 1.0, 0.0, 0.663426, 0.0, 0.0, 0.0, 1.0],
                [0.901744, 0.0, -0.43227, -5e-06, -0.43227, 0.0, -0.901744, 4.443074, 0.0, 1.0, 0.0, 0.669988, 0.0, 0.0, 0.0, 1.0],
                [0.915189, 0.0, -0.403026, -5e-06, -0.403026, 0.0, -0.915189, 4.421788, 0.0, 1.0, 0.0, 0.676712, 0.0, 0.0, 0.0, 1.0],
                [0.927891, 0.0, -0.372852, -5e-06, -0.372852, 0.0, -0.927891, 4.400161, 0.0, 1.0, 0.0, 0.683544, 0.0, 0.0, 0.0, 1.0],
                [0.939693, 0.0, -0.34202, -5e-06, -0.34202, 0.0, -0.939693, 4.378363, 0.0, 1.0, 0.0, 0.690429, 0.0, 0.0, 0.0, 1.0],
                [0.95047, 0.0, -0.310815, -5e-06, -0.310815, 0.0, -0.95047, 4.356566, 0.0, 1.0, 0.0, 0.697315, 0.0, 0.0, 0.0, 1.0],
                [0.960135, 0.0, -0.279536, -5e-06, -0.279536, 0.0, -0.960135, 4.334939, 0.0, 1.0, 0.0, 0.704147, 0.0, 0.0, 0.0, 1.0],
                [0.968634, 0.0, -0.248491, -5e-06, -0.248491, 0.0, -0.968634, 4.313653, 0.0, 1.0, 0.0, 0.710871, 0.0, 0.0, 0.0, 1.0],
                [0.975951, 0.0, -0.217992, -5e-06, -0.217992, 0.0, -0.975951, 4.292879, 0.0, 1.0, 0.0, 0.717433, 0.0, 0.0, 0.0, 1.0],
                [0.982102, 0.0, -0.188348, -5e-06, -0.188348, 0.0, -0.982102, 4.272787, 0.0, 1.0, 0.0, 0.72378, 0.0, 0.0, 0.0, 1.0],
                [0.987138, 0.0, -0.159868, -5e-06, -0.159868, 0.0, -0.987138, 4.253547, 0.0, 1.0, 0.0, 0.729858, 0.0, 0.0, 0.0, 1.0],
                [0.991136, 0.0, -0.13285, -5e-06, -0.13285, 0.0, -0.991136, 4.23533, 0.0, 1.0, 0.0, 0.735612, 0.0, 0.0, 0.0, 1.0],
                [0.994196, 0.0, -0.107585, -5e-06, -0.107585, 0.0, -0.994196, 4.218307, 0.0, 1.0, 0.0, 0.74099, 0.0, 0.0, 0.0, 1.0],
                [0.996436, 0.0, -0.084351, -5e-06, -0.084351, 0.0, -0.996436, 4.202648, 0.0, 1.0, 0.0, 0.745936, 0.0, 0.0, 0.0, 1.0],
                [0.997987, 0.0, -0.063416, -5e-06, -0.063416, 0.0, -0.997987, 4.188524, 0.0, 1.0, 0.0, 0.750398, 0.0, 0.0, 0.0, 1.0],
                [0.998985, 0.0, -0.045037, -5e-06, -0.045037, 0.0, -0.998985, 4.176105, 0.0, 1.0, 0.0, 0.754321, 0.0, 0.0, 0.0, 1.0],
                [0.999566, 0.0, -0.029462, -5e-06, -0.029462, 0.0, -0.999566, 4.165561, 0.0, 1.0, 0.0, 0.757652, 0.0, 0.0, 0.0, 1.0],
                [0.999857, 0.0, -0.016933, -5e-06, -0.016933, 0.0, -0.999857, 4.157064, 0.0, 1.0, 0.0, 0.760336, 0.0, 0.0, 0.0, 1.0],
                [0.99997, 0.0, -0.007687, -5e-06, -0.007687, 0.0, -0.99997, 4.150784, 0.0, 1.0, 0.0, 0.76232, 0.0, 0.0, 0.0, 1.0],
                [0.999998, 0.0, -0.001963, -5e-06, -0.001963, 0.0, -0.999998, 4.14689, 0.0, 1.0, 0.0, 0.76355, 0.0, 0.0, 0.0, 1.0],
                [1.0, 0.0, 0.0, -5e-06, 0.0, 0.0, -1.0, 4.145554, 0.0, 1.0, 0.0, 0.763972, 0.0, 0.0, 0.0, 1.0],
                [1.0, 0.0, 0.0, -5e-06, 0.0, 0.0, -1.0, 4.145554, 0.0, 1.0, 0.0, 0.763972, 0.0, 0.0, 0.0, 1.0]
            ]
        },
        {
            "name": "Thigh_R",
            "time": [0.0, 0.0167, 0.0333, 0.05, 0.0667, 0.0833, 0.1, 0.1167, 0.1333, 0.15, 0.1667, 0.1833, 0.2, 0.2167, 0.2333, 0.25, 0.2667, 0.2833, 0.3, 0.3167, 0.3333, 0.35, 0.3667, 0.3833, 0.4, 0.4167, 0.4333, 0.45, 0.4667, 0.4833, 0.5, 0.5167, 0.5333, 0.55, 0.5667, 0.5833, 0.6, 0.6167, 0.6333, 0.65, 0.6667, 0.6833, 0.7, 0.7167, 0.7333, 0.75, 0.7667, 0.7833, 0.8, 0.8167, 0.8333, 0.85, 0.8667, 0.8833, 0.9, 0.9167, 0.9333, 0.95, 0.9667, 0.9833, 1.0, 1.0167, 1.0333, 1.05, 1.0667, 1.0833, 1.1, 1.1167, 1.1333, 1.15, 1.1667, 1.1833, 1.2, 1.2167, 1.2333, 1.25, 1.2667, 1.2833, 1.3, 1.3167, 1.3333, 1.35, 1.3667, 1.3833, 1.4, 1.4167, 1.4333, 1.45, 1.4667, 1.4833, 1.5, 1.5167, 1.5333, 1.55, 1.5667, 1.5833, 1.6, 1.6167, 1.6333, 1.65, 1.6667, 1.6833, 1.7, 1.7167, 1.7333, 1.75, 1.7667, 1.7833, 1.8, 1.8167, 1.8333, 1.85, 1.8667, 1.8833, 1.9, 1.9167, 1.9333, 1.95, 1.9667, 1.9833, 2.0, 2.0167, 2.0333, 2.05, 2.0667, 2.0833, 2.1, 2.1167, 2.1333],
            "transform": [
                [0.90798, -0.322978, -0.26694, 0.113308, 0.093081, -0.465677, 0.880046, 0.03344, -0.408543, -0.823912, -0.392762, -0.038345, 0.0, 0.0, 0.0, 1.0],
                [0.90798, -0.322978, -0.26694, 0.113308, 0.093081, -0.465677, 0.880046, 0.03344, -0.408543, -0.823912, -0.392762, -0.038345, 0.0, 0.0, 0.0, 1.0],
                [0.90798, -0.322978, -0.26694, 0.113308, 0.093081, -0.465677, 0.880046, 0.03344, -0.408543, -0.823912, -0.392762, -0.038345, 0.0, 0.0, 0.0, 1.0],
                [0.90798, -0.322978, -0.26694, 0.113308, 0.093081, -0.465677, 0.880046, 0.03344, -0.408543, -0.823912, -0.392762, -0.038345, 0.0, 0.0, 0.0, 1.0],
                [0.90798, -0.322978, -0.26694, 0.113308, 0.093081, -0.465677, 0.880046, 0.03344, -0.408543, -0.823912, -0.392762, -0.038345, 0.0, 0.0, 0.0, 1.0],
                [0.90798, -0.322978, -0.26694, 0.113308, 0.093081, -0.465677, 0.880046, 0.03344, -0.408543, -0.823912, -0.392762, -0.038345, 0.0, 0.0, 0.0, 1.0],
                [0.90798, -0.322978, -0.26694, 0.113308, 0.093081, -0.465677, 0.880046, 0.03344, -0.408543, -0.823912, -0.392762, -0.038345, 0.0, 0.0, 0.0, 1.0],
                [0.90798, -0.322978, -0.26694, 0.113308, 0.093081, -0.465677, 0.880046, 0.03344, -0.408543, -0.823912, -0.392762, -0.038345, 0.0, 0.0, 0.0, 1.0],
                [0.90798, -0.322978, -0.26694, 0.113308, 0.093081, -0.465677, 0.880046, 0.03344, -0.408543, -0.823912, -0.392762, -0.038345, 0.0, 0.0, 0.0, 1.0],
                [0.90798, -0.322978, -0.26694, 0.113308, 0.093081, -0.465677, 0.880046, 0.03344, -0.408543, -0.823912, -0.392762, -0.038345, 0.0, 0.0, 0.0, 1.0],
                [0.90798, -0.322978, -0.26694, 0.113308, 0.093081, -0.465677, 0.880046, 0.03344, -0.408543, -0.823912, -0.392762, -0.038345, 0.0, 0.0, 0.0, 1.0],
                [0.90798, -0.322978, -0.26694, 0.113308, 0.093081, -0.465677, 0.880046, 0.03344, -0.408543, -0.823912, -0.392762, -0.038345, 0.0, 0.0, 0.0, 1.0],
                [0.90798, -0.322978, -0.26694, 0.113308, 0.093081, -0.465677, 0.880046, 0.03344, -0.408543, -0.823912, -0.392762, -0.038345, 0.0, 0.0, 0.0, 1.0],
                [0.90798, -0.322978, -0.26694, 0.113308, 0.093081, -0.465677, 0.880046, 0.03344, -0.408543, -0.823912, -0.392762, -0.038345, 0.0, 0.0, 0.0, 1.0],
                [0.90798, -0.322978, -0.26694, 0.113308, 0.093081, -0.465677, 0.880046, 0.03344, -0.408543, -0.823912, -0.392762, -0.038345, 0.0, 0.0, 0.0, 1.0],
                [0.90798, -0.322978, -0.26694, 0.113308, 0.093081, -0.465677, 0.880046, 0.03344, -0.408543, -0.823912, -0.392762, -0.038345, 0.0, 0.0, 0.0, 1.0],
                [0.90798, -0.322978, -0.26694, 0.113308, 0.093081, -0.465677, 0.880046, 0.03344, -0.408543, -0.823912, -0.392762, -0.038345, 0.0, 0.0, 0.0, 1.0],
                [0.90798, -0.322978, -0.26694, 0.113308, 0.093081, -0.465677, 0.880046, 0.03344, -0.408543, -0.823912, -0.392762, -0.038345, 0.0, 0.0, 0.0, 1.0],
                [0.90798, -0.320204, -0.270261, 0.113308, 0.093081, -0.474741, 0.875189, 0.03344, -0.408543, -0.819811, -0.401251, -0.038345, 0.0, 0.0, 0.0, 1.0],
                [0.90798, -0.31204, -0.279648, 0.113308, 0.093081, -0.500513, 0.86071, 0.03344, -0.408543, -0.807538, -0.425411, -0.038345, 0.0, 0.0, 0.0, 1.0],
                [0.90798, -0.298461, -0.294096, 0.113308, 0.093081, -0.54067, 0.836069, 0.03344, -0.408543, -0.78651, -0.463136, -0.038345, 0.0, 0.0, 0.0, 1.0],
                [0.90798, -0.279243, -0.312402, 0.113308, 0.093081, -0.592517, 0.800162, 0.03344, -0.408543, -0.75561, -0.512002, -0.038345, 0.0, 0.0, 0.0, 1.0],
                [0.90798, -0.254141, -0.333142, 0.113308, 0.093081, -0.652862, 0.751736, 0.03344, -0.408543, -0.713571, -0.56913, -0.038345, 0.0, 0.0, 0.0, 1.0],
                [0.90798, -0.223084, -0.35469, 0.113308, 0.093081, -0.717953, 0.68984, 0.03344, -0.408543, -0.659376, -0.631122, -0.038345, 0.0, 0.0, 0.0, 1.0],
                [0.90798, -0.186345, -0.375296, 0.113308, 0.093081, -0.783587, 0.61427, 0.03344, -0.408543, -0.592678, -0.694136, -0.038345, 0.0, 0.0, 0.0, 1.0],
                [0.90798, -0.144676, -0.393244, 0.113308, 0.093081, -0.845407, 0.525949, 0.03344, -0.408543, -0.514155, -0.754147, -0.038345, 0.0, 0.0, 0.0, 1.0],
                [0.90798, -0.099346, -0.407065, 0.113308, 0.093081, -0.899389, 0.427123, 0.03344, -0.408543, -0.425709, -0.807381, -0.038345, 0.0, 0.0, 0.0, 1.0],
                [0.90798, -0.052064, -0.415765, 0.113308, 0.093081, -0.942396, 0.321288, 0.03344, -0.408543, -0.330423, -0.850831, -0.038345, 0.0, 0.0, 0.0, 1.0],
                [0.907981, -0.004783, -0.418985, 0.113308, 0.093081, -0.972648, 0.21282, 0.03344, -0.408543, -0.232236, -0.8827, -0.038345, 0.0, 0.0, 0.0, 1.0],
                [0.907981, 0.040545, -0.417046, 0.113308, 0.093081, -0.989956, 0.10641, 0.03344, -0.408543, -0.135438, -0.902635, -0.038345, 0.0, 0.0, 0.0, 1.0],
                [0.907981, 0.082213, -0.410868, 0.113308, 0.093081, -0.995637, 0.006479, 0.033439, -0.408543, -0.044127, -0.911672, -0.038345, 0.0, 0.0, 0.0, 1.0],
                [0.907981, 0.118906, -0.401787, 0.113308, 0.093081, -0.99217, -0.083276, 0.033439, -0.408543, 0.038214, -0.911939, -0.038345, 0.0, 0.0, 0.0, 1.0],
                [0.90798, 0.149746, -0.391341, 0.113308, 0.093081, -0.982707, -0.160068, 0.03344, -0.408543, 0.108912, -0.906218, -0.038345, 0.0, 0.0, 0.0, 1.0],
                [0.907981, 0.174222, -0.381075, 0.113308, 0.093081, -0.970602, -0.221963, 0.03344, -0.408543, 0.166067, -0.897505, -0.038345, 0.0, 0.0, 0.0, 1.0],
                [0.907981, 0.192054, -0.372407, 0.113308, 0.093081, -0.959015, -0.26763, 0.03344, -0.408543, 0.208338, -0.888644, -0.038345, 0.0, 0.0, 0.0, 1.0],
                [0.907981, 0.203025, -0.366541, 0.113308, 0.093081, -0.950647, -0.295982, 0.033439, -0.408543, 0.234628, -0.882067, -0.038345, 0.0, 0.0, 0.0, 1.0],
                [0.90798, 0.2068, -0.364425, 0.113308, 0.093081, -0.94754, -0.305784, 0.03344, -0.408543, 0.243725, -0.879597, -0.038345, 0.0, 0.0, 0.0, 1.0],
                [0.90798, 0.2068, -0.364425, 0.113308, 0.093081, -0.94754, -0.305784, 0.03344, -0.408543, 0.243725, -0.879597, -0.038345, 0.0, 0.0, 0.0, 1.0],
                [0.90798, 0.2068, -0.364425, 0.113308, 0.093081, -0.94754, -0.305784, 0.03344, -0.408543, 0.243725, -0.879597, -0.038345, 0.0, 0.0, 0.0, 1.0],
                [0.90798, 0.2068, -0.364425, 0.113308, 0.093081, -0.94754, -0.305784, 0.03344, -0.408543, 0.243725, -0.879597, -0.038345, 0.0, 0.0, 0.0, 1.0],
                [0.90798, 0.2068, -0.364425, 0.113308, 0.093081, -0.94754, -0.305784, 0.03344, -0.408543, 0.243725, -0.879597, -0.038345, 0.0, 0.0, 0.0, 1.0],
                [0.90798, 0.2068, -0.364425, 0.113308, 0.093081, -0.94754, -0.305784, 0.03344, -0.408543, 0.243725, -0.879597, -0.038345, 0.0, 0.0, 0.0, 1.0],
                [0.90798, 0.2068, -0.364425, 0.113308, 0.093081, -0.94754, -0.305784, 0.03344, -0.408543, 0.243725, -0.879597, -0.038345, 0.0, 0.0, 0.0, 1.0],
                [0.90798, 0.2068, -0.364425, 0.113308, 0.093081, -0.94754, -0.305784, 0.03344, -0.408543, 0.243725, -0.879597, -0.038345, 0.0, 0.0, 0.0, 1.0],
                [0.90798, 0.2068, -0.364425, 0.113308, 0.093081, -0.94754, -0.305784, 0.03344, -0.408543, 0.243725, -0.879597, -0.038345, 0.0, 0.0, 0.0, 1.0],
                [0.90798, 0.2068, -0.364425, 0.113308, 0.093081, -0.94754, -0.305784, 0.03344, -0.408543, 0.243725, -0.879597, -0.038345, 0.0, 0.0, 0.0, 1.0],
                [0.90798, 0.2068, -0.364425, 0.113308, 0.093081, -0.94754, -0.305784, 0.03344, -0.408543, 0.243725, -0.879597, -0.038345, 0.0, 0.0, 0.0, 1.0],
                [0.90798, 0.2068, -0.364425, 0.113308, 0.093081, -0.94754, -0.305784, 0.03344, -0.408543, 0.243725, -0.879597, -0.038345, 0.0, 0.0, 0.0, 1.0],
                [0.90798, 0.2068, -0.364425, 0.113308, 0.093081, -0.94754, -0.305784, 0.03344, -0.408543, 0.243725, -0.879597, -0.038345, 0.0, 0.0, 0.0, 1.0],
                [0.90798, 0.2068, -0.364425, 0.113308, 0.093081, -0.94754, -0.305784, 0.03344, -0.408543, 0.243725, -0.879597, -0.038345, 0.0, 0.0, 0.0, 1.0],
                [0.90798, 0.2068, -0.364425, 0.113308, 0.093081, -0.94754, -0.305784, 0.03344, -0.408543, 0.243725, -0.879597, -0.038345, 0.0, 0.0, 0.0, 1.0],
                [0.90798, 0.2068, -0.364425, 0.113308, 0.093081, -0.94754, -0.305784, 0.03344, -0.408543, 0.243725, -0.879597, -0.038345, 0.0, 0.0, 0.0, 1.0],
                [0.90798, 0.2068, -0.364425, 0.113308, 0.093081, -0.94754, -0.305784, 0.03344, -0.408543, 0.243725, -0.879597, -0.038345, 0.0, 0.0, 0.0, 1.0],
                [0.90798, 0.2068, -0.364425, 0.113308, 0.093081, -0.94754, -0.305784, 0.03344, -0.408543, 0.243725, -0.879597, -0.038345, 0.0, 0.0, 0.0, 1.0],
                [0.90798, 0.2068, -0.364425, 0.113308, 0.093081, -0.94754, -0.305784, 0.03344, -0.408543, 0.243725, -0.879597, -0.038345, 0.0, 0.0, 0.0, 1.0],
                [0.90798, 0.2068, -0.364425, 0.113308, 0.093081, -0.94754, -0.305784, 0.03344, -0.408543, 0.243725, -0.879597, -0.038345, 0.0, 0.0, 0.0, 1.0],
                [0.90798, 0.2068, -0.364425, 0.113308, 0.093081, -0.94754, -0.305784, 0.03344, -0.408543, 0.243725, -0.879597, -0.038345, 0.0, 0.0, 0.0, 1.0],
                [0.90798, 0.2068, -0.364425, 0.113308, 0.093081, -0.94754, -0.305784, 0.03344, -0.408543, 0.243725, -0.879597, -0.038345, 0.0, 0.0, 0.0, 1.0],
                [0.90798, 0.2068, -0.364425, 0.113308, 0.093081, -0.94754, -0.305784, 0.03344, -0.408543, 0.243725, -0.879597, -0.038345, 0.0, 0.0, 0.0, 1.0],
                [0.90798, 0.2068, -0.364425, 0.113308, 0.093081, -0.94754, -0.305784, 0.03344, -0.408543, 0.243725, -0.879597, -0.038345, 0.0, 0.0, 0.0, 1.0],
                [0.90798, 0.2068, -0.364425, 0.113308, 0.093081, -0.94754, -0.305784, 0.03344, -0.408543, 0.243725, -0.879597, -0.038345, 0.0, 0.0, 0.0, 1.0],
                [0.90798, 0.2068, -0.364425, 0.113308, 0.093081, -0.94754, -0.305784, 0.03344, -0.408543, 0.243725, -0.879597, -0.038345, 0.0, 0.0, 0.0, 1.0],
                [0.90798, 0.2068, -0.364425, 0.113308, 0.093081, -0.94754, -0.305784, 0.03344, -0.408543, 0.243725, -0.879597, -0.038345, 0.0, 0.0, 0.0, 1.0],
                [0.90798, 0.2068, -0.364425, 0.113308, 0.093081, -0.94754, -0.305784, 0.03344, -0.408543, 0.243725, -0.879597, -0.038345, 0.0, 0.0, 0.0, 1.0],
                [0.90798, 0.2068, -0.364425, 0.113308, 0.093081, -0.94754, -0.305784, 0.03344, -0.408543, 0.243725, -0.879597, -0.038345, 0.0, 0.0, 0.0, 1.0],
                [0.90798, 0.2068, -0.364425, 0.113308, 0.093081, -0.94754, -0.305784, 0.03344, -0.408543, 0.243725, -0.879597, -0.038345, 0.0, 0.0, 0.0, 1.0],
                [0.90798, 0.2068, -0.364425, 0.113308, 0.093081, -0.94754, -0.305784, 0.03344, -0.408543, 0.243725, -0.879597, -0.038345, 0.0, 0.0, 0.0, 1.0],
                [0.90798, 0.2068, -0.364425, 0.113308, 0.093081, -0.94754, -0.305784, 0.03344, -0.408543, 0.243725, -0.879597, -0.038345, 0.0, 0.0, 0.0, 1.0],
                [0.90798, 0.2068, -0.364425, 0.113308, 0.093081, -0.94754, -0.305784, 0.03344, -0.408543, 0.243725, -0.879597, -0.038345, 0.0, 0.0, 0.0, 1.0],
                [0.90798, 0.2068, -0.364425, 0.113308, 0.093081, -0.94754, -0.305784, 0.03344, -0.408543, 0.243725, -0.879597, -0.038345, 0.0, 0.0, 0.0, 1.0],
                [0.90798, 0.2068, -0.364425, 0.113308, 0.093081, -0.94754, -0.305784, 0.03344, -0.408543, 0.243725, -0.879597, -0.038345, 0.0, 0.0, 0.0, 1.0],
                [0.90798, 0.2068, -0.364425, 0.113308, 0.093081, -0.94754, -0.305784, 0.03344, -0.408543, 0.243725, -0.879597, -0.038345, 0.0, 0.0, 0.0, 1.0],
                [0.90798, 0.2068, -0.364425, 0.113308, 0.093081, -0.94754, -0.305784, 0.03344, -0.408543, 0.243725, -0.879597, -0.038345, 0.0, 0.0, 0.0, 1.0],
                [0.90798, 0.2068, -0.364425, 0.113308, 0.093081, -0.94754, -0.305784, 0.03344, -0.408543, 0.243725, -0.879597, -0.038345, 0.0, 0.0, 0.0, 1.0],
                [0.90798, 0.2068, -0.364425, 0.113308, 0.093081, -0.94754, -0.305784, 0.03344, -0.408543, 0.243725, -0.879597, -0.038345, 0.0, 0.0, 0.0, 1.0],
                [0.90798, 0.2068, -0.364425, 0.113308, 0.093081, -0.94754, -0.305784, 0.03344, -0.408543, 0.243725, -0.879597, -0.038345, 0.0, 0.0, 0.0, 1.0],
                [0.90798, 0.2068, -0.364425, 0.113308, 0.093081, -0.94754, -0.305784, 0.03344, -0.408543, 0.243725, -0.879597, -0.038345, 0.0, 0.0, 0.0, 1.0],
                [0.90798, 0.2068, -0.364425, 0.113308, 0.093081, -0.94754, -0.305784, 0.03344, -0.408543, 0.243725, -0.879597, -0.038345, 0.0, 0.0, 0.0, 1.0],
                [0.90798, 0.2068, -0.364425, 0.113308, 0.093081, -0.94754, -0.305784, 0.03344, -0.408543, 0.243725, -0.879597, -0.038345, 0.0, 0.0, 0.0, 1.0],
                [0.90798, 0.2068, -0.364425, 0.113308, 0.093081, -0.94754, -0.305784, 0.03344, -0.408543, 0.243725, -0.879597, -0.038345, 0.0, 0.0, 0.0, 1.0],
                [0.90798, 0.2068, -0.364425, 0.113308, 0.093081, -0.94754, -0.305784, 0.03344, -0.408543, 0.243725, -0.879597, -0.038345, 0.0, 0.0, 0.0, 1.0],
                [0.90798, 0.2068, -0.364425, 0.113308, 0.093081, -0.94754, -0.305784, 0.03344, -0.408543, 0.243725, -0.879597, -0.038345, 0.0, 0.0, 0.0, 1.0],
                [0.90798, 0.2068, -0.364425, 0.113308, 0.093081, -0.94754, -0.305784, 0.03344, -0.408543, 0.243725, -0.879597, -0.038345, 0.0, 0.0, 0.0, 1.0],
                [0.90798, 0.2068, -0.364425, 0.113308, 0.093081, -0.94754, -0.305784, 0.03344, -0.408543, 0.243725, -0.879597, -0.038345, 0.0, 0.0, 0.0, 1.0],
                [0.90798, 0.2068, -0.364425, 0.113308, 0.093081, -0.94754, -0.305784, 0.03344, -0.408543, 0.243725, -0.879597, -0.038345, 0.0, 0.0, 0.0, 1.0],
                [0.90798, 0.2068, -0.364425, 0.113308, 0.093081, -0.94754, -0.305784, 0.03344, -0.408543, 0.243725, -0.879597, -0.038345, 0.0, 0.0, 0.0, 1.0],
                [0.90798, 0.2068, -0.364425, 0.113308, 0.093081, -0.94754, -0.305784, 0.03344, -0.408543, 0.243725, -0.879597, -0.038345, 0.0, 0.0, 0.0, 1.0],
                [0.90798, 0.2068, -0.364425, 0.113308, 0.093081, -0.94754, -0.305784, 0.03344, -0.408543, 0.243725, -0.879597, -0.038345, 0.0, 0.0, 0.0, 1.0],
                [0.90798, 0.2068, -0.364425, 0.113308, 0.093081, -0.94754, -0.305784, 0.03344, -0.408543, 0.243725, -0.879597, -0.038345, 0.0, 0.0, 0.0, 1.0],
                [0.908864, 0.206596, -0.362331, 0.113329, 0.093537, -0.947539, -0.305647, 0.033373, -0.406468, 0.2439, -0.880509, -0.038275, 0.0, 0.0, 0.0, 1.0],
                [0.911432, 0.205995, -0.356171, 0.113392, 0.094874, -0.947538, -0.305237, 0.033177, -0.400363, 0.244411, -0.883161, -0.038068, 0.0, 0.0, 0.0, 1.0],
                [0.915526, 0.205008, -0.346099, 0.113495, 0.097047, -0.947539, -0.30455, 0.032858, -0.390378, 0.245235, -0.887392, -0.037731, 0.0, 0.0, 0.0, 1.0],
                [0.920948, 0.203643, -0.33224, 0.113635, 0.100009, -0.947545, -0.303571, 0.032424, -0.376633, 0.246346, -0.893007, -0.037272, 0.0, 0.0, 0.0, 1.0],
                [0.927469, 0.201904, -0.3147, 0.11381, 0.103712, -0.947561, -0.302277, 0.031881, -0.359228, 0.247714, -0.899774, -0.036699, 0.0, 0.0, 0.0, 1.0],
                [0.934826, 0.199791, -0.293572, 0.114018, 0.108107, -0.947591, -0.300639, 0.031236, -0.338251, 0.249308, -0.907431, -0.036017, 0.0, 0.0, 0.0, 1.0],
                [0.942729, 0.197306, -0.268949, 0.114256, 0.113141, -0.947641, -0.298622, 0.030496, -0.313787, 0.251091, -0.915692, -0.035234, 0.0, 0.0, 0.0, 1.0],
                [0.950865, 0.194447, -0.240928, 0.114523, 0.118755, -0.947717, -0.29619, 0.029667, -0.285925, 0.253025, -0.924243, -0.034359, 0.0, 0.0, 0.0, 1.0],
                [0.958902, 0.191217, -0.209625, 0.114816, 0.124889, -0.947826, -0.293305, 0.028757, -0.254773, 0.255071, -0.932754, -0.033397, 0.0, 0.0, 0.0, 1.0],
                [0.966495, 0.187618, -0.175178, 0.115134, 0.131473, -0.947975, -0.289928, 0.027772, -0.22046, 0.257183, -0.940879, -0.032356, 0.0, 0.0, 0.0, 1.0],
                [0.97329, 0.183658, -0.137758, 0.115473, 0.138434, -0.948168, -0.286028, 0.026719, -0.183149, 0.259318, -0.948267, -0.031243, 0.0, 0.0, 0.0, 1.0],
                [0.978935, 0.179348, -0.097571, 0.115832, 0.145691, -0.948414, -0.281575, 0.025605, -0.143037, 0.261428, -0.954566, -0.030065, 0.0, 0.0, 0.0, 1.0],
                [0.983091, 0.174703, -0.054868, 0.116209, 0.15316, -0.948717, -0.276547, 0.024436, -0.100368, 0.263468, -0.959433, -0.02883, 0.0, 0.0, 0.0, 1.0],
                [0.985438, 0.169745, -0.009943, 0.1166, 0.160749, -0.949081, -0.270934, 0.02322, -0.055427, 0.26539, -0.962546, -0.027545, 0.0, 0.0, 0.0, 1.0],
                [0.985687, 0.164503, 0.036864, 0.117005, 0.168366, -0.94951, -0.264734, 0.021963, -0.008547, 0.267151, -0.963617, -0.026217, 0.0, 0.0, 0.0, 1.0],
                [0.983596, 0.159011, 0.085173, 0.117421, 0.175918, -0.950005, -0.257958, 0.020672, 0.039897, 0.26871, -0.962395, -0.024852, 0.0, 0.0, 0.0, 1.0],
                [0.978973, 0.153308, 0.134567, 0.117846, 0.183311, -0.950568, -0.250632, 0.019354, 0.089492, 0.27003, -0.958684, -0.023459, 0.0, 0.0, 0.0, 1.0],
                [0.971691, 0.14744, 0.184601, 0.118277, 0.190456, -0.951197, -0.242795, 0.018016, 0.139795, 0.27108, -0.952351, -0.022044, 0.0, 0.0, 0.0, 1.0],
                [0.961693, 0.141457, 0.234813, 0.118713, 0.197272, -0.95189, -0.234499, 0.016663, 0.190344, 0.271838, -0.943331, -0.020615, 0.0, 0.0, 0.0, 1.0],
                [0.948994, 0.135413, 0.284734, 0.119151, 0.203684, -0.95264, -0.225808, 0.015304, 0.240672, 0.272287, -0.931631, -0.019179, 0.0, 0.0, 0.0, 1.0],
                [0.933687, 0.129361, 0.333907, 0.119589, 0.20963, -0.953442, -0.2168, 0.013945, 0.290316, 0.272421, -0.917335, -0.017742, 0.0, 0.0, 0.0, 1.0],
                [0.915937, 0.123356, 0.381892, 0.120024, 0.215061, -0.954289, -0.207559, 0.012593, 0.338832, 0.272241, -0.900598, -0.016314, 0.0, 0.0, 0.0, 1.0],
                [0.895978, 0.117453, 0.428286, 0.120456, 0.219943, -0.955171, -0.198176, 0.011255, 0.38581, 0.271759, -0.881645, -0.014898, 0.0, 0.0, 0.0, 1.0],
                [0.874101, 0.111702, 0.472727, 0.12088, 0.224254, -0.956078, -0.188746, 0.009936, 0.43088, 0.270994, -0.860758, -0.013506, 0.0, 0.0, 0.0, 1.0],
                [0.85065, 0.10615, 0.514906, 0.121296, 0.227992, -0.956999, -0.179365, 0.008645, 0.473725, 0.269971, -0.838272, -0.012141, 0.0, 0.0, 0.0, 1.0],
                [0.826004, 0.100837, 0.554571, 0.121701, 0.231164, -0.957924, -0.170128, 0.007388, 0.514082, 0.268724, -0.81456, -0.010813, 0.0, 0.0, 0.0, 1.0],
                [0.800572, 0.095801, 0.591529, 0.122093, 0.233794, -0.958842, -0.161126, 0.006172, 0.551747, 0.267289, -0.79002, -0.009526, 0.0, 0.0, 0.0, 1.0],
                [0.774773, 0.091071, 0.625646, 0.12247, 0.235915, -0.959742, -0.152444, 0.005004, 0.586575, 0.265709, -0.765068, -0.008292, 0.0, 0.0, 0.0, 1.0],
                [0.749033, 0.08667, 0.65684, 0.122829, 0.23757, -0.960613, -0.144161, 0.003889, 0.618475, 0.264027, -0.740121, -0.007115, 0.0, 0.0, 0.0, 1.0],
                [0.723768, 0.082618, 0.68508, 0.123168, 0.238809, -0.961446, -0.136349, 0.002836, 0.647402, 0.262288, -0.715594, -0.006001, 0.0, 0.0, 0.0, 1.0],
                [0.699385, 0.078927, 0.710374, 0.123485, 0.239688, -0.962232, -0.12907, 0.001851, 0.673357, 0.260537, -0.691889, -0.004961, 0.0, 0.0, 0.0, 1.0],
                [0.676269, 0.075606, 0.732764, 0.123779, 0.240263, -0.962962, -0.122381, 0.000941, 0.696372, 0.258819, -0.669387, -0.003999, 0.0, 0.0, 0.0, 1.0],
                [0.654785, 0.072661, 0.752314, 0.124046, 0.240593, -0.963629, -0.116333, 0.000113, 0.716499, 0.257175, -0.648452, -0.003123, 0.0, 0.0, 0.0, 1.0],
                [0.635271, 0.070095, 0.769101, 0.124284, 0.240736, -0.964226, -0.110968, -0.000627, 0.733809, 0.255646, -0.62942, -0.002341, 0.0, 0.0, 0.0, 1.0],
                [0.618044, 0.06791, 0.783205, 0.124492, 0.240747, -0.964746, -0.106328, -0.001272, 0.748373, 0.254269, -0.612605, -0.001659, 0.0, 0.0, 0.0, 1.0],
                [0.603393, 0.066108, 0.794699, 0.124667, 0.240674, -0.965184, -0.102448, -0.001815, 0.760258, 0.25308, -0.598296, -0.001085, 0.0, 0.0, 0.0, 1.0],
                [0.591591, 0.064691, 0.803639, 0.124807, 0.240564, -0.965534, -0.099365, -0.002249, 0.769512, 0.25211, -0.586764, -0.000627, 0.0, 0.0, 0.0, 1.0],
                [0.582885, 0.063667, 0.810057, 0.124909, 0.240454, -0.96579, -0.097115, -0.002568, 0.776162, 0.251388, -0.578253, -0.00029, 0.0, 0.0, 0.0, 1.0],
                [0.577506, 0.063042, 0.813949, 0.124972, 0.240375, -0.965948, -0.095734, -0.002764, 0.780197, 0.25094, -0.572994, -8.2e-05, 0.0, 0.0, 0.0, 1.0],
                [0.575668, 0.06283, 0.815266, 0.124994, 0.240345, -0.966001, -0.095264, -0.002831, 0.781563, 0.250786, -0.571197, -1.2e-05, 0.0, 0.0, 0.0, 1.0]
            ]
        },
        {
            "name": "Leg_R",
