{
    "animation": [
        {
            "name": "Root",
            "time": [0.0, 0.0167, 0.0333, 0.05, 0.0667, 0.0833, 0.1, 0.1167, 0.1333, 0.15, 0.1667, 0.1833, 0.2, 0.2167, 0.2333, 0.25, 0.2667, 0.2833, 0.3, 0.3167, 0.3333, 0.35, 0.3667, 0.3833, 0.4, 0.4167, 0.4333, 0.45, 0.4667, 0.4833, 0.5, 0.5167, 0.5333, 0.55, 0.5667, 0.5833, 0.6, 0.6167, 0.6333, 0.65, 0.6667, 0.6833, 0.7, 0.7167, 0.7333, 0.75, 0.7667, 0.7833, 0.8, 0.8167, 0.8333, 0.85, 0.8667, 0.8833, 0.9, 0.9167, 0.9333, 0.95, 0.9667, 0.9833, 1.0, 1.0167, 1.0333, 1.05, 1.0667, 1.0833, 1.1, 1.1167, 1.1333, 1.15, 1.1667, 1.1833, 1.2, 1.2167, 1.2333, 1.25, 1.2667, 1.2833, 1.3, 1.3167, 1.3333, 1.35, 1.3667, 1.3833, 1.4, 1.4167, 1.4333, 1.45, 1.4667, 1.4833, 1.5, 1.5167, 1.5333, 1.55, 1.5667, 1.5833, 1.6, 1.6167, 1.6333, 1.65, 1.6667, 1.6833, 1.7, 1.7167, 1.7333, 1.75, 1.7667, 1.7833, 1.8, 1.8167, 1.8333, 1.85, 1.8667, 1.8833, 1.9, 1.9167, 1.9333, 1.95, 1.9667, 1.9833, 2.0, 2.0167, 2.0333, 2.05, 2.0667, 2.0833, 2.1, 2.1167, 2.1333, 2.15, 2.1667, 2.1833, 2.2, 2.2167, 2.2333, 2.25, 2.2667, 2.2833, 2.3, 2.3167, 2.3333, 2.35, 2.3667, 2.3833, 2.4, 2.4167, 2.5333],
            "transform": [
                [0.939693, 0.0, -0.34202, -5e-06, -0.34202, 0.0, -0.939693, 0.000946, 0.0, 1.0, 0.0, 0.674429, 0.0, 0.0, 0.0, 1.0],
                [0.939675, 0.0, -0.342067, -5e-06, -0.342067, 0.0, -0.939675, 0.000946, 0.0, 1.0, 0.0, 0.674429, 0.0, 0.0, 0.0, 1.0],
                [0.939555, 0.0, -0.342399, -5e-06, -0.342399, 0.0, -0.939555, 0.000946, 0.0, 1.0, 0.0, 0.674429, 0.0, 0.0, 0.0, 1.0],
                [0.939226, 0.0, -0.3433, -5e-06, -0.3433, 0.0, -0.939226, 0.000946, 0.0, 1.0, 0.0, 0.674429, 0.0, 0.0, 0.0, 1.0],
                [0.938583, 0.0, -0.345054, -5e-06, -0.345054, 0.0, -0.938583, 0.000946, 0.0, 1.0, 0.0, 0.674429, 0.0, 0.0, 0.0, 1.0],
                [0.937515, 0.0, -0.347943, -5e-06, -0.347943, 0.0, -0.937515, 0.000946, 0.0, 1.0, 0.0, 0.674429, 0.0, 0.0, 0.0, 1.0],
                [0.935907, 0.0, -0.352248, -5e-06, -0.352248, 0.0, -0.935907, 0.000946, 0.0, 1.0, 0.0, 0.674429, 0.0, 0.0, 0.0, 1.0],
                [0.933629, 0.0, -0.358243, -5e-06, -0.358243, 0.0, -0.933629, 0.000946, 0.0, 1.0, 0.0, 0.674429, 0.0, 0.0, 0.0, 1.0],
                [0.930537, 0.0, -0.366198, -5e-06, -0.366198, 0.0, -0.930537, 0.000946, 0.0, 1.0, 0.0, 0.674429, 0.0, 0.0, 0.0, 1.0],
                [0.926468, 0.0, -0.376374, -5e-06, -0.376374, 0.0, -0.926468, 0.000946, 0.0, 1.0, 0.0, 0.674429, 0.0, 0.0, 0.0, 1.0],
                [0.921229, 0.0, -0.38902, -5e-06, -0.38902, 0.0, -0.921229, 0.000946, 0.0, 1.0, 0.0, 0.674429, 0.0, 0.0, 0.0, 1.0],
                [0.914597, 0.0, -0.404366, -5e-06, -0.404366, 0.0, -0.914597, 0.000946, 0.0, 1.0, 0.0, 0.674429, 0.0, 0.0, 0.0, 1.0],
                [0.906308, 0.0, -0.422618, -5e-06, -0.422618, 0.0, -0.906308, 0.000946, 0.0, 1.0, 0.0, 0.674429, 0.0, 0.0, 0.0, 1.0],
                [0.891064, -0.003526, -0.453864, -5e-06, -0.453798, 0.011867, -0.891026, 0.003693, 0.008527, 0.999923, 0.008974, 0.674451, 0.0, 0.0, 0.0, 1.0],
                [0.862372, -0.012329, -0.506124, -5e-06, -0.505129, 0.046245, -0.861804, 0.012135, 0.034031, 0.998854, 0.033653, 0.674604, 0.0, 0.0, 0.0, 1.0],
                [0.81696, -0.022842, -0.576242, -5e-06, -0.571497, 0.101785, -0.814267, 0.026576, 0.077252, 0.994544, 0.070101, 0.675019, 0.0, 0.0, 0.0, 1.0],
                [0.750679, -0.030341, -0.65997, -5e-06, -0.645809, 0.176962, -0.742708, 0.047319, 0.139324, 0.98375, 0.113247, 0.675828, 0.0, 0.0, 0.0, 1.0],
                [0.659639, -0.02913, -0.751017, -5e-06, -0.718458, 0.268943, -0.641473, 0.074668, 0.220667, 0.962715, 0.156477, 0.677161, 0.0, 0.0, 0.0, 1.0],
                [0.541723, -0.013111, -0.840455, -5e-06, -0.777366, 0.372539, -0.50687, 0.108927, 0.319748, 0.927924, 0.19162, 0.679151, 0.0, 0.0, 0.0, 1.0],
                [0.398282, 0.023081, -0.916972, -5e-06, -0.809176, 0.479635, -0.339389, 0.150398, 0.431979, 0.877164, 0.209706, 0.681927, 0.0, 0.0, 0.0, 1.0],
                [0.235361, 0.082537, -0.968397, -5e-06, -0.801761, 0.579674, -0.145456, 0.199387, 0.549349, 0.810657, 0.202608, 0.685622, 0.0, 0.0, 0.0, 1.0],
                [0.063557, 0.16473, -0.984289, -5e-06, -0.747419, 0.661412, 0.062431, 0.256195, 0.661305, 0.731709, 0.16516, 0.690366, 0.0, 0.0, 0.0, 1.0],
                [-0.103888, 0.265155, -0.958593, -5e-06, -0.645266, 0.715469, 0.267836, 0.321127, 0.756861, 0.646372, 0.096767, 0.69629, 0.0, 0.0, 0.0, 1.0],
                [-0.254098, 0.376341, -0.890956, -5e-06, -0.501412, 0.736472, 0.454088, 0.394486, 0.827055, 0.562118, 0.001566, 0.703526, 0.0, 0.0, 0.0, 1.0],
                [-0.37722, 0.489759, -0.786029, -5e-06, -0.326795, 0.723745, 0.607782, 0.476576, 0.866551, 0.486138, -0.112961, 0.712205, 0.0, 0.0, 0.0, 1.0],
                [-0.467561, 0.597651, -0.651307, -5e-06, -0.133922, 0.680407, 0.720494, 0.5677, 0.873757, 0.424099, -0.238093, 0.722458, 0.0, 0.0, 0.0, 1.0],
                [-0.523032, 0.694009, -0.494761, -5e-06, 0.065834, 0.611654, 0.788381, 0.668162, 0.849767, 0.379776, -0.365604, 0.734415, 0.0, 0.0, 0.0, 1.0],
                [-0.543625, 0.77458, -0.323263, -5e-06, 0.263506, 0.523176, 0.810464, 0.778266, 0.796892, 0.355406, -0.488518, 0.74821, 0.0, 0.0, 0.0, 1.0],
                [-0.529708, 0.836187, -0.142128, -5e-06, 0.452353, 0.420258, 0.786613, 0.898314, 0.717487, 0.352383, -0.600865, 0.763972, 0.0, 0.0, 0.0, 1.0],
                [-0.475882, 0.878651, 0.038859, -5e-06, 0.629144, 0.309208, 0.71314, 1.02861, 0.614585, 0.363818, -0.699944, 0.795786, 0.0, 0.0, 0.0, 1.0],
                [-0.37907, 0.902556, 0.204203, -5e-06, 0.784008, 0.196021, 0.588989, 1.169459, 0.491567, 0.383365, -0.781916, 0.850818, 0.0, 0.0, 0.0, 1.0],
                [-0.246777, 0.907258, 0.340564, -5e-06, 0.902146, 0.086744, 0.422621, 1.321162, 0.353885, 0.411531, -0.839885, 0.918823, 0.0, 0.0, 0.0, 1.0],
                [-0.092073, 0.894647, 0.437183, -5e-06, 0.97334, -0.011765, 0.229067, 1.484025, 0.210077, 0.446619, -0.869712, 0.989552, 0.0, 0.0, 0.0, 1.0],
                [0.068677, 0.869474, 0.489183, -5e-06, 0.995213, -0.093888, 0.027157, 1.658351, 0.06954, 0.484975, -0.871759, 1.052759, 0.0, 0.0, 0.0, 1.0],
                [0.219504, 0.838534, 0.498676, -5e-06, 0.973756, -0.156797, -0.164964, 1.844442, -0.060137, 0.5218, -0.850946, 1.098198, 0.0, 0.0, 0.0, 1.0],
                [0.347843, 0.809331, 0.473274, -5e-06, 0.921081, -0.200788, -0.333608, 2.042603, -0.174972, 0.551967, -0.815302, 1.115621, 0.0, 0.0, 0.0, 1.0],
                [0.459417, 0.778777, 0.427132, -5e-06, 0.84495, -0.234922, -0.48049, 2.252608, -0.273852, 0.581651, -0.765955, 1.110247, 0.0, 0.0, 0.0, 1.0],
                [0.564148, 0.738993, 0.368274, -5e-06, 0.745842, -0.264766, -0.611244, 2.472117, -0.354199, 0.619506, -0.700539, 1.095, 0.0, 0.0, 0.0, 1.0],
                [0.659088, 0.690543, 0.297914, -5e-06, 0.628124, -0.287588, -0.723017, 2.69826, -0.413597, 0.663659, -0.623293, 1.071198, 0.0, 0.0, 0.0, 1.0],
                [0.741518, 0.63456, 0.217909, -5e-06, 0.496944, -0.301239, -0.813819, 2.928168, -0.450775, 0.71175, -0.538715, 1.040156, 0.0, 0.0, 0.0, 1.0],
                [0.809262, 0.572718, 0.130727, -5e-06, 0.357994, -0.304364, -0.882725, 3.158971, -0.465764, 0.761155, -0.45134, 1.003191, 0.0, 0.0, 0.0, 1.0],
                [0.860983, 0.507112, 0.039315, -5e-06, 0.21713, -0.296546, -0.930008, 3.387799, -0.459959, 0.809258, -0.365431, 0.96162, 0.0, 0.0, 0.0, 1.0],
                [0.89639, 0.440069, -0.053143, -5e-06, 0.079905, -0.278347, -0.957151, 3.611784, -0.436004, 0.853734, -0.284671, 0.916757, 0.0, 0.0, 0.0, 1.0],
                [0.916289, 0.373922, -0.143513, -5e-06, -0.048896, -0.251204, -0.966698, 3.828056, -0.397521, 0.892793, -0.211892, 0.86992, 0.0, 0.0, 0.0, 1.0],
                [0.922482, 0.310793, -0.228985, -5e-06, -0.1656, -0.217231, -0.961971, 4.033745, -0.348716, 0.925321, -0.148924, 0.822426, 0.0, 0.0, 0.0, 1.0],
                [0.917529, 0.252432, -0.307277, -5e-06, -0.267816, -0.178946, -0.946706, 4.225982, -0.293965, 0.950924, -0.096583, 0.775589, 0.0, 0.0, 0.0, 1.0],
                [0.904447, 0.200142, -0.376721, -5e-06, -0.354399, -0.139004, -0.924705, 4.401896, -0.237438, 0.969856, -0.054791, 0.730726, 0.0, 0.0, 0.0, 1.0],
                [0.886409, 0.154796, -0.436254, -5e-06, -0.425256, -0.09997, -0.899535, 4.55862, -0.182857, 0.982875, -0.022786, 0.689155, 0.0, 0.0, 0.0, 1.0],
                [0.866489, 0.116915, -0.485311, -5e-06, -0.481049, -0.064181, -0.874341, 4.693283, -0.133372, 0.991066, 0.00063, 0.65219, 0.0, 0.0, 0.0, 1.0],
                [0.847489, 0.086803, -0.523667, -5e-06, -0.522855, -0.033676, -0.851756, 4.803016, -0.09157, 0.995656, 0.016846, 0.621148, 0.0, 0.0, 0.0, 1.0],
                [0.831819, 0.064702, -0.551263, -5e-06, -0.551841, -0.010195, -0.833887, 4.88495, -0.059574, 0.997853, 0.027225, 0.597346, 0.0, 0.0, 0.0, 1.0],
                [0.821432, 0.050954, -0.568025, -5e-06, -0.568959, 0.004787, -0.822352, 4.936214, -0.039183, 0.99869, 0.032923, 0.582099, 0.0, 0.0, 0.0, 1.0],
                [0.817755, 0.046171, -0.573712, -5e-06, -0.574675, 0.010022, -0.81832, 4.95394, -0.032033, 0.998883, 0.034729, 0.576725, 0.0, 0.0, 0.0, 1.0],
                [0.817755, 0.046171, -0.573712, -5e-06, -0.574675, 0.010022, -0.81832, 4.95394, -0.032033, 0.998883, 0.034729, 0.576725, 0.0, 0.0, 0.0, 1.0],
                [0.817755, 0.046171, -0.573712, -5e-06, -0.574675, 0.010022, -0.81832, 4.95394, -0.032033, 0.998883, 0.034729, 0.576725, 0.0, 0.0, 0.0, 1.0],
                [0.817755, 0.046171, -0.573712, -5e-06, -0.574675, 0.010022, -0.81832, 4.95394, -0.032033, 0.998883, 0.034729, 0.576725, 0.0, 0.0, 0.0, 1.0],
                [0.817755, 0.046171, -0.573712, -5e-06, -0.574675, 0.010022, -0.81832, 4.95394, -0.032033, 0.998883, 0.034729, 0.576725, 0.0, 0.0, 0.0, 1.0],
                [0.817755, 0.046171, -0.573712, -5e-06, -0.574675, 0.010022, -0.81832, 4.95394, -0.032033, 0.998883, 0.034729, 0.576725, 0.0, 0.0, 0.0, 1.0],
                [0.817755, 0.046171, -0.573712, -5e-06, -0.574675, 0.010022, -0.81832, 4.95394, -0.032033, 0.998883, 0.034729, 0.576725, 0.0, 0.0, 0.0, 1.0],
                [0.817755, 0.046171, -0.573712, -5e-06, -0.574675, 0.010022, -0.81832, 4.95394, -0.032033, 0.998883, 0.034729, 0.576725, 0.0, 0.0, 0.0, 1.0],
                [0.817755, 0.046171, -0.573712, -5e-06, -0.574675, 0.010022, -0.81832, 4.95394, -0.032033, 0.998883, 0.034729, 0.576725, 0.0, 0.0, 0.0, 1.0],
                [0.817755, 0.046171, -0.573712, -5e-06, -0.574675, 0.010022, -0.81832, 4.95394, -0.032033, 0.998883, 0.034729, 0.576725, 0.0, 0.0, 0.0, 1.0],
                [0.817755, 0.046171, -0.573712, -5e-06, -0.574675, 0.010022, -0.81832, 4.95394, -0.032033, 0.998883, 0.034729, 0.576725, 0.0, 0.0, 0.0, 1.0],
                [0.817755, 0.046171, -0.573712, -5e-06, -0.574675, 0.010022, -0.81832, 4.95394, -0.032033, 0.998883, 0.034729, 0.576725, 0.0, 0.0, 0.0, 1.0],
                [0.817755, 0.046171, -0.573712, -5e-06, -0.574675, 0.010022, -0.81832, 4.95394, -0.032033, 0.998883, 0.034729, 0.576725, 0.0, 0.0, 0.0, 1.0],
                [0.817755, 0.046171, -0.573712, -5e-06, -0.574675, 0.010022, -0.81832, 4.95394, -0.032033, 0.998883, 0.034729, 0.576725, 0.0, 0.0, 0.0, 1.0],
                [0.817755, 0.046171, -0.573712, -5e-06, -0.574675, 0.010022, -0.81832, 4.95394, -0.032033, 0.998883, 0.034729, 0.576725, 0.0, 0.0, 0.0, 1.0],
                [0.817755, 0.046171, -0.573712, -5e-06, -0.574675, 0.010022, -0.81832, 4.95394, -0.032033, 0.998883, 0.034729, 0.576725, 0.0, 0.0, 0.0, 1.0],
                [0.817755, 0.046171, -0.573712, -5e-06, -0.574675, 0.010022, -0.81832, 4.95394, -0.032033, 0.998883, 0.034729, 0.576725, 0.0, 0.0, 0.0, 1.0],
                [0.817755, 0.046171, -0.573712, -5e-06, -0.574675, 0.010022, -0.81832, 4.95394, -0.032033, 0.998883, 0.034729, 0.576725, 0.0, 0.0, 0.0, 1.0],
                [0.817755, 0.046171, -0.573712, -5e-06, -0.574675, 0.010022, -0.81832, 4.95394, -0.032033, 0.998883, 0.034729, 0.576725, 0.0, 0.0, 0.0, 1.0],
                [0.817755, 0.046171, -0.573712, -5e-06, -0.574675, 0.010022, -0.81832, 4.95394, -0.032033, 0.998883, 0.034729, 0.576725, 0.0, 0.0, 0.0, 1.0],
                [0.817755, 0.046171, -0.573712, -5e-06, -0.574675, 0.010022, -0.81832, 4.95394, -0.032033, 0.998883, 0.034729, 0.576725, 0.0, 0.0, 0.0, 1.0],
                [0.817755, 0.046171, -0.573712, -5e-06, -0.574675, 0.010022, -0.81832, 4.95394, -0.032033, 0.998883, 0.034729, 0.576725, 0.0, 0.0, 0.0, 1.0],
                [0.817755, 0.046171, -0.573712, -5e-06, -0.574675, 0.010022, -0.81832, 4.95394, -0.032033, 0.998883, 0.034729, 0.576725, 0.0, 0.0, 0.0, 1.0],
                [0.817755, 0.046171, -0.573712, -5e-06, -0.574675, 0.010022, -0.81832, 4.95394, -0.032033, 0.998883, 0.034729, 0.576725, 0.0, 0.0, 0.0, 1.0],
                [0.817755, 0.046171, -0.573712, -5e-06, -0.574675, 0.010022, -0.81832, 4.95394, -0.032033, 0.998883, 0.034729, 0.576725, 0.0, 0.0, 0.0, 1.0],
                [0.817755, 0.046171, -0.573712, -5e-06, -0.574675, 0.010022, -0.81832, 4.95394, -0.032033, 0.998883, 0.034729, 0.576725, 0.0, 0.0, 0.0, 1.0],
                [0.817755, 0.046171, -0.573712, -5e-06, -0.574675, 0.010022, -0.81832, 4.95394, -0.032033, 0.998883, 0.034729, 0.576725, 0.0, 0.0, 0.0, 1.0],
                [0.817755, 0.046171, -0.573712, -5e-06, -0.574675, 0.010022, -0.81832, 4.95394, -0.032033, 0.998883, 0.034729, 0.576725, 0.0, 0.0, 0.0, 1.0],
                [0.817755, 0.046171, -0.573712, -5e-06, -0.574675, 0.010022, -0.81832, 4.95394, -0.032033, 0.998883, 0.034729, 0.576725, 0.0, 0.0, 0.0, 1.0],
                [0.817755, 0.046171, -0.573712, -5e-06, -0.574675, 0.010022, -0.81832, 4.95394, -0.032033, 0.998883, 0.034729, 0.576725, 0.0, 0.0, 0.0, 1.0],
                [0.817755, 0.046171, -0.573712, -5e-06, -0.574675, 0.010022, -0.81832, 4.95394, -0.032033, 0.998883, 0.034729, 0.576725, 0.0, 0.0, 0.0, 1.0],
                [0.817755, 0.046171, -0.573712, -5e-06, -0.574675, 0.010022, -0.81832, 4.95394, -0.032033, 0.998883, 0.034729, 0.576725, 0.0, 0.0, 0.0, 1.0],
                [0.817755, 0.046171, -0.573712, -5e-06, -0.574675, 0.010022, -0.81832, 4.95394, -0.032033, 0.998883, 0.034729, 0.576725, 0.0, 0.0, 0.0, 1.0],
                [0.817755, 0.046171, -0.573712, -5e-06, -0.574675, 0.010022, -0.81832, 4.95394, -0.032033, 0.998883, 0.034729, 0.576725, 0.0, 0.0, 0.0, 1.0],
                [0.817755, 0.046171, -0.573712, -5e-06, -0.574675, 0.010022, -0.81832, 4.95394, -0.032033, 0.998883, 0.034729, 0.576725, 0.0, 0.0, 0.0, 1.0],
                [0.817755, 0.046171, -0.573712, -5e-06, -0.574675, 0.010022, -0.81832, 4.95394, -0.032033, 0.998883, 0.034729, 0.576725, 0.0, 0.0, 0.0, 1.0],
                [0.817755, 0.046171, -0.573712, -5e-06, -0.574675, 0.010022, -0.81832, 4.95394, -0.032033, 0.998883, 0.034729, 0.576725, 0.0, 0.0, 0.0, 1.0],
                [0.817755, 0.046171, -0.573712, -5e-06, -0.574675, 0.010022, -0.81832, 4.95394, -0.032033, 0.998883, 0.034729, 0.576725, 0.0, 0.0, 0.0, 1.0],
                [0.817755, 0.046171, -0.573712, -5e-06, -0.574675, 0.010022, -0.81832, 4.95394, -0.032033, 0.998883, 0.034729, 0.576725, 0.0, 0.0, 0.0, 1.0],
                [0.817755, 0.046171, -0.573712, -5e-06, -0.574675, 0.010022, -0.81832, 4.95394, -0.032033, 0.998883, 0.034729, 0.576725, 0.0, 0.0, 0.0, 1.0],
                [0.817755, 0.046171, -0.573712, -5e-06, -0.574675, 0.010022, -0.81832, 4.95394, -0.032033, 0.998883, 0.034729, 0.576725, 0.0, 0.0, 0.0, 1.0],
                [0.817755, 0.046171, -0.573712, -5e-06, -0.574675, 0.010022, -0.81832, 4.95394, -0.032033, 0.998883, 0.034729, 0.576725, 0.0, 0.0, 0.0, 1.0],
                [0.817755, 0.046171, -0.573712, -5e-06, -0.574675, 0.010022, -0.81832, 4.95394, -0.032033, 0.998883, 0.034729, 0.576725, 0.0, 0.0, 0.0, 1.0],
                [0.817755, 0.046171, -0.573712, -5e-06, -0.574675, 0.010022, -0.81832, 4.95394, -0.032033, 0.998883, 0.034729, 0.576725, 0.0, 0.0, 0.0, 1.0],
                [0.817755, 0.046171, -0.573712, -5e-06, -0.574675, 0.010022, -0.81832, 4.95394, -0.032033, 0.998883, 0.034729, 0.576725, 0.0, 0.0, 0.0, 1.0],
                [0.817755, 0.046171, -0.573712, -5e-06, -0.574675, 0.010022, -0.81832, 4.95394, -0.032033, 0.998883, 0.034729, 0.576725, 0.0, 0.0, 0.0, 1.0],
                [0.817755, 0.046171, -0.573712, -5e-06, -0.574675, 0.010022, -0.81832, 4.95394, -0.032033, 0.998883, 0.034729, 0.576725, 0.0, 0.0, 0.0, 1.0],
                [0.817755, 0.046171, -0.573712, -5e-06, -0.574675, 0.010022, -0.81832, 4.95394, -0.032033, 0.998883, 0.034729, 0.576725, 0.0, 0.0, 0.0, 1.0],
                [0.817755, 0.046171, -0.573712, -5e-06, -0.574675, 0.010022, -0.81832, 4.95394, -0.032033, 0.998883, 0.034729, 0.576725, 0.0, 0.0, 0.0, 1.0],
                [0.817755, 0.046171, -0.573712, -5e-06, -0.574675, 0.010022, -0.81832, 4.95394, -0.032033, 0.998883, 0.034729, 0.576725, 0.0, 0.0, 0.0, 1.0],
                [0.817755, 0.046171, -0.573712, -5e-06, -0.574675, 0.010022, -0.81832, 4.95394, -0.032033, 0.998883, 0.034729, 0.576725, 0.0, 0.0, 0.0, 1.0],
                [0.817755, 0.046171, -0.573712, -5e-06, -0.574675, 0.010022, -0.81832, 4.95394, -0.032033, 0.998883, 0.034729, 0.576725, 0.0, 0.0, 0.0, 1.0],
                [0.817755, 0.046171, -0.573712, -5e-06, -0.574675, 0.010022, -0.81832, 4.95394, -0.032033, 0.998883, 0.034729, 0.576725, 0.0, 0.0, 0.0, 1.0],
                [0.817755, 0.046171, -0.573712, -5e-06, -0.574675, 0.010022, -0.81832, 4.95394, -0.032033, 0.998883, 0.034729, 0.576725, 0.0, 0.0, 0.0, 1.0],
                [0.817755, 0.046171, -0.573712, -5e-06, -0.574675, 0.010022, -0.81832, 4.95394, -0.032033, 0.998883, 0.034729, 0.576725, 0.0, 0.0, 0.0, 1.0],
                [0.818428, 0.04608, -0.572759, -5e-06, -0.573718, 0.01003, -0.818991, 4.952715, -0.031994, 0.998887, 0.034646, 0.577088, 0.0, 0.0, 0.0, 1.0],
                [0.820395, 0.045812, -0.56996, -5e-06, -0.570909, 0.010054, -0.820952, 4.949124, -0.031879, 0.998899, 0.034403, 0.578151, 0.0, 0.0, 0.0, 1.0],
                [0.823568, 0.045378, -0.565399, -5e-06, -0.566331, 0.010091, -0.824116, 4.943296, -0.031691, 0.998919, 0.03401, 0.579878, 0.0, 0.0, 0.0, 1.0],
                [0.827854, 0.044786, -0.559152, -5e-06, -0.560062, 0.010138, -0.828389, 4.935358, -0.031431, 0.998945, 0.033476, 0.58223, 0.0, 0.0, 0.0, 1.0],
                [0.833149, 0.044044, -0.551291, -5e-06, -0.552173, 0.01019, -0.833667, 4.925438, -0.0311, 0.998978, 0.03281, 0.585169, 0.0, 0.0, 0.0, 1.0],
                [0.839345, 0.043162, -0.541882, -5e-06, -0.542731, 0.010243, -0.839844, 4.913664, -0.030699, 0.999016, 0.032023, 0.588657, 0.0, 0.0, 0.0, 1.0],
                [0.846329, 0.042148, -0.53099, -5e-06, -0.531802, 0.010291, -0.846806, 4.900165, -0.030227, 0.999058, 0.031124, 0.592656, 0.0, 0.0, 0.0, 1.0],
                [0.853984, 0.041011, -0.51868, -5e-06, -0.519451, 0.010329, -0.854438, 4.885067, -0.029684, 0.999105, 0.030125, 0.597129, 0.0, 0.0, 0.0, 1.0],
                [0.862192, 0.039761, -0.505019, -5e-06, -0.505747, 0.010353, -0.86262, 4.868498, -0.029071, 0.999156, 0.029035, 0.602037, 0.0, 0.0, 0.0, 1.0],
                [0.870833, 0.038407, -0.490076, -5e-06, -0.490759, 0.010355, -0.871234, 4.850587, -0.028387, 0.999209, 0.027866, 0.607344, 0.0, 0.0, 0.0, 1.0],
                [0.879788, 0.036958, -0.473927, -5e-06, -0.474562, 0.010332, -0.880161, 4.831462, -0.027633, 0.999263, 0.026629, 0.61301, 0.0, 0.0, 0.0, 1.0],
                [0.88894, 0.035425, -0.456651, -5e-06, -0.457238, 0.010278, -0.889285, 4.81125, -0.026809, 0.999319, 0.025334, 0.618998, 0.0, 0.0, 0.0, 1.0],
                [0.898175, 0.033818, -0.438335, -5e-06, -0.438873, 0.010189, -0.898491, 4.790079, -0.025919, 0.999376, 0.023994, 0.62527, 0.0, 0.0, 0.0, 1.0],
                [0.907384, 0.032147, -0.419071, -5e-06, -0.419561, 0.010062, -0.907672, 4.768076, -0.024962, 0.999433, 0.022618, 0.631789, 0.0, 0.0, 0.0, 1.0],
                [0.916463, 0.030424, -0.398961, -5e-06, -0.399402, 0.009893, -0.916722, 4.74537, -0.023943, 0.999488, 0.021218, 0.638515, 0.0, 0.0, 0.0, 1.0],
                [0.925316, 0.028659, -0.378112, -5e-06, -0.378507, 0.00968, -0.925548, 4.72209, -0.022865, 0.999542, 0.019804, 0.645412, 0.0, 0.0, 0.0, 1.0],
                [0.933856, 0.026864, -0.356639, -5e-06, -0.356989, 0.009421, -0.934061, 4.698361, -0.021733, 0.999595, 0.018388, 0.652442, 0.0, 0.0, 0.0, 1.0],
                [0.942004, 0.02505, -0.334665, -5e-06, -0.334971, 0.009116, -0.942184, 4.674313, -0.020551, 0.999645, 0.016978, 0.659567, 0.0, 0.0, 0.0, 1.0],
                [0.949694, 0.023229, -0.312317, -5e-06, -0.312583, 0.008766, -0.94985, 4.650074, -0.019326, 0.999692, 0.015586, 0.666748, 0.0, 0.0, 0.0, 1.0],
                [0.956869, 0.021411, -0.289729, -5e-06, -0.289957, 0.008371, -0.957003, 4.62577, -0.018065, 0.999736, 0.014218, 0.673948, 0.0, 0.0, 0.0, 1.0],
                [0.963486, 0.019608, -0.267039, -5e-06, -0.267232, 0.007935, -0.9636, 4.60153, -0.016775, 0.999776, 0.012885, 0.68113, 0.0, 0.0, 0.0, 1.0],
                [0.969514, 0.017831, -0.244388, -5e-06, -0.244549, 0.00746, -0.969608, 4.577481, -0.015465, 0.999813, 0.011593, 0.688254, 0.0, 0.0, 0.0, 1.0],
                [0.974932, 0.016089, -0.22192, -5e-06, -0.222052, 0.006951, -0.97501, 4.553753, -0.014145, 0.999846, 0.01035, 0.695284, 0.0, 0.0, 0.0, 1.0],
                [0.979735, 0.014394, -0.199779, -5e-06, -0.199886, 0.006413, -0.979798, 4.530472, -0.012822, 0.999876, 0.009161, 0.702181, 0.0, 0.0, 0.0, 1.0],
                [0.983928, 0.012755, -0.178109, -5e-06, -0.178194, 0.005853, -0.983978, 4.507767, -0.011508, 0.999902, 0.008032, 0.708908, 0.0, 0.0, 0.0, 1.0],
                [0.987526, 0.011181, -0.157056, -5e-06, -0.157121, 0.005276, -0.987565, 4.485764, -0.010214, 0.999924, 0.006967, 0.715426, 0.0, 0.0, 0.0, 1.0],
                [0.990557, 0.009681, -0.13676, -5e-06, -0.136809, 0.00469, -0.990586, 4.464593, -0.008949, 0.999942, 0.00597, 0.721698, 0.0, 0.0, 0.0, 1.0],
                [0.993055, 0.008263, -0.117361, -5e-06, -0.117397, 0.004103, -0.993077, 4.444381, -0.007724, 0.999957, 0.005045, 0.727686, 0.0, 0.0, 0.0, 1.0],
                [0.995064, 0.006934, -0.098995, -5e-06, -0.099022, 0.003524, -0.995079, 4.425255, -0.006551, 0.99997, 0.004193, 0.733352, 0.0, 0.0, 0.0, 1.0],
                [0.996633, 0.005701, -0.081797, -5e-06, -0.081815, 0.00296, -0.996643, 4.407344, -0.00544, 0.999979, 0.003416, 0.738659, 0.0, 0.0, 0.0, 1.0],
                [0.997816, 0.004572, -0.065895, -5e-06, -0.065906, 0.00242, -0.997823, 4.390776, -0.004403, 0.999987, 0.002716, 0.743567, 0.0, 0.0, 0.0, 1.0],
                [0.998671, 0.003553, -0.051415, -5e-06, -0.051422, 0.001914, -0.998675, 4.375678, -0.00345, 0.999992, 0.002094, 0.74804, 0.0, 0.0, 0.0, 1.0],
                [0.999256, 0.00265, -0.038481, -5e-06, -0.038485, 0.001449, -0.999258, 4.362178, -0.002592, 0.999995, 0.00155, 0.75204, 0.0, 0.0, 0.0, 1.0],
                [0.999628, 0.001868, -0.027214, -5e-06, -0.027216, 0.001035, -0.999629, 4.350405, -0.001839, 0.999998, 0.001086, 0.755528, 0.0, 0.0, 0.0, 1.0],
                [0.999842, 0.001214, -0.017731, -5e-06, -0.017732, 0.00068, -0.999843, 4.340485, -0.001201, 0.999999, 0.000702, 0.758466, 0.0, 0.0, 0.0, 1.0],
                [0.999948, 0.000693, -0.010152, -5e-06, -0.010152, 0.000392, -0.999948, 4.332547, -0.000689, 1.0, 0.000399, 0.760818, 0.0, 0.0, 0.0, 1.0],
                [0.999989, 0.000313, -0.004591, -5e-06, -0.004591, 0.000178, -0.999989, 4.326719, -0.000312, 1.0, 0.00018, 0.762545, 0.0, 0.0, 0.0, 1.0],
                [0.999999, 8e-05, -0.001168, -5e-06, -0.001168, 4.5e-05, -0.999999, 4.323128, -8e-05, 1.0, 4.6e-05, 0.763609, 0.0, 0.0, 0.0, 1.0],
                [1.0, 0.0, 0.0, -5e-06, 0.0, 0.0, -1.0, 4.321903, 0.0, 1.0, 0.0, 0.763972, 0.0, 0.0, 0.0, 1.0],
                [1.0, 0.0, 0.0, -5e-06, 0.0, 0.0, -1.0, 4.321903, 0.0, 1.0, 0.0, 0.763972, 0.0, 0.0, 0.0, 1.0]
            ]
        },
        {
            "name": "Thigh_R",
            "time": [0.0, 0.0167, 0.0333, 0.05, 0.0667, 0.0833, 0.1, 0.1167, 0.1333, 0.15, 0.1667, 0.1833, 0.2, 0.2167, 0.2333, 0.25, 0.2667, 0.2833, 0.3, 0.3167, 0.3333, 0.35, 0.3667, 0.3833, 0.4, 0.4167, 0.4333, 0.45, 0.4667, 0.4833, 0.5, 0.5167, 0.5333, 0.55, 0.5667, 0.5833, 0.6, 0.6167, 0.6333, 0.65, 0.6667, 0.6833, 0.7, 0.7167, 0.7333, 0.75, 0.7667, 0.7833, 0.8, 0.8167, 0.8333, 0.85, 0.8667, 0.8833, 0.9, 0.9167, 0.9333, 0.95, 0.9667, 0.9833, 1.0, 1.0167, 1.0333, 1.05, 1.0667, 1.0833, 1.1, 1.1167, 1.1333, 1.15, 1.1667, 1.1833, 1.2, 1.2167, 1.2333, 1.25, 1.2667, 1.2833, 1.3, 1.3167, 1.3333, 1.35, 1.3667, 1.3833, 1.4, 1.4167, 1.4333, 1.45, 1.4667, 1.4833, 1.5, 1.5167, 1.5333, 1.55, 1.5667, 1.5833, 1.6, 1.6167, 1.6333, 1.65, 1.6667, 1.6833, 1.7, 1.7167, 1.7333, 1.75, 1.7667, 1.7833, 1.8, 1.8167, 1.8333, 1.85, 1.8667, 1.8833, 1.9, 1.9167, 1.9333, 1.95, 1.9667, 1.9833, 2.0, 2.0167, 2.0333, 2.05, 2.0667, 2.0833, 2.1, 2.1167, 2.1333, 2.15, 2.1667, 2.1833, 2.2, 2.2167, 2.2333, 2.25, 2.2667, 2.2833, 2.3, 2.3167, 2.3333, 2.35, 2.3667, 2.3833, 2.4, 2.4167, 2.5333],
            "transform": [
                [0.994783, 0.080442, 0.062738, 0.124994, 0.016506, -0.733812, 0.679152, -0.002831, 0.10067, -0.674574, -0.731311, -1.2e-05, 0.0, 0.0, 0.0, 1.0],
                [0.994783, 0.080383, 0.062813, 0.124994, 0.016506, -0.734444, 0.678468, -0.002831, 0.10067, -0.673892, -0.73194, -1.2e-05, 0.0, 0.0, 0.0, 1.0],
                [0.994783, 0.080209, 0.063034, 0.124994, 0.016506, -0.736313, 0.676439, -0.002831, 0.10067, -0.67187, -0.733796, -1.2e-05, 0.0, 0.0, 0.0, 1.0],
                [0.994783, 0.079923, 0.063397, 0.124994, 0.016506, -0.739371, 0.673096, -0.002831, 0.10067, -0.668538, -0.736833, -1.2e-05, 0.0, 0.0, 0.0, 1.0],
                [0.994783, 0.079525, 0.063896, 0.124994, 0.016506, -0.743565, 0.668459, -0.002831, 0.10067, -0.663917, -0.740999, -1.2e-05, 0.0, 0.0, 0.0, 1.0],
                [0.994783, 0.079016, 0.064524, 0.124994, 0.016506, -0.748842, 0.662543, -0.002831, 0.10067, -0.658022, -0.746239, -1.2e-05, 0.0, 0.0, 0.0, 1.0],
                [0.994783, 0.078396, 0.065276, 0.124994, 0.016506, -0.755139, 0.655356, -0.002831, 0.10067, -0.65086, -0.752494, -1.2e-05, 0.0, 0.0, 0.0, 1.0],
                [0.994783, 0.077664, 0.066146, 0.124994, 0.016506, -0.762394, 0.646902, -0.002831, 0.10067, -0.642436, -0.759699, -1.2e-05, 0.0, 0.0, 0.0, 1.0],
                [0.994783, 0.076818, 0.067126, 0.124994, 0.016506, -0.770538, 0.63718, -0.002831, 0.10067, -0.632748, -0.767786, -1.2e-05, 0.0, 0.0, 0.0, 1.0],
                [0.994783, 0.075859, 0.068208, 0.124994, 0.016506, -0.779498, 0.626187, -0.002831, 0.10067, -0.621795, -0.776683, -1.2e-05, 0.0, 0.0, 0.0, 1.0],
                [0.994783, 0.074782, 0.069387, 0.124994, 0.016506, -0.789197, 0.613918, -0.002831, 0.10067, -0.60957, -0.786314, -1.2e-05, 0.0, 0.0, 0.0, 1.0],
                [0.994783, 0.073588, 0.070652, 0.124994, 0.016506, -0.799555, 0.600365, -0.002831, 0.10067, -0.596067, -0.796599, -1.2e-05, 0.0, 0.0, 0.0, 1.0],
                [0.994783, 0.072273, 0.071997, 0.124994, 0.016506, -0.810487, 0.585523, -0.002831, 0.10067, -0.58128, -0.807452, -1.2e-05, 0.0, 0.0, 0.0, 1.0],
                [0.994783, 0.070835, 0.073412, 0.124994, 0.016506, -0.821904, 0.569387, -0.002831, 0.10067, -0.565205, -0.818785, -1.2e-05, 0.0, 0.0, 0.0, 1.0],
                [0.994783, 0.069274, 0.074887, 0.124994, 0.016506, -0.833711, 0.551954, -0.002831, 0.10067, -0.547838, -0.830505, -1.2e-05, 0.0, 0.0, 0.0, 1.0],
                [0.994783, 0.067586, 0.076413, 0.124994, 0.016506, -0.845813, 0.533223, -0.002831, 0.10067, -0.52918, -0.842517, -1.2e-05, 0.0, 0.0, 0.0, 1.0],
                [0.994783, 0.065772, 0.07798, 0.124994, 0.016506, -0.85811, 0.5132, -0.002831, 0.10067, -0.509236, -0.854719, -1.2e-05, 0.0, 0.0, 0.0, 1.0],
                [0.994783, 0.06383, 0.079578, 0.124994, 0.016506, -0.870498, 0.491894, -0.002831, 0.10067, -0.488015, -0.86701, -1.2e-05, 0.0, 0.0, 0.0, 1.0],
                [0.994783, 0.061761, 0.081195, 0.124994, 0.016506, -0.882873, 0.469322, -0.002831, 0.10067, -0.465533, -0.879286, -1.2e-05, 0.0, 0.0, 0.0, 1.0],
                [0.994783, 0.059563, 0.08282, 0.124994, 0.016506, -0.895127, 0.445505, -0.002831, 0.10067, -0.441813, -0.891441, -1.2e-05, 0.0, 0.0, 0.0, 1.0],
                [0.994783, 0.057241, 0.084442, 0.124994, 0.016506, -0.907154, 0.420474, -0.002831, 0.10067, -0.416887, -0.903367, -1.2e-05, 0.0, 0.0, 0.0, 1.0],
                [0.994783, 0.054794, 0.08605, 0.124994, 0.016506, -0.918847, 0.394268, -0.002831, 0.10067, -0.390791, -0.914958, -1.2e-05, 0.0, 0.0, 0.0, 1.0],
                [0.994783, 0.052226, 0.087632, 0.124994, 0.016506, -0.9301, 0.366935, -0.002831, 0.10067, -0.363575, -0.92611, -1.2e-05, 0.0, 0.0, 0.0, 1.0],
                [0.994783, 0.049542, 0.089177, 0.124994, 0.016506, -0.94081, 0.338532, -0.002831, 0.10067, -0.335294, -0.936719, -1.2e-05, 0.0, 0.0, 0.0, 1.0],
                [0.994783, 0.046746, 0.090674, 0.124994, 0.016506, -0.950878, 0.309125, -0.002831, 0.10067, -0.306016, -0.946689, -1.2e-05, 0.0, 0.0, 0.0, 1.0],
                [0.994783, 0.043845, 0.092112, 0.124994, 0.016506, -0.96021, 0.27879, -0.002831, 0.10067, -0.275815, -0.955924, -1.2e-05, 0.0, 0.0, 0.0, 1.0],
                [0.994783, 0.040845, 0.09348, 0.124994, 0.016506, -0.968719, 0.247612, -0.002831, 0.10067, -0.244777, -0.964339, -1.2e-05, 0.0, 0.0, 0.0, 1.0],
                [0.994783, 0.037755, 0.094771, 0.124994, 0.016506, -0.976323, 0.215683, -0.002831, 0.10067, -0.212994, -0.971853, -1.2e-05, 0.0, 0.0, 0.0, 1.0],
                [0.994783, 0.034583, 0.095973, 0.124994, 0.016506, -0.982954, 0.183107, -0.002831, 0.10067, -0.180568, -0.978397, -1.2e-05, 0.0, 0.0, 0.0, 1.0],
                [0.994783, 0.03134, 0.097081, 0.124994, 0.016506, -0.988549, 0.149991, -0.002831, 0.10067, -0.147606, -0.983909, -1.2e-05, 0.0, 0.0, 0.0, 1.0],
                [0.994783, 0.028037, 0.098086, 0.124994, 0.016506, -0.993059, 0.11645, -0.002831, 0.10067, -0.114223, -0.988341, -1.2e-05, 0.0, 0.0, 0.0, 1.0],
                [0.994783, 0.024684, 0.098983, 0.124994, 0.016506, -0.996446, 0.082604, -0.002831, 0.10067, -0.080539, -0.991655, -1.2e-05, 0.0, 0.0, 0.0, 1.0],
                [0.994783, 0.021295, 0.099767, 0.124994, 0.016506, -0.998683, 0.048576, -0.002831, 0.10067, -0.046676, -0.993824, -1.2e-05, 0.0, 0.0, 0.0, 1.0],
                [0.994783, 0.01788, 0.100435, 0.124994, 0.016506, -0.999758, 0.014491, -0.002831, 0.10067, -0.012758, -0.994838, -1.2e-05, 0.0, 0.0, 0.0, 1.0],
                [0.994783, 0.014453, 0.100985, 0.124994, 0.016506, -0.999673, -0.019524, -0.002831, 0.10067, 0.021089, -0.994696, -1.2e-05, 0.0, 0.0, 0.0, 1.0],
                [0.994783, 0.011027, 0.101416, 0.124994, 0.016506, -0.99844, -0.053344, -0.002831, 0.10067, 0.05474, -0.993413, -1.2e-05, 0.0, 0.0, 0.0, 1.0],
                [0.994783, 0.007615, 0.10173, 0.124994, 0.016506, -0.996085, -0.086847, -0.002831, 0.10067, 0.088073, -0.991014, -1.2e-05, 0.0, 0.0, 0.0, 1.0],
                [0.994783, 0.004229, 0.101927, 0.124994, 0.016506, -0.992647, -0.119913, -0.002831, 0.10067, 0.12097, -0.987538, -1.2e-05, 0.0, 0.0, 0.0, 1.0],
                [0.994783, 0.000881, 0.10201, 0.124994, 0.016506, -0.988176, -0.152429, -0.002831, 0.10067, 0.153318, -0.983036, -1.2e-05, 0.0, 0.0, 0.0, 1.0],
                [0.994783, -0.002416, 0.101986, 0.124994, 0.016506, -0.982734, -0.184286, -0.002831, 0.10067, 0.185008, -0.977567, -1.2e-05, 0.0, 0.0, 0.0, 1.0],
                [0.994783, -0.005652, 0.101858, 0.124994, 0.016506, -0.97639, -0.215384, -0.002831, 0.10067, 0.215941, -0.971203, -1.2e-05, 0.0, 0.0, 0.0, 1.0],
                [0.994783, -0.008815, 0.101633, 0.124994, 0.016506, -0.969223, -0.245629, -0.002831, 0.10067, 0.246025, -0.964021, -1.2e-05, 0.0, 0.0, 0.0, 1.0],
                [0.994783, -0.011896, 0.101318, 0.124994, 0.016506, -0.96132, -0.274937, -0.002831, 0.10067, 0.275175, -0.956109, -1.2e-05, 0.0, 0.0, 0.0, 1.0],
                [0.994783, -0.014886, 0.100922, 0.124994, 0.016506, -0.952773, -0.303233, -0.002831, 0.10067, 0.303317, -0.947557, -1.2e-05, 0.0, 0.0, 0.0, 1.0],
                [0.994783, -0.017776, 0.100454, 0.124994, 0.016506, -0.943679, -0.33045, -0.002831, 0.10067, 0.330384, -0.938462, -1.2e-05, 0.0, 0.0, 0.0, 1.0],
                [0.994783, -0.020559, 0.099921, 0.124994, 0.016506, -0.934138, -0.35653, -0.002831, 0.10067, 0.356319, -0.928925, -1.2e-05, 0.0, 0.0, 0.0, 1.0],
                [0.994783, -0.023228, 0.099335, 0.124994, 0.016506, -0.924253, -0.381424, -0.002831, 0.10067, 0.381073, -0.919048, -1.2e-05, 0.0, 0.0, 0.0, 1.0],
                [0.994783, -0.025777, 0.098704, 0.124994, 0.016506, -0.914127, -0.405091, -0.002831, 0.10067, 0.404607, -0.908933, -1.1e-05, 0.0, 0.0, 0.0, 1.0],
                [0.994783, -0.028202, 0.098039, 0.124994, 0.016506, -0.903865, -0.427498, -0.002831, 0.10067, 0.426886, -0.898684, -1.2e-05, 0.0, 0.0, 0.0, 1.0],
                [0.994783, -0.030498, 0.097349, 0.124994, 0.016506, -0.89357, -0.44862, -0.002831, 0.10067, 0.447887, -0.888405, -1.1e-05, 0.0, 0.0, 0.0, 1.0],
                [0.994783, -0.032662, 0.096644, 0.124994, 0.016506, -0.883343, -0.468437, -0.002831, 0.10067, 0.467588, -0.878195, -1.2e-05, 0.0, 0.0, 0.0, 1.0],
                [0.994783, -0.03469, 0.095935, 0.124994, 0.016506, -0.873283, -0.486934, -0.002831, 0.10067, 0.485977, -0.868154, -1.2e-05, 0.0, 0.0, 0.0, 1.0],
                [0.994783, -0.036579, 0.095231, 0.124994, 0.016506, -0.863486, -0.504102, -0.002831, 0.10067, 0.503044, -0.858378, -1.2e-05, 0.0, 0.0, 0.0, 1.0],
                [0.994783, -0.038329, 0.09454, 0.124994, 0.016506, -0.854046, -0.519934, -0.002831, 0.10067, 0.518782, -0.848958, -1.2e-05, 0.0, 0.0, 0.0, 1.0],
                [0.994783, -0.039936, 0.093873, 0.124994, 0.016506, -0.845052, -0.534428, -0.002831, 0.10067, 0.53319, -0.839985, -1.2e-05, 0.0, 0.0, 0.0, 1.0],
                [0.994783, -0.041399, 0.093236, 0.124994, 0.016506, -0.836589, -0.547582, -0.002831, 0.10067, 0.546264, -0.831541, -1.2e-05, 0.0, 0.0, 0.0, 1.0],
                [0.994783, -0.042718, 0.09264, 0.124994, 0.016506, -0.828739, -0.559392, -0.002831, 0.10067, 0.558003, -0.82371, -1.2e-05, 0.0, 0.0, 0.0, 1.0],
                [0.994783, -0.043889, 0.09209, 0.124994, 0.016506, -0.821577, -0.569858, -0.002831, 0.10067, 0.568405, -0.816566, -1.2e-05, 0.0, 0.0, 0.0, 1.0],
                [0.994783, -0.044912, 0.091596, 0.124994, 0.016506, -0.815177, -0.578976, -0.002831, 0.10067, 0.577468, -0.810183, -1.2e-05, 0.0, 0.0, 0.0, 1.0],
                [0.994783, -0.045786, 0.091162, 0.124994, 0.016506, -0.809606, -0.586741, -0.002831, 0.10067, 0.585184, -0.804627, -1.2e-05, 0.0, 0.0, 0.0, 1.0],
                [0.994783, -0.046507, 0.090797, 0.124994, 0.016506, -0.804929, -0.593141, -0.002831, 0.10067, 0.591545, -0.799962, -1.2e-05, 0.0, 0.0, 0.0, 1.0],
                [0.994783, -0.047074, 0.090504, 0.124994, 0.016506, -0.801204, -0.598163, -0.002831, 0.10067, 0.596536, -0.796247, -1.2e-05, 0.0, 0.0, 0.0, 1.0],
                [0.994783, -0.047484, 0.09029, 0.124994, 0.016506, -0.798486, -0.601787, -0.002831, 0.10067, 0.600138, -0.793536, -1.2e-05, 0.0, 0.0, 0.0, 1.0],
                [0.994783, -0.047732, 0.090158, 0.124994, 0.016506, -0.796822, -0.603988, -0.002831, 0.10067, 0.602325, -0.791878, -1.2e-05, 0.0, 0.0, 0.0, 1.0],
                [0.994783, -0.047816, 0.090114, 0.124994, 0.016506, -0.796259, -0.60473, -0.002831, 0.10067, 0.603063, -0.791316, -1.2e-05, 0.0, 0.0, 0.0, 1.0],
                [0.994783, -0.047816, 0.090114, 0.124994, 0.016506, -0.796259, -0.60473, -0.002831, 0.10067, 0.603063, -0.791316, -1.2e-05, 0.0, 0.0, 0.0, 1.0],
                [0.994783, -0.047816, 0.090114, 0.124994, 0.016506, -0.796259, -0.60473, -0.002831, 0.10067, 0.603063, -0.791316, -1.2e-05, 0.0, 0.0, 0.0, 1.0],
                [0.994783, -0.047816, 0.090114, 0.124994, 0.016506, -0.796259, -0.60473, -0.002831, 0.10067, 0.603063, -0.791316, -1.2e-05, 0.0, 0.0, 0.0, 1.0],
                [0.994783, -0.047816, 0.090114, 0.124994, 0.016506, -0.796259, -0.60473, -0.002831, 0.10067, 0.603063, -0.791316, -1.2e-05, 0.0, 0.0, 0.0, 1.0],
                [0.994783, -0.047816, 0.090114, 0.124994, 0.016506, -0.796259, -0.60473, -0.002831, 0.10067, 0.603063, -0.791316, -1.2e-05, 0.0, 0.0, 0.0, 1.0],
                [0.994783, -0.047816, 0.090114, 0.124994, 0.016506, -0.796259, -0.60473, -0.002831, 0.10067, 0.603063, -0.791316, -1.2e-05, 0.0, 0.0, 0.0, 1.0],
                [0.994783, -0.047816, 0.090114, 0.124994, 0.016506, -0.796259, -0.60473, -0.002831, 0.10067, 0.603063, -0.791316, -1.2e-05, 0.0, 0.0, 0.0, 1.0],
                [0.994783, -0.047816, 0.090114, 0.124994, 0.016506, -0.796259, -0.60473, -0.002831, 0.10067, 0.603063, -0.791316, -1.2e-05, 0.0, 0.0, 0.0, 1.0],
                [0.994783, -0.047816, 0.090114, 0.124994, 0.016506, -0.796259, -0.60473, -0.002831, 0.10067, 0.603063, -0.791316, -1.2e-05, 0.0, 0.0, 0.0, 1.0],
                [0.994783, -0.047816, 0.090114, 0.124994, 0.016506, -0.796259, -0.60473, -0.002831, 0.10067, 0.603063, -0.791316, -1.2e-05, 0.0, 0.0, 0.0, 1.0],
                [0.994783, -0.047816, 0.090114, 0.124994, 0.016506, -0.796259, -0.60473, -0.002831, 0.10067, 0.603063, -0.791316, -1.2e-05, 0.0, 0.0, 0.0, 1.0],
                [0.994783, -0.047816, 0.090114, 0.124994, 0.016506, -0.796259, -0.60473, -0.002831, 0.10067, 0.603063, -0.791316, -1.2e-05, 0.0, 0.0, 0.0, 1.0],
                [0.994783, -0.047816, 0.090114, 0.124994, 0.016506, -0.796259, -0.60473, -0.002831, 0.10067, 0.603063, -0.791316, -1.2e-05, 0.0, 0.0, 0.0, 1.0],
                [0.994783, -0.047816, 0.090114, 0.124994, 0.016506, -0.796259, -0.60473, -0.002831, 0.10067, 0.603063, -0.791316, -1.2e-05, 0.0, 0.0, 0.0, 1.0],
                [0.994783, -0.047816, 0.090114, 0.124994, 0.016506, -0.796259, -0.60473, -0.002831, 0.10067, 0.603063, -0.791316, -1.2e-05, 0.0, 0.0, 0.0, 1.0],
                [0.994783, -0.047816, 0.090114, 0.124994, 0.016506, -0.796259, -0.60473, -0.002831, 0.10067, 0.603063, -0.791316, -1.2e-05, 0.0, 0.0, 0.0, 1.0],
                [0.994783, -0.047816, 0.090114, 0.124994, 0.016506, -0.796259, -0.60473, -0.002831, 0.10067, 0.603063, -0.791316, -1.2e-05, 0.0, 0.0, 0.0, 1.0],
                [0.994783, -0.047816, 0.090114, 0.124994, 0.016506, -0.796259, -0.60473, -0.002831, 0.10067, 0.603063, -0.791316, -1.2e-05, 0.0, 0.0, 0.0, 1.0],
                [0.994783, -0.047816, 0.090114, 0.124994, 0.016506, -0.796259, -0.60473, -0.002831, 0.10067, 0.603063, -0.791316, -1.2e-05, 0.0, 0.0, 0.0, 1.0],
                [0.994783, -0.047816, 0.090114, 0.124994, 0.016506, -0.796259, -0.60473, -0.002831, 0.10067, 0.603063, -0.791316, -1.2e-05, 0.0, 0.0, 0.0, 1.0],
                [0.994783, -0.047816, 0.090114, 0.124994, 0.016506, -0.796259, -0.60473, -0.002831, 0.10067, 0.603063, -0.791316, -1.2e-05, 0.0, 0.0, 0.0, 1.0],
                [0.994783, -0.047816, 0.090114, 0.124994, 0.016506, -0.796259, -0.60473, -0.002831, 0.10067, 0.603063, -0.791316, -1.2e-05, 0.0, 0.0, 0.0, 1.0],
                [0.994783, -0.047816, 0.090114, 0.124994, 0.016506, -0.796259, -0.60473, -0.002831, 0.10067, 0.603063, -0.791316, -1.2e-05, 0.0, 0.0, 0.0, 1.0],
                [0.994783, -0.047816, 0.090114, 0.124994, 0.016506, -0.796259, -0.60473, -0.002831, 0.10067, 0.603063, -0.791316, -1.2e-05, 0.0, 0.0, 0.0, 1.0],
                [0.994783, -0.047816, 0.090114, 0.124994, 0.016506, -0.796259, -0.60473, -0.002831, 0.10067, 0.603063, -0.791316, -1.2e-05, 0.0, 0.0, 0.0, 1.0],
                [0.994783, -0.047816, 0.090114, 0.124994, 0.016506, -0.796259, -0.60473, -0.002831, 0.10067, 0.603063, -0.791316, -1.2e-05, 0.0, 0.0, 0.0, 1.0],
                [0.994783, -0.047816, 0.090114, 0.124994, 0.016506, -0.796259, -0.60473, -0.002831, 0.10067, 0.603063, -0.791316, -1.2e-05, 0.0, 0.0, 0.0, 1.0],
