{
    "animation": [
        {
            "name": "Root",
            "time": [0.0, 0.0167, 0.0333, 0.05, 0.0667, 0.0833, 0.1, 0.1167, 0.1333, 0.15, 0.1667, 0.1833, 0.2, 0.2167, 0.2333, 0.25, 0.2667, 0.2833, 0.3, 0.3167, 0.3333, 0.35, 0.3667, 0.3833, 0.4, 0.4167, 0.4333, 0.45, 0.4667, 0.4833, 0.5, 0.5167, 0.5333, 0.55, 0.5667, 0.5833, 0.6, 0.6167, 0.6333, 0.65, 0.6667, 0.6833, 0.7, 0.7167, 0.7333, 0.75, 0.7667, 0.7833, 0.8, 0.8167, 0.8333, 0.85, 0.8667, 0.8833, 0.9, 0.9167, 0.9333, 0.95, 0.9667, 0.9833, 1.0, 1.0167, 1.0333, 1.05, 1.0667, 1.0833, 1.1, 1.1167, 1.1333, 1.15, 1.1667, 1.1833, 1.2, 1.2167, 1.2333, 1.25, 1.2667, 1.2833, 1.3, 1.3167, 1.3333, 1.35, 1.3667, 1.3833, 1.4, 1.4167, 1.4333, 1.45, 1.4667, 1.4833, 1.5, 1.5167, 1.5333, 1.55, 1.5667, 1.5833, 1.6, 1.6167, 1.6333, 1.65, 1.6667, 1.6833, 1.7, 1.7167, 1.7333, 1.75, 1.7667, 1.7833, 1.8, 1.8167, 1.8333, 1.85, 1.8667, 1.8833, 1.9, 1.9167, 1.9333, 1.95, 1.9667, 2.0],
            "transform": [
                [1.0, 0.0, 0.0, -5e-06, 0.0, 0.34202, -0.939693, 0.000946, 0.0, 0.939693, 0.34202, 0.763972, 0.0, 0.0, 0.0, 1.0],
                [0.999989, -0.000804, 0.004544, -5e-06, 0.004544, 0.343496, -0.939143, 0.003677, -0.000806, 0.939154, 0.343496, 0.763985, 0.0, 0.0, 0.0, 1.0],
                [0.999837, -0.003181, 0.017765, -5e-06, 0.017762, 0.347789, -0.937404, 0.011892, -0.003197, 0.937567, 0.347789, 0.764077, 0.0, 0.0, 0.0, 1.0],
                [0.999213, -0.007127, 0.039023, -5e-06, 0.039013, 0.354661, -0.934181, 0.025626, -0.007182, 0.934968, 0.35466, 0.764328, 0.0, 0.0, 0.0, 1.0],
                [0.997629, -0.012691, 0.067643, -5e-06, 0.067619, 0.363832, -0.929007, 0.044913, -0.01282, 0.931378, 0.363827, 0.764816, 0.0, 0.0, 0.0, 1.0],
                [0.994491, -0.019954, 0.102906, -5e-06, 0.102857, 0.374984, -0.921307, 0.06979, -0.020205, 0.926816, 0.374971, 0.765622, 0.0, 0.0, 0.0, 1.0],
                [0.989149, -0.029008, 0.144027, -5e-06, 0.143939, 0.387771, -0.910448, 0.100291, -0.029439, 0.921299, 0.387738, 0.766823, 0.0, 0.0, 0.0, 1.0],
                [0.980942, -0.039943, 0.190152, -5e-06, 0.190008, 0.401816, -0.895791, 0.13645, -0.040625, 0.914849, 0.401748, 0.768499, 0.0, 0.0, 0.0, 1.0],
                [0.969247, -0.052831, 0.240351, -5e-06, 0.240127, 0.416725, -0.876743, 0.178303, -0.053841, 0.907496, 0.416596, 0.77073, 0.0, 0.0, 0.0, 1.0],
                [0.953519, -0.067707, 0.293627, -5e-06, 0.293294, 0.432092, -0.852804, 0.225885, -0.069133, 0.899284, 0.431866, 0.773595, 0.0, 0.0, 0.0, 1.0],
                [0.933327, -0.084566, 0.348927, -5e-06, 0.348452, 0.447511, -0.823599, 0.279229, -0.0865, 0.890271, 0.447142, 0.777173, 0.0, 0.0, 0.0, 1.0],
                [0.908379, -0.103354, 0.405174, -5e-06, 0.404518, 0.462591, -0.788907, 0.338372, -0.105893, 0.880527, 0.462017, 0.781542, 0.0, 0.0, 0.0, 1.0],
                [0.878543, -0.123967, 0.461296, -5e-06, 0.460411, 0.476967, -0.748681, 0.403349, -0.127211, 0.870135, 0.476112, 0.786783, 0.0, 0.0, 0.0, 1.0],
                [0.843851, -0.146255, 0.51626, -5e-06, 0.515095, 0.490312, -0.703044, 0.474193, -0.150305, 0.859188, 0.489086, 0.792974, 0.0, 0.0, 0.0, 1.0],
                [0.80449, -0.170029, 0.569109, -5e-06, 0.567605, 0.50235, -0.65228, 0.55094, -0.174985, 0.847782, 0.500645, 0.800195, 0.0, 0.0, 0.0, 1.0],
                [0.760785, -0.195075, 0.618992, -5e-06, 0.617083, 0.512859, -0.596812, 0.633625, -0.201032, 0.836015, 0.510553, 0.808525, 0.0, 0.0, 0.0, 1.0],
                [0.713176, -0.22116, 0.665183, -5e-06, 0.662797, 0.521678, -0.53717, 0.722283, -0.228211, 0.823978, 0.518633, 0.818043, 0.0, 0.0, 0.0, 1.0],
                [0.662182, -0.24805, 0.707097, -5e-06, 0.704156, 0.528705, -0.473958, 0.816948, -0.256281, 0.811753, 0.524764, 0.828828, 0.0, 0.0, 0.0, 1.0],
                [0.608369, -0.275519, 0.744296, -5e-06, 0.740713, 0.533888, -0.407809, 0.917656, -0.285012, 0.799408, 0.528882, 0.84096, 0.0, 0.0, 0.0, 1.0],
                [0.55232, -0.303364, 0.776474, -5e-06, 0.772156, 0.537226, -0.339357, 1.024441, -0.314193, 0.786993, 0.530966, 0.854517, 0.0, 0.0, 0.0, 1.0],
                [0.494605, -0.33141, 0.803451, -5e-06, 0.798295, 0.538752, -0.269205, 1.137339, -0.343644, 0.774541, 0.531032, 0.869579, 0.0, 0.0, 0.0, 1.0],
                [0.435754, -0.359514, 0.825147, -5e-06, 0.81904, 0.538527, -0.197894, 1.256384, -0.373218, 0.762062, 0.529122, 0.889461, 0.0, 0.0, 0.0, 1.0],
                [0.376245, -0.387576, 0.841561, -5e-06, 0.834377, 0.536624, -0.125894, 1.381611, -0.402808, 0.749546, 0.525287, 0.916195, 0.0, 0.0, 0.0, 1.0],
                [0.316492, -0.415535, 0.852739, -5e-06, 0.84434, 0.533121, -0.053588, 1.513054, -0.432345, 0.736962, 0.519581, 0.947939, 0.0, 0.0, 0.0, 1.0],
                [0.256837, -0.443369, 0.858754, -5e-06, 0.848982, 0.528089, 0.018735, 1.65075, -0.461805, 0.724255, 0.512045, 0.98285, 0.0, 0.0, 0.0, 1.0],
                [0.197552, -0.471099, 0.859674, -5e-06, 0.848349, 0.52158, 0.090875, 1.794732, -0.4912, 0.711351, 0.502695, 1.019084, 0.0, 0.0, 0.0, 1.0],
                [0.138842, -0.498784, 0.855534, -5e-06, 0.842449, 0.513616, 0.162724, 1.945036, -0.520579, 0.69815, 0.491511, 1.0548, 0.0, 0.0, 0.0, 1.0],
                [0.080857, -0.52652, 0.846309, -5e-06, 0.831223, 0.504177, 0.234251, 2.101697, -0.550028, 0.684531, 0.478422, 1.088155, 0.0, 0.0, 0.0, 1.0],
                [0.0237, -0.554439, 0.831887, -5e-06, 0.814515, 0.49319, 0.305499, 2.264749, -0.579659, 0.670344, 0.463287, 1.117305, 0.0, 0.0, 0.0, 1.0],
                [-0.032558, -0.58271, 0.812028, -5e-06, 0.792031, 0.480506, 0.376566, 2.434227, -0.609613, 0.655411, 0.44588, 1.140408, 0.0, 0.0, 0.0, 1.0],
                [-0.087845, -0.611531, 0.786329, -5e-06, 0.763298, 0.465878, 0.447587, 2.610167, -0.640047, 0.639521, 0.425855, 1.155622, 0.0, 0.0, 0.0, 1.0],
                [-0.142063, -0.641131, 0.754168, -5e-06, 0.727606, 0.44893, 0.518702, 2.792603, -0.671124, 0.622425, 0.402714, 1.161102, 0.0, 0.0, 0.0, 1.0],
                [-0.210256, -0.668556, 0.71332, -5e-06, 0.679846, 0.42435, 0.59811, 2.9813, -0.702568, 0.610704, 0.365293, 1.160864, 0.0, 0.0, 0.0, 1.0],
                [-0.306486, -0.68996, 0.65576, -5e-06, 0.609349, 0.387041, 0.69202, 3.174947, -0.731272, 0.611682, 0.301804, 1.159523, 0.0, 0.0, 0.0, 1.0],
                [-0.427144, -0.702431, 0.569331, -5e-06, 0.504692, 0.337224, 0.794711, 3.371961, -0.750222, 0.626793, 0.210468, 1.156141, 0.0, 0.0, 0.0, 1.0],
                [-0.562584, -0.700504, 0.439083, -5e-06, 0.352861, 0.276845, 0.893782, 3.570762, -0.747655, 0.657763, 0.091432, 1.149776, 0.0, 0.0, 0.0, 1.0],
                [-0.692037, -0.676722, 0.251262, -5e-06, 0.144069, 0.211592, 0.966681, 3.769768, -0.707339, 0.705178, -0.048935, 1.13949, 0.0, 0.0, 0.0, 1.0],
                [-0.781063, -0.624445, 0.002988, -5e-06, -0.118231, 0.15258, 0.981194, 3.967396, -0.613157, 0.766021, -0.193003, 1.124344, 0.0, 0.0, 0.0, 1.0],
                [-0.789537, -0.543518, -0.28499, -5e-06, -0.406228, 0.114768, 0.906536, 4.162066, -0.460011, 0.831515, -0.311406, 1.103397, 0.0, 0.0, 0.0, 1.0],
                [-0.693942, -0.445135, -0.565949, -5e-06, -0.669527, 0.10973, 0.734638, 4.352196, -0.264912, 0.888715, -0.374177, 1.075711, 0.0, 0.0, 0.0, 1.0],
                [-0.507454, -0.348799, -0.787928, -5e-06, -0.859314, 0.137148, 0.492717, 4.536204, -0.063797, 0.927108, -0.369324, 1.040344, 0.0, 0.0, 0.0, 1.0],
                [-0.273092, -0.271627, -0.922843, -5e-06, -0.95588, 0.184552, 0.228548, 4.71251, 0.108232, 0.944542, -0.310043, 0.996886, 0.0, 0.0, 0.0, 1.0],
                [-0.036129, -0.220677, -0.974677, -5e-06, -0.971656, 0.235759, -0.017362, 4.87953, 0.233621, 0.946424, -0.22294, 0.947029, 0.0, 0.0, 0.0, 1.0],
                [0.175308, -0.19404, -0.965202, -5e-06, -0.933581, 0.278485, -0.22555, 5.035684, 0.312561, 0.940635, -0.132331, 0.892994, 0.0, 0.0, 0.0, 1.0],
                [0.351386, -0.185932, -0.917582, -5e-06, -0.86671, 0.306015, -0.393914, 5.179391, 0.354036, 0.933694, -0.05362, 0.837001, 0.0, 0.0, 0.0, 1.0],
                [0.49332, -0.190438, -0.848745, -5e-06, -0.788037, 0.31527, -0.528774, 5.309067, 0.368283, 0.929698, 0.005457, 0.78127, 0.0, 0.0, 0.0, 1.0],
                [0.606767, -0.202877, -0.768554, -5e-06, -0.706911, 0.304393, -0.638452, 5.423133, 0.363469, 0.930691, 0.04128, 0.728021, 0.0, 0.0, 0.0, 1.0],
                [0.700825, -0.210252, -0.681644, -5e-06, -0.63162, 0.261187, -0.729957, 5.520006, 0.331511, 0.942112, 0.050247, 0.679475, 0.0, 0.0, 0.0, 1.0],
                [0.779101, -0.20121, -0.59373, -5e-06, -0.563573, 0.190002, -0.803918, 5.598105, 0.274566, 0.960944, 0.034634, 0.637852, 0.0, 0.0, 0.0, 1.0],
                [0.838957, -0.179239, -0.513833, -5e-06, -0.50143, 0.112299, -0.857879, 5.655847, 0.211469, 0.977375, 0.004338, 0.605373, 0.0, 0.0, 0.0, 1.0],
                [0.878557, -0.153866, -0.452175, -5e-06, -0.450227, 0.04931, -0.891551, 5.691654, 0.159476, 0.986861, -0.025953, 0.584257, 0.0, 0.0, 0.0, 1.0],
                [0.897621, -0.138568, -0.418421, -5e-06, -0.419609, 0.021954, -0.907439, 5.70394, 0.134928, 0.99011, -0.038438, 0.576725, 0.0, 0.0, 0.0, 1.0],
                [0.906042, -0.13304, -0.401732, -5e-06, -0.402872, 0.01944, -0.91505, 5.70394, 0.129548, 0.99092, -0.035985, 0.576725, 0.0, 0.0, 0.0, 1.0],
                [0.913916, -0.127603, -0.385326, -5e-06, -0.386417, 0.0171, -0.922166, 5.70394, 0.12426, 0.991678, -0.03368, 0.576725, 0.0, 0.0, 0.0, 1.0],
                [0.921264, -0.122264, -0.369221, -5e-06, -0.370263, 0.014927, -0.928807, 5.70394, 0.119071, 0.992385, -0.031518, 0.576725, 0.0, 0.0, 0.0, 1.0],
                [0.92811, -0.117029, -0.353434, -5e-06, -0.354427, 0.012916, -0.934995, 5.70394, 0.113986, 0.993045, -0.029491, 0.576725, 0.0, 0.0, 0.0, 1.0],
                [0.934477, -0.111902, -0.337979, -5e-06, -0.338923, 0.011058, -0.940749, 5.70394, 0.109009, 0.993658, -0.027593, 0.576725, 0.0, 0.0, 0.0, 1.0],
                [0.940388, -0.106889, -0.322869, -5e-06, -0.323765, 0.009346, -0.946091, 5.70394, 0.104144, 0.994227, -0.025818, 0.576725, 0.0, 0.0, 0.0, 1.0],
                [0.945866, -0.101993, -0.308115, -5e-06, -0.308963, 0.007774, -0.951042, 5.70394, 0.099395, 0.994755, -0.024159, 0.576725, 0.0, 0.0, 0.0, 1.0],
                [0.950933, -0.097217, -0.293727, -5e-06, -0.294528, 0.006333, -0.955622, 5.70394, 0.094763, 0.995243, -0.022611, 0.576725, 0.0, 0.0, 0.0, 1.0],
                [0.955611, -0.092565, -0.279712, -5e-06, -0.280467, 0.005018, -0.95985, 5.70394, 0.090253, 0.995694, -0.021166, 0.576725, 0.0, 0.0, 0.0, 1.0],
                [0.959923, -0.08804, -0.266078, -5e-06, -0.266788, 0.003822, -0.963748, 5.70394, 0.085865, 0.99611, -0.019819, 0.576725, 0.0, 0.0, 0.0, 1.0],
                [0.963889, -0.083641, -0.25283, -5e-06, -0.253496, 0.002737, -0.967333, 5.70394, 0.081601, 0.996492, -0.018565, 0.576725, 0.0, 0.0, 0.0, 1.0],
                [0.96753, -0.079373, -0.239971, -5e-06, -0.240595, 0.001757, -0.970624, 5.70394, 0.077463, 0.996843, -0.017396, 0.576725, 0.0, 0.0, 0.0, 1.0],
                [0.970866, -0.075235, -0.227505, -5e-06, -0.228087, 0.000876, -0.97364, 5.70394, 0.073451, 0.997166, -0.016309, 0.576725, 0.0, 0.0, 0.0, 1.0],
                [0.973917, -0.071228, -0.215433, -5e-06, -0.215976, 8.8e-05, -0.976399, 5.70394, 0.069566, 0.99746, -0.015298, 0.576725, 0.0, 0.0, 0.0, 1.0],
                [0.976702, -0.067352, -0.203757, -5e-06, -0.204261, -0.000614, -0.978916, 5.70394, 0.065807, 0.997729, -0.014357, 0.576725, 0.0, 0.0, 0.0, 1.0],
                [0.979238, -0.063608, -0.192475, -5e-06, -0.192943, -0.001234, -0.981209, 5.70394, 0.062175, 0.997974, -0.013481, 0.576725, 0.0, 0.0, 0.0, 1.0],
                [0.981543, -0.059995, -0.181587, -5e-06, -0.18202, -0.00178, -0.983293, 5.70394, 0.05867, 0.998197, -0.012667, 0.576725, 0.0, 0.0, 0.0, 1.0],
                [0.983633, -0.056513, -0.171091, -5e-06, -0.17149, -0.002255, -0.985183, 5.70394, 0.05529, 0.998399, -0.011909, 0.576725, 0.0, 0.0, 0.0, 1.0],
                [0.985524, -0.053161, -0.160984, -5e-06, -0.161352, -0.002665, -0.986893, 5.70394, 0.052035, 0.998582, -0.011204, 0.576725, 0.0, 0.0, 0.0, 1.0],
                [0.987231, -0.049938, -0.151264, -5e-06, -0.151601, -0.003015, -0.988437, 5.70394, 0.048904, 0.998748, -0.010547, 0.576725, 0.0, 0.0, 0.0, 1.0],
                [0.988769, -0.046841, -0.141925, -5e-06, -0.142234, -0.003309, -0.989828, 5.70394, 0.045895, 0.998897, -0.009935, 0.576725, 0.0, 0.0, 0.0, 1.0],
                [0.990149, -0.043871, -0.132963, -5e-06, -0.133245, -0.003552, -0.991077, 5.70394, 0.043008, 0.999031, -0.009363, 0.576725, 0.0, 0.0, 0.0, 1.0],
                [0.991387, -0.041025, -0.124375, -5e-06, -0.124631, -0.003749, -0.992196, 5.70394, 0.040239, 0.999151, -0.008829, 0.576725, 0.0, 0.0, 0.0, 1.0],
                [0.992493, -0.038302, -0.116153, -5e-06, -0.116386, -0.003902, -0.993196, 5.70394, 0.037588, 0.999259, -0.00833, 0.576725, 0.0, 0.0, 0.0, 1.0],
                [0.993478, -0.035699, -0.108292, -5e-06, -0.108503, -0.004016, -0.994088, 5.70394, 0.035053, 0.999355, -0.007863, 0.576725, 0.0, 0.0, 0.0, 1.0],
                [0.994354, -0.033214, -0.100786, -5e-06, -0.100976, -0.004094, -0.99488, 5.70394, 0.032632, 0.99944, -0.007425, 0.576725, 0.0, 0.0, 0.0, 1.0],
                [0.995129, -0.030846, -0.093629, -5e-06, -0.093799, -0.004139, -0.995583, 5.70394, 0.030322, 0.999516, -0.007012, 0.576725, 0.0, 0.0, 0.0, 1.0],
                [0.995814, -0.028591, -0.086812, -5e-06, -0.086966, -0.004155, -0.996203, 5.703235, 0.028122, 0.999583, -0.006625, 0.57707, 0.0, 0.0, 0.0, 1.0],
                [0.996417, -0.026448, -0.080331, -5e-06, -0.080467, -0.004145, -0.996749, 5.701168, 0.026029, 0.999642, -0.006259, 0.578082, 0.0, 0.0, 0.0, 1.0],
                [0.996946, -0.024414, -0.074176, -5e-06, -0.074297, -0.004111, -0.997228, 5.697811, 0.024041, 0.999694, -0.005913, 0.579726, 0.0, 0.0, 0.0, 1.0],
                [0.997409, -0.022486, -0.06834, -5e-06, -0.068448, -0.004056, -0.997646, 5.693235, 0.022156, 0.999739, -0.005585, 0.581968, 0.0, 0.0, 0.0, 1.0],
                [0.997811, -0.020662, -0.062816, -5e-06, -0.062911, -0.003982, -0.998011, 5.687512, 0.02037, 0.999779, -0.005273, 0.58477, 0.0, 0.0, 0.0, 1.0],
                [0.99816, -0.018938, -0.057596, -5e-06, -0.057679, -0.003892, -0.998328, 5.680714, 0.018682, 0.999813, -0.004977, 0.5881, 0.0, 0.0, 0.0, 1.0],
                [0.998462, -0.017313, -0.052671, -5e-06, -0.052744, -0.003787, -0.998601, 5.672912, 0.01709, 0.999843, -0.004695, 0.591921, 0.0, 0.0, 0.0, 1.0],
                [0.998721, -0.015784, -0.048034, -5e-06, -0.048098, -0.00367, -0.998836, 5.664179, 0.015589, 0.999869, -0.004425, 0.596198, 0.0, 0.0, 0.0, 1.0],
                [0.998943, -0.014347, -0.043676, -5e-06, -0.043731, -0.003543, -0.999037, 5.654585, 0.014179, 0.999891, -0.004166, 0.600897, 0.0, 0.0, 0.0, 1.0],
                [0.999131, -0.013001, -0.039589, -5e-06, -0.039637, -0.003406, -0.999208, 5.644203, 0.012855, 0.99991, -0.003918, 0.605982, 0.0, 0.0, 0.0, 1.0],
                [0.999291, -0.011741, -0.035765, -5e-06, -0.035805, -0.003262, -0.999353, 5.633103, 0.011617, 0.999926, -0.00368, 0.611418, 0.0, 0.0, 0.0, 1.0],
                [0.999426, -0.010565, -0.032194, -5e-06, -0.032229, -0.003112, -0.999476, 5.621358, 0.01046, 0.999939, -0.00345, 0.61717, 0.0, 0.0, 0.0, 1.0],
                [0.999538, -0.009471, -0.028869, -5e-06, -0.028898, -0.002957, -0.999578, 5.609041, 0.009382, 0.999951, -0.003229, 0.623203, 0.0, 0.0, 0.0, 1.0],
                [0.999632, -0.008455, -0.025781, -5e-06, -0.025805, -0.002799, -0.999663, 5.596221, 0.00838, 0.99996, -0.003016, 0.629481, 0.0, 0.0, 0.0, 1.0],
                [0.999709, -0.007515, -0.02292, -5e-06, -0.022941, -0.002638, -0.999733, 5.582971, 0.007452, 0.999968, -0.00281, 0.635971, 0.0, 0.0, 0.0, 1.0],
                [0.999772, -0.006647, -0.02028, -5e-06, -0.020297, -0.002477, -0.999791, 5.569363, 0.006595, 0.999975, -0.002611, 0.642636, 0.0, 0.0, 0.0, 1.0],
                [0.999824, -0.005849, -0.01785, -5e-06, -0.017864, -0.002315, -0.999838, 5.555468, 0.005806, 0.99998, -0.002419, 0.649441, 0.0, 0.0, 0.0, 1.0],
                [0.999865, -0.005117, -0.015622, -5e-06, -0.015633, -0.002154, -0.999875, 5.541358, 0.005083, 0.999985, -0.002233, 0.656351, 0.0, 0.0, 0.0, 1.0],
                [0.999898, -0.00445, -0.013588, -5e-06, -0.013597, -0.001994, -0.999906, 5.527104, 0.004422, 0.999988, -0.002054, 0.663332, 0.0, 0.0, 0.0, 1.0],
                [0.999924, -0.003843, -0.011738, -5e-06, -0.011745, -0.001837, -0.999929, 5.51278, 0.003821, 0.999991, -0.001882, 0.670348, 0.0, 0.0, 0.0, 1.0],
                [0.999944, -0.003294, -0.010064, -5e-06, -0.01007, -0.001682, -0.999948, 5.498455, 0.003277, 0.999993, -0.001715, 0.677364, 0.0, 0.0, 0.0, 1.0],
                [0.999959, -0.0028, -0.008558, -5e-06, -0.008562, -0.001531, -0.999962, 5.484201, 0.002787, 0.999995, -0.001555, 0.684345, 0.0, 0.0, 0.0, 1.0],
                [0.999971, -0.002358, -0.007209, -5e-06, -0.007213, -0.001385, -0.999973, 5.470091, 0.002348, 0.999996, -0.001402, 0.691255, 0.0, 0.0, 0.0, 1.0],
                [0.99998, -0.001966, -0.006011, -5e-06, -0.006013, -0.001243, -0.999981, 5.456196, 0.001958, 0.999997, -0.001255, 0.698061, 0.0, 0.0, 0.0, 1.0],
                [0.999986, -0.001619, -0.004953, -5e-06, -0.004955, -0.001107, -0.999987, 5.442588, 0.001614, 0.999998, -0.001115, 0.704726, 0.0, 0.0, 0.0, 1.0],
                [0.999991, -0.001316, -0.004027, -5e-06, -0.004028, -0.000976, -0.999991, 5.429338, 0.001312, 0.999999, -0.000982, 0.711215, 0.0, 0.0, 0.0, 1.0],
                [0.999994, -0.001054, -0.003224, -5e-06, -0.003225, -0.000852, -0.999994, 5.416518, 0.001051, 0.999999, -0.000855, 0.717493, 0.0, 0.0, 0.0, 1.0],
                [0.999996, -0.000829, -0.002536, -5e-06, -0.002537, -0.000735, -0.999996, 5.404201, 0.000827, 0.999999, -0.000737, 0.723526, 0.0, 0.0, 0.0, 1.0],
                [0.999998, -0.000638, -0.001954, -5e-06, -0.001954, -0.000625, -0.999998, 5.392457, 0.000637, 1.0, -0.000626, 0.729278, 0.0, 0.0, 0.0, 1.0],
                [0.999999, -0.000479, -0.001468, -5e-06, -0.001468, -0.000522, -0.999999, 5.381357, 0.000479, 1.0, -0.000523, 0.734714, 0.0, 0.0, 0.0, 1.0],
                [0.999999, -0.000349, -0.00107, -5e-06, -0.00107, -0.000428, -0.999999, 5.370975, 0.000349, 1.0, -0.000428, 0.739799, 0.0, 0.0, 0.0, 1.0],
                [1.0, -0.000245, -0.000752, -5e-06, -0.000752, -0.000342, -1.0, 5.361381, 0.000245, 1.0, -0.000342, 0.744498, 0.0, 0.0, 0.0, 1.0],
                [1.0, -0.000164, -0.000504, -5e-06, -0.000504, -0.000264, -1.0, 5.352647, 0.000164, 1.0, -0.000265, 0.748775, 0.0, 0.0, 0.0, 1.0],
                [1.0, -0.000104, -0.000317, -5e-06, -0.000317, -0.000196, -1.0, 5.344845, 0.000103, 1.0, -0.000196, 0.752596, 0.0, 0.0, 0.0, 1.0],
                [1.0, -6e-05, -0.000184, -5e-06, -0.000184, -0.000138, -1.0, 5.338047, 6e-05, 1.0, -0.000138, 0.755926, 0.0, 0.0, 0.0, 1.0],
                [1.0, -3.1e-05, -9.4e-05, -5e-06, -9.4e-05, -8.9e-05, -1.0, 5.332325, 3.1e-05, 1.0, -8.9e-05, 0.758729, 0.0, 0.0, 0.0, 1.0],
                [1.0, -1.3e-05, -4e-05, -5e-06, -4e-05, -5.1e-05, -1.0, 5.327749, 1.3e-05, 1.0, -5.1e-05, 0.76097, 0.0, 0.0, 0.0, 1.0],
                [1.0, -4e-06, -1.2e-05, -5e-06, -1.2e-05, -2.3e-05, -1.0, 5.324391, 4e-06, 1.0, -2.3e-05, 0.762614, 0.0, 0.0, 0.0, 1.0],
                [1.0, -0.0, -2e-06, -5e-06, -2e-06, -6e-06, -1.0, 5.322324, 0.0, 1.0, -6e-06, 0.763626, 0.0, 0.0, 0.0, 1.0],
                [1.0, 0.0, -0.0, -5e-06, -0.0, 0.0, -1.0, 5.32162, 0.0, 1.0, 0.0, 0.763972, 0.0, 0.0, 0.0, 1.0],
                [1.0, 0.0, -0.0, -5e-06, -0.0, 0.0, -1.0, 5.32162, 0.0, 1.0, 0.0, 0.763972, 0.0, 0.0, 0.0, 1.0]
            ]
        },
        {
            "name": "Thigh_R",
            "time": [0.0, 0.0167, 0.0333, 0.05, 0.0667, 0.0833, 0.1, 0.1167, 0.1333, 0.15, 0.1667, 0.1833, 0.2, 0.2167, 0.2333, 0.25, 0.2667, 0.2833, 0.3, 0.3167, 0.3333, 0.35, 0.3667, 0.3833, 0.4, 0.4167, 0.4333, 0.45, 0.4667, 0.4833, 0.5, 0.5167, 0.5333, 0.55, 0.5667, 0.5833, 0.6, 0.6167, 0.6333, 0.65, 0.6667, 0.6833, 0.7, 0.7167, 0.7333, 0.75, 0.7667, 0.7833, 0.8, 0.8167, 0.8333, 0.85, 0.8667, 0.8833, 0.9, 0.9167, 0.9333, 0.95, 0.9667, 0.9833, 1.0, 1.0167, 1.0333, 1.05, 1.0667, 1.0833, 1.1, 1.1167, 1.1333, 1.15, 1.1667, 1.1833, 1.2, 1.2167, 1.2333, 1.25, 1.2667, 1.2833, 1.3, 1.3167, 1.3333, 1.35, 1.3667, 1.3833, 1.4, 1.4167, 1.4333, 1.45, 1.4667, 1.4833, 1.5, 1.5167, 1.5333, 1.55, 1.5667, 1.5833, 1.6, 1.6167, 1.6333, 1.65, 1.6667, 1.6833, 1.7, 1.7167, 1.7333, 1.75, 1.7667, 1.7833, 1.8, 1.8167, 1.8333, 1.85, 1.8667, 1.8833, 1.9, 1.9167, 1.9333, 1.95, 1.9667, 2.0],
            "transform": [
                [0.776827, -0.02137, 0.629351, 0.124994, 0.3089, -0.857984, -0.410419, -0.002831, 0.548744, 0.513231, -0.659904, -1.2e-05, 0.0, 0.0, 0.0, 1.0],
                [0.780285, -0.019451, 0.625122, 0.124978, 0.307271, -0.858646, -0.410256, -0.00278, 0.544739, 0.512199, -0.664012, -6.5e-05, 0.0, 0.0, 0.0, 1.0],
                [0.790135, -0.013926, 0.612775, 0.12493, 0.302531, -0.860615, -0.409654, -0.002631, 0.533069, 0.509065, -0.675789, -0.000223, 0.0, 0.0, 0.0, 1.0],
                [0.805459, -0.005181, 0.592628, 0.124851, 0.294901, -0.863872, -0.408361, -0.002388, 0.514071, 0.503685, -0.694286, -0.00048, 0.0, 0.0, 0.0, 1.0],
                [0.825184, 0.006346, 0.564828, 0.124744, 0.284613, -0.868401, -0.406048, -0.002056, 0.48792, 0.495822, -0.718397, -0.000831, 0.0, 0.0, 0.0, 1.0],
                [0.848099, 0.020154, 0.529455, 0.12461, 0.271938, -0.874176, -0.402324, -0.001638, 0.454729, 0.48519, -0.746869, -0.001272, 0.0, 0.0, 0.0, 1.0],
                [0.872883, 0.035666, 0.486625, 0.124449, 0.257198, -0.88115, -0.396766, -0.00114, 0.414639, 0.47149, -0.778314, -0.001798, 0.0, 0.0, 0.0, 1.0],
                [0.898145, 0.052231, 0.436586, 0.124264, 0.24078, -0.889238, -0.388948, -0.000567, 0.367913, 0.454453, -0.811241, -0.002405, 0.0, 0.0, 0.0, 1.0],
                [0.922484, 0.069134, 0.379795, 0.124056, 0.223144, -0.898311, -0.378476, 7.9e-05, 0.315009, 0.433887, -0.844104, -0.003087, 0.0, 0.0, 0.0, 1.0],
                [0.944558, 0.085616, 0.316986, 0.123827, 0.204816, -0.908191, -0.365019, 0.000791, 0.256632, 0.409706, -0.875375, -0.00384, 0.0, 0.0, 0.0, 1.0],
                [0.963183, 0.100913, 0.249189, 0.123577, 0.18637, -0.91865, -0.348351, 0.001566, 0.193764, 0.381968, -0.903635, -0.004659, 0.0, 0.0, 0.0, 1.0],
                [0.977419, 0.114302, 0.177728, 0.123309, 0.168397, -0.929416, -0.32837, 0.0024, 0.12765, 0.350884, -0.927678, -0.00554, 0.0, 0.0, 0.0, 1.0],
                [0.986654, 0.12515, 0.104165, 0.123023, 0.151469, -0.940193, -0.305114, 0.003286, 0.05975, 0.31682, -0.946602, -0.006477, 0.0, 0.0, 0.0, 1.0],
                [0.99066, 0.132962, 0.030216, 0.122721, 0.136097, -0.950668, -0.27876, 0.004222, -0.00834, 0.280269, -0.959885, -0.007466, 0.0, 0.0, 0.0, 1.0],
                [0.989608, 0.137411, -0.042357, 0.122405, 0.122692, -0.960544, -0.249604, 0.005203, -0.074984, 0.241813, -0.967421, -0.008503, 0.0, 0.0, 0.0, 1.0],
                [0.984046, 0.13836, -0.111851, 0.122076, 0.11154, -0.969547, -0.218029, 0.006224, -0.138612, 0.202075, -0.969511, -0.009582, 0.0, 0.0, 0.0, 1.0],
                [0.97484, 0.135856, -0.176719, 0.121736, 0.10278, -0.97745, -0.184465, 0.007281, -0.197795, 0.161661, -0.966821, -0.010699, 0.0, 0.0, 0.0, 1.0],
                [0.963094, 0.130114, -0.235629, 0.121385, 0.09641, -0.984074, -0.149343, 0.008369, -0.251308, 0.121114, -0.9603, -0.011849, 0.0, 0.0, 0.0, 1.0],
                [0.950048, 0.121483, -0.287491, 0.121026, 0.092289, -0.989293, -0.113058, 0.009484, -0.298148, 0.080878, -0.951087, -0.013027, 0.0, 0.0, 0.0, 1.0],
                [0.936992, 0.110416, -0.331443, 0.12066, 0.090158, -0.993028, -0.075939, 0.010621, -0.337517, 0.041272, -0.940414, -0.014229, 0.0, 0.0, 0.0, 1.0],
                [0.925182, 0.097434, -0.366803, 0.120288, 0.089654, -0.995239, -0.038231, 0.011776, -0.368781, 0.002485, -0.929513, -0.01545, 0.0, 0.0, 0.0, 1.0],
                [0.915776, 0.083099, -0.393, 0.119911, 0.090334, -0.995911, -8.6e-05, 0.012945, -0.391401, -0.035422, -0.919538, -0.016685, 0.0, 0.0, 0.0, 1.0],
                [0.909775, 0.068003, -0.409494, 0.119532, 0.091674, -0.995047, 0.03843, 0.014123, -0.404852, -0.072503, -0.911503, -0.017929, 0.0, 0.0, 0.0, 1.0],
                [0.90798, 0.052761, -0.415678, 0.119151, 0.093081, -0.992651, 0.077326, 0.015304, -0.408543, -0.108902, -0.906219, -0.019179, 0.0, 0.0, 0.0, 1.0],
                [0.908461, 0.037563, -0.416279, 0.11877, 0.09417, -0.98874, 0.116293, 0.016486, -0.407224, -0.144849, -0.901769, -0.020428, 0.0, 0.0, 0.0, 1.0],
                [0.908873, 0.02222, -0.41648, 0.118391, 0.095015, -0.983353, 0.154885, 0.017664, -0.406105, -0.180343, -0.895854, -0.021672, 0.0, 0.0, 0.0, 1.0],
                [0.909219, 0.006807, -0.416262, 0.118014, 0.095643, -0.976538, 0.192939, 0.018832, -0.405183, -0.215236, -0.888538, -0.022907, 0.0, 0.0, 0.0, 1.0],
                [0.9095, -0.008598, -0.415616, 0.117642, 0.096081, -0.968367, 0.23029, 0.019987, -0.404449, -0.249381, -0.879903, -0.024128, 0.0, 0.0, 0.0, 1.0],
                [0.909717, -0.023916, -0.41454, 0.117276, 0.096354, -0.95893, 0.266775, 0.021125, -0.403895, -0.282632, -0.870051, -0.02533, 0.0, 0.0, 0.0, 1.0],
                [0.909873, -0.039064, -0.413044, 0.116916, 0.096485, -0.948338, 0.302233, 0.02224, -0.403512, -0.314846, -0.859098, -0.026508, 0.0, 0.0, 0.0, 1.0],
                [0.90997, -0.053958, -0.411148, 0.116566, 0.096499, -0.936723, 0.336509, 0.023328, -0.403289, -0.345888, -0.847183, -0.027658, 0.0, 0.0, 0.0, 1.0],
                [0.910012, -0.068515, -0.40888, 0.116225, 0.096415, -0.924234, 0.369453, 0.024385, -0.403214, -0.37563, -0.834458, -0.028775, 0.0, 0.0, 0.0, 1.0],
                [0.910003, -0.082651, -0.406279, 0.115896, 0.096253, -0.911039, 0.400928, 0.025405, -0.403273, -0.403951, -0.821093, -0.029854, 0.0, 0.0, 0.0, 1.0],
                [0.909947, -0.096285, -0.403391, 0.11558, 0.096031, -0.897322, 0.430803, 0.026386, -0.403452, -0.430746, -0.80727, -0.030891, 0.0, 0.0, 0.0, 1.0],
                [0.90985, -0.109339, -0.400272, 0.115279, 0.095766, -0.88328, 0.45896, 0.027322, -0.403735, -0.455917, -0.793182, -0.03188, 0.0, 0.0, 0.0, 1.0],
                [0.909717, -0.121734, -0.396984, 0.114993, 0.095471, -0.869123, 0.485293, 0.028209, -0.404105, -0.47938, -0.779034, -0.032818, 0.0, 0.0, 0.0, 1.0],
                [0.909554, -0.133398, -0.393595, 0.114724, 0.095161, -0.855068, 0.509708, 0.029043, -0.404544, -0.501061, -0.765037, -0.033698, 0.0, 0.0, 0.0, 1.0],
                [0.909368, -0.144259, -0.390178, 0.114475, 0.094846, -0.84134, 0.53212, 0.029818, -0.405035, -0.5209, -0.751405, -0.034517, 0.0, 0.0, 0.0, 1.0],
                [0.909167, -0.154251, -0.38681, 0.114245, 0.094537, -0.828164, 0.552455, 0.03053, -0.405559, -0.538842, -0.738357, -0.035271, 0.0, 0.0, 0.0, 1.0],
                [0.908958, -0.163308, -0.383569, 0.114037, 0.094241, -0.815769, 0.570648, 0.031175, -0.406095, -0.554843, -0.72611, -0.035952, 0.0, 0.0, 0.0, 1.0],
                [0.90875, -0.171366, -0.380536, 0.113852, 0.093966, -0.804381, 0.586636, 0.031749, -0.406625, -0.568863, -0.714878, -0.036559, 0.0, 0.0, 0.0, 1.0],
                [0.90855, -0.178364, -0.377787, 0.113693, 0.093719, -0.794219, 0.60036, 0.032247, -0.407128, -0.580864, -0.704872, -0.037085, 0.0, 0.0, 0.0, 1.0],
                [0.908368, -0.184239, -0.375399, 0.113557, 0.093505, -0.785496, 0.611762, 0.032664, -0.407585, -0.590807, -0.696292, -0.037526, 0.0, 0.0, 0.0, 1.0],
                [0.908211, -0.188927, -0.373443, 0.113451, 0.093328, -0.778412, 0.620777, 0.032997, -0.407975, -0.598649, -0.68933, -0.037878, 0.0, 0.0, 0.0, 1.0],
                [0.908088, -0.192364, -0.371984, 0.113372, 0.093195, -0.773156, 0.627331, 0.03324, -0.408277, -0.60434, -0.684166, -0.038134, 0.0, 0.0, 0.0, 1.0],
                [0.908009, -0.194481, -0.371076, 0.113324, 0.093111, -0.769895, 0.631341, 0.033389, -0.408473, -0.607814, -0.680964, -0.038292, 0.0, 0.0, 0.0, 1.0],
                [0.907981, -0.195204, -0.370765, 0.113307, 0.093081, -0.76878, 0.632703, 0.03344, -0.408543, -0.608993, -0.679867, -0.038345, 0.0, 0.0, 0.0, 1.0],
                [0.907981, -0.195204, -0.370765, 0.113308, 0.093081, -0.76878, 0.632703, 0.03344, -0.408543, -0.608993, -0.679867, -0.038345, 0.0, 0.0, 0.0, 1.0],
                [0.907981, -0.195204, -0.370765, 0.113308, 0.093081, -0.76878, 0.632703, 0.033439, -0.408543, -0.608993, -0.679867, -0.038345, 0.0, 0.0, 0.0, 1.0],
                [0.90798, -0.195204, -0.370765, 0.113308, 0.093081, -0.76878, 0.632703, 0.033439, -0.408543, -0.608993, -0.679867, -0.038345, 0.0, 0.0, 0.0, 1.0],
                [0.907981, -0.195204, -0.370765, 0.113307, 0.093081, -0.76878, 0.632703, 0.03344, -0.408543, -0.608993, -0.679867, -0.038345, 0.0, 0.0, 0.0, 1.0],
                [0.90798, -0.195204, -0.370765, 0.113308, 0.093081, -0.76878, 0.632703, 0.033439, -0.408543, -0.608993, -0.679868, -0.038345, 0.0, 0.0, 0.0, 1.0],
                [0.907981, -0.195204, -0.370765, 0.113308, 0.093081, -0.76878, 0.632703, 0.03344, -0.408543, -0.608993, -0.679867, -0.038345, 0.0, 0.0, 0.0, 1.0],
                [0.907981, -0.195204, -0.370765, 0.113308, 0.093081, -0.76878, 0.632703, 0.03344, -0.408543, -0.608993, -0.679868, -0.038345, 0.0, 0.0, 0.0, 1.0],
                [0.907981, -0.195204, -0.370765, 0.113307, 0.093081, -0.76878, 0.632703, 0.03344, -0.408543, -0.608993, -0.679867, -0.038345, 0.0, 0.0, 0.0, 1.0],
                [0.90798, -0.195204, -0.370765, 0.113308, 0.093081, -0.76878, 0.632703, 0.03344, -0.408543, -0.608993, -0.679867, -0.038345, 0.0, 0.0, 0.0, 1.0],
                [0.907981, -0.195204, -0.370765, 0.113308, 0.093081, -0.76878, 0.632703, 0.03344, -0.408543, -0.608993, -0.679867, -0.038345, 0.0, 0.0, 0.0, 1.0],
                [0.907981, -0.195204, -0.370765, 0.113308, 0.093081, -0.76878, 0.632703, 0.03344, -0.408543, -0.608993, -0.679868, -0.038346, 0.0, 0.0, 0.0, 1.0],
                [0.90798, -0.195204, -0.370765, 0.113308, 0.093081, -0.76878, 0.632703, 0.03344, -0.408543, -0.608993, -0.679868, -0.038345, 0.0, 0.0, 0.0, 1.0],
                [0.907981, -0.195204, -0.370765, 0.113308, 0.093081, -0.76878, 0.632703, 0.033439, -0.408543, -0.608993, -0.679868, -0.038346, 0.0, 0.0, 0.0, 1.0],
                [0.907981, -0.195204, -0.370765, 0.113308, 0.093081, -0.76878, 0.632703, 0.03344, -0.408543, -0.608993, -0.679867, -0.038346, 0.0, 0.0, 0.0, 1.0],
                [0.90798, -0.195204, -0.370765, 0.113308, 0.093081, -0.76878, 0.632703, 0.033439, -0.408543, -0.608993, -0.679867, -0.038345, 0.0, 0.0, 0.0, 1.0],
                [0.90798, -0.195204, -0.370765, 0.113308, 0.093081, -0.76878, 0.632703, 0.03344, -0.408543, -0.608993, -0.679867, -0.038345, 0.0, 0.0, 0.0, 1.0],
                [0.907981, -0.195204, -0.370765, 0.113308, 0.093081, -0.76878, 0.632703, 0.033439, -0.408543, -0.608993, -0.679868, -0.038345, 0.0, 0.0, 0.0, 1.0],
                [0.907981, -0.195204, -0.370765, 0.113308, 0.093081, -0.76878, 0.632703, 0.033439, -0.408543, -0.608993, -0.679867, -0.038345, 0.0, 0.0, 0.0, 1.0],
                [0.907981, -0.195204, -0.370765, 0.113308, 0.093081, -0.76878, 0.632703, 0.03344, -0.408543, -0.608993, -0.679867, -0.038345, 0.0, 0.0, 0.0, 1.0],
                [0.907981, -0.195204, -0.370765, 0.113308, 0.093081, -0.76878, 0.632703, 0.03344, -0.408543, -0.608993, -0.679868, -0.038346, 0.0, 0.0, 0.0, 1.0],
                [0.907981, -0.195204, -0.370765, 0.113308, 0.093081, -0.76878, 0.632703, 0.033439, -0.408543, -0.608993, -0.679868, -0.038345, 0.0, 0.0, 0.0, 1.0],
                [0.90798, -0.195204, -0.370765, 0.113308, 0.093081, -0.76878, 0.632703, 0.03344, -0.408543, -0.608993, -0.679868, -0.038346, 0.0, 0.0, 0.0, 1.0],
                [0.90798, -0.195204, -0.370765, 0.113308, 0.093081, -0.76878, 0.632703, 0.033439, -0.408543, -0.608993, -0.679867, -0.038345, 0.0, 0.0, 0.0, 1.0],
                [0.90798, -0.195204, -0.370765, 0.113308, 0.093081, -0.76878, 0.632703, 0.03344, -0.408543, -0.608993, -0.679867, -0.038345, 0.0, 0.0, 0.0, 1.0],
                [0.907981, -0.195204, -0.370765, 0.113308, 0.093081, -0.76878, 0.632703, 0.033439, -0.408543, -0.608993, -0.679867, -0.038346, 0.0, 0.0, 0.0, 1.0],
                [0.90798, -0.195204, -0.370765, 0.113308, 0.093081, -0.76878, 0.632703, 0.03344, -0.408543, -0.608993, -0.679867, -0.038346, 0.0, 0.0, 0.0, 1.0],
                [0.90798, -0.195204, -0.370765, 0.113308, 0.093081, -0.76878, 0.632703, 0.03344, -0.408543, -0.608993, -0.679867, -0.038345, 0.0, 0.0, 0.0, 1.0],
                [0.90798, -0.195204, -0.370765, 0.113308, 0.093081, -0.76878, 0.632703, 0.033439, -0.408543, -0.608993, -0.679867, -0.038346, 0.0, 0.0, 0.0, 1.0],
                [0.90798, -0.195204, -0.370765, 0.113308, 0.093081, -0.76878, 0.632703, 0.03344, -0.408543, -0.608993, -0.679867, -0.038345, 0.0, 0.0, 0.0, 1.0],
                [0.90798, -0.195204, -0.370765, 0.113308, 0.093081, -0.76878, 0.632703, 0.03344, -0.408543, -0.608993, -0.679868, -0.038346, 0.0, 0.0, 0.0, 1.0],
                [0.90798, -0.195204, -0.370765, 0.113308, 0.093081, -0.76878, 0.632703, 0.033439, -0.408543, -0.608993, -0.679867, -0.038346, 0.0, 0.0, 0.0, 1.0],
                [0.907981, -0.195204, -0.370765, 0.113308, 0.093081, -0.76878, 0.632703, 0.03344, -0.408543, -0.608993, -0.679867, -0.038345, 0.0, 0.0, 0.0, 1.0],
                [0.908937, -0.193873, -0.369116, 0.113329, 0.092406, -0.76962, 0.631779, 0.033373, -0.406565, -0.608356, -0.681621, -0.038275, 0.0, 0.0, 0.0, 1.0],
                [0.911721, -0.189972, -0.364247, 0.113392, 0.090438, -0.772086, 0.629049, 0.033176, -0.400732, -0.606459, -0.686747, -0.038068, 0.0, 0.0, 0.0, 1.0],
                [0.916176, -0.183637, -0.356229, 0.113495, 0.087278, -0.776095, 0.624546, 0.032858, -0.391157, -0.603285, -0.695013, -0.037731, 0.0, 0.0, 0.0, 1.0],
                [0.922111, -0.175007, -0.345084, 0.113635, 0.083045, -0.781565, 0.618271, 0.032424, -0.377908, -0.598772, -0.706157, -0.037272, 0.0, 0.0, 0.0, 1.0],
                [0.929302, -0.16423, -0.330796, 0.11381, 0.077877, -0.788411, 0.610199, 0.031881, -0.361016, -0.592821, -0.719882, -0.036699, 0.0, 0.0, 0.0, 1.0],
                [0.937491, -0.151463, -0.31332, 0.114018, 0.071932, -0.796541, 0.600289, 0.031236, -0.340494, -0.585304, -0.735855, -0.036017, 0.0, 0.0, 0.0, 1.0],
                [0.946388, -0.136882, -0.292597, 0.114256, 0.065387, -0.805858, 0.588488, 0.030496, -0.316345, -0.57607, -0.753704, -0.035235, 0.0, 0.0, 0.0, 1.0],
                [0.955672, -0.120681, -0.268565, 0.114523, 0.058438, -0.816249, 0.574736, 0.029667, -0.288576, -0.564954, -0.773014, -0.034359, 0.0, 0.0, 0.0, 1.0],
                [0.964993, -0.103079, -0.241172, 0.114816, 0.0513, -0.82759, 0.558984, 0.028757, -0.257212, -0.551787, -0.79333, -0.033398, 0.0, 0.0, 0.0, 1.0],
                [0.973974, -0.084322, -0.210392, 0.115134, 0.044204, -0.839738, 0.54119, 0.027772, -0.222308, -0.536405, -0.814155, -0.032356, 0.0, 0.0, 0.0, 1.0],
                [0.982221, -0.064684, -0.176233, 0.115473, 0.037396, -0.852532, 0.521335, 0.026719, -0.183966, -0.518657, -0.834956, -0.031243, 0.0, 0.0, 0.0, 1.0],
                [0.989328, -0.044469, -0.138757, 0.115832, 0.031131, -0.865794, 0.499432, 0.025605, -0.142344, -0.498421, -0.855169, -0.030065, 0.0, 0.0, 0.0, 1.0],
                [0.994888, -0.024006, -0.09809, 0.116208, 0.025666, -0.879326, 0.475528, 0.024437, -0.097668, -0.475615, -0.874215, -0.028831, 0.0, 0.0, 0.0, 1.0],
                [0.998511, -0.003645, -0.054428, 0.1166, 0.021254, -0.892917, 0.449719, 0.02322, -0.050239, -0.450207, -0.89151, -0.027544, 0.0, 0.0, 0.0, 1.0],
                [0.999836, 0.016254, -0.008052, 0.117005, 0.018133, -0.906346, 0.422147, 0.021963, -0.000436, -0.422224, -0.906491, -0.026216, 0.0, 0.0, 0.0, 1.0],
                [0.998547, 0.035327, 0.04068, 0.117421, 0.016516, -0.919386, 0.393008, 0.020672, 0.051285, -0.391766, -0.918635, -0.024852, 0.0, 0.0, 0.0, 1.0],
                [0.994397, 0.053225, 0.091328, 0.117846, 0.016578, -0.931817, 0.362548, 0.019354, 0.104398, -0.359003, -0.92748, -0.023459, 0.0, 0.0, 0.0, 1.0],
                [0.987215, 0.069621, 0.143383, 0.118277, 0.01845, -0.943429, 0.331059, 0.018016, 0.158321, -0.324181, -0.932653, -0.022044, 0.0, 0.0, 0.0, 1.0],
                [0.976923, 0.084233, 0.196283, 0.118713, 0.02221, -0.954034, 0.298873, 0.016663, 0.212435, -0.287616, -0.933889, -0.020614, 0.0, 0.0, 0.0, 1.0],
                [0.96354, 0.096828, 0.249428, 0.119151, 0.027873, -0.963474, 0.266348, 0.015304, 0.266107, -0.249684, -0.931045, -0.019179, 0.0, 0.0, 0.0, 1.0],
                [0.947191, 0.107241, 0.302206, 0.119589, 0.035395, -0.971627, 0.233855, 0.013945, 0.318711, -0.210809, -0.924112, -0.017742, 0.0, 0.0, 0.0, 1.0],
                [0.928094, 0.115377, 0.354021, 0.120024, 0.044668, -0.978414, 0.201767, 0.012593, 0.369658, -0.171445, -0.913214, -0.016313, 0.0, 0.0, 0.0, 1.0],
                [0.906555, 0.121214, 0.404307, 0.120456, 0.055531, -0.983802, 0.170437, 0.011255, 0.418418, -0.132059, -0.898603, -0.014898, 0.0, 0.0, 0.0, 1.0],
                [0.882957, 0.124808, 0.45256, 0.12088, 0.067773, -0.987802, 0.140191, 0.009936, 0.464536, -0.093112, -0.880645, -0.013506, 0.0, 0.0, 0.0, 1.0],
                [0.857733, 0.126278, 0.498345, 0.121296, 0.081144, -0.990466, 0.111316, 0.008645, 0.507651, -0.055041, -0.859803, -0.012141, 0.0, 0.0, 0.0, 1.0],
                [0.831356, 0.125804, 0.541314, 0.121701, 0.095371, -0.991887, 0.084047, 0.007388, 0.547496, -0.018248, -0.836609, -0.010812, 0.0, 0.0, 0.0, 1.0],
                [0.804313, 0.123614, 0.581206, 0.122093, 0.110163, -0.992186, 0.058573, 0.006172, 0.583905, 0.016917, -0.811646, -0.009527, 0.0, 0.0, 0.0, 1.0],
                [0.777092, 0.119971, 0.617847, 0.12247, 0.125226, -0.991509, 0.035025, 0.005004, 0.616804, 0.050153, -0.785518, -0.008292, 0.0, 0.0, 0.0, 1.0],
                [0.750164, 0.11516, 0.651147, 0.122829, 0.140274, -0.990021, 0.013488, 0.003889, 0.646202, 0.08122, -0.758832, -0.007115, 0.0, 0.0, 0.0, 1.0],
                [0.723975, 0.109479, 0.681083, 0.123168, 0.15503, -0.987891, -0.005997, 0.002837, 0.67218, 0.10993, -0.732181, -0.006001, 0.0, 0.0, 0.0, 1.0],
                [0.698935, 0.103224, 0.707696, 0.123485, 0.169238, -0.985296, -0.023429, 0.001852, 0.694872, 0.136144, -0.706128, -0.00496, 0.0, 0.0, 0.0, 1.0],
                [0.675418, 0.096684, 0.73107, 0.123779, 0.182663, -0.982408, -0.038834, 0.000941, 0.714454, 0.159768, -0.681197, -0.003999, 0.0, 0.0, 0.0, 1.0],
                [0.653757, 0.090137, 0.751317, 0.124046, 0.195091, -0.979392, -0.052259, 0.000113, 0.731123, 0.18074, -0.657869, -0.003124, 0.0, 0.0, 0.0, 1.0],
                [0.63425, 0.083838, 0.768569, 0.124284, 0.206333, -0.976402, -0.063763, -0.000627, 0.745087, 0.199023, -0.636581, -0.002341, 0.0, 0.0, 0.0, 1.0],
                [0.617162, 0.078025, 0.782958, 0.124492, 0.216216, -0.973582, -0.07341, -0.001272, 0.756546, 0.214594, -0.617727, -0.001659, 0.0, 0.0, 0.0, 1.0],
                [0.602729, 0.072908, 0.794608, 0.124667, 0.224588, -0.97106, -0.081257, -0.001815, 0.765687, 0.227436, -0.601661, -0.001085, 0.0, 0.0, 0.0, 1.0],
                [0.591169, 0.068679, 0.803618, 0.124807, 0.231311, -0.96895, -0.087352, -0.002249, 0.772667, 0.237525, -0.588699, -0.000627, 0.0, 0.0, 0.0, 1.0],
                [0.58268, 0.0655, 0.810058, 0.124909, 0.236256, -0.967352, -0.091721, -0.002568, 0.777604, 0.244825, -0.579131, -0.00029, 0.0, 0.0, 0.0, 1.0],
                [0.577451, 0.063513, 0.813951, 0.124972, 0.239305, -0.966347, -0.094369, -0.002764, 0.780566, 0.249276, -0.573218, -8.3e-05, 0.0, 0.0, 0.0, 1.0],
