{
    "animation": [
        {
            "name": "Root",
            "time": [0.0, 0.0167, 0.0333, 0.05, 0.0667, 0.0833, 0.1, 0.1167, 0.1333, 0.15, 0.1667, 0.1833, 0.2, 0.2167, 0.2333, 0.25, 0.2667, 0.2833, 0.3, 0.3167, 0.3333, 0.35, 0.3667, 0.3833, 0.4, 0.4167, 0.4333, 0.45, 0.4667, 0.4833, 0.5, 0.5167, 0.5333, 0.55, 0.5667, 0.5833, 0.6, 0.6167, 0.6333, 0.65, 0.6667, 0.6833, 0.7, 0.7167, 0.7333, 0.75, 0.7667, 0.7833, 0.8, 0.8167, 0.8333, 0.85, 0.8667, 0.8833, 0.9, 0.9167, 0.9333, 0.95, 0.9667, 0.9833, 1.0, 1.0167, 1.0333, 1.05, 1.0667, 1.0833, 1.1, 1.1167, 1.1333, 1.15, 1.1667, 1.1833, 1.2, 1.2167, 1.2333, 1.25, 1.2667, 1.2833, 1.3, 1.3167, 1.3333, 1.35, 1.3667, 1.3833, 1.4, 1.4167, 1.4333, 1.45, 1.4667, 1.4833, 1.5, 1.5167, 1.5333, 1.55, 1.5667, 1.5833, 1.6, 1.6167, 1.6333, 1.65, 1.6667, 1.6833, 1.7, 1.7167, 1.7333, 1.75, 1.7667, 1.7833, 1.8, 1.8167, 1.8333, 1.85, 1.8667, 1.8833, 1.9, 1.9167, 1.9333, 1.95, 1.9667, 1.9833, 2.0, 2.0167, 2.0333, 2.05, 2.0667, 2.0833, 2.1, 2.1167, 2.1333, 2.15, 2.1667, 2.1833, 2.2, 2.2167, 2.2333, 2.25, 2.2667, 2.2833, 2.3, 2.3167, 2.3333, 2.35, 2.3667, 2.3833, 2.4, 2.4167, 2.4333, 2.45, 2.4667, 2.4833, 2.5, 2.5167, 2.5333, 2.55, 2.5667, 2.5833, 2.6, 2.6167, 2.7833],
            "transform": [
                [0.857418, 0.039222, -0.513124, -5e-06, -0.51398, 0.11502, -0.850056, 0.000946, 0.025678, 0.992589, 0.118779, 0.763972, 0.0, 0.0, 0.0, 1.0],
                [0.857418, 0.039222, -0.513124, -5e-06, -0.51398, 0.11502, -0.850056, 0.000946, 0.025678, 0.992589, 0.118779, 0.763972, 0.0, 0.0, 0.0, 1.0],
                [0.857418, 0.039222, -0.513124, -5e-06, -0.51398, 0.11502, -0.850056, 0.000946, 0.025678, 0.992589, 0.118779, 0.763972, 0.0, 0.0, 0.0, 1.0],
                [0.857418, 0.039222, -0.513124, -5e-06, -0.51398, 0.11502, -0.850056, 0.000946, 0.025678, 0.992589, 0.118779, 0.763972, 0.0, 0.0, 0.0, 1.0],
                [0.857418, 0.039222, -0.513124, -5e-06, -0.51398, 0.11502, -0.850056, 0.000946, 0.025678, 0.992589, 0.118779, 0.763972, 0.0, 0.0, 0.0, 1.0],
                [0.857418, 0.039222, -0.513124, -5e-06, -0.51398, 0.11502, -0.850056, 0.000946, 0.025678, 0.992589, 0.118779, 0.763972, 0.0, 0.0, 0.0, 1.0],
                [0.857418, 0.039222, -0.513124, -5e-06, -0.51398, 0.11502, -0.850056, 0.000946, 0.025678, 0.992589, 0.118779, 0.763972, 0.0, 0.0, 0.0, 1.0],
                [0.857418, 0.039222, -0.513124, -5e-06, -0.51398, 0.11502, -0.850056, 0.000946, 0.025678, 0.992589, 0.118779, 0.763972, 0.0, 0.0, 0.0, 1.0],
                [0.857418, 0.039222, -0.513124, -5e-06, -0.51398, 0.11502, -0.850056, 0.015006, 0.025678, 0.992589, 0.118779, 0.76291, 0.0, 0.0, 0.0, 1.0],
                [0.857418, 0.039222, -0.513124, -5e-06, -0.51398, 0.11502, -0.850056, 0.055246, 0.025678, 0.992589, 0.118779, 0.7599, 0.0, 0.0, 0.0, 1.0],
                [0.857418, 0.039222, -0.513124, -5e-06, -0.51398, 0.11502, -0.850056, 0.118758, 0.025678, 0.992589, 0.118779, 0.7552, 0.0, 0.0, 0.0, 1.0],
                [0.857418, 0.039222, -0.513124, -5e-06, -0.51398, 0.11502, -0.850056, 0.202637, 0.025678, 0.992589, 0.118779, 0.74907, 0.0, 0.0, 0.0, 1.0],
                [0.857418, 0.039222, -0.513124, -5e-06, -0.51398, 0.11502, -0.850056, 0.303973, 0.025678, 0.992589, 0.118779, 0.741771, 0.0, 0.0, 0.0, 1.0],
                [0.857418, 0.039222, -0.513124, -5e-06, -0.51398, 0.11502, -0.850056, 0.41986, 0.025678, 0.992589, 0.118779, 0.733563, 0.0, 0.0, 0.0, 1.0],
                [0.857418, 0.039222, -0.513124, -5e-06, -0.51398, 0.11502, -0.850056, 0.54739, 0.025678, 0.992589, 0.118779, 0.724704, 0.0, 0.0, 0.0, 1.0],
                [0.857418, 0.039222, -0.513124, -5e-06, -0.51398, 0.11502, -0.850056, 0.683656, 0.025678, 0.992589, 0.118779, 0.715456, 0.0, 0.0, 0.0, 1.0],
                [0.857418, 0.039222, -0.513124, -5e-06, -0.51398, 0.11502, -0.850056, 0.82575, 0.025678, 0.992589, 0.118779, 0.706078, 0.0, 0.0, 0.0, 1.0],
                [0.857418, 0.039222, -0.513124, -5e-06, -0.51398, 0.11502, -0.850056, 0.970765, 0.025678, 0.992589, 0.118779, 0.69683, 0.0, 0.0, 0.0, 1.0],
                [0.857418, 0.039222, -0.513124, -5e-06, -0.51398, 0.11502, -0.850056, 1.115793, 0.025678, 0.992589, 0.118779, 0.687971, 0.0, 0.0, 0.0, 1.0],
                [0.857418, 0.039222, -0.513124, -5e-06, -0.51398, 0.11502, -0.850056, 1.257928, 0.025678, 0.992589, 0.118779, 0.679763, 0.0, 0.0, 0.0, 1.0],
                [0.857418, 0.039222, -0.513124, -5e-06, -0.51398, 0.11502, -0.850056, 1.39426, 0.025678, 0.992589, 0.118779, 0.672464, 0.0, 0.0, 0.0, 1.0],
                [0.857418, 0.039222, -0.513124, -5e-06, -0.51398, 0.11502, -0.850056, 1.521884, 0.025678, 0.992589, 0.118779, 0.666334, 0.0, 0.0, 0.0, 1.0],
                [0.857418, 0.039222, -0.513124, -5e-06, -0.51398, 0.11502, -0.850056, 1.637892, 0.025678, 0.992589, 0.118779, 0.661634, 0.0, 0.0, 0.0, 1.0],
                [0.857418, 0.039222, -0.513124, -5e-06, -0.51398, 0.11502, -0.850056, 1.739375, 0.025678, 0.992589, 0.118779, 0.658624, 0.0, 0.0, 0.0, 1.0],
                [0.857418, 0.039222, -0.513124, -5e-06, -0.51398, 0.11502, -0.850056, 1.823428, 0.025678, 0.992589, 0.118779, 0.657562, 0.0, 0.0, 0.0, 1.0],
                [0.857418, 0.039222, -0.513124, -5e-06, -0.51398, 0.11502, -0.850056, 1.888244, 0.025678, 0.992589, 0.118779, 0.657562, 0.0, 0.0, 0.0, 1.0],
                [0.857418, 0.039222, -0.513124, -5e-06, -0.51398, 0.11502, -0.850056, 1.936433, 0.025678, 0.992589, 0.118779, 0.657562, 0.0, 0.0, 0.0, 1.0],
                [0.857418, 0.039222, -0.513124, -5e-06, -0.51398, 0.11502, -0.850056, 1.971706, 0.025678, 0.992589, 0.118779, 0.657562, 0.0, 0.0, 0.0, 1.0],
                [0.857418, 0.039222, -0.513124, -5e-06, -0.51398, 0.11502, -0.850056, 1.997773, 0.025678, 0.992589, 0.118779, 0.657562, 0.0, 0.0, 0.0, 1.0],
                [0.857418, 0.039222, -0.513124, -5e-06, -0.51398, 0.11502, -0.850056, 2.018345, 0.025678, 0.992589, 0.118779, 0.657562, 0.0, 0.0, 0.0, 1.0],
                [0.857418, 0.039222, -0.513124, -5e-06, -0.51398, 0.11502, -0.850056, 2.037134, 0.025678, 0.992589, 0.118779, 0.657562, 0.0, 0.0, 0.0, 1.0],
                [0.857418, 0.039222, -0.513124, -5e-06, -0.51398, 0.11502, -0.850056, 2.057851, 0.025678, 0.992589, 0.118779, 0.657562, 0.0, 0.0, 0.0, 1.0],
                [0.857418, 0.039222, -0.513124, -5e-06, -0.51398, 0.11502, -0.850056, 2.084206, 0.025678, 0.992589, 0.118779, 0.657562, 0.0, 0.0, 0.0, 1.0],
                [0.857418, 0.039222, -0.513124, -5e-06, -0.51398, 0.11502, -0.850056, 2.119911, 0.025678, 0.992589, 0.118779, 0.657562, 0.0, 0.0, 0.0, 1.0],
                [0.857418, 0.039222, -0.513124, -5e-06, -0.51398, 0.11502, -0.850056, 2.168676, 0.025678, 0.992589, 0.118779, 0.657562, 0.0, 0.0, 0.0, 1.0],
                [0.857418, 0.039222, -0.513124, -5e-06, -0.51398, 0.11502, -0.850056, 2.234214, 0.025678, 0.992589, 0.118779, 0.657562, 0.0, 0.0, 0.0, 1.0],
                [0.857418, 0.039222, -0.513124, -5e-06, -0.51398, 0.11502, -0.850056, 2.320235, 0.025678, 0.992589, 0.118779, 0.657562, 0.0, 0.0, 0.0, 1.0],
                [0.857418, 0.039222, -0.513124, -5e-06, -0.51398, 0.11502, -0.850056, 2.429367, 0.025678, 0.992589, 0.118779, 0.657562, 0.0, 0.0, 0.0, 1.0],
                [0.857418, 0.039222, -0.513124, -5e-06, -0.51398, 0.11502, -0.850056, 2.559915, 0.025678, 0.992589, 0.118779, 0.657562, 0.0, 0.0, 0.0, 1.0],
                [0.857418, 0.039222, -0.513124, -5e-06, -0.51398, 0.11502, -0.850056, 2.7091, 0.025678, 0.992589, 0.118779, 0.657562, 0.0, 0.0, 0.0, 1.0],
                [0.857418, 0.039222, -0.513124, -5e-06, -0.51398, 0.11502, -0.850056, 2.874143, 0.025678, 0.992589, 0.118779, 0.657562, 0.0, 0.0, 0.0, 1.0],
                [0.857418, 0.039222, -0.513124, -5e-06, -0.51398, 0.11502, -0.850056, 3.052266, 0.025678, 0.992589, 0.118779, 0.657562, 0.0, 0.0, 0.0, 1.0],
                [0.857418, 0.039222, -0.513124, -5e-06, -0.51398, 0.11502, -0.850056, 3.240689, 0.025678, 0.992589, 0.118779, 0.656214, 0.0, 0.0, 0.0, 1.0],
                [0.857418, 0.039222, -0.513124, -5e-06, -0.51398, 0.11502, -0.850056, 3.436634, 0.025678, 0.992589, 0.118779, 0.652416, 0.0, 0.0, 0.0, 1.0],
                [0.857418, 0.039222, -0.513124, -5e-06, -0.51398, 0.11502, -0.850056, 3.637323, 0.025678, 0.992589, 0.118779, 0.646541, 0.0, 0.0, 0.0, 1.0],
                [0.857418, 0.039222, -0.513124, -5e-06, -0.51398, 0.11502, -0.850056, 3.839977, 0.025678, 0.992589, 0.118779, 0.638959, 0.0, 0.0, 0.0, 1.0],
                [0.857418, 0.039222, -0.513124, -5e-06, -0.51398, 0.11502, -0.850056, 4.041818, 0.025678, 0.992589, 0.118779, 0.630042, 0.0, 0.0, 0.0, 1.0],
                [0.857418, 0.039222, -0.513124, -5e-06, -0.51398, 0.11502, -0.850056, 4.240067, 0.025678, 0.992589, 0.118779, 0.620163, 0.0, 0.0, 0.0, 1.0],
                [0.857418, 0.039222, -0.513124, -5e-06, -0.51398, 0.11502, -0.850056, 4.431943, 0.025678, 0.992589, 0.118779, 0.609691, 0.0, 0.0, 0.0, 1.0],
                [0.857418, 0.039222, -0.513124, -5e-06, -0.51398, 0.11502, -0.850056, 4.614671, 0.025678, 0.992589, 0.118779, 0.599, 0.0, 0.0, 0.0, 1.0],
                [0.857418, 0.039222, -0.513124, -5e-06, -0.51398, 0.11502, -0.850056, 4.785471, 0.025678, 0.992589, 0.118779, 0.588459, 0.0, 0.0, 0.0, 1.0],
                [0.857418, 0.039222, -0.513124, -5e-06, -0.51398, 0.11502, -0.850056, 4.941564, 0.025678, 0.992589, 0.118779, 0.578442, 0.0, 0.0, 0.0, 1.0],
                [0.857418, 0.039222, -0.513124, -5e-06, -0.51398, 0.11502, -0.850056, 5.080172, 0.025678, 0.992589, 0.118779, 0.569319, 0.0, 0.0, 0.0, 1.0],
                [0.857418, 0.039222, -0.513124, -5e-06, -0.51398, 0.11502, -0.850056, 5.198516, 0.025678, 0.992589, 0.118779, 0.561462, 0.0, 0.0, 0.0, 1.0],
                [0.857418, 0.039222, -0.513124, -5e-06, -0.51398, 0.11502, -0.850056, 5.293817, 0.025678, 0.992589, 0.118779, 0.555243, 0.0, 0.0, 0.0, 1.0],
                [0.857418, 0.039222, -0.513124, -5e-06, -0.51398, 0.11502, -0.850056, 5.363296, 0.025678, 0.992589, 0.118779, 0.551032, 0.0, 0.0, 0.0, 1.0],
                [0.857418, 0.039222, -0.513124, -5e-06, -0.51398, 0.11502, -0.850056, 5.404177, 0.025678, 0.992589, 0.118779, 0.549202, 0.0, 0.0, 0.0, 1.0],
                [0.857418, 0.039222, -0.513124, -5e-06, -0.51398, 0.11502, -0.850056, 5.426731, 0.025678, 0.992589, 0.118779, 0.548696, 0.0, 0.0, 0.0, 1.0],
                [0.857418, 0.039222, -0.513124, -5e-06, -0.51398, 0.11502, -0.850056, 5.443636, 0.025678, 0.992589, 0.118779, 0.548209, 0.0, 0.0, 0.0, 1.0],
                [0.857418, 0.039222, -0.513124, -5e-06, -0.51398, 0.11502, -0.850056, 5.455715, 0.025678, 0.992589, 0.118779, 0.54774, 0.0, 0.0, 0.0, 1.0],
                [0.857418, 0.039222, -0.513124, -5e-06, -0.51398, 0.11502, -0.850056, 5.463793, 0.025678, 0.992589, 0.118779, 0.54729, 0.0, 0.0, 0.0, 1.0],
                [0.857418, 0.039222, -0.513124, -5e-06, -0.51398, 0.11502, -0.850056, 5.468695, 0.025678, 0.992589, 0.118779, 0.546858, 0.0, 0.0, 0.0, 1.0],
                [0.857418, 0.039222, -0.513124, -5e-06, -0.51398, 0.11502, -0.850056, 5.471246, 0.025678, 0.992589, 0.118779, 0.546443, 0.0, 0.0, 0.0, 1.0],
                [0.857418, 0.039222, -0.513124, -5e-06, -0.51398, 0.11502, -0.850056, 5.472269, 0.025678, 0.992589, 0.118779, 0.546046, 0.0, 0.0, 0.0, 1.0],
                [0.857418, 0.039222, -0.513124, -5e-06, -0.51398, 0.11502, -0.850056, 5.472588, 0.025678, 0.992589, 0.118779, 0.545666, 0.0, 0.0, 0.0, 1.0],
                [0.857418, 0.039222, -0.513124, -5e-06, -0.51398, 0.11502, -0.850056, 5.472891, 0.025678, 0.992589, 0.118779, 0.545302, 0.0, 0.0, 0.0, 1.0],
                [0.857418, 0.039222, -0.513124, -5e-06, -0.51398, 0.11502, -0.850056, 5.47331, 0.025678, 0.992589, 0.118779, 0.544955, 0.0, 0.0, 0.0, 1.0],
                [0.857418, 0.039222, -0.513124, -5e-06, -0.51398, 0.11502, -0.850056, 5.473839, 0.025678, 0.992589, 0.118779, 0.544623, 0.0, 0.0, 0.0, 1.0],
                [0.857418, 0.039222, -0.513124, -5e-06, -0.51398, 0.11502, -0.850056, 5.474473, 0.025678, 0.992589, 0.118779, 0.544306, 0.0, 0.0, 0.0, 1.0],
                [0.857418, 0.039222, -0.513124, -5e-06, -0.51398, 0.11502, -0.850056, 5.475206, 0.025678, 0.992589, 0.118779, 0.544005, 0.0, 0.0, 0.0, 1.0],
                [0.857418, 0.039222, -0.513124, -5e-06, -0.51398, 0.11502, -0.850056, 5.476032, 0.025678, 0.992589, 0.118779, 0.543719, 0.0, 0.0, 0.0, 1.0],
                [0.857418, 0.039222, -0.513124, -5e-06, -0.51398, 0.11502, -0.850056, 5.476946, 0.025678, 0.992589, 0.118779, 0.543446, 0.0, 0.0, 0.0, 1.0],
                [0.857418, 0.039222, -0.513124, -5e-06, -0.51398, 0.11502, -0.850056, 5.477942, 0.025678, 0.992589, 0.118779, 0.543188, 0.0, 0.0, 0.0, 1.0],
                [0.857418, 0.039222, -0.513124, -5e-06, -0.51398, 0.11502, -0.850056, 5.479014, 0.025678, 0.992589, 0.118779, 0.542943, 0.0, 0.0, 0.0, 1.0],
                [0.857418, 0.039222, -0.513124, -5e-06, -0.51398, 0.11502, -0.850056, 5.480157, 0.025678, 0.992589, 0.118779, 0.542712, 0.0, 0.0, 0.0, 1.0],
                [0.857418, 0.039222, -0.513124, -5e-06, -0.51398, 0.11502, -0.850056, 5.481366, 0.025678, 0.992589, 0.118779, 0.542493, 0.0, 0.0, 0.0, 1.0],
                [0.857418, 0.039222, -0.513124, -5e-06, -0.51398, 0.11502, -0.850056, 5.482634, 0.025678, 0.992589, 0.118779, 0.542287, 0.0, 0.0, 0.0, 1.0],
                [0.857418, 0.039222, -0.513124, -5e-06, -0.51398, 0.11502, -0.850056, 5.483956, 0.025678, 0.992589, 0.118779, 0.542093, 0.0, 0.0, 0.0, 1.0],
                [0.857418, 0.039222, -0.513124, -5e-06, -0.51398, 0.11502, -0.850056, 5.485326, 0.025678, 0.992589, 0.118779, 0.54191, 0.0, 0.0, 0.0, 1.0],
                [0.857418, 0.039222, -0.513124, -5e-06, -0.51398, 0.11502, -0.850056, 5.486738, 0.025678, 0.992589, 0.118779, 0.54174, 0.0, 0.0, 0.0, 1.0],
                [0.857418, 0.039222, -0.513124, -5e-06, -0.51398, 0.11502, -0.850056, 5.488188, 0.025678, 0.992589, 0.118779, 0.54158, 0.0, 0.0, 0.0, 1.0],
                [0.857418, 0.039222, -0.513124, -5e-06, -0.51398, 0.11502, -0.850056, 5.489669, 0.025678, 0.992589, 0.118779, 0.54143, 0.0, 0.0, 0.0, 1.0],
                [0.857418, 0.039222, -0.513124, -5e-06, -0.51398, 0.11502, -0.850056, 5.491175, 0.025678, 0.992589, 0.118779, 0.541292, 0.0, 0.0, 0.0, 1.0],
                [0.857418, 0.039222, -0.513124, -5e-06, -0.51398, 0.11502, -0.850056, 5.492702, 0.025678, 0.992589, 0.118779, 0.541163, 0.0, 0.0, 0.0, 1.0],
                [0.857418, 0.039222, -0.513124, -5e-06, -0.51398, 0.11502, -0.850056, 5.494242, 0.025678, 0.992589, 0.118779, 0.541043, 0.0, 0.0, 0.0, 1.0],
                [0.857418, 0.039222, -0.513124, -5e-06, -0.51398, 0.11502, -0.850056, 5.495792, 0.025678, 0.992589, 0.118779, 0.540933, 0.0, 0.0, 0.0, 1.0],
                [0.857418, 0.039222, -0.513124, -5e-06, -0.51398, 0.11502, -0.850056, 5.497344, 0.025678, 0.992589, 0.118779, 0.540831, 0.0, 0.0, 0.0, 1.0],
                [0.857418, 0.039222, -0.513124, -5e-06, -0.51398, 0.11502, -0.850056, 5.498893, 0.025678, 0.992589, 0.118779, 0.540738, 0.0, 0.0, 0.0, 1.0],
                [0.857418, 0.039222, -0.513124, -5e-06, -0.51398, 0.11502, -0.850056, 5.500435, 0.025678, 0.992589, 0.118779, 0.540653, 0.0, 0.0, 0.0, 1.0],
                [0.857418, 0.039222, -0.513124, -5e-06, -0.51398, 0.11502, -0.850056, 5.501963, 0.025678, 0.992589, 0.118779, 0.540576, 0.0, 0.0, 0.0, 1.0],
                [0.857418, 0.039222, -0.513124, -5e-06, -0.51398, 0.11502, -0.850056, 5.503471, 0.025678, 0.992589, 0.118779, 0.540506, 0.0, 0.0, 0.0, 1.0],
                [0.857418, 0.039222, -0.513124, -5e-06, -0.51398, 0.11502, -0.850056, 5.504954, 0.025678, 0.992589, 0.118779, 0.540443, 0.0, 0.0, 0.0, 1.0],
                [0.857418, 0.039222, -0.513124, -5e-06, -0.51398, 0.11502, -0.850056, 5.506407, 0.025678, 0.992589, 0.118779, 0.540387, 0.0, 0.0, 0.0, 1.0],
                [0.857418, 0.039222, -0.513124, -5e-06, -0.51398, 0.11502, -0.850056, 5.507823, 0.025678, 0.992589, 0.118779, 0.540337, 0.0, 0.0, 0.0, 1.0],
                [0.857418, 0.039222, -0.513124, -5e-06, -0.51398, 0.11502, -0.850056, 5.509197, 0.025678, 0.992589, 0.118779, 0.540293, 0.0, 0.0, 0.0, 1.0],
                [0.857418, 0.039222, -0.513124, -5e-06, -0.51398, 0.11502, -0.850056, 5.510523, 0.025678, 0.992589, 0.118779, 0.540254, 0.0, 0.0, 0.0, 1.0],
                [0.857418, 0.039222, -0.513124, -5e-06, -0.51398, 0.11502, -0.850056, 5.511796, 0.025678, 0.992589, 0.118779, 0.540221, 0.0, 0.0, 0.0, 1.0],
                [0.857418, 0.039222, -0.513124, -5e-06, -0.51398, 0.11502, -0.850056, 5.51301, 0.025678, 0.992589, 0.118779, 0.540192, 0.0, 0.0, 0.0, 1.0],
                [0.857418, 0.039222, -0.513124, -5e-06, -0.51398, 0.11502, -0.850056, 5.514158, 0.025678, 0.992589, 0.118779, 0.540168, 0.0, 0.0, 0.0, 1.0],
                [0.857418, 0.039222, -0.513124, -5e-06, -0.51398, 0.11502, -0.850056, 5.515237, 0.025678, 0.992589, 0.118779, 0.540148, 0.0, 0.0, 0.0, 1.0],
                [0.857418, 0.039222, -0.513124, -5e-06, -0.51398, 0.11502, -0.850056, 5.51624, 0.025678, 0.992589, 0.118779, 0.540131, 0.0, 0.0, 0.0, 1.0],
                [0.857418, 0.039222, -0.513124, -5e-06, -0.51398, 0.11502, -0.850056, 5.517161, 0.025678, 0.992589, 0.118779, 0.540118, 0.0, 0.0, 0.0, 1.0],
                [0.857418, 0.039222, -0.513124, -5e-06, -0.51398, 0.11502, -0.850056, 5.517995, 0.025678, 0.992589, 0.118779, 0.540107, 0.0, 0.0, 0.0, 1.0],
                [0.857418, 0.039222, -0.513124, -5e-06, -0.51398, 0.11502, -0.850056, 5.518735, 0.025678, 0.992589, 0.118779, 0.5401, 0.0, 0.0, 0.0, 1.0],
                [0.857418, 0.039222, -0.513124, -5e-06, -0.51398, 0.11502, -0.850056, 5.519378, 0.025678, 0.992589, 0.118779, 0.540094, 0.0, 0.0, 0.0, 1.0],
                [0.857418, 0.039222, -0.513124, -5e-06, -0.51398, 0.11502, -0.850056, 5.519917, 0.025678, 0.992589, 0.118779, 0.54009, 0.0, 0.0, 0.0, 1.0],
                [0.857418, 0.039222, -0.513124, -5e-06, -0.51398, 0.11502, -0.850056, 5.520345, 0.025678, 0.992589, 0.118779, 0.540088, 0.0, 0.0, 0.0, 1.0],
                [0.857418, 0.039222, -0.513124, -5e-06, -0.51398, 0.11502, -0.850056, 5.520658, 0.025678, 0.992589, 0.118779, 0.540087, 0.0, 0.0, 0.0, 1.0],
                [0.857418, 0.039222, -0.513124, -5e-06, -0.51398, 0.11502, -0.850056, 5.52085, 0.025678, 0.992589, 0.118779, 0.540086, 0.0, 0.0, 0.0, 1.0],
                [0.857418, 0.039222, -0.513124, -5e-06, -0.51398, 0.11502, -0.850056, 5.520916, 0.025678, 0.992589, 0.118779, 0.540086, 0.0, 0.0, 0.0, 1.0],
                [0.85845, 0.038973, -0.511415, -5e-06, -0.512266, 0.114632, -0.851142, 5.520916, 0.025453, 0.992643, 0.118371, 0.540947, 0.0, 0.0, 0.0, 1.0],
                [0.861359, 0.03827, -0.506554, -5e-06, -0.507391, 0.11353, -0.854205, 5.520916, 0.024818, 0.992797, 0.117208, 0.543389, 0.0, 0.0, 0.0, 1.0],
                [0.865849, 0.037184, -0.498921, -5e-06, -0.499736, 0.111798, -0.858932, 5.520916, 0.02384, 0.993035, 0.115382, 0.547202, 0.0, 0.0, 0.0, 1.0],
                [0.871611, 0.035789, -0.48889, -5e-06, -0.489678, 0.109521, -0.864998, 5.520916, 0.022586, 0.99334, 0.112985, 0.552173, 0.0, 0.0, 0.0, 1.0],
                [0.878329, 0.034161, -0.476834, -5e-06, -0.477589, 0.106783, -0.87207, 5.520916, 0.021128, 0.993695, 0.110106, 0.558094, 0.0, 0.0, 0.0, 1.0],
                [0.885697, 0.032371, -0.463134, -5e-06, -0.463853, 0.103671, -0.879826, 5.520916, 0.019532, 0.994085, 0.106836, 0.564752, 0.0, 0.0, 0.0, 1.0],
                [0.89342, 0.030491, -0.448187, -5e-06, -0.448867, 0.100273, -0.887955, 5.520916, 0.017866, 0.994493, 0.103272, 0.571938, 0.0, 0.0, 0.0, 1.0],
                [0.901225, 0.028587, -0.432408, -5e-06, -0.43305, 0.096684, -0.89617, 5.520916, 0.016188, 0.994905, 0.099513, 0.57944, 0.0, 0.0, 0.0, 1.0],
                [0.908865, 0.026719, -0.416234, -5e-06, -0.416837, 0.093002, -0.904211, 5.520916, 0.014552, 0.995307, 0.095664, 0.587047, 0.0, 0.0, 0.0, 1.0],
                [0.916124, 0.024938, -0.400119, -5e-06, -0.400685, 0.089332, -0.911851, 5.520916, 0.013004, 0.99569, 0.091832, 0.594548, 0.0, 0.0, 0.0, 1.0],
                [0.922815, 0.023292, -0.384538, -5e-06, -0.385068, 0.085782, -0.918893, 5.520916, 0.011584, 0.996042, 0.08813, 0.601734, 0.0, 0.0, 0.0, 1.0],
                [0.928785, 0.021819, -0.369977, -5e-06, -0.370476, 0.082462, -0.925174, 5.520916, 0.010323, 0.996355, 0.084673, 0.608392, 0.0, 0.0, 0.0, 1.0],
                [0.933903, 0.020552, -0.356936, -5e-06, -0.357408, 0.079487, -0.93056, 5.520916, 0.009247, 0.996624, 0.081579, 0.614313, 0.0, 0.0, 0.0, 1.0],
                [0.938061, 0.01952, -0.34592, -5e-06, -0.346369, 0.076973, -0.934935, 5.520916, 0.008377, 0.996842, 0.078967, 0.619285, 0.0, 0.0, 0.0, 1.0],
                [0.941163, 0.018748, -0.337433, -5e-06, -0.337865, 0.075036, -0.938199, 5.520916, 0.00773, 0.997005, 0.076956, 0.623097, 0.0, 0.0, 0.0, 1.0],
                [0.943109, 0.018263, -0.33198, -5e-06, -0.332402, 0.073791, -0.940247, 5.520916, 0.007325, 0.997106, 0.075664, 0.625539, 0.0, 0.0, 0.0, 1.0],
                [0.943788, 0.018094, -0.330055, -5e-06, -0.330472, 0.073351, -0.940961, 5.520916, 0.007184, 0.997142, 0.075208, 0.6264, 0.0, 0.0, 0.0, 1.0],
                [0.943788, 0.018094, -0.330055, -5e-06, -0.330472, 0.073351, -0.940961, 5.520916, 0.007184, 0.997142, 0.075208, 0.6264, 0.0, 0.0, 0.0, 1.0],
                [0.943788, 0.018094, -0.330055, -5e-06, -0.330472, 0.073351, -0.940961, 5.520916, 0.007184, 0.997142, 0.075208, 0.6264, 0.0, 0.0, 0.0, 1.0],
                [0.943788, 0.018094, -0.330055, -5e-06, -0.330472, 0.073351, -0.940961, 5.520916, 0.007184, 0.997142, 0.075208, 0.6264, 0.0, 0.0, 0.0, 1.0],
                [0.943788, 0.018094, -0.330055, -5e-06, -0.330472, 0.073351, -0.940961, 5.520916, 0.007184, 0.997142, 0.075208, 0.6264, 0.0, 0.0, 0.0, 1.0],
                [0.943788, 0.018094, -0.330055, -5e-06, -0.330472, 0.073351, -0.940961, 5.520916, 0.007184, 0.997142, 0.075208, 0.6264, 0.0, 0.0, 0.0, 1.0],
                [0.943788, 0.018094, -0.330055, -5e-06, -0.330472, 0.073351, -0.940961, 5.520916, 0.007184, 0.997142, 0.075208, 0.6264, 0.0, 0.0, 0.0, 1.0],
                [0.943788, 0.018094, -0.330055, -5e-06, -0.330472, 0.073351, -0.940961, 5.520916, 0.007184, 0.997142, 0.075208, 0.6264, 0.0, 0.0, 0.0, 1.0],
                [0.944362, 0.017951, -0.328417, -5e-06, -0.328831, 0.072977, -0.941565, 5.519057, 0.007065, 0.997172, 0.07482, 0.627096, 0.0, 0.0, 0.0, 1.0],
                [0.946003, 0.017541, -0.323682, -5e-06, -0.324087, 0.071896, -0.943291, 5.513693, 0.006725, 0.997258, 0.073698, 0.629107, 0.0, 0.0, 0.0, 1.0],
                [0.94857, 0.016898, -0.316116, -5e-06, -0.316506, 0.070167, -0.945992, 5.505143, 0.006195, 0.997392, 0.071907, 0.632311, 0.0, 0.0, 0.0, 1.0],
                [0.951904, 0.016062, -0.305975, -5e-06, -0.306347, 0.06785, -0.949499, 5.493726, 0.005509, 0.997566, 0.069508, 0.63659, 0.0, 0.0, 0.0, 1.0],
                [0.955835, 0.015073, -0.293517, -5e-06, -0.293866, 0.065003, -0.953634, 5.479759, 0.004705, 0.997771, 0.066561, 0.641825, 0.0, 0.0, 0.0, 1.0],
                [0.96019, 0.013972, -0.278999, -5e-06, -0.279322, 0.061683, -0.958214, 5.463562, 0.003821, 0.997998, 0.06313, 0.647895, 0.0, 0.0, 0.0, 1.0],
                [0.964797, 0.012801, -0.262685, -5e-06, -0.26298, 0.05795, -0.963059, 5.445454, 0.002894, 0.998237, 0.059276, 0.654682, 0.0, 0.0, 0.0, 1.0],
                [0.969493, 0.011599, -0.244844, -5e-06, -0.245111, 0.053866, -0.967997, 5.425751, 0.001961, 0.998481, 0.055066, 0.662067, 0.0, 0.0, 0.0, 1.0],
                [0.974128, 0.010403, -0.225756, -5e-06, -0.225994, 0.049494, -0.972871, 5.404775, 0.001053, 0.99872, 0.050565, 0.669928, 0.0, 0.0, 0.0, 1.0],
                [0.97857, 0.009245, -0.205708, -5e-06, -0.205916, 0.0449, -0.977539, 5.382843, 0.000198, 0.998949, 0.045841, 0.678149, 0.0, 0.0, 0.0, 1.0],
                [0.982706, 0.008153, -0.184995, -5e-06, -0.185173, 0.04015, -0.981885, 5.360273, -0.000578, 0.99916, 0.040966, 0.686607, 0.0, 0.0, 0.0, 1.0],
                [0.986448, 0.00715, -0.163918, -5e-06, -0.164069, 0.035314, -0.985817, 5.337385, -0.00126, 0.999351, 0.036009, 0.695186, 0.0, 0.0, 0.0, 1.0],
                [0.989734, 0.006251, -0.142786, -5e-06, -0.142911, 0.030463, -0.989267, 5.314497, -0.001834, 0.999516, 0.031043, 0.703764, 0.0, 0.0, 0.0, 1.0],
                [0.992526, 0.005467, -0.121909, -5e-06, -0.12201, 0.025667, -0.992197, 5.291927, -0.002296, 0.999656, 0.026142, 0.712223, 0.0, 0.0, 0.0, 1.0],
                [0.994814, 0.004804, -0.101599, -5e-06, -0.101678, 0.020999, -0.994596, 5.269994, -0.002644, 0.999768, 0.021378, 0.720443, 0.0, 0.0, 0.0, 1.0],
                [0.99661, 0.00426, -0.082165, -5e-06, -0.082224, 0.01653, -0.996477, 5.249018, -0.002887, 0.999854, 0.016824, 0.728305, 0.0, 0.0, 0.0, 1.0],
                [0.997948, 0.003829, -0.063915, -5e-06, -0.063957, 0.01233, -0.997876, 5.229316, -0.003033, 0.999917, 0.01255, 0.735689, 0.0, 0.0, 0.0, 1.0],
                [0.998882, 0.003501, -0.047151, -5e-06, -0.047179, 0.008471, -0.998851, 5.211207, -0.003098, 0.999958, 0.008627, 0.742476, 0.0, 0.0, 0.0, 1.0],
                [0.999477, 0.003263, -0.032173, -5e-06, -0.032189, 0.005022, -0.999469, 5.195011, -0.0031, 0.999982, 0.005124, 0.748546, 0.0, 0.0, 0.0, 1.0],
                [0.999809, 0.0031, -0.019273, -5e-06, -0.01928, 0.00205, -0.999812, 5.181044, -0.00306, 0.999993, 0.002109, 0.753781, 0.0, 0.0, 0.0, 1.0],
                [0.999957, 0.002995, -0.008741, -5e-06, -0.00874, -0.000377, -0.999962, 5.169626, -0.002999, 0.999995, -0.000351, 0.75806, 0.0, 0.0, 0.0, 1.0],
                [0.999995, 0.002934, -0.000863, -5e-06, -0.000857, -0.002193, -0.999997, 5.161076, -0.002936, 0.999993, -0.002191, 0.761265, 0.0, 0.0, 0.0, 1.0],
                [0.999987, 0.002902, 0.004074, -5e-06, 0.004084, -0.003332, -0.999986, 5.155713, -0.002889, 0.99999, -0.003344, 0.763275, 0.0, 0.0, 0.0, 1.0],
                [0.999979, 0.002893, 0.005784, -5e-06, 0.005795, -0.003726, -0.999976, 5.153854, -0.002871, 0.999989, -0.003743, 0.763972, 0.0, 0.0, 0.0, 1.0],
                [0.999979, 0.002893, 0.005784, -5e-06, 0.005795, -0.003726, -0.999976, 5.153854, -0.002871, 0.999989, -0.003743, 0.763972, 0.0, 0.0, 0.0, 1.0]
            ]
        },
        {
            "name": "Thigh_R",
            "time": [0.0, 0.0167, 0.0333, 0.05, 0.0667, 0.0833, 0.1, 0.1167, 0.1333, 0.15, 0.1667, 0.1833, 0.2, 0.2167, 0.2333, 0.25, 0.2667, 0.2833, 0.3, 0.3167, 0.3333, 0.35, 0.3667, 0.3833, 0.4, 0.4167, 0.4333, 0.45, 0.4667, 0.4833, 0.5, 0.5167, 0.5333, 0.55, 0.5667, 0.5833, 0.6, 0.6167, 0.6333, 0.65, 0.6667, 0.6833, 0.7, 0.7167, 0.7333, 0.75, 0.7667, 0.7833, 0.8, 0.8167, 0.8333, 0.85, 0.8667, 0.8833, 0.9, 0.9167, 0.9333, 0.95, 0.9667, 0.9833, 1.0, 1.0167, 1.0333, 1.05, 1.0667, 1.0833, 1.1, 1.1167, 1.1333, 1.15, 1.1667, 1.1833, 1.2, 1.2167, 1.2333, 1.25, 1.2667, 1.2833, 1.3, 1.3167, 1.3333, 1.35, 1.3667, 1.3833, 1.4, 1.4167, 1.4333, 1.45, 1.4667, 1.4833, 1.5, 1.5167, 1.5333, 1.55, 1.5667, 1.5833, 1.6, 1.6167, 1.6333, 1.65, 1.6667, 1.6833, 1.7, 1.7167, 1.7333, 1.75, 1.7667, 1.7833, 1.8, 1.8167, 1.8333, 1.85, 1.8667, 1.8833, 1.9, 1.9167, 1.9333, 1.95, 1.9667, 1.9833, 2.0, 2.0167, 2.0333, 2.05, 2.0667, 2.0833, 2.1, 2.1167, 2.1333, 2.15, 2.1667, 2.1833, 2.2, 2.2167, 2.2333, 2.25, 2.2667, 2.2833, 2.3, 2.3167, 2.3333, 2.35, 2.3667, 2.3833, 2.4, 2.4167, 2.4333, 2.45, 2.4667, 2.4833, 2.5, 2.5167, 2.5333, 2.55, 2.5667, 2.5833, 2.6, 2.7833],
            "transform": [
                [0.385686, 0.308838, -0.869405, 0.113308, -0.03097, -0.937447, -0.346747, 0.033439, -0.92211, 0.16066, -0.351995, -0.038345, 0.0, 0.0, 0.0, 1.0],
                [0.385686, 0.308838, -0.869405, 0.113308, -0.03097, -0.937447, -0.346747, 0.033439, -0.92211, 0.16066, -0.351995, -0.038345, 0.0, 0.0, 0.0, 1.0],
                [0.385686, 0.308838, -0.869405, 0.113308, -0.03097, -0.937447, -0.346747, 0.033439, -0.92211, 0.16066, -0.351995, -0.038345, 0.0, 0.0, 0.0, 1.0],
                [0.385686, 0.308838, -0.869405, 0.113308, -0.03097, -0.937447, -0.346747, 0.033439, -0.92211, 0.16066, -0.351995, -0.038345, 0.0, 0.0, 0.0, 1.0],
                [0.385686, 0.308838, -0.869405, 0.113308, -0.03097, -0.937447, -0.346747, 0.033439, -0.92211, 0.16066, -0.351995, -0.038345, 0.0, 0.0, 0.0, 1.0],
                [0.385686, 0.308838, -0.869405, 0.113308, -0.03097, -0.937447, -0.346747, 0.033439, -0.92211, 0.16066, -0.351995, -0.038345, 0.0, 0.0, 0.0, 1.0],
                [0.385686, 0.308838, -0.869405, 0.113308, -0.03097, -0.937447, -0.346747, 0.033439, -0.92211, 0.16066, -0.351995, -0.038345, 0.0, 0.0, 0.0, 1.0],
                [0.385686, 0.308838, -0.869405, 0.113308, -0.03097, -0.937447, -0.346747, 0.033439, -0.92211, 0.16066, -0.351995, -0.038345, 0.0, 0.0, 0.0, 1.0],
                [0.383265, 0.30361, -0.872313, 0.113308, -0.026824, -0.940373, -0.339084, 0.033439, -0.923249, 0.153358, -0.352268, -0.038345, 0.0, 0.0, 0.0, 1.0],
                [0.376415, 0.288352, -0.880434, 0.113308, -0.014757, -0.948343, -0.316902, 0.033439, -0.926334, 0.132279, -0.352716, -0.038345, 0.0, 0.0, 0.0, 1.0],
                [0.365863, 0.263395, -0.892618, 0.113308, 0.004888, -0.959645, -0.28117, 0.033439, -0.930656, 0.098507, -0.352386, -0.038345, 0.0, 0.0, 0.0, 1.0],
                [0.352486, 0.228845, -0.907405, 0.113308, 0.031905, -0.972014, -0.232745, 0.033439, -0.935273, 0.053089, -0.349922, -0.038345, 0.0, 0.0, 0.0, 1.0],
                [0.337323, 0.184824, -0.923067, 0.113308, 0.066054, -0.982768, -0.172639, 0.033439, -0.939069, -0.002738, -0.343719, -0.038345, 0.0, 0.0, 0.0, 1.0],
                [0.321564, 0.131707, -0.937683, 0.113308, 0.106892, -0.988998, -0.102258, 0.033439, -0.940835, -0.067349, -0.332105, -0.038345, 0.0, 0.0, 0.0, 1.0],
                [0.306493, 0.070336, -0.949271, 0.113308, 0.153621, -0.987848, -0.023595, 0.033439, -0.939395, -0.138596, -0.313574, -0.038345, 0.0, 0.0, 0.0, 1.0],
                [0.293396, 0.002164, -0.955989, 0.113308, 0.205, -0.976878, 0.060703, 0.033439, -0.933753, -0.213788, -0.287056, -0.038345, 0.0, 0.0, 0.0, 1.0],
                [0.28341, -0.070717, -0.956388, 0.113308, 0.259346, -0.954465, 0.147428, 0.033439, -0.923265, -0.289818, -0.252165, -0.038345, 0.0, 0.0, 0.0, 1.0],
                [0.277368, -0.145698, -0.949652, 0.113308, 0.314645, -0.92015, 0.233071, 0.03344, -0.907781, -0.36345, -0.209377, -0.038345, 0.0, 0.0, 0.0, 1.0],
                [0.275665, -0.219916, -0.93576, 0.113308, 0.368759, -0.874803, 0.314223, 0.033439, -0.887708, -0.43169, -0.160057, -0.038345, 0.0, 0.0, 0.0, 1.0],
                [0.278198, -0.290592, -0.915512, 0.113308, 0.41969, -0.820565, 0.387987, 0.03344, -0.863983, -0.492168, -0.106321, -0.038345, 0.0, 0.0, 0.0, 1.0],
                [0.284394, -0.355367, -0.890413, 0.113308, 0.465805, -0.76055, 0.452314, 0.03344, -0.837941, -0.543395, -0.050764, -0.038345, 0.0, 0.0, 0.0, 1.0],
                [0.293312, -0.412513, -0.862439, 0.113308, 0.505989, -0.69842, 0.506146, 0.033439, -0.811137, -0.584844, 0.003872, -0.038345, 0.0, 0.0, 0.0, 1.0],
                [0.303797, -0.461008, -0.833774, 0.113308, 0.539667, -0.637936, 0.54936, 0.033439, -0.785154, -0.616854, 0.054988, -0.038345, 0.0, 0.0, 0.0, 1.0],
                [0.314626, -0.500452, -0.806572, 0.113308, 0.566726, -0.582617, 0.582562, 0.03344, -0.761467, -0.640394, 0.100313, -0.038345, 0.0, 0.0, 0.0, 1.0],
                [0.324629, -0.530885, -0.782801, 0.113308, 0.587364, -0.535552, 0.606785, 0.033439, -0.741363, -0.656769, 0.137967, -0.038345, 0.0, 0.0, 0.0, 1.0],
                [0.332762, -0.552552, -0.76417, 0.113308, 0.60191, -0.499355, 0.623176, 0.03344, -0.725929, -0.667331, 0.16642, -0.038345, 0.0, 0.0, 0.0, 1.0],
                [0.338139, -0.565656, -0.752127, 0.113308, 0.610642, -0.476242, 0.6327, 0.03344, -0.716085, -0.673221, 0.184377, -0.038345, 0.0, 0.0, 0.0, 1.0],
                [0.340057, -0.57012, -0.74788, 0.113308, 0.613604, -0.468141, 0.635873, 0.033439, -0.712637, -0.675135, 0.190633, -0.038345, 0.0, 0.0, 0.0, 1.0],
                [0.339257, -0.568194, -0.749707, 0.113308, 0.611975, -0.471956, 0.634621, 0.033439, -0.714417, -0.674102, 0.187606, -0.038345, 0.0, 0.0, 0.0, 1.0],
                [0.336966, -0.562539, -0.754986, 0.113308, 0.607187, -0.483012, 0.630891, 0.033439, -0.719568, -0.671006, 0.178807, -0.038345, 0.0, 0.0, 0.0, 1.0],
                [0.333377, -0.55326, -0.763389, 0.113308, 0.599314, -0.500697, 0.6246, 0.03344, -0.727793, -0.665737, 0.164656, -0.038345, 0.0, 0.0, 0.0, 1.0],
                [0.32873, -0.540386, -0.774545, 0.113308, 0.588358, -0.524351, 0.61554, 0.033439, -0.738763, -0.658056, 0.145571, -0.038345, 0.0, 0.0, 0.0, 1.0],
                [0.323302, -0.5239, -0.788039, 0.113308, 0.574278, -0.553256, 0.603417, 0.033439, -0.752118, -0.647639, 0.121996, -0.038345, 0.0, 0.0, 0.0, 1.0],
                [0.317401, -0.503772, -0.803412, 0.113308, 0.557015, -0.586617, 0.587891, 0.033439, -0.767458, -0.634109, 0.094415, -0.038345, 0.0, 0.0, 0.0, 1.0],
                [0.311365, -0.479991, -0.820159, 0.113308, 0.536527, -0.623551, 0.568615, 0.033439, -0.784341, -0.617084, 0.063377, -0.038346, 0.0, 0.0, 0.0, 1.0],
                [0.305544, -0.452598, -0.837734, 0.113308, 0.512817, -0.663089, 0.545281, 0.03344, -0.802285, -0.596211, 0.029497, -0.038345, 0.0, 0.0, 0.0, 1.0],
                [0.300293, -0.421713, -0.85556, 0.113308, 0.485956, -0.704182, 0.517663, 0.03344, -0.820775, -0.571215, -0.006527, -0.038345, 0.0, 0.0, 0.0, 1.0],
                [0.295956, -0.387558, -0.873046, 0.113308, 0.456107, -0.745724, 0.485655, 0.033439, -0.839271, -0.541935, -0.043934, -0.038346, 0.0, 0.0, 0.0, 1.0],
                [0.292843, -0.350476, -0.889612, 0.113308, 0.423545, -0.786592, 0.449313, 0.033439, -0.857235, -0.508369, -0.081906, -0.038346, 0.0, 0.0, 0.0, 1.0],
                [0.291211, -0.310933, -0.904719, 0.113308, 0.388656, -0.825693, 0.408874, 0.033439, -0.874152, -0.470694, -0.119605, -0.038346, 0.0, 0.0, 0.0, 1.0],
                [0.291247, -0.269508, -0.9179, 0.113308, 0.351938, -0.862022, 0.36477, 0.03344, -0.889559, -0.429283, -0.156212, -0.038346, 0.0, 0.0, 0.0, 1.0],
                [0.293049, -0.226878, -0.928789, 0.113308, 0.313983, -0.894723, 0.317624, 0.033439, -0.903071, -0.384703, -0.190962, -0.038346, 0.0, 0.0, 0.0, 1.0],
                [0.296619, -0.183785, -0.937145, 0.113308, 0.275446, -0.92314, 0.268221, 0.03344, -0.914411, -0.337692, -0.223198, -0.038345, 0.0, 0.0, 0.0, 1.0],
                [0.301861, -0.140995, -0.942868, 0.113308, 0.237019, -0.946851, 0.217472, 0.03344, -0.923419, -0.289124, -0.252399, -0.038345, 0.0, 0.0, 0.0, 1.0],
                [0.308589, -0.099259, -0.946002, 0.113308, 0.199386, -0.965695, 0.166365, 0.03344, -0.930063, -0.239958, -0.278213, -0.038345, 0.0, 0.0, 0.0, 1.0],
                [0.316538, -0.059276, -0.946726, 0.113308, 0.163195, -0.979761, 0.115909, 0.033439, -0.934436, -0.19119, -0.300458, -0.038346, 0.0, 0.0, 0.0, 1.0],
                [0.325381, -0.021665, -0.945335, 0.113307, 0.129026, -0.989369, 0.067084, 0.03344, -0.936739, -0.143801, -0.319127, -0.038345, 0.0, 0.0, 0.0, 1.0],
                [0.334757, 0.013058, -0.942214, 0.113308, 0.097375, -0.99503, 0.020807, 0.033439, -0.93726, -0.098714, -0.334365, -0.038345, 0.0, 0.0, 0.0, 1.0],
                [0.344282, 0.044478, -0.937812, 0.113308, 0.068646, -0.997396, -0.022103, 0.033439, -0.936354, -0.056768, -0.346439, -0.038346, 0.0, 0.0, 0.0, 1.0],
                [0.353573, 0.072285, -0.93261, 0.113307, 0.043156, -0.997208, -0.060931, 0.033439, -0.934411, -0.018704, -0.355706, -0.038345, 0.0, 0.0, 0.0, 1.0],
                [0.362263, 0.09625, -0.927093, 0.113308, 0.021142, -0.995246, -0.095064, 0.033439, -0.931836, 0.014837, -0.362576, -0.038345, 0.0, 0.0, 0.0, 1.0],
                [0.370006, 0.116205, -0.921733, 0.113307, 0.002789, -0.992281, -0.12398, 0.03344, -0.929025, 0.043302, -0.367474, -0.038346, 0.0, 0.0, 0.0, 1.0],
                [0.376486, 0.13202, -0.916967, 0.113308, -0.011754, -0.989033, -0.147222, 0.033439, -0.926348, 0.066205, -0.370806, -0.038345, 0.0, 0.0, 0.0, 1.0],
                [0.38142, 0.143565, -0.913186, 0.113308, -0.022344, -0.986146, -0.164368, 0.033439, -0.924132, 0.083098, -0.372928, -0.038345, 0.0, 0.0, 0.0, 1.0],
                [0.384558, 0.150688, -0.910719, 0.113308, -0.02882, -0.984145, -0.175006, 0.033439, -0.922651, 0.093547, -0.374118, -0.038345, 0.0, 0.0, 0.0, 1.0],
                [0.385685, 0.153175, -0.909826, 0.113308, -0.03097, -0.983417, -0.178693, 0.033439, -0.92211, 0.097096, -0.374546, -0.038346, 0.0, 0.0, 0.0, 1.0],
                [0.38574, 0.153231, -0.909794, 0.113308, -0.030852, -0.983417, -0.178712, 0.03344, -0.922092, 0.097005, -0.374616, -0.038346, 0.0, 0.0, 0.0, 1.0],
                [0.385784, 0.15324, -0.909774, 0.113308, -0.030701, -0.983431, -0.178665, 0.033439, -0.922078, 0.096857, -0.374688, -0.038345, 0.0, 0.0, 0.0, 1.0],
                [0.385818, 0.153204, -0.909765, 0.113308, -0.030516, -0.983456, -0.178556, 0.033439, -0.92207, 0.096653, -0.374761, -0.038346, 0.0, 0.0, 0.0, 1.0],
                [0.385843, 0.153126, -0.909768, 0.113308, -0.0303, -0.983494, -0.178386, 0.033439, -0.922067, 0.096395, -0.374835, -0.038345, 0.0, 0.0, 0.0, 1.0],
                [0.385859, 0.153007, -0.909781, 0.113308, -0.030054, -0.983543, -0.178158, 0.03344, -0.922068, 0.096086, -0.37491, -0.038346, 0.0, 0.0, 0.0, 1.0],
                [0.385866, 0.152848, -0.909805, 0.113308, -0.029778, -0.983602, -0.177876, 0.03344, -0.922074, 0.095729, -0.374987, -0.038346, 0.0, 0.0, 0.0, 1.0],
                [0.385864, 0.152652, -0.909838, 0.113308, -0.029475, -0.983672, -0.17754, 0.033439, -0.922085, 0.095324, -0.375065, -0.038346, 0.0, 0.0, 0.0, 1.0],
                [0.385855, 0.15242, -0.909881, 0.113307, -0.029146, -0.983751, -0.177154, 0.03344, -0.922099, 0.094875, -0.375144, -0.038346, 0.0, 0.0, 0.0, 1.0],
                [0.385839, 0.152154, -0.909933, 0.113307, -0.028792, -0.98384, -0.176721, 0.03344, -0.922117, 0.094384, -0.375223, -0.038345, 0.0, 0.0, 0.0, 1.0],
                [0.385815, 0.151856, -0.909993, 0.113308, -0.028414, -0.983936, -0.176242, 0.033439, -0.922139, 0.093853, -0.375303, -0.038345, 0.0, 0.0, 0.0, 1.0],
                [0.385785, 0.151527, -0.91006, 0.113307, -0.028013, -0.984041, -0.17572, 0.033439, -0.922163, 0.093284, -0.375384, -0.038345, 0.0, 0.0, 0.0, 1.0],
                [0.385749, 0.15117, -0.910135, 0.113308, -0.027592, -0.984153, -0.175158, 0.033439, -0.922191, 0.092679, -0.375465, -0.038346, 0.0, 0.0, 0.0, 1.0],
                [0.385706, 0.150786, -0.910217, 0.113307, -0.02715, -0.984272, -0.174559, 0.033439, -0.922222, 0.092041, -0.375546, -0.038346, 0.0, 0.0, 0.0, 1.0],
                [0.385659, 0.150377, -0.910304, 0.113308, -0.026691, -0.984397, -0.173924, 0.03344, -0.922255, 0.091372, -0.375628, -0.038346, 0.0, 0.0, 0.0, 1.0],
                [0.385606, 0.149944, -0.910398, 0.113308, -0.026213, -0.984528, -0.173256, 0.033439, -0.922291, 0.090673, -0.37571, -0.038345, 0.0, 0.0, 0.0, 1.0],
                [0.385549, 0.14949, -0.910497, 0.113308, -0.025721, -0.984663, -0.172558, 0.033439, -0.922329, 0.089948, -0.375791, -0.038345, 0.0, 0.0, 0.0, 1.0],
                [0.385489, 0.149016, -0.9106, 0.113307, -0.025213, -0.984803, -0.171832, 0.03344, -0.922368, 0.089198, -0.375874, -0.038346, 0.0, 0.0, 0.0, 1.0],
                [0.385424, 0.148524, -0.910708, 0.113308, -0.024692, -0.984947, -0.171081, 0.033439, -0.922409, 0.088426, -0.375955, -0.038346, 0.0, 0.0, 0.0, 1.0],
                [0.385356, 0.148015, -0.91082, 0.113308, -0.024159, -0.985095, -0.170307, 0.03344, -0.922452, 0.087634, -0.376036, -0.038345, 0.0, 0.0, 0.0, 1.0],
                [0.385285, 0.147493, -0.910934, 0.113308, -0.023616, -0.985245, -0.169513, 0.033439, -0.922495, 0.086823, -0.376117, -0.038345, 0.0, 0.0, 0.0, 1.0],
