{
    "animation": [
        {
            "name": "Root",
            "time": [0.0, 0.0167, 0.0333, 0.05, 0.0667, 0.0833, 0.1, 0.1167, 0.1333, 0.15, 0.1667, 0.1833, 0.2, 0.2167, 0.2333, 0.25, 0.2667, 0.2833, 0.3, 0.3167, 0.3333, 0.35, 0.3667, 0.3833, 0.4, 0.4167, 0.4333, 0.45, 0.4667, 0.4833, 0.5, 0.5167, 0.5333, 0.55, 0.5667, 0.5833, 0.6, 0.6167, 0.6333, 0.65, 0.6667, 0.6833, 0.7, 0.7167, 0.7333, 0.75, 0.7667, 0.7833, 0.8, 0.8167, 0.8333, 0.85, 0.8667, 0.8833, 0.9, 0.9167, 0.9333, 0.95, 0.9667, 0.9833, 1.0, 1.0167, 1.0333, 1.05, 1.0667, 1.0833, 1.1, 1.1167, 1.1333, 1.15, 1.1667, 1.1833, 1.2, 1.2167, 1.2333, 1.25, 1.2667, 1.2833, 1.3, 1.3167, 1.3333, 1.35, 1.3667, 1.3833, 1.4, 1.4167, 1.4333, 1.45, 1.4667, 1.4833, 1.5, 1.5167, 1.5333, 1.55, 1.5667, 1.5833, 1.6, 1.6167, 1.6333, 1.65, 1.6667, 1.6833, 1.7, 1.7167, 1.7333, 1.75, 1.7667, 1.7833, 1.8, 1.8167, 1.8333, 1.85, 1.8667, 1.8833, 1.9, 1.9167, 1.9333, 1.95, 1.9667, 1.9833, 2.0, 2.0167, 2.0333, 2.05, 2.0667, 2.0833, 2.1, 2.1167, 2.1333, 2.15, 2.1667, 2.1833, 2.2, 2.2167, 2.2333, 2.25, 2.2667, 2.2833, 2.3, 2.3167, 2.3333, 2.35, 2.3667, 2.3833, 2.4, 2.5667],
            "transform": [
                [0.808635, 0.002482, -0.588306, -5e-06, -0.583705, -0.121498, -0.802824, 0.000946, -0.073471, 0.992589, -0.096798, 0.694385, 0.0, 0.0, 0.0, 1.0],
                [0.822625, 0.002503, -0.56858, -5e-06, -0.564118, -0.121511, -0.816704, 0.017515, -0.071133, 0.992587, -0.098545, 0.694385, 0.0, 0.0, 0.0, 1.0],
                [0.860142, 0.002562, -0.510048, -5e-06, -0.506001, -0.121542, -0.853927, 0.064984, -0.06418, 0.992583, -0.103247, 0.694385, 0.0, 0.0, 0.0, 1.0],
                [0.911647, 0.002654, -0.410965, -5e-06, -0.407624, -0.121582, -0.90502, 0.139998, -0.052368, 0.992578, -0.109758, 0.694385, 0.0, 0.0, 0.0, 1.0],
                [0.963194, 0.002773, -0.268792, -5e-06, -0.266473, -0.121614, -0.956139, 0.239203, -0.035341, 0.992574, -0.116398, 0.694385, 0.0, 0.0, 0.0, 1.0],
                [0.996417, 0.00291, -0.084528, -5e-06, -0.083548, -0.121623, -0.989054, 0.359244, -0.013159, 0.992572, -0.120944, 0.694385, 0.0, 0.0, 0.0, 1.0],
                [0.991155, 0.003046, 0.132675, -5e-06, 0.132058, -0.121599, -0.983755, 0.496766, 0.013137, 0.992575, -0.120925, 0.694385, 0.0, 0.0, 0.0, 1.0],
                [0.931692, 0.003155, 0.363235, -5e-06, 0.360902, -0.121537, -0.924651, 0.648414, 0.04123, 0.992582, -0.114374, 0.694385, 0.0, 0.0, 0.0, 1.0],
                [0.814195, 0.003211, 0.580582, -5e-06, 0.576605, -0.121451, -0.807946, 0.810834, 0.067918, 0.992592, -0.100736, 0.694385, 0.0, 0.0, 0.0, 1.0],
                [0.64976, 0.003198, 0.760133, -5e-06, 0.75477, -0.121363, -0.644665, 0.98067, 0.090191, 0.992603, -0.081271, 0.694385, 0.0, 0.0, 0.0, 1.0],
                [0.459715, 0.003111, 0.888061, -5e-06, 0.881681, -0.121304, -0.455987, 1.154568, 0.106306, 0.992611, -0.058508, 0.694385, 0.0, 0.0, 0.0, 1.0],
                [0.266605, 0.002957, 0.963801, -5e-06, 0.956785, -0.121296, -0.264292, 1.329173, 0.116123, 0.992612, -0.035167, 0.694385, 0.0, 0.0, 0.0, 1.0],
                [0.087272, 0.002745, 0.996181, -5e-06, 0.988851, -0.121356, -0.086295, 1.501131, 0.120656, 0.992605, -0.013306, 0.694385, 0.0, 0.0, 0.0, 1.0],
                [-0.069112, 0.002482, 0.997606, -5e-06, 0.990198, -0.121498, 0.068901, 1.667086, 0.121378, 0.992589, 0.005939, 0.694385, 0.0, 0.0, 0.0, 1.0],
                [-0.205601, 0.002218, 0.978633, -5e-06, 0.971311, -0.121659, 0.204338, 1.823683, 0.119513, 0.992569, 0.022859, 0.694385, 0.0, 0.0, 0.0, 1.0],
                [-0.32916, 0.001993, 0.944272, -5e-06, 0.937166, -0.121776, 0.32694, 1.967569, 0.115642, 0.992556, 0.038216, 0.694385, 0.0, 0.0, 0.0, 1.0],
                [-0.44149, 0.001801, 0.897264, -5e-06, 0.890482, -0.121857, 0.438398, 2.095387, 0.110128, 0.992546, 0.052195, 0.694385, 0.0, 0.0, 0.0, 1.0],
                [-0.544039, 0.001638, 0.839059, -5e-06, 0.832693, -0.12191, 0.540149, 2.203784, 0.103174, 0.99254, 0.064959, 0.694385, 0.0, 0.0, 0.0, 1.0],
                [-0.637786, 0.001506, 0.770213, -5e-06, 0.764349, -0.12194, 0.633169, 2.290795, 0.094874, 0.992536, 0.076621, 0.694385, 0.0, 0.0, 0.0, 1.0],
                [-0.723128, 0.001409, 0.690712, -5e-06, 0.685433, -0.121954, 0.71785, 2.360028, 0.085247, 0.992535, 0.087223, 0.694385, 0.0, 0.0, 0.0, 1.0],
                [-0.799812, 0.001354, 0.600249, -5e-06, 0.595637, -0.121955, 0.793941, 2.416477, 0.074279, 0.992535, 0.096735, 0.694385, 0.0, 0.0, 0.0, 1.0],
                [-0.866893, 0.001351, 0.498493, -5e-06, 0.49463, -0.121944, 0.860506, 2.465142, 0.061951, 0.992536, 0.105044, 0.694385, 0.0, 0.0, 0.0, 1.0],
                [-0.922757, 0.00141, 0.385379, -5e-06, 0.382346, -0.121918, 0.915941, 2.511017, 0.048276, 0.992539, 0.111962, 0.694385, 0.0, 0.0, 0.0, 1.0],
                [-0.965223, 0.001543, 0.261423, -5e-06, 0.259293, -0.121873, 0.958079, 2.558336, 0.033339, 0.992545, 0.117234, 0.694385, 0.0, 0.0, 0.0, 1.0],
                [-0.991769, 0.001762, 0.128027, -5e-06, 0.126862, -0.121797, 0.984414, 2.608273, 0.017328, 0.992553, 0.120571, 0.694385, 0.0, 0.0, 0.0, 1.0],
                [-0.999922, 0.002074, -0.012282, -5e-06, -0.012443, -0.121678, 0.992492, 2.661234, 0.000564, 0.992567, 0.121694, 0.694385, 0.0, 0.0, 0.0, 1.0],
                [-0.987786, 0.002482, -0.155796, -5e-06, -0.15494, -0.121498, 0.980424, 2.717629, -0.016495, 0.992589, 0.120399, 0.694385, 0.0, 0.0, 0.0, 1.0],
                [-0.953896, 0.003069, -0.300122, -5e-06, -0.29825, -0.121647, 0.946704, 2.777866, -0.033604, 0.992569, 0.116953, 0.694385, 0.0, 0.0, 0.0, 1.0],
                [-0.895341, 0.004014, -0.445363, -5e-06, -0.442456, -0.12242, 0.888395, 2.842353, -0.050955, 0.99247, 0.111384, 0.694385, 0.0, 0.0, 0.0, 1.0],
                [-0.808256, 0.005464, -0.588806, -5e-06, -0.584842, -0.123659, 0.801666, 2.911499, -0.068431, 0.99231, 0.103143, 0.694385, 0.0, 0.0, 0.0, 1.0],
                [-0.68896, 0.007548, -0.72476, -5e-06, -0.719731, -0.125175, 0.682876, 2.985712, -0.085567, 0.992106, 0.091673, 0.694385, 0.0, 0.0, 0.0, 1.0],
                [-0.53561, 0.010359, -0.844402, -5e-06, -0.838341, -0.126731, 0.530211, 3.0654, -0.101519, 0.991883, 0.076563, 0.694385, 0.0, 0.0, 0.0, 1.0],
                [-0.350242, 0.013912, -0.936556, -5e-06, -0.929559, -0.128044, 0.345723, 3.150971, -0.115111, 0.991671, 0.057778, 0.694385, 0.0, 0.0, 0.0, 1.0],
                [-0.140517, 0.018099, -0.989913, -5e-06, -0.982151, -0.128819, 0.13706, 3.242835, -0.125039, 0.991503, 0.035877, 0.694385, 0.0, 0.0, 0.0, 1.0],
                [0.080052, 0.022676, -0.996533, -5e-06, -0.988246, -0.128816, -0.082318, 3.341399, -0.130236, 0.991409, 0.012097, 0.694385, 0.0, 0.0, 0.0, 1.0],
                [0.294391, 0.0273, -0.955295, -5e-06, -0.946764, -0.12793, -0.295418, 3.447071, -0.130276, 0.991407, -0.011815, 0.694385, 0.0, 0.0, 0.0, 1.0],
                [0.486199, 0.031609, -0.873276, -5e-06, -0.864775, -0.126232, -0.486035, 3.55999, -0.125598, 0.991497, -0.034039, 0.694385, 0.0, 0.0, 0.0, 1.0],
                [0.644262, 0.035325, -0.763989, -5e-06, -0.755739, -0.123948, -0.643036, 3.679215, -0.11741, 0.99166, -0.053159, 0.694385, 0.0, 0.0, 0.0, 1.0],
                [0.764492, 0.038302, -0.643494, -5e-06, -0.635638, -0.121386, -0.762384, 3.803533, -0.107312, 0.991866, -0.068452, 0.694385, 0.0, 0.0, 0.0, 1.0],
                [0.849139, 0.040533, -0.526612, -5e-06, -0.519205, -0.118856, -0.846345, 3.931732, -0.096896, 0.992084, -0.07988, 0.694385, 0.0, 0.0, 0.0, 1.0],
                [0.904293, 0.0421, -0.424832, -5e-06, -0.417855, -0.116615, -0.900998, 4.0626, -0.087474, 0.992284, -0.087863, 0.694385, 0.0, 0.0, 0.0, 1.0],
                [0.9372, 0.043119, -0.346117, -5e-06, -0.339492, -0.114857, -0.93357, 4.194926, -0.080009, 0.992446, -0.093005, 0.694385, 0.0, 0.0, 0.0, 1.0],
                [0.954228, 0.043696, -0.295869, -5e-06, -0.289476, -0.113722, -0.950406, 4.327498, -0.075176, 0.992551, -0.095868, 0.694385, 0.0, 0.0, 0.0, 1.0],
                [0.959507, 0.043887, -0.278245, -5e-06, -0.271934, -0.113322, -0.95562, 4.459104, -0.073471, 0.992589, -0.096798, 0.694385, 0.0, 0.0, 0.0, 1.0],
                [0.959488, 0.043887, -0.278309, -5e-06, -0.271999, -0.113324, -0.955602, 4.588531, -0.073478, 0.992588, -0.096796, 0.694385, 0.0, 0.0, 0.0, 1.0],
                [0.959433, 0.043886, -0.278501, -5e-06, -0.272189, -0.11333, -0.955547, 4.714569, -0.073498, 0.992588, -0.096787, 0.694385, 0.0, 0.0, 0.0, 1.0],
                [0.959342, 0.043885, -0.278814, -5e-06, -0.2725, -0.113339, -0.955457, 4.836005, -0.073531, 0.992587, -0.096773, 0.694385, 0.0, 0.0, 0.0, 1.0],
                [0.959216, 0.043883, -0.279245, -5e-06, -0.272929, -0.113353, -0.955333, 4.951627, -0.073576, 0.992585, -0.096753, 0.694385, 0.0, 0.0, 0.0, 1.0],
                [0.959058, 0.043881, -0.279791, -5e-06, -0.273471, -0.113369, -0.955176, 5.060223, -0.073633, 0.992583, -0.096728, 0.694385, 0.0, 0.0, 0.0, 1.0],
                [0.958867, 0.043878, -0.280445, -5e-06, -0.274122, -0.113389, -0.954987, 5.160582, -0.073702, 0.992581, -0.096697, 0.694385, 0.0, 0.0, 0.0, 1.0],
                [0.958644, 0.043874, -0.281205, -5e-06, -0.274877, -0.113411, -0.954767, 5.251492, -0.073782, 0.992579, -0.096661, 0.694385, 0.0, 0.0, 0.0, 1.0],
                [0.958391, 0.043871, -0.282066, -5e-06, -0.275733, -0.113437, -0.954517, 5.33174, -0.073872, 0.992576, -0.09662, 0.694385, 0.0, 0.0, 0.0, 1.0],
                [0.958109, 0.043867, -0.283023, -5e-06, -0.276685, -0.113465, -0.954239, 5.400115, -0.073972, 0.992573, -0.096574, 0.694385, 0.0, 0.0, 0.0, 1.0],
                [0.957799, 0.043862, -0.284073, -5e-06, -0.277729, -0.113495, -0.953932, 5.455406, -0.074082, 0.99257, -0.096523, 0.694385, 0.0, 0.0, 0.0, 1.0],
                [0.957461, 0.043857, -0.285211, -5e-06, -0.27886, -0.113527, -0.953598, 5.4964, -0.074201, 0.992566, -0.096468, 0.694385, 0.0, 0.0, 0.0, 1.0],
                [0.957096, 0.043852, -0.286432, -5e-06, -0.280074, -0.113561, -0.953238, 5.521884, -0.074329, 0.992563, -0.096407, 0.694385, 0.0, 0.0, 0.0, 1.0],
                [0.956706, 0.043846, -0.287733, -5e-06, -0.281368, -0.113597, -0.952852, 5.530649, -0.074465, 0.992559, -0.096342, 0.694385, 0.0, 0.0, 0.0, 1.0],
                [0.956292, 0.043841, -0.289109, -5e-06, -0.282736, -0.113635, -0.952443, 5.530649, -0.074608, 0.992555, -0.096272, 0.694385, 0.0, 0.0, 0.0, 1.0],
                [0.955853, 0.043834, -0.290556, -5e-06, -0.284175, -0.113673, -0.95201, 5.530649, -0.074759, 0.992551, -0.096198, 0.694385, 0.0, 0.0, 0.0, 1.0],
                [0.955392, 0.043828, -0.29207, -5e-06, -0.28568, -0.113713, -0.951555, 5.530649, -0.074917, 0.992546, -0.09612, 0.694385, 0.0, 0.0, 0.0, 1.0],
                [0.954909, 0.043822, -0.293646, -5e-06, -0.287247, -0.113754, -0.951078, 5.530649, -0.075081, 0.992542, -0.096037, 0.694385, 0.0, 0.0, 0.0, 1.0],
                [0.954406, 0.043815, -0.295279, -5e-06, -0.288872, -0.113796, -0.950581, 5.530649, -0.075251, 0.992538, -0.09595, 0.694385, 0.0, 0.0, 0.0, 1.0],
                [0.953882, 0.043808, -0.296967, -5e-06, -0.29055, -0.113838, -0.950064, 5.530649, -0.075426, 0.992533, -0.095859, 0.694385, 0.0, 0.0, 0.0, 1.0],
                [0.95334, 0.043801, -0.298703, -5e-06, -0.292277, -0.11388, -0.949529, 5.530649, -0.075607, 0.992528, -0.095764, 0.694385, 0.0, 0.0, 0.0, 1.0],
                [0.952781, 0.043794, -0.300485, -5e-06, -0.294049, -0.113922, -0.948977, 5.530649, -0.075791, 0.992524, -0.095666, 0.694385, 0.0, 0.0, 0.0, 1.0],
                [0.952204, 0.043787, -0.302308, -5e-06, -0.295862, -0.113965, -0.948408, 5.530649, -0.07598, 0.992519, -0.095563, 0.694385, 0.0, 0.0, 0.0, 1.0],
                [0.951612, 0.043779, -0.304167, -5e-06, -0.297711, -0.114007, -0.947824, 5.530649, -0.076172, 0.992515, -0.095457, 0.694385, 0.0, 0.0, 0.0, 1.0],
                [0.951006, 0.043772, -0.306058, -5e-06, -0.299593, -0.114049, -0.947226, 5.530649, -0.076367, 0.99251, -0.095347, 0.694385, 0.0, 0.0, 0.0, 1.0],
                [0.950386, 0.043765, -0.307978, -5e-06, -0.301502, -0.11409, -0.946615, 5.530649, -0.076565, 0.992506, -0.095234, 0.694385, 0.0, 0.0, 0.0, 1.0],
                [0.949755, 0.043757, -0.309921, -5e-06, -0.303435, -0.11413, -0.945992, 5.530649, -0.076765, 0.992502, -0.095118, 0.694385, 0.0, 0.0, 0.0, 1.0],
                [0.949112, 0.04375, -0.311884, -5e-06, -0.305388, -0.114169, -0.945359, 5.530649, -0.076967, 0.992498, -0.094998, 0.694385, 0.0, 0.0, 0.0, 1.0],
                [0.94846, 0.043743, -0.313863, -5e-06, -0.307356, -0.114206, -0.944716, 5.530649, -0.07717, 0.992494, -0.094875, 0.694385, 0.0, 0.0, 0.0, 1.0],
                [0.9478, 0.043736, -0.315852, -5e-06, -0.309336, -0.114243, -0.944066, 5.530649, -0.077374, 0.99249, -0.09475, 0.694385, 0.0, 0.0, 0.0, 1.0],
                [0.947133, 0.043729, -0.317848, -5e-06, -0.311322, -0.114277, -0.943408, 5.530649, -0.077578, 0.992486, -0.094622, 0.694385, 0.0, 0.0, 0.0, 1.0],
                [0.94646, 0.043723, -0.319847, -5e-06, -0.313311, -0.11431, -0.942746, 5.530649, -0.077781, 0.992483, -0.094491, 0.694385, 0.0, 0.0, 0.0, 1.0],
                [0.945783, 0.043717, -0.321845, -5e-06, -0.315299, -0.114341, -0.942079, 5.530649, -0.077984, 0.992479, -0.094357, 0.694385, 0.0, 0.0, 0.0, 1.0],
                [0.945103, 0.043711, -0.323837, -5e-06, -0.317282, -0.114369, -0.94141, 5.530649, -0.078187, 0.992476, -0.094222, 0.694385, 0.0, 0.0, 0.0, 1.0],
                [0.944421, 0.043705, -0.325819, -5e-06, -0.319255, -0.114395, -0.940739, 5.530649, -0.078387, 0.992474, -0.094084, 0.694385, 0.0, 0.0, 0.0, 1.0],
                [0.94374, 0.0437, -0.327787, -5e-06, -0.321214, -0.114418, -0.940069, 5.530649, -0.078586, 0.992471, -0.093944, 0.694385, 0.0, 0.0, 0.0, 1.0],
                [0.943061, 0.043695, -0.329737, -5e-06, -0.323155, -0.114438, -0.939401, 5.530649, -0.078782, 0.992469, -0.093802, 0.694385, 0.0, 0.0, 0.0, 1.0],
                [0.942385, 0.043691, -0.331665, -5e-06, -0.325075, -0.114456, -0.938737, 5.530649, -0.078976, 0.992467, -0.093658, 0.694385, 0.0, 0.0, 0.0, 1.0],
                [0.941714, 0.043688, -0.333567, -5e-06, -0.326968, -0.11447, -0.938077, 5.530649, -0.079166, 0.992466, -0.093513, 0.694385, 0.0, 0.0, 0.0, 1.0],
                [0.941049, 0.043685, -0.335438, -5e-06, -0.328832, -0.11448, -0.937424, 5.530649, -0.079352, 0.992465, -0.093367, 0.694385, 0.0, 0.0, 0.0, 1.0],
                [0.940392, 0.043682, -0.337275, -5e-06, -0.330661, -0.114487, -0.936779, 5.530649, -0.079534, 0.992464, -0.093219, 0.694385, 0.0, 0.0, 0.0, 1.0],
                [0.939745, 0.043681, -0.339073, -5e-06, -0.332452, -0.114491, -0.936145, 5.530649, -0.079712, 0.992464, -0.09307, 0.694385, 0.0, 0.0, 0.0, 1.0],
                [0.93911, 0.04368, -0.340829, -5e-06, -0.334202, -0.11449, -0.935522, 5.530649, -0.079885, 0.992464, -0.092921, 0.694385, 0.0, 0.0, 0.0, 1.0],
                [0.938488, 0.043679, -0.342538, -5e-06, -0.335905, -0.114485, -0.934913, 5.530649, -0.080052, 0.992464, -0.09277, 0.694385, 0.0, 0.0, 0.0, 1.0],
                [0.937881, 0.04368, -0.344196, -5e-06, -0.337557, -0.114475, -0.934318, 5.530649, -0.080213, 0.992465, -0.092619, 0.694385, 0.0, 0.0, 0.0, 1.0],
                [0.937291, 0.043682, -0.3458, -5e-06, -0.339156, -0.114461, -0.933741, 5.530649, -0.080368, 0.992467, -0.092468, 0.694385, 0.0, 0.0, 0.0, 1.0],
                [0.936719, 0.043684, -0.347345, -5e-06, -0.340696, -0.114442, -0.933182, 5.530649, -0.080516, 0.992469, -0.092317, 0.694385, 0.0, 0.0, 0.0, 1.0],
                [0.936168, 0.043688, -0.348827, -5e-06, -0.342175, -0.114418, -0.932644, 5.530649, -0.080657, 0.992472, -0.092166, 0.694385, 0.0, 0.0, 0.0, 1.0],
                [0.935639, 0.043692, -0.350243, -5e-06, -0.343587, -0.114389, -0.932128, 5.530649, -0.08079, 0.992475, -0.092014, 0.694385, 0.0, 0.0, 0.0, 1.0],
                [0.935135, 0.043698, -0.351587, -5e-06, -0.344929, -0.114354, -0.931637, 5.530649, -0.080916, 0.992479, -0.091864, 0.694385, 0.0, 0.0, 0.0, 1.0],
                [0.934656, 0.043704, -0.352857, -5e-06, -0.346197, -0.114314, -0.931171, 5.530649, -0.081033, 0.992483, -0.091714, 0.694385, 0.0, 0.0, 0.0, 1.0],
                [0.934205, 0.043712, -0.354049, -5e-06, -0.347386, -0.114268, -0.930734, 5.530649, -0.081141, 0.992488, -0.091564, 0.694385, 0.0, 0.0, 0.0, 1.0],
                [0.933784, 0.043721, -0.355157, -5e-06, -0.348494, -0.114216, -0.930326, 5.530649, -0.08124, 0.992493, -0.091416, 0.694385, 0.0, 0.0, 0.0, 1.0],
                [0.933394, 0.043732, -0.356179, -5e-06, -0.349516, -0.114157, -0.92995, 5.530649, -0.081329, 0.9925, -0.091269, 0.694385, 0.0, 0.0, 0.0, 1.0],
                [0.933038, 0.043743, -0.35711, -5e-06, -0.350448, -0.114093, -0.929607, 5.530649, -0.081408, 0.992507, -0.091123, 0.694385, 0.0, 0.0, 0.0, 1.0],
                [0.932716, 0.043756, -0.357946, -5e-06, -0.351286, -0.114022, -0.929299, 5.530649, -0.081476, 0.992514, -0.090979, 0.694385, 0.0, 0.0, 0.0, 1.0],
                [0.932432, 0.043771, -0.358684, -5e-06, -0.352026, -0.113944, -0.929029, 5.530649, -0.081534, 0.992523, -0.090836, 0.694385, 0.0, 0.0, 0.0, 1.0],
                [0.932187, 0.043786, -0.359319, -5e-06, -0.352664, -0.113859, -0.928797, 5.530649, -0.08158, 0.992532, -0.090696, 0.694385, 0.0, 0.0, 0.0, 1.0],
                [0.931982, 0.043804, -0.359847, -5e-06, -0.353196, -0.113766, -0.928606, 5.530649, -0.081615, 0.992541, -0.090557, 0.694385, 0.0, 0.0, 0.0, 1.0],
                [0.93182, 0.043822, -0.360265, -5e-06, -0.353619, -0.113667, -0.928458, 5.530649, -0.081637, 0.992552, -0.090421, 0.694385, 0.0, 0.0, 0.0, 1.0],
                [0.931702, 0.043843, -0.360568, -5e-06, -0.353928, -0.11356, -0.928353, 5.530649, -0.081647, 0.992563, -0.090287, 0.694385, 0.0, 0.0, 0.0, 1.0],
                [0.93163, 0.043864, -0.360751, -5e-06, -0.354118, -0.113445, -0.928294, 5.530649, -0.081644, 0.992576, -0.090155, 0.694385, 0.0, 0.0, 0.0, 1.0],
                [0.931605, 0.043887, -0.360813, -5e-06, -0.354187, -0.113322, -0.928283, 5.530649, -0.081628, 0.992589, -0.090027, 0.694385, 0.0, 0.0, 0.0, 1.0],
                [0.931852, 0.043861, -0.360177, -5e-06, -0.35358, -0.113038, -0.928549, 5.529111, -0.081441, 0.992622, -0.089826, 0.694385, 0.0, 0.0, 0.0, 1.0],
                [0.932575, 0.043736, -0.358316, -5e-06, -0.351785, -0.112452, -0.929302, 5.524604, -0.080938, 0.992694, -0.089484, 0.694385, 0.0, 0.0, 0.0, 1.0],
                [0.933741, 0.043517, -0.355294, -5e-06, -0.348864, -0.11158, -0.930507, 5.517289, -0.080136, 0.992802, -0.089006, 0.694385, 0.0, 0.0, 0.0, 1.0],
                [0.935314, 0.043204, -0.351171, -5e-06, -0.344874, -0.11044, -0.932129, 5.507325, -0.079055, 0.992943, -0.088396, 0.694385, 0.0, 0.0, 0.0, 1.0],
                [0.937255, 0.042801, -0.346008, -5e-06, -0.339874, -0.109048, -0.934128, 5.494874, -0.077713, 0.993115, -0.087659, 0.694385, 0.0, 0.0, 0.0, 1.0],
                [0.939523, 0.042307, -0.339864, -5e-06, -0.333919, -0.107423, -0.936461, 5.480096, -0.076128, 0.993313, -0.086799, 0.694385, 0.0, 0.0, 0.0, 1.0],
                [0.942074, 0.041725, -0.332798, -5e-06, -0.327066, -0.105581, -0.939085, 5.463152, -0.07432, 0.993535, -0.085818, 0.694385, 0.0, 0.0, 0.0, 1.0],
                [0.944867, 0.041053, -0.324871, -5e-06, -0.319371, -0.10354, -0.941956, 5.444201, -0.072308, 0.993778, -0.08472, 0.694385, 0.0, 0.0, 0.0, 1.0],
                [0.947856, 0.040294, -0.31614, -5e-06, -0.31089, -0.101319, -0.94503, 5.423406, -0.07011, 0.994038, -0.083508, 0.694385, 0.0, 0.0, 0.0, 1.0],
                [0.950999, 0.039448, -0.306668, -5e-06, -0.301681, -0.098934, -0.948262, 5.400924, -0.067747, 0.994312, -0.082186, 0.694385, 0.0, 0.0, 0.0, 1.0],
                [0.954251, 0.038516, -0.296514, -5e-06, -0.291802, -0.096406, -0.951608, 5.376919, -0.065238, 0.994597, -0.080756, 0.694385, 0.0, 0.0, 0.0, 1.0],
                [0.957572, 0.037499, -0.285743, -5e-06, -0.281312, -0.09375, -0.955026, 5.351549, -0.062601, 0.994889, -0.079223, 0.694385, 0.0, 0.0, 0.0, 1.0],
                [0.960921, 0.0364, -0.274418, -5e-06, -0.270273, -0.090986, -0.958475, 5.324975, -0.059857, 0.995187, -0.077593, 0.694385, 0.0, 0.0, 0.0, 1.0],
                [0.964261, 0.035222, -0.262604, -5e-06, -0.258746, -0.088132, -0.961916, 5.297359, -0.057025, 0.995486, -0.075869, 0.694385, 0.0, 0.0, 0.0, 1.0],
                [0.967555, 0.033968, -0.250368, -5e-06, -0.246796, -0.085206, -0.965314, 5.268859, -0.054123, 0.995784, -0.074058, 0.694385, 0.0, 0.0, 0.0, 1.0],
                [0.970771, 0.032642, -0.237778, -5e-06, -0.23449, -0.082225, -0.968635, 5.239638, -0.05117, 0.996079, -0.072168, 0.694385, 0.0, 0.0, 0.0, 1.0],
                [0.97388, 0.03125, -0.224904, -5e-06, -0.221893, -0.079209, -0.971848, 5.209855, -0.048185, 0.996368, -0.070205, 0.694385, 0.0, 0.0, 0.0, 1.0],
                [0.976855, 0.029798, -0.211817, -5e-06, -0.209076, -0.076173, -0.974928, 5.17967, -0.045185, 0.996649, -0.06818, 0.694385, 0.0, 0.0, 0.0, 1.0],
                [0.979675, 0.028292, -0.198589, -5e-06, -0.196107, -0.073135, -0.977851, 5.149246, -0.042189, 0.996921, -0.066101, 0.694385, 0.0, 0.0, 0.0, 1.0],
                [0.98232, 0.02674, -0.185292, -5e-06, -0.183059, -0.070113, -0.980599, 5.11874, -0.039212, 0.997181, -0.063978, 0.694385, 0.0, 0.0, 0.0, 1.0],
                [0.984776, 0.025151, -0.172001, -5e-06, -0.170004, -0.067122, -0.983155, 5.088315, -0.036272, 0.997428, -0.061825, 0.694385, 0.0, 0.0, 0.0, 1.0],
                [0.987032, 0.023535, -0.15879, -5e-06, -0.157015, -0.064179, -0.985509, 5.058131, -0.033385, 0.997661, -0.059651, 0.694385, 0.0, 0.0, 0.0, 1.0],
                [0.989081, 0.021901, -0.145734, -5e-06, -0.144166, -0.061299, -0.987653, 5.028348, -0.030564, 0.997879, -0.057472, 0.694385, 0.0, 0.0, 0.0, 1.0],
                [0.990921, 0.020262, -0.132907, -5e-06, -0.131532, -0.058497, -0.989585, 4.999126, -0.027826, 0.998082, -0.055301, 0.694385, 0.0, 0.0, 0.0, 1.0],
                [0.992553, 0.018629, -0.120385, -5e-06, -0.119186, -0.055787, -0.991303, 4.970627, -0.025183, 0.998269, -0.053151, 0.694385, 0.0, 0.0, 0.0, 1.0],
                [0.993979, 0.017015, -0.108241, -5e-06, -0.107204, -0.053184, -0.992814, 4.94301, -0.022649, 0.99844, -0.051039, 0.694385, 0.0, 0.0, 0.0, 1.0],
                [0.995208, 0.015432, -0.096551, -5e-06, -0.095659, -0.0507, -0.994122, 4.916437, -0.020237, 0.998595, -0.048981, 0.694385, 0.0, 0.0, 0.0, 1.0],
                [0.996251, 0.013895, -0.085387, -5e-06, -0.084626, -0.048348, -0.995239, 4.891068, -0.017957, 0.998734, -0.046991, 0.694385, 0.0, 0.0, 0.0, 1.0],
                [0.997119, 0.012417, -0.074824, -5e-06, -0.074178, -0.046141, -0.996177, 4.867062, -0.015822, 0.998858, -0.045087, 0.694385, 0.0, 0.0, 0.0, 1.0],
                [0.997829, 0.011012, -0.064932, -5e-06, -0.064388, -0.044091, -0.99695, 4.84458, -0.013842, 0.998967, -0.043286, 0.694385, 0.0, 0.0, 0.0, 1.0],
                [0.998396, 0.009696, -0.055785, -5e-06, -0.055329, -0.042209, -0.997576, 4.823784, -0.012027, 0.999062, -0.041605, 0.694385, 0.0, 0.0, 0.0, 1.0],
                [0.998837, 0.008482, -0.047452, -5e-06, -0.047072, -0.040506, -0.99807, 4.804834, -0.010388, 0.999143, -0.04006, 0.694385, 0.0, 0.0, 0.0, 1.0],
                [0.999172, 0.007385, -0.040005, -5e-06, -0.039688, -0.038993, -0.998451, 4.787889, -0.008933, 0.999212, -0.038668, 0.694385, 0.0, 0.0, 0.0, 1.0],
                [0.999418, 0.00642, -0.033513, -5e-06, -0.033249, -0.037682, -0.998737, 4.773112, -0.007675, 0.999269, -0.037447, 0.694385, 0.0, 0.0, 0.0, 1.0],
                [0.999591, 0.0056, -0.028047, -5e-06, -0.027823, -0.036583, -0.998943, 4.760661, -0.00662, 0.999315, -0.036412, 0.694385, 0.0, 0.0, 0.0, 1.0],
                [0.999708, 0.004941, -0.023674, -5e-06, -0.023483, -0.035708, -0.999086, 4.750698, -0.005781, 0.99935, -0.035581, 0.694385, 0.0, 0.0, 0.0, 1.0],
                [0.999781, 0.004454, -0.020464, -5e-06, -0.020296, -0.035067, -0.999179, 4.743382, -0.005168, 0.999375, -0.034969, 0.694385, 0.0, 0.0, 0.0, 1.0],
                [0.99982, 0.004153, -0.018487, -5e-06, -0.018333, -0.034673, -0.999231, 4.738875, -0.004791, 0.99939, -0.034591, 0.694385, 0.0, 0.0, 0.0, 1.0],
                [0.999833, 0.00405, -0.017813, -5e-06, -0.017663, -0.034539, -0.999247, 4.737337, -0.004663, 0.999395, -0.034462, 0.694385, 0.0, 0.0, 0.0, 1.0],
                [0.999833, 0.00405, -0.017813, -5e-06, -0.017663, -0.034539, -0.999247, 4.737337, -0.004663, 0.999395, -0.034462, 0.694385, 0.0, 0.0, 0.0, 1.0]
            ]
        },
        {
            "name": "Thigh_R",
            "time": [0.0, 0.0167, 0.0333, 0.05, 0.0667, 0.0833, 0.1, 0.1167, 0.1333, 0.15, 0.1667, 0.1833, 0.2, 0.2167, 0.2333, 0.25, 0.2667, 0.2833, 0.3, 0.3167, 0.3333, 0.35, 0.3667, 0.3833, 0.4, 0.4167, 0.4333, 0.45, 0.4667, 0.4833, 0.5, 0.5167, 0.5333, 0.55, 0.5667, 0.5833, 0.6, 0.6167, 0.6333, 0.65, 0.6667, 0.6833, 0.7, 0.7167, 0.7333, 0.75, 0.7667, 0.7833, 0.8, 0.8167, 0.8333, 0.85, 0.8667, 0.8833, 0.9, 0.9167, 0.9333, 0.95, 0.9667, 0.9833, 1.0, 1.0167, 1.0333, 1.05, 1.0667, 1.0833, 1.1, 1.1167, 1.1333, 1.15, 1.1667, 1.1833, 1.2, 1.2167, 1.2333, 1.25, 1.2667, 1.2833, 1.3, 1.3167, 1.3333, 1.35, 1.3667, 1.3833, 1.4, 1.4167, 1.4333, 1.45, 1.4667, 1.4833, 1.5, 1.5167, 1.5333, 1.55, 1.5667, 1.5833, 1.6, 1.6167, 1.6333, 1.65, 1.6667, 1.6833, 1.7, 1.7167, 1.7333, 1.75, 1.7667, 1.7833, 1.8, 1.8167, 1.8333, 1.85, 1.8667, 1.8833, 1.9, 1.9167, 1.9333, 1.95, 1.9667, 1.9833, 2.0, 2.0167, 2.0333, 2.05, 2.0667, 2.0833, 2.1, 2.1167, 2.1333, 2.15, 2.1667, 2.1833, 2.2, 2.2167, 2.2333, 2.25, 2.2667, 2.2833, 2.3, 2.3167, 2.3333, 2.35, 2.3667, 2.3833, 2.4, 2.5667],
            "transform": [
                [0.592873, -0.302747, -0.746221, 0.113308, 0.54456, -0.531932, 0.648462, 0.03344, -0.593259, -0.790818, -0.150504, -0.038345, 0.0, 0.0, 0.0, 1.0],
                [0.592873, -0.302747, -0.746221, 0.113308, 0.54456, -0.531932, 0.648462, 0.03344, -0.593259, -0.790818, -0.150504, -0.038345, 0.0, 0.0, 0.0, 1.0],
                [0.592873, -0.302747, -0.746221, 0.113308, 0.54456, -0.531932, 0.648462, 0.033439, -0.593259, -0.790818, -0.150504, -0.038345, 0.0, 0.0, 0.0, 1.0],
                [0.592873, -0.302747, -0.746221, 0.113308, 0.54456, -0.531932, 0.648462, 0.03344, -0.593259, -0.790818, -0.150504, -0.038345, 0.0, 0.0, 0.0, 1.0],
                [0.592873, -0.302747, -0.746221, 0.113308, 0.54456, -0.531932, 0.648462, 0.03344, -0.593259, -0.790818, -0.150504, -0.038345, 0.0, 0.0, 0.0, 1.0],
                [0.592873, -0.302747, -0.746221, 0.113308, 0.54456, -0.531932, 0.648462, 0.03344, -0.593259, -0.790818, -0.150504, -0.038345, 0.0, 0.0, 0.0, 1.0],
                [0.592873, -0.302747, -0.746221, 0.113308, 0.54456, -0.531932, 0.648462, 0.03344, -0.593259, -0.790818, -0.150504, -0.038345, 0.0, 0.0, 0.0, 1.0],
                [0.592873, -0.302747, -0.746221, 0.113308, 0.54456, -0.531932, 0.648462, 0.03344, -0.593259, -0.790818, -0.150504, -0.038345, 0.0, 0.0, 0.0, 1.0],
                [0.592873, -0.302747, -0.746221, 0.113308, 0.54456, -0.531932, 0.648462, 0.03344, -0.593259, -0.790818, -0.150504, -0.038345, 0.0, 0.0, 0.0, 1.0],
                [0.592873, -0.302747, -0.746221, 0.113308, 0.54456, -0.531932, 0.648462, 0.03344, -0.593259, -0.790818, -0.150504, -0.038345, 0.0, 0.0, 0.0, 1.0],
                [0.592873, -0.302747, -0.746221, 0.113308, 0.54456, -0.531932, 0.648462, 0.03344, -0.593259, -0.790818, -0.150504, -0.038345, 0.0, 0.0, 0.0, 1.0],
                [0.592873, -0.302747, -0.746221, 0.113308, 0.54456, -0.531932, 0.648462, 0.03344, -0.593259, -0.790818, -0.150504, -0.038345, 0.0, 0.0, 0.0, 1.0],
                [0.592873, -0.302747, -0.746221, 0.113308, 0.54456, -0.531932, 0.648462, 0.033439, -0.593259, -0.790818, -0.150504, -0.038345, 0.0, 0.0, 0.0, 1.0],
                [0.592873, -0.302747, -0.746221, 0.113308, 0.54456, -0.531932, 0.648462, 0.03344, -0.593259, -0.790818, -0.150504, -0.038345, 0.0, 0.0, 0.0, 1.0],
                [0.592873, -0.302747, -0.746221, 0.113308, 0.54456, -0.531932, 0.648462, 0.03344, -0.593259, -0.790818, -0.150504, -0.038345, 0.0, 0.0, 0.0, 1.0],
                [0.592873, -0.302747, -0.746221, 0.113307, 0.54456, -0.531932, 0.648462, 0.03344, -0.593259, -0.790818, -0.150504, -0.038345, 0.0, 0.0, 0.0, 1.0],
                [0.592873, -0.302747, -0.746221, 0.113308, 0.54456, -0.531932, 0.648462, 0.03344, -0.593259, -0.790818, -0.150504, -0.038345, 0.0, 0.0, 0.0, 1.0],
                [0.592873, -0.302747, -0.746221, 0.113308, 0.54456, -0.531932, 0.648462, 0.03344, -0.593259, -0.790818, -0.150504, -0.038345, 0.0, 0.0, 0.0, 1.0],
                [0.592873, -0.302747, -0.746221, 0.113308, 0.54456, -0.531932, 0.648462, 0.03344, -0.593259, -0.790818, -0.150504, -0.038346, 0.0, 0.0, 0.0, 1.0],
                [0.592873, -0.302747, -0.746221, 0.113308, 0.54456, -0.531932, 0.648462, 0.033439, -0.593259, -0.790818, -0.150504, -0.038345, 0.0, 0.0, 0.0, 1.0],
                [0.592873, -0.302747, -0.746221, 0.113308, 0.54456, -0.531932, 0.648462, 0.03344, -0.593259, -0.790818, -0.150504, -0.038345, 0.0, 0.0, 0.0, 1.0],
                [0.592873, -0.302747, -0.746221, 0.113308, 0.54456, -0.531932, 0.648462, 0.03344, -0.593259, -0.790818, -0.150504, -0.038345, 0.0, 0.0, 0.0, 1.0],
                [0.592873, -0.302747, -0.746221, 0.113308, 0.54456, -0.531932, 0.648462, 0.03344, -0.593259, -0.790818, -0.150504, -0.038346, 0.0, 0.0, 0.0, 1.0],
                [0.592873, -0.302747, -0.746221, 0.113308, 0.54456, -0.531932, 0.648462, 0.03344, -0.593259, -0.790818, -0.150504, -0.038345, 0.0, 0.0, 0.0, 1.0],
                [0.592873, -0.302747, -0.746221, 0.113308, 0.54456, -0.531932, 0.648462, 0.03344, -0.593259, -0.790818, -0.150504, -0.038346, 0.0, 0.0, 0.0, 1.0],
                [0.592873, -0.302747, -0.746221, 0.113308, 0.54456, -0.531932, 0.648462, 0.03344, -0.593259, -0.790818, -0.150504, -0.038345, 0.0, 0.0, 0.0, 1.0],
                [0.592873, -0.302747, -0.746221, 0.113308, 0.54456, -0.531932, 0.648462, 0.03344, -0.593259, -0.790818, -0.150504, -0.038345, 0.0, 0.0, 0.0, 1.0],
                [0.592873, -0.302747, -0.746221, 0.113308, 0.54456, -0.531932, 0.648462, 0.03344, -0.593259, -0.790818, -0.150504, -0.038345, 0.0, 0.0, 0.0, 1.0],
                [0.592873, -0.302747, -0.746221, 0.113308, 0.54456, -0.531932, 0.648462, 0.03344, -0.593259, -0.790818, -0.150504, -0.038345, 0.0, 0.0, 0.0, 1.0],
                [0.592873, -0.302747, -0.746221, 0.113308, 0.54456, -0.531932, 0.648462, 0.03344, -0.593259, -0.790818, -0.150504, -0.038345, 0.0, 0.0, 0.0, 1.0],
                [0.592873, -0.302747, -0.746221, 0.113308, 0.54456, -0.531932, 0.648462, 0.03344, -0.593259, -0.790818, -0.150504, -0.038345, 0.0, 0.0, 0.0, 1.0],
                [0.592873, -0.302747, -0.746221, 0.113308, 0.54456, -0.531932, 0.648462, 0.03344, -0.593259, -0.790818, -0.150504, -0.038345, 0.0, 0.0, 0.0, 1.0],
                [0.592873, -0.302747, -0.746221, 0.113307, 0.54456, -0.531932, 0.648462, 0.03344, -0.593259, -0.790818, -0.150504, -0.038345, 0.0, 0.0, 0.0, 1.0],
                [0.592873, -0.302747, -0.746221, 0.113307, 0.54456, -0.531932, 0.648462, 0.03344, -0.593259, -0.790818, -0.150504, -0.038345, 0.0, 0.0, 0.0, 1.0],
                [0.592873, -0.302747, -0.746221, 0.113308, 0.54456, -0.531932, 0.648462, 0.03344, -0.593259, -0.790818, -0.150504, -0.038345, 0.0, 0.0, 0.0, 1.0],
                [0.592873, -0.302747, -0.746221, 0.113307, 0.54456, -0.531932, 0.648462, 0.03344, -0.593259, -0.790817, -0.150504, -0.038345, 0.0, 0.0, 0.0, 1.0],
                [0.592873, -0.302747, -0.746221, 0.113307, 0.54456, -0.531932, 0.648462, 0.033439, -0.593259, -0.790818, -0.150504, -0.038345, 0.0, 0.0, 0.0, 1.0],
                [0.592873, -0.302747, -0.746221, 0.113308, 0.54456, -0.531932, 0.648462, 0.03344, -0.593259, -0.790818, -0.150504, -0.038345, 0.0, 0.0, 0.0, 1.0],
                [0.592873, -0.302747, -0.746221, 0.113308, 0.54456, -0.531932, 0.648462, 0.033439, -0.593259, -0.790818, -0.150504, -0.038345, 0.0, 0.0, 0.0, 1.0],
                [0.592873, -0.302747, -0.746221, 0.113308, 0.54456, -0.531932, 0.648462, 0.033439, -0.593259, -0.790818, -0.150504, -0.038345, 0.0, 0.0, 0.0, 1.0],
                [0.592873, -0.302747, -0.746221, 0.113308, 0.54456, -0.531932, 0.648462, 0.033439, -0.593259, -0.790818, -0.150504, -0.038345, 0.0, 0.0, 0.0, 1.0],
                [0.592873, -0.302747, -0.746221, 0.113308, 0.54456, -0.531932, 0.648462, 0.03344, -0.593259, -0.790818, -0.150504, -0.038346, 0.0, 0.0, 0.0, 1.0],
                [0.592873, -0.302747, -0.746221, 0.113308, 0.54456, -0.531932, 0.648462, 0.03344, -0.593259, -0.790818, -0.150504, -0.038345, 0.0, 0.0, 0.0, 1.0],
                [0.592873, -0.302747, -0.746221, 0.113308, 0.54456, -0.531932, 0.648462, 0.03344, -0.593259, -0.790818, -0.150504, -0.038345, 0.0, 0.0, 0.0, 1.0],
                [0.592873, -0.302747, -0.746221, 0.113308, 0.54456, -0.531932, 0.648462, 0.033439, -0.593259, -0.790818, -0.150504, -0.038345, 0.0, 0.0, 0.0, 1.0],
                [0.592873, -0.302747, -0.746221, 0.113308, 0.54456, -0.531932, 0.648462, 0.033439, -0.593259, -0.790818, -0.150504, -0.038346, 0.0, 0.0, 0.0, 1.0],
                [0.592873, -0.302747, -0.746221, 0.113308, 0.54456, -0.531932, 0.648462, 0.033439, -0.593259, -0.790818, -0.150504, -0.038346, 0.0, 0.0, 0.0, 1.0],
                [0.592873, -0.302747, -0.746221, 0.113308, 0.54456, -0.531932, 0.648462, 0.033439, -0.593259, -0.790818, -0.150504, -0.038345, 0.0, 0.0, 0.0, 1.0],
                [0.592873, -0.302747, -0.746221, 0.113308, 0.54456, -0.531932, 0.648462, 0.033439, -0.593259, -0.790818, -0.150504, -0.038345, 0.0, 0.0, 0.0, 1.0],
                [0.592873, -0.302747, -0.746221, 0.113308, 0.54456, -0.531932, 0.648462, 0.03344, -0.593259, -0.790818, -0.150504, -0.038345, 0.0, 0.0, 0.0, 1.0],
                [0.592873, -0.302747, -0.746221, 0.113308, 0.54456, -0.531932, 0.648462, 0.033439, -0.593259, -0.790818, -0.150504, -0.038346, 0.0, 0.0, 0.0, 1.0],
                [0.592873, -0.302747, -0.746221, 0.113308, 0.54456, -0.531932, 0.648462, 0.033439, -0.593259, -0.790818, -0.150504, -0.038345, 0.0, 0.0, 0.0, 1.0],
                [0.592873, -0.302747, -0.746221, 0.113308, 0.54456, -0.531932, 0.648462, 0.033439, -0.593259, -0.790818, -0.150504, -0.038345, 0.0, 0.0, 0.0, 1.0],
                [0.592873, -0.302747, -0.746221, 0.113308, 0.54456, -0.531932, 0.648462, 0.03344, -0.593259, -0.790818, -0.150504, -0.038345, 0.0, 0.0, 0.0, 1.0],
                [0.592873, -0.302747, -0.746221, 0.113308, 0.54456, -0.531932, 0.648462, 0.03344, -0.593259, -0.790818, -0.150504, -0.038345, 0.0, 0.0, 0.0, 1.0],
                [0.592873, -0.302747, -0.746221, 0.113308, 0.54456, -0.531932, 0.648462, 0.03344, -0.593259, -0.790818, -0.150504, -0.038346, 0.0, 0.0, 0.0, 1.0],
                [0.592873, -0.302747, -0.746221, 0.113308, 0.54456, -0.531932, 0.648462, 0.033439, -0.593259, -0.790818, -0.150504, -0.038345, 0.0, 0.0, 0.0, 1.0],
                [0.592873, -0.302747, -0.746221, 0.113308, 0.54456, -0.531932, 0.648462, 0.033439, -0.593259, -0.790818, -0.150504, -0.038346, 0.0, 0.0, 0.0, 1.0],
                [0.592873, -0.302747, -0.746221, 0.113307, 0.54456, -0.531932, 0.648462, 0.033439, -0.593259, -0.790818, -0.150504, -0.038345, 0.0, 0.0, 0.0, 1.0],
                [0.592873, -0.302747, -0.746221, 0.113308, 0.54456, -0.531932, 0.648462, 0.033439, -0.593259, -0.790818, -0.150504, -0.038345, 0.0, 0.0, 0.0, 1.0],
                [0.592873, -0.302747, -0.746221, 0.113307, 0.54456, -0.531932, 0.648462, 0.033439, -0.593259, -0.790818, -0.150504, -0.038346, 0.0, 0.0, 0.0, 1.0],
                [0.592873, -0.302747, -0.746221, 0.113308, 0.54456, -0.531932, 0.648462, 0.033439, -0.593259, -0.790818, -0.150504, -0.038345, 0.0, 0.0, 0.0, 1.0],
                [0.592873, -0.302747, -0.746221, 0.113307, 0.54456, -0.531932, 0.648462, 0.03344, -0.593259, -0.790818, -0.150504, -0.038346, 0.0, 0.0, 0.0, 1.0],
                [0.592873, -0.302747, -0.746221, 0.113308, 0.54456, -0.531932, 0.648462, 0.03344, -0.593259, -0.790818, -0.150504, -0.038345, 0.0, 0.0, 0.0, 1.0],
                [0.592873, -0.302747, -0.746221, 0.113308, 0.54456, -0.531932, 0.648462, 0.03344, -0.593259, -0.790818, -0.150504, -0.038346, 0.0, 0.0, 0.0, 1.0],
                [0.592873, -0.302747, -0.746221, 0.113308, 0.54456, -0.531932, 0.648462, 0.033439, -0.593259, -0.790818, -0.150504, -0.038346, 0.0, 0.0, 0.0, 1.0],
                [0.592873, -0.302747, -0.746221, 0.113308, 0.54456, -0.531932, 0.648462, 0.03344, -0.593259, -0.790818, -0.150504, -0.038346, 0.0, 0.0, 0.0, 1.0],
                [0.592873, -0.302747, -0.746221, 0.113308, 0.54456, -0.531932, 0.648462, 0.033439, -0.593259, -0.790818, -0.150504, -0.038346, 0.0, 0.0, 0.0, 1.0],
                [0.592873, -0.302747, -0.746221, 0.113308, 0.54456, -0.531932, 0.648462, 0.033439, -0.593259, -0.790818, -0.150504, -0.038346, 0.0, 0.0, 0.0, 1.0],
                [0.592873, -0.302747, -0.746221, 0.113308, 0.54456, -0.531932, 0.648462, 0.033439, -0.593259, -0.790818, -0.150504, -0.038346, 0.0, 0.0, 0.0, 1.0],
                [0.592873, -0.302747, -0.746221, 0.113308, 0.54456, -0.531932, 0.648462, 0.03344, -0.593259, -0.790818, -0.150504, -0.038345, 0.0, 0.0, 0.0, 1.0],
                [0.592873, -0.302747, -0.746221, 0.113308, 0.54456, -0.531932, 0.648462, 0.03344, -0.593259, -0.790818, -0.150504, -0.038345, 0.0, 0.0, 0.0, 1.0],
                [0.592873, -0.302747, -0.746221, 0.113308, 0.54456, -0.531932, 0.648462, 0.03344, -0.593259, -0.790818, -0.150504, -0.038345, 0.0, 0.0, 0.0, 1.0],
                [0.592873, -0.302747, -0.746221, 0.113308, 0.54456, -0.531932, 0.648462, 0.03344, -0.593259, -0.790818, -0.150504, -0.038345, 0.0, 0.0, 0.0, 1.0],
                [0.592873, -0.302747, -0.746221, 0.113308, 0.54456, -0.531932, 0.648462, 0.03344, -0.593259, -0.790818, -0.150504, -0.038345, 0.0, 0.0, 0.0, 1.0],
                [0.592873, -0.302747, -0.746221, 0.113308, 0.54456, -0.531932, 0.648462, 0.03344, -0.593259, -0.790818, -0.150504, -0.038345, 0.0, 0.0, 0.0, 1.0],
                [0.592873, -0.302747, -0.746221, 0.113307, 0.54456, -0.531932, 0.648462, 0.033439, -0.593259, -0.790818, -0.150504, -0.038345, 0.0, 0.0, 0.0, 1.0],
                [0.592873, -0.302747, -0.746221, 0.113308, 0.54456, -0.531932, 0.648462, 0.03344, -0.593259, -0.790818, -0.150504, -0.038345, 0.0, 0.0, 0.0, 1.0],
                [0.592873, -0.302747, -0.746221, 0.113308, 0.54456, -0.531932, 0.648462, 0.03344, -0.593259, -0.790818, -0.150504, -0.038345, 0.0, 0.0, 0.0, 1.0],
                [0.592873, -0.302747, -0.746221, 0.113308, 0.54456, -0.531932, 0.648462, 0.03344, -0.593259, -0.790818, -0.150504, -0.038345, 0.0, 0.0, 0.0, 1.0],
                [0.592873, -0.302747, -0.746221, 0.113308, 0.54456, -0.531932, 0.648462, 0.03344, -0.593259, -0.790818, -0.150504, -0.038345, 0.0, 0.0, 0.0, 1.0],
                [0.592873, -0.302747, -0.746221, 0.113308, 0.54456, -0.531932, 0.648462, 0.03344, -0.593259, -0.790818, -0.150504, -0.038344, 0.0, 0.0, 0.0, 1.0],
                [0.592873, -0.302747, -0.746221, 0.113308, 0.54456, -0.531932, 0.648462, 0.033439, -0.593259, -0.790818, -0.150504, -0.038346, 0.0, 0.0, 0.0, 1.0],
                [0.592873, -0.302747, -0.746221, 0.113308, 0.54456, -0.531932, 0.648462, 0.03344, -0.593259, -0.790818, -0.150504, -0.038345, 0.0, 0.0, 0.0, 1.0],
                [0.592873, -0.302747, -0.746221, 0.113308, 0.54456, -0.531932, 0.648462, 0.03344, -0.593259, -0.790818, -0.150504, -0.038345, 0.0, 0.0, 0.0, 1.0],
                [0.592873, -0.302747, -0.746221, 0.113308, 0.54456, -0.531932, 0.648462, 0.033439, -0.593259, -0.790818, -0.150504, -0.038346, 0.0, 0.0, 0.0, 1.0],
                [0.592873, -0.302747, -0.746221, 0.113308, 0.54456, -0.531932, 0.648462, 0.033439, -0.593259, -0.790818, -0.150504, -0.038346, 0.0, 0.0, 0.0, 1.0],
