{
    "animation": [
        {
            "name": "Root",
            "time": [0.0, 0.0167, 0.0333, 0.05, 0.0667, 0.0833, 0.1, 0.1167, 0.1333, 0.15, 0.1667, 0.1833, 0.2, 0.2167, 0.2333, 0.25, 0.2667, 0.2833, 0.3, 0.3167, 0.3333, 0.35, 0.3667, 0.3833, 0.4, 0.4167, 0.4333, 0.45, 0.4667, 0.4833, 0.5, 0.5167, 0.5333, 0.55, 0.5667, 0.5833, 0.6, 0.6167, 0.6333, 0.65, 0.6667, 0.6833, 0.7, 0.7167, 0.7333, 0.75, 0.7667, 0.7833, 0.8, 0.8167, 0.8333, 0.85, 0.8667, 0.8833, 0.9, 0.9167, 0.9333, 0.95, 0.9667, 0.9833, 1.0, 1.0167, 1.0333, 1.05, 1.0667, 1.0833, 1.1, 1.1167, 1.1333, 1.15, 1.1667, 1.1833, 1.2, 1.2167, 1.2333, 1.25, 1.2667, 1.2833, 1.3, 1.3167, 1.3333, 1.35, 1.3667, 1.3833, 1.4, 1.4167, 1.4333, 1.45, 1.4667, 1.4833, 1.5, 1.5167, 1.5333, 1.55, 1.5667, 1.5833, 1.6, 1.6167, 1.6333, 1.65, 1.6667, 1.6833, 1.7, 1.7167, 1.7333, 1.75, 1.7667, 1.7833, 1.8, 1.8167, 1.8333, 1.85, 1.8667, 1.8833, 1.9, 1.9167, 1.9333, 1.95, 1.9667, 1.9833, 2.0, 2.0167, 2.0333, 2.05, 2.0667, 2.0833, 2.1, 2.1167, 2.1333, 2.15, 2.1667, 2.1833, 2.2, 2.2167, 2.2333, 2.25, 2.2667, 2.2833, 2.3, 2.3167, 2.3333, 2.35, 2.3667, 2.3833, 2.4, 2.4167, 2.4333, 2.45, 2.4667, 2.4833, 2.5, 2.5167, 2.5333, 2.55, 2.5667, 2.5833, 2.6, 2.6167, 2.6333, 2.65, 2.6667, 2.6833, 2.7, 2.7167, 2.7333, 2.75, 2.7667, 2.7833, 2.8, 2.8167, 2.8333, 2.85, 2.8667],
            "transform": [
                [0.808635, 0.002482, -0.588306, -5e-06, -0.583705, -0.121498, -0.802824, 0.000946, -0.073471, 0.992589, -0.096798, 0.763972, 0.0, 0.0, 0.0, 1.0],
                [0.808635, 0.002482, -0.588306, -5e-06, -0.583705, -0.121498, -0.802824, 0.001617, -0.073471, 0.992589, -0.096798, 0.763972, 0.0, 0.0, 0.0, 1.0],
                [0.808635, 0.002482, -0.588306, -5e-06, -0.583705, -0.121498, -0.802824, 0.003653, -0.073471, 0.992589, -0.096798, 0.763972, 0.0, 0.0, 0.0, 1.0],
                [0.808635, 0.002482, -0.588306, -5e-06, -0.583705, -0.121498, -0.802824, 0.007092, -0.073471, 0.992589, -0.096798, 0.763972, 0.0, 0.0, 0.0, 1.0],
                [0.808635, 0.002482, -0.588306, -5e-06, -0.583705, -0.121498, -0.802824, 0.01197, -0.073471, 0.992589, -0.096798, 0.763972, 0.0, 0.0, 0.0, 1.0],
                [0.808635, 0.002482, -0.588306, -5e-06, -0.583705, -0.121498, -0.802824, 0.018324, -0.073471, 0.992589, -0.096798, 0.763972, 0.0, 0.0, 0.0, 1.0],
                [0.808635, 0.002482, -0.588306, -5e-06, -0.583705, -0.121498, -0.802824, 0.026191, -0.073471, 0.992589, -0.096798, 0.763972, 0.0, 0.0, 0.0, 1.0],
                [0.808635, 0.002482, -0.588306, -5e-06, -0.583705, -0.121498, -0.802824, 0.035607, -0.073471, 0.992589, -0.096798, 0.763972, 0.0, 0.0, 0.0, 1.0],
                [0.808635, 0.002482, -0.588306, -5e-06, -0.583705, -0.121498, -0.802824, 0.04661, -0.073471, 0.992589, -0.096798, 0.763972, 0.0, 0.0, 0.0, 1.0],
                [0.808635, 0.002482, -0.588306, -5e-06, -0.583705, -0.121498, -0.802824, 0.059237, -0.073471, 0.992589, -0.096798, 0.763972, 0.0, 0.0, 0.0, 1.0],
                [0.808635, 0.002482, -0.588306, -5e-06, -0.583705, -0.121498, -0.802824, 0.073523, -0.073471, 0.992589, -0.096798, 0.763972, 0.0, 0.0, 0.0, 1.0],
                [0.808635, 0.002482, -0.588306, -5e-06, -0.583705, -0.121498, -0.802824, 0.089507, -0.073471, 0.992589, -0.096798, 0.763972, 0.0, 0.0, 0.0, 1.0],
                [0.808635, 0.002482, -0.588306, -5e-06, -0.583705, -0.121498, -0.802824, 0.107224, -0.073471, 0.992589, -0.096798, 0.763972, 0.0, 0.0, 0.0, 1.0],
                [0.808635, 0.002482, -0.588306, -5e-06, -0.583705, -0.121498, -0.802824, 0.126712, -0.073471, 0.992589, -0.096798, 0.763972, 0.0, 0.0, 0.0, 1.0],
                [0.808635, 0.002482, -0.588306, -5e-06, -0.583705, -0.121498, -0.802824, 0.148008, -0.073471, 0.992589, -0.096798, 0.763972, 0.0, 0.0, 0.0, 1.0],
                [0.808635, 0.002482, -0.588306, -5e-06, -0.583705, -0.121498, -0.802824, 0.171147, -0.073471, 0.992589, -0.096798, 0.763972, 0.0, 0.0, 0.0, 1.0],
                [0.808635, 0.002482, -0.588306, -5e-06, -0.583705, -0.121498, -0.802824, 0.196168, -0.073471, 0.992589, -0.096798, 0.763972, 0.0, 0.0, 0.0, 1.0],
                [0.808635, 0.002482, -0.588306, -5e-06, -0.583705, -0.121498, -0.802824, 0.223106, -0.073471, 0.992589, -0.096798, 0.763972, 0.0, 0.0, 0.0, 1.0],
                [0.808635, 0.002482, -0.588306, -5e-06, -0.583705, -0.121498, -0.802824, 0.251999, -0.073471, 0.992589, -0.096798, 0.763972, 0.0, 0.0, 0.0, 1.0],
                [0.808635, 0.002482, -0.588306, -5e-06, -0.583705, -0.121498, -0.802824, 0.282884, -0.073471, 0.992589, -0.096798, 0.763972, 0.0, 0.0, 0.0, 1.0],
                [0.808635, 0.002482, -0.588306, -5e-06, -0.583705, -0.121498, -0.802824, 0.315797, -0.073471, 0.992589, -0.096798, 0.763972, 0.0, 0.0, 0.0, 1.0],
                [0.808635, 0.002482, -0.588306, -5e-06, -0.583705, -0.121498, -0.802824, 0.350775, -0.073471, 0.992589, -0.096798, 0.763972, 0.0, 0.0, 0.0, 1.0],
                [0.808635, 0.002482, -0.588306, -5e-06, -0.583705, -0.121498, -0.802824, 0.387855, -0.073471, 0.992589, -0.096798, 0.763972, 0.0, 0.0, 0.0, 1.0],
                [0.808635, 0.002482, -0.588306, -5e-06, -0.583705, -0.121498, -0.802824, 0.427074, -0.073471, 0.992589, -0.096798, 0.763972, 0.0, 0.0, 0.0, 1.0],
                [0.808635, 0.002482, -0.588306, -5e-06, -0.583705, -0.121498, -0.802824, 0.468468, -0.073471, 0.992589, -0.096798, 0.763972, 0.0, 0.0, 0.0, 1.0],
                [0.808635, 0.002482, -0.588306, -5e-06, -0.583705, -0.121498, -0.802824, 0.512075, -0.073471, 0.992589, -0.096798, 0.763972, 0.0, 0.0, 0.0, 1.0],
                [0.808635, 0.002482, -0.588306, -5e-06, -0.583705, -0.121498, -0.802824, 0.557931, -0.073471, 0.992589, -0.096798, 0.763972, 0.0, 0.0, 0.0, 1.0],
                [0.808635, 0.002482, -0.588306, -5e-06, -0.583705, -0.121498, -0.802824, 0.606072, -0.073471, 0.992589, -0.096798, 0.763972, 0.0, 0.0, 0.0, 1.0],
                [0.808635, 0.002482, -0.588306, -5e-06, -0.583705, -0.121498, -0.802824, 0.656537, -0.073471, 0.992589, -0.096798, 0.763972, 0.0, 0.0, 0.0, 1.0],
                [0.797965, -0.00791, -0.602652, -0.000996, -0.599623, -0.111401, -0.792491, 0.709361, -0.060867, 0.993744, -0.093636, 0.767616, 0.0, 0.0, 0.0, 1.0],
                [0.765082, -0.036711, -0.642885, -0.00385, -0.643476, -0.081183, -0.761149, 0.764582, -0.024249, 0.996023, -0.085734, 0.77782, 0.0, 0.0, 0.0, 1.0],
                [0.705765, -0.079364, -0.703987, -0.008391, -0.707563, -0.029357, -0.706041, 0.822236, 0.035367, 0.996413, -0.076874, 0.79349, 0.0, 0.0, 0.0, 1.0],
                [0.613652, -0.129386, -0.778904, -0.014441, -0.780901, 0.046385, -0.62293, 0.88236, 0.116728, 0.990509, -0.072573, 0.813533, 0.0, 0.0, 0.0, 1.0],
                [0.483023, -0.177713, -0.857384, -0.021822, -0.848414, 0.147147, -0.50847, 0.944991, 0.216523, 0.973019, -0.079699, 0.836856, 0.0, 0.0, 0.0, 1.0],
                [0.312503, -0.212924, -0.925746, -0.030356, -0.891603, 0.270449, -0.363182, 1.010166, 0.327697, 0.938893, -0.105327, 0.862365, 0.0, 0.0, 0.0, 1.0],
                [0.108744, -0.223143, -0.968701, -0.039867, -0.891927, 0.408357, -0.194192, 1.077921, 0.438909, 0.885128, -0.154621, 0.888968, 0.0, 0.0, 0.0, 1.0],
                [-0.112251, -0.199548, -0.973437, -0.050176, -0.836559, 0.54765, -0.015798, 1.148294, 0.536255, 0.812564, -0.228408, 0.915571, 0.0, 0.0, 0.0, 1.0],
                [-0.328285, -0.139777, -0.934179, -0.061107, -0.723598, 0.672915, 0.153598, 1.22132, 0.607153, 0.726394, -0.32205, 0.941081, 0.0, 0.0, 0.0, 1.0],
                [-0.51772, -0.048796, -0.854157, -0.072481, -0.562902, 0.771271, 0.297124, 1.297038, 0.644288, 0.634634, -0.42677, 0.964404, 0.0, 0.0, 0.0, 1.0],
                [-0.665723, 0.063533, -0.74349, -0.084122, -0.371635, 0.835778, 0.404182, 1.375483, 0.647071, 0.54538, -0.532785, 0.984447, 0.0, 0.0, 0.0, 1.0],
                [-0.766436, 0.186407, -0.614677, -0.095851, -0.167717, 0.865687, 0.471654, 1.456693, 0.620037, 0.464585, -0.63223, 1.000117, 0.0, 0.0, 0.0, 1.0],
                [-0.821034, 0.311138, -0.47864, -0.107492, 0.034925, 0.864231, 0.501882, 1.540704, 0.56981, 0.395346, -0.720429, 1.010321, 0.0, 0.0, 0.0, 1.0],
                [-0.834014, 0.432272, -0.342872, -0.118866, 0.227855, 0.835813, 0.499498, 1.627554, 0.502496, 0.338464, -0.795575, 1.013965, 0.0, 0.0, 0.0, 1.0],
                [-0.809486, 0.546903, -0.213613, -0.129797, 0.408991, 0.786263, 0.463161, 1.717615, 0.42126, 0.287556, -0.860146, 1.008855, 0.0, 0.0, 0.0, 1.0],
                [-0.749792, 0.654594, -0.096532, -0.140106, 0.576471, 0.717868, 0.390316, 1.8126, 0.324796, 0.237008, -0.915606, 0.99441, 0.0, 0.0, 0.0, 1.0],
                [-0.656591, 0.754239, 0.003353, -0.149617, 0.723907, 0.628926, 0.283568, 1.914562, 0.211769, 0.188616, -0.958946, 0.971956, 0.0, 0.0, 0.0, 1.0],
                [-0.532509, 0.842671, 0.079625, -0.158152, 0.842394, 0.518454, 0.14689, 2.025551, 0.082498, 0.145296, -0.985943, 0.942818, 0.0, 0.0, 0.0, 1.0],
                [-0.383063, 0.915182, 0.125317, -0.165532, 0.921765, 0.387544, -0.012607, 2.147616, -0.060103, 0.110684, -0.992037, 0.908323, 0.0, 0.0, 0.0, 1.0],
                [-0.217835, 0.966646, 0.134696, -0.171582, 0.953114, 0.240397, -0.183801, 2.282809, -0.210051, 0.088342, -0.973691, 0.869798, 0.0, 0.0, 0.0, 1.0],
                [-0.050137, 0.993158, 0.105466, -0.176123, 0.932055, 0.084468, -0.352332, 2.43318, -0.35883, 0.080635, -0.929913, 0.828567, 0.0, 0.0, 0.0, 1.0],
                [0.105163, 0.993635, 0.040374, -0.178977, 0.861281, -0.070709, -0.503185, 2.60078, -0.497127, 0.087689, -0.863235, 0.785958, 0.0, 0.0, 0.0, 1.0],
                [0.234969, 0.970566, -0.052837, -0.179968, 0.750899, -0.215769, -0.624176, 2.787658, -0.617204, 0.106987, -0.779495, 0.743296, 0.0, 0.0, 0.0, 1.0],
                [0.336017, 0.931143, -0.141656, -0.179968, 0.604021, -0.328439, -0.726145, 2.993168, -0.72267, 0.158434, -0.672791, 0.701814, 0.0, 0.0, 0.0, 1.0],
                [0.416683, 0.884654, -0.209196, -0.179968, 0.416774, -0.390425, -0.820894, 3.205863, -0.807883, 0.254865, -0.531384, 0.662365, 0.0, 0.0, 0.0, 1.0],
                [0.481252, 0.83563, -0.264801, -0.179968, 0.198096, -0.397944, -0.895767, 3.411602, -0.853906, 0.378633, -0.357046, 0.62571, 0.0, 0.0, 0.0, 1.0],
                [0.53103, 0.787165, -0.313655, -0.179968, -0.032812, -0.350778, -0.935884, 3.596241, -0.846718, 0.507274, -0.160445, 0.592609, 0.0, 0.0, 0.0, 1.0],
                [0.566476, 0.742594, -0.357295, -0.179968, -0.248587, -0.259389, -0.933232, 3.745637, -0.78569, 0.617472, 0.037661, 0.563821, 0.0, 0.0, 0.0, 1.0],
                [0.589063, 0.705225, -0.39454, -0.179968, -0.423796, -0.146103, -0.893896, 3.845645, -0.688042, 0.693766, 0.212807, 0.540108, 0.0, 0.0, 0.0, 1.0],
                [0.601774, 0.677398, -0.423085, -0.179968, -0.545412, -0.038424, -0.837287, 3.882125, -0.583433, 0.734613, 0.346339, 0.522229, 0.0, 0.0, 0.0, 1.0],
                [0.608037, 0.660206, -0.44093, -0.179968, -0.614236, 0.039325, -0.788142, 3.882125, -0.502997, 0.750054, 0.429433, 0.510944, 0.0, 0.0, 0.0, 1.0],
                [0.610052, 0.654263, -0.446965, -0.179968, -0.636527, 0.068722, -0.768187, 3.882125, -0.47188, 0.753139, 0.45838, 0.507013, 0.0, 0.0, 0.0, 1.0],
                [0.610052, 0.654263, -0.446965, -0.179968, -0.636527, 0.068722, -0.768187, 3.882125, -0.47188, 0.753139, 0.45838, 0.507013, 0.0, 0.0, 0.0, 1.0],
                [0.610052, 0.654263, -0.446965, -0.179968, -0.636527, 0.068722, -0.768187, 3.882125, -0.47188, 0.753139, 0.45838, 0.507013, 0.0, 0.0, 0.0, 1.0],
                [0.610052, 0.654263, -0.446965, -0.179968, -0.636527, 0.068722, -0.768187, 3.882125, -0.47188, 0.753139, 0.45838, 0.507013, 0.0, 0.0, 0.0, 1.0],
                [0.610052, 0.654263, -0.446965, -0.179968, -0.636527, 0.068722, -0.768187, 3.882125, -0.47188, 0.753139, 0.45838, 0.507013, 0.0, 0.0, 0.0, 1.0],
                [0.610052, 0.654263, -0.446965, -0.179968, -0.636527, 0.068722, -0.768187, 3.882125, -0.47188, 0.753139, 0.45838, 0.507013, 0.0, 0.0, 0.0, 1.0],
                [0.610052, 0.654263, -0.446965, -0.179968, -0.636527, 0.068722, -0.768187, 3.882125, -0.47188, 0.753139, 0.45838, 0.507013, 0.0, 0.0, 0.0, 1.0],
                [0.610052, 0.654263, -0.446965, -0.179968, -0.636527, 0.068722, -0.768187, 3.882125, -0.47188, 0.753139, 0.45838, 0.507013, 0.0, 0.0, 0.0, 1.0],
                [0.610052, 0.654263, -0.446965, -0.179968, -0.636527, 0.068722, -0.768187, 3.882125, -0.47188, 0.753139, 0.45838, 0.507013, 0.0, 0.0, 0.0, 1.0],
                [0.610052, 0.654263, -0.446965, -0.179968, -0.636527, 0.068722, -0.768187, 3.882125, -0.47188, 0.753139, 0.45838, 0.507013, 0.0, 0.0, 0.0, 1.0],
                [0.610052, 0.654263, -0.446965, -0.179968, -0.636527, 0.068722, -0.768187, 3.882125, -0.47188, 0.753139, 0.45838, 0.507013, 0.0, 0.0, 0.0, 1.0],
                [0.610052, 0.654263, -0.446965, -0.179968, -0.636527, 0.068722, -0.768187, 3.882125, -0.47188, 0.753139, 0.45838, 0.507013, 0.0, 0.0, 0.0, 1.0],
                [0.610052, 0.654263, -0.446965, -0.179968, -0.636527, 0.068722, -0.768187, 3.882125, -0.47188, 0.753139, 0.45838, 0.507013, 0.0, 0.0, 0.0, 1.0],
                [0.610052, 0.654263, -0.446965, -0.179968, -0.636527, 0.068722, -0.768187, 3.882125, -0.47188, 0.753139, 0.45838, 0.507013, 0.0, 0.0, 0.0, 1.0],
                [0.610052, 0.654263, -0.446965, -0.179968, -0.636527, 0.068722, -0.768187, 3.882125, -0.47188, 0.753139, 0.45838, 0.507013, 0.0, 0.0, 0.0, 1.0],
                [0.610052, 0.654263, -0.446965, -0.179968, -0.636527, 0.068722, -0.768187, 3.882125, -0.47188, 0.753139, 0.45838, 0.507013, 0.0, 0.0, 0.0, 1.0],
                [0.610052, 0.654263, -0.446965, -0.179968, -0.636527, 0.068722, -0.768187, 3.882125, -0.47188, 0.753139, 0.45838, 0.507013, 0.0, 0.0, 0.0, 1.0],
                [0.610052, 0.654263, -0.446965, -0.179968, -0.636527, 0.068722, -0.768187, 3.882125, -0.47188, 0.753139, 0.45838, 0.507013, 0.0, 0.0, 0.0, 1.0],
                [0.610052, 0.654263, -0.446965, -0.179968, -0.636527, 0.068722, -0.768187, 3.882125, -0.47188, 0.753139, 0.45838, 0.507013, 0.0, 0.0, 0.0, 1.0],
                [0.610052, 0.654263, -0.446965, -0.179968, -0.636527, 0.068722, -0.768187, 3.882125, -0.47188, 0.753139, 0.45838, 0.507013, 0.0, 0.0, 0.0, 1.0],
                [0.610052, 0.654263, -0.446965, -0.179968, -0.636527, 0.068722, -0.768187, 3.882125, -0.47188, 0.753139, 0.45838, 0.507013, 0.0, 0.0, 0.0, 1.0],
                [0.610052, 0.654263, -0.446965, -0.179968, -0.636527, 0.068722, -0.768187, 3.882125, -0.47188, 0.753139, 0.45838, 0.507013, 0.0, 0.0, 0.0, 1.0],
                [0.610052, 0.654263, -0.446965, -0.179968, -0.636527, 0.068722, -0.768187, 3.882125, -0.47188, 0.753139, 0.45838, 0.507013, 0.0, 0.0, 0.0, 1.0],
                [0.610052, 0.654263, -0.446965, -0.179968, -0.636527, 0.068722, -0.768187, 3.882125, -0.47188, 0.753139, 0.45838, 0.507013, 0.0, 0.0, 0.0, 1.0],
                [0.610052, 0.654263, -0.446965, -0.179968, -0.636527, 0.068722, -0.768187, 3.882125, -0.47188, 0.753139, 0.45838, 0.507013, 0.0, 0.0, 0.0, 1.0],
                [0.610052, 0.654263, -0.446965, -0.179968, -0.636527, 0.068722, -0.768187, 3.882125, -0.47188, 0.753139, 0.45838, 0.507013, 0.0, 0.0, 0.0, 1.0],
                [0.610052, 0.654263, -0.446965, -0.179968, -0.636527, 0.068722, -0.768187, 3.882125, -0.47188, 0.753139, 0.45838, 0.507013, 0.0, 0.0, 0.0, 1.0],
                [0.610052, 0.654263, -0.446965, -0.179968, -0.636527, 0.068722, -0.768187, 3.882125, -0.47188, 0.753139, 0.45838, 0.507013, 0.0, 0.0, 0.0, 1.0],
                [0.610052, 0.654263, -0.446965, -0.179968, -0.636527, 0.068722, -0.768187, 3.882125, -0.47188, 0.753139, 0.45838, 0.507013, 0.0, 0.0, 0.0, 1.0],
                [0.610052, 0.654263, -0.446965, -0.179968, -0.636527, 0.068722, -0.768187, 3.882125, -0.47188, 0.753139, 0.45838, 0.507013, 0.0, 0.0, 0.0, 1.0],
                [0.610052, 0.654263, -0.446965, -0.179968, -0.636527, 0.068722, -0.768187, 3.882125, -0.47188, 0.753139, 0.45838, 0.507013, 0.0, 0.0, 0.0, 1.0],
                [0.610052, 0.654263, -0.446965, -0.179968, -0.636527, 0.068722, -0.768187, 3.882125, -0.47188, 0.753139, 0.45838, 0.507013, 0.0, 0.0, 0.0, 1.0],
                [0.610052, 0.654263, -0.446965, -0.179968, -0.636527, 0.068722, -0.768187, 3.882125, -0.47188, 0.753139, 0.45838, 0.507013, 0.0, 0.0, 0.0, 1.0],
                [0.610052, 0.654263, -0.446965, -0.179968, -0.636527, 0.068722, -0.768187, 3.882125, -0.47188, 0.753139, 0.45838, 0.507013, 0.0, 0.0, 0.0, 1.0],
                [0.610052, 0.654263, -0.446965, -0.179968, -0.636527, 0.068722, -0.768187, 3.882125, -0.47188, 0.753139, 0.45838, 0.507013, 0.0, 0.0, 0.0, 1.0],
                [0.610052, 0.654263, -0.446965, -0.179968, -0.636527, 0.068722, -0.768187, 3.882125, -0.47188, 0.753139, 0.45838, 0.507013, 0.0, 0.0, 0.0, 1.0],
                [0.610052, 0.654263, -0.446965, -0.179968, -0.636527, 0.068722, -0.768187, 3.882125, -0.47188, 0.753139, 0.45838, 0.507013, 0.0, 0.0, 0.0, 1.0],
                [0.610052, 0.654263, -0.446965, -0.179968, -0.636527, 0.068722, -0.768187, 3.882125, -0.47188, 0.753139, 0.45838, 0.507013, 0.0, 0.0, 0.0, 1.0],
                [0.610052, 0.654263, -0.446965, -0.179968, -0.636527, 0.068722, -0.768187, 3.882125, -0.47188, 0.753139, 0.45838, 0.507013, 0.0, 0.0, 0.0, 1.0],
                [0.610052, 0.654263, -0.446965, -0.179968, -0.636527, 0.068722, -0.768187, 3.882125, -0.47188, 0.753139, 0.45838, 0.507013, 0.0, 0.0, 0.0, 1.0],
                [0.610052, 0.654263, -0.446965, -0.179968, -0.636527, 0.068722, -0.768187, 3.882125, -0.47188, 0.753139, 0.45838, 0.507013, 0.0, 0.0, 0.0, 1.0],
                [0.610052, 0.654263, -0.446965, -0.179968, -0.636527, 0.068722, -0.768187, 3.882125, -0.47188, 0.753139, 0.45838, 0.507013, 0.0, 0.0, 0.0, 1.0],
                [0.610052, 0.654263, -0.446965, -0.179968, -0.636527, 0.068722, -0.768187, 3.882125, -0.47188, 0.753139, 0.45838, 0.507013, 0.0, 0.0, 0.0, 1.0],
                [0.610052, 0.654263, -0.446965, -0.179968, -0.636527, 0.068722, -0.768187, 3.882125, -0.47188, 0.753139, 0.45838, 0.507013, 0.0, 0.0, 0.0, 1.0],
                [0.610052, 0.654263, -0.446965, -0.179968, -0.636527, 0.068722, -0.768187, 3.882125, -0.47188, 0.753139, 0.45838, 0.507013, 0.0, 0.0, 0.0, 1.0],
                [0.610052, 0.654263, -0.446965, -0.179968, -0.636527, 0.068722, -0.768187, 3.882125, -0.47188, 0.753139, 0.45838, 0.507013, 0.0, 0.0, 0.0, 1.0],
                [0.610052, 0.654263, -0.446965, -0.179968, -0.636527, 0.068722, -0.768187, 3.882125, -0.47188, 0.753139, 0.45838, 0.507013, 0.0, 0.0, 0.0, 1.0],
                [0.610052, 0.654263, -0.446965, -0.179968, -0.636527, 0.068722, -0.768187, 3.882125, -0.47188, 0.753139, 0.45838, 0.507013, 0.0, 0.0, 0.0, 1.0],
                [0.610052, 0.654263, -0.446965, -0.179968, -0.636527, 0.068722, -0.768187, 3.882125, -0.47188, 0.753139, 0.45838, 0.507013, 0.0, 0.0, 0.0, 1.0],
                [0.610052, 0.654263, -0.446965, -0.179968, -0.636527, 0.068722, -0.768187, 3.882125, -0.47188, 0.753139, 0.45838, 0.507013, 0.0, 0.0, 0.0, 1.0],
                [0.610052, 0.654263, -0.446965, -0.179968, -0.636527, 0.068722, -0.768187, 3.882125, -0.47188, 0.753139, 0.45838, 0.507013, 0.0, 0.0, 0.0, 1.0],
                [0.610052, 0.654263, -0.446965, -0.179968, -0.636527, 0.068722, -0.768187, 3.882125, -0.47188, 0.753139, 0.45838, 0.507013, 0.0, 0.0, 0.0, 1.0],
                [0.610052, 0.654263, -0.446965, -0.179968, -0.636527, 0.068722, -0.768187, 3.882125, -0.47188, 0.753139, 0.45838, 0.507013, 0.0, 0.0, 0.0, 1.0],
                [0.610052, 0.654263, -0.446965, -0.179968, -0.636527, 0.068722, -0.768187, 3.882125, -0.47188, 0.753139, 0.45838, 0.507013, 0.0, 0.0, 0.0, 1.0],
                [0.610052, 0.654263, -0.446965, -0.179968, -0.636527, 0.068722, -0.768187, 3.882125, -0.47188, 0.753139, 0.45838, 0.507013, 0.0, 0.0, 0.0, 1.0],
                [0.610052, 0.654263, -0.446965, -0.179968, -0.636527, 0.068722, -0.768187, 3.882125, -0.47188, 0.753139, 0.45838, 0.507013, 0.0, 0.0, 0.0, 1.0],
                [0.610052, 0.654263, -0.446965, -0.179968, -0.636527, 0.068722, -0.768187, 3.882125, -0.47188, 0.753139, 0.45838, 0.507013, 0.0, 0.0, 0.0, 1.0],
                [0.610052, 0.654263, -0.446965, -0.179968, -0.636527, 0.068722, -0.768187, 3.882125, -0.47188, 0.753139, 0.45838, 0.507013, 0.0, 0.0, 0.0, 1.0],
                [0.610052, 0.654263, -0.446965, -0.179968, -0.636527, 0.068722, -0.768187, 3.882125, -0.47188, 0.753139, 0.45838, 0.507013, 0.0, 0.0, 0.0, 1.0],
                [0.610052, 0.654263, -0.446965, -0.179968, -0.636527, 0.068722, -0.768187, 3.882125, -0.47188, 0.753139, 0.45838, 0.507013, 0.0, 0.0, 0.0, 1.0],
                [0.610052, 0.654263, -0.446965, -0.179968, -0.636527, 0.068722, -0.768187, 3.882125, -0.47188, 0.753139, 0.45838, 0.507013, 0.0, 0.0, 0.0, 1.0],
                [0.610052, 0.654263, -0.446965, -0.179968, -0.636527, 0.068722, -0.768187, 3.882125, -0.47188, 0.753139, 0.45838, 0.507013, 0.0, 0.0, 0.0, 1.0],
                [0.610052, 0.654263, -0.446965, -0.179968, -0.636527, 0.068722, -0.768187, 3.882125, -0.47188, 0.753139, 0.45838, 0.507013, 0.0, 0.0, 0.0, 1.0],
                [0.610052, 0.654263, -0.446965, -0.179968, -0.636527, 0.068722, -0.768187, 3.882125, -0.47188, 0.753139, 0.45838, 0.507013, 0.0, 0.0, 0.0, 1.0],
                [0.610052, 0.654263, -0.446965, -0.179968, -0.636527, 0.068722, -0.768187, 3.882125, -0.47188, 0.753139, 0.45838, 0.507013, 0.0, 0.0, 0.0, 1.0],
                [0.610052, 0.654263, -0.446965, -0.179968, -0.636527, 0.068722, -0.768187, 3.882125, -0.47188, 0.753139, 0.45838, 0.507013, 0.0, 0.0, 0.0, 1.0],
                [0.610052, 0.654263, -0.446965, -0.179968, -0.636527, 0.068722, -0.768187, 3.882125, -0.47188, 0.753139, 0.45838, 0.507013, 0.0, 0.0, 0.0, 1.0],
                [0.610052, 0.654263, -0.446965, -0.179968, -0.636527, 0.068722, -0.768187, 3.882125, -0.47188, 0.753139, 0.45838, 0.507013, 0.0, 0.0, 0.0, 1.0],
                [0.610052, 0.654263, -0.446965, -0.179968, -0.636527, 0.068722, -0.768187, 3.882125, -0.47188, 0.753139, 0.45838, 0.507013, 0.0, 0.0, 0.0, 1.0],
                [0.610052, 0.654263, -0.446965, -0.179968, -0.636527, 0.068722, -0.768187, 3.882125, -0.47188, 0.753139, 0.45838, 0.507013, 0.0, 0.0, 0.0, 1.0],
                [0.610052, 0.654263, -0.446965, -0.179968, -0.636527, 0.068722, -0.768187, 3.882125, -0.47188, 0.753139, 0.45838, 0.507013, 0.0, 0.0, 0.0, 1.0],
                [0.610052, 0.654263, -0.446965, -0.179968, -0.636527, 0.068722, -0.768187, 3.882125, -0.47188, 0.753139, 0.45838, 0.507013, 0.0, 0.0, 0.0, 1.0],
                [0.610052, 0.654263, -0.446965, -0.179968, -0.636527, 0.068722, -0.768187, 3.882125, -0.47188, 0.753139, 0.45838, 0.507013, 0.0, 0.0, 0.0, 1.0],
                [0.610052, 0.654263, -0.446965, -0.179968, -0.636527, 0.068722, -0.768187, 3.882125, -0.47188, 0.753139, 0.45838, 0.507013, 0.0, 0.0, 0.0, 1.0],
                [0.610052, 0.654263, -0.446965, -0.179968, -0.636527, 0.068722, -0.768187, 3.882125, -0.47188, 0.753139, 0.45838, 0.507013, 0.0, 0.0, 0.0, 1.0],
                [0.610052, 0.654263, -0.446965, -0.179968, -0.636527, 0.068722, -0.768187, 3.882125, -0.47188, 0.753139, 0.45838, 0.507013, 0.0, 0.0, 0.0, 1.0],
                [0.610052, 0.654263, -0.446965, -0.179968, -0.636527, 0.068722, -0.768187, 3.882125, -0.47188, 0.753139, 0.45838, 0.507013, 0.0, 0.0, 0.0, 1.0],
                [0.610052, 0.654263, -0.446965, -0.179968, -0.636527, 0.068722, -0.768187, 3.882125, -0.47188, 0.753139, 0.45838, 0.507013, 0.0, 0.0, 0.0, 1.0],
                [0.610052, 0.654263, -0.446965, -0.179968, -0.636527, 0.068722, -0.768187, 3.882125, -0.47188, 0.753139, 0.45838, 0.507013, 0.0, 0.0, 0.0, 1.0],
                [0.610052, 0.654263, -0.446965, -0.179968, -0.636527, 0.068722, -0.768187, 3.882125, -0.47188, 0.753139, 0.45838, 0.507013, 0.0, 0.0, 0.0, 1.0],
                [0.610052, 0.654263, -0.446965, -0.179968, -0.636527, 0.068722, -0.768187, 3.882125, -0.47188, 0.753139, 0.45838, 0.507013, 0.0, 0.0, 0.0, 1.0],
                [0.612041, 0.652825, -0.446346, -0.179943, -0.635003, 0.069285, -0.769396, 3.881266, -0.471356, 0.754333, 0.456951, 0.507768, 0.0, 0.0, 0.0, 1.0],
                [0.617827, 0.648612, -0.444513, -0.17987, -0.630537, 0.070909, -0.772914, 3.878762, -0.469801, 0.757809, 0.452784, 0.509968, 0.0, 0.0, 0.0, 1.0],
                [0.627115, 0.641744, -0.441464, -0.179752, -0.623257, 0.073469, -0.778558, 3.874722, -0.467201, 0.763391, 0.446045, 0.513517, 0.0, 0.0, 0.0, 1.0],
                [0.639589, 0.632312, -0.437159, -0.179592, -0.613263, 0.076813, -0.786135, 3.869257, -0.463503, 0.770896, 0.436902, 0.518319, 0.0, 0.0, 0.0, 1.0],
                [0.654907, 0.620388, -0.431527, -0.179393, -0.600633, 0.080767, -0.795435, 3.862475, -0.458625, 0.780125, 0.42552, 0.524277, 0.0, 0.0, 0.0, 1.0],
                [0.672708, 0.606036, -0.424481, -0.179159, -0.585437, 0.085139, -0.806235, 3.854487, -0.452467, 0.790868, 0.41207, 0.531296, 0.0, 0.0, 0.0, 1.0],
                [0.692608, 0.589321, -0.415926, -0.178894, -0.567749, 0.089725, -0.818297, 3.845403, -0.444921, 0.802901, 0.396731, 0.539277, 0.0, 0.0, 0.0, 1.0],
                [0.714203, 0.57032, -0.40577, -0.178599, -0.547653, 0.094314, -0.831373, 3.835331, -0.435879, 0.81599, 0.379697, 0.548126, 0.0, 0.0, 0.0, 1.0],
                [0.737073, 0.549127, -0.393932, -0.178278, -0.525251, 0.098694, -0.845205, 3.824382, -0.425246, 0.829891, 0.361174, 0.557746, 0.0, 0.0, 0.0, 1.0],
                [0.760788, 0.525864, -0.380354, -0.177935, -0.500675, 0.102656, -0.859527, 3.812665, -0.412949, 0.844351, 0.341386, 0.56804, 0.0, 0.0, 0.0, 1.0],
                [0.78491, 0.500684, -0.365009, -0.177573, -0.474091, 0.106005, -0.874071, 3.80029, -0.398941, 0.859115, 0.320574, 0.578912, 0.0, 0.0, 0.0, 1.0],
                [0.809012, 0.473774, -0.347905, -0.177195, -0.445698, 0.108564, -0.888576, 3.787367, -0.383215, 0.873929, 0.29899, 0.590267, 0.0, 0.0, 0.0, 1.0],
                [0.832676, 0.445361, -0.329097, -0.176804, -0.415737, 0.110181, -0.902786, 3.774005, -0.365805, 0.888546, 0.276898, 0.602006, 0.0, 0.0, 0.0, 1.0],
                [0.855515, 0.415703, -0.308684, -0.176403, -0.384484, 0.110737, -0.916466, 3.760314, -0.346794, 0.902734, 0.254569, 0.614035, 0.0, 0.0, 0.0, 1.0],
                [0.877177, 0.385094, -0.286815, -0.175996, -0.352249, 0.110151, -0.929402, 3.746403, -0.326314, 0.91628, 0.232271, 0.626256, 0.0, 0.0, 0.0, 1.0],
                [0.897361, 0.353853, -0.263687, -0.175585, -0.319369, 0.108382, -0.941412, 3.732384, -0.304543, 0.929, 0.210268, 0.638574, 0.0, 0.0, 0.0, 1.0],
                [0.915823, 0.322319, -0.239539, -0.175175, -0.286201, 0.105435, -0.952351, 3.718364, -0.281706, 0.940741, 0.188808, 0.650892, 0.0, 0.0, 0.0, 1.0],
                [0.932382, 0.290843, -0.214651, -0.174768, -0.253112, 0.101356, -0.962113, 3.704453, -0.258067, 0.951387, 0.168118, 0.663113, 0.0, 0.0, 0.0, 1.0],
                [0.946927, 0.259775, -0.189331, -0.174367, -0.220472, 0.096237, -0.970634, 3.690763, -0.233926, 0.960862, 0.148403, 0.675142, 0.0, 0.0, 0.0, 1.0],
                [0.959417, 0.229461, -0.16391, -0.173976, -0.188642, 0.090208, -0.977894, 3.6774, -0.209603, 0.969129, 0.129833, 0.686882, 0.0, 0.0, 0.0, 1.0],
                [0.969876, 0.200232, -0.138735, -0.173598, -0.157968, 0.083431, -0.983913, 3.664477, -0.185436, 0.97619, 0.112548, 0.698236, 0.0, 0.0, 0.0, 1.0],
                [0.97839, 0.172398, -0.114155, -0.173236, -0.128773, 0.076099, -0.98875, 3.652102, -0.161771, 0.982083, 0.096655, 0.709108, 0.0, 0.0, 0.0, 1.0],
                [0.985099, 0.146243, -0.090515, -0.172893, -0.101353, 0.068424, -0.992495, 3.640386, -0.138952, 0.986879, 0.082227, 0.719403, 0.0, 0.0, 0.0, 1.0],
                [0.990184, 0.122027, -0.068155, -0.172572, -0.075977, 0.060633, -0.995264, 3.629436, -0.117316, 0.990673, 0.069309, 0.729022, 0.0, 0.0, 0.0, 1.0],
                [0.99386, 0.099979, -0.047396, -0.172277, -0.052883, 0.05296, -0.997195, 3.619365, -0.097188, 0.993579, 0.057922, 0.737871, 0.0, 0.0, 0.0, 1.0],
                [0.996361, 0.080306, -0.028547, -0.172011, -0.032285, 0.04564, -0.998436, 3.61028, -0.078877, 0.995725, 0.048066, 0.745853, 0.0, 0.0, 0.0, 1.0],
                [0.99793, 0.063194, -0.011897, -0.171778, -0.014375, 0.038904, -0.99914, 3.602292, -0.062676, 0.997243, 0.039732, 0.752871, 0.0, 0.0, 0.0, 1.0],
                [0.998805, 0.048814, 0.002281, -0.171579, 0.000671, 0.032974, -0.999456, 3.59551, -0.048862, 0.998263, 0.032902, 0.758829, 0.0, 0.0, 0.0, 1.0],
                [0.999209, 0.037329, 0.013728, -0.171419, 0.012684, 0.028058, -0.999526, 3.590045, -0.037697, 0.998909, 0.027562, 0.763631, 0.0, 0.0, 0.0, 1.0],
                [0.999336, 0.028904, 0.022197, -0.171301, 0.021496, 0.024349, -0.999472, 3.586005, -0.029429, 0.999286, 0.023712, 0.76718, 0.0, 0.0, 0.0, 1.0],
                [0.999342, 0.023708, 0.02745, -0.171228, 0.026929, 0.022018, -0.999395, 3.583501, -0.024298, 0.999476, 0.021365, 0.76938, 0.0, 0.0, 0.0, 1.0],
                [0.999331, 0.021931, 0.029252, -0.171202, 0.028787, 0.021213, -0.99936, 3.582642, -0.022537, 0.999534, 0.020567, 0.770135, 0.0, 0.0, 0.0, 1.0]
            ]
        },
        {
            "name": "Thigh_R",
            "time": [0.0, 0.0167, 0.0333, 0.05, 0.0667, 0.0833, 0.1, 0.1167, 0.1333, 0.15, 0.1667, 0.1833, 0.2, 0.2167, 0.2333, 0.25, 0.2667, 0.2833, 0.3, 0.3167, 0.3333, 0.35, 0.3667, 0.3833, 0.4, 0.4167, 0.4333, 0.45, 0.4667, 0.4833, 0.5, 0.5167, 0.5333, 0.55, 0.5667, 0.5833, 0.6, 0.6167, 0.6333, 0.65, 0.6667, 0.6833, 0.7, 0.7167, 0.7333, 0.75, 0.7667, 0.7833, 0.8, 0.8167, 0.8333, 0.85, 0.8667, 0.8833, 0.9, 0.9167, 0.9333, 0.95, 0.9667, 0.9833, 1.0, 1.0167, 1.0333, 1.05, 1.0667, 1.0833, 1.1, 1.1167, 1.1333, 1.15, 1.1667, 1.1833, 1.2, 1.2167, 1.2333, 1.25, 1.2667, 1.2833, 1.3, 1.3167, 1.3333, 1.35, 1.3667, 1.3833, 1.4, 1.4167, 1.4333, 1.45, 1.4667, 1.4833, 1.5, 1.5167, 1.5333, 1.55, 1.5667, 1.5833, 1.6, 1.6167, 1.6333, 1.65, 1.6667, 1.6833, 1.7, 1.7167, 1.7333, 1.75, 1.7667, 1.7833, 1.8, 1.8167, 1.8333, 1.85, 1.8667, 1.8833, 1.9, 1.9167, 1.9333, 1.95, 1.9667, 1.9833, 2.0, 2.0167, 2.0333, 2.05, 2.0667, 2.0833, 2.1, 2.1167, 2.1333, 2.15, 2.1667, 2.1833, 2.2, 2.2167, 2.2333, 2.25, 2.2667, 2.2833, 2.3, 2.3167, 2.3333, 2.35, 2.3667, 2.3833, 2.4, 2.4167, 2.4333, 2.45, 2.4667, 2.4833, 2.5, 2.5167, 2.5333, 2.55, 2.5667, 2.5833, 2.6, 2.6167, 2.6333, 2.65, 2.6667, 2.6833, 2.7, 2.7167, 2.7333, 2.75, 2.7667, 2.7833, 2.8, 2.8167, 2.8333, 2.85, 2.8667],
            "transform": [
                [0.592873, -0.302747, -0.746221, 0.113308, 0.54456, -0.531932, 0.648462, 0.03344, -0.593259, -0.790818, -0.150504, -0.038345, 0.0, 0.0, 0.0, 1.0],
                [0.592888, -0.301911, -0.746548, 0.113308, 0.544593, -0.532597, 0.647888, 0.033439, -0.593214, -0.79069, -0.151352, -0.038345, 0.0, 0.0, 0.0, 1.0],
                [0.592932, -0.299435, -0.74751, 0.113308, 0.54469, -0.534562, 0.646186, 0.03344, -0.593081, -0.790305, -0.15386, -0.038345, 0.0, 0.0, 0.0, 1.0],
                [0.593003, -0.295364, -0.749071, 0.113308, 0.54485, -0.537774, 0.643379, 0.033439, -0.592862, -0.789658, -0.157972, -0.038345, 0.0, 0.0, 0.0, 1.0],
                [0.593099, -0.289738, -0.75119, 0.113308, 0.545073, -0.54218, 0.639481, 0.03344, -0.592562, -0.788729, -0.163638, -0.038345, 0.0, 0.0, 0.0, 1.0],
                [0.593217, -0.282588, -0.753815, 0.113308, 0.545357, -0.54772, 0.634498, 0.033439, -0.592182, -0.787494, -0.170806, -0.038345, 0.0, 0.0, 0.0, 1.0],
                [0.593355, -0.273945, -0.756891, 0.113308, 0.545703, -0.554334, 0.628429, 0.03344, -0.591725, -0.785919, -0.179424, -0.038345, 0.0, 0.0, 0.0, 1.0],
                [0.593509, -0.263833, -0.760355, 0.113308, 0.54611, -0.561953, 0.621266, 0.03344, -0.591194, -0.783965, -0.189443, -0.038345, 0.0, 0.0, 0.0, 1.0],
                [0.593675, -0.252276, -0.764138, 0.113308, 0.546579, -0.570509, 0.613, 0.03344, -0.590593, -0.781586, -0.200809, -0.038345, 0.0, 0.0, 0.0, 1.0],
                [0.593851, -0.239297, -0.768165, 0.113308, 0.547111, -0.579927, 0.603617, 0.033439, -0.589924, -0.778731, -0.213468, -0.038345, 0.0, 0.0, 0.0, 1.0],
                [0.594031, -0.22492, -0.772359, 0.113308, 0.547707, -0.590127, 0.593099, 0.033439, -0.58919, -0.775346, -0.227364, -0.038345, 0.0, 0.0, 0.0, 1.0],
                [0.594211, -0.209167, -0.776636, 0.113308, 0.548366, -0.601027, 0.581431, 0.033439, -0.588395, -0.771373, -0.242436, -0.038345, 0.0, 0.0, 0.0, 1.0],
                [0.594386, -0.192067, -0.780907, 0.113308, 0.549089, -0.612537, 0.568594, 0.033439, -0.587543, -0.766752, -0.258621, -0.038345, 0.0, 0.0, 0.0, 1.0],
                [0.594552, -0.17365, -0.785082, 0.113308, 0.549877, -0.624565, 0.554575, 0.03344, -0.586636, -0.761423, -0.275851, -0.038345, 0.0, 0.0, 0.0, 1.0],
                [0.594705, -0.153951, -0.789066, 0.113308, 0.550731, -0.637013, 0.53936, 0.03344, -0.585681, -0.755324, -0.294049, -0.038345, 0.0, 0.0, 0.0, 1.0],
                [0.594837, -0.133011, -0.792765, 0.113308, 0.55165, -0.64978, 0.522942, 0.03344, -0.58468, -0.748395, -0.313138, -0.038345, 0.0, 0.0, 0.0, 1.0],
                [0.594946, -0.110878, -0.796081, 0.113308, 0.552635, -0.662759, 0.505317, 0.033439, -0.583638, -0.740579, -0.333031, -0.038345, 0.0, 0.0, 0.0, 1.0],
                [0.595026, -0.087606, -0.798918, 0.113308, 0.553684, -0.675842, 0.486488, 0.03344, -0.582562, -0.731821, -0.353637, -0.038345, 0.0, 0.0, 0.0, 1.0],
                [0.595071, -0.06326, -0.80118, 0.113308, 0.554797, -0.688918, 0.466468, 0.03344, -0.581456, -0.722074, -0.374859, -0.038345, 0.0, 0.0, 0.0, 1.0],
                [0.595077, -0.03791, -0.802774, 0.113308, 0.555973, -0.701872, 0.445275, 0.03344, -0.580325, -0.711293, -0.396591, -0.038345, 0.0, 0.0, 0.0, 1.0],
                [0.595041, -0.011637, -0.803612, 0.113308, 0.557209, -0.714592, 0.422938, 0.033439, -0.579176, -0.699445, -0.418727, -0.038345, 0.0, 0.0, 0.0, 1.0],
                [0.594956, 0.015469, -0.803609, 0.113308, 0.558503, -0.726964, 0.399497, 0.03344, -0.578015, -0.686501, -0.441151, -0.038345, 0.0, 0.0, 0.0, 1.0],
                [0.59482, 0.04331, -0.802691, 0.113308, 0.559852, -0.738877, 0.375001, 0.03344, -0.576849, -0.672447, -0.463746, -0.038345, 0.0, 0.0, 0.0, 1.0],
                [0.59463, 0.071781, -0.800789, 0.113308, 0.561252, -0.750224, 0.349512, 0.03344, -0.575683, -0.657275, -0.486393, -0.038345, 0.0, 0.0, 0.0, 1.0],
                [0.594382, 0.100768, -0.797845, 0.113308, 0.562701, -0.760903, 0.323101, 0.03344, -0.574525, -0.640993, -0.508969, -0.038345, 0.0, 0.0, 0.0, 1.0],
                [0.594074, 0.13015, -0.793812, 0.113308, 0.564191, -0.770818, 0.29585, 0.03344, -0.57338, -0.623619, -0.531352, -0.038345, 0.0, 0.0, 0.0, 1.0],
                [0.593706, 0.159801, -0.788655, 0.113308, 0.565719, -0.779882, 0.267854, 0.03344, -0.572255, -0.605183, -0.553423, -0.038345, 0.0, 0.0, 0.0, 1.0],
                [0.593275, 0.189593, -0.782355, 0.113308, 0.567278, -0.788018, 0.239213, 0.03344, -0.571156, -0.585732, -0.575064, -0.038345, 0.0, 0.0, 0.0, 1.0],
                [0.592783, 0.219394, -0.774903, 0.113308, 0.568863, -0.795159, 0.210038, 0.03344, -0.57009, -0.565321, -0.596163, -0.038345, 0.0, 0.0, 0.0, 1.0],
                [0.59223, 0.249072, -0.766307, 0.113308, 0.570467, -0.801252, 0.180448, 0.03344, -0.569061, -0.54402, -0.616613, -0.038345, 0.0, 0.0, 0.0, 1.0],
                [0.591618, 0.278495, -0.75659, 0.113308, 0.572083, -0.806257, 0.150566, 0.03344, -0.568074, -0.52191, -0.636319, -0.038345, 0.0, 0.0, 0.0, 1.0],
                [0.590949, 0.307537, -0.745788, 0.113308, 0.573705, -0.810147, 0.120518, 0.033439, -0.567134, -0.499083, -0.655191, -0.038345, 0.0, 0.0, 0.0, 1.0],
                [0.590226, 0.336073, -0.733953, 0.113308, 0.575325, -0.81291, 0.090434, 0.033439, -0.566245, -0.475639, -0.673153, -0.038345, 0.0, 0.0, 0.0, 1.0],
                [0.589454, 0.36399, -0.721149, 0.113308, 0.576937, -0.814549, 0.060445, 0.03344, -0.56541, -0.451687, -0.690138, -0.038345, 0.0, 0.0, 0.0, 1.0],
                [0.588635, 0.391177, -0.707452, 0.113308, 0.578532, -0.815082, 0.030678, 0.03344, -0.564631, -0.427342, -0.706095, -0.038345, 0.0, 0.0, 0.0, 1.0],
                [0.587777, 0.417539, -0.69295, 0.113308, 0.580107, -0.814539, 0.001258, 0.033439, -0.56391, -0.402725, -0.720984, -0.038345, 0.0, 0.0, 0.0, 1.0],
                [0.586883, 0.442985, -0.677741, 0.113308, 0.581652, -0.812966, -0.027695, 0.03344, -0.563249, -0.377956, -0.734779, -0.038345, 0.0, 0.0, 0.0, 1.0],
                [0.58596, 0.467441, -0.661929, 0.113308, 0.583164, -0.810417, -0.056066, 0.03344, -0.562646, -0.353161, -0.747467, -0.038345, 0.0, 0.0, 0.0, 1.0],
                [0.585014, 0.490841, -0.645627, 0.113308, 0.584636, -0.806961, -0.083748, 0.03344, -0.562103, -0.328463, -0.759047, -0.038345, 0.0, 0.0, 0.0, 1.0],
                [0.584051, 0.513134, -0.62895, 0.113308, 0.586064, -0.802675, -0.110644, 0.03344, -0.561617, -0.303983, -0.769532, -0.038345, 0.0, 0.0, 0.0, 1.0],
                [0.583078, 0.534279, -0.612018, 0.113308, 0.587442, -0.797644, -0.136663, 0.033439, -0.561188, -0.279839, -0.778946, -0.038345, 0.0, 0.0, 0.0, 1.0],
                [0.582102, 0.554248, -0.594951, 0.113308, 0.588766, -0.791959, -0.161727, 0.033439, -0.560813, -0.256146, -0.787323, -0.038345, 0.0, 0.0, 0.0, 1.0],
                [0.581128, 0.573022, -0.577871, 0.113308, 0.590034, -0.785717, -0.185763, 0.03344, -0.56049, -0.233012, -0.794705, -0.038345, 0.0, 0.0, 0.0, 1.0],
                [0.580165, 0.590595, -0.560898, 0.113308, 0.591243, -0.779019, -0.208714, 0.03344, -0.560215, -0.210539, -0.801145, -0.038345, 0.0, 0.0, 0.0, 1.0],
                [0.579216, 0.60697, -0.544147, 0.113308, 0.592389, -0.771967, -0.230525, 0.03344, -0.559985, -0.188823, -0.806699, -0.038345, 0.0, 0.0, 0.0, 1.0],
                [0.57829, 0.622156, -0.527733, 0.113308, 0.593471, -0.764665, -0.251155, 0.03344, -0.559797, -0.167954, -0.81143, -0.038345, 0.0, 0.0, 0.0, 1.0],
                [0.577391, 0.636172, -0.511767, 0.113308, 0.594488, -0.757216, -0.270568, 0.03344, -0.559646, -0.148016, -0.815407, -0.038345, 0.0, 0.0, 0.0, 1.0],
                [0.576525, 0.64904, -0.496352, 0.113308, 0.595438, -0.749723, -0.288737, 0.03344, -0.559529, -0.129083, -0.818697, -0.038345, 0.0, 0.0, 0.0, 1.0],
                [0.575698, 0.66079, -0.48159, 0.113308, 0.59632, -0.742284, -0.305641, 0.03344, -0.559441, -0.111225, -0.821374, -0.038345, 0.0, 0.0, 0.0, 1.0],
                [0.574914, 0.671451, -0.467576, 0.113308, 0.597134, -0.734997, -0.321262, 0.03344, -0.559379, -0.094508, -0.823507, -0.038345, 0.0, 0.0, 0.0, 1.0],
                [0.574178, 0.681059, -0.454399, 0.113307, 0.59788, -0.727956, -0.335588, 0.03344, -0.559338, -0.078988, -0.825168, -0.038345, 0.0, 0.0, 0.0, 1.0],
                [0.573495, 0.689645, -0.442146, 0.113308, 0.598556, -0.721249, -0.348611, 0.033439, -0.559315, -0.064723, -0.826425, -0.038345, 0.0, 0.0, 0.0, 1.0],
                [0.572869, 0.697244, -0.430896, 0.113308, 0.599164, -0.714962, -0.360321, 0.03344, -0.559306, -0.051761, -0.827344, -0.038345, 0.0, 0.0, 0.0, 1.0],
                [0.572304, 0.703888, -0.420726, 0.113308, 0.599702, -0.709175, -0.370712, 0.033439, -0.559308, -0.040151, -0.827987, -0.038346, 0.0, 0.0, 0.0, 1.0],
                [0.571803, 0.709605, -0.411707, 0.113308, 0.600172, -0.703963, -0.379775, 0.033439, -0.559317, -0.029939, -0.828413, -0.038345, 0.0, 0.0, 0.0, 1.0],
                [0.57137, 0.714419, -0.403908, 0.113308, 0.600571, -0.699397, -0.387501, 0.033439, -0.55933, -0.021169, -0.828675, -0.038346, 0.0, 0.0, 0.0, 1.0],
                [0.571009, 0.718351, -0.397394, 0.113308, 0.600901, -0.695543, -0.393876, 0.033439, -0.559345, -0.013888, -0.828819, -0.038345, 0.0, 0.0, 0.0, 1.0],
