{
    "animation": [
        {
            "name": "Root",
            "time": [0.0, 0.0167, 0.0333, 0.05, 0.0667, 0.0833, 0.1, 0.1167, 0.1333, 0.15, 0.1667, 0.1833, 0.2, 0.2167, 0.2333, 0.25, 0.2667, 0.2833, 0.3, 0.3167, 0.3333, 0.35, 0.3667, 0.3833, 0.4, 0.4167, 0.4333, 0.45, 0.4667, 0.4833, 0.5, 0.5167, 0.5333, 0.55, 0.5667, 0.5833, 0.6, 0.6167, 0.6333, 0.65, 0.6667, 0.6833, 0.7, 0.7167, 0.7333, 0.75, 0.7667, 0.7833, 0.8, 0.8167, 0.8333, 0.85, 0.8667, 0.8833, 0.9, 0.9167, 0.9333, 0.95, 0.9667, 0.9833, 1.0, 1.0167, 1.0333, 1.05, 1.0667, 1.0833, 1.1, 1.1167, 1.1333, 1.15, 1.1667, 1.1833, 1.2, 1.2167, 1.2333, 1.25, 1.2667, 1.2833, 1.3, 1.3167, 1.3333, 1.35, 1.3667, 1.3833, 1.4, 1.4167, 1.4333, 1.45, 1.4667, 1.4833, 1.5, 1.5167, 1.5333, 1.55, 1.5667, 1.5833, 1.6, 1.6167, 1.6333, 1.65, 1.6667, 1.6833, 1.7, 1.7167, 1.7333, 1.75, 1.7667, 1.7833, 1.8, 1.8167, 1.8333, 1.85, 1.8667, 1.8833, 1.9667],
            "transform": [
                [0.857418, 0.039222, -0.513124, -5e-06, -0.51398, 0.11502, -0.850056, 0.000946, 0.025678, 0.992589, 0.118779, 0.763972, 0.0, 0.0, 0.0, 1.0],
                [0.855108, 0.039716, -0.516927, -1.3e-05, -0.517822, 0.114496, -0.847792, 0.001339, 0.025515, 0.99263, 0.118472, 0.763759, 0.0, 0.0, 0.0, 1.0],
                [0.848252, 0.041147, -0.527992, -3.7e-05, -0.529, 0.11297, -0.841069, 0.002794, 0.02504, 0.992746, 0.117594, 0.76314, 0.0, 0.0, 0.0, 1.0],
                [0.836842, 0.043426, -0.545719, -7.7e-05, -0.546906, 0.110501, -0.829869, 0.005728, 0.024264, 0.992927, 0.116222, 0.762143, 0.0, 0.0, 0.0, 1.0],
                [0.820739, 0.046442, -0.569413, -0.00013, -0.570833, 0.107127, -0.814048, 0.010559, 0.023193, 0.99316, 0.114434, 0.760795, 0.0, 0.0, 0.0, 1.0],
                [0.799709, 0.050073, -0.598296, -0.000196, -0.59999, 0.102878, -0.793365, 0.017703, 0.021825, 0.993433, 0.112315, 0.759125, 0.0, 0.0, 0.0, 1.0],
                [0.773466, 0.054185, -0.631517, -0.000274, -0.633517, 0.097775, -0.767526, 0.027576, 0.020158, 0.993732, 0.109952, 0.75716, 0.0, 0.0, 0.0, 1.0],
                [0.7417, 0.058639, -0.668163, -0.000362, -0.670485, 0.091839, -0.736217, 0.040597, 0.018192, 0.994046, 0.107434, 0.75493, 0.0, 0.0, 0.0, 1.0],
                [0.704112, 0.063295, -0.707262, -0.000459, -0.70991, 0.085094, -0.699133, 0.057181, 0.015932, 0.99436, 0.10485, 0.752461, 0.0, 0.0, 0.0, 1.0],
                [0.660441, 0.068011, -0.747792, -0.000565, -0.750759, 0.077567, -0.656006, 0.077745, 0.013389, 0.994665, 0.102288, 0.749781, 0.0, 0.0, 0.0, 1.0],
                [0.610484, 0.072646, -0.78869, -0.000678, -0.791958, 0.069296, -0.606631, 0.102706, 0.010583, 0.994948, 0.099837, 0.74692, 0.0, 0.0, 0.0, 1.0],
                [0.554117, 0.077067, -0.828863, -0.000798, -0.832404, 0.060324, -0.550876, 0.132482, 0.007546, 0.995199, 0.097578, 0.743904, 0.0, 0.0, 0.0, 1.0],
                [0.491306, 0.081147, -0.867198, -0.000922, -0.870976, 0.050709, -0.488702, 0.167488, 0.004318, 0.995411, 0.09559, 0.740763, 0.0, 0.0, 0.0, 1.0],
                [0.422115, 0.084766, -0.902571, -0.00105, -0.906542, 0.040515, -0.420167, 0.208142, 0.000952, 0.995577, 0.093946, 0.737523, 0.0, 0.0, 0.0, 1.0],
                [0.346707, 0.087817, -0.933853, -0.001181, -0.93797, 0.029817, -0.345432, 0.25486, -0.00249, 0.99569, 0.092708, 0.734213, 0.0, 0.0, 0.0, 1.0],
                [0.265355, 0.090204, -0.959922, -0.001313, -0.964133, 0.018698, -0.264761, 0.30806, -0.005934, 0.995748, 0.091931, 0.730861, 0.0, 0.0, 0.0, 1.0],
                [0.17843, 0.091842, -0.979657, -0.001446, -0.983909, 0.007248, -0.178525, 0.368158, -0.009296, 0.995747, 0.091657, 0.727495, 0.0, 0.0, 0.0, 1.0],
                [0.086418, 0.092657, -0.991941, -0.001578, -0.996181, -0.004439, -0.087202, 0.43557, -0.012484, 0.995688, 0.091919, 0.724143, 0.0, 0.0, 0.0, 1.0],
                [-0.010087, 0.092585, -0.995653, -0.001709, -0.99983, -0.016263, 0.008617, 0.510715, -0.015394, 0.995572, 0.092734, 0.720833, 0.0, 0.0, 0.0, 1.0],
                [-0.11036, 0.091574, -0.989664, -0.001837, -0.99373, -0.028118, 0.108212, 0.594007, -0.017918, 0.995401, 0.094103, 0.717594, 0.0, 0.0, 0.0, 1.0],
                [-0.213527, 0.089579, -0.972822, -0.001961, -0.976734, -0.039894, 0.210712, 0.685866, -0.019935, 0.99518, 0.096013, 0.714452, 0.0, 0.0, 0.0, 1.0],
                [-0.31853, 0.086562, -0.943952, -0.002081, -0.947673, -0.051477, 0.315065, 0.786706, -0.021319, 0.994916, 0.098429, 0.711436, 0.0, 0.0, 0.0, 1.0],
                [-0.42408, 0.082493, -0.90186, -0.002194, -0.905359, -0.06274, 0.419986, 0.896946, -0.021937, 0.994615, 0.101293, 0.708575, 0.0, 0.0, 0.0, 1.0],
                [-0.528589, 0.077352, -0.845347, -0.002299, -0.848602, -0.073548, 0.523894, 1.017001, -0.021649, 0.994287, 0.104518, 0.705896, 0.0, 0.0, 0.0, 1.0],
                [-0.630094, 0.071128, -0.773254, -0.002397, -0.776253, -0.08375, 0.624834, 1.147289, -0.020317, 0.993945, 0.107984, 0.703427, 0.0, 0.0, 0.0, 1.0],
                [-0.72617, 0.063828, -0.684546, -0.002485, -0.687285, -0.093175, 0.720388, 1.288227, -0.017802, 0.993602, 0.111529, 0.701196, 0.0, 0.0, 0.0, 1.0],
                [-0.813836, 0.055481, -0.57844, -0.002563, -0.580926, -0.101631, 0.807586, 1.44023, -0.013982, 0.993274, 0.114942, 0.699232, 0.0, 0.0, 0.0, 1.0],
                [-0.889494, 0.046154, -0.454609, -0.002629, -0.456862, -0.108904, 0.882846, 1.603717, -0.008762, 0.99298, 0.117956, 0.697562, 0.0, 0.0, 0.0, 1.0],
                [-0.948921, 0.035963, -0.313458, -0.002682, -0.315507, -0.114759, 0.941958, 1.779104, -0.002097, 0.992742, 0.120244, 0.696214, 0.0, 0.0, 0.0, 1.0],
                [-0.987364, 0.025092, -0.15647, -0.002721, -0.158356, -0.118956, 0.98019, 1.966808, 0.005982, 0.992582, 0.121426, 0.695216, 0.0, 0.0, 0.0, 1.0],
                [-0.999815, 0.01381, 0.01341, -0.002746, 0.011638, -0.121263, 0.992552, 2.167245, 0.015334, 0.992524, 0.12108, 0.694597, 0.0, 0.0, 0.0, 1.0],
                [-0.981501, 0.002482, 0.191442, -0.002754, 0.189729, -0.121498, 0.97429, 2.380833, 0.025678, 0.992589, 0.118779, 0.694385, 0.0, 0.0, 0.0, 1.0],
                [-0.925727, -0.006919, 0.37813, -0.002754, 0.37618, -0.119859, 0.918761, 2.607032, 0.038965, 0.992767, 0.11356, 0.694385, 0.0, 0.0, 0.0, 1.0],
                [-0.814975, -0.013299, 0.579344, -0.002754, 0.576693, -0.116834, 0.808564, 2.841476, 0.056934, 0.993062, 0.102886, 0.694385, 0.0, 0.0, 0.0, 1.0],
                [-0.62136, -0.016895, 0.783343, -0.002754, 0.779648, -0.112659, 0.616, 3.078847, 0.077843, 0.99349, 0.083174, 0.694385, 0.0, 0.0, 0.0, 1.0],
                [-0.316814, -0.01735, 0.948329, -0.002754, 0.943527, -0.107886, 0.313236, 3.313821, 0.096877, 0.994012, 0.05055, 0.694385, 0.0, 0.0, 0.0, 1.0],
                [0.093231, -0.014325, 0.995541, -0.002754, 0.990118, -0.103873, -0.094218, 3.541079, 0.10476, 0.994487, 0.004499, 0.694385, 0.0, 0.0, 0.0, 1.0],
                [0.525027, -0.008651, 0.851042, -0.002754, 0.846119, -0.102567, -0.523032, 3.755299, 0.091814, 0.994688, -0.04653, 0.694385, 0.0, 0.0, 0.0, 1.0],
                [0.844361, -0.002742, 0.535767, -0.002754, 0.532573, -0.104865, -0.839863, 3.951161, 0.058486, 0.994483, -0.087083, 0.694385, 0.0, 0.0, 0.0, 1.0],
                [0.985351, 0.001205, 0.170537, -0.002754, 0.169642, -0.109485, -0.979405, 4.123344, 0.017491, 0.993988, -0.108086, 0.694385, 0.0, 0.0, 0.0, 1.0],
                [0.990694, 0.002836, -0.136078, -0.002754, -0.134865, -0.11436, -0.984242, 4.266526, -0.018353, 0.993435, -0.112913, 0.694385, 0.0, 0.0, 0.0, 1.0],
                [0.937791, 0.003012, -0.347187, -0.002754, -0.34442, -0.11822, -0.931343, 4.375387, -0.04385, 0.992983, -0.109828, 0.694385, 0.0, 0.0, 0.0, 1.0],
                [0.882993, 0.002683, -0.469378, -0.002754, -0.465665, -0.120641, -0.876699, 4.444605, -0.058979, 0.992693, -0.105276, 0.694385, 0.0, 0.0, 0.0, 1.0],
                [0.856832, 0.002482, -0.51559, -0.002754, -0.511513, -0.121498, -0.850642, 4.468861, -0.064755, 0.992589, -0.102834, 0.694385, 0.0, 0.0, 0.0, 1.0],
                [0.851114, 0.002475, -0.524975, -0.002754, -0.520831, -0.12151, -0.844968, 4.468861, -0.065881, 0.992587, -0.10213, 0.694385, 0.0, 0.0, 0.0, 1.0],
                [0.845818, 0.002469, -0.533465, -0.002754, -0.52926, -0.121519, -0.839713, 4.468861, -0.066899, 0.992586, -0.101476, 0.694385, 0.0, 0.0, 0.0, 1.0],
                [0.840941, 0.002464, -0.541121, -0.002754, -0.53686, -0.121526, -0.834873, 4.468861, -0.067817, 0.992585, -0.100874, 0.694385, 0.0, 0.0, 0.0, 1.0],
                [0.836475, 0.00246, -0.547999, -0.002754, -0.543689, -0.121531, -0.830441, 4.468861, -0.068642, 0.992585, -0.10032, 0.694385, 0.0, 0.0, 0.0, 1.0],
                [0.832412, 0.002458, -0.554152, -0.002754, -0.549797, -0.121535, -0.826409, 4.468861, -0.06938, 0.992584, -0.099816, 0.694385, 0.0, 0.0, 0.0, 1.0],
                [0.828739, 0.002456, -0.55963, -0.002754, -0.555236, -0.121537, -0.822765, 4.468861, -0.070037, 0.992584, -0.099359, 0.694385, 0.0, 0.0, 0.0, 1.0],
                [0.825444, 0.002456, -0.564479, -0.002754, -0.56005, -0.121537, -0.819496, 4.468861, -0.070618, 0.992584, -0.098947, 0.694385, 0.0, 0.0, 0.0, 1.0],
                [0.822511, 0.002456, -0.568743, -0.002754, -0.564283, -0.121537, -0.816586, 4.468861, -0.071129, 0.992584, -0.09858, 0.694385, 0.0, 0.0, 0.0, 1.0],
                [0.819925, 0.002457, -0.572466, -0.002754, -0.567979, -0.121535, -0.81402, 4.468861, -0.071575, 0.992584, -0.098254, 0.694385, 0.0, 0.0, 0.0, 1.0],
                [0.817667, 0.002459, -0.575686, -0.002754, -0.571176, -0.121533, -0.811781, 4.468861, -0.07196, 0.992584, -0.097969, 0.694385, 0.0, 0.0, 0.0, 1.0],
                [0.815719, 0.002461, -0.578443, -0.002754, -0.573913, -0.121529, -0.809849, 4.468861, -0.072291, 0.992585, -0.097722, 0.694385, 0.0, 0.0, 0.0, 1.0],
                [0.814062, 0.002463, -0.580773, -0.002754, -0.576226, -0.121526, -0.808205, 4.468861, -0.07257, 0.992585, -0.09751, 0.694385, 0.0, 0.0, 0.0, 1.0],
                [0.812675, 0.002466, -0.582712, -0.002754, -0.578152, -0.121522, -0.806829, 4.468861, -0.072802, 0.992586, -0.097332, 0.694385, 0.0, 0.0, 0.0, 1.0],
                [0.811536, 0.002469, -0.584297, -0.002754, -0.579725, -0.121518, -0.8057, 4.468861, -0.072991, 0.992586, -0.097185, 0.694385, 0.0, 0.0, 0.0, 1.0],
                [0.810624, 0.002472, -0.585561, -0.002754, -0.58098, -0.121513, -0.804796, 4.468861, -0.073143, 0.992587, -0.097066, 0.694385, 0.0, 0.0, 0.0, 1.0],
                [0.809917, 0.002474, -0.586539, -0.002754, -0.581951, -0.121509, -0.804095, 4.468861, -0.07326, 0.992587, -0.096973, 0.694385, 0.0, 0.0, 0.0, 1.0],
                [0.809392, 0.002477, -0.587264, -0.002754, -0.582671, -0.121506, -0.803574, 4.468861, -0.073346, 0.992588, -0.096902, 0.694385, 0.0, 0.0, 0.0, 1.0],
                [0.809024, 0.002479, -0.58777, -0.002754, -0.583173, -0.121503, -0.80321, 4.468861, -0.073407, 0.992588, -0.096853, 0.694385, 0.0, 0.0, 0.0, 1.0],
                [0.808792, 0.002481, -0.58809, -0.002754, -0.583491, -0.1215, -0.802979, 4.468861, -0.073445, 0.992588, -0.096821, 0.694385, 0.0, 0.0, 0.0, 1.0],
                [0.80867, 0.002482, -0.588257, -0.002754, -0.583657, -0.121499, -0.802859, 4.468861, -0.073465, 0.992589, -0.096804, 0.694385, 0.0, 0.0, 0.0, 1.0],
                [0.808635, 0.002482, -0.588306, -0.002754, -0.583705, -0.121498, -0.802824, 4.468861, -0.073471, 0.992589, -0.096798, 0.694385, 0.0, 0.0, 0.0, 1.0],
                [0.808635, 0.002482, -0.588306, -0.002754, -0.583705, -0.121498, -0.802824, 4.468861, -0.073471, 0.992589, -0.096798, 0.694385, 0.0, 0.0, 0.0, 1.0],
                [0.808635, 0.002482, -0.588306, -0.002754, -0.583705, -0.121498, -0.802824, 4.468861, -0.073471, 0.992589, -0.096798, 0.694385, 0.0, 0.0, 0.0, 1.0],
                [0.808635, 0.002482, -0.588306, -0.002754, -0.583705, -0.121498, -0.802824, 4.468861, -0.073471, 0.992589, -0.096798, 0.694385, 0.0, 0.0, 0.0, 1.0],
                [0.808635, 0.002482, -0.588306, -0.002754, -0.583705, -0.121498, -0.802824, 4.468861, -0.073471, 0.992589, -0.096798, 0.694385, 0.0, 0.0, 0.0, 1.0],
                [0.808635, 0.002482, -0.588306, -0.002754, -0.583705, -0.121498, -0.802824, 4.468861, -0.073471, 0.992589, -0.096798, 0.694385, 0.0, 0.0, 0.0, 1.0],
                [0.808635, 0.002482, -0.588306, -0.002754, -0.583705, -0.121498, -0.802824, 4.468861, -0.073471, 0.992589, -0.096798, 0.694385, 0.0, 0.0, 0.0, 1.0],
                [0.808635, 0.002482, -0.588306, -0.002754, -0.583705, -0.121498, -0.802824, 4.468861, -0.073471, 0.992589, -0.096798, 0.694385, 0.0, 0.0, 0.0, 1.0],
                [0.808635, 0.002482, -0.588306, -0.002754, -0.583705, -0.121498, -0.802824, 4.468861, -0.073471, 0.992589, -0.096798, 0.694385, 0.0, 0.0, 0.0, 1.0],
                [0.808635, 0.002482, -0.588306, -0.002754, -0.583705, -0.121498, -0.802824, 4.468861, -0.073471, 0.992589, -0.096798, 0.694385, 0.0, 0.0, 0.0, 1.0],
                [0.808635, 0.002482, -0.588306, -0.002754, -0.583705, -0.121498, -0.802824, 4.468861, -0.073471, 0.992589, -0.096798, 0.694385, 0.0, 0.0, 0.0, 1.0],
                [0.808635, 0.002482, -0.588306, -0.002754, -0.583705, -0.121498, -0.802824, 4.468861, -0.073471, 0.992589, -0.096798, 0.694385, 0.0, 0.0, 0.0, 1.0],
                [0.808635, 0.002482, -0.588306, -0.002754, -0.583705, -0.121498, -0.802824, 4.468861, -0.073471, 0.992589, -0.096798, 0.694385, 0.0, 0.0, 0.0, 1.0],
                [0.808635, 0.002482, -0.588306, -0.002754, -0.583705, -0.121498, -0.802824, 4.468861, -0.073471, 0.992589, -0.096798, 0.694385, 0.0, 0.0, 0.0, 1.0],
                [0.808635, 0.002482, -0.588306, -0.002754, -0.583705, -0.121498, -0.802824, 4.468861, -0.073471, 0.992589, -0.096798, 0.694385, 0.0, 0.0, 0.0, 1.0],
                [0.808635, 0.002482, -0.588306, -0.002754, -0.583705, -0.121498, -0.802824, 4.468861, -0.073471, 0.992589, -0.096798, 0.694385, 0.0, 0.0, 0.0, 1.0],
                [0.808635, 0.002482, -0.588306, -0.002754, -0.583705, -0.121498, -0.802824, 4.468861, -0.073471, 0.992589, -0.096798, 0.694385, 0.0, 0.0, 0.0, 1.0],
                [0.808635, 0.002482, -0.588306, -0.002754, -0.583705, -0.121498, -0.802824, 4.468861, -0.073471, 0.992589, -0.096798, 0.694385, 0.0, 0.0, 0.0, 1.0],
                [0.808635, 0.002482, -0.588306, -0.002754, -0.583705, -0.121498, -0.802824, 4.468861, -0.073471, 0.992589, -0.096798, 0.694385, 0.0, 0.0, 0.0, 1.0],
                [0.808635, 0.002482, -0.588306, -0.002754, -0.583705, -0.121498, -0.802824, 4.468861, -0.073471, 0.992589, -0.096798, 0.694385, 0.0, 0.0, 0.0, 1.0],
                [0.808635, 0.002482, -0.588306, -0.002754, -0.583705, -0.121498, -0.802824, 4.468861, -0.073471, 0.992589, -0.096798, 0.694385, 0.0, 0.0, 0.0, 1.0],
                [0.808635, 0.002482, -0.588306, -0.002754, -0.583705, -0.121498, -0.802824, 4.468861, -0.073471, 0.992589, -0.096798, 0.694385, 0.0, 0.0, 0.0, 1.0],
                [0.808635, 0.002482, -0.588306, -0.002754, -0.583705, -0.121498, -0.802824, 4.468861, -0.073471, 0.992589, -0.096798, 0.694385, 0.0, 0.0, 0.0, 1.0],
                [0.808635, 0.002482, -0.588306, -0.002754, -0.583705, -0.121498, -0.802824, 4.468861, -0.073471, 0.992589, -0.096798, 0.694385, 0.0, 0.0, 0.0, 1.0],
                [0.808635, 0.002482, -0.588306, -0.002754, -0.583705, -0.121498, -0.802824, 4.468861, -0.073471, 0.992589, -0.096798, 0.694385, 0.0, 0.0, 0.0, 1.0],
                [0.810282, 0.002669, -0.586034, -0.002754, -0.581473, -0.120944, -0.804526, 4.465263, -0.073024, 0.992656, -0.096447, 0.694385, 0.0, 0.0, 0.0, 1.0],
                [0.815012, 0.003199, -0.579435, -0.002754, -0.574986, -0.119336, -0.809413, 4.454864, -0.071737, 0.992849, -0.095421, 0.694385, 0.0, 0.0, 0.0, 1.0],
                [0.822468, 0.00402, -0.568798, -0.002754, -0.564526, -0.116756, -0.817116, 4.438253, -0.069696, 0.993152, -0.093759, 0.694385, 0.0, 0.0, 0.0, 1.0],
                [0.83225, 0.005069, -0.554377, -0.002754, -0.550338, -0.113278, -0.827222, 4.416026, -0.066991, 0.99355, -0.091486, 0.694385, 0.0, 0.0, 0.0, 1.0],
                [0.843933, 0.006273, -0.536412, -0.002754, -0.532651, -0.108975, -0.83929, 4.38877, -0.063721, 0.994025, -0.088626, 0.694385, 0.0, 0.0, 0.0, 1.0],
                [0.857069, 0.007561, -0.515146, -0.002754, -0.511698, -0.103924, -0.852857, 4.357079, -0.059984, 0.994557, -0.085201, 0.694385, 0.0, 0.0, 0.0, 1.0],
                [0.871206, 0.008857, -0.490838, -0.002754, -0.487727, -0.098203, -0.867455, 4.321544, -0.055885, 0.995127, -0.081236, 0.694385, 0.0, 0.0, 0.0, 1.0],
                [0.885895, 0.010089, -0.463777, -0.002754, -0.461016, -0.091899, -0.88262, 4.282755, -0.051525, 0.995717, -0.076761, 0.694385, 0.0, 0.0, 0.0, 1.0],
                [0.900704, 0.011193, -0.434289, -0.002754, -0.431882, -0.085101, -0.897906, 4.241305, -0.047008, 0.996309, -0.071817, 0.694385, 0.0, 0.0, 0.0, 1.0],
                [0.915232, 0.01211, -0.402744, -0.002754, -0.400686, -0.077909, -0.912897, 4.197785, -0.042433, 0.996887, -0.066453, 0.694385, 0.0, 0.0, 0.0, 1.0],
                [0.92912, 0.012796, -0.369557, -0.002754, -0.367832, -0.070428, -0.927221, 4.152787, -0.037891, 0.997435, -0.060729, 0.694385, 0.0, 0.0, 0.0, 1.0],
                [0.94206, 0.013216, -0.335185, -0.002754, -0.333772, -0.062767, -0.940562, 4.106902, -0.033469, 0.997941, -0.054719, 0.694385, 0.0, 0.0, 0.0, 1.0],
                [0.953807, 0.013355, -0.300122, -0.002754, -0.298993, -0.05504, -0.952667, 4.06072, -0.029241, 0.998395, -0.048504, 0.694385, 0.0, 0.0, 0.0, 1.0],
                [0.964188, 0.013209, -0.26489, -0.002754, -0.264013, -0.047362, -0.963356, 4.014834, -0.025271, 0.99879, -0.042178, 0.694385, 0.0, 0.0, 0.0, 1.0],
                [0.973099, 0.012793, -0.230032, -0.002754, -0.229372, -0.039848, -0.972523, 3.969836, -0.021608, 0.999124, -0.035842, 0.694385, 0.0, 0.0, 0.0, 1.0],
                [0.98051, 0.012134, -0.196096, -0.002754, -0.195618, -0.03261, -0.980138, 3.926316, -0.018288, 0.999394, -0.029601, 0.694385, 0.0, 0.0, 0.0, 1.0],
                [0.986457, 0.011276, -0.163631, -0.002754, -0.163301, -0.025755, -0.98624, 3.884866, -0.015335, 0.999605, -0.023565, 0.694385, 0.0, 0.0, 0.0, 1.0],
                [0.991039, 0.010271, -0.133175, -0.002754, -0.132959, -0.019384, -0.990932, 3.846078, -0.012759, 0.999759, -0.017845, 0.694385, 0.0, 0.0, 0.0, 1.0],
                [0.994404, 0.009181, -0.105248, -0.002754, -0.105118, -0.013594, -0.994367, 3.810543, -0.01056, 0.999865, -0.012552, 0.694385, 0.0, 0.0, 0.0, 1.0],
                [0.996734, 0.008076, -0.080352, -0.002754, -0.080283, -0.008472, -0.996736, 3.778851, -0.008731, 0.999932, -0.007796, 0.694385, 0.0, 0.0, 0.0, 1.0],
                [0.998235, 0.007027, -0.058967, -0.002754, -0.058939, -0.004103, -0.998253, 3.751596, -0.007257, 0.999967, -0.003682, 0.694385, 0.0, 0.0, 0.0, 1.0],
                [0.999117, 0.006105, -0.041556, -0.002754, -0.041554, -0.000567, -0.999136, 3.729368, -0.006123, 0.999981, -0.000313, 0.694385, 0.0, 0.0, 0.0, 1.0],
                [0.999577, 0.005377, -0.028569, -0.002754, -0.028581, 0.002059, -0.999589, 3.712758, -0.005316, 0.999983, 0.002212, 0.694385, 0.0, 0.0, 0.0, 1.0],
                [0.999779, 0.004905, -0.020449, -0.002754, -0.020468, 0.003695, -0.999784, 3.702359, -0.004828, 0.999981, 0.003795, 0.694385, 0.0, 0.0, 0.0, 1.0],
                [0.999833, 0.004738, -0.017642, -0.002754, -0.017663, 0.00426, -0.999835, 3.698761, -0.004662, 0.99998, 0.004343, 0.694385, 0.0, 0.0, 0.0, 1.0],
                [0.999833, 0.004738, -0.017642, -0.002754, -0.017663, 0.00426, -0.999835, 3.698761, -0.004662, 0.99998, 0.004343, 0.694385, 0.0, 0.0, 0.0, 1.0]
            ]
        },
        {
            "name": "Thigh_R",
            "time": [0.0, 0.0167, 0.0333, 0.05, 0.0667, 0.0833, 0.1, 0.1167, 0.1333, 0.15, 0.1667, 0.1833, 0.2, 0.2167, 0.2333, 0.25, 0.2667, 0.2833, 0.3, 0.3167, 0.3333, 0.35, 0.3667, 0.3833, 0.4, 0.4167, 0.4333, 0.45, 0.4667, 0.4833, 0.5, 0.5167, 0.5333, 0.55, 0.5667, 0.5833, 0.6, 0.6167, 0.6333, 0.65, 0.6667, 0.6833, 0.7, 0.7167, 0.7333, 0.75, 0.7667, 0.7833, 0.8, 0.8167, 0.8333, 0.85, 0.8667, 0.8833, 0.9, 0.9167, 0.9333, 0.95, 0.9667, 0.9833, 1.0, 1.0167, 1.0333, 1.05, 1.0667, 1.0833, 1.1, 1.1167, 1.1333, 1.15, 1.1667, 1.1833, 1.2, 1.2167, 1.2333, 1.25, 1.2667, 1.2833, 1.3, 1.3167, 1.3333, 1.35, 1.3667, 1.3833, 1.4, 1.4167, 1.4333, 1.45, 1.4667, 1.4833, 1.5, 1.5167, 1.5333, 1.55, 1.5667, 1.5833, 1.6, 1.6167, 1.6333, 1.65, 1.6667, 1.6833, 1.7, 1.7167, 1.7333, 1.75, 1.7667, 1.7833, 1.8, 1.8167, 1.8333, 1.85, 1.8667, 1.8833, 1.9667],
            "transform": [
                [0.385686, 0.308838, -0.869405, 0.113308, -0.03097, -0.937447, -0.346747, 0.033439, -0.92211, 0.16066, -0.351995, -0.038345, 0.0, 0.0, 0.0, 1.0],
                [0.385685, 0.30883, -0.869409, 0.113308, -0.03096, -0.937452, -0.346734, 0.03344, -0.922111, 0.160647, -0.352, -0.038345, 0.0, 0.0, 0.0, 1.0],
                [0.385683, 0.308772, -0.86943, 0.113308, -0.030895, -0.937487, -0.346646, 0.033439, -0.922114, 0.160557, -0.352033, -0.038345, 0.0, 0.0, 0.0, 1.0],
                [0.385676, 0.308614, -0.869489, 0.113308, -0.030718, -0.937581, -0.346408, 0.033439, -0.922123, 0.16031, -0.352123, -0.038345, 0.0, 0.0, 0.0, 1.0],
                [0.385663, 0.308308, -0.869603, 0.113308, -0.030372, -0.937764, -0.345943, 0.033439, -0.922139, 0.15983, -0.352297, -0.038345, 0.0, 0.0, 0.0, 1.0],
                [0.385643, 0.307802, -0.869792, 0.113308, -0.029803, -0.938064, -0.345177, 0.03344, -0.922167, 0.159038, -0.352584, -0.038345, 0.0, 0.0, 0.0, 1.0],
                [0.385612, 0.307048, -0.870072, 0.113308, -0.028954, -0.938511, -0.344032, 0.03344, -0.922207, 0.157855, -0.353011, -0.038345, 0.0, 0.0, 0.0, 1.0],
                [0.385571, 0.305993, -0.870462, 0.113308, -0.027767, -0.939132, -0.342432, 0.03344, -0.92226, 0.156202, -0.353605, -0.038345, 0.0, 0.0, 0.0, 1.0],
                [0.385518, 0.304588, -0.870978, 0.113308, -0.026186, -0.939952, -0.340299, 0.033439, -0.922329, 0.153999, -0.354392, -0.038345, 0.0, 0.0, 0.0, 1.0],
                [0.385453, 0.302779, -0.871637, 0.113308, -0.024155, -0.940996, -0.337554, 0.03344, -0.922411, 0.151165, -0.355396, -0.038345, 0.0, 0.0, 0.0, 1.0],
                [0.385378, 0.300515, -0.872453, 0.113308, -0.021613, -0.942284, -0.334115, 0.03344, -0.922506, 0.147617, -0.35664, -0.038345, 0.0, 0.0, 0.0, 1.0],
                [0.385294, 0.29774, -0.873441, 0.113308, -0.018503, -0.943835, -0.329898, 0.03344, -0.922608, 0.143269, -0.358145, -0.038345, 0.0, 0.0, 0.0, 1.0],
                [0.385205, 0.294399, -0.874612, 0.113308, -0.014765, -0.945661, -0.324818, 0.033439, -0.922713, 0.138035, -0.359927, -0.038345, 0.0, 0.0, 0.0, 1.0],
                [0.385117, 0.290435, -0.875975, 0.113308, -0.010337, -0.947771, -0.318784, 0.03344, -0.92281, 0.131824, -0.362, -0.038345, 0.0, 0.0, 0.0, 1.0],
                [0.385038, 0.285788, -0.877537, 0.113308, -0.005158, -0.950165, -0.311704, 0.03344, -0.922886, 0.124544, -0.364375, -0.038345, 0.0, 0.0, 0.0, 1.0],
                [0.384977, 0.280396, -0.879301, 0.113308, 0.000835, -0.952837, -0.30348, 0.03344, -0.922926, 0.116098, -0.367055, -0.038345, 0.0, 0.0, 0.0, 1.0],
                [0.38495, 0.274194, -0.881267, 0.113308, 0.007708, -0.955772, -0.294008, 0.03344, -0.922905, 0.106386, -0.370038, -0.038345, 0.0, 0.0, 0.0, 1.0],
                [0.384974, 0.267116, -0.883428, 0.113308, 0.015526, -0.95894, -0.283183, 0.033439, -0.922797, 0.095302, -0.373314, -0.038345, 0.0, 0.0, 0.0, 1.0],
                [0.38507, 0.259092, -0.885772, 0.113308, 0.024355, -0.962302, -0.270889, 0.033439, -0.922566, 0.082739, -0.376864, -0.038345, 0.0, 0.0, 0.0, 1.0],
                [0.385266, 0.250049, -0.888282, 0.113308, 0.034262, -0.965801, -0.25701, 0.03344, -0.922169, 0.068583, -0.380658, -0.038345, 0.0, 0.0, 0.0, 1.0],
                [0.38563, 0.238986, -0.891165, 0.113308, 0.046321, -0.969668, -0.239994, 0.03344, -0.92149, 0.051269, -0.385004, -0.038345, 0.0, 0.0, 0.0, 1.0],
                [0.386283, 0.22505, -0.894504, 0.113308, 0.061417, -0.973901, -0.218503, 0.03344, -0.920334, 0.029466, -0.390023, -0.038345, 0.0, 0.0, 0.0, 1.0],
                [0.38734, 0.208394, -0.898075, 0.113308, 0.079325, -0.978039, -0.192736, 0.033439, -0.918518, 0.003414, -0.395365, -0.038345, 0.0, 0.0, 0.0, 1.0],
                [0.388932, 0.189183, -0.901633, 0.113308, 0.0998, -0.981581, -0.162907, 0.03344, -0.915845, -0.026623, -0.400648, -0.038345, 0.0, 0.0, 0.0, 1.0],
                [0.391188, 0.167604, -0.90492, 0.113308, 0.122568, -0.984005, -0.129267, 0.03344, -0.912112, -0.060347, -0.405475, -0.038345, 0.0, 0.0, 0.0, 1.0],
                [0.394238, 0.143878, -0.907676, 0.113308, 0.147325, -0.984789, -0.092113, 0.033439, -0.907123, -0.097409, -0.409439, -0.038346, 0.0, 0.0, 0.0, 1.0],
                [0.398197, 0.118263, -0.909644, 0.113308, 0.17373, -0.98343, -0.051806, 0.033439, -0.900698, -0.137404, -0.412145, -0.038346, 0.0, 0.0, 0.0, 1.0],
                [0.403162, 0.091055, -0.910587, 0.113308, 0.201405, -0.979468, -0.008771, 0.03344, -0.89269, -0.179861, -0.413224, -0.038346, 0.0, 0.0, 0.0, 1.0],
                [0.409204, 0.062592, -0.910293, 0.113308, 0.229945, -0.972519, 0.036497, 0.033439, -0.882993, -0.224252, -0.412351, -0.038345, 0.0, 0.0, 0.0, 1.0],
                [0.416359, 0.033244, -0.908592, 0.113308, 0.25892, -0.962288, 0.08344, 0.033439, -0.871553, -0.269994, -0.409265, -0.038345, 0.0, 0.0, 0.0, 1.0],
                [0.424626, 0.003409, -0.905362, 0.113308, 0.287893, -0.948597, 0.131453, 0.033439, -0.858377, -0.316466, -0.403781, -0.038345, 0.0, 0.0, 0.0, 1.0],
                [0.433963, -0.026502, -0.900541, 0.113308, 0.316429, -0.931402, 0.179894, 0.03344, -0.843534, -0.363024, -0.395808, -0.038345, 0.0, 0.0, 0.0, 1.0],
                [0.444283, -0.056079, -0.894129, 0.113308, 0.344116, -0.910796, 0.228111, 0.033439, -0.827162, -0.40903, -0.385354, -0.038345, 0.0, 0.0, 0.0, 1.0],
                [0.455463, -0.084928, -0.886195, 0.113308, 0.370579, -0.887011, 0.275466, 0.03344, -0.80946, -0.453869, -0.372528, -0.038345, 0.0, 0.0, 0.0, 1.0],
                [0.46734, -0.112685, -0.876867, 0.113308, 0.395494, -0.860415, 0.321356, 0.03344, -0.790681, -0.496979, -0.35754, -0.038346, 0.0, 0.0, 0.0, 1.0],
                [0.479727, -0.139033, -0.866333, 0.113308, 0.418603, -0.831487, 0.36524, 0.033439, -0.771125, -0.537865, -0.340687, -0.038345, 0.0, 0.0, 0.0, 1.0],
                [0.492411, -0.163707, -0.854828, 0.113308, 0.439715, -0.800802, 0.406653, 0.033439, -0.75112, -0.576121, -0.32234, -0.038345, 0.0, 0.0, 0.0, 1.0],
                [0.505173, -0.186503, -0.842625, 0.113307, 0.458712, -0.769003, 0.445216, 0.03344, -0.731016, -0.611433, -0.302928, -0.038345, 0.0, 0.0, 0.0, 1.0],
                [0.517785, -0.207278, -0.830021, 0.113308, 0.475546, -0.736773, 0.480647, 0.03344, -0.711164, -0.643585, -0.282919, -0.038345, 0.0, 0.0, 0.0, 1.0],
                [0.530024, -0.225948, -0.817326, 0.113308, 0.490234, -0.704809, 0.512752, 0.03344, -0.691915, -0.672452, -0.262799, -0.038345, 0.0, 0.0, 0.0, 1.0],
                [0.541678, -0.242481, -0.804853, 0.113308, 0.502843, -0.673805, 0.54142, 0.033439, -0.673598, -0.69799, -0.243056, -0.038345, 0.0, 0.0, 0.0, 1.0],
                [0.552546, -0.256888, -0.792907, 0.113308, 0.513484, -0.644427, 0.56661, 0.033439, -0.656527, -0.720223, -0.224168, -0.038345, 0.0, 0.0, 0.0, 1.0],
                [0.562444, -0.269214, -0.781781, 0.113308, 0.522295, -0.617307, 0.588336, 0.033439, -0.640988, -0.739226, -0.206591, -0.038345, 0.0, 0.0, 0.0, 1.0],
                [0.571202, -0.279521, -0.771749, 0.113307, 0.529428, -0.593034, 0.606643, 0.033439, -0.627243, -0.755102, -0.190756, -0.038346, 0.0, 0.0, 0.0, 1.0],
                [0.578667, -0.287879, -0.763066, 0.113308, 0.535036, -0.57215, 0.621595, 0.03344, -0.615533, -0.767965, -0.177059, -0.038345, 0.0, 0.0, 0.0, 1.0],
                [0.584696, -0.294353, -0.755968, 0.113308, 0.539259, -0.555156, 0.633247, 0.033439, -0.606078, -0.777919, -0.165865, -0.038345, 0.0, 0.0, 0.0, 1.0],
                [0.589157, -0.298987, -0.750667, 0.113308, 0.542211, -0.54251, 0.64163, 0.033439, -0.599083, -0.785041, -0.15751, -0.038346, 0.0, 0.0, 0.0, 1.0],
                [0.591924, -0.301795, -0.74736, 0.113307, 0.543969, -0.534638, 0.64673, 0.033439, -0.594747, -0.789355, -0.152298, -0.038346, 0.0, 0.0, 0.0, 1.0],
                [0.592873, -0.302747, -0.746221, 0.113308, 0.54456, -0.531932, 0.648462, 0.03344, -0.593259, -0.790818, -0.150504, -0.038345, 0.0, 0.0, 0.0, 1.0],
                [0.592873, -0.302747, -0.746221, 0.113308, 0.54456, -0.531932, 0.648462, 0.03344, -0.593259, -0.790818, -0.150504, -0.038345, 0.0, 0.0, 0.0, 1.0],
                [0.592873, -0.302747, -0.746221, 0.113308, 0.54456, -0.531932, 0.648462, 0.03344, -0.593259, -0.790818, -0.150504, -0.038345, 0.0, 0.0, 0.0, 1.0],
                [0.592873, -0.302747, -0.746221, 0.113308, 0.54456, -0.531932, 0.648462, 0.03344, -0.593259, -0.790818, -0.150504, -0.038345, 0.0, 0.0, 0.0, 1.0],
                [0.592873, -0.302747, -0.746221, 0.113308, 0.54456, -0.531932, 0.648462, 0.03344, -0.593259, -0.790818, -0.150504, -0.038345, 0.0, 0.0, 0.0, 1.0],
                [0.592873, -0.302747, -0.746221, 0.113308, 0.54456, -0.531932, 0.648462, 0.03344, -0.593259, -0.790818, -0.150504, -0.038345, 0.0, 0.0, 0.0, 1.0],
                [0.592873, -0.302747, -0.746221, 0.113308, 0.54456, -0.531932, 0.648462, 0.03344, -0.593259, -0.790818, -0.150504, -0.038345, 0.0, 0.0, 0.0, 1.0],
                [0.592873, -0.302747, -0.746221, 0.113308, 0.54456, -0.531932, 0.648462, 0.03344, -0.593259, -0.790818, -0.150504, -0.038345, 0.0, 0.0, 0.0, 1.0],
                [0.592873, -0.302747, -0.746221, 0.113307, 0.54456, -0.531932, 0.648462, 0.033439, -0.593259, -0.790818, -0.150504, -0.038346, 0.0, 0.0, 0.0, 1.0],
                [0.592873, -0.302747, -0.746221, 0.113308, 0.54456, -0.531932, 0.648462, 0.033439, -0.593259, -0.790818, -0.150504, -0.038345, 0.0, 0.0, 0.0, 1.0],
                [0.592873, -0.302747, -0.746221, 0.113308, 0.54456, -0.531932, 0.648462, 0.033439, -0.593259, -0.790818, -0.150504, -0.038345, 0.0, 0.0, 0.0, 1.0],
                [0.592873, -0.302747, -0.746221, 0.113308, 0.54456, -0.531932, 0.648462, 0.03344, -0.593259, -0.790818, -0.150504, -0.038345, 0.0, 0.0, 0.0, 1.0],
                [0.592873, -0.302747, -0.746221, 0.113307, 0.54456, -0.531932, 0.648462, 0.033439, -0.593259, -0.790818, -0.150504, -0.038346, 0.0, 0.0, 0.0, 1.0],
                [0.592873, -0.302747, -0.746221, 0.113308, 0.54456, -0.531932, 0.648462, 0.03344, -0.593259, -0.790818, -0.150504, -0.038345, 0.0, 0.0, 0.0, 1.0],
                [0.592873, -0.302747, -0.746221, 0.113308, 0.54456, -0.531932, 0.648462, 0.033439, -0.593259, -0.790818, -0.150504, -0.038346, 0.0, 0.0, 0.0, 1.0],
                [0.592873, -0.302747, -0.746221, 0.113308, 0.54456, -0.531932, 0.648462, 0.03344, -0.593259, -0.790818, -0.150504, -0.038345, 0.0, 0.0, 0.0, 1.0],
                [0.592873, -0.302747, -0.746221, 0.113307, 0.54456, -0.531932, 0.648462, 0.033439, -0.593259, -0.790818, -0.150504, -0.038346, 0.0, 0.0, 0.0, 1.0],
                [0.592873, -0.302747, -0.746221, 0.113307, 0.54456, -0.531932, 0.648462, 0.033439, -0.593259, -0.790818, -0.150504, -0.038346, 0.0, 0.0, 0.0, 1.0],
                [0.592873, -0.302747, -0.746221, 0.113307, 0.54456, -0.531932, 0.648462, 0.033439, -0.593259, -0.790818, -0.150504, -0.038346, 0.0, 0.0, 0.0, 1.0],
                [0.592873, -0.302747, -0.746221, 0.113307, 0.54456, -0.531932, 0.648462, 0.033439, -0.593259, -0.790818, -0.150504, -0.038346, 0.0, 0.0, 0.0, 1.0],
                [0.592873, -0.302747, -0.746221, 0.113307, 0.54456, -0.531932, 0.648462, 0.033439, -0.593259, -0.790818, -0.150504, -0.038346, 0.0, 0.0, 0.0, 1.0],
                [0.592873, -0.302747, -0.746221, 0.113307, 0.54456, -0.531932, 0.648462, 0.033439, -0.593259, -0.790818, -0.150504, -0.038346, 0.0, 0.0, 0.0, 1.0],
                [0.592873, -0.302747, -0.746221, 0.113307, 0.54456, -0.531932, 0.648462, 0.033439, -0.593259, -0.790818, -0.150504, -0.038346, 0.0, 0.0, 0.0, 1.0],
                [0.592873, -0.302747, -0.746221, 0.113307, 0.54456, -0.531932, 0.648462, 0.033439, -0.593259, -0.790818, -0.150504, -0.038346, 0.0, 0.0, 0.0, 1.0],
                [0.592873, -0.302747, -0.746221, 0.113307, 0.54456, -0.531932, 0.648462, 0.033439, -0.593259, -0.790818, -0.150504, -0.038346, 0.0, 0.0, 0.0, 1.0],
                [0.592873, -0.302747, -0.746221, 0.113307, 0.54456, -0.531932, 0.648462, 0.033439, -0.593259, -0.790818, -0.150504, -0.038346, 0.0, 0.0, 0.0, 1.0],
                [0.592873, -0.302747, -0.746221, 0.113307, 0.54456, -0.531932, 0.648462, 0.033439, -0.593259, -0.790818, -0.150504, -0.038346, 0.0, 0.0, 0.0, 1.0],
                [0.592873, -0.302747, -0.746221, 0.113307, 0.54456, -0.531932, 0.648462, 0.033439, -0.593259, -0.790818, -0.150504, -0.038346, 0.0, 0.0, 0.0, 1.0],
                [0.592873, -0.302747, -0.746221, 0.113307, 0.54456, -0.531932, 0.648462, 0.033439, -0.593259, -0.790818, -0.150504, -0.038346, 0.0, 0.0, 0.0, 1.0],
                [0.592873, -0.302747, -0.746221, 0.113307, 0.54456, -0.531932, 0.648462, 0.033439, -0.593259, -0.790818, -0.150504, -0.038346, 0.0, 0.0, 0.0, 1.0],
                [0.592873, -0.302747, -0.746221, 0.113307, 0.54456, -0.531932, 0.648462, 0.033439, -0.593259, -0.790818, -0.150504, -0.038346, 0.0, 0.0, 0.0, 1.0],
                [0.592873, -0.302747, -0.746221, 0.113307, 0.54456, -0.531932, 0.648462, 0.033439, -0.593259, -0.790818, -0.150504, -0.038346, 0.0, 0.0, 0.0, 1.0],
                [0.592873, -0.302747, -0.746221, 0.113307, 0.54456, -0.531932, 0.648462, 0.033439, -0.593259, -0.790818, -0.150504, -0.038346, 0.0, 0.0, 0.0, 1.0],
                [0.592873, -0.302747, -0.746221, 0.113307, 0.54456, -0.531932, 0.648462, 0.033439, -0.593259, -0.790818, -0.150504, -0.038346, 0.0, 0.0, 0.0, 1.0],
                [0.592873, -0.302747, -0.746221, 0.113307, 0.54456, -0.531932, 0.648462, 0.033439, -0.593259, -0.790818, -0.150504, -0.038346, 0.0, 0.0, 0.0, 1.0],
                [0.592873, -0.302747, -0.746221, 0.113307, 0.54456, -0.531932, 0.648462, 0.033439, -0.593259, -0.790818, -0.150504, -0.038346, 0.0, 0.0, 0.0, 1.0],
                [0.592873, -0.302747, -0.746221, 0.113307, 0.54456, -0.531932, 0.648462, 0.033439, -0.593259, -0.790818, -0.150504, -0.038346, 0.0, 0.0, 0.0, 1.0],
                [0.592873, -0.302747, -0.746221, 0.113307, 0.54456, -0.531932, 0.648462, 0.033439, -0.593259, -0.790818, -0.150504, -0.038346, 0.0, 0.0, 0.0, 1.0],
                [0.592873, -0.302747, -0.746221, 0.113307, 0.54456, -0.531932, 0.648462, 0.033439, -0.593259, -0.790818, -0.150504, -0.038346, 0.0, 0.0, 0.0, 1.0],
                [0.592873, -0.302747, -0.746221, 0.113307, 0.54456, -0.531932, 0.648462, 0.033439, -0.593259, -0.790818, -0.150504, -0.038346, 0.0, 0.0, 0.0, 1.0],
                [0.592873, -0.302747, -0.746221, 0.113307, 0.54456, -0.531932, 0.648462, 0.033439, -0.593259, -0.790818, -0.150504, -0.038346, 0.0, 0.0, 0.0, 1.0],
                [0.59813, -0.297833, -0.744, 0.113362, 0.541225, -0.534552, 0.649099, 0.03327, -0.59103, -0.790917, -0.158537, -0.038166, 0.0, 0.0, 0.0, 1.0],
                [0.613355, -0.283503, -0.737171, 0.11352, 0.531486, -0.542252, 0.650757, 0.03278, -0.584224, -0.790942, -0.181915, -0.037649, 0.0, 0.0, 0.0, 1.0],
                [0.63773, -0.260251, -0.724962, 0.113772, 0.515639, -0.554939, 0.652809, 0.031998, -0.572204, -0.790134, -0.219706, -0.036822, 0.0, 0.0, 0.0, 1.0],
                [0.670336, -0.228506, -0.705999, 0.114109, 0.493911, -0.572653, 0.654309, 0.030951, -0.553806, -0.787308, -0.271009, -0.035716, 0.0, 0.0, 0.0, 1.0],
                [0.71001, -0.188783, -0.678414, 0.114523, 0.466567, -0.59548, 0.654002, 0.029667, -0.527447, -0.780874, -0.334717, -0.034359, 0.0, 0.0, 0.0, 1.0],
                [0.755166, -0.141865, -0.639999, 0.115004, 0.434036, -0.623441, 0.650334, 0.028175, -0.491261, -0.768893, -0.409227, -0.032781, 0.0, 0.0, 0.0, 1.0],
                [0.803632, -0.088992, -0.588435, 0.115543, 0.397043, -0.656367, 0.641512, 0.026501, -0.443319, -0.749174, -0.492145, -0.031012, 0.0, 0.0, 0.0, 1.0],
                [0.852553, -0.03204, -0.521658, 0.116132, 0.356745, -0.693759, 0.625645, 0.024674, -0.381951, -0.719494, -0.580036, -0.029083, 0.0, 0.0, 0.0, 1.0],
                [0.898413, 0.026385, -0.438358, 0.116761, 0.31481, -0.734652, 0.600983, 0.022722, -0.306184, -0.677931, -0.668327, -0.027018, 0.0, 0.0, 0.0, 1.0],
                [0.937284, 0.083014, -0.338536, 0.117421, 0.273396, -0.777557, 0.566268, 0.020672, -0.216223, -0.623309, -0.751488, -0.024852, 0.0, 0.0, 0.0, 1.0],
                [0.965311, 0.134207, -0.22397, 0.118104, 0.234981, -0.82051, 0.521101, 0.018553, -0.113834, -0.555654, -0.823584, -0.022612, 0.0, 0.0, 0.0, 1.0],
                [0.979378, 0.176469, -0.098371, 0.118801, 0.20202, -0.861283, 0.466239, 0.016392, -0.002449, -0.476497, -0.879173, -0.020328, 0.0, 0.0, 0.0, 1.0],
                [0.97777, 0.207076, 0.032934, 0.119501, 0.176527, -0.897723, 0.403647, 0.014217, 0.113152, -0.38886, -0.914322, -0.018029, 0.0, 0.0, 0.0, 1.0],
                [0.960582, 0.224613, 0.163805, 0.120198, 0.159684, -0.928132, 0.33626, 0.012056, 0.227561, -0.296848, -0.927414, -0.015745, 0.0, 0.0, 0.0, 1.0],
                [0.929696, 0.229207, 0.288322, 0.12088, 0.151644, -0.951555, 0.267481, 0.009936, 0.335663, -0.204954, -0.919415, -0.013505, 0.0, 0.0, 0.0, 1.0],
                [0.888348, 0.222392, 0.40172, 0.121541, 0.151587, -0.967874, 0.2006, 0.007887, 0.433427, -0.117307, -0.893521, -0.011339, 0.0, 0.0, 0.0, 1.0],
                [0.840451, 0.206674, 0.500928, 0.12217, 0.15798, -0.977705, 0.138326, 0.005934, 0.518348, -0.03712, -0.854364, -0.009276, 0.0, 0.0, 0.0, 1.0],
                [0.789931, 0.185, 0.584623, 0.122758, 0.16893, -0.982165, 0.082544, 0.004108, 0.589467, 0.033557, -0.807095, -0.007345, 0.0, 0.0, 0.0, 1.0],
                [0.740262, 0.16029, 0.652931, 0.123298, 0.182504, -0.982606, 0.034309, 0.002434, 0.647074, 0.093765, -0.75664, -0.005576, 0.0, 0.0, 0.0, 1.0],
                [0.694238, 0.135135, 0.706946, 0.123779, 0.196946, -0.980396, -0.005999, 0.000941, 0.692276, 0.143395, -0.707242, -0.003998, 0.0, 0.0, 0.0, 1.0],
                [0.653961, 0.111669, 0.748242, 0.124192, 0.210784, -0.976776, -0.038449, -0.000342, 0.726571, 0.182862, -0.662311, -0.002642, 0.0, 0.0, 0.0, 1.0],
                [0.620954, 0.091561, 0.778481, 0.124529, 0.222848, -0.972793, -0.063339, -0.001389, 0.751502, 0.212814, -0.624464, -0.001535, 0.0, 0.0, 0.0, 1.0],
                [0.59633, 0.076095, 0.799125, 0.124782, 0.232233, -0.969281, -0.081002, -0.002171, 0.768413, 0.233887, -0.595683, -0.000709, 0.0, 0.0, 0.0, 1.0],
                [0.580969, 0.066257, 0.811224, 0.124939, 0.238244, -0.966871, -0.091652, -0.002661, 0.778277, 0.246517, -0.577507, -0.000191, 0.0, 0.0, 0.0, 1.0],
                [0.575668, 0.06283, 0.815266, 0.124994, 0.240345, -0.966001, -0.095264, -0.002831, 0.781563, 0.250786, -0.571197, -1.2e-05, 0.0, 0.0, 0.0, 1.0],
                [0.575668, 0.06283, 0.815266, 0.124994, 0.240345, -0.966001, -0.095264, -0.002831, 0.781563, 0.250786, -0.571197, -1.2e-05, 0.0, 0.0, 0.0, 1.0]
            ]
        },
        {
            "name": "Leg_R",
