{
    "animation": [
        {
            "name": "Root",
            "time": [0.0, 0.0167, 0.0333, 0.05, 0.0667, 0.0833, 0.1, 0.1167, 0.1333, 0.15, 0.1667, 0.1833, 0.2, 0.2167, 0.2333, 0.25, 0.2667, 0.2833, 0.3, 0.3167, 0.3333, 0.35, 0.3667, 0.3833, 0.4, 0.4167, 0.4333, 0.45, 0.4667, 0.4833, 0.5, 0.5167, 0.5333, 0.55, 0.5667, 0.5833, 0.6, 0.6167, 0.6333, 0.65, 0.6667, 0.6833, 0.7, 0.7167, 0.7333, 0.75, 0.7667, 0.7833, 0.8, 0.8167, 0.8333, 0.85, 0.8667, 0.8833, 0.9, 0.9167, 0.9333, 0.95, 0.9667, 0.9833, 1.0, 1.0167, 1.0333, 1.05, 1.0667, 1.0833, 1.1, 1.1167, 1.1333, 1.15, 1.1667, 1.1833, 1.2, 1.2167, 1.2333, 1.25, 1.2667, 1.2833, 1.3, 1.3167, 1.3333, 1.35, 1.3667, 1.3833, 1.4, 1.4167, 1.4333, 1.45, 1.4667, 1.4833, 1.5, 1.5167, 1.5333, 1.55, 1.5667, 1.5833, 1.6, 1.6167, 1.6333, 1.65, 1.6667, 1.6833, 1.7, 1.7167, 1.7333, 1.75, 1.7667, 1.7833, 1.8, 1.8167, 1.8333, 1.85, 1.8667, 1.8833, 1.9, 1.9167, 1.9333, 1.95, 1.9667, 1.9833, 2.0, 2.0167, 2.0333, 2.05, 2.0667, 2.0833, 2.1, 2.1167, 2.1333, 2.15, 2.1667, 2.1833, 2.2, 2.2167, 2.2333, 2.25, 2.2667, 2.2833, 2.3, 2.3167, 2.3333, 2.55],
            "transform": [
                [0.766044, 0.0, -0.642788, -5e-06, -0.642788, 0.0, -0.766044, 0.000946, 0.0, 1.0, 0.0, 0.626906, 0.0, 0.0, 0.0, 1.0],
                [0.766044, 0.0, -0.642788, -5e-06, -0.642788, 0.0, -0.766044, 0.000946, 0.0, 1.0, 0.0, 0.626906, 0.0, 0.0, 0.0, 1.0],
                [0.766044, 0.0, -0.642788, -5e-06, -0.642788, 0.0, -0.766044, 0.000946, 0.0, 1.0, 0.0, 0.626906, 0.0, 0.0, 0.0, 1.0],
                [0.766044, 0.0, -0.642788, -5e-06, -0.642788, 0.0, -0.766044, 0.000946, 0.0, 1.0, 0.0, 0.626906, 0.0, 0.0, 0.0, 1.0],
                [0.766044, 0.0, -0.642788, -5e-06, -0.642788, 0.0, -0.766044, 0.000946, 0.0, 1.0, 0.0, 0.626906, 0.0, 0.0, 0.0, 1.0],
                [0.766044, 0.0, -0.642788, -5e-06, -0.642788, 0.0, -0.766044, 0.000946, 0.0, 1.0, 0.0, 0.626906, 0.0, 0.0, 0.0, 1.0],
                [0.766044, 0.0, -0.642788, -5e-06, -0.642788, 0.0, -0.766044, 0.000946, 0.0, 1.0, 0.0, 0.626906, 0.0, 0.0, 0.0, 1.0],
                [0.766044, 0.0, -0.642788, -5e-06, -0.642788, 0.0, -0.766044, 0.000946, 0.0, 1.0, 0.0, 0.626906, 0.0, 0.0, 0.0, 1.0],
                [0.766044, 0.0, -0.642788, -5e-06, -0.642788, 0.0, -0.766044, 0.000946, 0.0, 1.0, 0.0, 0.626906, 0.0, 0.0, 0.0, 1.0],
                [0.766044, 0.0, -0.642788, -5e-06, -0.642788, 0.0, -0.766044, 0.000946, 0.0, 1.0, 0.0, 0.626906, 0.0, 0.0, 0.0, 1.0],
                [0.766044, 0.0, -0.642788, -5e-06, -0.642788, 0.0, -0.766044, 0.000946, 0.0, 1.0, 0.0, 0.626906, 0.0, 0.0, 0.0, 1.0],
                [0.766044, 0.0, -0.642788, -5e-06, -0.642788, 0.0, -0.766044, 0.000946, 0.0, 1.0, 0.0, 0.626906, 0.0, 0.0, 0.0, 1.0],
                [0.766044, 0.0, -0.642788, -5e-06, -0.642788, 0.0, -0.766044, 0.000946, 0.0, 1.0, 0.0, 0.626906, 0.0, 0.0, 0.0, 1.0],
                [0.766044, 0.0, -0.642788, -5e-06, -0.642788, 0.0, -0.766044, 0.000946, 0.0, 1.0, 0.0, 0.626906, 0.0, 0.0, 0.0, 1.0],
                [0.766044, 0.0, -0.642788, -5e-06, -0.642788, 0.0, -0.766044, 0.000946, 0.0, 1.0, 0.0, 0.626906, 0.0, 0.0, 0.0, 1.0],
                [0.766044, 0.0, -0.642788, -5e-06, -0.642788, 0.0, -0.766044, 0.000946, 0.0, 1.0, 0.0, 0.626906, 0.0, 0.0, 0.0, 1.0],
                [0.766044, 0.0, -0.642788, -5e-06, -0.642788, 0.0, -0.766044, 0.000946, 0.0, 1.0, 0.0, 0.626906, 0.0, 0.0, 0.0, 1.0],
                [0.766044, 0.0, -0.642788, -5e-06, -0.642788, 0.0, -0.766044, 0.000946, 0.0, 1.0, 0.0, 0.626906, 0.0, 0.0, 0.0, 1.0],
                [0.766044, 0.0, -0.642788, -5e-06, -0.642788, 0.0, -0.766044, 0.000946, 0.0, 1.0, 0.0, 0.626906, 0.0, 0.0, 0.0, 1.0],
                [0.766044, 0.0, -0.642788, -5e-06, -0.642788, 0.0, -0.766044, 0.000946, 0.0, 1.0, 0.0, 0.626906, 0.0, 0.0, 0.0, 1.0],
                [0.773909, 0.006587, -0.633263, -5e-06, -0.633183, -0.010918, -0.773925, -7.4e-05, -0.012012, 0.999919, -0.004278, 0.637176, 0.0, 0.0, 0.0, 1.0],
                [0.795431, 0.026105, -0.605481, -5e-06, -0.6043, -0.041572, -0.795672, -0.003704, -0.045942, 0.998794, -0.017293, 0.666201, 0.0, 0.0, 0.0, 1.0],
                [0.826334, 0.059083, -0.560072, -5e-06, -0.554518, -0.088389, -0.827464, -0.010798, -0.098393, 0.994332, -0.040276, 0.711302, 0.0, 0.0, 0.0, 1.0],
                [0.860875, 0.106599, -0.497525, -5e-06, -0.481247, -0.146911, -0.864187, -0.022211, -0.165213, 0.983389, -0.075171, 0.769798, 0.0, 0.0, 0.0, 1.0],
                [0.892049, 0.169406, -0.418988, -5e-06, -0.382335, -0.211447, -0.899505, -0.038796, -0.240976, 0.962596, -0.123851, 0.839012, 0.0, 0.0, 0.0, 1.0],
                [0.91216, 0.247064, -0.326993, -5e-06, -0.257555, -0.275061, -0.926287, -0.061409, -0.318795, 0.92914, -0.187267, 0.916263, 0.0, 0.0, 0.0, 1.0],
                [0.913926, 0.337255, -0.225828, -5e-06, -0.109836, -0.330128, -0.937524, -0.090903, -0.390737, 0.881632, -0.26467, 0.998873, 0.0, 0.0, 0.0, 1.0],
                [0.891924, 0.435607, -0.121319, -5e-06, 0.054277, -0.36949, -0.927648, -0.128133, -0.448916, 0.820807, -0.3532, 1.084162, 0.0, 0.0, 0.0, 1.0],
                [0.843847, 0.536214, -0.019931, -5e-06, 0.22535, -0.387856, -0.893748, -0.173953, -0.48697, 0.749695, -0.448126, 1.169451, 0.0, 0.0, 0.0, 1.0],
                [0.770956, 0.632749, 0.0725, -5e-06, 0.39284, -0.382842, -0.836127, -0.229217, -0.501303, 0.673098, -0.543723, 1.252061, 0.0, 0.0, 0.0, 1.0],
                [0.677461, 0.719707, 0.151884, -5e-06, 0.547227, -0.355164, -0.757892, -0.29478, -0.491517, 0.596558, -0.634453, 1.329312, 0.0, 0.0, 0.0, 1.0],
                [0.569136, 0.793258, 0.216391, -5e-06, 0.68159, -0.307947, -0.663779, -0.371495, -0.459911, 0.525271, -0.715941, 1.398525, 0.0, 0.0, 0.0, 1.0],
                [0.451786, 0.85146, 0.26628, -5e-06, 0.792135, -0.245562, -0.558769, -0.460218, -0.410381, 0.463374, -0.785412, 1.457022, 0.0, 0.0, 0.0, 1.0],
                [0.330106, 0.893899, 0.303274, -5e-06, 0.877754, -0.172496, -0.446981, -0.561803, -0.347243, 0.413751, -0.841565, 1.502122, 0.0, 0.0, 0.0, 1.0],
                [0.207105, 0.921045, 0.329824, -5e-06, 0.939058, -0.092607, -0.331051, -0.677103, -0.274369, 0.378286, -0.884093, 1.531147, 0.0, 0.0, 0.0, 1.0],
                [0.083976, 0.933547, 0.348479, -5e-06, 0.977252, -0.00881, -0.211898, -0.806974, -0.194747, 0.358346, -0.913051, 1.541418, 0.0, 0.0, 0.0, 1.0],
                [-0.040023, 0.934279, 0.35429, -5e-06, 0.993636, 0.074577, -0.084415, -0.951798, -0.105289, 0.348656, -0.931318, 1.537546, 0.0, 0.0, 0.0, 1.0],
                [-0.165516, 0.925988, 0.339339, -5e-06, 0.986207, 0.155851, 0.055745, -1.110076, -0.001268, 0.343885, -0.939011, 1.526307, 0.0, 0.0, 0.0, 1.0],
                [-0.291117, 0.908193, 0.300728, -5e-06, 0.949556, 0.23599, 0.206523, -1.279839, 0.116594, 0.345681, -0.931081, 1.508268, 0.0, 0.0, 0.0, 1.0],
                [-0.413067, 0.879829, 0.235109, -5e-06, 0.876988, 0.314699, 0.363121, -1.459116, 0.245496, 0.356181, -0.901591, 1.483995, 0.0, 0.0, 0.0, 1.0],
                [-0.524629, 0.83976, 0.139881, -5e-06, 0.762079, 0.390006, 0.516848, -1.645936, 0.379474, 0.377754, -0.844572, 1.454055, 0.0, 0.0, 0.0, 1.0],
                [-0.616154, 0.787483, 0.01499, -5e-06, 0.601325, 0.458035, 0.654685, -1.83833, 0.508687, 0.4124, -0.755753, 1.419014, 0.0, 0.0, 0.0, 1.0],
                [-0.676497, 0.723952, -0.135076, -5e-06, 0.397491, 0.513346, 0.760577, -2.034328, 0.619962, 0.460837, -0.635041, 1.379438, 0.0, 0.0, 0.0, 1.0],
                [-0.696123, 0.652133, -0.300227, -5e-06, 0.162105, 0.550167, 0.81917, -2.231959, 0.699382, 0.521574, -0.488698, 1.335894, 0.0, 0.0, 0.0, 1.0],
                [-0.670956, 0.576775, -0.465993, -5e-06, -0.085149, 0.564359, 0.821127, -2.429253, 0.736592, 0.590618, -0.329548, 1.288949, 0.0, 0.0, 0.0, 1.0],
                [-0.604792, 0.503189, -0.617275, -5e-06, -0.321194, 0.555141, 0.767237, -2.62424, 0.72874, 0.662284, -0.174124, 1.239168, 0.0, 0.0, 0.0, 1.0],
                [-0.508406, 0.435595, -0.742819, -5e-06, -0.526402, 0.525465, 0.668422, -2.81495, 0.681487, 0.730851, -0.037852, 1.187119, 0.0, 0.0, 0.0, 1.0],
                [-0.395837, 0.375981, -0.837825, -5e-06, -0.689597, 0.480794, 0.541566, -2.999413, 0.60644, 0.792133, 0.068959, 1.133367, 0.0, 0.0, 0.0, 1.0],
                [-0.280224, 0.323982, -0.903609, -5e-06, -0.808879, 0.427188, 0.404012, -3.175658, 0.516903, 0.844124, 0.142354, 1.078604, 0.0, 0.0, 0.0, 1.0],
                [-0.171308, 0.277534, -0.945319, -5e-06, -0.88911, 0.369798, 0.26969, -3.341716, 0.424426, 0.886693, 0.183409, 1.024021, 0.0, 0.0, 0.0, 1.0],
                [-0.046607, 0.233306, -0.971286, -5e-06, -0.939513, 0.320064, 0.121962, -3.495616, 0.339328, 0.91822, 0.204277, 0.970933, 0.0, 0.0, 0.0, 1.0],
                [0.114354, 0.189802, -0.97514, -5e-06, -0.958134, 0.28043, -0.057776, -3.635388, 0.262492, 0.940922, 0.213924, 0.920656, 0.0, 0.0, 0.0, 1.0],
                [0.297654, 0.147971, -0.943136, -5e-06, -0.935061, 0.244409, -0.25676, -3.759062, 0.192518, 0.958316, 0.211111, 0.874504, 0.0, 0.0, 0.0, 1.0],
                [0.482173, 0.110153, -0.869124, -5e-06, -0.866136, 0.20896, -0.454031, -3.864667, 0.131599, 0.971701, 0.196162, 0.833794, 0.0, 0.0, 0.0, 1.0],
                [0.643466, 0.079186, -0.761368, -5e-06, -0.760924, 0.174466, -0.624946, -3.950235, 0.083346, 0.981474, 0.172518, 0.79984, 0.0, 0.0, 0.0, 1.0],
                [0.76286, 0.056969, -0.644049, -5e-06, -0.644618, 0.144218, -0.750779, -4.013793, 0.050112, 0.987905, 0.146742, 0.773959, 0.0, 0.0, 0.0, 1.0],
                [0.833721, 0.043762, -0.550449, -5e-06, -0.551284, 0.122915, -0.825214, -4.053374, 0.031546, 0.991452, 0.126602, 0.757466, 0.0, 0.0, 0.0, 1.0],
                [0.857418, 0.039222, -0.513124, -5e-06, -0.51398, 0.11502, -0.850056, -4.067005, 0.025678, 0.992589, 0.118779, 0.751676, 0.0, 0.0, 0.0, 1.0],
                [0.857418, 0.039222, -0.513124, -5e-06, -0.51398, 0.11502, -0.850056, -4.067005, 0.025678, 0.992589, 0.118779, 0.751676, 0.0, 0.0, 0.0, 1.0],
                [0.857418, 0.039222, -0.513124, -5e-06, -0.51398, 0.11502, -0.850056, -4.067005, 0.025678, 0.992589, 0.118779, 0.751676, 0.0, 0.0, 0.0, 1.0],
                [0.857418, 0.039222, -0.513124, -5e-06, -0.51398, 0.11502, -0.850056, -4.067005, 0.025678, 0.992589, 0.118779, 0.751676, 0.0, 0.0, 0.0, 1.0],
                [0.857418, 0.039222, -0.513124, -5e-06, -0.51398, 0.11502, -0.850056, -4.067005, 0.025678, 0.992589, 0.118779, 0.751676, 0.0, 0.0, 0.0, 1.0],
                [0.857418, 0.039222, -0.513124, -5e-06, -0.51398, 0.11502, -0.850056, -4.067005, 0.025678, 0.992589, 0.118779, 0.751676, 0.0, 0.0, 0.0, 1.0],
                [0.857418, 0.039222, -0.513124, -5e-06, -0.51398, 0.11502, -0.850056, -4.067005, 0.025678, 0.992589, 0.118779, 0.751676, 0.0, 0.0, 0.0, 1.0],
                [0.857418, 0.039222, -0.513124, -5e-06, -0.51398, 0.11502, -0.850056, -4.067005, 0.025678, 0.992589, 0.118779, 0.751676, 0.0, 0.0, 0.0, 1.0],
                [0.857418, 0.039222, -0.513124, -5e-06, -0.51398, 0.11502, -0.850056, -4.067005, 0.025678, 0.992589, 0.118779, 0.751676, 0.0, 0.0, 0.0, 1.0],
                [0.857418, 0.039222, -0.513124, -5e-06, -0.51398, 0.11502, -0.850056, -4.067005, 0.025678, 0.992589, 0.118779, 0.751676, 0.0, 0.0, 0.0, 1.0],
                [0.857418, 0.039222, -0.513124, -5e-06, -0.51398, 0.11502, -0.850056, -4.067005, 0.025678, 0.992589, 0.118779, 0.751676, 0.0, 0.0, 0.0, 1.0],
                [0.857418, 0.039222, -0.513124, -5e-06, -0.51398, 0.11502, -0.850056, -4.067005, 0.025678, 0.992589, 0.118779, 0.751676, 0.0, 0.0, 0.0, 1.0],
                [0.857418, 0.039222, -0.513124, -5e-06, -0.51398, 0.11502, -0.850056, -4.067005, 0.025678, 0.992589, 0.118779, 0.751676, 0.0, 0.0, 0.0, 1.0],
                [0.857418, 0.039222, -0.513124, -5e-06, -0.51398, 0.11502, -0.850056, -4.067005, 0.025678, 0.992589, 0.118779, 0.751676, 0.0, 0.0, 0.0, 1.0],
                [0.857418, 0.039222, -0.513124, -5e-06, -0.51398, 0.11502, -0.850056, -4.067005, 0.025678, 0.992589, 0.118779, 0.751676, 0.0, 0.0, 0.0, 1.0],
                [0.857418, 0.039222, -0.513124, -5e-06, -0.51398, 0.11502, -0.850056, -4.067005, 0.025678, 0.992589, 0.118779, 0.751676, 0.0, 0.0, 0.0, 1.0],
                [0.857418, 0.039222, -0.513124, -5e-06, -0.51398, 0.11502, -0.850056, -4.067005, 0.025678, 0.992589, 0.118779, 0.751676, 0.0, 0.0, 0.0, 1.0],
                [0.857418, 0.039222, -0.513124, -5e-06, -0.51398, 0.11502, -0.850056, -4.067005, 0.025678, 0.992589, 0.118779, 0.751676, 0.0, 0.0, 0.0, 1.0],
                [0.857418, 0.039222, -0.513124, -5e-06, -0.51398, 0.11502, -0.850056, -4.067005, 0.025678, 0.992589, 0.118779, 0.751676, 0.0, 0.0, 0.0, 1.0],
                [0.857418, 0.039222, -0.513124, -5e-06, -0.51398, 0.11502, -0.850056, -4.067005, 0.025678, 0.992589, 0.118779, 0.751676, 0.0, 0.0, 0.0, 1.0],
                [0.857418, 0.039222, -0.513124, -5e-06, -0.51398, 0.11502, -0.850056, -4.067005, 0.025678, 0.992589, 0.118779, 0.751676, 0.0, 0.0, 0.0, 1.0],
                [0.857418, 0.039222, -0.513124, -5e-06, -0.51398, 0.11502, -0.850056, -4.067005, 0.025678, 0.992589, 0.118779, 0.751676, 0.0, 0.0, 0.0, 1.0],
                [0.857418, 0.039222, -0.513124, -5e-06, -0.51398, 0.11502, -0.850056, -4.067005, 0.025678, 0.992589, 0.118779, 0.751676, 0.0, 0.0, 0.0, 1.0],
                [0.857418, 0.039222, -0.513124, -5e-06, -0.51398, 0.11502, -0.850056, -4.067005, 0.025678, 0.992589, 0.118779, 0.751676, 0.0, 0.0, 0.0, 1.0],
                [0.857418, 0.039222, -0.513124, -5e-06, -0.51398, 0.11502, -0.850056, -4.067005, 0.025678, 0.992589, 0.118779, 0.751676, 0.0, 0.0, 0.0, 1.0],
                [0.857418, 0.039222, -0.513124, -5e-06, -0.51398, 0.11502, -0.850056, -4.067005, 0.025678, 0.992589, 0.118779, 0.751676, 0.0, 0.0, 0.0, 1.0],
                [0.857418, 0.039222, -0.513124, -5e-06, -0.51398, 0.11502, -0.850056, -4.067005, 0.025678, 0.992589, 0.118779, 0.751676, 0.0, 0.0, 0.0, 1.0],
                [0.857418, 0.039222, -0.513124, -5e-06, -0.51398, 0.11502, -0.850056, -4.067005, 0.025678, 0.992589, 0.118779, 0.751676, 0.0, 0.0, 0.0, 1.0],
                [0.857418, 0.039222, -0.513124, -5e-06, -0.51398, 0.11502, -0.850056, -4.067005, 0.025678, 0.992589, 0.118779, 0.751676, 0.0, 0.0, 0.0, 1.0],
                [0.857418, 0.039222, -0.513124, -5e-06, -0.51398, 0.11502, -0.850056, -4.067005, 0.025678, 0.992589, 0.118779, 0.751676, 0.0, 0.0, 0.0, 1.0],
                [0.857418, 0.039222, -0.513124, -5e-06, -0.51398, 0.11502, -0.850056, -4.067005, 0.025678, 0.992589, 0.118779, 0.751676, 0.0, 0.0, 0.0, 1.0],
                [0.857418, 0.039222, -0.513124, -5e-06, -0.51398, 0.11502, -0.850056, -4.067005, 0.025678, 0.992589, 0.118779, 0.751676, 0.0, 0.0, 0.0, 1.0],
                [0.857418, 0.039222, -0.513124, -5e-06, -0.51398, 0.11502, -0.850056, -4.067005, 0.025678, 0.992589, 0.118779, 0.751676, 0.0, 0.0, 0.0, 1.0],
                [0.857418, 0.039222, -0.513124, -5e-06, -0.51398, 0.11502, -0.850056, -4.067005, 0.025678, 0.992589, 0.118779, 0.751676, 0.0, 0.0, 0.0, 1.0],
                [0.857418, 0.039222, -0.513124, -5e-06, -0.51398, 0.11502, -0.850056, -4.067005, 0.025678, 0.992589, 0.118779, 0.751676, 0.0, 0.0, 0.0, 1.0],
                [0.857418, 0.039222, -0.513124, -5e-06, -0.51398, 0.11502, -0.850056, -4.067005, 0.025678, 0.992589, 0.118779, 0.751676, 0.0, 0.0, 0.0, 1.0],
                [0.857418, 0.039222, -0.513124, -5e-06, -0.51398, 0.11502, -0.850056, -4.067005, 0.025678, 0.992589, 0.118779, 0.751676, 0.0, 0.0, 0.0, 1.0],
                [0.857418, 0.039222, -0.513124, -5e-06, -0.51398, 0.11502, -0.850056, -4.067005, 0.025678, 0.992589, 0.118779, 0.751676, 0.0, 0.0, 0.0, 1.0],
                [0.857418, 0.039222, -0.513124, -5e-06, -0.51398, 0.11502, -0.850056, -4.067005, 0.025678, 0.992589, 0.118779, 0.751676, 0.0, 0.0, 0.0, 1.0],
                [0.857418, 0.039222, -0.513124, -5e-06, -0.51398, 0.11502, -0.850056, -4.067005, 0.025678, 0.992589, 0.118779, 0.751676, 0.0, 0.0, 0.0, 1.0],
                [0.857418, 0.039222, -0.513124, -5e-06, -0.51398, 0.11502, -0.850056, -4.067005, 0.025678, 0.992589, 0.118779, 0.751676, 0.0, 0.0, 0.0, 1.0],
                [0.857418, 0.039222, -0.513124, -5e-06, -0.51398, 0.11502, -0.850056, -4.067005, 0.025678, 0.992589, 0.118779, 0.751676, 0.0, 0.0, 0.0, 1.0],
                [0.857418, 0.039222, -0.513124, -5e-06, -0.51398, 0.11502, -0.850056, -4.067005, 0.025678, 0.992589, 0.118779, 0.751676, 0.0, 0.0, 0.0, 1.0],
                [0.857418, 0.039222, -0.513124, -5e-06, -0.51398, 0.11502, -0.850056, -4.067005, 0.025678, 0.992589, 0.118779, 0.751676, 0.0, 0.0, 0.0, 1.0],
                [0.857418, 0.039222, -0.513124, -5e-06, -0.51398, 0.11502, -0.850056, -4.067005, 0.025678, 0.992589, 0.118779, 0.751676, 0.0, 0.0, 0.0, 1.0],
                [0.857418, 0.039222, -0.513124, -5e-06, -0.51398, 0.11502, -0.850056, -4.067005, 0.025678, 0.992589, 0.118779, 0.751676, 0.0, 0.0, 0.0, 1.0],
                [0.857418, 0.039222, -0.513124, -5e-06, -0.51398, 0.11502, -0.850056, -4.067005, 0.025678, 0.992589, 0.118779, 0.751676, 0.0, 0.0, 0.0, 1.0],
                [0.857418, 0.039222, -0.513124, -5e-06, -0.51398, 0.11502, -0.850056, -4.067005, 0.025678, 0.992589, 0.118779, 0.751676, 0.0, 0.0, 0.0, 1.0],
                [0.858023, 0.039173, -0.512116, -5e-06, -0.512974, 0.115034, -0.850661, -4.066143, 0.025588, 0.992589, 0.118796, 0.751676, 0.0, 0.0, 0.0, 1.0],
                [0.859785, 0.039029, -0.509162, -5e-06, -0.510028, 0.115075, -0.852426, -4.063623, 0.025322, 0.99259, 0.118846, 0.751676, 0.0, 0.0, 0.0, 1.0],
                [0.862619, 0.038796, -0.504364, -5e-06, -0.505241, 0.11514, -0.855263, -4.059543, 0.024892, 0.992591, 0.118923, 0.751676, 0.0, 0.0, 0.0, 1.0],
                [0.86643, 0.038478, -0.497814, -5e-06, -0.498707, 0.115227, -0.859077, -4.054, 0.024305, 0.992594, 0.119025, 0.751676, 0.0, 0.0, 0.0, 1.0],
                [0.871114, 0.038081, -0.489602, -5e-06, -0.490515, 0.115331, -0.863767, -4.047091, 0.023573, 0.992597, 0.119146, 0.751676, 0.0, 0.0, 0.0, 1.0],
                [0.876563, 0.037609, -0.479815, -5e-06, -0.480751, 0.11545, -0.869224, -4.038915, 0.022704, 0.992601, 0.11928, 0.751676, 0.0, 0.0, 0.0, 1.0],
                [0.882666, 0.037068, -0.468537, -5e-06, -0.4695, 0.11558, -0.875335, -4.029567, 0.021707, 0.992606, 0.119422, 0.751676, 0.0, 0.0, 0.0, 1.0],
                [0.889307, 0.036461, -0.455855, -5e-06, -0.456847, 0.115717, -0.881986, -4.019147, 0.020592, 0.992613, 0.119565, 0.751676, 0.0, 0.0, 0.0, 1.0],
                [0.89637, 0.035794, -0.441858, -5e-06, -0.442882, 0.115857, -0.889063, -4.007752, 0.019369, 0.992621, 0.119704, 0.751676, 0.0, 0.0, 0.0, 1.0],
                [0.903742, 0.035073, -0.426639, -5e-06, -0.427697, 0.115996, -0.896448, -3.995479, 0.018047, 0.99263, 0.119831, 0.751676, 0.0, 0.0, 0.0, 1.0],
                [0.911308, 0.034302, -0.410293, -5e-06, -0.411388, 0.116131, -0.904032, -3.982425, 0.016638, 0.992641, 0.119943, 0.751676, 0.0, 0.0, 0.0, 1.0],
                [0.91896, 0.033487, -0.392925, -5e-06, -0.394059, 0.116258, -0.911703, -3.968689, 0.01515, 0.992654, 0.120033, 0.751676, 0.0, 0.0, 0.0, 1.0],
                [0.926594, 0.032635, -0.374643, -5e-06, -0.375816, 0.116374, -0.919358, -3.954368, 0.013596, 0.992669, 0.120096, 0.751676, 0.0, 0.0, 0.0, 1.0],
                [0.934113, 0.03175, -0.355563, -5e-06, -0.356776, 0.116476, -0.9269, -3.939559, 0.011986, 0.992686, 0.12013, 0.751676, 0.0, 0.0, 0.0, 1.0],
                [0.941426, 0.030839, -0.335805, -5e-06, -0.33706, 0.116563, -0.93424, -3.924359, 0.010332, 0.992704, 0.12013, 0.751676, 0.0, 0.0, 0.0, 1.0],
                [0.948454, 0.029908, -0.315499, -5e-06, -0.316796, 0.116631, -0.941296, -3.908868, 0.008645, 0.992725, 0.120094, 0.751676, 0.0, 0.0, 0.0, 1.0],
                [0.955127, 0.028963, -0.294778, -5e-06, -0.296116, 0.11668, -0.947998, -3.893181, 0.006937, 0.992747, 0.12002, 0.751676, 0.0, 0.0, 0.0, 1.0],
                [0.961384, 0.028012, -0.273781, -5e-06, -0.275161, 0.116708, -0.954288, -3.877396, 0.005221, 0.992771, 0.119909, 0.751676, 0.0, 0.0, 0.0, 1.0],
                [0.967179, 0.02706, -0.252652, -5e-06, -0.254073, 0.116716, -0.960117, -3.861612, 0.003507, 0.992797, 0.11976, 0.751676, 0.0, 0.0, 0.0, 1.0],
                [0.972475, 0.026115, -0.231538, -5e-06, -0.232999, 0.116702, -0.965449, -3.845925, 0.001808, 0.992824, 0.119575, 0.751676, 0.0, 0.0, 0.0, 1.0],
                [0.977251, 0.025182, -0.210587, -5e-06, -0.212087, 0.116669, -0.970261, -3.830433, 0.000135, 0.992852, 0.119356, 0.751676, 0.0, 0.0, 0.0, 1.0],
                [0.981494, 0.024269, -0.189951, -5e-06, -0.191489, 0.116617, -0.974542, -3.815234, -0.0015, 0.99288, 0.119106, 0.751676, 0.0, 0.0, 0.0, 1.0],
                [0.985204, 0.023381, -0.169781, -5e-06, -0.171356, 0.116548, -0.978291, -3.800425, -0.003086, 0.99291, 0.11883, 0.751676, 0.0, 0.0, 0.0, 1.0],
                [0.988395, 0.022525, -0.150228, -5e-06, -0.151837, 0.116464, -0.98152, -3.786103, -0.004612, 0.992939, 0.118533, 0.751676, 0.0, 0.0, 0.0, 1.0],
                [0.991086, 0.021706, -0.131441, -5e-06, -0.133083, 0.116368, -0.98425, -3.772367, -0.006069, 0.992969, 0.118219, 0.751676, 0.0, 0.0, 0.0, 1.0],
                [0.99331, 0.020932, -0.113568, -5e-06, -0.11524, 0.116262, -0.98651, -3.759314, -0.007446, 0.992998, 0.117896, 0.751676, 0.0, 0.0, 0.0, 1.0],
                [0.995103, 0.020206, -0.096752, -5e-06, -0.098453, 0.11615, -0.98834, -3.74704, -0.008733, 0.993026, 0.117571, 0.751676, 0.0, 0.0, 0.0, 1.0],
                [0.996511, 0.019535, -0.081138, -5e-06, -0.082864, 0.116035, -0.989782, -3.735645, -0.009921, 0.993053, 0.117249, 0.751676, 0.0, 0.0, 0.0, 1.0],
                [0.997583, 0.018924, -0.066862, -5e-06, -0.068613, 0.115922, -0.990886, -3.725225, -0.011001, 0.993078, 0.11694, 0.751676, 0.0, 0.0, 0.0, 1.0],
                [0.998368, 0.018378, -0.054064, -5e-06, -0.055835, 0.115812, -0.991701, -3.715878, -0.011965, 0.993101, 0.116649, 0.751676, 0.0, 0.0, 0.0, 1.0],
                [0.99892, 0.017903, -0.042875, -5e-06, -0.044664, 0.115711, -0.992278, -3.707701, -0.012803, 0.993122, 0.116385, 0.751676, 0.0, 0.0, 0.0, 1.0],
                [0.999288, 0.017502, -0.033429, -5e-06, -0.035232, 0.115621, -0.992668, -3.700792, -0.013509, 0.993139, 0.116155, 0.751676, 0.0, 0.0, 0.0, 1.0],
                [0.999518, 0.017182, -0.025855, -5e-06, -0.02767, 0.115546, -0.992917, -3.695249, -0.014073, 0.993153, 0.115966, 0.751676, 0.0, 0.0, 0.0, 1.0],
                [0.999651, 0.016947, -0.020284, -5e-06, -0.022108, 0.11549, -0.993063, -3.691169, -0.014487, 0.993164, 0.115824, 0.751676, 0.0, 0.0, 0.0, 1.0],
                [0.999717, 0.016802, -0.016845, -5e-06, -0.018675, 0.115455, -0.993137, -3.688649, -0.014742, 0.993171, 0.115736, 0.751676, 0.0, 0.0, 0.0, 1.0],
                [0.999737, 0.016752, -0.015669, -5e-06, -0.017501, 0.115442, -0.99316, -3.687788, -0.014829, 0.993173, 0.115705, 0.751676, 0.0, 0.0, 0.0, 1.0],
                [0.999737, 0.016752, -0.015669, -5e-06, -0.017501, 0.115442, -0.99316, -3.687788, -0.014829, 0.993173, 0.115705, 0.751676, 0.0, 0.0, 0.0, 1.0]
            ]
        },
        {
            "name": "Thigh_R",
            "time": [0.0, 0.0167, 0.0333, 0.05, 0.0667, 0.0833, 0.1, 0.1167, 0.1333, 0.15, 0.1667, 0.1833, 0.2, 0.2167, 0.2333, 0.25, 0.2667, 0.2833, 0.3, 0.3167, 0.3333, 0.35, 0.3667, 0.3833, 0.4, 0.4167, 0.4333, 0.45, 0.4667, 0.4833, 0.5, 0.5167, 0.5333, 0.55, 0.5667, 0.5833, 0.6, 0.6167, 0.6333, 0.65, 0.6667, 0.6833, 0.7, 0.7167, 0.7333, 0.75, 0.7667, 0.7833, 0.8, 0.8167, 0.8333, 0.85, 0.8667, 0.8833, 0.9, 0.9167, 0.9333, 0.95, 0.9667, 0.9833, 1.0, 1.0167, 1.0333, 1.05, 1.0667, 1.0833, 1.1, 1.1167, 1.1333, 1.15, 1.1667, 1.1833, 1.2, 1.2167, 1.2333, 1.25, 1.2667, 1.2833, 1.3, 1.3167, 1.3333, 1.35, 1.3667, 1.3833, 1.4, 1.4167, 1.4333, 1.45, 1.4667, 1.4833, 1.5, 1.5167, 1.5333, 1.55, 1.5667, 1.5833, 1.6, 1.6167, 1.6333, 1.65, 1.6667, 1.6833, 1.7, 1.7167, 1.7333, 1.75, 1.7667, 1.7833, 1.8, 1.8167, 1.8333, 1.85, 1.8667, 1.8833, 1.9, 1.9167, 1.9333, 1.95, 1.9667, 1.9833, 2.0, 2.0167, 2.0333, 2.05, 2.0667, 2.0833, 2.1, 2.1167, 2.1333, 2.15, 2.1667, 2.1833, 2.2, 2.2167, 2.2333, 2.25, 2.2667, 2.2833, 2.3, 2.3167, 2.3333, 2.55],
            "transform": [
                [0.90798, -0.322978, -0.26694, 0.113308, 0.093081, -0.465677, 0.880046, 0.03344, -0.408543, -0.823912, -0.392762, -0.038345, 0.0, 0.0, 0.0, 1.0],
                [0.90798, -0.322978, -0.26694, 0.113308, 0.093081, -0.465677, 0.880046, 0.03344, -0.408543, -0.823912, -0.392762, -0.038345, 0.0, 0.0, 0.0, 1.0],
                [0.90798, -0.322978, -0.26694, 0.113308, 0.093081, -0.465677, 0.880046, 0.03344, -0.408543, -0.823912, -0.392762, -0.038345, 0.0, 0.0, 0.0, 1.0],
                [0.90798, -0.322978, -0.26694, 0.113308, 0.093081, -0.465677, 0.880046, 0.03344, -0.408543, -0.823912, -0.392762, -0.038345, 0.0, 0.0, 0.0, 1.0],
                [0.90798, -0.322978, -0.26694, 0.113308, 0.093081, -0.465677, 0.880046, 0.03344, -0.408543, -0.823912, -0.392762, -0.038345, 0.0, 0.0, 0.0, 1.0],
                [0.90798, -0.322978, -0.26694, 0.113308, 0.093081, -0.465677, 0.880046, 0.03344, -0.408543, -0.823912, -0.392762, -0.038345, 0.0, 0.0, 0.0, 1.0],
                [0.90798, -0.322978, -0.26694, 0.113308, 0.093081, -0.465677, 0.880046, 0.03344, -0.408543, -0.823912, -0.392762, -0.038345, 0.0, 0.0, 0.0, 1.0],
                [0.90798, -0.322978, -0.26694, 0.113308, 0.093081, -0.465677, 0.880046, 0.03344, -0.408543, -0.823912, -0.392762, -0.038345, 0.0, 0.0, 0.0, 1.0],
                [0.90798, -0.322978, -0.26694, 0.113308, 0.093081, -0.465677, 0.880046, 0.03344, -0.408543, -0.823912, -0.392762, -0.038345, 0.0, 0.0, 0.0, 1.0],
                [0.90798, -0.322978, -0.26694, 0.113308, 0.093081, -0.465677, 0.880046, 0.03344, -0.408543, -0.823912, -0.392762, -0.038345, 0.0, 0.0, 0.0, 1.0],
                [0.90798, -0.322978, -0.26694, 0.113308, 0.093081, -0.465677, 0.880046, 0.03344, -0.408543, -0.823912, -0.392762, -0.038345, 0.0, 0.0, 0.0, 1.0],
                [0.90798, -0.322978, -0.26694, 0.113308, 0.093081, -0.465677, 0.880046, 0.03344, -0.408543, -0.823912, -0.392762, -0.038345, 0.0, 0.0, 0.0, 1.0],
                [0.90798, -0.322978, -0.26694, 0.113308, 0.093081, -0.465677, 0.880046, 0.03344, -0.408543, -0.823912, -0.392762, -0.038345, 0.0, 0.0, 0.0, 1.0],
                [0.90798, -0.322978, -0.26694, 0.113308, 0.093081, -0.465677, 0.880046, 0.03344, -0.408543, -0.823912, -0.392762, -0.038345, 0.0, 0.0, 0.0, 1.0],
                [0.90798, -0.322978, -0.26694, 0.113308, 0.093081, -0.465677, 0.880046, 0.03344, -0.408543, -0.823912, -0.392762, -0.038345, 0.0, 0.0, 0.0, 1.0],
                [0.90798, -0.322978, -0.26694, 0.113308, 0.093081, -0.465677, 0.880046, 0.03344, -0.408543, -0.823912, -0.392762, -0.038345, 0.0, 0.0, 0.0, 1.0],
                [0.90798, -0.322978, -0.26694, 0.113308, 0.093081, -0.465677, 0.880046, 0.03344, -0.408543, -0.823912, -0.392762, -0.038345, 0.0, 0.0, 0.0, 1.0],
                [0.90798, -0.322978, -0.26694, 0.113308, 0.093081, -0.465677, 0.880046, 0.03344, -0.408543, -0.823912, -0.392762, -0.038345, 0.0, 0.0, 0.0, 1.0],
                [0.90798, -0.322978, -0.26694, 0.113308, 0.093081, -0.465677, 0.880046, 0.03344, -0.408543, -0.823912, -0.392762, -0.038345, 0.0, 0.0, 0.0, 1.0],
                [0.90798, -0.322978, -0.26694, 0.113308, 0.093081, -0.465677, 0.880046, 0.03344, -0.408543, -0.823912, -0.392762, -0.038345, 0.0, 0.0, 0.0, 1.0],
                [0.90798, -0.322978, -0.26694, 0.113308, 0.093081, -0.465677, 0.880046, 0.033439, -0.408543, -0.823912, -0.392762, -0.038345, 0.0, 0.0, 0.0, 1.0],
                [0.905668, -0.322282, -0.275497, 0.113308, 0.093692, -0.481589, 0.871374, 0.033439, -0.413505, -0.814988, -0.405965, -0.038345, 0.0, 0.0, 0.0, 1.0],
                [0.899041, -0.319364, -0.299552, 0.113308, 0.094911, -0.52572, 0.845346, 0.03344, -0.427454, -0.788432, -0.442333, -0.038345, 0.0, 0.0, 0.0, 1.0],
                [0.888429, -0.312093, -0.336589, 0.113308, 0.095295, -0.591902, 0.800357, 0.033439, -0.449013, -0.743136, -0.496122, -0.038345, 0.0, 0.0, 0.0, 1.0],
                [0.874195, -0.297756, -0.383569, 0.113308, 0.093023, -0.672602, 0.734134, 0.033439, -0.476582, -0.677457, -0.560288, -0.038345, 0.0, 0.0, 0.0, 1.0],
                [0.856965, -0.273887, -0.436573, 0.113308, 0.086344, -0.758828, 0.645542, 0.03344, -0.50809, -0.590902, -0.626641, -0.038345, 0.0, 0.0, 0.0, 1.0],
                [0.837768, -0.239166, -0.490861, 0.113308, 0.074109, -0.840847, 0.536175, 0.03344, -0.540974, -0.485568, -0.68671, -0.038345, 0.0, 0.0, 0.0, 1.0],
                [0.817995, -0.194146, -0.541471, 0.113308, 0.056248, -0.909812, 0.41119, 0.033439, -0.572468, -0.366809, -0.733302, -0.038345, 0.0, 0.0, 0.0, 1.0],
                [0.799191, -0.141449, -0.584197, 0.113308, 0.033981, -0.95973, 0.27886, 0.033439, -0.600116, -0.242714, -0.762201, -0.038345, 0.0, 0.0, 0.0, 1.0],
                [0.782737, -0.085251, -0.616486, 0.113308, 0.009606, -0.9888, 0.148933, 0.033439, -0.622279, -0.122497, -0.773152, -0.038345, 0.0, 0.0, 0.0, 1.0],
                [0.769608, -0.03031, -0.637797, 0.113308, -0.014011, -0.999434, 0.030589, 0.03344, -0.638364, -0.014606, -0.769597, -0.038345, 0.0, 0.0, 0.0, 1.0],
                [0.760303, 0.018989, -0.649291, 0.113308, -0.034003, -0.997039, -0.068975, 0.03344, -0.648678, 0.07452, -0.757406, -0.038345, 0.0, 0.0, 0.0, 1.0],
                [0.754965, 0.059154, -0.653091, 0.113308, -0.047852, -0.988298, -0.144832, 0.03344, -0.654016, 0.140595, -0.743301, -0.038345, 0.0, 0.0, 0.0, 1.0],
                [0.753598, 0.087598, -0.651472, 0.113308, -0.053458, -0.97963, -0.193561, 0.03344, -0.655158, 0.180694, -0.733565, -0.038345, 0.0, 0.0, 0.0, 1.0],
                [0.754355, 0.107936, -0.647532, 0.113308, -0.054702, -0.972625, -0.225851, 0.033439, -0.654183, 0.205793, -0.7278, -0.038345, 0.0, 0.0, 0.0, 1.0],
                [0.755342, 0.125342, -0.643232, 0.113308, -0.056615, -0.965388, -0.2546, 0.03344, -0.65288, 0.228727, -0.722102, -0.038346, 0.0, 0.0, 0.0, 1.0],
                [0.756537, 0.140076, -0.638772, 0.113308, -0.059062, -0.958162, -0.280067, 0.03344, -0.651278, 0.249608, -0.716612, -0.038345, 0.0, 0.0, 0.0, 1.0],
                [0.757911, 0.152404, -0.634306, 0.113308, -0.061917, -0.951133, -0.302511, 0.03344, -0.649413, 0.268551, -0.711438, -0.038345, 0.0, 0.0, 0.0, 1.0],
                [0.75943, 0.162587, -0.629945, 0.113308, -0.065058, -0.944438, -0.322187, 0.03344, -0.647328, 0.285662, -0.706657, -0.038346, 0.0, 0.0, 0.0, 1.0],
                [0.761058, 0.170884, -0.625771, 0.113308, -0.068369, -0.938174, -0.339344, 0.03344, -0.645071, 0.301044, -0.702322, -0.038345, 0.0, 0.0, 0.0, 1.0],
                [0.762757, 0.17755, -0.621835, 0.113308, -0.071735, -0.932407, -0.354219, 0.03344, -0.642695, 0.314791, -0.698463, -0.038345, 0.0, 0.0, 0.0, 1.0],
                [0.764488, 0.182835, -0.618167, 0.113308, -0.075048, -0.927172, -0.367042, 0.033439, -0.640255, 0.326991, -0.69509, -0.038345, 0.0, 0.0, 0.0, 1.0],
                [0.766214, 0.186981, -0.61478, 0.113307, -0.078199, -0.922485, -0.378029, 0.03344, -0.63781, 0.337726, -0.692199, -0.038346, 0.0, 0.0, 0.0, 1.0],
                [0.767899, 0.190229, -0.611673, 0.113308, -0.081078, -0.918343, -0.38739, 0.033439, -0.635419, 0.34707, -0.689772, -0.038345, 0.0, 0.0, 0.0, 1.0],
                [0.769508, 0.192814, -0.608835, 0.113308, -0.083579, -0.914731, -0.395325, 0.03344, -0.633144, 0.355092, -0.687778, -0.038345, 0.0, 0.0, 0.0, 1.0],
                [0.771009, 0.194967, -0.606245, 0.113307, -0.085591, -0.911618, -0.402027, 0.033439, -0.631047, 0.361856, -0.686178, -0.038345, 0.0, 0.0, 0.0, 1.0],
                [0.772368, 0.196917, -0.60388, 0.113308, -0.087005, -0.908969, -0.407682, 0.03344, -0.629188, 0.367421, -0.684926, -0.038345, 0.0, 0.0, 0.0, 1.0],
                [0.773555, 0.198892, -0.60171, 0.113308, -0.087707, -0.906738, -0.412472, 0.033439, -0.627631, 0.371844, -0.683968, -0.038345, 0.0, 0.0, 0.0, 1.0],
                [0.774537, 0.201117, -0.599704, 0.113308, -0.087583, -0.904873, -0.416574, 0.03344, -0.626436, 0.375175, -0.683243, -0.038345, 0.0, 0.0, 0.0, 1.0],
                [0.775281, 0.203817, -0.597827, 0.113308, -0.086515, -0.903315, -0.420162, 0.03344, -0.625663, 0.377464, -0.682691, -0.038345, 0.0, 0.0, 0.0, 1.0],
                [0.775753, 0.207217, -0.596044, 0.113308, -0.084383, -0.902001, -0.423407, 0.033439, -0.62537, 0.378756, -0.682244, -0.038345, 0.0, 0.0, 0.0, 1.0],
                [0.77591, 0.21154, -0.594318, 0.113308, -0.081066, -0.900855, -0.426482, 0.033439, -0.625613, 0.379091, -0.681835, -0.038345, 0.0, 0.0, 0.0, 1.0],
                [0.775708, 0.217009, -0.592608, 0.113307, -0.076439, -0.899799, -0.429556, 0.03344, -0.626446, 0.378509, -0.681393, -0.038345, 0.0, 0.0, 0.0, 1.0],
                [0.775089, 0.223847, -0.590871, 0.113308, -0.070376, -0.898739, -0.432799, 0.033439, -0.62792, 0.377041, -0.68085, -0.038345, 0.0, 0.0, 0.0, 1.0],
                [0.773988, 0.232274, -0.589059, 0.113308, -0.062753, -0.897571, -0.43638, 0.033439, -0.630083, 0.374718, -0.680134, -0.038346, 0.0, 0.0, 0.0, 1.0],
                [0.772324, 0.242507, -0.587117, 0.113308, -0.053445, -0.896176, -0.440467, 0.03344, -0.632977, 0.371561, -0.679178, -0.038345, 0.0, 0.0, 0.0, 1.0],
                [0.59565, 0.291533, -0.748471, 0.113307, -0.046049, -0.917884, -0.394167, 0.03344, -0.801923, 0.269253, -0.533313, -0.038346, 0.0, 0.0, 0.0, 1.0],
                [0.385686, 0.308838, -0.869405, 0.113308, -0.03097, -0.937447, -0.346747, 0.03344, -0.92211, 0.16066, -0.351995, -0.038346, 0.0, 0.0, 0.0, 1.0],
                [0.385686, 0.308838, -0.869405, 0.113308, -0.03097, -0.937447, -0.346747, 0.03344, -0.92211, 0.16066, -0.351995, -0.038346, 0.0, 0.0, 0.0, 1.0],
                [0.385686, 0.308838, -0.869405, 0.113308, -0.03097, -0.937447, -0.346747, 0.03344, -0.92211, 0.16066, -0.351995, -0.038346, 0.0, 0.0, 0.0, 1.0],
                [0.385686, 0.308838, -0.869405, 0.113308, -0.03097, -0.937447, -0.346747, 0.03344, -0.92211, 0.16066, -0.351995, -0.038346, 0.0, 0.0, 0.0, 1.0],
                [0.385686, 0.308838, -0.869405, 0.113308, -0.03097, -0.937447, -0.346747, 0.03344, -0.92211, 0.16066, -0.351995, -0.038346, 0.0, 0.0, 0.0, 1.0],
                [0.385686, 0.308838, -0.869405, 0.113308, -0.03097, -0.937447, -0.346747, 0.03344, -0.92211, 0.16066, -0.351995, -0.038346, 0.0, 0.0, 0.0, 1.0],
                [0.385686, 0.308838, -0.869405, 0.113308, -0.03097, -0.937447, -0.346747, 0.03344, -0.92211, 0.16066, -0.351995, -0.038346, 0.0, 0.0, 0.0, 1.0],
                [0.385686, 0.308838, -0.869405, 0.113308, -0.03097, -0.937447, -0.346747, 0.03344, -0.92211, 0.16066, -0.351995, -0.038346, 0.0, 0.0, 0.0, 1.0],
                [0.385686, 0.308838, -0.869405, 0.113308, -0.03097, -0.937447, -0.346747, 0.03344, -0.92211, 0.16066, -0.351995, -0.038346, 0.0, 0.0, 0.0, 1.0],
                [0.385686, 0.308838, -0.869405, 0.113308, -0.03097, -0.937447, -0.346747, 0.03344, -0.92211, 0.16066, -0.351995, -0.038346, 0.0, 0.0, 0.0, 1.0],
                [0.385686, 0.308838, -0.869405, 0.113308, -0.03097, -0.937447, -0.346747, 0.03344, -0.92211, 0.16066, -0.351995, -0.038346, 0.0, 0.0, 0.0, 1.0],
                [0.385686, 0.308838, -0.869405, 0.113308, -0.03097, -0.937447, -0.346747, 0.03344, -0.92211, 0.16066, -0.351995, -0.038346, 0.0, 0.0, 0.0, 1.0],
                [0.385686, 0.308838, -0.869405, 0.113308, -0.03097, -0.937447, -0.346747, 0.03344, -0.92211, 0.16066, -0.351995, -0.038346, 0.0, 0.0, 0.0, 1.0],
                [0.385686, 0.308838, -0.869405, 0.113308, -0.03097, -0.937447, -0.346747, 0.03344, -0.92211, 0.16066, -0.351995, -0.038346, 0.0, 0.0, 0.0, 1.0],
                [0.385686, 0.308838, -0.869405, 0.113308, -0.03097, -0.937447, -0.346747, 0.03344, -0.92211, 0.16066, -0.351995, -0.038346, 0.0, 0.0, 0.0, 1.0],
                [0.385686, 0.308838, -0.869405, 0.113308, -0.03097, -0.937447, -0.346747, 0.03344, -0.92211, 0.16066, -0.351995, -0.038346, 0.0, 0.0, 0.0, 1.0],
                [0.385686, 0.308838, -0.869405, 0.113308, -0.03097, -0.937447, -0.346747, 0.03344, -0.92211, 0.16066, -0.351995, -0.038346, 0.0, 0.0, 0.0, 1.0],
                [0.385686, 0.308838, -0.869405, 0.113308, -0.03097, -0.937447, -0.346747, 0.03344, -0.92211, 0.16066, -0.351995, -0.038346, 0.0, 0.0, 0.0, 1.0],
                [0.385686, 0.308838, -0.869405, 0.113308, -0.03097, -0.937447, -0.346747, 0.03344, -0.92211, 0.16066, -0.351995, -0.038346, 0.0, 0.0, 0.0, 1.0],
                [0.385686, 0.308838, -0.869405, 0.113308, -0.03097, -0.937447, -0.346747, 0.03344, -0.92211, 0.16066, -0.351995, -0.038346, 0.0, 0.0, 0.0, 1.0],
                [0.385686, 0.308838, -0.869405, 0.113308, -0.03097, -0.937447, -0.346747, 0.03344, -0.92211, 0.16066, -0.351995, -0.038346, 0.0, 0.0, 0.0, 1.0],
                [0.385686, 0.308838, -0.869405, 0.113308, -0.03097, -0.937447, -0.346747, 0.03344, -0.92211, 0.16066, -0.351995, -0.038346, 0.0, 0.0, 0.0, 1.0],
                [0.385686, 0.308838, -0.869405, 0.113308, -0.03097, -0.937447, -0.346747, 0.03344, -0.92211, 0.16066, -0.351995, -0.038346, 0.0, 0.0, 0.0, 1.0],
                [0.385686, 0.308838, -0.869405, 0.113308, -0.03097, -0.937447, -0.346747, 0.03344, -0.92211, 0.16066, -0.351995, -0.038346, 0.0, 0.0, 0.0, 1.0],
                [0.385686, 0.308838, -0.869405, 0.113308, -0.03097, -0.937447, -0.346747, 0.03344, -0.92211, 0.16066, -0.351995, -0.038346, 0.0, 0.0, 0.0, 1.0],
                [0.385686, 0.308838, -0.869405, 0.113308, -0.03097, -0.937447, -0.346747, 0.03344, -0.92211, 0.16066, -0.351995, -0.038346, 0.0, 0.0, 0.0, 1.0],
                [0.385686, 0.308838, -0.869405, 0.113308, -0.03097, -0.937447, -0.346747, 0.03344, -0.92211, 0.16066, -0.351995, -0.038346, 0.0, 0.0, 0.0, 1.0],
                [0.385686, 0.308838, -0.869405, 0.113308, -0.03097, -0.937447, -0.346747, 0.03344, -0.92211, 0.16066, -0.351995, -0.038346, 0.0, 0.0, 0.0, 1.0],
                [0.385686, 0.308838, -0.869405, 0.113308, -0.03097, -0.937447, -0.346747, 0.03344, -0.92211, 0.16066, -0.351995, -0.038346, 0.0, 0.0, 0.0, 1.0],
                [0.385686, 0.308838, -0.869405, 0.113308, -0.03097, -0.937447, -0.346747, 0.03344, -0.92211, 0.16066, -0.351995, -0.038346, 0.0, 0.0, 0.0, 1.0],
                [0.385686, 0.308838, -0.869405, 0.113308, -0.03097, -0.937447, -0.346747, 0.03344, -0.92211, 0.16066, -0.351995, -0.038346, 0.0, 0.0, 0.0, 1.0],
                [0.385686, 0.308838, -0.869405, 0.113308, -0.03097, -0.937447, -0.346747, 0.03344, -0.92211, 0.16066, -0.351995, -0.038346, 0.0, 0.0, 0.0, 1.0],
                [0.385686, 0.308838, -0.869405, 0.113308, -0.03097, -0.937447, -0.346747, 0.03344, -0.92211, 0.16066, -0.351995, -0.038346, 0.0, 0.0, 0.0, 1.0],
                [0.385686, 0.308838, -0.869405, 0.113308, -0.03097, -0.937447, -0.346747, 0.03344, -0.92211, 0.16066, -0.351995, -0.038346, 0.0, 0.0, 0.0, 1.0],
                [0.385686, 0.308838, -0.869405, 0.113308, -0.03097, -0.937447, -0.346747, 0.03344, -0.92211, 0.16066, -0.351995, -0.038346, 0.0, 0.0, 0.0, 1.0],
                [0.385686, 0.308838, -0.869405, 0.113308, -0.03097, -0.937447, -0.346747, 0.03344, -0.92211, 0.16066, -0.351995, -0.038346, 0.0, 0.0, 0.0, 1.0],
                [0.385686, 0.308838, -0.869405, 0.113308, -0.03097, -0.937447, -0.346747, 0.03344, -0.92211, 0.16066, -0.351995, -0.038346, 0.0, 0.0, 0.0, 1.0],
                [0.385686, 0.308838, -0.869405, 0.113308, -0.03097, -0.937447, -0.346747, 0.03344, -0.92211, 0.16066, -0.351995, -0.038346, 0.0, 0.0, 0.0, 1.0],
                [0.385686, 0.308838, -0.869405, 0.113308, -0.03097, -0.937447, -0.346747, 0.03344, -0.92211, 0.16066, -0.351995, -0.038346, 0.0, 0.0, 0.0, 1.0],
