{
    "animation": [
        {
            "name": "Root",
            "time": [0.0, 0.0167, 0.0333, 0.05, 0.0667, 0.0833, 0.1, 0.1167, 0.1333, 0.15, 0.1667, 0.1833, 0.2, 0.2167, 0.2333, 0.25, 0.2667, 0.2833, 0.3, 0.3167, 0.3333, 0.35, 0.3667, 0.3833, 0.4, 0.4167, 0.4333, 0.45, 0.4667, 0.4833, 0.5, 0.5167, 0.5333, 0.55, 0.5667, 0.5833, 0.6, 0.6167, 0.6333, 0.65, 0.6667, 0.6833, 0.7, 0.7167, 0.7333, 0.75, 0.7667, 0.7833, 0.8, 0.8167, 0.8333, 0.85, 0.8667, 0.8833, 0.9, 0.9167, 0.9333, 0.95, 0.9667, 0.9833, 1.0, 1.0167, 1.0333, 1.05, 1.0667, 1.0833, 1.1, 1.1167, 1.1333, 1.15, 1.1667, 1.1833, 1.2, 1.2167, 1.2333, 1.25, 1.2667, 1.2833, 1.3, 1.3167, 1.3333, 1.35, 1.3667, 1.3833, 1.4, 1.4167, 1.4333, 1.45, 1.4667, 1.4833, 1.5, 1.5167, 1.5333, 1.55, 1.5667, 1.5833, 1.6, 1.6167, 1.6333, 1.65, 1.6667, 1.6833, 1.7, 1.7167, 1.7333, 1.75, 1.7667, 1.7833, 1.8, 1.8167, 1.8333, 1.85, 1.8667, 1.8833, 1.9, 1.9167, 1.9333, 1.95, 1.9667, 1.9833, 2.0, 2.0167, 2.0333, 2.05, 2.0667, 2.0833, 2.1, 2.1167, 2.1333, 2.15, 2.3667],
            "transform": [
                [1.0, 0.0, 0.0, -5e-06, 0.0, 0.0, -1.0, 0.000946, 0.0, 1.0, 0.0, 0.763972, 0.0, 0.0, 0.0, 1.0],
                [1.0, 0.0, 0.0, -5e-06, 0.0, 0.0, -1.0, 0.000959, 0.0, 1.0, 0.0, 0.763972, 0.0, 0.0, 0.0, 1.0],
                [1.0, 0.0, 0.0, -5e-06, 0.0, 0.0, -1.0, 0.001043, 0.0, 1.0, 0.0, 0.763972, 0.0, 0.0, 0.0, 1.0],
                [1.0, 0.0, 0.0, -5e-06, 0.0, 0.0, -1.0, 0.001273, 0.0, 1.0, 0.0, 0.763972, 0.0, 0.0, 0.0, 1.0],
                [1.0, 0.0, 0.0, -5e-06, 0.0, 0.0, -1.0, 0.001721, 0.0, 1.0, 0.0, 0.763972, 0.0, 0.0, 0.0, 1.0],
                [1.0, 0.0, 0.0, -5e-06, 0.0, 0.0, -1.0, 0.00246, 0.0, 1.0, 0.0, 0.763972, 0.0, 0.0, 0.0, 1.0],
                [1.0, 0.0, 0.0, -5e-06, 0.0, 0.0, -1.0, 0.003561, 0.0, 1.0, 0.0, 0.763972, 0.0, 0.0, 0.0, 1.0],
                [1.0, 0.0, 0.0, -5e-06, 0.0, 0.0, -1.0, 0.005099, 0.0, 1.0, 0.0, 0.763972, 0.0, 0.0, 0.0, 1.0],
                [1.0, 0.0, 0.0, -5e-06, 0.0, 0.0, -1.0, 0.007145, 0.0, 1.0, 0.0, 0.763972, 0.0, 0.0, 0.0, 1.0],
                [1.0, 0.0, 0.0, -5e-06, 0.0, 0.0, -1.0, 0.009772, 0.0, 1.0, 0.0, 0.763972, 0.0, 0.0, 0.0, 1.0],
                [1.0, 0.0, 0.0, -5e-06, 0.0, 0.0, -1.0, 0.013053, 0.0, 1.0, 0.0, 0.763972, 0.0, 0.0, 0.0, 1.0],
                [1.0, 0.0, 0.0, -5e-06, 0.0, 0.0, -1.0, 0.01706, 0.0, 1.0, 0.0, 0.763972, 0.0, 0.0, 0.0, 1.0],
                [1.0, 0.0, 0.0, -5e-06, 0.0, 0.0, -1.0, 0.021867, 0.0, 1.0, 0.0, 0.763972, 0.0, 0.0, 0.0, 1.0],
                [1.0, 0.0, 0.0, -5e-06, 0.0, 0.0, -1.0, 0.027545, 0.0, 1.0, 0.0, 0.763972, 0.0, 0.0, 0.0, 1.0],
                [1.0, 0.0, 0.0, -5e-06, 0.0, 0.0, -1.0, 0.034167, 0.0, 1.0, 0.0, 0.763972, 0.0, 0.0, 0.0, 1.0],
                [1.0, 0.0, 0.0, -5e-06, 0.0, 0.0, -1.0, 0.041806, 0.0, 1.0, 0.0, 0.763972, 0.0, 0.0, 0.0, 1.0],
                [1.0, 0.0, 0.0, -5e-06, 0.0, 0.0, -1.0, 0.050535, 0.0, 1.0, 0.0, 0.763972, 0.0, 0.0, 0.0, 1.0],
                [0.999995, 0.0, 0.003005, -5e-06, 0.003005, 0.0, -0.999995, 0.080591, 0.0, 1.0, 0.0, 0.763972, 0.0, 0.0, 0.0, 1.0],
                [0.999934, 0.0, 0.011463, -5e-06, 0.011463, 0.0, -0.999934, 0.148707, 0.0, 1.0, 0.0, 0.763972, 0.0, 0.0, 0.0, 1.0],
                [0.999699, 0.0, 0.024541, -5e-06, 0.024541, 0.0, -0.999699, 0.249698, 0.0, 1.0, 0.0, 0.763972, 0.0, 0.0, 0.0, 1.0],
                [0.999143, 0.0, 0.041401, -5e-06, 0.041401, 0.0, -0.999143, 0.37838, 0.0, 1.0, 0.0, 0.763972, 0.0, 0.0, 0.0, 1.0],
                [0.998125, 0.0, 0.0612, -5e-06, 0.0612, 0.0, -0.998125, 0.529568, 0.0, 1.0, 0.0, 0.763972, 0.0, 0.0, 0.0, 1.0],
                [0.996543, 0.0, 0.083084, -5e-06, 0.083084, 0.0, -0.996543, 0.698078, 0.0, 1.0, 0.0, 0.757893, 0.0, 0.0, 0.0, 1.0],
                [0.994345, 0.0, 0.106194, -5e-06, 0.106194, 0.0, -0.994345, 0.878724, 0.0, 1.0, 0.0, 0.741225, 0.0, 0.0, 0.0, 1.0],
                [0.991557, 0.0, 0.129669, -5e-06, 0.129669, 0.0, -0.991557, 1.066323, 0.0, 1.0, 0.0, 0.716321, 0.0, 0.0, 0.0, 1.0],
                [0.98828, 0.0, 0.152655, -5e-06, 0.152655, 0.0, -0.98828, 1.255689, 0.0, 1.0, 0.0, 0.685534, 0.0, 0.0, 0.0, 1.0],
                [0.984691, 0.0, 0.174309, -5e-06, 0.174309, 0.0, -0.984691, 1.441638, 0.0, 1.0, 0.0, 0.651218, 0.0, 0.0, 0.0, 1.0],
                [0.98104, 0.0, 0.193805, -5e-06, 0.193805, 0.0, -0.98104, 1.618986, 0.0, 1.0, 0.0, 0.615725, 0.0, 0.0, 0.0, 1.0],
                [0.977629, 0.0, 0.210338, -5e-06, 0.210338, 0.0, -0.977629, 1.782548, 0.0, 1.0, 0.0, 0.581408, 0.0, 0.0, 0.0, 1.0],
                [0.974792, 0.0, 0.223118, -5e-06, 0.223118, 0.0, -0.974792, 1.927138, 0.0, 1.0, 0.0, 0.550621, 0.0, 0.0, 0.0, 1.0],
                [0.972868, 0.0, 0.231362, -5e-06, 0.231362, 0.0, -0.972868, 2.047574, 0.0, 1.0, 0.0, 0.525717, 0.0, 0.0, 0.0, 1.0],
                [0.972167, 0.0, 0.234287, -5e-06, 0.234287, 0.0, -0.972167, 2.138669, 0.0, 1.0, 0.0, 0.50905, 0.0, 0.0, 0.0, 1.0],
                [0.972613, 0.0, 0.232432, -5e-06, 0.232432, 0.0, -0.972613, 2.19819, 0.0, 1.0, 0.0, 0.502971, 0.0, 0.0, 0.0, 1.0],
                [0.97388, 0.0, 0.227063, -5e-06, 0.227063, 0.0, -0.97388, 2.235707, 0.0, 1.0, 0.0, 0.504292, 0.0, 0.0, 0.0, 1.0],
                [0.975844, 0.0, 0.218467, -5e-06, 0.218467, 0.0, -0.975844, 2.263739, 0.0, 1.0, 0.0, 0.508106, 0.0, 0.0, 0.0, 1.0],
                [0.978356, 0.0, 0.206927, -5e-06, 0.206927, 0.0, -0.978356, 2.294806, 0.0, 1.0, 0.0, 0.514185, 0.0, 0.0, 0.0, 1.0],
                [0.981254, 0.0, 0.192721, -5e-06, 0.192721, 0.0, -0.981254, 2.341429, 0.0, 1.0, 0.0, 0.522304, 0.0, 0.0, 0.0, 1.0],
                [0.984366, 0.0, 0.176132, -5e-06, 0.176132, 0.0, -0.984366, 2.416127, 0.0, 1.0, 0.0, 0.532235, 0.0, 0.0, 0.0, 1.0],
                [0.987527, 0.0, 0.157448, -5e-06, 0.157448, 0.0, -0.987527, 2.528536, 0.0, 1.0, 0.0, 0.543752, 0.0, 0.0, 0.0, 1.0],
                [0.990576, 0.0, 0.136964, -5e-06, 0.136964, 0.0, -0.990576, 2.676752, 0.0, 1.0, 0.0, 0.556628, 0.0, 0.0, 0.0, 1.0],
                [0.993367, 0.0, 0.114986, -5e-06, 0.114986, 0.0, -0.993367, 2.855988, 0.0, 1.0, 0.0, 0.570638, 0.0, 0.0, 0.0, 1.0],
                [0.995775, 0.0, 0.091829, -5e-06, 0.091829, 0.0, -0.995775, 3.061455, 0.0, 1.0, 0.0, 0.585553, 0.0, 0.0, 0.0, 1.0],
                [0.997698, 0.0, 0.067817, -5e-06, 0.067817, 0.0, -0.997698, 3.288366, 0.0, 1.0, 0.0, 0.601148, 0.0, 0.0, 0.0, 1.0],
                [0.999063, 0.0, 0.043281, -5e-06, 0.043281, 0.0, -0.999063, 3.531933, 0.0, 1.0, 0.0, 0.617196, 0.0, 0.0, 0.0, 1.0],
                [0.999828, 0.0, 0.018559, -5e-06, 0.018559, 0.0, -0.999828, 3.787367, 0.0, 1.0, 0.0, 0.633471, 0.0, 0.0, 0.0, 1.0],
                [0.999982, 0.0, -0.006011, -5e-06, -0.006011, 0.0, -0.999982, 4.049882, 0.0, 1.0, 0.0, 0.649746, 0.0, 0.0, 0.0, 1.0],
                [0.999547, 0.0, -0.03009, -5e-06, -0.03009, 0.0, -0.999547, 4.314688, 0.0, 1.0, 0.0, 0.665794, 0.0, 0.0, 0.0, 1.0],
                [0.998576, 0.0, -0.053344, -5e-06, -0.053344, 0.0, -0.998576, 4.576998, 0.0, 1.0, 0.0, 0.681389, 0.0, 0.0, 0.0, 1.0],
                [0.99715, 0.0, -0.075443, -5e-06, -0.075443, 0.0, -0.99715, 4.832024, 0.0, 1.0, 0.0, 0.696305, 0.0, 0.0, 0.0, 1.0],
                [0.995375, 0.0, -0.096065, -5e-06, -0.096065, 0.0, -0.995375, 5.074978, 0.0, 1.0, 0.0, 0.710314, 0.0, 0.0, 0.0, 1.0],
                [0.993377, 0.0, -0.114898, -5e-06, -0.114898, 0.0, -0.993377, 5.301074, 0.0, 1.0, 0.0, 0.72319, 0.0, 0.0, 0.0, 1.0],
                [0.991298, 0.0, -0.131636, -5e-06, -0.131636, 0.0, -0.991298, 5.505521, 0.0, 1.0, 0.0, 0.734707, 0.0, 0.0, 0.0, 1.0],
                [0.989287, 0.0, -0.145982, -5e-06, -0.145982, 0.0, -0.989287, 5.683532, 0.0, 1.0, 0.0, 0.744638, 0.0, 0.0, 0.0, 1.0],
                [0.987496, 0.0, -0.157646, -5e-06, -0.157646, 0.0, -0.987496, 5.830321, 0.0, 1.0, 0.0, 0.752757, 0.0, 0.0, 0.0, 1.0],
                [0.986069, 0.0, -0.166339, -5e-06, -0.166339, 0.0, -0.986069, 5.941097, 0.0, 1.0, 0.0, 0.758836, 0.0, 0.0, 0.0, 1.0],
                [0.985137, 0.0, -0.171771, -5e-06, -0.171771, 0.0, -0.985137, 6.011073, 0.0, 1.0, 0.0, 0.76265, 0.0, 0.0, 0.0, 1.0],
                [0.984808, 0.0, -0.173648, -5e-06, -0.173648, 0.0, -0.984808, 6.035463, 0.0, 1.0, 0.0, 0.763972, 0.0, 0.0, 0.0, 1.0],
                [0.984808, 0.0, -0.173648, -5e-06, -0.173648, 0.0, -0.984808, 6.035463, 0.0, 1.0, 0.0, 0.763972, 0.0, 0.0, 0.0, 1.0],
                [0.984808, 0.0, -0.173648, -5e-06, -0.173648, 0.0, -0.984808, 6.035463, 0.0, 1.0, 0.0, 0.763972, 0.0, 0.0, 0.0, 1.0],
                [0.984808, 0.0, -0.173648, -5e-06, -0.173648, 0.0, -0.984808, 6.035463, 0.0, 1.0, 0.0, 0.763972, 0.0, 0.0, 0.0, 1.0],
                [0.984808, 0.0, -0.173648, -5e-06, -0.173648, 0.0, -0.984808, 6.035463, 0.0, 1.0, 0.0, 0.763972, 0.0, 0.0, 0.0, 1.0],
                [0.984808, 0.0, -0.173648, -5e-06, -0.173648, 0.0, -0.984808, 6.035463, 0.0, 1.0, 0.0, 0.763972, 0.0, 0.0, 0.0, 1.0],
                [0.984808, 0.0, -0.173648, -5e-06, -0.173648, 0.0, -0.984808, 6.035463, 0.0, 1.0, 0.0, 0.763972, 0.0, 0.0, 0.0, 1.0],
                [0.984808, 0.0, -0.173648, -5e-06, -0.173648, 0.0, -0.984808, 6.035463, 0.0, 1.0, 0.0, 0.763972, 0.0, 0.0, 0.0, 1.0],
                [0.984808, 0.0, -0.173648, -5e-06, -0.173648, 0.0, -0.984808, 6.035463, 0.0, 1.0, 0.0, 0.763972, 0.0, 0.0, 0.0, 1.0],
                [0.984808, 0.0, -0.173648, -5e-06, -0.173648, 0.0, -0.984808, 6.035463, 0.0, 1.0, 0.0, 0.763972, 0.0, 0.0, 0.0, 1.0],
                [0.984808, 0.0, -0.173648, -5e-06, -0.173648, 0.0, -0.984808, 6.035463, 0.0, 1.0, 0.0, 0.763972, 0.0, 0.0, 0.0, 1.0],
                [0.984808, 0.0, -0.173648, -5e-06, -0.173648, 0.0, -0.984808, 6.035463, 0.0, 1.0, 0.0, 0.763972, 0.0, 0.0, 0.0, 1.0],
                [0.984808, 0.0, -0.173648, -5e-06, -0.173648, 0.0, -0.984808, 6.035463, 0.0, 1.0, 0.0, 0.763972, 0.0, 0.0, 0.0, 1.0],
                [0.984808, 0.0, -0.173648, -5e-06, -0.173648, 0.0, -0.984808, 6.035463, 0.0, 1.0, 0.0, 0.763972, 0.0, 0.0, 0.0, 1.0],
                [0.984808, 0.0, -0.173648, -5e-06, -0.173648, 0.0, -0.984808, 6.035463, 0.0, 1.0, 0.0, 0.763972, 0.0, 0.0, 0.0, 1.0],
                [0.984808, 0.0, -0.173648, -5e-06, -0.173648, 0.0, -0.984808, 6.035463, 0.0, 1.0, 0.0, 0.763972, 0.0, 0.0, 0.0, 1.0],
                [0.984808, 0.0, -0.173648, -5e-06, -0.173648, 0.0, -0.984808, 6.035463, 0.0, 1.0, 0.0, 0.763972, 0.0, 0.0, 0.0, 1.0],
                [0.984808, 0.0, -0.173648, -5e-06, -0.173648, 0.0, -0.984808, 6.035463, 0.0, 1.0, 0.0, 0.763972, 0.0, 0.0, 0.0, 1.0],
                [0.984808, 0.0, -0.173648, -5e-06, -0.173648, 0.0, -0.984808, 6.035463, 0.0, 1.0, 0.0, 0.763972, 0.0, 0.0, 0.0, 1.0],
                [0.984808, 0.0, -0.173648, -5e-06, -0.173648, 0.0, -0.984808, 6.035463, 0.0, 1.0, 0.0, 0.763972, 0.0, 0.0, 0.0, 1.0],
                [0.984808, 0.0, -0.173648, -5e-06, -0.173648, 0.0, -0.984808, 6.035463, 0.0, 1.0, 0.0, 0.763972, 0.0, 0.0, 0.0, 1.0],
                [0.984808, 0.0, -0.173648, -5e-06, -0.173648, 0.0, -0.984808, 6.035463, 0.0, 1.0, 0.0, 0.763972, 0.0, 0.0, 0.0, 1.0],
                [0.984808, 0.0, -0.173648, -5e-06, -0.173648, 0.0, -0.984808, 6.035463, 0.0, 1.0, 0.0, 0.763972, 0.0, 0.0, 0.0, 1.0],
                [0.984808, 0.0, -0.173648, -5e-06, -0.173648, 0.0, -0.984808, 6.035463, 0.0, 1.0, 0.0, 0.763972, 0.0, 0.0, 0.0, 1.0],
                [0.984808, 0.0, -0.173648, -5e-06, -0.173648, 0.0, -0.984808, 6.035463, 0.0, 1.0, 0.0, 0.763972, 0.0, 0.0, 0.0, 1.0],
                [0.984808, 0.0, -0.173648, -5e-06, -0.173648, 0.0, -0.984808, 6.035463, 0.0, 1.0, 0.0, 0.763972, 0.0, 0.0, 0.0, 1.0],
                [0.984808, 0.0, -0.173648, -5e-06, -0.173648, 0.0, -0.984808, 6.035463, 0.0, 1.0, 0.0, 0.763972, 0.0, 0.0, 0.0, 1.0],
                [0.984808, 0.0, -0.173648, -5e-06, -0.173648, 0.0, -0.984808, 6.035463, 0.0, 1.0, 0.0, 0.763972, 0.0, 0.0, 0.0, 1.0],
                [0.984808, 0.0, -0.173648, -5e-06, -0.173648, 0.0, -0.984808, 6.035463, 0.0, 1.0, 0.0, 0.763972, 0.0, 0.0, 0.0, 1.0],
                [0.984808, 0.0, -0.173648, -5e-06, -0.173648, 0.0, -0.984808, 6.035463, 0.0, 1.0, 0.0, 0.763972, 0.0, 0.0, 0.0, 1.0],
                [0.984808, 0.0, -0.173648, -5e-06, -0.173648, 0.0, -0.984808, 6.035463, 0.0, 1.0, 0.0, 0.763972, 0.0, 0.0, 0.0, 1.0],
                [0.984808, 0.0, -0.173648, -5e-06, -0.173648, 0.0, -0.984808, 6.035463, 0.0, 1.0, 0.0, 0.763972, 0.0, 0.0, 0.0, 1.0],
                [0.984808, 0.0, -0.173648, -5e-06, -0.173648, 0.0, -0.984808, 6.035463, 0.0, 1.0, 0.0, 0.763972, 0.0, 0.0, 0.0, 1.0],
                [0.984808, 0.0, -0.173648, -5e-06, -0.173648, 0.0, -0.984808, 6.035463, 0.0, 1.0, 0.0, 0.763972, 0.0, 0.0, 0.0, 1.0],
                [0.984808, 0.0, -0.173648, -5e-06, -0.173648, 0.0, -0.984808, 6.035463, 0.0, 1.0, 0.0, 0.763972, 0.0, 0.0, 0.0, 1.0],
                [0.984808, 0.0, -0.173648, -5e-06, -0.173648, 0.0, -0.984808, 6.035463, 0.0, 1.0, 0.0, 0.763972, 0.0, 0.0, 0.0, 1.0],
                [0.984808, 0.0, -0.173648, -5e-06, -0.173648, 0.0, -0.984808, 6.035463, 0.0, 1.0, 0.0, 0.763972, 0.0, 0.0, 0.0, 1.0],
                [0.984808, 0.0, -0.173648, -5e-06, -0.173648, 0.0, -0.984808, 6.035463, 0.0, 1.0, 0.0, 0.763972, 0.0, 0.0, 0.0, 1.0],
                [0.984808, 0.0, -0.173648, -5e-06, -0.173648, 0.0, -0.984808, 6.035463, 0.0, 1.0, 0.0, 0.763972, 0.0, 0.0, 0.0, 1.0],
                [0.984808, 0.0, -0.173648, -5e-06, -0.173648, 0.0, -0.984808, 6.035463, 0.0, 1.0, 0.0, 0.763972, 0.0, 0.0, 0.0, 1.0],
                [0.984808, 0.0, -0.173648, -5e-06, -0.173648, 0.0, -0.984808, 6.035463, 0.0, 1.0, 0.0, 0.763972, 0.0, 0.0, 0.0, 1.0],
                [0.984889, 0.0, -0.173185, -5e-06, -0.173185, 0.0, -0.984889, 6.032788, 0.0, 1.0, 0.0, 0.763972, 0.0, 0.0, 0.0, 1.0],
                [0.985126, 0.0, -0.171833, -5e-06, -0.171833, 0.0, -0.985126, 6.024982, 0.0, 1.0, 0.0, 0.763972, 0.0, 0.0, 0.0, 1.0],
                [0.985505, 0.0, -0.169648, -5e-06, -0.169648, 0.0, -0.985505, 6.012378, 0.0, 1.0, 0.0, 0.763972, 0.0, 0.0, 0.0, 1.0],
                [0.98601, 0.0, -0.166688, -5e-06, -0.166688, 0.0, -0.98601, 5.995306, 0.0, 1.0, 0.0, 0.763972, 0.0, 0.0, 0.0, 1.0],
                [0.986625, 0.0, -0.163007, -5e-06, -0.163007, 0.0, -0.986625, 5.974095, 0.0, 1.0, 0.0, 0.763972, 0.0, 0.0, 0.0, 1.0],
                [0.987333, 0.0, -0.158663, -5e-06, -0.158663, 0.0, -0.987333, 5.94908, 0.0, 1.0, 0.0, 0.763972, 0.0, 0.0, 0.0, 1.0],
                [0.988116, 0.0, -0.153711, -5e-06, -0.153711, 0.0, -0.988116, 5.920588, 0.0, 1.0, 0.0, 0.763972, 0.0, 0.0, 0.0, 1.0],
                [0.988957, 0.0, -0.148206, -5e-06, -0.148206, 0.0, -0.988957, 5.888953, 0.0, 1.0, 0.0, 0.763972, 0.0, 0.0, 0.0, 1.0],
                [0.989837, 0.0, -0.142206, -5e-06, -0.142206, 0.0, -0.989837, 5.854504, 0.0, 1.0, 0.0, 0.763972, 0.0, 0.0, 0.0, 1.0],
                [0.990741, 0.0, -0.135766, -5e-06, -0.135766, 0.0, -0.990741, 5.817573, 0.0, 1.0, 0.0, 0.763972, 0.0, 0.0, 0.0, 1.0],
                [0.991652, 0.0, -0.128944, -5e-06, -0.128944, 0.0, -0.991652, 5.778491, 0.0, 1.0, 0.0, 0.763972, 0.0, 0.0, 0.0, 1.0],
                [0.992555, 0.0, -0.121797, -5e-06, -0.121797, 0.0, -0.992555, 5.737587, 0.0, 1.0, 0.0, 0.763972, 0.0, 0.0, 0.0, 1.0],
                [0.993437, 0.0, -0.114381, -5e-06, -0.114381, 0.0, -0.993437, 5.695196, 0.0, 1.0, 0.0, 0.763972, 0.0, 0.0, 0.0, 1.0],
                [0.994285, 0.0, -0.106756, -5e-06, -0.106756, 0.0, -0.994285, 5.651645, 0.0, 1.0, 0.0, 0.763972, 0.0, 0.0, 0.0, 1.0],
                [0.99509, 0.0, -0.098979, -5e-06, -0.098979, 0.0, -0.99509, 5.607267, 0.0, 1.0, 0.0, 0.763972, 0.0, 0.0, 0.0, 1.0],
                [0.995841, 0.0, -0.091108, -5e-06, -0.091108, 0.0, -0.995841, 5.562393, 0.0, 1.0, 0.0, 0.763972, 0.0, 0.0, 0.0, 1.0],
                [0.996533, 0.0, -0.083202, -5e-06, -0.083202, 0.0, -0.996533, 5.517353, 0.0, 1.0, 0.0, 0.763972, 0.0, 0.0, 0.0, 1.0],
                [0.997159, 0.0, -0.07532, -5e-06, -0.07532, 0.0, -0.997159, 5.472478, 0.0, 1.0, 0.0, 0.763972, 0.0, 0.0, 0.0, 1.0],
                [0.997718, 0.0, -0.067522, -5e-06, -0.067522, 0.0, -0.997718, 5.4281, 0.0, 1.0, 0.0, 0.763972, 0.0, 0.0, 0.0, 1.0],
                [0.998206, 0.0, -0.059865, -5e-06, -0.059865, 0.0, -0.998206, 5.38455, 0.0, 1.0, 0.0, 0.763972, 0.0, 0.0, 0.0, 1.0],
                [0.998626, 0.0, -0.052409, -5e-06, -0.052409, 0.0, -0.998626, 5.342157, 0.0, 1.0, 0.0, 0.763972, 0.0, 0.0, 0.0, 1.0],
                [0.998977, 0.0, -0.045213, -5e-06, -0.045213, 0.0, -0.998977, 5.301255, 0.0, 1.0, 0.0, 0.763972, 0.0, 0.0, 0.0, 1.0],
                [0.999265, 0.0, -0.038337, -5e-06, -0.038337, 0.0, -0.999265, 5.262172, 0.0, 1.0, 0.0, 0.763972, 0.0, 0.0, 0.0, 1.0],
                [0.999493, 0.0, -0.031838, -5e-06, -0.031838, 0.0, -0.999493, 5.225241, 0.0, 1.0, 0.0, 0.763972, 0.0, 0.0, 0.0, 1.0],
                [0.999668, 0.0, -0.025776, -5e-06, -0.025776, 0.0, -0.999668, 5.190793, 0.0, 1.0, 0.0, 0.763972, 0.0, 0.0, 0.0, 1.0],
                [0.999796, 0.0, -0.020209, -5e-06, -0.020209, 0.0, -0.999796, 5.159156, 0.0, 1.0, 0.0, 0.763972, 0.0, 0.0, 0.0, 1.0],
                [0.999885, 0.0, -0.015196, -5e-06, -0.015196, 0.0, -0.999885, 5.130665, 0.0, 1.0, 0.0, 0.763972, 0.0, 0.0, 0.0, 1.0],
                [0.999942, 0.0, -0.010795, -5e-06, -0.010795, 0.0, -0.999942, 5.105649, 0.0, 1.0, 0.0, 0.763972, 0.0, 0.0, 0.0, 1.0],
                [0.999975, 0.0, -0.007063, -5e-06, -0.007063, 0.0, -0.999975, 5.08444, 0.0, 1.0, 0.0, 0.763972, 0.0, 0.0, 0.0, 1.0],
                [0.999992, 0.0, -0.00406, -5e-06, -0.00406, 0.0, -0.999992, 5.067367, 0.0, 1.0, 0.0, 0.763972, 0.0, 0.0, 0.0, 1.0],
                [0.999998, 0.0, -0.001843, -5e-06, -0.001843, 0.0, -0.999998, 5.054762, 0.0, 1.0, 0.0, 0.763972, 0.0, 0.0, 0.0, 1.0],
                [1.0, 0.0, -0.000471, -5e-06, -0.000471, 0.0, -1.0, 5.046957, 0.0, 1.0, 0.0, 0.763972, 0.0, 0.0, 0.0, 1.0],
                [1.0, 0.0, 0.0, -5e-06, 0.0, 0.0, -1.0, 5.044281, 0.0, 1.0, 0.0, 0.763972, 0.0, 0.0, 0.0, 1.0],
                [1.0, 0.0, 0.0, -5e-06, 0.0, 0.0, -1.0, 5.044281, 0.0, 1.0, 0.0, 0.763972, 0.0, 0.0, 0.0, 1.0]
            ]
        },
        {
            "name": "Thigh_R",
            "time": [0.0, 0.0167, 0.0333, 0.05, 0.0667, 0.0833, 0.1, 0.1167, 0.1333, 0.15, 0.1667, 0.1833, 0.2, 0.2167, 0.2333, 0.25, 0.2667, 0.2833, 0.3, 0.3167, 0.3333, 0.35, 0.3667, 0.3833, 0.4, 0.4167, 0.4333, 0.45, 0.4667, 0.4833, 0.5, 0.5167, 0.5333, 0.55, 0.5667, 0.5833, 0.6, 0.6167, 0.6333, 0.65, 0.6667, 0.6833, 0.7, 0.7167, 0.7333, 0.75, 0.7667, 0.7833, 0.8, 0.8167, 0.8333, 0.85, 0.8667, 0.8833, 0.9, 0.9167, 0.9333, 0.95, 0.9667, 0.9833, 1.0, 1.0167, 1.0333, 1.05, 1.0667, 1.0833, 1.1, 1.1167, 1.1333, 1.15, 1.1667, 1.1833, 1.2, 1.2167, 1.2333, 1.25, 1.2667, 1.2833, 1.3, 1.3167, 1.3333, 1.35, 1.3667, 1.3833, 1.4, 1.4167, 1.4333, 1.45, 1.4667, 1.4833, 1.5, 1.5167, 1.5333, 1.55, 1.5667, 1.5833, 1.6, 1.6167, 1.6333, 1.65, 1.6667, 1.6833, 1.7, 1.7167, 1.7333, 1.75, 1.7667, 1.7833, 1.8, 1.8167, 1.8333, 1.85, 1.8667, 1.8833, 1.9, 1.9167, 1.9333, 1.95, 1.9667, 1.9833, 2.0, 2.0167, 2.0333, 2.05, 2.0667, 2.0833, 2.1, 2.1167, 2.1333, 2.15, 2.3667],
            "transform": [
                [0.994783, 0.080442, 0.062738, 0.124994, 0.016506, -0.733812, 0.679152, -0.002831, 0.10067, -0.674574, -0.731311, -1.2e-05, 0.0, 0.0, 0.0, 1.0],
                [0.994783, 0.080442, 0.062738, 0.124994, 0.016506, -0.733812, 0.679152, -0.002831, 0.10067, -0.674574, -0.731311, -1.2e-05, 0.0, 0.0, 0.0, 1.0],
                [0.994783, 0.080442, 0.062738, 0.124994, 0.016506, -0.733812, 0.679152, -0.002831, 0.10067, -0.674574, -0.731311, -1.2e-05, 0.0, 0.0, 0.0, 1.0],
                [0.994783, 0.080442, 0.062738, 0.124994, 0.016506, -0.733812, 0.679152, -0.002831, 0.10067, -0.674574, -0.731311, -1.2e-05, 0.0, 0.0, 0.0, 1.0],
                [0.994783, 0.080442, 0.062738, 0.124994, 0.016506, -0.733812, 0.679152, -0.002831, 0.10067, -0.674574, -0.731311, -1.2e-05, 0.0, 0.0, 0.0, 1.0],
                [0.994783, 0.080442, 0.062738, 0.124994, 0.016506, -0.733812, 0.679152, -0.002831, 0.10067, -0.674574, -0.731311, -1.2e-05, 0.0, 0.0, 0.0, 1.0],
                [0.994783, 0.080442, 0.062738, 0.124994, 0.016506, -0.733812, 0.679152, -0.002831, 0.10067, -0.674574, -0.731311, -1.2e-05, 0.0, 0.0, 0.0, 1.0],
                [0.994783, 0.080442, 0.062738, 0.124994, 0.016506, -0.733812, 0.679152, -0.002831, 0.10067, -0.674574, -0.731311, -1.2e-05, 0.0, 0.0, 0.0, 1.0],
                [0.994783, 0.080442, 0.062738, 0.124994, 0.016506, -0.733812, 0.679152, -0.002831, 0.10067, -0.674574, -0.731311, -1.2e-05, 0.0, 0.0, 0.0, 1.0],
                [0.994783, 0.080442, 0.062738, 0.124994, 0.016506, -0.733812, 0.679152, -0.002831, 0.10067, -0.674574, -0.731311, -1.2e-05, 0.0, 0.0, 0.0, 1.0],
                [0.994783, 0.080442, 0.062738, 0.124994, 0.016506, -0.733812, 0.679152, -0.002831, 0.10067, -0.674574, -0.731311, -1.2e-05, 0.0, 0.0, 0.0, 1.0],
                [0.994783, 0.080442, 0.062738, 0.124994, 0.016506, -0.733812, 0.679152, -0.002831, 0.10067, -0.674574, -0.731311, -1.2e-05, 0.0, 0.0, 0.0, 1.0],
                [0.994783, 0.080442, 0.062738, 0.124994, 0.016506, -0.733812, 0.679152, -0.002831, 0.10067, -0.674574, -0.731311, -1.2e-05, 0.0, 0.0, 0.0, 1.0],
                [0.994783, 0.080442, 0.062738, 0.124994, 0.016506, -0.733812, 0.679152, -0.002831, 0.10067, -0.674574, -0.731311, -1.2e-05, 0.0, 0.0, 0.0, 1.0],
                [0.994783, 0.080442, 0.062738, 0.124994, 0.016506, -0.733812, 0.679152, -0.002831, 0.10067, -0.674574, -0.731311, -1.2e-05, 0.0, 0.0, 0.0, 1.0],
                [0.994783, 0.079789, 0.063565, 0.124994, 0.016506, -0.740787, 0.671537, -0.002831, 0.10067, -0.666985, -0.738239, -1.2e-05, 0.0, 0.0, 0.0, 1.0],
                [0.994783, 0.077867, 0.065906, 0.124994, 0.016506, -0.760396, 0.64925, -0.002831, 0.10067, -0.644775, -0.757714, -1.2e-05, 0.0, 0.0, 0.0, 1.0],
                [0.994783, 0.074662, 0.069516, 0.124994, 0.016506, -0.790258, 0.612552, -0.002831, 0.10067, -0.608209, -0.787368, -1.2e-05, 0.0, 0.0, 0.0, 1.0],
                [0.994783, 0.070111, 0.074103, 0.124994, 0.016506, -0.827454, 0.561291, -0.002831, 0.10067, -0.557139, -0.824294, -1.2e-05, 0.0, 0.0, 0.0, 1.0],
                [0.994783, 0.064145, 0.079324, 0.124994, 0.016506, -0.86854, 0.495343, -0.002831, 0.10067, -0.49145, -0.865068, -1.2e-05, 0.0, 0.0, 0.0, 1.0],
                [0.994783, 0.056736, 0.084782, 0.124994, 0.016506, -0.909647, 0.415053, -0.002831, 0.10067, -0.411488, -0.905838, -1.2e-05, 0.0, 0.0, 0.0, 1.0],
                [0.994783, 0.047937, 0.09005, 0.124994, 0.016506, -0.946723, 0.321625, -0.002831, 0.10067, -0.318461, -0.942575, -1.2e-05, 0.0, 0.0, 0.0, 1.0],
                [0.994783, 0.037919, 0.094705, 0.124994, 0.016506, -0.975947, 0.217381, -0.002831, 0.10067, -0.214684, -0.971482, -1.2e-05, 0.0, 0.0, 0.0, 1.0],
                [0.994783, 0.026983, 0.098381, 0.124994, 0.016506, -0.994251, 0.105789, -0.002831, 0.10067, -0.103613, -0.98951, -1.2e-05, 0.0, 0.0, 0.0, 1.0],
                [0.994783, 0.015536, 0.100824, 0.124994, 0.016506, -0.999825, -0.008797, -0.002831, 0.10067, 0.010416, -0.994865, -1.2e-05, 0.0, 0.0, 0.0, 1.0],
                [0.994783, 0.004052, 0.101934, 0.124994, 0.016506, -0.992437, -0.121639, -0.002831, 0.10067, 0.122687, -0.987326, -1.2e-05, 0.0, 0.0, 0.0, 1.0],
                [0.994783, -0.006993, 0.101774, 0.124994, 0.016506, -0.973468, -0.228227, -0.002831, 0.10067, 0.228717, -0.968274, -1.2e-05, 0.0, 0.0, 0.0, 1.0],
                [0.994783, -0.017176, 0.100558, 0.124994, 0.016506, -0.945634, -0.324813, -0.002831, 0.10067, 0.324778, -0.940417, -1.2e-05, 0.0, 0.0, 0.0, 1.0],
                [0.994783, -0.026169, 0.098601, 0.124994, 0.016506, -0.912513, -0.408713, -0.002831, 0.10067, 0.408209, -0.907321, -1.2e-05, 0.0, 0.0, 0.0, 1.0],
                [0.994783, -0.033746, 0.096271, 0.124994, 0.016506, -0.878021, -0.478337, -0.002831, 0.10067, 0.477431, -0.872883, -1.2e-05, 0.0, 0.0, 0.0, 1.0],
                [0.994783, -0.039773, 0.093941, 0.124994, 0.016506, -0.845976, -0.532966, -0.002831, 0.10067, 0.531736, -0.840906, -1.2e-05, 0.0, 0.0, 0.0, 1.0],
                [0.994783, -0.044173, 0.091955, 0.124994, 0.016506, -0.819816, -0.572389, -0.002831, 0.10067, 0.570921, -0.81481, -1.2e-05, 0.0, 0.0, 0.0, 1.0],
                [0.994783, -0.046883, 0.090603, 0.124994, 0.016506, -0.802462, -0.596474, -0.002831, 0.10067, 0.594858, -0.797502, -1.2e-05, 0.0, 0.0, 0.0, 1.0],
                [0.994783, -0.047816, 0.090114, 0.124994, 0.016506, -0.796259, -0.60473, -0.002831, 0.10067, 0.603063, -0.791316, -1.2e-05, 0.0, 0.0, 0.0, 1.0],
                [0.994783, -0.047176, 0.09045, 0.124994, 0.016506, -0.800526, -0.59907, -0.002831, 0.10067, 0.597438, -0.795571, -1.2e-05, 0.0, 0.0, 0.0, 1.0],
                [0.994783, -0.045311, 0.091399, 0.124994, 0.016506, -0.812649, -0.582519, -0.002831, 0.10067, 0.580989, -0.807662, -1.2e-05, 0.0, 0.0, 0.0, 1.0],
                [0.994783, -0.042276, 0.092842, 0.124994, 0.016506, -0.831395, -0.555436, -0.002831, 0.10067, 0.554071, -0.82636, -1.2e-05, 0.0, 0.0, 0.0, 1.0],
                [0.994783, -0.038108, 0.094629, 0.124994, 0.016506, -0.855254, -0.517945, -0.002831, 0.10067, 0.516805, -0.850164, -1.2e-05, 0.0, 0.0, 0.0, 1.0],
                [0.994783, -0.032843, 0.096583, 0.124994, 0.016506, -0.88246, -0.470097, -0.002831, 0.10067, 0.469239, -0.877314, -1.2e-05, 0.0, 0.0, 0.0, 1.0],
                [0.994783, -0.026529, 0.098504, 0.124994, 0.016506, -0.911014, -0.412045, -0.002831, 0.10067, 0.411521, -0.905823, -1.2e-05, 0.0, 0.0, 0.0, 1.0],
                [0.994783, -0.019241, 0.100183, 0.124994, 0.016506, -0.93875, -0.344202, -0.002831, 0.10067, 0.34406, -0.933535, -1.2e-05, 0.0, 0.0, 0.0, 1.0],
                [0.994783, -0.011101, 0.101408, 0.124994, 0.016506, -0.963448, -0.267386, -0.002831, 0.10067, 0.267665, -0.958238, -1.1e-05, 0.0, 0.0, 0.0, 1.0],
                [0.994783, -0.002274, 0.101989, 0.124994, 0.016506, -0.98299, -0.182916, -0.002831, 0.10067, 0.183645, -0.977824, -1.2e-05, 0.0, 0.0, 0.0, 1.0],
                [0.994783, 0.007024, 0.101772, 0.124994, 0.016506, -0.995563, -0.092632, -0.002831, 0.10067, 0.093829, -0.990486, -1.2e-05, 0.0, 0.0, 0.0, 1.0],
                [0.994783, 0.01654, 0.100664, 0.124994, 0.016506, -0.999863, 0.001166, -0.002831, 0.10067, 0.000502, -0.99492, -1.2e-05, 0.0, 0.0, 0.0, 1.0],
                [0.994783, 0.026001, 0.098645, 0.124994, 0.016506, -0.995256, 0.095876, -0.002831, 0.10067, -0.093748, -0.990493, -1.2e-05, 0.0, 0.0, 0.0, 1.0],
                [0.994783, 0.03514, 0.095771, 0.124994, 0.016506, -0.981874, 0.188814, -0.002831, 0.10067, -0.186248, -0.977332, -1.1e-05, 0.0, 0.0, 0.0, 1.0],
                [0.994783, 0.043716, 0.092173, 0.124994, 0.016506, -0.960598, 0.277451, -0.002831, 0.10067, -0.274483, -0.956308, -1.2e-05, 0.0, 0.0, 0.0, 1.0],
                [0.994783, 0.051537, 0.088039, 0.124994, 0.016506, -0.93295, 0.359626, -0.002831, 0.10067, -0.356297, -0.928934, -1.2e-05, 0.0, 0.0, 0.0, 1.0],
                [0.994783, 0.058468, 0.083597, 0.124994, 0.016506, -0.900914, 0.433683, -0.002831, 0.10067, -0.43004, -0.897179, -1.2e-05, 0.0, 0.0, 0.0, 1.0],
                [0.994783, 0.064435, 0.079089, 0.124994, 0.016506, -0.866725, 0.498514, -0.002831, 0.10067, -0.494607, -0.863266, -1.2e-05, 0.0, 0.0, 0.0, 1.0],
                [0.994783, 0.069415, 0.074756, 0.124994, 0.016506, -0.832672, 0.553521, -0.002831, 0.10067, -0.549399, -0.829473, -1.2e-05, 0.0, 0.0, 0.0, 1.0],
                [0.994783, 0.073423, 0.070823, 0.124994, 0.016506, -0.800951, 0.598502, -0.002831, 0.10067, -0.594211, -0.797984, -1.2e-05, 0.0, 0.0, 0.0, 1.0],
                [0.994783, 0.076498, 0.067491, 0.124994, 0.016506, -0.773565, 0.633501, -0.002831, 0.10067, -0.629082, -0.770793, -1.3e-05, 0.0, 0.0, 0.0, 1.0],
                [0.994783, 0.078679, 0.064935, 0.124994, 0.016506, -0.75228, 0.658637, -0.002831, 0.10067, -0.654129, -0.749654, -1.2e-05, 0.0, 0.0, 0.0, 1.0],
                [0.994783, 0.079995, 0.063307, 0.124994, 0.016506, -0.738607, 0.673933, -0.002831, 0.10067, -0.669373, -0.736075, -1.2e-05, 0.0, 0.0, 0.0, 1.0],
                [0.994783, 0.080442, 0.062738, 0.124994, 0.016506, -0.733812, 0.679152, -0.002831, 0.10067, -0.674573, -0.731311, -1.2e-05, 0.0, 0.0, 0.0, 1.0],
                [0.994783, 0.080442, 0.062738, 0.124994, 0.016506, -0.733812, 0.679152, -0.002831, 0.10067, -0.674573, -0.731311, -1.2e-05, 0.0, 0.0, 0.0, 1.0],
                [0.994783, 0.080442, 0.062738, 0.124994, 0.016506, -0.733812, 0.679152, -0.002831, 0.10067, -0.674573, -0.731311, -1.2e-05, 0.0, 0.0, 0.0, 1.0],
                [0.994783, 0.080442, 0.062738, 0.124994, 0.016506, -0.733812, 0.679152, -0.002831, 0.10067, -0.674573, -0.731311, -1.2e-05, 0.0, 0.0, 0.0, 1.0],
                [0.994783, 0.080442, 0.062738, 0.124994, 0.016506, -0.733812, 0.679152, -0.002831, 0.10067, -0.674573, -0.731311, -1.2e-05, 0.0, 0.0, 0.0, 1.0],
                [0.994783, 0.080442, 0.062738, 0.124994, 0.016506, -0.733812, 0.679152, -0.002831, 0.10067, -0.674573, -0.731311, -1.2e-05, 0.0, 0.0, 0.0, 1.0],
                [0.994783, 0.080442, 0.062738, 0.124994, 0.016506, -0.733812, 0.679152, -0.002831, 0.10067, -0.674573, -0.731311, -1.2e-05, 0.0, 0.0, 0.0, 1.0],
                [0.994783, 0.080442, 0.062738, 0.124994, 0.016506, -0.733812, 0.679152, -0.002831, 0.10067, -0.674573, -0.731311, -1.2e-05, 0.0, 0.0, 0.0, 1.0],
                [0.994783, 0.080442, 0.062738, 0.124994, 0.016506, -0.733812, 0.679152, -0.002831, 0.10067, -0.674573, -0.731311, -1.2e-05, 0.0, 0.0, 0.0, 1.0],
                [0.994783, 0.080442, 0.062738, 0.124994, 0.016506, -0.733812, 0.679152, -0.002831, 0.10067, -0.674573, -0.731311, -1.2e-05, 0.0, 0.0, 0.0, 1.0],
                [0.994783, 0.080442, 0.062738, 0.124994, 0.016506, -0.733812, 0.679152, -0.002831, 0.10067, -0.674573, -0.731311, -1.2e-05, 0.0, 0.0, 0.0, 1.0],
                [0.994783, 0.080442, 0.062738, 0.124994, 0.016506, -0.733812, 0.679152, -0.002831, 0.10067, -0.674573, -0.731311, -1.2e-05, 0.0, 0.0, 0.0, 1.0],
                [0.994783, 0.080442, 0.062738, 0.124994, 0.016506, -0.733812, 0.679152, -0.002831, 0.10067, -0.674573, -0.731311, -1.2e-05, 0.0, 0.0, 0.0, 1.0],
                [0.994783, 0.080442, 0.062738, 0.124994, 0.016506, -0.733812, 0.679152, -0.002831, 0.10067, -0.674573, -0.731311, -1.2e-05, 0.0, 0.0, 0.0, 1.0],
                [0.994783, 0.080442, 0.062738, 0.124994, 0.016506, -0.733812, 0.679152, -0.002831, 0.10067, -0.674573, -0.731311, -1.2e-05, 0.0, 0.0, 0.0, 1.0],
                [0.994783, 0.080442, 0.062738, 0.124994, 0.016506, -0.733812, 0.679152, -0.002831, 0.10067, -0.674573, -0.731311, -1.2e-05, 0.0, 0.0, 0.0, 1.0],
                [0.994783, 0.080442, 0.062738, 0.124994, 0.016506, -0.733812, 0.679152, -0.002831, 0.10067, -0.674573, -0.731311, -1.2e-05, 0.0, 0.0, 0.0, 1.0],
                [0.994783, 0.080442, 0.062738, 0.124994, 0.016506, -0.733812, 0.679152, -0.002831, 0.10067, -0.674573, -0.731311, -1.2e-05, 0.0, 0.0, 0.0, 1.0],
                [0.994783, 0.080442, 0.062738, 0.124994, 0.016506, -0.733812, 0.679152, -0.002831, 0.10067, -0.674573, -0.731311, -1.2e-05, 0.0, 0.0, 0.0, 1.0],
                [0.994783, 0.080442, 0.062738, 0.124994, 0.016506, -0.733812, 0.679152, -0.002831, 0.10067, -0.674573, -0.731311, -1.2e-05, 0.0, 0.0, 0.0, 1.0],
                [0.994783, 0.080442, 0.062738, 0.124994, 0.016506, -0.733812, 0.679152, -0.002831, 0.10067, -0.674573, -0.731311, -1.2e-05, 0.0, 0.0, 0.0, 1.0],
                [0.994783, 0.080442, 0.062738, 0.124994, 0.016506, -0.733812, 0.679152, -0.002831, 0.10067, -0.674573, -0.731311, -1.2e-05, 0.0, 0.0, 0.0, 1.0],
                [0.994783, 0.080442, 0.062738, 0.124994, 0.016506, -0.733812, 0.679152, -0.002831, 0.10067, -0.674573, -0.731311, -1.2e-05, 0.0, 0.0, 0.0, 1.0],
                [0.994783, 0.080442, 0.062738, 0.124994, 0.016506, -0.733812, 0.679152, -0.002831, 0.10067, -0.674573, -0.731311, -1.2e-05, 0.0, 0.0, 0.0, 1.0],
                [0.994783, 0.080442, 0.062738, 0.124994, 0.016506, -0.733812, 0.679152, -0.002831, 0.10067, -0.674573, -0.731311, -1.2e-05, 0.0, 0.0, 0.0, 1.0],
                [0.994783, 0.080442, 0.062738, 0.124994, 0.016506, -0.733812, 0.679152, -0.002831, 0.10067, -0.674573, -0.731311, -1.2e-05, 0.0, 0.0, 0.0, 1.0],
                [0.994783, 0.080442, 0.062738, 0.124994, 0.016506, -0.733812, 0.679152, -0.002831, 0.10067, -0.674573, -0.731311, -1.2e-05, 0.0, 0.0, 0.0, 1.0],
                [0.994783, 0.080442, 0.062738, 0.124994, 0.016506, -0.733812, 0.679152, -0.002831, 0.10067, -0.674573, -0.731311, -1.2e-05, 0.0, 0.0, 0.0, 1.0],
                [0.994783, 0.080442, 0.062738, 0.124994, 0.016506, -0.733812, 0.679152, -0.002831, 0.10067, -0.674573, -0.731311, -1.2e-05, 0.0, 0.0, 0.0, 1.0],
                [0.994783, 0.080442, 0.062738, 0.124994, 0.016506, -0.733812, 0.679152, -0.002831, 0.10067, -0.674573, -0.731311, -1.2e-05, 0.0, 0.0, 0.0, 1.0],
                [0.994783, 0.080442, 0.062738, 0.124994, 0.016506, -0.733812, 0.679152, -0.002831, 0.10067, -0.674573, -0.731311, -1.2e-05, 0.0, 0.0, 0.0, 1.0],
                [0.994783, 0.080442, 0.062738, 0.124994, 0.016506, -0.733812, 0.679152, -0.002831, 0.10067, -0.674573, -0.731311, -1.2e-05, 0.0, 0.0, 0.0, 1.0],
                [0.994783, 0.080442, 0.062738, 0.124994, 0.016506, -0.733812, 0.679152, -0.002831, 0.10067, -0.674573, -0.731311, -1.2e-05, 0.0, 0.0, 0.0, 1.0],
                [0.994783, 0.080442, 0.062738, 0.124994, 0.016506, -0.733812, 0.679152, -0.002831, 0.10067, -0.674573, -0.731311, -1.2e-05, 0.0, 0.0, 0.0, 1.0],
                [0.994783, 0.080442, 0.062738, 0.124994, 0.016506, -0.733812, 0.679152, -0.002831, 0.10067, -0.674573, -0.731311, -1.2e-05, 0.0, 0.0, 0.0, 1.0],
                [0.994783, 0.080442, 0.062738, 0.124994, 0.016506, -0.733812, 0.679152, -0.002831, 0.10067, -0.674573, -0.731311, -1.2e-05, 0.0, 0.0, 0.0, 1.0],
                [0.994783, 0.080442, 0.062738, 0.124994, 0.016506, -0.733812, 0.679152, -0.002831, 0.10067, -0.674573, -0.731311, -1.2e-05, 0.0, 0.0, 0.0, 1.0],
                [0.994783, 0.080442, 0.062738, 0.124994, 0.016506, -0.733812, 0.679152, -0.002831, 0.10067, -0.674573, -0.731311, -1.2e-05, 0.0, 0.0, 0.0, 1.0],
                [0.994783, 0.080442, 0.062738, 0.124994, 0.016506, -0.733812, 0.679152, -0.002831, 0.10067, -0.674573, -0.731311, -1.2e-05, 0.0, 0.0, 0.0, 1.0],
                [0.994783, 0.080442, 0.062738, 0.124994, 0.016506, -0.733812, 0.679152, -0.002831, 0.10067, -0.674573, -0.731311, -1.2e-05, 0.0, 0.0, 0.0, 1.0],
                [0.994783, 0.080442, 0.062738, 0.124994, 0.016506, -0.733812, 0.679152, -0.002831, 0.10067, -0.674573, -0.731311, -1.2e-05, 0.0, 0.0, 0.0, 1.0],
                [0.994564, 0.08151, 0.064793, 0.124994, 0.016127, -0.735331, 0.677515, -0.002831, 0.102869, -0.672788, -0.732649, -1.2e-05, 0.0, 0.0, 0.0, 1.0],
                [0.993895, 0.084607, 0.070812, 0.124994, 0.015044, -0.739756, 0.672707, -0.002831, 0.109299, -0.667535, -0.736512, -1.2e-05, 0.0, 0.0, 0.0, 1.0],
                [0.992716, 0.089536, 0.080605, 0.124994, 0.01338, -0.746868, 0.664838, -0.002831, 0.119728, -0.658917, -0.742626, -1.2e-05, 0.0, 0.0, 0.0, 1.0],
                [0.990925, 0.096069, 0.094009, 0.124994, 0.011292, -0.756432, 0.653974, -0.002831, 0.133938, -0.646978, -0.750653, -1.2e-05, 0.0, 0.0, 0.0, 1.0],
                [0.988384, 0.103942, 0.110878, 0.124994, 0.008973, -0.768193, 0.640155, -0.002831, 0.151714, -0.631724, -0.760202, -1.2e-05, 0.0, 0.0, 0.0, 1.0],
                [0.984928, 0.112865, 0.131063, 0.124994, 0.006641, -0.781871, 0.623405, -0.002831, 0.172835, -0.613139, -0.770836, -1.2e-05, 0.0, 0.0, 0.0, 1.0],
                [0.980381, 0.122519, 0.154407, 0.124994, 0.004533, -0.797161, 0.603749, -0.002831, 0.197058, -0.591204, -0.782078, -1.2e-05, 0.0, 0.0, 0.0, 1.0],
                [0.974559, 0.132564, 0.180727, 0.124994, 0.002902, -0.813736, 0.581227, -0.002831, 0.224114, -0.565916, -0.793418, -1.2e-05, 0.0, 0.0, 0.0, 1.0],
                [0.967282, 0.142643, 0.209806, 0.124994, 0.002004, -0.83124, 0.555909, -0.002831, 0.253696, -0.537301, -0.80433, -1.2e-05, 0.0, 0.0, 0.0, 1.0],
                [0.95839, 0.152393, 0.24138, 0.124994, 0.002088, -0.849299, 0.527907, -0.002831, 0.285454, -0.505437, -0.814279, -1.2e-05, 0.0, 0.0, 0.0, 1.0],
                [0.947751, 0.161452, 0.275139, 0.124994, 0.003391, -0.867525, 0.497382, -0.002831, 0.318993, -0.470461, -0.822745, -1.2e-05, 0.0, 0.0, 0.0, 1.0],
                [0.935272, 0.169471, 0.310719, 0.124994, 0.00612, -0.885522, 0.464557, -0.002831, 0.353877, -0.432586, -0.829241, -1.2e-05, 0.0, 0.0, 0.0, 1.0],
                [0.920911, 0.176133, 0.347706, 0.124994, 0.010442, -0.902903, 0.429716, -0.002831, 0.389632, -0.3921, -0.833333, -1.2e-05, 0.0, 0.0, 0.0, 1.0],
                [0.904686, 0.181163, 0.385646, 0.124994, 0.016476, -0.919302, 0.393206, -0.002831, 0.42576, -0.349374, -0.834665, -1.2e-05, 0.0, 0.0, 0.0, 1.0],
                [0.886677, 0.184344, 0.424054, 0.124994, 0.02428, -0.934388, 0.355428, -0.002831, 0.461752, -0.304854, -0.832976, -1.3e-05, 0.0, 0.0, 0.0, 1.0],
                [0.86703, 0.185527, 0.462427, 0.124994, 0.033847, -0.947878, 0.31683, -0.002831, 0.497106, -0.259049, -0.828118, -1.2e-05, 0.0, 0.0, 0.0, 1.0],
                [0.845954, 0.184642, 0.500269, 0.124994, 0.045103, -0.959554, 0.277887, -0.002831, 0.531345, -0.212516, -0.820067, -1.2e-05, 0.0, 0.0, 0.0, 1.0],
                [0.823715, 0.181699, 0.537103, 0.124994, 0.057906, -0.969269, 0.239091, -0.002831, 0.564039, -0.165842, -0.808923, -1.2e-05, 0.0, 0.0, 0.0, 1.0],
                [0.800624, 0.176791, 0.572491, 0.124994, 0.072052, -0.976952, 0.200928, -0.002831, 0.594818, -0.119618, -0.79491, -1.2e-05, 0.0, 0.0, 0.0, 1.0],
                [0.777028, 0.170087, 0.606051, 0.124994, 0.087286, -0.982615, 0.163857, -0.002831, 0.623385, -0.074422, -0.778366, -1.2e-05, 0.0, 0.0, 0.0, 1.0],
                [0.753292, 0.161824, 0.637467, 0.124994, 0.103311, -0.986339, 0.128304, -0.002831, 0.649522, -0.030793, -0.759719, -1.2e-05, 0.0, 0.0, 0.0, 1.0],
                [0.729788, 0.152292, 0.666496, 0.124994, 0.1198, -0.988276, 0.094642, -0.002831, 0.673096, 0.010778, -0.739477, -1.2e-05, 0.0, 0.0, 0.0, 1.0],
                [0.706883, 0.141825, 0.692967, 0.124994, 0.136412, -0.988635, 0.063185, -0.002831, 0.694052, 0.049865, -0.718196, -1.2e-05, 0.0, 0.0, 0.0, 1.0],
                [0.684927, 0.130778, 0.716779, 0.124994, 0.152802, -0.987665, 0.03419, -0.002831, 0.712409, 0.086108, -0.696462, -1.2e-05, 0.0, 0.0, 0.0, 1.0],
                [0.664249, 0.119524, 0.737894, 0.124994, 0.168631, -0.985648, 0.007854, -0.002831, 0.728243, 0.119215, -0.674871, -1.2e-05, 0.0, 0.0, 0.0, 1.0],
                [0.645148, 0.108432, 0.756324, 0.124994, 0.183573, -0.982881, -0.015676, -0.002831, 0.741677, 0.148954, -0.654009, -1.2e-05, 0.0, 0.0, 0.0, 1.0],
                [0.627897, 0.097862, 0.77212, 0.124994, 0.197322, -0.979666, -0.036298, -0.002831, 0.752868, 0.175148, -0.63444, -1.2e-05, 0.0, 0.0, 0.0, 1.0],
                [0.61274, 0.088157, 0.785352, 0.124994, 0.209595, -0.976299, -0.053937, -0.002831, 0.761984, 0.197655, -0.616695, -1.2e-05, 0.0, 0.0, 0.0, 1.0],
                [0.599901, 0.079637, 0.796101, 0.124994, 0.220129, -0.97306, -0.068538, -0.002831, 0.769196, 0.216361, -0.60127, -1.1e-05, 0.0, 0.0, 0.0, 1.0],
                [0.589583, 0.072596, 0.804439, 0.124994, 0.228684, -0.970204, -0.08005, -0.002831, 0.774659, 0.231158, -0.588617, -1.2e-05, 0.0, 0.0, 0.0, 1.0],
                [0.581979, 0.067298, 0.810414, 0.124994, 0.235038, -0.967957, -0.088407, -0.002831, 0.778496, 0.24193, -0.579149, -1.2e-05, 0.0, 0.0, 0.0, 1.0],
                [0.577278, 0.063975, 0.814038, 0.124994, 0.238989, -0.966508, -0.093522, -0.002831, 0.780791, 0.248534, -0.573233, -1.2e-05, 0.0, 0.0, 0.0, 1.0],
