{
    "animation": [
        {
            "name": "Root",
            "time": [0.0, 0.0167, 0.0333, 0.05, 0.0667, 0.0833, 0.1, 0.1167, 0.1333, 0.15, 0.1667, 0.1833, 0.2, 0.2167, 0.2333, 0.25, 0.2667, 0.2833, 0.3, 0.3167, 0.3333, 0.35, 0.3667, 0.3833, 0.4, 0.4167, 0.4333, 0.45, 0.4667, 0.4833, 0.5, 0.5167, 0.5333, 0.55, 0.5667, 0.5833, 0.6, 0.6167, 0.6333, 0.65, 0.6667, 0.6833, 0.7, 0.7167, 0.7333, 0.75, 0.7667, 0.7833, 0.8, 0.8167, 0.8333, 0.85, 0.8667, 0.8833, 0.9, 0.9167, 0.9333, 0.95, 0.9667, 0.9833, 1.0, 1.0167, 1.0333, 1.05, 1.0667, 1.0833, 1.1, 1.1167, 1.1333, 1.15, 1.1667, 1.1833, 1.2, 1.2167, 1.2333, 1.25, 1.2667, 1.2833, 1.3, 1.3167, 1.3333, 1.35, 1.3667, 1.3833, 1.4, 1.4167, 1.4333, 1.45, 1.4667, 1.4833, 1.5, 1.5167, 1.5333, 1.55, 1.5667, 1.5833, 1.6, 1.6167, 1.6333, 1.65, 1.6667, 1.6833, 1.7, 1.7167, 1.7333, 1.75, 1.7667, 1.7833, 1.8, 1.8167, 1.8333, 1.85, 1.8667, 1.8833, 1.9, 1.9167, 1.9333, 1.95, 1.9667, 1.9833, 2.0, 2.0167, 2.0333, 2.05, 2.0667, 2.0833, 2.1, 2.1167, 2.1333, 2.15, 2.1667, 2.1833, 2.2, 2.2167, 2.2333, 2.25, 2.2667, 2.2833, 2.3, 2.3167, 2.3333, 2.35, 2.3667, 2.3833, 2.4, 2.4167, 2.4333, 2.45, 2.4667, 2.4833, 2.5, 2.5167, 2.5333, 2.55],
            "transform": [
                [0.897621, -0.138568, -0.418421, -5e-06, -0.419609, 0.021954, -0.907439, 0.000946, 0.134928, 0.99011, -0.038438, 0.763972, 0.0, 0.0, 0.0, 1.0],
                [0.897621, -0.138568, -0.418421, -5e-06, -0.419609, 0.021954, -0.907439, 0.001089, 0.134928, 0.99011, -0.038438, 0.763972, 0.0, 0.0, 0.0, 1.0],
                [0.897621, -0.138568, -0.418421, -5e-06, -0.419609, 0.021954, -0.907439, 0.002088, 0.134928, 0.99011, -0.038438, 0.763972, 0.0, 0.0, 0.0, 1.0],
                [0.897621, -0.138568, -0.418421, -5e-06, -0.419609, 0.021954, -0.907439, 0.004798, 0.134928, 0.99011, -0.038438, 0.763972, 0.0, 0.0, 0.0, 1.0],
                [0.897621, -0.138568, -0.418421, -5e-06, -0.419609, 0.021954, -0.907439, 0.010077, 0.134928, 0.99011, -0.038438, 0.763972, 0.0, 0.0, 0.0, 1.0],
                [0.897621, -0.138568, -0.418421, -5e-06, -0.419609, 0.021954, -0.907439, 0.01878, 0.134928, 0.99011, -0.038438, 0.763972, 0.0, 0.0, 0.0, 1.0],
                [0.897621, -0.138568, -0.418421, -5e-06, -0.419609, 0.021954, -0.907439, 0.031762, 0.134928, 0.99011, -0.038438, 0.763972, 0.0, 0.0, 0.0, 1.0],
                [0.897621, -0.138568, -0.418421, -5e-06, -0.419609, 0.021954, -0.907439, 0.049881, 0.134928, 0.99011, -0.038438, 0.763972, 0.0, 0.0, 0.0, 1.0],
                [0.897621, -0.138568, -0.418421, -5e-06, -0.419609, 0.021954, -0.907439, 0.073992, 0.134928, 0.99011, -0.038438, 0.763972, 0.0, 0.0, 0.0, 1.0],
                [0.897621, -0.138568, -0.418421, -5e-06, -0.419609, 0.021954, -0.907439, 0.10495, 0.134928, 0.99011, -0.038438, 0.763972, 0.0, 0.0, 0.0, 1.0],
                [0.897621, -0.138568, -0.418421, -5e-06, -0.419609, 0.021954, -0.907439, 0.143613, 0.134928, 0.99011, -0.038438, 0.763972, 0.0, 0.0, 0.0, 1.0],
                [0.896742, -0.138524, -0.420315, -5e-06, -0.421482, 0.022244, -0.906564, 0.191499, 0.13493, 0.990109, -0.038438, 0.763972, 0.0, 0.0, 0.0, 1.0],
                [0.894195, -0.138393, -0.42575, -5e-06, -0.426858, 0.023077, -0.904024, 0.248919, 0.134936, 0.990108, -0.038439, 0.763972, 0.0, 0.0, 0.0, 1.0],
                [0.890083, -0.138176, -0.434349, -5e-06, -0.435364, 0.024397, -0.899924, 0.314918, 0.134944, 0.990107, -0.038441, 0.763972, 0.0, 0.0, 0.0, 1.0],
                [0.88449, -0.137866, -0.445724, -5e-06, -0.446614, 0.026149, -0.894344, 0.388538, 0.134955, 0.990106, -0.038444, 0.763972, 0.0, 0.0, 0.0, 1.0],
                [0.877487, -0.137459, -0.459479, -5e-06, -0.460217, 0.028278, -0.887356, 0.468824, 0.134968, 0.990104, -0.038447, 0.763972, 0.0, 0.0, 0.0, 1.0],
                [0.869148, -0.136947, -0.475213, -5e-06, -0.475775, 0.030725, -0.87903, 0.554819, 0.134982, 0.990102, -0.038451, 0.763972, 0.0, 0.0, 0.0, 1.0],
                [0.859556, -0.136327, -0.492523, -5e-06, -0.492889, 0.033434, -0.869449, 0.645568, 0.134996, 0.9901, -0.038456, 0.763972, 0.0, 0.0, 0.0, 1.0],
                [0.848813, -0.135596, -0.511009, -5e-06, -0.511163, 0.036346, -0.858715, 0.740113, 0.135011, 0.990097, -0.038461, 0.763972, 0.0, 0.0, 0.0, 1.0],
                [0.837047, -0.134755, -0.530276, -5e-06, -0.530207, 0.039403, -0.846952, 0.8375, 0.135025, 0.990095, -0.038466, 0.763972, 0.0, 0.0, 0.0, 1.0],
                [0.824415, -0.13381, -0.549941, -5e-06, -0.549641, 0.042547, -0.834317, 0.93677, 0.135038, 0.990093, -0.038471, 0.763972, 0.0, 0.0, 0.0, 1.0],
                [0.811103, -0.132772, -0.569635, -5e-06, -0.569099, 0.045721, -0.820997, 1.03697, 0.13505, 0.990091, -0.038476, 0.763972, 0.0, 0.0, 0.0, 1.0],
                [0.797332, -0.131657, -0.589006, -5e-06, -0.588235, 0.048869, -0.807212, 1.137141, 0.135059, 0.99009, -0.038481, 0.763972, 0.0, 0.0, 0.0, 1.0],
                [0.783354, -0.130486, -0.607725, -5e-06, -0.606724, 0.051936, -0.793214, 1.236328, 0.135066, 0.990089, -0.038485, 0.763972, 0.0, 0.0, 0.0, 1.0],
                [0.769447, -0.129284, -0.625489, -5e-06, -0.624265, 0.05487, -0.779283, 1.333575, 0.13507, 0.990088, -0.038488, 0.763972, 0.0, 0.0, 0.0, 1.0],
                [0.755917, -0.128082, -0.642016, -5e-06, -0.640582, 0.057622, -0.765725, 1.427925, 0.13507, 0.990088, -0.038489, 0.763972, 0.0, 0.0, 0.0, 1.0],
                [0.743087, -0.126913, -0.65705, -5e-06, -0.655423, 0.060144, -0.752863, 1.518422, 0.135066, 0.990089, -0.03849, 0.763972, 0.0, 0.0, 0.0, 1.0],
                [0.731294, -0.125814, -0.670358, -5e-06, -0.668557, 0.062391, -0.741039, 1.60411, 0.135057, 0.99009, -0.038488, 0.763972, 0.0, 0.0, 0.0, 1.0],
                [0.720886, -0.124823, -0.68172, -5e-06, -0.679769, 0.06432, -0.7306, 1.684033, 0.135043, 0.990092, -0.038483, 0.763972, 0.0, 0.0, 0.0, 1.0],
                [0.712212, -0.123978, -0.690929, -5e-06, -0.688856, 0.065889, -0.721897, 1.757234, 0.135024, 0.990095, -0.038476, 0.763972, 0.0, 0.0, 0.0, 1.0],
                [0.705615, -0.12332, -0.697782, -5e-06, -0.695617, 0.067057, -0.715277, 1.822758, 0.134999, 0.990099, -0.038467, 0.763972, 0.0, 0.0, 0.0, 1.0],
                [0.70143, -0.122883, -0.702065, -5e-06, -0.699843, 0.067783, -0.711074, 1.879648, 0.134967, 0.990104, -0.038454, 0.763972, 0.0, 0.0, 0.0, 1.0],
                [0.699973, -0.122703, -0.70355, -5e-06, -0.701308, 0.068024, -0.709606, 1.926947, 0.134928, 0.99011, -0.038438, 0.763972, 0.0, 0.0, 0.0, 1.0],
                [0.702883, -0.122946, -0.700599, -5e-06, -0.698398, 0.067498, -0.71252, 1.964141, 0.13489, 0.990115, -0.038422, 0.763972, 0.0, 0.0, 0.0, 1.0],
                [0.711123, -0.123708, -0.692098, -5e-06, -0.690012, 0.066022, -0.720781, 1.992481, 0.13486, 0.99012, -0.03841, 0.763972, 0.0, 0.0, 0.0, 1.0],
                [0.723904, -0.124898, -0.6785, -5e-06, -0.676595, 0.063688, -0.733596, 2.013657, 0.134837, 0.990123, -0.038402, 0.763972, 0.0, 0.0, 0.0, 1.0],
                [0.740373, -0.126415, -0.660202, -5e-06, -0.658537, 0.060581, -0.750106, 2.029361, 0.13482, 0.990126, -0.038397, 0.763972, 0.0, 0.0, 0.0, 1.0],
                [0.759639, -0.128152, -0.637593, -5e-06, -0.636219, 0.056788, -0.769416, 2.041284, 0.13481, 0.990127, -0.038395, 0.763972, 0.0, 0.0, 0.0, 1.0],
                [0.780802, -0.130003, -0.611103, -5e-06, -0.610062, 0.052401, -0.790619, 2.051118, 0.134805, 0.990128, -0.038395, 0.763972, 0.0, 0.0, 0.0, 1.0],
                [0.802983, -0.131866, -0.581231, -5e-06, -0.580557, 0.04752, -0.812832, 2.060554, 0.134805, 0.990128, -0.038398, 0.763972, 0.0, 0.0, 0.0, 1.0],
                [0.825351, -0.13365, -0.548574, -5e-06, -0.54829, 0.042258, -0.83522, 2.071284, 0.134809, 0.990127, -0.038402, 0.763972, 0.0, 0.0, 0.0, 1.0],
                [0.847159, -0.135281, -0.51383, -5e-06, -0.513952, 0.036736, -0.857032, 2.084999, 0.134817, 0.990126, -0.038407, 0.763972, 0.0, 0.0, 0.0, 1.0],
                [0.867767, -0.136702, -0.4778, -5e-06, -0.478332, 0.031088, -0.877629, 2.10339, 0.134827, 0.990124, -0.038412, 0.763972, 0.0, 0.0, 0.0, 1.0],
                [0.886667, -0.137876, -0.441374, -5e-06, -0.442311, 0.025452, -0.8965, 2.12815, 0.13484, 0.990122, -0.038417, 0.763972, 0.0, 0.0, 0.0, 1.0],
                [0.903492, -0.138792, -0.405512, -5e-06, -0.406838, 0.019971, -0.913282, 2.160969, 0.134854, 0.99012, -0.038422, 0.763972, 0.0, 0.0, 0.0, 1.0],
                [0.918016, -0.139455, -0.371214, -5e-06, -0.372904, 0.014789, -0.927752, 2.20354, 0.134869, 0.990118, -0.038426, 0.763972, 0.0, 0.0, 0.0, 1.0],
                [0.930145, -0.139892, -0.3395, -5e-06, -0.341521, 0.010048, -0.939821, 2.257552, 0.134884, 0.990116, -0.03843, 0.763972, 0.0, 0.0, 0.0, 1.0],
                [0.939892, -0.140143, -0.311389, -5e-06, -0.313696, 0.005883, -0.949505, 2.324699, 0.134898, 0.990114, -0.038433, 0.763972, 0.0, 0.0, 0.0, 1.0],
                [0.947341, -0.140257, -0.287876, -5e-06, -0.29042, 0.002426, -0.956896, 2.40667, 0.13491, 0.990112, -0.038435, 0.763972, 0.0, 0.0, 0.0, 1.0],
                [0.952605, -0.140288, -0.269932, -5e-06, -0.272655, -0.000196, -0.962112, 2.519753, 0.13492, 0.990111, -0.038437, 0.763972, 0.0, 0.0, 0.0, 1.0],
                [0.955772, -0.140282, -0.258499, -5e-06, -0.261335, -0.001859, -0.965246, 2.672781, 0.134926, 0.99011, -0.038437, 0.763972, 0.0, 0.0, 0.0, 1.0],
                [0.956848, -0.140275, -0.254489, -5e-06, -0.257364, -0.002441, -0.966311, 2.856266, 0.134928, 0.99011, -0.038438, 0.763972, 0.0, 0.0, 0.0, 1.0],
                [0.952123, -0.140297, -0.271621, -5e-06, -0.274327, 5.2e-05, -0.961636, 3.060719, 0.134928, 0.99011, -0.038438, 0.763972, 0.0, 0.0, 0.0, 1.0],
                [0.937924, -0.140134, -0.317272, -5e-06, -0.31952, 0.006757, -0.947555, 3.276653, 0.134928, 0.99011, -0.038438, 0.763972, 0.0, 0.0, 0.0, 1.0],
                [0.913429, -0.139324, -0.382407, -5e-06, -0.383981, 0.016487, -0.923194, 3.494579, 0.134928, 0.99011, -0.038438, 0.763972, 0.0, 0.0, 0.0, 1.0],
                [0.878492, -0.13748, -0.457548, -5e-06, -0.458308, 0.027969, -0.888353, 3.705009, 0.134928, 0.99011, -0.038438, 0.763972, 0.0, 0.0, 0.0, 1.0],
                [0.835138, -0.134515, -0.53334, -5e-06, -0.533235, 0.039862, -0.845027, 3.898456, 0.134928, 0.99011, -0.038438, 0.763972, 0.0, 0.0, 0.0, 1.0],
                [0.788109, -0.130751, -0.601489, -5e-06, -0.600566, 0.050865, -0.797956, 4.06543, 0.134928, 0.99011, -0.038438, 0.763972, 0.0, 0.0, 0.0, 1.0],
                [0.74443, -0.126897, -0.655531, -5e-06, -0.653925, 0.059836, -0.754189, 4.196445, 0.134928, 0.99011, -0.038438, 0.763972, 0.0, 0.0, 0.0, 1.0],
                [0.712325, -0.123892, -0.690828, -5e-06, -0.688758, 0.065832, -0.721996, 4.282012, 0.134928, 0.99011, -0.038438, 0.763972, 0.0, 0.0, 0.0, 1.0],
                [0.699973, -0.122703, -0.70355, -5e-06, -0.701308, 0.068024, -0.709606, 4.312643, 0.134928, 0.99011, -0.038438, 0.763972, 0.0, 0.0, 0.0, 1.0],
                [0.699973, -0.122703, -0.70355, -5e-06, -0.701308, 0.068024, -0.709606, 4.312643, 0.134928, 0.99011, -0.038438, 0.763972, 0.0, 0.0, 0.0, 1.0],
                [0.699973, -0.122703, -0.70355, -5e-06, -0.701308, 0.068024, -0.709606, 4.312643, 0.134928, 0.99011, -0.038438, 0.763972, 0.0, 0.0, 0.0, 1.0],
                [0.699973, -0.122703, -0.70355, -5e-06, -0.701308, 0.068024, -0.709606, 4.312643, 0.134928, 0.99011, -0.038438, 0.763972, 0.0, 0.0, 0.0, 1.0],
                [0.699973, -0.122703, -0.70355, -5e-06, -0.701308, 0.068024, -0.709606, 4.312643, 0.134928, 0.99011, -0.038438, 0.763972, 0.0, 0.0, 0.0, 1.0],
                [0.699973, -0.122703, -0.70355, -5e-06, -0.701308, 0.068024, -0.709606, 4.312643, 0.134928, 0.99011, -0.038438, 0.763972, 0.0, 0.0, 0.0, 1.0],
                [0.699973, -0.122703, -0.70355, -5e-06, -0.701308, 0.068024, -0.709606, 4.312643, 0.134928, 0.99011, -0.038438, 0.763972, 0.0, 0.0, 0.0, 1.0],
                [0.699973, -0.122703, -0.70355, -5e-06, -0.701308, 0.068024, -0.709606, 4.312643, 0.134928, 0.99011, -0.038438, 0.763972, 0.0, 0.0, 0.0, 1.0],
                [0.699973, -0.122703, -0.70355, -5e-06, -0.701308, 0.068024, -0.709606, 4.312643, 0.134928, 0.99011, -0.038438, 0.763972, 0.0, 0.0, 0.0, 1.0],
                [0.699973, -0.122703, -0.70355, -5e-06, -0.701308, 0.068024, -0.709606, 4.312643, 0.134928, 0.99011, -0.038438, 0.763972, 0.0, 0.0, 0.0, 1.0],
                [0.699973, -0.122703, -0.70355, -5e-06, -0.701308, 0.068024, -0.709606, 4.312643, 0.134928, 0.99011, -0.038438, 0.763972, 0.0, 0.0, 0.0, 1.0],
                [0.699973, -0.122703, -0.70355, -5e-06, -0.701308, 0.068024, -0.709606, 4.312643, 0.134928, 0.99011, -0.038438, 0.763972, 0.0, 0.0, 0.0, 1.0],
                [0.699973, -0.122703, -0.70355, -5e-06, -0.701308, 0.068024, -0.709606, 4.312643, 0.134928, 0.99011, -0.038438, 0.763972, 0.0, 0.0, 0.0, 1.0],
                [0.699973, -0.122703, -0.70355, -5e-06, -0.701308, 0.068024, -0.709606, 4.312643, 0.134928, 0.99011, -0.038438, 0.763972, 0.0, 0.0, 0.0, 1.0],
                [0.699973, -0.122703, -0.70355, -5e-06, -0.701308, 0.068024, -0.709606, 4.312643, 0.134928, 0.99011, -0.038438, 0.763972, 0.0, 0.0, 0.0, 1.0],
                [0.699973, -0.122703, -0.70355, -5e-06, -0.701308, 0.068024, -0.709606, 4.312643, 0.134928, 0.99011, -0.038438, 0.763972, 0.0, 0.0, 0.0, 1.0],
                [0.699973, -0.122703, -0.70355, -5e-06, -0.701308, 0.068024, -0.709606, 4.312643, 0.134928, 0.99011, -0.038438, 0.763972, 0.0, 0.0, 0.0, 1.0],
                [0.699973, -0.122703, -0.70355, -5e-06, -0.701308, 0.068024, -0.709606, 4.312643, 0.134928, 0.99011, -0.038438, 0.763972, 0.0, 0.0, 0.0, 1.0],
                [0.699973, -0.122703, -0.70355, -5e-06, -0.701308, 0.068024, -0.709606, 4.312643, 0.134928, 0.99011, -0.038438, 0.763972, 0.0, 0.0, 0.0, 1.0],
                [0.699973, -0.122703, -0.70355, -5e-06, -0.701308, 0.068024, -0.709606, 4.312643, 0.134928, 0.99011, -0.038438, 0.763972, 0.0, 0.0, 0.0, 1.0],
                [0.699973, -0.122703, -0.70355, -5e-06, -0.701308, 0.068024, -0.709606, 4.312643, 0.134928, 0.99011, -0.038438, 0.763972, 0.0, 0.0, 0.0, 1.0],
                [0.699973, -0.122703, -0.70355, -5e-06, -0.701308, 0.068024, -0.709606, 4.312643, 0.134928, 0.99011, -0.038438, 0.763972, 0.0, 0.0, 0.0, 1.0],
                [0.699973, -0.122703, -0.70355, -5e-06, -0.701308, 0.068024, -0.709606, 4.312643, 0.134928, 0.99011, -0.038438, 0.763972, 0.0, 0.0, 0.0, 1.0],
                [0.699973, -0.122703, -0.70355, -5e-06, -0.701308, 0.068024, -0.709606, 4.312643, 0.134928, 0.99011, -0.038438, 0.763972, 0.0, 0.0, 0.0, 1.0],
                [0.699973, -0.122703, -0.70355, -5e-06, -0.701308, 0.068024, -0.709606, 4.312643, 0.134928, 0.99011, -0.038438, 0.763972, 0.0, 0.0, 0.0, 1.0],
                [0.699973, -0.122703, -0.70355, -5e-06, -0.701308, 0.068024, -0.709606, 4.312643, 0.134928, 0.99011, -0.038438, 0.763972, 0.0, 0.0, 0.0, 1.0],
                [0.699973, -0.122703, -0.70355, -5e-06, -0.701308, 0.068024, -0.709606, 4.312643, 0.134928, 0.99011, -0.038438, 0.763972, 0.0, 0.0, 0.0, 1.0],
                [0.699973, -0.122703, -0.70355, -5e-06, -0.701308, 0.068024, -0.709606, 4.312643, 0.134928, 0.99011, -0.038438, 0.763972, 0.0, 0.0, 0.0, 1.0],
                [0.699973, -0.122703, -0.70355, -5e-06, -0.701308, 0.068024, -0.709606, 4.312643, 0.134928, 0.99011, -0.038438, 0.763972, 0.0, 0.0, 0.0, 1.0],
                [0.699973, -0.122703, -0.70355, -5e-06, -0.701308, 0.068024, -0.709606, 4.312643, 0.134928, 0.99011, -0.038438, 0.763972, 0.0, 0.0, 0.0, 1.0],
                [0.699973, -0.122703, -0.70355, -5e-06, -0.701308, 0.068024, -0.709606, 4.312643, 0.134928, 0.99011, -0.038438, 0.763972, 0.0, 0.0, 0.0, 1.0],
                [0.699973, -0.122703, -0.70355, -5e-06, -0.701308, 0.068024, -0.709606, 4.312643, 0.134928, 0.99011, -0.038438, 0.763972, 0.0, 0.0, 0.0, 1.0],
                [0.699973, -0.122703, -0.70355, -5e-06, -0.701308, 0.068024, -0.709606, 4.312643, 0.134928, 0.99011, -0.038438, 0.763972, 0.0, 0.0, 0.0, 1.0],
                [0.699973, -0.122703, -0.70355, -5e-06, -0.701308, 0.068024, -0.709606, 4.312643, 0.134928, 0.99011, -0.038438, 0.763972, 0.0, 0.0, 0.0, 1.0],
                [0.699973, -0.122703, -0.70355, -5e-06, -0.701308, 0.068024, -0.709606, 4.312643, 0.134928, 0.99011, -0.038438, 0.763972, 0.0, 0.0, 0.0, 1.0],
                [0.699973, -0.122703, -0.70355, -5e-06, -0.701308, 0.068024, -0.709606, 4.312643, 0.134928, 0.99011, -0.038438, 0.763972, 0.0, 0.0, 0.0, 1.0],
                [0.699973, -0.122703, -0.70355, -5e-06, -0.701308, 0.068024, -0.709606, 4.312643, 0.134928, 0.99011, -0.038438, 0.763972, 0.0, 0.0, 0.0, 1.0],
                [0.699973, -0.122703, -0.70355, -5e-06, -0.701308, 0.068024, -0.709606, 4.312643, 0.134928, 0.99011, -0.038438, 0.763972, 0.0, 0.0, 0.0, 1.0],
                [0.699973, -0.122703, -0.70355, -5e-06, -0.701308, 0.068024, -0.709606, 4.312643, 0.134928, 0.99011, -0.038438, 0.763972, 0.0, 0.0, 0.0, 1.0],
                [0.699973, -0.122703, -0.70355, -5e-06, -0.701308, 0.068024, -0.709606, 4.312643, 0.134928, 0.99011, -0.038438, 0.763972, 0.0, 0.0, 0.0, 1.0],
                [0.699973, -0.122703, -0.70355, -5e-06, -0.701308, 0.068024, -0.709606, 4.312643, 0.134928, 0.99011, -0.038438, 0.763972, 0.0, 0.0, 0.0, 1.0],
                [0.699973, -0.122703, -0.70355, -5e-06, -0.701308, 0.068024, -0.709606, 4.312643, 0.134928, 0.99011, -0.038438, 0.763972, 0.0, 0.0, 0.0, 1.0],
                [0.699973, -0.122703, -0.70355, -5e-06, -0.701308, 0.068024, -0.709606, 4.312643, 0.134928, 0.99011, -0.038438, 0.763972, 0.0, 0.0, 0.0, 1.0],
                [0.699973, -0.122703, -0.70355, -5e-06, -0.701308, 0.068024, -0.709606, 4.312643, 0.134928, 0.99011, -0.038438, 0.763972, 0.0, 0.0, 0.0, 1.0],
                [0.699973, -0.122703, -0.70355, -5e-06, -0.701308, 0.068024, -0.709606, 4.312643, 0.134928, 0.99011, -0.038438, 0.763972, 0.0, 0.0, 0.0, 1.0],
                [0.699978, -0.122702, -0.703545, -5e-06, -0.701303, 0.068023, -0.70961, 4.312643, 0.134927, 0.99011, -0.038437, 0.763972, 0.0, 0.0, 0.0, 1.0],
                [0.700013, -0.122696, -0.703511, -5e-06, -0.70127, 0.068016, -0.709644, 4.312643, 0.134921, 0.990111, -0.038431, 0.763972, 0.0, 0.0, 0.0, 1.0],
                [0.700107, -0.122682, -0.703419, -5e-06, -0.701178, 0.067997, -0.709736, 4.312643, 0.134902, 0.990114, -0.038417, 0.763972, 0.0, 0.0, 0.0, 1.0],
                [0.700292, -0.122653, -0.703241, -5e-06, -0.701001, 0.06796, -0.709915, 4.312643, 0.134865, 0.99012, -0.038388, 0.763972, 0.0, 0.0, 0.0, 1.0],
                [0.700596, -0.122605, -0.702946, -5e-06, -0.700708, 0.0679, -0.710209, 4.312643, 0.134805, 0.99013, -0.03834, 0.763972, 0.0, 0.0, 0.0, 1.0],
                [0.70105, -0.122534, -0.702506, -5e-06, -0.700272, 0.06781, -0.710649, 4.312643, 0.134716, 0.990145, -0.038268, 0.763972, 0.0, 0.0, 0.0, 1.0],
                [0.701683, -0.122434, -0.701891, -5e-06, -0.699661, 0.067685, -0.711261, 4.312643, 0.13459, 0.990166, -0.038169, 0.763972, 0.0, 0.0, 0.0, 1.0],
                [0.702525, -0.122302, -0.701071, -5e-06, -0.698848, 0.067519, -0.712076, 4.312643, 0.134424, 0.990194, -0.038037, 0.763972, 0.0, 0.0, 0.0, 1.0],
                [0.703605, -0.122131, -0.700017, -5e-06, -0.697802, 0.067305, -0.713121, 4.312643, 0.134209, 0.990229, -0.037867, 0.763972, 0.0, 0.0, 0.0, 1.0],
                [0.704952, -0.121918, -0.698698, -5e-06, -0.696494, 0.067038, -0.714425, 4.312643, 0.133941, 0.990274, -0.037656, 0.763972, 0.0, 0.0, 0.0, 1.0],
                [0.706594, -0.121656, -0.697083, -5e-06, -0.69489, 0.066713, -0.716015, 4.312643, 0.133612, 0.990328, -0.037399, 0.763972, 0.0, 0.0, 0.0, 1.0],
                [0.708561, -0.121341, -0.695139, -5e-06, -0.692961, 0.066323, -0.717918, 4.312643, 0.133217, 0.990393, -0.037091, 0.763972, 0.0, 0.0, 0.0, 1.0],
                [0.710878, -0.120967, -0.692834, -5e-06, -0.690674, 0.065864, -0.720161, 4.312643, 0.132749, 0.990469, -0.036728, 0.763972, 0.0, 0.0, 0.0, 1.0],
                [0.713574, -0.120529, -0.690134, -5e-06, -0.687993, 0.065329, -0.722771, 4.312643, 0.1322, 0.990558, -0.036306, 0.763972, 0.0, 0.0, 0.0, 1.0],
                [0.716674, -0.12002, -0.687003, -5e-06, -0.684886, 0.064713, -0.725771, 4.312643, 0.131565, 0.99066, -0.035822, 0.763972, 0.0, 0.0, 0.0, 1.0],
                [0.720204, -0.119434, -0.683405, -5e-06, -0.681314, 0.064011, -0.729187, 4.312643, 0.130836, 0.990776, -0.035271, 0.763972, 0.0, 0.0, 0.0, 1.0],
                [0.724186, -0.118766, -0.679301, -5e-06, -0.67724, 0.063219, -0.733042, 4.312643, 0.130005, 0.990908, -0.034651, 0.763972, 0.0, 0.0, 0.0, 1.0],
                [0.728644, -0.118007, -0.67465, -5e-06, -0.672622, 0.06233, -0.737356, 4.312643, 0.129064, 0.991055, -0.033957, 0.763972, 0.0, 0.0, 0.0, 1.0],
                [0.733597, -0.11715, -0.669411, -5e-06, -0.66742, 0.061342, -0.742151, 4.312643, 0.128006, 0.991218, -0.033188, 0.763972, 0.0, 0.0, 0.0, 1.0],
                [0.739066, -0.116188, -0.663538, -5e-06, -0.661588, 0.060248, -0.747443, 4.312643, 0.126821, 0.991398, -0.032341, 0.763972, 0.0, 0.0, 0.0, 1.0],
                [0.746042, -0.114936, -0.655905, -5e-06, -0.654008, 0.05885, -0.754195, 4.309978, 0.125284, 0.991628, -0.031264, 0.763972, 0.0, 0.0, 0.0, 1.0],
                [0.755328, -0.113222, -0.645493, -5e-06, -0.643664, 0.056984, -0.763183, 4.302235, 0.123192, 0.991934, -0.029835, 0.763972, 0.0, 0.0, 0.0, 1.0],
                [0.766642, -0.111058, -0.632397, -5e-06, -0.630654, 0.054702, -0.774134, 4.289789, 0.120567, 0.992307, -0.028103, 0.763972, 0.0, 0.0, 0.0, 1.0],
                [0.779685, -0.108456, -0.616708, -5e-06, -0.615062, 0.052058, -0.786759, 4.273017, 0.117433, 0.992737, -0.026118, 0.763972, 0.0, 0.0, 0.0, 1.0],
                [0.794146, -0.105424, -0.598513, -5e-06, -0.596974, 0.049111, -0.800756, 4.252296, 0.113812, 0.993214, -0.023934, 0.763972, 0.0, 0.0, 0.0, 1.0],
                [0.809705, -0.101973, -0.577909, -5e-06, -0.576487, 0.045918, -0.815815, 4.228, 0.109727, 0.993727, -0.021606, 0.763972, 0.0, 0.0, 0.0, 1.0],
                [0.826036, -0.098118, -0.555011, -5e-06, -0.553711, 0.042539, -0.831622, 4.200507, 0.105206, 0.994265, -0.01919, 0.763972, 0.0, 0.0, 0.0, 1.0],
                [0.842815, -0.093876, -0.529954, -5e-06, -0.528779, 0.039036, -0.847861, 4.170193, 0.100281, 0.994818, -0.016739, 0.763972, 0.0, 0.0, 0.0, 1.0],
                [0.859723, -0.08927, -0.5029, -5e-06, -0.501851, 0.035468, -0.864226, 4.137433, 0.094987, 0.995376, -0.014308, 0.763972, 0.0, 0.0, 0.0, 1.0],
                [0.876454, -0.084331, -0.474043, -5e-06, -0.47312, 0.031893, -0.880421, 4.102604, 0.089365, 0.995927, -0.011946, 0.763972, 0.0, 0.0, 0.0, 1.0],
                [0.892723, -0.079093, -0.44361, -5e-06, -0.442809, 0.028367, -0.896167, 4.066082, 0.083464, 0.996464, -0.009699, 0.763972, 0.0, 0.0, 0.0, 1.0],
                [0.90827, -0.073598, -0.411861, -5e-06, -0.411175, 0.024941, -0.911215, 4.028244, 0.077336, 0.996976, -0.007608, 0.763972, 0.0, 0.0, 0.0, 1.0],
                [0.922868, -0.067895, -0.379085, -5e-06, -0.378509, 0.021662, -0.925344, 3.989466, 0.071038, 0.997457, -0.005707, 0.763972, 0.0, 0.0, 0.0, 1.0],
                [0.936328, -0.062038, -0.345602, -5e-06, -0.345127, 0.01857, -0.938372, 3.950123, 0.064632, 0.997901, -0.004023, 0.763972, 0.0, 0.0, 0.0, 1.0],
                [0.948506, -0.056087, -0.311754, -5e-06, -0.311369, 0.015697, -0.950159, 3.910592, 0.058185, 0.998303, -0.002575, 0.763972, 0.0, 0.0, 0.0, 1.0],
                [0.959302, -0.050106, -0.2779, -5e-06, -0.277595, 0.01307, -0.960609, 3.871248, 0.051764, 0.998658, -0.001371, 0.763972, 0.0, 0.0, 0.0, 1.0],
                [0.968666, -0.044161, -0.24441, -5e-06, -0.244176, 0.010704, -0.969672, 3.83247, 0.045438, 0.998967, -0.000415, 0.763972, 0.0, 0.0, 0.0, 1.0],
                [0.976591, -0.038323, -0.211662, -5e-06, -0.211487, 0.008609, -0.977343, 3.794632, 0.039277, 0.999228, 0.000303, 0.763972, 0.0, 0.0, 0.0, 1.0],
                [0.983119, -0.03266, -0.180031, -5e-06, -0.179905, 0.006785, -0.983661, 3.75811, 0.033347, 0.999444, 0.000795, 0.763972, 0.0, 0.0, 0.0, 1.0],
                [0.988328, -0.027241, -0.149884, -5e-06, -0.149797, 0.005226, -0.988703, 3.723281, 0.027716, 0.999615, 0.001085, 0.763972, 0.0, 0.0, 0.0, 1.0],
                [0.992335, -0.022135, -0.12158, -5e-06, -0.121523, 0.00392, -0.992581, 3.690522, 0.022447, 0.999747, 0.0012, 0.763972, 0.0, 0.0, 0.0, 1.0],
                [0.995281, -0.017407, -0.095463, -5e-06, -0.095428, 0.002847, -0.995432, 3.660207, 0.017599, 0.999844, 0.001173, 0.763972, 0.0, 0.0, 0.0, 1.0],
                [0.997328, -0.013122, -0.071863, -5e-06, -0.071843, 0.001987, -0.997414, 3.632714, 0.013231, 0.999912, 0.001039, 0.763972, 0.0, 0.0, 0.0, 1.0],
                [0.99865, -0.009341, -0.051094, -5e-06, -0.051084, 0.001315, -0.998694, 3.608419, 0.009396, 0.999955, 0.000836, 0.763972, 0.0, 0.0, 0.0, 1.0],
                [0.999421, -0.006124, -0.033458, -5e-06, -0.033454, 0.000807, -0.99944, 3.587697, 0.006147, 0.999981, 0.000602, 0.763972, 0.0, 0.0, 0.0, 1.0],
                [0.999809, -0.003526, -0.019247, -5e-06, -0.019246, 0.000439, -0.999815, 3.570925, 0.003533, 0.999994, 0.000371, 0.763972, 0.0, 0.0, 0.0, 1.0],
                [0.99996, -0.001603, -0.008745, -5e-06, -0.008745, 0.000191, -0.999962, 3.55848, 0.001604, 0.999999, 0.000177, 0.763972, 0.0, 0.0, 0.0, 1.0],
                [0.999997, -0.00041, -0.002234, -5e-06, -0.002234, 4.8e-05, -0.999997, 3.550736, 0.00041, 1.0, 4.7e-05, 0.763972, 0.0, 0.0, 0.0, 1.0],
                [1.0, 0.0, -0.0, -5e-06, -0.0, 0.0, -1.0, 3.548072, 0.0, 1.0, 0.0, 0.763972, 0.0, 0.0, 0.0, 1.0]
            ]
        },
        {
            "name": "Thigh_R",
            "time": [0.0, 0.0167, 0.0333, 0.05, 0.0667, 0.0833, 0.1, 0.1167, 0.1333, 0.15, 0.1667, 0.1833, 0.2, 0.2167, 0.2333, 0.25, 0.2667, 0.2833, 0.3, 0.3167, 0.3333, 0.35, 0.3667, 0.3833, 0.4, 0.4167, 0.4333, 0.45, 0.4667, 0.4833, 0.5, 0.5167, 0.5333, 0.55, 0.5667, 0.5833, 0.6, 0.6167, 0.6333, 0.65, 0.6667, 0.6833, 0.7, 0.7167, 0.7333, 0.75, 0.7667, 0.7833, 0.8, 0.8167, 0.8333, 0.85, 0.8667, 0.8833, 0.9, 0.9167, 0.9333, 0.95, 0.9667, 0.9833, 1.0, 1.0167, 1.0333, 1.05, 1.0667, 1.0833, 1.1, 1.1167, 1.1333, 1.15, 1.1667, 1.1833, 1.2, 1.2167, 1.2333, 1.25, 1.2667, 1.2833, 1.3, 1.3167, 1.3333, 1.35, 1.3667, 1.3833, 1.4, 1.4167, 1.4333, 1.45, 1.4667, 1.4833, 1.5, 1.5167, 1.5333, 1.55, 1.5667, 1.5833, 1.6, 1.6167, 1.6333, 1.65, 1.6667, 1.6833, 1.7, 1.7167, 1.7333, 1.75, 1.7667, 1.7833, 1.8, 1.8167, 1.8333, 1.85, 1.8667, 1.8833, 1.9, 1.9167, 1.9333, 1.95, 1.9667, 1.9833, 2.0, 2.0167, 2.0333, 2.05, 2.0667, 2.0833, 2.1, 2.1167, 2.1333, 2.15, 2.1667, 2.1833, 2.2, 2.2167, 2.2333, 2.25, 2.2667, 2.2833, 2.3, 2.3167, 2.3333, 2.35, 2.3667, 2.3833, 2.4, 2.4167, 2.4333, 2.45, 2.4667, 2.4833, 2.5, 2.5167, 2.5333, 2.55],
            "transform": [
                [0.90798, -0.195204, -0.370765, 0.113308, 0.093081, -0.76878, 0.632703, 0.033439, -0.408543, -0.608993, -0.679868, -0.038345, 0.0, 0.0, 0.0, 1.0],
                [0.907976, -0.195192, -0.370781, 0.113308, 0.093084, -0.768805, 0.632672, 0.033439, -0.408551, -0.608965, -0.679888, -0.038345, 0.0, 0.0, 0.0, 1.0],
                [0.907948, -0.195113, -0.370892, 0.113308, 0.093106, -0.76898, 0.632456, 0.033439, -0.408609, -0.608769, -0.680028, -0.038345, 0.0, 0.0, 0.0, 1.0],
                [0.907871, -0.194897, -0.371194, 0.113308, 0.093164, -0.769456, 0.631868, 0.033439, -0.408767, -0.608237, -0.68041, -0.038345, 0.0, 0.0, 0.0, 1.0],
                [0.907722, -0.194475, -0.371781, 0.113308, 0.093277, -0.770383, 0.630721, 0.033439, -0.409073, -0.607198, -0.681153, -0.038345, 0.0, 0.0, 0.0, 1.0],
                [0.907474, -0.193777, -0.372747, 0.113308, 0.093463, -0.771907, 0.628827, 0.03344, -0.409578, -0.605483, -0.682375, -0.038345, 0.0, 0.0, 0.0, 1.0],
                [0.907105, -0.192731, -0.374186, 0.113308, 0.093738, -0.774174, 0.625993, 0.033439, -0.410334, -0.602917, -0.684191, -0.038345, 0.0, 0.0, 0.0, 1.0],
                [0.906587, -0.191261, -0.376191, 0.113308, 0.094118, -0.777325, 0.622019, 0.033439, -0.411391, -0.59932, -0.686712, -0.038345, 0.0, 0.0, 0.0, 1.0],
                [0.905894, -0.189286, -0.37885, 0.113308, 0.094614, -0.781494, 0.616697, 0.033439, -0.412801, -0.594506, -0.690042, -0.038345, 0.0, 0.0, 0.0, 1.0],
                [0.904998, -0.186718, -0.382251, 0.113308, 0.095236, -0.786806, 0.609808, 0.033439, -0.414619, -0.588279, -0.694275, -0.038345, 0.0, 0.0, 0.0, 1.0],
                [0.903869, -0.183462, -0.386474, 0.113308, 0.09599, -0.793374, 0.601118, 0.033439, -0.416901, -0.58043, -0.699496, -0.038345, 0.0, 0.0, 0.0, 1.0],
                [0.902477, -0.179409, -0.391597, 0.113308, 0.096877, -0.801294, 0.590375, 0.03344, -0.419703, -0.570736, -0.705769, -0.038345, 0.0, 0.0, 0.0, 1.0],
                [0.900787, -0.174441, -0.397686, 0.113308, 0.097888, -0.810641, 0.577304, 0.033439, -0.423086, -0.558956, -0.713139, -0.038345, 0.0, 0.0, 0.0, 1.0],
                [0.89831, -0.167067, -0.406359, 0.113308, 0.099245, -0.823821, 0.558094, 0.03344, -0.428007, -0.54167, -0.723466, -0.038345, 0.0, 0.0, 0.0, 1.0],
                [0.894635, -0.155924, -0.418708, 0.113308, 0.100998, -0.842299, 0.529463, 0.03344, -0.435234, -0.515965, -0.737802, -0.038345, 0.0, 0.0, 0.0, 1.0],
                [0.889835, -0.141032, -0.433939, 0.113308, 0.102838, -0.864573, 0.49187, 0.033439, -0.444542, -0.482309, -0.754825, -0.038345, 0.0, 0.0, 0.0, 1.0],
                [0.883995, -0.122418, -0.451183, 0.113308, 0.104432, -0.889008, 0.445823, 0.03344, -0.455683, -0.441224, -0.773094, -0.038345, 0.0, 0.0, 0.0, 1.0],
                [0.877218, -0.100182, -0.469523, 0.113308, 0.105445, -0.913901, 0.392002, 0.03344, -0.468369, -0.39338, -0.791127, -0.038345, 0.0, 0.0, 0.0, 1.0],
                [0.869639, -0.07455, -0.488026, 0.113308, 0.105572, -0.937583, 0.331349, 0.03344, -0.482267, -0.339677, -0.807489, -0.038345, 0.0, 0.0, 0.0, 1.0],
                [0.86143, -0.045918, -0.505797, 0.113308, 0.104573, -0.958529, 0.265117, 0.03344, -0.496994, -0.281273, -0.820904, -0.038345, 0.0, 0.0, 0.0, 1.0],
                [0.852793, -0.01486, -0.522037, 0.113308, 0.102292, -0.97548, 0.19487, 0.03344, -0.512133, -0.219584, -0.830363, -0.038345, 0.0, 0.0, 0.0, 1.0],
                [0.843959, 0.017878, -0.53611, 0.113308, 0.098687, -0.987559, 0.122423, 0.03344, -0.527252, -0.156227, -0.835224, -0.038345, 0.0, 0.0, 0.0, 1.0],
                [0.835168, 0.051417, -0.547586, 0.113308, 0.093834, -0.994344, 0.049747, 0.03344, -0.541931, -0.092929, -0.835269, -0.038345, 0.0, 0.0, 0.0, 1.0],
                [0.82666, 0.084801, -0.556275, 0.113308, 0.087926, -0.995902, -0.021157, 0.03344, -0.55579, -0.031421, -0.830729, -0.038345, 0.0, 0.0, 0.0, 1.0],
                [0.818654, 0.11706, -0.56223, 0.113308, 0.081255, -0.992766, -0.088387, 0.03344, -0.568509, 0.026675, -0.822244, -0.038345, 0.0, 0.0, 0.0, 1.0],
                [0.811344, 0.147263, -0.565716, 0.113308, 0.074185, -0.985863, -0.150236, 0.033439, -0.579843, 0.079925, -0.810799, -0.038345, 0.0, 0.0, 0.0, 1.0],
                [0.804885, 0.174563, -0.567175, 0.113308, 0.067128, -0.976404, -0.205251, 0.033439, -0.589622, 0.12713, -0.797611, -0.038345, 0.0, 0.0, 0.0, 1.0],
                [0.799403, 0.198217, -0.567155, 0.113308, 0.060507, -0.965769, -0.252245, 0.03344, -0.597741, 0.167329, -0.784033, -0.038346, 0.0, 0.0, 0.0, 1.0],
                [0.794993, 0.21758, -0.566255, 0.113308, 0.054739, -0.955384, -0.290249, 0.03344, -0.604143, 0.19975, -0.771434, -0.038345, 0.0, 0.0, 0.0, 1.0],
                [0.791737, 0.232081, -0.565058, 0.113308, 0.050214, -0.946613, -0.318436, 0.03344, -0.608795, 0.223744, -0.761123, -0.038345, 0.0, 0.0, 0.0, 1.0],
                [0.789713, 0.241186, -0.564077, 0.113308, 0.047282, -0.94067, -0.336012, 0.03344, -0.611652, 0.238683, -0.754263, -0.038345, 0.0, 0.0, 0.0, 1.0],
                [0.789013, 0.244349, -0.563695, 0.113308, 0.046246, -0.938525, -0.342098, 0.03344, -0.612633, 0.243851, -0.751809, -0.038346, 0.0, 0.0, 0.0, 1.0],
                [0.78902, 0.244327, -0.563695, 0.113308, 0.046251, -0.938539, -0.34206, 0.03344, -0.612624, 0.243821, -0.751826, -0.038345, 0.0, 0.0, 0.0, 1.0],
                [0.789067, 0.24417, -0.563697, 0.113308, 0.046281, -0.938634, -0.341793, 0.03344, -0.612562, 0.24361, -0.751946, -0.038345, 0.0, 0.0, 0.0, 1.0],
                [0.789194, 0.243745, -0.563703, 0.113308, 0.046363, -0.938894, -0.341069, 0.03344, -0.612391, 0.243035, -0.752271, -0.038345, 0.0, 0.0, 0.0, 1.0],
                [0.789442, 0.242916, -0.563713, 0.113308, 0.046522, -0.939398, -0.339656, 0.03344, -0.612059, 0.241914, -0.752902, -0.038345, 0.0, 0.0, 0.0, 1.0],
                [0.789852, 0.24155, -0.563727, 0.113308, 0.046783, -0.940225, -0.337325, 0.03344, -0.611511, 0.240064, -0.753939, -0.038345, 0.0, 0.0, 0.0, 1.0],
                [0.790463, 0.239509, -0.563741, 0.113308, 0.04717, -0.941449, -0.333839, 0.03344, -0.610691, 0.237296, -0.755478, -0.038345, 0.0, 0.0, 0.0, 1.0],
                [0.791317, 0.236656, -0.563747, 0.113308, 0.047704, -0.943138, -0.32896, 0.03344, -0.609542, 0.233419, -0.757611, -0.038345, 0.0, 0.0, 0.0, 1.0],
                [0.792457, 0.232854, -0.56373, 0.113308, 0.048405, -0.945351, -0.322441, 0.03344, -0.608005, 0.228234, -0.760421, -0.038345, 0.0, 0.0, 0.0, 1.0],
                [0.793923, 0.227961, -0.563667, 0.113308, 0.049287, -0.948133, -0.314028, 0.033439, -0.606018, 0.221532, -0.76398, -0.038346, 0.0, 0.0, 0.0, 1.0],
                [0.796547, 0.219203, -0.563438, 0.113308, 0.050811, -0.95293, -0.2989, 0.033439, -0.602437, 0.209459, -0.770193, -0.038345, 0.0, 0.0, 0.0, 1.0],
                [0.801017, 0.204295, -0.562703, 0.113308, 0.053245, -0.960555, -0.272944, 0.03344, -0.596268, 0.188671, -0.780299, -0.038345, 0.0, 0.0, 0.0, 1.0],
                [0.807159, 0.183825, -0.560983, 0.113308, 0.056256, -0.969909, -0.236881, 0.03344, -0.587647, 0.159642, -0.793212, -0.038346, 0.0, 0.0, 0.0, 1.0],
                [0.814789, 0.158419, -0.557694, 0.113308, 0.059453, -0.979703, -0.191436, 0.033439, -0.576702, 0.122824, -0.807669, -0.038345, 0.0, 0.0, 0.0, 1.0],
                [0.823698, 0.128785, -0.552211, 0.113308, 0.062412, -0.98854, -0.137448, 0.03344, -0.563584, 0.078751, -0.822297, -0.038345, 0.0, 0.0, 0.0, 1.0],
                [0.833646, 0.095737, -0.543939, 0.113308, 0.064705, -0.995009, -0.07596, 0.03344, -0.548497, 0.028128, -0.83568, -0.038345, 0.0, 0.0, 0.0, 1.0],
                [0.844355, 0.060208, -0.53239, 0.113308, 0.06593, -0.99779, -0.008278, 0.033439, -0.531712, -0.028111, -0.846458, -0.038345, 0.0, 0.0, 0.0, 1.0],
                [0.855518, 0.023234, -0.517251, 0.113308, 0.065746, -0.995781, 0.064013, 0.033439, -0.513581, -0.088771, -0.853437, -0.038346, 0.0, 0.0, 0.0, 1.0],
                [0.866808, -0.01409, -0.498443, 0.113308, 0.063914, -0.988216, 0.139083, 0.03344, -0.494529, -0.152416, -0.855693, -0.038345, 0.0, 0.0, 0.0, 1.0],
                [0.877896, -0.050673, -0.476163, 0.113308, 0.060322, -0.97476, 0.214949, 0.03344, -0.475038, -0.217426, -0.852681, -0.038346, 0.0, 0.0, 0.0, 1.0],
                [0.888475, -0.085504, -0.450889, 0.113308, 0.055004, -0.955568, 0.289593, 0.033439, -0.455616, -0.282097, -0.844296, -0.038346, 0.0, 0.0, 0.0, 1.0],
                [0.898285, -0.11772, -0.42335, 0.113308, 0.048142, -0.93128, 0.361109, 0.03344, -0.436768, -0.34476, -0.830888, -0.038346, 0.0, 0.0, 0.0, 1.0],
                [0.907125, -0.146671, -0.394478, 0.113308, 0.040048, -0.902973, 0.427827, 0.033439, -0.418952, -0.403891, -0.813235, -0.038345, 0.0, 0.0, 0.0, 1.0],
                [0.914863, -0.17194, -0.365326, 0.113308, 0.031138, -0.872059, 0.488409, 0.033439, -0.402563, -0.458203, -0.79246, -0.038345, 0.0, 0.0, 0.0, 1.0],
                [0.921439, -0.193346, -0.336998, 0.113308, 0.021893, -0.840165, 0.541888, 0.033439, -0.387906, -0.506695, -0.769928, -0.038345, 0.0, 0.0, 0.0, 1.0],
                [0.926853, -0.210909, -0.310582, 0.113308, 0.012825, -0.809011, 0.587654, 0.03344, -0.375206, -0.548652, -0.747129, -0.038345, 0.0, 0.0, 0.0, 1.0],
                [0.93115, -0.2248, -0.287098, 0.113308, 0.004443, -0.780299, 0.62539, 0.033439, -0.36461, -0.583607, -0.725577, -0.038346, 0.0, 0.0, 0.0, 1.0],
                [0.9344, -0.235271, -0.267478, 0.113308, -0.002772, -0.755645, 0.654976, 0.033439, -0.356215, -0.611268, -0.706727, -0.038346, 0.0, 0.0, 0.0, 1.0],
                [0.936677, -0.242586, -0.252561, 0.113308, -0.008377, -0.73652, 0.676363, 0.03344, -0.350093, -0.631419, -0.691914, -0.038346, 0.0, 0.0, 0.0, 1.0],
                [0.938038, -0.246948, -0.243106, 0.113308, -0.011981, -0.724236, 0.689448, 0.03344, -0.346324, -0.643816, -0.68232, -0.038345, 0.0, 0.0, 0.0, 1.0],
                [0.938499, -0.24842, -0.239809, 0.113308, -0.013248, -0.719922, 0.693928, 0.03344, -0.345029, -0.648074, -0.678937, -0.038345, 0.0, 0.0, 0.0, 1.0],
                [0.938499, -0.24842, -0.239809, 0.113308, -0.013248, -0.719922, 0.693928, 0.03344, -0.345029, -0.648074, -0.678937, -0.038345, 0.0, 0.0, 0.0, 1.0],
                [0.938499, -0.24842, -0.239809, 0.113308, -0.013248, -0.719922, 0.693928, 0.03344, -0.345029, -0.648074, -0.678937, -0.038345, 0.0, 0.0, 0.0, 1.0],
                [0.938499, -0.24842, -0.239809, 0.113308, -0.013248, -0.719922, 0.693928, 0.03344, -0.345029, -0.648074, -0.678937, -0.038345, 0.0, 0.0, 0.0, 1.0],
                [0.938499, -0.24842, -0.239809, 0.113308, -0.013248, -0.719922, 0.693928, 0.03344, -0.345029, -0.648074, -0.678937, -0.038345, 0.0, 0.0, 0.0, 1.0],
                [0.938499, -0.24842, -0.239809, 0.113308, -0.013248, -0.719922, 0.693928, 0.03344, -0.345029, -0.648074, -0.678937, -0.038345, 0.0, 0.0, 0.0, 1.0],
                [0.938499, -0.24842, -0.239809, 0.113308, -0.013248, -0.719922, 0.693928, 0.03344, -0.345029, -0.648074, -0.678937, -0.038345, 0.0, 0.0, 0.0, 1.0],
                [0.938499, -0.24842, -0.239809, 0.113308, -0.013248, -0.719922, 0.693928, 0.03344, -0.345029, -0.648074, -0.678937, -0.038345, 0.0, 0.0, 0.0, 1.0],
                [0.938499, -0.24842, -0.239809, 0.113308, -0.013248, -0.719922, 0.693928, 0.03344, -0.345029, -0.648074, -0.678937, -0.038345, 0.0, 0.0, 0.0, 1.0],
                [0.938499, -0.24842, -0.239809, 0.113308, -0.013248, -0.719922, 0.693928, 0.03344, -0.345029, -0.648074, -0.678937, -0.038345, 0.0, 0.0, 0.0, 1.0],
                [0.938499, -0.24842, -0.239809, 0.113308, -0.013248, -0.719922, 0.693928, 0.03344, -0.345029, -0.648074, -0.678937, -0.038345, 0.0, 0.0, 0.0, 1.0],
                [0.938499, -0.24842, -0.239809, 0.113308, -0.013248, -0.719922, 0.693928, 0.03344, -0.345029, -0.648074, -0.678937, -0.038345, 0.0, 0.0, 0.0, 1.0],
                [0.938499, -0.24842, -0.239809, 0.113308, -0.013248, -0.719922, 0.693928, 0.03344, -0.345029, -0.648074, -0.678937, -0.038345, 0.0, 0.0, 0.0, 1.0],
                [0.938499, -0.24842, -0.239809, 0.113308, -0.013248, -0.719922, 0.693928, 0.03344, -0.345029, -0.648074, -0.678937, -0.038345, 0.0, 0.0, 0.0, 1.0],
                [0.938499, -0.24842, -0.239809, 0.113308, -0.013248, -0.719922, 0.693928, 0.03344, -0.345029, -0.648074, -0.678937, -0.038345, 0.0, 0.0, 0.0, 1.0],
                [0.938499, -0.24842, -0.239809, 0.113308, -0.013248, -0.719922, 0.693928, 0.03344, -0.345029, -0.648074, -0.678937, -0.038345, 0.0, 0.0, 0.0, 1.0],
                [0.938499, -0.24842, -0.239809, 0.113308, -0.013248, -0.719922, 0.693928, 0.03344, -0.345029, -0.648074, -0.678937, -0.038345, 0.0, 0.0, 0.0, 1.0],
                [0.938499, -0.24842, -0.239809, 0.113308, -0.013248, -0.719922, 0.693928, 0.03344, -0.345029, -0.648074, -0.678937, -0.038345, 0.0, 0.0, 0.0, 1.0],
                [0.938499, -0.24842, -0.239809, 0.113308, -0.013248, -0.719922, 0.693928, 0.03344, -0.345029, -0.648074, -0.678937, -0.038345, 0.0, 0.0, 0.0, 1.0],
