{
    "animation": [
        {
            "name": "Root",
            "time": [0.0, 0.0167, 0.0333, 0.05, 0.0667, 0.0833, 0.1, 0.1167, 0.1333, 0.15, 0.1667, 0.1833, 0.2, 0.2167, 0.2333, 0.25, 0.2667, 0.2833, 0.3, 0.3167, 0.3333, 0.35, 0.3667, 0.3833, 0.4, 0.4167, 0.4333, 0.45, 0.4667, 0.4833, 0.5, 0.5167, 0.5333, 0.55, 0.5667, 0.5833, 0.6, 0.6167, 0.6333, 0.65, 0.6667, 0.6833, 0.7, 0.7167, 0.7333, 0.75, 0.7667, 0.7833, 0.8, 0.8167, 0.8333, 0.85, 0.8667, 0.8833, 0.9, 0.9167, 0.9333, 0.95, 0.9667, 0.9833, 1.0, 1.0167, 1.0333, 1.05, 1.0667, 1.0833, 1.1, 1.1167, 1.1333, 1.15, 1.1667, 1.1833, 1.2, 1.2167, 1.2333, 1.25, 1.2667, 1.2833, 1.3, 1.3167, 1.3333, 1.35, 1.3667, 1.3833, 1.4, 1.4167, 1.4333, 1.45, 1.4667, 1.4833, 1.5, 1.5167, 1.5333, 1.55, 1.5667, 1.5833, 1.6, 1.6167, 1.6333, 1.65, 1.6667, 1.6833, 1.7, 1.7167, 1.7333, 1.75, 1.7667, 1.7833, 1.8, 1.8167, 1.8333, 1.85, 1.8667, 1.8833, 1.9, 1.9167, 1.9333, 1.95, 1.9667],
            "transform": [
                [1.0, 0.0, 0.0, -5e-06, 0.0, 0.0, -1.0, 0.000946, 0.0, 1.0, 0.0, 0.763972, 0.0, 0.0, 0.0, 1.0],
                [0.999989, -5e-06, 0.004616, -5e-06, 0.004616, 0.002653, -0.999986, 0.003677, -7e-06, 0.999996, 0.002653, 0.763985, 0.0, 0.0, 0.0, 1.0],
                [0.999837, -8.5e-05, 0.018057, -5e-06, 0.018057, 0.010378, -0.999783, 0.011892, -0.000102, 0.999946, 0.010378, 0.764077, 0.0, 0.0, 0.0, 1.0],
                [0.999211, -0.000426, 0.039712, -5e-06, 0.039712, 0.022825, -0.99895, 0.025626, -0.000481, 0.999739, 0.022824, 0.764328, 0.0, 0.0, 0.0, 1.0],
                [0.997619, -0.001303, 0.068948, -5e-06, 0.068945, 0.039629, -0.996833, 0.044913, -0.001434, 0.999214, 0.039624, 0.764816, 0.0, 0.0, 0.0, 1.0],
                [0.994458, -0.003057, 0.105086, -5e-06, 0.105079, 0.060402, -0.992628, 0.06979, -0.003313, 0.998169, 0.060389, 0.765622, 0.0, 0.0, 0.0, 1.0],
                [0.989061, -0.006066, 0.14738, -5e-06, 0.147361, 0.084717, -0.985448, 0.100291, -0.006508, 0.996387, 0.084684, 0.766823, 0.0, 0.0, 0.0, 1.0],
                [0.980747, -0.010716, 0.19499, -5e-06, 0.19495, 0.112093, -0.974387, 0.13645, -0.011415, 0.99364, 0.112024, 0.768499, 0.0, 0.0, 0.0, 1.0],
                [0.968866, -0.017375, 0.246976, -5e-06, 0.246901, 0.141993, -0.958581, 0.178303, -0.018414, 0.989715, 0.141862, 0.77073, 0.0, 0.0, 0.0, 1.0],
                [0.952848, -0.026366, 0.3023, -5e-06, 0.302168, 0.173822, -0.937273, 0.225885, -0.027834, 0.984424, 0.173593, 0.773595, 0.0, 0.0, 0.0, 1.0],
                [0.932243, -0.037945, 0.359837, -5e-06, 0.359621, 0.206941, -0.909862, 0.279229, -0.03994, 0.977617, 0.206565, 0.777173, 0.0, 0.0, 0.0, 1.0],
                [0.906753, -0.052281, 0.418408, -5e-06, 0.418071, 0.240674, -0.875952, 0.338372, -0.054904, 0.969197, 0.240089, 0.781542, 0.0, 0.0, 0.0, 1.0],
                [0.876254, -0.069444, 0.476819, -5e-06, 0.476318, 0.274342, -0.835379, 0.403349, -0.072799, 0.959122, 0.273471, 0.786783, 0.0, 0.0, 0.0, 1.0],
                [0.840802, -0.089402, 0.53391, -5e-06, 0.533191, 0.307281, -0.788216, 0.474193, -0.093593, 0.94741, 0.306031, 0.792974, 0.0, 0.0, 0.0, 1.0],
                [0.800627, -0.112023, 0.588597, -5e-06, 0.587598, 0.338876, -0.734773, 0.55094, -0.11715, 0.934138, 0.337138, 0.800195, 0.0, 0.0, 0.0, 1.0],
                [0.756114, -0.137088, 0.63992, -5e-06, 0.638569, 0.368579, -0.675559, 0.633625, -0.14325, 0.919433, 0.366228, 0.808525, 0.0, 0.0, 0.0, 1.0],
                [0.707768, -0.164312, 0.687071, -5e-06, 0.685288, 0.395931, -0.611244, 0.722283, -0.171598, 0.90346, 0.392828, 0.818043, 0.0, 0.0, 0.0, 1.0],
                [0.656173, -0.193359, 0.729417, -5e-06, 0.727112, 0.420573, -0.542611, 0.816948, -0.201854, 0.886415, 0.416562, 0.828828, 0.0, 0.0, 0.0, 1.0],
                [0.601959, -0.223873, 0.766503, -5e-06, 0.763578, 0.442248, -0.470495, 0.917656, -0.233653, 0.868503, 0.43716, 0.84096, 0.0, 0.0, 0.0, 1.0],
                [0.545756, -0.255494, 0.798043, -5e-06, 0.794392, 0.460799, -0.395734, 1.024441, -0.26663, 0.849933, 0.454447, 0.854517, 0.0, 0.0, 0.0, 1.0],
                [0.488164, -0.287883, 0.823905, -5e-06, 0.819411, 0.476155, -0.319127, 1.137339, -0.300435, 0.830903, 0.468336, 0.869579, 0.0, 0.0, 0.0, 1.0],
                [0.429722, -0.32073, 0.84408, -5e-06, 0.838617, 0.488315, -0.241393, 1.256384, -0.334755, 0.811592, 0.478809, 0.889461, 0.0, 0.0, 0.0, 1.0],
                [0.370896, -0.353772, 0.858651, -5e-06, 0.85208, 0.497335, -0.163151, 1.381611, -0.369319, 0.792151, 0.485901, 0.916195, 0.0, 0.0, 0.0, 1.0],
                [0.312062, -0.386794, 0.86776, -5e-06, 0.859928, 0.503305, -0.084903, 1.513054, -0.403908, 0.772706, 0.489677, 0.947939, 0.0, 0.0, 0.0, 1.0],
                [0.253505, -0.419636, 0.871574, -5e-06, 0.862311, 0.50633, -0.007028, 1.65075, -0.438355, 0.753349, 0.490214, 0.98285, 0.0, 0.0, 0.0, 1.0],
                [0.195417, -0.452189, 0.870251, -5e-06, 0.859368, 0.506514, 0.070215, 1.794732, -0.472544, 0.734145, 0.487579, 1.019084, 0.0, 0.0, 0.0, 1.0],
                [0.137907, -0.484395, 0.863911, -5e-06, 0.851193, 0.503939, 0.146682, 1.945036, -0.506411, 0.715127, 0.481811, 1.0548, 0.0, 0.0, 0.0, 1.0],
                [0.081002, -0.516243, 0.852603, -5e-06, 0.837803, 0.498653, 0.222334, 2.101697, -0.539931, 0.696304, 0.472901, 1.088155, 0.0, 0.0, 0.0, 1.0],
                [0.024664, -0.547761, 0.836271, -5e-06, 0.819102, 0.490647, 0.297218, 2.264749, -0.573118, 0.677661, 0.460773, 1.117305, 0.0, 0.0, 0.0, 1.0],
                [-0.031203, -0.579016, 0.814719, -5e-06, 0.794844, 0.479835, 0.371458, 2.434227, -0.606011, 0.659165, 0.445255, 1.140408, 0.0, 0.0, 0.0, 1.0],
                [-0.08673, -0.610102, 0.787562, -5e-06, 0.764583, 0.466035, 0.445224, 2.610167, -0.638664, 0.64077, 0.426054, 1.155622, 0.0, 0.0, 0.0, 1.0],
                [-0.142063, -0.641131, 0.754168, -5e-06, 0.727606, 0.44893, 0.518702, 2.792603, -0.671124, 0.622425, 0.402714, 1.161102, 0.0, 0.0, 0.0, 1.0],
                [-0.211992, -0.669366, 0.712045, -5e-06, 0.678544, 0.423533, 0.600164, 2.9813, -0.703304, 0.610384, 0.364409, 1.160864, 0.0, 0.0, 0.0, 1.0],
                [-0.309992, -0.691175, 0.652826, -5e-06, 0.606396, 0.385113, 0.695681, 3.174947, -0.732249, 0.611527, 0.299744, 1.159523, 0.0, 0.0, 0.0, 1.0],
                [-0.432076, -0.703487, 0.564284, -5e-06, 0.499731, 0.334092, 0.799157, 3.371961, -0.750719, 0.627286, 0.207201, 1.156141, 0.0, 0.0, 0.0, 1.0],
                [-0.568018, -0.700699, 0.431713, -5e-06, 0.345869, 0.272752, 0.897764, 3.570762, -0.746814, 0.659262, 0.087422, 1.149776, 0.0, 0.0, 0.0, 1.0],
                [-0.696541, -0.67542, 0.242154, -5e-06, 0.135886, 0.207207, 0.968814, 3.769768, -0.704533, 0.707723, -0.052548, 1.13949, 0.0, 0.0, 0.0, 1.0],
                [-0.783429, -0.621452, -0.006015, -5e-06, -0.125595, 0.148836, 0.980853, 3.967396, -0.608658, 0.769185, -0.194654, 1.124344, 0.0, 0.0, 0.0, 1.0],
                [-0.790086, -0.53936, -0.2913, -5e-06, -0.410356, 0.112349, 0.904979, 4.162066, -0.455382, 0.834547, -0.310094, 1.103397, 0.0, 0.0, 0.0, 1.0],
                [-0.694976, -0.44077, -0.568094, -5e-06, -0.669514, 0.108554, 0.734825, 4.352196, -0.26222, 0.891032, -0.370544, 1.075711, 0.0, 0.0, 0.0, 1.0],
                [-0.511584, -0.344893, -0.786976, -5e-06, -0.856846, 0.136552, 0.49716, 4.536204, -0.064004, 0.928656, -0.365378, 1.040344, 0.0, 0.0, 0.0, 1.0],
                [-0.281041, -0.268253, -0.921442, -5e-06, -0.953839, 0.183985, 0.23736, 4.71251, 0.105859, 0.945616, -0.307577, 0.996886, 0.0, 0.0, 0.0, 1.0],
                [-0.046446, -0.217662, -0.974919, -5e-06, -0.971946, 0.235125, -0.00619, 4.87953, 0.230575, 0.94728, -0.222476, 0.947029, 0.0, 0.0, 0.0, 1.0],
                [0.16499, -0.191362, -0.967553, -5e-06, -0.936306, 0.27796, -0.214636, 5.035684, 0.310014, 0.941339, -0.133313, 0.892994, 0.0, 0.0, 0.0, 1.0],
                [0.343211, -0.183806, -0.921098, -5e-06, -0.870614, 0.305757, -0.385414, 5.179391, 0.352473, 0.934199, -0.055085, 0.837001, 0.0, 0.0, 0.0, 1.0],
                [0.488789, -0.18921, -0.851637, -5e-06, -0.791148, 0.31526, -0.524114, 5.309067, 0.367655, 0.929952, 0.004402, 0.78127, 0.0, 0.0, 0.0, 1.0],
                [0.606767, -0.202877, -0.768554, -5e-06, -0.706911, 0.304393, -0.638452, 5.423133, 0.363469, 0.930691, 0.04128, 0.728021, 0.0, 0.0, 0.0, 1.0],
                [0.705725, -0.210602, -0.676461, -5e-06, -0.626454, 0.260476, -0.734648, 5.520006, 0.33092, 0.942231, 0.051892, 0.679475, 0.0, 0.0, 0.0, 1.0],
                [0.787565, -0.200202, -0.582805, -5e-06, -0.552858, 0.188198, -0.811745, 5.598105, 0.272196, 0.96151, 0.037535, 0.637852, 0.0, 0.0, 0.0, 1.0],
                [0.848096, -0.176325, -0.499643, -5e-06, -0.487452, 0.109938, -0.866201, 5.655847, 0.207662, 0.978173, 0.007288, 0.605373, 0.0, 0.0, 0.0, 1.0],
                [0.884976, -0.150572, -0.44062, -5e-06, -0.438714, 0.047478, -0.897372, 5.691654, 0.156039, 0.987458, -0.024041, 0.584257, 0.0, 0.0, 0.0, 1.0],
                [0.897621, -0.138568, -0.418421, -5e-06, -0.419609, 0.021954, -0.907439, 5.70394, 0.134928, 0.99011, -0.038438, 0.576725, 0.0, 0.0, 0.0, 1.0],
                [0.897621, -0.138568, -0.418421, -5e-06, -0.419609, 0.021954, -0.907439, 5.70394, 0.134928, 0.99011, -0.038438, 0.576725, 0.0, 0.0, 0.0, 1.0],
                [0.897621, -0.138568, -0.418421, -5e-06, -0.419609, 0.021954, -0.907439, 5.70394, 0.134928, 0.99011, -0.038438, 0.576725, 0.0, 0.0, 0.0, 1.0],
                [0.897621, -0.138568, -0.418421, -5e-06, -0.419609, 0.021954, -0.907439, 5.70394, 0.134928, 0.99011, -0.038438, 0.576725, 0.0, 0.0, 0.0, 1.0],
                [0.897621, -0.138568, -0.418421, -5e-06, -0.419609, 0.021954, -0.907439, 5.70394, 0.134928, 0.99011, -0.038438, 0.576725, 0.0, 0.0, 0.0, 1.0],
                [0.897621, -0.138568, -0.418421, -5e-06, -0.419609, 0.021954, -0.907439, 5.70394, 0.134928, 0.99011, -0.038438, 0.576725, 0.0, 0.0, 0.0, 1.0],
                [0.897621, -0.138568, -0.418421, -5e-06, -0.419609, 0.021954, -0.907439, 5.70394, 0.134928, 0.99011, -0.038438, 0.576725, 0.0, 0.0, 0.0, 1.0],
                [0.897621, -0.138568, -0.418421, -5e-06, -0.419609, 0.021954, -0.907439, 5.70394, 0.134928, 0.99011, -0.038438, 0.576725, 0.0, 0.0, 0.0, 1.0],
                [0.897621, -0.138568, -0.418421, -5e-06, -0.419609, 0.021954, -0.907439, 5.70394, 0.134928, 0.99011, -0.038438, 0.576725, 0.0, 0.0, 0.0, 1.0],
                [0.897621, -0.138568, -0.418421, -5e-06, -0.419609, 0.021954, -0.907439, 5.70394, 0.134928, 0.99011, -0.038438, 0.576725, 0.0, 0.0, 0.0, 1.0],
                [0.897621, -0.138568, -0.418421, -5e-06, -0.419609, 0.021954, -0.907439, 5.70394, 0.134928, 0.99011, -0.038438, 0.576725, 0.0, 0.0, 0.0, 1.0],
                [0.897621, -0.138568, -0.418421, -5e-06, -0.419609, 0.021954, -0.907439, 5.70394, 0.134928, 0.99011, -0.038438, 0.576725, 0.0, 0.0, 0.0, 1.0],
                [0.897621, -0.138568, -0.418421, -5e-06, -0.419609, 0.021954, -0.907439, 5.70394, 0.134928, 0.99011, -0.038438, 0.576725, 0.0, 0.0, 0.0, 1.0],
                [0.897621, -0.138568, -0.418421, -5e-06, -0.419609, 0.021954, -0.907439, 5.70394, 0.134928, 0.99011, -0.038438, 0.576725, 0.0, 0.0, 0.0, 1.0],
                [0.897621, -0.138568, -0.418421, -5e-06, -0.419609, 0.021954, -0.907439, 5.70394, 0.134928, 0.99011, -0.038438, 0.576725, 0.0, 0.0, 0.0, 1.0],
                [0.897621, -0.138568, -0.418421, -5e-06, -0.419609, 0.021954, -0.907439, 5.70394, 0.134928, 0.99011, -0.038438, 0.576725, 0.0, 0.0, 0.0, 1.0],
                [0.897621, -0.138568, -0.418421, -5e-06, -0.419609, 0.021954, -0.907439, 5.70394, 0.134928, 0.99011, -0.038438, 0.576725, 0.0, 0.0, 0.0, 1.0],
                [0.897621, -0.138568, -0.418421, -5e-06, -0.419609, 0.021954, -0.907439, 5.70394, 0.134928, 0.99011, -0.038438, 0.576725, 0.0, 0.0, 0.0, 1.0],
                [0.897621, -0.138568, -0.418421, -5e-06, -0.419609, 0.021954, -0.907439, 5.70394, 0.134928, 0.99011, -0.038438, 0.576725, 0.0, 0.0, 0.0, 1.0],
                [0.897621, -0.138568, -0.418421, -5e-06, -0.419609, 0.021954, -0.907439, 5.70394, 0.134928, 0.99011, -0.038438, 0.576725, 0.0, 0.0, 0.0, 1.0],
                [0.897621, -0.138568, -0.418421, -5e-06, -0.419609, 0.021954, -0.907439, 5.70394, 0.134928, 0.99011, -0.038438, 0.576725, 0.0, 0.0, 0.0, 1.0],
                [0.897621, -0.138568, -0.418421, -5e-06, -0.419609, 0.021954, -0.907439, 5.70394, 0.134928, 0.99011, -0.038438, 0.576725, 0.0, 0.0, 0.0, 1.0],
                [0.897621, -0.138568, -0.418421, -5e-06, -0.419609, 0.021954, -0.907439, 5.70394, 0.134928, 0.99011, -0.038438, 0.576725, 0.0, 0.0, 0.0, 1.0],
                [0.897621, -0.138568, -0.418421, -5e-06, -0.419609, 0.021954, -0.907439, 5.70394, 0.134928, 0.99011, -0.038438, 0.576725, 0.0, 0.0, 0.0, 1.0],
                [0.897621, -0.138568, -0.418421, -5e-06, -0.419609, 0.021954, -0.907439, 5.70394, 0.134928, 0.99011, -0.038438, 0.576725, 0.0, 0.0, 0.0, 1.0],
                [0.897621, -0.138568, -0.418421, -5e-06, -0.419609, 0.021954, -0.907439, 5.70394, 0.134928, 0.99011, -0.038438, 0.576725, 0.0, 0.0, 0.0, 1.0],
                [0.897621, -0.138568, -0.418421, -5e-06, -0.419609, 0.021954, -0.907439, 5.70394, 0.134928, 0.99011, -0.038438, 0.576725, 0.0, 0.0, 0.0, 1.0],
                [0.897621, -0.138568, -0.418421, -5e-06, -0.419609, 0.021954, -0.907439, 5.70394, 0.134928, 0.99011, -0.038438, 0.576725, 0.0, 0.0, 0.0, 1.0],
                [0.897621, -0.138568, -0.418421, -5e-06, -0.419609, 0.021954, -0.907439, 5.701899, 0.134928, 0.99011, -0.038438, 0.576737, 0.0, 0.0, 0.0, 1.0],
                [0.897621, -0.138568, -0.418421, -5e-06, -0.419609, 0.021954, -0.907439, 5.695911, 0.134928, 0.99011, -0.038438, 0.576774, 0.0, 0.0, 0.0, 1.0],
                [0.897621, -0.138568, -0.418421, -5e-06, -0.419609, 0.021954, -0.907439, 5.686187, 0.134928, 0.99011, -0.038438, 0.576834, 0.0, 0.0, 0.0, 1.0],
                [0.897621, -0.138568, -0.418421, -5e-06, -0.419609, 0.021954, -0.907439, 5.672933, 0.134928, 0.99011, -0.038438, 0.576915, 0.0, 0.0, 0.0, 1.0],
                [0.897621, -0.138568, -0.418421, -5e-06, -0.419609, 0.021954, -0.907439, 5.656357, 0.134928, 0.99011, -0.038438, 0.577017, 0.0, 0.0, 0.0, 1.0],
                [0.897621, -0.138568, -0.418421, -5e-06, -0.419609, 0.021954, -0.907439, 5.636666, 0.134928, 0.99011, -0.038438, 0.577138, 0.0, 0.0, 0.0, 1.0],
                [0.897621, -0.138568, -0.418421, -5e-06, -0.419609, 0.021954, -0.907439, 5.614069, 0.134928, 0.99011, -0.038438, 0.577277, 0.0, 0.0, 0.0, 1.0],
                [0.897621, -0.138568, -0.418421, -5e-06, -0.419609, 0.021954, -0.907439, 5.588772, 0.134928, 0.99011, -0.038438, 0.577433, 0.0, 0.0, 0.0, 1.0],
                [0.897621, -0.138568, -0.418421, -5e-06, -0.419609, 0.021954, -0.907439, 5.560983, 0.134928, 0.99011, -0.038438, 0.577604, 0.0, 0.0, 0.0, 1.0],
                [0.897621, -0.138568, -0.418421, -5e-06, -0.419609, 0.021954, -0.907439, 5.53091, 0.134928, 0.99011, -0.038438, 0.577789, 0.0, 0.0, 0.0, 1.0],
                [0.897621, -0.138568, -0.418421, -5e-06, -0.419609, 0.021954, -0.907439, 5.498762, 0.134928, 0.99011, -0.038438, 0.577986, 0.0, 0.0, 0.0, 1.0],
                [0.897621, -0.138568, -0.418421, -5e-06, -0.419609, 0.021954, -0.907439, 5.464744, 0.134928, 0.99011, -0.038438, 0.578195, 0.0, 0.0, 0.0, 1.0],
                [0.897621, -0.138568, -0.418421, -5e-06, -0.419609, 0.021954, -0.907439, 5.429066, 0.134928, 0.99011, -0.038438, 0.578415, 0.0, 0.0, 0.0, 1.0],
                [0.897621, -0.138568, -0.418421, -5e-06, -0.419609, 0.021954, -0.907439, 5.391933, 0.134928, 0.99011, -0.038438, 0.578643, 0.0, 0.0, 0.0, 1.0],
                [0.897621, -0.138568, -0.418421, -5e-06, -0.419609, 0.021954, -0.907439, 5.353556, 0.134928, 0.99011, -0.038438, 0.578879, 0.0, 0.0, 0.0, 1.0],
                [0.897621, -0.138568, -0.418421, -5e-06, -0.419609, 0.021954, -0.907439, 5.314139, 0.134928, 0.99011, -0.038438, 0.579122, 0.0, 0.0, 0.0, 1.0],
                [0.897621, -0.138568, -0.418421, -5e-06, -0.419609, 0.021954, -0.907439, 5.273892, 0.134928, 0.99011, -0.038438, 0.579369, 0.0, 0.0, 0.0, 1.0],
                [0.897621, -0.138568, -0.418421, -5e-06, -0.419609, 0.021954, -0.907439, 5.233023, 0.134928, 0.99011, -0.038438, 0.57962, 0.0, 0.0, 0.0, 1.0],
                [0.897621, -0.138568, -0.418421, -5e-06, -0.419609, 0.021954, -0.907439, 5.191738, 0.134928, 0.99011, -0.038438, 0.579874, 0.0, 0.0, 0.0, 1.0],
                [0.897621, -0.138568, -0.418421, -5e-06, -0.419609, 0.021954, -0.907439, 5.150245, 0.134928, 0.99011, -0.038438, 0.580129, 0.0, 0.0, 0.0, 1.0],
                [0.897621, -0.138568, -0.418421, -5e-06, -0.419609, 0.021954, -0.907439, 5.108753, 0.134928, 0.99011, -0.038438, 0.580384, 0.0, 0.0, 0.0, 1.0],
                [0.897621, -0.138568, -0.418421, -5e-06, -0.419609, 0.021954, -0.907439, 5.067468, 0.134928, 0.99011, -0.038438, 0.580638, 0.0, 0.0, 0.0, 1.0],
                [0.897621, -0.138568, -0.418421, -5e-06, -0.419609, 0.021954, -0.907439, 5.026599, 0.134928, 0.99011, -0.038438, 0.58089, 0.0, 0.0, 0.0, 1.0],
                [0.897621, -0.138568, -0.418421, -5e-06, -0.419609, 0.021954, -0.907439, 4.986352, 0.134928, 0.99011, -0.038438, 0.581137, 0.0, 0.0, 0.0, 1.0],
                [0.897621, -0.138568, -0.418421, -5e-06, -0.419609, 0.021954, -0.907439, 4.946936, 0.134928, 0.99011, -0.038438, 0.581379, 0.0, 0.0, 0.0, 1.0],
                [0.897621, -0.138568, -0.418421, -5e-06, -0.419609, 0.021954, -0.907439, 4.908558, 0.134928, 0.99011, -0.038438, 0.581615, 0.0, 0.0, 0.0, 1.0],
                [0.897621, -0.138568, -0.418421, -5e-06, -0.419609, 0.021954, -0.907439, 4.871426, 0.134928, 0.99011, -0.038438, 0.581844, 0.0, 0.0, 0.0, 1.0],
                [0.897621, -0.138568, -0.418421, -5e-06, -0.419609, 0.021954, -0.907439, 4.835747, 0.134928, 0.99011, -0.038438, 0.582063, 0.0, 0.0, 0.0, 1.0],
                [0.897621, -0.138568, -0.418421, -5e-06, -0.419609, 0.021954, -0.907439, 4.80173, 0.134928, 0.99011, -0.038438, 0.582272, 0.0, 0.0, 0.0, 1.0],
                [0.897621, -0.138568, -0.418421, -5e-06, -0.419609, 0.021954, -0.907439, 4.769581, 0.134928, 0.99011, -0.038438, 0.58247, 0.0, 0.0, 0.0, 1.0],
                [0.897621, -0.138568, -0.418421, -5e-06, -0.419609, 0.021954, -0.907439, 4.739509, 0.134928, 0.99011, -0.038438, 0.582655, 0.0, 0.0, 0.0, 1.0],
                [0.897621, -0.138568, -0.418421, -5e-06, -0.419609, 0.021954, -0.907439, 4.71172, 0.134928, 0.99011, -0.038438, 0.582826, 0.0, 0.0, 0.0, 1.0],
                [0.897621, -0.138568, -0.418421, -5e-06, -0.419609, 0.021954, -0.907439, 4.686423, 0.134928, 0.99011, -0.038438, 0.582981, 0.0, 0.0, 0.0, 1.0],
                [0.897621, -0.138568, -0.418421, -5e-06, -0.419609, 0.021954, -0.907439, 4.663825, 0.134928, 0.99011, -0.038438, 0.58312, 0.0, 0.0, 0.0, 1.0],
                [0.897621, -0.138568, -0.418421, -5e-06, -0.419609, 0.021954, -0.907439, 4.644135, 0.134928, 0.99011, -0.038438, 0.583241, 0.0, 0.0, 0.0, 1.0],
                [0.897621, -0.138568, -0.418421, -5e-06, -0.419609, 0.021954, -0.907439, 4.627558, 0.134928, 0.99011, -0.038438, 0.583343, 0.0, 0.0, 0.0, 1.0],
                [0.897621, -0.138568, -0.418421, -5e-06, -0.419609, 0.021954, -0.907439, 4.614304, 0.134928, 0.99011, -0.038438, 0.583425, 0.0, 0.0, 0.0, 1.0],
                [0.897621, -0.138568, -0.418421, -5e-06, -0.419609, 0.021954, -0.907439, 4.60458, 0.134928, 0.99011, -0.038438, 0.583485, 0.0, 0.0, 0.0, 1.0],
                [0.897621, -0.138568, -0.418421, -5e-06, -0.419609, 0.021954, -0.907439, 4.598593, 0.134928, 0.99011, -0.038438, 0.583521, 0.0, 0.0, 0.0, 1.0],
                [0.897621, -0.138568, -0.418421, -5e-06, -0.419609, 0.021954, -0.907439, 4.596551, 0.134928, 0.99011, -0.038438, 0.583534, 0.0, 0.0, 0.0, 1.0]
            ]
        },
        {
            "name": "Thigh_R",
            "time": [0.0, 0.0167, 0.0333, 0.05, 0.0667, 0.0833, 0.1, 0.1167, 0.1333, 0.15, 0.1667, 0.1833, 0.2, 0.2167, 0.2333, 0.25, 0.2667, 0.2833, 0.3, 0.3167, 0.3333, 0.35, 0.3667, 0.3833, 0.4, 0.4167, 0.4333, 0.45, 0.4667, 0.4833, 0.5, 0.5167, 0.5333, 0.55, 0.5667, 0.5833, 0.6, 0.6167, 0.6333, 0.65, 0.6667, 0.6833, 0.7, 0.7167, 0.7333, 0.75, 0.7667, 0.7833, 0.8, 0.8167, 0.8333, 0.85, 0.8667, 0.8833, 0.9, 0.9167, 0.9333, 0.95, 0.9667, 0.9833, 1.0, 1.0167, 1.0333, 1.05, 1.0667, 1.0833, 1.1, 1.1167, 1.1333, 1.15, 1.1667, 1.1833, 1.2, 1.2167, 1.2333, 1.25, 1.2667, 1.2833, 1.3, 1.3167, 1.3333, 1.35, 1.3667, 1.3833, 1.4, 1.4167, 1.4333, 1.45, 1.4667, 1.4833, 1.5, 1.5167, 1.5333, 1.55, 1.5667, 1.5833, 1.6, 1.6167, 1.6333, 1.65, 1.6667, 1.6833, 1.7, 1.7167, 1.7333, 1.75, 1.7667, 1.7833, 1.8, 1.8167, 1.8333, 1.85, 1.8667, 1.8833, 1.9, 1.9167, 1.9333, 1.95, 1.9667],
            "transform": [
                [0.575668, 0.06283, 0.815266, 0.124994, 0.240345, -0.966001, -0.095264, -0.002831, 0.781563, 0.250786, -0.571197, -1.2e-05, 0.0, 0.0, 0.0, 1.0],
                [0.581253, 0.063777, 0.81122, 0.124978, 0.239917, -0.966039, -0.095955, -0.00278, 0.777551, 0.250399, -0.576815, -6.5e-05, 0.0, 0.0, 0.0, 1.0],
                [0.597257, 0.06652, 0.799287, 0.12493, 0.238601, -0.966172, -0.097882, -0.002631, 0.765737, 0.249172, -0.592925, -0.000223, 0.0, 0.0, 0.0, 1.0],
                [0.622431, 0.070898, 0.779457, 0.124851, 0.236321, -0.966431, -0.100808, -0.002388, 0.746144, 0.246949, -0.618292, -0.00048, 0.0, 0.0, 0.0, 1.0],
                [0.655347, 0.076721, 0.751421, 0.124744, 0.23297, -0.966856, -0.104467, -0.002056, 0.718502, 0.243521, -0.6515, -0.000831, 0.0, 0.0, 0.0, 1.0],
                [0.694366, 0.083756, 0.714731, 0.12461, 0.228436, -0.967488, -0.108552, -0.001638, 0.682402, 0.238646, -0.690924, -0.001272, 0.0, 0.0, 0.0, 1.0],
                [0.73762, 0.091713, 0.668959, 0.124449, 0.222627, -0.968366, -0.112716, -0.00114, 0.637459, 0.23207, -0.734703, -0.001798, 0.0, 0.0, 0.0, 1.0],
                [0.783024, 0.100236, 0.613862, 0.124264, 0.215494, -0.969523, -0.116567, -0.000567, 0.583469, 0.223558, -0.78076, -0.002405, 0.0, 0.0, 0.0, 1.0],
                [0.82834, 0.108901, 0.549539, 0.124057, 0.207054, -0.970981, -0.119683, 7.9e-05, 0.520558, 0.212923, -0.826851, -0.003087, 0.0, 0.0, 0.0, 1.0],
                [0.871287, 0.117233, 0.476567, 0.123827, 0.197413, -0.972746, -0.121629, 0.000791, 0.449319, 0.200054, -0.870684, -0.00384, 0.0, 0.0, 0.0, 1.0],
                [0.909707, 0.124733, 0.396075, 0.123577, 0.18677, -0.9748, -0.121988, 0.001566, 0.370878, 0.184948, -0.910079, -0.004659, 0.0, 0.0, 0.0, 1.0],
                [0.941763, 0.130909, 0.309751, 0.123309, 0.175418, -0.977105, -0.12039, 0.0024, 0.286899, 0.167715, -0.943165, -0.00554, 0.0, 0.0, 0.0, 1.0],
                [0.966123, 0.135325, 0.219757, 0.123023, 0.163723, -0.979597, -0.116547, 0.003286, 0.199502, 0.148578, -0.968568, -0.006477, 0.0, 0.0, 0.0, 1.0],
                [0.982103, 0.137641, 0.128568, 0.122721, 0.15209, -0.982195, -0.110273, 0.004222, 0.111101, 0.127853, -0.985551, -0.007466, 0.0, 0.0, 0.0, 1.0],
                [0.989724, 0.137639, 0.038756, 0.122405, 0.140929, -0.984804, -0.101489, 0.005203, 0.024198, 0.105908, -0.994081, -0.008503, 0.0, 0.0, 0.0, 1.0],
                [0.989687, 0.135238, -0.047219, 0.122076, 0.13061, -0.98732, -0.090216, 0.006224, -0.058821, 0.083118, -0.994802, -0.009582, 0.0, 0.0, 0.0, 1.0],
                [0.983257, 0.130487, -0.127195, 0.121736, 0.121431, -0.989643, -0.076551, 0.007281, -0.135866, 0.059824, -0.988919, -0.010699, 0.0, 0.0, 0.0, 1.0],
                [0.972097, 0.123546, -0.199409, 0.121385, 0.113597, -0.991675, -0.06063, 0.008369, -0.205239, 0.036286, -0.978039, -0.011849, 0.0, 0.0, 0.0, 1.0],
                [0.958087, 0.114661, -0.26253, 0.121026, 0.107206, -0.993324, -0.042598, 0.009484, -0.265662, 0.012667, -0.963983, -0.013027, 0.0, 0.0, 0.0, 1.0],
                [0.943157, 0.104135, -0.315613, 0.12066, 0.102252, -0.994502, -0.022569, 0.010621, -0.316228, -0.010986, -0.94862, -0.014229, 0.0, 0.0, 0.0, 1.0],
                [0.929151, 0.092304, -0.357993, 0.120288, 0.098624, -0.995124, -0.000608, 0.011776, -0.356304, -0.034742, -0.933724, -0.01545, 0.0, 0.0, 0.0, 1.0],
                [0.91773, 0.079532, -0.38916, 0.119911, 0.096114, -0.995098, 0.023292, 0.012945, -0.3854, -0.05878, -0.920876, -0.016685, 0.0, 0.0, 0.0, 1.0],
                [0.910306, 0.066207, -0.408607, 0.119532, 0.094409, -0.994316, 0.049216, 0.014122, -0.403026, -0.083378, -0.911383, -0.017929, 0.0, 0.0, 0.0, 1.0],
                [0.90798, 0.052761, -0.415678, 0.119151, 0.093081, -0.992651, 0.077326, 0.015304, -0.408543, -0.108902, -0.906219, -0.019179, 0.0, 0.0, 0.0, 1.0],
                [0.908431, 0.039168, -0.416195, 0.11877, 0.091864, -0.989968, 0.107346, 0.016486, -0.407816, -0.13575, -0.902917, -0.020428, 0.0, 0.0, 0.0, 1.0],
                [0.908788, 0.025138, -0.4165, 0.118391, 0.09084, -0.986161, 0.138687, 0.017664, -0.40725, -0.163872, -0.898495, -0.021672, 0.0, 0.0, 0.0, 1.0],
                [0.90906, 0.010757, -0.416527, 0.118014, 0.089998, -0.981138, 0.171079, 0.018832, -0.40683, -0.193007, -0.892882, -0.022907, 0.0, 0.0, 0.0, 1.0],
                [0.909256, -0.003883, -0.41622, 0.117642, 0.089329, -0.974836, 0.204239, 0.019988, -0.40654, -0.222886, -0.886029, -0.024128, 0.0, 0.0, 0.0, 1.0],
                [0.909384, -0.018684, -0.415538, 0.117275, 0.088825, -0.967224, 0.237879, 0.021125, -0.406363, -0.253234, -0.877919, -0.02533, 0.0, 0.0, 0.0, 1.0],
                [0.909454, -0.033542, -0.41445, 0.116916, 0.088476, -0.958305, 0.271704, 0.02224, -0.406283, -0.283771, -0.868567, -0.026508, 0.0, 0.0, 0.0, 1.0],
                [0.909472, -0.048348, -0.412944, 0.116566, 0.088272, -0.948118, 0.305418, 0.023328, -0.406286, -0.314221, -0.858019, -0.027659, 0.0, 0.0, 0.0, 1.0],
                [0.909448, -0.062993, -0.411018, 0.116225, 0.088202, -0.936741, 0.338727, 0.024385, -0.406355, -0.344307, -0.846362, -0.028775, 0.0, 0.0, 0.0, 1.0],
                [0.909389, -0.077364, -0.408689, 0.115896, 0.088254, -0.924291, 0.371343, 0.025406, -0.406477, -0.373764, -0.833713, -0.029854, 0.0, 0.0, 0.0, 1.0],
                [0.909301, -0.091351, -0.405989, 0.11558, 0.088415, -0.910923, 0.402991, 0.026386, -0.406638, -0.402336, -0.820226, -0.030891, 0.0, 0.0, 0.0, 1.0],
                [0.909191, -0.104845, -0.402962, 0.115279, 0.088672, -0.896824, 0.433409, 0.027322, -0.406827, -0.429783, -0.806088, -0.03188, 0.0, 0.0, 0.0, 1.0],
                [0.909067, -0.11774, -0.399669, 0.114993, 0.08901, -0.882217, 0.462353, 0.028209, -0.407032, -0.455884, -0.791514, -0.032817, 0.0, 0.0, 0.0, 1.0],
                [0.908932, -0.129937, -0.39618, 0.114724, 0.089411, -0.86735, 0.489601, 0.029042, -0.407244, -0.480437, -0.776745, -0.033698, 0.0, 0.0, 0.0, 1.0],
                [0.908794, -0.141342, -0.392577, 0.114475, 0.089861, -0.852496, 0.514952, 0.029817, -0.407454, -0.503262, -0.762042, -0.034518, 0.0, 0.0, 0.0, 1.0],
                [0.908655, -0.151865, -0.388951, 0.114245, 0.09034, -0.837945, 0.538225, 0.03053, -0.407657, -0.524199, -0.747684, -0.03527, 0.0, 0.0, 0.0, 1.0],
                [0.908521, -0.161425, -0.385398, 0.114037, 0.090833, -0.824, 0.55926, 0.031175, -0.407847, -0.543106, -0.733959, -0.035953, 0.0, 0.0, 0.0, 1.0],
                [0.908395, -0.169944, -0.382017, 0.113852, 0.091319, -0.810971, 0.577915, 0.031749, -0.408018, -0.559861, -0.721163, -0.036559, 0.0, 0.0, 0.0, 1.0],
                [0.908281, -0.17735, -0.378911, 0.113692, 0.091781, -0.799168, 0.594059, 0.032247, -0.40817, -0.57435, -0.709591, -0.037085, 0.0, 0.0, 0.0, 1.0],
                [0.908181, -0.183572, -0.376178, 0.113557, 0.092201, -0.788896, 0.60757, 0.032664, -0.408298, -0.586467, -0.699535, -0.037526, 0.0, 0.0, 0.0, 1.0],
                [0.908098, -0.188542, -0.373913, 0.11345, 0.092559, -0.780452, 0.618326, 0.032997, -0.408401, -0.596109, -0.691276, -0.037877, 0.0, 0.0, 0.0, 1.0],
                [0.908035, -0.192187, -0.372206, 0.113372, 0.092837, -0.774117, 0.626199, 0.03324, -0.408478, -0.603165, -0.685083, -0.038134, 0.0, 0.0, 0.0, 1.0],
                [0.907995, -0.194435, -0.371134, 0.113324, 0.093017, -0.770148, 0.631046, 0.033388, -0.408526, -0.607508, -0.681205, -0.038292, 0.0, 0.0, 0.0, 1.0],
                [0.907981, -0.195204, -0.370765, 0.113307, 0.093081, -0.76878, 0.632703, 0.03344, -0.408543, -0.608993, -0.679867, -0.038345, 0.0, 0.0, 0.0, 1.0],
                [0.907981, -0.195204, -0.370765, 0.113307, 0.093081, -0.76878, 0.632703, 0.033439, -0.408543, -0.608993, -0.679867, -0.038345, 0.0, 0.0, 0.0, 1.0],
                [0.907981, -0.195204, -0.370765, 0.113308, 0.093081, -0.76878, 0.632703, 0.03344, -0.408543, -0.608993, -0.679868, -0.038345, 0.0, 0.0, 0.0, 1.0],
                [0.907981, -0.195204, -0.370765, 0.113307, 0.093081, -0.76878, 0.632703, 0.03344, -0.408543, -0.608993, -0.679868, -0.038346, 0.0, 0.0, 0.0, 1.0],
                [0.90798, -0.195204, -0.370765, 0.113308, 0.093081, -0.76878, 0.632703, 0.03344, -0.408543, -0.608993, -0.679868, -0.038345, 0.0, 0.0, 0.0, 1.0],
                [0.90798, -0.195204, -0.370765, 0.113308, 0.093081, -0.76878, 0.632703, 0.033439, -0.408543, -0.608993, -0.679868, -0.038345, 0.0, 0.0, 0.0, 1.0],
                [0.90798, -0.195204, -0.370765, 0.113308, 0.093081, -0.76878, 0.632703, 0.033439, -0.408543, -0.608993, -0.679868, -0.038345, 0.0, 0.0, 0.0, 1.0],
                [0.90798, -0.195204, -0.370765, 0.113308, 0.093081, -0.76878, 0.632703, 0.033439, -0.408543, -0.608993, -0.679868, -0.038345, 0.0, 0.0, 0.0, 1.0],
                [0.90798, -0.195204, -0.370765, 0.113308, 0.093081, -0.76878, 0.632703, 0.033439, -0.408543, -0.608993, -0.679868, -0.038345, 0.0, 0.0, 0.0, 1.0],
                [0.90798, -0.195204, -0.370765, 0.113308, 0.093081, -0.76878, 0.632703, 0.033439, -0.408543, -0.608993, -0.679868, -0.038345, 0.0, 0.0, 0.0, 1.0],
                [0.90798, -0.195204, -0.370765, 0.113308, 0.093081, -0.76878, 0.632703, 0.033439, -0.408543, -0.608993, -0.679868, -0.038345, 0.0, 0.0, 0.0, 1.0],
                [0.90798, -0.195204, -0.370765, 0.113308, 0.093081, -0.76878, 0.632703, 0.033439, -0.408543, -0.608993, -0.679868, -0.038345, 0.0, 0.0, 0.0, 1.0],
                [0.90798, -0.195204, -0.370765, 0.113308, 0.093081, -0.76878, 0.632703, 0.033439, -0.408543, -0.608993, -0.679868, -0.038345, 0.0, 0.0, 0.0, 1.0],
                [0.90798, -0.195204, -0.370765, 0.113308, 0.093081, -0.76878, 0.632703, 0.033439, -0.408543, -0.608993, -0.679868, -0.038345, 0.0, 0.0, 0.0, 1.0],
                [0.90798, -0.195204, -0.370765, 0.113308, 0.093081, -0.76878, 0.632703, 0.033439, -0.408543, -0.608993, -0.679868, -0.038345, 0.0, 0.0, 0.0, 1.0],
                [0.90798, -0.195204, -0.370765, 0.113308, 0.093081, -0.76878, 0.632703, 0.033439, -0.408543, -0.608993, -0.679868, -0.038345, 0.0, 0.0, 0.0, 1.0],
                [0.90798, -0.195204, -0.370765, 0.113308, 0.093081, -0.76878, 0.632703, 0.033439, -0.408543, -0.608993, -0.679868, -0.038345, 0.0, 0.0, 0.0, 1.0],
                [0.90798, -0.195204, -0.370765, 0.113308, 0.093081, -0.76878, 0.632703, 0.033439, -0.408543, -0.608993, -0.679868, -0.038345, 0.0, 0.0, 0.0, 1.0],
                [0.90798, -0.195204, -0.370765, 0.113308, 0.093081, -0.76878, 0.632703, 0.033439, -0.408543, -0.608993, -0.679868, -0.038345, 0.0, 0.0, 0.0, 1.0],
                [0.90798, -0.195204, -0.370765, 0.113308, 0.093081, -0.76878, 0.632703, 0.033439, -0.408543, -0.608993, -0.679868, -0.038345, 0.0, 0.0, 0.0, 1.0],
                [0.90798, -0.195204, -0.370765, 0.113308, 0.093081, -0.76878, 0.632703, 0.033439, -0.408543, -0.608993, -0.679868, -0.038345, 0.0, 0.0, 0.0, 1.0],
                [0.90798, -0.195204, -0.370765, 0.113308, 0.093081, -0.76878, 0.632703, 0.033439, -0.408543, -0.608993, -0.679868, -0.038345, 0.0, 0.0, 0.0, 1.0],
                [0.90798, -0.195204, -0.370765, 0.113308, 0.093081, -0.76878, 0.632703, 0.033439, -0.408543, -0.608993, -0.679868, -0.038345, 0.0, 0.0, 0.0, 1.0],
                [0.90798, -0.195204, -0.370765, 0.113308, 0.093081, -0.76878, 0.632703, 0.033439, -0.408543, -0.608993, -0.679868, -0.038345, 0.0, 0.0, 0.0, 1.0],
                [0.90798, -0.195204, -0.370765, 0.113308, 0.093081, -0.76878, 0.632703, 0.033439, -0.408543, -0.608993, -0.679868, -0.038345, 0.0, 0.0, 0.0, 1.0],
                [0.90798, -0.195204, -0.370765, 0.113308, 0.093081, -0.76878, 0.632703, 0.033439, -0.408543, -0.608993, -0.679868, -0.038345, 0.0, 0.0, 0.0, 1.0],
                [0.90798, -0.195204, -0.370765, 0.113308, 0.093081, -0.76878, 0.632703, 0.033439, -0.408543, -0.608993, -0.679868, -0.038345, 0.0, 0.0, 0.0, 1.0],
                [0.90798, -0.195204, -0.370765, 0.113308, 0.093081, -0.76878, 0.632703, 0.033439, -0.408543, -0.608993, -0.679868, -0.038345, 0.0, 0.0, 0.0, 1.0],
                [0.90798, -0.195204, -0.370765, 0.113308, 0.093081, -0.76878, 0.632703, 0.033439, -0.408543, -0.608993, -0.679868, -0.038345, 0.0, 0.0, 0.0, 1.0],
                [0.90798, -0.195204, -0.370765, 0.113308, 0.093081, -0.76878, 0.632703, 0.033439, -0.408543, -0.608993, -0.679868, -0.038345, 0.0, 0.0, 0.0, 1.0],
                [0.90798, -0.195204, -0.370765, 0.113308, 0.093081, -0.76878, 0.632703, 0.033439, -0.408543, -0.608993, -0.679868, -0.038345, 0.0, 0.0, 0.0, 1.0],
                [0.90798, -0.195204, -0.370765, 0.113308, 0.093081, -0.76878, 0.632703, 0.033439, -0.408543, -0.608993, -0.679868, -0.038345, 0.0, 0.0, 0.0, 1.0],
                [0.90798, -0.195204, -0.370765, 0.113308, 0.093081, -0.76878, 0.632703, 0.033439, -0.408543, -0.608993, -0.679868, -0.038345, 0.0, 0.0, 0.0, 1.0],
                [0.908937, -0.193873, -0.369116, 0.113329, 0.092406, -0.76962, 0.631779, 0.033373, -0.406565, -0.608356, -0.681621, -0.038275, 0.0, 0.0, 0.0, 1.0],
                [0.911721, -0.189972, -0.364247, 0.113392, 0.090438, -0.772086, 0.629049, 0.033177, -0.400732, -0.606459, -0.686747, -0.038067, 0.0, 0.0, 0.0, 1.0],
                [0.916176, -0.183637, -0.356229, 0.113495, 0.087278, -0.776095, 0.624546, 0.032858, -0.391157, -0.603285, -0.695013, -0.037731, 0.0, 0.0, 0.0, 1.0],
                [0.922111, -0.175007, -0.345084, 0.113635, 0.083045, -0.781565, 0.618271, 0.032424, -0.377908, -0.598772, -0.706157, -0.037272, 0.0, 0.0, 0.0, 1.0],
                [0.929302, -0.16423, -0.330796, 0.11381, 0.077877, -0.788411, 0.610199, 0.031881, -0.361016, -0.592821, -0.719882, -0.036698, 0.0, 0.0, 0.0, 1.0],
                [0.937491, -0.151463, -0.31332, 0.114017, 0.071932, -0.796541, 0.600289, 0.031236, -0.340494, -0.585304, -0.735855, -0.036017, 0.0, 0.0, 0.0, 1.0],
                [0.946388, -0.136882, -0.292597, 0.114256, 0.065387, -0.805858, 0.588488, 0.030496, -0.316345, -0.57607, -0.753704, -0.035234, 0.0, 0.0, 0.0, 1.0],
                [0.955672, -0.120681, -0.268565, 0.114523, 0.058438, -0.816249, 0.574736, 0.029667, -0.288576, -0.564954, -0.773014, -0.034359, 0.0, 0.0, 0.0, 1.0],
                [0.964992, -0.103079, -0.241172, 0.114816, 0.0513, -0.82759, 0.558984, 0.028757, -0.257212, -0.551787, -0.79333, -0.033397, 0.0, 0.0, 0.0, 1.0],
                [0.973974, -0.084322, -0.210392, 0.115134, 0.044204, -0.839738, 0.54119, 0.027772, -0.222308, -0.536405, -0.814155, -0.032356, 0.0, 0.0, 0.0, 1.0],
                [0.982221, -0.064684, -0.176233, 0.115473, 0.037396, -0.852532, 0.521335, 0.026719, -0.183966, -0.518657, -0.834956, -0.031244, 0.0, 0.0, 0.0, 1.0],
                [0.989327, -0.044469, -0.138757, 0.115832, 0.031131, -0.865794, 0.499432, 0.025605, -0.142344, -0.498421, -0.855169, -0.030065, 0.0, 0.0, 0.0, 1.0],
                [0.994888, -0.024006, -0.09809, 0.116209, 0.025666, -0.879326, 0.475529, 0.024437, -0.097668, -0.475615, -0.874214, -0.02883, 0.0, 0.0, 0.0, 1.0],
                [0.998511, -0.003645, -0.054428, 0.1166, 0.021254, -0.892917, 0.449719, 0.02322, -0.050239, -0.450207, -0.89151, -0.027545, 0.0, 0.0, 0.0, 1.0],
                [0.999835, 0.016254, -0.008052, 0.117005, 0.018133, -0.906346, 0.422147, 0.021963, -0.000436, -0.422224, -0.906491, -0.026217, 0.0, 0.0, 0.0, 1.0],
                [0.998547, 0.035327, 0.04068, 0.117421, 0.016516, -0.919386, 0.393008, 0.020672, 0.051285, -0.391766, -0.918635, -0.024852, 0.0, 0.0, 0.0, 1.0],
                [0.994397, 0.053225, 0.091328, 0.117846, 0.016578, -0.931817, 0.362548, 0.019354, 0.104398, -0.359003, -0.927479, -0.023459, 0.0, 0.0, 0.0, 1.0],
                [0.987215, 0.069621, 0.143383, 0.118277, 0.01845, -0.943429, 0.331059, 0.018016, 0.158321, -0.324181, -0.932653, -0.022044, 0.0, 0.0, 0.0, 1.0],
                [0.976923, 0.084233, 0.196283, 0.118713, 0.02221, -0.954034, 0.298873, 0.016663, 0.212435, -0.287616, -0.933889, -0.020614, 0.0, 0.0, 0.0, 1.0],
                [0.96354, 0.096828, 0.249428, 0.119151, 0.027873, -0.963474, 0.266348, 0.015304, 0.266107, -0.249684, -0.931045, -0.019179, 0.0, 0.0, 0.0, 1.0],
                [0.947191, 0.107241, 0.302206, 0.119589, 0.035395, -0.971627, 0.233855, 0.013945, 0.318711, -0.210809, -0.924112, -0.017742, 0.0, 0.0, 0.0, 1.0],
                [0.928093, 0.115377, 0.354021, 0.120025, 0.044668, -0.978414, 0.201767, 0.012593, 0.369658, -0.171445, -0.913214, -0.016313, 0.0, 0.0, 0.0, 1.0],
                [0.906555, 0.121214, 0.404307, 0.120456, 0.055531, -0.983802, 0.170437, 0.011255, 0.418418, -0.132059, -0.898603, -0.014899, 0.0, 0.0, 0.0, 1.0],
                [0.882957, 0.124808, 0.45256, 0.12088, 0.067773, -0.987802, 0.140191, 0.009936, 0.464536, -0.093112, -0.880645, -0.013505, 0.0, 0.0, 0.0, 1.0],
                [0.857733, 0.126278, 0.498345, 0.121296, 0.081144, -0.990466, 0.111316, 0.008645, 0.507651, -0.055041, -0.859803, -0.012142, 0.0, 0.0, 0.0, 1.0],
                [0.831356, 0.125804, 0.541314, 0.121701, 0.095371, -0.991887, 0.084047, 0.007388, 0.547496, -0.018248, -0.836609, -0.010813, 0.0, 0.0, 0.0, 1.0],
                [0.804313, 0.123614, 0.581206, 0.122093, 0.110163, -0.992186, 0.058573, 0.006172, 0.583905, 0.016917, -0.811646, -0.009527, 0.0, 0.0, 0.0, 1.0],
                [0.777092, 0.119971, 0.617847, 0.12247, 0.125226, -0.991509, 0.035025, 0.005004, 0.616803, 0.050153, -0.785518, -0.008292, 0.0, 0.0, 0.0, 1.0],
                [0.750164, 0.11516, 0.651146, 0.122829, 0.140274, -0.990021, 0.013488, 0.003889, 0.646202, 0.08122, -0.758832, -0.007114, 0.0, 0.0, 0.0, 1.0],
                [0.723975, 0.109479, 0.681083, 0.123168, 0.15503, -0.987891, -0.005997, 0.002837, 0.67218, 0.10993, -0.732181, -0.006001, 0.0, 0.0, 0.0, 1.0],
                [0.698935, 0.103224, 0.707696, 0.123485, 0.169238, -0.985296, -0.023429, 0.001852, 0.694872, 0.136144, -0.706128, -0.00496, 0.0, 0.0, 0.0, 1.0],
                [0.675418, 0.096684, 0.73107, 0.123779, 0.182663, -0.982408, -0.038834, 0.000941, 0.714454, 0.159768, -0.681197, -0.003999, 0.0, 0.0, 0.0, 1.0],
                [0.653757, 0.090137, 0.751317, 0.124045, 0.195091, -0.979392, -0.052259, 0.000113, 0.731123, 0.18074, -0.657869, -0.003123, 0.0, 0.0, 0.0, 1.0],
                [0.63425, 0.083838, 0.768569, 0.124284, 0.206333, -0.976402, -0.063763, -0.000627, 0.745087, 0.199023, -0.636581, -0.002341, 0.0, 0.0, 0.0, 1.0],
                [0.617161, 0.078025, 0.782958, 0.124492, 0.216216, -0.973582, -0.07341, -0.001272, 0.756546, 0.214594, -0.617727, -0.001658, 0.0, 0.0, 0.0, 1.0],
                [0.602729, 0.072908, 0.794608, 0.124667, 0.224588, -0.97106, -0.081257, -0.001815, 0.765687, 0.227436, -0.601661, -0.001085, 0.0, 0.0, 0.0, 1.0],
                [0.591169, 0.068679, 0.803618, 0.124806, 0.231311, -0.96895, -0.087352, -0.002249, 0.772667, 0.237525, -0.588699, -0.000627, 0.0, 0.0, 0.0, 1.0],
                [0.58268, 0.0655, 0.810058, 0.124909, 0.236256, -0.967352, -0.091721, -0.002568, 0.777604, 0.244825, -0.579131, -0.00029, 0.0, 0.0, 0.0, 1.0],
                [0.577451, 0.063513, 0.813951, 0.124972, 0.239305, -0.966347, -0.094369, -0.002764, 0.780566, 0.249276, -0.573218, -8.2e-05, 0.0, 0.0, 0.0, 1.0],
