{
    "armature": {
        "joints": ["Root", "Thigh_R", "Leg_R", "Knee_R", "Thigh_L", "Leg_L", "Knee_L", "Torso", "Chest", "Head", "Shoulder_R", "Arm_R", "Hand_R", "Tool_R", "Elbow_R", "Shoulder_L", "Arm_L", "Hand_L", "Tool_L", "Elbow_L"],
        "hierarchy": [
            {
                "name": "Root",
                "transform": [1.0, 0.0, 0.0, -5e-06, 0.0, 0.0, -1.0, 0.000946, 0.0, 1.0, 0.0, 0.763972, 0.0, 0.0, 0.0, 1.0],
                "children": [
                    {
                        "name": "Thigh_R",
                        "transform": [1.0, -0.0, -0.0, 0.124994, -0.0, -1.0, 0.0, -0.002831, -0.0, -0.0, -1.0, -1.2e-05, 0.0, 0.0, 0.0, 1.0],
                        "children": [
                            {
                                "name": "Leg_R",
                                "transform": [1.0, 0.0, 1e-06, 0.0, -0.0, 1.0, 0.0, 0.37472, -1e-06, -0.0, 1.0, -0.0, 0.0, 0.0, 0.0, 1.0],
                                "children": []
                            },
                            {
                                "name": "Knee_R",
                                "transform": [1.0, 0.0, -0.0, 0.0, -0.0, 0.0, -1.0, 0.37472, -0.0, 1.0, 0.0, -0.0, 0.0, 0.0, 0.0, 1.0],
                                "children": []
                            }
                        ]
                    },
                    {
                        "name": "Thigh_L",
                        "transform": [1.0, -0.0, -0.0, -0.125006, -0.0, -1.0, 0.0, -0.002831, -0.0, -0.0, -1.0, -1.2e-05, 0.0, 0.0, 0.0, 1.0],
                        "children": [
                            {
                                "name": "Leg_L",
                                "transform": [1.0, 0.0, 1e-06, -0.0, -0.0, 1.0, 0.0, 0.37472, -1e-06, -0.0, 1.0, 0.0, 0.0, 0.0, 0.0, 1.0],
                                "children": []
                            },
                            {
                                "name": "Knee_L",
                                "transform": [1.0, 0.0, -0.0, -0.0, -0.0, 0.0, -1.0, 0.37472, -0.0, 1.0, 0.0, 0.0, 0.0, 0.0, 0.0, 1.0],
                                "children": []
                            }
                        ]
                    },
                    {
                        "name": "Torso",
                        "transform": [1.0, 0.0, 0.0, 0.0, 0.0, 1.0, 0.0, 0.05, 0.0, 0.0, 1.0, 0.0, 0.0, 0.0, 0.0, 1.0],
                        "children": [
                            {
                                "name": "Chest",
                                "transform": [1.0, 0.0, 0.0, 0.0, 0.0, 1.0, 0.0, 0.3, 0.0, 0.0, 1.0, 0.0, 0.0, 0.0, 0.0, 1.0],
                                "children": [
                                    {
                                        "name": "Head",
                                        "transform": [1.0, 0.0, 0.0, 0.0, 0.0, 1.0, 0.0, 0.4, 0.0, 0.0, 1.0, 0.0, 0.0, 0.0, 0.0, 1.0],
                                        "children": []
                                    },
                                    {
                                        "name": "Shoulder_R",
                                        "transform": [0.0, 0.952114, 0.305743, 0.0, 0.0, -0.305743, 0.952114, 0.4, 1.0, 0.0, -0.0, 0.0, 0.0, 0.0, 0.0, 1.0],
                                        "children": [
                                            {
                                                "name": "Arm_R",
                                                "transform": [0.0, -0.0, -1.0, -0.0, 0.952114, 0.305743, 0.0, 0.39386, 0.305743, -0.952114, 0.0, 0.0, 0.0, 0.0, 0.0, 1.0],
                                                "children": [
                                                    {
                                                        "name": "Hand_R",
                                                        "transform": [1.0, 0.0, 0.0, 0.0, -0.0, 0.993938, 0.109947, 0.3, -0.0, -0.109947, 0.993937, 0.0, 0.0, 0.0, 0.0, 1.0],
                                                        "children": [
                                                            {
                                                                "name": "Tool_R",
                                                                "transform": [1.0, 0.0, 0.0, -0.0, 0.0, -0.999836, 0.018122, 0.272858, 0.0, -0.018122, -0.999836, 0.0, 0.0, 0.0, 0.0, 1.0],
                                                                "children": []
                                                            }
                                                        ]
                                                    },
                                                    {
                                                        "name": "Elbow_R",
                                                        "transform": [-1.0, 0.0, -0.0, 0.0, 0.0, 0.0, -1.0, 0.3, -0.0, -1.0, -0.0, 0.0, 0.0, 0.0, 0.0, 1.0],
                                                        "children": []
                                                    }
                                                ]
                                            }
                                        ]
                                    },
                                    {
                                        "name": "Shoulder_L",
                                        "transform": [-0.0, -0.952114, -0.305743, 0.0, 0.0, -0.305743, 0.952114, 0.4, -1.0, 0.0, 0.0, 0.0, 0.0, 0.0, 0.0, 1.0],
                                        "children": [
                                            {
                                                "name": "Arm_L",
                                                "transform": [-0.0, -0.0, 1.0, -0.0, -0.952114, 0.305743, -0.0, 0.39386, -0.305743, -0.952114, -0.0, 0.0, 0.0, 0.0, 0.0, 1.0],
                                                "children": [
                                                    {
                                                        "name": "Hand_L",
                                                        "transform": [1.0, -0.0, 0.0, -0.0, 0.0, 0.993937, 0.109947, 0.3, -0.0, -0.109947, 0.993937, 0.0, 0.0, 0.0, 0.0, 1.0],
                                                        "children": [
                                                            {
                                                                "name": "Tool_L",
                                                                "transform": [1.0, 0.0, 0.0, -0.0, -0.0, -0.999836, 0.018122, 0.272858, 0.0, -0.018122, -0.999836, -0.0, 0.0, 0.0, 0.0, 1.0],
                                                                "children": []
                                                            }
                                                        ]
                                                    },
                                                    {
                                                        "name": "Elbow_L",
                                                        "transform": [-1.0, 0.0, -0.0, -0.0, 0.0, -0.0, -1.0, 0.3, -0.0, -1.0, 0.0, 0.0, 0.0, 0.0, 0.0, 1.0],
                                                        "children": []
                                                    }
                                                ]
                                            }
                                        ]
                                    }
                                ]
                            }
                        ]
                    }
                ]
            }
        ]
    },
    "animation": [
        {
            "name": "Root",
            "time": [0.0, 0.0167, 0.0333, 0.05, 0.0667, 0.0833, 0.1, 0.1167, 0.1333, 0.15, 0.1667, 0.1833, 0.2, 0.2167, 0.2333, 0.25, 0.2667, 0.2833, 0.3, 0.3167, 0.3333, 0.35, 0.3667, 0.3833, 0.4, 0.4167, 0.4333, 0.45, 0.4667, 0.4833, 0.5, 0.5167, 0.5333, 0.55, 0.5667, 0.5833, 0.6, 0.6167, 0.6333, 0.65, 0.6667, 0.6833, 0.7, 0.7167, 0.7333, 0.75, 0.7667, 0.7833, 0.8, 0.8167, 0.8333, 0.85, 0.8667, 0.8833, 0.9, 0.9167, 0.9333, 0.95, 0.9667, 0.9833, 1.0, 1.0167, 1.0333, 1.05, 1.0667, 1.0833, 1.1, 1.1167, 1.1333, 1.15, 1.1667, 1.1833, 1.2, 1.2167, 1.2333, 1.25, 1.2667, 1.2833, 1.3, 1.3167, 1.3333, 1.35, 1.3667, 1.3833, 1.4, 1.4167, 1.4333, 1.45, 1.4667, 1.4833, 1.5, 1.5167, 1.5333, 1.55, 1.5667, 1.5833, 1.6, 1.6167, 1.6333, 1.65, 1.6667, 1.6833, 1.7, 1.7167, 1.7333, 1.75, 1.7667, 1.7833, 1.8, 1.8167, 1.8333, 1.85, 1.8667, 1.8833, 1.9, 1.9167, 1.9333, 1.95, 1.9667, 1.9833, 2.0, 2.0167, 2.0333, 2.05, 2.0667, 2.0833, 2.1, 2.1167, 2.1333, 2.15, 2.1667, 2.1833, 2.2, 2.2167, 2.2333, 2.25, 2.2667, 2.2833, 2.3, 2.3167, 2.3333, 2.35, 2.3667, 2.3833, 2.4, 2.4167, 2.4333, 2.45, 2.4667, 2.4833, 2.5, 2.5167, 2.5333, 2.6167],
            "transform": [
                [1.0, 0.0, 0.0, -5e-06, 0.0, 0.0, -1.0, -0.002071, 0.0, 1.0, 0.0, 0.688546, 0.0, 0.0, 0.0, 1.0],
                [1.0, 0.0, 0.0, -5e-06, 0.0, 0.0, -1.0, -0.002071, 0.0, 1.0, 0.0, 0.688546, 0.0, 0.0, 0.0, 1.0],
                [1.0, 0.0, 0.0, -5e-06, 0.0, 0.0, -1.0, -0.002071, 0.0, 1.0, 0.0, 0.688546, 0.0, 0.0, 0.0, 1.0],
                [1.0, 0.0, 0.0, -5e-06, 0.0, 0.0, -1.0, -0.002071, 0.0, 1.0, 0.0, 0.688546, 0.0, 0.0, 0.0, 1.0],
                [1.0, 0.0, 0.0, -5e-06, 0.0, 0.0, -1.0, -0.002071, 0.0, 1.0, 0.0, 0.688546, 0.0, 0.0, 0.0, 1.0],
                [1.0, 0.0, 0.0, -5e-06, 0.0, 0.0, -1.0, -0.002071, 0.0, 1.0, 0.0, 0.688546, 0.0, 0.0, 0.0, 1.0],
                [1.0, 0.0, 0.0, -5e-06, 0.0, 0.0, -1.0, -0.002071, 0.0, 1.0, 0.0, 0.688546, 0.0, 0.0, 0.0, 1.0],
                [1.0, 0.0, 0.0, -5e-06, 0.0, 0.0, -1.0, -0.002071, 0.0, 1.0, 0.0, 0.688546, 0.0, 0.0, 0.0, 1.0],
                [1.0, 0.0, 0.0, -5e-06, 0.0, 0.0, -1.0, -0.002071, 0.0, 1.0, 0.0, 0.688546, 0.0, 0.0, 0.0, 1.0],
                [1.0, 0.0, 0.0, -5e-06, 0.0, 0.0, -1.0, -0.002071, 0.0, 1.0, 0.0, 0.688546, 0.0, 0.0, 0.0, 1.0],
                [1.0, 0.0, 0.0, -5e-06, 0.0, 0.0, -1.0, -0.002071, 0.0, 1.0, 0.0, 0.688546, 0.0, 0.0, 0.0, 1.0],
                [1.0, 0.0, 0.0, -5e-06, 0.0, 0.0, -1.0, -0.002071, 0.0, 1.0, 0.0, 0.688546, 0.0, 0.0, 0.0, 1.0],
                [1.0, 0.0, 0.0, -5e-06, 0.0, 0.0, -1.0, -0.002071, 0.0, 1.0, 0.0, 0.688546, 0.0, 0.0, 0.0, 1.0],
                [1.0, 0.0, 0.0, -5e-06, 0.0, 0.0, -1.0, -0.002071, 0.0, 1.0, 0.0, 0.688546, 0.0, 0.0, 0.0, 1.0],
                [1.0, 0.0, 0.0, -5e-06, 0.0, 0.0, -1.0, -0.002071, 0.0, 1.0, 0.0, 0.688546, 0.0, 0.0, 0.0, 1.0],
                [1.0, 0.0, 0.0, -5e-06, 0.0, 0.0, -1.0, -0.002071, 0.0, 1.0, 0.0, 0.688546, 0.0, 0.0, 0.0, 1.0],
                [1.0, 0.0, 0.0, -5e-06, 0.0, 0.0, -1.0, -0.002071, 0.0, 1.0, 0.0, 0.688546, 0.0, 0.0, 0.0, 1.0],
                [1.0, 0.0, 0.0, -5e-06, 0.0, 0.0, -1.0, -0.002071, 0.0, 1.0, 0.0, 0.688546, 0.0, 0.0, 0.0, 1.0],
                [1.0, 0.0, 0.0, -5e-06, 0.0, 0.0, -1.0, -0.002071, 0.0, 1.0, 0.0, 0.688546, 0.0, 0.0, 0.0, 1.0],
                [1.0, 0.0, 0.0, -5e-06, 0.0, 0.0, -1.0, -0.002071, 0.0, 1.0, 0.0, 0.688546, 0.0, 0.0, 0.0, 1.0],
                [1.0, 0.0, 0.0, -5e-06, 0.0, 0.0, -1.0, -0.002071, 0.0, 1.0, 0.0, 0.688546, 0.0, 0.0, 0.0, 1.0],
                [1.0, 0.0, 0.0, -5e-06, 0.0, 0.0, -1.0, -0.002071, 0.0, 1.0, 0.0, 0.688546, 0.0, 0.0, 0.0, 1.0],
                [1.0, 0.0, 0.0, -5e-06, 0.0, 0.0, -1.0, -0.002071, 0.0, 1.0, 0.0, 0.688546, 0.0, 0.0, 0.0, 1.0],
                [1.0, 0.0, 0.0, -5e-06, 0.0, 0.0, -1.0, -0.002071, 0.0, 1.0, 0.0, 0.688546, 0.0, 0.0, 0.0, 1.0],
                [1.0, 0.0, 0.0, -5e-06, 0.0, 0.0, -1.0, -0.002071, 0.0, 1.0, 0.0, 0.688546, 0.0, 0.0, 0.0, 1.0],
                [1.0, 0.0, 0.0, -5e-06, 0.0, 0.0, -1.0, -0.002071, 0.0, 1.0, 0.0, 0.688546, 0.0, 0.0, 0.0, 1.0],
                [1.0, 0.0, 0.0, -5e-06, 0.0, 0.0, -1.0, -0.002071, 0.0, 1.0, 0.0, 0.688546, 0.0, 0.0, 0.0, 1.0],
                [1.0, 0.0, 0.0, -5e-06, 0.0, 0.0, -1.0, -0.002071, 0.0, 1.0, 0.0, 0.688546, 0.0, 0.0, 0.0, 1.0],
                [1.0, 0.0, 0.0, -5e-06, 0.0, 0.0, -1.0, -0.002071, 0.0, 1.0, 0.0, 0.688546, 0.0, 0.0, 0.0, 1.0],
                [1.0, 0.0, 0.0, -5e-06, 0.0, 0.0, -1.0, -0.002071, 0.0, 1.0, 0.0, 0.688546, 0.0, 0.0, 0.0, 1.0],
                [1.0, 0.0, 0.0, -5e-06, 0.0, 0.0, -1.0, -0.002071, 0.0, 1.0, 0.0, 0.722016, 0.0, 0.0, 0.0, 1.0],
                [1.0, 0.0, 0.0, -5e-06, 0.0, 0.0, -1.0, -0.002071, 0.0, 1.0, 0.0, 0.811718, 0.0, 0.0, 0.0, 1.0],
                [1.0, 0.0, 0.0, -5e-06, 0.0, 0.0, -1.0, -0.002071, 0.0, 1.0, 0.0, 0.941586, 0.0, 0.0, 0.0, 1.0],
                [1.0, 0.0, 0.0, -5e-06, 0.0, 0.0, -1.0, -0.002071, 0.0, 1.0, 0.0, 1.095552, 0.0, 0.0, 0.0, 1.0],
                [1.0, 0.0, 0.0, -5e-06, 0.0, 0.0, -1.0, -0.002071, 0.0, 1.0, 0.0, 1.257551, 0.0, 0.0, 0.0, 1.0],
                [1.0, 0.0, 0.0, -5e-06, 0.0, 0.0, -1.0, -0.002071, 0.0, 1.0, 0.0, 1.411517, 0.0, 0.0, 0.0, 1.0],
                [1.0, 0.0, 0.0, -5e-06, 0.0, 0.0, -1.0, -0.002071, 0.0, 1.0, 0.0, 1.541384, 0.0, 0.0, 0.0, 1.0],
                [1.0, 0.0, 0.0, -5e-06, 0.0, 0.0, -1.0, -0.002071, 0.0, 1.0, 0.0, 1.631086, 0.0, 0.0, 0.0, 1.0],
                [1.0, 0.0, 0.0, -5e-06, 0.0, 0.0, -1.0, -0.002071, 0.0, 1.0, 0.0, 1.664557, 0.0, 0.0, 0.0, 1.0],
                [1.0, 0.0, 0.0, -5e-06, 0.0, 0.0, -1.0, -0.002071, 0.0, 1.0, 0.0, 1.662492, 0.0, 0.0, 0.0, 1.0],
                [1.0, 0.0, 0.0, -5e-06, 0.0, 0.0, -1.0, -0.002071, 0.0, 1.0, 0.0, 1.656712, 0.0, 0.0, 0.0, 1.0],
                [1.0, 0.0, 0.0, -5e-06, 0.0, 0.0, -1.0, -0.002071, 0.0, 1.0, 0.0, 1.647835, 0.0, 0.0, 0.0, 1.0],
                [1.0, 0.0, 0.0, -5e-06, 0.0, 0.0, -1.0, -0.002071, 0.0, 1.0, 0.0, 1.63648, 0.0, 0.0, 0.0, 1.0],
                [1.0, 0.0, 0.0, -5e-06, 0.0, 0.0, -1.0, -0.002071, 0.0, 1.0, 0.0, 1.623267, 0.0, 0.0, 0.0, 1.0],
                [1.0, 0.0, 0.0, -5e-06, 0.0, 0.0, -1.0, -0.002071, 0.0, 1.0, 0.0, 1.608816, 0.0, 0.0, 0.0, 1.0],
                [1.0, 0.0, 0.0, -5e-06, 0.0, 0.0, -1.0, -0.002071, 0.0, 1.0, 0.0, 1.593745, 0.0, 0.0, 0.0, 1.0],
                [1.0, 0.0, 0.0, -5e-06, 0.0, 0.0, -1.0, -0.002071, 0.0, 1.0, 0.0, 1.578674, 0.0, 0.0, 0.0, 1.0],
                [1.0, 0.0, 0.0, -5e-06, 0.0, 0.0, -1.0, -0.002071, 0.0, 1.0, 0.0, 1.564223, 0.0, 0.0, 0.0, 1.0],
                [1.0, 0.0, 0.0, -5e-06, 0.0, 0.0, -1.0, -0.002071, 0.0, 1.0, 0.0, 1.55101, 0.0, 0.0, 0.0, 1.0],
                [1.0, 0.0, 0.0, -5e-06, 0.0, 0.0, -1.0, -0.002071, 0.0, 1.0, 0.0, 1.539656, 0.0, 0.0, 0.0, 1.0],
                [1.0, 0.0, 0.0, -5e-06, 0.0, 0.0, -1.0, -0.002071, 0.0, 1.0, 0.0, 1.530779, 0.0, 0.0, 0.0, 1.0],
                [1.0, 0.0, 0.0, -5e-06, 0.0, 0.0, -1.0, -0.002071, 0.0, 1.0, 0.0, 1.524998, 0.0, 0.0, 0.0, 1.0],
                [1.0, 0.0, 0.0, -5e-06, 0.0, 0.0, -1.0, -0.002071, 0.0, 1.0, 0.0, 1.522933, 0.0, 0.0, 0.0, 1.0],
                [1.0, 0.0, 0.0, -5e-06, 0.0, 0.0, -1.0, 0.029014, 0.0, 1.0, 0.0, 1.540725, 0.0, 0.0, 0.0, 1.0],
                [1.0, 0.0, 0.0, -5e-06, 0.0, 0.0, -1.0, 0.113933, 0.0, 1.0, 0.0, 1.588408, 0.0, 0.0, 0.0, 1.0],
                [1.0, 0.0, 0.0, -5e-06, 0.0, 0.0, -1.0, 0.240177, 0.0, 1.0, 0.0, 1.657441, 0.0, 0.0, 0.0, 1.0],
                [1.0, 0.0, 0.0, -5e-06, 0.0, 0.0, -1.0, 0.395241, 0.0, 1.0, 0.0, 1.739284, 0.0, 0.0, 0.0, 1.0],
                [1.0, 0.0, 0.0, -5e-06, 0.0, 0.0, -1.0, 0.566618, 0.0, 1.0, 0.0, 1.825397, 0.0, 0.0, 0.0, 1.0],
                [1.0, 0.0, 0.0, -5e-06, 0.0, 0.0, -1.0, 0.7418, 0.0, 1.0, 0.0, 1.90724, 0.0, 0.0, 0.0, 1.0],
                [1.0, 0.0, 0.0, -5e-06, 0.0, 0.0, -1.0, 0.908282, 0.0, 1.0, 0.0, 1.976273, 0.0, 0.0, 0.0, 1.0],
                [1.0, 0.0, 0.0, -5e-06, 0.0, 0.0, -1.0, 1.053556, 0.0, 1.0, 0.0, 2.023955, 0.0, 0.0, 0.0, 1.0],
                [1.0, 0.0, 0.0, -5e-06, 0.0, 0.0, -1.0, 1.165116, 0.0, 1.0, 0.0, 2.041747, 0.0, 0.0, 0.0, 1.0],
                [1.0, 0.0, 0.0, -5e-06, 0.0, 0.0, -1.0, 1.249337, 0.0, 1.0, 0.0, 2.039242, 0.0, 0.0, 0.0, 1.0],
                [1.0, 0.0, 0.0, -5e-06, 0.0, 0.0, -1.0, 1.321549, 0.0, 1.0, 0.0, 2.032228, 0.0, 0.0, 0.0, 1.0],
                [1.0, 0.0, 0.0, -5e-06, 0.0, 0.0, -1.0, 1.382675, 0.0, 1.0, 0.0, 2.021457, 0.0, 0.0, 0.0, 1.0],
                [1.0, 0.0, 0.0, -5e-06, 0.0, 0.0, -1.0, 1.433638, 0.0, 1.0, 0.0, 2.00768, 0.0, 0.0, 0.0, 1.0],
                [1.0, 0.0, 0.0, -5e-06, 0.0, 0.0, -1.0, 1.475364, 0.0, 1.0, 0.0, 1.991648, 0.0, 0.0, 0.0, 1.0],
                [1.0, 0.0, 0.0, -5e-06, 0.0, 0.0, -1.0, 1.508775, 0.0, 1.0, 0.0, 1.974113, 0.0, 0.0, 0.0, 1.0],
                [1.0, 0.0, 0.0, -5e-06, 0.0, 0.0, -1.0, 1.534796, 0.0, 1.0, 0.0, 1.955827, 0.0, 0.0, 0.0, 1.0],
                [1.0, 0.0, 0.0, -5e-06, 0.0, 0.0, -1.0, 1.55435, 0.0, 1.0, 0.0, 1.937541, 0.0, 0.0, 0.0, 1.0],
                [1.0, 0.0, 0.0, -5e-06, 0.0, 0.0, -1.0, 1.568361, 0.0, 1.0, 0.0, 1.920006, 0.0, 0.0, 0.0, 1.0],
                [1.0, 0.0, 0.0, -5e-06, 0.0, 0.0, -1.0, 1.577753, 0.0, 1.0, 0.0, 1.903974, 0.0, 0.0, 0.0, 1.0],
                [1.0, 0.0, 0.0, -5e-06, 0.0, 0.0, -1.0, 1.58345, 0.0, 1.0, 0.0, 1.890197, 0.0, 0.0, 0.0, 1.0],
                [1.0, 0.0, 0.0, -5e-06, 0.0, 0.0, -1.0, 1.586376, 0.0, 1.0, 0.0, 1.879426, 0.0, 0.0, 0.0, 1.0],
                [1.0, 0.0, 0.0, -5e-06, 0.0, 0.0, -1.0, 1.587453, 0.0, 1.0, 0.0, 1.872412, 0.0, 0.0, 0.0, 1.0],
                [1.0, 0.0, 0.0, -5e-06, 0.0, 0.0, -1.0, 1.587608, 0.0, 1.0, 0.0, 1.869907, 0.0, 0.0, 0.0, 1.0],
                [0.999999, 0.001385, -6.1e-05, -5e-06, -6e-05, -0.000691, -1.0, 1.587608, -0.001385, 0.999999, -0.000691, 1.881181, 0.0, 0.0, 0.0, 1.0],
                [0.999986, 0.005319, -0.000239, -5e-06, -0.000225, -0.002655, -0.999996, 1.587608, -0.00532, 0.999982, -0.002654, 1.91322, 0.0, 0.0, 0.0, 1.0],
                [0.999934, 0.011475, -0.000534, -5e-06, -0.000468, -0.00573, -0.999983, 1.587608, -0.011478, 0.999918, -0.005725, 1.963345, 0.0, 0.0, 0.0, 1.0],
                [0.999809, 0.019523, -0.000948, -5e-06, -0.000757, -0.009753, -0.999952, 1.587608, -0.019532, 0.999762, -0.009737, 2.028878, 0.0, 0.0, 0.0, 1.0],
                [0.999574, 0.029133, -0.001484, -5e-06, -0.00106, -0.014562, -0.999893, 1.587608, -0.029152, 0.999469, -0.014525, 2.107143, 0.0, 0.0, 0.0, 1.0],
                [0.999198, 0.039974, -0.002145, -5e-06, -0.001347, -0.019993, -0.999799, 1.587608, -0.040009, 0.999001, -0.019923, 2.195462, 0.0, 0.0, 0.0, 1.0],
                [0.998658, 0.051713, -0.002928, -5e-06, -0.001591, -0.02588, -0.999664, 1.587608, -0.051771, 0.998327, -0.025763, 2.291157, 0.0, 0.0, 0.0, 1.0],
                [0.997942, 0.064016, -0.003822, -5e-06, -0.001772, -0.032059, -0.999484, 1.587608, -0.064106, 0.997434, -0.03188, 2.391551, 0.0, 0.0, 0.0, 1.0],
                [0.997054, 0.076551, -0.004812, -5e-06, -0.001878, -0.038363, -0.999262, 1.587608, -0.07668, 0.996327, -0.038106, 2.493966, 0.0, 0.0, 0.0, 1.0],
                [0.996015, 0.088987, -0.005874, -5e-06, -0.001904, -0.044626, -0.999002, 1.587608, -0.08916, 0.995033, -0.044278, 2.595725, 0.0, 0.0, 0.0, 1.0],
                [0.994863, 0.100994, -0.006973, -5e-06, -0.001855, -0.05068, -0.998713, 1.587608, -0.101217, 0.993595, -0.050232, 2.69415, 0.0, 0.0, 0.0, 1.0],
                [0.993648, 0.112244, -0.008071, -5e-06, -0.001743, -0.056361, -0.998409, 1.587608, -0.112521, 0.992081, -0.055807, 2.786563, 0.0, 0.0, 0.0, 1.0],
                [0.992437, 0.122416, -0.009119, -5e-06, -0.001585, -0.061503, -0.998106, 1.587608, -0.122745, 0.990571, -0.060844, 2.870287, 0.0, 0.0, 0.0, 1.0],
                [0.991285, 0.13135, -0.010084, -5e-06, -0.001402, -0.066024, -0.997817, 1.587608, -0.131729, 0.989135, -0.065265, 2.943971, 0.0, 0.0, 0.0, 1.0],
                [0.99021, 0.139156, -0.010961, -5e-06, -0.001208, -0.069978, -0.997548, 1.587608, -0.139582, 0.987795, -0.069125, 3.008457, 0.0, 0.0, 0.0, 1.0],
                [0.989228, 0.145913, -0.011747, -5e-06, -0.001015, -0.073404, -0.997302, 1.587608, -0.146382, 0.98657, -0.072465, 3.064359, 0.0, 0.0, 0.0, 1.0],
                [0.988348, 0.151699, -0.012438, -5e-06, -0.000831, -0.076339, -0.997082, 1.587608, -0.152206, 0.985474, -0.075324, 3.11229, 0.0, 0.0, 0.0, 1.0],
                [0.987577, 0.156592, -0.013036, -5e-06, -0.000661, -0.078823, -0.996888, 1.587608, -0.157133, 0.984513, -0.07774, 3.152862, 0.0, 0.0, 0.0, 1.0],
                [0.986916, 0.160668, -0.013545, -5e-06, -0.00051, -0.080893, -0.996723, 1.587608, -0.161237, 0.983688, -0.079753, 3.186689, 0.0, 0.0, 0.0, 1.0],
                [0.986361, 0.164004, -0.013967, -5e-06, -0.00038, -0.082588, -0.996584, 1.587608, -0.164597, 0.982996, -0.081399, 3.214385, 0.0, 0.0, 0.0, 1.0],
                [0.985908, 0.166674, -0.01431, -5e-06, -0.000271, -0.083945, -0.99647, 1.587608, -0.167287, 0.982432, -0.082717, 3.236562, 0.0, 0.0, 0.0, 1.0],
                [0.98555, 0.168754, -0.014579, -5e-06, -0.000184, -0.085003, -0.996381, 1.587608, -0.169382, 0.981986, -0.083743, 3.253833, 0.0, 0.0, 0.0, 1.0],
                [0.985278, 0.170317, -0.014783, -5e-06, -0.000117, -0.085798, -0.996313, 1.587608, -0.170958, 0.981647, -0.084515, 3.266812, 0.0, 0.0, 0.0, 1.0],
                [0.985082, 0.171439, -0.01493, -5e-06, -6.9e-05, -0.086368, -0.996263, 1.587608, -0.172088, 0.981402, -0.085068, 3.276112, 0.0, 0.0, 0.0, 1.0],
                [0.984949, 0.172192, -0.015029, -5e-06, -3.5e-05, -0.086751, -0.99623, 1.587608, -0.172846, 0.981236, -0.085439, 3.282346, 0.0, 0.0, 0.0, 1.0],
                [0.984868, 0.17265, -0.01509, -5e-06, -1.5e-05, -0.086984, -0.99621, 1.587608, -0.173308, 0.981135, -0.085665, 3.286127, 0.0, 0.0, 0.0, 1.0],
                [0.984826, 0.172886, -0.015121, -5e-06, -5e-06, -0.087104, -0.996199, 1.587608, -0.173546, 0.981083, -0.085782, 3.288069, 0.0, 0.0, 0.0, 1.0],
                [0.98481, 0.172974, -0.015133, -5e-06, -1e-06, -0.087149, -0.996195, 1.587608, -0.173635, 0.981063, -0.085825, 3.288784, 0.0, 0.0, 0.0, 1.0],
                [0.984808, 0.172987, -0.015134, -5e-06, -0.0, -0.087156, -0.996195, 1.587608, -0.173648, 0.98106, -0.085832, 3.288886, 0.0, 0.0, 0.0, 1.0],
                [0.984808, 0.172987, -0.015134, -5e-06, -0.0, -0.087156, -0.996195, 1.587608, -0.173648, 0.98106, -0.085832, 3.28879, 0.0, 0.0, 0.0, 1.0],
                [0.984808, 0.172987, -0.015134, -5e-06, -0.0, -0.087156, -0.996195, 1.587608, -0.173648, 0.98106, -0.085832, 3.288504, 0.0, 0.0, 0.0, 1.0],
                [0.984808, 0.172987, -0.015134, -5e-06, -0.0, -0.087156, -0.996195, 1.587608, -0.173648, 0.98106, -0.085832, 3.288039, 0.0, 0.0, 0.0, 1.0],
                [0.984808, 0.172987, -0.015134, -5e-06, -0.0, -0.087156, -0.996195, 1.587608, -0.173648, 0.98106, -0.085832, 3.287402, 0.0, 0.0, 0.0, 1.0],
                [0.984808, 0.172987, -0.015134, -5e-06, -0.0, -0.087156, -0.996195, 1.587608, -0.173648, 0.98106, -0.085832, 3.286601, 0.0, 0.0, 0.0, 1.0],
                [0.984808, 0.172987, -0.015134, -5e-06, -0.0, -0.087156, -0.996195, 1.587608, -0.173648, 0.98106, -0.085832, 3.285645, 0.0, 0.0, 0.0, 1.0],
                [0.984808, 0.172987, -0.015134, -5e-06, -0.0, -0.087156, -0.996195, 1.587608, -0.173648, 0.98106, -0.085832, 3.284541, 0.0, 0.0, 0.0, 1.0],
                [0.984808, 0.172987, -0.015134, -5e-06, -0.0, -0.087156, -0.996195, 1.587608, -0.173648, 0.98106, -0.085832, 3.283298, 0.0, 0.0, 0.0, 1.0],
                [0.984808, 0.172987, -0.015134, -5e-06, -0.0, -0.087156, -0.996195, 1.587608, -0.173648, 0.98106, -0.085832, 3.281924, 0.0, 0.0, 0.0, 1.0],
                [0.984808, 0.172987, -0.015134, -5e-06, -0.0, -0.087156, -0.996195, 1.587608, -0.173648, 0.98106, -0.085832, 3.280427, 0.0, 0.0, 0.0, 1.0],
                [0.984808, 0.172987, -0.015134, -5e-06, -0.0, -0.087156, -0.996195, 1.587608, -0.173648, 0.98106, -0.085832, 3.278816, 0.0, 0.0, 0.0, 1.0],
                [0.984808, 0.172987, -0.015134, -5e-06, -0.0, -0.087156, -0.996195, 1.587608, -0.173648, 0.98106, -0.085832, 3.277098, 0.0, 0.0, 0.0, 1.0],
                [0.984808, 0.172987, -0.015134, -5e-06, -0.0, -0.087156, -0.996195, 1.587608, -0.173648, 0.98106, -0.085832, 3.275282, 0.0, 0.0, 0.0, 1.0],
                [0.984808, 0.172987, -0.015134, -5e-06, -0.0, -0.087156, -0.996195, 1.587608, -0.173648, 0.98106, -0.085832, 3.273376, 0.0, 0.0, 0.0, 1.0],
                [0.984808, 0.172987, -0.015134, -5e-06, -0.0, -0.087156, -0.996195, 1.587608, -0.173648, 0.98106, -0.085832, 3.271388, 0.0, 0.0, 0.0, 1.0],
                [0.984808, 0.172987, -0.015134, -5e-06, -0.0, -0.087156, -0.996195, 1.587608, -0.173648, 0.98106, -0.085832, 3.269326, 0.0, 0.0, 0.0, 1.0],
                [0.984808, 0.172987, -0.015134, -5e-06, -0.0, -0.087156, -0.996195, 1.587608, -0.173648, 0.98106, -0.085832, 3.267199, 0.0, 0.0, 0.0, 1.0],
                [0.984808, 0.172987, -0.015134, -5e-06, -0.0, -0.087156, -0.996195, 1.587608, -0.173648, 0.98106, -0.085832, 3.265015, 0.0, 0.0, 0.0, 1.0],
                [0.984808, 0.172987, -0.015134, -5e-06, -0.0, -0.087156, -0.996195, 1.587608, -0.173648, 0.98106, -0.085832, 3.262782, 0.0, 0.0, 0.0, 1.0],
                [0.984808, 0.172987, -0.015134, -5e-06, -0.0, -0.087156, -0.996195, 1.587608, -0.173648, 0.98106, -0.085832, 3.260507, 0.0, 0.0, 0.0, 1.0],
                [0.984808, 0.172987, -0.015134, -5e-06, -0.0, -0.087156, -0.996195, 1.587608, -0.173648, 0.98106, -0.085832, 3.2582, 0.0, 0.0, 0.0, 1.0],
                [0.984808, 0.172987, -0.015134, -5e-06, -0.0, -0.087156, -0.996195, 1.587608, -0.173648, 0.98106, -0.085832, 3.255868, 0.0, 0.0, 0.0, 1.0],
                [0.984808, 0.172987, -0.015134, -5e-06, -0.0, -0.087156, -0.996195, 1.587608, -0.173648, 0.98106, -0.085832, 3.25352, 0.0, 0.0, 0.0, 1.0],
                [0.984808, 0.172987, -0.015134, -5e-06, -0.0, -0.087156, -0.996195, 1.587608, -0.173648, 0.98106, -0.085832, 3.251164, 0.0, 0.0, 0.0, 1.0],
                [0.984808, 0.172987, -0.015134, -5e-06, -0.0, -0.087156, -0.996195, 1.587608, -0.173648, 0.98106, -0.085832, 3.248807, 0.0, 0.0, 0.0, 1.0],
                [0.984808, 0.172987, -0.015134, -5e-06, -0.0, -0.087156, -0.996195, 1.587608, -0.173648, 0.98106, -0.085832, 3.246459, 0.0, 0.0, 0.0, 1.0],
                [0.984808, 0.172987, -0.015134, -5e-06, -0.0, -0.087156, -0.996195, 1.587608, -0.173648, 0.98106, -0.085832, 3.244128, 0.0, 0.0, 0.0, 1.0],
                [0.984808, 0.172987, -0.015134, -5e-06, -0.0, -0.087156, -0.996195, 1.587608, -0.173648, 0.98106, -0.085832, 3.241821, 0.0, 0.0, 0.0, 1.0],
                [0.984808, 0.172987, -0.015134, -5e-06, -0.0, -0.087156, -0.996195, 1.587608, -0.173648, 0.98106, -0.085832, 3.239546, 0.0, 0.0, 0.0, 1.0],
                [0.984808, 0.172987, -0.015134, -5e-06, -0.0, -0.087156, -0.996195, 1.587608, -0.173648, 0.98106, -0.085832, 3.237313, 0.0, 0.0, 0.0, 1.0],
                [0.984808, 0.172987, -0.015134, -5e-06, -0.0, -0.087156, -0.996195, 1.587608, -0.173648, 0.98106, -0.085832, 3.235128, 0.0, 0.0, 0.0, 1.0],
                [0.984808, 0.172987, -0.015134, -5e-06, -0.0, -0.087156, -0.996195, 1.587608, -0.173648, 0.98106, -0.085832, 3.233001, 0.0, 0.0, 0.0, 1.0],
                [0.984808, 0.172987, -0.015134, -5e-06, -0.0, -0.087156, -0.996195, 1.587608, -0.173648, 0.98106, -0.085832, 3.230939, 0.0, 0.0, 0.0, 1.0],
                [0.984808, 0.172987, -0.015134, -5e-06, -0.0, -0.087156, -0.996195, 1.587608, -0.173648, 0.98106, -0.085832, 3.228951, 0.0, 0.0, 0.0, 1.0],
                [0.984808, 0.172987, -0.015134, -5e-06, -0.0, -0.087156, -0.996195, 1.587608, -0.173648, 0.98106, -0.085832, 3.227046, 0.0, 0.0, 0.0, 1.0],
                [0.984808, 0.172987, -0.015134, -5e-06, -0.0, -0.087156, -0.996195, 1.587608, -0.173648, 0.98106, -0.085832, 3.22523, 0.0, 0.0, 0.0, 1.0],
                [0.984808, 0.172987, -0.015134, -5e-06, -0.0, -0.087156, -0.996195, 1.587608, -0.173648, 0.98106, -0.085832, 3.223512, 0.0, 0.0, 0.0, 1.0],
                [0.984808, 0.172987, -0.015134, -5e-06, -0.0, -0.087156, -0.996195, 1.587608, -0.173648, 0.98106, -0.085832, 3.2219, 0.0, 0.0, 0.0, 1.0],
                [0.984808, 0.172987, -0.015134, -5e-06, -0.0, -0.087156, -0.996195, 1.587608, -0.173648, 0.98106, -0.085832, 3.220403, 0.0, 0.0, 0.0, 1.0],
                [0.984808, 0.172987, -0.015134, -5e-06, -0.0, -0.087156, -0.996195, 1.587608, -0.173648, 0.98106, -0.085832, 3.21903, 0.0, 0.0, 0.0, 1.0],
                [0.984808, 0.172987, -0.015134, -5e-06, -0.0, -0.087156, -0.996195, 1.587608, -0.173648, 0.98106, -0.085832, 3.217787, 0.0, 0.0, 0.0, 1.0],
                [0.984808, 0.172987, -0.015134, -5e-06, -0.0, -0.087156, -0.996195, 1.587608, -0.173648, 0.98106, -0.085832, 3.216683, 0.0, 0.0, 0.0, 1.0],
                [0.984808, 0.172987, -0.015134, -5e-06, -0.0, -0.087156, -0.996195, 1.587608, -0.173648, 0.98106, -0.085832, 3.215726, 0.0, 0.0, 0.0, 1.0],
                [0.984808, 0.172987, -0.015134, -5e-06, -0.0, -0.087156, -0.996195, 1.587608, -0.173648, 0.98106, -0.085832, 3.214926, 0.0, 0.0, 0.0, 1.0],
                [0.984808, 0.172987, -0.015134, -5e-06, -0.0, -0.087156, -0.996195, 1.587608, -0.173648, 0.98106, -0.085832, 3.214288, 0.0, 0.0, 0.0, 1.0],
                [0.984808, 0.172987, -0.015134, -5e-06, -0.0, -0.087156, -0.996195, 1.587608, -0.173648, 0.98106, -0.085832, 3.213823, 0.0, 0.0, 0.0, 1.0],
                [0.984808, 0.172987, -0.015134, -5e-06, -0.0, -0.087156, -0.996195, 1.587608, -0.173648, 0.98106, -0.085832, 3.213538, 0.0, 0.0, 0.0, 1.0],
                [0.984808, 0.172987, -0.015134, -5e-06, -0.0, -0.087156, -0.996195, 1.587608, -0.173648, 0.98106, -0.085832, 3.213441, 0.0, 0.0, 0.0, 1.0],
                [0.984808, 0.172987, -0.015134, -5e-06, -0.0, -0.087156, -0.996195, 1.587608, -0.173648, 0.98106, -0.085832, 3.213441, 0.0, 0.0, 0.0, 1.0]
            ]
        },
        {
            "name": "Thigh_R",
            "time": [0.0, 0.0167, 0.0333, 0.05, 0.0667, 0.0833, 0.1, 0.1167, 0.1333, 0.15, 0.1667, 0.1833, 0.2, 0.2167, 0.2333, 0.25, 0.2667, 0.2833, 0.3, 0.3167, 0.3333, 0.35, 0.3667, 0.3833, 0.4, 0.4167, 0.4333, 0.45, 0.4667, 0.4833, 0.5, 0.5167, 0.5333, 0.55, 0.5667, 0.5833, 0.6, 0.6167, 0.6333, 0.65, 0.6667, 0.6833, 0.7, 0.7167, 0.7333, 0.75, 0.7667, 0.7833, 0.8, 0.8167, 0.8333, 0.85, 0.8667, 0.8833, 0.9, 2.6167],
            "transform": [
                [0.998915, 0.042282, -0.019539, 0.124994, 0.038601, -0.986241, -0.16074, -0.002831, -0.026067, 0.159811, -0.986803, -1.2e-05, 0.0, 0.0, 0.0, 1.0],
                [0.998893, 0.042848, -0.019434, 0.124994, 0.039176, -0.986217, -0.160751, -0.002831, -0.026054, 0.159812, -0.986804, -1.2e-05, 0.0, 0.0, 0.0, 1.0],
                [0.998827, 0.04449, -0.019129, 0.124994, 0.040846, -0.986144, -0.160782, -0.002831, -0.026017, 0.159812, -0.986804, -1.2e-05, 0.0, 0.0, 0.0, 1.0],
                [0.998715, 0.047128, -0.018641, 0.124994, 0.043527, -0.986021, -0.160832, -0.002831, -0.02596, 0.159814, -0.986806, -1.2e-05, 0.0, 0.0, 0.0, 1.0],
                [0.998553, 0.05068, -0.017987, 0.124994, 0.047137, -0.985845, -0.160897, -0.002831, -0.025887, 0.159816, -0.986807, -1.2e-05, 0.0, 0.0, 0.0, 1.0],
                [0.998335, 0.055065, -0.017186, 0.124994, 0.051592, -0.985609, -0.160973, -0.002831, -0.025803, 0.159819, -0.986809, -1.2e-05, 0.0, 0.0, 0.0, 1.0],
                [0.998054, 0.060201, -0.016253, 0.124994, 0.056809, -0.985308, -0.161059, -0.002831, -0.02571, 0.159822, -0.986811, -1.2e-05, 0.0, 0.0, 0.0, 1.0],
                [0.997703, 0.066005, -0.015206, 0.124994, 0.062705, -0.984936, -0.16115, -0.002831, -0.025613, 0.159826, -0.986813, -1.2e-05, 0.0, 0.0, 0.0, 1.0],
                [0.997277, 0.072397, -0.014062, 0.124994, 0.069195, -0.984486, -0.161243, -0.002831, -0.025517, 0.159831, -0.986814, -1.2e-05, 0.0, 0.0, 0.0, 1.0],
                [0.996769, 0.079294, -0.012837, 0.124994, 0.076196, -0.983953, -0.161336, -0.002831, -0.025424, 0.159837, -0.986816, -1.2e-05, 0.0, 0.0, 0.0, 1.0],
                [0.996175, 0.086613, -0.011551, 0.124994, 0.083624, -0.983335, -0.161426, -0.002831, -0.02534, 0.159843, -0.986817, -1.2e-05, 0.0, 0.0, 0.0, 1.0],
                [0.995494, 0.094272, -0.010219, 0.124994, 0.091395, -0.982629, -0.161511, -0.002831, -0.025267, 0.159849, -0.986818, -1.2e-05, 0.0, 0.0, 0.0, 1.0],
                [0.994726, 0.102188, -0.008859, 0.124994, 0.099425, -0.981837, -0.161588, -0.002831, -0.02521, 0.159855, -0.986818, -1.2e-05, 0.0, 0.0, 0.0, 1.0],
                [0.993872, 0.11028, -0.007489, 0.124994, 0.107629, -0.98096, -0.161657, -0.002831, -0.025174, 0.159861, -0.986819, -1.2e-05, 0.0, 0.0, 0.0, 1.0],
                [0.992939, 0.118464, -0.006125, 0.124994, 0.115923, -0.980005, -0.161717, -0.002831, -0.02516, 0.159865, -0.986818, -1.2e-05, 0.0, 0.0, 0.0, 1.0],
                [0.991935, 0.126659, -0.004787, 0.124994, 0.124224, -0.978979, -0.161767, -0.002831, -0.025175, 0.159868, -0.986817, -1.2e-05, 0.0, 0.0, 0.0, 1.0],
                [0.990869, 0.134783, -0.00349, 0.124994, 0.132448, -0.977893, -0.161808, -0.002831, -0.025222, 0.159869, -0.986816, -1.2e-05, 0.0, 0.0, 0.0, 1.0],
                [0.989756, 0.142754, -0.002253, 0.124994, 0.140511, -0.976762, -0.161841, -0.002831, -0.025304, 0.159866, -0.986814, -1.2e-05, 0.0, 0.0, 0.0, 1.0],
                [0.988611, 0.150491, -0.001093, 0.124994, 0.148332, -0.975601, -0.161865, -0.002831, -0.025426, 0.15986, -0.986812, -1.2e-05, 0.0, 0.0, 0.0, 1.0],
                [0.987453, 0.157914, -2.8e-05, 0.124994, 0.155827, -0.974428, -0.161885, -0.002831, -0.025591, 0.159849, -0.98681, -1.2e-05, 0.0, 0.0, 0.0, 1.0],
                [0.986303, 0.164943, 0.000926, 0.124994, 0.162915, -0.973266, -0.1619, -0.002831, -0.025803, 0.159833, -0.986807, -1.2e-05, 0.0, 0.0, 0.0, 1.0],
                [0.985183, 0.171499, 0.00175, 0.124994, 0.169515, -0.972136, -0.161914, -0.002831, -0.026067, 0.159811, -0.986803, -1.2e-05, 0.0, 0.0, 0.0, 1.0],
                [0.984113, 0.177525, 0.002438, 0.124994, 0.175572, -0.971058, -0.161928, -0.002831, -0.026379, 0.159783, -0.9868, -1.2e-05, 0.0, 0.0, 0.0, 1.0],
                [0.983097, 0.183058, 0.00303, 0.124994, 0.181125, -0.970035, -0.161941, -0.002831, -0.026705, 0.159752, -0.986796, -1.2e-05, 0.0, 0.0, 0.0, 1.0],
                [0.982132, 0.188157, 0.003575, 0.124994, 0.186243, -0.969064, -0.16195, -0.002831, -0.027007, 0.159722, -0.986793, -1.2e-05, 0.0, 0.0, 0.0, 1.0],
                [0.981214, 0.19288, 0.004124, 0.124994, 0.190991, -0.968139, -0.161951, -0.002831, -0.027245, 0.159697, -0.98679, -1.2e-05, 0.0, 0.0, 0.0, 1.0],
                [0.980335, 0.197286, 0.004726, 0.124994, 0.195434, -0.967254, -0.161942, -0.002831, -0.027377, 0.159681, -0.986789, -1.2e-05, 0.0, 0.0, 0.0, 1.0],
                [0.979487, 0.201432, 0.005432, 0.124994, 0.199639, -0.966399, -0.161916, -0.002831, -0.027366, 0.159679, -0.98679, -1.2e-05, 0.0, 0.0, 0.0, 1.0],
                [0.978662, 0.205378, 0.006291, 0.124994, 0.20367, -0.965565, -0.161869, -0.002831, -0.02717, 0.159697, -0.986792, -1.2e-05, 0.0, 0.0, 0.0, 1.0],
                [0.977849, 0.209181, 0.007354, 0.124994, 0.207594, -0.964742, -0.161796, -0.002831, -0.02675, 0.159739, -0.986797, -1.2e-05, 0.0, 0.0, 0.0, 1.0],
                [0.977036, 0.212899, 0.00867, 0.124994, 0.211475, -0.963916, -0.161691, -0.002831, -0.026067, 0.159811, -0.986803, -1.2e-05, 0.0, 0.0, 0.0, 1.0],
                [0.976212, 0.216542, 0.010967, 0.124994, 0.215551, -0.96379, -0.156989, -0.002831, -0.023425, 0.155618, -0.987539, -1.2e-05, 0.0, 0.0, 0.0, 1.0],
                [0.975365, 0.220105, 0.014747, 0.124994, 0.219907, -0.964842, -0.143945, -0.002831, -0.017455, 0.143642, -0.989476, -1.2e-05, 0.0, 0.0, 0.0, 1.0],
                [0.974474, 0.223631, 0.019727, 0.124994, 0.224334, -0.966621, -0.123767, -0.002831, -0.00861, 0.125033, -0.992115, -1.2e-05, 0.0, 0.0, 0.0, 1.0],
                [0.973518, 0.227169, 0.025632, 0.124994, 0.228595, -0.96861, -0.097665, -0.002831, 0.002641, 0.100938, -0.994889, -1.2e-05, 0.0, 0.0, 0.0, 1.0],
                [0.972479, 0.230757, 0.032195, 0.124994, 0.232455, -0.970304, -0.066887, -0.002831, 0.015805, 0.07253, -0.997241, -1.2e-05, 0.0, 0.0, 0.0, 1.0],
                [0.971348, 0.234412, 0.039154, 0.124994, 0.235713, -0.971271, -0.032728, -0.002831, 0.030357, 0.041019, -0.998697, -1.2e-05, 0.0, 0.0, 0.0, 1.0],
                [0.970132, 0.238126, 0.046252, 0.124994, 0.238223, -0.971204, 0.003469, -0.002831, 0.045746, 0.007653, -0.998924, -1.2e-05, 0.0, 0.0, 0.0, 1.0],
                [0.968851, 0.241854, 0.053247, 0.124994, 0.239913, -0.969956, 0.040326, -0.002831, 0.0614, -0.026295, -0.997767, -1.2e-05, 0.0, 0.0, 0.0, 1.0],
                [0.967538, 0.24552, 0.059909, 0.124994, 0.240792, -0.967561, 0.076456, -0.002831, 0.076737, -0.059548, -0.995272, -1.2e-05, 0.0, 0.0, 0.0, 1.0],
                [0.966245, 0.249019, 0.066026, 0.124994, 0.240949, -0.964228, 0.11049, -0.002831, 0.091179, -0.090852, -0.991682, -1.2e-05, 0.0, 0.0, 0.0, 1.0],
                [0.965032, 0.25222, 0.071407, 0.124994, 0.24055, -0.960326, 0.141101, -0.002831, 0.104163, -0.11899, -0.987417, -1.2e-05, 0.0, 0.0, 0.0, 1.0],
                [0.963966, 0.254975, 0.075877, 0.124994, 0.239813, -0.956345, 0.167014, -0.002831, 0.115149, -0.142799, -0.983031, -1.2e-05, 0.0, 0.0, 0.0, 1.0],
                [0.963121, 0.257126, 0.079274, 0.124994, 0.238991, -0.952845, 0.187002, -0.002831, 0.123619, -0.16116, -0.979156, -1.2e-05, 0.0, 0.0, 0.0, 1.0],
                [0.962567, 0.25852, 0.081437, 0.124994, 0.23834, -0.950392, 0.199874, -0.002831, 0.129068, -0.172983, -0.976431, -1.2e-05, 0.0, 0.0, 0.0, 1.0],
                [0.96237, 0.259012, 0.082198, 0.124994, 0.238083, -0.949485, 0.204436, -0.002831, 0.130997, -0.177173, -0.975423, -1.2e-05, 0.0, 0.0, 0.0, 1.0],
                [0.96237, 0.259012, 0.082198, 0.124994, 0.238083, -0.949485, 0.204436, -0.002831, 0.130997, -0.177173, -0.975423, -1.2e-05, 0.0, 0.0, 0.0, 1.0],
                [0.96237, 0.259012, 0.082198, 0.124994, 0.238083, -0.949485, 0.204436, -0.002831, 0.130997, -0.177173, -0.975423, -1.2e-05, 0.0, 0.0, 0.0, 1.0],
                [0.96237, 0.259012, 0.082198, 0.124994, 0.238083, -0.949485, 0.204436, -0.002831, 0.130997, -0.177173, -0.975423, -1.2e-05, 0.0, 0.0, 0.0, 1.0],
                [0.96237, 0.259012, 0.082198, 0.124994, 0.238083, -0.949485, 0.204436, -0.002831, 0.130997, -0.177173, -0.975423, -1.2e-05, 0.0, 0.0, 0.0, 1.0],
                [0.96237, 0.259012, 0.082198, 0.124994, 0.238083, -0.949485, 0.204436, -0.002831, 0.130997, -0.177173, -0.975423, -1.2e-05, 0.0, 0.0, 0.0, 1.0],
                [0.96237, 0.259012, 0.082198, 0.124994, 0.238083, -0.949485, 0.204436, -0.002831, 0.130997, -0.177173, -0.975423, -1.2e-05, 0.0, 0.0, 0.0, 1.0],
                [0.96237, 0.259012, 0.082198, 0.124994, 0.238083, -0.949485, 0.204436, -0.002831, 0.130997, -0.177173, -0.975423, -1.2e-05, 0.0, 0.0, 0.0, 1.0],
                [0.96237, 0.259012, 0.082198, 0.124994, 0.238083, -0.949485, 0.204436, -0.002831, 0.130997, -0.177173, -0.975423, -1.2e-05, 0.0, 0.0, 0.0, 1.0],
                [0.96237, 0.259012, 0.082198, 0.124994, 0.238083, -0.949485, 0.204436, -0.002831, 0.130997, -0.177173, -0.975423, -1.2e-05, 0.0, 0.0, 0.0, 1.0],
                [0.96237, 0.259012, 0.082198, 0.124994, 0.238083, -0.949485, 0.204436, -0.002831, 0.130997, -0.177173, -0.975423, -1.2e-05, 0.0, 0.0, 0.0, 1.0]
            ]
        },
        {
            "name": "Leg_R",
            "time": [0.0, 0.0167, 0.0333, 0.05, 0.0667, 0.0833, 0.1, 0.1167, 0.1333, 0.15, 0.1667, 0.1833, 0.2, 0.2167, 0.2333, 0.25, 0.2667, 0.2833, 0.3, 0.3167, 0.3333, 0.35, 0.3667, 0.3833, 0.4, 0.4167, 0.4333, 0.45, 0.4667, 0.4833, 0.5, 0.5167, 0.5333, 0.55, 0.5667, 0.5833, 0.6, 0.6167, 0.6333, 0.65, 0.6667, 0.6833, 0.7, 0.7167, 0.7333, 0.75, 0.7667, 0.7833, 0.8, 0.8167, 0.8333, 0.85, 0.8667, 0.8833, 0.9, 2.6167],
            "transform": [
                [1.0, 1e-06, 1e-06, -0.0, -1e-06, 0.999995, 0.00307, 0.37472, -1e-06, -0.00307, 0.999995, -0.0, 0.0, 0.0, 0.0, 1.0],
