{
    "armature": {
        "joints": ["Root", "Thigh_R", "Leg_R", "Knee_R", "Thigh_L", "Leg_L", "Knee_L", "Torso", "Chest", "Head", "Shoulder_R", "Arm_R", "Hand_R", "Tool_R", "Elbow_R", "Shoulder_L", "Arm_L", "Hand_L", "Tool_L", "Elbow_L"],
        "hierarchy": [
            {
                "name": "Root",
                "transform": [1.0, 0.0, 0.0, -5e-06, 0.0, 0.0, -1.0, 0.000946, 0.0, 1.0, 0.0, 0.763972, 0.0, 0.0, 0.0, 1.0],
                "children": [
                    {
                        "name": "Thigh_R",
                        "transform": [1.0, -0.0, -0.0, 0.124994, -0.0, -1.0, 0.0, -0.002831, -0.0, -0.0, -1.0, -1.2e-05, 0.0, 0.0, 0.0, 1.0],
                        "children": [
                            {
                                "name": "Leg_R",
                                "transform": [1.0, 0.0, 1e-06, 0.0, -0.0, 1.0, 0.0, 0.37472, -1e-06, -0.0, 1.0, -0.0, 0.0, 0.0, 0.0, 1.0],
                                "children": []
                            },
                            {
                                "name": "Knee_R",
                                "transform": [1.0, 0.0, -0.0, 0.0, -0.0, 0.0, -1.0, 0.37472, -0.0, 1.0, 0.0, -0.0, 0.0, 0.0, 0.0, 1.0],
                                "children": []
                            }
                        ]
                    },
                    {
                        "name": "Thigh_L",
                        "transform": [1.0, -0.0, -0.0, -0.125006, -0.0, -1.0, 0.0, -0.002831, -0.0, -0.0, -1.0, -1.2e-05, 0.0, 0.0, 0.0, 1.0],
                        "children": [
                            {
                                "name": "Leg_L",
                                "transform": [1.0, 0.0, 1e-06, -0.0, -0.0, 1.0, 0.0, 0.37472, -1e-06, -0.0, 1.0, 0.0, 0.0, 0.0, 0.0, 1.0],
                                "children": []
                            },
                            {
                                "name": "Knee_L",
                                "transform": [1.0, 0.0, -0.0, -0.0, -0.0, 0.0, -1.0, 0.37472, -0.0, 1.0, 0.0, 0.0, 0.0, 0.0, 0.0, 1.0],
                                "children": []
                            }
                        ]
                    },
                    {
                        "name": "Torso",
                        "transform": [1.0, 0.0, 0.0, 0.0, 0.0, 1.0, 0.0, 0.05, 0.0, 0.0, 1.0, 0.0, 0.0, 0.0, 0.0, 1.0],
                        "children": [
                            {
                                "name": "Chest",
                                "transform": [1.0, 0.0, 0.0, 0.0, 0.0, 1.0, 0.0, 0.3, 0.0, 0.0, 1.0, 0.0, 0.0, 0.0, 0.0, 1.0],
                                "children": [
                                    {
                                        "name": "Head",
                                        "transform": [1.0, 0.0, 0.0, 0.0, 0.0, 1.0, 0.0, 0.4, 0.0, 0.0, 1.0, 0.0, 0.0, 0.0, 0.0, 1.0],
                                        "children": []
                                    },
                                    {
                                        "name": "Shoulder_R",
                                        "transform": [0.0, 0.952114, 0.305743, 0.0, 0.0, -0.305743, 0.952114, 0.4, 1.0, 0.0, -0.0, 0.0, 0.0, 0.0, 0.0, 1.0],
                                        "children": [
                                            {
                                                "name": "Arm_R",
                                                "transform": [0.0, -0.0, -1.0, -0.0, 0.952114, 0.305743, 0.0, 0.39386, 0.305743, -0.952114, 0.0, 0.0, 0.0, 0.0, 0.0, 1.0],
                                                "children": [
                                                    {
                                                        "name": "Hand_R",
                                                        "transform": [1.0, 0.0, 0.0, 0.0, -0.0, 0.993938, 0.109947, 0.3, -0.0, -0.109947, 0.993937, 0.0, 0.0, 0.0, 0.0, 1.0],
                                                        "children": [
                                                            {
                                                                "name": "Tool_R",
                                                                "transform": [1.0, 0.0, 0.0, -0.0, 0.0, -0.999836, 0.018122, 0.272858, 0.0, -0.018122, -0.999836, 0.0, 0.0, 0.0, 0.0, 1.0],
                                                                "children": []
                                                            }
                                                        ]
                                                    },
                                                    {
                                                        "name": "Elbow_R",
                                                        "transform": [-1.0, 0.0, -0.0, 0.0, 0.0, 0.0, -1.0, 0.3, -0.0, -1.0, -0.0, 0.0, 0.0, 0.0, 0.0, 1.0],
                                                        "children": []
                                                    }
                                                ]
                                            }
                                        ]
                                    },
                                    {
                                        "name": "Shoulder_L",
                                        "transform": [-0.0, -0.952114, -0.305743, 0.0, 0.0, -0.305743, 0.952114, 0.4, -1.0, 0.0, 0.0, 0.0, 0.0, 0.0, 0.0, 1.0],
                                        "children": [
                                            {
                                                "name": "Arm_L",
                                                "transform": [-0.0, -0.0, 1.0, -0.0, -0.952114, 0.305743, -0.0, 0.39386, -0.305743, -0.952114, -0.0, 0.0, 0.0, 0.0, 0.0, 1.0],
                                                "children": [
                                                    {
                                                        "name": "Hand_L",
                                                        "transform": [1.0, -0.0, 0.0, -0.0, 0.0, 0.993937, 0.109947, 0.3, -0.0, -0.109947, 0.993937, 0.0, 0.0, 0.0, 0.0, 1.0],
                                                        "children": [
                                                            {
                                                                "name": "Tool_L",
                                                                "transform": [1.0, 0.0, 0.0, -0.0, -0.0, -0.999836, 0.018122, 0.272858, 0.0, -0.018122, -0.999836, -0.0, 0.0, 0.0, 0.0, 1.0],
                                                                "children": []
                                                            }
                                                        ]
                                                    },
                                                    {
                                                        "name": "Elbow_L",
                                                        "transform": [-1.0, 0.0, -0.0, -0.0, 0.0, -0.0, -1.0, 0.3, -0.0, -1.0, 0.0, 0.0, 0.0, 0.0, 0.0, 1.0],
                                                        "children": []
                                                    }
                                                ]
                                            }
                                        ]
                                    }
                                ]
                            }
                        ]
                    }
                ]
            }
        ]
    },
    "animation": [
        {
            "name": "Root",
            "time": [0.0, 0.0167, 0.0333, 0.05, 0.0667, 0.0833, 0.1, 0.1167, 0.1333, 0.15, 0.1667, 0.1833, 0.2, 0.2167, 0.2333, 0.25, 0.2667, 0.2833, 0.3, 0.3167, 0.3333, 0.35, 0.3667, 0.3833, 0.4, 0.4167, 0.4333, 0.45, 0.4667, 0.4833, 0.5, 0.5167, 0.5333, 0.55, 0.5667, 0.5833, 0.6, 0.6167, 0.6333, 0.65, 0.6667, 0.6833, 0.7, 0.7167, 0.7333, 0.75, 0.7667, 0.7833, 0.8, 0.8167, 0.8333, 0.85, 0.8667, 0.8833, 0.9, 0.9167, 0.9333, 0.95, 0.9667, 0.9833, 1.0, 1.0167, 1.0333, 1.05, 1.0667, 1.0833, 1.1, 1.1167, 1.1333, 1.15, 1.1667, 1.1833, 1.2, 1.2167, 1.2333, 1.25, 1.2667, 1.2833, 1.3, 1.3167, 1.3333, 1.35, 1.3667, 1.3833, 1.4, 1.4167, 1.4333, 1.45, 1.4667, 1.4833, 1.5, 1.5167, 1.5333, 1.55, 1.5667, 1.5833, 1.6, 1.6167, 1.6333, 1.65, 1.6667, 1.6833, 1.7, 1.7167, 1.7333, 1.75, 1.7667, 1.7833, 1.8, 1.8167, 1.8333, 1.85, 1.8667, 1.8833, 1.9, 1.9167, 1.9333, 1.95, 1.9667, 1.9833, 2.0, 2.0167, 2.0333, 2.05, 2.0667, 2.0833, 2.1, 2.1167, 2.1333, 2.15, 2.1667, 2.1833, 2.2, 2.2167, 2.2333, 2.25, 2.2667, 2.2833, 2.3, 2.3167, 2.3333, 2.35, 2.3667, 2.3833, 2.4, 2.4167, 2.4333, 2.45, 2.4667, 2.4833, 2.5, 2.5167, 2.5333, 2.55, 2.5667, 2.5833, 2.6, 2.6167, 2.6333, 2.65, 2.6667, 2.6833, 2.7, 2.7167, 2.7333],
            "transform": [
                [0.996195, 0.0, 0.087156, -5e-06, 0.087156, 0.0, -0.996195, 0.000946, 0.0, 1.0, 0.0, 0.763972, 0.0, 0.0, 0.0, 1.0],
                [0.996195, 0.0, 0.087156, 6.3e-05, 0.087156, 0.0, -0.996195, 0.000255, 0.0, 1.0, 0.0, 0.763972, 0.0, 0.0, 0.0, 1.0],
                [0.996195, 0.0, 0.087156, 0.000259, 0.087156, 0.0, -0.996195, -0.001736, 0.0, 1.0, 0.0, 0.763972, 0.0, 0.0, 0.0, 1.0],
                [0.996195, 0.0, 0.087156, 0.00057, 0.087156, 0.0, -0.996195, -0.004903, 0.0, 1.0, 0.0, 0.763972, 0.0, 0.0, 0.0, 1.0],
                [0.996195, 0.0, 0.087156, 0.000984, 0.087156, 0.0, -0.996195, -0.009122, 0.0, 1.0, 0.0, 0.763972, 0.0, 0.0, 0.0, 1.0],
                [0.996195, 0.0, 0.087156, 0.001489, 0.087156, 0.0, -0.996195, -0.01427, 0.0, 1.0, 0.0, 0.763972, 0.0, 0.0, 0.0, 1.0],
                [0.996195, 0.0, 0.087156, 0.002074, 0.087156, 0.0, -0.996195, -0.020222, 0.0, 1.0, 0.0, 0.763972, 0.0, 0.0, 0.0, 1.0],
                [0.996195, 0.0, 0.087156, 0.002725, 0.087156, 0.0, -0.996195, -0.026856, 0.0, 1.0, 0.0, 0.763972, 0.0, 0.0, 0.0, 1.0],
                [0.996195, 0.0, 0.087156, 0.003431, 0.087156, 0.0, -0.996195, -0.034046, 0.0, 1.0, 0.0, 0.763972, 0.0, 0.0, 0.0, 1.0],
                [0.996195, 0.0, 0.087156, 0.004179, 0.087156, 0.0, -0.996195, -0.041669, 0.0, 1.0, 0.0, 0.763972, 0.0, 0.0, 0.0, 1.0],
                [0.996195, 0.0, 0.087156, 0.004958, 0.087156, 0.0, -0.996195, -0.049603, 0.0, 1.0, 0.0, 0.763972, 0.0, 0.0, 0.0, 1.0],
                [0.996195, 0.0, 0.087156, 0.005755, 0.087156, 0.0, -0.996195, -0.057721, 0.0, 1.0, 0.0, 0.763972, 0.0, 0.0, 0.0, 1.0],
                [0.996195, 0.0, 0.087156, 0.006558, 0.087156, 0.0, -0.996195, -0.065902, 0.0, 1.0, 0.0, 0.763972, 0.0, 0.0, 0.0, 1.0],
                [0.996195, 0.0, 0.087156, 0.007355, 0.087156, 0.0, -0.996195, -0.074021, 0.0, 1.0, 0.0, 0.763972, 0.0, 0.0, 0.0, 1.0],
                [0.996195, 0.0, 0.087156, 0.008134, 0.087156, 0.0, -0.996195, -0.081954, 0.0, 1.0, 0.0, 0.763972, 0.0, 0.0, 0.0, 1.0],
                [0.996195, 0.0, 0.087156, 0.008883, 0.087156, 0.0, -0.996195, -0.089578, 0.0, 1.0, 0.0, 0.763972, 0.0, 0.0, 0.0, 1.0],
                [0.996195, 0.0, 0.087156, 0.009589, 0.087156, 0.0, -0.996195, -0.096768, 0.0, 1.0, 0.0, 0.763972, 0.0, 0.0, 0.0, 1.0],
                [0.996195, 0.0, 0.087156, 0.01024, 0.087156, 0.0, -0.996195, -0.103401, 0.0, 1.0, 0.0, 0.763972, 0.0, 0.0, 0.0, 1.0],
                [0.996195, 0.0, 0.087156, 0.010824, 0.087156, 0.0, -0.996195, -0.109354, 0.0, 1.0, 0.0, 0.763972, 0.0, 0.0, 0.0, 1.0],
                [0.996195, 0.0, 0.087156, 0.01133, 0.087156, 0.0, -0.996195, -0.114501, 0.0, 1.0, 0.0, 0.763972, 0.0, 0.0, 0.0, 1.0],
                [0.996195, 0.0, 0.087156, 0.011744, 0.087156, 0.0, -0.996195, -0.118721, 0.0, 1.0, 0.0, 0.763972, 0.0, 0.0, 0.0, 1.0],
                [0.996195, 0.0, 0.087156, 0.012055, 0.087156, 0.0, -0.996195, -0.121888, 0.0, 1.0, 0.0, 0.763972, 0.0, 0.0, 0.0, 1.0],
                [0.996195, 0.0, 0.087156, 0.01225, 0.087156, 0.0, -0.996195, -0.123879, 0.0, 1.0, 0.0, 0.763972, 0.0, 0.0, 0.0, 1.0],
                [0.996195, 0.0, 0.087156, 0.012318, 0.087156, 0.0, -0.996195, -0.12457, 0.0, 1.0, 0.0, 0.763972, 0.0, 0.0, 0.0, 1.0],
                [0.996195, 0.0, 0.087156, 0.012318, 0.087156, 0.0, -0.996195, -0.12457, 0.0, 1.0, 0.0, 0.763972, 0.0, 0.0, 0.0, 1.0],
                [0.996195, 0.0, 0.087156, 0.012318, 0.087156, 0.0, -0.996195, -0.12457, 0.0, 1.0, 0.0, 0.763972, 0.0, 0.0, 0.0, 1.0],
                [0.996195, 0.0, 0.087156, 0.012318, 0.087156, 0.0, -0.996195, -0.12457, 0.0, 1.0, 0.0, 0.763972, 0.0, 0.0, 0.0, 1.0],
                [0.996195, 0.0, 0.087156, 0.012318, 0.087156, 0.0, -0.996195, -0.12457, 0.0, 1.0, 0.0, 0.763972, 0.0, 0.0, 0.0, 1.0],
                [0.996195, 0.0, 0.087156, 0.012318, 0.087156, 0.0, -0.996195, -0.12457, 0.0, 1.0, 0.0, 0.763972, 0.0, 0.0, 0.0, 1.0],
                [0.996195, 0.0, 0.087156, 0.012318, 0.087156, 0.0, -0.996195, -0.12457, 0.0, 1.0, 0.0, 0.763972, 0.0, 0.0, 0.0, 1.0],
                [0.99601, 0.0, 0.089241, 0.011037, 0.089241, 0.0, -0.99601, -0.122916, 0.0, 1.0, 0.0, 0.763972, 0.0, 0.0, 0.0, 1.0],
                [0.995459, 0.0, 0.095193, 0.007981, 0.095193, 0.0, -0.995459, -0.114588, 0.0, 1.0, 0.0, 0.763972, 0.0, 0.0, 0.0, 1.0],
                [0.994519, 0.0, 0.104554, 0.004333, 0.104554, 0.0, -0.994519, -0.094535, 0.0, 1.0, 0.0, 0.763972, 0.0, 0.0, 0.0, 1.0],
                [0.993148, 0.0, 0.116865, 0.001277, 0.116865, 0.0, -0.993148, -0.057707, 0.0, 1.0, 0.0, 0.763972, 0.0, 0.0, 0.0, 1.0],
                [0.991295, 0.0, 0.131661, -5e-06, 0.131661, 0.0, -0.991295, 0.000946, 0.0, 1.0, 0.0, 0.763972, 0.0, 0.0, 0.0, 1.0],
                [0.988916, 0.0, 0.148477, -5e-06, 0.148477, 0.0, -0.988916, 0.08496, 0.0, 1.0, 0.0, 0.763972, 0.0, 0.0, 0.0, 1.0],
                [0.985984, 0.0, 0.166843, -5e-06, 0.166843, 0.0, -0.985984, 0.191805, 0.0, 1.0, 0.0, 0.763972, 0.0, 0.0, 0.0, 1.0],
                [0.982496, 0.0, 0.186285, -5e-06, 0.186285, 0.0, -0.982496, 0.317441, 0.0, 1.0, 0.0, 0.763972, 0.0, 0.0, 0.0, 1.0],
                [0.978482, 0.0, 0.206334, -5e-06, 0.206334, 0.0, -0.978482, 0.457824, 0.0, 1.0, 0.0, 0.763972, 0.0, 0.0, 0.0, 1.0],
                [0.974006, 0.0, 0.226522, -5e-06, 0.226522, 0.0, -0.974006, 0.608911, 0.0, 1.0, 0.0, 0.763972, 0.0, 0.0, 0.0, 1.0],
                [0.969171, 0.0, 0.246389, -5e-06, 0.246389, 0.0, -0.969171, 0.766659, 0.0, 1.0, 0.0, 0.763972, 0.0, 0.0, 0.0, 1.0],
                [0.964115, 0.0, 0.265484, -5e-06, 0.265484, 0.0, -0.964115, 0.927027, 0.0, 1.0, 0.0, 0.763972, 0.0, 0.0, 0.0, 1.0],
                [0.959011, 0.0, 0.283367, -5e-06, 0.283367, 0.0, -0.959011, 1.085969, 0.0, 1.0, 0.0, 0.763972, 0.0, 0.0, 0.0, 1.0],
                [0.954061, 0.0, 0.299613, -5e-06, 0.299613, 0.0, -0.954061, 1.239445, 0.0, 1.0, 0.0, 0.763972, 0.0, 0.0, 0.0, 1.0],
                [0.949487, 0.0, 0.313807, -5e-06, 0.313807, 0.0, -0.949487, 1.383411, 0.0, 1.0, 0.0, 0.763972, 0.0, 0.0, 0.0, 1.0],
                [0.945527, 0.0, 0.325544, -5e-06, 0.325544, 0.0, -0.945527, 1.513825, 0.0, 1.0, 0.0, 0.763972, 0.0, 0.0, 0.0, 1.0],
                [0.942422, 0.0, 0.334425, -5e-06, 0.334425, 0.0, -0.942422, 1.626642, 0.0, 1.0, 0.0, 0.763972, 0.0, 0.0, 0.0, 1.0],
                [0.940407, 0.0, 0.340052, -5e-06, 0.340052, 0.0, -0.940407, 1.717822, 0.0, 1.0, 0.0, 0.763972, 0.0, 0.0, 0.0, 1.0],
                [0.939693, 0.0, 0.34202, -5e-06, 0.34202, 0.0, -0.939693, 1.78332, 0.0, 1.0, 0.0, 0.763972, 0.0, 0.0, 0.0, 1.0],
                [0.939693, 0.0, 0.34202, -5e-06, 0.34202, 0.0, -0.939693, 1.829093, 0.0, 1.0, 0.0, 0.763972, 0.0, 0.0, 0.0, 1.0],
                [0.939693, 0.0, 0.34202, -5e-06, 0.34202, 0.0, -0.939693, 1.864658, 0.0, 1.0, 0.0, 0.763972, 0.0, 0.0, 0.0, 1.0],
                [0.939693, 0.0, 0.34202, -5e-06, 0.34202, 0.0, -0.939693, 1.89132, 0.0, 1.0, 0.0, 0.763972, 0.0, 0.0, 0.0, 1.0],
                [0.939693, 0.0, 0.34202, -5e-06, 0.34202, 0.0, -0.939693, 1.91038, 0.0, 1.0, 0.0, 0.763972, 0.0, 0.0, 0.0, 1.0],
                [0.939693, 0.0, 0.34202, -5e-06, 0.34202, 0.0, -0.939693, 1.923141, 0.0, 1.0, 0.0, 0.763972, 0.0, 0.0, 0.0, 1.0],
                [0.939693, 0.0, 0.34202, -5e-06, 0.34202, 0.0, -0.939693, 1.930906, 0.0, 1.0, 0.0, 0.763972, 0.0, 0.0, 0.0, 1.0],
                [0.939693, 0.0, 0.34202, -5e-06, 0.34202, 0.0, -0.939693, 1.934978, 0.0, 1.0, 0.0, 0.763972, 0.0, 0.0, 0.0, 1.0],
                [0.939693, 0.0, 0.34202, -5e-06, 0.34202, 0.0, -0.939693, 1.936658, 0.0, 1.0, 0.0, 0.763972, 0.0, 0.0, 0.0, 1.0],
                [0.939693, 0.0, 0.34202, -5e-06, 0.34202, 0.0, -0.939693, 1.937251, 0.0, 1.0, 0.0, 0.763972, 0.0, 0.0, 0.0, 1.0],
                [0.939693, 0.0, 0.34202, -5e-06, 0.34202, 0.0, -0.939693, 1.937839, 0.0, 1.0, 0.0, 0.763939, 0.0, 0.0, 0.0, 1.0],
                [0.939693, 0.0, 0.34202, -5e-06, 0.34202, 0.0, -0.939693, 1.938634, 0.0, 1.0, 0.0, 0.763845, 0.0, 0.0, 0.0, 1.0],
                [0.939693, 0.0, 0.34202, -5e-06, 0.34202, 0.0, -0.939693, 1.939626, 0.0, 1.0, 0.0, 0.76369, 0.0, 0.0, 0.0, 1.0],
                [0.939693, 0.0, 0.34202, -5e-06, 0.34202, 0.0, -0.939693, 1.940808, 0.0, 1.0, 0.0, 0.763478, 0.0, 0.0, 0.0, 1.0],
                [0.939693, 0.0, 0.34202, -5e-06, 0.34202, 0.0, -0.939693, 1.94217, 0.0, 1.0, 0.0, 0.763211, 0.0, 0.0, 0.0, 1.0],
                [0.939693, 0.0, 0.34202, -5e-06, 0.34202, 0.0, -0.939693, 1.943705, 0.0, 1.0, 0.0, 0.762891, 0.0, 0.0, 0.0, 1.0],
                [0.939693, 0.0, 0.34202, -5e-06, 0.34202, 0.0, -0.939693, 1.945403, 0.0, 1.0, 0.0, 0.762521, 0.0, 0.0, 0.0, 1.0],
                [0.939693, 0.0, 0.34202, -5e-06, 0.34202, 0.0, -0.939693, 1.947257, 0.0, 1.0, 0.0, 0.762103, 0.0, 0.0, 0.0, 1.0],
                [0.939693, 0.0, 0.34202, -5e-06, 0.34202, 0.0, -0.939693, 1.949258, 0.0, 1.0, 0.0, 0.76164, 0.0, 0.0, 0.0, 1.0],
                [0.939693, 0.0, 0.34202, -5e-06, 0.34202, 0.0, -0.939693, 1.951398, 0.0, 1.0, 0.0, 0.761133, 0.0, 0.0, 0.0, 1.0],
                [0.939693, 0.0, 0.34202, -5e-06, 0.34202, 0.0, -0.939693, 1.953667, 0.0, 1.0, 0.0, 0.760587, 0.0, 0.0, 0.0, 1.0],
                [0.939693, 0.0, 0.34202, -5e-06, 0.34202, 0.0, -0.939693, 1.956059, 0.0, 1.0, 0.0, 0.760002, 0.0, 0.0, 0.0, 1.0],
                [0.939693, 0.0, 0.34202, -5e-06, 0.34202, 0.0, -0.939693, 1.958563, 0.0, 1.0, 0.0, 0.759382, 0.0, 0.0, 0.0, 1.0],
                [0.939693, 0.0, 0.34202, -5e-06, 0.34202, 0.0, -0.939693, 1.961173, 0.0, 1.0, 0.0, 0.758729, 0.0, 0.0, 0.0, 1.0],
                [0.939693, 0.0, 0.34202, -5e-06, 0.34202, 0.0, -0.939693, 1.963879, 0.0, 1.0, 0.0, 0.758045, 0.0, 0.0, 0.0, 1.0],
                [0.939693, 0.0, 0.34202, -5e-06, 0.34202, 0.0, -0.939693, 1.966673, 0.0, 1.0, 0.0, 0.757333, 0.0, 0.0, 0.0, 1.0],
                [0.939693, 0.0, 0.34202, -5e-06, 0.34202, 0.0, -0.939693, 1.969546, 0.0, 1.0, 0.0, 0.756595, 0.0, 0.0, 0.0, 1.0],
                [0.939693, 0.0, 0.34202, -5e-06, 0.34202, 0.0, -0.939693, 1.97249, 0.0, 1.0, 0.0, 0.755834, 0.0, 0.0, 0.0, 1.0],
                [0.939693, 0.0, 0.34202, -5e-06, 0.34202, 0.0, -0.939693, 1.975497, 0.0, 1.0, 0.0, 0.755053, 0.0, 0.0, 0.0, 1.0],
                [0.939693, 0.0, 0.34202, -5e-06, 0.34202, 0.0, -0.939693, 1.978559, 0.0, 1.0, 0.0, 0.754252, 0.0, 0.0, 0.0, 1.0],
                [0.939693, 0.0, 0.34202, -5e-06, 0.34202, 0.0, -0.939693, 1.981665, 0.0, 1.0, 0.0, 0.753436, 0.0, 0.0, 0.0, 1.0],
                [0.939693, 0.0, 0.34202, -5e-06, 0.34202, 0.0, -0.939693, 1.98481, 0.0, 1.0, 0.0, 0.752607, 0.0, 0.0, 0.0, 1.0],
                [0.939693, 0.0, 0.34202, -5e-06, 0.34202, 0.0, -0.939693, 1.987983, 0.0, 1.0, 0.0, 0.751766, 0.0, 0.0, 0.0, 1.0],
                [0.939693, 0.0, 0.34202, -5e-06, 0.34202, 0.0, -0.939693, 1.991176, 0.0, 1.0, 0.0, 0.750917, 0.0, 0.0, 0.0, 1.0],
                [0.939693, 0.0, 0.34202, -5e-06, 0.34202, 0.0, -0.939693, 1.994382, 0.0, 1.0, 0.0, 0.750061, 0.0, 0.0, 0.0, 1.0],
                [0.939693, 0.0, 0.34202, -5e-06, 0.34202, 0.0, -0.939693, 1.997591, 0.0, 1.0, 0.0, 0.749202, 0.0, 0.0, 0.0, 1.0],
                [0.939693, 0.0, 0.34202, -5e-06, 0.34202, 0.0, -0.939693, 2.000795, 0.0, 1.0, 0.0, 0.748342, 0.0, 0.0, 0.0, 1.0],
                [0.939693, 0.0, 0.34202, -5e-06, 0.34202, 0.0, -0.939693, 2.003986, 0.0, 1.0, 0.0, 0.747483, 0.0, 0.0, 0.0, 1.0],
                [0.939693, 0.0, 0.34202, -5e-06, 0.34202, 0.0, -0.939693, 2.007155, 0.0, 1.0, 0.0, 0.746628, 0.0, 0.0, 0.0, 1.0],
                [0.939693, 0.0, 0.34202, -5e-06, 0.34202, 0.0, -0.939693, 2.010294, 0.0, 1.0, 0.0, 0.745779, 0.0, 0.0, 0.0, 1.0],
                [0.939693, 0.0, 0.34202, -5e-06, 0.34202, 0.0, -0.939693, 2.013395, 0.0, 1.0, 0.0, 0.744938, 0.0, 0.0, 0.0, 1.0],
                [0.939693, 0.0, 0.34202, -5e-06, 0.34202, 0.0, -0.939693, 2.016448, 0.0, 1.0, 0.0, 0.744108, 0.0, 0.0, 0.0, 1.0],
                [0.939693, 0.0, 0.34202, -5e-06, 0.34202, 0.0, -0.939693, 2.019445, 0.0, 1.0, 0.0, 0.743292, 0.0, 0.0, 0.0, 1.0],
                [0.939693, 0.0, 0.34202, -5e-06, 0.34202, 0.0, -0.939693, 2.022379, 0.0, 1.0, 0.0, 0.742492, 0.0, 0.0, 0.0, 1.0],
                [0.939693, 0.0, 0.34202, -5e-06, 0.34202, 0.0, -0.939693, 2.02524, 0.0, 1.0, 0.0, 0.74171, 0.0, 0.0, 0.0, 1.0],
                [0.939693, 0.0, 0.34202, -5e-06, 0.34202, 0.0, -0.939693, 2.028021, 0.0, 1.0, 0.0, 0.740949, 0.0, 0.0, 0.0, 1.0],
                [0.939693, 0.0, 0.34202, -5e-06, 0.34202, 0.0, -0.939693, 2.030712, 0.0, 1.0, 0.0, 0.740211, 0.0, 0.0, 0.0, 1.0],
                [0.939693, 0.0, 0.34202, -5e-06, 0.34202, 0.0, -0.939693, 2.033305, 0.0, 1.0, 0.0, 0.7395, 0.0, 0.0, 0.0, 1.0],
                [0.939693, 0.0, 0.34202, -5e-06, 0.34202, 0.0, -0.939693, 2.035793, 0.0, 1.0, 0.0, 0.738816, 0.0, 0.0, 0.0, 1.0],
                [0.939693, 0.0, 0.34202, -5e-06, 0.34202, 0.0, -0.939693, 2.038165, 0.0, 1.0, 0.0, 0.738163, 0.0, 0.0, 0.0, 1.0],
                [0.939693, 0.0, 0.34202, -5e-06, 0.34202, 0.0, -0.939693, 2.040415, 0.0, 1.0, 0.0, 0.737542, 0.0, 0.0, 0.0, 1.0],
                [0.939693, 0.0, 0.34202, -5e-06, 0.34202, 0.0, -0.939693, 2.042533, 0.0, 1.0, 0.0, 0.736958, 0.0, 0.0, 0.0, 1.0],
                [0.939693, 0.0, 0.34202, -5e-06, 0.34202, 0.0, -0.939693, 2.044511, 0.0, 1.0, 0.0, 0.736411, 0.0, 0.0, 0.0, 1.0],
                [0.939693, 0.0, 0.34202, -5e-06, 0.34202, 0.0, -0.939693, 2.046341, 0.0, 1.0, 0.0, 0.735905, 0.0, 0.0, 0.0, 1.0],
                [0.939693, 0.0, 0.34202, -5e-06, 0.34202, 0.0, -0.939693, 2.048014, 0.0, 1.0, 0.0, 0.735442, 0.0, 0.0, 0.0, 1.0],
                [0.939693, 0.0, 0.34202, -5e-06, 0.34202, 0.0, -0.939693, 2.049522, 0.0, 1.0, 0.0, 0.735024, 0.0, 0.0, 0.0, 1.0],
                [0.939693, 0.0, 0.34202, -5e-06, 0.34202, 0.0, -0.939693, 2.050856, 0.0, 1.0, 0.0, 0.734654, 0.0, 0.0, 0.0, 1.0],
                [0.939693, 0.0, 0.34202, -5e-06, 0.34202, 0.0, -0.939693, 2.052009, 0.0, 1.0, 0.0, 0.734334, 0.0, 0.0, 0.0, 1.0],
                [0.939693, 0.0, 0.34202, -5e-06, 0.34202, 0.0, -0.939693, 2.05297, 0.0, 1.0, 0.0, 0.734066, 0.0, 0.0, 0.0, 1.0],
                [0.939693, 0.0, 0.34202, -5e-06, 0.34202, 0.0, -0.939693, 2.053733, 0.0, 1.0, 0.0, 0.733854, 0.0, 0.0, 0.0, 1.0],
                [0.939693, 0.0, 0.34202, -5e-06, 0.34202, 0.0, -0.939693, 2.054288, 0.0, 1.0, 0.0, 0.7337, 0.0, 0.0, 0.0, 1.0],
                [0.939693, 0.0, 0.34202, -5e-06, 0.34202, 0.0, -0.939693, 2.054627, 0.0, 1.0, 0.0, 0.733605, 0.0, 0.0, 0.0, 1.0],
                [0.939693, 0.0, 0.34202, -5e-06, 0.34202, 0.0, -0.939693, 2.054742, 0.0, 1.0, 0.0, 0.733573, 0.0, 0.0, 0.0, 1.0],
                [0.939693, 0.0, 0.34202, -5e-06, 0.34202, 0.0, -0.939693, 2.053631, 0.0, 1.0, 0.0, 0.733644, 0.0, 0.0, 0.0, 1.0],
                [0.939693, 0.0, 0.34202, -5e-06, 0.34202, 0.0, -0.939693, 2.050366, 0.0, 1.0, 0.0, 0.733852, 0.0, 0.0, 0.0, 1.0],
                [0.939693, 0.0, 0.34202, -5e-06, 0.34202, 0.0, -0.939693, 2.045047, 0.0, 1.0, 0.0, 0.734192, 0.0, 0.0, 0.0, 1.0],
                [0.939693, 0.0, 0.34202, -5e-06, 0.34202, 0.0, -0.939693, 2.037773, 0.0, 1.0, 0.0, 0.734656, 0.0, 0.0, 0.0, 1.0],
                [0.939693, 0.0, 0.34202, -5e-06, 0.34202, 0.0, -0.939693, 2.028645, 0.0, 1.0, 0.0, 0.735239, 0.0, 0.0, 0.0, 1.0],
                [0.939693, 0.0, 0.34202, -5e-06, 0.34202, 0.0, -0.939693, 2.017764, 0.0, 1.0, 0.0, 0.735934, 0.0, 0.0, 0.0, 1.0],
                [0.939693, 0.0, 0.34202, -5e-06, 0.34202, 0.0, -0.939693, 2.005229, 0.0, 1.0, 0.0, 0.736734, 0.0, 0.0, 0.0, 1.0],
                [0.939693, 0.0, 0.34202, -5e-06, 0.34202, 0.0, -0.939693, 1.991141, 0.0, 1.0, 0.0, 0.737633, 0.0, 0.0, 0.0, 1.0],
                [0.939693, 0.0, 0.34202, -5e-06, 0.34202, 0.0, -0.939693, 1.975599, 0.0, 1.0, 0.0, 0.738625, 0.0, 0.0, 0.0, 1.0],
                [0.939693, 0.0, 0.34202, -5e-06, 0.34202, 0.0, -0.939693, 1.958705, 0.0, 1.0, 0.0, 0.739704, 0.0, 0.0, 0.0, 1.0],
                [0.939693, 0.0, 0.34202, -5e-06, 0.34202, 0.0, -0.939693, 1.940558, 0.0, 1.0, 0.0, 0.740862, 0.0, 0.0, 0.0, 1.0],
                [0.939693, 0.0, 0.34202, -5e-06, 0.34202, 0.0, -0.939693, 1.921259, 0.0, 1.0, 0.0, 0.742094, 0.0, 0.0, 0.0, 1.0],
                [0.939693, 0.0, 0.34202, -5e-06, 0.34202, 0.0, -0.939693, 1.900908, 0.0, 1.0, 0.0, 0.743394, 0.0, 0.0, 0.0, 1.0],
                [0.939693, 0.0, 0.34202, -5e-06, 0.34202, 0.0, -0.939693, 1.879604, 0.0, 1.0, 0.0, 0.744754, 0.0, 0.0, 0.0, 1.0],
                [0.939693, 0.0, 0.34202, -5e-06, 0.34202, 0.0, -0.939693, 1.857449, 0.0, 1.0, 0.0, 0.746168, 0.0, 0.0, 0.0, 1.0],
                [0.939693, 0.0, 0.34202, -5e-06, 0.34202, 0.0, -0.939693, 1.834542, 0.0, 1.0, 0.0, 0.74763, 0.0, 0.0, 0.0, 1.0],
                [0.939693, 0.0, 0.34202, -5e-06, 0.34202, 0.0, -0.939693, 1.810984, 0.0, 1.0, 0.0, 0.749134, 0.0, 0.0, 0.0, 1.0],
                [0.939693, 0.0, 0.34202, -5e-06, 0.34202, 0.0, -0.939693, 1.786875, 0.0, 1.0, 0.0, 0.750673, 0.0, 0.0, 0.0, 1.0],
                [0.939693, 0.0, 0.34202, -5e-06, 0.34202, 0.0, -0.939693, 1.762314, 0.0, 1.0, 0.0, 0.752241, 0.0, 0.0, 0.0, 1.0],
                [0.939693, 0.0, 0.34202, -5e-06, 0.34202, 0.0, -0.939693, 1.737403, 0.0, 1.0, 0.0, 0.753832, 0.0, 0.0, 0.0, 1.0],
                [0.939693, 0.0, 0.34202, -5e-06, 0.34202, 0.0, -0.939693, 1.712242, 0.0, 1.0, 0.0, 0.755438, 0.0, 0.0, 0.0, 1.0],
                [0.939693, 0.0, 0.34202, -5e-06, 0.34202, 0.0, -0.939693, 1.68693, 0.0, 1.0, 0.0, 0.757054, 0.0, 0.0, 0.0, 1.0],
                [0.939693, 0.0, 0.34202, -5e-06, 0.34202, 0.0, -0.939693, 1.661568, 0.0, 1.0, 0.0, 0.758673, 0.0, 0.0, 0.0, 1.0],
                [0.939693, 0.0, 0.34202, -5e-06, 0.34202, 0.0, -0.939693, 1.636256, 0.0, 1.0, 0.0, 0.760289, 0.0, 0.0, 0.0, 1.0],
                [0.939693, 0.0, 0.34202, -5e-06, 0.34202, 0.0, -0.939693, 1.611094, 0.0, 1.0, 0.0, 0.761895, 0.0, 0.0, 0.0, 1.0],
                [0.939693, 0.0, 0.34202, -5e-06, 0.34202, 0.0, -0.939693, 1.586183, 0.0, 1.0, 0.0, 0.763485, 0.0, 0.0, 0.0, 1.0],
                [0.939693, 0.0, 0.34202, -5e-06, 0.34202, 0.0, -0.939693, 1.561623, 0.0, 1.0, 0.0, 0.765053, 0.0, 0.0, 0.0, 1.0],
                [0.939693, 0.0, 0.34202, -5e-06, 0.34202, 0.0, -0.939693, 1.537513, 0.0, 1.0, 0.0, 0.766592, 0.0, 0.0, 0.0, 1.0],
                [0.939693, 0.0, 0.34202, -5e-06, 0.34202, 0.0, -0.939693, 1.513955, 0.0, 1.0, 0.0, 0.768096, 0.0, 0.0, 0.0, 1.0],
                [0.939693, 0.0, 0.34202, -5e-06, 0.34202, 0.0, -0.939693, 1.491048, 0.0, 1.0, 0.0, 0.769559, 0.0, 0.0, 0.0, 1.0],
                [0.939693, 0.0, 0.34202, -5e-06, 0.34202, 0.0, -0.939693, 1.468893, 0.0, 1.0, 0.0, 0.770973, 0.0, 0.0, 0.0, 1.0],
                [0.939693, 0.0, 0.34202, -5e-06, 0.34202, 0.0, -0.939693, 1.44759, 0.0, 1.0, 0.0, 0.772333, 0.0, 0.0, 0.0, 1.0],
                [0.939693, 0.0, 0.34202, -5e-06, 0.34202, 0.0, -0.939693, 1.427238, 0.0, 1.0, 0.0, 0.773632, 0.0, 0.0, 0.0, 1.0],
                [0.939693, 0.0, 0.34202, -5e-06, 0.34202, 0.0, -0.939693, 1.407939, 0.0, 1.0, 0.0, 0.774864, 0.0, 0.0, 0.0, 1.0],
                [0.939693, 0.0, 0.34202, -5e-06, 0.34202, 0.0, -0.939693, 1.389792, 0.0, 1.0, 0.0, 0.776023, 0.0, 0.0, 0.0, 1.0],
                [0.939693, 0.0, 0.34202, -5e-06, 0.34202, 0.0, -0.939693, 1.372898, 0.0, 1.0, 0.0, 0.777101, 0.0, 0.0, 0.0, 1.0],
                [0.939693, 0.0, 0.34202, -5e-06, 0.34202, 0.0, -0.939693, 1.357357, 0.0, 1.0, 0.0, 0.778093, 0.0, 0.0, 0.0, 1.0],
                [0.939693, 0.0, 0.34202, -5e-06, 0.34202, 0.0, -0.939693, 1.343269, 0.0, 1.0, 0.0, 0.778993, 0.0, 0.0, 0.0, 1.0],
                [0.939693, 0.0, 0.34202, -5e-06, 0.34202, 0.0, -0.939693, 1.330734, 0.0, 1.0, 0.0, 0.779793, 0.0, 0.0, 0.0, 1.0],
                [0.939693, 0.0, 0.34202, -5e-06, 0.34202, 0.0, -0.939693, 1.319852, 0.0, 1.0, 0.0, 0.780488, 0.0, 0.0, 0.0, 1.0],
                [0.939693, 0.0, 0.34202, -5e-06, 0.34202, 0.0, -0.939693, 1.310725, 0.0, 1.0, 0.0, 0.78107, 0.0, 0.0, 0.0, 1.0],
                [0.939693, 0.0, 0.34202, -5e-06, 0.34202, 0.0, -0.939693, 1.303451, 0.0, 1.0, 0.0, 0.781535, 0.0, 0.0, 0.0, 1.0],
                [0.939693, 0.0, 0.34202, -5e-06, 0.34202, 0.0, -0.939693, 1.298131, 0.0, 1.0, 0.0, 0.781874, 0.0, 0.0, 0.0, 1.0],
                [0.939693, 0.0, 0.34202, -5e-06, 0.34202, 0.0, -0.939693, 1.294866, 0.0, 1.0, 0.0, 0.782083, 0.0, 0.0, 0.0, 1.0],
                [0.939693, 0.0, 0.34202, -5e-06, 0.34202, 0.0, -0.939693, 1.293755, 0.0, 1.0, 0.0, 0.782154, 0.0, 0.0, 0.0, 1.0],
                [0.939693, 0.0, 0.34202, -5e-06, 0.34202, 0.0, -0.939693, 1.293755, 0.0, 1.0, 0.0, 0.782154, 0.0, 0.0, 0.0, 1.0],
                [0.939693, 0.0, 0.34202, -5e-06, 0.34202, 0.0, -0.939693, 1.293755, 0.0, 1.0, 0.0, 0.782154, 0.0, 0.0, 0.0, 1.0],
                [0.939693, 0.0, 0.34202, -5e-06, 0.34202, 0.0, -0.939693, 1.293755, 0.0, 1.0, 0.0, 0.782154, 0.0, 0.0, 0.0, 1.0],
                [0.939693, 0.0, 0.34202, -5e-06, 0.34202, 0.0, -0.939693, 1.293755, 0.0, 1.0, 0.0, 0.782154, 0.0, 0.0, 0.0, 1.0],
                [0.939693, 0.0, 0.34202, -5e-06, 0.34202, 0.0, -0.939693, 1.293755, 0.0, 1.0, 0.0, 0.782154, 0.0, 0.0, 0.0, 1.0],
                [0.939693, 0.0, 0.34202, -5e-06, 0.34202, 0.0, -0.939693, 1.293755, 0.0, 1.0, 0.0, 0.782154, 0.0, 0.0, 0.0, 1.0],
                [0.939693, 0.0, 0.34202, -5e-06, 0.34202, 0.0, -0.939693, 1.293755, 0.0, 1.0, 0.0, 0.782154, 0.0, 0.0, 0.0, 1.0],
                [0.939693, 0.0, 0.34202, -5e-06, 0.34202, 0.0, -0.939693, 1.293755, 0.0, 1.0, 0.0, 0.782154, 0.0, 0.0, 0.0, 1.0],
                [0.939693, 0.0, 0.34202, -5e-06, 0.34202, 0.0, -0.939693, 1.293755, 0.0, 1.0, 0.0, 0.782154, 0.0, 0.0, 0.0, 1.0]
            ]
        },
        {
            "name": "Thigh_R",
            "time": [0.0, 0.0167, 0.0333, 0.05, 0.0667, 0.0833, 0.1, 0.1167, 0.1333, 0.15, 0.1667, 0.1833, 0.2, 0.2167, 0.2333, 0.25, 0.2667, 0.2833, 0.3, 0.3167, 0.3333, 0.35, 0.3667, 0.3833, 0.4, 0.4167, 0.4333, 0.45, 0.4667, 0.4833, 0.5, 0.5167, 0.5333, 0.55, 0.5667, 0.5833, 0.6, 0.6167, 0.6333, 0.65, 0.6667, 0.6833, 0.7, 0.7167, 0.7333, 0.75, 0.7667, 0.7833, 0.8, 0.8167, 0.8333, 0.85, 0.8667, 0.8833, 0.9, 0.9167, 0.9333, 0.95, 0.9667, 0.9833, 1.0, 1.0167, 1.0333, 1.05, 1.0667, 1.0833, 1.1, 1.1167, 1.1333, 1.15, 1.1667, 1.1833, 1.2, 1.2167, 1.2333, 1.25, 1.2667, 1.2833, 1.3, 1.3167, 1.3333, 1.35, 1.3667, 1.3833, 1.4, 1.4167, 1.4333, 1.45, 1.4667, 1.4833, 1.5, 1.5167, 1.5333, 1.55, 1.5667, 1.5833, 1.6, 1.6167, 1.6333, 1.65, 1.6667, 1.6833, 1.7, 1.7167, 1.7333, 1.75, 1.7667, 1.7833, 1.8, 1.8167, 1.8333, 1.85, 1.8667, 1.8833, 1.9, 1.9167, 1.9333, 1.95, 1.9667, 1.9833, 2.0, 2.0167, 2.0333, 2.05, 2.0667, 2.0833, 2.1, 2.1167, 2.1333, 2.15, 2.1667, 2.1833, 2.2, 2.2167, 2.2333, 2.25, 2.2667, 2.2833, 2.3, 2.3167, 2.3333, 2.35, 2.3667, 2.3833, 2.4, 2.4167, 2.4333, 2.45, 2.4667, 2.4833, 2.7333],
            "transform": [
                [0.940205, 0.311038, 0.138815, 0.124994, 0.075338, -0.587362, 0.805809, -0.002831, 0.332172, -0.747168, -0.575674, -1.2e-05, 0.0, 0.0, 0.0, 1.0],
                [0.940205, 0.310969, 0.138971, 0.124994, 0.075338, -0.587765, 0.805516, -0.002831, 0.332172, -0.74688, -0.576048, -1.2e-05, 0.0, 0.0, 0.0, 1.0],
                [0.940205, 0.310766, 0.139424, 0.124994, 0.075338, -0.588939, 0.804658, -0.002831, 0.332172, -0.74604, -0.577136, -1.2e-05, 0.0, 0.0, 0.0, 1.0],
                [0.940205, 0.310437, 0.140154, 0.124994, 0.075338, -0.590829, 0.803271, -0.002831, 0.332172, -0.744681, -0.578889, -1.2e-05, 0.0, 0.0, 0.0, 1.0],
                [0.940205, 0.30999, 0.141141, 0.124994, 0.075338, -0.593382, 0.801387, -0.002831, 0.332172, -0.742835, -0.581255, -1.2e-05, 0.0, 0.0, 0.0, 1.0],
                [0.940205, 0.30943, 0.142364, 0.124994, 0.075338, -0.596542, 0.799038, -0.002831, 0.332172, -0.740534, -0.584184, -1.2e-05, 0.0, 0.0, 0.0, 1.0],
                [0.940205, 0.308764, 0.143802, 0.124994, 0.075338, -0.600253, 0.796254, -0.002831, 0.332172, -0.737808, -0.587623, -1.2e-05, 0.0, 0.0, 0.0, 1.0],
                [0.940205, 0.307999, 0.145434, 0.124994, 0.075338, -0.604458, 0.793067, -0.002831, 0.332172, -0.734689, -0.591518, -1.2e-05, 0.0, 0.0, 0.0, 1.0],
                [0.940205, 0.30714, 0.147239, 0.124994, 0.075338, -0.609101, 0.789506, -0.002831, 0.332172, -0.731205, -0.595819, -1.2e-05, 0.0, 0.0, 0.0, 1.0],
                [0.940205, 0.306195, 0.149195, 0.124994, 0.075338, -0.614125, 0.785604, -0.002831, 0.332172, -0.727389, -0.600472, -1.2e-05, 0.0, 0.0, 0.0, 1.0],
                [0.940205, 0.305169, 0.151282, 0.124994, 0.075338, -0.619475, 0.781393, -0.002831, 0.332172, -0.723272, -0.605425, -1.2e-05, 0.0, 0.0, 0.0, 1.0],
                [0.940205, 0.30407, 0.15348, 0.124994, 0.075338, -0.625095, 0.776904, -0.002831, 0.332172, -0.718886, -0.610626, -1.2e-05, 0.0, 0.0, 0.0, 1.0],
                [0.940205, 0.302905, 0.155766, 0.124994, 0.075338, -0.63093, 0.772173, -0.002831, 0.332172, -0.714266, -0.616024, -1.2e-05, 0.0, 0.0, 0.0, 1.0],
                [0.940205, 0.301682, 0.158121, 0.124994, 0.075338, -0.636927, 0.767234, -0.002831, 0.332172, -0.709445, -0.62157, -1.2e-05, 0.0, 0.0, 0.0, 1.0],
                [0.940205, 0.30041, 0.160524, 0.124994, 0.075338, -0.643031, 0.762125, -0.002831, 0.332172, -0.70446, -0.627214, -1.2e-05, 0.0, 0.0, 0.0, 1.0],
                [0.940205, 0.299098, 0.162956, 0.124994, 0.075338, -0.649192, 0.756884, -0.002831, 0.332172, -0.69935, -0.632907, -1.2e-05, 0.0, 0.0, 0.0, 1.0],
                [0.940205, 0.297756, 0.165396, 0.124994, 0.075338, -0.655358, 0.751551, -0.002831, 0.332172, -0.694152, -0.638604, -1.2e-05, 0.0, 0.0, 0.0, 1.0],
                [0.940205, 0.296394, 0.167825, 0.124994, 0.075338, -0.661481, 0.746168, -0.002831, 0.332172, -0.688908, -0.644258, -1.2e-05, 0.0, 0.0, 0.0, 1.0],
                [0.940205, 0.295023, 0.170223, 0.124994, 0.075338, -0.667512, 0.740778, -0.002831, 0.332172, -0.683659, -0.649825, -1.2e-05, 0.0, 0.0, 0.0, 1.0],
                [0.940205, 0.293654, 0.172573, 0.124994, 0.075338, -0.673404, 0.735426, -0.002831, 0.332172, -0.67845, -0.655261, -1.2e-05, 0.0, 0.0, 0.0, 1.0],
                [0.940205, 0.292301, 0.174855, 0.124994, 0.075338, -0.679113, 0.730157, -0.002831, 0.332172, -0.673324, -0.660527, -1.2e-05, 0.0, 0.0, 0.0, 1.0],
                [0.940205, 0.290976, 0.177053, 0.124994, 0.075338, -0.684594, 0.72502, -0.002831, 0.332172, -0.668329, -0.665581, -1.2e-05, 0.0, 0.0, 0.0, 1.0],
                [0.940205, 0.289691, 0.179147, 0.124994, 0.075338, -0.689806, 0.720064, -0.002831, 0.332172, -0.663511, -0.670384, -1.2e-05, 0.0, 0.0, 0.0, 1.0],
                [0.940205, 0.288461, 0.181121, 0.124994, 0.075338, -0.694707, 0.715337, -0.002831, 0.332172, -0.658918, -0.674899, -1.2e-05, 0.0, 0.0, 0.0, 1.0],
                [0.940205, 0.287299, 0.182957, 0.124994, 0.075338, -0.699256, 0.71089, -0.002831, 0.332172, -0.654599, -0.679089, -1.2e-05, 0.0, 0.0, 0.0, 1.0],
                [0.940205, 0.286221, 0.18464, 0.124994, 0.075338, -0.703415, 0.706775, -0.002831, 0.332172, -0.650603, -0.682918, -1.2e-05, 0.0, 0.0, 0.0, 1.0],
                [0.940205, 0.28524, 0.186152, 0.124994, 0.075338, -0.707145, 0.703043, -0.002831, 0.332172, -0.64698, -0.686351, -1.2e-05, 0.0, 0.0, 0.0, 1.0],
                [0.940205, 0.284371, 0.187477, 0.124994, 0.075338, -0.710408, 0.699746, -0.002831, 0.332172, -0.64378, -0.689354, -1.2e-05, 0.0, 0.0, 0.0, 1.0],
                [0.940205, 0.283628, 0.188598, 0.124994, 0.075338, -0.713166, 0.696935, -0.002831, 0.332172, -0.641053, -0.69189, -1.2e-05, 0.0, 0.0, 0.0, 1.0],
                [0.940205, 0.283027, 0.1895, 0.124994, 0.075338, -0.71538, 0.694662, -0.002831, 0.332172, -0.638848, -0.693927, -1.2e-05, 0.0, 0.0, 0.0, 1.0],
                [0.940205, 0.282581, 0.190165, 0.124994, 0.075338, -0.717011, 0.692978, -0.002831, 0.332172, -0.637215, -0.695427, -1.2e-05, 0.0, 0.0, 0.0, 1.0],
                [0.940205, 0.282303, 0.190576, 0.124994, 0.075338, -0.71802, 0.691932, -0.002831, 0.332172, -0.636201, -0.696355, -1.2e-05, 0.0, 0.0, 0.0, 1.0],
                [0.940205, 0.282208, 0.190718, 0.124994, 0.075338, -0.718367, 0.691573, -0.002831, 0.332172, -0.635852, -0.696673, -1.2e-05, 0.0, 0.0, 0.0, 1.0],
                [0.940205, 0.282208, 0.190718, 0.124994, 0.075338, -0.718367, 0.691573, -0.002831, 0.332172, -0.635852, -0.696673, -1.2e-05, 0.0, 0.0, 0.0, 1.0],
                [0.940205, 0.282208, 0.190718, 0.124994, 0.075338, -0.718367, 0.691573, -0.002831, 0.332172, -0.635852, -0.696673, -1.2e-05, 0.0, 0.0, 0.0, 1.0],
                [0.940205, 0.282208, 0.190717, 0.124994, 0.075338, -0.718367, 0.691573, -0.002831, 0.332172, -0.635852, -0.696673, -1.2e-05, 0.0, 0.0, 0.0, 1.0],
                [0.941585, 0.276983, 0.191566, 0.124994, 0.078764, -0.734169, 0.674383, -0.002831, 0.327435, -0.6199, -0.713099, -1.2e-05, 0.0, 0.0, 0.0, 1.0],
                [0.945418, 0.262364, 0.193261, 0.124994, 0.087641, -0.775952, 0.624673, -0.002831, 0.313853, -0.57364, -0.756593, -1.2e-05, 0.0, 0.0, 0.0, 1.0],
                [0.951229, 0.239895, 0.193942, 0.124994, 0.099316, -0.833372, 0.543715, -0.002831, 0.292061, -0.497936, -0.816554, -1.2e-05, 0.0, 0.0, 0.0, 1.0],
                [0.958432, 0.211509, 0.191499, 0.124994, 0.110698, -0.894252, 0.433658, -0.002831, 0.262971, -0.394433, -0.880494, -1.2e-05, 0.0, 0.0, 0.0, 1.0],
                [0.966278, 0.179836, 0.184301, 0.124994, 0.118837, -0.946381, 0.3004, -0.002831, 0.228441, -0.268369, -0.935838, -1.2e-05, 0.0, 0.0, 0.0, 1.0],
                [0.97393, 0.148017, 0.171907, 0.124994, 0.121717, -0.980449, 0.154611, -0.002831, 0.191431, -0.129656, -0.972905, -1.2e-05, 0.0, 0.0, 0.0, 1.0],
                [0.980645, 0.119064, 0.155432, 0.124994, 0.118929, -0.99285, 0.010199, -0.002831, 0.155535, 0.008484, -0.987794, -1.2e-05, 0.0, 0.0, 0.0, 1.0],
                [0.985949, 0.095149, 0.137298, 0.124994, 0.111772, -0.986592, -0.118924, -0.002831, 0.124141, 0.132599, -0.983365, -1.2e-05, 0.0, 0.0, 0.0, 1.0],
                [0.989693, 0.07728, 0.120563, 0.124994, 0.102721, -0.969699, -0.221659, -0.002831, 0.09978, 0.231758, -0.967643, -1.2e-05, 0.0, 0.0, 0.0, 1.0],
                [0.991961, 0.065552, 0.108246, 0.124994, 0.094616, -0.952212, -0.290414, -0.002831, 0.084036, 0.298321, -0.950759, -1.2e-05, 0.0, 0.0, 0.0, 1.0],
                [0.992885, 0.059805, 0.102972, 0.124994, 0.089958, -0.943292, -0.319543, -0.002831, 0.078023, 0.326532, -0.94196, -1.2e-05, 0.0, 0.0, 0.0, 1.0],
                [0.993143, 0.057146, 0.101986, 0.124994, 0.087704, -0.941023, -0.326776, -0.002831, 0.077297, 0.33348, -0.939583, -1.2e-05, 0.0, 0.0, 0.0, 1.0],
                [0.993387, 0.054583, 0.101013, 0.124994, 0.085519, -0.938773, -0.333752, -0.002831, 0.076611, 0.340184, -0.937233, -1.2e-05, 0.0, 0.0, 0.0, 1.0],
                [0.993616, 0.052112, 0.100054, 0.124994, 0.083404, -0.936546, -0.340478, -0.002831, 0.075962, 0.346649, -0.934914, -1.2e-05, 0.0, 0.0, 0.0, 1.0],
                [0.993833, 0.049733, 0.099112, 0.124994, 0.081358, -0.934345, -0.346958, -0.002831, 0.075349, 0.352882, -0.932629, -1.2e-05, 0.0, 0.0, 0.0, 1.0],
