{
    "armature": {
        "joints": ["Root", "Thigh_R", "Leg_R", "Knee_R", "Thigh_L", "Leg_L", "Knee_L", "Torso", "Chest", "Head", "Shoulder_R", "Arm_R", "Hand_R", "Tool_R", "Elbow_R", "Shoulder_L", "Arm_L", "Hand_L", "Tool_L", "Elbow_L"],
        "hierarchy": [
            {
                "name": "Root",
                "transform": [1.0, 0.0, 0.0, -5e-06, 0.0, 0.0, -1.0, 0.000946, 0.0, 1.0, 0.0, 0.763972, 0.0, 0.0, 0.0, 1.0],
                "children": [
                    {
                        "name": "Thigh_R",
                        "transform": [1.0, -0.0, -0.0, 0.124994, -0.0, -1.0, 0.0, -0.002831, -0.0, -0.0, -1.0, -1.2e-05, 0.0, 0.0, 0.0, 1.0],
                        "children": [
                            {
                                "name": "Leg_R",
                                "transform": [1.0, 0.0, 1e-06, 0.0, -0.0, 1.0, 0.0, 0.37472, -1e-06, -0.0, 1.0, -0.0, 0.0, 0.0, 0.0, 1.0],
                                "children": []
                            },
                            {
                                "name": "Knee_R",
                                "transform": [1.0, 0.0, -0.0, 0.0, -0.0, 0.0, -1.0, 0.37472, -0.0, 1.0, 0.0, -0.0, 0.0, 0.0, 0.0, 1.0],
                                "children": []
                            }
                        ]
                    },
                    {
                        "name": "Thigh_L",
                        "transform": [1.0, -0.0, -0.0, -0.125006, -0.0, -1.0, 0.0, -0.002831, -0.0, -0.0, -1.0, -1.2e-05, 0.0, 0.0, 0.0, 1.0],
                        "children": [
                            {
                                "name": "Leg_L",
                                "transform": [1.0, 0.0, 1e-06, -0.0, -0.0, 1.0, 0.0, 0.37472, -1e-06, -0.0, 1.0, 0.0, 0.0, 0.0, 0.0, 1.0],
                                "children": []
                            },
                            {
                                "name": "Knee_L",
                                "transform": [1.0, 0.0, -0.0, -0.0, -0.0, 0.0, -1.0, 0.37472, -0.0, 1.0, 0.0, 0.0, 0.0, 0.0, 0.0, 1.0],
                                "children": []
                            }
                        ]
                    },
                    {
                        "name": "Torso",
                        "transform": [1.0, 0.0, 0.0, 0.0, 0.0, 1.0, 0.0, 0.05, 0.0, 0.0, 1.0, 0.0, 0.0, 0.0, 0.0, 1.0],
                        "children": [
                            {
                                "name": "Chest",
                                "transform": [1.0, 0.0, 0.0, 0.0, 0.0, 1.0, 0.0, 0.3, 0.0, 0.0, 1.0, 0.0, 0.0, 0.0, 0.0, 1.0],
                                "children": [
                                    {
                                        "name": "Head",
                                        "transform": [1.0, 0.0, 0.0, 0.0, 0.0, 1.0, 0.0, 0.4, 0.0, 0.0, 1.0, 0.0, 0.0, 0.0, 0.0, 1.0],
                                        "children": []
                                    },
                                    {
                                        "name": "Shoulder_R",
                                        "transform": [0.0, 0.952114, 0.305743, 0.0, 0.0, -0.305743, 0.952114, 0.4, 1.0, 0.0, -0.0, 0.0, 0.0, 0.0, 0.0, 1.0],
                                        "children": [
                                            {
                                                "name": "Arm_R",
                                                "transform": [0.0, -0.0, -1.0, -0.0, 0.952114, 0.305743, 0.0, 0.39386, 0.305743, -0.952114, 0.0, 0.0, 0.0, 0.0, 0.0, 1.0],
                                                "children": [
                                                    {
                                                        "name": "Hand_R",
                                                        "transform": [1.0, 0.0, 0.0, 0.0, -0.0, 0.993938, 0.109947, 0.3, -0.0, -0.109947, 0.993937, 0.0, 0.0, 0.0, 0.0, 1.0],
                                                        "children": [
                                                            {
                                                                "name": "Tool_R",
                                                                "transform": [1.0, 0.0, 0.0, -0.0, 0.0, -0.999836, 0.018122, 0.272858, 0.0, -0.018122, -0.999836, 0.0, 0.0, 0.0, 0.0, 1.0],
                                                                "children": []
                                                            }
                                                        ]
                                                    },
                                                    {
                                                        "name": "Elbow_R",
                                                        "transform": [-1.0, 0.0, -0.0, 0.0, 0.0, 0.0, -1.0, 0.3, -0.0, -1.0, -0.0, 0.0, 0.0, 0.0, 0.0, 1.0],
                                                        "children": []
                                                    }
                                                ]
                                            }
                                        ]
                                    },
                                    {
                                        "name": "Shoulder_L",
                                        "transform": [-0.0, -0.952114, -0.305743, 0.0, 0.0, -0.305743, 0.952114, 0.4, -1.0, 0.0, 0.0, 0.0, 0.0, 0.0, 0.0, 1.0],
                                        "children": [
                                            {
                                                "name": "Arm_L",
                                                "transform": [-0.0, -0.0, 1.0, -0.0, -0.952114, 0.305743, -0.0, 0.39386, -0.305743, -0.952114, -0.0, 0.0, 0.0, 0.0, 0.0, 1.0],
                                                "children": [
                                                    {
                                                        "name": "Hand_L",
                                                        "transform": [1.0, -0.0, 0.0, -0.0, 0.0, 0.993937, 0.109947, 0.3, -0.0, -0.109947, 0.993937, 0.0, 0.0, 0.0, 0.0, 1.0],
                                                        "children": [
                                                            {
                                                                "name": "Tool_L",
                                                                "transform": [1.0, 0.0, 0.0, -0.0, -0.0, -0.999836, 0.018122, 0.272858, 0.0, -0.018122, -0.999836, -0.0, 0.0, 0.0, 0.0, 1.0],
                                                                "children": []
                                                            }
                                                        ]
                                                    },
                                                    {
                                                        "name": "Elbow_L",
                                                        "transform": [-1.0, 0.0, -0.0, -0.0, 0.0, -0.0, -1.0, 0.3, -0.0, -1.0, 0.0, 0.0, 0.0, 0.0, 0.0, 1.0],
                                                        "children": []
                                                    }
                                                ]
                                            }
                                        ]
                                    }
                                ]
                            }
                        ]
                    }
                ]
            }
        ]
    },
    "animation": [
        {
            "name": "Root",
            "time": [0.0, 0.0167, 0.0333, 0.05, 0.0667, 0.0833, 0.1, 0.1167, 0.1333, 0.15, 0.1667, 0.1833, 0.2, 0.2167, 0.2333, 0.25, 0.2667, 0.2833, 0.3, 0.3167, 0.3333, 0.35, 0.3667, 0.3833, 0.4, 0.4167, 0.4333, 0.45, 0.4667, 0.4833, 0.5, 0.5167, 0.5333, 0.55, 0.5667, 0.5833, 0.6, 0.6167, 0.6333, 0.65, 0.6667, 0.6833, 0.7, 0.7167, 0.7333, 0.75, 0.7667, 0.7833, 0.8, 0.8167, 0.8333, 0.85, 0.8667, 0.8833, 0.9, 0.9167, 0.9333, 0.95, 0.9667, 0.9833, 1.0, 1.0167, 1.0333, 1.05, 1.0667, 1.0833, 1.1, 1.1167, 1.1333, 1.15, 1.1667, 1.1833, 1.2, 1.2167, 1.2333, 1.25, 1.2667, 1.2833, 1.3, 1.3167, 1.3333, 1.35, 1.3667, 1.3833, 1.4, 1.4167, 1.4333, 1.45, 1.4667, 1.4833, 1.5, 1.5167, 1.5333, 1.55, 1.5667, 1.5833, 1.6, 1.6167, 1.6333, 1.65, 1.6667, 1.6833, 1.7, 1.7167, 1.7333, 1.75, 1.7667, 1.7833, 1.8, 1.8167, 1.8333, 1.85, 1.8667, 1.8833, 1.9, 1.9167, 1.9333, 1.95, 1.9667, 1.9833, 2.0, 2.0167, 2.3667],
            "transform": [
                [1.0, 0.0, 0.0, -5e-06, 0.0, 0.0, -1.0, 0.000946, 0.0, 1.0, 0.0, 0.763972, 0.0, 0.0, 0.0, 1.0],
                [1.0, 0.0, 0.0, -5e-06, 0.0, 0.0, -1.0, 0.016124, 0.0, 1.0, 0.0, 0.762215, 0.0, 0.0, 0.0, 1.0],
                [1.0, 0.0, 0.0, -5e-06, 0.0, 0.0, -1.0, 0.059026, 0.0, 1.0, 0.0, 0.757398, 0.0, 0.0, 0.0, 1.0],
                [1.0, 0.0, 0.0, -5e-06, 0.0, 0.0, -1.0, 0.125711, 0.0, 1.0, 0.0, 0.750201, 0.0, 0.0, 0.0, 1.0],
                [1.0, 0.0, 0.0, -5e-06, 0.0, 0.0, -1.0, 0.212235, 0.0, 1.0, 0.0, 0.741304, 0.0, 0.0, 0.0, 1.0],
                [1.0, 0.0, 0.0, -5e-06, 0.0, 0.0, -1.0, 0.314655, 0.0, 1.0, 0.0, 0.731387, 0.0, 0.0, 0.0, 1.0],
                [1.0, 0.0, 0.0, -5e-06, 0.0, 0.0, -1.0, 0.429027, 0.0, 1.0, 0.0, 0.72113, 0.0, 0.0, 0.0, 1.0],
                [1.0, 0.0, 0.0, -5e-06, 0.0, 0.0, -1.0, 0.55141, 0.0, 1.0, 0.0, 0.711213, 0.0, 0.0, 0.0, 1.0],
                [1.0, 0.0, 0.0, -5e-06, 0.0, 0.0, -1.0, 0.677859, 0.0, 1.0, 0.0, 0.702316, 0.0, 0.0, 0.0, 1.0],
                [1.0, 0.0, 0.0, -5e-06, 0.0, 0.0, -1.0, 0.804431, 0.0, 1.0, 0.0, 0.695119, 0.0, 0.0, 0.0, 1.0],
                [1.0, 0.0, 0.0, -5e-06, 0.0, 0.0, -1.0, 0.927184, 0.0, 1.0, 0.0, 0.690302, 0.0, 0.0, 0.0, 1.0],
                [1.0, 0.0, 0.0, -5e-06, 0.0, 0.0, -1.0, 1.042173, 0.0, 1.0, 0.0, 0.688546, 0.0, 0.0, 0.0, 1.0],
                [0.999454, 0.0, -0.033043, -5e-06, -0.033043, 0.0, -0.999454, 1.145811, 0.0, 1.0, 0.0, 0.688546, 0.0, 0.0, 0.0, 1.0],
                [0.994388, 0.0, -0.105797, -5e-06, -0.105797, 0.0, -0.994388, 1.235927, 0.0, 1.0, 0.0, 0.688546, 0.0, 0.0, 0.0, 1.0],
                [0.984003, 0.0, -0.178155, -5e-06, -0.178155, 0.0, -0.984003, 1.310705, 0.0, 1.0, 0.0, 0.688546, 0.0, 0.0, 0.0, 1.0],
                [0.977539, 0.0, -0.210756, -5e-06, -0.210756, 0.0, -0.977539, 1.368329, 0.0, 1.0, 0.0, 0.688546, 0.0, 0.0, 0.0, 1.0],
                [0.977539, 0.0, -0.210756, -5e-06, -0.210756, 0.0, -0.977539, 1.408266, 0.0, 1.0, 0.0, 0.688546, 0.0, 0.0, 0.0, 1.0],
                [0.977539, 0.0, -0.210756, -5e-06, -0.210756, 0.0, -0.977539, 1.433693, 0.0, 1.0, 0.0, 0.688546, 0.0, 0.0, 0.0, 1.0],
                [0.977539, 0.0, -0.210756, -5e-06, -0.210756, 0.0, -0.977539, 1.448355, 0.0, 1.0, 0.0, 0.688546, 0.0, 0.0, 0.0, 1.0],
                [0.977539, 0.0, -0.210756, -5e-06, -0.210756, 0.0, -0.977539, 1.455998, 0.0, 1.0, 0.0, 0.688546, 0.0, 0.0, 0.0, 1.0],
                [0.977539, 0.0, -0.210756, -5e-06, -0.210756, 0.0, -0.977539, 1.460368, 0.0, 1.0, 0.0, 0.688546, 0.0, 0.0, 0.0, 1.0],
                [0.977539, 0.0, -0.210756, -5e-06, -0.210756, 0.0, -0.977539, 1.465211, 0.0, 1.0, 0.0, 0.688546, 0.0, 0.0, 0.0, 1.0],
                [0.976861, 0.0, -0.213876, -5e-06, -0.213876, 0.0, -0.976861, 1.473592, 0.0, 1.0, 0.0, 0.688249, 0.0, 0.0, 0.0, 1.0],
                [0.974952, 0.0, -0.222417, -5e-06, -0.222417, 0.0, -0.974952, 1.485859, 0.0, 1.0, 0.0, 0.687437, 0.0, 0.0, 0.0, 1.0],
                [0.97196, 0.0, -0.235145, -5e-06, -0.235145, 0.0, -0.97196, 1.50168, 0.0, 1.0, 0.0, 0.686224, 0.0, 0.0, 0.0, 1.0],
                [0.968035, 0.0, -0.250816, -5e-06, -0.250816, 0.0, -0.968035, 1.520725, 0.0, 1.0, 0.0, 0.684724, 0.0, 0.0, 0.0, 1.0],
                [0.963364, 0.0, -0.268197, -5e-06, -0.268197, 0.0, -0.963364, 1.54266, 0.0, 1.0, 0.0, 0.683053, 0.0, 0.0, 0.0, 1.0],
                [0.95821, 0.0, -0.286067, -5e-06, -0.286067, 0.0, -0.95821, 1.567154, 0.0, 1.0, 0.0, 0.681323, 0.0, 0.0, 0.0, 1.0],
                [0.952916, 0.0, -0.303234, -5e-06, -0.303234, 0.0, -0.952916, 1.593875, 0.0, 1.0, 0.0, 0.679652, 0.0, 0.0, 0.0, 1.0],
                [0.947911, 0.0, -0.318536, -5e-06, -0.318536, 0.0, -0.947911, 1.622491, 0.0, 1.0, 0.0, 0.678152, 0.0, 0.0, 0.0, 1.0],
                [0.943687, 0.0, -0.330841, -5e-06, -0.330841, 0.0, -0.943687, 1.652671, 0.0, 1.0, 0.0, 0.676939, 0.0, 0.0, 0.0, 1.0],
                [0.940773, 0.0, -0.339038, -5e-06, -0.339038, 0.0, -0.940773, 1.684083, 0.0, 1.0, 0.0, 0.676126, 0.0, 0.0, 0.0, 1.0],
                [0.939693, 0.0, -0.34202, -5e-06, -0.34202, 0.0, -0.939693, 1.716394, 0.0, 1.0, 0.0, 0.67583, 0.0, 0.0, 0.0, 1.0],
                [0.944597, 0.0, -0.328232, -5e-06, -0.328232, 0.0, -0.944597, 1.749789, 0.0, 1.0, 0.0, 0.676772, 0.0, 0.0, 0.0, 1.0],
                [0.95695, 0.0, -0.290254, -5e-06, -0.290254, 0.0, -0.95695, 1.786522, 0.0, 1.0, 0.0, 0.679127, 0.0, 0.0, 0.0, 1.0],
                [0.972473, 0.0, -0.233016, -5e-06, -0.233016, 0.0, -0.972473, 1.82936, 0.0, 1.0, 0.0, 0.682188, 0.0, 0.0, 0.0, 1.0],
                [0.98684, 0.0, -0.161698, -5e-06, -0.161698, 0.0, -0.98684, 1.881073, 0.0, 1.0, 0.0, 0.685249, 0.0, 0.0, 0.0, 1.0],
                [0.996632, 0.0, -0.081999, -5e-06, -0.081999, 0.0, -0.996632, 1.94443, 0.0, 1.0, 0.0, 0.687604, 0.0, 0.0, 0.0, 1.0],
                [1.0, 0.0, 0.0, -5e-06, 0.0, 0.0, -1.0, 2.022199, 0.0, 1.0, 0.0, 0.688546, 0.0, 0.0, 0.0, 1.0],
                [0.996893, 0.0, 0.078765, -5e-06, 0.078765, 0.0, -0.996893, 2.115649, 0.0, 1.0, 0.0, 0.688546, 0.0, 0.0, 0.0, 1.0],
                [0.988505, 0.0, 0.15119, -5e-06, 0.15119, 0.0, -0.988505, 2.220041, 0.0, 1.0, 0.0, 0.688546, 0.0, 0.0, 0.0, 1.0],
                [0.976637, 0.0, 0.214895, -5e-06, 0.214895, 0.0, -0.976637, 2.329138, 0.0, 1.0, 0.0, 0.688546, 0.0, 0.0, 0.0, 1.0],
                [0.963496, 0.0, 0.267724, -5e-06, 0.267724, 0.0, -0.963496, 2.436702, 0.0, 1.0, 0.0, 0.688546, 0.0, 0.0, 0.0, 1.0],
                [0.951472, 0.0, 0.307735, -5e-06, 0.307735, 0.0, -0.951472, 2.536494, 0.0, 1.0, 0.0, 0.688546, 0.0, 0.0, 0.0, 1.0],
                [0.942885, 0.0, 0.333117, -5e-06, 0.333117, 0.0, -0.942885, 2.622276, 0.0, 1.0, 0.0, 0.688546, 0.0, 0.0, 0.0, 1.0],
                [0.939693, 0.0, 0.34202, -5e-06, 0.34202, 0.0, -0.939693, 2.687809, 0.0, 1.0, 0.0, 0.688546, 0.0, 0.0, 0.0, 1.0],
                [0.939693, 0.0, 0.34202, -5e-06, 0.34202, 0.0, -0.939693, 2.729031, 0.0, 1.0, 0.0, 0.688546, 0.0, 0.0, 0.0, 1.0],
                [0.939693, 0.0, 0.34202, -5e-06, 0.34202, 0.0, -0.939693, 2.750576, 0.0, 1.0, 0.0, 0.688546, 0.0, 0.0, 0.0, 1.0],
                [0.939693, 0.0, 0.34202, -5e-06, 0.34202, 0.0, -0.939693, 2.759252, 0.0, 1.0, 0.0, 0.688546, 0.0, 0.0, 0.0, 1.0],
                [0.939693, 0.0, 0.34202, -5e-06, 0.34202, 0.0, -0.939693, 2.76187, 0.0, 1.0, 0.0, 0.688546, 0.0, 0.0, 0.0, 1.0],
                [0.939693, 0.0, 0.342018, -5e-06, 0.342018, 0.0, -0.939693, 2.764084, 0.0, 1.0, 0.0, 0.688546, 0.0, 0.0, 0.0, 1.0],
                [0.939699, 0.0, 0.342002, -5e-06, 0.342002, 0.0, -0.939699, 2.766933, 0.0, 1.0, 0.0, 0.688546, 0.0, 0.0, 0.0, 1.0],
                [0.939715, 0.0, 0.341958, -5e-06, 0.341958, 0.0, -0.939715, 2.770299, 0.0, 1.0, 0.0, 0.688546, 0.0, 0.0, 0.0, 1.0],
                [0.939746, 0.0, 0.341874, -5e-06, 0.341874, 0.0, -0.939746, 2.774066, 0.0, 1.0, 0.0, 0.688546, 0.0, 0.0, 0.0, 1.0],
                [0.939797, 0.0, 0.341735, -5e-06, 0.341735, 0.0, -0.939797, 2.778118, 0.0, 1.0, 0.0, 0.688546, 0.0, 0.0, 0.0, 1.0],
                [0.939872, 0.0, 0.341527, -5e-06, 0.341527, 0.0, -0.939872, 2.782337, 0.0, 1.0, 0.0, 0.688546, 0.0, 0.0, 0.0, 1.0],
                [0.939978, 0.0, 0.341236, -5e-06, 0.341236, 0.0, -0.939978, 2.786607, 0.0, 1.0, 0.0, 0.688546, 0.0, 0.0, 0.0, 1.0],
                [0.940118, 0.0, 0.34085, -5e-06, 0.34085, 0.0, -0.940118, 2.790812, 0.0, 1.0, 0.0, 0.688546, 0.0, 0.0, 0.0, 1.0],
                [0.940297, 0.0, 0.340354, -5e-06, 0.340354, 0.0, -0.940297, 2.794834, 0.0, 1.0, 0.0, 0.688546, 0.0, 0.0, 0.0, 1.0],
                [0.940522, 0.0, 0.339734, -5e-06, 0.339734, 0.0, -0.940522, 2.798558, 0.0, 1.0, 0.0, 0.688546, 0.0, 0.0, 0.0, 1.0],
                [0.940795, 0.0, 0.338977, -5e-06, 0.338977, 0.0, -0.940795, 2.801866, 0.0, 1.0, 0.0, 0.688546, 0.0, 0.0, 0.0, 1.0],
                [0.941122, 0.0, 0.338068, -5e-06, 0.338068, 0.0, -0.941122, 2.804641, 0.0, 1.0, 0.0, 0.688546, 0.0, 0.0, 0.0, 1.0],
                [0.941507, 0.0, 0.336994, -5e-06, 0.336994, 0.0, -0.941507, 2.806769, 0.0, 1.0, 0.0, 0.688546, 0.0, 0.0, 0.0, 1.0],
                [0.941954, 0.0, 0.335741, -5e-06, 0.335741, 0.0, -0.941954, 2.808131, 0.0, 1.0, 0.0, 0.688546, 0.0, 0.0, 0.0, 1.0],
                [0.942469, 0.0, 0.334295, -5e-06, 0.334295, 0.0, -0.942469, 2.80861, 0.0, 1.0, 0.0, 0.688546, 0.0, 0.0, 0.0, 1.0],
                [0.9431, 0.0, 0.332508, -5e-06, 0.332508, 0.0, -0.9431, 2.80793, 0.0, 1.0, 0.0, 0.688546, 0.0, 0.0, 0.0, 1.0],
                [0.943892, 0.0, 0.330255, -5e-06, 0.330255, 0.0, -0.943892, 2.805922, 0.0, 1.0, 0.0, 0.688546, 0.0, 0.0, 0.0, 1.0],
                [0.944833, 0.0, 0.327552, -5e-06, 0.327552, 0.0, -0.944833, 2.802634, 0.0, 1.0, 0.0, 0.688546, 0.0, 0.0, 0.0, 1.0],
                [0.945915, 0.0, 0.324416, -5e-06, 0.324416, 0.0, -0.945915, 2.798115, 0.0, 1.0, 0.0, 0.688546, 0.0, 0.0, 0.0, 1.0],
                [0.947126, 0.0, 0.320862, -5e-06, 0.320862, 0.0, -0.947126, 2.792413, 0.0, 1.0, 0.0, 0.688546, 0.0, 0.0, 0.0, 1.0],
                [0.948457, 0.0, 0.316907, -5e-06, 0.316907, 0.0, -0.948457, 2.785575, 0.0, 1.0, 0.0, 0.688546, 0.0, 0.0, 0.0, 1.0],
                [0.949896, 0.0, 0.312567, -5e-06, 0.312567, 0.0, -0.949896, 2.777651, 0.0, 1.0, 0.0, 0.688546, 0.0, 0.0, 0.0, 1.0],
                [0.951432, 0.0, 0.307858, -5e-06, 0.307858, 0.0, -0.951432, 2.768689, 0.0, 1.0, 0.0, 0.688546, 0.0, 0.0, 0.0, 1.0],
                [0.953056, 0.0, 0.302796, -5e-06, 0.302796, 0.0, -0.953056, 2.758737, 0.0, 1.0, 0.0, 0.688546, 0.0, 0.0, 0.0, 1.0],
                [0.954754, 0.0, 0.297397, -5e-06, 0.297397, 0.0, -0.954754, 2.747843, 0.0, 1.0, 0.0, 0.688546, 0.0, 0.0, 0.0, 1.0],
                [0.956517, 0.0, 0.291678, -5e-06, 0.291678, 0.0, -0.956517, 2.736056, 0.0, 1.0, 0.0, 0.688546, 0.0, 0.0, 0.0, 1.0],
                [0.958333, 0.0, 0.285655, -5e-06, 0.285655, 0.0, -0.958333, 2.723423, 0.0, 1.0, 0.0, 0.688546, 0.0, 0.0, 0.0, 1.0],
                [0.960191, 0.0, 0.279345, -5e-06, 0.279345, 0.0, -0.960191, 2.709994, 0.0, 1.0, 0.0, 0.688546, 0.0, 0.0, 0.0, 1.0],
                [0.962081, 0.0, 0.272764, -5e-06, 0.272764, 0.0, -0.962081, 2.695817, 0.0, 1.0, 0.0, 0.688546, 0.0, 0.0, 0.0, 1.0],
                [0.963992, 0.0, 0.265931, -5e-06, 0.265931, 0.0, -0.963992, 2.680938, 0.0, 1.0, 0.0, 0.688546, 0.0, 0.0, 0.0, 1.0],
                [0.965915, 0.0, 0.258861, -5e-06, 0.258861, 0.0, -0.965915, 2.665409, 0.0, 1.0, 0.0, 0.688546, 0.0, 0.0, 0.0, 1.0],
                [0.967839, 0.0, 0.251572, -5e-06, 0.251572, 0.0, -0.967839, 2.649275, 0.0, 1.0, 0.0, 0.688546, 0.0, 0.0, 0.0, 1.0],
                [0.969755, 0.0, 0.244082, -5e-06, 0.244082, 0.0, -0.969755, 2.632586, 0.0, 1.0, 0.0, 0.688546, 0.0, 0.0, 0.0, 1.0],
                [0.971653, 0.0, 0.23641, -5e-06, 0.23641, 0.0, -0.971653, 2.61539, 0.0, 1.0, 0.0, 0.688546, 0.0, 0.0, 0.0, 1.0],
                [0.973527, 0.0, 0.228572, -5e-06, 0.228572, 0.0, -0.973527, 2.597735, 0.0, 1.0, 0.0, 0.688546, 0.0, 0.0, 0.0, 1.0],
                [0.975367, 0.0, 0.220588, -5e-06, 0.220588, 0.0, -0.975367, 2.57967, 0.0, 1.0, 0.0, 0.688546, 0.0, 0.0, 0.0, 1.0],
                [0.977166, 0.0, 0.212477, -5e-06, 0.212477, 0.0, -0.977166, 2.561243, 0.0, 1.0, 0.0, 0.688546, 0.0, 0.0, 0.0, 1.0],
                [0.978918, 0.0, 0.204256, -5e-06, 0.204256, 0.0, -0.978918, 2.542501, 0.0, 1.0, 0.0, 0.688546, 0.0, 0.0, 0.0, 1.0],
                [0.980615, 0.0, 0.195945, -5e-06, 0.195945, 0.0, -0.980615, 2.523494, 0.0, 1.0, 0.0, 0.688546, 0.0, 0.0, 0.0, 1.0],
                [0.982253, 0.0, 0.187563, -5e-06, 0.187563, 0.0, -0.982253, 2.50427, 0.0, 1.0, 0.0, 0.688546, 0.0, 0.0, 0.0, 1.0],
                [0.983825, 0.0, 0.17913, -5e-06, 0.17913, 0.0, -0.983825, 2.484877, 0.0, 1.0, 0.0, 0.688546, 0.0, 0.0, 0.0, 1.0],
                [0.985329, 0.0, 0.170665, -5e-06, 0.170665, 0.0, -0.985329, 2.465363, 0.0, 1.0, 0.0, 0.688546, 0.0, 0.0, 0.0, 1.0],
                [0.98676, 0.0, 0.162188, -5e-06, 0.162188, 0.0, -0.98676, 2.445776, 0.0, 1.0, 0.0, 0.688546, 0.0, 0.0, 0.0, 1.0],
                [0.988115, 0.0, 0.153719, -5e-06, 0.153719, 0.0, -0.988115, 2.426166, 0.0, 1.0, 0.0, 0.688546, 0.0, 0.0, 0.0, 1.0],
                [0.989391, 0.0, 0.145278, -5e-06, 0.145278, 0.0, -0.989391, 2.406579, 0.0, 1.0, 0.0, 0.688546, 0.0, 0.0, 0.0, 1.0],
                [0.990587, 0.0, 0.136883, -5e-06, 0.136883, 0.0, -0.990587, 2.387065, 0.0, 1.0, 0.0, 0.688546, 0.0, 0.0, 0.0, 1.0],
                [0.991702, 0.0, 0.128557, -5e-06, 0.128557, 0.0, -0.991702, 2.367672, 0.0, 1.0, 0.0, 0.688546, 0.0, 0.0, 0.0, 1.0],
                [0.992735, 0.0, 0.120318, -5e-06, 0.120318, 0.0, -0.992735, 2.348448, 0.0, 1.0, 0.0, 0.688546, 0.0, 0.0, 0.0, 1.0],
                [0.993687, 0.0, 0.112186, -5e-06, 0.112186, 0.0, -0.993687, 2.329441, 0.0, 1.0, 0.0, 0.688546, 0.0, 0.0, 0.0, 1.0],
                [0.994558, 0.0, 0.104183, -5e-06, 0.104183, 0.0, -0.994558, 2.3107, 0.0, 1.0, 0.0, 0.688546, 0.0, 0.0, 0.0, 1.0],
                [0.99535, 0.0, 0.096326, -5e-06, 0.096326, 0.0, -0.99535, 2.292272, 0.0, 1.0, 0.0, 0.688546, 0.0, 0.0, 0.0, 1.0],
                [0.996064, 0.0, 0.088638, -5e-06, 0.088638, 0.0, -0.996064, 2.274207, 0.0, 1.0, 0.0, 0.688546, 0.0, 0.0, 0.0, 1.0],
                [0.996703, 0.0, 0.081137, -5e-06, 0.081137, 0.0, -0.996703, 2.256552, 0.0, 1.0, 0.0, 0.688546, 0.0, 0.0, 0.0, 1.0],
                [0.99727, 0.0, 0.073843, -5e-06, 0.073843, 0.0, -0.99727, 2.239356, 0.0, 1.0, 0.0, 0.688546, 0.0, 0.0, 0.0, 1.0],
                [0.997768, 0.0, 0.066776, -5e-06, 0.066776, 0.0, -0.997768, 2.222667, 0.0, 1.0, 0.0, 0.688546, 0.0, 0.0, 0.0, 1.0],
                [0.998201, 0.0, 0.059956, -5e-06, 0.059956, 0.0, -0.998201, 2.206534, 0.0, 1.0, 0.0, 0.688546, 0.0, 0.0, 0.0, 1.0],
                [0.998573, 0.0, 0.053402, -5e-06, 0.053402, 0.0, -0.998573, 2.191004, 0.0, 1.0, 0.0, 0.688546, 0.0, 0.0, 0.0, 1.0],
                [0.998889, 0.0, 0.047133, -5e-06, 0.047133, 0.0, -0.998889, 2.176126, 0.0, 1.0, 0.0, 0.688546, 0.0, 0.0, 0.0, 1.0],
                [0.999152, 0.0, 0.041169, -5e-06, 0.041169, 0.0, -0.999152, 2.161948, 0.0, 1.0, 0.0, 0.688546, 0.0, 0.0, 0.0, 1.0],
                [0.999369, 0.0, 0.03553, -5e-06, 0.03553, 0.0, -0.999369, 2.148519, 0.0, 1.0, 0.0, 0.688546, 0.0, 0.0, 0.0, 1.0],
                [0.999543, 0.0, 0.030233, -5e-06, 0.030233, 0.0, -0.999543, 2.135887, 0.0, 1.0, 0.0, 0.688546, 0.0, 0.0, 0.0, 1.0],
                [0.99968, 0.0, 0.025298, -5e-06, 0.025298, 0.0, -0.99968, 2.124099, 0.0, 1.0, 0.0, 0.688546, 0.0, 0.0, 0.0, 1.0],
                [0.999785, 0.0, 0.020744, -5e-06, 0.020744, 0.0, -0.999785, 2.113205, 0.0, 1.0, 0.0, 0.688546, 0.0, 0.0, 0.0, 1.0],
                [0.999862, 0.0, 0.01659, -5e-06, 0.01659, 0.0, -0.999862, 2.103253, 0.0, 1.0, 0.0, 0.688546, 0.0, 0.0, 0.0, 1.0],
                [0.999917, 0.0, 0.012855, -5e-06, 0.012855, 0.0, -0.999917, 2.094291, 0.0, 1.0, 0.0, 0.688546, 0.0, 0.0, 0.0, 1.0],
                [0.999954, 0.0, 0.009557, -5e-06, 0.009557, 0.0, -0.999954, 2.086367, 0.0, 1.0, 0.0, 0.688546, 0.0, 0.0, 0.0, 1.0],
                [0.999977, 0.0, 0.006715, -5e-06, 0.006715, 0.0, -0.999977, 2.07953, 0.0, 1.0, 0.0, 0.688546, 0.0, 0.0, 0.0, 1.0],
                [0.999991, 0.0, 0.004348, -5e-06, 0.004348, 0.0, -0.999991, 2.073827, 0.0, 1.0, 0.0, 0.688546, 0.0, 0.0, 0.0, 1.0],
                [0.999997, 0.0, 0.002474, -5e-06, 0.002474, 0.0, -0.999997, 2.069308, 0.0, 1.0, 0.0, 0.688546, 0.0, 0.0, 0.0, 1.0],
                [0.999999, 0.0, 0.001112, -5e-06, 0.001112, 0.0, -0.999999, 2.06602, 0.0, 1.0, 0.0, 0.688546, 0.0, 0.0, 0.0, 1.0],
                [1.0, 0.0, 0.000281, -5e-06, 0.000281, 0.0, -1.0, 2.064012, 0.0, 1.0, 0.0, 0.688546, 0.0, 0.0, 0.0, 1.0],
                [1.0, 0.0, 0.0, -5e-06, 0.0, 0.0, -1.0, 2.063332, 0.0, 1.0, 0.0, 0.688546, 0.0, 0.0, 0.0, 1.0],
                [1.0, 0.0, 0.0, -5e-06, 0.0, 0.0, -1.0, 2.063332, 0.0, 1.0, 0.0, 0.688546, 0.0, 0.0, 0.0, 1.0]
            ]
        },
        {
            "name": "Thigh_R",
            "time": [0.0, 0.0167, 0.0333, 0.05, 0.0667, 0.0833, 0.1, 0.1167, 0.1333, 0.15, 0.1667, 0.1833, 0.2, 0.2167, 0.2333, 0.25, 0.2667, 0.2833, 0.3, 0.3167, 0.3333, 0.35, 0.3667, 0.3833, 0.4, 0.4167, 0.4333, 0.45, 0.4667, 0.4833, 0.5, 0.5167, 0.5333, 0.55, 0.5667, 0.5833, 0.6, 0.6167, 0.6333, 0.65, 0.6667, 0.6833, 0.7, 0.7167, 0.7333, 0.75, 0.7667, 0.7833, 0.8, 0.8167, 0.8333, 0.85, 0.8667, 0.8833, 0.9, 0.9167, 0.9333, 0.95, 0.9667, 0.9833, 1.0, 1.0167, 1.0333, 1.05, 1.0667, 1.0833, 1.1, 1.1167, 1.1333, 1.15, 1.1667, 1.1833, 1.2, 1.2167, 1.2333, 1.25, 1.2667, 1.2833, 1.3, 1.3167, 1.3333, 1.35, 1.3667, 1.3833, 1.4, 1.4167, 1.4333, 1.45, 1.4667, 1.4833, 1.5, 1.5167, 1.5333, 1.55, 1.5667, 1.5833, 1.6, 1.6167, 1.6333, 1.65, 1.6667, 1.6833, 1.7, 1.7167, 1.7333, 1.75, 1.7667, 1.7833, 1.8, 1.8167, 1.8333, 1.85, 1.8667, 1.8833, 1.9, 1.9167, 1.9333, 1.95, 1.9667, 1.9833, 2.0, 2.0167, 2.0333, 2.05, 2.0667, 2.0833, 2.1, 2.1167, 2.1333, 2.15, 2.1667, 2.1833, 2.2, 2.2167, 2.2333, 2.25, 2.2667, 2.2833, 2.3, 2.3167, 2.3333, 2.35, 2.3667],
            "transform": [
                [0.998908, 0.046665, 0.002352, 0.124994, 0.041081, -0.85316, -0.520029, -0.002831, -0.022261, 0.519558, -0.854145, -1.2e-05, 0.0, 0.0, 0.0, 1.0],
                [0.998909, 0.04664, 0.002426, 0.124994, 0.042083, -0.876349, -0.479834, -0.002831, -0.020253, 0.479412, -0.877356, -1.2e-05, 0.0, 0.0, 0.0, 1.0],
                [0.99891, 0.046598, 0.002599, 0.124994, 0.044272, -0.928478, -0.368739, -0.002831, -0.01477, 0.368452, -0.929529, -1.2e-05, 0.0, 0.0, 0.0, 1.0],
                [0.99891, 0.046587, 0.002783, 0.124994, 0.046187, -0.978228, -0.202326, -0.002831, -0.006704, 0.202234, -0.979314, -1.2e-05, 0.0, 0.0, 0.0, 1.0],
                [0.998908, 0.046623, 0.002872, 0.124994, 0.046646, -0.998876, -0.008378, -0.002831, 0.002478, 0.008503, -0.999961, -1.2e-05, 0.0, 0.0, 0.0, 1.0],
                [0.998907, 0.04667, 0.002758, 0.124994, 0.045478, -0.983691, 0.174018, -0.002831, 0.010835, -0.173702, -0.984739, -1.2e-05, 0.0, 0.0, 0.0, 1.0],
                [0.998908, 0.046665, 0.002352, 0.124994, 0.043668, -0.950284, 0.308308, -0.002831, 0.016622, -0.307868, -0.951284, -1.2e-05, 0.0, 0.0, 0.0, 1.0],
                [0.998913, 0.046591, 0.001715, 0.124994, 0.04247, -0.924509, 0.378787, -0.002831, 0.019234, -0.378302, -0.925482, -1.2e-05, 0.0, 0.0, 0.0, 1.0],
                [0.998915, 0.046544, 0.001465, 0.124994, 0.041821, -0.910488, 0.411414, -0.002831, 0.020483, -0.410907, -0.911447, -1.2e-05, 0.0, 0.0, 0.0, 1.0],
                [0.998908, 0.046662, 0.002352, 0.124994, 0.04093, -0.898277, 0.437519, -0.002831, 0.022529, -0.436945, -0.899206, -1.2e-05, 0.0, 0.0, 0.0, 1.0],
                [0.999062, 0.042894, 0.005945, 0.124994, 0.034795, -0.876885, 0.479439, -0.002831, 0.025778, -0.478783, -0.877555, -1.2e-05, 0.0, 0.0, 0.0, 1.0],
                [0.999363, 0.033341, 0.012709, 0.124994, 0.02145, -0.845999, 0.532753, -0.002831, 0.028514, -0.532141, -0.846175, -1.2e-05, 0.0, 0.0, 0.0, 1.0],
                [0.999543, 0.021272, 0.021497, 0.124994, 0.004599, -0.809476, 0.587135, -0.002831, 0.029891, -0.586767, -0.809204, -1.2e-05, 0.0, 0.0, 0.0, 1.0],
                [0.999484, 0.009601, 0.030644, 0.124994, -0.012004, -0.773383, 0.633825, -0.002831, 0.029785, -0.633866, -0.772869, -1.2e-05, 0.0, 0.0, 0.0, 1.0],
                [0.999278, 0.000758, 0.037996, 0.124994, -0.024757, -0.745553, 0.665986, -0.002831, 0.028832, -0.666446, -0.744996, -1.2e-05, 0.0, 0.0, 0.0, 1.0],
                [0.999147, -0.003168, 0.041169, 0.124994, -0.030264, -0.73446, 0.677976, -0.002831, 0.028089, -0.678644, -0.73393, -1.2e-05, 0.0, 0.0, 0.0, 1.0],
                [0.999133, -0.003901, 0.041442, 0.124994, -0.030981, -0.734614, 0.677777, -0.002831, 0.0278, -0.678474, -0.734098, -1.2e-05, 0.0, 0.0, 0.0, 1.0],
                [0.999121, -0.00456, 0.04166, 0.124994, -0.031588, -0.735211, 0.677101, -0.002831, 0.027542, -0.677823, -0.734709, -1.2e-05, 0.0, 0.0, 0.0, 1.0],
                [0.999112, -0.005158, 0.041824, 0.124994, -0.03209, -0.736416, 0.675767, -0.002831, 0.027315, -0.676509, -0.735928, -1.2e-05, 0.0, 0.0, 0.0, 1.0],
                [0.999104, -0.005707, 0.041937, 0.124994, -0.032491, -0.738389, 0.673592, -0.002831, 0.027122, -0.674351, -0.737913, -1.2e-05, 0.0, 0.0, 0.0, 1.0],
                [0.999098, -0.006218, 0.041999, 0.124994, -0.032795, -0.741283, 0.67039, -0.002831, 0.026965, -0.671163, -0.740819, -1.2e-05, 0.0, 0.0, 0.0, 1.0],
                [0.999095, -0.006705, 0.042014, 0.124994, -0.033007, -0.745246, 0.665972, -0.002831, 0.026846, -0.666755, -0.744793, -1.2e-05, 0.0, 0.0, 0.0, 1.0],
                [0.999093, -0.007178, 0.041982, 0.124994, -0.033131, -0.750415, 0.660136, -0.002831, 0.026766, -0.660928, -0.749972, -1.2e-05, 0.0, 0.0, 0.0, 1.0],
                [0.999092, -0.007651, 0.041905, 0.124994, -0.033171, -0.756915, 0.65267, -0.002831, 0.026725, -0.653468, -0.756482, -1.2e-05, 0.0, 0.0, 0.0, 1.0],
                [0.999093, -0.008134, 0.041784, 0.124994, -0.033133, -0.764859, 0.643345, -0.002831, 0.026726, -0.644146, -0.764435, -1.2e-05, 0.0, 0.0, 0.0, 1.0],
                [0.999096, -0.00864, 0.041617, 0.124994, -0.033018, -0.774339, 0.631909, -0.002831, 0.026766, -0.632712, -0.773924, -1.2e-05, 0.0, 0.0, 0.0, 1.0],
                [0.9991, -0.009179, 0.041405, 0.124994, -0.032831, -0.785426, 0.618084, -0.002831, 0.026847, -0.618888, -0.78502, -1.2e-05, 0.0, 0.0, 0.0, 1.0],
                [0.999106, -0.009763, 0.041145, 0.124994, -0.032573, -0.798162, 0.601561, -0.002831, 0.026968, -0.602364, -0.797766, -1.2e-05, 0.0, 0.0, 0.0, 1.0],
                [0.999112, -0.010403, 0.040834, 0.124994, -0.032247, -0.812554, 0.581993, -0.002831, 0.027126, -0.582793, -0.812168, -1.2e-05, 0.0, 0.0, 0.0, 1.0],
                [0.999119, -0.011108, 0.040467, 0.124994, -0.031853, -0.828562, 0.55899, -0.002831, 0.02732, -0.559786, -0.828187, -1.2e-05, 0.0, 0.0, 0.0, 1.0],
                [0.999127, -0.01189, 0.040037, 0.124994, -0.031392, -0.846089, 0.532117, -0.002831, 0.027548, -0.532909, -0.845724, -1.2e-05, 0.0, 0.0, 0.0, 1.0],
                [0.999137, -0.012756, 0.039534, 0.124994, -0.030863, -0.86496, 0.500891, -0.002831, 0.027806, -0.501679, -0.864607, -1.2e-05, 0.0, 0.0, 0.0, 1.0],
                [0.999147, -0.013716, 0.038946, 0.124994, -0.030264, -0.884907, 0.464783, -0.002831, 0.028089, -0.465565, -0.884568, -1.2e-05, 0.0, 0.0, 0.0, 1.0],
                [0.999211, -0.013737, 0.037258, 0.124994, -0.028039, -0.908476, 0.416996, -0.002831, 0.02812, -0.417712, -0.908144, -1.2e-05, 0.0, 0.0, 0.0, 1.0],
                [0.999358, -0.011841, 0.033806, 0.124994, -0.023007, -0.93556, 0.352418, -0.002831, 0.027455, -0.352969, -0.935232, -1.2e-05, 0.0, 0.0, 0.0, 1.0],
                [0.999542, -0.008109, 0.029149, 0.124994, -0.015777, -0.961755, 0.273455, -0.002831, 0.025817, -0.27379, -0.961443, -1.2e-05, 0.0, 0.0, 0.0, 1.0],
                [0.999711, -0.002688, 0.023883, 0.124994, -0.007026, -0.983006, 0.18344, -0.002831, 0.022984, -0.183555, -0.982741, -1.2e-05, 0.0, 0.0, 0.0, 1.0],
                [0.999819, 0.004146, 0.018586, 0.124994, 0.002519, -0.996226, 0.086755, -0.002831, 0.018875, -0.086693, -0.996056, -1.2e-05, 0.0, 0.0, 0.0, 1.0],
                [0.999834, 0.01197, 0.013749, 0.124994, 0.012128, -0.999861, -0.01141, -0.002831, 0.01361, 0.011575, -0.99984, -1.2e-05, 0.0, 0.0, 0.0, 1.0],
                [0.999748, 0.020232, 0.009717, 0.124994, 0.021146, -0.994185, -0.105587, -0.002831, 0.007524, 0.105766, -0.994363, -1.2e-05, 0.0, 0.0, 0.0, 1.0],
                [0.999577, 0.028307, 0.006651, 0.124994, 0.029056, -0.981231, -0.190633, -0.002831, 0.00113, 0.190745, -0.981639, -1.2e-05, 0.0, 0.0, 0.0, 1.0],
                [0.999357, 0.035561, 0.004538, 0.124994, 0.035507, -0.964365, -0.262183, -0.002831, -0.004947, 0.262175, -0.965008, -1.2e-05, 0.0, 0.0, 0.0, 1.0],
                [0.999138, 0.041396, 0.00324, 0.124994, 0.04029, -0.947649, -0.316762, -0.002831, -0.010043, 0.316619, -0.9485, -1.2e-05, 0.0, 0.0, 0.0, 1.0],
                [0.998972, 0.045266, 0.002562, 0.124994, 0.043277, -0.935171, -0.351542, -0.002831, -0.013517, 0.351291, -0.936169, -1.2e-05, 0.0, 0.0, 0.0, 1.0],
                [0.998908, 0.046665, 0.002352, 0.124994, 0.044322, -0.930419, -0.363808, -0.002831, -0.014789, 0.363515, -0.931471, -1.2e-05, 0.0, 0.0, 0.0, 1.0],
                [0.998908, 0.046665, 0.002352, 0.124994, 0.044322, -0.930419, -0.363808, -0.002831, -0.014789, 0.363515, -0.931471, -1.2e-05, 0.0, 0.0, 0.0, 1.0],
                [0.998908, 0.046665, 0.002352, 0.124994, 0.044322, -0.930419, -0.363808, -0.002831, -0.014789, 0.363515, -0.931471, -1.2e-05, 0.0, 0.0, 0.0, 1.0],
                [0.998908, 0.046665, 0.002352, 0.124994, 0.044322, -0.930419, -0.363808, -0.002831, -0.014789, 0.363515, -0.931471, -1.2e-05, 0.0, 0.0, 0.0, 1.0],
                [0.998908, 0.046662, 0.002371, 0.124994, 0.044315, -0.930143, -0.364514, -0.002831, -0.014803, 0.364221, -0.931195, -1.2e-05, 0.0, 0.0, 0.0, 1.0],
                [0.998908, 0.046653, 0.002428, 0.124994, 0.044296, -0.929354, -0.366523, -0.002831, -0.014843, 0.366231, -0.930406, -1.2e-05, 0.0, 0.0, 0.0, 1.0],
                [0.998909, 0.046639, 0.00252, 0.124994, 0.044266, -0.928107, -0.369671, -0.002831, -0.014902, 0.369379, -0.929159, -1.2e-05, 0.0, 0.0, 0.0, 1.0],
                [0.998909, 0.04662, 0.002644, 0.124994, 0.044228, -0.926457, -0.373792, -0.002831, -0.014976, 0.373502, -0.927509, -1.2e-05, 0.0, 0.0, 0.0, 1.0],
                [0.99891, 0.046597, 0.002798, 0.124994, 0.044185, -0.924455, -0.378721, -0.002831, -0.01506, 0.378431, -0.925507, -1.2e-05, 0.0, 0.0, 0.0, 1.0],
                [0.998911, 0.04657, 0.00298, 0.124994, 0.044138, -0.922156, -0.384291, -0.002831, -0.015149, 0.384003, -0.923207, -1.2e-05, 0.0, 0.0, 0.0, 1.0],
                [0.998911, 0.046541, 0.003186, 0.124994, 0.044091, -0.919615, -0.390338, -0.002831, -0.015237, 0.390054, -0.920666, -1.2e-05, 0.0, 0.0, 0.0, 1.0],
                [0.998912, 0.046509, 0.003414, 0.124994, 0.044046, -0.91689, -0.3967, -0.002831, -0.01532, 0.396419, -0.917942, -1.2e-05, 0.0, 0.0, 0.0, 1.0],
                [0.998913, 0.046476, 0.003663, 0.124994, 0.044006, -0.914045, -0.403218, -0.002831, -0.015392, 0.402941, -0.915097, -1.2e-05, 0.0, 0.0, 0.0, 1.0],
                [0.998913, 0.046442, 0.003928, 0.124994, 0.043972, -0.911145, -0.409732, -0.002831, -0.015449, 0.409459, -0.912198, -1.2e-05, 0.0, 0.0, 0.0, 1.0],
                [0.998914, 0.046408, 0.004209, 0.124994, 0.043949, -0.908262, -0.416087, -0.002831, -0.015487, 0.41582, -0.909315, -1.2e-05, 0.0, 0.0, 0.0, 1.0],
                [0.998914, 0.046375, 0.004503, 0.124994, 0.04394, -0.905469, -0.422132, -0.002831, -0.0155, 0.421871, -0.906523, -1.2e-05, 0.0, 0.0, 0.0, 1.0],
                [0.998914, 0.046345, 0.004807, 0.124994, 0.043946, -0.902845, -0.427714, -0.002831, -0.015483, 0.427461, -0.903901, -1.2e-05, 0.0, 0.0, 0.0, 1.0],
                [0.998914, 0.046319, 0.005119, 0.124994, 0.043971, -0.900472, -0.432686, -0.002831, -0.015432, 0.432441, -0.90153, -1.2e-05, 0.0, 0.0, 0.0, 1.0],
                [0.998913, 0.046297, 0.005438, 0.124994, 0.044019, -0.898432, -0.4369, -0.002831, -0.015342, 0.436664, -0.899494, -1.2e-05, 0.0, 0.0, 0.0, 1.0],
                [0.998912, 0.046283, 0.005761, 0.124994, 0.044091, -0.896812, -0.440208, -0.002831, -0.015208, 0.439983, -0.897877, -1.2e-05, 0.0, 0.0, 0.0, 1.0],
                [0.99891, 0.046278, 0.006085, 0.124994, 0.044192, -0.895697, -0.442463, -0.002831, -0.015026, 0.44225, -0.896766, -1.2e-05, 0.0, 0.0, 0.0, 1.0],
                [0.998908, 0.046283, 0.00641, 0.124994, 0.044322, -0.89517, -0.443515, -0.002831, -0.014789, 0.443315, -0.896244, -1.2e-05, 0.0, 0.0, 0.0, 1.0],
                [0.998905, 0.046304, 0.006729, 0.124994, 0.04449, -0.895388, -0.443058, -0.002831, -0.01449, 0.442872, -0.896468, -1.2e-05, 0.0, 0.0, 0.0, 1.0],
                [0.998901, 0.046345, 0.007039, 0.124994, 0.044698, -0.896432, -0.440922, -0.002831, -0.014124, 0.440752, -0.897518, -1.2e-05, 0.0, 0.0, 0.0, 1.0],
                [0.998896, 0.046407, 0.007343, 0.124994, 0.044945, -0.898263, -0.437154, -0.002831, -0.013692, 0.437001, -0.899357, -1.3e-05, 0.0, 0.0, 0.0, 1.0],
                [0.998889, 0.04649, 0.007641, 0.124994, 0.04523, -0.900837, -0.431794, -0.002831, -0.013191, 0.431661, -0.90194, -1.4e-05, 0.0, 0.0, 0.0, 1.0],
                [0.998882, 0.046595, 0.007935, 0.124994, 0.045549, -0.904103, -0.424879, -0.002831, -0.012623, 0.424766, -0.905215, -1.6e-05, 0.0, 0.0, 0.0, 1.0],
                [0.998874, 0.046722, 0.008228, 0.124994, 0.045901, -0.908004, -0.416439, -0.002831, -0.011986, 0.416348, -0.909127, -1.8e-05, 0.0, 0.0, 0.0, 1.0],
                [0.998865, 0.04687, 0.00852, 0.124993, 0.046284, -0.912476, -0.406502, -0.002831, -0.011279, 0.406435, -0.91361, -2.3e-05, 0.0, 0.0, 0.0, 1.0],
                [0.998854, 0.047042, 0.008812, 0.124993, 0.046694, -0.917452, -0.395096, -0.002831, -0.010501, 0.395055, -0.918598, -2.8e-05, 0.0, 0.0, 0.0, 1.0],
                [0.998842, 0.047237, 0.009107, 0.124993, 0.047129, -0.922858, -0.382245, -0.002831, -0.009652, 0.382232, -0.924016, -3.5e-05, 0.0, 0.0, 0.0, 1.0],
                [0.998829, 0.047456, 0.009404, 0.124993, 0.047584, -0.928617, -0.367975, -0.002831, -0.00873, 0.367992, -0.929788, -4.4e-05, 0.0, 0.0, 0.0, 1.0],
                [0.998815, 0.047698, 0.009706, 0.124992, 0.048058, -0.934647, -0.352313, -0.002831, -0.007733, 0.352361, -0.935832, -5.5e-05, 0.0, 0.0, 0.0, 1.0],
                [0.998799, 0.047966, 0.010012, 0.124992, 0.048545, -0.940865, -0.335286, -0.002831, -0.006662, 0.33537, -0.942063, -6.8e-05, 0.0, 0.0, 0.0, 1.0],
                [0.998781, 0.048258, 0.010325, 0.124991, 0.049041, -0.947181, -0.316927, -0.002831, -0.005515, 0.317048, -0.948394, -8.3e-05, 0.0, 0.0, 0.0, 1.0],
                [0.998763, 0.048577, 0.010645, 0.12499, 0.049544, -0.953506, -0.297272, -0.002831, -0.004291, 0.297431, -0.954734, -0.0001, 0.0, 0.0, 0.0, 1.0],
                [0.998742, 0.048922, 0.010972, 0.124989, 0.050048, -0.95975, -0.276359, -0.002831, -0.00299, 0.276561, -0.960992, -0.000121, 0.0, 0.0, 0.0, 1.0],
                [0.99872, 0.049293, 0.011307, 0.124988, 0.050548, -0.96582, -0.254236, -0.002831, -0.001611, 0.254482, -0.967076, -0.000143, 0.0, 0.0, 0.0, 1.0],
                [0.998696, 0.049693, 0.011652, 0.124987, 0.05104, -0.971625, -0.230953, -0.002831, -0.000156, 0.231246, -0.972895, -0.00017, 0.0, 0.0, 0.0, 1.0],
                [0.998671, 0.05012, 0.012006, 0.124986, 0.05152, -0.977074, -0.206569, -0.002831, 0.001378, 0.206913, -0.978358, -0.000199, 0.0, 0.0, 0.0, 1.0],
                [0.998643, 0.050577, 0.012371, 0.124984, 0.051982, -0.98208, -0.18115, -0.002831, 0.002987, 0.181547, -0.983378, -0.000232, 0.0, 0.0, 0.0, 1.0],
                [0.998614, 0.051063, 0.012746, 0.124983, 0.052422, -0.986559, -0.154769, -0.002831, 0.004672, 0.155223, -0.987868, -0.000269, 0.0, 0.0, 0.0, 1.0],
                [0.998582, 0.05158, 0.013133, 0.124981, 0.052835, -0.990429, -0.127506, -0.002831, 0.006431, 0.128019, -0.991751, -0.00031, 0.0, 0.0, 0.0, 1.0],
                [0.998549, 0.052127, 0.013532, 0.124979, 0.053217, -0.993618, -0.099449, -0.002831, 0.008262, 0.100025, -0.994951, -0.000355, 0.0, 0.0, 0.0, 1.0],
