{
    "armature": {
        "joints": ["Root", "Thigh_R", "Leg_R", "Knee_R", "Thigh_L", "Leg_L", "Knee_L", "Torso", "Chest", "Head", "Shoulder_R", "Arm_R", "Hand_R", "Tool_R", "Elbow_R", "Shoulder_L", "Arm_L", "Hand_L", "Tool_L", "Elbow_L"],
        "hierarchy": [
            {
                "name": "Root",
                "transform": [1.0, 0.0, 0.0, -5e-06, 0.0, 0.0, -1.0, 0.000946, 0.0, 1.0, 0.0, 0.763972, 0.0, 0.0, 0.0, 1.0],
                "children": [
                    {
                        "name": "Thigh_R",
                        "transform": [1.0, -0.0, -0.0, 0.124994, -0.0, -1.0, 0.0, -0.002831, -0.0, -0.0, -1.0, -1.2e-05, 0.0, 0.0, 0.0, 1.0],
                        "children": [
                            {
                                "name": "Leg_R",
                                "transform": [1.0, 0.0, 1e-06, 0.0, -0.0, 1.0, 0.0, 0.37472, -1e-06, -0.0, 1.0, -0.0, 0.0, 0.0, 0.0, 1.0],
                                "children": []
                            },
                            {
                                "name": "Knee_R",
                                "transform": [1.0, 0.0, -0.0, 0.0, -0.0, 0.0, -1.0, 0.37472, -0.0, 1.0, 0.0, -0.0, 0.0, 0.0, 0.0, 1.0],
                                "children": []
                            }
                        ]
                    },
                    {
                        "name": "Thigh_L",
                        "transform": [1.0, -0.0, -0.0, -0.125006, -0.0, -1.0, 0.0, -0.002831, -0.0, -0.0, -1.0, -1.2e-05, 0.0, 0.0, 0.0, 1.0],
                        "children": [
                            {
                                "name": "Leg_L",
                                "transform": [1.0, 0.0, 1e-06, -0.0, -0.0, 1.0, 0.0, 0.37472, -1e-06, -0.0, 1.0, 0.0, 0.0, 0.0, 0.0, 1.0],
                                "children": []
                            },
                            {
                                "name": "Knee_L",
                                "transform": [1.0, 0.0, -0.0, -0.0, -0.0, 0.0, -1.0, 0.37472, -0.0, 1.0, 0.0, 0.0, 0.0, 0.0, 0.0, 1.0],
                                "children": []
                            }
                        ]
                    },
                    {
                        "name": "Torso",
                        "transform": [1.0, 0.0, 0.0, 0.0, 0.0, 1.0, 0.0, 0.05, 0.0, 0.0, 1.0, 0.0, 0.0, 0.0, 0.0, 1.0],
                        "children": [
                            {
                                "name": "Chest",
                                "transform": [1.0, 0.0, 0.0, 0.0, 0.0, 1.0, 0.0, 0.3, 0.0, 0.0, 1.0, 0.0, 0.0, 0.0, 0.0, 1.0],
                                "children": [
                                    {
                                        "name": "Head",
                                        "transform": [1.0, 0.0, 0.0, 0.0, 0.0, 1.0, 0.0, 0.4, 0.0, 0.0, 1.0, 0.0, 0.0, 0.0, 0.0, 1.0],
                                        "children": []
                                    },
                                    {
                                        "name": "Shoulder_R",
                                        "transform": [0.0, 0.952114, 0.305743, 0.0, 0.0, -0.305743, 0.952114, 0.4, 1.0, 0.0, -0.0, 0.0, 0.0, 0.0, 0.0, 1.0],
                                        "children": [
                                            {
                                                "name": "Arm_R",
                                                "transform": [0.0, -0.0, -1.0, -0.0, 0.952114, 0.305743, 0.0, 0.39386, 0.305743, -0.952114, 0.0, 0.0, 0.0, 0.0, 0.0, 1.0],
                                                "children": [
                                                    {
                                                        "name": "Hand_R",
                                                        "transform": [1.0, 0.0, 0.0, 0.0, -0.0, 0.993938, 0.109947, 0.3, -0.0, -0.109947, 0.993937, 0.0, 0.0, 0.0, 0.0, 1.0],
                                                        "children": [
                                                            {
                                                                "name": "Tool_R",
                                                                "transform": [1.0, 0.0, 0.0, -0.0, 0.0, -0.999836, 0.018122, 0.272858, 0.0, -0.018122, -0.999836, 0.0, 0.0, 0.0, 0.0, 1.0],
                                                                "children": []
                                                            }
                                                        ]
                                                    },
                                                    {
                                                        "name": "Elbow_R",
                                                        "transform": [-1.0, 0.0, -0.0, 0.0, 0.0, 0.0, -1.0, 0.3, -0.0, -1.0, -0.0, 0.0, 0.0, 0.0, 0.0, 1.0],
                                                        "children": []
                                                    }
                                                ]
                                            }
                                        ]
                                    },
                                    {
                                        "name": "Shoulder_L",
                                        "transform": [-0.0, -0.952114, -0.305743, 0.0, 0.0, -0.305743, 0.952114, 0.4, -1.0, 0.0, 0.0, 0.0, 0.0, 0.0, 0.0, 1.0],
                                        "children": [
                                            {
                                                "name": "Arm_L",
                                                "transform": [-0.0, -0.0, 1.0, -0.0, -0.952114, 0.305743, -0.0, 0.39386, -0.305743, -0.952114, -0.0, 0.0, 0.0, 0.0, 0.0, 1.0],
                                                "children": [
                                                    {
                                                        "name": "Hand_L",
                                                        "transform": [1.0, -0.0, 0.0, -0.0, 0.0, 0.993937, 0.109947, 0.3, -0.0, -0.109947, 0.993937, 0.0, 0.0, 0.0, 0.0, 1.0],
                                                        "children": [
                                                            {
                                                                "name": "Tool_L",
                                                                "transform": [1.0, 0.0, 0.0, -0.0, -0.0, -0.999836, 0.018122, 0.272858, 0.0, -0.018122, -0.999836, -0.0, 0.0, 0.0, 0.0, 1.0],
                                                                "children": []
                                                            }
                                                        ]
                                                    },
                                                    {
                                                        "name": "Elbow_L",
                                                        "transform": [-1.0, 0.0, -0.0, -0.0, 0.0, -0.0, -1.0, 0.3, -0.0, -1.0, 0.0, 0.0, 0.0, 0.0, 0.0, 1.0],
                                                        "children": []
                                                    }
                                                ]
                                            }
                                        ]
                                    }
                                ]
                            }
                        ]
                    }
                ]
            }
        ]
    },
    "animation": [
        {
            "name": "Root",
            "time": [0.0, 0.0167, 0.0333, 0.05, 0.0667, 0.0833, 0.1, 0.1167, 0.1333, 0.15, 0.1667, 0.1833, 0.2, 0.2167, 0.2333, 0.25, 0.2667, 0.2833, 0.3, 0.3167, 0.3333, 0.35, 0.3667, 0.3833, 0.4, 0.4167, 0.4333, 0.45, 0.4667, 0.4833, 0.5, 0.5167, 0.5333, 0.55, 0.5667, 0.5833, 0.6, 0.6167, 0.6333, 0.65, 0.6667, 0.6833, 0.7, 0.7167, 0.7333, 0.75, 0.7667, 0.7833, 0.8, 0.8167, 0.8333, 0.85, 0.8667, 0.8833, 0.9, 0.9167, 0.9333, 0.95, 0.9667, 0.9833, 1.0, 1.0167, 1.0333, 1.05, 1.0667, 1.0833, 1.1, 1.1167, 1.1333, 1.15, 1.1667, 1.1833, 1.2, 1.2167, 1.2333, 1.25, 1.2667, 1.2833, 1.3, 1.3167, 1.3333, 1.35, 1.3667, 1.3833, 1.4, 1.4167, 1.4333, 1.45, 1.4667, 1.4833, 1.5, 1.5167, 1.5333, 1.55, 1.5667, 1.5833, 1.6, 1.6167, 1.6333, 1.65, 1.6667, 1.6833, 1.7, 1.7167, 1.7333, 1.75, 1.7667, 1.7833, 1.8, 1.8167, 1.8333, 1.85, 1.8667, 1.8833, 1.9, 1.9167, 1.9333, 1.95, 1.9667, 1.9833, 2.0, 2.0167, 2.0333, 2.05, 2.0667, 2.0833, 2.1, 2.1167, 2.1333, 2.15, 2.1667, 2.1833, 2.2, 2.2167, 2.2333, 2.25, 2.2667, 2.2833, 2.3, 2.3167, 2.3333, 2.35, 2.3667, 2.3833, 2.4, 2.4167, 2.4333, 2.45, 2.4667, 2.4833, 2.5, 2.5167, 2.5333, 2.55, 2.5667, 2.5833, 2.6, 2.6167, 2.6333, 2.65, 2.6667, 2.6833, 2.7, 2.7167, 2.7333, 2.75, 2.7667],
            "transform": [
                [0.939693, 0.0, 0.34202, -5e-06, 0.34202, 0.0, -0.939693, 0.000946, 0.0, 1.0, 0.0, 0.763972, 0.0, 0.0, 0.0, 1.0],
                [0.939693, 0.0, 0.34202, -5e-06, 0.34202, 0.0, -0.939693, 0.000946, 0.0, 1.0, 0.0, 0.763752, 0.0, 0.0, 0.0, 1.0],
                [0.939693, 0.0, 0.34202, -5e-06, 0.34202, 0.0, -0.939693, 0.000946, 0.0, 1.0, 0.0, 0.763111, 0.0, 0.0, 0.0, 1.0],
                [0.939693, 0.0, 0.34202, -5e-06, 0.34202, 0.0, -0.939693, 0.000946, 0.0, 1.0, 0.0, 0.762074, 0.0, 0.0, 0.0, 1.0],
                [0.939693, 0.0, 0.34202, -5e-06, 0.34202, 0.0, -0.939693, 0.000946, 0.0, 1.0, 0.0, 0.760666, 0.0, 0.0, 0.0, 1.0],
                [0.939693, 0.0, 0.34202, -5e-06, 0.34202, 0.0, -0.939693, 0.000946, 0.0, 1.0, 0.0, 0.758913, 0.0, 0.0, 0.0, 1.0],
                [0.939693, 0.0, 0.34202, -5e-06, 0.34202, 0.0, -0.939693, 0.000946, 0.0, 1.0, 0.0, 0.756841, 0.0, 0.0, 0.0, 1.0],
                [0.939693, 0.0, 0.34202, -5e-06, 0.34202, 0.0, -0.939693, 0.000946, 0.0, 1.0, 0.0, 0.754475, 0.0, 0.0, 0.0, 1.0],
                [0.939693, 0.0, 0.34202, -5e-06, 0.34202, 0.0, -0.939693, 0.000946, 0.0, 1.0, 0.0, 0.75184, 0.0, 0.0, 0.0, 1.0],
                [0.939693, 0.0, 0.34202, -5e-06, 0.34202, 0.0, -0.939693, 0.000946, 0.0, 1.0, 0.0, 0.748963, 0.0, 0.0, 0.0, 1.0],
                [0.939693, 0.0, 0.34202, -5e-06, 0.34202, 0.0, -0.939693, 0.000946, 0.0, 1.0, 0.0, 0.745868, 0.0, 0.0, 0.0, 1.0],
                [0.939693, 0.0, 0.34202, -5e-06, 0.34202, 0.0, -0.939693, 0.000946, 0.0, 1.0, 0.0, 0.742582, 0.0, 0.0, 0.0, 1.0],
                [0.939693, 0.0, 0.34202, -5e-06, 0.34202, 0.0, -0.939693, 0.000946, 0.0, 1.0, 0.0, 0.739129, 0.0, 0.0, 0.0, 1.0],
                [0.939693, 0.0, 0.34202, -5e-06, 0.34202, 0.0, -0.939693, 0.000946, 0.0, 1.0, 0.0, 0.735536, 0.0, 0.0, 0.0, 1.0],
                [0.939693, 0.0, 0.34202, -5e-06, 0.34202, 0.0, -0.939693, 0.000946, 0.0, 1.0, 0.0, 0.731828, 0.0, 0.0, 0.0, 1.0],
                [0.939693, 0.0, 0.34202, -5e-06, 0.34202, 0.0, -0.939693, 0.000946, 0.0, 1.0, 0.0, 0.728031, 0.0, 0.0, 0.0, 1.0],
                [0.939693, 0.0, 0.34202, -5e-06, 0.34202, 0.0, -0.939693, 0.000946, 0.0, 1.0, 0.0, 0.724169, 0.0, 0.0, 0.0, 1.0],
                [0.939693, 0.0, 0.34202, -5e-06, 0.34202, 0.0, -0.939693, 0.000946, 0.0, 1.0, 0.0, 0.72027, 0.0, 0.0, 0.0, 1.0],
                [0.939693, 0.0, 0.34202, -5e-06, 0.34202, 0.0, -0.939693, 0.000946, 0.0, 1.0, 0.0, 0.716357, 0.0, 0.0, 0.0, 1.0],
                [0.939693, 0.0, 0.34202, -5e-06, 0.34202, 0.0, -0.939693, 0.000946, 0.0, 1.0, 0.0, 0.712457, 0.0, 0.0, 0.0, 1.0],
                [0.939693, 0.0, 0.34202, -5e-06, 0.34202, 0.0, -0.939693, 0.000946, 0.0, 1.0, 0.0, 0.708596, 0.0, 0.0, 0.0, 1.0],
                [0.939693, 0.0, 0.34202, -5e-06, 0.34202, 0.0, -0.939693, 0.000946, 0.0, 1.0, 0.0, 0.704799, 0.0, 0.0, 0.0, 1.0],
                [0.939693, 0.0, 0.34202, -5e-06, 0.34202, 0.0, -0.939693, 0.000946, 0.0, 1.0, 0.0, 0.70109, 0.0, 0.0, 0.0, 1.0],
                [0.939693, 0.0, 0.34202, -5e-06, 0.34202, 0.0, -0.939693, 0.000946, 0.0, 1.0, 0.0, 0.697497, 0.0, 0.0, 0.0, 1.0],
                [0.939693, 0.0, 0.34202, -5e-06, 0.34202, 0.0, -0.939693, 0.000946, 0.0, 1.0, 0.0, 0.694045, 0.0, 0.0, 0.0, 1.0],
                [0.939693, 0.0, 0.34202, -5e-06, 0.34202, 0.0, -0.939693, 0.000946, 0.0, 1.0, 0.0, 0.690759, 0.0, 0.0, 0.0, 1.0],
                [0.939693, 0.0, 0.34202, -5e-06, 0.34202, 0.0, -0.939693, 0.000946, 0.0, 1.0, 0.0, 0.687664, 0.0, 0.0, 0.0, 1.0],
                [0.939693, 0.0, 0.34202, -5e-06, 0.34202, 0.0, -0.939693, 0.000946, 0.0, 1.0, 0.0, 0.684787, 0.0, 0.0, 0.0, 1.0],
                [0.939693, 0.0, 0.34202, -5e-06, 0.34202, 0.0, -0.939693, 0.000946, 0.0, 1.0, 0.0, 0.682152, 0.0, 0.0, 0.0, 1.0],
                [0.939693, 0.0, 0.34202, -5e-06, 0.34202, 0.0, -0.939693, 0.000946, 0.0, 1.0, 0.0, 0.679786, 0.0, 0.0, 0.0, 1.0],
                [0.939693, 0.0, 0.34202, -5e-06, 0.34202, 0.0, -0.939693, 0.000946, 0.0, 1.0, 0.0, 0.677713, 0.0, 0.0, 0.0, 1.0],
                [0.939693, 0.0, 0.34202, -5e-06, 0.34202, 0.0, -0.939693, 0.000946, 0.0, 1.0, 0.0, 0.675961, 0.0, 0.0, 0.0, 1.0],
                [0.939693, 0.0, 0.34202, -5e-06, 0.34202, 0.0, -0.939693, 0.000946, 0.0, 1.0, 0.0, 0.674553, 0.0, 0.0, 0.0, 1.0],
                [0.939693, 0.0, 0.34202, -5e-06, 0.34202, 0.0, -0.939693, 0.000946, 0.0, 1.0, 0.0, 0.673516, 0.0, 0.0, 0.0, 1.0],
                [0.939693, 0.0, 0.34202, -5e-06, 0.34202, 0.0, -0.939693, 0.000946, 0.0, 1.0, 0.0, 0.672874, 0.0, 0.0, 0.0, 1.0],
                [0.939693, 0.0, 0.34202, -5e-06, 0.34202, 0.0, -0.939693, 0.000946, 0.0, 1.0, 0.0, 0.672655, 0.0, 0.0, 0.0, 1.0],
                [0.939693, 0.0, 0.34202, -5e-06, 0.34202, 0.0, -0.939693, 0.042691, 0.0, 1.0, 0.0, 0.672655, 0.0, 0.0, 0.0, 1.0],
                [0.939693, 0.0, 0.34202, -5e-06, 0.34202, 0.0, -0.939693, 0.154966, 0.0, 1.0, 0.0, 0.672655, 0.0, 0.0, 0.0, 1.0],
                [0.939693, 0.0, 0.34202, -5e-06, 0.34202, 0.0, -0.939693, 0.318335, 0.0, 1.0, 0.0, 0.672655, 0.0, 0.0, 0.0, 1.0],
                [0.939693, 0.0, 0.34202, -5e-06, 0.34202, 0.0, -0.939693, 0.513362, 0.0, 1.0, 0.0, 0.672655, 0.0, 0.0, 0.0, 1.0],
                [0.939693, 0.0, 0.34202, -5e-06, 0.34202, 0.0, -0.939693, 0.720609, 0.0, 1.0, 0.0, 0.672655, 0.0, 0.0, 0.0, 1.0],
                [0.943751, 0.0, 0.330658, -5e-06, 0.330658, 0.0, -0.943751, 0.923527, 0.0, 1.0, 0.0, 0.672655, 0.0, 0.0, 0.0, 1.0],
                [0.954199, 0.0, 0.299173, -5e-06, 0.299173, 0.0, -0.954199, 1.117122, 0.0, 1.0, 0.0, 0.672655, 0.0, 0.0, 0.0, 1.0],
                [0.967905, 0.0, 0.251317, -5e-06, 0.251317, 0.0, -0.967905, 1.299286, 0.0, 1.0, 0.0, 0.672655, 0.0, 0.0, 0.0, 1.0],
                [0.981584, 0.0, 0.191034, -5e-06, 0.191034, 0.0, -0.981584, 1.46791, 0.0, 1.0, 0.0, 0.672655, 0.0, 0.0, 0.0, 1.0],
                [0.992437, 0.0, 0.122758, -5e-06, 0.122758, 0.0, -0.992437, 1.620889, 0.0, 1.0, 0.0, 0.672655, 0.0, 0.0, 0.0, 1.0],
                [0.998676, 0.0, 0.051441, -5e-06, 0.051441, 0.0, -0.998676, 1.756114, 0.0, 1.0, 0.0, 0.672655, 0.0, 0.0, 0.0, 1.0],
                [0.999844, 0.0, -0.017681, -5e-06, -0.017681, 0.0, -0.999844, 1.871479, 0.0, 1.0, 0.0, 0.672655, 0.0, 0.0, 0.0, 1.0],
                [0.996841, 0.0, -0.079424, -5e-06, -0.079424, 0.0, -0.996841, 1.964875, 0.0, 1.0, 0.0, 0.672655, 0.0, 0.0, 0.0, 1.0],
                [0.991653, 0.0, -0.128933, -5e-06, -0.128933, 0.0, -0.991653, 2.034196, 0.0, 1.0, 0.0, 0.672655, 0.0, 0.0, 0.0, 1.0],
                [0.986831, 0.0, -0.161754, -5e-06, -0.161754, 0.0, -0.986831, 2.077334, 0.0, 1.0, 0.0, 0.672655, 0.0, 0.0, 0.0, 1.0],
                [0.984808, 0.0, -0.173648, -5e-06, -0.173648, 0.0, -0.984808, 2.092182, 0.0, 1.0, 0.0, 0.672655, 0.0, 0.0, 0.0, 1.0],
                [0.984808, 0.0, -0.173648, -5e-06, -0.173648, 0.0, -0.984808, 2.092182, 0.0, 1.0, 0.0, 0.672655, 0.0, 0.0, 0.0, 1.0],
                [0.984808, 0.0, -0.173648, -5e-06, -0.173648, 0.0, -0.984808, 2.092182, 0.0, 1.0, 0.0, 0.672655, 0.0, 0.0, 0.0, 1.0],
                [0.984808, 0.0, -0.173648, -5e-06, -0.173648, 0.0, -0.984808, 2.092182, 0.0, 1.0, 0.0, 0.672655, 0.0, 0.0, 0.0, 1.0],
                [0.984808, 0.0, -0.173648, -5e-06, -0.173648, 0.0, -0.984808, 2.092182, 0.0, 1.0, 0.0, 0.672655, 0.0, 0.0, 0.0, 1.0],
                [0.984808, 0.0, -0.173648, -5e-06, -0.173648, 0.0, -0.984808, 2.092182, 0.0, 1.0, 0.0, 0.672655, 0.0, 0.0, 0.0, 1.0],
                [0.984808, 0.0, -0.173648, -5e-06, -0.173648, 0.0, -0.984808, 2.092182, 0.0, 1.0, 0.0, 0.672655, 0.0, 0.0, 0.0, 1.0],
                [0.984808, 0.0, -0.173648, -5e-06, -0.173648, 0.0, -0.984808, 2.092182, 0.0, 1.0, 0.0, 0.672655, 0.0, 0.0, 0.0, 1.0],
                [0.984808, 0.0, -0.173648, -5e-06, -0.173648, 0.0, -0.984808, 2.092182, 0.0, 1.0, 0.0, 0.672655, 0.0, 0.0, 0.0, 1.0],
                [0.984808, 0.0, -0.173648, -5e-06, -0.173648, 0.0, -0.984808, 2.092182, 0.0, 1.0, 0.0, 0.672655, 0.0, 0.0, 0.0, 1.0],
                [0.984808, 0.0, -0.173648, -5e-06, -0.173648, 0.0, -0.984808, 2.092182, 0.0, 1.0, 0.0, 0.672655, 0.0, 0.0, 0.0, 1.0],
                [0.984808, 0.0, -0.173648, -5e-06, -0.173648, 0.0, -0.984808, 2.092182, 0.0, 1.0, 0.0, 0.672655, 0.0, 0.0, 0.0, 1.0],
                [0.984808, 0.0, -0.173648, -5e-06, -0.173648, 0.0, -0.984808, 2.092182, 0.0, 1.0, 0.0, 0.672655, 0.0, 0.0, 0.0, 1.0],
                [0.984808, 0.0, -0.173648, -5e-06, -0.173648, 0.0, -0.984808, 2.092182, 0.0, 1.0, 0.0, 0.672655, 0.0, 0.0, 0.0, 1.0],
                [0.984808, 0.0, -0.173648, -5e-06, -0.173648, 0.0, -0.984808, 2.092182, 0.0, 1.0, 0.0, 0.672655, 0.0, 0.0, 0.0, 1.0],
                [0.984808, 0.0, -0.173648, -5e-06, -0.173648, 0.0, -0.984808, 2.092182, 0.0, 1.0, 0.0, 0.672655, 0.0, 0.0, 0.0, 1.0],
                [0.984808, 0.0, -0.173648, -5e-06, -0.173648, 0.0, -0.984808, 2.092182, 0.0, 1.0, 0.0, 0.672655, 0.0, 0.0, 0.0, 1.0],
                [0.984808, 0.0, -0.173648, -5e-06, -0.173648, 0.0, -0.984808, 2.092182, 0.0, 1.0, 0.0, 0.672655, 0.0, 0.0, 0.0, 1.0],
                [0.984808, 0.0, -0.173648, -5e-06, -0.173648, 0.0, -0.984808, 2.092182, 0.0, 1.0, 0.0, 0.672655, 0.0, 0.0, 0.0, 1.0],
                [0.984808, 0.0, -0.173648, -5e-06, -0.173648, 0.0, -0.984808, 2.092182, 0.0, 1.0, 0.0, 0.672655, 0.0, 0.0, 0.0, 1.0],
                [0.984808, 0.0, -0.173648, -5e-06, -0.173648, 0.0, -0.984808, 2.092182, 0.0, 1.0, 0.0, 0.672655, 0.0, 0.0, 0.0, 1.0],
                [0.984808, 0.0, -0.173648, -5e-06, -0.173648, 0.0, -0.984808, 2.092182, 0.0, 1.0, 0.0, 0.672655, 0.0, 0.0, 0.0, 1.0],
                [0.984808, 0.0, -0.173648, -5e-06, -0.173648, 0.0, -0.984808, 2.092182, 0.0, 1.0, 0.0, 0.672655, 0.0, 0.0, 0.0, 1.0],
                [0.984808, 0.0, -0.173648, -5e-06, -0.173648, 0.0, -0.984808, 2.092182, 0.0, 1.0, 0.0, 0.672655, 0.0, 0.0, 0.0, 1.0],
                [0.984973, 0.0, -0.172709, -5e-06, -0.172709, 0.0, -0.984973, 2.089982, 0.0, 1.0, 0.0, 0.672655, 0.0, 0.0, 0.0, 1.0],
                [0.98545, 0.0, -0.169968, -5e-06, -0.169968, 0.0, -0.98545, 2.083569, 0.0, 1.0, 0.0, 0.672655, 0.0, 0.0, 0.0, 1.0],
                [0.986203, 0.0, -0.165543, -5e-06, -0.165543, 0.0, -0.986203, 2.073224, 0.0, 1.0, 0.0, 0.672655, 0.0, 0.0, 0.0, 1.0],
                [0.98719, 0.0, -0.159548, -5e-06, -0.159548, 0.0, -0.98719, 2.059228, 0.0, 1.0, 0.0, 0.672655, 0.0, 0.0, 0.0, 1.0],
                [0.988366, 0.0, -0.152097, -5e-06, -0.152097, 0.0, -0.988366, 2.041861, 0.0, 1.0, 0.0, 0.672655, 0.0, 0.0, 0.0, 1.0],
                [0.989679, 0.0, -0.143303, -5e-06, -0.143303, 0.0, -0.989679, 2.021405, 0.0, 1.0, 0.0, 0.672655, 0.0, 0.0, 0.0, 1.0],
                [0.991078, 0.0, -0.133281, -5e-06, -0.133281, 0.0, -0.991078, 1.998141, 0.0, 1.0, 0.0, 0.672655, 0.0, 0.0, 0.0, 1.0],
                [0.992512, 0.0, -0.122145, -5e-06, -0.122145, 0.0, -0.992512, 1.972348, 0.0, 1.0, 0.0, 0.672655, 0.0, 0.0, 0.0, 1.0],
                [0.99393, 0.0, -0.110012, -5e-06, -0.110012, 0.0, -0.99393, 1.944309, 0.0, 1.0, 0.0, 0.672655, 0.0, 0.0, 0.0, 1.0],
                [0.995284, 0.0, -0.097, -5e-06, -0.097, 0.0, -0.995284, 1.914304, 0.0, 1.0, 0.0, 0.672655, 0.0, 0.0, 0.0, 1.0],
                [0.99653, 0.0, -0.083229, -5e-06, -0.083229, 0.0, -0.99653, 1.882614, 0.0, 1.0, 0.0, 0.672655, 0.0, 0.0, 0.0, 1.0],
                [0.997629, 0.0, -0.068821, -5e-06, -0.068821, 0.0, -0.997629, 1.849519, 0.0, 1.0, 0.0, 0.672655, 0.0, 0.0, 0.0, 1.0],
                [0.998546, 0.0, -0.053899, -5e-06, -0.053899, 0.0, -0.998546, 1.815301, 0.0, 1.0, 0.0, 0.672655, 0.0, 0.0, 0.0, 1.0],
                [0.999255, 0.0, -0.03859, -5e-06, -0.03859, 0.0, -0.999255, 1.780241, 0.0, 1.0, 0.0, 0.672655, 0.0, 0.0, 0.0, 1.0],
                [0.999735, 0.0, -0.023021, -5e-06, -0.023021, 0.0, -0.999735, 1.744618, 0.0, 1.0, 0.0, 0.672655, 0.0, 0.0, 0.0, 1.0],
                [0.999973, 0.0, -0.007318, -5e-06, -0.007318, 0.0, -0.999973, 1.708715, 0.0, 1.0, 0.0, 0.672655, 0.0, 0.0, 0.0, 1.0],
                [0.999965, 0.0, 0.008389, -5e-06, 0.008389, 0.0, -0.999965, 1.672812, 0.0, 1.0, 0.0, 0.672655, 0.0, 0.0, 0.0, 1.0],
                [0.999713, 0.0, 0.023972, -5e-06, 0.023972, 0.0, -0.999713, 1.63719, 0.0, 1.0, 0.0, 0.672655, 0.0, 0.0, 0.0, 1.0],
                [0.999227, 0.0, 0.039302, -5e-06, 0.039302, 0.0, -0.999227, 1.602129, 0.0, 1.0, 0.0, 0.672655, 0.0, 0.0, 0.0, 1.0],
                [0.998527, 0.0, 0.054252, -5e-06, 0.054252, 0.0, -0.998527, 1.567911, 0.0, 1.0, 0.0, 0.672655, 0.0, 0.0, 0.0, 1.0],
                [0.997638, 0.0, 0.068695, -5e-06, 0.068695, 0.0, -0.997638, 1.534816, 0.0, 1.0, 0.0, 0.672655, 0.0, 0.0, 0.0, 1.0],
                [0.996591, 0.0, 0.082506, -5e-06, 0.082506, 0.0, -0.996591, 1.503126, 0.0, 1.0, 0.0, 0.672655, 0.0, 0.0, 0.0, 1.0],
                [0.995423, 0.0, 0.095563, -5e-06, 0.095563, 0.0, -0.995423, 1.473121, 0.0, 1.0, 0.0, 0.672655, 0.0, 0.0, 0.0, 1.0],
                [0.994179, 0.0, 0.107742, -5e-06, 0.107742, 0.0, -0.994179, 1.445082, 0.0, 1.0, 0.0, 0.672655, 0.0, 0.0, 0.0, 1.0],
                [0.992903, 0.0, 0.118926, -5e-06, 0.118926, 0.0, -0.992903, 1.419289, 0.0, 1.0, 0.0, 0.672655, 0.0, 0.0, 0.0, 1.0],
                [0.991645, 0.0, 0.128994, -5e-06, 0.128994, 0.0, -0.991645, 1.396025, 0.0, 1.0, 0.0, 0.672655, 0.0, 0.0, 0.0, 1.0],
                [0.990456, 0.0, 0.137832, -5e-06, 0.137832, 0.0, -0.990456, 1.375569, 0.0, 1.0, 0.0, 0.672655, 0.0, 0.0, 0.0, 1.0],
                [0.989384, 0.0, 0.145322, -5e-06, 0.145322, 0.0, -0.989384, 1.358202, 0.0, 1.0, 0.0, 0.672655, 0.0, 0.0, 0.0, 1.0],
                [0.98848, 0.0, 0.15135, -5e-06, 0.15135, 0.0, -0.98848, 1.344206, 0.0, 1.0, 0.0, 0.672655, 0.0, 0.0, 0.0, 1.0],
                [0.987789, 0.0, 0.1558, -5e-06, 0.1558, 0.0, -0.987789, 1.333861, 0.0, 1.0, 0.0, 0.672655, 0.0, 0.0, 0.0, 1.0],
                [0.98735, 0.0, 0.158557, -5e-06, 0.158557, 0.0, -0.98735, 1.327448, 0.0, 1.0, 0.0, 0.672655, 0.0, 0.0, 0.0, 1.0],
                [0.987198, 0.0, 0.159502, -5e-06, 0.159502, 0.0, -0.987198, 1.325248, 0.0, 1.0, 0.0, 0.672655, 0.0, 0.0, 0.0, 1.0],
                [0.987198, 0.0, 0.159502, -5e-06, 0.159502, 0.0, -0.987198, 1.325248, 0.0, 1.0, 0.0, 0.672655, 0.0, 0.0, 0.0, 1.0],
                [0.987198, 0.0, 0.159502, -5e-06, 0.159502, 0.0, -0.987198, 1.325248, 0.0, 1.0, 0.0, 0.672655, 0.0, 0.0, 0.0, 1.0],
                [0.987198, 0.0, 0.159502, -5e-06, 0.159502, 0.0, -0.987198, 1.325248, 0.0, 1.0, 0.0, 0.672655, 0.0, 0.0, 0.0, 1.0],
                [0.987198, 0.0, 0.159502, -5e-06, 0.159502, 0.0, -0.987198, 1.325248, 0.0, 1.0, 0.0, 0.672655, 0.0, 0.0, 0.0, 1.0],
                [0.987198, 0.0, 0.159502, -5e-06, 0.159502, 0.0, -0.987198, 1.325248, 0.0, 1.0, 0.0, 0.672655, 0.0, 0.0, 0.0, 1.0],
                [0.987198, 0.0, 0.159502, -5e-06, 0.159502, 0.0, -0.987198, 1.325248, 0.0, 1.0, 0.0, 0.672655, 0.0, 0.0, 0.0, 1.0],
                [0.987198, 0.0, 0.159502, -5e-06, 0.159502, 0.0, -0.987198, 1.325248, 0.0, 1.0, 0.0, 0.672655, 0.0, 0.0, 0.0, 1.0],
                [0.987198, 0.0, 0.159502, -5e-06, 0.159502, 0.0, -0.987198, 1.325248, 0.0, 1.0, 0.0, 0.672655, 0.0, 0.0, 0.0, 1.0],
                [0.987198, 0.0, 0.159502, -5e-06, 0.159502, 0.0, -0.987198, 1.325248, 0.0, 1.0, 0.0, 0.672655, 0.0, 0.0, 0.0, 1.0],
                [0.987198, 0.0, 0.159502, -5e-06, 0.159502, 0.0, -0.987198, 1.325248, 0.0, 1.0, 0.0, 0.672655, 0.0, 0.0, 0.0, 1.0],
                [0.987198, 0.0, 0.159502, -5e-06, 0.159502, 0.0, -0.987198, 1.325248, 0.0, 1.0, 0.0, 0.672655, 0.0, 0.0, 0.0, 1.0],
                [0.987198, 0.0, 0.159502, -5e-06, 0.159502, 0.0, -0.987198, 1.325248, 0.0, 1.0, 0.0, 0.672655, 0.0, 0.0, 0.0, 1.0],
                [0.987198, 0.0, 0.159502, -5e-06, 0.159502, 0.0, -0.987198, 1.325248, 0.0, 1.0, 0.0, 0.672655, 0.0, 0.0, 0.0, 1.0],
                [0.987198, 0.0, 0.159502, -5e-06, 0.159502, 0.0, -0.987198, 1.325248, 0.0, 1.0, 0.0, 0.672655, 0.0, 0.0, 0.0, 1.0],
                [0.987198, 0.0, 0.159502, -5e-06, 0.159502, 0.0, -0.987198, 1.325248, 0.0, 1.0, 0.0, 0.672655, 0.0, 0.0, 0.0, 1.0],
                [0.987198, 0.0, 0.159502, -5e-06, 0.159502, 0.0, -0.987198, 1.325248, 0.0, 1.0, 0.0, 0.672655, 0.0, 0.0, 0.0, 1.0],
                [0.987198, 0.0, 0.159502, -5e-06, 0.159502, 0.0, -0.987198, 1.325248, 0.0, 1.0, 0.0, 0.672655, 0.0, 0.0, 0.0, 1.0],
                [0.987198, 0.0, 0.159502, -5e-06, 0.159502, 0.0, -0.987198, 1.325248, 0.0, 1.0, 0.0, 0.672655, 0.0, 0.0, 0.0, 1.0],
                [0.987198, 0.0, 0.159502, -5e-06, 0.159502, 0.0, -0.987198, 1.325248, 0.0, 1.0, 0.0, 0.672655, 0.0, 0.0, 0.0, 1.0],
                [0.987198, 0.0, 0.159502, -5e-06, 0.159502, 0.0, -0.987198, 1.325248, 0.0, 1.0, 0.0, 0.672655, 0.0, 0.0, 0.0, 1.0],
                [0.987198, 0.0, 0.159502, -5e-06, 0.159502, 0.0, -0.987198, 1.325248, 0.0, 1.0, 0.0, 0.672655, 0.0, 0.0, 0.0, 1.0],
                [0.987198, 0.0, 0.159502, -5e-06, 0.159502, 0.0, -0.987198, 1.325248, 0.0, 1.0, 0.0, 0.672655, 0.0, 0.0, 0.0, 1.0],
                [0.987198, 0.0, 0.159502, -5e-06, 0.159502, 0.0, -0.987198, 1.325248, 0.0, 1.0, 0.0, 0.672655, 0.0, 0.0, 0.0, 1.0],
                [0.987198, 0.0, 0.159502, -5e-06, 0.159502, 0.0, -0.987198, 1.325248, 0.0, 1.0, 0.0, 0.672655, 0.0, 0.0, 0.0, 1.0],
                [0.987198, 0.0, 0.159502, -5e-06, 0.159502, 0.0, -0.987198, 1.325248, 0.0, 1.0, 0.0, 0.672655, 0.0, 0.0, 0.0, 1.0],
                [0.987198, 0.0, 0.159502, -5e-06, 0.159502, 0.0, -0.987198, 1.325248, 0.0, 1.0, 0.0, 0.672655, 0.0, 0.0, 0.0, 1.0],
                [0.987198, 0.0, 0.159502, -5e-06, 0.159502, 0.0, -0.987198, 1.325248, 0.0, 1.0, 0.0, 0.672655, 0.0, 0.0, 0.0, 1.0],
                [0.987198, 0.0, 0.159502, -5e-06, 0.159502, 0.0, -0.987198, 1.325248, 0.0, 1.0, 0.0, 0.672655, 0.0, 0.0, 0.0, 1.0],
                [0.987198, 0.0, 0.159502, -5e-06, 0.159502, 0.0, -0.987198, 1.325248, 0.0, 1.0, 0.0, 0.672655, 0.0, 0.0, 0.0, 1.0],
                [0.987198, 0.0, 0.159502, -5e-06, 0.159502, 0.0, -0.987198, 1.325248, 0.0, 1.0, 0.0, 0.672655, 0.0, 0.0, 0.0, 1.0],
                [0.987198, 0.0, 0.159502, -5e-06, 0.159502, 0.0, -0.987198, 1.325248, 0.0, 1.0, 0.0, 0.672655, 0.0, 0.0, 0.0, 1.0],
                [0.987198, 0.0, 0.159502, -5e-06, 0.159502, 0.0, -0.987198, 1.325248, 0.0, 1.0, 0.0, 0.672655, 0.0, 0.0, 0.0, 1.0],
                [0.987198, 0.0, 0.159502, -5e-06, 0.159502, 0.0, -0.987198, 1.325248, 0.0, 1.0, 0.0, 0.672655, 0.0, 0.0, 0.0, 1.0],
                [0.987198, 0.0, 0.159502, -5e-06, 0.159502, 0.0, -0.987198, 1.325248, 0.0, 1.0, 0.0, 0.672655, 0.0, 0.0, 0.0, 1.0],
                [0.987198, 0.0, 0.159502, -5e-06, 0.159502, 0.0, -0.987198, 1.325248, 0.0, 1.0, 0.0, 0.672655, 0.0, 0.0, 0.0, 1.0],
                [0.987198, 0.0, 0.159502, -5e-06, 0.159502, 0.0, -0.987198, 1.325248, 0.0, 1.0, 0.0, 0.672655, 0.0, 0.0, 0.0, 1.0],
                [0.987198, 0.0, 0.159502, -5e-06, 0.159502, 0.0, -0.987198, 1.325248, 0.0, 1.0, 0.0, 0.672655, 0.0, 0.0, 0.0, 1.0],
                [0.987198, 0.0, 0.159502, -5e-06, 0.159502, 0.0, -0.987198, 1.325248, 0.0, 1.0, 0.0, 0.672655, 0.0, 0.0, 0.0, 1.0],
                [0.987198, 0.0, 0.159502, -5e-06, 0.159502, 0.0, -0.987198, 1.325248, 0.0, 1.0, 0.0, 0.672655, 0.0, 0.0, 0.0, 1.0],
                [0.987198, 0.0, 0.159502, -5e-06, 0.159502, 0.0, -0.987198, 1.325248, 0.0, 1.0, 0.0, 0.672655, 0.0, 0.0, 0.0, 1.0],
                [0.987198, 0.0, 0.159502, -5e-06, 0.159502, 0.0, -0.987198, 1.325248, 0.0, 1.0, 0.0, 0.672655, 0.0, 0.0, 0.0, 1.0],
                [0.987198, 0.0, 0.159502, -5e-06, 0.159502, 0.0, -0.987198, 1.325248, 0.0, 1.0, 0.0, 0.672655, 0.0, 0.0, 0.0, 1.0],
                [0.987198, 0.0, 0.159502, -5e-06, 0.159502, 0.0, -0.987198, 1.325248, 0.0, 1.0, 0.0, 0.672655, 0.0, 0.0, 0.0, 1.0],
                [0.987198, 0.0, 0.159502, -5e-06, 0.159502, 0.0, -0.987198, 1.325248, 0.0, 1.0, 0.0, 0.672655, 0.0, 0.0, 0.0, 1.0],
                [0.987198, 0.0, 0.159502, -5e-06, 0.159502, 0.0, -0.987198, 1.325248, 0.0, 1.0, 0.0, 0.672655, 0.0, 0.0, 0.0, 1.0],
                [0.987198, 0.0, 0.159502, -5e-06, 0.159502, 0.0, -0.987198, 1.325248, 0.0, 1.0, 0.0, 0.672655, 0.0, 0.0, 0.0, 1.0],
                [0.987198, 0.0, 0.159502, -5e-06, 0.159502, 0.0, -0.987198, 1.325248, 0.0, 1.0, 0.0, 0.672655, 0.0, 0.0, 0.0, 1.0],
                [0.987198, 0.0, 0.159502, -5e-06, 0.159502, 0.0, -0.987198, 1.325248, 0.0, 1.0, 0.0, 0.672655, 0.0, 0.0, 0.0, 1.0],
                [0.987198, 0.0, 0.159502, -5e-06, 0.159502, 0.0, -0.987198, 1.325248, 0.0, 1.0, 0.0, 0.672655, 0.0, 0.0, 0.0, 1.0],
                [0.987198, 0.0, 0.159502, -5e-06, 0.159502, 0.0, -0.987198, 1.325248, 0.0, 1.0, 0.0, 0.672655, 0.0, 0.0, 0.0, 1.0],
                [0.987198, 0.0, 0.159502, -5e-06, 0.159502, 0.0, -0.987198, 1.325248, 0.0, 1.0, 0.0, 0.672655, 0.0, 0.0, 0.0, 1.0],
                [0.987198, 0.0, 0.159502, -5e-06, 0.159502, 0.0, -0.987198, 1.325248, 0.0, 1.0, 0.0, 0.672655, 0.0, 0.0, 0.0, 1.0],
                [0.987198, 0.0, 0.159502, -5e-06, 0.159502, 0.0, -0.987198, 1.325248, 0.0, 1.0, 0.0, 0.672655, 0.0, 0.0, 0.0, 1.0],
                [0.987198, 0.0, 0.159502, -5e-06, 0.159502, 0.0, -0.987198, 1.325248, 0.0, 1.0, 0.0, 0.672655, 0.0, 0.0, 0.0, 1.0],
                [0.987198, 0.0, 0.159502, -5e-06, 0.159502, 0.0, -0.987198, 1.325248, 0.0, 1.0, 0.0, 0.672655, 0.0, 0.0, 0.0, 1.0],
                [0.987198, 0.0, 0.159502, -5e-06, 0.159502, 0.0, -0.987198, 1.325248, 0.0, 1.0, 0.0, 0.672655, 0.0, 0.0, 0.0, 1.0],
                [0.987198, 0.0, 0.159502, -5e-06, 0.159502, 0.0, -0.987198, 1.325248, 0.0, 1.0, 0.0, 0.672655, 0.0, 0.0, 0.0, 1.0],
                [0.987198, 0.0, 0.159502, -5e-06, 0.159502, 0.0, -0.987198, 1.325248, 0.0, 1.0, 0.0, 0.672655, 0.0, 0.0, 0.0, 1.0],
                [0.987198, 0.0, 0.159502, -5e-06, 0.159502, 0.0, -0.987198, 1.325248, 0.0, 1.0, 0.0, 0.672655, 0.0, 0.0, 0.0, 1.0],
                [0.987198, 0.0, 0.159502, -5e-06, 0.159502, 0.0, -0.987198, 1.325248, 0.0, 1.0, 0.0, 0.672655, 0.0, 0.0, 0.0, 1.0]
            ]
        },
        {
            "name": "Thigh_R",
            "time": [0.0, 0.0167, 0.0333, 0.05, 0.0667, 0.0833, 0.1, 0.1167, 0.1333, 0.15, 0.1667, 0.1833, 0.2, 0.2167, 0.2333, 0.25, 0.2667, 0.2833, 0.3, 0.3167, 0.3333, 0.35, 0.3667, 0.3833, 0.4, 0.4167, 0.4333, 0.45, 0.4667, 0.4833, 0.5, 0.5167, 0.5333, 0.55, 0.5667, 0.5833, 0.6, 0.6167, 0.6333, 0.65, 0.6667, 0.6833, 0.7, 0.7167, 0.7333, 0.75, 0.7667, 0.7833, 0.8, 0.8167, 0.8333, 0.85, 0.8667, 0.8833, 0.9, 0.9167, 0.9333, 0.95, 0.9667, 0.9833, 1.0, 1.0167, 1.0333, 1.05, 1.0667, 1.0833, 1.1, 1.1167, 1.1333, 1.15, 1.1667, 1.1833, 1.2, 1.2167, 1.2333, 1.25, 1.2667, 1.2833, 1.3, 1.3167, 1.3333, 1.35, 1.3667, 1.3833, 1.4, 1.4167, 1.4333, 1.45, 1.4667, 1.4833, 1.5, 1.5167, 1.5333, 1.55, 1.5667, 1.5833, 1.6, 1.6167, 1.6333, 1.65, 1.6667, 1.6833, 1.7, 1.7167, 1.7333, 1.75, 1.7667, 2.7667],
            "transform": [
                [0.998904, 0.046749, 0.002374, 0.124994, 0.044556, -0.934054, -0.354342, -0.002831, -0.014348, 0.354059, -0.935113, -1.2e-05, 0.0, 0.0, 0.0, 1.0],
                [0.998891, 0.047026, 0.002483, 0.124994, 0.044863, -0.934264, -0.353747, -0.002831, -0.014315, 0.353466, -0.935338, -1.2e-05, 0.0, 0.0, 0.0, 1.0],
                [0.998852, 0.047813, 0.002793, 0.124994, 0.045734, -0.934866, -0.352043, -0.002831, -0.014221, 0.351767, -0.93598, -1.2e-05, 0.0, 0.0, 0.0, 1.0],
                [0.998791, 0.049041, 0.003272, 0.124994, 0.047093, -0.935807, -0.349352, -0.002831, -0.01407, 0.349084, -0.936986, -1.2e-05, 0.0, 0.0, 0.0, 1.0],
                [0.998709, 0.050645, 0.003891, 0.124994, 0.048865, -0.937037, -0.345793, -0.002831, -0.013867, 0.345537, -0.938303, -1.2e-05, 0.0, 0.0, 0.0, 1.0],
                [0.998607, 0.052559, 0.004618, 0.124994, 0.050975, -0.938502, -0.341488, -0.002831, -0.013614, 0.341248, -0.939875, -1.2e-05, 0.0, 0.0, 0.0, 1.0],
                [0.998487, 0.054715, 0.005424, 0.124994, 0.053346, -0.940151, -0.336557, -0.002831, -0.013316, 0.336337, -0.941648, -1.2e-05, 0.0, 0.0, 0.0, 1.0],
                [0.998352, 0.057047, 0.006276, 0.124994, 0.055904, -0.941931, -0.331119, -0.002831, -0.012977, 0.330925, -0.943568, -1.2e-05, 0.0, 0.0, 0.0, 1.0],
                [0.998204, 0.059487, 0.007148, 0.124994, 0.058574, -0.943795, -0.325299, -0.002831, -0.012605, 0.325133, -0.945584, -1.2e-05, 0.0, 0.0, 0.0, 1.0],
                [0.998046, 0.061967, 0.008012, 0.124994, 0.06128, -0.945698, -0.319218, -0.002831, -0.012205, 0.319086, -0.947647, -1.2e-05, 0.0, 0.0, 0.0, 1.0],
                [0.997884, 0.06442, 0.00884, 0.124994, 0.063947, -0.947597, -0.313002, -0.002831, -0.011787, 0.312905, -0.949711, -1.2e-05, 0.0, 0.0, 0.0, 1.0],
                [0.997722, 0.066777, 0.00961, 0.124994, 0.066501, -0.949456, -0.306774, -0.002831, -0.011361, 0.306715, -0.951734, -1.2e-05, 0.0, 0.0, 0.0, 1.0],
                [0.997566, 0.068968, 0.010298, 0.124994, 0.068869, -0.95124, -0.300663, -0.002831, -0.01094, 0.30064, -0.953675, -1.2e-05, 0.0, 0.0, 0.0, 1.0],
                [0.997422, 0.070925, 0.010882, 0.124994, 0.070977, -0.952921, -0.294795, -0.002831, -0.010538, 0.294808, -0.955498, -1.2e-05, 0.0, 0.0, 0.0, 1.0],
                [0.997298, 0.072577, 0.011343, 0.124994, 0.07275, -0.95447, -0.2893, -0.002831, -0.01017, 0.289343, -0.957171, -1.2e-05, 0.0, 0.0, 0.0, 1.0],
                [0.997201, 0.073854, 0.011661, 0.124994, 0.074117, -0.955864, -0.284305, -0.002831, -0.009851, 0.284373, -0.958663, -1.2e-05, 0.0, 0.0, 0.0, 1.0],
                [0.997137, 0.074687, 0.011816, 0.124994, 0.075004, -0.957083, -0.279941, -0.002831, -0.009599, 0.280026, -0.959945, -1.2e-05, 0.0, 0.0, 0.0, 1.0],
                [0.997114, 0.075005, 0.011792, 0.124994, 0.075338, -0.958103, -0.276337, -0.002831, -0.009429, 0.276428, -0.960988, -1.2e-05, 0.0, 0.0, 0.0, 1.0],
                [0.997114, 0.075027, 0.011625, 0.124994, 0.075341, -0.958907, -0.273534, -0.002831, -0.009375, 0.27362, -0.961792, -1.2e-05, 0.0, 0.0, 0.0, 1.0],
                [0.997117, 0.075024, 0.011373, 0.124994, 0.075291, -0.959547, -0.271295, -0.002831, -0.009441, 0.271369, -0.962429, -1.2e-05, 0.0, 0.0, 0.0, 1.0],
                [0.997122, 0.075004, 0.01104, 0.124994, 0.075202, -0.960106, -0.269334, -0.002831, -0.009602, 0.269389, -0.962983, -1.2e-05, 0.0, 0.0, 0.0, 1.0],
                [0.997129, 0.074974, 0.010633, 0.124994, 0.075084, -0.960666, -0.267365, -0.002831, -0.009831, 0.267395, -0.963537, -1.2e-05, 0.0, 0.0, 0.0, 1.0],
                [0.997136, 0.074943, 0.010157, 0.124994, 0.07495, -0.961304, -0.265097, -0.002831, -0.010103, 0.265099, -0.964168, -1.2e-05, 0.0, 0.0, 0.0, 1.0],
                [0.997144, 0.074916, 0.009618, 0.124994, 0.074813, -0.962098, -0.262242, -0.002831, -0.010392, 0.262212, -0.964954, -1.2e-05, 0.0, 0.0, 0.0, 1.0],
                [0.99715, 0.074902, 0.009022, 0.124994, 0.074685, -0.963118, -0.258505, -0.002831, -0.010673, 0.258442, -0.965968, -1.2e-05, 0.0, 0.0, 0.0, 1.0],
                [0.997155, 0.074906, 0.008373, 0.124994, 0.074577, -0.964432, -0.253591, -0.002831, -0.01092, 0.253494, -0.967275, -1.2e-05, 0.0, 0.0, 0.0, 1.0],
                [0.997159, 0.074934, 0.007676, 0.124994, 0.074503, -0.966097, -0.247195, -0.002831, -0.011107, 0.247065, -0.968935, -1.2e-05, 0.0, 0.0, 0.0, 1.0],
                [0.99716, 0.074992, 0.006937, 0.124994, 0.074473, -0.968157, -0.239009, -0.002831, -0.011208, 0.238846, -0.970993, -1.2e-05, 0.0, 0.0, 0.0, 1.0],
                [0.997158, 0.075084, 0.006158, 0.124994, 0.0745, -0.970639, -0.22871, -0.002831, -0.011195, 0.228519, -0.973475, -1.2e-05, 0.0, 0.0, 0.0, 1.0],
                [0.997153, 0.075215, 0.005345, 0.124994, 0.074592, -0.973547, -0.215967, -0.002831, -0.011041, 0.215751, -0.976386, -1.2e-05, 0.0, 0.0, 0.0, 1.0],
                [0.997144, 0.075389, 0.004499, 0.124994, 0.074759, -0.976851, -0.200433, -0.002831, -0.010716, 0.200197, -0.979697, -1.2e-05, 0.0, 0.0, 0.0, 1.0],
                [0.997131, 0.075609, 0.003622, 0.124994, 0.075006, -0.980481, -0.181743, -0.002831, -0.01019, 0.181493, -0.983339, -1.2e-05, 0.0, 0.0, 0.0, 1.0],
                [0.997114, 0.075877, 0.002717, 0.124994, 0.075338, -0.984316, -0.159518, -0.002831, -0.009429, 0.159263, -0.987191, -1.2e-05, 0.0, 0.0, 0.0, 1.0],
                [0.996859, 0.078912, 0.006774, 0.124994, 0.079158, -0.989793, -0.118504, -0.002831, -0.002646, 0.118668, -0.992931, -1.2e-05, 0.0, 0.0, 0.0, 1.0],
                [0.995977, 0.08749, 0.019368, 0.124994, 0.088314, -0.994992, -0.046814, -0.002831, 0.015175, 0.048336, -0.998716, -1.2e-05, 0.0, 0.0, 0.0, 1.0],
                [0.994058, 0.101971, 0.038087, 0.124994, 0.100002, -0.993708, 0.050439, -0.002831, 0.042991, -0.04633, -0.998001, -1.2e-05, 0.0, 0.0, 0.0, 1.0],
                [0.990638, 0.122557, 0.060133, 0.124994, 0.111104, -0.979761, 0.166505, -0.002831, 0.079322, -0.158265, -0.984205, -1.2e-05, 0.0, 0.0, 0.0, 1.0],
                [0.985424, 0.148762, 0.082515, 0.124994, 0.118749, -0.948861, 0.292508, -0.002831, 0.12181, -0.278446, -0.952696, -1.2e-05, 0.0, 0.0, 0.0, 1.0],
                [0.978472, 0.179121, 0.102513, 0.124994, 0.120988, -0.900258, 0.418207, -0.002831, 0.167198, -0.396801, -0.902549, -1.2e-05, 0.0, 0.0, 0.0, 1.0],
                [0.970246, 0.211294, 0.118225, 0.124994, 0.117326, -0.837431, 0.533801, -0.002831, 0.211794, -0.504048, -0.837304, -1.2e-05, 0.0, 0.0, 0.0, 1.0],
                [0.961544, 0.242509, 0.128931, 0.124994, 0.108816, -0.767393, 0.631875, -0.002831, 0.252177, -0.593546, -0.764271, -1.2e-05, 0.0, 0.0, 0.0, 1.0],
                [0.953313, 0.270095, 0.135064, 0.124994, 0.097674, -0.698997, 0.708422, -0.002831, 0.285751, -0.662156, -0.692745, -1.2e-05, 0.0, 0.0, 0.0, 1.0],
                [0.946486, 0.291834, 0.137829, 0.124994, 0.086653, -0.641157, 0.762501, -0.002831, 0.310894, -0.709754, -0.632135, -1.2e-05, 0.0, 0.0, 0.0, 1.0],
                [0.941882, 0.305981, 0.138684, 0.124994, 0.078457, -0.601756, 0.794817, -0.002831, 0.326653, -0.737743, -0.59079, -1.2e-05, 0.0, 0.0, 0.0, 1.0],
                [0.940205, 0.311038, 0.138815, 0.124994, 0.075338, -0.587362, 0.805809, -0.002831, 0.332172, -0.747168, -0.575674, -1.2e-05, 0.0, 0.0, 0.0, 1.0],
                [0.940205, 0.311038, 0.138815, 0.124994, 0.075338, -0.587362, 0.805809, -0.002831, 0.332172, -0.747168, -0.575674, -1.2e-05, 0.0, 0.0, 0.0, 1.0],
                [0.940205, 0.311038, 0.138815, 0.124994, 0.075338, -0.587362, 0.805809, -0.002831, 0.332172, -0.747168, -0.575674, -1.2e-05, 0.0, 0.0, 0.0, 1.0],
                [0.940205, 0.311038, 0.138815, 0.124994, 0.075338, -0.587362, 0.805809, -0.002831, 0.332172, -0.747168, -0.575674, -1.2e-05, 0.0, 0.0, 0.0, 1.0],
                [0.940205, 0.311038, 0.138815, 0.124994, 0.075338, -0.587362, 0.805809, -0.002831, 0.332172, -0.747168, -0.575674, -1.2e-05, 0.0, 0.0, 0.0, 1.0],
                [0.940205, 0.311038, 0.138815, 0.124994, 0.075338, -0.587362, 0.805809, -0.002831, 0.332172, -0.747168, -0.575674, -1.2e-05, 0.0, 0.0, 0.0, 1.0],
