{
    "armature": {
        "joints": ["Root", "Thigh_R", "Leg_R", "Knee_R", "Thigh_L", "Leg_L", "Knee_L", "Torso", "Chest", "Head", "Shoulder_R", "Arm_R", "Hand_R", "Tool_R", "Elbow_R", "Shoulder_L", "Arm_L", "Hand_L", "Tool_L", "Elbow_L"],
        "hierarchy": [
            {
                "name": "Root",
                "transform": [1.0, 0.0, 0.0, -5e-06, 0.0, 0.0, -1.0, 0.000946, 0.0, 1.0, 0.0, 0.763972, 0.0, 0.0, 0.0, 1.0],
                "children": [
                    {
                        "name": "Thigh_R",
                        "transform": [1.0, -0.0, -0.0, 0.124994, -0.0, -1.0, 0.0, -0.002831, -0.0, -0.0, -1.0, -1.2e-05, 0.0, 0.0, 0.0, 1.0],
                        "children": [
                            {
                                "name": "Leg_R",
                                "transform": [1.0, 0.0, 1e-06, 0.0, -0.0, 1.0, 0.0, 0.37472, -1e-06, -0.0, 1.0, -0.0, 0.0, 0.0, 0.0, 1.0],
                                "children": []
                            },
                            {
                                "name": "Knee_R",
                                "transform": [1.0, 0.0, -0.0, 0.0, -0.0, 0.0, -1.0, 0.37472, -0.0, 1.0, 0.0, -0.0, 0.0, 0.0, 0.0, 1.0],
                                "children": []
                            }
                        ]
                    },
                    {
                        "name": "Thigh_L",
                        "transform": [1.0, -0.0, -0.0, -0.125006, -0.0, -1.0, 0.0, -0.002831, -0.0, -0.0, -1.0, -1.2e-05, 0.0, 0.0, 0.0, 1.0],
                        "children": [
                            {
                                "name": "Leg_L",
                                "transform": [1.0, 0.0, 1e-06, -0.0, -0.0, 1.0, 0.0, 0.37472, -1e-06, -0.0, 1.0, 0.0, 0.0, 0.0, 0.0, 1.0],
                                "children": []
                            },
                            {
                                "name": "Knee_L",
                                "transform": [1.0, 0.0, -0.0, -0.0, -0.0, 0.0, -1.0, 0.37472, -0.0, 1.0, 0.0, 0.0, 0.0, 0.0, 0.0, 1.0],
                                "children": []
                            }
                        ]
                    },
                    {
                        "name": "Torso",
                        "transform": [1.0, 0.0, 0.0, 0.0, 0.0, 1.0, 0.0, 0.05, 0.0, 0.0, 1.0, 0.0, 0.0, 0.0, 0.0, 1.0],
                        "children": [
                            {
                                "name": "Chest",
                                "transform": [1.0, 0.0, 0.0, 0.0, 0.0, 1.0, 0.0, 0.3, 0.0, 0.0, 1.0, 0.0, 0.0, 0.0, 0.0, 1.0],
                                "children": [
                                    {
                                        "name": "Head",
                                        "transform": [1.0, 0.0, 0.0, 0.0, 0.0, 1.0, 0.0, 0.4, 0.0, 0.0, 1.0, 0.0, 0.0, 0.0, 0.0, 1.0],
                                        "children": []
                                    },
                                    {
                                        "name": "Shoulder_R",
                                        "transform": [0.0, 0.952114, 0.305743, 0.0, 0.0, -0.305743, 0.952114, 0.4, 1.0, 0.0, -0.0, 0.0, 0.0, 0.0, 0.0, 1.0],
                                        "children": [
                                            {
                                                "name": "Arm_R",
                                                "transform": [0.0, -0.0, -1.0, -0.0, 0.952114, 0.305743, 0.0, 0.39386, 0.305743, -0.952114, 0.0, 0.0, 0.0, 0.0, 0.0, 1.0],
                                                "children": [
                                                    {
                                                        "name": "Hand_R",
                                                        "transform": [1.0, 0.0, 0.0, 0.0, -0.0, 0.993938, 0.109947, 0.3, -0.0, -0.109947, 0.993937, 0.0, 0.0, 0.0, 0.0, 1.0],
                                                        "children": [
                                                            {
                                                                "name": "Tool_R",
                                                                "transform": [1.0, 0.0, 0.0, -0.0, 0.0, -0.999836, 0.018122, 0.272858, 0.0, -0.018122, -0.999836, 0.0, 0.0, 0.0, 0.0, 1.0],
                                                                "children": []
                                                            }
                                                        ]
                                                    },
                                                    {
                                                        "name": "Elbow_R",
                                                        "transform": [-1.0, 0.0, -0.0, 0.0, 0.0, 0.0, -1.0, 0.3, -0.0, -1.0, -0.0, 0.0, 0.0, 0.0, 0.0, 1.0],
                                                        "children": []
                                                    }
                                                ]
                                            }
                                        ]
                                    },
                                    {
                                        "name": "Shoulder_L",
                                        "transform": [-0.0, -0.952114, -0.305743, 0.0, 0.0, -0.305743, 0.952114, 0.4, -1.0, 0.0, 0.0, 0.0, 0.0, 0.0, 0.0, 1.0],
                                        "children": [
                                            {
                                                "name": "Arm_L",
                                                "transform": [-0.0, -0.0, 1.0, -0.0, -0.952114, 0.305743, -0.0, 0.39386, -0.305743, -0.952114, -0.0, 0.0, 0.0, 0.0, 0.0, 1.0],
                                                "children": [
                                                    {
                                                        "name": "Hand_L",
                                                        "transform": [1.0, -0.0, 0.0, -0.0, 0.0, 0.993937, 0.109947, 0.3, -0.0, -0.109947, 0.993937, 0.0, 0.0, 0.0, 0.0, 1.0],
                                                        "children": [
                                                            {
                                                                "name": "Tool_L",
                                                                "transform": [1.0, 0.0, 0.0, -0.0, -0.0, -0.999836, 0.018122, 0.272858, 0.0, -0.018122, -0.999836, -0.0, 0.0, 0.0, 0.0, 1.0],
                                                                "children": []
                                                            }
                                                        ]
                                                    },
                                                    {
                                                        "name": "Elbow_L",
                                                        "transform": [-1.0, 0.0, -0.0, -0.0, 0.0, -0.0, -1.0, 0.3, -0.0, -1.0, 0.0, 0.0, 0.0, 0.0, 0.0, 1.0],
                                                        "children": []
                                                    }
                                                ]
                                            }
                                        ]
                                    }
                                ]
                            }
                        ]
                    }
                ]
            }
        ]
    },
    "animation": [
        {
            "name": "Root",
            "time": [0.0167, 0.0333, 0.05, 0.0667, 0.0833, 0.1, 0.1167, 0.1333, 0.15, 0.1667, 0.1833, 0.2, 0.2167, 0.2333, 0.25, 0.2667, 0.2833, 0.3, 0.3167, 0.3333, 0.35, 0.3667, 0.3833, 0.4, 0.4167, 0.4333, 0.45, 0.4667, 0.4833, 0.5, 0.5167, 0.5333, 0.55, 0.5667, 0.5833, 0.6, 0.6167, 0.6333, 0.65, 0.6667, 0.6833, 0.7, 0.7167, 0.7333, 0.75, 0.7667, 0.7833, 0.8, 0.8167, 0.8333, 0.85, 0.8667, 0.8833, 0.9, 0.9167, 0.9333, 0.95, 0.9667, 0.9833, 1.0, 1.0167, 1.0333, 1.05, 1.0667, 1.0833, 1.1, 1.1167, 1.1333, 1.15, 1.1667, 1.1833, 1.2, 1.2167, 1.2333, 1.25, 1.2667, 1.2833, 1.3, 1.3167, 1.3333, 1.35, 1.3667, 1.3833, 1.4, 1.4167, 1.4333, 1.45, 1.4667, 1.4833, 1.5, 1.5167, 1.5333, 1.55, 1.5667, 1.5833, 1.6, 1.6167, 1.6333, 1.65, 1.6667, 1.6833, 1.7, 1.7167, 1.7333, 1.75, 1.7667, 1.7833, 1.8, 1.8167, 1.8333, 1.85, 1.8667, 1.8833, 1.9, 1.9167, 1.9333, 1.95, 1.9667, 1.9833, 2.0, 2.0167, 2.0333, 2.05, 2.0667, 2.0833, 2.1, 2.1167, 2.1333, 2.15, 2.1667, 2.1833, 2.2, 2.2167, 2.2333, 2.25, 2.2667, 2.2833, 2.3, 2.3167, 2.3333, 2.35, 2.3667, 2.3833, 2.4, 2.4167, 2.4333, 2.45, 2.4667, 2.4833, 2.5, 2.5167],
            "transform": [
                [1.0, 0.0, 0.0, -5e-06, 0.0, 0.0, -1.0, 0.000946, 0.0, 1.0, 0.0, 0.763972, 0.0, 0.0, 0.0, 1.0],
                [1.0, 0.0, 0.0, -5e-06, 0.0, 0.0, -1.0, 0.000946, 0.0, 1.0, 0.0, 0.762235, 0.0, 0.0, 0.0, 1.0],
                [1.0, 0.0, 0.0, -5e-06, 0.0, 0.0, -1.0, 0.000946, 0.0, 1.0, 0.0, 0.757254, 0.0, 0.0, 0.0, 1.0],
                [1.0, 0.0, 0.0, -5e-06, 0.0, 0.0, -1.0, 0.000946, 0.0, 1.0, 0.0, 0.749369, 0.0, 0.0, 0.0, 1.0],
                [1.0, 0.0, 0.0, -5e-06, 0.0, 0.0, -1.0, 0.000946, 0.0, 1.0, 0.0, 0.738922, 0.0, 0.0, 0.0, 1.0],
                [1.0, 0.0, 0.0, -5e-06, 0.0, 0.0, -1.0, 0.000946, 0.0, 1.0, 0.0, 0.726255, 0.0, 0.0, 0.0, 1.0],
                [1.0, 0.0, 0.0, -5e-06, 0.0, 0.0, -1.0, 0.000946, 0.0, 1.0, 0.0, 0.711709, 0.0, 0.0, 0.0, 1.0],
                [1.0, 0.0, 0.0, -5e-06, 0.0, 0.0, -1.0, 0.000946, 0.0, 1.0, 0.0, 0.695626, 0.0, 0.0, 0.0, 1.0],
                [1.0, 0.0, 0.0, -5e-06, 0.0, 0.0, -1.0, 0.000946, 0.0, 1.0, 0.0, 0.678348, 0.0, 0.0, 0.0, 1.0],
                [1.0, 0.0, 0.0, -5e-06, 0.0, 0.0, -1.0, 0.000946, 0.0, 1.0, 0.0, 0.660215, 0.0, 0.0, 0.0, 1.0],
                [1.0, 0.0, 0.0, -5e-06, 0.0, 0.0, -1.0, 0.000946, 0.0, 1.0, 0.0, 0.641571, 0.0, 0.0, 0.0, 1.0],
                [1.0, 0.0, 0.0, -5e-06, 0.0, 0.0, -1.0, 0.000946, 0.0, 1.0, 0.0, 0.622755, 0.0, 0.0, 0.0, 1.0],
                [1.0, 0.0, 0.0, -5e-06, 0.0, 0.0, -1.0, 0.000946, 0.0, 1.0, 0.0, 0.60411, 0.0, 0.0, 0.0, 1.0],
                [1.0, 0.0, 0.0, -5e-06, 0.0, 0.0, -1.0, 0.000946, 0.0, 1.0, 0.0, 0.585978, 0.0, 0.0, 0.0, 1.0],
                [1.0, 0.0, 0.0, -5e-06, 0.0, 0.0, -1.0, 0.000946, 0.0, 1.0, 0.0, 0.5687, 0.0, 0.0, 0.0, 1.0],
                [1.0, 0.0, 0.0, -5e-06, 0.0, 0.0, -1.0, 0.000946, 0.0, 1.0, 0.0, 0.552617, 0.0, 0.0, 0.0, 1.0],
                [1.0, 0.0, 0.0, -5e-06, 0.0, 0.0, -1.0, 0.000946, 0.0, 1.0, 0.0, 0.538071, 0.0, 0.0, 0.0, 1.0],
                [1.0, 0.0, 0.0, -5e-06, 0.0, 0.0, -1.0, 0.000946, 0.0, 1.0, 0.0, 0.525404, 0.0, 0.0, 0.0, 1.0],
                [1.0, 0.0, 0.0, -5e-06, 0.0, 0.0, -1.0, 0.000946, 0.0, 1.0, 0.0, 0.514957, 0.0, 0.0, 0.0, 1.0],
                [1.0, 0.0, 0.0, -5e-06, 0.0, 0.0, -1.0, 0.000946, 0.0, 1.0, 0.0, 0.507072, 0.0, 0.0, 0.0, 1.0],
                [1.0, 0.0, 0.0, -5e-06, 0.0, 0.0, -1.0, 0.000946, 0.0, 1.0, 0.0, 0.502091, 0.0, 0.0, 0.0, 1.0],
                [1.0, 0.0, 0.0, -5e-06, 0.0, 0.0, -1.0, 0.000946, 0.0, 1.0, 0.0, 0.500354, 0.0, 0.0, 0.0, 1.0],
                [0.999997, 0.0, 0.002592, -5e-06, 0.002592, 0.0, -0.999997, 0.005653, 0.0, 1.0, 0.0, 0.500354, 0.0, 0.0, 0.0, 1.0],
                [0.999946, 0.0, 0.010354, -5e-06, 0.010354, 0.0, -0.999946, 0.01989, 0.0, 1.0, 0.0, 0.500354, 0.0, 0.0, 0.0, 1.0],
                [0.999729, 0.0, 0.023272, -5e-06, 0.023272, 0.0, -0.999729, 0.043835, 0.0, 1.0, 0.0, 0.500354, 0.0, 0.0, 0.0, 1.0],
                [0.999145, 0.0, 0.041335, -5e-06, 0.041335, 0.0, -0.999145, 0.077664, 0.0, 1.0, 0.0, 0.500354, 0.0, 0.0, 0.0, 1.0],
                [0.997916, 0.0, 0.06453, -5e-06, 0.06453, 0.0, -0.997916, 0.121553, 0.0, 1.0, 0.0, 0.500354, 0.0, 0.0, 0.0, 1.0],
                [0.995682, 0.0, 0.092826, -5e-06, 0.092826, 0.0, -0.995682, 0.175679, 0.0, 1.0, 0.0, 0.500354, 0.0, 0.0, 0.0, 1.0],
                [0.992009, 0.0, 0.126164, -5e-06, 0.126164, 0.0, -0.992009, 0.240218, 0.0, 1.0, 0.0, 0.500354, 0.0, 0.0, 0.0, 1.0],
                [0.986387, 0.0, 0.164442, -5e-06, 0.164442, 0.0, -0.986387, 0.315347, 0.0, 1.0, 0.0, 0.500354, 0.0, 0.0, 0.0, 1.0],
                [0.9783, 0.0, 0.207195, -5e-06, 0.207195, 0.0, -0.9783, 0.400815, 0.0, 1.0, 0.0, 0.500354, 0.0, 0.0, 0.0, 1.0],
                [0.967539, 0.0, 0.252721, -5e-06, 0.252721, 0.0, -0.967539, 0.49466, 0.0, 1.0, 0.0, 0.500354, 0.0, 0.0, 0.0, 1.0],
                [0.954248, 0.0, 0.299016, -5e-06, 0.299016, 0.0, -0.954248, 0.594493, 0.0, 1.0, 0.0, 0.500354, 0.0, 0.0, 0.0, 1.0],
                [0.938918, 0.0, 0.344142, -5e-06, 0.344142, 0.0, -0.938918, 0.697925, 0.0, 1.0, 0.0, 0.500354, 0.0, 0.0, 0.0, 1.0],
                [0.922379, 0.0, 0.386285, -5e-06, 0.386285, 0.0, -0.922379, 0.802566, 0.0, 1.0, 0.0, 0.500354, 0.0, 0.0, 0.0, 1.0],
                [0.905756, 0.0, 0.423799, -5e-06, 0.423799, 0.0, -0.905756, 0.906027, 0.0, 1.0, 0.0, 0.500354, 0.0, 0.0, 0.0, 1.0],
                [0.89038, 0.0, 0.455218, -5e-06, 0.455218, 0.0, -0.89038, 1.005919, 0.0, 1.0, 0.0, 0.500354, 0.0, 0.0, 0.0, 1.0],
                [0.877693, 0.0, 0.479224, -5e-06, 0.479224, 0.0, -0.877693, 1.099852, 0.0, 1.0, 0.0, 0.500354, 0.0, 0.0, 0.0, 1.0],
                [0.869134, 0.0, 0.494576, -5e-06, 0.494576, 0.0, -0.869134, 1.185438, 0.0, 1.0, 0.0, 0.500354, 0.0, 0.0, 0.0, 1.0],
                [0.866025, 0.0, 0.5, -5e-06, 0.5, 0.0, -0.866025, 1.260288, 0.0, 1.0, 0.0, 0.500354, 0.0, 0.0, 0.0, 1.0],
                [0.866025, 0.0, 0.5, -5e-06, 0.5, 0.0, -0.866025, 1.322633, 0.0, 1.0, 0.0, 0.500354, 0.0, 0.0, 0.0, 1.0],
                [0.866025, 0.0, 0.5, -5e-06, 0.5, 0.0, -0.866025, 1.373199, 0.0, 1.0, 0.0, 0.500354, 0.0, 0.0, 0.0, 1.0],
                [0.866025, 0.0, 0.5, -5e-06, 0.5, 0.0, -0.866025, 1.413331, 0.0, 1.0, 0.0, 0.500354, 0.0, 0.0, 0.0, 1.0],
                [0.866025, 0.0, 0.5, -5e-06, 0.5, 0.0, -0.866025, 1.444376, 0.0, 1.0, 0.0, 0.500354, 0.0, 0.0, 0.0, 1.0],
                [0.866025, 0.0, 0.5, -5e-06, 0.5, 0.0, -0.866025, 1.46768, 0.0, 1.0, 0.0, 0.500354, 0.0, 0.0, 0.0, 1.0],
                [0.866025, 0.0, 0.5, -5e-06, 0.5, 0.0, -0.866025, 1.484588, 0.0, 1.0, 0.0, 0.500354, 0.0, 0.0, 0.0, 1.0],
                [0.866025, 0.0, 0.5, -5e-06, 0.5, 0.0, -0.866025, 1.496448, 0.0, 1.0, 0.0, 0.500354, 0.0, 0.0, 0.0, 1.0],
                [0.866025, 0.0, 0.5, -5e-06, 0.5, 0.0, -0.866025, 1.504605, 0.0, 1.0, 0.0, 0.500354, 0.0, 0.0, 0.0, 1.0],
                [0.866025, 0.0, 0.5, -5e-06, 0.5, 0.0, -0.866025, 1.510405, 0.0, 1.0, 0.0, 0.500354, 0.0, 0.0, 0.0, 1.0],
                [0.866025, 0.0, 0.5, -5e-06, 0.5, 0.0, -0.866025, 1.515195, 0.0, 1.0, 0.0, 0.500354, 0.0, 0.0, 0.0, 1.0],
                [0.866025, 0.0, 0.5, -5e-06, 0.5, 0.0, -0.866025, 1.520321, 0.0, 1.0, 0.0, 0.500354, 0.0, 0.0, 0.0, 1.0],
                [0.866144, 0.0, 0.499795, -5e-06, 0.499795, 0.0, -0.866144, 1.52727, 0.0, 1.0, 0.0, 0.500354, 0.0, 0.0, 0.0, 1.0],
                [0.866969, 0.0, 0.498362, -5e-06, 0.498362, 0.0, -0.866969, 1.538091, 0.0, 1.0, 0.0, 0.500354, 0.0, 0.0, 0.0, 1.0],
                [0.8692, 0.0, 0.494461, -5e-06, 0.494461, 0.0, -0.8692, 1.554974, 0.0, 1.0, 0.0, 0.500354, 0.0, 0.0, 0.0, 1.0],
                [0.873502, 0.0, 0.486821, -5e-06, 0.486821, 0.0, -0.873502, 1.580109, 0.0, 1.0, 0.0, 0.500354, 0.0, 0.0, 0.0, 1.0],
                [0.88047, 0.0, 0.474103, -5e-06, 0.474103, 0.0, -0.88047, 1.615686, 0.0, 1.0, 0.0, 0.500354, 0.0, 0.0, 0.0, 1.0],
                [0.890569, 0.0, 0.454849, -5e-06, 0.454849, 0.0, -0.890569, 1.663896, 0.0, 1.0, 0.0, 0.500354, 0.0, 0.0, 0.0, 1.0],
                [0.904048, 0.0, 0.427432, -5e-06, 0.427432, 0.0, -0.904048, 1.726928, 0.0, 1.0, 0.0, 0.500354, 0.0, 0.0, 0.0, 1.0],
                [0.920814, 0.0, 0.390003, -5e-06, 0.390003, 0.0, -0.920814, 1.806972, 0.0, 1.0, 0.0, 0.500354, 0.0, 0.0, 0.0, 1.0],
                [0.940257, 0.0, 0.340466, -5e-06, 0.340466, 0.0, -0.940257, 1.906218, 0.0, 1.0, 0.0, 0.500354, 0.0, 0.0, 0.0, 1.0],
                [0.961012, 0.0, 0.276507, -5e-06, 0.276507, 0.0, -0.961012, 2.026857, 0.0, 1.0, 0.0, 0.500354, 0.0, 0.0, 0.0, 1.0],
                [0.981214, 0.0, 0.192923, -5e-06, 0.192923, 0.0, -0.981214, 2.169487, 0.0, 1.0, 0.0, 0.500619, 0.0, 0.0, 0.0, 1.0],
                [0.995971, 0.0, 0.089681, -5e-06, 0.089681, 0.0, -0.995971, 2.328341, 0.0, 1.0, 0.0, 0.501336, 0.0, 0.0, 0.0, 1.0],
                [0.999649, 0.0, -0.026481, -5e-06, -0.026481, 0.0, -0.999649, 2.496062, 0.0, 1.0, 0.0, 0.502393, 0.0, 0.0, 0.0, 1.0],
                [0.989099, 0.0, -0.147251, -5e-06, -0.147251, 0.0, -0.989099, 2.665292, 0.0, 1.0, 0.0, 0.503676, 0.0, 0.0, 0.0, 1.0],
                [0.964577, 0.0, -0.263801, -5e-06, -0.263801, 0.0, -0.964577, 2.828673, 0.0, 1.0, 0.0, 0.505073, 0.0, 0.0, 0.0, 1.0],
                [0.92974, 0.0, -0.368218, -5e-06, -0.368218, 0.0, -0.92974, 2.978848, 0.0, 1.0, 0.0, 0.50647, 0.0, 0.0, 0.0, 1.0],
                [0.890715, 0.0, -0.454562, -5e-06, -0.454562, 0.0, -0.890715, 3.108459, 0.0, 1.0, 0.0, 0.507753, 0.0, 0.0, 0.0, 1.0],
                [0.854731, 0.0, -0.519071, -5e-06, -0.519071, 0.0, -0.854731, 3.210148, 0.0, 1.0, 0.0, 0.50881, 0.0, 0.0, 0.0, 1.0],
                [0.828861, 0.0, -0.559454, -5e-06, -0.559454, 0.0, -0.828861, 3.276556, 0.0, 1.0, 0.0, 0.509527, 0.0, 0.0, 0.0, 1.0],
                [0.819152, 0.0, -0.573576, -5e-06, -0.573576, 0.0, -0.819152, 3.300328, 0.0, 1.0, 0.0, 0.509792, 0.0, 0.0, 0.0, 1.0],
                [0.819152, 0.0, -0.573576, -5e-06, -0.573576, 0.0, -0.819152, 3.300328, 0.0, 1.0, 0.0, 0.509792, 0.0, 0.0, 0.0, 1.0],
                [0.819152, 0.0, -0.573576, -5e-06, -0.573576, 0.0, -0.819152, 3.300328, 0.0, 1.0, 0.0, 0.509792, 0.0, 0.0, 0.0, 1.0],
                [0.819152, 0.0, -0.573576, -5e-06, -0.573576, 0.0, -0.819152, 3.300328, 0.0, 1.0, 0.0, 0.509792, 0.0, 0.0, 0.0, 1.0],
                [0.819152, 0.0, -0.573576, -5e-06, -0.573576, 0.0, -0.819152, 3.300328, 0.0, 1.0, 0.0, 0.509792, 0.0, 0.0, 0.0, 1.0],
                [0.819152, 0.0, -0.573576, -5e-06, -0.573576, 0.0, -0.819152, 3.300328, 0.0, 1.0, 0.0, 0.509792, 0.0, 0.0, 0.0, 1.0],
                [0.819152, 0.0, -0.573576, -5e-06, -0.573576, 0.0, -0.819152, 3.300328, 0.0, 1.0, 0.0, 0.509792, 0.0, 0.0, 0.0, 1.0],
                [0.819152, 0.0, -0.573576, -5e-06, -0.573576, 0.0, -0.819152, 3.300328, 0.0, 1.0, 0.0, 0.509792, 0.0, 0.0, 0.0, 1.0],
                [0.819152, 0.0, -0.573576, -5e-06, -0.573576, 0.0, -0.819152, 3.300328, 0.0, 1.0, 0.0, 0.509792, 0.0, 0.0, 0.0, 1.0],
                [0.819152, 0.0, -0.573576, -5e-06, -0.573576, 0.0, -0.819152, 3.300328, 0.0, 1.0, 0.0, 0.509792, 0.0, 0.0, 0.0, 1.0],
                [0.819152, 0.0, -0.573576, -5e-06, -0.573576, 0.0, -0.819152, 3.300328, 0.0, 1.0, 0.0, 0.509792, 0.0, 0.0, 0.0, 1.0],
                [0.819152, 0.0, -0.573576, -5e-06, -0.573576, 0.0, -0.819152, 3.300328, 0.0, 1.0, 0.0, 0.509792, 0.0, 0.0, 0.0, 1.0],
                [0.819152, 0.0, -0.573576, -5e-06, -0.573576, 0.0, -0.819152, 3.300328, 0.0, 1.0, 0.0, 0.509792, 0.0, 0.0, 0.0, 1.0],
                [0.819152, 0.0, -0.573576, -5e-06, -0.573576, 0.0, -0.819152, 3.300328, 0.0, 1.0, 0.0, 0.509792, 0.0, 0.0, 0.0, 1.0],
                [0.819152, 0.0, -0.573576, -5e-06, -0.573576, 0.0, -0.819152, 3.300328, 0.0, 1.0, 0.0, 0.509792, 0.0, 0.0, 0.0, 1.0],
                [0.819152, 0.0, -0.573576, -5e-06, -0.573576, 0.0, -0.819152, 3.300328, 0.0, 1.0, 0.0, 0.509792, 0.0, 0.0, 0.0, 1.0],
                [0.819152, 0.0, -0.573576, -5e-06, -0.573576, 0.0, -0.819152, 3.300328, 0.0, 1.0, 0.0, 0.509792, 0.0, 0.0, 0.0, 1.0],
                [0.819152, 0.0, -0.573576, -5e-06, -0.573576, 0.0, -0.819152, 3.300328, 0.0, 1.0, 0.0, 0.509792, 0.0, 0.0, 0.0, 1.0],
                [0.819152, 0.0, -0.573576, -5e-06, -0.573576, 0.0, -0.819152, 3.300326, 0.0, 1.0, 0.0, 0.50986, 0.0, 0.0, 0.0, 1.0],
                [0.819152, 0.0, -0.573576, -5e-06, -0.573576, 0.0, -0.819152, 3.300312, 0.0, 1.0, 0.0, 0.510063, 0.0, 0.0, 0.0, 1.0],
                [0.819152, 0.0, -0.573576, -5e-06, -0.573576, 0.0, -0.819152, 3.300274, 0.0, 1.0, 0.0, 0.510395, 0.0, 0.0, 0.0, 1.0],
                [0.819152, 0.0, -0.573576, -5e-06, -0.573576, 0.0, -0.819152, 3.3002, 0.0, 1.0, 0.0, 0.510851, 0.0, 0.0, 0.0, 1.0],
                [0.819152, 0.0, -0.573576, -5e-06, -0.573576, 0.0, -0.819152, 3.300078, 0.0, 1.0, 0.0, 0.511426, 0.0, 0.0, 0.0, 1.0],
                [0.819152, 0.0, -0.573576, -5e-06, -0.573576, 0.0, -0.819152, 3.299896, 0.0, 1.0, 0.0, 0.512116, 0.0, 0.0, 0.0, 1.0],
                [0.819152, 0.0, -0.573576, -5e-06, -0.573576, 0.0, -0.819152, 3.299641, 0.0, 1.0, 0.0, 0.512915, 0.0, 0.0, 0.0, 1.0],
                [0.819152, 0.0, -0.573576, -5e-06, -0.573576, 0.0, -0.819152, 3.299303, 0.0, 1.0, 0.0, 0.513818, 0.0, 0.0, 0.0, 1.0],
                [0.819152, 0.0, -0.573576, -5e-06, -0.573576, 0.0, -0.819152, 3.298869, 0.0, 1.0, 0.0, 0.51482, 0.0, 0.0, 0.0, 1.0],
                [0.819152, 0.0, -0.573576, -5e-06, -0.573576, 0.0, -0.819152, 3.298326, 0.0, 1.0, 0.0, 0.515917, 0.0, 0.0, 0.0, 1.0],
                [0.819152, 0.0, -0.573576, -5e-06, -0.573576, 0.0, -0.819152, 3.297663, 0.0, 1.0, 0.0, 0.517103, 0.0, 0.0, 0.0, 1.0],
                [0.819152, 0.0, -0.573576, -5e-06, -0.573576, 0.0, -0.819152, 3.296869, 0.0, 1.0, 0.0, 0.518374, 0.0, 0.0, 0.0, 1.0],
                [0.819152, 0.0, -0.573576, -5e-06, -0.573576, 0.0, -0.819152, 3.29593, 0.0, 1.0, 0.0, 0.519724, 0.0, 0.0, 0.0, 1.0],
                [0.819152, 0.0, -0.573576, -5e-06, -0.573576, 0.0, -0.819152, 3.294835, 0.0, 1.0, 0.0, 0.521148, 0.0, 0.0, 0.0, 1.0],
                [0.819152, 0.0, -0.573576, -5e-06, -0.573576, 0.0, -0.819152, 3.293572, 0.0, 1.0, 0.0, 0.522642, 0.0, 0.0, 0.0, 1.0],
                [0.819152, 0.0, -0.573576, -5e-06, -0.573576, 0.0, -0.819152, 3.292129, 0.0, 1.0, 0.0, 0.524201, 0.0, 0.0, 0.0, 1.0],
                [0.819152, 0.0, -0.573576, -5e-06, -0.573576, 0.0, -0.819152, 3.290493, 0.0, 1.0, 0.0, 0.525819, 0.0, 0.0, 0.0, 1.0],
                [0.819152, 0.0, -0.573576, -5e-06, -0.573576, 0.0, -0.819152, 3.288654, 0.0, 1.0, 0.0, 0.527492, 0.0, 0.0, 0.0, 1.0],
                [0.819152, 0.0, -0.573576, -5e-06, -0.573576, 0.0, -0.819152, 3.286598, 0.0, 1.0, 0.0, 0.529215, 0.0, 0.0, 0.0, 1.0],
                [0.819152, 0.0, -0.573576, -5e-06, -0.573576, 0.0, -0.819152, 3.284314, 0.0, 1.0, 0.0, 0.530982, 0.0, 0.0, 0.0, 1.0],
                [0.819152, 0.0, -0.573576, -5e-06, -0.573576, 0.0, -0.819152, 3.28179, 0.0, 1.0, 0.0, 0.532789, 0.0, 0.0, 0.0, 1.0],
                [0.819152, 0.0, -0.573576, -5e-06, -0.573576, 0.0, -0.819152, 3.279014, 0.0, 1.0, 0.0, 0.534631, 0.0, 0.0, 0.0, 1.0],
                [0.819152, 0.0, -0.573576, -5e-06, -0.573576, 0.0, -0.819152, 3.275973, 0.0, 1.0, 0.0, 0.536502, 0.0, 0.0, 0.0, 1.0],
                [0.819152, 0.0, -0.573576, -5e-06, -0.573576, 0.0, -0.819152, 3.272656, 0.0, 1.0, 0.0, 0.538399, 0.0, 0.0, 0.0, 1.0],
                [0.819152, 0.0, -0.573576, -5e-06, -0.573576, 0.0, -0.819152, 3.269051, 0.0, 1.0, 0.0, 0.540315, 0.0, 0.0, 0.0, 1.0],
                [0.819152, 0.0, -0.573576, -5e-06, -0.573576, 0.0, -0.819152, 3.265146, 0.0, 1.0, 0.0, 0.542246, 0.0, 0.0, 0.0, 1.0],
                [0.819152, 0.0, -0.573576, -5e-06, -0.573576, 0.0, -0.819152, 3.260928, 0.0, 1.0, 0.0, 0.544187, 0.0, 0.0, 0.0, 1.0],
                [0.819152, 0.0, -0.573576, -5e-06, -0.573576, 0.0, -0.819152, 3.256387, 0.0, 1.0, 0.0, 0.546133, 0.0, 0.0, 0.0, 1.0],
                [0.819152, 0.0, -0.573576, -5e-06, -0.573576, 0.0, -0.819152, 3.251508, 0.0, 1.0, 0.0, 0.548079, 0.0, 0.0, 0.0, 1.0],
                [0.819152, 0.0, -0.573576, -5e-06, -0.573576, 0.0, -0.819152, 3.246282, 0.0, 1.0, 0.0, 0.55002, 0.0, 0.0, 0.0, 1.0],
                [0.819152, 0.0, -0.573576, -5e-06, -0.573576, 0.0, -0.819152, 3.240695, 0.0, 1.0, 0.0, 0.551951, 0.0, 0.0, 0.0, 1.0],
                [0.819152, 0.0, -0.573576, -5e-06, -0.573576, 0.0, -0.819152, 3.234736, 0.0, 1.0, 0.0, 0.553868, 0.0, 0.0, 0.0, 1.0],
                [0.819152, 0.0, -0.573576, -5e-06, -0.573576, 0.0, -0.819152, 3.228393, 0.0, 1.0, 0.0, 0.555764, 0.0, 0.0, 0.0, 1.0],
                [0.819152, 0.0, -0.573576, -5e-06, -0.573576, 0.0, -0.819152, 3.221653, 0.0, 1.0, 0.0, 0.557636, 0.0, 0.0, 0.0, 1.0],
                [0.819152, 0.0, -0.573576, -5e-06, -0.573576, 0.0, -0.819152, 3.214505, 0.0, 1.0, 0.0, 0.559477, 0.0, 0.0, 0.0, 1.0],
                [0.819152, 0.0, -0.573576, -5e-06, -0.573576, 0.0, -0.819152, 3.206937, 0.0, 1.0, 0.0, 0.561284, 0.0, 0.0, 0.0, 1.0],
                [0.819152, 0.0, -0.573576, -5e-06, -0.573576, 0.0, -0.819152, 3.198936, 0.0, 1.0, 0.0, 0.563052, 0.0, 0.0, 0.0, 1.0],
                [0.819152, 0.0, -0.573576, -5e-06, -0.573576, 0.0, -0.819152, 3.190491, 0.0, 1.0, 0.0, 0.564774, 0.0, 0.0, 0.0, 1.0],
                [0.819152, 0.0, -0.573576, -5e-06, -0.573576, 0.0, -0.819152, 3.181589, 0.0, 1.0, 0.0, 0.566447, 0.0, 0.0, 0.0, 1.0],
                [0.819152, 0.0, -0.573576, -5e-06, -0.573576, 0.0, -0.819152, 3.172219, 0.0, 1.0, 0.0, 0.568065, 0.0, 0.0, 0.0, 1.0],
                [0.819152, 0.0, -0.573576, -5e-06, -0.573576, 0.0, -0.819152, 3.162369, 0.0, 1.0, 0.0, 0.569624, 0.0, 0.0, 0.0, 1.0],
                [0.819152, 0.0, -0.573576, -5e-06, -0.573576, 0.0, -0.819152, 3.152026, 0.0, 1.0, 0.0, 0.571118, 0.0, 0.0, 0.0, 1.0],
                [0.819152, 0.0, -0.573576, -5e-06, -0.573576, 0.0, -0.819152, 3.141179, 0.0, 1.0, 0.0, 0.572542, 0.0, 0.0, 0.0, 1.0],
                [0.819152, 0.0, -0.573576, -5e-06, -0.573576, 0.0, -0.819152, 3.129815, 0.0, 1.0, 0.0, 0.573893, 0.0, 0.0, 0.0, 1.0],
                [0.819152, 0.0, -0.573576, -5e-06, -0.573576, 0.0, -0.819152, 3.117923, 0.0, 1.0, 0.0, 0.575163, 0.0, 0.0, 0.0, 1.0],
                [0.819152, 0.0, -0.573576, -5e-06, -0.573576, 0.0, -0.819152, 3.105491, 0.0, 1.0, 0.0, 0.576349, 0.0, 0.0, 0.0, 1.0],
                [0.819152, 0.0, -0.573576, -5e-06, -0.573576, 0.0, -0.819152, 3.092506, 0.0, 1.0, 0.0, 0.577446, 0.0, 0.0, 0.0, 1.0],
                [0.819152, 0.0, -0.573576, -5e-06, -0.573576, 0.0, -0.819152, 3.078956, 0.0, 1.0, 0.0, 0.578448, 0.0, 0.0, 0.0, 1.0],
                [0.819152, 0.0, -0.573576, -5e-06, -0.573576, 0.0, -0.819152, 3.06483, 0.0, 1.0, 0.0, 0.579352, 0.0, 0.0, 0.0, 1.0],
                [0.819152, 0.0, -0.573576, -5e-06, -0.573576, 0.0, -0.819152, 3.050116, 0.0, 1.0, 0.0, 0.58015, 0.0, 0.0, 0.0, 1.0],
                [0.819152, 0.0, -0.573576, -5e-06, -0.573576, 0.0, -0.819152, 3.034801, 0.0, 1.0, 0.0, 0.58084, 0.0, 0.0, 0.0, 1.0],
                [0.819152, 0.0, -0.573576, -5e-06, -0.573576, 0.0, -0.819152, 3.018873, 0.0, 1.0, 0.0, 0.581415, 0.0, 0.0, 0.0, 1.0],
                [0.819152, 0.0, -0.573576, -5e-06, -0.573576, 0.0, -0.819152, 3.002321, 0.0, 1.0, 0.0, 0.581871, 0.0, 0.0, 0.0, 1.0],
                [0.819152, 0.0, -0.573576, -5e-06, -0.573576, 0.0, -0.819152, 2.985133, 0.0, 1.0, 0.0, 0.582203, 0.0, 0.0, 0.0, 1.0],
                [0.819152, 0.0, -0.573576, -5e-06, -0.573576, 0.0, -0.819152, 2.967296, 0.0, 1.0, 0.0, 0.582406, 0.0, 0.0, 0.0, 1.0],
                [0.819152, 0.0, -0.573576, -5e-06, -0.573576, 0.0, -0.819152, 2.948798, 0.0, 1.0, 0.0, 0.582475, 0.0, 0.0, 0.0, 1.0],
                [0.819152, 0.0, -0.573576, -5e-06, -0.573576, 0.0, -0.819152, 2.923324, 0.0, 1.0, 0.0, 0.578448, 0.0, 0.0, 0.0, 1.0],
                [0.819152, 0.0, -0.573576, -5e-06, -0.573576, 0.0, -0.819152, 2.887929, 0.0, 1.0, 0.0, 0.568065, 0.0, 0.0, 0.0, 1.0],
                [0.819152, 0.0, -0.573576, -5e-06, -0.573576, 0.0, -0.819152, 2.847657, 0.0, 1.0, 0.0, 0.553868, 0.0, 0.0, 0.0, 1.0],
                [0.819152, 0.0, -0.573576, -5e-06, -0.573576, 0.0, -0.819152, 2.807554, 0.0, 1.0, 0.0, 0.538399, 0.0, 0.0, 0.0, 1.0],
                [0.819152, 0.0, -0.573576, -5e-06, -0.573576, 0.0, -0.819152, 2.772663, 0.0, 1.0, 0.0, 0.524201, 0.0, 0.0, 0.0, 1.0],
                [0.819152, 0.0, -0.573576, -5e-06, -0.573576, 0.0, -0.819152, 2.748029, 0.0, 1.0, 0.0, 0.513818, 0.0, 0.0, 0.0, 1.0],
                [0.819152, 0.0, -0.573576, -5e-06, -0.573576, 0.0, -0.819152, 2.738697, 0.0, 1.0, 0.0, 0.509792, 0.0, 0.0, 0.0, 1.0]
            ]
        },
        {
            "name": "Thigh_R",
            "time": [0.0167, 0.0333, 0.05, 0.0667, 0.0833, 0.1, 0.1167, 0.1333, 0.15, 0.1667, 0.1833, 0.2, 0.2167, 0.2333, 0.25, 0.2667, 0.2833, 0.3, 0.3167, 0.3333, 0.35, 0.3667, 0.3833, 0.4, 0.4167, 0.4333, 0.45, 0.4667, 0.4833, 0.5, 0.5167, 0.5333, 0.55, 0.5667, 0.5833, 0.6, 0.6167, 0.6333, 0.65, 0.6667, 0.6833, 0.7, 0.7167, 0.7333, 0.75, 0.7667, 0.7833, 0.8, 0.8167, 0.8333, 0.85, 0.8667, 0.8833, 0.9, 0.9167, 0.9333, 0.95, 0.9667, 0.9833, 1.0, 1.0167, 1.0333, 1.05, 1.0667, 1.0833, 1.1, 1.1167, 1.1333, 1.15, 1.1667, 1.1833, 1.2, 1.2167, 1.2333, 1.25, 1.2667, 1.2833, 1.3, 1.3167, 1.3333, 1.35, 1.3667, 1.3833, 1.4, 1.4167, 1.4333, 1.45, 1.4667, 1.4833, 1.5, 1.5167, 1.5333, 1.55, 1.5667, 1.5833, 1.6, 1.6167, 1.6333, 1.65, 1.6667, 1.6833, 1.7, 1.7167, 1.7333, 1.75, 1.7667, 1.7833, 1.8, 1.8167, 1.8333, 1.85, 1.8667, 1.8833, 1.9, 1.9167, 1.9333, 1.95, 1.9667, 1.9833, 2.0, 2.0167, 2.0333, 2.05, 2.0667, 2.0833, 2.1, 2.1167, 2.1333, 2.15, 2.1667, 2.1833, 2.2, 2.2167, 2.2333, 2.25, 2.2667, 2.2833, 2.3, 2.3167, 2.3333, 2.35, 2.3667, 2.3833, 2.4, 2.4167, 2.4333, 2.45, 2.4667, 2.4833, 2.5, 2.5167],
            "transform": [
                [0.998908, 0.046665, 0.002352, 0.124994, 0.041081, -0.85316, -0.520029, -0.002831, -0.022261, 0.519558, -0.854145, -1.2e-05, 0.0, 0.0, 0.0, 1.0],
                [0.998908, 0.04666, 0.002377, 0.124994, 0.041078, -0.852884, -0.520481, -0.002831, -0.022258, 0.520011, -0.85387, -1.2e-05, 0.0, 0.0, 0.0, 1.0],
                [0.998908, 0.046646, 0.002451, 0.124994, 0.041071, -0.85209, -0.52178, -0.002831, -0.022251, 0.521311, -0.853076, -1.2e-05, 0.0, 0.0, 0.0, 1.0],
                [0.998909, 0.046624, 0.002567, 0.124994, 0.041059, -0.850828, -0.523837, -0.002831, -0.022239, 0.523372, -0.851814, -1.2e-05, 0.0, 0.0, 0.0, 1.0],
                [0.99891, 0.046595, 0.002721, 0.124994, 0.041044, -0.849144, -0.526564, -0.002831, -0.022224, 0.526102, -0.850131, -1.2e-05, 0.0, 0.0, 0.0, 1.0],
                [0.998911, 0.04656, 0.002908, 0.124994, 0.041026, -0.847086, -0.52987, -0.002831, -0.022207, 0.529413, -0.848074, -1.2e-05, 0.0, 0.0, 0.0, 1.0],
                [0.998912, 0.046521, 0.003123, 0.124994, 0.041007, -0.8447, -0.533666, -0.002831, -0.022188, 0.533214, -0.845689, -1.2e-05, 0.0, 0.0, 0.0, 1.0],
                [0.998914, 0.046477, 0.003361, 0.124994, 0.040988, -0.842035, -0.537863, -0.002831, -0.022169, 0.537417, -0.843025, -1.2e-05, 0.0, 0.0, 0.0, 1.0],
                [0.998915, 0.046431, 0.003616, 0.124994, 0.040968, -0.839137, -0.542374, -0.002831, -0.022149, 0.541934, -0.840129, -1.2e-05, 0.0, 0.0, 0.0, 1.0],
                [0.998916, 0.046384, 0.003885, 0.124994, 0.04095, -0.836057, -0.547111, -0.002831, -0.022129, 0.546677, -0.837051, -1.2e-05, 0.0, 0.0, 0.0, 1.0],
                [0.998917, 0.046337, 0.004161, 0.124994, 0.040933, -0.832845, -0.55199, -0.002831, -0.022112, 0.551563, -0.83384, -1.2e-05, 0.0, 0.0, 0.0, 1.0],
                [0.998918, 0.046291, 0.004441, 0.124994, 0.040919, -0.829552, -0.556928, -0.002831, -0.022096, 0.556507, -0.830549, -1.2e-05, 0.0, 0.0, 0.0, 1.0],
                [0.998919, 0.046248, 0.00472, 0.124994, 0.040908, -0.826232, -0.561842, -0.002831, -0.022084, 0.561428, -0.827231, -1.2e-05, 0.0, 0.0, 0.0, 1.0],
                [0.998919, 0.046209, 0.004993, 0.124994, 0.040901, -0.822939, -0.566655, -0.002831, -0.022076, 0.566247, -0.82394, -1.2e-05, 0.0, 0.0, 0.0, 1.0],
                [0.998919, 0.046177, 0.005255, 0.124994, 0.040899, -0.819729, -0.571289, -0.002831, -0.022073, 0.570886, -0.820732, -1.2e-05, 0.0, 0.0, 0.0, 1.0],
                [0.998919, 0.046152, 0.005502, 0.124994, 0.040902, -0.816661, -0.575666, -0.002831, -0.022075, 0.575269, -0.817666, -1.2e-05, 0.0, 0.0, 0.0, 1.0],
                [0.998919, 0.046138, 0.005729, 0.124994, 0.040912, -0.813793, -0.579713, -0.002831, -0.022084, 0.57932, -0.814801, -1.2e-05, 0.0, 0.0, 0.0, 1.0],
                [0.998918, 0.046135, 0.005932, 0.124994, 0.040928, -0.811185, -0.583355, -0.002831, -0.022101, 0.582967, -0.812195, -1.2e-05, 0.0, 0.0, 0.0, 1.0],
                [0.998916, 0.046146, 0.006106, 0.124994, 0.040953, -0.808899, -0.58652, -0.002831, -0.022126, 0.586134, -0.809912, -1.2e-05, 0.0, 0.0, 0.0, 1.0],
                [0.998914, 0.046173, 0.006247, 0.124994, 0.040986, -0.806995, -0.589133, -0.002831, -0.022161, 0.58875, -0.808012, -1.2e-05, 0.0, 0.0, 0.0, 1.0],
                [0.998911, 0.046218, 0.00635, 0.124994, 0.041028, -0.805538, -0.591121, -0.002831, -0.022205, 0.590738, -0.806558, -1.2e-05, 0.0, 0.0, 0.0, 1.0],
                [0.998908, 0.046283, 0.00641, 0.124994, 0.041081, -0.80459, -0.592408, -0.002831, -0.022261, 0.592024, -0.805613, -1.2e-05, 0.0, 0.0, 0.0, 1.0],
                [0.998893, 0.046686, 0.005837, 0.124994, 0.041607, -0.818599, -0.572856, -0.002831, -0.021966, 0.572464, -0.819635, -1.2e-05, 0.0, 0.0, 0.0, 1.0],
                [0.998857, 0.047612, 0.004093, 0.124994, 0.042952, -0.856949, -0.513608, -0.002831, -0.020947, 0.513197, -0.858015, -1.2e-05, 0.0, 0.0, 0.0, 1.0],
                [0.998809, 0.048774, 0.001191, 0.124994, 0.044888, -0.909132, -0.414081, -0.002831, -0.019114, 0.413641, -0.910239, -1.2e-05, 0.0, 0.0, 0.0, 1.0],
                [0.998757, 0.049772, -0.002832, 0.124994, 0.047094, -0.960604, -0.273899, -0.002831, -0.016353, 0.273425, -0.961754, -1.2e-05, 0.0, 0.0, 0.0, 1.0],
                [0.998712, 0.050143, -0.007797, 0.124994, 0.049147, -0.994022, -0.09749, -0.002831, -0.012639, 0.096981, -0.995206, -1.2e-05, 0.0, 0.0, 0.0, 1.0],
                [0.998686, 0.049492, -0.013302, 0.124994, 0.050598, -0.993449, 0.102465, -0.002831, -0.008143, -0.103004, -0.994648, -1.2e-05, 0.0, 0.0, 0.0, 1.0],
                [0.998687, 0.047663, -0.018758, 0.124994, 0.051117, -0.950774, 0.305639, -0.002831, -0.003267, -0.306197, -0.951963, -1.2e-05, 0.0, 0.0, 0.0, 1.0],
                [0.998716, 0.044847, -0.023571, 0.124994, 0.050643, -0.870258, 0.489986, -0.002831, 0.001462, -0.490551, -0.871411, -1.2e-05, 0.0, 0.0, 0.0, 1.0],
                [0.998763, 0.041518, -0.02735, 0.124994, 0.049404, -0.76715, 0.639561, -0.002831, 0.005571, -0.640122, -0.768253, -1.2e-05, 0.0, 0.0, 0.0, 1.0],
                [0.998818, 0.038245, -0.030002, 0.124994, 0.047808, -0.661328, 0.748571, -0.002831, 0.008787, -0.749121, -0.662375, -1.2e-05, 0.0, 0.0, 0.0, 1.0],
                [0.998867, 0.035521, -0.031661, 0.124994, 0.046285, -0.570957, 0.819674, -0.002831, 0.011038, -0.820211, -0.571954, -1.2e-05, 0.0, 0.0, 0.0, 1.0],
                [0.998902, 0.033703, -0.032544, 0.124994, 0.045189, -0.509745, 0.859138, -0.002831, 0.012367, -0.859665, -0.510708, -1.2e-05, 0.0, 0.0, 0.0, 1.0],
                [0.998914, 0.033049, -0.032822, 0.124994, 0.044781, -0.487545, 0.871949, -0.002831, 0.012815, -0.872472, -0.488496, -1.2e-05, 0.0, 0.0, 0.0, 1.0],
                [0.998915, 0.033049, -0.032822, 0.124994, 0.044781, -0.487545, 0.871949, -0.002831, 0.012815, -0.872472, -0.488496, -1.2e-05, 0.0, 0.0, 0.0, 1.0],
                [0.998915, 0.033049, -0.032822, 0.124994, 0.044781, -0.487545, 0.871949, -0.002831, 0.012815, -0.872472, -0.488496, -1.2e-05, 0.0, 0.0, 0.0, 1.0],
                [0.998915, 0.033049, -0.032822, 0.124994, 0.044781, -0.487545, 0.871949, -0.002831, 0.012815, -0.872472, -0.488496, -1.2e-05, 0.0, 0.0, 0.0, 1.0],
                [0.998915, 0.033049, -0.032822, 0.124994, 0.044781, -0.487545, 0.871949, -0.002831, 0.012815, -0.872472, -0.488496, -1.2e-05, 0.0, 0.0, 0.0, 1.0],
                [0.998915, 0.033049, -0.032822, 0.124994, 0.044781, -0.487545, 0.871949, -0.002831, 0.012815, -0.872472, -0.488496, -1.2e-05, 0.0, 0.0, 0.0, 1.0],
                [0.998915, 0.033049, -0.032822, 0.124994, 0.044781, -0.487545, 0.871949, -0.002831, 0.012815, -0.872472, -0.488496, -1.2e-05, 0.0, 0.0, 0.0, 1.0],
                [0.998915, 0.033049, -0.032822, 0.124994, 0.044781, -0.487545, 0.871949, -0.002831, 0.012815, -0.872472, -0.488496, -1.2e-05, 0.0, 0.0, 0.0, 1.0],
                [0.998915, 0.033049, -0.032822, 0.124994, 0.044781, -0.487545, 0.871949, -0.002831, 0.012815, -0.872472, -0.488496, -1.2e-05, 0.0, 0.0, 0.0, 1.0],
                [0.998915, 0.033049, -0.032822, 0.124994, 0.044781, -0.487545, 0.871949, -0.002831, 0.012815, -0.872472, -0.488496, -1.2e-05, 0.0, 0.0, 0.0, 1.0],
                [0.998915, 0.033049, -0.032822, 0.124994, 0.044781, -0.487545, 0.871949, -0.002831, 0.012815, -0.872472, -0.488496, -1.2e-05, 0.0, 0.0, 0.0, 1.0],
                [0.998915, 0.033049, -0.032822, 0.124994, 0.044781, -0.487545, 0.871949, -0.002831, 0.012815, -0.872472, -0.488496, -1.2e-05, 0.0, 0.0, 0.0, 1.0],
                [0.998915, 0.033049, -0.032822, 0.124994, 0.044781, -0.487545, 0.871949, -0.002831, 0.012815, -0.872472, -0.488496, -1.2e-05, 0.0, 0.0, 0.0, 1.0],
                [0.998915, 0.033049, -0.032822, 0.124994, 0.044781, -0.487545, 0.871949, -0.002831, 0.012815, -0.872472, -0.488496, -1.2e-05, 0.0, 0.0, 0.0, 1.0],
                [0.998915, 0.033049, -0.032822, 0.124994, 0.044781, -0.487545, 0.871949, -0.002831, 0.012815, -0.872472, -0.488496, -1.2e-05, 0.0, 0.0, 0.0, 1.0],
                [0.998915, 0.033049, -0.032822, 0.124994, 0.044781, -0.487545, 0.871949, -0.002831, 0.012815, -0.872472, -0.488496, -1.2e-05, 0.0, 0.0, 0.0, 1.0],
                [0.998915, 0.033049, -0.032822, 0.124994, 0.044781, -0.487545, 0.871949, -0.002831, 0.012815, -0.872472, -0.488496, -1.2e-05, 0.0, 0.0, 0.0, 1.0],
                [0.99861, 0.023492, -0.047184, 0.124994, 0.052622, -0.495775, 0.866855, -0.002831, -0.003029, -0.868133, -0.496322, -1.2e-05, 0.0, 0.0, 0.0, 1.0],
                [0.996293, -0.001339, -0.086018, 0.124994, 0.07281, -0.519436, 0.851402, -0.002831, -0.045822, -0.854508, -0.517413, -1.2e-05, 0.0, 0.0, 0.0, 1.0],
                [0.989092, -0.034997, -0.143079, 0.124994, 0.099594, -0.556771, 0.824674, -0.002831, -0.108523, -0.829929, -0.547212, -1.2e-05, 0.0, 0.0, 0.0, 1.0],
                [0.974746, -0.070663, -0.211843, 0.124994, 0.12689, -0.60535, 0.78578, -0.002831, -0.183765, -0.792817, -0.581096, -1.2e-05, 0.0, 0.0, 0.0, 1.0],
                [0.952981, -0.101944, -0.285367, 0.124994, 0.149158, -0.661927, 0.734578, -0.002831, -0.263778, -0.742604, -0.615598, -1.2e-05, 0.0, 0.0, 0.0, 1.0],
                [0.926033, -0.123674, -0.356605, 0.124994, 0.162198, -0.722717, 0.671842, -0.002831, -0.340814, -0.679989, -0.6492, -1.2e-05, 0.0, 0.0, 0.0, 1.0],
                [0.898346, -0.132461, -0.418841, 0.124994, 0.163637, -0.78393, 0.598895, -0.002831, -0.407672, -0.606553, -0.682566, -1.2e-05, 0.0, 0.0, 0.0, 1.0],
                [0.875761, -0.126787, -0.465799, 0.124994, 0.152994, -0.842259, 0.516906, -0.002831, -0.45786, -0.52395, -0.71822, -1.2e-05, 0.0, 0.0, 0.0, 1.0],
                [0.864546, -0.106779, -0.491078, 0.124994, 0.131491, -0.895064, 0.426111, -0.002831, -0.485046, -0.432965, -0.759784, -1.2e-05, 0.0, 0.0, 0.0, 1.0],
                [0.862471, -0.075002, -0.500518, 0.124994, 0.10561, -0.940516, 0.322917, -0.002831, -0.494965, -0.331366, -0.803248, -1.2e-05, 0.0, 0.0, 0.0, 1.0],
                [0.863239, -0.034925, -0.503585, 0.124994, 0.080952, -0.975114, 0.206394, -0.002831, -0.498261, -0.218934, -0.83893, -1.2e-05, 0.0, 0.0, 0.0, 1.0],
                [0.866569, 0.010451, -0.498949, 0.124994, 0.058677, -0.99498, 0.081069, -0.002831, -0.495596, -0.099529, -0.862831, -1.2e-05, 0.0, 0.0, 0.0, 1.0],
                [0.87192, 0.05772, -0.486234, 0.124994, 0.039869, -0.998099, -0.046991, -0.002831, -0.488022, 0.021587, -0.872564, -1.2e-05, 0.0, 0.0, 0.0, 1.0],
