{
    "animation": [
        {
            "name": "Root",
            "time": [0.0, 0.6, 0.7667, 0.2333, 0.4],
            "transform": [
                [1.0, 0.0, 0.0, -5e-06, 0.0, 0.0, -1.0, 0.000946, 0.0, 1.0, 0.0, 0.818459, 0.0, 0.0, 0.0, 1.0],
                [1.0, 0.0, 0.0, -5e-06, 0.0, 0.0, -1.0, 0.000946, 0.0, 1.0, 0.0, 0.763972, 0.0, 0.0, 0.0, 1.0],
                [1.0, 0.0, 0.0, -5e-06, 0.0, 0.0, -1.0, 0.000946, 0.0, 1.0, 0.0, 0.818459, 0.0, 0.0, 0.0, 1.0],
                [1.0, 0.0, 0.0, -5e-06, 0.0, 0.0, -1.0, 0.000946, 0.0, 1.0, 0.0, 0.763972, 0.0, 0.0, 0.0, 1.0],
                [1.0, 0.0, 0.0, -5e-06, 0.0, 0.0, -1.0, 0.000946, 0.0, 1.0, 0.0, 0.818459, 0.0, 0.0, 0.0, 1.0]
            ]
        },
        {
            "name": "Thigh_R",
            "time": [0.0, 0.6, 0.7667, 0.1667],
            "transform": [
                [0.962469, 0.133915, 0.23605, 0.124994, 0.05468, -0.947631, 0.314652, -0.002831, 0.265825, -0.289936, -0.919388, -1.2e-05, 0.0, 0.0, 0.0, 1.0],
                [0.979194, 0.144778, 0.142194, 0.124994, 0.013154, -0.744519, 0.667471, -0.002831, 0.202501, -0.651714, -0.730933, -1.2e-05, 0.0, 0.0, 0.0, 1.0],
                [0.939177, 0.06283, 0.337637, 0.124994, 0.142238, -0.966001, -0.215892, -0.002831, 0.312594, 0.250786, -0.916183, -1.2e-05, 0.0, 0.0, 0.0, 1.0],
                [0.962469, 0.133915, 0.23605, 0.124994, 0.05468, -0.947631, 0.314652, -0.002831, 0.265825, -0.289936, -0.919388, -1.2e-05, 0.0, 0.0, 0.0, 1.0]
            ]
        },
        {
            "name": "Leg_R",
            "time": [0.0, 0.2667, 0.6, 0.7667, 0.0833],
            "transform": [
                [1.0, -1e-06, 1e-06, 0.0, -1e-06, 0.303499, 0.952832, 0.37472, -1e-06, -0.952832, 0.303499, 0.0, 0.0, 0.0, 0.0, 1.0],
                [1.0, -1e-06, 1e-06, 0.0, -1e-06, 0.173648, 0.984808, 0.37472, -1e-06, -0.984808, 0.173648, 0.0, 0.0, 0.0, 0.0, 1.0],
                [1.0, 0.0, 1e-06, -0.0, -0.0, 0.939692, 0.34202, 0.37472, -1e-06, -0.34202, 0.939692, -0.0, 0.0, 0.0, 0.0, 1.0],
                [1.0, -0.0, 1e-06, 0.0, -0.0, 0.866025, 0.5, 0.37472, -1e-06, -0.5, 0.866025, -0.0, 0.0, 0.0, 0.0, 1.0],
                [1.0, -1e-06, 1e-06, 0.0, -1e-06, 0.303499, 0.952832, 0.37472, -1e-06, -0.952832, 0.303499, 0.0, 0.0, 0.0, 0.0, 1.0]
            ]
        },
        {
            "name": "Knee_R",
            "time": [0.0, 0.6, 0.7667],
            "transform": [
                [1.0, 0.0, -0.0, 0.0, -0.0, 0.0, -1.0, 0.37472, -0.0, 1.0, 0.0, 0.0, 0.0, 0.0, 0.0, 1.0],
                [1.0, 0.0, -0.0, 0.0, -0.0, 0.0, -1.0, 0.37472, -0.0, 1.0, 0.0, -0.0, 0.0, 0.0, 0.0, 1.0],
                [1.0, 0.0, -0.0, 0.0, -0.0, 0.0, -1.0, 0.37472, -0.0, 1.0, 0.0, 0.0, 0.0, 0.0, 0.0, 1.0]
            ]
        },
        {
            "name": "Thigh_L",
            "time": [0.0, 0.6, 0.7667, 0.1667],
            "transform": [
                [0.996195, -0.016031, 0.085669, -0.125006, -0.022558, -0.99687, 0.07577, -0.002831, 0.084186, -0.077414, -0.993438, -1.2e-05, 0.0, 0.0, 0.0, 1.0],
                [0.996195, -0.043578, 0.075479, -0.125006, -0.022558, -0.965433, -0.259672, -0.002831, 0.084186, 0.256981, -0.962743, -1.2e-05, 0.0, 0.0, 0.0, 1.0],
                [0.996195, 0.022557, 0.084186, -0.125006, -0.022558, -0.86628, 0.499049, -0.002831, 0.084186, -0.499049, -0.862475, -1.2e-05, 0.0, 0.0, 0.0, 1.0],
                [0.996195, -0.016031, 0.085669, -0.125006, -0.022558, -0.99687, 0.07577, -0.002831, 0.084186, -0.077414, -0.993438, -1.2e-05, 0.0, 0.0, 0.0, 1.0]
            ]
        },
        {
            "name": "Leg_L",
            "time": [0.0, 0.25, 0.6, 0.7667, 0.0667, 0.35],
            "transform": [
                [1.0, 0.0, 1e-06, 0.0, -0.0, 0.993459, 0.114189, 0.37472, -1e-06, -0.114189, 0.993459, 0.0, 0.0, 0.0, 0.0, 1.0],
                [1.0, 0.0, 1e-06, 0.0, -0.0, 0.996195, 0.087156, 0.37472, -1e-06, -0.087156, 0.996195, 0.0, 0.0, 0.0, 0.0, 1.0],
                [1.0, 0.0, 1e-06, -0.0, -0.0, 0.866025, 0.5, 0.37472, -1e-06, -0.5, 0.866025, 0.0, 0.0, 0.0, 0.0, 1.0],
                [1.0, -1e-06, 1e-06, -0.0, -0.0, 0.087155, 0.996195, 0.37472, -1e-06, -0.996195, 0.087155, -0.0, 0.0, 0.0, 0.0, 1.0],
                [1.0, 0.0, 1e-06, -0.0, -0.0, 0.939693, 0.34202, 0.37472, -1e-06, -0.34202, 0.939693, -0.0, 0.0, 0.0, 0.0, 1.0],
                [1.0, 0.0, 1e-06, 0.0, -0.0, 0.993459, 0.114189, 0.37472, -1e-06, -0.114189, 0.993459, 0.0, 0.0, 0.0, 0.0, 1.0]
            ]
        },
        {
            "name": "Knee_L",
            "time": [0.0, 0.6, 0.7667],
            "transform": [
                [1.0, 0.0, -0.0, 0.0, -0.0, 0.0, -1.0, 0.37472, -0.0, 1.0, 0.0, 0.0, 0.0, 0.0, 0.0, 1.0],
                [1.0, 0.0, -0.0, -0.0, -0.0, 0.0, -1.0, 0.37472, -0.0, 1.0, 0.0, -0.0, 0.0, 0.0, 0.0, 1.0],
                [1.0, 0.0, -0.0, 0.0, -0.0, 0.0, -1.0, 0.37472, -0.0, 1.0, 0.0, 0.0, 0.0, 0.0, 0.0, 1.0]
            ]
        },
        {
            "name": "Torso",
            "time": [0.0, 0.6, 0.7667, 0.1667],
            "transform": [
                [0.98866, -0.0, -0.150169, 0.0, 0.0, 1.0, -0.0, 0.05, 0.150169, 0.0, 0.98866, 0.0, 0.0, 0.0, 0.0, 1.0],
                [1.0, -0.0, 0.0, 0.0, 0.0, 1.0, -0.0, 0.05, -0.0, 0.0, 1.0, 0.0, 0.0, 0.0, 0.0, 1.0],
                [0.939693, -0.0, -0.34202, 0.0, -0.0, 1.0, -0.0, 0.05, 0.34202, 0.0, 0.939693, 0.0, 0.0, 0.0, 0.0, 1.0],
                [0.98866, -0.0, -0.150169, 0.0, 0.0, 1.0, -0.0, 0.05, 0.150169, 0.0, 0.98866, 0.0, 0.0, 0.0, 0.0, 1.0]
            ]
        },
        {
            "name": "Chest",
            "time": [0.0, 0.6, 0.7667, 0.1667],
            "transform": [
                [0.987118, 0.0, -0.159993, -0.0, -0.0, 1.0, 0.0, 0.3, 0.159993, -0.0, 0.987118, 0.0, 0.0, 0.0, 0.0, 1.0],
                [0.939693, 0.0, -0.34202, -0.0, 0.0, 1.0, 0.0, 0.3, 0.34202, -0.0, 0.939693, 0.0, 0.0, 0.0, 0.0, 1.0],
                [0.996195, 0.0, 0.087156, 0.0, -0.0, 1.0, 0.0, 0.3, -0.087156, -0.0, 0.996195, -0.0, 0.0, 0.0, 0.0, 1.0],
                [0.987118, 0.0, -0.159993, -0.0, -0.0, 1.0, 0.0, 0.3, 0.159993, -0.0, 0.987118, 0.0, 0.0, 0.0, 0.0, 1.0]
            ]
        },
        {
            "name": "Head",
            "time": [0.0, 0.6, 0.7667],
            "transform": [
                [0.939693, 0.0, 0.34202, 0.0, -0.0, 1.0, 0.0, 0.4, -0.34202, -0.0, 0.939693, 0.0, 0.0, 0.0, 0.0, 1.0],
                [0.965926, 0.0, 0.258819, -0.0, -0.0, 1.0, 0.0, 0.4, -0.258819, -0.0, 0.965926, -0.0, 0.0, 0.0, 0.0, 1.0],
                [0.939693, 0.0, 0.34202, 0.0, -0.0, 1.0, 0.0, 0.4, -0.34202, -0.0, 0.939693, 0.0, 0.0, 0.0, 0.0, 1.0]
            ]
        },
        {
            "name": "Shoulder_R",
            "time": [0.0, 0.4667, 0.7667, 0.1667],
            "transform": [
                [-0.270047, 0.884856, 0.37961, 0.0, 0.162471, -0.346727, 0.923788, 0.4, 0.94904, 0.311142, -0.050131, 0.0, 0.0, 0.0, 0.0, 1.0],
                [-0.303205, 0.87405, 0.37961, 0.0, 0.175423, -0.340357, 0.923788, 0.4, 0.936639, 0.34669, -0.050131, 0.0, 0.0, 0.0, 0.0, 1.0],
                [-0.410536, 0.829069, 0.37961, 0.0, 0.216765, -0.315642, 0.923788, 0.4, 0.885705, 0.461535, -0.050131, 0.0, 0.0, 0.0, 0.0, 1.0],
                [-0.270047, 0.884856, 0.37961, 0.0, 0.162471, -0.346727, 0.923788, 0.4, 0.94904, 0.311142, -0.050131, 0.0, 0.0, 0.0, 0.0, 1.0]
            ]
        },
        {
            "name": "Arm_R",
            "time": [0.0, 0.6, 0.7667, 0.1667],
            "transform": [
                [0.004011, 0.374111, -0.927375, 0.0, 0.99176, 0.117264, 0.051595, 0.39386, 0.12805, -0.91994, -0.370558, -0.0, 0.0, 0.0, 0.0, 1.0],
                [0.004011, 0.442899, -0.896563, 0.0, 0.99176, 0.113044, 0.060281, 0.39386, 0.12805, -0.889417, -0.438796, 0.0, 0.0, 0.0, 0.0, 1.0],
                [0.004011, 0.280484, -0.95985, 0.0, 0.99176, 0.121795, 0.039735, 0.39386, 0.12805, -0.9521, -0.277684, 0.0, 0.0, 0.0, 0.0, 1.0],
                [0.004011, 0.374111, -0.927375, 0.0, 0.99176, 0.117264, 0.051595, 0.39386, 0.12805, -0.91994, -0.370558, -0.0, 0.0, 0.0, 0.0, 1.0]
            ]
        },
        {
            "name": "Hand_R",
            "time": [0.0, 0.6, 0.7667, 0.1667],
            "transform": [
                [0.883649, 0.303094, 0.356789, 0.0, -0.192625, 0.930019, -0.312988, 0.3, -0.426685, 0.207845, 0.880193, 0.0, 0.0, 0.0, 0.0, 1.0],
                [0.883649, 0.329107, 0.332947, 0.0, -0.192625, 0.903802, -0.382148, 0.3, -0.426685, 0.273551, 0.862038, 0.0, 0.0, 0.0, 0.0, 1.0],
                [0.883649, 0.266291, 0.385037, -0.0, -0.192625, 0.956431, -0.219399, 0.3, -0.426685, 0.119704, 0.896443, 0.0, 0.0, 0.0, 0.0, 1.0],
                [0.883649, 0.303094, 0.356789, 0.0, -0.192625, 0.930019, -0.312988, 0.3, -0.426685, 0.207845, 0.880193, 0.0, 0.0, 0.0, 0.0, 1.0]
            ]
        },
        {
            "name": "Tool_R",
            "time": [0.0, 0.6, 0.7667],
            "transform": [
                [1.0, -0.0, 0.0, 0.0, 0.0, -0.945736, -0.324935, 0.210462, 0.0, 0.324935, -0.945737, 0.00984, 0.0, 0.0, 0.0, 1.0],
                [1.0, -0.0, 0.0, -0.0, 0.0, -0.945736, -0.324935, 0.210462, 0.0, 0.324935, -0.945737, 0.00984, 0.0, 0.0, 0.0, 1.0],
                [1.0, -0.0, 0.0, 0.0, 0.0, -0.945736, -0.324935, 0.210462, 0.0, 0.324935, -0.945737, 0.00984, 0.0, 0.0, 0.0, 1.0]
            ]
        },
        {
            "name": "Elbow_R",
            "time": [0.0, 0.6, 0.7667],
            "transform": [
                [-1.0, 0.0, 0.0, 0.0, 0.0, 0.0, -1.0, 0.3, -0.0, -1.0, 0.0, 0.0, 0.0, 0.0, 0.0, 1.0],
                [-1.0, 0.0, -0.0, -0.0, 0.0, 0.0, -1.0, 0.3, -0.0, -1.0, 0.0, 0.0, 0.0, 0.0, 0.0, 1.0],
                [-1.0, 0.0, 0.0, 0.0, 0.0, 0.0, -1.0, 0.3, -0.0, -1.0, 0.0, 0.0, 0.0, 0.0, 0.0, 1.0]
            ]
        },
        {
            "name": "Shoulder_L",
            "time": [0.0, 0.4333, 0.7667, 0.1667],
            "transform": [
                [0.230923, -0.904747, -0.35792, 0.0, 0.15757, -0.328231, 0.931362, 0.4, -0.960128, -0.271471, 0.066765, 0.0, 0.0, 0.0, 0.0, 1.0],
                [0.298413, -0.884784, -0.35792, 0.0, 0.181845, -0.315431, 0.931362, 0.4, -0.936953, -0.343017, 0.066765, 0.0, 0.0, 0.0, 0.0, 1.0],
                [0.298413, -0.884784, -0.35792, 0.0, 0.181845, -0.315431, 0.931362, 0.4, -0.936953, -0.343017, 0.066765, -0.0, 0.0, 0.0, 0.0, 1.0],
                [0.230923, -0.904747, -0.35792, 0.0, 0.15757, -0.328231, 0.931362, 0.4, -0.960128, -0.271471, 0.066765, 0.0, 0.0, 0.0, 0.0, 1.0]
            ]
        },
        {
            "name": "Arm_L",
            "time": [0.0, 0.6, 0.7667, 0.1667],
            "transform": [
                [-0.587083, -0.241506, 0.772663, 0.0, -0.799643, 0.321697, -0.507032, 0.39386, -0.126112, -0.915525, -0.381981, 0.0, 0.0, 0.0, 0.0, 1.0],
                [-0.587083, -0.182623, 0.788659, 0.0, -0.799643, 0.282593, -0.529822, 0.39386, -0.126112, -0.941695, -0.311938, 0.0, 0.0, 0.0, 0.0, 1.0],
                [-0.587083, -0.316797, 0.744965, 0.0, -0.799643, 0.370303, -0.472701, 0.39386, -0.126112, -0.873221, -0.470723, 0.0, 0.0, 0.0, 0.0, 1.0],
                [-0.587083, -0.241506, 0.772663, 0.0, -0.799643, 0.321697, -0.507032, 0.39386, -0.126112, -0.915525, -0.381981, 0.0, 0.0, 0.0, 0.0, 1.0]
            ]
        },
        {
            "name": "Hand_L",
            "time": [0.0, 0.6, 0.7667, 0.1667],
            "transform": [
                [1.0, -0.0, -0.0, -0.0, -0.0, 0.852387, -0.522911, 0.3, 0.0, 0.522911, 0.852387, 0.0, 0.0, 0.0, 0.0, 1.0],
                [1.0, 0.0, -0.0, 0.0, -0.0, 0.832073, -0.554666, 0.3, 0.0, 0.554666, 0.832073, -0.0, 0.0, 0.0, 0.0, 1.0],
                [1.0, 0.0, -0.0, -0.0, -0.0, 0.877249, -0.480035, 0.3, 0.0, 0.480035, 0.877249, -0.0, 0.0, 0.0, 0.0, 1.0],
                [1.0, -0.0, -0.0, -0.0, -0.0, 0.852387, -0.522911, 0.3, 0.0, 0.522911, 0.852387, 0.0, 0.0, 0.0, 0.0, 1.0]
            ]
        },
        {
            "name": "Tool_L",
            "time": [0.0, 0.6, 0.7667],
            "transform": [
                [-1.0, -0.0, -0.0, 0.0, 0.0, -0.999836, -0.018122, 0.272858, -0.0, -0.018122, 0.999836, -0.0, 0.0, 0.0, 0.0, 1.0],
                [-1.0, -0.0, -1e-06, 0.0, 0.0, -0.999836, -0.018122, 0.272858, -0.0, -0.018122, 0.999836, -0.0, 0.0, 0.0, 0.0, 1.0],
                [-1.0, -0.0, -0.0, 0.0, 0.0, -0.999836, -0.018122, 0.272858, -0.0, -0.018122, 0.999836, -0.0, 0.0, 0.0, 0.0, 1.0]
            ]
        },
        {
            "name": "Elbow_L",
            "time": [0.0, 0.6, 0.7667],
            "transform": [
                [-1.0, 0.0, -0.0, -0.0, 0.0, -0.0, -1.0, 0.3, -0.0, -1.0, 0.0, 0.0, 0.0, 0.0, 0.0, 1.0],
                [-1.0, 0.0, -0.0, -0.0, 0.0, -0.0, -1.0, 0.3, -0.0, -1.0, 0.0, -0.0, 0.0, 0.0, 0.0, 1.0],
                [-1.0, 0.0, -0.0, -0.0, 0.0, -0.0, -1.0, 0.3, -0.0, -1.0, 0.0, 0.0, 0.0, 0.0, 0.0, 1.0]
            ]
        },
        {
            "name": "IL-Hand_R",
            "time": [0.0, 0.6, 0.7667],
            "transform": [
                [1.0, 0.0, 0.0, 0.293865, 0.0, 1.0, 0.0, 1.308882, -0.0, 0.0, 1.0, 1.385508, 0.0, 0.0, 0.0, 1.0],
                [1.0, 0.0, 0.0, 0.293865, 0.0, 1.0, 0.0, 1.308882, -0.0, 0.0, 1.0, 1.385508, 0.0, 0.0, 0.0, 1.0],
                [1.0, 0.0, 0.0, 0.293865, 0.0, 1.0, 0.0, 1.308882, -0.0, 0.0, 1.0, 1.385508, 0.0, 0.0, 0.0, 1.0]
            ]
        }
    ]
}