{
    "animation": [
        {
            "name": "Root",
            "time": [0.0, 0.0167, 0.0333, 0.05, 0.0667, 0.0833, 0.1, 0.1167, 0.1333, 0.15, 0.1667, 0.1833, 0.2, 0.2167, 0.2333, 0.25, 0.2667, 0.2833, 0.3, 0.3167, 0.3333, 0.35, 0.3667, 0.3833, 0.4, 0.4167, 0.4333, 0.45, 0.4667, 0.4833, 0.5, 0.5167, 0.5333, 0.55, 0.5667, 0.5833],
            "transform": [
                [1.0, 0.0, 0.0, -5e-06, 0.0, 0.258819, -0.965926, 0.000946, 0.0, 0.965926, 0.258819, 0.819544, 0.0, 0.0, 0.0, 1.0],
                [1.0, 0.0, 0.0, -5e-06, 0.0, 0.255912, -0.9667, 0.000946, 0.0, 0.9667, 0.255912, 0.812842, 0.0, 0.0, 0.0, 1.0],
                [1.0, 0.0, 0.0, -5e-06, 0.0, 0.253003, -0.967466, 0.000946, 0.0, 0.967466, 0.253003, 0.806139, 0.0, 0.0, 0.0, 1.0],
                [1.0, 0.0, 0.0, -5e-06, 0.0, 0.250091, -0.968222, 0.000946, 0.0, 0.968222, 0.250091, 0.799436, 0.0, 0.0, 0.0, 1.0],
                [1.0, 0.0, 0.0, -5e-06, 0.0, 0.247176, -0.968971, 0.000946, 0.0, 0.968971, 0.247176, 0.792734, 0.0, 0.0, 0.0, 1.0],
                [1.0, 0.0, 0.0, -5e-06, 0.0, 0.24426, -0.96971, 0.000946, 0.0, 0.96971, 0.24426, 0.786031, 0.0, 0.0, 0.0, 1.0],
                [1.0, 0.0, 0.0, -5e-06, 0.0, 0.24134, -0.970441, 0.000946, 0.0, 0.970441, 0.24134, 0.775907, 0.0, 0.0, 0.0, 1.0],
                [1.0, 0.0, 0.0, -5e-06, 0.0, 0.238419, -0.971162, 0.000946, 0.0, 0.971162, 0.238419, 0.765983, 0.0, 0.0, 0.0, 1.0],
                [1.0, 0.0, 0.0, -5e-06, 0.0, 0.235495, -0.971875, 0.000946, 0.0, 0.971875, 0.235495, 0.756522, 0.0, 0.0, 0.0, 1.0],
                [1.0, 0.0, 0.0, -5e-06, 0.0, 0.23257, -0.97258, 0.000946, 0.0, 0.97258, 0.23257, 0.747791, 0.0, 0.0, 0.0, 1.0],
                [1.0, 0.0, 0.0, -5e-06, 0.0, 0.229642, -0.973275, 0.000946, 0.0, 0.973275, 0.229642, 0.740053, 0.0, 0.0, 0.0, 1.0],
                [1.0, 0.0, 0.0, -5e-06, 0.0, 0.226711, -0.973962, 0.000946, 0.0, 0.973962, 0.226711, 0.733575, 0.0, 0.0, 0.0, 1.0],
                [1.0, 0.0, 0.0, -5e-06, 0.0, 0.223779, -0.97464, 0.000946, 0.0, 0.97464, 0.223779, 0.728619, 0.0, 0.0, 0.0, 1.0],
                [1.0, 0.0, 0.0, -5e-06, 0.0, 0.220845, -0.975309, 0.000946, 0.0, 0.975309, 0.220845, 0.725451, 0.0, 0.0, 0.0, 1.0],
                [1.0, 0.0, 0.0, -5e-06, 0.0, 0.217909, -0.975969, 0.000946, 0.0, 0.975969, 0.217909, 0.724337, 0.0, 0.0, 0.0, 1.0],
                [1.0, 0.0, 0.0, -5e-06, 0.0, 0.21497, -0.976621, 0.000946, 0.0, 0.976621, 0.21497, 0.727602, 0.0, 0.0, 0.0, 1.0],
                [1.0, 0.0, 0.0, -5e-06, 0.0, 0.21203, -0.977263, 0.000946, 0.0, 0.977263, 0.21203, 0.736352, 0.0, 0.0, 0.0, 1.0],
                [1.0, 0.0, 0.0, -5e-06, 0.0, 0.209088, -0.977897, 0.000946, 0.0, 0.977897, 0.209088, 0.74902, 0.0, 0.0, 0.0, 1.0],
                [1.0, 0.0, 0.0, -5e-06, 0.0, 0.206144, -0.978522, 0.000946, 0.0, 0.978522, 0.206144, 0.764039, 0.0, 0.0, 0.0, 1.0],
                [1.0, 0.0, 0.0, -5e-06, 0.0, 0.203198, -0.979138, 0.000946, 0.0, 0.979138, 0.203198, 0.779842, 0.0, 0.0, 0.0, 1.0],
                [1.0, 0.0, 0.0, -5e-06, 0.0, 0.20025, -0.979745, 0.000946, 0.0, 0.979745, 0.20025, 0.794861, 0.0, 0.0, 0.0, 1.0],
                [1.0, 0.0, 0.0, -5e-06, 0.0, 0.197301, -0.980343, 0.000946, 0.0, 0.980343, 0.197301, 0.807529, 0.0, 0.0, 0.0, 1.0],
                [1.0, 0.0, 0.0, -5e-06, 0.0, 0.19435, -0.980932, 0.000946, 0.0, 0.980932, 0.19435, 0.816279, 0.0, 0.0, 0.0, 1.0],
                [1.0, 0.0, 0.0, -5e-06, 0.0, 0.191397, -0.981513, 0.000946, 0.0, 0.981513, 0.191397, 0.819544, 0.0, 0.0, 0.0, 1.0],
                [1.0, 0.0, 0.0, -5e-06, 0.0, 0.188443, -0.982084, 0.000946, 0.0, 0.982084, 0.188443, 0.815428, 0.0, 0.0, 0.0, 1.0],
                [1.0, 0.0, 0.0, -5e-06, 0.0, 0.185487, -0.982647, 0.000946, 0.0, 0.982647, 0.185487, 0.805136, 0.0, 0.0, 0.0, 1.0],
                [1.0, 0.0, 0.0, -5e-06, 0.0, 0.182529, -0.9832, 0.000946, 0.0, 0.9832, 0.182529, 0.791758, 0.0, 0.0, 0.0, 1.0],
                [1.0, 0.0, 0.0, -5e-06, 0.0, 0.17957, -0.983745, 0.000946, 0.0, 0.983745, 0.17957, 0.778379, 0.0, 0.0, 0.0, 1.0],
                [1.0, 0.0, 0.0, -5e-06, 0.0, 0.17661, -0.984281, 0.000946, 0.0, 0.984281, 0.17661, 0.768088, 0.0, 0.0, 0.0, 1.0],
                [1.0, 0.0, 0.0, -5e-06, 0.0, 0.173648, -0.984808, 0.000946, 0.0, 0.984808, 0.173648, 0.763972, 0.0, 0.0, 0.0, 1.0],
                [1.0, 0.0, 0.0, -5e-06, 0.0, 0.180009, -0.983665, 0.000946, 0.0, 0.983665, 0.180009, 0.768088, 0.0, 0.0, 0.0, 1.0],
                [1.0, 0.0, 0.0, -5e-06, 0.0, 0.19588, -0.980628, 0.000946, 0.0, 0.980628, 0.19588, 0.778379, 0.0, 0.0, 0.0, 1.0],
                [1.0, 0.0, 0.0, -5e-06, 0.0, 0.21644, -0.976296, 0.000946, 0.0, 0.976296, 0.21644, 0.791758, 0.0, 0.0, 0.0, 1.0],
                [1.0, 0.0, 0.0, -5e-06, 0.0, 0.236903, -0.971533, 0.000946, 0.0, 0.971533, 0.236903, 0.805136, 0.0, 0.0, 0.0, 1.0],
                [1.0, 0.0, 0.0, -5e-06, 0.0, 0.252571, -0.967578, 0.000946, 0.0, 0.967578, 0.252571, 0.815428, 0.0, 0.0, 0.0, 1.0],
                [1.0, 0.0, 0.0, -5e-06, 0.0, 0.258819, -0.965926, 0.000946, 0.0, 0.965926, 0.258819, 0.819544, 0.0, 0.0, 0.0, 1.0]
            ]
        },
        {
            "name": "Thigh_R",
            "time": [0.0, 0.0167, 0.0333, 0.05, 0.0667, 0.0833, 0.1, 0.1167, 0.1333, 0.15, 0.1667, 0.1833, 0.2, 0.2167, 0.2333, 0.25, 0.2667, 0.2833, 0.3, 0.3167, 0.3333, 0.35, 0.3667, 0.3833, 0.4, 0.4167, 0.4333, 0.45, 0.4667, 0.4833, 0.5, 0.5167, 0.5333, 0.55, 0.5667, 0.5833],
            "transform": [
                [0.999643, -0.019215, 0.018543, 0.124994, -0.023175, -0.96925, 0.244984, -0.002831, 0.013266, -0.245327, -0.96935, -1.2e-05, 0.0, 0.0, 0.0, 1.0],
                [0.999643, -0.02072, 0.016845, 0.124994, -0.023175, -0.986554, 0.161785, -0.002831, 0.013266, -0.162118, -0.986682, -1.2e-05, 0.0, 0.0, 0.0, 1.0],
                [0.999643, -0.022074, 0.015027, 0.124994, -0.023175, -0.996719, 0.077544, -0.002831, 0.013266, -0.077864, -0.996876, -1.2e-05, 0.0, 0.0, 0.0, 1.0],
                [0.999643, -0.023263, 0.013111, 0.124994, -0.023175, -0.999708, -0.006825, -0.002831, 0.013266, 0.006519, -0.999891, -1.2e-05, 0.0, 0.0, 0.0, 1.0],
                [0.999643, -0.024278, 0.011119, 0.124994, -0.023175, -0.995634, -0.090422, -0.002831, 0.013266, 0.090132, -0.995841, -1.2e-05, 0.0, 0.0, 0.0, 1.0],
                [0.999643, -0.025114, 0.009075, 0.124994, -0.023175, -0.984755, -0.172395, -0.002831, 0.013266, 0.172124, -0.984986, -1.2e-05, 0.0, 0.0, 0.0, 1.0],
                [0.999643, -0.025769, 0.007001, 0.124994, -0.023175, -0.967458, -0.251966, -0.002831, 0.013266, 0.251714, -0.967711, -1.2e-05, 0.0, 0.0, 0.0, 1.0],
                [0.999643, -0.026246, 0.00492, 0.124994, -0.023175, -0.944237, -0.328449, -0.002831, 0.013266, 0.328218, -0.944509, -1.2e-05, 0.0, 0.0, 0.0, 1.0],
                [0.999643, -0.02655, 0.002853, 0.124994, -0.023175, -0.915666, -0.401271, -0.002831, 0.013266, 0.401062, -0.915955, -1.2e-05, 0.0, 0.0, 0.0, 1.0],
                [0.999643, -0.026528, 0.003053, 0.124994, -0.023175, -0.918675, -0.394332, -0.002831, 0.013266, 0.394121, -0.918963, -1.2e-05, 0.0, 0.0, 0.0, 1.0],
                [0.999643, -0.026455, 0.003631, 0.124994, -0.023175, -0.927053, -0.374212, -0.002831, 0.013266, 0.373994, -0.927336, -1.2e-05, 0.0, 0.0, 0.0, 1.0],
                [0.999643, -0.026313, 0.004549, 0.124994, -0.023175, -0.939512, -0.341731, -0.002831, 0.013266, 0.341504, -0.939787, -1.2e-05, 0.0, 0.0, 0.0, 1.0],
                [0.999643, -0.026072, 0.005771, 0.124994, -0.023175, -0.95442, -0.297564, -0.002831, 0.013266, 0.297325, -0.954684, -1.2e-05, 0.0, 0.0, 0.0, 1.0],
                [0.999643, -0.025699, 0.007254, 0.124994, -0.023175, -0.969893, -0.242425, -0.002831, 0.013266, 0.242171, -0.970143, -1.2e-05, 0.0, 0.0, 0.0, 1.0],
                [0.999643, -0.025158, 0.008951, 0.124994, -0.023175, -0.983895, -0.177236, -0.002831, 0.013266, 0.176965, -0.984128, -1.2e-05, 0.0, 0.0, 0.0, 1.0],
                [0.999643, -0.02442, 0.010805, 0.124994, -0.023175, -0.994384, -0.103264, -0.002831, 0.013266, 0.102977, -0.994595, -1.2e-05, 0.0, 0.0, 0.0, 1.0],
                [0.999643, -0.023462, 0.012751, 0.124994, -0.023175, -0.999484, -0.022214, -0.002831, 0.013266, 0.02191, -0.999672, -1.2e-05, 0.0, 0.0, 0.0, 1.0],
                [0.999643, -0.022279, 0.014721, 0.124994, -0.023175, -0.997695, 0.063775, -0.002831, 0.013266, -0.064094, -0.997856, -1.2e-05, 0.0, 0.0, 0.0, 1.0],
                [0.999643, -0.020882, 0.016643, 0.124994, -0.023175, -0.988077, 0.152207, -0.002831, 0.013266, -0.152539, -0.988208, -1.2e-05, 0.0, 0.0, 0.0, 1.0],
                [0.999643, -0.019302, 0.018452, 0.124994, -0.023175, -0.970397, 0.2404, -0.002831, 0.013266, -0.240742, -0.970499, -1.2e-05, 0.0, 0.0, 0.0, 1.0],
                [0.999643, -0.017585, 0.020095, 0.124994, -0.023175, -0.945187, 0.325707, -0.002831, 0.013266, -0.326056, -0.945257, -1.2e-05, 0.0, 0.0, 0.0, 1.0],
                [0.999643, -0.015793, 0.021532, 0.124994, -0.023175, -0.913694, 0.405741, -0.002831, 0.013266, -0.406096, -0.913734, -1.2e-05, 0.0, 0.0, 0.0, 1.0],
                [0.999643, -0.013993, 0.022743, 0.124994, -0.023175, -0.877747, 0.478563, -0.002831, 0.013266, -0.47892, -0.877759, -1.2e-05, 0.0, 0.0, 0.0, 1.0],
                [0.999643, -0.012256, 0.023725, 0.124994, -0.023175, -0.839558, 0.542776, -0.002831, 0.013266, -0.543132, -0.839542, -1.2e-05, 0.0, 0.0, 0.0, 1.0],
                [0.999643, -0.010647, 0.024489, 0.124994, -0.023175, -0.80151, 0.597531, -0.002831, 0.013266, -0.597886, -0.801471, -1.2e-05, 0.0, 0.0, 0.0, 1.0],
                [0.999643, -0.009227, 0.025058, 0.124994, -0.023175, -0.76598, 0.642446, -0.002831, 0.013266, -0.642798, -0.765921, -1.2e-05, 0.0, 0.0, 0.0, 1.0],
                [0.999643, -0.008049, 0.025461, 0.124994, -0.023175, -0.7352, 0.677454, -0.002831, 0.013266, -0.677802, -0.735125, -1.2e-05, 0.0, 0.0, 0.0, 1.0],
                [0.999643, -0.007159, 0.025726, 0.124994, -0.023175, -0.711185, 0.702623, -0.002831, 0.013266, -0.702969, -0.711097, -1.2e-05, 0.0, 0.0, 0.0, 1.0],
                [0.999643, -0.006596, 0.025876, 0.124994, -0.023175, -0.695699, 0.717959, -0.002831, 0.013266, -0.718303, -0.695604, -1.2e-05, 0.0, 0.0, 0.0, 1.0],
                [0.999643, -0.0064, 0.025925, 0.124994, -0.023175, -0.690247, 0.723202, -0.002831, 0.013266, -0.723545, -0.69015, -1.2e-05, 0.0, 0.0, 0.0, 1.0],
                [0.999643, -0.007416, 0.025653, 0.124994, -0.023175, -0.71818, 0.695471, -0.002831, 0.013266, -0.695817, -0.718096, -1.2e-05, 0.0, 0.0, 0.0, 1.0],
                [0.999643, -0.00995, 0.02478, 0.124994, -0.023175, -0.78427, 0.619986, -0.002831, 0.013266, -0.62034, -0.784221, -1.2e-05, 0.0, 0.0, 0.0, 1.0],
                [0.999643, -0.013174, 0.023227, 0.124994, -0.023175, -0.860146, 0.509521, -0.002831, 0.013266, -0.509878, -0.860145, -1.2e-05, 0.0, 0.0, 0.0, 1.0],
                [0.999643, -0.016229, 0.021206, 0.124994, -0.023175, -0.92178, 0.387019, -0.002831, 0.013266, -0.387372, -0.921828, -1.2e-05, 0.0, 0.0, 0.0, 1.0],
                [0.999643, -0.0184, 0.019352, 0.124994, -0.023175, -0.957831, 0.286394, -0.002831, 0.013266, -0.286741, -0.957916, -1.2e-05, 0.0, 0.0, 0.0, 1.0],
                [0.999643, -0.019215, 0.018543, 0.124994, -0.023175, -0.96925, 0.244984, -0.002831, 0.013266, -0.245327, -0.96935, -1.2e-05, 0.0, 0.0, 0.0, 1.0]
            ]
        },
        {
            "name": "Leg_R",
            "time": [0.0, 0.0167, 0.0333, 0.05, 0.0667, 0.0833, 0.1, 0.1167, 0.1333, 0.15, 0.1667, 0.1833, 0.2, 0.2167, 0.2333, 0.25, 0.2667, 0.2833, 0.3, 0.3167, 0.3333, 0.35, 0.3667, 0.3833, 0.4, 0.4167, 0.4333, 0.45, 0.4667, 0.4833, 0.5, 0.5167, 0.5333, 0.55, 0.5667, 0.5833],
            "transform": [
                [1.0, 0.0, 1e-06, -0.0, -1e-06, 0.996195, 0.087156, 0.37472, -1e-06, -0.087156, 0.996195, 0.0, 0.0, 0.0, 0.0, 1.0],
                [1.0, 0.0, 1e-06, 0.0, -1e-06, 0.992247, 0.124279, 0.37472, -1e-06, -0.124279, 0.992247, -0.0, 0.0, 0.0, 0.0, 1.0],
                [1.0, 0.0, 1e-06, -0.0, -1e-06, 0.986906, 0.161294, 0.37472, -1e-06, -0.161294, 0.986906, -0.0, 0.0, 0.0, 0.0, 1.0],
                [1.0, 0.0, 1e-06, -0.0, -1e-06, 0.980178, 0.198121, 0.37472, -1e-06, -0.198121, 0.980178, -0.0, 0.0, 0.0, 0.0, 1.0],
                [1.0, 0.0, 1e-06, -0.0, -1e-06, 0.972072, 0.234683, 0.37472, -1e-06, -0.234683, 0.972072, 0.0, 0.0, 0.0, 0.0, 1.0],
                [1.0, 0.0, 1e-06, 0.0, -1e-06, 0.962606, 0.270904, 0.37472, -1e-06, -0.270904, 0.962606, -0.0, 0.0, 0.0, 0.0, 1.0],
                [1.0, 0.0, 1e-06, -0.0, -1e-06, 0.951804, 0.306707, 0.37472, -1e-06, -0.306707, 0.951804, 0.0, 0.0, 0.0, 0.0, 1.0],
                [1.0, 0.0, 1e-06, -0.0, -1e-06, 0.939692, 0.34202, 0.37472, -1e-06, -0.34202, 0.939692, -0.0, 0.0, 0.0, 0.0, 1.0],
                [1.0, 0.0, 1e-06, 0.0, -1e-06, 0.879674, 0.475578, 0.37472, -1e-06, -0.475578, 0.879674, 0.0, 0.0, 0.0, 0.0, 1.0],
                [1.0, -0.0, 1e-06, -0.0, -1e-06, 0.765878, 0.642985, 0.37472, -1e-06, -0.642985, 0.765878, -0.0, 0.0, 0.0, 0.0, 1.0],
                [1.0, -0.0, 1e-06, -0.0, -1e-06, 0.59494, 0.80377, 0.37472, -1e-06, -0.80377, 0.59494, -0.0, 0.0, 0.0, 0.0, 1.0],
                [1.0, -1e-06, 1e-06, -0.0, -1e-06, 0.389647, 0.920964, 0.37472, -1e-06, -0.920964, 0.389647, 0.0, 0.0, 0.0, 0.0, 1.0],
                [1.0, -1e-06, 1e-06, -0.0, -1e-06, 0.194089, 0.980984, 0.37472, -1e-06, -0.980984, 0.194089, 0.0, 0.0, 0.0, 0.0, 1.0],
                [1.0, -1e-06, 1e-06, -0.0, -1e-06, 0.053104, 0.998589, 0.37472, -1e-06, -0.998589, 0.053104, 0.0, 0.0, 0.0, 0.0, 1.0],
                [1.0, -1e-06, 1e-06, 0.0, -1e-06, -1e-06, 1.0, 0.37472, -1e-06, -1.0, -0.0, -0.0, 0.0, 0.0, 0.0, 1.0],
                [1.0, -1e-06, 1e-06, -0.0, -1e-06, 0.010614, 0.999944, 0.37472, -1e-06, -0.999944, 0.010614, 0.0, 0.0, 0.0, 0.0, 1.0],
                [1.0, -1e-06, 1e-06, -0.0, -1e-06, 0.040978, 0.99916, 0.37472, -1e-06, -0.99916, 0.040978, 0.0, 0.0, 0.0, 0.0, 1.0],
                [1.0, -1e-06, 1e-06, -0.0, -1e-06, 0.088913, 0.996039, 0.37472, -1e-06, -0.996039, 0.088913, 0.0, 0.0, 0.0, 0.0, 1.0],
                [1.0, -1e-06, 1e-06, -0.0, -1e-06, 0.152106, 0.988364, 0.37472, -1e-06, -0.988364, 0.152106, -0.0, 0.0, 0.0, 0.0, 1.0],
                [1.0, -1e-06, 1e-06, 0.0, -1e-06, 0.227888, 0.973687, 0.37472, -1e-06, -0.973687, 0.227888, -0.0, 0.0, 0.0, 0.0, 1.0],
                [1.0, -1e-06, 1e-06, 0.0, -1e-06, 0.313095, 0.949722, 0.37472, -1e-06, -0.949722, 0.313095, -0.0, 0.0, 0.0, 0.0, 1.0],
                [1.0, -1e-06, 1e-06, -0.0, -1e-06, 0.40406, 0.914732, 0.37472, -1e-06, -0.914732, 0.40406, 0.0, 0.0, 0.0, 0.0, 1.0],
                [1.0, -0.0, 1e-06, -0.0, -1e-06, 0.496787, 0.867872, 0.37472, -1e-06, -0.867872, 0.496787, -0.0, 0.0, 0.0, 0.0, 1.0],
                [1.0, -0.0, 1e-06, 0.0, -1e-06, 0.587254, 0.809402, 0.37472, -1e-06, -0.809402, 0.587255, 0.0, 0.0, 0.0, 0.0, 1.0],
                [1.0, -0.0, 1e-06, 0.0, -1e-06, 0.671816, 0.740718, 0.37472, -1e-06, -0.740718, 0.671816, 0.0, 0.0, 0.0, 0.0, 1.0],
                [1.0, -0.0, 1e-06, -0.0, -1e-06, 0.747567, 0.664186, 0.37472, -1e-06, -0.664186, 0.747567, -0.0, 0.0, 0.0, 0.0, 1.0],
                [1.0, -0.0, 1e-06, 0.0, -1e-06, 0.812599, 0.582823, 0.37472, -1e-06, -0.582823, 0.812599, -0.0, 0.0, 0.0, 0.0, 1.0],
                [1.0, 0.0, 1e-06, -0.0, -1e-06, 0.866073, 0.499918, 0.37472, -1e-06, -0.499918, 0.866073, 0.0, 0.0, 0.0, 0.0, 1.0],
                [1.0, 0.0, 1e-06, 0.0, -1e-06, 0.908133, 0.418682, 0.37472, -1e-06, -0.418682, 0.908133, 0.0, 0.0, 0.0, 0.0, 1.0],
                [1.0, 0.0, 1e-06, -0.0, -1e-06, 0.939693, 0.34202, 0.37472, -1e-06, -0.342021, 0.939693, -0.0, 0.0, 0.0, 0.0, 1.0],
                [1.0, 0.0, 1e-06, 0.0, -1e-06, 0.962314, 0.27194, 0.37472, -1e-06, -0.27194, 0.962314, 0.0, 0.0, 0.0, 0.0, 1.0],
                [1.0, 0.0, 1e-06, -0.0, -1e-06, 0.977653, 0.210223, 0.37472, -1e-06, -0.210223, 0.977653, 0.0, 0.0, 0.0, 0.0, 1.0],
                [1.0, 0.0, 1e-06, -0.0, -1e-06, 0.987279, 0.158996, 0.37472, -1e-06, -0.158996, 0.987279, -0.0, 0.0, 0.0, 0.0, 1.0],
                [1.0, 0.0, 1e-06, 0.0, -1e-06, 0.992748, 0.120215, 0.37472, -1e-06, -0.120215, 0.992748, 0.0, 0.0, 0.0, 0.0, 1.0],
                [1.0, 0.0, 1e-06, 0.0, -1e-06, 0.995411, 0.095697, 0.37472, -1e-06, -0.095697, 0.995411, 0.0, 0.0, 0.0, 0.0, 1.0],
                [1.0, 0.0, 1e-06, -0.0, -1e-06, 0.996195, 0.087156, 0.37472, -1e-06, -0.087156, 0.996195, 0.0, 0.0, 0.0, 0.0, 1.0]
            ]
        },
        {
            "name": "Knee_R",
            "time": [0.0, 0.0167, 0.0333, 0.05, 0.0667, 0.0833, 0.1, 0.1167, 0.1333, 0.15, 0.1667, 0.1833, 0.2, 0.2167, 0.2333, 0.25, 0.2667, 0.2833, 0.3, 0.3167, 0.3333, 0.35, 0.3667, 0.3833, 0.4, 0.4167, 0.4333, 0.45, 0.4667, 0.4833, 0.5, 0.5167, 0.5333, 0.55, 0.5667, 0.5833],
            "transform": [
                [1.0, 0.0, -0.0, -0.0, -0.0, 0.0, -1.0, 0.37472, -0.0, 1.0, 0.0, 0.0, 0.0, 0.0, 0.0, 1.0],
                [1.0, 0.0, -0.0, 0.0, -0.0, 0.0, -1.0, 0.37472, -0.0, 1.0, 0.0, -0.0, 0.0, 0.0, 0.0, 1.0],
                [1.0, 0.0, -0.0, -0.0, -0.0, 0.0, -1.0, 0.37472, -0.0, 1.0, 0.0, -0.0, 0.0, 0.0, 0.0, 1.0],
                [1.0, 0.0, -0.0, -0.0, -0.0, 0.0, -1.0, 0.37472, -0.0, 1.0, 0.0, -0.0, 0.0, 0.0, 0.0, 1.0],
                [1.0, 0.0, -0.0, -0.0, -0.0, 0.0, -1.0, 0.37472, -0.0, 1.0, 0.0, 0.0, 0.0, 0.0, 0.0, 1.0],
                [1.0, 0.0, -0.0, 0.0, -0.0, 0.0, -1.0, 0.37472, -0.0, 1.0, 0.0, -0.0, 0.0, 0.0, 0.0, 1.0],
                [1.0, 0.0, -0.0, -0.0, -0.0, 0.0, -1.0, 0.37472, -0.0, 1.0, 0.0, 0.0, 0.0, 0.0, 0.0, 1.0],
                [1.0, 0.0, -0.0, -0.0, -0.0, 0.0, -1.0, 0.37472, -0.0, 1.0, 0.0, -0.0, 0.0, 0.0, 0.0, 1.0],
                [1.0, 0.0, -0.0, 0.0, -0.0, 0.0, -1.0, 0.37472, -0.0, 1.0, 0.0, 0.0, 0.0, 0.0, 0.0, 1.0],
                [1.0, 0.0, -0.0, -0.0, -0.0, 0.0, -1.0, 0.37472, -0.0, 1.0, 0.0, -0.0, 0.0, 0.0, 0.0, 1.0],
                [1.0, 0.0, -0.0, -0.0, -0.0, 0.0, -1.0, 0.37472, -0.0, 1.0, 0.0, -0.0, 0.0, 0.0, 0.0, 1.0],
                [1.0, 0.0, -0.0, -0.0, -0.0, 0.0, -1.0, 0.37472, -0.0, 1.0, 0.0, 0.0, 0.0, 0.0, 0.0, 1.0],
                [1.0, 0.0, -0.0, -0.0, -0.0, 0.0, -1.0, 0.37472, -0.0, 1.0, 0.0, 0.0, 0.0, 0.0, 0.0, 1.0],
                [1.0, 0.0, -0.0, -0.0, -0.0, 0.0, -1.0, 0.37472, -0.0, 1.0, 0.0, 0.0, 0.0, 0.0, 0.0, 1.0],
                [1.0, 0.0, -0.0, 0.0, -0.0, 0.0, -1.0, 0.37472, -0.0, 1.0, 0.0, -0.0, 0.0, 0.0, 0.0, 1.0],
                [1.0, 0.0, -0.0, -0.0, -0.0, 0.0, -1.0, 0.37472, -0.0, 1.0, 0.0, 0.0, 0.0, 0.0, 0.0, 1.0],
                [1.0, 0.0, -0.0, -0.0, -0.0, 0.0, -1.0, 0.37472, -0.0, 1.0, 0.0, 0.0, 0.0, 0.0, 0.0, 1.0],
                [1.0, 0.0, -0.0, -0.0, -0.0, 0.0, -1.0, 0.37472, -0.0, 1.0, 0.0, 0.0, 0.0, 0.0, 0.0, 1.0],
                [1.0, 0.0, -0.0, -0.0, -0.0, 0.0, -1.0, 0.37472, -0.0, 1.0, 0.0, -0.0, 0.0, 0.0, 0.0, 1.0],
                [1.0, 0.0, -0.0, 0.0, -0.0, 0.0, -1.0, 0.37472, -0.0, 1.0, 0.0, -0.0, 0.0, 0.0, 0.0, 1.0],
                [1.0, 0.0, -0.0, 0.0, -0.0, 0.0, -1.0, 0.37472, -0.0, 1.0, 0.0, -0.0, 0.0, 0.0, 0.0, 1.0],
                [1.0, 0.0, -0.0, -0.0, -0.0, 0.0, -1.0, 0.37472, -0.0, 1.0, 0.0, 0.0, 0.0, 0.0, 0.0, 1.0],
                [1.0, 0.0, -0.0, -0.0, -0.0, 0.0, -1.0, 0.37472, -0.0, 1.0, 0.0, -0.0, 0.0, 0.0, 0.0, 1.0],
                [1.0, 0.0, -0.0, 0.0, -0.0, 0.0, -1.0, 0.37472, -0.0, 1.0, 0.0, 0.0, 0.0, 0.0, 0.0, 1.0],
                [1.0, 0.0, -0.0, 0.0, -0.0, 0.0, -1.0, 0.37472, -0.0, 1.0, 0.0, 0.0, 0.0, 0.0, 0.0, 1.0],
                [1.0, 0.0, -0.0, -0.0, -0.0, 0.0, -1.0, 0.37472, -0.0, 1.0, 0.0, -0.0, 0.0, 0.0, 0.0, 1.0],
                [1.0, 0.0, -0.0, 0.0, -0.0, 0.0, -1.0, 0.37472, -0.0, 1.0, 0.0, -0.0, 0.0, 0.0, 0.0, 1.0],
                [1.0, 0.0, -0.0, -0.0, -0.0, 0.0, -1.0, 0.37472, -0.0, 1.0, 0.0, 0.0, 0.0, 0.0, 0.0, 1.0],
                [1.0, 0.0, -0.0, 0.0, -0.0, 0.0, -1.0, 0.37472, -0.0, 1.0, 0.0, 0.0, 0.0, 0.0, 0.0, 1.0],
                [1.0, 0.0, -0.0, -0.0, -0.0, 0.0, -1.0, 0.37472, -0.0, 1.0, 0.0, -0.0, 0.0, 0.0, 0.0, 1.0],
                [1.0, 0.0, -0.0, 0.0, -0.0, 0.0, -1.0, 0.37472, -0.0, 1.0, 0.0, 0.0, 0.0, 0.0, 0.0, 1.0],
                [1.0, 0.0, -0.0, -0.0, -0.0, 0.0, -1.0, 0.37472, -0.0, 1.0, 0.0, 0.0, 0.0, 0.0, 0.0, 1.0],
                [1.0, 0.0, -0.0, -0.0, -0.0, 0.0, -1.0, 0.37472, -0.0, 1.0, 0.0, -0.0, 0.0, 0.0, 0.0, 1.0],
                [1.0, 0.0, -0.0, 0.0, -0.0, 0.0, -1.0, 0.37472, -0.0, 1.0, 0.0, 0.0, 0.0, 0.0, 0.0, 1.0],
                [1.0, 0.0, -0.0, 0.0, -0.0, 0.0, -1.0, 0.37472, -0.0, 1.0, 0.0, 0.0, 0.0, 0.0, 0.0, 1.0],
                [1.0, 0.0, -0.0, -0.0, -0.0, 0.0, -1.0, 0.37472, -0.0, 1.0, 0.0, 0.0, 0.0, 0.0, 0.0, 1.0]
            ]
        },
        {
            "name": "Thigh_L",
            "time": [0.0, 0.0167, 0.0333, 0.05, 0.0667, 0.0833, 0.1, 0.1167, 0.1333, 0.15, 0.1667, 0.1833, 0.2, 0.2167, 0.2333, 0.25, 0.2667, 0.2833, 0.3, 0.3167, 0.3333, 0.35, 0.3667, 0.3833, 0.4, 0.4167, 0.4333, 0.45, 0.4667, 0.4833, 0.5, 0.5167, 0.5333, 0.55, 0.5667, 0.5833],
            "transform": [
                [0.996195, -0.018054, 0.085265, -0.125006, -0.022558, -0.998384, 0.052158, -0.002831, 0.084186, -0.053883, -0.994992, -1.2e-05, 0.0, 0.0, 0.0, 1.0],
                [0.996195, -0.006592, 0.086906, -0.125006, -0.022558, -0.982658, 0.184049, -0.002831, 0.084186, -0.185309, -0.979068, -1.2e-05, 0.0, 0.0, 0.0, 1.0],
                [0.996195, 0.004945, 0.087015, -0.125006, -0.022558, -0.949738, 0.31223, -0.002831, 0.084186, -0.313005, -0.946013, -1.2e-05, 0.0, 0.0, 0.0, 1.0],
                [0.996195, 0.016256, 0.085626, -0.125006, -0.022558, -0.900884, 0.433474, -0.002831, 0.084186, -0.433756, -0.897089, -1.2e-05, 0.0, 0.0, 0.0, 1.0],
                [0.996195, 0.027066, 0.082847, -0.125006, -0.022558, -0.838097, 0.545054, -0.002831, 0.084186, -0.544849, -0.834297, -1.2e-05, 0.0, 0.0, 0.0, 1.0],
                [0.996195, 0.037147, 0.078843, -0.125006, -0.022558, -0.763904, 0.644935, -0.002831, 0.084186, -0.644259, -0.760159, -1.2e-05, 0.0, 0.0, 0.0, 1.0],
                [0.996195, 0.046329, 0.073823, -0.125006, -0.022558, -0.681098, 0.731845, -0.002831, 0.084186, -0.730725, -0.677461, -1.2e-05, 0.0, 0.0, 0.0, 1.0],
                [0.996195, 0.054505, 0.06801, -0.125006, -0.022558, -0.592487, 0.805264, -0.002831, 0.084186, -0.803734, -0.589003, -1.2e-05, 0.0, 0.0, 0.0, 1.0],
                [0.996195, 0.061628, 0.061629, -0.125006, -0.022558, -0.500696, 0.865329, -0.002831, 0.084186, -0.863427, -0.497401, -1.2e-05, 0.0, 0.0, 0.0, 1.0],
                [0.996195, 0.060979, 0.062271, -0.125006, -0.022558, -0.509735, 0.860035, -0.002831, 0.084186, -0.858167, -0.50642, -1.2e-05, 0.0, 0.0, 0.0, 1.0],
                [0.996195, 0.059061, 0.064093, -0.125006, -0.022558, -0.535605, 0.844167, -0.002831, 0.084186, -0.842401, -0.532235, -1.2e-05, 0.0, 0.0, 0.0, 1.0],
                [0.996195, 0.055854, 0.066906, -0.125006, -0.022558, -0.576264, 0.816952, -0.002831, 0.084186, -0.815352, -0.572812, -1.2e-05, 0.0, 0.0, 0.0, 1.0],
                [0.996195, 0.051285, 0.07047, -0.125006, -0.022558, -0.629274, 0.776856, -0.002831, 0.084186, -0.77549, -0.625723, -1.2e-05, 0.0, 0.0, 0.0, 1.0],
                [0.996195, 0.045262, 0.074481, -0.125006, -0.022558, -0.69155, 0.721976, -0.002831, 0.084186, -0.720909, -0.687898, -1.2e-05, 0.0, 0.0, 0.0, 1.0],
                [0.996195, 0.037723, 0.078569, -0.125006, -0.022558, -0.759159, 0.650513, -0.002831, 0.084186, -0.649811, -0.75542, -1.2e-05, 0.0, 0.0, 0.0, 1.0],
                [0.996195, 0.028682, 0.082301, -0.125006, -0.022558, -0.827267, 0.561355, -0.002831, 0.084186, -0.561076, -0.823472, -1.2e-05, 0.0, 0.0, 0.0, 1.0],
                [0.996195, 0.01828, 0.085217, -0.125006, -0.022558, -0.890361, 0.454695, -0.002831, 0.084186, -0.454887, -0.886561, -1.2e-05, 0.0, 0.0, 0.0, 1.0],
                [0.996195, 0.006812, 0.086889, -0.125006, -0.022558, -0.942816, 0.332547, -0.002831, 0.084186, -0.333242, -0.939075, -1.2e-05, 0.0, 0.0, 0.0, 1.0],
                [0.996195, -0.005273, 0.086996, -0.125006, -0.022558, -0.979754, 0.198928, -0.002831, 0.084186, -0.200133, -0.976145, -1.2e-05, 0.0, 0.0, 0.0, 1.0],
                [0.996195, -0.017424, 0.085396, -0.125006, -0.022558, -0.997971, 0.059531, -0.002831, 0.084186, -0.061231, -0.994567, -1.2e-05, 0.0, 0.0, 0.0, 1.0],
                [0.996195, -0.029069, 0.082165, -0.125006, -0.022558, -0.996612, -0.079093, -0.002831, 0.084186, 0.076939, -0.993475, -1.2e-05, 0.0, 0.0, 0.0, 1.0],
                [0.996195, -0.039714, 0.077582, -0.125006, -0.022558, -0.977308, -0.210619, -0.002831, 0.084186, 0.208067, -0.974485, -1.2e-05, 0.0, 0.0, 0.0, 1.0],
                [0.996195, -0.049007, 0.072073, -0.125006, -0.022558, -0.943742, -0.329911, -0.002831, 0.084186, 0.32703, -0.941257, -1.2e-05, 0.0, 0.0, 0.0, 1.0],
                [0.996195, -0.056774, 0.066128, -0.125006, -0.022558, -0.900834, -0.433577, -0.002831, 0.084186, 0.430436, -0.898687, -1.2e-05, 0.0, 0.0, 0.0, 1.0],
                [0.996195, -0.062998, 0.060228, -0.125006, -0.022558, -0.85386, -0.520014, -0.002831, 0.084186, 0.516676, -0.852032, -1.2e-05, 0.0, 0.0, 0.0, 1.0],
                [0.996195, -0.067777, 0.054794, -0.125006, -0.022558, -0.807778, -0.589055, -0.002831, 0.084186, 0.585577, -0.806233, -1.2e-05, 0.0, 0.0, 0.0, 1.0],
                [0.996195, -0.071268, 0.050169, -0.125006, -0.022558, -0.766853, -0.641426, -0.002831, 0.084186, 0.637854, -0.765542, -1.2e-05, 0.0, 0.0, 0.0, 1.0],
                [0.996195, -0.073637, 0.046623, -0.125006, -0.022558, -0.734553, -0.678176, -0.002831, 0.084186, 0.674544, -0.733419, -1.2e-05, 0.0, 0.0, 0.0, 1.0],
                [0.996195, -0.075019, 0.044366, -0.125006, -0.022558, -0.713629, -0.70016, -0.002831, 0.084186, 0.696495, -0.712606, -1.2e-05, 0.0, 0.0, 0.0, 1.0],
                [0.996195, -0.075479, 0.043577, -0.125006, -0.022558, -0.706254, -0.707599, -0.002831, 0.084186, 0.703923, -0.705269, -1.2e-05, 0.0, 0.0, 0.0, 1.0],
                [0.996195, -0.072977, 0.04765, -0.125006, -0.022558, -0.743984, -0.667816, -0.002831, 0.084186, 0.6642, -0.7428, -1.2e-05, 0.0, 0.0, 0.0, 1.0],
                [0.996195, -0.065427, 0.05758, -0.125006, -0.022558, -0.831699, -0.554768, -0.002831, 0.084186, 0.551358, -0.83001, -1.2e-05, 0.0, 0.0, 0.0, 1.0],
                [0.996195, -0.052808, 0.069336, -0.125006, -0.022558, -0.924654, -0.380138, -0.002831, 0.084186, 0.377128, -0.922327, -1.2e-05, 0.0, 0.0, 0.0, 1.0],
                [0.996195, -0.037258, 0.078791, -0.125006, -0.022558, -0.98344, -0.179825, -0.002831, 0.084186, 0.177363, -0.980538, -1.2e-05, 0.0, 0.0, 0.0, 1.0],
                [0.996195, -0.023729, 0.083863, -0.125006, -0.022558, -0.999635, -0.014883, -0.002831, 0.084186, 0.012934, -0.996366, -1.2e-05, 0.0, 0.0, 0.0, 1.0],
                [0.996195, -0.018054, 0.085265, -0.125006, -0.022558, -0.998384, 0.052158, -0.002831, 0.084186, -0.053883, -0.994992, -1.2e-05, 0.0, 0.0, 0.0, 1.0]
            ]
        },
        {
            "name": "Leg_L",
            "time": [0.0, 0.0167, 0.0333, 0.05, 0.0667, 0.0833, 0.1, 0.1167, 0.1333, 0.15, 0.1667, 0.1833, 0.2, 0.2167, 0.2333, 0.25, 0.2667, 0.2833, 0.3, 0.3167, 0.3333, 0.35, 0.3667, 0.3833, 0.4, 0.4167, 0.4333, 0.45, 0.4667, 0.4833, 0.5, 0.5167, 0.5333, 0.55, 0.5667, 0.5833],
            "transform": [
                [1.0, -1e-06, 0.0, 0.0, -0.0, -0.0, 1.0, 0.37472, -1e-06, -1.0, -0.0, 0.0, 0.0, 0.0, 0.0, 1.0],
                [1.0, -1e-06, 1e-06, 0.0, -0.0, 0.086326, 0.996267, 0.37472, -1e-06, -0.996267, 0.086326, 0.0, 0.0, 0.0, 0.0, 1.0],
                [1.0, -1e-06, 1e-06, -0.0, -0.0, 0.172824, 0.984953, 0.37472, -1e-06, -0.984953, 0.172824, 0.0, 0.0, 0.0, 0.0, 1.0],
                [1.0, -1e-06, 1e-06, 0.0, -0.0, 0.258495, 0.966013, 0.37472, -1e-06, -0.966013, 0.258495, 0.0, 0.0, 0.0, 0.0, 1.0],
                [1.0, -1e-06, 1e-06, 0.0, -0.0, 0.342335, 0.939578, 0.37472, -1e-06, -0.939578, 0.342335, 0.0, 0.0, 0.0, 0.0, 1.0],
                [1.0, -1e-06, 1e-06, 0.0, -0.0, 0.423376, 0.905954, 0.37472, -1e-06, -0.905954, 0.423376, 0.0, 0.0, 0.0, 0.0, 1.0],
                [1.0, -0.0, 1e-06, 0.0, -0.0, 0.500721, 0.865609, 0.37472, -1e-06, -0.865609, 0.500721, 0.0, 0.0, 0.0, 0.0, 1.0],
                [1.0, -0.0, 1e-06, 0.0, -0.0, 0.573576, 0.819152, 0.37472, -1e-06, -0.819152, 0.573576, 0.0, 0.0, 0.0, 0.0, 1.0],
                [1.0, -0.0, 1e-06, 0.0, -0.0, 0.67356, 0.739132, 0.37472, -1e-06, -0.739132, 0.673561, -0.0, 0.0, 0.0, 0.0, 1.0],
                [1.0, -0.0, 1e-06, 0.0, -0.0, 0.759526, 0.650477, 0.37472, -1e-06, -0.650477, 0.759526, 0.0, 0.0, 0.0, 0.0, 1.0],
                [1.0, -0.0, 1e-06, -0.0, -0.0, 0.8285, 0.559989, 0.37472, -1e-06, -0.559989, 0.8285, -0.0, 0.0, 0.0, 0.0, 1.0],
                [1.0, 0.0, 1e-06, -0.0, -0.0, 0.879591, 0.47573, 0.37472, -1e-06, -0.47573, 0.879591, -0.0, 0.0, 0.0, 0.0, 1.0],
                [1.0, 0.0, 1e-06, -0.0, -0.0, 0.913826, 0.406106, 0.37472, -1e-06, -0.406107, 0.913826, -0.0, 0.0, 0.0, 0.0, 1.0],
                [1.0, 0.0, 1e-06, -0.0, -0.0, 0.933288, 0.359128, 0.37472, -1e-06, -0.359128, 0.933288, 0.0, 0.0, 0.0, 0.0, 1.0],
                [1.0, 0.0, 1e-06, -0.0, -0.0, 0.939693, 0.34202, 0.37472, -1e-06, -0.34202, 0.939693, -0.0, 0.0, 0.0, 0.0, 1.0],
                [1.0, 0.0, 1e-06, -0.0, -0.0, 0.939398, 0.34283, 0.37472, -1e-06, -0.34283, 0.939398, -0.0, 0.0, 0.0, 0.0, 1.0],
                [1.0, 0.0, 1e-06, -0.0, -0.0, 0.93833, 0.345741, 0.37472, -1e-06, -0.345741, 0.93833, -0.0, 0.0, 0.0, 0.0, 1.0],
                [1.0, 0.0, 1e-06, 0.0, -0.0, 0.936197, 0.351476, 0.37472, -1e-06, -0.351476, 0.936197, 0.0, 0.0, 0.0, 0.0, 1.0],
                [1.0, 0.0, 1e-06, 0.0, -0.0, 0.932666, 0.36074, 0.37472, -1e-06, -0.36074, 0.932666, 0.0, 0.0, 0.0, 0.0, 1.0],
                [1.0, 0.0, 1e-06, 0.0, -0.0, 0.927339, 0.374223, 0.37472, -1e-06, -0.374223, 0.927339, 0.0, 0.0, 0.0, 0.0, 1.0],
                [1.0, 0.0, 1e-06, 0.0, -0.0, 0.919716, 0.392584, 0.37472, -1e-06, -0.392584, 0.919716, 0.0, 0.0, 0.0, 0.0, 1.0],
                [1.0, 0.0, 1e-06, 0.0, -0.0, 0.909167, 0.416431, 0.37472, -1e-06, -0.416431, 0.909167, 0.0, 0.0, 0.0, 0.0, 1.0],
                [1.0, 0.0, 1e-06, -0.0, -0.0, 0.894886, 0.446296, 0.37472, -1e-06, -0.446296, 0.894886, 0.0, 0.0, 0.0, 0.0, 1.0],
                [1.0, 0.0, 1e-06, 0.0, -0.0, 0.875849, 0.482585, 0.37472, -1e-06, -0.482585, 0.875849, -0.0, 0.0, 0.0, 0.0, 1.0],
                [1.0, -0.0, 1e-06, 0.0, -0.0, 0.850785, 0.525514, 0.37472, -1e-06, -0.525514, 0.850785, 0.0, 0.0, 0.0, 0.0, 1.0],
                [1.0, -0.0, 1e-06, -0.0, -0.0, 0.818147, 0.575008, 0.37472, -1e-06, -0.575008, 0.818147, 0.0, 0.0, 0.0, 0.0, 1.0],
                [1.0, -0.0, 1e-06, -0.0, -0.0, 0.776126, 0.630578, 0.37472, -1e-06, -0.630578, 0.776126, -0.0, 0.0, 0.0, 0.0, 1.0],
                [1.0, -0.0, 1e-06, -0.0, -0.0, 0.722708, 0.691154, 0.37472, -1e-06, -0.691154, 0.722708, -0.0, 0.0, 0.0, 0.0, 1.0],
                [1.0, -0.0, 1e-06, -0.0, -0.0, 0.655819, 0.754918, 0.37472, -1e-06, -0.754918, 0.655819, 0.0, 0.0, 0.0, 0.0, 1.0],
                [1.0, -0.0, 1e-06, -0.0, -0.0, 0.573576, 0.819152, 0.37472, -1e-06, -0.819152, 0.573576, 0.0, 0.0, 0.0, 0.0, 1.0],
                [1.0, -0.0, 1e-06, -0.0, -0.0, 0.470581, 0.882357, 0.37472, -1e-06, -0.882357, 0.470581, -0.0, 0.0, 0.0, 0.0, 1.0],
                [1.0, -1e-06, 1e-06, -0.0, -0.0, 0.349133, 0.937073, 0.37472, -1e-06, -0.937073, 0.349133, -0.0, 0.0, 0.0, 0.0, 1.0],
                [1.0, -1e-06, 1e-06, 0.0, -0.0, 0.223241, 0.974763, 0.37472, -1e-06, -0.974763, 0.223241, 0.0, 0.0, 0.0, 0.0, 1.0],
                [1.0, -1e-06, 1e-06, -0.0, -0.0, 0.110772, 0.993846, 0.37472, -1e-06, -0.993846, 0.110772, -0.0, 0.0, 0.0, 0.0, 1.0],
                [1.0, -1e-06, 0.0, -0.0, -0.0, 0.030485, 0.999535, 0.37472, -1e-06, -0.999535, 0.030485, 0.0, 0.0, 0.0, 0.0, 1.0],
                [1.0, -1e-06, 0.0, 0.0, -0.0, -0.0, 1.0, 0.37472, -1e-06, -1.0, -0.0, 0.0, 0.0, 0.0, 0.0, 1.0]
            ]
        },
        {
            "name": "Knee_L",
            "time": [0.0, 0.0167, 0.0333, 0.05, 0.0667, 0.0833, 0.1, 0.1167, 0.1333, 0.15, 0.1667, 0.1833, 0.2, 0.2167, 0.2333, 0.25, 0.2667, 0.2833, 0.3, 0.3167, 0.3333, 0.35, 0.3667, 0.3833, 0.4, 0.4167, 0.4333, 0.45, 0.4667, 0.4833, 0.5, 0.5167, 0.5333, 0.55, 0.5667, 0.5833],
            "transform": [
                [1.0, 0.0, -0.0, 0.0, -0.0, 0.0, -1.0, 0.37472, -0.0, 1.0, 0.0, 0.0, 0.0, 0.0, 0.0, 1.0],
                [1.0, 0.0, -0.0, 0.0, -0.0, 0.0, -1.0, 0.37472, -0.0, 1.0, 0.0, 0.0, 0.0, 0.0, 0.0, 1.0],
                [1.0, 0.0, -0.0, -0.0, -0.0, 0.0, -1.0, 0.37472, -0.0, 1.0, 0.0, 0.0, 0.0, 0.0, 0.0, 1.0],
                [1.0, 0.0, -0.0, 0.0, -0.0, 0.0, -1.0, 0.37472, -0.0, 1.0, 0.0, 0.0, 0.0, 0.0, 0.0, 1.0],
                [1.0, 0.0, -0.0, 0.0, -0.0, 0.0, -1.0, 0.37472, -0.0, 1.0, 0.0, 0.0, 0.0, 0.0, 0.0, 1.0],
                [1.0, 0.0, -0.0, 0.0, -0.0, 0.0, -1.0, 0.37472, -0.0, 1.0, 0.0, 0.0, 0.0, 0.0, 0.0, 1.0],
                [1.0, 0.0, -0.0, 0.0, -0.0, 0.0, -1.0, 0.37472, -0.0, 1.0, 0.0, 0.0, 0.0, 0.0, 0.0, 1.0],
                [1.0, 0.0, -0.0, 0.0, -0.0, 0.0, -1.0, 0.37472, -0.0, 1.0, 0.0, 0.0, 0.0, 0.0, 0.0, 1.0],
                [1.0, 0.0, -0.0, 0.0, -0.0, 0.0, -1.0, 0.37472, -0.0, 1.0, 0.0, -0.0, 0.0, 0.0, 0.0, 1.0],
                [1.0, 0.0, -0.0, 0.0, -0.0, 0.0, -1.0, 0.37472, -0.0, 1.0, 0.0, 0.0, 0.0, 0.0, 0.0, 1.0],
                [1.0, 0.0, -0.0, -0.0, -0.0, 0.0, -1.0, 0.37472, -0.0, 1.0, 0.0, -0.0, 0.0, 0.0, 0.0, 1.0],
                [1.0, 0.0, -0.0, -0.0, -0.0, 0.0, -1.0, 0.37472, -0.0, 1.0, 0.0, -0.0, 0.0, 0.0, 0.0, 1.0],
                [1.0, 0.0, -0.0, -0.0, -0.0, 0.0, -1.0, 0.37472, -0.0, 1.0, 0.0, -0.0, 0.0, 0.0, 0.0, 1.0],
                [1.0, 0.0, -0.0, -0.0, -0.0, 0.0, -1.0, 0.37472, -0.0, 1.0, 0.0, 0.0, 0.0, 0.0, 0.0, 1.0],
                [1.0, 0.0, -0.0, -0.0, -0.0, 0.0, -1.0, 0.37472, -0.0, 1.0, 0.0, -0.0, 0.0, 0.0, 0.0, 1.0],
                [1.0, 0.0, -0.0, -0.0, -0.0, 0.0, -1.0, 0.37472, -0.0, 1.0, 0.0, -0.0, 0.0, 0.0, 0.0, 1.0],
                [1.0, 0.0, -0.0, -0.0, -0.0, 0.0, -1.0, 0.37472, -0.0, 1.0, 0.0, -0.0, 0.0, 0.0, 0.0, 1.0],
                [1.0, 0.0, -0.0, 0.0, -0.0, 0.0, -1.0, 0.37472, -0.0, 1.0, 0.0, 0.0, 0.0, 0.0, 0.0, 1.0],
                [1.0, 0.0, -0.0, 0.0, -0.0, 0.0, -1.0, 0.37472, -0.0, 1.0, 0.0, 0.0, 0.0, 0.0, 0.0, 1.0],
                [1.0, 0.0, -0.0, 0.0, -0.0, 0.0, -1.0, 0.37472, -0.0, 1.0, 0.0, 0.0, 0.0, 0.0, 0.0, 1.0],
                [1.0, 0.0, -0.0, 0.0, -0.0, 0.0, -1.0, 0.37472, -0.0, 1.0, 0.0, 0.0, 0.0, 0.0, 0.0, 1.0],
                [1.0, 0.0, -0.0, 0.0, -0.0, 0.0, -1.0, 0.37472, -0.0, 1.0, 0.0, 0.0, 0.0, 0.0, 0.0, 1.0],
                [1.0, 0.0, -0.0, -0.0, -0.0, 0.0, -1.0, 0.37472, -0.0, 1.0, 0.0, 0.0, 0.0, 0.0, 0.0, 1.0],
                [1.0, 0.0, -0.0, 0.0, -0.0, 0.0, -1.0, 0.37472, -0.0, 1.0, 0.0, -0.0, 0.0, 0.0, 0.0, 1.0],
                [1.0, 0.0, -0.0, 0.0, -0.0, 0.0, -1.0, 0.37472, -0.0, 1.0, 0.0, 0.0, 0.0, 0.0, 0.0, 1.0],
                [1.0, 0.0, -0.0, -0.0, -0.0, 0.0, -1.0, 0.37472, -0.0, 1.0, 0.0, 0.0, 0.0, 0.0, 0.0, 1.0],
                [1.0, 0.0, -0.0, -0.0, -0.0, 0.0, -1.0, 0.37472, -0.0, 1.0, 0.0, -0.0, 0.0, 0.0, 0.0, 1.0],
                [1.0, 0.0, -0.0, -0.0, -0.0, 0.0, -1.0, 0.37472, -0.0, 1.0, 0.0, -0.0, 0.0, 0.0, 0.0, 1.0],
                [1.0, 0.0, -0.0, -0.0, -0.0, 0.0, -1.0, 0.37472, -0.0, 1.0, 0.0, 0.0, 0.0, 0.0, 0.0, 1.0],
                [1.0, 0.0, -0.0, -0.0, -0.0, 0.0, -1.0, 0.37472, -0.0, 1.0, 0.0, 0.0, 0.0, 0.0, 0.0, 1.0],
                [1.0, 0.0, -0.0, -0.0, -0.0, 0.0, -1.0, 0.37472, -0.0, 1.0, 0.0, -0.0, 0.0, 0.0, 0.0, 1.0],
                [1.0, 0.0, -0.0, -0.0, -0.0, 0.0, -1.0, 0.37472, -0.0, 1.0, 0.0, -0.0, 0.0, 0.0, 0.0, 1.0],
                [1.0, 0.0, -0.0, 0.0, -0.0, 0.0, -1.0, 0.37472, -0.0, 1.0, 0.0, 0.0, 0.0, 0.0, 0.0, 1.0],
                [1.0, 0.0, -0.0, -0.0, -0.0, 0.0, -1.0, 0.37472, -0.0, 1.0, 0.0, -0.0, 0.0, 0.0, 0.0, 1.0],
                [1.0, 0.0, -0.0, -0.0, -0.0, 0.0, -1.0, 0.37472, -0.0, 1.0, 0.0, 0.0, 0.0, 0.0, 0.0, 1.0],
                [1.0, 0.0, -0.0, 0.0, -0.0, 0.0, -1.0, 0.37472, -0.0, 1.0, 0.0, 0.0, 0.0, 0.0, 0.0, 1.0]
            ]
        },
        {
            "name": "Torso",
            "time": [0.0, 0.0167, 0.0333, 0.05, 0.0667, 0.0833, 0.1, 0.1167, 0.1333, 0.15, 0.1667, 0.1833, 0.2, 0.2167, 0.2333, 0.25, 0.2667, 0.2833, 0.3, 0.3167, 0.3333, 0.35, 0.3667, 0.3833, 0.4, 0.4167, 0.4333, 0.45, 0.4667, 0.4833, 0.5, 0.5167, 0.5333, 0.55, 0.5667, 0.5833],
            "transform": [
                [0.953998, 0.113529, -0.277488, 0.0, 0.069782, 0.816035, 0.573775, 0.05, 0.29158, -0.566744, 0.770573, 0.0, 0.0, 0.0, 0.0, 1.0],
                [0.962284, 0.113529, -0.247226, 0.0, 0.05163, 0.816035, 0.575692, 0.05, 0.267102, -0.566743, 0.779396, -0.0, 0.0, 0.0, 0.0, 1.0],
                [0.969616, 0.113529, -0.216692, 0.0, 0.033411, 0.816035, 0.577036, 0.05, 0.242338, -0.566744, 0.787448, 0.0, 0.0, 0.0, 0.0, 1.0],
                [0.975982, 0.113529, -0.185931, 0.0, 0.015152, 0.816035, 0.577804, 0.05, 0.217323, -0.566744, 0.794715, 0.0, 0.0, 0.0, 0.0, 1.0],
                [0.981371, 0.113529, -0.154989, 0.0, -0.003119, 0.816035, 0.577994, 0.05, 0.192095, -0.566744, 0.801187, 0.0, 0.0, 0.0, 0.0, 1.0],
                [0.985777, 0.113529, -0.123913, 0.0, -0.021374, 0.816035, 0.577607, 0.05, 0.166692, -0.566744, 0.806855, 0.0, 0.0, 0.0, 0.0, 1.0],
                [0.989196, 0.113529, -0.09275, 0.0, -0.039587, 0.816035, 0.576645, 0.05, 0.141153, -0.566744, 0.811713, 0.0, 0.0, 0.0, 0.0, 1.0],
                [0.991627, 0.113528, -0.061546, 0.0, -0.057731, 0.816035, 0.575112, 0.05, 0.115515, -0.566743, 0.815756, 0.0, 0.0, 0.0, 0.0, 1.0],
                [0.993071, 0.113529, -0.030348, 0.0, -0.075778, 0.816035, 0.573014, 0.05, 0.089819, -0.566743, 0.818984, 0.0, 0.0, 0.0, 0.0, 1.0],
                [0.993534, 0.113529, 0.000797, 0.0, -0.093704, 0.816035, 0.570357, 0.05, 0.064101, -0.566744, 0.821397, -0.0, 0.0, 0.0, 0.0, 1.0],
                [0.993024, 0.113529, 0.031844, 0.0, -0.111481, 0.816035, 0.56715, 0.05, 0.038402, -0.566744, 0.822999, 0.0, 0.0, 0.0, 0.0, 1.0],
                [0.991551, 0.113529, 0.062748, 0.0, -0.129086, 0.816035, 0.563404, 0.05, 0.012758, -0.566743, 0.823795, 0.0, 0.0, 0.0, 0.0, 1.0],
                [0.99183, 0.113528, 0.05817, 0.0, -0.126484, 0.816035, 0.563994, 0.05, 0.016561, -0.566744, 0.823728, -0.0, 0.0, 0.0, 0.0, 1.0],
                [0.99251, 0.113529, 0.045117, -0.0, -0.119054, 0.816035, 0.565609, 0.05, 0.027395, -0.566744, 0.823439, 0.0, 0.0, 0.0, 0.0, 1.0],
                [0.99323, 0.113529, 0.0246, 0.0, -0.107342, 0.816035, 0.567948, 0.05, 0.044404, -0.566744, 0.822697, -0.0, 0.0, 0.0, 0.0, 1.0],
                [0.993532, 0.113528, -0.002371, 0.0, -0.091885, 0.816035, 0.570652, 0.05, 0.06672, -0.566743, 0.821188, -0.0, 0.0, 0.0, 0.0, 1.0],
                [0.992927, 0.113529, -0.034755, 0.0, -0.073235, 0.816035, 0.573344, 0.05, 0.093452, -0.566744, 0.818577, 0.0, 0.0, 0.0, 0.0, 1.0],
                [0.990961, 0.113528, -0.071466, 0.0, -0.051973, 0.816035, 0.575661, 0.05, 0.123673, -0.566743, 0.814559, -0.0, 0.0, 0.0, 0.0, 1.0],
                [0.987273, 0.113529, -0.11137, 0.0, -0.028716, 0.816035, 0.577289, 0.05, 0.15642, -0.566743, 0.808909, 0.0, 0.0, 0.0, 0.0, 1.0],
                [0.981638, 0.113529, -0.153288, 0.0, -0.00412, 0.816035, 0.577988, 0.05, 0.190706, -0.566744, 0.801519, -0.0, 0.0, 0.0, 0.0, 1.0],
                [0.974005, 0.113529, -0.196022, 0.0, 0.021132, 0.816035, 0.577616, 0.05, 0.225537, -0.566744, 0.792423, 0.0, 0.0, 0.0, 0.0, 1.0],
                [0.964513, 0.113529, -0.238382, 0.0, 0.046343, 0.816035, 0.576142, 0.05, 0.259937, -0.566743, 0.781815, 0.0, 0.0, 0.0, 0.0, 1.0],
                [0.953493, 0.113529, -0.279217, 0.0, 0.070822, 0.816035, 0.573647, 0.05, 0.292976, -0.566744, 0.770043, -0.0, 0.0, 0.0, 0.0, 1.0],
