{
    "armature": {
        "joints": ["Root", "Thigh_R", "Leg_R", "Knee_R", "Thigh_L", "Leg_L", "Knee_L", "Torso", "Chest", "Head", "Shoulder_R", "Arm_R", "Hand_R", "Tool_R", "Elbow_R", "Shoulder_L", "Arm_L", "Hand_L", "Tool_L", "Elbow_L"],
        "hierarchy": [
            {
                "name": "Root",
                "transform": [1.0, 0.0, 0.0, -5e-06, 0.0, 0.0, -1.0, 0.000946, 0.0, 1.0, 0.0, 0.763972, 0.0, 0.0, 0.0, 1.0],
                "children": [
                    {
                        "name": "Thigh_R",
                        "transform": [1.0, -0.0, -0.0, 0.124994, -0.0, -1.0, 0.0, -0.002831, -0.0, -0.0, -1.0, -1.2e-05, 0.0, 0.0, 0.0, 1.0],
                        "children": [
                            {
                                "name": "Leg_R",
                                "transform": [1.0, 0.0, 1e-06, 0.0, -0.0, 1.0, 0.0, 0.37472, -1e-06, -0.0, 1.0, -0.0, 0.0, 0.0, 0.0, 1.0],
                                "children": []
                            },
                            {
                                "name": "Knee_R",
                                "transform": [1.0, 0.0, -0.0, 0.0, -0.0, 0.0, -1.0, 0.37472, -0.0, 1.0, 0.0, -0.0, 0.0, 0.0, 0.0, 1.0],
                                "children": []
                            }
                        ]
                    },
                    {
                        "name": "Thigh_L",
                        "transform": [1.0, -0.0, -0.0, -0.125006, -0.0, -1.0, 0.0, -0.002831, -0.0, -0.0, -1.0, -1.2e-05, 0.0, 0.0, 0.0, 1.0],
                        "children": [
                            {
                                "name": "Leg_L",
                                "transform": [1.0, 0.0, 1e-06, -0.0, -0.0, 1.0, 0.0, 0.37472, -1e-06, -0.0, 1.0, 0.0, 0.0, 0.0, 0.0, 1.0],
                                "children": []
                            },
                            {
                                "name": "Knee_L",
                                "transform": [1.0, 0.0, -0.0, -0.0, -0.0, 0.0, -1.0, 0.37472, -0.0, 1.0, 0.0, 0.0, 0.0, 0.0, 0.0, 1.0],
                                "children": []
                            }
                        ]
                    },
                    {
                        "name": "Torso",
                        "transform": [1.0, 0.0, 0.0, 0.0, 0.0, 1.0, 0.0, 0.05, 0.0, 0.0, 1.0, 0.0, 0.0, 0.0, 0.0, 1.0],
                        "children": [
                            {
                                "name": "Chest",
                                "transform": [1.0, 0.0, 0.0, 0.0, 0.0, 1.0, 0.0, 0.3, 0.0, 0.0, 1.0, 0.0, 0.0, 0.0, 0.0, 1.0],
                                "children": [
                                    {
                                        "name": "Head",
                                        "transform": [1.0, 0.0, 0.0, 0.0, 0.0, 1.0, 0.0, 0.4, 0.0, 0.0, 1.0, 0.0, 0.0, 0.0, 0.0, 1.0],
                                        "children": []
                                    },
                                    {
                                        "name": "Shoulder_R",
                                        "transform": [0.0, 0.952114, 0.305743, 0.0, 0.0, -0.305743, 0.952114, 0.4, 1.0, 0.0, -0.0, 0.0, 0.0, 0.0, 0.0, 1.0],
                                        "children": [
                                            {
                                                "name": "Arm_R",
                                                "transform": [0.0, -0.0, -1.0, -0.0, 0.952114, 0.305743, 0.0, 0.39386, 0.305743, -0.952114, 0.0, 0.0, 0.0, 0.0, 0.0, 1.0],
                                                "children": [
                                                    {
                                                        "name": "Hand_R",
                                                        "transform": [1.0, 0.0, 0.0, 0.0, -0.0, 0.993938, 0.109947, 0.3, -0.0, -0.109947, 0.993937, 0.0, 0.0, 0.0, 0.0, 1.0],
                                                        "children": [
                                                            {
                                                                "name": "Tool_R",
                                                                "transform": [1.0, 0.0, 0.0, -0.0, 0.0, -0.999836, 0.018122, 0.272858, 0.0, -0.018122, -0.999836, 0.0, 0.0, 0.0, 0.0, 1.0],
                                                                "children": []
                                                            }
                                                        ]
                                                    },
                                                    {
                                                        "name": "Elbow_R",
                                                        "transform": [-1.0, 0.0, -0.0, 0.0, 0.0, 0.0, -1.0, 0.3, -0.0, -1.0, -0.0, 0.0, 0.0, 0.0, 0.0, 1.0],
                                                        "children": []
                                                    }
                                                ]
                                            }
                                        ]
                                    },
                                    {
                                        "name": "Shoulder_L",
                                        "transform": [-0.0, -0.952114, -0.305743, 0.0, 0.0, -0.305743, 0.952114, 0.4, -1.0, 0.0, 0.0, 0.0, 0.0, 0.0, 0.0, 1.0],
                                        "children": [
                                            {
                                                "name": "Arm_L",
                                                "transform": [-0.0, -0.0, 1.0, -0.0, -0.952114, 0.305743, -0.0, 0.39386, -0.305743, -0.952114, -0.0, 0.0, 0.0, 0.0, 0.0, 1.0],
                                                "children": [
                                                    {
                                                        "name": "Hand_L",
                                                        "transform": [1.0, -0.0, 0.0, -0.0, 0.0, 0.993937, 0.109947, 0.3, -0.0, -0.109947, 0.993937, 0.0, 0.0, 0.0, 0.0, 1.0],
                                                        "children": [
                                                            {
                                                                "name": "Tool_L",
                                                                "transform": [1.0, 0.0, 0.0, -0.0, -0.0, -0.999836, 0.018122, 0.272858, 0.0, -0.018122, -0.999836, -0.0, 0.0, 0.0, 0.0, 1.0],
                                                                "children": []
                                                            }
                                                        ]
                                                    },
                                                    {
                                                        "name": "Elbow_L",
                                                        "transform": [-1.0, 0.0, -0.0, -0.0, 0.0, -0.0, -1.0, 0.3, -0.0, -1.0, 0.0, 0.0, 0.0, 0.0, 0.0, 1.0],
                                                        "children": []
                                                    }
                                                ]
                                            }
                                        ]
                                    }
                                ]
                            }
                        ]
                    }
                ]
            }
        ]
    },
    "animation": [
        {
            "name": "Root",
            "time": [0.0, 0.0167, 0.0333, 0.05, 0.0667, 0.0833, 0.1, 0.1167, 0.1333, 0.15, 0.1667, 0.1833, 0.2, 0.2167, 0.2333, 0.25, 0.2667, 0.2833, 0.3, 0.3167, 0.3333, 0.35, 0.3667, 0.3833, 0.4, 0.4167, 0.4333, 0.45, 0.4667, 0.4833, 0.5, 0.5167, 0.5333, 0.55, 0.5667, 0.5833, 0.6, 0.6167, 0.6333, 0.65, 0.6667, 0.6833, 0.7, 0.7167, 0.7333, 0.75, 0.7667, 0.7833, 0.8, 0.8167, 0.8333, 0.85, 0.8667, 0.8833, 0.9, 0.9167, 0.9333, 0.95, 0.9667, 0.9833, 1.0, 1.0167, 1.0333, 1.05, 1.0667],
            "transform": [
                [0.866025, 0.0, -0.5, -5e-06, -0.5, 0.0, -0.866025, 0.000946, 0.0, 1.0, 0.0, 0.763972, 0.0, 0.0, 0.0, 1.0],
                [0.849959, 0.007761, -0.526792, -5e-06, -0.526848, 0.010477, -0.849895, 0.01114, -0.001077, 0.999915, 0.012994, 0.763972, 0.0, 0.0, 0.0, 1.0],
                [0.801971, 0.030783, -0.596569, -5e-06, -0.597358, 0.037301, -0.801107, 0.040392, -0.002408, 0.99883, 0.048302, 0.763972, 0.0, 0.0, 0.0, 1.0],
                [0.720399, 0.069208, -0.690098, -5e-06, -0.693559, 0.072187, -0.716774, 0.086711, 0.000209, 0.994987, 0.100003, 0.763972, 0.0, 0.0, 0.0, 1.0],
                [0.605524, 0.122012, -0.786418, -5e-06, -0.795755, 0.106135, -0.596246, 0.148107, 0.010718, 0.986838, 0.161359, 0.763972, 0.0, 0.0, 0.0, 1.0],
                [0.46259, 0.185867, -0.86687, -5e-06, -0.88603, 0.13111, -0.444703, 0.222588, 0.031, 0.973788, 0.225334, 0.763972, 0.0, 0.0, 0.0, 1.0],
                [0.301071, 0.255651, -0.918694, -5e-06, -0.951691, 0.141503, -0.272508, 0.308163, 0.060331, 0.956357, 0.285903, 0.763972, 0.0, 0.0, 0.0, 1.0],
                [0.131431, 0.325904, -0.936222, -5e-06, -0.986659, 0.134528, -0.091682, 0.40284, 0.096068, 0.935782, 0.339238, 0.763972, 0.0, 0.0, 0.0, 1.0],
                [-0.038196, 0.39211, -0.919125, -5e-06, -0.990122, 0.109326, 0.087786, 0.504627, 0.134906, 0.913399, 0.384061, 0.763972, 0.0, 0.0, 0.0, 1.0],
                [-0.203837, 0.451042, -0.868914, -5e-06, -0.963427, 0.065282, 0.259896, 0.611535, 0.173949, 0.890112, 0.421239, 0.763972, 0.0, 0.0, 0.0, 1.0],
                [-0.365998, 0.5, -0.784886, -5e-06, -0.906308, 0.0, 0.422618, 0.72157, 0.211309, 0.866025, 0.453154, 0.763972, 0.0, 0.0, 0.0, 1.0],
                [-0.540587, 0.526944, -0.655817, -5e-06, -0.804446, -0.095606, 0.586281, 0.832735, 0.246237, 0.844506, 0.475581, 0.763972, 0.0, 0.0, 0.0, 1.0],
                [-0.725353, 0.510464, -0.461832, -5e-06, -0.630003, -0.221899, 0.744216, 0.942996, 0.277415, 0.830775, 0.482549, 0.763972, 0.0, 0.0, 0.0, 1.0],
                [-0.879871, 0.432955, -0.195901, -5e-06, -0.367876, -0.359606, 0.857526, 1.050313, 0.300823, 0.826579, 0.475681, 0.763972, 0.0, 0.0, 0.0, 1.0],
                [-0.9498, 0.289528, 0.11854, -5e-06, -0.034527, -0.473588, 0.880069, 1.152646, 0.310944, 0.831798, 0.459811, 0.763972, 0.0, 0.0, 0.0, 1.0],
                [-0.899889, 0.102832, 0.423821, -5e-06, 0.311715, -0.528002, 0.789967, 1.247955, 0.305012, 0.842995, 0.443089, 0.763972, 0.0, 0.0, 0.0, 1.0],
                [-0.746503, -0.08406, 0.66005, -5e-06, 0.600548, -0.512229, 0.613973, 1.334199, 0.286486, 0.854725, 0.432863, 0.763972, 0.0, 0.0, 0.0, 1.0],
                [-0.545794, -0.235654, 0.804099, -5e-06, 0.795596, -0.446877, 0.409058, 1.409337, 0.262937, 0.863, 0.431388, 0.763972, 0.0, 0.0, 0.0, 1.0],
                [-0.352787, -0.340489, 0.871555, -5e-06, 0.904123, -0.363991, 0.22377, 1.47133, 0.241047, 0.866936, 0.436255, 0.763972, 0.0, 0.0, 0.0, 1.0],
                [-0.199216, -0.404714, 0.89248, -5e-06, 0.953923, -0.288616, 0.082051, 1.518137, 0.224376, 0.867702, 0.443563, 0.763972, 0.0, 0.0, 0.0, 1.0],
                [-0.097304, -0.439448, 0.892982, -5e-06, 0.971923, -0.235094, -0.009786, 1.547717, 0.214235, 0.866958, 0.449985, 0.763972, 0.0, 0.0, 0.0, 1.0],
                [-0.051316, -0.453154, 0.889954, -5e-06, 0.976071, -0.211309, -0.051315, 1.558031, 0.211309, 0.866025, 0.453154, 0.763972, 0.0, 0.0, 0.0, 1.0],
                [-0.036239, -0.457257, 0.888596, -5e-06, 0.976575, -0.204927, -0.065625, 1.558031, 0.212105, 0.865402, 0.453972, 0.763972, 0.0, 0.0, 0.0, 1.0],
                [-0.024089, -0.460417, 0.887376, -5e-06, 0.976871, -0.19949, -0.076987, 1.558031, 0.212469, 0.864997, 0.454573, 0.763972, 0.0, 0.0, 0.0, 1.0],
                [-0.014512, -0.462775, 0.886357, -5e-06, 0.97706, -0.194925, -0.085775, 1.558031, 0.212468, 0.864779, 0.454988, 0.763972, 0.0, 0.0, 0.0, 1.0],
                [-0.007144, -0.464463, 0.885564, -5e-06, 0.977205, -0.191148, -0.09237, 1.558031, 0.212176, 0.864718, 0.455241, 0.763972, 0.0, 0.0, 0.0, 1.0],
                [-0.001617, -0.465602, 0.884993, -5e-06, 0.977341, -0.18806, -0.097154, 1.558031, 0.211667, 0.864782, 0.455356, 0.763972, 0.0, 0.0, 0.0, 1.0],
                [0.002441, -0.466308, 0.884619, -5e-06, 0.977479, -0.185558, -0.10051, 1.558031, 0.211017, 0.864942, 0.455353, 0.763972, 0.0, 0.0, 0.0, 1.0],
                [0.005401, -0.466687, 0.884406, -5e-06, 0.977622, -0.183533, -0.102818, 1.558031, 0.210301, 0.86517, 0.455252, 0.763972, 0.0, 0.0, 0.0, 1.0],
                [0.007633, -0.466843, 0.884307, -5e-06, 0.977758, -0.181874, -0.104455, 1.558031, 0.209596, 0.865436, 0.455072, 0.763972, 0.0, 0.0, 0.0, 1.0],
                [0.009507, -0.466877, 0.884271, -5e-06, 0.977874, -0.180469, -0.105796, 1.558031, 0.208977, 0.865712, 0.454831, 0.763972, 0.0, 0.0, 0.0, 1.0],
                [0.011388, -0.466884, 0.884245, -5e-06, 0.977952, -0.179205, -0.107216, 1.558031, 0.208519, 0.86597, 0.454549, 0.763972, 0.0, 0.0, 0.0, 1.0],
                [0.013647, -0.466961, 0.884173, -5e-06, 0.97797, -0.177971, -0.109088, 1.558031, 0.208297, 0.866183, 0.454245, 0.763972, 0.0, 0.0, 0.0, 1.0],
                [0.016653, -0.467202, 0.883994, -5e-06, 0.977905, -0.176653, -0.111786, 1.558031, 0.208387, 0.866323, 0.453938, 0.763972, 0.0, 0.0, 0.0, 1.0],
                [0.020781, -0.467702, 0.883642, -5e-06, 0.977724, -0.175135, -0.115691, 1.558031, 0.208865, 0.866362, 0.453644, 0.763972, 0.0, 0.0, 0.0, 1.0],
                [0.026415, -0.468553, 0.883041, -5e-06, 0.977385, -0.173296, -0.121191, 1.558031, 0.209812, 0.866272, 0.453379, 0.763972, 0.0, 0.0, 0.0, 1.0],
                [0.03395, -0.469846, 0.882095, -5e-06, 0.97683, -0.17101, -0.128684, 1.558031, 0.211309, 0.866025, 0.453154, 0.763972, 0.0, 0.0, 0.0, 1.0],
                [0.035713, -0.471587, 0.881096, -5e-06, 0.97664, -0.170468, -0.130825, 1.554011, 0.211894, 0.865186, 0.454482, 0.763972, 0.0, 0.0, 0.0, 1.0],
                [0.024063, -0.473728, 0.880342, -5e-06, 0.977391, -0.173889, -0.120288, 1.542344, 0.210066, 0.863333, 0.458833, 0.763972, 0.0, 0.0, 0.0, 1.0],
                [-0.001149, -0.476179, 0.879348, -5e-06, 0.978624, -0.181376, -0.096939, 1.523618, 0.205653, 0.86044, 0.466209, 0.763972, 0.0, 0.0, 0.0, 1.0],
                [-0.040821, -0.478681, 0.877039, -5e-06, 0.979313, -0.19328, -0.05991, 1.498422, 0.198192, 0.85645, 0.476669, 0.763972, 0.0, 0.0, 0.0, 1.0],
                [-0.096569, -0.480736, 0.871532, -5e-06, 0.977626, -0.210214, -0.00763, 1.467343, 0.186876, 0.851295, 0.49028, 0.763972, 0.0, 0.0, 0.0, 1.0],
                [-0.170641, -0.481463, 0.859695, -5e-06, 0.970479, -0.233049, 0.062114, 1.43097, 0.170445, 0.844915, 0.507017, 0.763972, 0.0, 0.0, 0.0, 1.0],
                [-0.265665, -0.479361, 0.836442, -5e-06, 0.952785, -0.262888, 0.151957, 1.389891, 0.147049, 0.837319, 0.526568, 0.763972, 0.0, 0.0, 0.0, 1.0],
                [-0.38388, -0.471929, 0.793674, -5e-06, 0.916307, -0.300896, 0.264278, 1.344695, 0.114093, 0.8287, 0.54794, 0.763972, 0.0, 0.0, 0.0, 1.0],
                [-0.52524, -0.455162, 0.718993, -5e-06, 0.848212, -0.347807, 0.399457, 1.295968, 0.068253, 0.819669, 0.568756, 0.763972, 0.0, 0.0, 0.0, 1.0],
                [-0.683338, -0.423127, 0.594991, -5e-06, 0.730078, -0.402738, 0.552076, 1.244301, 0.006027, 0.811644, 0.584122, 0.763972, 0.0, 0.0, 0.0, 1.0],
                [-0.83838, -0.368432, 0.401717, -5e-06, 0.539999, -0.460927, 0.704236, 1.190281, -0.0743, 0.807344, 0.585385, 0.763972, 0.0, 0.0, 0.0, 1.0],
                [-0.949931, -0.285335, 0.127337, -5e-06, 0.263163, -0.5109, 0.818368, 1.134496, -0.168453, 0.810904, 0.560409, 0.763972, 0.0, 0.0, 0.0, 1.0],
                [-0.961411, -0.176793, -0.210791, -5e-06, -0.086033, -0.534562, 0.840739, 1.077534, -0.261318, 0.826431, 0.498724, 0.763972, 0.0, 0.0, 0.0, 1.0],
                [-0.831999, -0.060719, -0.551445, -5e-06, -0.446781, -0.515927, 0.730894, 1.019985, -0.328885, 0.854478, 0.402122, 0.763972, 0.0, 0.0, 0.0, 1.0],
                [-0.578419, 0.036263, -0.814933, -5e-06, -0.735506, -0.455237, 0.501786, 0.962435, -0.352792, 0.889632, 0.289989, 0.763972, 0.0, 0.0, 0.0, 1.0],
                [-0.270509, 0.096775, -0.957841, -5e-06, -0.902834, -0.370924, 0.217498, 0.905473, -0.334238, 0.923607, 0.18771, 0.763972, 0.0, 0.0, 0.0, 1.0],
                [0.02104, 0.121426, -0.992378, -5e-06, -0.956931, -0.285027, -0.055164, 0.849688, -0.289552, 0.950797, 0.110199, 0.763972, 0.0, 0.0, 0.0, 1.0],
                [0.260014, 0.121274, -0.957959, -5e-06, -0.936315, -0.210829, -0.280829, 0.795668, -0.236023, 0.969971, 0.058732, 0.763972, 0.0, 0.0, 0.0, 1.0],
                [0.441007, 0.107861, -0.890999, -5e-06, -0.878346, -0.152152, -0.453164, 0.744001, -0.184446, 0.982454, 0.027639, 0.763972, 0.0, 0.0, 0.0, 1.0],
                [0.572834, 0.089159, -0.814808, -5e-06, -0.807719, -0.107744, -0.57964, 0.695275, -0.13947, 0.990173, 0.010296, 0.763972, 0.0, 0.0, 0.0, 1.0],
                [0.667266, 0.069665, -0.741554, -5e-06, -0.737775, -0.074789, -0.670891, 0.650078, -0.102198, 0.994763, 0.001493, 0.763972, 0.0, 0.0, 0.0, 1.0],
                [0.734516, 0.05161, -0.676625, -5e-06, -0.67474, -0.050533, -0.736324, 0.608999, -0.072194, 0.997388, -0.002295, 0.763972, 0.0, 0.0, 0.0, 1.0],
                [0.782264, 0.035966, -0.621908, -5e-06, -0.621052, -0.032778, -0.783083, 0.572626, -0.04855, 0.998815, -0.003304, 0.763972, 0.0, 0.0, 0.0, 1.0],
                [0.815923, 0.023088, -0.577699, -5e-06, -0.577363, -0.01991, -0.816245, 0.541547, -0.030348, 0.999535, -0.002915, 0.763972, 0.0, 0.0, 0.0, 1.0],
                [0.839176, 0.013055, -0.543703, -5e-06, -0.543599, -0.010802, -0.839276, 0.516351, -0.01683, 0.999856, -0.001969, 0.763972, 0.0, 0.0, 0.0, 1.0],
                [0.854433, 0.005855, -0.519529, -5e-06, -0.519508, -0.004707, -0.854453, 0.497625, -0.007449, 0.999972, -0.00098, 0.763972, 0.0, 0.0, 0.0, 1.0],
                [0.863153, 0.001485, -0.50494, -5e-06, -0.504939, -0.001173, -0.863154, 0.485958, -0.001874, 0.999998, -0.000263, 0.763972, 0.0, 0.0, 0.0, 1.0],
                [0.866025, 0.0, -0.5, -5e-06, -0.5, 0.0, -0.866025, 0.481939, 0.0, 1.0, 0.0, 0.763972, 0.0, 0.0, 0.0, 1.0]
            ]
        },
        {
            "name": "Thigh_R",
            "time": [0.0, 0.0167, 0.0333, 0.05, 0.0667, 0.0833, 0.1, 0.1167, 0.1333, 0.15, 0.1667, 0.1833, 0.2, 0.2167, 0.2333, 0.25, 0.2667, 0.2833, 0.3, 0.3167, 0.3333, 0.35, 0.3667, 0.3833, 0.4, 0.4167, 0.4333, 0.45, 0.4667, 0.4833, 0.5, 0.5167, 0.5333, 0.55, 0.5667, 0.5833, 0.6, 0.6167, 0.6333, 0.65, 0.6667, 0.6833, 0.7, 0.7167, 0.7333, 0.75, 0.7667, 0.7833, 0.8, 0.8167, 0.8333, 0.85, 0.8667, 0.8833, 0.9, 0.9167, 0.9333, 0.95, 0.9667, 0.9833, 1.0, 1.0167, 1.0333, 1.05, 1.0667],
            "transform": [
                [0.884857, 0.230536, -0.404824, 0.124994, 0.127213, -0.955519, -0.266082, -0.002831, -0.448158, 0.183946, -0.874825, -1.2e-05, 0.0, 0.0, 0.0, 1.0],
                [0.884865, 0.231843, -0.404057, 0.124994, 0.125871, -0.954088, -0.271793, -0.002831, -0.44852, 0.189642, -0.873422, -1.2e-05, 0.0, 0.0, 0.0, 1.0],
                [0.884771, 0.23562, -0.402075, 0.124994, 0.123016, -0.950252, -0.28616, -0.002831, -0.449498, 0.203724, -0.86974, -1.2e-05, 0.0, 0.0, 0.0, 1.0],
                [0.884389, 0.241648, -0.399328, 0.124994, 0.120396, -0.944701, -0.305032, -0.002831, -0.450956, 0.221689, -0.864577, -1.2e-05, 0.0, 0.0, 0.0, 1.0],
                [0.883513, 0.24974, -0.396276, 0.124994, 0.119755, -0.938325, -0.324351, -0.002831, -0.452839, 0.239112, -0.858931, -1.2e-05, 0.0, 0.0, 0.0, 1.0],
                [0.881892, 0.259767, -0.39343, 0.124994, 0.122846, -0.932296, -0.340196, -0.002831, -0.455165, 0.251685, -0.854096, -1.2e-05, 0.0, 0.0, 0.0, 1.0],
                [0.87921, 0.271653, -0.391402, 0.124994, 0.131463, -0.927953, -0.348742, -0.002831, -0.457939, 0.255163, -0.851577, -1.2e-05, 0.0, 0.0, 0.0, 1.0],
                [0.876386, 0.292712, -0.38245, 0.124994, 0.157809, -0.924799, -0.346183, -0.002831, -0.455021, 0.243036, -0.856673, -1.2e-05, 0.0, 0.0, 0.0, 1.0],
                [0.873004, 0.329267, -0.359786, 0.124994, 0.210441, -0.919808, -0.33116, -0.002831, -0.439975, 0.21339, -0.872288, -1.2e-05, 0.0, 0.0, 0.0, 1.0],
                [0.865739, 0.380003, -0.325721, 0.124994, 0.285324, -0.909409, -0.302598, -0.002831, -0.411202, 0.169035, -0.895734, -1.2e-05, 0.0, 0.0, 0.0, 1.0],
                [0.850507, 0.44327, -0.283107, 0.124994, 0.377224, -0.889179, -0.258965, -0.002831, -0.366524, 0.113457, -0.923465, -1.2e-05, 0.0, 0.0, 0.0, 1.0],
                [0.823293, 0.516407, -0.235611, 0.124994, 0.479141, -0.854811, -0.199303, -0.002831, -0.304324, 0.051194, -0.951192, -1.2e-05, 0.0, 0.0, 0.0, 1.0],
                [0.781227, 0.595375, -0.18765, 0.124994, 0.582388, -0.803355, -0.124273, -0.002831, -0.224738, -0.012199, -0.974343, -1.2e-05, 0.0, 0.0, 0.0, 1.0],
                [0.723713, 0.674941, -0.143854, 0.124994, 0.677643, -0.734466, -0.036861, -0.002831, -0.130535, -0.070805, -0.988912, -1.2e-05, 0.0, 0.0, 0.0, 1.0],
                [0.653076, 0.74953, -0.108149, 0.124994, 0.756804, -0.651095, 0.057653, -0.002831, -0.027203, -0.119499, -0.992462, -1.2e-05, 0.0, 0.0, 0.0, 1.0],
                [0.574322, 0.814429, -0.082827, 0.124994, 0.814907, -0.559138, 0.152613, -0.002831, 0.077981, -0.155146, -0.984809, -1.2e-05, 0.0, 0.0, 0.0, 1.0],
                [0.493997, 0.866793, -0.068098, 0.124994, 0.851146, -0.466112, 0.241431, -0.002831, 0.17753, -0.177228, -0.968026, -1.2e-05, 0.0, 0.0, 0.0, 1.0],
                [0.41873, 0.905971, -0.062304, 0.124994, 0.86852, -0.379494, 0.318837, -0.002831, 0.265213, -0.187619, -0.945759, -1.2e-05, 0.0, 0.0, 0.0, 1.0],
                [0.354135, 0.933095, -0.062634, 0.124994, 0.872456, -0.305519, 0.381416, -0.002831, 0.336762, -0.189719, -0.922279, -1.2e-05, 0.0, 0.0, 0.0, 1.0],
                [0.304432, 0.950249, -0.065936, 0.124994, 0.869168, -0.248802, 0.427369, -0.002831, 0.389702, -0.187414, -0.90167, -1.2e-05, 0.0, 0.0, 0.0, 1.0],
                [0.272714, 0.959591, -0.069364, 0.124994, 0.864319, -0.212693, 0.455757, -0.002831, 0.422587, -0.184244, -0.887397, -1.2e-05, 0.0, 0.0, 0.0, 1.0],
                [0.261561, 0.962586, -0.070809, 0.124994, 0.862109, -0.20001, 0.465579, -0.002831, 0.433998, -0.182822, -0.882169, -1.2e-05, 0.0, 0.0, 0.0, 1.0],
                [0.261561, 0.962586, -0.070809, 0.124994, 0.862109, -0.20001, 0.465579, -0.002831, 0.433998, -0.182822, -0.882169, -1.2e-05, 0.0, 0.0, 0.0, 1.0],
                [0.261561, 0.962586, -0.070809, 0.124994, 0.862109, -0.20001, 0.465579, -0.002831, 0.433998, -0.182822, -0.882169, -1.2e-05, 0.0, 0.0, 0.0, 1.0],
                [0.261561, 0.962586, -0.070809, 0.124994, 0.862109, -0.20001, 0.465579, -0.002831, 0.433998, -0.182822, -0.882169, -1.2e-05, 0.0, 0.0, 0.0, 1.0],
                [0.261561, 0.962586, -0.070809, 0.124994, 0.862109, -0.20001, 0.465579, -0.002831, 0.433998, -0.182822, -0.882169, -1.2e-05, 0.0, 0.0, 0.0, 1.0],
                [0.261561, 0.962586, -0.070809, 0.124994, 0.862109, -0.20001, 0.465579, -0.002831, 0.433998, -0.182822, -0.882169, -1.2e-05, 0.0, 0.0, 0.0, 1.0],
                [0.261561, 0.962586, -0.070809, 0.124994, 0.862109, -0.20001, 0.465579, -0.002831, 0.433998, -0.182822, -0.882169, -1.2e-05, 0.0, 0.0, 0.0, 1.0],
                [0.261561, 0.962586, -0.070809, 0.124994, 0.862109, -0.20001, 0.465579, -0.002831, 0.433998, -0.182822, -0.882169, -1.2e-05, 0.0, 0.0, 0.0, 1.0],
                [0.261561, 0.962586, -0.070809, 0.124994, 0.862109, -0.20001, 0.465579, -0.002831, 0.433998, -0.182822, -0.882169, -1.2e-05, 0.0, 0.0, 0.0, 1.0],
                [0.261561, 0.962586, -0.070809, 0.124994, 0.862109, -0.20001, 0.465579, -0.002831, 0.433998, -0.182822, -0.882169, -1.2e-05, 0.0, 0.0, 0.0, 1.0],
                [0.261561, 0.962586, -0.070809, 0.124994, 0.862109, -0.20001, 0.465579, -0.002831, 0.433998, -0.182822, -0.882169, -1.2e-05, 0.0, 0.0, 0.0, 1.0],
                [0.261561, 0.962586, -0.070809, 0.124994, 0.862109, -0.20001, 0.465579, -0.002831, 0.433998, -0.182822, -0.882169, -1.2e-05, 0.0, 0.0, 0.0, 1.0],
                [0.261561, 0.962586, -0.070809, 0.124994, 0.862109, -0.20001, 0.465579, -0.002831, 0.433998, -0.182822, -0.882169, -1.2e-05, 0.0, 0.0, 0.0, 1.0],
                [0.261561, 0.962586, -0.070809, 0.124994, 0.862109, -0.20001, 0.465579, -0.002831, 0.433998, -0.182822, -0.882169, -1.2e-05, 0.0, 0.0, 0.0, 1.0],
                [0.261561, 0.962586, -0.070809, 0.124994, 0.862109, -0.20001, 0.465579, -0.002831, 0.433998, -0.182822, -0.882169, -1.2e-05, 0.0, 0.0, 0.0, 1.0],
                [0.261561, 0.962586, -0.070809, 0.124994, 0.862109, -0.20001, 0.465579, -0.002831, 0.433998, -0.182822, -0.882169, -1.2e-05, 0.0, 0.0, 0.0, 1.0],
                [0.265026, 0.961808, -0.068453, 0.124994, 0.861528, -0.204314, 0.464785, -0.002831, 0.433048, -0.182155, -0.882774, -1.2e-05, 0.0, 0.0, 0.0, 1.0],
                [0.275099, 0.959439, -0.061616, 0.124994, 0.859747, -0.216818, 0.462413, -0.002831, 0.430297, -0.180184, -0.884521, -1.2e-05, 0.0, 0.0, 0.0, 1.0],
                [0.291312, 0.955287, -0.050642, 0.124994, 0.85659, -0.236914, 0.458394, -0.002831, 0.4259, -0.176916, -0.887305, -1.2e-05, 0.0, 0.0, 0.0, 1.0],
                [0.3132, 0.949009, -0.035888, 0.124994, 0.851755, -0.263989, 0.452573, -0.002831, 0.420022, -0.172314, -0.891005, -1.2e-05, 0.0, 0.0, 0.0, 1.0],
                [0.340274, 0.940159, -0.017736, 0.124994, 0.84485, -0.297389, 0.444733, -0.002831, 0.412845, -0.166315, -0.895488, -1.2e-05, 0.0, 0.0, 0.0, 1.0],
                [0.372001, 0.928226, 0.003396, 0.124994, 0.835426, -0.3364, 0.434625, -0.002831, 0.404572, -0.158844, -0.900605, -1.2e-05, 0.0, 0.0, 0.0, 1.0],
                [0.407781, 0.91268, 0.027038, 0.124994, 0.823015, -0.380221, 0.421993, -0.002831, 0.395425, -0.149828, -0.906196, -1.2e-05, 0.0, 0.0, 0.0, 1.0],
                [0.446931, 0.893016, 0.05267, 0.124994, 0.807173, -0.42795, 0.406608, -0.002831, 0.385648, -0.139212, -0.912083, -1.2e-05, 0.0, 0.0, 0.0, 1.0],
                [0.488683, 0.868812, 0.079713, 0.124994, 0.787518, -0.478584, 0.388294, -0.002831, 0.375504, -0.126977, -0.918081, -1.2e-05, 0.0, 0.0, 0.0, 1.0],
                [0.532185, 0.83977, 0.107546, 0.124994, 0.763778, -0.531022, 0.366957, -0.002831, 0.365269, -0.113148, -0.924, -1.2e-05, 0.0, 0.0, 0.0, 1.0],
                [0.576522, 0.805765, 0.135516, 0.124994, 0.735825, -0.584103, 0.342614, -0.002831, 0.355222, -0.097809, -0.929651, -1.2e-05, 0.0, 0.0, 0.0, 1.0],
                [0.620748, 0.766885, 0.16297, 0.124994, 0.703711, -0.636639, 0.315407, -0.002831, 0.345634, -0.081105, -0.934858, -1.2e-05, 0.0, 0.0, 0.0, 1.0],
                [0.663926, 0.723447, 0.189279, 0.124994, 0.667683, -0.687476, 0.285615, -0.002831, 0.336752, -0.063249, -0.939467, -1.2e-05, 0.0, 0.0, 0.0, 1.0],
                [0.705177, 0.676003, 0.21388, 0.124994, 0.628192, -0.735553, 0.253647, -0.002831, 0.328786, -0.044508, -0.943355, -1.2e-05, 0.0, 0.0, 0.0, 1.0],
                [0.743731, 0.625321, 0.236301, 0.124994, 0.585874, -0.77996, 0.22003, -0.002831, 0.321895, -0.025201, -0.94644, -1.2e-05, 0.0, 0.0, 0.0, 1.0],
                [0.778964, 0.572346, 0.256192, 0.124994, 0.541521, -0.819992, 0.185384, -0.002831, 0.316179, -0.005674, -0.948682, -1.2e-05, 0.0, 0.0, 0.0, 1.0],
                [0.810434, 0.518153, 0.273339, 0.124994, 0.49604, -0.855178, 0.150384, -0.002831, 0.311675, 0.013711, -0.95009, -1.2e-05, 0.0, 0.0, 0.0, 1.0],
                [0.837889, 0.463883, 0.28767, 0.124994, 0.450397, -0.885296, 0.115727, -0.002831, 0.308356, 0.032599, -0.950712, -1.2e-05, 0.0, 0.0, 0.0, 1.0],
                [0.861271, 0.410687, 0.299246, 0.124994, 0.405574, -0.910368, 0.082098, -0.002831, 0.30614, 0.050658, -0.950638, -1.2e-05, 0.0, 0.0, 0.0, 1.0],
                [0.880692, 0.359675, 0.308246, 0.124994, 0.362519, -0.930627, 0.05014, -0.002831, 0.304896, 0.067587, -0.949985, -1.2e-05, 0.0, 0.0, 0.0, 1.0],
                [0.896407, 0.311877, 0.314941, 0.124994, 0.322118, -0.946479, 0.020436, -0.002831, 0.304459, 0.083129, -0.948891, -1.2e-05, 0.0, 0.0, 0.0, 1.0],
                [0.908773, 0.268224, 0.319667, 0.124994, 0.285173, -0.958454, -0.0065, -0.002831, 0.304643, 0.097068, -0.947508, -1.2e-05, 0.0, 0.0, 0.0, 1.0],
                [0.918214, 0.229538, 0.322792, 0.124994, 0.252396, -0.967152, -0.030224, -0.002831, 0.305251, 0.109224, -0.945987, -1.2e-05, 0.0, 0.0, 0.0, 1.0],
                [0.925174, 0.196541, 0.324692, 0.124994, 0.224413, -0.973192, -0.050353, -0.002831, 0.306092, 0.119451, -0.944478, -1.2e-05, 0.0, 0.0, 0.0, 1.0],
                [0.930078, 0.169875, 0.325725, 0.124994, 0.201782, -0.977167, -0.06655, -0.002831, 0.306982, 0.127622, -0.94312, -1.2e-05, 0.0, 0.0, 0.0, 1.0],
                [0.933302, 0.150129, 0.326203, 0.124994, 0.185014, -0.979595, -0.078505, -0.002831, 0.307761, 0.133621, -0.942034, -1.2e-05, 0.0, 0.0, 0.0, 1.0],
                [0.935131, 0.137863, 0.326379, 0.124994, 0.174594, -0.980885, -0.085914, -0.002831, 0.308296, 0.137325, -0.941326, -1.2e-05, 0.0, 0.0, 0.0, 1.0],
                [0.93573, 0.133644, 0.326418, 0.124994, 0.17101, -0.98129, -0.08846, -0.002831, 0.308489, 0.138595, -0.941077, -1.2e-05, 0.0, 0.0, 0.0, 1.0]
            ]
        },
        {
            "name": "Leg_R",
            "time": [0.0, 0.0167, 0.0333, 0.05, 0.0667, 0.0833, 0.1, 0.1167, 0.1333, 0.15, 0.1667, 0.1833, 0.2, 0.2167, 0.2333, 0.25, 0.2667, 0.2833, 0.3, 0.3167, 0.3333, 0.35, 0.3667, 0.3833, 0.4, 0.4167, 0.4333, 0.45, 0.4667, 0.4833, 0.5, 0.5167, 0.5333, 0.55, 0.5667, 0.5833, 0.6, 0.6167, 0.6333, 0.65, 0.6667, 0.6833, 0.7, 0.7167, 0.7333, 0.75, 0.7667, 0.7833, 0.8, 0.8167, 0.8333, 0.85, 0.8667, 0.8833, 0.9, 0.9167, 0.9333, 0.95, 0.9667, 0.9833, 1.0, 1.0167, 1.0333, 1.05, 1.0667],
            "transform": [
                [0.999709, 0.021639, -0.010631, -0.0, -0.013457, 0.866713, 0.498625, 0.37472, 0.020004, -0.498337, 0.866752, 0.0, 0.0, 0.0, 0.0, 1.0],
                [0.999709, 0.021639, -0.010631, -0.0, -0.013457, 0.866713, 0.498626, 0.37472, 0.020004, -0.498337, 0.866753, -0.0, 0.0, 0.0, 0.0, 1.0],
                [0.999709, 0.021639, -0.010631, -0.0, -0.013457, 0.866713, 0.498625, 0.37472, 0.020004, -0.498337, 0.866752, 0.0, 0.0, 0.0, 0.0, 1.0],
                [0.999709, 0.021639, -0.010631, -0.0, -0.013457, 0.866713, 0.498625, 0.37472, 0.020004, -0.498338, 0.866752, 0.0, 0.0, 0.0, 0.0, 1.0],
                [0.999709, 0.021639, -0.010631, 0.0, -0.013457, 0.866713, 0.498625, 0.37472, 0.020004, -0.498337, 0.866752, 0.0, 0.0, 0.0, 0.0, 1.0],
                [0.999709, 0.021639, -0.010631, 0.0, -0.013457, 0.866713, 0.498625, 0.37472, 0.020004, -0.498337, 0.866752, 0.0, 0.0, 0.0, 0.0, 1.0],
                [0.999709, 0.021639, -0.010631, -0.0, -0.013457, 0.866713, 0.498625, 0.37472, 0.020004, -0.498337, 0.866753, -0.0, 0.0, 0.0, 0.0, 1.0],
                [0.999709, 0.021639, -0.010631, 0.0, -0.013457, 0.866713, 0.498625, 0.37472, 0.020004, -0.498337, 0.866752, -0.0, 0.0, 0.0, 0.0, 1.0],
                [0.999709, 0.021639, -0.010631, 0.0, -0.013457, 0.866713, 0.498625, 0.37472, 0.020004, -0.498337, 0.866752, -0.0, 0.0, 0.0, 0.0, 1.0],
                [0.999709, 0.021639, -0.010631, 0.0, -0.013457, 0.866713, 0.498626, 0.37472, 0.020004, -0.498337, 0.866752, 0.0, 0.0, 0.0, 0.0, 1.0],
                [0.999709, 0.021639, -0.010631, 0.0, -0.013458, 0.866713, 0.498626, 0.37472, 0.020004, -0.498337, 0.866752, -0.0, 0.0, 0.0, 0.0, 1.0],
                [0.999709, 0.021639, -0.010631, 0.0, -0.013457, 0.866713, 0.498625, 0.37472, 0.020004, -0.498337, 0.866752, -0.0, 0.0, 0.0, 0.0, 1.0],
                [0.999709, 0.021639, -0.010631, 0.0, -0.013457, 0.866713, 0.498626, 0.37472, 0.020004, -0.498337, 0.866753, -0.0, 0.0, 0.0, 0.0, 1.0],
                [0.999709, 0.021639, -0.010631, -0.0, -0.013457, 0.866713, 0.498625, 0.37472, 0.020004, -0.498337, 0.866752, -0.0, 0.0, 0.0, 0.0, 1.0],
                [0.999709, 0.021639, -0.010631, -0.0, -0.013458, 0.866713, 0.498625, 0.37472, 0.020004, -0.498337, 0.866752, 0.0, 0.0, 0.0, 0.0, 1.0],
                [0.999709, 0.021639, -0.010631, 0.0, -0.013457, 0.866713, 0.498625, 0.37472, 0.020004, -0.498337, 0.866752, 0.0, 0.0, 0.0, 0.0, 1.0],
                [0.999709, 0.021639, -0.010631, 0.0, -0.013457, 0.866713, 0.498625, 0.37472, 0.020004, -0.498338, 0.866752, 0.0, 0.0, 0.0, 0.0, 1.0],
                [0.999709, 0.021639, -0.010631, -0.0, -0.013458, 0.866713, 0.498625, 0.37472, 0.020004, -0.498337, 0.866752, -0.0, 0.0, 0.0, 0.0, 1.0],
                [0.999709, 0.021639, -0.010631, -0.0, -0.013457, 0.866713, 0.498625, 0.37472, 0.020004, -0.498337, 0.866752, -0.0, 0.0, 0.0, 0.0, 1.0],
                [0.999709, 0.021639, -0.010631, 0.0, -0.013457, 0.866713, 0.498625, 0.37472, 0.020004, -0.498337, 0.866752, 0.0, 0.0, 0.0, 0.0, 1.0],
                [0.999709, 0.021639, -0.010631, 0.0, -0.013457, 0.866713, 0.498625, 0.37472, 0.020004, -0.498337, 0.866752, 0.0, 0.0, 0.0, 0.0, 1.0],
                [0.999709, 0.021639, -0.010631, -0.0, -0.013457, 0.866713, 0.498625, 0.37472, 0.020004, -0.498337, 0.866752, -0.0, 0.0, 0.0, 0.0, 1.0],
                [0.999709, 0.021639, -0.010631, 0.0, -0.013457, 0.866713, 0.498625, 0.37472, 0.020004, -0.498337, 0.866752, 0.0, 0.0, 0.0, 0.0, 1.0],
                [0.999709, 0.021639, -0.010631, -0.0, -0.013457, 0.866713, 0.498625, 0.37472, 0.020004, -0.498337, 0.866752, -0.0, 0.0, 0.0, 0.0, 1.0],
                [0.999709, 0.021639, -0.010631, -0.0, -0.013457, 0.866713, 0.498625, 0.37472, 0.020004, -0.498337, 0.866752, 0.0, 0.0, 0.0, 0.0, 1.0],
                [0.999709, 0.021639, -0.010631, 0.0, -0.013457, 0.866713, 0.498625, 0.37472, 0.020004, -0.498337, 0.866752, -0.0, 0.0, 0.0, 0.0, 1.0],
                [0.999709, 0.021639, -0.010631, -0.0, -0.013457, 0.866713, 0.498625, 0.37472, 0.020004, -0.498337, 0.866752, -0.0, 0.0, 0.0, 0.0, 1.0],
                [0.999709, 0.021639, -0.010631, -0.0, -0.013457, 0.866713, 0.498625, 0.37472, 0.020004, -0.498337, 0.866753, -0.0, 0.0, 0.0, 0.0, 1.0],
                [0.999709, 0.021639, -0.010631, -0.0, -0.013457, 0.866713, 0.498625, 0.37472, 0.020004, -0.498337, 0.866752, -0.0, 0.0, 0.0, 0.0, 1.0],
                [0.999709, 0.021639, -0.010631, 0.0, -0.013457, 0.866713, 0.498625, 0.37472, 0.020004, -0.498337, 0.866752, 0.0, 0.0, 0.0, 0.0, 1.0],
                [0.999709, 0.021639, -0.010631, -0.0, -0.013457, 0.866713, 0.498625, 0.37472, 0.020004, -0.498337, 0.866752, 0.0, 0.0, 0.0, 0.0, 1.0],
                [0.999709, 0.021639, -0.010631, -0.0, -0.013457, 0.866713, 0.498625, 0.37472, 0.020004, -0.498337, 0.866752, -0.0, 0.0, 0.0, 0.0, 1.0],
                [0.999709, 0.021639, -0.010631, 0.0, -0.013457, 0.866713, 0.498625, 0.37472, 0.020004, -0.498337, 0.866752, 0.0, 0.0, 0.0, 0.0, 1.0],
                [0.999709, 0.021639, -0.010631, 0.0, -0.013457, 0.866713, 0.498625, 0.37472, 0.020004, -0.498337, 0.866752, -0.0, 0.0, 0.0, 0.0, 1.0],
                [0.999709, 0.021639, -0.010631, 0.0, -0.013457, 0.866713, 0.498625, 0.37472, 0.020004, -0.498337, 0.866752, -0.0, 0.0, 0.0, 0.0, 1.0],
                [0.999709, 0.021639, -0.010631, -0.0, -0.013457, 0.866713, 0.498625, 0.37472, 0.020004, -0.498337, 0.866752, 0.0, 0.0, 0.0, 0.0, 1.0],
                [0.999709, 0.021639, -0.010631, -0.0, -0.013457, 0.866713, 0.498625, 0.37472, 0.020004, -0.498337, 0.866752, -0.0, 0.0, 0.0, 0.0, 1.0],
                [0.999711, 0.021555, -0.010598, -0.0, -0.013414, 0.867036, 0.498066, 0.37472, 0.019925, -0.49778, 0.867074, 0.0, 0.0, 0.0, 0.0, 1.0],
                [0.999718, 0.021311, -0.010503, 0.0, -0.013287, 0.867969, 0.49644, 0.37472, 0.019696, -0.49616, 0.868007, 0.0, 0.0, 0.0, 0.0, 1.0],
                [0.999728, 0.020921, -0.01035, -0.0, -0.013082, 0.869462, 0.493827, 0.37472, 0.01933, -0.493557, 0.869499, -0.0, 0.0, 0.0, 0.0, 1.0],
                [0.999741, 0.020396, -0.010142, 0.0, -0.012805, 0.871458, 0.490304, 0.37472, 0.018838, -0.490046, 0.871493, 0.0, 0.0, 0.0, 0.0, 1.0],
                [0.999756, 0.01975, -0.009882, 0.0, -0.01246, 0.8739, 0.485946, 0.37472, 0.018233, -0.485704, 0.873933, 0.0, 0.0, 0.0, 0.0, 1.0],
                [0.999774, 0.018995, -0.009574, -0.0, -0.012053, 0.876731, 0.480829, 0.37472, 0.017527, -0.480605, 0.876762, -0.0, 0.0, 0.0, 0.0, 1.0],
                [0.999793, 0.018144, -0.00922, 0.0, -0.011588, 0.879893, 0.47503, 0.37472, 0.016732, -0.474825, 0.879921, 0.0, 0.0, 0.0, 0.0, 1.0],
                [0.999813, 0.017211, -0.008825, -0.0, -0.01107, 0.883328, 0.468625, 0.37472, 0.015861, -0.468439, 0.883353, 0.0, 0.0, 0.0, 0.0, 1.0],
                [0.999833, 0.016208, -0.008391, -0.0, -0.010504, 0.886979, 0.46169, 0.37472, 0.014925, -0.461525, 0.887002, 0.0, 0.0, 0.0, 0.0, 1.0],
                [0.999854, 0.015148, -0.007922, -0.0, -0.009896, 0.890791, 0.454305, 0.37472, 0.013938, -0.45416, 0.890811, 0.0, 0.0, 0.0, 0.0, 1.0],
                [0.999874, 0.014044, -0.007422, 0.0, -0.009252, 0.894711, 0.446549, 0.37472, 0.012912, -0.446424, 0.894728, -0.0, 0.0, 0.0, 0.0, 1.0],
                [0.999893, 0.012908, -0.006896, -0.0, -0.008577, 0.898688, 0.438504, 0.37472, 0.011857, -0.438398, 0.898703, -0.0, 0.0, 0.0, 0.0, 1.0],
                [0.999911, 0.011752, -0.006348, -0.0, -0.007878, 0.902674, 0.430253, 0.37472, 0.010786, -0.430165, 0.902686, -0.0, 0.0, 0.0, 0.0, 1.0],
                [0.999927, 0.01059, -0.005783, 0.0, -0.007162, 0.906624, 0.42188, 0.37472, 0.009711, -0.421807, 0.906633, 0.0, 0.0, 0.0, 0.0, 1.0],
                [0.999942, 0.009434, -0.005208, 0.0, -0.006436, 0.910495, 0.413471, 0.37472, 0.008643, -0.413413, 0.910502, -0.0, 0.0, 0.0, 0.0, 1.0],
                [0.999955, 0.008294, -0.004629, -0.0, -0.005708, 0.914248, 0.405114, 0.37472, 0.007592, -0.405069, 0.914255, -0.0, 0.0, 0.0, 0.0, 1.0],
                [0.999966, 0.007183, -0.004051, -0.0, -0.004985, 0.917849, 0.396898, 0.37472, 0.006569, -0.396864, 0.917854, -0.0, 0.0, 0.0, 0.0, 1.0],
                [0.999975, 0.006112, -0.003482, 0.0, -0.004277, 0.921265, 0.388912, 0.37472, 0.005585, -0.388888, 0.921268, 0.0, 0.0, 0.0, 0.0, 1.0],
                [0.999983, 0.005093, -0.002929, -0.0, -0.003592, 0.924465, 0.381249, 0.37472, 0.00465, -0.381232, 0.924468, -0.0, 0.0, 0.0, 0.0, 1.0],
                [0.999988, 0.004137, -0.002401, 0.0, -0.002939, 0.927424, 0.373999, 0.37472, 0.003773, -0.373988, 0.927426, -0.0, 0.0, 0.0, 0.0, 1.0],
                [0.999993, 0.003253, -0.001903, -0.0, -0.002327, 0.930117, 0.367256, 0.37472, 0.002965, -0.367249, 0.930118, 0.0, 0.0, 0.0, 0.0, 1.0],
                [0.999996, 0.002453, -0.001446, -0.0, -0.001766, 0.932521, 0.361112, 0.37472, 0.002234, -0.361108, 0.932521, 0.0, 0.0, 0.0, 0.0, 1.0],
                [0.999998, 0.001748, -0.001037, 0.0, -0.001265, 0.934615, 0.35566, 0.37472, 0.001591, -0.355658, 0.934615, 0.0, 0.0, 0.0, 0.0, 1.0],
                [0.999999, 0.001147, -0.000684, 0.0, -0.000834, 0.936378, 0.350993, 0.37472, 0.001043, -0.350992, 0.936378, -0.0, 0.0, 0.0, 0.0, 1.0],
                [1.0, 0.000661, -0.000396, 0.0, -0.000483, 0.93779, 0.347204, 0.37472, 0.000601, -0.347203, 0.93779, -0.0, 0.0, 0.0, 0.0, 1.0],
                [1.0, 0.000301, -0.00018, 0.0, -0.000221, 0.938829, 0.344384, 0.37472, 0.000273, -0.344384, 0.938829, -0.0, 0.0, 0.0, 0.0, 1.0],
                [1.0, 7.7e-05, -4.6e-05, 0.0, -5.7e-05, 0.939472, 0.342626, 0.37472, 6.9e-05, -0.342626, 0.939472, -0.0, 0.0, 0.0, 0.0, 1.0],
                [1.0, 0.0, 1e-06, -0.0, -0.0, 0.939693, 0.342021, 0.37472, -1e-06, -0.342021, 0.939693, 0.0, 0.0, 0.0, 0.0, 1.0]
            ]
        },
        {
            "name": "Knee_R",
