{
    "armature": {
        "joints": ["Root", "Thigh_R", "Leg_R", "Knee_R", "Thigh_L", "Leg_L", "Knee_L", "Torso", "Chest", "Head", "Shoulder_R", "Arm_R", "Hand_R", "Tool_R", "Elbow_R", "Shoulder_L", "Arm_L", "Hand_L", "Tool_L", "Elbow_L"],
        "hierarchy": [
            {
                "name": "Root",
                "transform": [1.0, 0.0, 0.0, -5e-06, 0.0, 0.0, -1.0, 0.000946, 0.0, 1.0, 0.0, 0.763972, 0.0, 0.0, 0.0, 1.0],
                "children": [
                    {
                        "name": "Thigh_R",
                        "transform": [1.0, -0.0, -0.0, 0.124994, -0.0, -1.0, 0.0, -0.002831, -0.0, -0.0, -1.0, -1.2e-05, 0.0, 0.0, 0.0, 1.0],
                        "children": [
                            {
                                "name": "Leg_R",
                                "transform": [1.0, 0.0, 1e-06, 0.0, -0.0, 1.0, 0.0, 0.37472, -1e-06, -0.0, 1.0, -0.0, 0.0, 0.0, 0.0, 1.0],
                                "children": []
                            },
                            {
                                "name": "Knee_R",
                                "transform": [1.0, 0.0, -0.0, 0.0, -0.0, 0.0, -1.0, 0.37472, -0.0, 1.0, 0.0, -0.0, 0.0, 0.0, 0.0, 1.0],
                                "children": []
                            }
                        ]
                    },
                    {
                        "name": "Thigh_L",
                        "transform": [1.0, -0.0, -0.0, -0.125006, -0.0, -1.0, 0.0, -0.002831, -0.0, -0.0, -1.0, -1.2e-05, 0.0, 0.0, 0.0, 1.0],
                        "children": [
                            {
                                "name": "Leg_L",
                                "transform": [1.0, 0.0, 1e-06, -0.0, -0.0, 1.0, 0.0, 0.37472, -1e-06, -0.0, 1.0, 0.0, 0.0, 0.0, 0.0, 1.0],
                                "children": []
                            },
                            {
                                "name": "Knee_L",
                                "transform": [1.0, 0.0, -0.0, -0.0, -0.0, 0.0, -1.0, 0.37472, -0.0, 1.0, 0.0, 0.0, 0.0, 0.0, 0.0, 1.0],
                                "children": []
                            }
                        ]
                    },
                    {
                        "name": "Torso",
                        "transform": [1.0, 0.0, 0.0, 0.0, 0.0, 1.0, 0.0, 0.05, 0.0, 0.0, 1.0, 0.0, 0.0, 0.0, 0.0, 1.0],
                        "children": [
                            {
                                "name": "Chest",
                                "transform": [1.0, 0.0, 0.0, 0.0, 0.0, 1.0, 0.0, 0.3, 0.0, 0.0, 1.0, 0.0, 0.0, 0.0, 0.0, 1.0],
                                "children": [
                                    {
                                        "name": "Head",
                                        "transform": [1.0, 0.0, 0.0, 0.0, 0.0, 1.0, 0.0, 0.4, 0.0, 0.0, 1.0, 0.0, 0.0, 0.0, 0.0, 1.0],
                                        "children": []
                                    },
                                    {
                                        "name": "Shoulder_R",
                                        "transform": [0.0, 0.952114, 0.305743, 0.0, 0.0, -0.305743, 0.952114, 0.4, 1.0, 0.0, -0.0, 0.0, 0.0, 0.0, 0.0, 1.0],
                                        "children": [
                                            {
                                                "name": "Arm_R",
                                                "transform": [0.0, -0.0, -1.0, -0.0, 0.952114, 0.305743, 0.0, 0.39386, 0.305743, -0.952114, 0.0, 0.0, 0.0, 0.0, 0.0, 1.0],
                                                "children": [
                                                    {
                                                        "name": "Hand_R",
                                                        "transform": [1.0, 0.0, 0.0, 0.0, -0.0, 0.993938, 0.109947, 0.3, -0.0, -0.109947, 0.993937, 0.0, 0.0, 0.0, 0.0, 1.0],
                                                        "children": [
                                                            {
                                                                "name": "Tool_R",
                                                                "transform": [1.0, 0.0, 0.0, -0.0, 0.0, -0.999836, 0.018122, 0.272858, 0.0, -0.018122, -0.999836, 0.0, 0.0, 0.0, 0.0, 1.0],
                                                                "children": []
                                                            }
                                                        ]
                                                    },
                                                    {
                                                        "name": "Elbow_R",
                                                        "transform": [-1.0, 0.0, -0.0, 0.0, 0.0, 0.0, -1.0, 0.3, -0.0, -1.0, -0.0, 0.0, 0.0, 0.0, 0.0, 1.0],
                                                        "children": []
                                                    }
                                                ]
                                            }
                                        ]
                                    },
                                    {
                                        "name": "Shoulder_L",
                                        "transform": [-0.0, -0.952114, -0.305743, 0.0, 0.0, -0.305743, 0.952114, 0.4, -1.0, 0.0, 0.0, 0.0, 0.0, 0.0, 0.0, 1.0],
                                        "children": [
                                            {
                                                "name": "Arm_L",
                                                "transform": [-0.0, -0.0, 1.0, -0.0, -0.952114, 0.305743, -0.0, 0.39386, -0.305743, -0.952114, -0.0, 0.0, 0.0, 0.0, 0.0, 1.0],
                                                "children": [
                                                    {
                                                        "name": "Hand_L",
                                                        "transform": [1.0, -0.0, 0.0, -0.0, 0.0, 0.993937, 0.109947, 0.3, -0.0, -0.109947, 0.993937, 0.0, 0.0, 0.0, 0.0, 1.0],
                                                        "children": [
                                                            {
                                                                "name": "Tool_L",
                                                                "transform": [1.0, 0.0, 0.0, -0.0, -0.0, -0.999836, 0.018122, 0.272858, 0.0, -0.018122, -0.999836, -0.0, 0.0, 0.0, 0.0, 1.0],
                                                                "children": []
                                                            }
                                                        ]
                                                    },
                                                    {
                                                        "name": "Elbow_L",
                                                        "transform": [-1.0, 0.0, -0.0, -0.0, 0.0, -0.0, -1.0, 0.3, -0.0, -1.0, 0.0, 0.0, 0.0, 0.0, 0.0, 1.0],
                                                        "children": []
                                                    }
                                                ]
                                            }
                                        ]
                                    }
                                ]
                            }
                        ]
                    }
                ]
            }
        ]
    },
    "animation": [
        {
            "name": "Root",
            "time": [0.0, 0.0167, 0.0333, 0.05, 0.0667, 0.0833, 0.1, 0.1167, 0.1333, 0.15, 0.1667, 0.1833, 0.2, 0.2167, 0.2333, 0.25, 0.2667, 0.2833, 0.3, 0.3167, 0.3333, 0.35, 0.3667, 0.3833, 0.4, 0.4167, 0.4333, 0.45, 0.4667, 0.4833, 0.5, 0.5167, 0.5333, 0.55, 0.5667, 0.5833, 0.6, 0.6167, 0.6333, 0.65, 0.6667, 0.6833, 0.7, 0.7167],
            "transform": [
                [0.866025, 0.0, -0.5, -5e-06, -0.5, 0.0, -0.866025, 0.000946, 0.0, 1.0, 0.0, 0.763972, 0.0, 0.0, 0.0, 1.0],
                [0.866025, 0.0, -0.5, -5e-06, -0.5, 0.0, -0.866025, 0.001311, 0.0, 1.0, 0.0, 0.763972, 0.0, 0.0, 0.0, 1.0],
                [0.866025, 0.0, -0.5, -5e-06, -0.5, 0.0, -0.866025, 0.003867, 0.0, 1.0, 0.0, 0.763972, 0.0, 0.0, 0.0, 1.0],
                [0.866025, 0.0, -0.5, -5e-06, -0.5, 0.0, -0.866025, 0.010803, 0.0, 1.0, 0.0, 0.763972, 0.0, 0.0, 0.0, 1.0],
                [0.866025, 0.0, -0.5, -5e-06, -0.5, 0.0, -0.866025, 0.024311, 0.0, 1.0, 0.0, 0.763972, 0.0, 0.0, 0.0, 1.0],
                [0.866025, 0.0, -0.5, -5e-06, -0.5, 0.0, -0.866025, 0.04658, 0.0, 1.0, 0.0, 0.763972, 0.0, 0.0, 0.0, 1.0],
                [0.866025, 0.0, -0.5, -5e-06, -0.5, 0.0, -0.866025, 0.079801, 0.0, 1.0, 0.0, 0.763972, 0.0, 0.0, 0.0, 1.0],
                [0.866025, 0.0, -0.5, -5e-06, -0.5, 0.0, -0.866025, 0.126164, 0.0, 1.0, 0.0, 0.763972, 0.0, 0.0, 0.0, 1.0],
                [0.866025, 0.0, -0.5, -5e-06, -0.5, 0.0, -0.866025, 0.215513, 0.0, 1.0, 0.0, 0.763972, 0.0, 0.0, 0.0, 1.0],
                [0.866025, 0.0, -0.5, -5e-06, -0.5, 0.0, -0.866025, 0.363855, 0.0, 1.0, 0.0, 0.763972, 0.0, 0.0, 0.0, 1.0],
                [0.866025, 0.0, -0.5, -5e-06, -0.5, 0.0, -0.866025, 0.552633, 0.0, 1.0, 0.0, 0.763972, 0.0, 0.0, 0.0, 1.0],
                [0.866025, 0.0, -0.5, -5e-06, -0.5, 0.0, -0.866025, 0.763286, 0.0, 1.0, 0.0, 0.763972, 0.0, 0.0, 0.0, 1.0],
                [0.866025, 0.0, -0.5, -5e-06, -0.5, 0.0, -0.866025, 0.977257, 0.0, 1.0, 0.0, 0.763972, 0.0, 0.0, 0.0, 1.0],
                [0.866025, 0.0, -0.5, -5e-06, -0.5, 0.0, -0.866025, 1.175985, 0.0, 1.0, 0.0, 0.763972, 0.0, 0.0, 0.0, 1.0],
                [0.866025, 0.0, -0.5, -5e-06, -0.5, 0.0, -0.866025, 1.340911, 0.0, 1.0, 0.0, 0.763972, 0.0, 0.0, 0.0, 1.0],
                [0.866025, 0.0, -0.5, -5e-06, -0.5, 0.0, -0.866025, 1.453477, 0.0, 1.0, 0.0, 0.763972, 0.0, 0.0, 0.0, 1.0],
                [0.866025, 0.0, -0.5, -5e-06, -0.5, 0.0, -0.866025, 1.495123, 0.0, 1.0, 0.0, 0.763972, 0.0, 0.0, 0.0, 1.0],
                [0.866025, 0.0, -0.5, -5e-06, -0.5, 0.0, -0.866025, 1.495123, 0.0, 1.0, 0.0, 0.763972, 0.0, 0.0, 0.0, 1.0],
                [0.866025, 0.0, -0.5, -5e-06, -0.5, 0.0, -0.866025, 1.495123, 0.0, 1.0, 0.0, 0.763972, 0.0, 0.0, 0.0, 1.0],
                [0.866025, 0.0, -0.5, -5e-06, -0.5, 0.0, -0.866025, 1.495123, 0.0, 1.0, 0.0, 0.763972, 0.0, 0.0, 0.0, 1.0],
                [0.866025, 0.0, -0.5, -5e-06, -0.5, 0.0, -0.866025, 1.495123, 0.0, 1.0, 0.0, 0.763972, 0.0, 0.0, 0.0, 1.0],
                [0.866025, 0.0, -0.5, -5e-06, -0.5, 0.0, -0.866025, 1.495123, 0.0, 1.0, 0.0, 0.763972, 0.0, 0.0, 0.0, 1.0],
                [0.866025, 0.0, -0.5, -5e-06, -0.5, 0.0, -0.866025, 1.495123, 0.0, 1.0, 0.0, 0.763972, 0.0, 0.0, 0.0, 1.0],
                [0.866025, 0.0, -0.5, -5e-06, -0.5, 0.0, -0.866025, 1.495123, 0.0, 1.0, 0.0, 0.763972, 0.0, 0.0, 0.0, 1.0],
                [0.866025, 0.0, -0.5, -5e-06, -0.5, 0.0, -0.866025, 1.495123, 0.0, 1.0, 0.0, 0.763972, 0.0, 0.0, 0.0, 1.0],
                [0.866025, 0.0, -0.5, -5e-06, -0.5, 0.0, -0.866025, 1.495123, 0.0, 1.0, 0.0, 0.763972, 0.0, 0.0, 0.0, 1.0],
                [0.866025, 0.0, -0.5, -5e-06, -0.5, 0.0, -0.866025, 1.495123, 0.0, 1.0, 0.0, 0.763972, 0.0, 0.0, 0.0, 1.0],
                [0.866025, 0.0, -0.5, -5e-06, -0.5, 0.0, -0.866025, 1.495123, 0.0, 1.0, 0.0, 0.763972, 0.0, 0.0, 0.0, 1.0],
                [0.866025, 0.0, -0.5, -5e-06, -0.5, 0.0, -0.866025, 1.495123, 0.0, 1.0, 0.0, 0.763972, 0.0, 0.0, 0.0, 1.0],
                [0.866025, 0.0, -0.5, -5e-06, -0.5, 0.0, -0.866025, 1.495123, 0.0, 1.0, 0.0, 0.763972, 0.0, 0.0, 0.0, 1.0],
                [0.866025, 0.0, -0.5, -5e-06, -0.5, 0.0, -0.866025, 1.495123, 0.0, 1.0, 0.0, 0.763972, 0.0, 0.0, 0.0, 1.0],
                [0.866025, 0.0, -0.5, -5e-06, -0.5, 0.0, -0.866025, 1.495123, 0.0, 1.0, 0.0, 0.763972, 0.0, 0.0, 0.0, 1.0],
                [0.866025, 0.0, -0.5, -5e-06, -0.5, 0.0, -0.866025, 1.47753, 0.0, 1.0, 0.0, 0.763972, 0.0, 0.0, 0.0, 1.0],
                [0.866025, 0.0, -0.5, -5e-06, -0.5, 0.0, -0.866025, 1.428891, 0.0, 1.0, 0.0, 0.763972, 0.0, 0.0, 0.0, 1.0],
                [0.866025, 0.0, -0.5, -5e-06, -0.5, 0.0, -0.866025, 1.355415, 0.0, 1.0, 0.0, 0.763972, 0.0, 0.0, 0.0, 1.0],
                [0.866025, 0.0, -0.5, -5e-06, -0.5, 0.0, -0.866025, 1.263312, 0.0, 1.0, 0.0, 0.763972, 0.0, 0.0, 0.0, 1.0],
                [0.866025, 0.0, -0.5, -5e-06, -0.5, 0.0, -0.866025, 1.15879, 0.0, 1.0, 0.0, 0.763972, 0.0, 0.0, 0.0, 1.0],
                [0.866025, 0.0, -0.5, -5e-06, -0.5, 0.0, -0.866025, 1.048058, 0.0, 1.0, 0.0, 0.763972, 0.0, 0.0, 0.0, 1.0],
                [0.866025, 0.0, -0.5, -5e-06, -0.5, 0.0, -0.866025, 0.937327, 0.0, 1.0, 0.0, 0.763972, 0.0, 0.0, 0.0, 1.0],
                [0.866025, 0.0, -0.5, -5e-06, -0.5, 0.0, -0.866025, 0.832805, 0.0, 1.0, 0.0, 0.763972, 0.0, 0.0, 0.0, 1.0],
                [0.866025, 0.0, -0.5, -5e-06, -0.5, 0.0, -0.866025, 0.740701, 0.0, 1.0, 0.0, 0.763972, 0.0, 0.0, 0.0, 1.0],
                [0.866025, 0.0, -0.5, -5e-06, -0.5, 0.0, -0.866025, 0.667225, 0.0, 1.0, 0.0, 0.763972, 0.0, 0.0, 0.0, 1.0],
                [0.866025, 0.0, -0.5, -5e-06, -0.5, 0.0, -0.866025, 0.618586, 0.0, 1.0, 0.0, 0.763972, 0.0, 0.0, 0.0, 1.0],
                [0.866025, 0.0, -0.5, -5e-06, -0.5, 0.0, -0.866025, 0.600994, 0.0, 1.0, 0.0, 0.763972, 0.0, 0.0, 0.0, 1.0]
            ]
        },
        {
            "name": "Thigh_R",
            "time": [0.0, 0.0167, 0.0333, 0.05, 0.0667, 0.0833, 0.1, 0.1167, 0.1333, 0.15, 0.1667, 0.1833, 0.2, 0.2167, 0.2333, 0.25, 0.2667, 0.2833, 0.3, 0.3167, 0.3333, 0.35, 0.3667, 0.3833, 0.4, 0.4167, 0.4333, 0.45, 0.4667, 0.4833, 0.5, 0.5167, 0.5333, 0.55, 0.5667, 0.5833, 0.6, 0.6167, 0.6333, 0.65, 0.6667, 0.6833, 0.7, 0.7167],
            "transform": [
                [0.93573, 0.133644, 0.326418, 0.124994, 0.17101, -0.98129, -0.08846, -0.002831, 0.308489, 0.138595, -0.941077, -1.2e-05, 0.0, 0.0, 0.0, 1.0],
                [0.935861, 0.13362, 0.326051, 0.124994, 0.170826, -0.98135, -0.088151, -0.002831, 0.308191, 0.138195, -0.941233, -1.2e-05, 0.0, 0.0, 0.0, 1.0],
                [0.936779, 0.133445, 0.323478, 0.124994, 0.169545, -0.981764, -0.085985, -0.002831, 0.306104, 0.135393, -0.942321, -1.2e-05, 0.0, 0.0, 0.0, 1.0],
                [0.939242, 0.13293, 0.316472, 0.124994, 0.166084, -0.982855, -0.080076, -0.002831, 0.300401, 0.127771, -0.945216, -1.2e-05, 0.0, 0.0, 0.0, 1.0],
                [0.943921, 0.131758, 0.302743, 0.124994, 0.159419, -0.984836, -0.068438, -0.002831, 0.289135, 0.112864, -0.950612, -1.2e-05, 0.0, 0.0, 0.0, 1.0],
                [0.951284, 0.129333, 0.279877, 0.124994, 0.148665, -0.987678, -0.04889, -0.002831, 0.270106, 0.088116, -0.95879, -1.2e-05, 0.0, 0.0, 0.0, 1.0],
                [0.961414, 0.124555, 0.245293, 0.124994, 0.133206, -0.990907, -0.018933, -0.002831, 0.240705, 0.050877, -0.969264, -1.2e-05, 0.0, 0.0, 0.0, 1.0],
                [0.973719, 0.115521, 0.196278, 0.124994, 0.112943, -0.993304, 0.024319, -0.002831, 0.197774, -0.001512, -0.980247, -1.2e-05, 0.0, 0.0, 0.0, 1.0],
                [0.987103, 0.098104, 0.1265, 0.124994, 0.08741, -0.992322, 0.087496, -0.002831, 0.134112, -0.07531, -0.9881, -1.2e-05, 0.0, 0.0, 0.0, 1.0],
                [0.99696, 0.068099, 0.037853, 0.124994, 0.060703, -0.983482, 0.170524, -0.002831, 0.04884, -0.167708, -0.984626, -1.2e-05, 0.0, 0.0, 0.0, 1.0],
                [0.99798, 0.024804, -0.058489, 0.124994, 0.039452, -0.963574, 0.264516, -0.002831, -0.049798, -0.266289, -0.962606, -1.2e-05, 0.0, 0.0, 0.0, 1.0],
                [0.98817, -0.028516, -0.150685, 0.124994, 0.027763, -0.933062, 0.358642, -0.002831, -0.150825, -0.358582, -0.921233, -1.2e-05, 0.0, 0.0, 0.0, 1.0],
                [0.969754, -0.084858, -0.228857, 0.124994, 0.02595, -0.89646, 0.442363, -0.002831, -0.242699, -0.434923, -0.867144, -1.2e-05, 0.0, 0.0, 0.0, 1.0],
                [0.948319, -0.135307, -0.287025, 0.124994, 0.030802, -0.861008, 0.507657, -0.002831, -0.315821, -0.490262, -0.812342, -1.2e-05, 0.0, 0.0, 0.0, 1.0],
                [0.930862, -0.171068, -0.32285, 0.124994, 0.037203, -0.834652, 0.549519, -0.002831, -0.363473, -0.523537, -0.770582, -1.2e-05, 0.0, 0.0, 0.0, 1.0],
                [0.923881, -0.184489, -0.335271, 0.124994, 0.040166, -0.824528, 0.564393, -0.002831, -0.380565, -0.534899, -0.754356, -1.2e-05, 0.0, 0.0, 0.0, 1.0],
                [0.923881, -0.184489, -0.335271, 0.124994, 0.040166, -0.824528, 0.564393, -0.002831, -0.380565, -0.534899, -0.754356, -1.2e-05, 0.0, 0.0, 0.0, 1.0],
                [0.923881, -0.184489, -0.335271, 0.124994, 0.040166, -0.824528, 0.564393, -0.002831, -0.380565, -0.534899, -0.754356, -1.2e-05, 0.0, 0.0, 0.0, 1.0],
                [0.923881, -0.184489, -0.335271, 0.124994, 0.040166, -0.824528, 0.564393, -0.002831, -0.380565, -0.534899, -0.754356, -1.2e-05, 0.0, 0.0, 0.0, 1.0],
                [0.923881, -0.184489, -0.335271, 0.124994, 0.040166, -0.824528, 0.564393, -0.002831, -0.380565, -0.534899, -0.754356, -1.2e-05, 0.0, 0.0, 0.0, 1.0],
                [0.923881, -0.184489, -0.335271, 0.124994, 0.040166, -0.824528, 0.564393, -0.002831, -0.380565, -0.534899, -0.754356, -1.2e-05, 0.0, 0.0, 0.0, 1.0],
                [0.923881, -0.184489, -0.335271, 0.124994, 0.040166, -0.824528, 0.564393, -0.002831, -0.380565, -0.534899, -0.754356, -1.2e-05, 0.0, 0.0, 0.0, 1.0],
                [0.923881, -0.184489, -0.335271, 0.124994, 0.040166, -0.824528, 0.564393, -0.002831, -0.380565, -0.534899, -0.754356, -1.2e-05, 0.0, 0.0, 0.0, 1.0],
                [0.923881, -0.184489, -0.335271, 0.124994, 0.040166, -0.824528, 0.564393, -0.002831, -0.380565, -0.534899, -0.754356, -1.2e-05, 0.0, 0.0, 0.0, 1.0],
                [0.923881, -0.184489, -0.335271, 0.124994, 0.040166, -0.824528, 0.564393, -0.002831, -0.380565, -0.534899, -0.754356, -1.2e-05, 0.0, 0.0, 0.0, 1.0],
                [0.923881, -0.184489, -0.335271, 0.124994, 0.040166, -0.824528, 0.564393, -0.002831, -0.380565, -0.534899, -0.754356, -1.2e-05, 0.0, 0.0, 0.0, 1.0],
                [0.923881, -0.184489, -0.335271, 0.124994, 0.040166, -0.824528, 0.564393, -0.002831, -0.380565, -0.534899, -0.754356, -1.2e-05, 0.0, 0.0, 0.0, 1.0],
                [0.923881, -0.184489, -0.335271, 0.124994, 0.040166, -0.824528, 0.564393, -0.002831, -0.380565, -0.534899, -0.754356, -1.2e-05, 0.0, 0.0, 0.0, 1.0],
                [0.923881, -0.184489, -0.335271, 0.124994, 0.040166, -0.824528, 0.564393, -0.002831, -0.380565, -0.534899, -0.754356, -1.2e-05, 0.0, 0.0, 0.0, 1.0],
                [0.923881, -0.184489, -0.335271, 0.124994, 0.040166, -0.824528, 0.564393, -0.002831, -0.380565, -0.534899, -0.754356, -1.2e-05, 0.0, 0.0, 0.0, 1.0],
                [0.923881, -0.184489, -0.335271, 0.124994, 0.040166, -0.824528, 0.564393, -0.002831, -0.380565, -0.534899, -0.754356, -1.2e-05, 0.0, 0.0, 0.0, 1.0],
                [0.923881, -0.184489, -0.335271, 0.124994, 0.040166, -0.824528, 0.564393, -0.002831, -0.380565, -0.534899, -0.754356, -1.2e-05, 0.0, 0.0, 0.0, 1.0],
                [0.929077, -0.17454, -0.326115, 0.124994, 0.037941, -0.832044, 0.55341, -0.002831, -0.367935, -0.526534, -0.766411, -1.2e-05, 0.0, 0.0, 0.0, 1.0],
                [0.942651, -0.147313, -0.299514, 0.124994, 0.032699, -0.852264, 0.522088, -0.002831, -0.332175, -0.501941, -0.798571, -1.2e-05, 0.0, 0.0, 0.0, 1.0],
                [0.960753, -0.107225, -0.255846, 0.124994, 0.027445, -0.881014, 0.472292, -0.002831, -0.276045, -0.460778, -0.843494, -1.2e-05, 0.0, 0.0, 0.0, 1.0],
                [0.978885, -0.05945, -0.195578, 0.124994, 0.025687, -0.913413, 0.406222, -0.002831, -0.202793, -0.402668, -0.892599, -1.2e-05, 0.0, 0.0, 0.0, 1.0],
                [0.992646, -0.00974, -0.120661, 0.124994, 0.030542, -0.944359, 0.327493, -0.002831, -0.117138, -0.32877, -0.937117, -1.2e-05, 0.0, 0.0, 0.0, 1.0],
                [0.998716, 0.036292, -0.035332, 0.124994, 0.043773, -0.969402, 0.241544, -0.002831, -0.025485, -0.24278, -0.969746, -1.2e-05, 0.0, 0.0, 0.0, 1.0],
                [0.995774, 0.074254, 0.054039, 0.124994, 0.065088, -0.985748, 0.155127, -0.002831, 0.064787, -0.150954, -0.986415, -1.2e-05, 0.0, 0.0, 0.0, 1.0],
                [0.984894, 0.101895, 0.140007, 0.124994, 0.092047, -0.992917, 0.075119, -0.002831, 0.146669, -0.061097, -0.987297, -1.2e-05, 0.0, 0.0, 0.0, 1.0],
                [0.969192, 0.119369, 0.215449, 0.124994, 0.120639, -0.992669, 0.007292, -0.002831, 0.21474, 0.018924, -0.976488, -1.2e-05, 0.0, 0.0, 0.0, 1.0],
                [0.95293, 0.128681, 0.274529, 0.124994, 0.146211, -0.988261, -0.044288, -0.002831, 0.265607, 0.082342, -0.960558, -1.2e-05, 0.0, 0.0, 0.0, 1.0],
                [0.940517, 0.132636, 0.312785, 0.124994, 0.164279, -0.983407, -0.076958, -0.002831, 0.297387, 0.123764, -0.946701, -1.2e-05, 0.0, 0.0, 0.0, 1.0],
                [0.93573, 0.133644, 0.326418, 0.124994, 0.17101, -0.98129, -0.08846, -0.002831, 0.308489, 0.138595, -0.941077, -1.2e-05, 0.0, 0.0, 0.0, 1.0]
            ]
        },
        {
            "name": "Leg_R",
            "time": [0.0, 0.0167, 0.0333, 0.05, 0.0667, 0.0833, 0.1, 0.1167, 0.1333, 0.15, 0.1667, 0.1833, 0.2, 0.2167, 0.2333, 0.25, 0.2667, 0.2833, 0.3, 0.3167, 0.3333, 0.35, 0.3667, 0.3833, 0.4, 0.4167, 0.4333, 0.45, 0.4667, 0.4833, 0.5, 0.5167, 0.5333, 0.55, 0.5667, 0.5833, 0.6, 0.6167, 0.6333, 0.65, 0.6667, 0.6833, 0.7, 0.7167],
            "transform": [
                [1.0, 0.0, 1e-06, -0.0, -0.0, 0.939693, 0.342021, 0.37472, -1e-06, -0.342021, 0.939693, 0.0, 0.0, 0.0, 0.0, 1.0],
                [1.0, 1.1e-05, -6e-06, 0.0, -9e-06, 0.939661, 0.342107, 0.37472, 9e-06, -0.342107, 0.939661, 0.0, 0.0, 0.0, 0.0, 1.0],
                [1.0, 8.8e-05, -5.2e-05, 0.0, -6.5e-05, 0.939441, 0.342711, 0.37472, 7.9e-05, -0.342711, 0.939441, 0.0, 0.0, 0.0, 0.0, 1.0],
                [1.0, 0.000297, -0.000178, 0.0, -0.000218, 0.938841, 0.344351, 0.37472, 0.000269, -0.344351, 0.938841, 0.0, 0.0, 0.0, 0.0, 1.0],
                [1.0, 0.000705, -0.000422, -0.0, -0.000514, 0.937664, 0.347542, 0.37472, 0.00064, -0.347541, 0.937664, 0.0, 0.0, 0.0, 0.0, 1.0],
                [0.999999, 0.001379, -0.00082, -0.0, -0.001001, 0.9357, 0.352794, 0.37472, 0.001254, -0.352793, 0.935701, -0.0, 0.0, 0.0, 0.0, 1.0],
                [0.999996, 0.002388, -0.001409, -0.0, -0.00172, 0.932715, 0.360612, 0.37472, 0.002175, -0.360608, 0.932715, 0.0, 0.0, 0.0, 0.0, 1.0],
                [0.99999, 0.003806, -0.002216, -0.0, -0.002711, 0.928435, 0.371484, 0.37472, 0.003471, -0.371474, 0.928437, 0.0, 0.0, 0.0, 0.0, 1.0],
                [0.999978, 0.005816, -0.003322, -0.0, -0.004079, 0.922201, 0.386689, 0.37472, 0.005313, -0.386667, 0.922204, -0.0, 0.0, 0.0, 0.0, 1.0],
                [0.999954, 0.008395, -0.004681, 0.0, -0.005773, 0.913916, 0.405862, 0.37472, 0.007685, -0.405816, 0.913922, 0.0, 0.0, 0.0, 0.0, 1.0],
                [0.999917, 0.011305, -0.006132, 0.0, -0.007604, 0.904203, 0.427036, 0.37472, 0.010372, -0.426954, 0.904214, 0.0, 0.0, 0.0, 0.0, 1.0],
                [0.999869, 0.014291, -0.007535, -0.0, -0.009397, 0.893837, 0.448294, 0.37472, 0.013142, -0.448165, 0.893854, -0.0, 0.0, 0.0, 0.0, 1.0],
                [0.999815, 0.017092, -0.008774, 0.0, -0.011003, 0.883764, 0.467803, 0.37472, 0.015749, -0.46762, 0.883789, -0.0, 0.0, 0.0, 0.0, 1.0],
                [0.999764, 0.019434, -0.009754, 0.0, -0.012291, 0.875085, 0.483812, 0.37472, 0.017938, -0.483578, 0.875117, 0.0, 0.0, 0.0, 0.0, 1.0],
                [0.999725, 0.021042, -0.010398, -0.0, -0.013146, 0.868998, 0.49464, 0.37472, 0.019444, -0.494367, 0.869035, 0.0, 0.0, 0.0, 0.0, 1.0],
                [0.999709, 0.021639, -0.010631, 0.0, -0.013457, 0.866713, 0.498626, 0.37472, 0.020004, -0.498337, 0.866753, 0.0, 0.0, 0.0, 0.0, 1.0],
                [0.999709, 0.021639, -0.010631, 0.0, -0.013457, 0.866713, 0.498626, 0.37472, 0.020004, -0.498337, 0.866753, 0.0, 0.0, 0.0, 0.0, 1.0],
                [0.999709, 0.021639, -0.010631, 0.0, -0.013457, 0.866713, 0.498626, 0.37472, 0.020004, -0.498337, 0.866753, 0.0, 0.0, 0.0, 0.0, 1.0],
                [0.999709, 0.021639, -0.010631, 0.0, -0.013457, 0.866713, 0.498626, 0.37472, 0.020004, -0.498337, 0.866753, 0.0, 0.0, 0.0, 0.0, 1.0],
                [0.999709, 0.021639, -0.010631, 0.0, -0.013457, 0.866713, 0.498626, 0.37472, 0.020004, -0.498337, 0.866753, 0.0, 0.0, 0.0, 0.0, 1.0],
                [0.999709, 0.021639, -0.010631, 0.0, -0.013457, 0.866713, 0.498626, 0.37472, 0.020004, -0.498337, 0.866753, 0.0, 0.0, 0.0, 0.0, 1.0],
                [0.999709, 0.021639, -0.010631, 0.0, -0.013457, 0.866713, 0.498626, 0.37472, 0.020004, -0.498337, 0.866753, 0.0, 0.0, 0.0, 0.0, 1.0],
                [0.999709, 0.021639, -0.010631, 0.0, -0.013457, 0.866713, 0.498626, 0.37472, 0.020004, -0.498337, 0.866753, 0.0, 0.0, 0.0, 0.0, 1.0],
                [0.999709, 0.021639, -0.010631, 0.0, -0.013457, 0.866713, 0.498626, 0.37472, 0.020004, -0.498337, 0.866753, 0.0, 0.0, 0.0, 0.0, 1.0],
                [0.999709, 0.021639, -0.010631, 0.0, -0.013457, 0.866713, 0.498626, 0.37472, 0.020004, -0.498337, 0.866753, 0.0, 0.0, 0.0, 0.0, 1.0],
                [0.999709, 0.021639, -0.010631, 0.0, -0.013457, 0.866713, 0.498626, 0.37472, 0.020004, -0.498337, 0.866753, 0.0, 0.0, 0.0, 0.0, 1.0],
                [0.999709, 0.021639, -0.010631, 0.0, -0.013457, 0.866713, 0.498626, 0.37472, 0.020004, -0.498337, 0.866753, 0.0, 0.0, 0.0, 0.0, 1.0],
                [0.999709, 0.021639, -0.010631, 0.0, -0.013457, 0.866713, 0.498626, 0.37472, 0.020004, -0.498337, 0.866753, 0.0, 0.0, 0.0, 0.0, 1.0],
                [0.999709, 0.021639, -0.010631, 0.0, -0.013457, 0.866713, 0.498626, 0.37472, 0.020004, -0.498337, 0.866753, 0.0, 0.0, 0.0, 0.0, 1.0],
                [0.999709, 0.021639, -0.010631, 0.0, -0.013457, 0.866713, 0.498626, 0.37472, 0.020004, -0.498337, 0.866753, 0.0, 0.0, 0.0, 0.0, 1.0],
                [0.999709, 0.021639, -0.010631, 0.0, -0.013457, 0.866713, 0.498626, 0.37472, 0.020004, -0.498337, 0.866753, 0.0, 0.0, 0.0, 0.0, 1.0],
                [0.999709, 0.021639, -0.010631, 0.0, -0.013457, 0.866713, 0.498626, 0.37472, 0.020004, -0.498337, 0.866753, 0.0, 0.0, 0.0, 0.0, 1.0],
                [0.999721, 0.021197, -0.010459, 0.0, -0.013227, 0.868407, 0.495675, 0.37472, 0.019589, -0.495398, 0.868445, -0.0, 0.0, 0.0, 0.0, 1.0],
                [0.999751, 0.019978, -0.009974, 0.0, -0.012582, 0.87304, 0.487487, 0.37472, 0.018447, -0.487239, 0.873074, 0.0, 0.0, 0.0, 0.0, 1.0],
                [0.999793, 0.018144, -0.00922, 0.0, -0.011588, 0.879893, 0.47503, 0.37472, 0.016732, -0.474825, 0.879921, -0.0, 0.0, 0.0, 0.0, 1.0],
                [0.99984, 0.01586, -0.008238, 0.0, -0.010306, 0.888235, 0.459275, 0.37472, 0.014601, -0.459116, 0.888256, -0.0, 0.0, 0.0, 0.0, 1.0],
                [0.999887, 0.013289, -0.007074, 0.0, -0.008805, 0.897359, 0.441213, 0.37472, 0.012211, -0.441101, 0.897374, 0.0, 0.0, 0.0, 0.0, 1.0],
                [0.999927, 0.01059, -0.005783, 0.0, -0.007162, 0.906624, 0.42188, 0.37472, 0.009711, -0.421808, 0.906633, -0.0, 0.0, 0.0, 0.0, 1.0],
                [0.999959, 0.00792, -0.004436, -0.0, -0.005466, 0.915467, 0.402355, 0.37472, 0.007247, -0.402314, 0.915473, 0.0, 0.0, 0.0, 0.0, 1.0],
                [0.999981, 0.005427, -0.003111, 0.0, -0.003817, 0.923424, 0.383762, 0.37472, 0.004956, -0.383742, 0.923427, -0.0, 0.0, 0.0, 0.0, 1.0],
                [0.999993, 0.003253, -0.001903, 0.0, -0.002327, 0.930117, 0.367256, 0.37472, 0.002965, -0.367249, 0.930118, -0.0, 0.0, 0.0, 0.0, 1.0],
                [0.999998, 0.001535, -0.000913, -0.0, -0.001113, 0.93524, 0.354013, 0.37472, 0.001397, -0.354011, 0.93524, 0.0, 0.0, 0.0, 0.0, 1.0],
                [1.0, 0.000407, -0.000244, 0.0, -0.000298, 0.938525, 0.345211, 0.37472, 0.000369, -0.34521, 0.938525, -0.0, 0.0, 0.0, 0.0, 1.0],
                [1.0, 0.0, 1e-06, 0.0, -0.0, 0.939693, 0.342021, 0.37472, -1e-06, -0.342021, 0.939693, 0.0, 0.0, 0.0, 0.0, 1.0]
            ]
        },
        {
            "name": "Knee_R",
            "time": [0.0, 0.0167, 0.0333, 0.05, 0.0667, 0.0833, 0.1, 0.1167, 0.1333, 0.15, 0.1667, 0.1833, 0.2, 0.2167, 0.2333, 0.25, 0.2667, 0.2833, 0.3, 0.3167, 0.3333, 0.35, 0.3667, 0.3833, 0.4, 0.4167, 0.4333, 0.45, 0.4667, 0.4833, 0.5, 0.5167, 0.5333, 0.55, 0.5667, 0.5833, 0.6, 0.6167, 0.6333, 0.65, 0.6667, 0.6833, 0.7, 0.7167],
            "transform": [
                [1.0, 0.0, -1e-06, -0.0, -0.0, 0.0, -1.0, 0.37472, -0.0, 1.0, 0.0, 0.0, 0.0, 0.0, 0.0, 1.0],
                [1.0, 0.0, -0.0, 0.0, -0.0, 0.0, -1.0, 0.37472, -0.0, 1.0, 0.0, 0.0, 0.0, 0.0, 0.0, 1.0],
                [1.0, 0.0, -0.0, 0.0, -0.0, 0.0, -1.0, 0.37472, -0.0, 1.0, 0.0, 0.0, 0.0, 0.0, 0.0, 1.0],
                [1.0, 0.0, -0.0, 0.0, -0.0, 0.0, -1.0, 0.37472, -0.0, 1.0, 0.0, 0.0, 0.0, 0.0, 0.0, 1.0],
                [1.0, 0.0, -0.0, -0.0, -0.0, 0.0, -1.0, 0.37472, -0.0, 1.0, 0.0, 0.0, 0.0, 0.0, 0.0, 1.0],
                [1.0, 0.0, -0.0, -0.0, -0.0, 0.0, -1.0, 0.37472, -0.0, 1.0, 0.0, -0.0, 0.0, 0.0, 0.0, 1.0],
                [1.0, 0.0, -0.0, -0.0, -0.0, 0.0, -1.0, 0.37472, -0.0, 1.0, 0.0, 0.0, 0.0, 0.0, 0.0, 1.0],
                [1.0, 0.0, -0.0, -0.0, -0.0, 0.0, -1.0, 0.37472, -0.0, 1.0, 0.0, 0.0, 0.0, 0.0, 0.0, 1.0],
                [1.0, 0.0, -0.0, -0.0, -0.0, 0.0, -1.0, 0.37472, -0.0, 1.0, 0.0, -0.0, 0.0, 0.0, 0.0, 1.0],
                [1.0, 0.0, -0.0, 0.0, -0.0, 0.0, -1.0, 0.37472, -0.0, 1.0, 0.0, 0.0, 0.0, 0.0, 0.0, 1.0],
                [1.0, 0.0, -0.0, 0.0, -0.0, 0.0, -1.0, 0.37472, -0.0, 1.0, 0.0, 0.0, 0.0, 0.0, 0.0, 1.0],
                [1.0, 0.0, -0.0, -0.0, -0.0, 0.0, -1.0, 0.37472, -0.0, 1.0, 0.0, -0.0, 0.0, 0.0, 0.0, 1.0],
                [1.0, 0.0, -0.0, 0.0, -0.0, 0.0, -1.0, 0.37472, -0.0, 1.0, 0.0, -0.0, 0.0, 0.0, 0.0, 1.0],
                [1.0, 0.0, -0.0, 0.0, -0.0, 0.0, -1.0, 0.37472, -0.0, 1.0, 0.0, 0.0, 0.0, 0.0, 0.0, 1.0],
                [1.0, 0.0, -0.0, -0.0, -0.0, 0.0, -1.0, 0.37472, -0.0, 1.0, 0.0, 0.0, 0.0, 0.0, 0.0, 1.0],
                [1.0, 0.0, -0.0, 0.0, -0.0, 0.0, -1.0, 0.37472, -0.0, 1.0, 0.0, 0.0, 0.0, 0.0, 0.0, 1.0],
                [1.0, 0.0, -0.0, 0.0, -0.0, 0.0, -1.0, 0.37472, -0.0, 1.0, 0.0, 0.0, 0.0, 0.0, 0.0, 1.0],
                [1.0, 0.0, -0.0, 0.0, -0.0, 0.0, -1.0, 0.37472, -0.0, 1.0, 0.0, 0.0, 0.0, 0.0, 0.0, 1.0],
                [1.0, 0.0, -0.0, 0.0, -0.0, 0.0, -1.0, 0.37472, -0.0, 1.0, 0.0, 0.0, 0.0, 0.0, 0.0, 1.0],
                [1.0, 0.0, -0.0, 0.0, -0.0, 0.0, -1.0, 0.37472, -0.0, 1.0, 0.0, 0.0, 0.0, 0.0, 0.0, 1.0],
                [1.0, 0.0, -0.0, 0.0, -0.0, 0.0, -1.0, 0.37472, -0.0, 1.0, 0.0, 0.0, 0.0, 0.0, 0.0, 1.0],
                [1.0, 0.0, -0.0, 0.0, -0.0, 0.0, -1.0, 0.37472, -0.0, 1.0, 0.0, 0.0, 0.0, 0.0, 0.0, 1.0],
                [1.0, 0.0, -0.0, 0.0, -0.0, 0.0, -1.0, 0.37472, -0.0, 1.0, 0.0, 0.0, 0.0, 0.0, 0.0, 1.0],
                [1.0, 0.0, -0.0, 0.0, -0.0, 0.0, -1.0, 0.37472, -0.0, 1.0, 0.0, 0.0, 0.0, 0.0, 0.0, 1.0],
                [1.0, 0.0, -0.0, 0.0, -0.0, 0.0, -1.0, 0.37472, -0.0, 1.0, 0.0, 0.0, 0.0, 0.0, 0.0, 1.0],
                [1.0, 0.0, -0.0, 0.0, -0.0, 0.0, -1.0, 0.37472, -0.0, 1.0, 0.0, 0.0, 0.0, 0.0, 0.0, 1.0],
                [1.0, 0.0, -0.0, 0.0, -0.0, 0.0, -1.0, 0.37472, -0.0, 1.0, 0.0, 0.0, 0.0, 0.0, 0.0, 1.0],
                [1.0, 0.0, -0.0, 0.0, -0.0, 0.0, -1.0, 0.37472, -0.0, 1.0, 0.0, 0.0, 0.0, 0.0, 0.0, 1.0],
                [1.0, 0.0, -0.0, 0.0, -0.0, 0.0, -1.0, 0.37472, -0.0, 1.0, 0.0, 0.0, 0.0, 0.0, 0.0, 1.0],
                [1.0, 0.0, -0.0, 0.0, -0.0, 0.0, -1.0, 0.37472, -0.0, 1.0, 0.0, 0.0, 0.0, 0.0, 0.0, 1.0],
                [1.0, 0.0, -0.0, 0.0, -0.0, 0.0, -1.0, 0.37472, -0.0, 1.0, 0.0, 0.0, 0.0, 0.0, 0.0, 1.0],
                [1.0, 0.0, -0.0, 0.0, -0.0, 0.0, -1.0, 0.37472, -0.0, 1.0, 0.0, 0.0, 0.0, 0.0, 0.0, 1.0],
                [1.0, 0.0, -0.0, 0.0, -0.0, 0.0, -1.0, 0.37472, -0.0, 1.0, 0.0, -0.0, 0.0, 0.0, 0.0, 1.0],
                [1.0, 0.0, -0.0, 0.0, -0.0, 0.0, -1.0, 0.37472, -0.0, 1.0, 0.0, 0.0, 0.0, 0.0, 0.0, 1.0],
                [1.0, 0.0, -0.0, 0.0, -0.0, 0.0, -1.0, 0.37472, -0.0, 1.0, 0.0, -0.0, 0.0, 0.0, 0.0, 1.0],
                [1.0, 0.0, -0.0, 0.0, -0.0, 0.0, -1.0, 0.37472, -0.0, 1.0, 0.0, -0.0, 0.0, 0.0, 0.0, 1.0],
                [1.0, 0.0, -0.0, 0.0, -0.0, 0.0, -1.0, 0.37472, -0.0, 1.0, 0.0, 0.0, 0.0, 0.0, 0.0, 1.0],
                [1.0, 0.0, -0.0, 0.0, -0.0, 0.0, -1.0, 0.37472, -0.0, 1.0, 0.0, -0.0, 0.0, 0.0, 0.0, 1.0],
                [1.0, 0.0, -0.0, -0.0, -0.0, 0.0, -1.0, 0.37472, -0.0, 1.0, 0.0, 0.0, 0.0, 0.0, 0.0, 1.0],
                [1.0, 0.0, -0.0, 0.0, -0.0, 0.0, -1.0, 0.37472, -0.0, 1.0, 0.0, -0.0, 0.0, 0.0, 0.0, 1.0],
                [1.0, 0.0, -0.0, 0.0, -0.0, 0.0, -1.0, 0.37472, -0.0, 1.0, 0.0, -0.0, 0.0, 0.0, 0.0, 1.0],
                [1.0, 0.0, -0.0, -0.0, -0.0, 0.0, -1.0, 0.37472, -0.0, 1.0, 0.0, 0.0, 0.0, 0.0, 0.0, 1.0],
                [1.0, 0.0, -0.0, 0.0, -0.0, 0.0, -1.0, 0.37472, -0.0, 1.0, 0.0, -0.0, 0.0, 0.0, 0.0, 1.0],
                [1.0, 0.0, -1e-06, 0.0, -0.0, 0.0, -1.0, 0.37472, -0.0, 1.0, 0.0, 0.0, 0.0, 0.0, 0.0, 1.0]
            ]
        },
        {
            "name": "Thigh_L",
            "time": [0.0, 0.0167, 0.0333, 0.05, 0.0667, 0.0833, 0.1, 0.1167, 0.1333, 0.15, 0.1667, 0.1833, 0.2, 0.2167, 0.2333, 0.25, 0.2667, 0.2833, 0.3, 0.3167, 0.3333, 0.35, 0.3667, 0.3833, 0.4, 0.4167, 0.4333, 0.45, 0.4667, 0.4833, 0.5, 0.5167, 0.5333, 0.55, 0.5667, 0.5833, 0.6, 0.6167, 0.6333, 0.65, 0.6667, 0.6833, 0.7, 0.7167],
            "transform": [
                [0.934028, -0.26161, -0.24321, -0.125006, -0.144117, -0.899003, 0.413549, -0.002831, -0.326836, -0.351216, -0.877397, -1.2e-05, 0.0, 0.0, 0.0, 1.0],
                [0.934071, -0.261411, -0.243261, -0.125006, -0.144044, -0.899186, 0.413177, -0.002831, -0.326746, -0.350896, -0.877559, -1.2e-05, 0.0, 0.0, 0.0, 1.0],
                [0.934369, -0.260015, -0.243611, -0.125006, -0.143535, -0.900462, 0.410568, -0.002831, -0.326116, -0.348655, -0.878685, -1.2e-05, 0.0, 0.0, 0.0, 1.0],
                [0.935175, -0.256216, -0.244542, -0.125006, -0.142142, -0.903889, 0.40346, -0.002831, -0.324412, -0.342546, -0.881714, -1.2e-05, 0.0, 0.0, 0.0, 1.0],
                [0.936728, -0.248776, -0.246273, -0.125006, -0.13938, -0.910412, 0.389517, -0.002831, -0.321112, -0.330546, -0.887483, -1.2e-05, 0.0, 0.0, 0.0, 1.0],
                [0.939242, -0.236392, -0.248883, -0.125006, -0.134684, -0.920722, 0.36624, -0.002831, -0.315728, -0.310467, -0.896619, -1.2e-05, 0.0, 0.0, 0.0, 1.0],
                [0.942875, -0.217669, -0.252203, -0.125006, -0.127354, -0.935038, 0.330886, -0.002831, -0.307843, -0.279865, -0.909345, -1.2e-05, 0.0, 0.0, 0.0, 1.0],
                [0.947693, -0.191106, -0.25565, -0.125006, -0.116492, -0.952787, 0.280403, -0.002831, -0.297167, -0.235954, -0.925212, -1.2e-05, 0.0, 0.0, 0.0, 1.0],
                [0.953915, -0.153109, -0.258076, -0.125006, -0.100037, -0.973097, 0.207546, -0.002831, -0.28291, -0.172164, -0.943569, -1.2e-05, 0.0, 0.0, 0.0, 1.0],
                [0.96079, -0.104215, -0.256949, -0.125006, -0.077309, -0.990616, 0.112705, -0.002831, -0.266283, -0.088421, -0.959831, -1.2e-05, 0.0, 0.0, 0.0, 1.0],
                [0.966952, -0.049705, -0.250065, -0.125006, -0.04991, -0.998738, 0.005524, -0.002831, -0.250024, 0.00714, -0.968213, -1.2e-05, 0.0, 0.0, 0.0, 1.0],
                [0.971471, 0.00463, -0.237114, -0.125006, -0.02037, -0.994485, -0.102875, -0.002831, -0.236283, 0.104771, -0.966019, -1.2e-05, 0.0, 0.0, 0.0, 1.0],
                [0.974044, 0.053286, -0.219996, -0.125006, 0.008104, -0.979482, -0.201365, -0.002831, -0.226212, 0.194356, -0.954491, -1.2e-05, 0.0, 0.0, 0.0, 1.0],
                [0.974996, 0.091807, -0.202372, -0.125006, 0.032137, -0.95935, -0.280384, -0.002831, -0.219887, 0.26687, -0.938312, -1.2e-05, 0.0, 0.0, 0.0, 1.0],
                [0.975043, 0.116928, -0.18873, -0.125006, 0.048596, -0.941862, -0.332467, -0.002831, -0.216632, 0.314998, -0.924038, -1.2e-05, 0.0, 0.0, 0.0, 1.0],
                [0.97494, 0.125956, -0.183377, -0.125006, 0.054677, -0.934664, -0.351302, -0.002831, -0.215644, 0.332472, -0.918128, -1.2e-05, 0.0, 0.0, 0.0, 1.0],
                [0.97494, 0.125956, -0.183377, -0.125006, 0.054677, -0.934664, -0.351302, -0.002831, -0.215644, 0.332472, -0.918128, -1.2e-05, 0.0, 0.0, 0.0, 1.0],
                [0.97494, 0.125956, -0.183377, -0.125006, 0.054677, -0.934664, -0.351302, -0.002831, -0.215644, 0.332472, -0.918128, -1.2e-05, 0.0, 0.0, 0.0, 1.0],
                [0.97494, 0.125956, -0.183377, -0.125006, 0.054677, -0.934664, -0.351302, -0.002831, -0.215644, 0.332472, -0.918128, -1.2e-05, 0.0, 0.0, 0.0, 1.0],
                [0.97494, 0.125956, -0.183377, -0.125006, 0.054677, -0.934664, -0.351302, -0.002831, -0.215644, 0.332472, -0.918128, -1.2e-05, 0.0, 0.0, 0.0, 1.0],
                [0.97494, 0.125956, -0.183377, -0.125006, 0.054677, -0.934664, -0.351302, -0.002831, -0.215644, 0.332472, -0.918128, -1.2e-05, 0.0, 0.0, 0.0, 1.0],
                [0.97494, 0.125956, -0.183377, -0.125006, 0.054677, -0.934664, -0.351302, -0.002831, -0.215644, 0.332472, -0.918128, -1.2e-05, 0.0, 0.0, 0.0, 1.0],
                [0.97494, 0.125956, -0.183377, -0.125006, 0.054677, -0.934664, -0.351302, -0.002831, -0.215644, 0.332472, -0.918128, -1.2e-05, 0.0, 0.0, 0.0, 1.0],
                [0.97494, 0.125956, -0.183377, -0.125006, 0.054677, -0.934664, -0.351302, -0.002831, -0.215644, 0.332472, -0.918128, -1.2e-05, 0.0, 0.0, 0.0, 1.0],
                [0.97494, 0.125956, -0.183377, -0.125006, 0.054677, -0.934664, -0.351302, -0.002831, -0.215644, 0.332472, -0.918128, -1.2e-05, 0.0, 0.0, 0.0, 1.0],
                [0.97494, 0.125956, -0.183377, -0.125006, 0.054677, -0.934664, -0.351302, -0.002831, -0.215644, 0.332472, -0.918128, -1.2e-05, 0.0, 0.0, 0.0, 1.0],
                [0.97494, 0.125956, -0.183377, -0.125006, 0.054677, -0.934664, -0.351302, -0.002831, -0.215644, 0.332472, -0.918128, -1.2e-05, 0.0, 0.0, 0.0, 1.0],
                [0.97494, 0.125956, -0.183377, -0.125006, 0.054677, -0.934664, -0.351302, -0.002831, -0.215644, 0.332472, -0.918128, -1.2e-05, 0.0, 0.0, 0.0, 1.0],
                [0.97494, 0.125956, -0.183377, -0.125006, 0.054677, -0.934664, -0.351302, -0.002831, -0.215644, 0.332472, -0.918128, -1.2e-05, 0.0, 0.0, 0.0, 1.0],
                [0.97494, 0.125956, -0.183377, -0.125006, 0.054677, -0.934664, -0.351302, -0.002831, -0.215644, 0.332472, -0.918128, -1.2e-05, 0.0, 0.0, 0.0, 1.0],
                [0.97494, 0.125956, -0.183377, -0.125006, 0.054677, -0.934664, -0.351302, -0.002831, -0.215644, 0.332472, -0.918128, -1.2e-05, 0.0, 0.0, 0.0, 1.0],
                [0.97494, 0.125956, -0.183377, -0.125006, 0.054677, -0.934664, -0.351302, -0.002831, -0.215644, 0.332472, -0.918128, -1.2e-05, 0.0, 0.0, 0.0, 1.0],
                [0.975022, 0.119283, -0.187357, -0.125006, 0.050174, -0.940032, -0.337375, -0.002831, -0.216365, 0.319548, -0.922537, -1.2e-05, 0.0, 0.0, 0.0, 1.0],
                [0.975066, 0.100423, -0.197894, -0.125006, 0.037708, -0.95376, -0.298195, -0.002831, -0.218689, 0.283298, -0.933765, -1.2e-05, 0.0, 0.0, 0.0, 1.0],
                [0.974604, 0.07086, -0.212427, -0.125006, 0.018895, -0.971254, -0.237294, -0.002831, -0.223135, 0.227254, -0.947927, -1.2e-05, 0.0, 0.0, 0.0, 1.0],
                [0.973109, 0.032209, -0.228083, -0.125006, -0.004477, -0.987344, -0.158529, -0.002831, -0.230302, 0.155287, -0.960649, -1.2e-05, 0.0, 0.0, 0.0, 1.0],
                [0.97016, -0.013363, -0.242097, -0.125006, -0.030406, -0.997303, -0.066801, -0.002831, -0.240552, 0.072169, -0.96795, -1.2e-05, 0.0, 0.0, 0.0, 1.0],
                [0.965599, -0.062979, -0.252294, -0.125006, -0.056785, -0.997881, 0.031767, -0.002831, -0.25376, -0.016348, -0.967129, -1.2e-05, 0.0, 0.0, 0.0, 1.0],
                [0.95962, -0.113214, -0.257513, -0.125006, -0.081623, -0.988115, 0.130253, -0.002831, -0.269199, -0.103974, -0.957456, -1.2e-05, 0.0, 0.0, 0.0, 1.0],
