{
    "armature": {
        "joints": ["Root", "Thigh_R", "Leg_R", "Knee_R", "Thigh_L", "Leg_L", "Knee_L", "Torso", "Chest", "Head", "Shoulder_R", "Arm_R", "Hand_R", "Tool_R", "Elbow_R", "Shoulder_L", "Arm_L", "Hand_L", "Tool_L", "Elbow_L"],
        "hierarchy": [
            {
                "name": "Root",
                "transform": [1.0, 0.0, 0.0, -5e-06, 0.0, 0.0, -1.0, 0.000946, 0.0, 1.0, 0.0, 0.763972, 0.0, 0.0, 0.0, 1.0],
                "children": [
                    {
                        "name": "Thigh_R",
                        "transform": [1.0, -0.0, -0.0, 0.124994, -0.0, -1.0, 0.0, -0.002831, -0.0, -0.0, -1.0, -1.2e-05, 0.0, 0.0, 0.0, 1.0],
                        "children": [
                            {
                                "name": "Leg_R",
                                "transform": [1.0, 0.0, 1e-06, 0.0, -0.0, 1.0, 0.0, 0.37472, -1e-06, -0.0, 1.0, -0.0, 0.0, 0.0, 0.0, 1.0],
                                "children": []
                            },
                            {
                                "name": "Knee_R",
                                "transform": [1.0, 0.0, -0.0, 0.0, -0.0, 0.0, -1.0, 0.37472, -0.0, 1.0, 0.0, -0.0, 0.0, 0.0, 0.0, 1.0],
                                "children": []
                            }
                        ]
                    },
                    {
                        "name": "Thigh_L",
                        "transform": [1.0, -0.0, -0.0, -0.125006, -0.0, -1.0, 0.0, -0.002831, -0.0, -0.0, -1.0, -1.2e-05, 0.0, 0.0, 0.0, 1.0],
                        "children": [
                            {
                                "name": "Leg_L",
                                "transform": [1.0, 0.0, 1e-06, -0.0, -0.0, 1.0, 0.0, 0.37472, -1e-06, -0.0, 1.0, 0.0, 0.0, 0.0, 0.0, 1.0],
                                "children": []
                            },
                            {
                                "name": "Knee_L",
                                "transform": [1.0, 0.0, -0.0, -0.0, -0.0, 0.0, -1.0, 0.37472, -0.0, 1.0, 0.0, 0.0, 0.0, 0.0, 0.0, 1.0],
                                "children": []
                            }
                        ]
                    },
                    {
                        "name": "Torso",
                        "transform": [1.0, 0.0, 0.0, 0.0, 0.0, 1.0, 0.0, 0.05, 0.0, 0.0, 1.0, 0.0, 0.0, 0.0, 0.0, 1.0],
                        "children": [
                            {
                                "name": "Chest",
                                "transform": [1.0, 0.0, 0.0, 0.0, 0.0, 1.0, 0.0, 0.3, 0.0, 0.0, 1.0, 0.0, 0.0, 0.0, 0.0, 1.0],
                                "children": [
                                    {
                                        "name": "Head",
                                        "transform": [1.0, 0.0, 0.0, 0.0, 0.0, 1.0, 0.0, 0.4, 0.0, 0.0, 1.0, 0.0, 0.0, 0.0, 0.0, 1.0],
                                        "children": []
                                    },
                                    {
                                        "name": "Shoulder_R",
                                        "transform": [0.0, 0.952114, 0.305743, 0.0, 0.0, -0.305743, 0.952114, 0.4, 1.0, 0.0, -0.0, 0.0, 0.0, 0.0, 0.0, 1.0],
                                        "children": [
                                            {
                                                "name": "Arm_R",
                                                "transform": [0.0, -0.0, -1.0, -0.0, 0.952114, 0.305743, 0.0, 0.39386, 0.305743, -0.952114, 0.0, 0.0, 0.0, 0.0, 0.0, 1.0],
                                                "children": [
                                                    {
                                                        "name": "Hand_R",
                                                        "transform": [1.0, 0.0, 0.0, 0.0, -0.0, 0.993938, 0.109947, 0.3, -0.0, -0.109947, 0.993937, 0.0, 0.0, 0.0, 0.0, 1.0],
                                                        "children": [
                                                            {
                                                                "name": "Tool_R",
                                                                "transform": [1.0, 0.0, 0.0, -0.0, 0.0, -0.999836, 0.018122, 0.272858, 0.0, -0.018122, -0.999836, 0.0, 0.0, 0.0, 0.0, 1.0],
                                                                "children": []
                                                            }
                                                        ]
                                                    },
                                                    {
                                                        "name": "Elbow_R",
                                                        "transform": [-1.0, 0.0, -0.0, 0.0, 0.0, 0.0, -1.0, 0.3, -0.0, -1.0, -0.0, 0.0, 0.0, 0.0, 0.0, 1.0],
                                                        "children": []
                                                    }
                                                ]
                                            }
                                        ]
                                    },
                                    {
                                        "name": "Shoulder_L",
                                        "transform": [-0.0, -0.952114, -0.305743, 0.0, 0.0, -0.305743, 0.952114, 0.4, -1.0, 0.0, 0.0, 0.0, 0.0, 0.0, 0.0, 1.0],
                                        "children": [
                                            {
                                                "name": "Arm_L",
                                                "transform": [-0.0, -0.0, 1.0, -0.0, -0.952114, 0.305743, -0.0, 0.39386, -0.305743, -0.952114, -0.0, 0.0, 0.0, 0.0, 0.0, 1.0],
                                                "children": [
                                                    {
                                                        "name": "Hand_L",
                                                        "transform": [1.0, -0.0, 0.0, -0.0, 0.0, 0.993937, 0.109947, 0.3, -0.0, -0.109947, 0.993937, 0.0, 0.0, 0.0, 0.0, 1.0],
                                                        "children": [
                                                            {
                                                                "name": "Tool_L",
                                                                "transform": [1.0, 0.0, 0.0, -0.0, -0.0, -0.999836, 0.018122, 0.272858, 0.0, -0.018122, -0.999836, -0.0, 0.0, 0.0, 0.0, 1.0],
                                                                "children": []
                                                            }
                                                        ]
                                                    },
                                                    {
                                                        "name": "Elbow_L",
                                                        "transform": [-1.0, 0.0, -0.0, -0.0, 0.0, -0.0, -1.0, 0.3, -0.0, -1.0, 0.0, 0.0, 0.0, 0.0, 0.0, 1.0],
                                                        "children": []
                                                    }
                                                ]
                                            }
                                        ]
                                    }
                                ]
                            }
                        ]
                    }
                ]
            }
        ]
    },
    "animation": [
        {
            "name": "Root",
            "time": [0.0, 0.0167, 0.0333, 0.05, 0.0667, 0.0833, 0.1, 0.1167, 0.1333, 0.15, 0.1667, 0.1833, 0.2, 0.2167, 0.2333, 0.25, 0.2667, 0.2833, 0.3, 0.3167, 0.3333, 0.35, 0.3667, 0.3833, 0.4, 0.4167, 0.4333, 0.45, 0.4667, 0.4833, 0.5, 0.5167, 0.5333, 0.55, 0.5667, 0.5833, 0.6],
            "transform": [
                [0.866025, 0.0, -0.5, -5e-06, -0.5, 0.0, -0.866025, 0.000946, 0.0, 1.0, 0.0, 0.763972, 0.0, 0.0, 0.0, 1.0],
                [0.866025, 0.0, -0.5, -5e-06, -0.5, 0.0, -0.866025, 0.031592, 0.0, 1.0, 0.0, 0.763972, 0.0, 0.0, 0.0, 1.0],
                [0.866025, 0.0, -0.5, -5e-06, -0.5, 0.0, -0.866025, 0.114067, 0.0, 1.0, 0.0, 0.763972, 0.0, 0.0, 0.0, 1.0],
                [0.866025, 0.0, -0.5, -5e-06, -0.5, 0.0, -0.866025, 0.234184, 0.0, 1.0, 0.0, 0.763972, 0.0, 0.0, 0.0, 1.0],
                [0.866025, 0.0, -0.5, -5e-06, -0.5, 0.0, -0.866025, 0.377751, 0.0, 1.0, 0.0, 0.763972, 0.0, 0.0, 0.0, 1.0],
                [0.866025, 0.0, -0.5, -5e-06, -0.5, 0.0, -0.866025, 0.530579, 0.0, 1.0, 0.0, 0.763972, 0.0, 0.0, 0.0, 1.0],
                [0.866025, 0.0, -0.5, -5e-06, -0.5, 0.0, -0.866025, 0.678478, 0.0, 1.0, 0.0, 0.763972, 0.0, 0.0, 0.0, 1.0],
                [0.866025, 0.0, -0.5, -5e-06, -0.5, 0.0, -0.866025, 0.807258, 0.0, 1.0, 0.0, 0.763972, 0.0, 0.0, 0.0, 1.0],
                [0.866025, 0.0, -0.5, -5e-06, -0.5, 0.0, -0.866025, 0.90273, 0.0, 1.0, 0.0, 0.763972, 0.0, 0.0, 0.0, 1.0],
                [0.866025, 0.0, -0.5, -5e-06, -0.5, 0.0, -0.866025, 0.972283, 0.0, 1.0, 0.0, 0.763972, 0.0, 0.0, 0.0, 1.0],
                [0.866025, 0.0, -0.5, -5e-06, -0.5, 0.0, -0.866025, 1.033154, 0.0, 1.0, 0.0, 0.763972, 0.0, 0.0, 0.0, 1.0],
                [0.866025, 0.0, -0.5, -5e-06, -0.5, 0.0, -0.866025, 1.085922, 0.0, 1.0, 0.0, 0.763972, 0.0, 0.0, 0.0, 1.0],
                [0.866025, 0.0, -0.5, -5e-06, -0.5, 0.0, -0.866025, 1.131165, 0.0, 1.0, 0.0, 0.763972, 0.0, 0.0, 0.0, 1.0],
                [0.866025, 0.0, -0.5, -5e-06, -0.5, 0.0, -0.866025, 1.169463, 0.0, 1.0, 0.0, 0.763972, 0.0, 0.0, 0.0, 1.0],
                [0.866025, 0.0, -0.5, -5e-06, -0.5, 0.0, -0.866025, 1.201393, 0.0, 1.0, 0.0, 0.763972, 0.0, 0.0, 0.0, 1.0],
                [0.866025, 0.0, -0.5, -5e-06, -0.5, 0.0, -0.866025, 1.227536, 0.0, 1.0, 0.0, 0.763972, 0.0, 0.0, 0.0, 1.0],
                [0.866025, 0.0, -0.5, -5e-06, -0.5, 0.0, -0.866025, 1.24847, 0.0, 1.0, 0.0, 0.763972, 0.0, 0.0, 0.0, 1.0],
                [0.866025, 0.0, -0.5, -5e-06, -0.5, 0.0, -0.866025, 1.264773, 0.0, 1.0, 0.0, 0.763972, 0.0, 0.0, 0.0, 1.0],
                [0.866025, 0.0, -0.5, -5e-06, -0.5, 0.0, -0.866025, 1.277024, 0.0, 1.0, 0.0, 0.763972, 0.0, 0.0, 0.0, 1.0],
                [0.866025, 0.0, -0.5, -5e-06, -0.5, 0.0, -0.866025, 1.285803, 0.0, 1.0, 0.0, 0.763972, 0.0, 0.0, 0.0, 1.0],
                [0.866025, 0.0, -0.5, -5e-06, -0.5, 0.0, -0.866025, 1.291687, 0.0, 1.0, 0.0, 0.763972, 0.0, 0.0, 0.0, 1.0],
                [0.866025, 0.0, -0.5, -5e-06, -0.5, 0.0, -0.866025, 1.295256, 0.0, 1.0, 0.0, 0.763972, 0.0, 0.0, 0.0, 1.0],
                [0.866025, 0.0, -0.5, -5e-06, -0.5, 0.0, -0.866025, 1.297089, 0.0, 1.0, 0.0, 0.763972, 0.0, 0.0, 0.0, 1.0],
                [0.866025, 0.0, -0.5, -5e-06, -0.5, 0.0, -0.866025, 1.297764, 0.0, 1.0, 0.0, 0.763972, 0.0, 0.0, 0.0, 1.0],
                [0.866025, 0.0, -0.5, -5e-06, -0.5, 0.0, -0.866025, 1.297861, 0.0, 1.0, 0.0, 0.763972, 0.0, 0.0, 0.0, 1.0],
                [0.866025, 0.0, -0.5, -5e-06, -0.5, 0.0, -0.866025, 1.281807, 0.0, 1.0, 0.0, 0.763972, 0.0, 0.0, 0.0, 1.0],
                [0.866025, 0.0, -0.5, -5e-06, -0.5, 0.0, -0.866025, 1.237422, 0.0, 1.0, 0.0, 0.763972, 0.0, 0.0, 0.0, 1.0],
                [0.866025, 0.0, -0.5, -5e-06, -0.5, 0.0, -0.866025, 1.170373, 0.0, 1.0, 0.0, 0.763972, 0.0, 0.0, 0.0, 1.0],
                [0.866025, 0.0, -0.5, -5e-06, -0.5, 0.0, -0.866025, 1.086326, 0.0, 1.0, 0.0, 0.763972, 0.0, 0.0, 0.0, 1.0],
                [0.866025, 0.0, -0.5, -5e-06, -0.5, 0.0, -0.866025, 0.990946, 0.0, 1.0, 0.0, 0.763972, 0.0, 0.0, 0.0, 1.0],
                [0.866025, 0.0, -0.5, -5e-06, -0.5, 0.0, -0.866025, 0.8899, 0.0, 1.0, 0.0, 0.763972, 0.0, 0.0, 0.0, 1.0],
                [0.866025, 0.0, -0.5, -5e-06, -0.5, 0.0, -0.866025, 0.788854, 0.0, 1.0, 0.0, 0.763972, 0.0, 0.0, 0.0, 1.0],
                [0.866025, 0.0, -0.5, -5e-06, -0.5, 0.0, -0.866025, 0.693474, 0.0, 1.0, 0.0, 0.763972, 0.0, 0.0, 0.0, 1.0],
                [0.866025, 0.0, -0.5, -5e-06, -0.5, 0.0, -0.866025, 0.609426, 0.0, 1.0, 0.0, 0.763972, 0.0, 0.0, 0.0, 1.0],
                [0.866025, 0.0, -0.5, -5e-06, -0.5, 0.0, -0.866025, 0.542377, 0.0, 1.0, 0.0, 0.763972, 0.0, 0.0, 0.0, 1.0],
                [0.866025, 0.0, -0.5, -5e-06, -0.5, 0.0, -0.866025, 0.497993, 0.0, 1.0, 0.0, 0.763972, 0.0, 0.0, 0.0, 1.0],
                [0.866025, 0.0, -0.5, -5e-06, -0.5, 0.0, -0.866025, 0.481939, 0.0, 1.0, 0.0, 0.763972, 0.0, 0.0, 0.0, 1.0]
            ]
        },
        {
            "name": "Thigh_R",
            "time": [0.0, 0.0167, 0.0333, 0.05, 0.0667, 0.0833, 0.1, 0.1167, 0.1333, 0.15, 0.1667, 0.1833, 0.2, 0.2167, 0.2333, 0.25, 0.2667, 0.2833, 0.3, 0.3167, 0.3333, 0.35, 0.3667, 0.3833, 0.4, 0.4167, 0.4333, 0.45, 0.4667, 0.4833, 0.5, 0.5167, 0.5333, 0.55, 0.5667, 0.5833, 0.6],
            "transform": [
                [0.923881, -0.184489, -0.335271, 0.124994, 0.040166, -0.824528, 0.564393, -0.002831, -0.380565, -0.534899, -0.754356, -1.2e-05, 0.0, 0.0, 0.0, 1.0],
                [0.923105, -0.169276, -0.345285, 0.124994, 0.044964, -0.844229, 0.534092, -0.002831, -0.381909, -0.508549, -0.771701, -1.2e-05, 0.0, 0.0, 0.0, 1.0],
                [0.92061, -0.126997, -0.369255, 0.124994, 0.057468, -0.891274, 0.449809, -0.002831, -0.386231, -0.435319, -0.813218, -1.2e-05, 0.0, 0.0, 0.0, 1.0],
                [0.915983, -0.062631, -0.396299, 0.124994, 0.074469, -0.944038, 0.321319, -0.002831, -0.394246, -0.323834, -0.860059, -1.2e-05, 0.0, 0.0, 0.0, 1.0],
                [0.909194, 0.015763, -0.416075, 0.124994, 0.092341, -0.982032, 0.164575, -0.002831, -0.406005, -0.188051, -0.894313, -1.2e-05, 0.0, 0.0, 0.0, 1.0],
                [0.901048, 0.096198, -0.422916, 0.124994, 0.107782, -0.994168, 0.003497, -0.002831, -0.420114, -0.048734, -0.906162, -1.2e-05, 0.0, 0.0, 0.0, 1.0],
                [0.893101, 0.16556, -0.418283, 0.124994, 0.118829, -0.983611, -0.135605, -0.002831, -0.433879, 0.071405, -0.898137, -1.2e-05, 0.0, 0.0, 0.0, 1.0],
                [0.887157, 0.213029, -0.409354, 0.124994, 0.125149, -0.964893, -0.230909, -0.002831, -0.444173, 0.153622, -0.882672, -1.2e-05, 0.0, 0.0, 0.0, 1.0],
                [0.884857, 0.230536, -0.404824, 0.124994, 0.127213, -0.955519, -0.266082, -0.002831, -0.448158, 0.183946, -0.874825, -1.2e-05, 0.0, 0.0, 0.0, 1.0],
                [0.884857, 0.230536, -0.404824, 0.124994, 0.127213, -0.955519, -0.266082, -0.002831, -0.448158, 0.183946, -0.874825, -1.2e-05, 0.0, 0.0, 0.0, 1.0],
                [0.884857, 0.230536, -0.404824, 0.124994, 0.127213, -0.955519, -0.266082, -0.002831, -0.448158, 0.183946, -0.874825, -1.2e-05, 0.0, 0.0, 0.0, 1.0],
                [0.884857, 0.230536, -0.404824, 0.124994, 0.127213, -0.955519, -0.266082, -0.002831, -0.448158, 0.183946, -0.874825, -1.2e-05, 0.0, 0.0, 0.0, 1.0],
                [0.884857, 0.230536, -0.404824, 0.124994, 0.127213, -0.955519, -0.266082, -0.002831, -0.448158, 0.183946, -0.874825, -1.2e-05, 0.0, 0.0, 0.0, 1.0],
                [0.884857, 0.230536, -0.404824, 0.124994, 0.127213, -0.955519, -0.266082, -0.002831, -0.448158, 0.183946, -0.874825, -1.2e-05, 0.0, 0.0, 0.0, 1.0],
                [0.884857, 0.230536, -0.404824, 0.124994, 0.127213, -0.955519, -0.266082, -0.002831, -0.448158, 0.183946, -0.874825, -1.2e-05, 0.0, 0.0, 0.0, 1.0],
                [0.884857, 0.230536, -0.404824, 0.124994, 0.127213, -0.955519, -0.266082, -0.002831, -0.448158, 0.183946, -0.874825, -1.2e-05, 0.0, 0.0, 0.0, 1.0],
                [0.884857, 0.230536, -0.404824, 0.124994, 0.127213, -0.955519, -0.266082, -0.002831, -0.448158, 0.183946, -0.874825, -1.2e-05, 0.0, 0.0, 0.0, 1.0],
                [0.884857, 0.230536, -0.404824, 0.124994, 0.127213, -0.955519, -0.266082, -0.002831, -0.448158, 0.183946, -0.874825, -1.2e-05, 0.0, 0.0, 0.0, 1.0],
                [0.884857, 0.230536, -0.404824, 0.124994, 0.127213, -0.955519, -0.266082, -0.002831, -0.448158, 0.183946, -0.874825, -1.2e-05, 0.0, 0.0, 0.0, 1.0],
                [0.884857, 0.230536, -0.404824, 0.124994, 0.127213, -0.955519, -0.266082, -0.002831, -0.448158, 0.183946, -0.874825, -1.2e-05, 0.0, 0.0, 0.0, 1.0],
                [0.884857, 0.230536, -0.404824, 0.124994, 0.127213, -0.955519, -0.266082, -0.002831, -0.448158, 0.183946, -0.874825, -1.2e-05, 0.0, 0.0, 0.0, 1.0],
                [0.884857, 0.230536, -0.404824, 0.124994, 0.127213, -0.955519, -0.266082, -0.002831, -0.448158, 0.183946, -0.874825, -1.2e-05, 0.0, 0.0, 0.0, 1.0],
                [0.884857, 0.230536, -0.404824, 0.124994, 0.127213, -0.955519, -0.266082, -0.002831, -0.448158, 0.183946, -0.874825, -1.2e-05, 0.0, 0.0, 0.0, 1.0],
                [0.884857, 0.230536, -0.404824, 0.124994, 0.127213, -0.955519, -0.266082, -0.002831, -0.448158, 0.183946, -0.874825, -1.2e-05, 0.0, 0.0, 0.0, 1.0],
                [0.884857, 0.230536, -0.404824, 0.124994, 0.127213, -0.955519, -0.266082, -0.002831, -0.448158, 0.183946, -0.874825, -1.2e-05, 0.0, 0.0, 0.0, 1.0],
                [0.891206, 0.228433, -0.39188, 0.124994, 0.129332, -0.956041, -0.263168, -0.002831, -0.43477, 0.183855, -0.881574, -1.2e-05, 0.0, 0.0, 0.0, 1.0],
                [0.907814, 0.222602, -0.355417, 0.124994, 0.134986, -0.957497, -0.254906, -0.002831, -0.397054, 0.183431, -0.899278, -1.2e-05, 0.0, 0.0, 0.0, 1.0],
                [0.930134, 0.213765, -0.298588, 0.124994, 0.142919, -0.959723, -0.241878, -0.002831, -0.338267, 0.182305, -0.923223, -1.2e-05, 0.0, 0.0, 0.0, 1.0],
                [0.953086, 0.20272, -0.224791, 0.124994, 0.151733, -0.96254, -0.224705, -0.002831, -0.261923, 0.180056, -0.948144, -1.2e-05, 0.0, 0.0, 0.0, 1.0],
                [0.971914, 0.190359, -0.138374, 0.124994, 0.160069, -0.965742, -0.204256, -0.002831, -0.172516, 0.17637, -0.969088, -1.2e-05, 0.0, 0.0, 0.0, 1.0],
                [0.983073, 0.177636, -0.044856, 0.124994, 0.166818, -0.969094, -0.181737, -0.002831, -0.075753, 0.171178, -0.982324, -1.2e-05, 0.0, 0.0, 0.0, 1.0],
                [0.984976, 0.16548, 0.049381, 0.124994, 0.171314, -0.972359, -0.158649, -0.002831, 0.021762, 0.164725, -0.986099, -1.2e-05, 0.0, 0.0, 0.0, 1.0],
                [0.978311, 0.154679, 0.137778, 0.124994, 0.173448, -0.975318, -0.136636, -0.002831, 0.113243, 0.157569, -0.980993, -1.2e-05, 0.0, 0.0, 0.0, 1.0],
                [0.965818, 0.145803, 0.214328, 0.124994, 0.173639, -0.9778, -0.117288, -0.002831, 0.192469, 0.150495, -0.969694, -1.2e-05, 0.0, 0.0, 0.0, 1.0],
                [0.951603, 0.139202, 0.273996, 0.124994, 0.172684, -0.97968, -0.102018, -0.002831, 0.254227, 0.144396, -0.956305, -1.2e-05, 0.0, 0.0, 0.0, 1.0],
                [0.94022, 0.135083, 0.312633, 0.124994, 0.171528, -0.98087, -0.092038, -0.002831, 0.29422, 0.140161, -0.945404, -1.2e-05, 0.0, 0.0, 0.0, 1.0],
                [0.93573, 0.133644, 0.326418, 0.124994, 0.17101, -0.98129, -0.08846, -0.002831, 0.308489, 0.138595, -0.941077, -1.2e-05, 0.0, 0.0, 0.0, 1.0]
            ]
        },
        {
            "name": "Leg_R",
            "time": [0.0, 0.0167, 0.0333, 0.05, 0.0667, 0.0833, 0.1, 0.1167, 0.1333, 0.15, 0.1667, 0.1833, 0.2, 0.2167, 0.2333, 0.25, 0.2667, 0.2833, 0.3, 0.3167, 0.3333, 0.35, 0.3667, 0.3833, 0.4, 0.4167, 0.4333, 0.45, 0.4667, 0.4833, 0.5, 0.5167, 0.5333, 0.55, 0.5667, 0.5833, 0.6],
            "transform": [
                [0.999709, 0.021639, -0.010631, -0.0, -0.013457, 0.866713, 0.498626, 0.37472, 0.020004, -0.498337, 0.866753, 0.0, 0.0, 0.0, 0.0, 1.0],
                [0.999709, 0.021639, -0.010631, 0.0, -0.013457, 0.866713, 0.498625, 0.37472, 0.020004, -0.498337, 0.866752, 0.0, 0.0, 0.0, 0.0, 1.0],
                [0.999709, 0.021639, -0.010631, 0.0, -0.013457, 0.866713, 0.498625, 0.37472, 0.020004, -0.498337, 0.866752, -0.0, 0.0, 0.0, 0.0, 1.0],
                [0.999709, 0.021639, -0.010631, -0.0, -0.013457, 0.866713, 0.498625, 0.37472, 0.020004, -0.498337, 0.866752, 0.0, 0.0, 0.0, 0.0, 1.0],
                [0.999709, 0.021639, -0.010631, -0.0, -0.013457, 0.866713, 0.498625, 0.37472, 0.020004, -0.498337, 0.866752, 0.0, 0.0, 0.0, 0.0, 1.0],
                [0.999709, 0.021639, -0.010631, -0.0, -0.013457, 0.866713, 0.498625, 0.37472, 0.020004, -0.498337, 0.866752, -0.0, 0.0, 0.0, 0.0, 1.0],
                [0.999709, 0.021639, -0.010631, 0.0, -0.013458, 0.866713, 0.498625, 0.37472, 0.020004, -0.498337, 0.866752, 0.0, 0.0, 0.0, 0.0, 1.0],
                [0.999709, 0.021639, -0.010631, -0.0, -0.013457, 0.866713, 0.498625, 0.37472, 0.020004, -0.498337, 0.866752, -0.0, 0.0, 0.0, 0.0, 1.0],
                [0.999709, 0.021639, -0.010631, 0.0, -0.013457, 0.866713, 0.498625, 0.37472, 0.020004, -0.498337, 0.866752, -0.0, 0.0, 0.0, 0.0, 1.0],
                [0.999709, 0.021639, -0.010631, 0.0, -0.013457, 0.866713, 0.498625, 0.37472, 0.020004, -0.498337, 0.866752, 0.0, 0.0, 0.0, 0.0, 1.0],
                [0.999709, 0.021639, -0.010631, 0.0, -0.013457, 0.866713, 0.498625, 0.37472, 0.020004, -0.498337, 0.866752, 0.0, 0.0, 0.0, 0.0, 1.0],
                [0.999709, 0.021639, -0.010631, -0.0, -0.013457, 0.866713, 0.498625, 0.37472, 0.020004, -0.498337, 0.866752, 0.0, 0.0, 0.0, 0.0, 1.0],
                [0.999709, 0.021639, -0.010631, 0.0, -0.013457, 0.866713, 0.498625, 0.37472, 0.020004, -0.498337, 0.866752, 0.0, 0.0, 0.0, 0.0, 1.0],
                [0.999709, 0.021639, -0.010631, 0.0, -0.013457, 0.866713, 0.498625, 0.37472, 0.020004, -0.498337, 0.866752, -0.0, 0.0, 0.0, 0.0, 1.0],
                [0.999709, 0.021639, -0.010631, -0.0, -0.013457, 0.866713, 0.498625, 0.37472, 0.020004, -0.498337, 0.866752, 0.0, 0.0, 0.0, 0.0, 1.0],
                [0.999709, 0.021639, -0.010631, 0.0, -0.013457, 0.866713, 0.498625, 0.37472, 0.020004, -0.498337, 0.866752, -0.0, 0.0, 0.0, 0.0, 1.0],
                [0.999709, 0.021639, -0.010631, -0.0, -0.013457, 0.866713, 0.498625, 0.37472, 0.020004, -0.498337, 0.866752, -0.0, 0.0, 0.0, 0.0, 1.0],
                [0.999709, 0.021639, -0.010631, -0.0, -0.013457, 0.866713, 0.498625, 0.37472, 0.020004, -0.498337, 0.866752, 0.0, 0.0, 0.0, 0.0, 1.0],
                [0.999709, 0.021639, -0.010631, 0.0, -0.013457, 0.866713, 0.498625, 0.37472, 0.020004, -0.498337, 0.866752, 0.0, 0.0, 0.0, 0.0, 1.0],
                [0.999709, 0.021639, -0.010631, -0.0, -0.013457, 0.866713, 0.498625, 0.37472, 0.020004, -0.498337, 0.866752, 0.0, 0.0, 0.0, 0.0, 1.0],
                [0.999709, 0.021639, -0.010631, -0.0, -0.013457, 0.866713, 0.498625, 0.37472, 0.020004, -0.498337, 0.866752, -0.0, 0.0, 0.0, 0.0, 1.0],
                [0.999709, 0.021639, -0.010631, 0.0, -0.013457, 0.866713, 0.498625, 0.37472, 0.020004, -0.498337, 0.866752, -0.0, 0.0, 0.0, 0.0, 1.0],
                [0.999709, 0.021639, -0.010631, 0.0, -0.013457, 0.866713, 0.498625, 0.37472, 0.020004, -0.498337, 0.866752, 0.0, 0.0, 0.0, 0.0, 1.0],
                [0.999709, 0.021639, -0.010631, 0.0, -0.013457, 0.866713, 0.498625, 0.37472, 0.020004, -0.498337, 0.866752, 0.0, 0.0, 0.0, 0.0, 1.0],
                [0.999709, 0.021639, -0.010631, 0.0, -0.013457, 0.866713, 0.498625, 0.37472, 0.020004, -0.498337, 0.866752, 0.0, 0.0, 0.0, 0.0, 1.0],
                [0.999721, 0.021197, -0.010459, -0.0, -0.013227, 0.868407, 0.495675, 0.37472, 0.019589, -0.495398, 0.868445, 0.0, 0.0, 0.0, 0.0, 1.0],
                [0.999751, 0.019978, -0.009974, -0.0, -0.012582, 0.87304, 0.487486, 0.37472, 0.018447, -0.487239, 0.873074, 0.0, 0.0, 0.0, 0.0, 1.0],
                [0.999793, 0.018144, -0.00922, 0.0, -0.011588, 0.879893, 0.47503, 0.37472, 0.016732, -0.474825, 0.879921, -0.0, 0.0, 0.0, 0.0, 1.0],
                [0.99984, 0.01586, -0.008238, -0.0, -0.010306, 0.888235, 0.459275, 0.37472, 0.014601, -0.459116, 0.888256, -0.0, 0.0, 0.0, 0.0, 1.0],
                [0.999887, 0.013289, -0.007074, 0.0, -0.008805, 0.897359, 0.441213, 0.37472, 0.012211, -0.441101, 0.897374, -0.0, 0.0, 0.0, 0.0, 1.0],
                [0.999927, 0.01059, -0.005783, 0.0, -0.007162, 0.906624, 0.42188, 0.37472, 0.009711, -0.421808, 0.906633, 0.0, 0.0, 0.0, 0.0, 1.0],
                [0.999959, 0.00792, -0.004436, -0.0, -0.005466, 0.915468, 0.402355, 0.37472, 0.007247, -0.402314, 0.915473, -0.0, 0.0, 0.0, 0.0, 1.0],
                [0.999981, 0.005427, -0.003111, 0.0, -0.003817, 0.923424, 0.383762, 0.37472, 0.004956, -0.383743, 0.923427, 0.0, 0.0, 0.0, 0.0, 1.0],
                [0.999993, 0.003253, -0.001903, -0.0, -0.002327, 0.930117, 0.367256, 0.37472, 0.002965, -0.367249, 0.930118, -0.0, 0.0, 0.0, 0.0, 1.0],
                [0.999998, 0.001535, -0.000913, 0.0, -0.001113, 0.93524, 0.354013, 0.37472, 0.001397, -0.354011, 0.93524, 0.0, 0.0, 0.0, 0.0, 1.0],
                [1.0, 0.000407, -0.000244, 0.0, -0.000298, 0.938525, 0.345211, 0.37472, 0.000369, -0.345211, 0.938525, -0.0, 0.0, 0.0, 0.0, 1.0],
                [1.0, 0.0, 1e-06, -0.0, -0.0, 0.939693, 0.342021, 0.37472, -1e-06, -0.342021, 0.939693, 0.0, 0.0, 0.0, 0.0, 1.0]
            ]
        },
        {
            "name": "Knee_R",
            "time": [0.0, 0.0167, 0.0333, 0.05, 0.0667, 0.0833, 0.1, 0.1167, 0.1333, 0.15, 0.1667, 0.1833, 0.2, 0.2167, 0.2333, 0.25, 0.2667, 0.2833, 0.3, 0.3167, 0.3333, 0.35, 0.3667, 0.3833, 0.4, 0.4167, 0.4333, 0.45, 0.4667, 0.4833, 0.5, 0.5167, 0.5333, 0.55, 0.5667, 0.5833, 0.6],
            "transform": [
                [1.0, 0.0, -0.0, -0.0, -0.0, 0.0, -1.0, 0.37472, -0.0, 1.0, 0.0, 0.0, 0.0, 0.0, 0.0, 1.0],
                [1.0, 0.0, -0.0, 0.0, -0.0, 0.0, -1.0, 0.37472, -0.0, 1.0, 0.0, 0.0, 0.0, 0.0, 0.0, 1.0],
                [1.0, 0.0, -0.0, 0.0, -0.0, 0.0, -1.0, 0.37472, -0.0, 1.0, 0.0, -0.0, 0.0, 0.0, 0.0, 1.0],
                [1.0, 0.0, -0.0, -0.0, -0.0, 0.0, -1.0, 0.37472, -0.0, 1.0, 0.0, 0.0, 0.0, 0.0, 0.0, 1.0],
                [1.0, 0.0, -0.0, -0.0, -0.0, 0.0, -1.0, 0.37472, -0.0, 1.0, 0.0, 0.0, 0.0, 0.0, 0.0, 1.0],
                [1.0, 0.0, -0.0, -0.0, -0.0, 0.0, -1.0, 0.37472, -0.0, 1.0, 0.0, -0.0, 0.0, 0.0, 0.0, 1.0],
                [1.0, 0.0, -0.0, 0.0, -0.0, 0.0, -1.0, 0.37472, -0.0, 1.0, 0.0, 0.0, 0.0, 0.0, 0.0, 1.0],
                [1.0, 0.0, -0.0, -0.0, -0.0, 0.0, -1.0, 0.37472, -0.0, 1.0, 0.0, -0.0, 0.0, 0.0, 0.0, 1.0],
                [1.0, 0.0, -0.0, 0.0, -0.0, 0.0, -1.0, 0.37472, -0.0, 1.0, 0.0, -0.0, 0.0, 0.0, 0.0, 1.0],
                [1.0, 0.0, -0.0, 0.0, -0.0, 0.0, -1.0, 0.37472, -0.0, 1.0, 0.0, 0.0, 0.0, 0.0, 0.0, 1.0],
                [1.0, 0.0, -0.0, 0.0, -0.0, 0.0, -1.0, 0.37472, -0.0, 1.0, 0.0, 0.0, 0.0, 0.0, 0.0, 1.0],
                [1.0, 0.0, -0.0, -0.0, -0.0, 0.0, -1.0, 0.37472, -0.0, 1.0, 0.0, 0.0, 0.0, 0.0, 0.0, 1.0],
                [1.0, 0.0, -0.0, 0.0, -0.0, 0.0, -1.0, 0.37472, -0.0, 1.0, 0.0, 0.0, 0.0, 0.0, 0.0, 1.0],
                [1.0, 0.0, -0.0, 0.0, -0.0, 0.0, -1.0, 0.37472, -0.0, 1.0, 0.0, -0.0, 0.0, 0.0, 0.0, 1.0],
                [1.0, 0.0, -0.0, -0.0, -0.0, 0.0, -1.0, 0.37472, -0.0, 1.0, 0.0, 0.0, 0.0, 0.0, 0.0, 1.0],
                [1.0, 0.0, -0.0, 0.0, -0.0, 0.0, -1.0, 0.37472, -0.0, 1.0, 0.0, -0.0, 0.0, 0.0, 0.0, 1.0],
                [1.0, 0.0, -0.0, -0.0, -0.0, 0.0, -1.0, 0.37472, -0.0, 1.0, 0.0, -0.0, 0.0, 0.0, 0.0, 1.0],
                [1.0, 0.0, -0.0, -0.0, -0.0, 0.0, -1.0, 0.37472, -0.0, 1.0, 0.0, 0.0, 0.0, 0.0, 0.0, 1.0],
                [1.0, 0.0, -0.0, 0.0, -0.0, 0.0, -1.0, 0.37472, -0.0, 1.0, 0.0, 0.0, 0.0, 0.0, 0.0, 1.0],
                [1.0, 0.0, -0.0, -0.0, -0.0, 0.0, -1.0, 0.37472, -0.0, 1.0, 0.0, 0.0, 0.0, 0.0, 0.0, 1.0],
                [1.0, 0.0, -0.0, -0.0, -0.0, 0.0, -1.0, 0.37472, -0.0, 1.0, 0.0, -0.0, 0.0, 0.0, 0.0, 1.0],
                [1.0, 0.0, -0.0, 0.0, -0.0, 0.0, -1.0, 0.37472, -0.0, 1.0, 0.0, -0.0, 0.0, 0.0, 0.0, 1.0],
                [1.0, 0.0, -0.0, 0.0, -0.0, 0.0, -1.0, 0.37472, -0.0, 1.0, 0.0, 0.0, 0.0, 0.0, 0.0, 1.0],
                [1.0, 0.0, -0.0, 0.0, -0.0, 0.0, -1.0, 0.37472, -0.0, 1.0, 0.0, 0.0, 0.0, 0.0, 0.0, 1.0],
                [1.0, 0.0, -0.0, 0.0, -0.0, 0.0, -1.0, 0.37472, -0.0, 1.0, 0.0, 0.0, 0.0, 0.0, 0.0, 1.0],
                [1.0, 0.0, -0.0, -0.0, -0.0, 0.0, -1.0, 0.37472, -0.0, 1.0, 0.0, 0.0, 0.0, 0.0, 0.0, 1.0],
                [1.0, 0.0, -0.0, -0.0, -0.0, 0.0, -1.0, 0.37472, -0.0, 1.0, 0.0, 0.0, 0.0, 0.0, 0.0, 1.0],
                [1.0, 0.0, -0.0, 0.0, -0.0, 0.0, -1.0, 0.37472, -0.0, 1.0, 0.0, -0.0, 0.0, 0.0, 0.0, 1.0],
                [1.0, 0.0, -0.0, -0.0, -0.0, 0.0, -1.0, 0.37472, -0.0, 1.0, 0.0, -0.0, 0.0, 0.0, 0.0, 1.0],
                [1.0, 0.0, -0.0, 0.0, -0.0, 0.0, -1.0, 0.37472, -0.0, 1.0, 0.0, -0.0, 0.0, 0.0, 0.0, 1.0],
                [1.0, 0.0, -0.0, 0.0, -0.0, 0.0, -1.0, 0.37472, -0.0, 1.0, 0.0, 0.0, 0.0, 0.0, 0.0, 1.0],
                [1.0, 0.0, -0.0, -0.0, -0.0, 0.0, -1.0, 0.37472, -0.0, 1.0, 0.0, -0.0, 0.0, 0.0, 0.0, 1.0],
                [1.0, 0.0, -0.0, 0.0, -0.0, 0.0, -1.0, 0.37472, -0.0, 1.0, 0.0, 0.0, 0.0, 0.0, 0.0, 1.0],
                [1.0, 0.0, -0.0, -0.0, -0.0, 0.0, -1.0, 0.37472, -0.0, 1.0, 0.0, -0.0, 0.0, 0.0, 0.0, 1.0],
                [1.0, 0.0, -0.0, 0.0, -0.0, 0.0, -1.0, 0.37472, -0.0, 1.0, 0.0, 0.0, 0.0, 0.0, 0.0, 1.0],
                [1.0, 0.0, -0.0, 0.0, -0.0, 0.0, -1.0, 0.37472, -0.0, 1.0, 0.0, -0.0, 0.0, 0.0, 0.0, 1.0],
                [1.0, 0.0, -1e-06, -0.0, -0.0, 0.0, -1.0, 0.37472, -0.0, 1.0, 0.0, 0.0, 0.0, 0.0, 0.0, 1.0]
            ]
        },
        {
            "name": "Thigh_L",
            "time": [0.0, 0.0167, 0.0333, 0.05, 0.0667, 0.0833, 0.1, 0.1167, 0.1333, 0.15, 0.1667, 0.1833, 0.2, 0.2167, 0.2333, 0.25, 0.2667, 0.2833, 0.3, 0.3167, 0.3333, 0.35, 0.3667, 0.3833, 0.4, 0.4167, 0.4333, 0.45, 0.4667, 0.4833, 0.5, 0.5167, 0.5333, 0.55, 0.5667, 0.5833, 0.6],
            "transform": [
                [0.97494, 0.125956, -0.183377, -0.125006, 0.054677, -0.934664, -0.351302, -0.002831, -0.215644, 0.332472, -0.918128, -1.2e-05, 0.0, 0.0, 0.0, 1.0],
                [0.97568, 0.112111, -0.188359, -0.125006, 0.045793, -0.944597, -0.325022, -0.002831, -0.214362, 0.308492, -0.926759, -1.2e-05, 0.0, 0.0, 0.0, 1.0],
                [0.977008, 0.07466, -0.1997, -0.125006, 0.022007, -0.966992, -0.253855, -0.002831, -0.212062, 0.243624, -0.946402, -1.2e-05, 0.0, 0.0, 0.0, 1.0],
                [0.977283, 0.019862, -0.211003, -0.125006, -0.012192, -0.988681, -0.149536, -0.002831, -0.211585, 0.148712, -0.96598, -1.2e-05, 0.0, 0.0, 0.0, 1.0],
                [0.975223, -0.044462, -0.216712, -0.125006, -0.051472, -0.998314, -0.026809, -0.002831, -0.215155, 0.037299, -0.975867, -1.2e-05, 0.0, 0.0, 0.0, 1.0],
                [0.970646, -0.10887, -0.21446, -0.125006, -0.089892, -0.991278, 0.096366, -0.002831, -0.223081, -0.074259, -0.971967, -1.2e-05, 0.0, 0.0, 0.0, 1.0],
                [0.96471, -0.163876, -0.206106, -0.125006, -0.121969, -0.971804, 0.201791, -0.002831, -0.233363, -0.169531, -0.957497, -1.2e-05, 0.0, 0.0, 0.0, 1.0],
                [0.959508, -0.201545, -0.196782, -0.125006, -0.143524, -0.950925, 0.27412, -0.002831, -0.242373, -0.234777, -0.941347, -1.2e-05, 0.0, 0.0, 0.0, 1.0],
                [0.957336, -0.215487, -0.192546, -0.125006, -0.151412, -0.941553, 0.300918, -0.002831, -0.246136, -0.258926, -0.93401, -1.2e-05, 0.0, 0.0, 0.0, 1.0],
                [0.957336, -0.215487, -0.192546, -0.125006, -0.151412, -0.941553, 0.300918, -0.002831, -0.246136, -0.258926, -0.93401, -1.2e-05, 0.0, 0.0, 0.0, 1.0],
                [0.957336, -0.215487, -0.192546, -0.125006, -0.151412, -0.941553, 0.300918, -0.002831, -0.246136, -0.258926, -0.93401, -1.2e-05, 0.0, 0.0, 0.0, 1.0],
                [0.957336, -0.215487, -0.192546, -0.125006, -0.151412, -0.941553, 0.300918, -0.002831, -0.246136, -0.258926, -0.93401, -1.2e-05, 0.0, 0.0, 0.0, 1.0],
                [0.957336, -0.215487, -0.192546, -0.125006, -0.151412, -0.941553, 0.300918, -0.002831, -0.246136, -0.258926, -0.93401, -1.2e-05, 0.0, 0.0, 0.0, 1.0],
                [0.957336, -0.215487, -0.192546, -0.125006, -0.151412, -0.941553, 0.300918, -0.002831, -0.246136, -0.258926, -0.93401, -1.2e-05, 0.0, 0.0, 0.0, 1.0],
                [0.957336, -0.215487, -0.192546, -0.125006, -0.151412, -0.941553, 0.300918, -0.002831, -0.246136, -0.258926, -0.93401, -1.2e-05, 0.0, 0.0, 0.0, 1.0],
                [0.957336, -0.215487, -0.192546, -0.125006, -0.151412, -0.941553, 0.300918, -0.002831, -0.246136, -0.258926, -0.93401, -1.2e-05, 0.0, 0.0, 0.0, 1.0],
                [0.957336, -0.215487, -0.192546, -0.125006, -0.151412, -0.941553, 0.300918, -0.002831, -0.246136, -0.258926, -0.93401, -1.2e-05, 0.0, 0.0, 0.0, 1.0],
                [0.957336, -0.215487, -0.192546, -0.125006, -0.151412, -0.941553, 0.300918, -0.002831, -0.246136, -0.258926, -0.93401, -1.2e-05, 0.0, 0.0, 0.0, 1.0],
                [0.957336, -0.215487, -0.192546, -0.125006, -0.151412, -0.941553, 0.300918, -0.002831, -0.246136, -0.258926, -0.93401, -1.2e-05, 0.0, 0.0, 0.0, 1.0],
                [0.957336, -0.215487, -0.192546, -0.125006, -0.151412, -0.941553, 0.300918, -0.002831, -0.246136, -0.258926, -0.93401, -1.2e-05, 0.0, 0.0, 0.0, 1.0],
                [0.957336, -0.215487, -0.192546, -0.125006, -0.151412, -0.941553, 0.300918, -0.002831, -0.246136, -0.258926, -0.93401, -1.2e-05, 0.0, 0.0, 0.0, 1.0],
                [0.957336, -0.215487, -0.192546, -0.125006, -0.151412, -0.941553, 0.300918, -0.002831, -0.246136, -0.258926, -0.93401, -1.2e-05, 0.0, 0.0, 0.0, 1.0],
                [0.957336, -0.215487, -0.192546, -0.125006, -0.151412, -0.941553, 0.300918, -0.002831, -0.246136, -0.258926, -0.93401, -1.2e-05, 0.0, 0.0, 0.0, 1.0],
                [0.957336, -0.215487, -0.192546, -0.125006, -0.151412, -0.941553, 0.300918, -0.002831, -0.246136, -0.258926, -0.93401, -1.2e-05, 0.0, 0.0, 0.0, 1.0],
                [0.957336, -0.215487, -0.192546, -0.125006, -0.151412, -0.941553, 0.300918, -0.002831, -0.246136, -0.258926, -0.93401, -1.2e-05, 0.0, 0.0, 0.0, 1.0],
                [0.956928, -0.216345, -0.193607, -0.125006, -0.151367, -0.940835, 0.30318, -0.002831, -0.247744, -0.260816, -0.933059, -1.2e-05, 0.0, 0.0, 0.0, 1.0],
                [0.95579, -0.218727, -0.196529, -0.125006, -0.15122, -0.938823, 0.309425, -0.002831, -0.252185, -0.266026, -0.930394, -1.2e-05, 0.0, 0.0, 0.0, 1.0],
                [0.954041, -0.222356, -0.200907, -0.125006, -0.150941, -0.935713, 0.318838, -0.002831, -0.258887, -0.273859, -0.926271, -1.2e-05, 0.0, 0.0, 0.0, 1.0],
                [0.951797, -0.226956, -0.206335, -0.125006, -0.150495, -0.931695, 0.330597, -0.002831, -0.267272, -0.283609, -0.920941, -1.2e-05, 0.0, 0.0, 0.0, 1.0],
                [0.949181, -0.232246, -0.212409, -0.125006, -0.149858, -0.926977, 0.343884, -0.002831, -0.276764, -0.294577, -0.914673, -1.2e-05, 0.0, 0.0, 0.0, 1.0],
                [0.946331, -0.237926, -0.218744, -0.125006, -0.149031, -0.921794, 0.357888, -0.002831, -0.286788, -0.306081, -0.907781, -1.2e-05, 0.0, 0.0, 0.0, 1.0],
                [0.943401, -0.243682, -0.224972, -0.125006, -0.148049, -0.916426, 0.371812, -0.002831, -0.296774, -0.317462, -0.900635, -1.2e-05, 0.0, 0.0, 0.0, 1.0],
                [0.940564, -0.249184, -0.230751, -0.125006, -0.146979, -0.91119, 0.384876, -0.002831, -0.306163, -0.328085, -0.893658, -1.2e-05, 0.0, 0.0, 0.0, 1.0],
                [0.938007, -0.254085, -0.235761, -0.125006, -0.145922, -0.906442, 0.39632, -0.002831, -0.314403, -0.337348, -0.887326, -1.2e-05, 0.0, 0.0, 0.0, 1.0],
                [0.935929, -0.258029, -0.239702, -0.125006, -0.145003, -0.902565, 0.405401, -0.002831, -0.320952, -0.34467, -0.882152, -1.2e-05, 0.0, 0.0, 0.0, 1.0],
                [0.934536, -0.260657, -0.242282, -0.125006, -0.144357, -0.899955, 0.411389, -0.002831, -0.325275, -0.349482, -0.878669, -1.2e-05, 0.0, 0.0, 0.0, 1.0],
                [0.934028, -0.26161, -0.24321, -0.125006, -0.144117, -0.899003, 0.413549, -0.002831, -0.326836, -0.351216, -0.877397, -1.2e-05, 0.0, 0.0, 0.0, 1.0]
            ]
        },
        {
            "name": "Leg_L",
            "time": [0.0, 0.0167, 0.0333, 0.05, 0.0667, 0.0833, 0.1, 0.1167, 0.1333, 0.15, 0.1667, 0.1833, 0.2, 0.2167, 0.2333, 0.25, 0.2667, 0.2833, 0.3, 0.3167, 0.3333, 0.35, 0.3667, 0.3833, 0.4, 0.4167, 0.4333, 0.45, 0.4667, 0.4833, 0.5, 0.5167, 0.5333, 0.55, 0.5667, 0.5833, 0.6],
            "transform": [
                [0.992741, 0.089265, -0.080607, 0.0, -0.059086, 0.945709, 0.319599, 0.37472, 0.10476, -0.312516, 0.944118, 0.0, 0.0, 0.0, 0.0, 1.0],
                [0.992741, 0.089265, -0.080607, 0.0, -0.059086, 0.945709, 0.319599, 0.37472, 0.10476, -0.312516, 0.944118, -0.0, 0.0, 0.0, 0.0, 1.0],
                [0.992741, 0.089265, -0.080607, 0.0, -0.059086, 0.945709, 0.319599, 0.37472, 0.10476, -0.312516, 0.944118, 0.0, 0.0, 0.0, 0.0, 1.0],
                [0.992741, 0.089265, -0.080607, 0.0, -0.059086, 0.945709, 0.319599, 0.37472, 0.10476, -0.312516, 0.944118, -0.0, 0.0, 0.0, 0.0, 1.0],
                [0.992741, 0.089265, -0.080607, 0.0, -0.059086, 0.945709, 0.319599, 0.37472, 0.10476, -0.312516, 0.944118, -0.0, 0.0, 0.0, 0.0, 1.0],
                [0.992741, 0.089265, -0.080607, 0.0, -0.059086, 0.945709, 0.319599, 0.37472, 0.10476, -0.312516, 0.944118, -0.0, 0.0, 0.0, 0.0, 1.0],
                [0.992741, 0.089265, -0.080607, 0.0, -0.059086, 0.945709, 0.319599, 0.37472, 0.10476, -0.312516, 0.944118, 0.0, 0.0, 0.0, 0.0, 1.0],
                [0.992741, 0.089265, -0.080607, 0.0, -0.059086, 0.945709, 0.319599, 0.37472, 0.10476, -0.312516, 0.944118, 0.0, 0.0, 0.0, 0.0, 1.0],
                [0.992741, 0.089265, -0.080607, -0.0, -0.059086, 0.945709, 0.319599, 0.37472, 0.10476, -0.312516, 0.944118, 0.0, 0.0, 0.0, 0.0, 1.0],
                [0.992741, 0.089265, -0.080607, 0.0, -0.059086, 0.945709, 0.319599, 0.37472, 0.10476, -0.312516, 0.944118, 0.0, 0.0, 0.0, 0.0, 1.0],
                [0.992741, 0.089265, -0.080607, -0.0, -0.059086, 0.945709, 0.319599, 0.37472, 0.10476, -0.312516, 0.944118, 0.0, 0.0, 0.0, 0.0, 1.0],
                [0.992741, 0.089265, -0.080607, 0.0, -0.059086, 0.945709, 0.319599, 0.37472, 0.10476, -0.312516, 0.944118, 0.0, 0.0, 0.0, 0.0, 1.0],
                [0.992741, 0.089265, -0.080607, -0.0, -0.059086, 0.945709, 0.319599, 0.37472, 0.10476, -0.312516, 0.944118, 0.0, 0.0, 0.0, 0.0, 1.0],
                [0.992741, 0.089265, -0.080607, 0.0, -0.059086, 0.945709, 0.319599, 0.37472, 0.10476, -0.312516, 0.944118, 0.0, 0.0, 0.0, 0.0, 1.0],
                [0.992741, 0.089265, -0.080607, -0.0, -0.059086, 0.945709, 0.319599, 0.37472, 0.10476, -0.312516, 0.944118, 0.0, 0.0, 0.0, 0.0, 1.0],
                [0.992741, 0.089265, -0.080607, -0.0, -0.059086, 0.945709, 0.319599, 0.37472, 0.10476, -0.312516, 0.944118, 0.0, 0.0, 0.0, 0.0, 1.0],
                [0.992741, 0.089265, -0.080607, -0.0, -0.059086, 0.945709, 0.319599, 0.37472, 0.10476, -0.312516, 0.944118, 0.0, 0.0, 0.0, 0.0, 1.0],
                [0.992741, 0.089265, -0.080607, -0.0, -0.059086, 0.945709, 0.319599, 0.37472, 0.10476, -0.312516, 0.944118, 0.0, 0.0, 0.0, 0.0, 1.0],
                [0.992741, 0.089265, -0.080607, -0.0, -0.059086, 0.945709, 0.319599, 0.37472, 0.10476, -0.312516, 0.944118, 0.0, 0.0, 0.0, 0.0, 1.0],
                [0.992741, 0.089265, -0.080607, -0.0, -0.059086, 0.945709, 0.319599, 0.37472, 0.10476, -0.312516, 0.944118, 0.0, 0.0, 0.0, 0.0, 1.0],
                [0.992741, 0.089265, -0.080607, -0.0, -0.059086, 0.945709, 0.319599, 0.37472, 0.10476, -0.312516, 0.944118, 0.0, 0.0, 0.0, 0.0, 1.0],
                [0.992741, 0.089265, -0.080607, 0.0, -0.059086, 0.945709, 0.319599, 0.37472, 0.10476, -0.312516, 0.944118, 0.0, 0.0, 0.0, 0.0, 1.0],
                [0.992741, 0.089265, -0.080607, -0.0, -0.059086, 0.945709, 0.319599, 0.37472, 0.10476, -0.312516, 0.944118, 0.0, 0.0, 0.0, 0.0, 1.0],
                [0.992741, 0.089265, -0.080607, 0.0, -0.059086, 0.945709, 0.319599, 0.37472, 0.10476, -0.312516, 0.944118, -0.0, 0.0, 0.0, 0.0, 1.0],
                [0.992741, 0.089265, -0.080607, -0.0, -0.059086, 0.945709, 0.319599, 0.37472, 0.10476, -0.312516, 0.944118, 0.0, 0.0, 0.0, 0.0, 1.0],
