{
    "animation": [
        {
            "name": "Root",
            "time": [0.0, 0.0167, 0.0333, 0.05, 0.0667, 0.0833, 0.1, 0.1167, 0.1333, 0.15, 0.1667, 0.1833, 0.2, 0.2167, 0.2333, 0.25, 0.2667, 0.2833, 0.3, 0.3167, 0.3333, 0.35, 0.3667, 0.3833, 0.4, 0.4167, 0.4333, 0.45, 0.4667],
            "transform": [
                [1.0, 0.0, 0.0, -5e-06, 0.0, 0.5, -0.866025, 0.000946, 0.0, 0.866025, 0.5, 0.78471, 0.0, 0.0, 0.0, 1.0],
                [1.0, 0.0, 0.0, -5e-06, 0.0, 0.497892, -0.867239, 0.000946, 0.0, 0.867239, 0.497892, 0.796808, 0.0, 0.0, 0.0, 1.0],
                [1.0, 0.0, 0.0, -5e-06, 0.0, 0.4958, -0.868437, 0.000946, 0.0, 0.868437, 0.4958, 0.808905, 0.0, 0.0, 0.0, 1.0],
                [1.0, 0.0, 0.0, -5e-06, 0.0, 0.493724, -0.869618, 0.000946, 0.0, 0.869618, 0.493724, 0.821003, 0.0, 0.0, 0.0, 1.0],
                [1.0, 0.0, 0.0, -5e-06, 0.0, 0.491664, -0.870785, 0.000946, 0.0, 0.870785, 0.491664, 0.8331, 0.0, 0.0, 0.0, 1.0],
                [1.0, 0.0, 0.0, -5e-06, 0.0, 0.491664, -0.870785, 0.000946, 0.0, 0.870785, 0.491664, 0.830729, 0.0, 0.0, 0.0, 1.0],
                [1.0, 0.0, 0.0, -5e-06, 0.0, 0.491664, -0.870785, 0.000946, 0.0, 0.870785, 0.491664, 0.824376, 0.0, 0.0, 0.0, 1.0],
                [1.0, 0.0, 0.0, -5e-06, 0.0, 0.491664, -0.870785, 0.000946, 0.0, 0.870785, 0.491664, 0.815178, 0.0, 0.0, 0.0, 1.0],
                [1.0, 0.0, 0.0, -5e-06, 0.0, 0.491664, -0.870785, 0.000946, 0.0, 0.870785, 0.491664, 0.804273, 0.0, 0.0, 0.0, 1.0],
                [1.0, 0.0, 0.0, -5e-06, 0.0, 0.491664, -0.870785, 0.000946, 0.0, 0.870785, 0.491664, 0.792799, 0.0, 0.0, 0.0, 1.0],
                [1.0, 0.0, 0.0, -5e-06, 0.0, 0.491664, -0.870785, 0.000946, 0.0, 0.870785, 0.491664, 0.781894, 0.0, 0.0, 0.0, 1.0],
                [1.0, 0.0, 0.0, -5e-06, 0.0, 0.491664, -0.870785, 0.000946, 0.0, 0.870785, 0.491664, 0.772696, 0.0, 0.0, 0.0, 1.0],
                [1.0, 0.0, 0.0, -5e-06, 0.0, 0.491664, -0.870785, 0.000946, 0.0, 0.870785, 0.491664, 0.766342, 0.0, 0.0, 0.0, 1.0],
                [1.0, 0.0, 0.0, -5e-06, 0.0, 0.491664, -0.870785, 0.000946, 0.0, 0.870785, 0.491664, 0.763972, 0.0, 0.0, 0.0, 1.0],
                [1.0, 0.0, 0.0, -5e-06, 0.0, 0.491664, -0.870785, 0.000946, 0.0, 0.870785, 0.491664, 0.763972, 0.0, 0.0, 0.0, 1.0],
                [1.0, 0.0, 0.0, -5e-06, 0.0, 0.491664, -0.870785, 0.000946, 0.0, 0.870785, 0.491664, 0.763972, 0.0, 0.0, 0.0, 1.0],
                [1.0, 0.0, 0.0, -5e-06, 0.0, 0.491664, -0.870785, 0.000946, 0.0, 0.870785, 0.491664, 0.77165, 0.0, 0.0, 0.0, 1.0],
                [1.0, 0.0, 0.0, -5e-06, 0.0, 0.491664, -0.870785, 0.000946, 0.0, 0.870785, 0.491664, 0.78591, 0.0, 0.0, 0.0, 1.0],
                [1.0, 0.0, 0.0, -5e-06, 0.0, 0.491664, -0.870785, 0.000946, 0.0, 0.870785, 0.491664, 0.793589, 0.0, 0.0, 0.0, 1.0],
                [1.0, 0.0, 0.0, -5e-06, 0.0, 0.491664, -0.870785, 0.000946, 0.0, 0.870785, 0.491664, 0.791948, 0.0, 0.0, 0.0, 1.0],
                [1.0, 0.0, 0.0, -5e-06, 0.0, 0.491664, -0.870785, 0.000946, 0.0, 0.870785, 0.491664, 0.787717, 0.0, 0.0, 0.0, 1.0],
                [1.0, 0.0, 0.0, -5e-06, 0.0, 0.491664, -0.870785, 0.000946, 0.0, 0.870785, 0.491664, 0.781932, 0.0, 0.0, 0.0, 1.0],
                [1.0, 0.0, 0.0, -5e-06, 0.0, 0.491664, -0.870785, 0.000946, 0.0, 0.870785, 0.491664, 0.775628, 0.0, 0.0, 0.0, 1.0],
                [1.0, 0.0, 0.0, -5e-06, 0.0, 0.491664, -0.870785, 0.000946, 0.0, 0.870785, 0.491664, 0.769843, 0.0, 0.0, 0.0, 1.0],
                [1.0, 0.0, 0.0, -5e-06, 0.0, 0.491664, -0.870785, 0.000946, 0.0, 0.870785, 0.491664, 0.765612, 0.0, 0.0, 0.0, 1.0],
                [1.0, 0.0, 0.0, -5e-06, 0.0, 0.491664, -0.870785, 0.000946, 0.0, 0.870785, 0.491664, 0.763972, 0.0, 0.0, 0.0, 1.0],
                [1.0, 0.0, 0.0, -5e-06, 0.0, 0.493801, -0.869575, 0.000946, 0.0, 0.869575, 0.493801, 0.769348, 0.0, 0.0, 0.0, 1.0],
                [1.0, 0.0, 0.0, -5e-06, 0.0, 0.497814, -0.867284, 0.000946, 0.0, 0.867284, 0.497814, 0.779333, 0.0, 0.0, 0.0, 1.0],
                [1.0, 0.0, 0.0, -5e-06, 0.0, 0.5, -0.866025, 0.000946, 0.0, 0.866025, 0.5, 0.78471, 0.0, 0.0, 0.0, 1.0]
            ]
        },
        {
            "name": "Thigh_R",
            "time": [0.0, 0.0167, 0.0333, 0.05, 0.0667, 0.0833, 0.1, 0.1167, 0.1333, 0.15, 0.1667, 0.1833, 0.2, 0.2167, 0.2333, 0.25, 0.2667, 0.2833, 0.3, 0.3167, 0.3333, 0.35, 0.3667, 0.3833, 0.4, 0.4167, 0.4333, 0.45, 0.4667],
            "transform": [
                [0.965004, 0.148779, 0.215943, 0.080342, 0.13615, -0.988045, 0.072311, -0.002831, 0.22412, -0.04038, -0.973725, 0.095744, 0.0, 0.0, 0.0, 1.0],
                [0.96616, 0.156175, 0.205292, 0.080342, 0.132047, -0.983142, 0.126475, -0.002831, 0.221583, -0.095087, -0.970494, 0.095744, 0.0, 0.0, 0.0, 1.0],
                [0.969409, 0.173564, 0.173559, 0.080342, 0.121431, -0.953627, 0.275408, -0.002831, 0.213311, -0.245908, -0.94553, 0.095744, 0.0, 0.0, 0.0, 1.0],
                [0.974322, 0.190202, 0.120495, 0.080342, 0.107992, -0.86435, 0.491158, -0.002831, 0.197569, -0.465534, -0.862696, 0.095744, 0.0, 0.0, 0.0, 1.0],
                [0.979932, 0.192634, 0.051247, 0.080342, 0.097137, -0.685975, 0.721111, -0.002831, 0.174064, -0.701662, -0.690921, 0.095744, 0.0, 0.0, 0.0, 1.0],
                [0.984765, 0.172739, -0.019954, 0.080342, 0.093739, -0.430705, 0.897611, -0.002831, 0.146458, -0.885807, -0.440336, 0.095744, 0.0, 0.0, 0.0, 1.0],
                [0.987759, 0.135632, -0.077042, 0.080342, 0.098347, -0.158141, 0.982506, -0.002831, 0.121075, -0.978057, -0.169544, 0.095744, 0.0, 0.0, 0.0, 1.0],
                [0.988964, 0.095657, -0.113136, 0.080342, 0.106984, 0.067181, 0.991988, -0.002831, 0.102491, -0.993145, 0.056206, 0.095744, 0.0, 0.0, 0.0, 1.0],
                [0.989162, 0.066002, -0.13116, 0.080342, 0.114657, 0.210803, 0.970781, -0.002831, 0.091722, -0.975298, 0.20095, 0.095744, 0.0, 0.0, 0.0, 1.0],
                [0.989121, 0.054838, -0.136501, 0.080342, 0.117755, 0.260988, 0.958133, -0.002831, 0.088167, -0.963784, 0.251691, 0.095744, 0.0, 0.0, 0.0, 1.0],
                [0.989136, 0.057447, -0.135317, 0.080342, 0.117022, 0.249432, 0.961296, -0.002831, 0.088976, -0.966687, 0.24, 0.095744, 0.0, 0.0, 0.0, 1.0],
                [0.98916, 0.0649, -0.13172, 0.080342, 0.114959, 0.215845, 0.969637, -0.002831, 0.09136, -0.974268, 0.206044, 0.095744, 0.0, 0.0, 0.0, 1.0],
                [0.989145, 0.076608, -0.125393, 0.080342, 0.111815, 0.161264, 0.980556, -0.002831, 0.09534, -0.983933, 0.150948, 0.095744, 0.0, 0.0, 0.0, 1.0],
                [0.989017, 0.091869, -0.115784, 0.080342, 0.107914, 0.086453, 0.990394, -0.002831, 0.100997, -0.992011, 0.07559, 0.095744, 0.0, 0.0, 0.0, 1.0],
                [0.988685, 0.109772, -0.102233, 0.080342, 0.103668, -0.007429, 0.994584, -0.002831, 0.108418, -0.993929, -0.018724, 0.095744, 0.0, 0.0, 0.0, 1.0],
                [0.988053, 0.129115, -0.084147, 0.080342, 0.099578, -0.118128, 0.987992, -0.002831, 0.117625, -0.984568, -0.129574, 0.095744, 0.0, 0.0, 0.0, 1.0],
                [0.987032, 0.148401, -0.061201, 0.080342, 0.096211, -0.241709, 0.965567, -0.002831, 0.128499, -0.958934, -0.252852, 0.095744, 0.0, 0.0, 0.0, 1.0],
                [0.985564, 0.165942, -0.03356, 0.080342, 0.094128, -0.372311, 0.923323, -0.002831, 0.140723, -0.913153, -0.382556, 0.095744, 0.0, 0.0, 0.0, 1.0],
                [0.983646, 0.180099, -0.002026, 0.080342, 0.093779, -0.502523, 0.859462, -0.002831, 0.15377, -0.845597, -0.511195, 0.095744, 0.0, 0.0, 0.0, 1.0],
                [0.981339, 0.18961, 0.03197, 0.080342, 0.095398, -0.624446, 0.77522, -0.002831, 0.166953, -0.757703, -0.630882, 0.095744, 0.0, 0.0, 0.0, 1.0],
                [0.978764, 0.193877, 0.066576, 0.080342, 0.098923, -0.73118, 0.674974, -0.002831, 0.179541, -0.654054, -0.734832, 0.095744, 0.0, 0.0, 0.0, 1.0],
                [0.976084, 0.193098, 0.099866, 0.080342, 0.104006, -0.818183, 0.565473, -0.002831, 0.1909, -0.541562, -0.818699, 0.095744, 0.0, 0.0, 0.0, 1.0],
                [0.973467, 0.188181, 0.130192, 0.080342, 0.110094, -0.883937, 0.454461, -0.002831, 0.200602, -0.42807, -0.881201, 0.095744, 0.0, 0.0, 0.0, 1.0],
                [0.971061, 0.180489, 0.156409, 0.080342, 0.116551, -0.929742, 0.349279, -0.002831, 0.208461, -0.320941, -0.923873, 0.095744, 0.0, 0.0, 0.0, 1.0],
                [0.968978, 0.171545, 0.177917, 0.080342, 0.122761, -0.958866, 0.25594, -0.002831, 0.214504, -0.226159, -0.950179, 0.095744, 0.0, 0.0, 0.0, 1.0],
                [0.96729, 0.162792, 0.194547, 0.080342, 0.128199, -0.975487, 0.178854, -0.002831, 0.218894, -0.148063, -0.964449, 0.095744, 0.0, 0.0, 0.0, 1.0],
                [0.966044, 0.155464, 0.206373, 0.080342, 0.132449, -0.983766, 0.121084, -0.002831, 0.221847, -0.089639, -0.970953, 0.095744, 0.0, 0.0, 0.0, 1.0],
                [0.965271, 0.150545, 0.213512, 0.080342, 0.135186, -0.987177, 0.084882, -0.002831, 0.223553, -0.05307, -0.973246, 0.095744, 0.0, 0.0, 0.0, 1.0],
                [0.965004, 0.148779, 0.215943, 0.080342, 0.13615, -0.988045, 0.072311, -0.002831, 0.22412, -0.04038, -0.973725, 0.095744, 0.0, 0.0, 0.0, 1.0]
            ]
        },
        {
            "name": "Leg_R",
            "time": [0.0, 0.0167, 0.0333, 0.05, 0.0667, 0.0833, 0.1, 0.1167, 0.1333, 0.15, 0.1667, 0.1833, 0.2, 0.2167, 0.2333, 0.25, 0.2667, 0.2833, 0.3, 0.3167, 0.3333, 0.35, 0.3667, 0.3833, 0.4, 0.4167, 0.4333, 0.45, 0.4667],
            "transform": [
                [1.0, -1e-06, 0.0, 0.0, -0.0, 0.105302, 0.99444, 0.37472, -1e-06, -0.99444, 0.105302, 0.0, 0.0, 0.0, 0.0, 1.0],
                [1.0, -1e-06, 0.0, 0.0, -0.0, 0.053299, 0.998579, 0.37472, -1e-06, -0.998579, 0.053299, -0.0, 0.0, 0.0, 0.0, 1.0],
                [1.0, -1e-06, 0.0, -0.0, -0.0, 0.000887, 1.0, 0.37472, -1e-06, -1.0, 0.000887, -0.0, 0.0, 0.0, 0.0, 1.0],
                [1.0, -1e-06, 0.0, -0.0, -0.0, -0.051722, 0.998661, 0.37472, -1e-06, -0.998662, -0.051722, -0.0, 0.0, 0.0, 0.0, 1.0],
                [1.0, -1e-06, 0.0, 0.0, -0.0, -0.104307, 0.994545, 0.37472, -1e-06, -0.994545, -0.104307, 0.0, 0.0, 0.0, 0.0, 1.0],
                [1.0, -1e-06, 0.0, 0.0, -0.0, -0.052235, 0.998635, 0.37472, -1e-06, -0.998635, -0.052235, 0.0, 0.0, 0.0, 0.0, 1.0],
                [1.0, -1e-06, 0.0, -0.0, -0.0, 0.086331, 0.996267, 0.37472, -1e-06, -0.996266, 0.086331, 0.0, 0.0, 0.0, 0.0, 1.0],
                [1.0, -1e-06, 1e-06, 0.0, -0.0, 0.280009, 0.959997, 0.37472, -1e-06, -0.959997, 0.280009, 0.0, 0.0, 0.0, 0.0, 1.0],
                [1.0, -1e-06, 1e-06, -0.0, -0.0, 0.487055, 0.873371, 0.37472, -1e-06, -0.873371, 0.487055, 0.0, 0.0, 0.0, 0.0, 1.0],
                [1.0, -0.0, 1e-06, 0.0, -0.0, 0.665955, 0.745992, 0.37472, -1e-06, -0.745992, 0.665955, -0.0, 0.0, 0.0, 0.0, 1.0],
                [1.0, -0.0, 1e-06, -0.0, -0.0, 0.792929, 0.609314, 0.37472, -1e-06, -0.609314, 0.792929, 0.0, 0.0, 0.0, 0.0, 1.0],
                [1.0, -0.0, 1e-06, 0.0, -0.0, 0.866025, 0.5, 0.37472, -1e-06, -0.5, 0.866025, -0.0, 0.0, 0.0, 0.0, 1.0],
                [1.0, -0.0, 1e-06, 0.0, -0.0, 0.90531, 0.424752, 0.37472, -1e-06, -0.424752, 0.90531, -0.0, 0.0, 0.0, 0.0, 1.0],
                [1.0, -0.0, 1e-06, 0.0, -0.0, 0.929675, 0.368381, 0.37472, -1e-06, -0.368381, 0.929675, -0.0, 0.0, 0.0, 0.0, 1.0],
                [1.0, 0.0, 1e-06, -0.0, -0.0, 0.944118, 0.329607, 0.37472, -1e-06, -0.329607, 0.944118, -0.0, 0.0, 0.0, 0.0, 1.0],
                [1.0, 0.0, 1e-06, -0.0, -0.0, 0.952112, 0.305749, 0.37472, -1e-06, -0.305749, 0.952112, -0.0, 0.0, 0.0, 0.0, 1.0],
                [1.0, 0.0, 1e-06, 0.0, -0.0, 0.955988, 0.293406, 0.37472, -1e-06, -0.293406, 0.955988, 0.0, 0.0, 0.0, 0.0, 1.0],
                [1.0, 0.0, 1e-06, -0.0, -0.0, 0.957376, 0.288844, 0.37472, -1e-06, -0.288844, 0.957376, 0.0, 0.0, 0.0, 0.0, 1.0],
                [1.0, 0.0, 1e-06, 0.0, -0.0, 0.957573, 0.288192, 0.37472, -1e-06, -0.288192, 0.957573, 0.0, 0.0, 0.0, 0.0, 1.0],
                [1.0, -0.0, 1e-06, -0.0, -0.0, 0.921505, 0.388366, 0.37472, -1e-06, -0.388366, 0.921505, 0.0, 0.0, 0.0, 0.0, 1.0],
                [1.0, -0.0, 1e-06, -0.0, -0.0, 0.788647, 0.614846, 0.37472, -1e-06, -0.614846, 0.788647, -0.0, 0.0, 0.0, 0.0, 1.0],
                [1.0, -1e-06, 1e-06, 0.0, -0.0, 0.552361, 0.833605, 0.37472, -1e-06, -0.833605, 0.552361, -0.0, 0.0, 0.0, 0.0, 1.0],
                [1.0, -1e-06, 1e-06, -0.0, -0.0, 0.305399, 0.952224, 0.37472, -1e-06, -0.952224, 0.305399, -0.0, 0.0, 0.0, 0.0, 1.0],
                [1.0, -1e-06, 1e-06, 0.0, -0.0, 0.173648, 0.984808, 0.37472, -1e-06, -0.984808, 0.173648, 0.0, 0.0, 0.0, 0.0, 1.0],
                [1.0, -1e-06, 0.0, -0.0, -0.0, 0.140461, 0.990086, 0.37472, -1e-06, -0.990086, 0.140461, 0.0, 0.0, 0.0, 0.0, 1.0],
                [1.0, -1e-06, 0.0, -0.0, -0.0, 0.120173, 0.992753, 0.37472, -1e-06, -0.992753, 0.120173, -0.0, 0.0, 0.0, 0.0, 1.0],
                [1.0, -1e-06, 0.0, -0.0, -0.0, 0.109714, 0.993963, 0.37472, -1e-06, -0.993963, 0.109714, -0.0, 0.0, 0.0, 0.0, 1.0],
                [1.0, -1e-06, 0.0, 0.0, -0.0, 0.105854, 0.994382, 0.37472, -1e-06, -0.994382, 0.105854, -0.0, 0.0, 0.0, 0.0, 1.0],
                [1.0, -1e-06, 0.0, 0.0, -0.0, 0.105302, 0.99444, 0.37472, -1e-06, -0.99444, 0.105302, 0.0, 0.0, 0.0, 0.0, 1.0]
            ]
        },
        {
            "name": "Knee_R",
            "time": [0.0, 0.0167, 0.0333, 0.05, 0.0667, 0.0833, 0.1, 0.1167, 0.1333, 0.15, 0.1667, 0.1833, 0.2, 0.2167, 0.2333, 0.25, 0.2667, 0.2833, 0.3, 0.3167, 0.3333, 0.35, 0.3667, 0.3833, 0.4, 0.4167, 0.4333, 0.45, 0.4667],
            "transform": [
                [1.0, 0.0, -0.0, 0.0, -0.0, 0.0, -1.0, 0.37472, -0.0, 1.0, 0.0, 0.0, 0.0, 0.0, 0.0, 1.0],
                [1.0, 0.0, -0.0, 0.0, -1e-06, 0.0, -1.0, 0.37472, -0.0, 1.0, 0.0, -0.0, 0.0, 0.0, 0.0, 1.0],
                [1.0, 0.0, -0.0, -0.0, -0.0, 0.0, -1.0, 0.37472, -0.0, 1.0, 0.0, -0.0, 0.0, 0.0, 0.0, 1.0],
                [1.0, 0.0, -0.0, -0.0, -0.0, 0.0, -1.0, 0.37472, -0.0, 1.0, 0.0, -0.0, 0.0, 0.0, 0.0, 1.0],
                [1.0, 0.0, -0.0, 0.0, -0.0, 0.0, -1.0, 0.37472, -0.0, 1.0, 0.0, 0.0, 0.0, 0.0, 0.0, 1.0],
                [1.0, 0.0, -0.0, 0.0, -0.0, 0.0, -1.0, 0.37472, -0.0, 1.0, 0.0, 0.0, 0.0, 0.0, 0.0, 1.0],
                [1.0, 0.0, -0.0, -0.0, -0.0, 0.0, -1.0, 0.37472, -0.0, 1.0, 0.0, 0.0, 0.0, 0.0, 0.0, 1.0],
                [1.0, 0.0, -0.0, 0.0, -0.0, 0.0, -1.0, 0.37472, -0.0, 1.0, 0.0, 0.0, 0.0, 0.0, 0.0, 1.0],
                [1.0, 0.0, -0.0, -0.0, -0.0, 0.0, -1.0, 0.37472, -0.0, 1.0, 0.0, 0.0, 0.0, 0.0, 0.0, 1.0],
                [1.0, 0.0, -0.0, 0.0, -0.0, 0.0, -1.0, 0.37472, -0.0, 1.0, 0.0, -0.0, 0.0, 0.0, 0.0, 1.0],
                [1.0, 0.0, -0.0, -0.0, -0.0, 0.0, -1.0, 0.37472, -0.0, 1.0, 0.0, 0.0, 0.0, 0.0, 0.0, 1.0],
                [1.0, 0.0, -0.0, 0.0, -0.0, 0.0, -1.0, 0.37472, -0.0, 1.0, 0.0, -0.0, 0.0, 0.0, 0.0, 1.0],
                [1.0, 0.0, -0.0, 0.0, -0.0, 0.0, -1.0, 0.37472, -0.0, 1.0, 0.0, -0.0, 0.0, 0.0, 0.0, 1.0],
                [1.0, 0.0, -0.0, 0.0, -0.0, 0.0, -1.0, 0.37472, -0.0, 1.0, 0.0, -0.0, 0.0, 0.0, 0.0, 1.0],
                [1.0, 0.0, -0.0, -0.0, -0.0, 0.0, -1.0, 0.37472, -0.0, 1.0, 0.0, -0.0, 0.0, 0.0, 0.0, 1.0],
                [1.0, 0.0, -0.0, -0.0, -0.0, 0.0, -1.0, 0.37472, -0.0, 1.0, 0.0, -0.0, 0.0, 0.0, 0.0, 1.0],
                [1.0, 0.0, -0.0, 0.0, -0.0, 0.0, -1.0, 0.37472, -0.0, 1.0, 0.0, 0.0, 0.0, 0.0, 0.0, 1.0],
                [1.0, 0.0, -0.0, -0.0, -0.0, 0.0, -1.0, 0.37472, -0.0, 1.0, 0.0, 0.0, 0.0, 0.0, 0.0, 1.0],
                [1.0, 0.0, -0.0, 0.0, -0.0, 0.0, -1.0, 0.37472, -0.0, 1.0, 0.0, 0.0, 0.0, 0.0, 0.0, 1.0],
                [1.0, 0.0, -0.0, -0.0, -0.0, 0.0, -1.0, 0.37472, -0.0, 1.0, 0.0, 0.0, 0.0, 0.0, 0.0, 1.0],
                [1.0, 0.0, -0.0, -0.0, -1e-06, 0.0, -1.0, 0.37472, -0.0, 1.0, 0.0, -0.0, 0.0, 0.0, 0.0, 1.0],
                [1.0, 0.0, -0.0, 0.0, -0.0, 0.0, -1.0, 0.37472, -0.0, 1.0, 0.0, -0.0, 0.0, 0.0, 0.0, 1.0],
                [1.0, 0.0, -0.0, -0.0, -0.0, 0.0, -1.0, 0.37472, -0.0, 1.0, 0.0, -0.0, 0.0, 0.0, 0.0, 1.0],
                [1.0, 0.0, -0.0, 0.0, -0.0, 0.0, -1.0, 0.37472, -0.0, 1.0, 0.0, 0.0, 0.0, 0.0, 0.0, 1.0],
                [1.0, 0.0, -0.0, -0.0, -0.0, 0.0, -1.0, 0.37472, -0.0, 1.0, 0.0, 0.0, 0.0, 0.0, 0.0, 1.0],
                [1.0, 0.0, -0.0, -0.0, -0.0, 0.0, -1.0, 0.37472, -0.0, 1.0, 0.0, -0.0, 0.0, 0.0, 0.0, 1.0],
                [1.0, 0.0, -0.0, -0.0, -0.0, 0.0, -1.0, 0.37472, -0.0, 1.0, 0.0, -0.0, 0.0, 0.0, 0.0, 1.0],
                [1.0, 0.0, -0.0, 0.0, -0.0, 0.0, -1.0, 0.37472, -0.0, 1.0, 0.0, -0.0, 0.0, 0.0, 0.0, 1.0],
                [1.0, 0.0, -0.0, 0.0, -0.0, 0.0, -1.0, 0.37472, -0.0, 1.0, 0.0, 0.0, 0.0, 0.0, 0.0, 1.0]
            ]
        },
        {
            "name": "Thigh_L",
            "time": [0.0, 0.0167, 0.0333, 0.05, 0.0667, 0.0833, 0.1, 0.1167, 0.1333, 0.15, 0.1667, 0.1833, 0.2, 0.2167, 0.2333, 0.25, 0.2667, 0.2833, 0.3, 0.3167, 0.3333, 0.35, 0.3667, 0.3833, 0.4, 0.4167, 0.4333, 0.45, 0.4667],
            "transform": [
                [0.997753, -0.065028, 0.016131, -0.080355, -0.014552, 0.024688, 0.999589, -0.002831, -0.065399, -0.997578, 0.023686, -0.095767, 0.0, 0.0, 0.0, 1.0],
                [0.998141, -0.055822, 0.024477, -0.080355, -0.03407, -0.177969, 0.983446, -0.002831, -0.050542, -0.982452, -0.17954, -0.095767, 0.0, 0.0, 0.0, 1.0],
                [0.99822, -0.047932, 0.035486, -0.080355, -0.05142, -0.39031, 0.919246, -0.002831, -0.030211, -0.919435, -0.39208, -0.095767, 0.0, 0.0, 0.0, 1.0],
                [0.997907, -0.042407, 0.04882, -0.080355, -0.064481, -0.595394, 0.800842, -0.002831, -0.004895, -0.802314, -0.596882, -0.095767, 0.0, 0.0, 0.0, 1.0],
                [0.997167, -0.040146, 0.063612, -0.080355, -0.071338, -0.772917, 0.630484, -0.002831, 0.023855, -0.633236, -0.773591, -0.095767, 0.0, 0.0, 0.0, 1.0],
                [0.996039, -0.04158, 0.078594, -0.080355, -0.070932, -0.904572, 0.420379, -0.002831, 0.053614, -0.424289, -0.903938, -0.095767, 0.0, 0.0, 0.0, 1.0],
                [0.994633, -0.046496, 0.092427, -0.080355, -0.063468, -0.979699, 0.190159, -0.002831, 0.081709, -0.195005, -0.977393, -0.095767, 0.0, 0.0, 0.0, 1.0],
                [0.993096, -0.054117, 0.104077, -0.080355, -0.050312, -0.997978, -0.038846, -0.002831, 0.105969, 0.033341, -0.99381, -0.095767, 0.0, 0.0, 0.0, 1.0],
                [0.991567, -0.063394, 0.113031, -0.080355, -0.033455, -0.967841, -0.249326, -0.002831, 0.125202, 0.243442, -0.961801, -0.095767, 0.0, 0.0, 0.0, 1.0],
                [0.990151, -0.073312, 0.119278, -0.080355, -0.014893, -0.902265, -0.430924, -0.002831, 0.139212, 0.424903, -0.89447, -0.095767, 0.0, 0.0, 0.0, 1.0],
                [0.988904, -0.083093, 0.123143, -0.080355, 0.003784, -0.814582, -0.580036, -0.002831, 0.148507, 0.574066, -0.805229, -0.095767, 0.0, 0.0, 0.0, 1.0],
                [0.989291, -0.081695, 0.120954, -0.080355, 0.000155, -0.8281, -0.56058, -0.002831, 0.145958, 0.554596, -0.819219, -0.095767, 0.0, 0.0, 0.0, 1.0],
                [0.99035, -0.078024, 0.114542, -0.080355, -0.00985, -0.864009, -0.503379, -0.002831, 0.138241, 0.497393, -0.85644, -0.095767, 0.0, 0.0, 0.0, 1.0],
                [0.991889, -0.073172, 0.103937, -0.080355, -0.024557, -0.912597, -0.408122, -0.002831, 0.124715, 0.402259, -0.906991, -0.095767, 0.0, 0.0, 0.0, 1.0],
                [0.993648, -0.068608, 0.089196, -0.080355, -0.041687, -0.960673, -0.274532, -0.002831, 0.104524, 0.26907, -0.957432, -0.095767, 0.0, 0.0, 0.0, 1.0],
                [0.995302, -0.066034, 0.070803, -0.080355, -0.058319, -0.992655, -0.105991, -0.002831, 0.077282, 0.101364, -0.991843, -0.095767, 0.0, 0.0, 0.0, 1.0],
                [0.996499, -0.067037, 0.049952, -0.080355, -0.071237, -0.993599, 0.087672, -0.002831, 0.043755, -0.090924, -0.994896, -0.095767, 0.0, 0.0, 0.0, 1.0],
                [0.996955, -0.072574, 0.028529, -0.080355, -0.077737, -0.953837, 0.290087, -0.002831, 0.006159, -0.291422, -0.956575, -0.095767, 0.0, 0.0, 0.0, 1.0],
                [0.996547, -0.082579, 0.008681, -0.080355, -0.076524, -0.872814, 0.482016, -0.002831, -0.032227, -0.481016, -0.876119, -0.095767, 0.0, 0.0, 0.0, 1.0],
                [0.995353, -0.095974, -0.00783, -0.080355, -0.068121, -0.759288, 0.647178, -0.002831, -0.068058, -0.643638, -0.762298, -0.095767, 0.0, 0.0, 0.0, 1.0],
                [0.993604, -0.11112, -0.020082, -0.080355, -0.054489, -0.627584, 0.776639, -0.002831, -0.098904, -0.770578, -0.629625, -0.095767, 0.0, 0.0, 0.0, 1.0],
                [0.991586, -0.126378, -0.028029, -0.080355, -0.038194, -0.49251, 0.869468, -0.002831, -0.123686, -0.861082, -0.493193, -0.095767, 0.0, 0.0, 0.0, 1.0],
                [0.989559, -0.140482, -0.032209, -0.080355, -0.021655, -0.365859, 0.930418, -0.002831, -0.14249, -0.920006, -0.365081, -0.095767, 0.0, 0.0, 0.0, 1.0],
                [0.98772, -0.152626, -0.033388, -0.080355, -0.006792, -0.255448, 0.966799, -0.002831, -0.156088, -0.9547, -0.253348, -0.095767, 0.0, 0.0, 0.0, 1.0],
                [0.986202, -0.162368, -0.032286, -0.080355, 0.004962, -0.165945, 0.986122, -0.002831, -0.165472, -0.972676, -0.162849, -0.095767, 0.0, 0.0, 0.0, 1.0],
                [0.985099, -0.169452, -0.029417, -0.080355, 0.012425, -0.100479, 0.994861, -0.002831, -0.171538, -0.980403, -0.096877, -0.095767, 0.0, 0.0, 0.0, 1.0],
                [0.988994, -0.147121, -0.01571, -0.080355, 0.009103, -0.04547, 0.998924, -0.002831, -0.147677, -0.988073, -0.04363, -0.095767, 0.0, 0.0, 0.0, 1.0],
                [0.995422, -0.095425, 0.005391, -0.080355, -0.00509, 0.003402, 0.999981, -0.002831, -0.095442, -0.995431, 0.002901, -0.095767, 0.0, 0.0, 0.0, 1.0],
                [0.997753, -0.065028, 0.016131, -0.080355, -0.014552, 0.024688, 0.999589, -0.002831, -0.065399, -0.997578, 0.023686, -0.095767, 0.0, 0.0, 0.0, 1.0]
            ]
        },
        {
            "name": "Leg_L",
            "time": [0.0, 0.0167, 0.0333, 0.05, 0.0667, 0.0833, 0.1, 0.1167, 0.1333, 0.15, 0.1667, 0.1833, 0.2, 0.2167, 0.2333, 0.25, 0.2667, 0.2833, 0.3, 0.3167, 0.3333, 0.35, 0.3667, 0.3833, 0.4, 0.4167, 0.4333, 0.45, 0.4667],
            "transform": [
                [1.0, 0.0, 1e-06, 0.0, -1e-06, 0.905341, 0.424685, 0.37472, -1e-06, -0.424685, 0.905341, 0.0, 0.0, 0.0, 0.0, 1.0],
                [1.0, 0.0, 1e-06, 0.0, -1e-06, 0.965324, 0.261056, 0.37472, -1e-06, -0.261056, 0.965324, -0.0, 0.0, 0.0, 0.0, 1.0],
                [1.0, 0.0, 1e-06, 0.0, -1e-06, 0.995818, 0.091363, 0.37472, -1e-06, -0.091363, 0.995818, -0.0, 0.0, 0.0, 0.0, 1.0],
                [1.0, 0.0, 1e-06, 0.0, -0.0, 0.992221, 0.124493, 0.37472, -1e-06, -0.124493, 0.992221, -0.0, 0.0, 0.0, 0.0, 1.0],
                [1.0, 0.0, 1e-06, 0.0, -1e-06, 0.97777, 0.209681, 0.37472, -1e-06, -0.209681, 0.97777, 0.0, 0.0, 0.0, 0.0, 1.0],
                [1.0, 0.0, 1e-06, 0.0, -1e-06, 0.946012, 0.324131, 0.37472, -1e-06, -0.324131, 0.946012, 0.0, 0.0, 0.0, 0.0, 1.0],
                [1.0, 0.0, 1e-06, -0.0, -1e-06, 0.89625, 0.44355, 0.37472, -1e-06, -0.44355, 0.89625, -0.0, 0.0, 0.0, 0.0, 1.0],
                [1.0, -0.0, 1e-06, -0.0, -1e-06, 0.837852, 0.545897, 0.37472, -1e-06, -0.545897, 0.837852, -0.0, 0.0, 0.0, 0.0, 1.0],
                [1.0, -0.0, 1e-06, 0.0, -0.0, 0.788361, 0.615213, 0.37472, -1e-06, -0.615213, 0.788361, 0.0, 0.0, 0.0, 0.0, 1.0],
                [1.0, -0.0, 1e-06, 0.0, -0.0, 0.767807, 0.640681, 0.37472, -1e-06, -0.640681, 0.767807, -0.0, 0.0, 0.0, 0.0, 1.0],
                [1.0, -0.0, 1e-06, 0.0, -0.0, 0.767807, 0.640681, 0.37472, -1e-06, -0.640681, 0.767807, 0.0, 0.0, 0.0, 0.0, 1.0],
                [1.0, -0.0, 1e-06, -0.0, -0.0, 0.767808, 0.640681, 0.37472, -1e-06, -0.640681, 0.767808, 0.0, 0.0, 0.0, 0.0, 1.0],
                [1.0, -0.0, 1e-06, 0.0, -0.0, 0.73993, 0.672684, 0.37472, -1e-06, -0.672684, 0.73993, -0.0, 0.0, 0.0, 0.0, 1.0],
                [1.0, -0.0, 1e-06, 0.0, -1e-06, 0.660612, 0.750728, 0.37472, -1e-06, -0.750728, 0.660611, 0.0, 0.0, 0.0, 0.0, 1.0],
                [1.0, -0.0, 1e-06, -0.0, -0.0, 0.536236, 0.844068, 0.37472, -1e-06, -0.844068, 0.536236, 0.0, 0.0, 0.0, 0.0, 1.0],
                [1.0, -1e-06, 1e-06, 0.0, -0.0, 0.383681, 0.923465, 0.37472, -1e-06, -0.923465, 0.383682, -0.0, 0.0, 0.0, 0.0, 1.0],
                [1.0, -1e-06, 1e-06, 0.0, -0.0, 0.233282, 0.972409, 0.37472, -1e-06, -0.972409, 0.233282, 0.0, 0.0, 0.0, 0.0, 1.0],
                [1.0, -1e-06, 1e-06, -0.0, -0.0, 0.120364, 0.99273, 0.37472, -1e-06, -0.99273, 0.120364, -0.0, 0.0, 0.0, 0.0, 1.0],
                [1.0, -1e-06, 1e-06, -0.0, -0.0, 0.076481, 0.997071, 0.37472, -1e-06, -0.997071, 0.076481, 0.0, 0.0, 0.0, 0.0, 1.0],
                [1.0, -1e-06, 1e-06, 0.0, -1e-06, 0.10409, 0.994568, 0.37472, -1e-06, -0.994568, 0.10409, 0.0, 0.0, 0.0, 0.0, 1.0],
                [1.0, -1e-06, 1e-06, 0.0, -0.0, 0.178747, 0.983895, 0.37472, -1e-06, -0.983895, 0.178747, -0.0, 0.0, 0.0, 0.0, 1.0],
                [1.0, -1e-06, 1e-06, 0.0, -0.0, 0.287177, 0.957878, 0.37472, -1e-06, -0.957878, 0.287177, 0.0, 0.0, 0.0, 0.0, 1.0],
                [1.0, -1e-06, 1e-06, 0.0, -0.0, 0.414454, 0.910071, 0.37472, -1e-06, -0.91007, 0.414453, -0.0, 0.0, 0.0, 0.0, 1.0],
                [1.0, -0.0, 1e-06, 0.0, -0.0, 0.545043, 0.838408, 0.37472, -1e-06, -0.838408, 0.545043, 0.0, 0.0, 0.0, 0.0, 1.0],
                [1.0, -0.0, 1e-06, 0.0, -1e-06, 0.665322, 0.746557, 0.37472, -1e-06, -0.746557, 0.665322, -0.0, 0.0, 0.0, 0.0, 1.0],
                [1.0, -0.0, 1e-06, 0.0, -0.0, 0.766044, 0.642788, 0.37472, -1e-06, -0.642788, 0.766044, 0.0, 0.0, 0.0, 0.0, 1.0],
                [1.0, 0.0, 1e-06, -0.0, -1e-06, 0.84213, 0.539274, 0.37472, -1e-06, -0.539274, 0.84213, 0.0, 0.0, 0.0, 0.0, 1.0],
                [1.0, 0.0, 1e-06, 0.0, -1e-06, 0.889118, 0.457678, 0.37472, -1e-06, -0.457678, 0.889118, 0.0, 0.0, 0.0, 0.0, 1.0],
                [1.0, 0.0, 1e-06, 0.0, -1e-06, 0.905341, 0.424685, 0.37472, -1e-06, -0.424685, 0.905341, 0.0, 0.0, 0.0, 0.0, 1.0]
            ]
        },
        {
            "name": "Knee_L",
            "time": [0.0, 0.0167, 0.0333, 0.05, 0.0667, 0.0833, 0.1, 0.1167, 0.1333, 0.15, 0.1667, 0.1833, 0.2, 0.2167, 0.2333, 0.25, 0.2667, 0.2833, 0.3, 0.3167, 0.3333, 0.35, 0.3667, 0.3833, 0.4, 0.4167, 0.4333, 0.45, 0.4667],
            "transform": [
                [1.0, 0.0, -0.0, 0.0, -0.0, 0.0, -1.0, 0.37472, -0.0, 1.0, 0.0, 0.0, 0.0, 0.0, 0.0, 1.0],
                [1.0, 0.0, -0.0, 0.0, -0.0, 0.0, -1.0, 0.37472, -0.0, 1.0, 0.0, -0.0, 0.0, 0.0, 0.0, 1.0],
                [1.0, 0.0, -0.0, 0.0, -0.0, 0.0, -1.0, 0.37472, -0.0, 1.0, 0.0, -0.0, 0.0, 0.0, 0.0, 1.0],
                [1.0, 0.0, -0.0, 0.0, -0.0, 0.0, -1.0, 0.37472, -0.0, 1.0, 0.0, -0.0, 0.0, 0.0, 0.0, 1.0],
                [1.0, 0.0, -0.0, 0.0, -0.0, 0.0, -1.0, 0.37472, -0.0, 1.0, 0.0, 0.0, 0.0, 0.0, 0.0, 1.0],
                [1.0, 0.0, -0.0, 0.0, -0.0, 0.0, -1.0, 0.37472, -0.0, 1.0, 0.0, 0.0, 0.0, 0.0, 0.0, 1.0],
                [1.0, 0.0, -0.0, -0.0, -0.0, 0.0, -1.0, 0.37472, -0.0, 1.0, 0.0, -0.0, 0.0, 0.0, 0.0, 1.0],
                [1.0, 0.0, -0.0, -0.0, -0.0, 0.0, -1.0, 0.37472, -0.0, 1.0, 0.0, -0.0, 0.0, 0.0, 0.0, 1.0],
                [1.0, 0.0, -0.0, 0.0, -0.0, 0.0, -1.0, 0.37472, -0.0, 1.0, 0.0, 0.0, 0.0, 0.0, 0.0, 1.0],
                [1.0, 0.0, -0.0, 0.0, -0.0, 0.0, -1.0, 0.37472, -0.0, 1.0, 0.0, -0.0, 0.0, 0.0, 0.0, 1.0],
                [1.0, 0.0, -0.0, 0.0, -0.0, 0.0, -1.0, 0.37472, -0.0, 1.0, 0.0, 0.0, 0.0, 0.0, 0.0, 1.0],
                [1.0, 0.0, -0.0, -0.0, -0.0, 0.0, -1.0, 0.37472, -0.0, 1.0, 0.0, 0.0, 0.0, 0.0, 0.0, 1.0],
                [1.0, 0.0, -0.0, 0.0, -0.0, 0.0, -1.0, 0.37472, -0.0, 1.0, 0.0, -0.0, 0.0, 0.0, 0.0, 1.0],
                [1.0, 0.0, -0.0, 0.0, -0.0, 0.0, -1.0, 0.37472, -0.0, 1.0, 0.0, 0.0, 0.0, 0.0, 0.0, 1.0],
                [1.0, 0.0, -0.0, -0.0, -0.0, 0.0, -1.0, 0.37472, -0.0, 1.0, 0.0, 0.0, 0.0, 0.0, 0.0, 1.0],
                [1.0, 0.0, -0.0, 0.0, -0.0, 0.0, -1.0, 0.37472, -0.0, 1.0, 0.0, -0.0, 0.0, 0.0, 0.0, 1.0],
                [1.0, 0.0, -0.0, 0.0, -0.0, 0.0, -1.0, 0.37472, -0.0, 1.0, 0.0, 0.0, 0.0, 0.0, 0.0, 1.0],
                [1.0, 0.0, -0.0, -0.0, -0.0, 0.0, -1.0, 0.37472, -0.0, 1.0, 0.0, -0.0, 0.0, 0.0, 0.0, 1.0],
                [1.0, 0.0, -0.0, -0.0, -0.0, 0.0, -1.0, 0.37472, -0.0, 1.0, 0.0, 0.0, 0.0, 0.0, 0.0, 1.0],
                [1.0, 0.0, -0.0, 0.0, -0.0, 0.0, -1.0, 0.37472, -0.0, 1.0, 0.0, 0.0, 0.0, 0.0, 0.0, 1.0],
                [1.0, 0.0, -0.0, 0.0, -0.0, 0.0, -1.0, 0.37472, -0.0, 1.0, 0.0, -0.0, 0.0, 0.0, 0.0, 1.0],
                [1.0, 0.0, -0.0, 0.0, -0.0, 0.0, -1.0, 0.37472, -0.0, 1.0, 0.0, 0.0, 0.0, 0.0, 0.0, 1.0],
                [1.0, 0.0, -0.0, 0.0, -0.0, 0.0, -1.0, 0.37472, -0.0, 1.0, 0.0, -0.0, 0.0, 0.0, 0.0, 1.0],
                [1.0, 0.0, -1e-06, 0.0, -0.0, 0.0, -1.0, 0.37472, -0.0, 1.0, 0.0, 0.0, 0.0, 0.0, 0.0, 1.0],
                [1.0, 0.0, -0.0, 0.0, -0.0, 0.0, -1.0, 0.37472, -0.0, 1.0, 0.0, -0.0, 0.0, 0.0, 0.0, 1.0],
                [1.0, 0.0, -1e-06, 0.0, -0.0, 0.0, -1.0, 0.37472, -0.0, 1.0, 0.0, 0.0, 0.0, 0.0, 0.0, 1.0],
                [1.0, 0.0, -0.0, -0.0, -0.0, 0.0, -1.0, 0.37472, -0.0, 1.0, 0.0, 0.0, 0.0, 0.0, 0.0, 1.0],
                [1.0, 0.0, -0.0, 0.0, -0.0, 0.0, -1.0, 0.37472, -0.0, 1.0, 0.0, 0.0, 0.0, 0.0, 0.0, 1.0],
                [1.0, 0.0, -0.0, 0.0, -0.0, 0.0, -1.0, 0.37472, -0.0, 1.0, 0.0, 0.0, 0.0, 0.0, 0.0, 1.0]
            ]
        },
        {
            "name": "Torso",
            "time": [0.0, 0.0167, 0.0333, 0.05, 0.0667, 0.0833, 0.1, 0.1167, 0.1333, 0.15, 0.1667, 0.1833, 0.2, 0.2167, 0.2333, 0.25, 0.2667, 0.2833, 0.3, 0.3167, 0.3333, 0.35, 0.3667, 0.3833, 0.4, 0.4167, 0.4333, 0.45, 0.4667],
            "transform": [
                [0.76785, -0.070496, -0.636739, 0.0, 0.063962, 0.997397, -0.033293, 0.05, 0.637429, -0.015164, 0.77036, -0.0, 0.0, 0.0, 0.0, 1.0],
                [0.749818, -0.070496, -0.657878, 0.0, 0.06301, 0.997397, -0.035061, 0.05, 0.658637, -0.015164, 0.752308, 0.0, 0.0, 0.0, 0.0, 1.0],
                [0.731166, -0.070496, -0.678547, 0.0, 0.062007, 0.997397, -0.036806, 0.05, 0.679375, -0.015164, 0.733634, 0.0, 0.0, 0.0, 0.0, 1.0],
                [0.711912, -0.070496, -0.698721, 0.0, 0.060954, 0.997397, -0.038525, 0.05, 0.699618, -0.015164, 0.714356, -0.0, 0.0, 0.0, 0.0, 1.0],
                [0.692076, -0.070496, -0.718374, 0.0, 0.059852, 0.997397, -0.040216, 0.05, 0.719339, -0.015164, 0.694493, 0.0, 0.0, 0.0, 0.0, 1.0],
                [0.671678, -0.070496, -0.737481, 0.0, 0.058702, 0.997397, -0.041877, 0.05, 0.738514, -0.015164, 0.674068, 0.0, 0.0, 0.0, 0.0, 1.0],
                [0.650743, -0.070496, -0.756018, 0.0, 0.057505, 0.997397, -0.043506, 0.05, 0.757117, -0.015164, 0.653103, 0.0, 0.0, 0.0, 0.0, 1.0],
                [0.629294, -0.070496, -0.773963, 0.0, 0.056263, 0.997397, -0.045101, 0.05, 0.775128, -0.015164, 0.631622, 0.0, 0.0, 0.0, 0.0, 1.0],
                [0.607357, -0.070496, -0.791295, 0.0, 0.054977, 0.997397, -0.04666, 0.05, 0.792525, -0.015164, 0.609651, 0.0, 0.0, 0.0, 0.0, 1.0],
                [0.584958, -0.070496, -0.807994, 0.0, 0.053648, 0.997397, -0.048181, 0.05, 0.809288, -0.015164, 0.587217, 0.0, 0.0, 0.0, 0.0, 1.0],
                [0.562124, -0.070496, -0.824043, 0.0, 0.052279, 0.997397, -0.049663, 0.05, 0.825399, -0.015164, 0.564347, 0.0, 0.0, 0.0, 0.0, 1.0],
                [0.538885, -0.070496, -0.839424, 0.0, 0.050872, 0.997397, -0.051104, 0.05, 0.840842, -0.015164, 0.541069, 0.0, 0.0, 0.0, 0.0, 1.0],
                [0.51527, -0.070496, -0.854124, 0.0, 0.049427, 0.997397, -0.052503, 0.05, 0.855602, -0.015164, 0.517413, 0.0, 0.0, 0.0, 0.0, 1.0],
                [0.518473, -0.070496, -0.852183, 0.0, 0.049624, 0.997397, -0.052317, 0.05, 0.853653, -0.015164, 0.520622, 0.0, 0.0, 0.0, 0.0, 1.0],
                [0.527492, -0.070496, -0.84663, 0.0, 0.050176, 0.997397, -0.051787, 0.05, 0.848077, -0.015164, 0.529656, 0.0, 0.0, 0.0, 0.0, 1.0],
                [0.5414, -0.070496, -0.837804, 0.0, 0.051025, 0.997397, -0.050951, 0.05, 0.839215, -0.015164, 0.543588, 0.0, 0.0, 0.0, 0.0, 1.0],
                [0.559241, -0.070496, -0.826002, 0.0, 0.052106, 0.997397, -0.049846, 0.05, 0.827366, -0.015164, 0.561459, 0.0, 0.0, 0.0, 0.0, 1.0],
                [0.580043, -0.070496, -0.811529, 0.0, 0.053355, 0.997397, -0.048506, 0.05, 0.812836, -0.015164, 0.582295, 0.0, 0.0, 0.0, 0.0, 1.0],
                [0.602843, -0.070496, -0.794739, 0.0, 0.05471, 0.997397, -0.046972, 0.05, 0.795981, -0.015164, 0.605131, 0.0, 0.0, 0.0, 0.0, 1.0],
                [0.626706, -0.070496, -0.776061, 0.0, 0.056112, 0.997397, -0.045288, 0.05, 0.777233, -0.015164, 0.62903, 0.0, 0.0, 0.0, 0.0, 1.0],
                [0.650743, -0.070496, -0.756018, 0.0, 0.057505, 0.997397, -0.043506, 0.05, 0.757117, -0.015164, 0.653103, 0.0, 0.0, 0.0, 0.0, 1.0],
                [0.674137, -0.070496, -0.735234, 0.0, 0.058841, 0.997397, -0.041681, 0.05, 0.736259, -0.015164, 0.67653, 0.0, 0.0, 0.0, 0.0, 1.0],
                [0.696151, -0.070496, -0.714426, 0.0, 0.06008, 0.997397, -0.039875, 0.05, 0.715377, -0.015164, 0.698574, 0.0, 0.0, 0.0, 0.0, 1.0],
                [0.716137, -0.070496, -0.694391, 0.0, 0.061187, 0.997397, -0.038154, 0.05, 0.695273, -0.015164, 0.718586, 0.0, 0.0, 0.0, 0.0, 1.0],
                [0.733531, -0.070496, -0.67599, 0.0, 0.062135, 0.997397, -0.036589, 0.05, 0.676809, -0.015164, 0.736002, 0.0, 0.0, 0.0, 0.0, 1.0],
                [0.747844, -0.070496, -0.660121, 0.0, 0.062905, 0.997397, -0.03525, 0.05, 0.660887, -0.015164, 0.750332, 0.0, 0.0, 0.0, 0.0, 1.0],
                [0.758631, -0.070496, -0.647695, 0.0, 0.063478, 0.997397, -0.034207, 0.05, 0.648421, -0.015164, 0.761131, 0.0, 0.0, 0.0, 0.0, 1.0],
                [0.765457, -0.070496, -0.639614, -0.0, 0.063837, 0.997397, -0.033532, 0.05, 0.640313, -0.015164, 0.767964, 0.0, 0.0, 0.0, 0.0, 1.0],
                [0.76785, -0.070496, -0.636739, 0.0, 0.063962, 0.997397, -0.033293, 0.05, 0.637429, -0.015164, 0.77036, -0.0, 0.0, 0.0, 0.0, 1.0]
            ]
        },
        {
            "name": "Chest",
            "time": [0.0, 0.0167, 0.0333, 0.05, 0.0667, 0.0833, 0.1, 0.1167, 0.1333, 0.15, 0.1667, 0.1833, 0.2, 0.2167, 0.2333, 0.25, 0.2667, 0.2833, 0.3, 0.3167, 0.3333, 0.35, 0.3667, 0.3833, 0.4, 0.4167, 0.4333, 0.45, 0.4667],
            "transform": [
                [0.954097, -0.249805, 0.165215, -0.0, 0.110732, 0.806778, 0.580386, 0.3, -0.278275, -0.53545, 0.797406, 0.0, 0.0, 0.0, 0.0, 1.0],
                [0.954622, -0.250923, 0.16042, 0.0, 0.114889, 0.807225, 0.578954, 0.3, -0.274768, -0.534252, 0.799423, 0.0, 0.0, 0.0, 0.0, 1.0],
                [0.955942, -0.254069, 0.147053, 0.0, 0.126435, 0.808434, 0.574846, 0.3, -0.264933, -0.530927, 0.804939, -0.0, 0.0, 0.0, 0.0, 1.0],
                [0.957553, -0.258952, 0.126635, 0.0, 0.143947, 0.810172, 0.568243, 0.3, -0.249744, -0.525894, 0.813058, -0.0, 0.0, 0.0, 0.0, 1.0],
                [0.958895, -0.265293, 0.100701, 0.0, 0.165971, 0.812192, 0.559283, 0.3, -0.230162, -0.51958, 0.822838, 0.0, 0.0, 0.0, 0.0, 1.0],
                [0.959464, -0.272787, 0.070827, 0.0, 0.191038, 0.814258, 0.548168, 0.3, -0.207205, -0.512417, 0.833364, 0.0, 0.0, 0.0, 0.0, 1.0],
                [0.958902, -0.281095, 0.038626, 0.0, 0.217694, 0.81617, 0.535234, 0.3, -0.181977, -0.504829, 0.84382, 0.0, 0.0, 0.0, 0.0, 1.0],
                [0.957061, -0.289828, 0.005735, -0.0, 0.244529, 0.817785, 0.520993, 0.3, -0.155689, -0.49722, 0.853542, 0.0, 0.0, 0.0, 0.0, 1.0],
                [0.954033, -0.298554, -0.026217, 0.0, 0.270213, 0.819022, 0.506151, 0.3, -0.129642, -0.489968, 0.862046, 0.0, 0.0, 0.0, 0.0, 1.0],
                [0.950145, -0.306805, -0.055641, 0.0, 0.293526, 0.819867, 0.49159, 0.3, -0.105204, -0.483414, 0.869047, 0.0, 0.0, 0.0, 0.0, 1.0],
                [0.945931, -0.314088, -0.081014, -0.0, 0.313362, 0.820366, 0.478335, 0.3, -0.083778, -0.477859, 0.874433, 0.0, 0.0, 0.0, 0.0, 1.0],
                [0.942065, -0.3199, -0.10088, -0.0, 0.328717, 0.820605, 0.467496, 0.3, -0.066769, -0.473573, 0.87822, -0.0, 0.0, 0.0, 0.0, 1.0],
                [0.939273, -0.323743, -0.113832, -0.0, 0.338643, 0.820688, 0.460209, 0.3, -0.055569, -0.47081, 0.880483, -0.0, 0.0, 0.0, 0.0, 1.0],
                [0.93822, -0.325128, -0.118467, -0.0, 0.342179, 0.820704, 0.457558, 0.3, -0.051539, -0.469827, 0.881253, 0.0, 0.0, 0.0, 0.0, 1.0],
                [0.939019, -0.32408, -0.114961, -0.0, 0.339505, 0.820692, 0.459565, 0.3, -0.054588, -0.47057, 0.880673, 0.0, 0.0, 0.0, 0.0, 1.0],
                [0.941186, -0.321138, -0.105067, 0.0, 0.331933, 0.820638, 0.46516, 0.3, -0.063158, -0.472677, 0.87897, 0.0, 0.0, 0.0, 0.0, 1.0],
                [0.944303, -0.316617, -0.089701, 0.0, 0.320095, 0.820487, 0.473646, 0.3, -0.076366, -0.475978, 0.876135, 0.0, 0.0, 0.0, 0.0, 1.0],
                [0.947897, -0.310841, -0.069772, -0.0, 0.304603, 0.820171, 0.484289, 0.3, -0.093312, -0.480309, 0.872122, 0.0, 0.0, 0.0, 0.0, 1.0],
                [0.951507, -0.304138, -0.046209, 0.0, 0.286089, 0.819627, 0.496351, 0.3, -0.113085, -0.485502, 0.866891, 0.0, 0.0, 0.0, 0.0, 1.0],
                [0.954721, -0.296832, -0.019978, -0.0, 0.265229, 0.818806, 0.509127, 0.3, -0.134767, -0.491373, 0.860459, 0.0, 0.0, 0.0, 0.0, 1.0],
                [0.957224, -0.289241, 0.007917, -0.0, 0.242762, 0.817688, 0.52197, 0.3, -0.157449, -0.49772, 0.852927, 0.0, 0.0, 0.0, 0.0, 1.0],
                [0.95882, -0.281669, 0.036436, -0.0, 0.219493, 0.816288, 0.534319, 0.3, -0.180243, -0.504318, 0.844497, 0.0, 0.0, 0.0, 0.0, 1.0],
                [0.95945, -0.274396, 0.06452, 0.0, 0.196289, 0.814658, 0.545713, 0.3, -0.202303, -0.51092, 0.835484, 0.0, 0.0, 0.0, 0.0, 1.0],
                [0.959192, -0.267679, 0.091102, 0.0, 0.174061, 0.812886, 0.555804, 0.3, -0.222832, -0.517265, 0.826306, 0.0, 0.0, 0.0, 0.0, 1.0],
                [0.958246, -0.261748, 0.115124, -0.0, 0.153752, 0.811095, 0.564345, 0.3, -0.241092, -0.52308, 0.817472, -0.0, 0.0, 0.0, 0.0, 1.0],
                [0.956909, -0.256808, 0.135551, 0.0, 0.136319, 0.809429, 0.571175, 0.3, -0.256401, -0.528085, 0.809558, 0.0, 0.0, 0.0, 0.0, 1.0],
                [0.955538, -0.253049, 0.15137, -0.0, 0.122714, 0.80805, 0.576192, 0.3, -0.268119, -0.531998, 0.803175, -0.0, 0.0, 0.0, 0.0, 1.0],
                [0.954497, -0.250651, 0.161588, -0.0, 0.113878, 0.807117, 0.579305, 0.3, -0.275623, -0.534543, 0.798934, 0.0, 0.0, 0.0, 0.0, 1.0],
                [0.954097, -0.249805, 0.165215, -0.0, 0.110732, 0.806778, 0.580386, 0.3, -0.278275, -0.53545, 0.797406, 0.0, 0.0, 0.0, 0.0, 1.0]
            ]
        },
        {
            "name": "Head",
            "time": [0.0, 0.0167, 0.0333, 0.05, 0.0667, 0.0833, 0.1, 0.1167, 0.1333, 0.15, 0.1667, 0.1833, 0.2, 0.2167, 0.2333, 0.25, 0.2667, 0.2833, 0.3, 0.3167, 0.3333, 0.35, 0.3667, 0.3833, 0.4, 0.4167, 0.4333, 0.45, 0.4667],
            "transform": [
                [0.909018, 0.196894, 0.367313, 0.0, 0.088521, 0.77003, -0.631837, 0.4, -0.407247, 0.606866, 0.682542, -0.0, 0.0, 0.0, 0.0, 1.0],
                [0.896945, 0.215974, 0.385803, 0.0, 0.088982, 0.766551, -0.635989, 0.4, -0.433095, 0.604777, 0.668337, 0.0, 0.0, 0.0, 0.0, 1.0],
                [0.884093, 0.235026, 0.40391, -0.0, 0.089598, 0.76304, -0.640111, 0.4, -0.458642, 0.602107, 0.65354, 0.0, 0.0, 0.0, 0.0, 1.0],
                [0.870471, 0.254026, 0.421605, 0.0, 0.09037, 0.7595, -0.644199, 0.4, -0.483852, 0.598857, 0.638167, 0.0, 0.0, 0.0, 0.0, 1.0],
                [0.856095, 0.272947, 0.438864, 0.0, 0.091299, 0.755938, -0.648246, 0.4, -0.50869, 0.595028, 0.622235, -0.0, 0.0, 0.0, 0.0, 1.0],
                [0.84098, 0.291763, 0.45566, -0.0, 0.092384, 0.752356, -0.652247, 0.4, -0.53312, 0.590622, 0.605763, -0.0, 0.0, 0.0, 0.0, 1.0],
                [0.825145, 0.31045, 0.471971, 0.0, 0.093623, 0.748761, -0.656195, 0.4, -0.557109, 0.585643, 0.588771, -0.0, 0.0, 0.0, 0.0, 1.0],
                [0.808609, 0.328981, 0.487773, 0.0, 0.095015, 0.745157, -0.660086, 0.4, -0.580623, 0.580097, 0.571282, -0.0, 0.0, 0.0, 0.0, 1.0],
