{
    "armature": {
        "joints": ["Root", "Thigh_R", "Leg_R", "Knee_R", "Thigh_L", "Leg_L", "Knee_L", "Torso", "Chest", "Head", "Shoulder_R", "Arm_R", "Hand_R", "Tool_R", "Elbow_R", "Shoulder_L", "Arm_L", "Hand_L", "Tool_L", "Elbow_L"],
        "hierarchy": [
            {
                "name": "Root",
                "transform": [1.0, 0.0, 0.0, -5e-06, 0.0, 0.0, -1.0, 0.000946, 0.0, 1.0, 0.0, 0.763972, 0.0, 0.0, 0.0, 1.0],
                "children": [
                    {
                        "name": "Thigh_R",
                        "transform": [1.0, -0.0, -0.0, 0.124994, -0.0, -1.0, 0.0, -0.002831, -0.0, -0.0, -1.0, -1.2e-05, 0.0, 0.0, 0.0, 1.0],
                        "children": [
                            {
                                "name": "Leg_R",
                                "transform": [1.0, 0.0, 1e-06, 0.0, -0.0, 1.0, 0.0, 0.37472, -1e-06, -0.0, 1.0, -0.0, 0.0, 0.0, 0.0, 1.0],
                                "children": []
                            },
                            {
                                "name": "Knee_R",
                                "transform": [1.0, 0.0, -0.0, 0.0, -0.0, 0.0, -1.0, 0.37472, -0.0, 1.0, 0.0, -0.0, 0.0, 0.0, 0.0, 1.0],
                                "children": []
                            }
                        ]
                    },
                    {
                        "name": "Thigh_L",
                        "transform": [1.0, -0.0, -0.0, -0.125006, -0.0, -1.0, 0.0, -0.002831, -0.0, -0.0, -1.0, -1.2e-05, 0.0, 0.0, 0.0, 1.0],
                        "children": [
                            {
                                "name": "Leg_L",
                                "transform": [1.0, 0.0, 1e-06, -0.0, -0.0, 1.0, 0.0, 0.37472, -1e-06, -0.0, 1.0, 0.0, 0.0, 0.0, 0.0, 1.0],
                                "children": []
                            },
                            {
                                "name": "Knee_L",
                                "transform": [1.0, 0.0, -0.0, -0.0, -0.0, 0.0, -1.0, 0.37472, -0.0, 1.0, 0.0, 0.0, 0.0, 0.0, 0.0, 1.0],
                                "children": []
                            }
                        ]
                    },
                    {
                        "name": "Torso",
                        "transform": [1.0, 0.0, 0.0, 0.0, 0.0, 1.0, 0.0, 0.05, 0.0, 0.0, 1.0, 0.0, 0.0, 0.0, 0.0, 1.0],
                        "children": [
                            {
                                "name": "Chest",
                                "transform": [1.0, 0.0, 0.0, 0.0, 0.0, 1.0, 0.0, 0.3, 0.0, 0.0, 1.0, 0.0, 0.0, 0.0, 0.0, 1.0],
                                "children": [
                                    {
                                        "name": "Head",
                                        "transform": [1.0, 0.0, 0.0, 0.0, 0.0, 1.0, 0.0, 0.4, 0.0, 0.0, 1.0, 0.0, 0.0, 0.0, 0.0, 1.0],
                                        "children": []
                                    },
                                    {
                                        "name": "Shoulder_R",
                                        "transform": [0.0, 0.952114, 0.305743, 0.0, 0.0, -0.305743, 0.952114, 0.4, 1.0, 0.0, -0.0, 0.0, 0.0, 0.0, 0.0, 1.0],
                                        "children": [
                                            {
                                                "name": "Arm_R",
                                                "transform": [0.0, -0.0, -1.0, -0.0, 0.952114, 0.305743, 0.0, 0.39386, 0.305743, -0.952114, 0.0, 0.0, 0.0, 0.0, 0.0, 1.0],
                                                "children": [
                                                    {
                                                        "name": "Hand_R",
                                                        "transform": [1.0, 0.0, 0.0, 0.0, -0.0, 0.993938, 0.109947, 0.3, -0.0, -0.109947, 0.993937, 0.0, 0.0, 0.0, 0.0, 1.0],
                                                        "children": [
                                                            {
                                                                "name": "Tool_R",
                                                                "transform": [1.0, 0.0, 0.0, -0.0, 0.0, -0.999836, 0.018122, 0.272858, 0.0, -0.018122, -0.999836, 0.0, 0.0, 0.0, 0.0, 1.0],
                                                                "children": []
                                                            }
                                                        ]
                                                    },
                                                    {
                                                        "name": "Elbow_R",
                                                        "transform": [-1.0, 0.0, -0.0, 0.0, 0.0, 0.0, -1.0, 0.3, -0.0, -1.0, -0.0, 0.0, 0.0, 0.0, 0.0, 1.0],
                                                        "children": []
                                                    }
                                                ]
                                            }
                                        ]
                                    },
                                    {
                                        "name": "Shoulder_L",
                                        "transform": [-0.0, -0.952114, -0.305743, 0.0, 0.0, -0.305743, 0.952114, 0.4, -1.0, 0.0, 0.0, 0.0, 0.0, 0.0, 0.0, 1.0],
                                        "children": [
                                            {
                                                "name": "Arm_L",
                                                "transform": [-0.0, -0.0, 1.0, -0.0, -0.952114, 0.305743, -0.0, 0.39386, -0.305743, -0.952114, -0.0, 0.0, 0.0, 0.0, 0.0, 1.0],
                                                "children": [
                                                    {
                                                        "name": "Hand_L",
                                                        "transform": [1.0, -0.0, 0.0, -0.0, 0.0, 0.993937, 0.109947, 0.3, -0.0, -0.109947, 0.993937, 0.0, 0.0, 0.0, 0.0, 1.0],
                                                        "children": [
                                                            {
                                                                "name": "Tool_L",
                                                                "transform": [1.0, 0.0, 0.0, -0.0, -0.0, -0.999836, 0.018122, 0.272858, 0.0, -0.018122, -0.999836, -0.0, 0.0, 0.0, 0.0, 1.0],
                                                                "children": []
                                                            }
                                                        ]
                                                    },
                                                    {
                                                        "name": "Elbow_L",
                                                        "transform": [-1.0, 0.0, -0.0, -0.0, 0.0, -0.0, -1.0, 0.3, -0.0, -1.0, 0.0, 0.0, 0.0, 0.0, 0.0, 1.0],
                                                        "children": []
                                                    }
                                                ]
                                            }
                                        ]
                                    }
                                ]
                            }
                        ]
                    }
                ]
            }
        ]
    },
    "animation": [
        {
            "name": "Root",
            "time": [0.0, 0.0167, 0.0333, 0.05, 0.0667, 0.0833, 0.1, 0.1167, 0.1333, 0.15, 0.1667, 0.1833, 0.2, 0.2167, 0.2333, 0.25, 0.2667, 0.2833, 0.3, 0.3167, 0.3333, 0.35, 0.3667, 0.3833, 0.4, 0.4167, 0.4333, 0.45, 0.4667, 0.4833, 0.5, 0.5167, 0.5333, 0.55, 0.5667, 0.5833, 0.6, 0.6167, 0.6333, 0.65, 0.6667, 0.6833, 0.7, 0.7167, 0.7333, 0.75, 0.7667, 0.7833, 0.8, 0.8167, 0.8333, 0.85, 0.8667, 0.8833, 0.9, 0.9167, 0.9333, 0.95, 0.9667, 0.9833, 1.0, 1.0167, 1.0333, 1.05, 1.0667, 1.0833, 1.1, 1.1167, 1.1333, 1.15, 1.1667, 1.1833, 1.2, 1.2167, 1.2333, 1.25, 1.2667, 1.2833, 1.3, 1.3167, 1.3333, 1.35, 1.3667, 1.3833, 1.4, 1.4167, 1.4333, 1.45, 1.4667, 1.4833, 1.5, 1.5167, 1.5333, 1.55, 1.5667, 1.5833, 1.6, 1.6167, 1.6333, 1.65, 1.6667, 1.6833, 1.7, 1.7167, 1.7333, 1.75, 1.7667, 1.7833, 1.8, 1.8167, 1.8333, 1.85, 1.8667],
            "transform": [
                [1.0, 0.0, 0.0, -5e-06, 0.0, 0.0, -1.0, 0.000946, 0.0, 1.0, 0.0, 0.763972, 0.0, 0.0, 0.0, 1.0],
                [0.999699, 0.0, -0.024554, -5e-06, -0.024554, 0.0, -0.999699, 0.000946, 0.0, 1.0, 0.0, 0.770459, 0.0, 0.0, 0.0, 1.0],
                [0.995611, 0.0, -0.093589, -5e-06, -0.093589, 0.0, -0.995611, 0.000946, 0.0, 1.0, 0.0, 0.789209, 0.0, 0.0, 0.0, 1.0],
                [0.979857, 0.0, -0.1997, -5e-06, -0.1997, 0.0, -0.979857, 0.000946, 0.0, 1.0, 0.0, 0.819157, 0.0, 0.0, 0.0, 1.0],
                [0.942617, 0.0, -0.333876, -5e-06, -0.333876, 0.0, -0.942617, 0.000946, 0.0, 1.0, 0.0, 0.859236, 0.0, 0.0, 0.0, 1.0],
                [0.874708, 0.0, -0.48465, -5e-06, -0.48465, 0.0, -0.874708, 0.000946, 0.0, 1.0, 0.0, 0.90838, 0.0, 0.0, 0.0, 1.0],
                [0.769816, 0.0, -0.638266, -5e-06, -0.638266, 0.0, -0.769816, 0.000946, 0.0, 1.0, 0.0, 0.965523, 0.0, 0.0, 0.0, 1.0],
                [0.625905, 0.0, -0.7799, -5e-06, -0.7799, 0.0, -0.625905, 0.000946, 0.0, 1.0, 0.0, 1.0296, 0.0, 0.0, 0.0, 1.0],
                [0.445373, 0.0, -0.895345, -5e-06, -0.895345, 0.0, -0.445373, 0.000946, 0.0, 1.0, 0.0, 1.099543, 0.0, 0.0, 0.0, 1.0],
                [0.234083, 0.0, -0.972217, -5e-06, -0.972217, 0.0, -0.234083, 0.000946, 0.0, 1.0, 0.0, 1.174286, 0.0, 0.0, 0.0, 1.0],
                [-0.0, 0.0, -1.0, -5e-06, -1.0, 0.0, 0.0, 0.000946, 0.0, 1.0, 0.0, 1.252764, 0.0, 0.0, 0.0, 1.0],
                [-0.249846, 0.0, -0.968286, -5e-06, -0.968286, 0.0, 0.249846, 0.000946, 0.0, 1.0, 0.0, 1.333915, 0.0, 0.0, 0.0, 1.0],
                [-0.498711, 0.0, -0.866768, -5e-06, -0.866768, 0.0, 0.498711, 0.000946, 0.0, 1.0, 0.0, 1.416686, 0.0, 0.0, 0.0, 1.0],
                [-0.719274, 0.0, -0.694726, -5e-06, -0.694726, 0.0, 0.719274, 0.000946, 0.0, 1.0, 0.0, 1.500032, 0.0, 0.0, 0.0, 1.0],
                [-0.885411, 0.0, -0.464809, -5e-06, -0.464809, 0.0, 0.885411, 0.000946, 0.0, 1.0, 0.0, 1.582905, 0.0, 0.0, 0.0, 1.0],
                [-0.979816, 0.0, -0.1999, -5e-06, -0.1999, 0.0, 0.979816, 0.000946, 0.0, 1.0, 0.0, 1.664259, 0.0, 0.0, 0.0, 1.0],
                [-0.997087, 0.0, 0.076269, -5e-06, 0.076269, 0.0, 0.997087, 0.000946, 0.0, 1.0, 0.0, 1.743207, 0.0, 0.0, 0.0, 1.0],
                [-0.934996, 0.0, 0.35466, -5e-06, 0.35466, 0.0, 0.934996, 0.000946, 0.0, 1.0, 0.0, 1.819507, 0.0, 0.0, 0.0, 1.0],
                [-0.783619, 0.0, 0.621242, -5e-06, 0.621242, 0.0, 0.783619, 0.000946, 0.0, 1.0, 0.0, 1.893079, 0.0, 0.0, 0.0, 1.0],
                [-0.536781, 0.0, 0.843722, -5e-06, 0.843722, 0.0, 0.536781, 0.000946, 0.0, 1.0, 0.0, 1.963842, 0.0, 0.0, 0.0, 1.0],
                [-0.212682, 0.0, 0.977122, -5e-06, 0.977122, 0.0, 0.212682, 0.000946, 0.0, 1.0, 0.0, 2.031714, 0.0, 0.0, 0.0, 1.0],
                [0.134362, 0.0, 0.990932, -5e-06, 0.990932, 0.0, -0.134362, 0.000946, 0.0, 1.0, 0.0, 2.096615, 0.0, 0.0, 0.0, 1.0],
                [0.434673, 0.0, 0.900588, -5e-06, 0.900588, 0.0, -0.434673, 0.000946, 0.0, 1.0, 0.0, 2.158463, 0.0, 0.0, 0.0, 1.0],
                [0.649261, 0.0, 0.760566, -5e-06, 0.760566, 0.0, -0.649261, 0.000946, 0.0, 1.0, 0.0, 2.217201, 0.0, 0.0, 0.0, 1.0],
                [0.792799, 0.0, 0.609484, -5e-06, 0.609484, 0.0, -0.792799, 0.000946, 0.0, 1.0, 0.0, 2.272853, 0.0, 0.0, 0.0, 1.0],
                [0.889602, 0.0, 0.456736, -5e-06, 0.456736, 0.0, -0.889602, 0.000946, 0.0, 1.0, 0.0, 2.325469, 0.0, 0.0, 0.0, 1.0],
                [0.955217, 0.0, 0.295905, -5e-06, 0.295905, 0.0, -0.955217, 0.000946, 0.0, 1.0, 0.0, 2.375097, 0.0, 0.0, 0.0, 1.0],
                [0.993467, 0.0, 0.114116, -5e-06, 0.114116, 0.0, -0.993467, 0.000946, 0.0, 1.0, 0.0, 2.421786, 0.0, 0.0, 0.0, 1.0],
                [0.994943, 0.0, -0.10044, -5e-06, -0.10044, 0.0, -0.994943, 0.000946, 0.0, 1.0, 0.0, 2.465582, 0.0, 0.0, 0.0, 1.0],
                [0.937768, 0.0, -0.347261, -5e-06, -0.347261, 0.0, -0.937768, 0.000946, 0.0, 1.0, 0.0, 2.506536, 0.0, 0.0, 0.0, 1.0],
                [0.800976, 0.0, -0.598697, -5e-06, -0.598697, 0.0, -0.800976, 0.000946, 0.0, 1.0, 0.0, 2.544694, 0.0, 0.0, 0.0, 1.0],
                [0.581504, 0.0, -0.813543, -5e-06, -0.813543, 0.0, -0.581504, 0.000946, 0.0, 1.0, 0.0, 2.580107, 0.0, 0.0, 0.0, 1.0],
                [0.298752, 0.0, -0.954331, -5e-06, -0.954331, 0.0, -0.298752, 0.000946, 0.0, 1.0, 0.0, 2.612821, 0.0, 0.0, 0.0, 1.0],
                [-0.013342, 0.0, -0.999911, -5e-06, -0.999911, 0.0, 0.013342, 0.000946, 0.0, 1.0, 0.0, 2.642884, 0.0, 0.0, 0.0, 1.0],
                [-0.321514, 0.0, -0.946905, -5e-06, -0.946905, 0.0, 0.321514, 0.000946, 0.0, 1.0, 0.0, 2.670347, 0.0, 0.0, 0.0, 1.0],
                [-0.599665, 0.0, -0.800251, -5e-06, -0.800251, 0.0, 0.599665, 0.000946, 0.0, 1.0, 0.0, 2.695256, 0.0, 0.0, 0.0, 1.0],
                [-0.8196, 0.0, -0.572935, -5e-06, -0.572935, 0.0, 0.8196, 0.000946, 0.0, 1.0, 0.0, 2.71766, 0.0, 0.0, 0.0, 1.0],
                [-0.956347, 0.0, -0.292232, -5e-06, -0.292232, 0.0, 0.956347, 0.000946, 0.0, 1.0, 0.0, 2.737608, 0.0, 0.0, 0.0, 1.0],
                [-0.999997, 0.0, 0.00248, -5e-06, 0.00248, 0.0, 0.999997, 0.000946, 0.0, 1.0, 0.0, 2.755147, 0.0, 0.0, 0.0, 1.0],
                [-0.962387, 0.0, 0.271684, -5e-06, 0.271684, 0.0, 0.962387, 0.000946, 0.0, 1.0, 0.0, 2.770327, 0.0, 0.0, 0.0, 1.0],
                [-0.870856, 0.0, 0.491538, -5e-06, 0.491538, 0.0, 0.870856, 0.000946, 0.0, 1.0, 0.0, 2.783194, 0.0, 0.0, 0.0, 1.0],
                [-0.749277, 0.0, 0.662257, -5e-06, 0.662257, 0.0, 0.749277, 0.000946, 0.0, 1.0, 0.0, 2.793798, 0.0, 0.0, 0.0, 1.0],
                [-0.611546, 0.0, 0.791209, -5e-06, 0.791209, 0.0, 0.611546, 0.000946, 0.0, 1.0, 0.0, 2.802187, 0.0, 0.0, 0.0, 1.0],
                [-0.464544, 0.0, 0.88555, -5e-06, 0.88555, 0.0, 0.464544, 0.000946, 0.0, 1.0, 0.0, 2.809295, 0.0, 0.0, 0.0, 1.0],
                [-0.311026, 0.0, 0.950401, -5e-06, 0.950401, 0.0, 0.311026, 0.000946, 0.0, 1.0, 0.0, 2.816028, 0.0, 0.0, 0.0, 1.0],
                [-0.151722, 0.0, 0.988423, -5e-06, 0.988423, 0.0, 0.151722, 0.000946, 0.0, 1.0, 0.0, 2.822397, 0.0, 0.0, 0.0, 1.0],
                [0.013167, 0.0, 0.999913, -5e-06, 0.999913, 0.0, -0.013167, 0.000946, 0.0, 1.0, 0.0, 2.828413, 0.0, 0.0, 0.0, 1.0],
                [0.182778, 0.0, 0.983154, -5e-06, 0.983154, 0.0, -0.182778, 0.000946, 0.0, 1.0, 0.0, 2.834085, 0.0, 0.0, 0.0, 1.0],
                [0.354527, 0.0, 0.935046, -5e-06, 0.935046, 0.0, -0.354527, 0.000946, 0.0, 1.0, 0.0, 2.839423, 0.0, 0.0, 0.0, 1.0],
                [0.522389, 0.0, 0.852708, -5e-06, 0.852708, 0.0, -0.522389, 0.000946, 0.0, 1.0, 0.0, 2.844439, 0.0, 0.0, 0.0, 1.0],
                [0.674975, 0.0, 0.737841, -5e-06, 0.737841, 0.0, -0.674975, 0.000946, 0.0, 1.0, 0.0, 2.84914, 0.0, 0.0, 0.0, 1.0],
                [0.801231, 0.0, 0.598356, -5e-06, 0.598356, 0.0, -0.801231, 0.000946, 0.0, 1.0, 0.0, 2.853539, 0.0, 0.0, 0.0, 1.0],
                [0.894541, 0.0, 0.446985, -5e-06, 0.446985, 0.0, -0.894541, 0.000946, 0.0, 1.0, 0.0, 2.857644, 0.0, 0.0, 0.0, 1.0],
                [0.954462, 0.0, 0.298334, -5e-06, 0.298334, 0.0, -0.954462, 0.000946, 0.0, 1.0, 0.0, 2.861467, 0.0, 0.0, 0.0, 1.0],
                [0.986172, 0.0, 0.165727, -5e-06, 0.165727, 0.0, -0.986172, 0.000946, 0.0, 1.0, 0.0, 2.865016, 0.0, 0.0, 0.0, 1.0],
                [0.998233, 0.0, 0.05942, -5e-06, 0.05942, 0.0, -0.998233, 0.000946, 0.0, 1.0, 0.0, 2.868303, 0.0, 0.0, 0.0, 1.0],
                [0.999911, 0.0, -0.013342, -5e-06, -0.013342, 0.0, -0.999911, 0.000946, 0.0, 1.0, 0.0, 2.871337, 0.0, 0.0, 0.0, 1.0],
                [0.997877, 0.0, -0.065131, -5e-06, -0.065131, 0.0, -0.997877, 0.000946, 0.0, 1.0, 0.0, 2.874128, 0.0, 0.0, 0.0, 1.0],
                [0.993661, 0.0, -0.112421, -5e-06, -0.112421, 0.0, -0.993661, 0.000946, 0.0, 1.0, 0.0, 2.876687, 0.0, 0.0, 0.0, 1.0],
                [0.987861, 0.0, -0.155343, -5e-06, -0.155343, 0.0, -0.987861, 0.000946, 0.0, 1.0, 0.0, 2.879024, 0.0, 0.0, 0.0, 1.0],
                [0.980985, 0.0, -0.194082, -5e-06, -0.194082, 0.0, -0.980985, 0.000946, 0.0, 1.0, 0.0, 2.881148, 0.0, 0.0, 0.0, 1.0],
                [0.97346, 0.0, -0.228859, -5e-06, -0.228859, 0.0, -0.97346, 0.000946, 0.0, 1.0, 0.0, 2.88307, 0.0, 0.0, 0.0, 1.0],
                [0.965632, 0.0, -0.259913, -5e-06, -0.259913, 0.0, -0.965632, 0.000946, 0.0, 1.0, 0.0, 2.8848, 0.0, 0.0, 0.0, 1.0],
                [0.957783, 0.0, -0.287494, -5e-06, -0.287494, 0.0, -0.957783, 0.000946, 0.0, 1.0, 0.0, 2.886348, 0.0, 0.0, 0.0, 1.0],
                [0.950131, 0.0, -0.31185, -5e-06, -0.31185, 0.0, -0.950131, 0.000946, 0.0, 1.0, 0.0, 2.887724, 0.0, 0.0, 0.0, 1.0],
                [0.942847, 0.0, -0.333227, -5e-06, -0.333227, 0.0, -0.942847, 0.000946, 0.0, 1.0, 0.0, 2.888939, 0.0, 0.0, 0.0, 1.0],
                [0.936052, 0.0, -0.351861, -5e-06, -0.351861, 0.0, -0.936052, 0.000946, 0.0, 1.0, 0.0, 2.890002, 0.0, 0.0, 0.0, 1.0],
                [0.929834, 0.0, -0.367978, -5e-06, -0.367978, 0.0, -0.929834, 0.000946, 0.0, 1.0, 0.0, 2.890924, 0.0, 0.0, 0.0, 1.0],
                [0.924247, 0.0, -0.381795, -5e-06, -0.381795, 0.0, -0.924247, 0.000946, 0.0, 1.0, 0.0, 2.891714, 0.0, 0.0, 0.0, 1.0],
                [0.919318, 0.0, -0.393515, -5e-06, -0.393515, 0.0, -0.919318, 0.000946, 0.0, 1.0, 0.0, 2.892382, 0.0, 0.0, 0.0, 1.0],
                [0.915053, 0.0, -0.403333, -5e-06, -0.403333, 0.0, -0.915053, 0.000946, 0.0, 1.0, 0.0, 2.89294, 0.0, 0.0, 0.0, 1.0],
                [0.91144, 0.0, -0.411433, -5e-06, -0.411433, 0.0, -0.91144, 0.000946, 0.0, 1.0, 0.0, 2.893397, 0.0, 0.0, 0.0, 1.0],
                [0.90845, 0.0, -0.417994, -5e-06, -0.417994, 0.0, -0.90845, 0.000946, 0.0, 1.0, 0.0, 2.893762, 0.0, 0.0, 0.0, 1.0],
                [0.906044, 0.0, -0.423184, -5e-06, -0.423184, 0.0, -0.906044, 0.000946, 0.0, 1.0, 0.0, 2.894047, 0.0, 0.0, 0.0, 1.0],
                [0.904171, 0.0, -0.42717, -5e-06, -0.42717, 0.0, -0.904171, 0.000946, 0.0, 1.0, 0.0, 2.894261, 0.0, 0.0, 0.0, 1.0],
                [0.902776, 0.0, -0.430112, -5e-06, -0.430112, 0.0, -0.902776, 0.000946, 0.0, 1.0, 0.0, 2.894414, 0.0, 0.0, 0.0, 1.0],
                [0.901793, 0.0, -0.432169, -5e-06, -0.432169, 0.0, -0.901793, 0.000946, 0.0, 1.0, 0.0, 2.894517, 0.0, 0.0, 0.0, 1.0],
                [0.901154, 0.0, -0.433498, -5e-06, -0.433498, 0.0, -0.901154, 0.000946, 0.0, 1.0, 0.0, 2.894579, 0.0, 0.0, 0.0, 1.0],
                [0.90079, 0.0, -0.434255, -5e-06, -0.434255, 0.0, -0.90079, 0.000946, 0.0, 1.0, 0.0, 2.894611, 0.0, 0.0, 0.0, 1.0],
                [0.900626, 0.0, -0.434594, -5e-06, -0.434594, 0.0, -0.900626, 0.000946, 0.0, 1.0, 0.0, 2.894623, 0.0, 0.0, 0.0, 1.0],
                [0.900588, 0.0, -0.434673, -5e-06, -0.434673, 0.0, -0.900588, 0.000946, 0.0, 1.0, 0.0, 2.894624, 0.0, 0.0, 0.0, 1.0],
                [0.901127, 0.0, -0.433554, -5e-06, -0.433554, 0.0, -0.901127, 0.000946, 0.0, 1.0, 0.0, 2.894624, 0.0, 0.0, 0.0, 1.0],
                [0.902691, 0.0, -0.430289, -5e-06, -0.430289, 0.0, -0.902691, 0.000946, 0.0, 1.0, 0.0, 2.894624, 0.0, 0.0, 0.0, 1.0],
                [0.905191, 0.0, -0.425006, -5e-06, -0.425006, 0.0, -0.905191, 0.000946, 0.0, 1.0, 0.0, 2.894624, 0.0, 0.0, 0.0, 1.0],
                [0.908525, 0.0, -0.417831, -5e-06, -0.417831, 0.0, -0.908525, 0.000946, 0.0, 1.0, 0.0, 2.894624, 0.0, 0.0, 0.0, 1.0],
                [0.912587, 0.0, -0.408884, -5e-06, -0.408884, 0.0, -0.912587, 0.000946, 0.0, 1.0, 0.0, 2.894624, 0.0, 0.0, 0.0, 1.0],
                [0.917262, 0.0, -0.398283, -5e-06, -0.398283, 0.0, -0.917262, 0.000946, 0.0, 1.0, 0.0, 2.894624, 0.0, 0.0, 0.0, 1.0],
                [0.922436, 0.0, -0.386149, -5e-06, -0.386149, 0.0, -0.922436, 0.000946, 0.0, 1.0, 0.0, 2.894624, 0.0, 0.0, 0.0, 1.0],
                [0.927991, 0.0, -0.372603, -5e-06, -0.372603, 0.0, -0.927991, 0.000946, 0.0, 1.0, 0.0, 2.894624, 0.0, 0.0, 0.0, 1.0],
                [0.93381, 0.0, -0.357769, -5e-06, -0.357769, 0.0, -0.93381, 0.000946, 0.0, 1.0, 0.0, 2.894624, 0.0, 0.0, 0.0, 1.0],
                [0.939781, 0.0, -0.341776, -5e-06, -0.341776, 0.0, -0.939781, 0.000946, 0.0, 1.0, 0.0, 2.894624, 0.0, 0.0, 0.0, 1.0],
                [0.945796, 0.0, -0.32476, -5e-06, -0.32476, 0.0, -0.945796, 0.000946, 0.0, 1.0, 0.0, 2.894624, 0.0, 0.0, 0.0, 1.0],
                [0.951754, 0.0, -0.306861, -5e-06, -0.306861, 0.0, -0.951754, 0.000946, 0.0, 1.0, 0.0, 2.894624, 0.0, 0.0, 0.0, 1.0],
                [0.957563, 0.0, -0.288224, -5e-06, -0.288224, 0.0, -0.957563, 0.000946, 0.0, 1.0, 0.0, 2.894624, 0.0, 0.0, 0.0, 1.0],
                [0.963139, 0.0, -0.269004, -5e-06, -0.269004, 0.0, -0.963139, 0.000946, 0.0, 1.0, 0.0, 2.894624, 0.0, 0.0, 0.0, 1.0],
                [0.968412, 0.0, -0.249357, -5e-06, -0.249357, 0.0, -0.968412, 0.000946, 0.0, 1.0, 0.0, 2.894624, 0.0, 0.0, 0.0, 1.0],
                [0.973321, 0.0, -0.229446, -5e-06, -0.229446, 0.0, -0.973321, 0.000946, 0.0, 1.0, 0.0, 2.894624, 0.0, 0.0, 0.0, 1.0],
                [0.977822, 0.0, -0.20944, -5e-06, -0.20944, 0.0, -0.977822, 0.000946, 0.0, 1.0, 0.0, 2.894624, 0.0, 0.0, 0.0, 1.0],
                [0.981879, 0.0, -0.189506, -5e-06, -0.189506, 0.0, -0.981879, 0.000946, 0.0, 1.0, 0.0, 2.894624, 0.0, 0.0, 0.0, 1.0],
                [0.985475, 0.0, -0.169819, -5e-06, -0.169819, 0.0, -0.985475, 0.000946, 0.0, 1.0, 0.0, 2.894624, 0.0, 0.0, 0.0, 1.0],
                [0.988602, 0.0, -0.150551, -5e-06, -0.150551, 0.0, -0.988602, 0.000946, 0.0, 1.0, 0.0, 2.894624, 0.0, 0.0, 0.0, 1.0],
                [0.991266, 0.0, -0.131875, -5e-06, -0.131875, 0.0, -0.991266, 0.000946, 0.0, 1.0, 0.0, 2.894624, 0.0, 0.0, 0.0, 1.0],
                [0.993485, 0.0, -0.113963, -5e-06, -0.113963, 0.0, -0.993485, 0.000946, 0.0, 1.0, 0.0, 2.894624, 0.0, 0.0, 0.0, 1.0],
                [0.995286, 0.0, -0.096988, -5e-06, -0.096988, 0.0, -0.995286, 0.000946, 0.0, 1.0, 0.0, 2.894624, 0.0, 0.0, 0.0, 1.0],
                [0.996705, 0.0, -0.081116, -5e-06, -0.081116, 0.0, -0.996705, 0.000946, 0.0, 1.0, 0.0, 2.894624, 0.0, 0.0, 0.0, 1.0],
                [0.997785, 0.0, -0.066515, -5e-06, -0.066515, 0.0, -0.997785, 0.000946, 0.0, 1.0, 0.0, 2.894624, 0.0, 0.0, 0.0, 1.0],
                [0.998576, 0.0, -0.053348, -5e-06, -0.053348, 0.0, -0.998576, 0.000946, 0.0, 1.0, 0.0, 2.894624, 0.0, 0.0, 0.0, 1.0],
                [0.999127, 0.0, -0.041775, -5e-06, -0.041775, 0.0, -0.999127, 0.000946, 0.0, 1.0, 0.0, 2.894624, 0.0, 0.0, 0.0, 1.0],
                [0.999489, 0.0, -0.031956, -5e-06, -0.031956, 0.0, -0.999489, 0.000946, 0.0, 1.0, 0.0, 2.894624, 0.0, 0.0, 0.0, 1.0],
                [0.999711, 0.0, -0.024047, -5e-06, -0.024047, 0.0, -0.999711, 0.000946, 0.0, 1.0, 0.0, 2.894624, 0.0, 0.0, 0.0, 1.0],
                [0.999834, 0.0, -0.018205, -5e-06, -0.018205, 0.0, -0.999834, 0.000946, 0.0, 1.0, 0.0, 2.894624, 0.0, 0.0, 0.0, 1.0],
                [0.999894, 0.0, -0.014584, -5e-06, -0.014584, 0.0, -0.999894, 0.000946, 0.0, 1.0, 0.0, 2.894624, 0.0, 0.0, 0.0, 1.0],
                [0.999911, 0.0, -0.013342, -5e-06, -0.013342, 0.0, -0.999911, 0.000946, 0.0, 1.0, 0.0, 2.894624, 0.0, 0.0, 0.0, 1.0]
            ]
        },
        {
            "name": "Thigh_R",
            "time": [0.0, 0.0167, 0.0333, 0.05, 0.0667, 0.0833, 0.1, 0.1167, 0.1333, 0.15, 0.1667, 0.1833, 0.2, 0.2167, 0.2333, 0.25, 0.2667, 0.2833, 0.3, 0.3167, 0.3333, 0.35, 0.3667, 0.3833, 0.4, 0.4167, 0.4333, 0.45, 0.4667, 0.4833, 0.5, 0.5167, 0.5333, 0.55, 0.5667, 0.5833, 0.6, 0.6167, 0.6333, 0.65, 0.6667, 0.6833, 0.7, 0.7167, 0.7333, 0.75, 0.7667, 0.7833, 0.8, 0.8167, 0.8333, 0.85, 0.8667, 0.8833, 0.9, 0.9167, 0.9333, 0.95, 0.9667, 0.9833, 1.0, 1.0167, 1.0333, 1.05, 1.0667, 1.0833, 1.1, 1.1167, 1.1333, 1.15, 1.1667, 1.1833, 1.2, 1.2167, 1.2333, 1.25, 1.2667, 1.2833, 1.3, 1.3167, 1.3333, 1.35, 1.3667, 1.3833, 1.4, 1.4167, 1.4333, 1.45, 1.4667, 1.4833, 1.5, 1.5167, 1.5333, 1.55, 1.5667, 1.5833, 1.6, 1.6167, 1.6333, 1.65, 1.6667, 1.6833, 1.7, 1.7167, 1.7333, 1.75, 1.7667, 1.7833, 1.8, 1.8167, 1.8333, 1.85, 1.8667],
            "transform": [
                [0.994807, 0.073167, 0.070745, 0.124994, 0.060085, -0.983258, 0.172026, -0.002831, 0.082147, -0.166882, -0.982549, -1.2e-05, 0.0, 0.0, 0.0, 1.0],
                [0.994807, 0.073167, 0.070745, 0.124994, 0.060085, -0.983258, 0.172026, -0.002831, 0.082147, -0.166882, -0.982549, -1.2e-05, 0.0, 0.0, 0.0, 1.0],
                [0.994807, 0.073167, 0.070745, 0.124994, 0.060085, -0.983258, 0.172026, -0.002831, 0.082147, -0.166882, -0.982549, -1.2e-05, 0.0, 0.0, 0.0, 1.0],
                [0.994807, 0.073167, 0.070745, 0.124994, 0.060085, -0.983258, 0.172026, -0.002831, 0.082147, -0.166882, -0.982549, -1.2e-05, 0.0, 0.0, 0.0, 1.0],
                [0.994807, 0.073167, 0.070745, 0.124994, 0.060085, -0.983258, 0.172026, -0.002831, 0.082147, -0.166882, -0.982549, -1.2e-05, 0.0, 0.0, 0.0, 1.0],
                [0.994807, 0.073167, 0.070745, 0.124994, 0.060085, -0.983258, 0.172026, -0.002831, 0.082147, -0.166882, -0.982549, -1.2e-05, 0.0, 0.0, 0.0, 1.0],
                [0.994807, 0.073167, 0.070745, 0.124994, 0.060085, -0.983258, 0.172026, -0.002831, 0.082147, -0.166882, -0.982549, -1.2e-05, 0.0, 0.0, 0.0, 1.0],
                [0.994807, 0.073167, 0.070745, 0.124994, 0.060085, -0.983258, 0.172026, -0.002831, 0.082147, -0.166882, -0.982549, -1.2e-05, 0.0, 0.0, 0.0, 1.0],
                [0.994807, 0.073167, 0.070745, 0.124994, 0.060085, -0.983258, 0.172026, -0.002831, 0.082147, -0.166882, -0.982549, -1.2e-05, 0.0, 0.0, 0.0, 1.0],
                [0.994807, 0.073167, 0.070745, 0.124994, 0.060085, -0.983258, 0.172026, -0.002831, 0.082147, -0.166882, -0.982549, -1.2e-05, 0.0, 0.0, 0.0, 1.0],
                [0.994807, 0.073167, 0.070745, 0.124994, 0.060085, -0.983258, 0.172026, -0.002831, 0.082147, -0.166882, -0.982549, -1.2e-05, 0.0, 0.0, 0.0, 1.0],
                [0.994807, 0.073167, 0.070745, 0.124994, 0.060085, -0.983258, 0.172026, -0.002831, 0.082147, -0.166882, -0.982549, -1.2e-05, 0.0, 0.0, 0.0, 1.0],
                [0.994807, 0.073167, 0.070745, 0.124994, 0.060085, -0.983258, 0.172026, -0.002831, 0.082147, -0.166882, -0.982549, -1.2e-05, 0.0, 0.0, 0.0, 1.0],
                [0.994807, 0.073167, 0.070745, 0.124994, 0.060085, -0.983258, 0.172026, -0.002831, 0.082147, -0.166882, -0.982549, -1.2e-05, 0.0, 0.0, 0.0, 1.0],
                [0.994807, 0.073167, 0.070745, 0.124994, 0.060085, -0.983258, 0.172026, -0.002831, 0.082147, -0.166882, -0.982549, -1.2e-05, 0.0, 0.0, 0.0, 1.0],
                [0.994807, 0.073167, 0.070745, 0.124994, 0.060085, -0.983258, 0.172026, -0.002831, 0.082147, -0.166882, -0.982549, -1.2e-05, 0.0, 0.0, 0.0, 1.0],
                [0.994807, 0.073167, 0.070745, 0.124994, 0.060085, -0.983258, 0.172026, -0.002831, 0.082147, -0.166882, -0.982549, -1.2e-05, 0.0, 0.0, 0.0, 1.0],
                [0.994807, 0.073167, 0.070745, 0.124994, 0.060085, -0.983258, 0.172026, -0.002831, 0.082147, -0.166882, -0.982549, -1.2e-05, 0.0, 0.0, 0.0, 1.0],
                [0.994807, 0.073167, 0.070745, 0.124994, 0.060085, -0.983258, 0.172026, -0.002831, 0.082147, -0.166882, -0.982549, -1.2e-05, 0.0, 0.0, 0.0, 1.0],
                [0.994807, 0.073167, 0.070745, 0.124994, 0.060085, -0.983258, 0.172026, -0.002831, 0.082147, -0.166882, -0.982549, -1.2e-05, 0.0, 0.0, 0.0, 1.0],
                [0.994807, 0.073167, 0.070745, 0.124994, 0.060085, -0.983258, 0.172026, -0.002831, 0.082147, -0.166882, -0.982549, -1.2e-05, 0.0, 0.0, 0.0, 1.0],
                [0.994807, 0.073167, 0.070745, 0.124994, 0.060085, -0.983258, 0.172026, -0.002831, 0.082147, -0.166882, -0.982549, -1.2e-05, 0.0, 0.0, 0.0, 1.0],
                [0.994807, 0.073167, 0.070745, 0.124994, 0.060085, -0.983258, 0.172026, -0.002831, 0.082147, -0.166882, -0.982549, -1.2e-05, 0.0, 0.0, 0.0, 1.0],
                [0.994807, 0.073167, 0.070745, 0.124994, 0.060085, -0.983258, 0.172026, -0.002831, 0.082147, -0.166882, -0.982549, -1.2e-05, 0.0, 0.0, 0.0, 1.0],
                [0.994807, 0.073167, 0.070745, 0.124994, 0.060085, -0.983258, 0.172026, -0.002831, 0.082147, -0.166882, -0.982549, -1.2e-05, 0.0, 0.0, 0.0, 1.0],
                [0.994807, 0.073167, 0.070745, 0.124994, 0.060085, -0.983258, 0.172026, -0.002831, 0.082147, -0.166882, -0.982549, -1.2e-05, 0.0, 0.0, 0.0, 1.0],
                [0.994807, 0.073167, 0.070745, 0.124994, 0.060085, -0.983258, 0.172026, -0.002831, 0.082147, -0.166882, -0.982549, -1.2e-05, 0.0, 0.0, 0.0, 1.0],
                [0.994807, 0.073167, 0.070745, 0.124994, 0.060085, -0.983258, 0.172026, -0.002831, 0.082147, -0.166882, -0.982549, -1.2e-05, 0.0, 0.0, 0.0, 1.0],
                [0.994807, 0.073167, 0.070745, 0.124994, 0.060085, -0.983258, 0.172026, -0.002831, 0.082147, -0.166882, -0.982549, -1.2e-05, 0.0, 0.0, 0.0, 1.0],
                [0.994807, 0.073167, 0.070745, 0.124994, 0.060085, -0.983258, 0.172026, -0.002831, 0.082147, -0.166882, -0.982549, -1.2e-05, 0.0, 0.0, 0.0, 1.0],
                [0.994807, 0.073167, 0.070745, 0.124994, 0.060085, -0.983258, 0.172026, -0.002831, 0.082147, -0.166882, -0.982549, -1.2e-05, 0.0, 0.0, 0.0, 1.0],
                [0.994807, 0.073167, 0.070745, 0.124994, 0.060085, -0.983258, 0.172026, -0.002831, 0.082147, -0.166882, -0.982549, -1.2e-05, 0.0, 0.0, 0.0, 1.0],
                [0.994807, 0.073167, 0.070745, 0.124994, 0.060085, -0.983258, 0.172026, -0.002831, 0.082147, -0.166882, -0.982549, -1.2e-05, 0.0, 0.0, 0.0, 1.0],
                [0.994807, 0.073167, 0.070745, 0.124994, 0.060085, -0.983258, 0.172026, -0.002831, 0.082147, -0.166882, -0.982549, -1.2e-05, 0.0, 0.0, 0.0, 1.0],
                [0.994807, 0.073167, 0.070745, 0.124994, 0.060085, -0.983258, 0.172026, -0.002831, 0.082147, -0.166882, -0.982549, -1.2e-05, 0.0, 0.0, 0.0, 1.0],
                [0.994807, 0.073167, 0.070745, 0.124994, 0.060085, -0.983258, 0.172026, -0.002831, 0.082147, -0.166882, -0.982549, -1.2e-05, 0.0, 0.0, 0.0, 1.0],
                [0.994807, 0.073167, 0.070745, 0.124994, 0.060085, -0.983258, 0.172026, -0.002831, 0.082147, -0.166882, -0.982549, -1.2e-05, 0.0, 0.0, 0.0, 1.0],
                [0.994807, 0.073167, 0.070745, 0.124994, 0.060085, -0.983258, 0.172026, -0.002831, 0.082147, -0.166882, -0.982549, -1.2e-05, 0.0, 0.0, 0.0, 1.0],
                [0.994807, 0.073167, 0.070745, 0.124994, 0.060085, -0.983258, 0.172026, -0.002831, 0.082147, -0.166882, -0.982549, -1.2e-05, 0.0, 0.0, 0.0, 1.0],
                [0.994807, 0.073167, 0.070745, 0.124994, 0.060085, -0.983258, 0.172026, -0.002831, 0.082147, -0.166882, -0.982549, -1.2e-05, 0.0, 0.0, 0.0, 1.0],
                [0.994807, 0.073167, 0.070745, 0.124994, 0.060085, -0.983258, 0.172026, -0.002831, 0.082147, -0.166882, -0.982549, -1.2e-05, 0.0, 0.0, 0.0, 1.0],
                [0.994807, 0.073167, 0.070745, 0.124994, 0.060085, -0.983258, 0.172026, -0.002831, 0.082147, -0.166882, -0.982549, -1.2e-05, 0.0, 0.0, 0.0, 1.0],
                [0.994807, 0.073167, 0.070745, 0.124994, 0.060085, -0.983258, 0.172026, -0.002831, 0.082147, -0.166882, -0.982549, -1.2e-05, 0.0, 0.0, 0.0, 1.0],
                [0.994807, 0.073167, 0.070745, 0.124994, 0.060085, -0.983258, 0.172026, -0.002831, 0.082147, -0.166882, -0.982549, -1.2e-05, 0.0, 0.0, 0.0, 1.0],
                [0.994807, 0.073167, 0.070745, 0.124994, 0.060085, -0.983258, 0.172026, -0.002831, 0.082147, -0.166882, -0.982549, -1.2e-05, 0.0, 0.0, 0.0, 1.0],
                [0.994807, 0.073167, 0.070745, 0.124994, 0.060085, -0.983258, 0.172026, -0.002831, 0.082147, -0.166882, -0.982549, -1.2e-05, 0.0, 0.0, 0.0, 1.0],
                [0.994807, 0.073167, 0.070745, 0.124994, 0.060085, -0.983258, 0.172026, -0.002831, 0.082147, -0.166882, -0.982549, -1.2e-05, 0.0, 0.0, 0.0, 1.0],
                [0.994807, 0.073167, 0.070745, 0.124994, 0.060085, -0.983258, 0.172026, -0.002831, 0.082147, -0.166882, -0.982549, -1.2e-05, 0.0, 0.0, 0.0, 1.0],
                [0.994807, 0.073167, 0.070745, 0.124994, 0.060085, -0.983258, 0.172026, -0.002831, 0.082147, -0.166882, -0.982549, -1.2e-05, 0.0, 0.0, 0.0, 1.0],
                [0.994807, 0.073167, 0.070745, 0.124994, 0.060085, -0.983258, 0.172026, -0.002831, 0.082147, -0.166882, -0.982549, -1.2e-05, 0.0, 0.0, 0.0, 1.0],
                [0.994807, 0.073167, 0.070745, 0.124994, 0.060085, -0.983258, 0.172026, -0.002831, 0.082147, -0.166882, -0.982549, -1.2e-05, 0.0, 0.0, 0.0, 1.0],
                [0.994807, 0.073167, 0.070745, 0.124994, 0.060085, -0.983258, 0.172026, -0.002831, 0.082147, -0.166882, -0.982549, -1.2e-05, 0.0, 0.0, 0.0, 1.0],
                [0.994807, 0.073167, 0.070745, 0.124994, 0.060085, -0.983258, 0.172026, -0.002831, 0.082147, -0.166882, -0.982549, -1.2e-05, 0.0, 0.0, 0.0, 1.0],
                [0.994807, 0.073167, 0.070745, 0.124994, 0.060085, -0.983258, 0.172026, -0.002831, 0.082147, -0.166882, -0.982549, -1.2e-05, 0.0, 0.0, 0.0, 1.0],
                [0.994807, 0.073167, 0.070745, 0.124994, 0.060085, -0.983258, 0.172026, -0.002831, 0.082147, -0.166882, -0.982549, -1.2e-05, 0.0, 0.0, 0.0, 1.0],
                [0.994807, 0.073167, 0.070745, 0.124994, 0.060085, -0.983258, 0.172026, -0.002831, 0.082147, -0.166882, -0.982549, -1.2e-05, 0.0, 0.0, 0.0, 1.0],
                [0.994807, 0.073167, 0.070745, 0.124994, 0.060085, -0.983258, 0.172026, -0.002831, 0.082147, -0.166882, -0.982549, -1.2e-05, 0.0, 0.0, 0.0, 1.0],
                [0.994807, 0.073167, 0.070745, 0.124994, 0.060085, -0.983258, 0.172026, -0.002831, 0.082147, -0.166882, -0.982549, -1.2e-05, 0.0, 0.0, 0.0, 1.0],
                [0.994807, 0.073167, 0.070745, 0.124994, 0.060085, -0.983258, 0.172026, -0.002831, 0.082147, -0.166882, -0.982549, -1.2e-05, 0.0, 0.0, 0.0, 1.0],
                [0.994807, 0.073167, 0.070745, 0.124994, 0.060085, -0.983258, 0.172026, -0.002831, 0.082147, -0.166882, -0.982549, -1.2e-05, 0.0, 0.0, 0.0, 1.0],
                [0.994807, 0.073167, 0.070745, 0.124994, 0.060085, -0.983258, 0.172026, -0.002831, 0.082147, -0.166882, -0.982549, -1.2e-05, 0.0, 0.0, 0.0, 1.0],
                [0.994807, 0.073167, 0.070745, 0.124994, 0.060085, -0.983258, 0.172026, -0.002831, 0.082147, -0.166882, -0.982549, -1.2e-05, 0.0, 0.0, 0.0, 1.0],
                [0.994807, 0.073167, 0.070745, 0.124994, 0.060085, -0.983258, 0.172026, -0.002831, 0.082147, -0.166882, -0.982549, -1.2e-05, 0.0, 0.0, 0.0, 1.0],
                [0.994807, 0.073167, 0.070745, 0.124994, 0.060085, -0.983258, 0.172026, -0.002831, 0.082147, -0.166882, -0.982549, -1.2e-05, 0.0, 0.0, 0.0, 1.0],
                [0.994807, 0.073167, 0.070745, 0.124994, 0.060085, -0.983258, 0.172026, -0.002831, 0.082147, -0.166882, -0.982549, -1.2e-05, 0.0, 0.0, 0.0, 1.0],
                [0.994807, 0.073167, 0.070745, 0.124994, 0.060085, -0.983258, 0.172026, -0.002831, 0.082147, -0.166882, -0.982549, -1.2e-05, 0.0, 0.0, 0.0, 1.0],
                [0.994807, 0.073167, 0.070745, 0.124994, 0.060085, -0.983258, 0.172026, -0.002831, 0.082147, -0.166882, -0.982549, -1.2e-05, 0.0, 0.0, 0.0, 1.0],
                [0.994807, 0.073167, 0.070745, 0.124994, 0.060085, -0.983258, 0.172026, -0.002831, 0.082147, -0.166882, -0.982549, -1.2e-05, 0.0, 0.0, 0.0, 1.0],
                [0.994807, 0.073167, 0.070745, 0.124994, 0.060085, -0.983258, 0.172026, -0.002831, 0.082147, -0.166882, -0.982549, -1.2e-05, 0.0, 0.0, 0.0, 1.0],
                [0.994807, 0.073167, 0.070745, 0.124994, 0.060085, -0.983258, 0.172026, -0.002831, 0.082147, -0.166882, -0.982549, -1.2e-05, 0.0, 0.0, 0.0, 1.0],
                [0.994807, 0.073167, 0.070745, 0.124994, 0.060085, -0.983258, 0.172026, -0.002831, 0.082147, -0.166882, -0.982549, -1.2e-05, 0.0, 0.0, 0.0, 1.0],
                [0.994807, 0.073167, 0.070745, 0.124994, 0.060085, -0.983258, 0.172026, -0.002831, 0.082147, -0.166882, -0.982549, -1.2e-05, 0.0, 0.0, 0.0, 1.0],
                [0.994807, 0.073167, 0.070745, 0.124994, 0.060085, -0.983258, 0.172026, -0.002831, 0.082147, -0.166882, -0.982549, -1.2e-05, 0.0, 0.0, 0.0, 1.0],
                [0.994807, 0.073167, 0.070745, 0.124994, 0.060085, -0.983258, 0.172026, -0.002831, 0.082147, -0.166882, -0.982549, -1.2e-05, 0.0, 0.0, 0.0, 1.0],
                [0.994807, 0.073167, 0.070745, 0.124994, 0.060085, -0.983258, 0.172026, -0.002831, 0.082147, -0.166882, -0.982549, -1.2e-05, 0.0, 0.0, 0.0, 1.0],
                [0.994807, 0.073167, 0.070745, 0.124994, 0.060085, -0.983258, 0.172026, -0.002831, 0.082147, -0.166882, -0.982549, -1.2e-05, 0.0, 0.0, 0.0, 1.0],
                [0.994807, 0.073167, 0.070745, 0.124994, 0.060085, -0.983258, 0.172026, -0.002831, 0.082147, -0.166882, -0.982549, -1.2e-05, 0.0, 0.0, 0.0, 1.0],
                [0.994807, 0.073167, 0.070745, 0.124994, 0.060085, -0.983258, 0.172026, -0.002831, 0.082147, -0.166882, -0.982549, -1.2e-05, 0.0, 0.0, 0.0, 1.0],
                [0.994807, 0.073167, 0.070745, 0.124994, 0.060085, -0.983258, 0.172026, -0.002831, 0.082147, -0.166882, -0.982549, -1.2e-05, 0.0, 0.0, 0.0, 1.0],
                [0.994807, 0.073167, 0.070745, 0.124994, 0.060085, -0.983258, 0.172026, -0.002831, 0.082147, -0.166882, -0.982549, -1.2e-05, 0.0, 0.0, 0.0, 1.0],
                [0.994807, 0.073167, 0.070745, 0.124994, 0.060085, -0.983258, 0.172026, -0.002831, 0.082147, -0.166882, -0.982549, -1.2e-05, 0.0, 0.0, 0.0, 1.0],
                [0.994807, 0.073167, 0.070745, 0.124994, 0.060085, -0.983258, 0.172026, -0.002831, 0.082147, -0.166882, -0.982549, -1.2e-05, 0.0, 0.0, 0.0, 1.0],
                [0.994807, 0.073167, 0.070745, 0.124994, 0.060085, -0.983258, 0.172026, -0.002831, 0.082147, -0.166882, -0.982549, -1.2e-05, 0.0, 0.0, 0.0, 1.0],
                [0.994807, 0.073167, 0.070745, 0.124994, 0.060085, -0.983258, 0.172026, -0.002831, 0.082147, -0.166882, -0.982549, -1.2e-05, 0.0, 0.0, 0.0, 1.0],
                [0.994807, 0.073167, 0.070745, 0.124994, 0.060085, -0.983258, 0.172026, -0.002831, 0.082147, -0.166882, -0.982549, -1.2e-05, 0.0, 0.0, 0.0, 1.0],
                [0.994807, 0.073167, 0.070745, 0.124994, 0.060085, -0.983258, 0.172026, -0.002831, 0.082147, -0.166882, -0.982549, -1.2e-05, 0.0, 0.0, 0.0, 1.0],
                [0.994807, 0.073167, 0.070745, 0.124994, 0.060085, -0.983258, 0.172026, -0.002831, 0.082147, -0.166882, -0.982549, -1.2e-05, 0.0, 0.0, 0.0, 1.0],
                [0.994807, 0.073167, 0.070745, 0.124994, 0.060085, -0.983258, 0.172026, -0.002831, 0.082147, -0.166882, -0.982549, -1.2e-05, 0.0, 0.0, 0.0, 1.0],
                [0.994807, 0.073167, 0.070745, 0.124994, 0.060085, -0.983258, 0.172026, -0.002831, 0.082147, -0.166882, -0.982549, -1.2e-05, 0.0, 0.0, 0.0, 1.0],
                [0.994807, 0.073167, 0.070745, 0.124994, 0.060085, -0.983258, 0.172026, -0.002831, 0.082147, -0.166882, -0.982549, -1.2e-05, 0.0, 0.0, 0.0, 1.0],
                [0.994807, 0.073167, 0.070745, 0.124994, 0.060085, -0.983258, 0.172026, -0.002831, 0.082147, -0.166882, -0.982549, -1.2e-05, 0.0, 0.0, 0.0, 1.0],
                [0.994807, 0.073167, 0.070745, 0.124994, 0.060085, -0.983258, 0.172026, -0.002831, 0.082147, -0.166882, -0.982549, -1.2e-05, 0.0, 0.0, 0.0, 1.0],
                [0.994807, 0.073167, 0.070745, 0.124994, 0.060085, -0.983258, 0.172026, -0.002831, 0.082147, -0.166882, -0.982549, -1.2e-05, 0.0, 0.0, 0.0, 1.0],
                [0.994807, 0.073167, 0.070745, 0.124994, 0.060085, -0.983258, 0.172026, -0.002831, 0.082147, -0.166882, -0.982549, -1.2e-05, 0.0, 0.0, 0.0, 1.0],
                [0.994807, 0.073167, 0.070745, 0.124994, 0.060085, -0.983258, 0.172026, -0.002831, 0.082147, -0.166882, -0.982549, -1.2e-05, 0.0, 0.0, 0.0, 1.0],
                [0.994807, 0.073167, 0.070745, 0.124994, 0.060085, -0.983258, 0.172026, -0.002831, 0.082147, -0.166882, -0.982549, -1.2e-05, 0.0, 0.0, 0.0, 1.0],
