{
    "armature": {
        "joints": ["Root", "Thigh_R", "Leg_R", "Knee_R", "Thigh_L", "Leg_L", "Knee_L", "Torso", "Chest", "Head", "Shoulder_R", "Arm_R", "Hand_R", "Tool_R", "Elbow_R", "Shoulder_L", "Arm_L", "Hand_L", "Tool_L", "Elbow_L"],
        "hierarchy": [
            {
                "name": "Root",
                "transform": [1.0, 0.0, 0.0, -5e-06, 0.0, 0.0, -1.0, 0.000946, 0.0, 1.0, 0.0, 0.763972, 0.0, 0.0, 0.0, 1.0],
                "children": [
                    {
                        "name": "Thigh_R",
                        "transform": [1.0, -0.0, -0.0, 0.124994, -0.0, -1.0, 0.0, -0.002831, -0.0, -0.0, -1.0, -1.2e-05, 0.0, 0.0, 0.0, 1.0],
                        "children": [
                            {
                                "name": "Leg_R",
                                "transform": [1.0, 0.0, 1e-06, 0.0, -0.0, 1.0, 0.0, 0.37472, -1e-06, -0.0, 1.0, -0.0, 0.0, 0.0, 0.0, 1.0],
                                "children": []
                            },
                            {
                                "name": "Knee_R",
                                "transform": [1.0, 0.0, -0.0, 0.0, -0.0, 0.0, -1.0, 0.37472, -0.0, 1.0, 0.0, -0.0, 0.0, 0.0, 0.0, 1.0],
                                "children": []
                            }
                        ]
                    },
                    {
                        "name": "Thigh_L",
                        "transform": [1.0, -0.0, -0.0, -0.125006, -0.0, -1.0, 0.0, -0.002831, -0.0, -0.0, -1.0, -1.2e-05, 0.0, 0.0, 0.0, 1.0],
                        "children": [
                            {
                                "name": "Leg_L",
                                "transform": [1.0, 0.0, 1e-06, -0.0, -0.0, 1.0, 0.0, 0.37472, -1e-06, -0.0, 1.0, 0.0, 0.0, 0.0, 0.0, 1.0],
                                "children": []
                            },
                            {
                                "name": "Knee_L",
                                "transform": [1.0, 0.0, -0.0, -0.0, -0.0, 0.0, -1.0, 0.37472, -0.0, 1.0, 0.0, 0.0, 0.0, 0.0, 0.0, 1.0],
                                "children": []
                            }
                        ]
                    },
                    {
                        "name": "Torso",
                        "transform": [1.0, 0.0, 0.0, 0.0, 0.0, 1.0, 0.0, 0.05, 0.0, 0.0, 1.0, 0.0, 0.0, 0.0, 0.0, 1.0],
                        "children": [
                            {
                                "name": "Chest",
                                "transform": [1.0, 0.0, 0.0, 0.0, 0.0, 1.0, 0.0, 0.3, 0.0, 0.0, 1.0, 0.0, 0.0, 0.0, 0.0, 1.0],
                                "children": [
                                    {
                                        "name": "Head",
                                        "transform": [1.0, 0.0, 0.0, 0.0, 0.0, 1.0, 0.0, 0.4, 0.0, 0.0, 1.0, 0.0, 0.0, 0.0, 0.0, 1.0],
                                        "children": []
                                    },
                                    {
                                        "name": "Shoulder_R",
                                        "transform": [0.0, 0.952114, 0.305743, 0.0, 0.0, -0.305743, 0.952114, 0.4, 1.0, 0.0, -0.0, 0.0, 0.0, 0.0, 0.0, 1.0],
                                        "children": [
                                            {
                                                "name": "Arm_R",
                                                "transform": [0.0, -0.0, -1.0, -0.0, 0.952114, 0.305743, 0.0, 0.39386, 0.305743, -0.952114, 0.0, 0.0, 0.0, 0.0, 0.0, 1.0],
                                                "children": [
                                                    {
                                                        "name": "Hand_R",
                                                        "transform": [1.0, 0.0, 0.0, 0.0, -0.0, 0.993938, 0.109947, 0.3, -0.0, -0.109947, 0.993937, 0.0, 0.0, 0.0, 0.0, 1.0],
                                                        "children": [
                                                            {
                                                                "name": "Tool_R",
                                                                "transform": [1.0, 0.0, 0.0, -0.0, 0.0, -0.999836, 0.018122, 0.272858, 0.0, -0.018122, -0.999836, 0.0, 0.0, 0.0, 0.0, 1.0],
                                                                "children": []
                                                            }
                                                        ]
                                                    },
                                                    {
                                                        "name": "Elbow_R",
                                                        "transform": [-1.0, 0.0, -0.0, 0.0, 0.0, 0.0, -1.0, 0.3, -0.0, -1.0, -0.0, 0.0, 0.0, 0.0, 0.0, 1.0],
                                                        "children": []
                                                    }
                                                ]
                                            }
                                        ]
                                    },
                                    {
                                        "name": "Shoulder_L",
                                        "transform": [-0.0, -0.952114, -0.305743, 0.0, 0.0, -0.305743, 0.952114, 0.4, -1.0, 0.0, 0.0, 0.0, 0.0, 0.0, 0.0, 1.0],
                                        "children": [
                                            {
                                                "name": "Arm_L",
                                                "transform": [-0.0, -0.0, 1.0, -0.0, -0.952114, 0.305743, -0.0, 0.39386, -0.305743, -0.952114, -0.0, 0.0, 0.0, 0.0, 0.0, 1.0],
                                                "children": [
                                                    {
                                                        "name": "Hand_L",
                                                        "transform": [1.0, -0.0, 0.0, -0.0, 0.0, 0.993937, 0.109947, 0.3, -0.0, -0.109947, 0.993937, 0.0, 0.0, 0.0, 0.0, 1.0],
                                                        "children": [
                                                            {
                                                                "name": "Tool_L",
                                                                "transform": [1.0, 0.0, 0.0, -0.0, -0.0, -0.999836, 0.018122, 0.272858, 0.0, -0.018122, -0.999836, -0.0, 0.0, 0.0, 0.0, 1.0],
                                                                "children": []
                                                            }
                                                        ]
                                                    },
                                                    {
                                                        "name": "Elbow_L",
                                                        "transform": [-1.0, 0.0, -0.0, -0.0, 0.0, -0.0, -1.0, 0.3, -0.0, -1.0, 0.0, 0.0, 0.0, 0.0, 0.0, 1.0],
                                                        "children": []
                                                    }
                                                ]
                                            }
                                        ]
                                    }
                                ]
                            }
                        ]
                    }
                ]
            }
        ]
    },
    "animation": [
        {
            "name": "Root",
            "time": [0.0, 0.0167, 0.0333, 0.05, 0.0667, 0.0833, 0.1, 0.1167, 0.1333, 0.15, 0.1667, 0.1833, 0.2, 0.2167, 0.2333, 0.25, 0.2667, 0.2833, 0.3, 0.3167, 0.3333, 0.35, 0.3667, 0.3833, 0.4, 0.4167, 0.4333, 0.45, 0.4667, 0.4833, 0.5, 0.5167, 0.5333, 0.55, 0.5667, 0.5833, 0.6, 0.6167, 0.6333, 0.65, 0.6667, 0.6833, 0.7, 0.7167, 0.7333, 0.75, 0.7667, 0.7833, 0.8, 0.8167, 0.8333, 0.85, 0.8667, 0.8833, 0.9, 0.9167, 0.9333, 0.95, 0.9667, 0.9833, 1.0, 1.0167, 1.0333, 1.05, 1.0667, 1.0833, 1.1, 1.1167, 1.1333, 1.15, 1.1667, 1.1833, 1.2, 1.2167, 1.2333, 1.25, 1.2667, 1.2833, 1.3, 1.3167, 1.3333, 1.35, 1.3667, 1.3833, 1.4, 1.4167, 1.4333, 1.45, 1.4667, 1.4833, 1.5, 1.5167, 1.5333, 1.55, 1.5667, 1.5833, 1.6],
            "transform": [
                [0.939693, 0.0, -0.34202, -5e-06, -0.34202, 0.0, -0.939693, 0.000946, 0.0, 1.0, 0.0, 0.763972, 0.0, 0.0, 0.0, 1.0],
                [0.94102, 0.0, -0.338352, -5e-06, -0.338352, 0.0, -0.94102, 0.000968, 0.0, 1.0, 0.0, 0.763972, 0.0, 0.0, 0.0, 1.0],
                [0.944695, 0.0, -0.327951, -5e-06, -0.327951, 0.0, -0.944695, 0.001117, 0.0, 1.0, 0.0, 0.763972, 0.0, 0.0, 0.0, 1.0],
                [0.950183, 0.0, -0.311692, -5e-06, -0.311692, 0.0, -0.950183, 0.001521, 0.0, 1.0, 0.0, 0.763972, 0.0, 0.0, 0.0, 1.0],
                [0.956894, 0.0, -0.290438, -5e-06, -0.290438, 0.0, -0.956894, 0.002308, 0.0, 1.0, 0.0, 0.763972, 0.0, 0.0, 0.0, 1.0],
                [0.96423, 0.0, -0.265069, -5e-06, -0.265069, 0.0, -0.96423, 0.003606, 0.0, 1.0, 0.0, 0.763972, 0.0, 0.0, 0.0, 1.0],
                [0.971632, 0.0, -0.236498, -5e-06, -0.236498, 0.0, -0.971632, 0.005543, 0.0, 1.0, 0.0, 0.763972, 0.0, 0.0, 0.0, 1.0],
                [0.978617, 0.0, -0.205689, -5e-06, -0.205689, 0.0, -0.978617, 0.008245, 0.0, 1.0, 0.0, 0.763972, 0.0, 0.0, 0.0, 1.0],
                [0.984808, 0.0, -0.173648, -5e-06, -0.173648, 0.0, -0.984808, 0.011842, 0.0, 1.0, 0.0, 0.763972, 0.0, 0.0, 0.0, 1.0],
                [0.989949, 0.0, -0.141423, -5e-06, -0.141423, 0.0, -0.989949, 0.016459, 0.0, 1.0, 0.0, 0.763972, 0.0, 0.0, 0.0, 1.0],
                [0.993923, 0.0, -0.110082, -5e-06, -0.110082, 0.0, -0.993923, 0.022226, 0.0, 1.0, 0.0, 0.763972, 0.0, 0.0, 0.0, 1.0],
                [0.996738, 0.0, -0.080703, -5e-06, -0.080703, 0.0, -0.996738, 0.02927, 0.0, 1.0, 0.0, 0.763972, 0.0, 0.0, 0.0, 1.0],
                [0.998522, 0.0, -0.054354, -5e-06, -0.054354, 0.0, -0.998522, 0.037718, 0.0, 1.0, 0.0, 0.763972, 0.0, 0.0, 0.0, 1.0],
                [0.999485, 0.0, -0.032087, -5e-06, -0.032087, 0.0, -0.999485, 0.047698, 0.0, 1.0, 0.0, 0.763972, 0.0, 0.0, 0.0, 1.0],
                [0.999889, 0.0, -0.014932, -5e-06, -0.014932, 0.0, -0.999889, 0.059339, 0.0, 1.0, 0.0, 0.763972, 0.0, 0.0, 0.0, 1.0],
                [0.999992, 0.0, -0.003901, -5e-06, -0.003901, 0.0, -0.999992, 0.072766, 0.0, 1.0, 0.0, 0.763972, 0.0, 0.0, 0.0, 1.0],
                [1.0, 0.0, 0.0, -5e-06, 0.0, 0.0, -1.0, 0.088109, 0.0, 1.0, 0.0, 0.763972, 0.0, 0.0, 0.0, 1.0],
                [1.0, 0.0, 0.0, -5e-06, 0.0, 0.0, -1.0, 0.116249, 0.0, 1.0, 0.0, 0.763972, 0.0, 0.0, 0.0, 1.0],
                [1.0, 0.0, 0.0, -5e-06, 0.0, 0.0, -1.0, 0.165565, 0.0, 1.0, 0.0, 0.763972, 0.0, 0.0, 0.0, 1.0],
                [1.0, 0.0, 0.0, -5e-06, 0.0, 0.0, -1.0, 0.232434, 0.0, 1.0, 0.0, 0.763972, 0.0, 0.0, 0.0, 1.0],
                [1.0, 0.0, 0.0, -5e-06, 0.0, 0.0, -1.0, 0.313229, 0.0, 1.0, 0.0, 0.763972, 0.0, 0.0, 0.0, 1.0],
                [1.0, 0.0, 0.0, -5e-06, 0.0, 0.0, -1.0, 0.404326, 0.0, 1.0, 0.0, 0.763972, 0.0, 0.0, 0.0, 1.0],
                [1.0, 0.0, 0.0, -5e-06, 0.0, 0.0, -1.0, 0.502099, 0.0, 1.0, 0.0, 0.763972, 0.0, 0.0, 0.0, 1.0],
                [1.0, 0.0, 0.0, -5e-06, 0.0, 0.0, -1.0, 0.602925, 0.0, 1.0, 0.0, 0.763972, 0.0, 0.0, 0.0, 1.0],
                [1.0, 0.0, 0.0, -5e-06, 0.0, 0.0, -1.0, 0.703177, 0.0, 1.0, 0.0, 0.763972, 0.0, 0.0, 0.0, 1.0],
                [1.0, 0.0, 0.0, -5e-06, 0.0, 0.0, -1.0, 0.79923, 0.0, 1.0, 0.0, 0.763972, 0.0, 0.0, 0.0, 1.0],
                [1.0, 0.0, 0.0, -5e-06, 0.0, 0.0, -1.0, 0.88746, 0.0, 1.0, 0.0, 0.763972, 0.0, 0.0, 0.0, 1.0],
                [1.0, 0.0, 0.0, -5e-06, 0.0, 0.0, -1.0, 0.964242, 0.0, 1.0, 0.0, 0.763972, 0.0, 0.0, 0.0, 1.0],
                [1.0, 0.0, 0.0, -5e-06, 0.0, 0.0, -1.0, 1.02595, 0.0, 1.0, 0.0, 0.763972, 0.0, 0.0, 0.0, 1.0],
                [1.0, 0.0, 0.0, -5e-06, 0.0, 0.0, -1.0, 1.06896, 0.0, 1.0, 0.0, 0.763972, 0.0, 0.0, 0.0, 1.0],
                [1.0, 0.0, 0.0, -5e-06, 0.0, 0.0, -1.0, 1.089646, 0.0, 1.0, 0.0, 0.763972, 0.0, 0.0, 0.0, 1.0],
                [1.0, 0.0, 0.0, -5e-06, 0.0, 0.0, -1.0, 1.09772, 0.0, 1.0, 0.0, 0.763972, 0.0, 0.0, 0.0, 1.0],
                [1.0, 0.0, 0.0, -5e-06, 0.0, 0.0, -1.0, 1.105319, 0.0, 1.0, 0.0, 0.763972, 0.0, 0.0, 0.0, 1.0],
                [1.0, 0.0, 0.0, -5e-06, 0.0, 0.0, -1.0, 1.112457, 0.0, 1.0, 0.0, 0.763972, 0.0, 0.0, 0.0, 1.0],
                [1.0, 0.0, 0.0, -5e-06, 0.0, 0.0, -1.0, 1.11915, 0.0, 1.0, 0.0, 0.763972, 0.0, 0.0, 0.0, 1.0],
                [1.0, 0.0, 0.0, -5e-06, 0.0, 0.0, -1.0, 1.125411, 0.0, 1.0, 0.0, 0.763972, 0.0, 0.0, 0.0, 1.0],
                [1.0, 0.0, 0.0, -5e-06, 0.0, 0.0, -1.0, 1.131254, 0.0, 1.0, 0.0, 0.763972, 0.0, 0.0, 0.0, 1.0],
                [1.0, 0.0, 0.0, -5e-06, 0.0, 0.0, -1.0, 1.136695, 0.0, 1.0, 0.0, 0.763972, 0.0, 0.0, 0.0, 1.0],
                [1.0, 0.0, 0.0, -5e-06, 0.0, 0.0, -1.0, 1.141747, 0.0, 1.0, 0.0, 0.763972, 0.0, 0.0, 0.0, 1.0],
                [1.0, 0.0, 0.0, -5e-06, 0.0, 0.0, -1.0, 1.146426, 0.0, 1.0, 0.0, 0.763972, 0.0, 0.0, 0.0, 1.0],
                [1.0, 0.0, 0.0, -5e-06, 0.0, 0.0, -1.0, 1.150744, 0.0, 1.0, 0.0, 0.763972, 0.0, 0.0, 0.0, 1.0],
                [1.0, 0.0, 0.0, -5e-06, 0.0, 0.0, -1.0, 1.154718, 0.0, 1.0, 0.0, 0.763972, 0.0, 0.0, 0.0, 1.0],
                [1.0, 0.0, 0.0, -5e-06, 0.0, 0.0, -1.0, 1.15836, 0.0, 1.0, 0.0, 0.763972, 0.0, 0.0, 0.0, 1.0],
                [1.0, 0.0, 0.0, -5e-06, 0.0, 0.0, -1.0, 1.161686, 0.0, 1.0, 0.0, 0.763972, 0.0, 0.0, 0.0, 1.0],
                [1.0, 0.0, 0.0, -5e-06, 0.0, 0.0, -1.0, 1.16471, 0.0, 1.0, 0.0, 0.763972, 0.0, 0.0, 0.0, 1.0],
                [1.0, 0.0, 0.0, -5e-06, 0.0, 0.0, -1.0, 1.167446, 0.0, 1.0, 0.0, 0.763972, 0.0, 0.0, 0.0, 1.0],
                [1.0, 0.0, 0.0, -5e-06, 0.0, 0.0, -1.0, 1.169908, 0.0, 1.0, 0.0, 0.763972, 0.0, 0.0, 0.0, 1.0],
                [1.0, 0.0, 0.0, -5e-06, 0.0, 0.0, -1.0, 1.172112, 0.0, 1.0, 0.0, 0.763972, 0.0, 0.0, 0.0, 1.0],
                [1.0, 0.0, 0.0, -5e-06, 0.0, 0.0, -1.0, 1.174071, 0.0, 1.0, 0.0, 0.763972, 0.0, 0.0, 0.0, 1.0],
                [1.0, 0.0, 0.0, -5e-06, 0.0, 0.0, -1.0, 1.1758, 0.0, 1.0, 0.0, 0.763972, 0.0, 0.0, 0.0, 1.0],
                [1.0, 0.0, 0.0, -5e-06, 0.0, 0.0, -1.0, 1.177313, 0.0, 1.0, 0.0, 0.763972, 0.0, 0.0, 0.0, 1.0],
                [1.0, 0.0, 0.0, -5e-06, 0.0, 0.0, -1.0, 1.178625, 0.0, 1.0, 0.0, 0.763972, 0.0, 0.0, 0.0, 1.0],
                [1.0, 0.0, 0.0, -5e-06, 0.0, 0.0, -1.0, 1.179749, 0.0, 1.0, 0.0, 0.763972, 0.0, 0.0, 0.0, 1.0],
                [1.0, 0.0, 0.0, -5e-06, 0.0, 0.0, -1.0, 1.180701, 0.0, 1.0, 0.0, 0.763972, 0.0, 0.0, 0.0, 1.0],
                [1.0, 0.0, 0.0, -5e-06, 0.0, 0.0, -1.0, 1.181495, 0.0, 1.0, 0.0, 0.763972, 0.0, 0.0, 0.0, 1.0],
                [1.0, 0.0, 0.0, -5e-06, 0.0, 0.0, -1.0, 1.182145, 0.0, 1.0, 0.0, 0.763972, 0.0, 0.0, 0.0, 1.0],
                [1.0, 0.0, 0.0, -5e-06, 0.0, 0.0, -1.0, 1.182665, 0.0, 1.0, 0.0, 0.763972, 0.0, 0.0, 0.0, 1.0],
                [1.0, 0.0, 0.0, -5e-06, 0.0, 0.0, -1.0, 1.18307, 0.0, 1.0, 0.0, 0.763972, 0.0, 0.0, 0.0, 1.0],
                [1.0, 0.0, 0.0, -5e-06, 0.0, 0.0, -1.0, 1.183375, 0.0, 1.0, 0.0, 0.763972, 0.0, 0.0, 0.0, 1.0],
                [1.0, 0.0, 0.0, -5e-06, 0.0, 0.0, -1.0, 1.183593, 0.0, 1.0, 0.0, 0.763972, 0.0, 0.0, 0.0, 1.0],
                [1.0, 0.0, 0.0, -5e-06, 0.0, 0.0, -1.0, 1.183739, 0.0, 1.0, 0.0, 0.763972, 0.0, 0.0, 0.0, 1.0],
                [1.0, 0.0, 0.0, -5e-06, 0.0, 0.0, -1.0, 1.183828, 0.0, 1.0, 0.0, 0.763972, 0.0, 0.0, 0.0, 1.0],
                [1.0, 0.0, 0.0, -5e-06, 0.0, 0.0, -1.0, 1.183874, 0.0, 1.0, 0.0, 0.763972, 0.0, 0.0, 0.0, 1.0],
                [1.0, 0.0, 0.0, -5e-06, 0.0, 0.0, -1.0, 1.18389, 0.0, 1.0, 0.0, 0.763972, 0.0, 0.0, 0.0, 1.0],
                [1.0, 0.0, 0.0, -5e-06, 0.0, 0.0, -1.0, 1.183893, 0.0, 1.0, 0.0, 0.763972, 0.0, 0.0, 0.0, 1.0],
                [1.0, 0.0, 0.0, -5e-06, 0.0, 0.0, -1.0, 1.181419, 0.0, 1.0, 0.0, 0.763972, 0.0, 0.0, 0.0, 1.0],
                [1.0, 0.0, 0.0, -5e-06, 0.0, 0.0, -1.0, 1.174209, 0.0, 1.0, 0.0, 0.763972, 0.0, 0.0, 0.0, 1.0],
                [1.0, 0.0, 0.0, -5e-06, 0.0, 0.0, -1.0, 1.162579, 0.0, 1.0, 0.0, 0.763972, 0.0, 0.0, 0.0, 1.0],
                [1.0, 0.0, 0.0, -5e-06, 0.0, 0.0, -1.0, 1.146843, 0.0, 1.0, 0.0, 0.763972, 0.0, 0.0, 0.0, 1.0],
                [1.0, 0.0, 0.0, -5e-06, 0.0, 0.0, -1.0, 1.127319, 0.0, 1.0, 0.0, 0.763972, 0.0, 0.0, 0.0, 1.0],
                [1.0, 0.0, 0.0, -5e-06, 0.0, 0.0, -1.0, 1.104321, 0.0, 1.0, 0.0, 0.763972, 0.0, 0.0, 0.0, 1.0],
                [1.0, 0.0, 0.0, -5e-06, 0.0, 0.0, -1.0, 1.078165, 0.0, 1.0, 0.0, 0.763972, 0.0, 0.0, 0.0, 1.0],
                [1.0, 0.0, 0.0, -5e-06, 0.0, 0.0, -1.0, 1.049167, 0.0, 1.0, 0.0, 0.763972, 0.0, 0.0, 0.0, 1.0],
                [1.0, 0.0, 0.0, -5e-06, 0.0, 0.0, -1.0, 1.017644, 0.0, 1.0, 0.0, 0.763972, 0.0, 0.0, 0.0, 1.0],
                [1.0, 0.0, 0.0, -5e-06, 0.0, 0.0, -1.0, 0.98391, 0.0, 1.0, 0.0, 0.763972, 0.0, 0.0, 0.0, 1.0],
                [1.0, 0.0, 0.0, -5e-06, 0.0, 0.0, -1.0, 0.948281, 0.0, 1.0, 0.0, 0.763972, 0.0, 0.0, 0.0, 1.0],
                [1.0, 0.0, 0.0, -5e-06, 0.0, 0.0, -1.0, 0.911074, 0.0, 1.0, 0.0, 0.763972, 0.0, 0.0, 0.0, 1.0],
                [1.0, 0.0, 0.0, -5e-06, 0.0, 0.0, -1.0, 0.872603, 0.0, 1.0, 0.0, 0.763972, 0.0, 0.0, 0.0, 1.0],
                [1.0, 0.0, 0.0, -5e-06, 0.0, 0.0, -1.0, 0.833186, 0.0, 1.0, 0.0, 0.763972, 0.0, 0.0, 0.0, 1.0],
                [1.0, 0.0, 0.0, -5e-06, 0.0, 0.0, -1.0, 0.793137, 0.0, 1.0, 0.0, 0.763972, 0.0, 0.0, 0.0, 1.0],
                [1.0, 0.0, 0.0, -5e-06, 0.0, 0.0, -1.0, 0.752772, 0.0, 1.0, 0.0, 0.763972, 0.0, 0.0, 0.0, 1.0],
                [1.0, 0.0, 0.0, -5e-06, 0.0, 0.0, -1.0, 0.712407, 0.0, 1.0, 0.0, 0.763972, 0.0, 0.0, 0.0, 1.0],
                [1.0, 0.0, 0.0, -5e-06, 0.0, 0.0, -1.0, 0.672357, 0.0, 1.0, 0.0, 0.763972, 0.0, 0.0, 0.0, 1.0],
                [1.0, 0.0, 0.0, -5e-06, 0.0, 0.0, -1.0, 0.63294, 0.0, 1.0, 0.0, 0.763972, 0.0, 0.0, 0.0, 1.0],
                [1.0, 0.0, 0.0, -5e-06, 0.0, 0.0, -1.0, 0.594469, 0.0, 1.0, 0.0, 0.763972, 0.0, 0.0, 0.0, 1.0],
                [1.0, 0.0, 0.0, -5e-06, 0.0, 0.0, -1.0, 0.557262, 0.0, 1.0, 0.0, 0.763972, 0.0, 0.0, 0.0, 1.0],
                [1.0, 0.0, 0.0, -5e-06, 0.0, 0.0, -1.0, 0.521633, 0.0, 1.0, 0.0, 0.763972, 0.0, 0.0, 0.0, 1.0],
                [1.0, 0.0, 0.0, -5e-06, 0.0, 0.0, -1.0, 0.487899, 0.0, 1.0, 0.0, 0.763972, 0.0, 0.0, 0.0, 1.0],
                [1.0, 0.0, 0.0, -5e-06, 0.0, 0.0, -1.0, 0.456376, 0.0, 1.0, 0.0, 0.763972, 0.0, 0.0, 0.0, 1.0],
                [1.0, 0.0, 0.0, -5e-06, 0.0, 0.0, -1.0, 0.427378, 0.0, 1.0, 0.0, 0.763972, 0.0, 0.0, 0.0, 1.0],
                [1.0, 0.0, 0.0, -5e-06, 0.0, 0.0, -1.0, 0.401222, 0.0, 1.0, 0.0, 0.763972, 0.0, 0.0, 0.0, 1.0],
                [1.0, 0.0, 0.0, -5e-06, 0.0, 0.0, -1.0, 0.378224, 0.0, 1.0, 0.0, 0.763972, 0.0, 0.0, 0.0, 1.0],
                [1.0, 0.0, 0.0, -5e-06, 0.0, 0.0, -1.0, 0.3587, 0.0, 1.0, 0.0, 0.763972, 0.0, 0.0, 0.0, 1.0],
                [1.0, 0.0, 0.0, -5e-06, 0.0, 0.0, -1.0, 0.342964, 0.0, 1.0, 0.0, 0.763972, 0.0, 0.0, 0.0, 1.0],
                [1.0, 0.0, 0.0, -5e-06, 0.0, 0.0, -1.0, 0.331334, 0.0, 1.0, 0.0, 0.763972, 0.0, 0.0, 0.0, 1.0],
                [1.0, 0.0, 0.0, -5e-06, 0.0, 0.0, -1.0, 0.324124, 0.0, 1.0, 0.0, 0.763972, 0.0, 0.0, 0.0, 1.0],
                [1.0, 0.0, 0.0, -5e-06, 0.0, 0.0, -1.0, 0.32165, 0.0, 1.0, 0.0, 0.763972, 0.0, 0.0, 0.0, 1.0]
            ]
        },
        {
            "name": "Thigh_R",
            "time": [0.0, 0.0167, 0.0333, 0.05, 0.0667, 0.0833, 0.1, 0.1167, 0.1333, 0.15, 0.1667, 0.1833, 0.2, 0.2167, 0.2333, 0.25, 0.2667, 0.2833, 0.3, 0.3167, 0.3333, 0.35, 0.3667, 0.3833, 0.4, 0.4167, 0.4333, 0.45, 0.4667, 0.4833, 0.5, 0.5167, 0.5333, 0.55, 0.5667, 0.5833, 0.6, 0.6167, 0.6333, 0.65, 0.6667, 0.6833, 0.7, 0.7167, 0.7333, 0.75, 0.7667, 0.7833, 0.8, 0.8167, 0.8333, 0.85, 0.8667, 0.8833, 0.9, 0.9167, 0.9333, 0.95, 0.9667, 0.9833, 1.0, 1.0167, 1.0333, 1.05, 1.0667, 1.0833, 1.1, 1.1167, 1.1333, 1.15, 1.1667, 1.1833, 1.2, 1.2167, 1.2333, 1.25, 1.2667, 1.2833, 1.3, 1.3167, 1.3333, 1.35, 1.3667, 1.3833, 1.4, 1.4167, 1.4333, 1.45, 1.4667, 1.4833, 1.5, 1.5167, 1.5333, 1.55, 1.5667, 1.5833, 1.6],
            "transform": [
                [0.888525, 0.205308, 0.410332, 0.124994, 0.244559, -0.968593, -0.044931, -0.002831, 0.38822, 0.140272, -0.910829, -1.2e-05, 0.0, 0.0, 0.0, 1.0],
                [0.889897, 0.205861, 0.407069, 0.124994, 0.243738, -0.968894, -0.042853, -0.002831, 0.385585, 0.137353, -0.912392, -1.2e-05, 0.0, 0.0, 0.0, 1.0],
                [0.893758, 0.207316, 0.397764, 0.124994, 0.241392, -0.969723, -0.036977, -0.002831, 0.378055, 0.129066, -0.916742, -1.2e-05, 0.0, 0.0, 0.0, 1.0],
                [0.899677, 0.209307, 0.383108, 0.124994, 0.23773, -0.970933, -0.027819, -0.002831, 0.366149, 0.116104, -0.923285, -1.2e-05, 0.0, 0.0, 0.0, 1.0],
                [0.907175, 0.211425, 0.363776, 0.124994, 0.232983, -0.972351, -0.015881, -0.002831, 0.350361, 0.099161, -0.931351, -1.2e-05, 0.0, 0.0, 0.0, 1.0],
                [0.915757, 0.213251, 0.34046, 0.124994, 0.227388, -0.973803, -0.001668, -0.002831, 0.331186, 0.078944, -0.940257, -1.2e-05, 0.0, 0.0, 0.0, 1.0],
                [0.924938, 0.214388, 0.31389, 0.124994, 0.22117, -0.97513, 0.014299, -0.002831, 0.309149, 0.056197, -0.949352, -1.2e-05, 0.0, 0.0, 0.0, 1.0],
                [0.934268, 0.214493, 0.284845, 0.124994, 0.214525, -0.976211, 0.031479, -0.002831, 0.284821, 0.031697, -0.958057, -1.2e-05, 0.0, 0.0, 0.0, 1.0],
                [0.943349, 0.213294, 0.25416, 0.124994, 0.207611, -0.976968, 0.049305, -0.002831, 0.258823, 0.006255, -0.965904, -1.2e-05, 0.0, 0.0, 0.0, 1.0],
                [0.951863, 0.210608, 0.222714, 0.124994, 0.200533, -0.97738, 0.067192, -0.002831, 0.231827, -0.019297, -0.972565, -1.2e-05, 0.0, 0.0, 0.0, 1.0],
                [0.959573, 0.206351, 0.191414, 0.124994, 0.193338, -0.977483, 0.084542, -0.002831, 0.204549, -0.044117, -0.977862, -1.2e-05, 0.0, 0.0, 0.0, 1.0],
                [0.966337, 0.200531, 0.161181, 0.124994, 0.186015, -0.977368, 0.100749, -0.002831, 0.177736, -0.067376, -0.981769, -1.2e-05, 0.0, 0.0, 0.0, 1.0],
                [0.972105, 0.193243, 0.132924, 0.124994, 0.178497, -0.977172, 0.115209, -0.002831, 0.152153, -0.088268, -0.984407, -1.2e-05, 0.0, 0.0, 0.0, 1.0],
                [0.976904, 0.184648, 0.107531, 0.124994, 0.170665, -0.977069, 0.127317, -0.002831, 0.128574, -0.106025, -0.986016, -1.2e-05, 0.0, 0.0, 0.0, 1.0],
                [0.980827, 0.17495, 0.085852, 0.124994, 0.162366, -0.977247, 0.13647, -0.002831, 0.107774, -0.119914, -0.986917, -1.2e-05, 0.0, 0.0, 0.0, 1.0],
                [0.984005, 0.164363, 0.0687, 0.124994, 0.153425, -0.977896, 0.142056, -0.002831, 0.09053, -0.129243, -0.987472, -1.2e-05, 0.0, 0.0, 0.0, 1.0],
                [0.986577, 0.15308, 0.056855, 0.124994, 0.143665, -0.979176, 0.143436, -0.002831, 0.077629, -0.133343, -0.988025, -1.2e-05, 0.0, 0.0, 0.0, 1.0],
                [0.988734, 0.140854, 0.050648, 0.124994, 0.133873, -0.983496, 0.121709, -0.002831, 0.066956, -0.113557, -0.991273, -1.2e-05, 0.0, 0.0, 0.0, 1.0],
                [0.9906, 0.12786, 0.048607, 0.124994, 0.124575, -0.990046, 0.065488, -0.002831, 0.056496, -0.058818, -0.996669, -1.2e-05, 0.0, 0.0, 0.0, 1.0],
                [0.992192, 0.114678, 0.04902, 0.124994, 0.115502, -0.993204, -0.014312, -0.002831, 0.047046, 0.019862, -0.998695, -1.2e-05, 0.0, 0.0, 0.0, 1.0],
                [0.993509, 0.101906, 0.050542, 0.124994, 0.106786, -0.988645, -0.105728, -0.002831, 0.039194, 0.110439, -0.99311, -1.2e-05, 0.0, 0.0, 0.0, 1.0],
                [0.994542, 0.090311, 0.052246, 0.124994, 0.09889, -0.975591, -0.196069, -0.002831, 0.033264, 0.200166, -0.979197, -1.2e-05, 0.0, 0.0, 0.0, 1.0],
                [0.995285, 0.080815, 0.053637, 0.124994, 0.092469, -0.957517, -0.273148, -0.002831, 0.029284, 0.276819, -0.960476, -1.2e-05, 0.0, 0.0, 0.0, 1.0],
                [0.995736, 0.074399, 0.054546, 0.124994, 0.088194, -0.941145, -0.326294, -0.002831, 0.02706, 0.329714, -0.943693, -1.2e-05, 0.0, 0.0, 0.0, 1.0],
                [0.99589, 0.072043, 0.054896, 0.124994, 0.086657, -0.934187, -0.346099, -0.002831, 0.026349, 0.349433, -0.936591, -1.2e-05, 0.0, 0.0, 0.0, 1.0],
                [0.99589, 0.072043, 0.054896, 0.124994, 0.086657, -0.934187, -0.346099, -0.002831, 0.026349, 0.349433, -0.936591, -1.2e-05, 0.0, 0.0, 0.0, 1.0],
                [0.99589, 0.072043, 0.054896, 0.124994, 0.086657, -0.934187, -0.346099, -0.002831, 0.026349, 0.349433, -0.936591, -1.2e-05, 0.0, 0.0, 0.0, 1.0],
                [0.99589, 0.072043, 0.054896, 0.124994, 0.086657, -0.934187, -0.346099, -0.002831, 0.026349, 0.349433, -0.936591, -1.2e-05, 0.0, 0.0, 0.0, 1.0],
                [0.99589, 0.072043, 0.054896, 0.124994, 0.086657, -0.934187, -0.346099, -0.002831, 0.026349, 0.349433, -0.936591, -1.2e-05, 0.0, 0.0, 0.0, 1.0],
                [0.99589, 0.072043, 0.054896, 0.124994, 0.086657, -0.934187, -0.346099, -0.002831, 0.026349, 0.349433, -0.936591, -1.2e-05, 0.0, 0.0, 0.0, 1.0],
                [0.99589, 0.072043, 0.054896, 0.124994, 0.086657, -0.934187, -0.346099, -0.002831, 0.026349, 0.349433, -0.936591, -1.2e-05, 0.0, 0.0, 0.0, 1.0],
                [0.99589, 0.072043, 0.054896, 0.124994, 0.086657, -0.934187, -0.346099, -0.002831, 0.026349, 0.349433, -0.936591, -1.2e-05, 0.0, 0.0, 0.0, 1.0],
                [0.99589, 0.072043, 0.054896, 0.124994, 0.086657, -0.934187, -0.346099, -0.002831, 0.026349, 0.349433, -0.936591, -1.2e-05, 0.0, 0.0, 0.0, 1.0],
                [0.99589, 0.072043, 0.054896, 0.124994, 0.086657, -0.934187, -0.346099, -0.002831, 0.026349, 0.349433, -0.936591, -1.2e-05, 0.0, 0.0, 0.0, 1.0],
                [0.99589, 0.072043, 0.054896, 0.124994, 0.086657, -0.934187, -0.346099, -0.002831, 0.026349, 0.349433, -0.936591, -1.2e-05, 0.0, 0.0, 0.0, 1.0],
                [0.99589, 0.072043, 0.054896, 0.124994, 0.086657, -0.934187, -0.346099, -0.002831, 0.026349, 0.349433, -0.936591, -1.2e-05, 0.0, 0.0, 0.0, 1.0],
                [0.99589, 0.072043, 0.054896, 0.124994, 0.086657, -0.934187, -0.346099, -0.002831, 0.026349, 0.349433, -0.936591, -1.2e-05, 0.0, 0.0, 0.0, 1.0],
                [0.99589, 0.072043, 0.054896, 0.124994, 0.086657, -0.934187, -0.346099, -0.002831, 0.026349, 0.349433, -0.936591, -1.2e-05, 0.0, 0.0, 0.0, 1.0],
                [0.99589, 0.072043, 0.054896, 0.124994, 0.086657, -0.934187, -0.346099, -0.002831, 0.026349, 0.349433, -0.936591, -1.2e-05, 0.0, 0.0, 0.0, 1.0],
                [0.99589, 0.072043, 0.054896, 0.124994, 0.086657, -0.934187, -0.346099, -0.002831, 0.026349, 0.349433, -0.936591, -1.2e-05, 0.0, 0.0, 0.0, 1.0],
                [0.99589, 0.072043, 0.054896, 0.124994, 0.086657, -0.934187, -0.346099, -0.002831, 0.026349, 0.349433, -0.936591, -1.2e-05, 0.0, 0.0, 0.0, 1.0],
                [0.99589, 0.072043, 0.054896, 0.124994, 0.086657, -0.934187, -0.346099, -0.002831, 0.026349, 0.349433, -0.936591, -1.2e-05, 0.0, 0.0, 0.0, 1.0],
                [0.99589, 0.072043, 0.054896, 0.124994, 0.086657, -0.934187, -0.346099, -0.002831, 0.026349, 0.349433, -0.936591, -1.2e-05, 0.0, 0.0, 0.0, 1.0],
                [0.99589, 0.072043, 0.054896, 0.124994, 0.086657, -0.934187, -0.346099, -0.002831, 0.026349, 0.349433, -0.936591, -1.2e-05, 0.0, 0.0, 0.0, 1.0],
                [0.99589, 0.072043, 0.054896, 0.124994, 0.086657, -0.934187, -0.346099, -0.002831, 0.026349, 0.349433, -0.936591, -1.2e-05, 0.0, 0.0, 0.0, 1.0],
                [0.99589, 0.072043, 0.054896, 0.124994, 0.086657, -0.934187, -0.346099, -0.002831, 0.026349, 0.349433, -0.936591, -1.2e-05, 0.0, 0.0, 0.0, 1.0],
                [0.99589, 0.072043, 0.054896, 0.124994, 0.086657, -0.934187, -0.346099, -0.002831, 0.026349, 0.349433, -0.936591, -1.2e-05, 0.0, 0.0, 0.0, 1.0],
                [0.99589, 0.072043, 0.054896, 0.124994, 0.086657, -0.934187, -0.346099, -0.002831, 0.026349, 0.349433, -0.936591, -1.2e-05, 0.0, 0.0, 0.0, 1.0],
                [0.99589, 0.072043, 0.054896, 0.124994, 0.086657, -0.934187, -0.346099, -0.002831, 0.026349, 0.349433, -0.936591, -1.2e-05, 0.0, 0.0, 0.0, 1.0],
                [0.99589, 0.072043, 0.054896, 0.124994, 0.086657, -0.934187, -0.346099, -0.002831, 0.026349, 0.349433, -0.936591, -1.2e-05, 0.0, 0.0, 0.0, 1.0],
                [0.99589, 0.072043, 0.054896, 0.124994, 0.086657, -0.934187, -0.346099, -0.002831, 0.026349, 0.349433, -0.936591, -1.2e-05, 0.0, 0.0, 0.0, 1.0],
                [0.99589, 0.072043, 0.054896, 0.124994, 0.086657, -0.934187, -0.346099, -0.002831, 0.026349, 0.349433, -0.936591, -1.2e-05, 0.0, 0.0, 0.0, 1.0],
                [0.99589, 0.072043, 0.054896, 0.124994, 0.086657, -0.934187, -0.346099, -0.002831, 0.026349, 0.349433, -0.936591, -1.2e-05, 0.0, 0.0, 0.0, 1.0],
                [0.99589, 0.072043, 0.054896, 0.124994, 0.086657, -0.934187, -0.346099, -0.002831, 0.026349, 0.349433, -0.936591, -1.2e-05, 0.0, 0.0, 0.0, 1.0],
                [0.99589, 0.072043, 0.054896, 0.124994, 0.086657, -0.934187, -0.346099, -0.002831, 0.026349, 0.349433, -0.936591, -1.2e-05, 0.0, 0.0, 0.0, 1.0],
                [0.99589, 0.072043, 0.054896, 0.124994, 0.086657, -0.934187, -0.346099, -0.002831, 0.026349, 0.349433, -0.936591, -1.2e-05, 0.0, 0.0, 0.0, 1.0],
                [0.99589, 0.072043, 0.054896, 0.124994, 0.086657, -0.934187, -0.346099, -0.002831, 0.026349, 0.349433, -0.936591, -1.2e-05, 0.0, 0.0, 0.0, 1.0],
                [0.99589, 0.072043, 0.054896, 0.124994, 0.086657, -0.934187, -0.346099, -0.002831, 0.026349, 0.349433, -0.936591, -1.2e-05, 0.0, 0.0, 0.0, 1.0],
                [0.99589, 0.072043, 0.054896, 0.124994, 0.086657, -0.934187, -0.346099, -0.002831, 0.026349, 0.349433, -0.936591, -1.2e-05, 0.0, 0.0, 0.0, 1.0],
                [0.99589, 0.072043, 0.054896, 0.124994, 0.086657, -0.934187, -0.346099, -0.002831, 0.026349, 0.349433, -0.936591, -1.2e-05, 0.0, 0.0, 0.0, 1.0],
                [0.99589, 0.072043, 0.054896, 0.124994, 0.086657, -0.934187, -0.346099, -0.002831, 0.026349, 0.349433, -0.936591, -1.2e-05, 0.0, 0.0, 0.0, 1.0],
                [0.99589, 0.072043, 0.054896, 0.124994, 0.086657, -0.934187, -0.346099, -0.002831, 0.026349, 0.349433, -0.936591, -1.2e-05, 0.0, 0.0, 0.0, 1.0],
                [0.99589, 0.072043, 0.054896, 0.124994, 0.086657, -0.934187, -0.346099, -0.002831, 0.026349, 0.349433, -0.936591, -1.2e-05, 0.0, 0.0, 0.0, 1.0],
                [0.99589, 0.072043, 0.054896, 0.124994, 0.086657, -0.934187, -0.346099, -0.002831, 0.026349, 0.349433, -0.936591, -1.2e-05, 0.0, 0.0, 0.0, 1.0],
                [0.99589, 0.072043, 0.054896, 0.124994, 0.086657, -0.934187, -0.346099, -0.002831, 0.026349, 0.349433, -0.936591, -1.2e-05, 0.0, 0.0, 0.0, 1.0],
                [0.995869, 0.072283, 0.054963, 0.124994, 0.086866, -0.934691, -0.344684, -0.002831, 0.026459, 0.348034, -0.937108, -1.2e-05, 0.0, 0.0, 0.0, 1.0],
                [0.995807, 0.072983, 0.055157, 0.124994, 0.087473, -0.936147, -0.340553, -0.002831, 0.02678, 0.34395, -0.938606, -1.2e-05, 0.0, 0.0, 0.0, 1.0],
                [0.995706, 0.074115, 0.055463, 0.124994, 0.088451, -0.938459, -0.333872, -0.002831, 0.027305, 0.337344, -0.940985, -1.2e-05, 0.0, 0.0, 0.0, 1.0],
                [0.995568, 0.075651, 0.055865, 0.124994, 0.089769, -0.941514, -0.324795, -0.002831, 0.028026, 0.328371, -0.944133, -1.2e-05, 0.0, 0.0, 0.0, 1.0],
                [0.995394, 0.077564, 0.056343, 0.124994, 0.091396, -0.945187, -0.313476, -0.002831, 0.02894, 0.317182, -0.947923, -1.2e-05, 0.0, 0.0, 0.0, 1.0],
                [0.995185, 0.079829, 0.056878, 0.124994, 0.093302, -0.949345, -0.300066, -0.002831, 0.030043, 0.303927, -0.952221, -1.2e-05, 0.0, 0.0, 0.0, 1.0],
                [0.994941, 0.082417, 0.057449, 0.124994, 0.095452, -0.953848, -0.284715, -0.002831, 0.031332, 0.288758, -0.956889, -1.2e-05, 0.0, 0.0, 0.0, 1.0],
                [0.994664, 0.085301, 0.058033, 0.124994, 0.097816, -0.958557, -0.267581, -0.002831, 0.032803, 0.27183, -0.961786, -1.2e-05, 0.0, 0.0, 0.0, 1.0],
                [0.994355, 0.088452, 0.058611, 0.124994, 0.100359, -0.963335, -0.248825, -0.002831, 0.034453, 0.253303, -0.966773, -1.2e-05, 0.0, 0.0, 0.0, 1.0],
                [0.994015, 0.09184, 0.059162, 0.124994, 0.103048, -0.968047, -0.228616, -0.002831, 0.036275, 0.233345, -0.971717, -1.2e-05, 0.0, 0.0, 0.0, 1.0],
                [0.993646, 0.095435, 0.059667, 0.124994, 0.105849, -0.97257, -0.207131, -0.002831, 0.038263, 0.212131, -0.976492, -1.2e-05, 0.0, 0.0, 0.0, 1.0],
                [0.99325, 0.099205, 0.06011, 0.124994, 0.10873, -0.976789, -0.184556, -0.002831, 0.040406, 0.189846, -0.980982, -1.2e-05, 0.0, 0.0, 0.0, 1.0],
                [0.992829, 0.103116, 0.060477, 0.124994, 0.111658, -0.980604, -0.161083, -0.002831, 0.042694, 0.166681, -0.985086, -1.2e-05, 0.0, 0.0, 0.0, 1.0],
                [0.992387, 0.107133, 0.060756, 0.124994, 0.114603, -0.983931, -0.136916, -0.002831, 0.045111, 0.142836, -0.988718, -1.2e-05, 0.0, 0.0, 0.0, 1.0],
                [0.991926, 0.111222, 0.060938, 0.124994, 0.117533, -0.986703, -0.112262, -0.002831, 0.047642, 0.118518, -0.991808, -1.2e-05, 0.0, 0.0, 0.0, 1.0],
                [0.991449, 0.115346, 0.061018, 0.124994, 0.120422, -0.988873, -0.087336, -0.002831, 0.050265, 0.093937, -0.994308, -1.2e-05, 0.0, 0.0, 0.0, 1.0],
                [0.990963, 0.11947, 0.060994, 0.124994, 0.123242, -0.990415, -0.062356, -0.002831, 0.05296, 0.069309, -0.996189, -1.2e-05, 0.0, 0.0, 0.0, 1.0],
                [0.990469, 0.123557, 0.060867, 0.124994, 0.125971, -0.991323, -0.037541, -0.002831, 0.055701, 0.04485, -0.99744, -1.2e-05, 0.0, 0.0, 0.0, 1.0],
                [0.989974, 0.127572, 0.060643, 0.124994, 0.128586, -0.991611, -0.013109, -0.002831, 0.058462, 0.020776, -0.998073, -1.2e-05, 0.0, 0.0, 0.0, 1.0],
                [0.989482, 0.131479, 0.060329, 0.124994, 0.131069, -0.991315, 0.01072, -0.002831, 0.061215, -0.0027, -0.998121, -1.2e-05, 0.0, 0.0, 0.0, 1.0],
                [0.988998, 0.135244, 0.059937, 0.124994, 0.133403, -0.990487, 0.033734, -0.002831, 0.063929, -0.025367, -0.997632, -1.2e-05, 0.0, 0.0, 0.0, 1.0],
                [0.988528, 0.138834, 0.05948, 0.124994, 0.135575, -0.989199, 0.055723, -0.002831, 0.066574, -0.04702, -0.996673, -1.2e-05, 0.0, 0.0, 0.0, 1.0],
                [0.988077, 0.142217, 0.058975, 0.124994, 0.137573, -0.987534, 0.076485, -0.002831, 0.069118, -0.06746, -0.995325, -1.2e-05, 0.0, 0.0, 0.0, 1.0],
                [0.987651, 0.145362, 0.05844, 0.124994, 0.139388, -0.98559, 0.095824, -0.002831, 0.071528, -0.086495, -0.993681, -1.2e-05, 0.0, 0.0, 0.0, 1.0],
                [0.987255, 0.148239, 0.057895, 0.124994, 0.141013, -0.983474, 0.113551, -0.002831, 0.073771, -0.10394, -0.991844, -1.2e-05, 0.0, 0.0, 0.0, 1.0],
                [0.986896, 0.150821, 0.05736, 0.124994, 0.14244, -0.981298, 0.129481, -0.002831, 0.075815, -0.119614, -0.989922, -1.2e-05, 0.0, 0.0, 0.0, 1.0],
                [0.986577, 0.15308, 0.056855, 0.124994, 0.143665, -0.979176, 0.143436, -0.002831, 0.077629, -0.133343, -0.988025, -1.2e-05, 0.0, 0.0, 0.0, 1.0],
                [0.986305, 0.154988, 0.056403, 0.124994, 0.144683, -0.977223, 0.155244, -0.002831, 0.079179, -0.144957, -0.986265, -1.2e-05, 0.0, 0.0, 0.0, 1.0],
                [0.986085, 0.15652, 0.056022, 0.124994, 0.145489, -0.975549, 0.16473, -0.002831, 0.080435, -0.154288, -0.984746, -1.2e-05, 0.0, 0.0, 0.0, 1.0],
                [0.985921, 0.157649, 0.055731, 0.124994, 0.146076, -0.974254, 0.171725, -0.002831, 0.081368, -0.161167, -0.983567, -1.2e-05, 0.0, 0.0, 0.0, 1.0],
                [0.98582, 0.158346, 0.055547, 0.124994, 0.146436, -0.973428, 0.176053, -0.002831, 0.081948, -0.165423, -0.982812, -1.2e-05, 0.0, 0.0, 0.0, 1.0],
                [0.985785, 0.158586, 0.055483, 0.124994, 0.146559, -0.97314, 0.177537, -0.002831, 0.082147, -0.166882, -0.982549, -1.2e-05, 0.0, 0.0, 0.0, 1.0]
            ]
        },
        {
            "name": "Leg_R",
            "time": [0.0, 0.0167, 0.0333, 0.05, 0.0667, 0.0833, 0.1, 0.1167, 0.1333, 0.15, 0.1667, 0.1833, 0.2, 0.2167, 0.2333, 0.25, 0.2667, 0.2833, 0.3, 0.3167, 0.3333, 0.35, 0.3667, 0.3833, 0.4, 0.4167, 0.4333, 0.45, 0.4667, 0.4833, 0.5, 0.5167, 0.5333, 0.55, 0.5667, 0.5833, 0.6, 0.6167, 0.6333, 0.65, 0.6667, 0.6833, 0.7, 0.7167, 0.7333, 0.75, 0.7667, 0.7833, 0.8, 0.8167, 0.8333, 0.85, 0.8667, 0.8833, 0.9, 0.9167, 0.9333, 0.95, 0.9667, 0.9833, 1.0, 1.0167, 1.0333, 1.05, 1.0667, 1.0833, 1.1, 1.1167, 1.1333, 1.15, 1.1667, 1.1833, 1.2, 1.2167, 1.2333, 1.25, 1.2667, 1.2833, 1.3, 1.3167, 1.3333, 1.35, 1.3667, 1.3833, 1.4, 1.4167, 1.4333, 1.45, 1.4667, 1.4833, 1.5, 1.5167, 1.5333, 1.55, 1.5667, 1.5833, 1.6],
            "transform": [
                [1.0, 0.0, 1e-06, 0.0, -0.0, 0.906308, 0.422619, 0.37472, -1e-06, -0.422619, 0.906308, 0.0, 0.0, 0.0, 0.0, 1.0],
                [1.0, 0.0, 1e-06, 0.0, -0.0, 0.906308, 0.422619, 0.37472, -1e-06, -0.422619, 0.906308, -0.0, 0.0, 0.0, 0.0, 1.0],
                [1.0, 0.0, 1e-06, 0.0, -0.0, 0.906308, 0.422619, 0.37472, -1e-06, -0.422619, 0.906308, -0.0, 0.0, 0.0, 0.0, 1.0],
                [1.0, 0.0, 1e-06, 0.0, -0.0, 0.906308, 0.422619, 0.37472, -1e-06, -0.422619, 0.906308, -0.0, 0.0, 0.0, 0.0, 1.0],
                [1.0, 0.0, 1e-06, 0.0, -0.0, 0.906308, 0.422619, 0.37472, -1e-06, -0.422619, 0.906308, -0.0, 0.0, 0.0, 0.0, 1.0],
                [1.0, 0.0, 1e-06, -0.0, -0.0, 0.906308, 0.422619, 0.37472, -1e-06, -0.422619, 0.906308, -0.0, 0.0, 0.0, 0.0, 1.0],
                [1.0, 0.0, 1e-06, -0.0, -1e-06, 0.906308, 0.422619, 0.37472, -1e-06, -0.422619, 0.906308, 0.0, 0.0, 0.0, 0.0, 1.0],
                [1.0, 0.0, 1e-06, -0.0, -0.0, 0.906308, 0.422619, 0.37472, -1e-06, -0.422619, 0.906308, -0.0, 0.0, 0.0, 0.0, 1.0],
                [1.0, 0.0, 1e-06, 0.0, -0.0, 0.906308, 0.422619, 0.37472, -1e-06, -0.422619, 0.906308, -0.0, 0.0, 0.0, 0.0, 1.0],
                [1.0, 0.0, 1e-06, -0.0, -0.0, 0.906308, 0.422619, 0.37472, -1e-06, -0.422619, 0.906308, -0.0, 0.0, 0.0, 0.0, 1.0],
                [1.0, 0.0, 1e-06, -0.0, -0.0, 0.906308, 0.422619, 0.37472, -1e-06, -0.422619, 0.906308, 0.0, 0.0, 0.0, 0.0, 1.0],
                [1.0, 0.0, 1e-06, -0.0, -0.0, 0.906308, 0.422619, 0.37472, -1e-06, -0.422619, 0.906308, 0.0, 0.0, 0.0, 0.0, 1.0],
                [1.0, 0.0, 1e-06, -0.0, -0.0, 0.906308, 0.422619, 0.37472, -1e-06, -0.422619, 0.906308, -0.0, 0.0, 0.0, 0.0, 1.0],
                [1.0, 0.0, 1e-06, 0.0, -0.0, 0.906308, 0.422619, 0.37472, -1e-06, -0.422619, 0.906308, -0.0, 0.0, 0.0, 0.0, 1.0],
                [1.0, 0.0, 1e-06, -0.0, -0.0, 0.906308, 0.422619, 0.37472, -1e-06, -0.422619, 0.906308, 0.0, 0.0, 0.0, 0.0, 1.0],
                [1.0, 0.0, 1e-06, -0.0, -0.0, 0.906308, 0.422619, 0.37472, -1e-06, -0.422619, 0.906308, 0.0, 0.0, 0.0, 0.0, 1.0],
                [1.0, 0.0, 1e-06, -0.0, -0.0, 0.906308, 0.422619, 0.37472, -1e-06, -0.422619, 0.906308, -0.0, 0.0, 0.0, 0.0, 1.0],
                [1.0, 0.0, 1e-06, 0.0, -0.0, 0.906308, 0.422619, 0.37472, -1e-06, -0.422619, 0.906308, 0.0, 0.0, 0.0, 0.0, 1.0],
                [1.0, 0.0, 1e-06, -0.0, -0.0, 0.906308, 0.422619, 0.37472, -1e-06, -0.422619, 0.906308, 0.0, 0.0, 0.0, 0.0, 1.0],
                [1.0, 0.0, 1e-06, 0.0, -0.0, 0.906308, 0.422619, 0.37472, -1e-06, -0.422619, 0.906308, 0.0, 0.0, 0.0, 0.0, 1.0],
                [1.0, 0.0, 1e-06, 0.0, -0.0, 0.906308, 0.422618, 0.37472, -1e-06, -0.422619, 0.906308, -0.0, 0.0, 0.0, 0.0, 1.0],
                [1.0, 0.0, 1e-06, 0.0, -0.0, 0.906308, 0.422619, 0.37472, -1e-06, -0.422619, 0.906308, 0.0, 0.0, 0.0, 0.0, 1.0],
                [1.0, 0.0, 1e-06, -0.0, -0.0, 0.906308, 0.422618, 0.37472, -1e-06, -0.422619, 0.906308, -0.0, 0.0, 0.0, 0.0, 1.0],
                [1.0, 0.0, 1e-06, 0.0, -0.0, 0.906308, 0.422619, 0.37472, -1e-06, -0.422619, 0.906308, 0.0, 0.0, 0.0, 0.0, 1.0],
