{
    "armature": {
        "joints": ["Root", "Thigh_R", "Leg_R", "Knee_R", "Thigh_L", "Leg_L", "Knee_L", "Torso", "Chest", "Head", "Shoulder_R", "Arm_R", "Hand_R", "Tool_R", "Elbow_R", "Shoulder_L", "Arm_L", "Hand_L", "Tool_L", "Elbow_L"],
        "hierarchy": [
            {
                "name": "Root",
                "transform": [1.0, 0.0, 0.0, -5e-06, 0.0, 0.0, -1.0, 0.000946, 0.0, 1.0, 0.0, 0.763972, 0.0, 0.0, 0.0, 1.0],
                "children": [
                    {
                        "name": "Thigh_R",
                        "transform": [1.0, -0.0, -0.0, 0.124994, -0.0, -1.0, 0.0, -0.002831, -0.0, -0.0, -1.0, -1.2e-05, 0.0, 0.0, 0.0, 1.0],
                        "children": [
                            {
                                "name": "Leg_R",
                                "transform": [1.0, 0.0, 1e-06, 0.0, -0.0, 1.0, 0.0, 0.37472, -1e-06, -0.0, 1.0, -0.0, 0.0, 0.0, 0.0, 1.0],
                                "children": []
                            },
                            {
                                "name": "Knee_R",
                                "transform": [1.0, 0.0, -0.0, 0.0, -0.0, 0.0, -1.0, 0.37472, -0.0, 1.0, 0.0, -0.0, 0.0, 0.0, 0.0, 1.0],
                                "children": []
                            }
                        ]
                    },
                    {
                        "name": "Thigh_L",
                        "transform": [1.0, -0.0, -0.0, -0.125006, -0.0, -1.0, 0.0, -0.002831, -0.0, -0.0, -1.0, -1.2e-05, 0.0, 0.0, 0.0, 1.0],
                        "children": [
                            {
                                "name": "Leg_L",
                                "transform": [1.0, 0.0, 1e-06, -0.0, -0.0, 1.0, 0.0, 0.37472, -1e-06, -0.0, 1.0, 0.0, 0.0, 0.0, 0.0, 1.0],
                                "children": []
                            },
                            {
                                "name": "Knee_L",
                                "transform": [1.0, 0.0, -0.0, -0.0, -0.0, 0.0, -1.0, 0.37472, -0.0, 1.0, 0.0, 0.0, 0.0, 0.0, 0.0, 1.0],
                                "children": []
                            }
                        ]
                    },
                    {
                        "name": "Torso",
                        "transform": [1.0, 0.0, 0.0, 0.0, 0.0, 1.0, 0.0, 0.05, 0.0, 0.0, 1.0, 0.0, 0.0, 0.0, 0.0, 1.0],
                        "children": [
                            {
                                "name": "Chest",
                                "transform": [1.0, 0.0, 0.0, 0.0, 0.0, 1.0, 0.0, 0.3, 0.0, 0.0, 1.0, 0.0, 0.0, 0.0, 0.0, 1.0],
                                "children": [
                                    {
                                        "name": "Head",
                                        "transform": [1.0, 0.0, 0.0, 0.0, 0.0, 1.0, 0.0, 0.4, 0.0, 0.0, 1.0, 0.0, 0.0, 0.0, 0.0, 1.0],
                                        "children": []
                                    },
                                    {
                                        "name": "Shoulder_R",
                                        "transform": [0.0, 0.952114, 0.305743, 0.0, 0.0, -0.305743, 0.952114, 0.4, 1.0, 0.0, -0.0, 0.0, 0.0, 0.0, 0.0, 1.0],
                                        "children": [
                                            {
                                                "name": "Arm_R",
                                                "transform": [0.0, -0.0, -1.0, -0.0, 0.952114, 0.305743, 0.0, 0.39386, 0.305743, -0.952114, 0.0, 0.0, 0.0, 0.0, 0.0, 1.0],
                                                "children": [
                                                    {
                                                        "name": "Hand_R",
                                                        "transform": [1.0, 0.0, 0.0, 0.0, -0.0, 0.993938, 0.109947, 0.3, -0.0, -0.109947, 0.993937, 0.0, 0.0, 0.0, 0.0, 1.0],
                                                        "children": [
                                                            {
                                                                "name": "Tool_R",
                                                                "transform": [1.0, 0.0, 0.0, -0.0, 0.0, -0.999836, 0.018122, 0.272858, 0.0, -0.018122, -0.999836, 0.0, 0.0, 0.0, 0.0, 1.0],
                                                                "children": []
                                                            }
                                                        ]
                                                    },
                                                    {
                                                        "name": "Elbow_R",
                                                        "transform": [-1.0, 0.0, -0.0, 0.0, 0.0, 0.0, -1.0, 0.3, -0.0, -1.0, -0.0, 0.0, 0.0, 0.0, 0.0, 1.0],
                                                        "children": []
                                                    }
                                                ]
                                            }
                                        ]
                                    },
                                    {
                                        "name": "Shoulder_L",
                                        "transform": [-0.0, -0.952114, -0.305743, 0.0, 0.0, -0.305743, 0.952114, 0.4, -1.0, 0.0, 0.0, 0.0, 0.0, 0.0, 0.0, 1.0],
                                        "children": [
                                            {
                                                "name": "Arm_L",
                                                "transform": [-0.0, -0.0, 1.0, -0.0, -0.952114, 0.305743, -0.0, 0.39386, -0.305743, -0.952114, -0.0, 0.0, 0.0, 0.0, 0.0, 1.0],
                                                "children": [
                                                    {
                                                        "name": "Hand_L",
                                                        "transform": [1.0, -0.0, 0.0, -0.0, 0.0, 0.993937, 0.109947, 0.3, -0.0, -0.109947, 0.993937, 0.0, 0.0, 0.0, 0.0, 1.0],
                                                        "children": [
                                                            {
                                                                "name": "Tool_L",
                                                                "transform": [1.0, 0.0, 0.0, -0.0, -0.0, -0.999836, 0.018122, 0.272858, 0.0, -0.018122, -0.999836, -0.0, 0.0, 0.0, 0.0, 1.0],
                                                                "children": []
                                                            }
                                                        ]
                                                    },
                                                    {
                                                        "name": "Elbow_L",
                                                        "transform": [-1.0, 0.0, -0.0, -0.0, 0.0, -0.0, -1.0, 0.3, -0.0, -1.0, 0.0, 0.0, 0.0, 0.0, 0.0, 1.0],
                                                        "children": []
                                                    }
                                                ]
                                            }
                                        ]
                                    }
                                ]
                            }
                        ]
                    }
                ]
            }
        ]
    },
    "animation": [
        {
            "name": "Root",
            "time": [0.0, 0.0167, 0.0333, 0.05, 0.0667, 0.0833, 0.1, 0.1167, 0.1333, 0.15, 0.1667, 0.1833, 0.2, 0.2167, 0.2333, 0.25, 0.2667, 0.2833, 0.3, 0.3167, 0.3333, 0.35, 0.3667, 0.3833, 0.4, 0.4167, 0.4333, 0.45, 0.4667, 0.4833, 0.5, 0.5167, 0.5333, 0.55, 0.5667, 0.5833, 0.6, 0.6167, 0.6333, 0.65, 0.6667, 0.6833, 0.7, 0.7167, 0.7333, 0.75, 0.7667, 0.7833, 0.8, 0.8167, 0.8333, 0.85, 0.8667, 0.8833, 0.9, 0.9167, 0.9333, 0.95, 0.9667, 0.9833, 1.0, 1.0167, 1.0333, 1.05, 1.0667, 1.0833, 1.1, 1.1167, 1.1333, 1.15, 1.1667, 1.1833, 1.2, 1.2167, 1.2333, 1.25, 1.2667, 1.2833, 1.3, 1.3167, 1.3333, 1.35, 1.3667, 1.3833, 1.4, 1.4167, 1.4333, 1.45, 1.4667, 1.4833, 1.5, 1.5167, 1.5333, 1.55, 1.5667, 1.5833, 1.6, 1.6167, 1.6333, 1.65, 1.6667, 1.6833, 1.7, 1.7167, 1.7333, 1.75, 1.7667, 1.7833, 1.8, 1.8167, 1.8333, 1.85, 1.8667],
            "transform": [
                [1.0, 0.0, 0.0, -5e-06, 0.0, 0.0, -1.0, 0.000946, 0.0, 1.0, 0.0, 0.763972, 0.0, 0.0, 0.0, 1.0],
                [1.0, 0.0, 0.0, -5e-06, 0.0, 0.0, -1.0, 0.00097, 0.0, 1.0, 0.0, 0.763972, 0.0, 0.0, 0.0, 1.0],
                [1.0, 0.0, 0.0, -5e-06, 0.0, 0.0, -1.0, 0.001138, 0.0, 1.0, 0.0, 0.763972, 0.0, 0.0, 0.0, 1.0],
                [1.0, 0.0, 0.0, -5e-06, 0.0, 0.0, -1.0, 0.001592, 0.0, 1.0, 0.0, 0.763972, 0.0, 0.0, 0.0, 1.0],
                [1.0, 0.0, 0.0, -5e-06, 0.0, 0.0, -1.0, 0.002478, 0.0, 1.0, 0.0, 0.763972, 0.0, 0.0, 0.0, 1.0],
                [1.0, 0.0, 0.0, -5e-06, 0.0, 0.0, -1.0, 0.003937, 0.0, 1.0, 0.0, 0.763972, 0.0, 0.0, 0.0, 1.0],
                [1.0, 0.0, 0.0, -5e-06, 0.0, 0.0, -1.0, 0.006115, 0.0, 1.0, 0.0, 0.763972, 0.0, 0.0, 0.0, 1.0],
                [1.0, 0.0, 0.0, -5e-06, 0.0, 0.0, -1.0, 0.009154, 0.0, 1.0, 0.0, 0.763972, 0.0, 0.0, 0.0, 1.0],
                [1.0, 0.0, 0.0, -5e-06, 0.0, 0.0, -1.0, 0.013198, 0.0, 1.0, 0.0, 0.763972, 0.0, 0.0, 0.0, 1.0],
                [1.0, 0.0, 0.0, -5e-06, 0.0, 0.0, -1.0, 0.01839, 0.0, 1.0, 0.0, 0.763972, 0.0, 0.0, 0.0, 1.0],
                [1.0, 0.0, 0.0, -5e-06, 0.0, 0.0, -1.0, 0.024875, 0.0, 1.0, 0.0, 0.763972, 0.0, 0.0, 0.0, 1.0],
                [1.0, 0.0, 0.0, -5e-06, 0.0, 0.0, -1.0, 0.032795, 0.0, 1.0, 0.0, 0.763972, 0.0, 0.0, 0.0, 1.0],
                [1.0, 0.0, 0.0, -5e-06, 0.0, 0.0, -1.0, 0.042294, 0.0, 1.0, 0.0, 0.763972, 0.0, 0.0, 0.0, 1.0],
                [1.0, 0.0, 0.0, -5e-06, 0.0, 0.0, -1.0, 0.053517, 0.0, 1.0, 0.0, 0.763972, 0.0, 0.0, 0.0, 1.0],
                [1.0, 0.0, 0.0, -5e-06, 0.0, 0.0, -1.0, 0.066605, 0.0, 1.0, 0.0, 0.763972, 0.0, 0.0, 0.0, 1.0],
                [1.0, 0.0, 0.0, -5e-06, 0.0, 0.0, -1.0, 0.081704, 0.0, 1.0, 0.0, 0.763972, 0.0, 0.0, 0.0, 1.0],
                [0.999999, 0.0, -0.001739, -5e-06, -0.001739, 0.0, -0.999999, 0.115923, 0.0, 1.0, 0.0, 0.763972, 0.0, 0.0, 0.0, 1.0],
                [0.999978, 0.0, -0.006671, -5e-06, -0.006671, 0.0, -0.999978, 0.183263, 0.0, 1.0, 0.0, 0.763972, 0.0, 0.0, 0.0, 1.0],
                [0.999897, 0.0, -0.014373, -5e-06, -0.014373, 0.0, -0.999897, 0.279207, 0.0, 1.0, 0.0, 0.763972, 0.0, 0.0, 0.0, 1.0],
                [0.999702, 0.0, -0.024419, -5e-06, -0.024419, 0.0, -0.999702, 0.399235, 0.0, 1.0, 0.0, 0.763972, 0.0, 0.0, 0.0, 1.0],
                [0.999338, 0.0, -0.036383, -5e-06, -0.036383, 0.0, -0.999338, 0.538829, 0.0, 1.0, 0.0, 0.763972, 0.0, 0.0, 0.0, 1.0],
                [0.998757, 0.0, -0.049837, -5e-06, -0.049837, 0.0, -0.998757, 0.69347, 0.0, 1.0, 0.0, 0.763972, 0.0, 0.0, 0.0, 1.0],
                [0.997927, 0.0, -0.064348, -5e-06, -0.064348, 0.0, -0.997927, 0.85864, 0.0, 1.0, 0.0, 0.763972, 0.0, 0.0, 0.0, 1.0],
                [0.996836, 0.0, -0.079487, -5e-06, -0.079487, 0.0, -0.996836, 1.02982, 0.0, 1.0, 0.0, 0.763972, 0.0, 0.0, 0.0, 1.0],
                [0.995494, 0.0, -0.09482, -5e-06, -0.09482, 0.0, -0.995494, 1.202491, 0.0, 1.0, 0.0, 0.763972, 0.0, 0.0, 0.0, 1.0],
                [0.993941, 0.0, -0.109918, -5e-06, -0.109918, 0.0, -0.993941, 1.372134, 0.0, 1.0, 0.0, 0.763972, 0.0, 0.0, 0.0, 1.0],
                [0.992238, 0.0, -0.124353, -5e-06, -0.124353, 0.0, -0.992238, 1.534231, 0.0, 1.0, 0.0, 0.763972, 0.0, 0.0, 0.0, 1.0],
                [0.990474, 0.0, -0.137702, -5e-06, -0.137702, 0.0, -0.990474, 1.684263, 0.0, 1.0, 0.0, 0.763972, 0.0, 0.0, 0.0, 1.0],
                [0.988754, 0.0, -0.149548, -5e-06, -0.149548, 0.0, -0.988754, 1.817712, 0.0, 1.0, 0.0, 0.763972, 0.0, 0.0, 0.0, 1.0],
                [0.987202, 0.0, -0.159476, -5e-06, -0.159476, 0.0, -0.987202, 1.930059, 0.0, 1.0, 0.0, 0.763972, 0.0, 0.0, 0.0, 1.0],
                [0.985944, 0.0, -0.167075, -5e-06, -0.167075, 0.0, -0.985944, 2.016785, 0.0, 1.0, 0.0, 0.763972, 0.0, 0.0, 0.0, 1.0],
                [0.985108, 0.0, -0.171936, -5e-06, -0.171936, 0.0, -0.985108, 2.073371, 0.0, 1.0, 0.0, 0.763972, 0.0, 0.0, 0.0, 1.0],
                [0.984808, 0.0, -0.173648, -5e-06, -0.173648, 0.0, -0.984808, 2.095299, 0.0, 1.0, 0.0, 0.763972, 0.0, 0.0, 0.0, 1.0],
                [0.984808, 0.0, -0.173648, -5e-06, -0.173648, 0.0, -0.984808, 2.098316, 0.0, 1.0, 0.0, 0.763972, 0.0, 0.0, 0.0, 1.0],
                [0.984808, 0.0, -0.173648, -5e-06, -0.173648, 0.0, -0.984808, 2.101181, 0.0, 1.0, 0.0, 0.763972, 0.0, 0.0, 0.0, 1.0],
                [0.984808, 0.0, -0.173648, -5e-06, -0.173648, 0.0, -0.984808, 2.103899, 0.0, 1.0, 0.0, 0.763972, 0.0, 0.0, 0.0, 1.0],
                [0.984808, 0.0, -0.173648, -5e-06, -0.173648, 0.0, -0.984808, 2.106475, 0.0, 1.0, 0.0, 0.763972, 0.0, 0.0, 0.0, 1.0],
                [0.984808, 0.0, -0.173648, -5e-06, -0.173648, 0.0, -0.984808, 2.108911, 0.0, 1.0, 0.0, 0.763972, 0.0, 0.0, 0.0, 1.0],
                [0.984808, 0.0, -0.173648, -5e-06, -0.173648, 0.0, -0.984808, 2.111212, 0.0, 1.0, 0.0, 0.763972, 0.0, 0.0, 0.0, 1.0],
                [0.984808, 0.0, -0.173648, -5e-06, -0.173648, 0.0, -0.984808, 2.113382, 0.0, 1.0, 0.0, 0.763972, 0.0, 0.0, 0.0, 1.0],
                [0.984808, 0.0, -0.173648, -5e-06, -0.173648, 0.0, -0.984808, 2.115424, 0.0, 1.0, 0.0, 0.763972, 0.0, 0.0, 0.0, 1.0],
                [0.984808, 0.0, -0.173648, -5e-06, -0.173648, 0.0, -0.984808, 2.117342, 0.0, 1.0, 0.0, 0.763972, 0.0, 0.0, 0.0, 1.0],
                [0.984808, 0.0, -0.173648, -5e-06, -0.173648, 0.0, -0.984808, 2.11914, 0.0, 1.0, 0.0, 0.763972, 0.0, 0.0, 0.0, 1.0],
                [0.984808, 0.0, -0.173648, -5e-06, -0.173648, 0.0, -0.984808, 2.120823, 0.0, 1.0, 0.0, 0.763972, 0.0, 0.0, 0.0, 1.0],
                [0.984808, 0.0, -0.173648, -5e-06, -0.173648, 0.0, -0.984808, 2.122393, 0.0, 1.0, 0.0, 0.763972, 0.0, 0.0, 0.0, 1.0],
                [0.984808, 0.0, -0.173648, -5e-06, -0.173648, 0.0, -0.984808, 2.123855, 0.0, 1.0, 0.0, 0.763972, 0.0, 0.0, 0.0, 1.0],
                [0.984808, 0.0, -0.173648, -5e-06, -0.173648, 0.0, -0.984808, 2.125213, 0.0, 1.0, 0.0, 0.763972, 0.0, 0.0, 0.0, 1.0],
                [0.984808, 0.0, -0.173648, -5e-06, -0.173648, 0.0, -0.984808, 2.12647, 0.0, 1.0, 0.0, 0.763972, 0.0, 0.0, 0.0, 1.0],
                [0.984808, 0.0, -0.173648, -5e-06, -0.173648, 0.0, -0.984808, 2.12763, 0.0, 1.0, 0.0, 0.763972, 0.0, 0.0, 0.0, 1.0],
                [0.984808, 0.0, -0.173648, -5e-06, -0.173648, 0.0, -0.984808, 2.128698, 0.0, 1.0, 0.0, 0.763972, 0.0, 0.0, 0.0, 1.0],
                [0.984808, 0.0, -0.173648, -5e-06, -0.173648, 0.0, -0.984808, 2.129677, 0.0, 1.0, 0.0, 0.763972, 0.0, 0.0, 0.0, 1.0],
                [0.984808, 0.0, -0.173648, -5e-06, -0.173648, 0.0, -0.984808, 2.13057, 0.0, 1.0, 0.0, 0.763972, 0.0, 0.0, 0.0, 1.0],
                [0.984808, 0.0, -0.173648, -5e-06, -0.173648, 0.0, -0.984808, 2.131383, 0.0, 1.0, 0.0, 0.763972, 0.0, 0.0, 0.0, 1.0],
                [0.984808, 0.0, -0.173648, -5e-06, -0.173648, 0.0, -0.984808, 2.132118, 0.0, 1.0, 0.0, 0.763972, 0.0, 0.0, 0.0, 1.0],
                [0.984808, 0.0, -0.173648, -5e-06, -0.173648, 0.0, -0.984808, 2.13278, 0.0, 1.0, 0.0, 0.763972, 0.0, 0.0, 0.0, 1.0],
                [0.984808, 0.0, -0.173648, -5e-06, -0.173648, 0.0, -0.984808, 2.133372, 0.0, 1.0, 0.0, 0.763972, 0.0, 0.0, 0.0, 1.0],
                [0.984808, 0.0, -0.173648, -5e-06, -0.173648, 0.0, -0.984808, 2.133899, 0.0, 1.0, 0.0, 0.763972, 0.0, 0.0, 0.0, 1.0],
                [0.984808, 0.0, -0.173648, -5e-06, -0.173648, 0.0, -0.984808, 2.134363, 0.0, 1.0, 0.0, 0.763972, 0.0, 0.0, 0.0, 1.0],
                [0.984808, 0.0, -0.173648, -5e-06, -0.173648, 0.0, -0.984808, 2.13477, 0.0, 1.0, 0.0, 0.763972, 0.0, 0.0, 0.0, 1.0],
                [0.984808, 0.0, -0.173648, -5e-06, -0.173648, 0.0, -0.984808, 2.135122, 0.0, 1.0, 0.0, 0.763972, 0.0, 0.0, 0.0, 1.0],
                [0.984808, 0.0, -0.173648, -5e-06, -0.173648, 0.0, -0.984808, 2.135425, 0.0, 1.0, 0.0, 0.763972, 0.0, 0.0, 0.0, 1.0],
                [0.984808, 0.0, -0.173648, -5e-06, -0.173648, 0.0, -0.984808, 2.13568, 0.0, 1.0, 0.0, 0.763972, 0.0, 0.0, 0.0, 1.0],
                [0.984808, 0.0, -0.173648, -5e-06, -0.173648, 0.0, -0.984808, 2.135893, 0.0, 1.0, 0.0, 0.763972, 0.0, 0.0, 0.0, 1.0],
                [0.984808, 0.0, -0.173648, -5e-06, -0.173648, 0.0, -0.984808, 2.136068, 0.0, 1.0, 0.0, 0.763972, 0.0, 0.0, 0.0, 1.0],
                [0.984808, 0.0, -0.173648, -5e-06, -0.173648, 0.0, -0.984808, 2.136208, 0.0, 1.0, 0.0, 0.763972, 0.0, 0.0, 0.0, 1.0],
                [0.984808, 0.0, -0.173648, -5e-06, -0.173648, 0.0, -0.984808, 2.136317, 0.0, 1.0, 0.0, 0.763972, 0.0, 0.0, 0.0, 1.0],
                [0.984808, 0.0, -0.173648, -5e-06, -0.173648, 0.0, -0.984808, 2.136399, 0.0, 1.0, 0.0, 0.763972, 0.0, 0.0, 0.0, 1.0],
                [0.984808, 0.0, -0.173648, -5e-06, -0.173648, 0.0, -0.984808, 2.136457, 0.0, 1.0, 0.0, 0.763972, 0.0, 0.0, 0.0, 1.0],
                [0.984808, 0.0, -0.173648, -5e-06, -0.173648, 0.0, -0.984808, 2.136497, 0.0, 1.0, 0.0, 0.763972, 0.0, 0.0, 0.0, 1.0],
                [0.984808, 0.0, -0.173648, -5e-06, -0.173648, 0.0, -0.984808, 2.13652, 0.0, 1.0, 0.0, 0.763972, 0.0, 0.0, 0.0, 1.0],
                [0.984808, 0.0, -0.173648, -5e-06, -0.173648, 0.0, -0.984808, 2.136533, 0.0, 1.0, 0.0, 0.763972, 0.0, 0.0, 0.0, 1.0],
                [0.984808, 0.0, -0.173648, -5e-06, -0.173648, 0.0, -0.984808, 2.136537, 0.0, 1.0, 0.0, 0.763972, 0.0, 0.0, 0.0, 1.0],
                [0.984808, 0.0, -0.173648, -5e-06, -0.173648, 0.0, -0.984808, 2.136538, 0.0, 1.0, 0.0, 0.763972, 0.0, 0.0, 0.0, 1.0],
                [0.984864, 0.0, -0.173332, -5e-06, -0.173332, 0.0, -0.984864, 2.13582, 0.0, 1.0, 0.0, 0.763972, 0.0, 0.0, 0.0, 1.0],
                [0.985026, 0.0, -0.172403, -5e-06, -0.172403, 0.0, -0.985026, 2.133716, 0.0, 1.0, 0.0, 0.763972, 0.0, 0.0, 0.0, 1.0],
                [0.985289, 0.0, -0.170895, -5e-06, -0.170895, 0.0, -0.985289, 2.130298, 0.0, 1.0, 0.0, 0.763972, 0.0, 0.0, 0.0, 1.0],
                [0.985644, 0.0, -0.168839, -5e-06, -0.168839, 0.0, -0.985644, 2.125639, 0.0, 1.0, 0.0, 0.763972, 0.0, 0.0, 0.0, 1.0],
                [0.986081, 0.0, -0.166266, -5e-06, -0.166266, 0.0, -0.986081, 2.119812, 0.0, 1.0, 0.0, 0.763972, 0.0, 0.0, 0.0, 1.0],
                [0.986592, 0.0, -0.163208, -5e-06, -0.163208, 0.0, -0.986592, 2.112891, 0.0, 1.0, 0.0, 0.763972, 0.0, 0.0, 0.0, 1.0],
                [0.987166, 0.0, -0.159696, -5e-06, -0.159696, 0.0, -0.987166, 2.104948, 0.0, 1.0, 0.0, 0.763972, 0.0, 0.0, 0.0, 1.0],
                [0.987795, 0.0, -0.155761, -5e-06, -0.155761, 0.0, -0.987795, 2.096056, 0.0, 1.0, 0.0, 0.763972, 0.0, 0.0, 0.0, 1.0],
                [0.988467, 0.0, -0.151435, -5e-06, -0.151435, 0.0, -0.988467, 2.086288, 0.0, 1.0, 0.0, 0.763972, 0.0, 0.0, 0.0, 1.0],
                [0.989174, 0.0, -0.14675, -5e-06, -0.14675, 0.0, -0.989174, 2.075718, 0.0, 1.0, 0.0, 0.763972, 0.0, 0.0, 0.0, 1.0],
                [0.989904, 0.0, -0.141737, -5e-06, -0.141737, 0.0, -0.989904, 2.064417, 0.0, 1.0, 0.0, 0.763972, 0.0, 0.0, 0.0, 1.0],
                [0.99065, 0.0, -0.136428, -5e-06, -0.136428, 0.0, -0.99065, 2.05246, 0.0, 1.0, 0.0, 0.763972, 0.0, 0.0, 0.0, 1.0],
                [0.991401, 0.0, -0.130855, -5e-06, -0.130855, 0.0, -0.991401, 2.039919, 0.0, 1.0, 0.0, 0.763972, 0.0, 0.0, 0.0, 1.0],
                [0.99215, 0.0, -0.12505, -5e-06, -0.12505, 0.0, -0.99215, 2.026867, 0.0, 1.0, 0.0, 0.763972, 0.0, 0.0, 0.0, 1.0],
                [0.992889, 0.0, -0.119044, -5e-06, -0.119044, 0.0, -0.992889, 2.013377, 0.0, 1.0, 0.0, 0.763972, 0.0, 0.0, 0.0, 1.0],
                [0.99361, 0.0, -0.112871, -5e-06, -0.112871, 0.0, -0.99361, 1.999522, 0.0, 1.0, 0.0, 0.763972, 0.0, 0.0, 0.0, 1.0],
                [0.994306, 0.0, -0.106563, -5e-06, -0.106563, 0.0, -0.994306, 1.985375, 0.0, 1.0, 0.0, 0.763972, 0.0, 0.0, 0.0, 1.0],
                [0.994972, 0.0, -0.100153, -5e-06, -0.100153, 0.0, -0.994972, 1.97101, 0.0, 1.0, 0.0, 0.763972, 0.0, 0.0, 0.0, 1.0],
                [0.995603, 0.0, -0.093673, -5e-06, -0.093673, 0.0, -0.995603, 1.956498, 0.0, 1.0, 0.0, 0.763972, 0.0, 0.0, 0.0, 1.0],
                [0.996195, 0.0, -0.087156, -5e-06, -0.087156, 0.0, -0.996195, 1.941913, 0.0, 1.0, 0.0, 0.763972, 0.0, 0.0, 0.0, 1.0],
                [0.996744, 0.0, -0.080635, -5e-06, -0.080635, 0.0, -0.996744, 1.927329, 0.0, 1.0, 0.0, 0.763972, 0.0, 0.0, 0.0, 1.0],
                [0.997248, 0.0, -0.074144, -5e-06, -0.074144, 0.0, -0.997248, 1.912817, 0.0, 1.0, 0.0, 0.763972, 0.0, 0.0, 0.0, 1.0],
                [0.997705, 0.0, -0.067715, -5e-06, -0.067715, 0.0, -0.997705, 1.898451, 0.0, 1.0, 0.0, 0.763972, 0.0, 0.0, 0.0, 1.0],
                [0.998114, 0.0, -0.061382, -5e-06, -0.061382, 0.0, -0.998114, 1.884305, 0.0, 1.0, 0.0, 0.763972, 0.0, 0.0, 0.0, 1.0],
                [0.998477, 0.0, -0.055178, -5e-06, -0.055178, 0.0, -0.998477, 1.87045, 0.0, 1.0, 0.0, 0.763972, 0.0, 0.0, 0.0, 1.0],
                [0.998792, 0.0, -0.049135, -5e-06, -0.049135, 0.0, -0.998792, 1.85696, 0.0, 1.0, 0.0, 0.763972, 0.0, 0.0, 0.0, 1.0],
                [0.999063, 0.0, -0.043288, -5e-06, -0.043288, 0.0, -0.999063, 1.843908, 0.0, 1.0, 0.0, 0.763972, 0.0, 0.0, 0.0, 1.0],
                [0.99929, 0.0, -0.037669, -5e-06, -0.037669, 0.0, -0.99929, 1.831367, 0.0, 1.0, 0.0, 0.763972, 0.0, 0.0, 0.0, 1.0],
                [0.999478, 0.0, -0.032311, -5e-06, -0.032311, 0.0, -0.999478, 1.819409, 0.0, 1.0, 0.0, 0.763972, 0.0, 0.0, 0.0, 1.0],
                [0.999629, 0.0, -0.027247, -5e-06, -0.027247, 0.0, -0.999629, 1.808109, 0.0, 1.0, 0.0, 0.763972, 0.0, 0.0, 0.0, 1.0],
                [0.999747, 0.0, -0.022511, -5e-06, -0.022511, 0.0, -0.999747, 1.797538, 0.0, 1.0, 0.0, 0.763972, 0.0, 0.0, 0.0, 1.0],
                [0.999836, 0.0, -0.018134, -5e-06, -0.018134, 0.0, -0.999836, 1.787771, 0.0, 1.0, 0.0, 0.763972, 0.0, 0.0, 0.0, 1.0],
                [0.9999, 0.0, -0.01415, -5e-06, -0.01415, 0.0, -0.9999, 1.778879, 0.0, 1.0, 0.0, 0.763972, 0.0, 0.0, 0.0, 1.0],
                [0.999944, 0.0, -0.010592, -5e-06, -0.010592, 0.0, -0.999944, 1.770936, 0.0, 1.0, 0.0, 0.763972, 0.0, 0.0, 0.0, 1.0],
                [0.999972, 0.0, -0.007491, -5e-06, -0.007491, 0.0, -0.999972, 1.764014, 0.0, 1.0, 0.0, 0.763972, 0.0, 0.0, 0.0, 1.0],
                [0.999988, 0.0, -0.004881, -5e-06, -0.004881, 0.0, -0.999988, 1.758188, 0.0, 1.0, 0.0, 0.763972, 0.0, 0.0, 0.0, 1.0],
                [0.999996, 0.0, -0.002795, -5e-06, -0.002795, 0.0, -0.999996, 1.753529, 0.0, 1.0, 0.0, 0.763972, 0.0, 0.0, 0.0, 1.0],
                [0.999999, 0.0, -0.001264, -5e-06, -0.001264, 0.0, -0.999999, 1.750111, 0.0, 1.0, 0.0, 0.763972, 0.0, 0.0, 0.0, 1.0],
                [1.0, 0.0, -0.000321, -5e-06, -0.000321, 0.0, -1.0, 1.748006, 0.0, 1.0, 0.0, 0.763972, 0.0, 0.0, 0.0, 1.0],
                [1.0, 0.0, 0.0, -5e-06, 0.0, 0.0, -1.0, 1.747289, 0.0, 1.0, 0.0, 0.763972, 0.0, 0.0, 0.0, 1.0]
            ]
        },
        {
            "name": "Thigh_R",
            "time": [0.0, 0.0167, 0.0333, 0.05, 0.0667, 0.0833, 0.1, 0.1167, 0.1333, 0.15, 0.1667, 0.1833, 0.2, 0.2167, 0.2333, 0.25, 0.2667, 0.2833, 0.3, 0.3167, 0.3333, 0.35, 0.3667, 0.3833, 0.4, 0.4167, 0.4333, 0.45, 0.4667, 0.4833, 0.5, 0.5167, 0.5333, 0.55, 0.5667, 0.5833, 0.6, 0.6167, 0.6333, 0.65, 0.6667, 0.6833, 0.7, 0.7167, 0.7333, 0.75, 0.7667, 0.7833, 0.8, 0.8167, 0.8333, 0.85, 0.8667, 0.8833, 0.9, 0.9167, 0.9333, 0.95, 0.9667, 0.9833, 1.0, 1.0167, 1.0333, 1.05, 1.0667, 1.0833, 1.1, 1.1167, 1.1333, 1.15, 1.1667, 1.1833, 1.2, 1.2167, 1.2333, 1.25, 1.2667, 1.2833, 1.3, 1.3167, 1.3333, 1.35, 1.3667, 1.3833, 1.4, 1.4167, 1.4333, 1.45, 1.4667, 1.4833, 1.5, 1.5167, 1.5333, 1.55, 1.5667, 1.5833, 1.6, 1.6167, 1.6333, 1.65, 1.6667, 1.6833, 1.7, 1.7167, 1.7333, 1.75, 1.7667, 1.7833, 1.8, 1.8167, 1.8333, 1.85, 1.8667],
            "transform": [
                [0.99589, 0.072043, 0.054896, 0.124994, 0.086657, -0.934187, -0.346099, -0.002831, 0.026349, 0.349433, -0.936591, -1.2e-05, 0.0, 0.0, 0.0, 1.0],
                [0.99589, 0.072043, 0.054896, 0.124994, 0.086657, -0.934197, -0.346073, -0.002831, 0.026351, 0.349408, -0.9366, -1.2e-05, 0.0, 0.0, 0.0, 1.0],
                [0.99589, 0.072043, 0.054896, 0.124994, 0.086652, -0.934262, -0.345898, -0.002831, 0.026368, 0.349233, -0.936665, -1.2e-05, 0.0, 0.0, 0.0, 1.0],
                [0.99589, 0.072043, 0.054896, 0.124994, 0.086638, -0.93444, -0.34542, -0.002831, 0.026412, 0.348757, -0.936841, -1.2e-05, 0.0, 0.0, 0.0, 1.0],
                [0.99589, 0.072043, 0.054896, 0.124994, 0.086612, -0.934786, -0.34449, -0.002831, 0.026498, 0.347829, -0.937183, -1.2e-05, 0.0, 0.0, 0.0, 1.0],
                [0.99589, 0.072043, 0.054896, 0.124994, 0.086568, -0.935354, -0.342956, -0.002831, 0.026639, 0.346299, -0.937746, -1.2e-05, 0.0, 0.0, 0.0, 1.0],
                [0.99589, 0.072043, 0.054896, 0.124994, 0.086503, -0.936197, -0.340665, -0.002831, 0.026851, 0.344013, -0.938581, -1.2e-05, 0.0, 0.0, 0.0, 1.0],
                [0.99589, 0.072043, 0.054896, 0.124994, 0.086411, -0.937365, -0.337461, -0.002831, 0.027146, 0.340818, -0.939737, -1.2e-05, 0.0, 0.0, 0.0, 1.0],
                [0.99589, 0.072043, 0.054896, 0.124994, 0.086287, -0.938903, -0.333189, -0.002831, 0.027538, 0.336556, -0.941261, -1.2e-05, 0.0, 0.0, 0.0, 1.0],
                [0.99589, 0.072043, 0.054896, 0.124994, 0.086124, -0.940853, -0.327686, -0.002831, 0.028041, 0.331067, -0.94319, -1.2e-05, 0.0, 0.0, 0.0, 1.0],
                [0.99589, 0.072043, 0.054896, 0.124994, 0.085917, -0.943245, -0.32079, -0.002831, 0.02867, 0.324188, -0.945558, -1.2e-05, 0.0, 0.0, 0.0, 1.0],
                [0.99589, 0.072043, 0.054896, 0.124994, 0.085658, -0.946104, -0.312328, -0.002831, 0.029436, 0.315747, -0.948387, -1.2e-05, 0.0, 0.0, 0.0, 1.0],
                [0.99589, 0.072043, 0.054896, 0.124994, 0.085337, -0.94944, -0.302127, -0.002831, 0.030354, 0.30557, -0.951686, -1.2e-05, 0.0, 0.0, 0.0, 1.0],
                [0.99589, 0.072043, 0.054896, 0.124994, 0.084944, -0.953249, -0.290002, -0.002831, 0.031437, 0.293474, -0.95545, -1.2e-05, 0.0, 0.0, 0.0, 1.0],
                [0.99589, 0.072043, 0.054896, 0.124994, 0.084467, -0.957506, -0.275765, -0.002831, 0.032696, 0.279269, -0.959656, -1.2e-05, 0.0, 0.0, 0.0, 1.0],
                [0.99589, 0.072043, 0.054896, 0.124994, 0.083892, -0.962168, -0.259217, -0.002831, 0.034144, 0.262757, -0.964258, -1.2e-05, 0.0, 0.0, 0.0, 1.0],
                [0.99589, 0.072043, 0.054896, 0.124994, 0.083203, -0.967162, -0.240154, -0.002831, 0.035792, 0.243735, -0.969181, -1.2e-05, 0.0, 0.0, 0.0, 1.0],
                [0.99589, 0.072043, 0.054896, 0.124994, 0.08217, -0.973598, -0.212964, -0.002831, 0.038104, 0.2166, -0.975517, -1.2e-05, 0.0, 0.0, 0.0, 1.0],
                [0.99589, 0.072043, 0.054896, 0.124994, 0.080559, -0.981571, -0.173284, -0.002831, 0.0414, 0.176994, -0.983341, -1.2e-05, 0.0, 0.0, 0.0, 1.0],
                [0.99589, 0.072043, 0.054896, 0.124994, 0.07834, -0.989329, -0.122847, -0.002831, 0.04546, 0.126643, -0.990906, -1.2e-05, 0.0, 0.0, 0.0, 1.0],
                [0.99589, 0.072043, 0.054896, 0.124994, 0.075492, -0.995117, -0.063587, -0.002831, 0.050047, 0.067469, -0.996465, -1.2e-05, 0.0, 0.0, 0.0, 1.0],
                [0.99589, 0.072043, 0.054896, 0.124994, 0.072026, -0.9974, 0.002286, -0.002831, 0.054918, 0.001678, -0.998489, -1.2e-05, 0.0, 0.0, 0.0, 1.0],
                [0.99589, 0.072043, 0.054896, 0.124994, 0.067999, -0.995063, 0.072284, -0.002831, 0.059832, -0.068254, -0.995872, -1.2e-05, 0.0, 0.0, 0.0, 1.0],
                [0.99589, 0.072043, 0.054896, 0.124994, 0.063518, -0.987575, 0.143738, -0.002831, 0.064569, -0.13966, -0.988092, -1.2e-05, 0.0, 0.0, 0.0, 1.0],
                [0.99589, 0.072043, 0.054896, 0.124994, 0.058744, -0.975078, 0.213944, -0.002831, 0.068941, -0.20984, -0.975302, -1.2e-05, 0.0, 0.0, 0.0, 1.0],
                [0.99589, 0.072043, 0.054896, 0.124994, 0.053877, -0.958388, 0.280339, -0.002831, 0.072808, -0.276229, -0.95833, -1.2e-05, 0.0, 0.0, 0.0, 1.0],
                [0.99589, 0.072043, 0.054896, 0.124994, 0.049143, -0.938906, 0.340647, -0.002831, 0.076083, -0.33655, -0.938587, -1.2e-05, 0.0, 0.0, 0.0, 1.0],
                [0.99589, 0.072043, 0.054896, 0.124994, 0.04478, -0.91846, 0.392969, -0.002831, 0.07873, -0.388896, -0.917912, -1.2e-05, 0.0, 0.0, 0.0, 1.0],
                [0.99589, 0.072043, 0.054896, 0.124994, 0.041022, -0.89912, 0.435775, -0.002831, 0.080752, -0.431732, -0.89838, -1.2e-05, 0.0, 0.0, 0.0, 1.0],
                [0.99589, 0.072043, 0.054896, 0.124994, 0.03809, -0.883005, 0.467816, -0.002831, 0.082176, -0.463802, -0.882119, -1.2e-05, 0.0, 0.0, 0.0, 1.0],
                [0.99589, 0.072043, 0.054896, 0.124994, 0.036191, -0.872112, 0.487966, -0.002831, 0.08303, -0.483974, -0.871135, -1.2e-05, 0.0, 0.0, 0.0, 1.0],
                [0.99589, 0.072043, 0.054896, 0.124994, 0.035518, -0.868165, 0.495002, -0.002831, 0.08332, -0.491018, -0.867156, -1.2e-05, 0.0, 0.0, 0.0, 1.0],
                [0.99589, 0.072043, 0.054896, 0.124994, 0.035518, -0.868165, 0.495002, -0.002831, 0.08332, -0.491018, -0.867156, -1.2e-05, 0.0, 0.0, 0.0, 1.0],
                [0.99589, 0.072043, 0.054896, 0.124994, 0.035518, -0.868165, 0.495002, -0.002831, 0.08332, -0.491018, -0.867156, -1.2e-05, 0.0, 0.0, 0.0, 1.0],
                [0.99589, 0.072043, 0.054896, 0.124994, 0.035518, -0.868165, 0.495002, -0.002831, 0.08332, -0.491018, -0.867156, -1.2e-05, 0.0, 0.0, 0.0, 1.0],
                [0.99589, 0.072043, 0.054896, 0.124994, 0.035518, -0.868165, 0.495002, -0.002831, 0.08332, -0.491018, -0.867156, -1.2e-05, 0.0, 0.0, 0.0, 1.0],
                [0.99589, 0.072043, 0.054896, 0.124994, 0.035518, -0.868165, 0.495002, -0.002831, 0.08332, -0.491018, -0.867156, -1.2e-05, 0.0, 0.0, 0.0, 1.0],
                [0.99589, 0.072043, 0.054896, 0.124994, 0.035518, -0.868165, 0.495002, -0.002831, 0.08332, -0.491018, -0.867156, -1.2e-05, 0.0, 0.0, 0.0, 1.0],
                [0.99589, 0.072043, 0.054896, 0.124994, 0.035518, -0.868165, 0.495002, -0.002831, 0.08332, -0.491018, -0.867156, -1.2e-05, 0.0, 0.0, 0.0, 1.0],
                [0.99589, 0.072043, 0.054896, 0.124994, 0.035518, -0.868165, 0.495002, -0.002831, 0.08332, -0.491018, -0.867156, -1.2e-05, 0.0, 0.0, 0.0, 1.0],
                [0.99589, 0.072043, 0.054896, 0.124994, 0.035518, -0.868165, 0.495002, -0.002831, 0.08332, -0.491018, -0.867156, -1.2e-05, 0.0, 0.0, 0.0, 1.0],
                [0.99589, 0.072043, 0.054896, 0.124994, 0.035518, -0.868165, 0.495002, -0.002831, 0.08332, -0.491018, -0.867156, -1.2e-05, 0.0, 0.0, 0.0, 1.0],
                [0.99589, 0.072043, 0.054896, 0.124994, 0.035518, -0.868165, 0.495002, -0.002831, 0.08332, -0.491018, -0.867156, -1.2e-05, 0.0, 0.0, 0.0, 1.0],
                [0.99589, 0.072043, 0.054896, 0.124994, 0.035518, -0.868165, 0.495002, -0.002831, 0.08332, -0.491018, -0.867156, -1.2e-05, 0.0, 0.0, 0.0, 1.0],
                [0.99589, 0.072043, 0.054896, 0.124994, 0.035518, -0.868165, 0.495002, -0.002831, 0.08332, -0.491018, -0.867156, -1.2e-05, 0.0, 0.0, 0.0, 1.0],
                [0.99589, 0.072043, 0.054896, 0.124994, 0.035518, -0.868165, 0.495002, -0.002831, 0.08332, -0.491018, -0.867156, -1.2e-05, 0.0, 0.0, 0.0, 1.0],
                [0.99589, 0.072043, 0.054896, 0.124994, 0.035518, -0.868165, 0.495002, -0.002831, 0.08332, -0.491018, -0.867156, -1.2e-05, 0.0, 0.0, 0.0, 1.0],
                [0.99589, 0.072043, 0.054896, 0.124994, 0.035518, -0.868165, 0.495002, -0.002831, 0.08332, -0.491018, -0.867156, -1.2e-05, 0.0, 0.0, 0.0, 1.0],
                [0.99589, 0.072043, 0.054896, 0.124994, 0.035518, -0.868165, 0.495002, -0.002831, 0.08332, -0.491018, -0.867156, -1.2e-05, 0.0, 0.0, 0.0, 1.0],
                [0.99589, 0.072043, 0.054896, 0.124994, 0.035518, -0.868165, 0.495002, -0.002831, 0.08332, -0.491018, -0.867156, -1.2e-05, 0.0, 0.0, 0.0, 1.0],
                [0.99589, 0.072043, 0.054896, 0.124994, 0.035518, -0.868165, 0.495002, -0.002831, 0.08332, -0.491018, -0.867156, -1.2e-05, 0.0, 0.0, 0.0, 1.0],
                [0.99589, 0.072043, 0.054896, 0.124994, 0.035518, -0.868165, 0.495002, -0.002831, 0.08332, -0.491018, -0.867156, -1.2e-05, 0.0, 0.0, 0.0, 1.0],
                [0.99589, 0.072043, 0.054896, 0.124994, 0.035518, -0.868165, 0.495002, -0.002831, 0.08332, -0.491018, -0.867156, -1.2e-05, 0.0, 0.0, 0.0, 1.0],
                [0.99589, 0.072043, 0.054896, 0.124994, 0.035518, -0.868165, 0.495002, -0.002831, 0.08332, -0.491018, -0.867156, -1.2e-05, 0.0, 0.0, 0.0, 1.0],
                [0.99589, 0.072043, 0.054896, 0.124994, 0.035518, -0.868165, 0.495002, -0.002831, 0.08332, -0.491018, -0.867156, -1.2e-05, 0.0, 0.0, 0.0, 1.0],
                [0.99589, 0.072043, 0.054896, 0.124994, 0.035518, -0.868165, 0.495002, -0.002831, 0.08332, -0.491018, -0.867156, -1.2e-05, 0.0, 0.0, 0.0, 1.0],
                [0.99589, 0.072043, 0.054896, 0.124994, 0.035518, -0.868165, 0.495002, -0.002831, 0.08332, -0.491018, -0.867156, -1.2e-05, 0.0, 0.0, 0.0, 1.0],
                [0.99589, 0.072043, 0.054896, 0.124994, 0.035518, -0.868165, 0.495002, -0.002831, 0.08332, -0.491018, -0.867156, -1.2e-05, 0.0, 0.0, 0.0, 1.0],
                [0.99589, 0.072043, 0.054896, 0.124994, 0.035518, -0.868165, 0.495002, -0.002831, 0.08332, -0.491018, -0.867156, -1.2e-05, 0.0, 0.0, 0.0, 1.0],
                [0.99589, 0.072043, 0.054896, 0.124994, 0.035518, -0.868165, 0.495002, -0.002831, 0.08332, -0.491018, -0.867156, -1.2e-05, 0.0, 0.0, 0.0, 1.0],
                [0.99589, 0.072043, 0.054896, 0.124994, 0.035518, -0.868165, 0.495002, -0.002831, 0.08332, -0.491018, -0.867156, -1.2e-05, 0.0, 0.0, 0.0, 1.0],
                [0.99589, 0.072043, 0.054896, 0.124994, 0.035518, -0.868165, 0.495002, -0.002831, 0.08332, -0.491018, -0.867156, -1.2e-05, 0.0, 0.0, 0.0, 1.0],
                [0.99589, 0.072043, 0.054896, 0.124994, 0.035518, -0.868165, 0.495002, -0.002831, 0.08332, -0.491018, -0.867156, -1.2e-05, 0.0, 0.0, 0.0, 1.0],
                [0.99589, 0.072043, 0.054896, 0.124994, 0.035518, -0.868165, 0.495002, -0.002831, 0.08332, -0.491018, -0.867156, -1.2e-05, 0.0, 0.0, 0.0, 1.0],
                [0.99589, 0.072043, 0.054896, 0.124994, 0.035518, -0.868165, 0.495002, -0.002831, 0.08332, -0.491018, -0.867156, -1.2e-05, 0.0, 0.0, 0.0, 1.0],
                [0.99589, 0.072043, 0.054896, 0.124994, 0.035518, -0.868165, 0.495002, -0.002831, 0.08332, -0.491018, -0.867156, -1.2e-05, 0.0, 0.0, 0.0, 1.0],
                [0.99589, 0.072043, 0.054896, 0.124994, 0.035518, -0.868165, 0.495002, -0.002831, 0.08332, -0.491018, -0.867156, -1.2e-05, 0.0, 0.0, 0.0, 1.0],
                [0.99589, 0.072043, 0.054896, 0.124994, 0.035518, -0.868165, 0.495002, -0.002831, 0.08332, -0.491018, -0.867156, -1.2e-05, 0.0, 0.0, 0.0, 1.0],
                [0.99589, 0.072043, 0.054896, 0.124994, 0.035518, -0.868165, 0.495002, -0.002831, 0.08332, -0.491018, -0.867156, -1.2e-05, 0.0, 0.0, 0.0, 1.0],
                [0.99589, 0.072043, 0.054896, 0.124994, 0.035518, -0.868165, 0.495002, -0.002831, 0.08332, -0.491018, -0.867156, -1.2e-05, 0.0, 0.0, 0.0, 1.0],
                [0.99589, 0.072043, 0.054896, 0.124994, 0.035518, -0.868165, 0.495002, -0.002831, 0.08332, -0.491018, -0.867156, -1.2e-05, 0.0, 0.0, 0.0, 1.0],
                [0.99589, 0.072043, 0.054896, 0.124994, 0.035518, -0.868165, 0.495002, -0.002831, 0.08332, -0.491018, -0.867156, -1.2e-05, 0.0, 0.0, 0.0, 1.0],
                [0.99589, 0.072043, 0.054896, 0.124994, 0.035518, -0.868165, 0.495002, -0.002831, 0.08332, -0.491018, -0.867156, -1.2e-05, 0.0, 0.0, 0.0, 1.0],
                [0.99588, 0.072201, 0.05487, 0.124994, 0.03572, -0.868465, 0.494462, -0.002831, 0.083353, -0.490465, -0.867465, -1.2e-05, 0.0, 0.0, 0.0, 1.0],
                [0.99585, 0.072665, 0.054794, 0.124994, 0.036315, -0.86934, 0.492878, -0.002831, 0.08345, -0.488843, -0.868371, -1.2e-05, 0.0, 0.0, 0.0, 1.0],
                [0.995801, 0.073419, 0.054673, 0.124994, 0.037281, -0.870755, 0.490301, -0.002831, 0.083604, -0.486204, -0.869837, -1.2e-05, 0.0, 0.0, 0.0, 1.0],
                [0.995734, 0.074448, 0.054511, 0.124994, 0.038599, -0.872671, 0.48678, -0.002831, 0.08381, -0.482599, -0.871822, -1.2e-05, 0.0, 0.0, 0.0, 1.0],
                [0.995647, 0.075736, 0.054315, 0.124994, 0.040248, -0.875046, 0.482363, -0.002831, 0.08406, -0.478077, -0.874286, -1.2e-05, 0.0, 0.0, 0.0, 1.0],
                [0.995542, 0.077268, 0.05409, 0.124994, 0.042211, -0.877837, 0.477096, -0.002831, 0.084346, -0.472686, -0.877185, -1.2e-05, 0.0, 0.0, 0.0, 1.0],
                [0.995417, 0.079028, 0.053843, 0.124994, 0.044466, -0.880997, 0.471027, -0.002831, 0.08466, -0.466475, -0.880474, -1.2e-05, 0.0, 0.0, 0.0, 1.0],
                [0.995273, 0.081001, 0.053581, 0.124994, 0.046994, -0.884482, 0.464202, -0.002831, 0.084992, -0.45949, -0.884107, -1.2e-05, 0.0, 0.0, 0.0, 1.0],
                [0.995108, 0.083172, 0.05331, 0.124994, 0.049775, -0.888244, 0.456666, -0.002831, 0.085334, -0.451779, -0.888039, -1.2e-05, 0.0, 0.0, 0.0, 1.0],
                [0.994923, 0.085524, 0.053039, 0.124994, 0.05279, -0.892238, 0.448468, -0.002831, 0.085678, -0.443392, -0.892224, -1.2e-05, 0.0, 0.0, 0.0, 1.0],
                [0.994718, 0.088043, 0.052772, 0.124994, 0.056018, -0.896418, 0.439655, -0.002831, 0.086014, -0.434376, -0.896615, -1.2e-05, 0.0, 0.0, 0.0, 1.0],
                [0.994492, 0.090711, 0.052516, 0.124994, 0.059438, -0.900738, 0.430276, -0.002831, 0.086334, -0.424784, -0.901168, -1.2e-05, 0.0, 0.0, 0.0, 1.0],
                [0.994245, 0.093513, 0.052278, 0.124994, 0.06303, -0.905155, 0.420381, -0.002831, 0.086631, -0.414667, -0.90584, -1.2e-05, 0.0, 0.0, 0.0, 1.0],
                [0.993977, 0.096433, 0.052063, 0.124994, 0.066773, -0.909627, 0.410023, -0.002831, 0.086898, -0.404077, -0.910588, -1.2e-05, 0.0, 0.0, 0.0, 1.0],
                [0.993689, 0.099453, 0.051876, 0.124994, 0.070646, -0.914114, 0.399255, -0.002831, 0.087128, -0.393071, -0.915371, -1.2e-05, 0.0, 0.0, 0.0, 1.0],
                [0.993382, 0.102557, 0.051721, 0.124994, 0.074626, -0.918577, 0.388132, -0.002831, 0.087315, -0.381704, -0.920151, -1.2e-05, 0.0, 0.0, 0.0, 1.0],
                [0.993055, 0.105729, 0.051601, 0.124994, 0.078693, -0.922982, 0.37671, -0.002831, 0.087456, -0.370034, -0.924893, -1.2e-05, 0.0, 0.0, 0.0, 1.0],
                [0.992711, 0.10895, 0.05152, 0.124994, 0.082825, -0.927297, 0.365049, -0.002831, 0.087547, -0.358121, -0.929562, -1.2e-05, 0.0, 0.0, 0.0, 1.0],
                [0.992351, 0.112203, 0.05148, 0.124994, 0.086999, -0.931491, 0.353207, -0.002831, 0.087584, -0.346027, -0.934128, -1.2e-05, 0.0, 0.0, 0.0, 1.0],
                [0.991976, 0.115472, 0.051481, 0.124994, 0.091193, -0.93554, 0.341246, -0.002831, 0.087567, -0.333813, -0.938563, -1.2e-05, 0.0, 0.0, 0.0, 1.0],
                [0.991588, 0.11874, 0.051524, 0.124994, 0.095386, -0.93942, 0.329229, -0.002831, 0.087495, -0.321545, -0.942843, -1.2e-05, 0.0, 0.0, 0.0, 1.0],
                [0.991189, 0.121988, 0.051609, 0.124994, 0.099554, -0.943112, 0.317219, -0.002831, 0.08737, -0.309287, -0.946947, -1.2e-05, 0.0, 0.0, 0.0, 1.0],
                [0.990782, 0.1252, 0.051733, 0.124994, 0.103677, -0.946601, 0.305282, -0.002831, 0.087192, -0.297104, -0.950856, -1.2e-05, 0.0, 0.0, 0.0, 1.0],
                [0.990369, 0.128359, 0.051896, 0.124994, 0.107732, -0.949874, 0.293482, -0.002831, 0.086966, -0.285065, -0.954555, -1.2e-05, 0.0, 0.0, 0.0, 1.0],
                [0.989953, 0.131449, 0.052093, 0.124994, 0.111698, -0.952923, 0.281886, -0.002831, 0.086694, -0.273235, -0.958033, -1.2e-05, 0.0, 0.0, 0.0, 1.0],
