{
    "armature": {
        "joints": ["Root", "Thigh_R", "Leg_R", "Knee_R", "Thigh_L", "Leg_L", "Knee_L", "Torso", "Chest", "Head", "Shoulder_R", "Arm_R", "Hand_R", "Tool_R", "Elbow_R", "Shoulder_L", "Arm_L", "Hand_L", "Tool_L", "Elbow_L"],
        "hierarchy": [
            {
                "name": "Root",
                "transform": [1.0, 0.0, 0.0, -5e-06, 0.0, 0.0, -1.0, 0.000946, 0.0, 1.0, 0.0, 0.763972, 0.0, 0.0, 0.0, 1.0],
                "children": [
                    {
                        "name": "Thigh_R",
                        "transform": [1.0, -0.0, -0.0, 0.124994, -0.0, -1.0, 0.0, -0.002831, -0.0, -0.0, -1.0, -1.2e-05, 0.0, 0.0, 0.0, 1.0],
                        "children": [
                            {
                                "name": "Leg_R",
                                "transform": [1.0, 0.0, 1e-06, 0.0, -0.0, 1.0, 0.0, 0.37472, -1e-06, -0.0, 1.0, -0.0, 0.0, 0.0, 0.0, 1.0],
                                "children": []
                            },
                            {
                                "name": "Knee_R",
                                "transform": [1.0, 0.0, -0.0, 0.0, -0.0, 0.0, -1.0, 0.37472, -0.0, 1.0, 0.0, -0.0, 0.0, 0.0, 0.0, 1.0],
                                "children": []
                            }
                        ]
                    },
                    {
                        "name": "Thigh_L",
                        "transform": [1.0, -0.0, -0.0, -0.125006, -0.0, -1.0, 0.0, -0.002831, -0.0, -0.0, -1.0, -1.2e-05, 0.0, 0.0, 0.0, 1.0],
                        "children": [
                            {
                                "name": "Leg_L",
                                "transform": [1.0, 0.0, 1e-06, -0.0, -0.0, 1.0, 0.0, 0.37472, -1e-06, -0.0, 1.0, 0.0, 0.0, 0.0, 0.0, 1.0],
                                "children": []
                            },
                            {
                                "name": "Knee_L",
                                "transform": [1.0, 0.0, -0.0, -0.0, -0.0, 0.0, -1.0, 0.37472, -0.0, 1.0, 0.0, 0.0, 0.0, 0.0, 0.0, 1.0],
                                "children": []
                            }
                        ]
                    },
                    {
                        "name": "Torso",
                        "transform": [1.0, 0.0, 0.0, 0.0, 0.0, 1.0, 0.0, 0.05, 0.0, 0.0, 1.0, 0.0, 0.0, 0.0, 0.0, 1.0],
                        "children": [
                            {
                                "name": "Chest",
                                "transform": [1.0, 0.0, 0.0, 0.0, 0.0, 1.0, 0.0, 0.3, 0.0, 0.0, 1.0, 0.0, 0.0, 0.0, 0.0, 1.0],
                                "children": [
                                    {
                                        "name": "Head",
                                        "transform": [1.0, 0.0, 0.0, 0.0, 0.0, 1.0, 0.0, 0.4, 0.0, 0.0, 1.0, 0.0, 0.0, 0.0, 0.0, 1.0],
                                        "children": []
                                    },
                                    {
                                        "name": "Shoulder_R",
                                        "transform": [0.0, 0.952114, 0.305743, 0.0, 0.0, -0.305743, 0.952114, 0.4, 1.0, 0.0, -0.0, 0.0, 0.0, 0.0, 0.0, 1.0],
                                        "children": [
                                            {
                                                "name": "Arm_R",
                                                "transform": [0.0, -0.0, -1.0, -0.0, 0.952114, 0.305743, 0.0, 0.39386, 0.305743, -0.952114, 0.0, 0.0, 0.0, 0.0, 0.0, 1.0],
                                                "children": [
                                                    {
                                                        "name": "Hand_R",
                                                        "transform": [1.0, 0.0, 0.0, 0.0, -0.0, 0.993938, 0.109947, 0.3, -0.0, -0.109947, 0.993937, 0.0, 0.0, 0.0, 0.0, 1.0],
                                                        "children": [
                                                            {
                                                                "name": "Tool_R",
                                                                "transform": [1.0, 0.0, 0.0, -0.0, 0.0, -0.999836, 0.018122, 0.272858, 0.0, -0.018122, -0.999836, 0.0, 0.0, 0.0, 0.0, 1.0],
                                                                "children": []
                                                            }
                                                        ]
                                                    },
                                                    {
                                                        "name": "Elbow_R",
                                                        "transform": [-1.0, 0.0, -0.0, 0.0, 0.0, 0.0, -1.0, 0.3, -0.0, -1.0, -0.0, 0.0, 0.0, 0.0, 0.0, 1.0],
                                                        "children": []
                                                    }
                                                ]
                                            }
                                        ]
                                    },
                                    {
                                        "name": "Shoulder_L",
                                        "transform": [-0.0, -0.952114, -0.305743, 0.0, 0.0, -0.305743, 0.952114, 0.4, -1.0, 0.0, 0.0, 0.0, 0.0, 0.0, 0.0, 1.0],
                                        "children": [
                                            {
                                                "name": "Arm_L",
                                                "transform": [-0.0, -0.0, 1.0, -0.0, -0.952114, 0.305743, -0.0, 0.39386, -0.305743, -0.952114, -0.0, 0.0, 0.0, 0.0, 0.0, 1.0],
                                                "children": [
                                                    {
                                                        "name": "Hand_L",
                                                        "transform": [1.0, -0.0, 0.0, -0.0, 0.0, 0.993937, 0.109947, 0.3, -0.0, -0.109947, 0.993937, 0.0, 0.0, 0.0, 0.0, 1.0],
                                                        "children": [
                                                            {
                                                                "name": "Tool_L",
                                                                "transform": [1.0, 0.0, 0.0, -0.0, -0.0, -0.999836, 0.018122, 0.272858, 0.0, -0.018122, -0.999836, -0.0, 0.0, 0.0, 0.0, 1.0],
                                                                "children": []
                                                            }
                                                        ]
                                                    },
                                                    {
                                                        "name": "Elbow_L",
                                                        "transform": [-1.0, 0.0, -0.0, -0.0, 0.0, -0.0, -1.0, 0.3, -0.0, -1.0, 0.0, 0.0, 0.0, 0.0, 0.0, 1.0],
                                                        "children": []
                                                    }
                                                ]
                                            }
                                        ]
                                    }
                                ]
                            }
                        ]
                    }
                ]
            }
        ]
    },
    "animation": [
        {
            "name": "Root",
            "time": [0.0, 0.0167, 0.0333, 0.05, 0.0667, 0.0833, 0.1, 0.1167, 0.1333, 0.15, 0.1667, 0.1833, 0.2, 0.2167, 0.2333, 0.25, 0.2667, 0.2833, 0.3, 0.3167, 0.3333, 0.35, 0.3667, 0.3833, 0.4, 0.4167, 0.4333, 0.45, 0.4667, 0.4833, 0.5, 0.5167, 0.5333, 0.55, 0.5667, 0.5833, 0.6, 0.6167, 0.6333, 0.65, 0.6667, 0.6833, 0.7, 0.7167, 0.7333, 0.75, 0.7667, 0.7833, 0.8, 0.8167, 0.8333, 0.85, 0.8667, 0.8833, 0.9, 0.9167, 0.9333, 0.95, 0.9667, 0.9833, 1.0, 1.0167, 1.0333, 1.05, 1.0667, 1.0833, 1.1, 1.1167, 1.1333, 1.15, 1.1667, 1.1833, 1.2, 1.2167, 1.2333, 1.25, 1.2667, 1.2833, 1.3, 1.3167, 1.3333, 1.35, 1.3667, 1.3833, 1.4, 1.4167, 1.4333, 1.45, 1.4667, 1.4833, 1.5, 1.5167, 1.5333, 1.55, 1.5667, 1.5833, 1.6, 1.6167, 1.6333, 1.65, 1.6667, 1.6833, 1.7, 1.7167, 1.7333, 1.75, 1.7667, 1.7833, 1.8, 1.8167, 1.8333, 1.85, 1.8667, 1.8833, 1.9, 1.9167, 1.9333, 1.95],
            "transform": [
                [1.0, 0.0, 0.0, -5e-06, 0.0, 0.0, -1.0, 0.000946, 0.0, 1.0, 0.0, 0.763972, 0.0, 0.0, 0.0, 1.0],
                [1.0, 0.0, 0.0, -5e-06, 0.0, 0.0, -1.0, 0.000968, 0.0, 1.0, 0.0, 0.763972, 0.0, 0.0, 0.0, 1.0],
                [1.0, 0.0, 0.0, -5e-06, 0.0, 0.0, -1.0, 0.001117, 0.0, 1.0, 0.0, 0.763972, 0.0, 0.0, 0.0, 1.0],
                [1.0, 0.0, 0.0, -5e-06, 0.0, 0.0, -1.0, 0.001521, 0.0, 1.0, 0.0, 0.763972, 0.0, 0.0, 0.0, 1.0],
                [1.0, 0.0, 0.0, -5e-06, 0.0, 0.0, -1.0, 0.002308, 0.0, 1.0, 0.0, 0.763972, 0.0, 0.0, 0.0, 1.0],
                [1.0, 0.0, 0.0, -5e-06, 0.0, 0.0, -1.0, 0.003606, 0.0, 1.0, 0.0, 0.763972, 0.0, 0.0, 0.0, 1.0],
                [1.0, 0.0, 0.0, -5e-06, 0.0, 0.0, -1.0, 0.005543, 0.0, 1.0, 0.0, 0.763972, 0.0, 0.0, 0.0, 1.0],
                [1.0, 0.0, 0.0, -5e-06, 0.0, 0.0, -1.0, 0.008245, 0.0, 1.0, 0.0, 0.763972, 0.0, 0.0, 0.0, 1.0],
                [1.0, 0.0, 0.0, -5e-06, 0.0, 0.0, -1.0, 0.011842, 0.0, 1.0, 0.0, 0.763972, 0.0, 0.0, 0.0, 1.0],
                [1.0, 0.0, 0.0, -5e-06, 0.0, 0.0, -1.0, 0.016459, 0.0, 1.0, 0.0, 0.763972, 0.0, 0.0, 0.0, 1.0],
                [1.0, 0.0, 0.0, -5e-06, 0.0, 0.0, -1.0, 0.022226, 0.0, 1.0, 0.0, 0.763972, 0.0, 0.0, 0.0, 1.0],
                [1.0, 0.0, 0.0, -5e-06, 0.0, 0.0, -1.0, 0.02927, 0.0, 1.0, 0.0, 0.763972, 0.0, 0.0, 0.0, 1.0],
                [1.0, 0.0, 0.0, -5e-06, 0.0, 0.0, -1.0, 0.037718, 0.0, 1.0, 0.0, 0.763972, 0.0, 0.0, 0.0, 1.0],
                [1.0, 0.0, 0.0, -5e-06, 0.0, 0.0, -1.0, 0.047698, 0.0, 1.0, 0.0, 0.763972, 0.0, 0.0, 0.0, 1.0],
                [1.0, 0.0, 0.0, -5e-06, 0.0, 0.0, -1.0, 0.059339, 0.0, 1.0, 0.0, 0.763972, 0.0, 0.0, 0.0, 1.0],
                [1.0, 0.0, 0.0, -5e-06, 0.0, 0.0, -1.0, 0.072766, 0.0, 1.0, 0.0, 0.763972, 0.0, 0.0, 0.0, 1.0],
                [1.0, 0.0, 0.0, -5e-06, 0.0, 0.0, -1.0, 0.088109, 0.0, 1.0, 0.0, 0.763972, 0.0, 0.0, 0.0, 1.0],
                [1.0, 0.0, 0.0, -5e-06, 0.0, 0.0, -1.0, 0.126749, 0.0, 1.0, 0.0, 0.763972, 0.0, 0.0, 0.0, 1.0],
                [1.0, 0.0, 0.0, -5e-06, 0.0, 0.0, -1.0, 0.204953, 0.0, 1.0, 0.0, 0.763972, 0.0, 0.0, 0.0, 1.0],
                [1.0, 0.0, 0.0, -5e-06, 0.0, 0.0, -1.0, 0.315171, 0.0, 1.0, 0.0, 0.763972, 0.0, 0.0, 0.0, 1.0],
                [1.0, 0.0, 0.0, -5e-06, 0.0, 0.0, -1.0, 0.449856, 0.0, 1.0, 0.0, 0.763972, 0.0, 0.0, 0.0, 1.0],
                [1.0, 0.0, 0.0, -5e-06, 0.0, 0.0, -1.0, 0.601459, 0.0, 1.0, 0.0, 0.763972, 0.0, 0.0, 0.0, 1.0],
                [1.0, 0.0, 0.0, -5e-06, 0.0, 0.0, -1.0, 0.762434, 0.0, 1.0, 0.0, 0.763972, 0.0, 0.0, 0.0, 1.0],
                [1.0, 0.0, 0.0, -5e-06, 0.0, 0.0, -1.0, 0.925231, 0.0, 1.0, 0.0, 0.763972, 0.0, 0.0, 0.0, 1.0],
                [1.0, 0.0, 0.0, -5e-06, 0.0, 0.0, -1.0, 1.082303, 0.0, 1.0, 0.0, 0.763972, 0.0, 0.0, 0.0, 1.0],
                [1.0, 0.0, 0.0, -5e-06, 0.0, 0.0, -1.0, 1.226102, 0.0, 1.0, 0.0, 0.763972, 0.0, 0.0, 0.0, 1.0],
                [1.0, 0.0, 0.0, -5e-06, 0.0, 0.0, -1.0, 1.34908, 0.0, 1.0, 0.0, 0.763972, 0.0, 0.0, 0.0, 1.0],
                [1.0, 0.0, 0.0, -5e-06, 0.0, 0.0, -1.0, 1.443688, 0.0, 1.0, 0.0, 0.763972, 0.0, 0.0, 0.0, 1.0],
                [1.0, 0.0, 0.0, -5e-06, 0.0, 0.0, -1.0, 1.507295, 0.0, 1.0, 0.0, 0.763972, 0.0, 0.0, 0.0, 1.0],
                [1.0, 0.0, 0.0, -5e-06, 0.0, 0.0, -1.0, 1.546347, 0.0, 1.0, 0.0, 0.763972, 0.0, 0.0, 0.0, 1.0],
                [1.0, 0.0, 0.0, -5e-06, 0.0, 0.0, -1.0, 1.566916, 0.0, 1.0, 0.0, 0.763972, 0.0, 0.0, 0.0, 1.0],
                [1.0, 0.0, 0.0, -5e-06, 0.0, 0.0, -1.0, 1.575073, 0.0, 1.0, 0.0, 0.763972, 0.0, 0.0, 0.0, 1.0],
                [1.0, 0.0, 0.0, -5e-06, 0.0, 0.0, -1.0, 1.576891, 0.0, 1.0, 0.0, 0.763972, 0.0, 0.0, 0.0, 1.0],
                [1.0, 0.0, 0.0, -5e-06, 0.0, 0.0, -1.0, 1.578439, 0.0, 1.0, 0.0, 0.763972, 0.0, 0.0, 0.0, 1.0],
                [1.0, 0.0, 0.0, -5e-06, 0.0, 0.0, -1.0, 1.585791, 0.0, 1.0, 0.0, 0.763972, 0.0, 0.0, 0.0, 1.0],
                [1.0, 0.0, 0.0, -5e-06, 0.0, 0.0, -1.0, 1.605018, 0.0, 1.0, 0.0, 0.763972, 0.0, 0.0, 0.0, 1.0],
                [1.0, 0.0, 0.0, -5e-06, 0.0, 0.0, -1.0, 1.642191, 0.0, 1.0, 0.0, 0.763972, 0.0, 0.0, 0.0, 1.0],
                [1.0, 0.0, 0.0, -5e-06, 0.0, 0.0, -1.0, 1.703381, 0.0, 1.0, 0.0, 0.763972, 0.0, 0.0, 0.0, 1.0],
                [1.0, 0.0, 0.0, -5e-06, 0.0, 0.0, -1.0, 1.792804, 0.0, 1.0, 0.0, 0.763972, 0.0, 0.0, 0.0, 1.0],
                [1.0, 0.0, 0.0, -5e-06, 0.0, 0.0, -1.0, 1.907251, 0.0, 1.0, 0.0, 0.763972, 0.0, 0.0, 0.0, 1.0],
                [1.0, 0.0, 0.0, -5e-06, 0.0, 0.0, -1.0, 2.041654, 0.0, 1.0, 0.0, 0.763972, 0.0, 0.0, 0.0, 1.0],
                [1.0, 0.0, 0.0, -5e-06, 0.0, 0.0, -1.0, 2.190949, 0.0, 1.0, 0.0, 0.763972, 0.0, 0.0, 0.0, 1.0],
                [1.0, 0.0, 0.0, -5e-06, 0.0, 0.0, -1.0, 2.350068, 0.0, 1.0, 0.0, 0.763972, 0.0, 0.0, 0.0, 1.0],
                [1.0, 0.0, 0.0, -5e-06, 0.0, 0.0, -1.0, 2.513947, 0.0, 1.0, 0.0, 0.763972, 0.0, 0.0, 0.0, 1.0],
                [1.0, 0.0, 0.0, -5e-06, 0.0, 0.0, -1.0, 2.677518, 0.0, 1.0, 0.0, 0.763972, 0.0, 0.0, 0.0, 1.0],
                [1.0, 0.0, 0.0, -5e-06, 0.0, 0.0, -1.0, 2.835717, 0.0, 1.0, 0.0, 0.763972, 0.0, 0.0, 0.0, 1.0],
                [1.0, 0.0, 0.0, -5e-06, 0.0, 0.0, -1.0, 2.983476, 0.0, 1.0, 0.0, 0.763972, 0.0, 0.0, 0.0, 1.0],
                [1.0, 0.0, 0.0, -5e-06, 0.0, 0.0, -1.0, 3.115731, 0.0, 1.0, 0.0, 0.763972, 0.0, 0.0, 0.0, 1.0],
                [1.0, 0.0, 0.0, -5e-06, 0.0, 0.0, -1.0, 3.227414, 0.0, 1.0, 0.0, 0.763972, 0.0, 0.0, 0.0, 1.0],
                [1.0, 0.0, 0.0, -5e-06, 0.0, 0.0, -1.0, 3.31346, 0.0, 1.0, 0.0, 0.763972, 0.0, 0.0, 0.0, 1.0],
                [1.0, 0.0, 0.0, -5e-06, 0.0, 0.0, -1.0, 3.368802, 0.0, 1.0, 0.0, 0.763972, 0.0, 0.0, 0.0, 1.0],
                [1.0, 0.0, 0.0, -5e-06, 0.0, 0.0, -1.0, 3.388376, 0.0, 1.0, 0.0, 0.763972, 0.0, 0.0, 0.0, 1.0],
                [1.0, 0.0, 0.0, -5e-06, 0.0, 0.0, -1.0, 3.388376, 0.0, 1.0, 0.0, 0.763972, 0.0, 0.0, 0.0, 1.0],
                [1.0, 0.0, 0.0, -5e-06, 0.0, 0.0, -1.0, 3.388376, 0.0, 1.0, 0.0, 0.763972, 0.0, 0.0, 0.0, 1.0],
                [1.0, 0.0, 0.0, -5e-06, 0.0, 0.0, -1.0, 3.388376, 0.0, 1.0, 0.0, 0.763972, 0.0, 0.0, 0.0, 1.0],
                [1.0, 0.0, 0.0, -5e-06, 0.0, 0.0, -1.0, 3.388376, 0.0, 1.0, 0.0, 0.763972, 0.0, 0.0, 0.0, 1.0],
                [1.0, 0.0, 0.0, -5e-06, 0.0, 0.0, -1.0, 3.388376, 0.0, 1.0, 0.0, 0.763972, 0.0, 0.0, 0.0, 1.0],
                [1.0, 0.0, 0.0, -5e-06, 0.0, 0.0, -1.0, 3.388376, 0.0, 1.0, 0.0, 0.763972, 0.0, 0.0, 0.0, 1.0],
                [1.0, 0.0, 0.0, -5e-06, 0.0, 0.0, -1.0, 3.388376, 0.0, 1.0, 0.0, 0.763972, 0.0, 0.0, 0.0, 1.0],
                [1.0, 0.0, 0.0, -5e-06, 0.0, 0.0, -1.0, 3.388376, 0.0, 1.0, 0.0, 0.763972, 0.0, 0.0, 0.0, 1.0],
                [1.0, 0.0, 0.0, -5e-06, 0.0, 0.0, -1.0, 3.388376, 0.0, 1.0, 0.0, 0.763972, 0.0, 0.0, 0.0, 1.0],
                [1.0, 0.0, 0.0, -5e-06, 0.0, 0.0, -1.0, 3.388376, 0.0, 1.0, 0.0, 0.763972, 0.0, 0.0, 0.0, 1.0],
                [1.0, 0.0, 0.0, -5e-06, 0.0, 0.0, -1.0, 3.388376, 0.0, 1.0, 0.0, 0.763972, 0.0, 0.0, 0.0, 1.0],
                [1.0, 0.0, 0.0, -5e-06, 0.0, 0.0, -1.0, 3.388376, 0.0, 1.0, 0.0, 0.763972, 0.0, 0.0, 0.0, 1.0],
                [1.0, 0.0, 0.0, -5e-06, 0.0, 0.0, -1.0, 3.388376, 0.0, 1.0, 0.0, 0.763972, 0.0, 0.0, 0.0, 1.0],
                [1.0, 0.0, 0.0, -5e-06, 0.0, 0.0, -1.0, 3.388376, 0.0, 1.0, 0.0, 0.763972, 0.0, 0.0, 0.0, 1.0],
                [1.0, 0.0, 0.0, -5e-06, 0.0, 0.0, -1.0, 3.388376, 0.0, 1.0, 0.0, 0.763972, 0.0, 0.0, 0.0, 1.0],
                [1.0, 0.0, 0.0, -5e-06, 0.0, 0.0, -1.0, 3.388376, 0.0, 1.0, 0.0, 0.763972, 0.0, 0.0, 0.0, 1.0],
                [1.0, 0.0, 0.0, -5e-06, 0.0, 0.0, -1.0, 3.388376, 0.0, 1.0, 0.0, 0.763972, 0.0, 0.0, 0.0, 1.0],
                [1.0, 0.0, 0.0, -5e-06, 0.0, 0.0, -1.0, 3.388376, 0.0, 1.0, 0.0, 0.763972, 0.0, 0.0, 0.0, 1.0],
                [1.0, 0.0, 0.0, -5e-06, 0.0, 0.0, -1.0, 3.388376, 0.0, 1.0, 0.0, 0.763972, 0.0, 0.0, 0.0, 1.0],
                [1.0, 0.0, 0.0, -5e-06, 0.0, 0.0, -1.0, 3.388376, 0.0, 1.0, 0.0, 0.763972, 0.0, 0.0, 0.0, 1.0],
                [1.0, 0.0, 0.0, -5e-06, 0.0, 0.0, -1.0, 3.388376, 0.0, 1.0, 0.0, 0.763972, 0.0, 0.0, 0.0, 1.0],
                [1.0, 0.0, 0.0, -5e-06, 0.0, 0.0, -1.0, 3.388376, 0.0, 1.0, 0.0, 0.763972, 0.0, 0.0, 0.0, 1.0],
                [1.0, 0.0, 0.0, -5e-06, 0.0, 0.0, -1.0, 3.388376, 0.0, 1.0, 0.0, 0.763972, 0.0, 0.0, 0.0, 1.0],
                [1.0, 0.0, 0.0, -5e-06, 0.0, 0.0, -1.0, 3.388376, 0.0, 1.0, 0.0, 0.763972, 0.0, 0.0, 0.0, 1.0],
                [1.0, 0.0, 0.0, -5e-06, 0.0, 0.0, -1.0, 3.388376, 0.0, 1.0, 0.0, 0.763972, 0.0, 0.0, 0.0, 1.0],
                [1.0, 0.0, 0.0, -5e-06, 0.0, 0.0, -1.0, 3.388376, 0.0, 1.0, 0.0, 0.763972, 0.0, 0.0, 0.0, 1.0],
                [1.0, 0.0, 0.0, -5e-06, 0.0, 0.0, -1.0, 3.388376, 0.0, 1.0, 0.0, 0.763972, 0.0, 0.0, 0.0, 1.0],
                [1.0, 0.0, 0.0, -5e-06, 0.0, 0.0, -1.0, 3.388376, 0.0, 1.0, 0.0, 0.763972, 0.0, 0.0, 0.0, 1.0],
                [1.0, 0.0, 0.0, -5e-06, 0.0, 0.0, -1.0, 3.388376, 0.0, 1.0, 0.0, 0.763972, 0.0, 0.0, 0.0, 1.0],
                [1.0, 0.0, 0.0, -5e-06, 0.0, 0.0, -1.0, 3.388376, 0.0, 1.0, 0.0, 0.763972, 0.0, 0.0, 0.0, 1.0],
                [1.0, 0.0, 0.0, -5e-06, 0.0, 0.0, -1.0, 3.388376, 0.0, 1.0, 0.0, 0.763972, 0.0, 0.0, 0.0, 1.0],
                [1.0, 0.0, 0.0, -5e-06, 0.0, 0.0, -1.0, 3.388376, 0.0, 1.0, 0.0, 0.763972, 0.0, 0.0, 0.0, 1.0],
                [1.0, 0.0, 0.0, -5e-06, 0.0, 0.0, -1.0, 3.388376, 0.0, 1.0, 0.0, 0.763972, 0.0, 0.0, 0.0, 1.0],
                [1.0, 0.0, 0.0, -5e-06, 0.0, 0.0, -1.0, 3.388376, 0.0, 1.0, 0.0, 0.763972, 0.0, 0.0, 0.0, 1.0],
                [1.0, 0.0, 0.0, -5e-06, 0.0, 0.0, -1.0, 3.388376, 0.0, 1.0, 0.0, 0.763972, 0.0, 0.0, 0.0, 1.0],
                [1.0, 0.0, 0.0, -5e-06, 0.0, 0.0, -1.0, 3.388376, 0.0, 1.0, 0.0, 0.763972, 0.0, 0.0, 0.0, 1.0],
                [1.0, 0.0, 0.0, -5e-06, 0.0, 0.0, -1.0, 3.388376, 0.0, 1.0, 0.0, 0.763972, 0.0, 0.0, 0.0, 1.0],
                [1.0, 0.0, 0.0, -5e-06, 0.0, 0.0, -1.0, 3.388376, 0.0, 1.0, 0.0, 0.763972, 0.0, 0.0, 0.0, 1.0],
                [1.0, 0.0, 0.0, -5e-06, 0.0, 0.0, -1.0, 3.388376, 0.0, 1.0, 0.0, 0.763972, 0.0, 0.0, 0.0, 1.0],
                [1.0, 0.0, 0.0, -5e-06, 0.0, 0.0, -1.0, 3.388376, 0.0, 1.0, 0.0, 0.763972, 0.0, 0.0, 0.0, 1.0],
                [1.0, 0.0, 0.0, -5e-06, 0.0, 0.0, -1.0, 3.388376, 0.0, 1.0, 0.0, 0.763972, 0.0, 0.0, 0.0, 1.0],
                [1.0, 0.0, 0.0, -5e-06, 0.0, 0.0, -1.0, 3.388376, 0.0, 1.0, 0.0, 0.763972, 0.0, 0.0, 0.0, 1.0],
                [1.0, 0.0, 0.0, -5e-06, 0.0, 0.0, -1.0, 3.388376, 0.0, 1.0, 0.0, 0.763972, 0.0, 0.0, 0.0, 1.0],
                [1.0, 0.0, 0.0, -5e-06, 0.0, 0.0, -1.0, 3.388376, 0.0, 1.0, 0.0, 0.763972, 0.0, 0.0, 0.0, 1.0],
                [1.0, 0.0, 0.0, -5e-06, 0.0, 0.0, -1.0, 3.388376, 0.0, 1.0, 0.0, 0.763972, 0.0, 0.0, 0.0, 1.0],
                [1.0, 0.0, 0.0, -5e-06, 0.0, 0.0, -1.0, 3.388376, 0.0, 1.0, 0.0, 0.763972, 0.0, 0.0, 0.0, 1.0],
                [1.0, 0.0, 0.0, -5e-06, 0.0, 0.0, -1.0, 3.388376, 0.0, 1.0, 0.0, 0.763972, 0.0, 0.0, 0.0, 1.0],
                [1.0, 0.0, 0.0, -5e-06, 0.0, 0.0, -1.0, 3.388376, 0.0, 1.0, 0.0, 0.763972, 0.0, 0.0, 0.0, 1.0],
                [1.0, 0.0, 0.0, -5e-06, 0.0, 0.0, -1.0, 3.388376, 0.0, 1.0, 0.0, 0.763972, 0.0, 0.0, 0.0, 1.0],
                [1.0, 0.0, 0.0, -5e-06, 0.0, 0.0, -1.0, 3.388376, 0.0, 1.0, 0.0, 0.763972, 0.0, 0.0, 0.0, 1.0],
                [1.0, 0.0, 0.0, -5e-06, 0.0, 0.0, -1.0, 3.388376, 0.0, 1.0, 0.0, 0.763972, 0.0, 0.0, 0.0, 1.0],
                [1.0, 0.0, 0.0, -5e-06, 0.0, 0.0, -1.0, 3.388376, 0.0, 1.0, 0.0, 0.763972, 0.0, 0.0, 0.0, 1.0],
                [1.0, 0.0, 0.0, -5e-06, 0.0, 0.0, -1.0, 3.388376, 0.0, 1.0, 0.0, 0.763972, 0.0, 0.0, 0.0, 1.0],
                [1.0, 0.0, 0.0, -5e-06, 0.0, 0.0, -1.0, 3.388376, 0.0, 1.0, 0.0, 0.763972, 0.0, 0.0, 0.0, 1.0],
                [1.0, 0.0, 0.0, -5e-06, 0.0, 0.0, -1.0, 3.388376, 0.0, 1.0, 0.0, 0.763972, 0.0, 0.0, 0.0, 1.0],
                [1.0, 0.0, 0.0, -5e-06, 0.0, 0.0, -1.0, 3.388376, 0.0, 1.0, 0.0, 0.763972, 0.0, 0.0, 0.0, 1.0],
                [1.0, 0.0, 0.0, -5e-06, 0.0, 0.0, -1.0, 3.388376, 0.0, 1.0, 0.0, 0.763972, 0.0, 0.0, 0.0, 1.0],
                [1.0, 0.0, 0.0, -5e-06, 0.0, 0.0, -1.0, 3.388376, 0.0, 1.0, 0.0, 0.763972, 0.0, 0.0, 0.0, 1.0],
                [1.0, 0.0, 0.0, -5e-06, 0.0, 0.0, -1.0, 3.388376, 0.0, 1.0, 0.0, 0.763972, 0.0, 0.0, 0.0, 1.0],
                [1.0, 0.0, 0.0, -5e-06, 0.0, 0.0, -1.0, 3.388376, 0.0, 1.0, 0.0, 0.763972, 0.0, 0.0, 0.0, 1.0],
                [1.0, 0.0, 0.0, -5e-06, 0.0, 0.0, -1.0, 3.388376, 0.0, 1.0, 0.0, 0.763972, 0.0, 0.0, 0.0, 1.0],
                [1.0, 0.0, 0.0, -5e-06, 0.0, 0.0, -1.0, 3.388376, 0.0, 1.0, 0.0, 0.763972, 0.0, 0.0, 0.0, 1.0],
                [1.0, 0.0, 0.0, -5e-06, 0.0, 0.0, -1.0, 3.388376, 0.0, 1.0, 0.0, 0.763972, 0.0, 0.0, 0.0, 1.0],
                [1.0, 0.0, 0.0, -5e-06, 0.0, 0.0, -1.0, 3.388376, 0.0, 1.0, 0.0, 0.763972, 0.0, 0.0, 0.0, 1.0],
                [1.0, 0.0, 0.0, -5e-06, 0.0, 0.0, -1.0, 3.388376, 0.0, 1.0, 0.0, 0.763972, 0.0, 0.0, 0.0, 1.0],
                [1.0, 0.0, 0.0, -5e-06, 0.0, 0.0, -1.0, 3.388376, 0.0, 1.0, 0.0, 0.763972, 0.0, 0.0, 0.0, 1.0]
            ]
        },
        {
            "name": "Thigh_R",
            "time": [0.0, 0.0167, 0.0333, 0.05, 0.0667, 0.0833, 0.1, 0.1167, 0.1333, 0.15, 0.1667, 0.1833, 0.2, 0.2167, 0.2333, 0.25, 0.2667, 0.2833, 0.3, 0.3167, 0.3333, 0.35, 0.3667, 0.3833, 0.4, 0.4167, 0.4333, 0.45, 0.4667, 0.4833, 0.5, 0.5167, 0.5333, 0.55, 0.5667, 0.5833, 0.6, 0.6167, 0.6333, 0.65, 0.6667, 0.6833, 0.7, 0.7167, 0.7333, 0.75, 0.7667, 0.7833, 0.8, 0.8167, 0.8333, 0.85, 0.8667, 0.8833, 0.9, 0.9167, 0.9333, 0.95, 0.9667, 0.9833, 1.0, 1.0167, 1.0333, 1.05, 1.0667, 1.0833, 1.1, 1.1167, 1.1333, 1.15, 1.1667, 1.1833, 1.2, 1.2167, 1.2333, 1.25, 1.2667, 1.2833, 1.3, 1.3167, 1.3333, 1.35, 1.3667, 1.3833, 1.4, 1.4167, 1.4333, 1.45, 1.4667, 1.4833, 1.5, 1.5167, 1.5333, 1.55, 1.5667, 1.5833, 1.6, 1.6167, 1.6333, 1.65, 1.6667, 1.6833, 1.7, 1.7167, 1.7333, 1.75, 1.7667, 1.7833, 1.8, 1.8167, 1.8333, 1.85, 1.8667, 1.8833, 1.9, 1.9167, 1.9333, 1.95],
            "transform": [
                [0.985785, 0.158586, 0.055483, 0.124994, 0.146559, -0.97314, 0.177537, -0.002831, 0.082147, -0.166882, -0.982549, -1.2e-05, 0.0, 0.0, 0.0, 1.0],
                [0.985785, 0.158584, 0.055483, 0.124994, 0.146558, -0.973141, 0.177529, -0.002831, 0.082146, -0.166874, -0.98255, -1.2e-05, 0.0, 0.0, 0.0, 1.0],
                [0.985787, 0.158575, 0.055485, 0.124994, 0.146554, -0.973152, 0.177471, -0.002831, 0.082138, -0.166817, -0.982561, -1.2e-05, 0.0, 0.0, 0.0, 1.0],
                [0.98579, 0.15855, 0.055492, 0.124994, 0.146541, -0.973183, 0.177313, -0.002831, 0.082117, -0.166662, -0.982589, -1.2e-05, 0.0, 0.0, 0.0, 1.0],
                [0.985798, 0.1585, 0.055506, 0.124994, 0.146515, -0.973243, 0.177007, -0.002831, 0.082076, -0.16636, -0.982643, -1.2e-05, 0.0, 0.0, 0.0, 1.0],
                [0.985809, 0.158419, 0.055527, 0.124994, 0.146473, -0.973341, 0.176501, -0.002831, 0.082008, -0.165864, -0.982733, -1.2e-05, 0.0, 0.0, 0.0, 1.0],
                [0.985827, 0.158297, 0.05556, 0.124994, 0.146411, -0.973487, 0.175747, -0.002831, 0.081907, -0.165122, -0.982866, -1.2e-05, 0.0, 0.0, 0.0, 1.0],
                [0.985852, 0.158127, 0.055605, 0.124994, 0.146323, -0.973689, 0.174695, -0.002831, 0.081766, -0.164087, -0.983051, -1.2e-05, 0.0, 0.0, 0.0, 1.0],
                [0.985885, 0.157901, 0.055664, 0.124994, 0.146207, -0.973957, 0.173294, -0.002831, 0.081578, -0.162709, -0.983296, -1.2e-05, 0.0, 0.0, 0.0, 1.0],
                [0.985927, 0.157611, 0.055741, 0.124994, 0.146057, -0.974298, 0.171493, -0.002831, 0.081337, -0.160939, -0.983607, -1.2e-05, 0.0, 0.0, 0.0, 1.0],
                [0.985979, 0.157248, 0.055835, 0.124994, 0.145868, -0.97472, 0.169244, -0.002831, 0.081037, -0.158726, -0.983991, -1.2e-05, 0.0, 0.0, 0.0, 1.0],
                [0.986044, 0.156805, 0.055949, 0.124994, 0.145638, -0.975228, 0.166494, -0.002831, 0.08067, -0.156022, -0.984454, -1.2e-05, 0.0, 0.0, 0.0, 1.0],
                [0.98612, 0.156272, 0.056084, 0.124994, 0.145359, -0.975827, 0.163193, -0.002831, 0.080231, -0.152775, -0.984999, -1.2e-05, 0.0, 0.0, 0.0, 1.0],
                [0.986211, 0.155642, 0.056242, 0.124994, 0.145028, -0.976521, 0.159289, -0.002831, 0.079714, -0.148936, -0.985629, -1.2e-05, 0.0, 0.0, 0.0, 1.0],
                [0.986317, 0.154905, 0.056423, 0.124994, 0.144639, -0.977311, 0.15473, -0.002831, 0.079111, -0.144452, -0.986344, -1.2e-05, 0.0, 0.0, 0.0, 1.0],
                [0.986438, 0.154054, 0.056627, 0.124994, 0.144187, -0.978197, 0.149463, -0.002831, 0.078418, -0.139272, -0.987144, -1.2e-05, 0.0, 0.0, 0.0, 1.0],
                [0.986577, 0.15308, 0.056855, 0.124994, 0.143665, -0.979176, 0.143436, -0.002831, 0.077629, -0.133343, -0.988025, -1.2e-05, 0.0, 0.0, 0.0, 1.0],
                [0.987155, 0.148959, 0.057758, 0.124994, 0.141453, -0.982952, 0.117457, -0.002831, 0.07427, -0.107778, -0.991397, -1.2e-05, 0.0, 0.0, 0.0, 1.0],
                [0.988413, 0.139693, 0.059378, 0.124994, 0.13621, -0.988912, 0.059162, -0.002831, 0.066984, -0.050389, -0.996481, -1.2e-05, 0.0, 0.0, 0.0, 1.0],
                [0.990062, 0.126854, 0.060704, 0.124994, 0.128321, -0.991512, -0.020913, -0.002831, 0.057536, 0.028494, -0.997937, -1.2e-05, 0.0, 0.0, 0.0, 1.0],
                [0.991816, 0.112191, 0.060949, 0.124994, 0.11845, -0.986707, -0.111259, -0.002831, 0.047657, 0.117568, -0.991921, -1.2e-05, 0.0, 0.0, 0.0, 1.0],
                [0.993423, 0.097603, 0.059871, 0.124994, 0.107725, -0.973901, -0.19978, -0.002831, 0.038809, 0.204915, -0.97801, -1.2e-05, 0.0, 0.0, 0.0, 1.0],
                [0.994703, 0.084958, 0.057871, 0.124994, 0.09769, -0.956482, -0.274951, -0.002831, 0.031993, 0.279148, -0.959715, -1.2e-05, 0.0, 0.0, 0.0, 1.0],
                [0.995547, 0.075936, 0.055854, 0.124994, 0.090091, -0.940824, -0.3267, -0.002831, 0.027741, 0.330278, -0.943476, -1.2e-05, 0.0, 0.0, 0.0, 1.0],
                [0.99589, 0.072043, 0.054896, 0.124994, 0.086657, -0.934187, -0.346099, -0.002831, 0.026349, 0.349433, -0.936591, -1.2e-05, 0.0, 0.0, 0.0, 1.0],
                [0.995944, 0.071355, 0.054802, 0.124994, 0.085982, -0.934207, -0.346213, -0.002831, 0.026492, 0.349521, -0.936554, -1.2e-05, 0.0, 0.0, 0.0, 1.0],
                [0.995978, 0.070928, 0.054743, 0.124994, 0.08555, -0.934403, -0.34579, -0.002831, 0.026626, 0.349083, -0.936713, -1.2e-05, 0.0, 0.0, 0.0, 1.0],
                [0.995994, 0.070721, 0.054716, 0.124994, 0.085305, -0.934948, -0.344377, -0.002831, 0.026802, 0.347665, -0.937236, -1.2e-05, 0.0, 0.0, 0.0, 1.0],
                [0.995996, 0.070693, 0.054714, 0.124994, 0.085196, -0.936006, -0.341516, -0.002831, 0.02707, 0.344811, -0.938282, -1.2e-05, 0.0, 0.0, 0.0, 1.0],
                [0.995988, 0.070802, 0.054732, 0.124994, 0.085166, -0.937736, -0.336747, -0.002831, 0.027482, 0.340057, -0.940003, -1.2e-05, 0.0, 0.0, 0.0, 1.0],
                [0.995971, 0.071008, 0.054763, 0.124994, 0.08516, -0.940274, -0.329595, -0.002831, 0.028089, 0.332931, -0.942533, -1.2e-05, 0.0, 0.0, 0.0, 1.0],
                [0.995951, 0.071269, 0.054801, 0.124994, 0.085116, -0.94373, -0.319574, -0.002831, 0.028942, 0.322945, -0.945975, -1.2e-05, 0.0, 0.0, 0.0, 1.0],
                [0.995929, 0.071544, 0.054838, 0.124994, 0.084973, -0.948175, -0.306175, -0.002831, 0.030091, 0.309588, -0.950395, -1.2e-05, 0.0, 0.0, 0.0, 1.0],
                [0.995909, 0.071793, 0.054869, 0.124994, 0.084659, -0.953621, -0.288858, -0.002831, 0.031587, 0.292322, -0.955798, -1.2e-05, 0.0, 0.0, 0.0, 1.0],
                [0.995895, 0.071973, 0.054889, 0.124994, 0.084098, -0.960005, -0.267054, -0.002831, 0.033473, 0.270574, -0.962117, -1.2e-05, 0.0, 0.0, 0.0, 1.0],
                [0.99589, 0.072043, 0.054896, 0.124994, 0.083203, -0.967162, -0.240154, -0.002831, 0.035792, 0.243735, -0.969181, -1.2e-05, 0.0, 0.0, 0.0, 1.0],
                [0.99589, 0.072043, 0.054896, 0.124994, 0.08168, -0.976263, -0.200593, -0.002831, 0.039141, 0.204252, -0.978135, -1.2e-05, 0.0, 0.0, 0.0, 1.0],
                [0.99589, 0.072043, 0.054896, 0.124994, 0.079263, -0.986498, -0.143313, -0.002831, 0.04383, 0.147075, -0.988154, -1.2e-05, 0.0, 0.0, 0.0, 1.0],
                [0.99589, 0.072043, 0.054896, 0.124994, 0.075899, -0.994532, -0.071734, -0.002831, 0.049428, 0.075606, -0.995912, -1.2e-05, 0.0, 0.0, 0.0, 1.0],
                [0.99589, 0.072043, 0.054896, 0.124994, 0.071593, -0.997382, 0.010119, -0.002831, 0.055481, -0.006147, -0.998441, -1.2e-05, 0.0, 0.0, 0.0, 1.0],
                [0.99589, 0.072043, 0.054896, 0.124994, 0.066455, -0.993005, 0.097591, -0.002831, 0.061543, -0.093542, -0.993711, -1.2e-05, 0.0, 0.0, 0.0, 1.0],
                [0.99589, 0.072043, 0.054896, 0.124994, 0.060713, -0.980738, 0.185653, -0.002831, 0.067213, -0.181557, -0.981081, -1.2e-05, 0.0, 0.0, 0.0, 1.0],
                [0.99589, 0.072043, 0.054896, 0.124994, 0.054707, -0.961487, 0.269349, -0.002831, 0.072186, -0.265239, -0.961477, -1.2e-05, 0.0, 0.0, 0.0, 1.0],
                [0.99589, 0.072043, 0.054896, 0.124994, 0.04885, -0.9376, 0.344266, -0.002831, 0.076272, -0.34017, -0.937266, -1.2e-05, 0.0, 0.0, 0.0, 1.0],
                [0.99589, 0.072043, 0.054896, 0.124994, 0.043583, -0.912468, 0.40682, -0.002831, 0.079399, -0.402755, -0.911858, -1.2e-05, 0.0, 0.0, 0.0, 1.0],
                [0.99589, 0.072043, 0.054896, 0.124994, 0.039343, -0.889998, 0.454263, -0.002831, 0.081584, -0.450236, -0.889175, -1.2e-05, 0.0, 0.0, 0.0, 1.0],
                [0.99589, 0.072043, 0.054896, 0.124994, 0.036531, -0.87409, 0.484388, -0.002831, 0.082881, -0.480392, -0.873129, -1.2e-05, 0.0, 0.0, 0.0, 1.0],
                [0.99589, 0.072043, 0.054896, 0.124994, 0.035518, -0.868165, 0.495002, -0.002831, 0.08332, -0.491018, -0.867156, -1.2e-05, 0.0, 0.0, 0.0, 1.0],
                [0.99589, 0.072043, 0.054896, 0.124994, 0.035518, -0.868165, 0.495002, -0.002831, 0.08332, -0.491018, -0.867156, -1.2e-05, 0.0, 0.0, 0.0, 1.0],
                [0.99589, 0.072043, 0.054896, 0.124994, 0.035518, -0.868165, 0.495002, -0.002831, 0.08332, -0.491018, -0.867156, -1.2e-05, 0.0, 0.0, 0.0, 1.0],
                [0.99589, 0.072043, 0.054896, 0.124994, 0.035518, -0.868165, 0.495002, -0.002831, 0.08332, -0.491018, -0.867156, -1.2e-05, 0.0, 0.0, 0.0, 1.0],
                [0.99589, 0.072043, 0.054896, 0.124994, 0.035518, -0.868165, 0.495002, -0.002831, 0.08332, -0.491018, -0.867156, -1.2e-05, 0.0, 0.0, 0.0, 1.0],
                [0.99589, 0.072043, 0.054896, 0.124994, 0.035518, -0.868165, 0.495002, -0.002831, 0.08332, -0.491018, -0.867156, -1.2e-05, 0.0, 0.0, 0.0, 1.0],
                [0.99589, 0.072043, 0.054896, 0.124994, 0.035518, -0.868165, 0.495002, -0.002831, 0.08332, -0.491018, -0.867156, -1.2e-05, 0.0, 0.0, 0.0, 1.0],
                [0.99589, 0.072043, 0.054896, 0.124994, 0.035518, -0.868165, 0.495002, -0.002831, 0.08332, -0.491018, -0.867156, -1.2e-05, 0.0, 0.0, 0.0, 1.0],
                [0.99589, 0.072043, 0.054896, 0.124994, 0.035518, -0.868165, 0.495002, -0.002831, 0.08332, -0.491018, -0.867156, -1.2e-05, 0.0, 0.0, 0.0, 1.0],
                [0.99589, 0.072043, 0.054896, 0.124994, 0.035518, -0.868165, 0.495002, -0.002831, 0.08332, -0.491018, -0.867156, -1.2e-05, 0.0, 0.0, 0.0, 1.0],
                [0.99589, 0.072043, 0.054896, 0.124994, 0.035518, -0.868165, 0.495002, -0.002831, 0.08332, -0.491018, -0.867156, -1.2e-05, 0.0, 0.0, 0.0, 1.0],
                [0.99589, 0.072043, 0.054896, 0.124994, 0.035518, -0.868165, 0.495002, -0.002831, 0.08332, -0.491018, -0.867156, -1.2e-05, 0.0, 0.0, 0.0, 1.0],
                [0.99589, 0.072043, 0.054896, 0.124994, 0.035518, -0.868165, 0.495002, -0.002831, 0.08332, -0.491018, -0.867156, -1.2e-05, 0.0, 0.0, 0.0, 1.0],
                [0.99589, 0.072043, 0.054896, 0.124994, 0.035518, -0.868165, 0.495002, -0.002831, 0.08332, -0.491018, -0.867156, -1.2e-05, 0.0, 0.0, 0.0, 1.0],
                [0.99589, 0.072043, 0.054896, 0.124994, 0.035518, -0.868165, 0.495002, -0.002831, 0.08332, -0.491018, -0.867156, -1.2e-05, 0.0, 0.0, 0.0, 1.0],
                [0.99589, 0.072043, 0.054896, 0.124994, 0.035518, -0.868165, 0.495002, -0.002831, 0.08332, -0.491018, -0.867156, -1.2e-05, 0.0, 0.0, 0.0, 1.0],
                [0.99589, 0.072043, 0.054896, 0.124994, 0.035518, -0.868165, 0.495002, -0.002831, 0.08332, -0.491018, -0.867156, -1.2e-05, 0.0, 0.0, 0.0, 1.0],
                [0.99589, 0.072043, 0.054896, 0.124994, 0.035518, -0.868165, 0.495002, -0.002831, 0.08332, -0.491018, -0.867156, -1.2e-05, 0.0, 0.0, 0.0, 1.0],
                [0.99589, 0.072043, 0.054896, 0.124994, 0.035518, -0.868165, 0.495002, -0.002831, 0.08332, -0.491018, -0.867156, -1.2e-05, 0.0, 0.0, 0.0, 1.0],
                [0.99589, 0.072043, 0.054896, 0.124994, 0.035518, -0.868165, 0.495002, -0.002831, 0.08332, -0.491018, -0.867156, -1.2e-05, 0.0, 0.0, 0.0, 1.0],
                [0.99589, 0.072043, 0.054896, 0.124994, 0.035518, -0.868165, 0.495002, -0.002831, 0.08332, -0.491018, -0.867156, -1.2e-05, 0.0, 0.0, 0.0, 1.0],
                [0.99589, 0.072043, 0.054896, 0.124994, 0.035518, -0.868165, 0.495002, -0.002831, 0.08332, -0.491018, -0.867156, -1.2e-05, 0.0, 0.0, 0.0, 1.0],
                [0.99589, 0.072043, 0.054896, 0.124994, 0.035518, -0.868165, 0.495002, -0.002831, 0.08332, -0.491018, -0.867156, -1.2e-05, 0.0, 0.0, 0.0, 1.0],
                [0.99589, 0.072043, 0.054896, 0.124994, 0.035518, -0.868165, 0.495002, -0.002831, 0.08332, -0.491018, -0.867156, -1.2e-05, 0.0, 0.0, 0.0, 1.0],
                [0.99589, 0.072043, 0.054896, 0.124994, 0.035518, -0.868165, 0.495002, -0.002831, 0.08332, -0.491018, -0.867156, -1.2e-05, 0.0, 0.0, 0.0, 1.0],
                [0.99589, 0.072043, 0.054896, 0.124994, 0.035518, -0.868165, 0.495002, -0.002831, 0.08332, -0.491018, -0.867156, -1.2e-05, 0.0, 0.0, 0.0, 1.0],
                [0.99589, 0.072043, 0.054896, 0.124994, 0.035518, -0.868165, 0.495002, -0.002831, 0.08332, -0.491018, -0.867156, -1.2e-05, 0.0, 0.0, 0.0, 1.0],
                [0.99589, 0.072043, 0.054896, 0.124994, 0.035518, -0.868165, 0.495002, -0.002831, 0.08332, -0.491018, -0.867156, -1.2e-05, 0.0, 0.0, 0.0, 1.0],
                [0.99589, 0.072043, 0.054896, 0.124994, 0.035518, -0.868165, 0.495002, -0.002831, 0.08332, -0.491018, -0.867156, -1.2e-05, 0.0, 0.0, 0.0, 1.0],
                [0.99589, 0.072043, 0.054896, 0.124994, 0.035518, -0.868165, 0.495002, -0.002831, 0.08332, -0.491018, -0.867156, -1.2e-05, 0.0, 0.0, 0.0, 1.0],
                [0.99589, 0.072043, 0.054896, 0.124994, 0.035518, -0.868165, 0.495002, -0.002831, 0.08332, -0.491018, -0.867156, -1.2e-05, 0.0, 0.0, 0.0, 1.0],
                [0.99589, 0.072043, 0.054896, 0.124994, 0.035518, -0.868165, 0.495002, -0.002831, 0.08332, -0.491018, -0.867156, -1.2e-05, 0.0, 0.0, 0.0, 1.0],
                [0.99589, 0.072043, 0.054896, 0.124994, 0.035518, -0.868165, 0.495002, -0.002831, 0.08332, -0.491018, -0.867156, -1.2e-05, 0.0, 0.0, 0.0, 1.0],
                [0.99589, 0.072043, 0.054896, 0.124994, 0.035518, -0.868165, 0.495002, -0.002831, 0.08332, -0.491018, -0.867156, -1.2e-05, 0.0, 0.0, 0.0, 1.0],
                [0.99589, 0.072043, 0.054896, 0.124994, 0.035518, -0.868165, 0.495002, -0.002831, 0.08332, -0.491018, -0.867156, -1.2e-05, 0.0, 0.0, 0.0, 1.0],
                [0.99589, 0.072043, 0.054896, 0.124994, 0.035518, -0.868165, 0.495002, -0.002831, 0.08332, -0.491018, -0.867156, -1.2e-05, 0.0, 0.0, 0.0, 1.0],
                [0.99589, 0.072043, 0.054896, 0.124994, 0.035518, -0.868165, 0.495002, -0.002831, 0.08332, -0.491018, -0.867156, -1.2e-05, 0.0, 0.0, 0.0, 1.0],
                [0.99589, 0.072043, 0.054896, 0.124994, 0.035518, -0.868165, 0.495002, -0.002831, 0.08332, -0.491018, -0.867156, -1.2e-05, 0.0, 0.0, 0.0, 1.0],
                [0.99589, 0.072043, 0.054896, 0.124994, 0.035518, -0.868165, 0.495002, -0.002831, 0.08332, -0.491018, -0.867156, -1.2e-05, 0.0, 0.0, 0.0, 1.0],
                [0.99589, 0.072043, 0.054896, 0.124994, 0.035518, -0.868165, 0.495002, -0.002831, 0.08332, -0.491018, -0.867156, -1.2e-05, 0.0, 0.0, 0.0, 1.0],
                [0.99589, 0.072043, 0.054896, 0.124994, 0.035518, -0.868165, 0.495002, -0.002831, 0.08332, -0.491018, -0.867156, -1.2e-05, 0.0, 0.0, 0.0, 1.0],
                [0.99589, 0.072043, 0.054896, 0.124994, 0.035518, -0.868165, 0.495002, -0.002831, 0.08332, -0.491018, -0.867156, -1.2e-05, 0.0, 0.0, 0.0, 1.0],
                [0.99589, 0.072043, 0.054896, 0.124994, 0.035518, -0.868165, 0.495002, -0.002831, 0.08332, -0.491018, -0.867156, -1.2e-05, 0.0, 0.0, 0.0, 1.0],
                [0.99589, 0.072043, 0.054896, 0.124994, 0.035518, -0.868165, 0.495002, -0.002831, 0.08332, -0.491018, -0.867156, -1.2e-05, 0.0, 0.0, 0.0, 1.0],
                [0.99589, 0.072043, 0.054896, 0.124994, 0.035518, -0.868165, 0.495002, -0.002831, 0.08332, -0.491018, -0.867156, -1.2e-05, 0.0, 0.0, 0.0, 1.0],
                [0.99589, 0.072043, 0.054896, 0.124994, 0.035518, -0.868165, 0.495002, -0.002831, 0.08332, -0.491018, -0.867156, -1.2e-05, 0.0, 0.0, 0.0, 1.0],
                [0.99589, 0.072043, 0.054896, 0.124994, 0.035518, -0.868165, 0.495002, -0.002831, 0.08332, -0.491018, -0.867156, -1.2e-05, 0.0, 0.0, 0.0, 1.0],
                [0.995862, 0.072478, 0.054825, 0.124994, 0.036074, -0.868986, 0.493519, -0.002831, 0.083411, -0.489499, -0.868005, -1.2e-05, 0.0, 0.0, 0.0, 1.0],
                [0.995781, 0.073733, 0.054623, 0.124994, 0.037682, -0.87134, 0.48923, -0.002831, 0.083668, -0.485107, -0.870443, -1.2e-05, 0.0, 0.0, 0.0, 1.0],
                [0.995647, 0.075736, 0.054315, 0.124994, 0.040248, -0.875046, 0.482363, -0.002831, 0.08406, -0.478077, -0.874286, -1.2e-05, 0.0, 0.0, 0.0, 1.0],
                [0.995461, 0.078417, 0.053927, 0.124994, 0.043683, -0.879905, 0.473137, -0.002831, 0.084553, -0.468633, -0.879337, -1.2e-05, 0.0, 0.0, 0.0, 1.0],
                [0.99522, 0.081704, 0.053491, 0.124994, 0.047894, -0.885707, 0.461767, -0.002831, 0.085106, -0.456998, -0.885387, -1.2e-05, 0.0, 0.0, 0.0, 1.0],
                [0.994923, 0.085524, 0.053039, 0.124994, 0.05279, -0.892238, 0.448468, -0.002831, 0.085678, -0.443392, -0.892224, -1.2e-05, 0.0, 0.0, 0.0, 1.0],
                [0.994569, 0.089806, 0.0526, 0.124994, 0.058278, -0.899285, 0.433462, -0.002831, 0.08623, -0.428043, -0.899635, -1.2e-05, 0.0, 0.0, 0.0, 1.0],
                [0.994158, 0.094474, 0.052204, 0.124994, 0.064262, -0.906642, 0.416978, -0.002831, 0.086724, -0.411187, -0.907416, -1.2e-05, 0.0, 0.0, 0.0, 1.0],
                [0.993689, 0.099453, 0.051876, 0.124994, 0.070646, -0.914114, 0.399255, -0.002831, 0.087128, -0.393071, -0.915371, -1.2e-05, 0.0, 0.0, 0.0, 1.0],
                [0.993166, 0.104665, 0.051637, 0.124994, 0.077329, -0.921522, 0.380547, -0.002831, 0.087415, -0.373954, -0.923319, -1.2e-05, 0.0, 0.0, 0.0, 1.0],
                [0.992593, 0.110031, 0.051502, 0.124994, 0.084212, -0.928709, 0.361119, -0.002831, 0.087565, -0.354107, -0.931097, -1.2e-05, 0.0, 0.0, 0.0, 1.0],
                [0.991976, 0.115472, 0.051481, 0.124994, 0.091193, -0.93554, 0.341246, -0.002831, 0.087567, -0.333813, -0.938563, -1.2e-05, 0.0, 0.0, 0.0, 1.0],
                [0.991323, 0.120908, 0.051576, 0.124994, 0.098169, -0.941903, 0.321218, -0.002831, 0.087418, -0.313368, -0.9456, -1.2e-05, 0.0, 0.0, 0.0, 1.0],
