{
    "armature": {
        "joints": ["Root", "Thigh_R", "Leg_R", "Knee_R", "Thigh_L", "Leg_L", "Knee_L", "Torso", "Chest", "Head", "Shoulder_R", "Arm_R", "Hand_R", "Tool_R", "Elbow_R", "Shoulder_L", "Arm_L", "Hand_L", "Tool_L", "Elbow_L"],
        "hierarchy": [
            {
                "name": "Root",
                "transform": [1.0, 0.0, 0.0, -5e-06, 0.0, 0.0, -1.0, 0.000946, 0.0, 1.0, 0.0, 0.763972, 0.0, 0.0, 0.0, 1.0],
                "children": [
                    {
                        "name": "Thigh_R",
                        "transform": [1.0, -0.0, -0.0, 0.124994, -0.0, -1.0, 0.0, -0.002831, -0.0, -0.0, -1.0, -1.2e-05, 0.0, 0.0, 0.0, 1.0],
                        "children": [
                            {
                                "name": "Leg_R",
                                "transform": [1.0, 0.0, 1e-06, 0.0, -0.0, 1.0, 0.0, 0.37472, -1e-06, -0.0, 1.0, -0.0, 0.0, 0.0, 0.0, 1.0],
                                "children": []
                            },
                            {
                                "name": "Knee_R",
                                "transform": [1.0, 0.0, -0.0, 0.0, -0.0, 0.0, -1.0, 0.37472, -0.0, 1.0, 0.0, -0.0, 0.0, 0.0, 0.0, 1.0],
                                "children": []
                            }
                        ]
                    },
                    {
                        "name": "Thigh_L",
                        "transform": [1.0, -0.0, -0.0, -0.125006, -0.0, -1.0, 0.0, -0.002831, -0.0, -0.0, -1.0, -1.2e-05, 0.0, 0.0, 0.0, 1.0],
                        "children": [
                            {
                                "name": "Leg_L",
                                "transform": [1.0, 0.0, 1e-06, -0.0, -0.0, 1.0, 0.0, 0.37472, -1e-06, -0.0, 1.0, 0.0, 0.0, 0.0, 0.0, 1.0],
                                "children": []
                            },
                            {
                                "name": "Knee_L",
                                "transform": [1.0, 0.0, -0.0, -0.0, -0.0, 0.0, -1.0, 0.37472, -0.0, 1.0, 0.0, 0.0, 0.0, 0.0, 0.0, 1.0],
                                "children": []
                            }
                        ]
                    },
                    {
                        "name": "Torso",
                        "transform": [1.0, 0.0, 0.0, 0.0, 0.0, 1.0, 0.0, 0.05, 0.0, 0.0, 1.0, 0.0, 0.0, 0.0, 0.0, 1.0],
                        "children": [
                            {
                                "name": "Chest",
                                "transform": [1.0, 0.0, 0.0, 0.0, 0.0, 1.0, 0.0, 0.3, 0.0, 0.0, 1.0, 0.0, 0.0, 0.0, 0.0, 1.0],
                                "children": [
                                    {
                                        "name": "Head",
                                        "transform": [1.0, 0.0, 0.0, 0.0, 0.0, 1.0, 0.0, 0.4, 0.0, 0.0, 1.0, 0.0, 0.0, 0.0, 0.0, 1.0],
                                        "children": []
                                    },
                                    {
                                        "name": "Shoulder_R",
                                        "transform": [0.0, 0.952114, 0.305743, 0.0, 0.0, -0.305743, 0.952114, 0.4, 1.0, 0.0, -0.0, 0.0, 0.0, 0.0, 0.0, 1.0],
                                        "children": [
                                            {
                                                "name": "Arm_R",
                                                "transform": [0.0, -0.0, -1.0, -0.0, 0.952114, 0.305743, 0.0, 0.39386, 0.305743, -0.952114, 0.0, 0.0, 0.0, 0.0, 0.0, 1.0],
                                                "children": [
                                                    {
                                                        "name": "Hand_R",
                                                        "transform": [1.0, 0.0, 0.0, 0.0, -0.0, 0.993938, 0.109947, 0.3, -0.0, -0.109947, 0.993937, 0.0, 0.0, 0.0, 0.0, 1.0],
                                                        "children": [
                                                            {
                                                                "name": "Tool_R",
                                                                "transform": [1.0, 0.0, 0.0, -0.0, 0.0, -0.999836, 0.018122, 0.272858, 0.0, -0.018122, -0.999836, 0.0, 0.0, 0.0, 0.0, 1.0],
                                                                "children": []
                                                            }
                                                        ]
                                                    },
                                                    {
                                                        "name": "Elbow_R",
                                                        "transform": [-1.0, 0.0, -0.0, 0.0, 0.0, 0.0, -1.0, 0.3, -0.0, -1.0, -0.0, 0.0, 0.0, 0.0, 0.0, 1.0],
                                                        "children": []
                                                    }
                                                ]
                                            }
                                        ]
                                    },
                                    {
                                        "name": "Shoulder_L",
                                        "transform": [-0.0, -0.952114, -0.305743, 0.0, 0.0, -0.305743, 0.952114, 0.4, -1.0, 0.0, 0.0, 0.0, 0.0, 0.0, 0.0, 1.0],
                                        "children": [
                                            {
                                                "name": "Arm_L",
                                                "transform": [-0.0, -0.0, 1.0, -0.0, -0.952114, 0.305743, -0.0, 0.39386, -0.305743, -0.952114, -0.0, 0.0, 0.0, 0.0, 0.0, 1.0],
                                                "children": [
                                                    {
                                                        "name": "Hand_L",
                                                        "transform": [1.0, -0.0, 0.0, -0.0, 0.0, 0.993937, 0.109947, 0.3, -0.0, -0.109947, 0.993937, 0.0, 0.0, 0.0, 0.0, 1.0],
                                                        "children": [
                                                            {
                                                                "name": "Tool_L",
                                                                "transform": [1.0, 0.0, 0.0, -0.0, -0.0, -0.999836, 0.018122, 0.272858, 0.0, -0.018122, -0.999836, -0.0, 0.0, 0.0, 0.0, 1.0],
                                                                "children": []
                                                            }
                                                        ]
                                                    },
                                                    {
                                                        "name": "Elbow_L",
                                                        "transform": [-1.0, 0.0, -0.0, -0.0, 0.0, -0.0, -1.0, 0.3, -0.0, -1.0, 0.0, 0.0, 0.0, 0.0, 0.0, 1.0],
                                                        "children": []
                                                    }
                                                ]
                                            }
                                        ]
                                    }
                                ]
                            }
                        ]
                    }
                ]
            }
        ]
    },
    "animation": [
        {
            "name": "Root",
            "time": [0.0, 0.0167, 0.0333, 0.05, 0.0667, 0.0833, 0.1, 0.1167, 0.1333, 0.15, 0.1667, 0.1833, 0.2, 0.2167, 0.2333, 0.25, 0.2667, 0.2833, 0.3, 0.3167, 0.3333, 0.35, 0.3667, 0.3833, 0.4, 0.4167, 0.4333, 0.45, 0.4667, 0.4833, 0.5, 0.5167, 0.5333, 0.55, 0.5667, 0.5833, 0.6, 0.6167, 0.6333, 0.65, 0.6667, 0.6833, 0.7, 0.7167, 0.7333, 0.75, 0.7667, 0.7833, 0.8, 0.8167, 0.8333, 0.85, 0.8667, 0.8833, 0.9, 0.9167, 0.9333, 0.95, 0.9667, 0.9833, 1.0, 1.0167, 1.0333, 1.05, 1.0667, 1.0833, 1.1, 1.1167, 1.1333, 1.15, 1.1667, 1.1833, 1.2, 1.2167, 1.2333, 1.25, 1.2667, 1.2833, 1.3, 1.3167, 1.3333, 1.35, 1.3667, 1.3833, 1.4, 1.4167, 1.4333, 1.45, 1.4667, 1.4833, 1.5, 1.5167, 1.5333, 1.55, 1.5667, 1.5833, 1.6, 1.6167, 1.6333, 1.65, 1.6667, 1.6833, 1.7, 1.7167, 1.7333, 1.75, 1.7667, 1.7833, 1.8, 1.8167, 1.8333, 1.85, 1.8667, 1.8833, 1.9, 1.9167, 1.9333, 1.95, 1.9667, 1.9833, 2.0],
            "transform": [
                [1.0, 0.0, 0.0, -5e-06, 0.0, 0.0, -1.0, 0.000946, 0.0, 1.0, 0.0, 0.763972, 0.0, 0.0, 0.0, 1.0],
                [1.0, 0.0, 0.0, -5e-06, 0.0, 0.0, -1.0, 0.000981, 0.0, 1.0, 0.0, 0.763972, 0.0, 0.0, 0.0, 1.0],
                [1.0, 0.0, 0.0, -5e-06, 0.0, 0.0, -1.0, 0.001226, 0.0, 1.0, 0.0, 0.763972, 0.0, 0.0, 0.0, 1.0],
                [1.0, 0.0, 0.0, -5e-06, 0.0, 0.0, -1.0, 0.001891, 0.0, 1.0, 0.0, 0.763972, 0.0, 0.0, 0.0, 1.0],
                [1.0, 0.0, 0.0, -5e-06, 0.0, 0.0, -1.0, 0.003187, 0.0, 1.0, 0.0, 0.763972, 0.0, 0.0, 0.0, 1.0],
                [1.0, 0.0, 0.0, -5e-06, 0.0, 0.0, -1.0, 0.005322, 0.0, 1.0, 0.0, 0.763972, 0.0, 0.0, 0.0, 1.0],
                [1.0, 0.0, 0.0, -5e-06, 0.0, 0.0, -1.0, 0.008507, 0.0, 1.0, 0.0, 0.763972, 0.0, 0.0, 0.0, 1.0],
                [1.0, 0.0, 0.0, -5e-06, 0.0, 0.0, -1.0, 0.012952, 0.0, 1.0, 0.0, 0.763972, 0.0, 0.0, 0.0, 1.0],
                [1.0, 0.0, 0.0, -5e-06, 0.0, 0.0, -1.0, 0.018868, 0.0, 1.0, 0.0, 0.763972, 0.0, 0.0, 0.0, 1.0],
                [1.0, 0.0, 0.0, -5e-06, 0.0, 0.0, -1.0, 0.026463, 0.0, 1.0, 0.0, 0.763972, 0.0, 0.0, 0.0, 1.0],
                [1.0, 0.0, 0.0, -5e-06, 0.0, 0.0, -1.0, 0.035949, 0.0, 1.0, 0.0, 0.763972, 0.0, 0.0, 0.0, 1.0],
                [1.0, 0.0, 0.0, -5e-06, 0.0, 0.0, -1.0, 0.047534, 0.0, 1.0, 0.0, 0.763972, 0.0, 0.0, 0.0, 1.0],
                [1.0, 0.0, 0.0, -5e-06, 0.0, 0.0, -1.0, 0.06143, 0.0, 1.0, 0.0, 0.763972, 0.0, 0.0, 0.0, 1.0],
                [1.0, 0.0, 0.0, -5e-06, 0.0, 0.0, -1.0, 0.077846, 0.0, 1.0, 0.0, 0.763972, 0.0, 0.0, 0.0, 1.0],
                [1.0, 0.0, 0.0, -5e-06, 0.0, 0.0, -1.0, 0.103057, 0.0, 1.0, 0.0, 0.763972, 0.0, 0.0, 0.0, 1.0],
                [1.0, 0.0, 0.0, -5e-06, 0.0, 0.0, -1.0, 0.142045, 0.0, 1.0, 0.0, 0.763972, 0.0, 0.0, 0.0, 1.0],
                [1.0, 0.0, 0.0, -5e-06, 0.0, 0.0, -1.0, 0.193077, 0.0, 1.0, 0.0, 0.763972, 0.0, 0.0, 0.0, 1.0],
                [1.0, 0.0, 0.0, -5e-06, 0.0, 0.0, -1.0, 0.254425, 0.0, 1.0, 0.0, 0.763972, 0.0, 0.0, 0.0, 1.0],
                [1.0, 0.0, 0.0, -5e-06, 0.0, 0.0, -1.0, 0.324357, 0.0, 1.0, 0.0, 0.763972, 0.0, 0.0, 0.0, 1.0],
                [1.0, 0.0, 0.0, -5e-06, 0.0, 0.0, -1.0, 0.401142, 0.0, 1.0, 0.0, 0.763972, 0.0, 0.0, 0.0, 1.0],
                [1.0, 0.0, 0.0, -5e-06, 0.0, 0.0, -1.0, 0.483051, 0.0, 1.0, 0.0, 0.763972, 0.0, 0.0, 0.0, 1.0],
                [1.0, 0.0, 0.0, -5e-06, 0.0, 0.0, -1.0, 0.568352, 0.0, 1.0, 0.0, 0.763972, 0.0, 0.0, 0.0, 1.0],
                [1.0, 0.0, 0.0, -5e-06, 0.0, 0.0, -1.0, 0.655315, 0.0, 1.0, 0.0, 0.763972, 0.0, 0.0, 0.0, 1.0],
                [1.0, 0.0, 0.0, -5e-06, 0.0, 0.0, -1.0, 0.74221, 0.0, 1.0, 0.0, 0.763972, 0.0, 0.0, 0.0, 1.0],
                [1.0, 0.0, 0.0, -5e-06, 0.0, 0.0, -1.0, 0.827305, 0.0, 1.0, 0.0, 0.763972, 0.0, 0.0, 0.0, 1.0],
                [1.0, 0.0, 0.0, -5e-06, 0.0, 0.0, -1.0, 0.90887, 0.0, 1.0, 0.0, 0.763972, 0.0, 0.0, 0.0, 1.0],
                [1.0, 0.0, 0.0, -5e-06, 0.0, 0.0, -1.0, 0.985175, 0.0, 1.0, 0.0, 0.763972, 0.0, 0.0, 0.0, 1.0],
                [1.0, 0.0, 0.0, -5e-06, 0.0, 0.0, -1.0, 1.054488, 0.0, 1.0, 0.0, 0.763972, 0.0, 0.0, 0.0, 1.0],
                [1.0, 0.0, 0.0, -5e-06, 0.0, 0.0, -1.0, 1.11508, 0.0, 1.0, 0.0, 0.763972, 0.0, 0.0, 0.0, 1.0],
                [1.0, 0.0, 0.0, -5e-06, 0.0, 0.0, -1.0, 1.16522, 0.0, 1.0, 0.0, 0.763972, 0.0, 0.0, 0.0, 1.0],
                [1.0, 0.0, 0.0, -5e-06, 0.0, 0.0, -1.0, 1.203176, 0.0, 1.0, 0.0, 0.763972, 0.0, 0.0, 0.0, 1.0],
                [1.0, 0.0, 0.0, -5e-06, 0.0, 0.0, -1.0, 1.227219, 0.0, 1.0, 0.0, 0.763972, 0.0, 0.0, 0.0, 1.0],
                [1.0, 0.0, 0.0, -5e-06, 0.0, 0.0, -1.0, 1.235618, 0.0, 1.0, 0.0, 0.763972, 0.0, 0.0, 0.0, 1.0],
                [1.0, 0.0, 0.0, -5e-06, 0.0, 0.0, -1.0, 1.235618, 0.0, 1.0, 0.0, 0.763972, 0.0, 0.0, 0.0, 1.0],
                [1.0, 0.0, 0.0, -5e-06, 0.0, 0.0, -1.0, 1.235618, 0.0, 1.0, 0.0, 0.763972, 0.0, 0.0, 0.0, 1.0],
                [1.0, 0.0, 0.0, -5e-06, 0.0, 0.0, -1.0, 1.235618, 0.0, 1.0, 0.0, 0.763972, 0.0, 0.0, 0.0, 1.0],
                [1.0, 0.0, 0.0, -5e-06, 0.0, 0.0, -1.0, 1.235618, 0.0, 1.0, 0.0, 0.763972, 0.0, 0.0, 0.0, 1.0],
                [1.0, 0.0, 0.0, -5e-06, 0.0, 0.0, -1.0, 1.235618, 0.0, 1.0, 0.0, 0.763972, 0.0, 0.0, 0.0, 1.0],
                [1.0, 0.0, 0.0, -5e-06, 0.0, 0.0, -1.0, 1.235618, 0.0, 1.0, 0.0, 0.763972, 0.0, 0.0, 0.0, 1.0],
                [1.0, 0.0, 0.0, -5e-06, 0.0, 0.0, -1.0, 1.235618, 0.0, 1.0, 0.0, 0.763972, 0.0, 0.0, 0.0, 1.0],
                [1.0, 0.0, 0.0, -5e-06, 0.0, 0.0, -1.0, 1.235618, 0.0, 1.0, 0.0, 0.763972, 0.0, 0.0, 0.0, 1.0],
                [1.0, 0.0, 0.0, -5e-06, 0.0, 0.0, -1.0, 1.235618, 0.0, 1.0, 0.0, 0.763972, 0.0, 0.0, 0.0, 1.0],
                [1.0, 0.0, 0.0, -5e-06, 0.0, 0.0, -1.0, 1.235618, 0.0, 1.0, 0.0, 0.763972, 0.0, 0.0, 0.0, 1.0],
                [1.0, 0.0, 0.0, -5e-06, 0.0, 0.0, -1.0, 1.235618, 0.0, 1.0, 0.0, 0.763972, 0.0, 0.0, 0.0, 1.0],
                [1.0, 0.0, 0.0, -5e-06, 0.0, 0.0, -1.0, 1.235618, 0.0, 1.0, 0.0, 0.763972, 0.0, 0.0, 0.0, 1.0],
                [1.0, 0.0, 0.0, -5e-06, 0.0, 0.0, -1.0, 1.235618, 0.0, 1.0, 0.0, 0.763972, 0.0, 0.0, 0.0, 1.0],
                [1.0, 0.0, 0.0, -5e-06, 0.0, 0.0, -1.0, 1.235618, 0.0, 1.0, 0.0, 0.763972, 0.0, 0.0, 0.0, 1.0],
                [1.0, 0.0, 0.0, -5e-06, 0.0, 0.0, -1.0, 1.235618, 0.0, 1.0, 0.0, 0.763972, 0.0, 0.0, 0.0, 1.0],
                [1.0, 0.0, 0.0, -5e-06, 0.0, 0.0, -1.0, 1.235618, 0.0, 1.0, 0.0, 0.763972, 0.0, 0.0, 0.0, 1.0],
                [1.0, 0.0, 0.0, -5e-06, 0.0, 0.0, -1.0, 1.235618, 0.0, 1.0, 0.0, 0.763972, 0.0, 0.0, 0.0, 1.0],
                [1.0, 0.0, 0.0, -5e-06, 0.0, 0.0, -1.0, 1.235618, 0.0, 1.0, 0.0, 0.763972, 0.0, 0.0, 0.0, 1.0],
                [1.0, 0.0, 0.0, -5e-06, 0.0, 0.0, -1.0, 1.235618, 0.0, 1.0, 0.0, 0.763972, 0.0, 0.0, 0.0, 1.0],
                [1.0, 0.0, 0.0, -5e-06, 0.0, 0.0, -1.0, 1.235618, 0.0, 1.0, 0.0, 0.763972, 0.0, 0.0, 0.0, 1.0],
                [1.0, 0.0, 0.0, -5e-06, 0.0, 0.0, -1.0, 1.235618, 0.0, 1.0, 0.0, 0.763972, 0.0, 0.0, 0.0, 1.0],
                [1.0, 0.0, 0.0, -5e-06, 0.0, 0.0, -1.0, 1.235618, 0.0, 1.0, 0.0, 0.763972, 0.0, 0.0, 0.0, 1.0],
                [1.0, 0.0, 0.0, -5e-06, 0.0, 0.0, -1.0, 1.235618, 0.0, 1.0, 0.0, 0.763972, 0.0, 0.0, 0.0, 1.0],
                [1.0, 0.0, 0.0, -5e-06, 0.0, 0.0, -1.0, 1.235618, 0.0, 1.0, 0.0, 0.763972, 0.0, 0.0, 0.0, 1.0],
                [1.0, 0.0, 0.0, -5e-06, 0.0, 0.0, -1.0, 1.235618, 0.0, 1.0, 0.0, 0.763972, 0.0, 0.0, 0.0, 1.0],
                [1.0, 0.0, 0.0, -5e-06, 0.0, 0.0, -1.0, 1.235618, 0.0, 1.0, 0.0, 0.763972, 0.0, 0.0, 0.0, 1.0],
                [1.0, 0.0, 0.0, -5e-06, 0.0, 0.0, -1.0, 1.235618, 0.0, 1.0, 0.0, 0.763972, 0.0, 0.0, 0.0, 1.0],
                [1.0, 0.0, 0.0, -5e-06, 0.0, 0.0, -1.0, 1.235618, 0.0, 1.0, 0.0, 0.763972, 0.0, 0.0, 0.0, 1.0],
                [1.0, 0.0, 0.0, -5e-06, 0.0, 0.0, -1.0, 1.235618, 0.0, 1.0, 0.0, 0.763972, 0.0, 0.0, 0.0, 1.0],
                [1.0, 0.0, 0.0, -5e-06, 0.0, 0.0, -1.0, 1.235618, 0.0, 1.0, 0.0, 0.763972, 0.0, 0.0, 0.0, 1.0],
                [1.0, 0.0, 0.0, -5e-06, 0.0, 0.0, -1.0, 1.235618, 0.0, 1.0, 0.0, 0.763972, 0.0, 0.0, 0.0, 1.0],
                [1.0, 0.0, 0.0, -5e-06, 0.0, 0.0, -1.0, 1.235618, 0.0, 1.0, 0.0, 0.763972, 0.0, 0.0, 0.0, 1.0],
                [1.0, 0.0, 0.0, -5e-06, 0.0, 0.0, -1.0, 1.235618, 0.0, 1.0, 0.0, 0.763972, 0.0, 0.0, 0.0, 1.0],
                [1.0, 0.0, 0.0, -5e-06, 0.0, 0.0, -1.0, 1.235618, 0.0, 1.0, 0.0, 0.763972, 0.0, 0.0, 0.0, 1.0],
                [1.0, 0.0, 0.0, -5e-06, 0.0, 0.0, -1.0, 1.235618, 0.0, 1.0, 0.0, 0.763972, 0.0, 0.0, 0.0, 1.0],
                [1.0, 0.0, 0.0, -5e-06, 0.0, 0.0, -1.0, 1.235618, 0.0, 1.0, 0.0, 0.763972, 0.0, 0.0, 0.0, 1.0],
                [1.0, 0.0, 0.0, -5e-06, 0.0, 0.0, -1.0, 1.235618, 0.0, 1.0, 0.0, 0.763972, 0.0, 0.0, 0.0, 1.0],
                [1.0, 0.0, 0.0, -5e-06, 0.0, 0.0, -1.0, 1.235618, 0.0, 1.0, 0.0, 0.763972, 0.0, 0.0, 0.0, 1.0],
                [1.0, 0.0, 0.0, -5e-06, 0.0, 0.0, -1.0, 1.235618, 0.0, 1.0, 0.0, 0.763972, 0.0, 0.0, 0.0, 1.0],
                [1.0, 0.0, 0.0, -5e-06, 0.0, 0.0, -1.0, 1.235618, 0.0, 1.0, 0.0, 0.763972, 0.0, 0.0, 0.0, 1.0],
                [1.0, 0.0, 0.0, -5e-06, 0.0, 0.0, -1.0, 1.235618, 0.0, 1.0, 0.0, 0.763972, 0.0, 0.0, 0.0, 1.0],
                [1.0, 0.0, 0.0, -5e-06, 0.0, 0.0, -1.0, 1.235618, 0.0, 1.0, 0.0, 0.763972, 0.0, 0.0, 0.0, 1.0],
                [1.0, 0.0, 0.0, -5e-06, 0.0, 0.0, -1.0, 1.235618, 0.0, 1.0, 0.0, 0.763972, 0.0, 0.0, 0.0, 1.0],
                [1.0, 0.0, 0.0, -5e-06, 0.0, 0.0, -1.0, 1.235618, 0.0, 1.0, 0.0, 0.763972, 0.0, 0.0, 0.0, 1.0],
                [1.0, 0.0, 0.0, -5e-06, 0.0, 0.0, -1.0, 1.235618, 0.0, 1.0, 0.0, 0.763972, 0.0, 0.0, 0.0, 1.0],
                [1.0, 0.0, 0.0, -5e-06, 0.0, 0.0, -1.0, 1.235618, 0.0, 1.0, 0.0, 0.763972, 0.0, 0.0, 0.0, 1.0],
                [1.0, 0.0, 0.0, -5e-06, 0.0, 0.0, -1.0, 1.235618, 0.0, 1.0, 0.0, 0.763972, 0.0, 0.0, 0.0, 1.0],
                [1.0, 0.0, 0.0, -5e-06, 0.0, 0.0, -1.0, 1.235618, 0.0, 1.0, 0.0, 0.763972, 0.0, 0.0, 0.0, 1.0],
                [1.0, 0.0, 0.0, -5e-06, 0.0, 0.0, -1.0, 1.234654, 0.0, 1.0, 0.0, 0.763972, 0.0, 0.0, 0.0, 1.0],
                [1.0, 0.0, 0.0, -5e-06, 0.0, 0.0, -1.0, 1.231827, 0.0, 1.0, 0.0, 0.763972, 0.0, 0.0, 0.0, 1.0],
                [1.0, 0.0, 0.0, -5e-06, 0.0, 0.0, -1.0, 1.227234, 0.0, 1.0, 0.0, 0.763972, 0.0, 0.0, 0.0, 1.0],
                [1.0, 0.0, 0.0, -5e-06, 0.0, 0.0, -1.0, 1.220975, 0.0, 1.0, 0.0, 0.763972, 0.0, 0.0, 0.0, 1.0],
                [1.0, 0.0, 0.0, -5e-06, 0.0, 0.0, -1.0, 1.213148, 0.0, 1.0, 0.0, 0.763972, 0.0, 0.0, 0.0, 1.0],
                [1.0, 0.0, 0.0, -5e-06, 0.0, 0.0, -1.0, 1.203849, 0.0, 1.0, 0.0, 0.763972, 0.0, 0.0, 0.0, 1.0],
                [1.0, 0.0, 0.0, -5e-06, 0.0, 0.0, -1.0, 1.193177, 0.0, 1.0, 0.0, 0.763972, 0.0, 0.0, 0.0, 1.0],
                [1.0, 0.0, 0.0, -5e-06, 0.0, 0.0, -1.0, 1.181231, 0.0, 1.0, 0.0, 0.763972, 0.0, 0.0, 0.0, 1.0],
                [1.0, 0.0, 0.0, -5e-06, 0.0, 0.0, -1.0, 1.168108, 0.0, 1.0, 0.0, 0.763972, 0.0, 0.0, 0.0, 1.0],
                [1.0, 0.0, 0.0, -5e-06, 0.0, 0.0, -1.0, 1.153907, 0.0, 1.0, 0.0, 0.763972, 0.0, 0.0, 0.0, 1.0],
                [1.0, 0.0, 0.0, -5e-06, 0.0, 0.0, -1.0, 1.138725, 0.0, 1.0, 0.0, 0.763972, 0.0, 0.0, 0.0, 1.0],
                [1.0, 0.0, 0.0, -5e-06, 0.0, 0.0, -1.0, 1.122661, 0.0, 1.0, 0.0, 0.763972, 0.0, 0.0, 0.0, 1.0],
                [1.0, 0.0, 0.0, -5e-06, 0.0, 0.0, -1.0, 1.105812, 0.0, 1.0, 0.0, 0.763972, 0.0, 0.0, 0.0, 1.0],
                [1.0, 0.0, 0.0, -5e-06, 0.0, 0.0, -1.0, 1.088277, 0.0, 1.0, 0.0, 0.763972, 0.0, 0.0, 0.0, 1.0],
                [1.0, 0.0, 0.0, -5e-06, 0.0, 0.0, -1.0, 1.070153, 0.0, 1.0, 0.0, 0.763972, 0.0, 0.0, 0.0, 1.0],
                [1.0, 0.0, 0.0, -5e-06, 0.0, 0.0, -1.0, 1.05154, 0.0, 1.0, 0.0, 0.763972, 0.0, 0.0, 0.0, 1.0],
                [1.0, 0.0, 0.0, -5e-06, 0.0, 0.0, -1.0, 1.032534, 0.0, 1.0, 0.0, 0.763972, 0.0, 0.0, 0.0, 1.0],
                [1.0, 0.0, 0.0, -5e-06, 0.0, 0.0, -1.0, 1.013234, 0.0, 1.0, 0.0, 0.763972, 0.0, 0.0, 0.0, 1.0],
                [1.0, 0.0, 0.0, -5e-06, 0.0, 0.0, -1.0, 0.993737, 0.0, 1.0, 0.0, 0.763972, 0.0, 0.0, 0.0, 1.0],
                [1.0, 0.0, 0.0, -5e-06, 0.0, 0.0, -1.0, 0.974143, 0.0, 1.0, 0.0, 0.763972, 0.0, 0.0, 0.0, 1.0],
                [1.0, 0.0, 0.0, -5e-06, 0.0, 0.0, -1.0, 0.954549, 0.0, 1.0, 0.0, 0.763972, 0.0, 0.0, 0.0, 1.0],
                [1.0, 0.0, 0.0, -5e-06, 0.0, 0.0, -1.0, 0.935053, 0.0, 1.0, 0.0, 0.763972, 0.0, 0.0, 0.0, 1.0],
                [1.0, 0.0, 0.0, -5e-06, 0.0, 0.0, -1.0, 0.915752, 0.0, 1.0, 0.0, 0.763972, 0.0, 0.0, 0.0, 1.0],
                [1.0, 0.0, 0.0, -5e-06, 0.0, 0.0, -1.0, 0.896746, 0.0, 1.0, 0.0, 0.763972, 0.0, 0.0, 0.0, 1.0],
                [1.0, 0.0, 0.0, -5e-06, 0.0, 0.0, -1.0, 0.878133, 0.0, 1.0, 0.0, 0.763972, 0.0, 0.0, 0.0, 1.0],
                [1.0, 0.0, 0.0, -5e-06, 0.0, 0.0, -1.0, 0.860009, 0.0, 1.0, 0.0, 0.763972, 0.0, 0.0, 0.0, 1.0],
                [1.0, 0.0, 0.0, -5e-06, 0.0, 0.0, -1.0, 0.842474, 0.0, 1.0, 0.0, 0.763972, 0.0, 0.0, 0.0, 1.0],
                [1.0, 0.0, 0.0, -5e-06, 0.0, 0.0, -1.0, 0.825625, 0.0, 1.0, 0.0, 0.763972, 0.0, 0.0, 0.0, 1.0],
                [1.0, 0.0, 0.0, -5e-06, 0.0, 0.0, -1.0, 0.809561, 0.0, 1.0, 0.0, 0.763972, 0.0, 0.0, 0.0, 1.0],
                [1.0, 0.0, 0.0, -5e-06, 0.0, 0.0, -1.0, 0.794379, 0.0, 1.0, 0.0, 0.763972, 0.0, 0.0, 0.0, 1.0],
                [1.0, 0.0, 0.0, -5e-06, 0.0, 0.0, -1.0, 0.780178, 0.0, 1.0, 0.0, 0.763972, 0.0, 0.0, 0.0, 1.0],
                [1.0, 0.0, 0.0, -5e-06, 0.0, 0.0, -1.0, 0.767055, 0.0, 1.0, 0.0, 0.763972, 0.0, 0.0, 0.0, 1.0],
                [1.0, 0.0, 0.0, -5e-06, 0.0, 0.0, -1.0, 0.755109, 0.0, 1.0, 0.0, 0.763972, 0.0, 0.0, 0.0, 1.0],
                [1.0, 0.0, 0.0, -5e-06, 0.0, 0.0, -1.0, 0.744437, 0.0, 1.0, 0.0, 0.763972, 0.0, 0.0, 0.0, 1.0],
                [1.0, 0.0, 0.0, -5e-06, 0.0, 0.0, -1.0, 0.735139, 0.0, 1.0, 0.0, 0.763972, 0.0, 0.0, 0.0, 1.0],
                [1.0, 0.0, 0.0, -5e-06, 0.0, 0.0, -1.0, 0.727311, 0.0, 1.0, 0.0, 0.763972, 0.0, 0.0, 0.0, 1.0],
                [1.0, 0.0, 0.0, -5e-06, 0.0, 0.0, -1.0, 0.721052, 0.0, 1.0, 0.0, 0.763972, 0.0, 0.0, 0.0, 1.0],
                [1.0, 0.0, 0.0, -5e-06, 0.0, 0.0, -1.0, 0.716459, 0.0, 1.0, 0.0, 0.763972, 0.0, 0.0, 0.0, 1.0],
                [1.0, 0.0, 0.0, -5e-06, 0.0, 0.0, -1.0, 0.713632, 0.0, 1.0, 0.0, 0.763972, 0.0, 0.0, 0.0, 1.0],
                [1.0, 0.0, 0.0, -5e-06, 0.0, 0.0, -1.0, 0.712668, 0.0, 1.0, 0.0, 0.763972, 0.0, 0.0, 0.0, 1.0]
            ]
        },
        {
            "name": "Thigh_R",
            "time": [0.0, 0.0167, 0.0333, 0.05, 0.0667, 0.0833, 0.1, 0.1167, 0.1333, 0.15, 0.1667, 0.1833, 0.2, 0.2167, 0.2333, 0.25, 0.2667, 0.2833, 0.3, 0.3167, 0.3333, 0.35, 0.3667, 0.3833, 0.4, 0.4167, 0.4333, 0.45, 0.4667, 0.4833, 0.5, 0.5167, 0.5333, 0.55, 0.5667, 0.5833, 0.6, 0.6167, 0.6333, 0.65, 0.6667, 0.6833, 0.7, 0.7167, 0.7333, 0.75, 0.7667, 0.7833, 0.8, 0.8167, 0.8333, 0.85, 0.8667, 0.8833, 0.9, 0.9167, 0.9333, 0.95, 0.9667, 0.9833, 1.0, 1.0167, 1.0333, 1.05, 1.0667, 1.0833, 1.1, 1.1167, 1.1333, 1.15, 1.1667, 1.1833, 1.2, 1.2167, 1.2333, 1.25, 1.2667, 1.2833, 1.3, 1.3167, 1.3333, 1.35, 1.3667, 1.3833, 1.4, 1.4167, 1.4333, 1.45, 1.4667, 1.4833, 1.5, 1.5167, 1.5333, 1.55, 1.5667, 1.5833, 1.6, 1.6167, 1.6333, 1.65, 1.6667, 1.6833, 1.7, 1.7167, 1.7333, 1.75, 1.7667, 1.7833, 1.8, 1.8167, 1.8333, 1.85, 1.8667, 1.8833, 1.9, 1.9167, 1.9333, 1.95, 1.9667, 1.9833, 2.0],
            "transform": [
                [0.99589, 0.072043, 0.054896, 0.124994, 0.035518, -0.868165, 0.495002, -0.002831, 0.08332, -0.491018, -0.867156, -1.2e-05, 0.0, 0.0, 0.0, 1.0],
                [0.99589, 0.072043, 0.054896, 0.124994, 0.03552, -0.868181, 0.494974, -0.002831, 0.083319, -0.49099, -0.867172, -1.2e-05, 0.0, 0.0, 0.0, 1.0],
                [0.99589, 0.072043, 0.054896, 0.124994, 0.035539, -0.86829, 0.494781, -0.002831, 0.083311, -0.490797, -0.867282, -1.2e-05, 0.0, 0.0, 0.0, 1.0],
                [0.99589, 0.072043, 0.054896, 0.124994, 0.035589, -0.868587, 0.494256, -0.002831, 0.08329, -0.490271, -0.867581, -1.2e-05, 0.0, 0.0, 0.0, 1.0],
                [0.99589, 0.072043, 0.054896, 0.124994, 0.035687, -0.869165, 0.493233, -0.002831, 0.083248, -0.489247, -0.868163, -1.2e-05, 0.0, 0.0, 0.0, 1.0],
                [0.99589, 0.072043, 0.054896, 0.124994, 0.035849, -0.870114, 0.491544, -0.002831, 0.083178, -0.487556, -0.869121, -1.2e-05, 0.0, 0.0, 0.0, 1.0],
                [0.99589, 0.072043, 0.054896, 0.124994, 0.03609, -0.871525, 0.48902, -0.002831, 0.083074, -0.485029, -0.870543, -1.2e-05, 0.0, 0.0, 0.0, 1.0],
                [0.99589, 0.072043, 0.054896, 0.124994, 0.036427, -0.873484, 0.485488, -0.002831, 0.082927, -0.481493, -0.872518, -1.2e-05, 0.0, 0.0, 0.0, 1.0],
                [0.99589, 0.072043, 0.054896, 0.124994, 0.036874, -0.87607, 0.480772, -0.002831, 0.082729, -0.476771, -0.875126, -1.2e-05, 0.0, 0.0, 0.0, 1.0],
                [0.99589, 0.072043, 0.054896, 0.124994, 0.037447, -0.879357, 0.474688, -0.002831, 0.082471, -0.470681, -0.87844, -1.2e-05, 0.0, 0.0, 0.0, 1.0],
                [0.99589, 0.072043, 0.054896, 0.124994, 0.038161, -0.883408, 0.467047, -0.002831, 0.082143, -0.463033, -0.882527, -1.2e-05, 0.0, 0.0, 0.0, 1.0],
                [0.99589, 0.072043, 0.054896, 0.124994, 0.039031, -0.888275, 0.45765, -0.002831, 0.081733, -0.453627, -0.887436, -1.2e-05, 0.0, 0.0, 0.0, 1.0],
                [0.99589, 0.072043, 0.054896, 0.124994, 0.040285, -0.895152, 0.443937, -0.002831, 0.081123, -0.439901, -0.894375, -1.2e-05, 0.0, 0.0, 0.0, 1.0],
                [0.99589, 0.072043, 0.054896, 0.124994, 0.04209, -0.904773, 0.423809, -0.002831, 0.080201, -0.419756, -0.904087, -1.2e-05, 0.0, 0.0, 0.0, 1.0],
                [0.99589, 0.072043, 0.054896, 0.124994, 0.04437, -0.916425, 0.397738, -0.002831, 0.078962, -0.393668, -0.915855, -1.2e-05, 0.0, 0.0, 0.0, 1.0],
                [0.99589, 0.072043, 0.054896, 0.124994, 0.047043, -0.929344, 0.366205, -0.002831, 0.0774, -0.362118, -0.928913, -1.2e-05, 0.0, 0.0, 0.0, 1.0],
                [0.99589, 0.072043, 0.054896, 0.124994, 0.050023, -0.942747, 0.329734, -0.002831, 0.075508, -0.325633, -0.942476, -1.2e-05, 0.0, 0.0, 0.0, 1.0],
                [0.99589, 0.072043, 0.054896, 0.124994, 0.053222, -0.955871, 0.288925, -0.002831, 0.073288, -0.284816, -0.955776, -1.2e-05, 0.0, 0.0, 0.0, 1.0],
                [0.99589, 0.072043, 0.054896, 0.124994, 0.05655, -0.968007, 0.244468, -0.002831, 0.070752, -0.240359, -0.968102, -1.2e-05, 0.0, 0.0, 0.0, 1.0],
                [0.99589, 0.072043, 0.054896, 0.124994, 0.059921, -0.97854, 0.197149, -0.002831, 0.067921, -0.193049, -0.978835, -1.2e-05, 0.0, 0.0, 0.0, 1.0],
                [0.99589, 0.072043, 0.054896, 0.124994, 0.063249, -0.986986, 0.147845, -0.002831, 0.064833, -0.143765, -0.987486, -1.2e-05, 0.0, 0.0, 0.0, 1.0],
                [0.99589, 0.072043, 0.054896, 0.124994, 0.06646, -0.993014, 0.097502, -0.002831, 0.061537, -0.093453, -0.99372, -1.2e-05, 0.0, 0.0, 0.0, 1.0],
                [0.99589, 0.072043, 0.054896, 0.124994, 0.069488, -0.99647, 0.04711, -0.002831, 0.058096, -0.043102, -0.99738, -1.2e-05, 0.0, 0.0, 0.0, 1.0],
                [0.99589, 0.072043, 0.054896, 0.124994, 0.072279, -0.997382, -0.00233, -0.002831, 0.054584, 0.006288, -0.998489, -1.2e-05, 0.0, 0.0, 0.0, 1.0],
                [0.99589, 0.072043, 0.054896, 0.124994, 0.074795, -0.995953, -0.049838, -0.002831, 0.051083, 0.053739, -0.997247, -1.2e-05, 0.0, 0.0, 0.0, 1.0],
                [0.99589, 0.072043, 0.054896, 0.124994, 0.077009, -0.992543, -0.094485, -0.002831, 0.047679, 0.098325, -0.994012, -1.2e-05, 0.0, 0.0, 0.0, 1.0],
                [0.99589, 0.072043, 0.054896, 0.124994, 0.078911, -0.987642, -0.135411, -0.002831, 0.044462, 0.139186, -0.989268, -1.2e-05, 0.0, 0.0, 0.0, 1.0],
                [0.99589, 0.072043, 0.054896, 0.124994, 0.080498, -0.981832, -0.171831, -0.002831, 0.041519, 0.175544, -0.983596, -1.2e-05, 0.0, 0.0, 0.0, 1.0],
                [0.99589, 0.072043, 0.054896, 0.124994, 0.081778, -0.975749, -0.203039, -0.002831, 0.038937, 0.206694, -0.97763, -1.2e-05, 0.0, 0.0, 0.0, 1.0],
                [0.99589, 0.072043, 0.054896, 0.124994, 0.082763, -0.970046, -0.228388, -0.002831, 0.036798, 0.231992, -0.972021, -1.2e-05, 0.0, 0.0, 0.0, 1.0],
                [0.99589, 0.072043, 0.054896, 0.124994, 0.083463, -0.965346, -0.247266, -0.002831, 0.03518, 0.250831, -0.967391, -1.2e-05, 0.0, 0.0, 0.0, 1.0],
                [0.99589, 0.072043, 0.054896, 0.124994, 0.083887, -0.962209, -0.259067, -0.002831, 0.034157, 0.262607, -0.964298, -1.2e-05, 0.0, 0.0, 0.0, 1.0],
                [0.99589, 0.072043, 0.054896, 0.124994, 0.084031, -0.961088, -0.263152, -0.002831, 0.033801, 0.266684, -0.963191, -1.2e-05, 0.0, 0.0, 0.0, 1.0],
                [0.99589, 0.072043, 0.054896, 0.124994, 0.084031, -0.961088, -0.263152, -0.002831, 0.033801, 0.266684, -0.963191, -1.2e-05, 0.0, 0.0, 0.0, 1.0],
                [0.99589, 0.072043, 0.054896, 0.124994, 0.084031, -0.961088, -0.263152, -0.002831, 0.033801, 0.266684, -0.963191, -1.2e-05, 0.0, 0.0, 0.0, 1.0],
                [0.99589, 0.072043, 0.054896, 0.124994, 0.084031, -0.961088, -0.263152, -0.002831, 0.033801, 0.266684, -0.963191, -1.2e-05, 0.0, 0.0, 0.0, 1.0],
                [0.99589, 0.072043, 0.054896, 0.124994, 0.084031, -0.961088, -0.263152, -0.002831, 0.033801, 0.266684, -0.963191, -1.2e-05, 0.0, 0.0, 0.0, 1.0],
                [0.99589, 0.072043, 0.054896, 0.124994, 0.084031, -0.961088, -0.263152, -0.002831, 0.033801, 0.266684, -0.963191, -1.2e-05, 0.0, 0.0, 0.0, 1.0],
                [0.99589, 0.072043, 0.054896, 0.124994, 0.084031, -0.961088, -0.263152, -0.002831, 0.033801, 0.266684, -0.963191, -1.2e-05, 0.0, 0.0, 0.0, 1.0],
                [0.99589, 0.072043, 0.054896, 0.124994, 0.084031, -0.961088, -0.263152, -0.002831, 0.033801, 0.266684, -0.963191, -1.2e-05, 0.0, 0.0, 0.0, 1.0],
                [0.99589, 0.072043, 0.054896, 0.124994, 0.084031, -0.961088, -0.263152, -0.002831, 0.033801, 0.266684, -0.963191, -1.2e-05, 0.0, 0.0, 0.0, 1.0],
                [0.99589, 0.072043, 0.054896, 0.124994, 0.084031, -0.961088, -0.263152, -0.002831, 0.033801, 0.266684, -0.963191, -1.2e-05, 0.0, 0.0, 0.0, 1.0],
                [0.99589, 0.072043, 0.054896, 0.124994, 0.084031, -0.961088, -0.263152, -0.002831, 0.033801, 0.266684, -0.963191, -1.2e-05, 0.0, 0.0, 0.0, 1.0],
                [0.99589, 0.072043, 0.054896, 0.124994, 0.084031, -0.961088, -0.263152, -0.002831, 0.033801, 0.266684, -0.963191, -1.2e-05, 0.0, 0.0, 0.0, 1.0],
                [0.99589, 0.072043, 0.054896, 0.124994, 0.084031, -0.961088, -0.263152, -0.002831, 0.033801, 0.266684, -0.963191, -1.2e-05, 0.0, 0.0, 0.0, 1.0],
                [0.99589, 0.072043, 0.054896, 0.124994, 0.084031, -0.961088, -0.263152, -0.002831, 0.033801, 0.266684, -0.963191, -1.2e-05, 0.0, 0.0, 0.0, 1.0],
                [0.99589, 0.072043, 0.054896, 0.124994, 0.084031, -0.961088, -0.263152, -0.002831, 0.033801, 0.266684, -0.963191, -1.2e-05, 0.0, 0.0, 0.0, 1.0],
                [0.99589, 0.072043, 0.054896, 0.124994, 0.084031, -0.961088, -0.263152, -0.002831, 0.033801, 0.266684, -0.963191, -1.2e-05, 0.0, 0.0, 0.0, 1.0],
                [0.99589, 0.072043, 0.054896, 0.124994, 0.084031, -0.961088, -0.263152, -0.002831, 0.033801, 0.266684, -0.963191, -1.2e-05, 0.0, 0.0, 0.0, 1.0],
                [0.99589, 0.072043, 0.054896, 0.124994, 0.084031, -0.961088, -0.263152, -0.002831, 0.033801, 0.266684, -0.963191, -1.2e-05, 0.0, 0.0, 0.0, 1.0],
                [0.99589, 0.072043, 0.054896, 0.124994, 0.084031, -0.961088, -0.263152, -0.002831, 0.033801, 0.266684, -0.963191, -1.2e-05, 0.0, 0.0, 0.0, 1.0],
                [0.99589, 0.072043, 0.054896, 0.124994, 0.084031, -0.961088, -0.263152, -0.002831, 0.033801, 0.266684, -0.963191, -1.2e-05, 0.0, 0.0, 0.0, 1.0],
                [0.99589, 0.072043, 0.054896, 0.124994, 0.084031, -0.961088, -0.263152, -0.002831, 0.033801, 0.266684, -0.963191, -1.2e-05, 0.0, 0.0, 0.0, 1.0],
                [0.99589, 0.072043, 0.054896, 0.124994, 0.084031, -0.961088, -0.263152, -0.002831, 0.033801, 0.266684, -0.963191, -1.2e-05, 0.0, 0.0, 0.0, 1.0],
                [0.99589, 0.072043, 0.054896, 0.124994, 0.084031, -0.961088, -0.263152, -0.002831, 0.033801, 0.266684, -0.963191, -1.2e-05, 0.0, 0.0, 0.0, 1.0],
                [0.99589, 0.072043, 0.054896, 0.124994, 0.084031, -0.961088, -0.263152, -0.002831, 0.033801, 0.266684, -0.963191, -1.2e-05, 0.0, 0.0, 0.0, 1.0],
                [0.99589, 0.072043, 0.054896, 0.124994, 0.084031, -0.961088, -0.263152, -0.002831, 0.033801, 0.266684, -0.963191, -1.2e-05, 0.0, 0.0, 0.0, 1.0],
                [0.99589, 0.072043, 0.054896, 0.124994, 0.084031, -0.961088, -0.263152, -0.002831, 0.033801, 0.266684, -0.963191, -1.2e-05, 0.0, 0.0, 0.0, 1.0],
                [0.99589, 0.072043, 0.054896, 0.124994, 0.084031, -0.961088, -0.263152, -0.002831, 0.033801, 0.266684, -0.963191, -1.2e-05, 0.0, 0.0, 0.0, 1.0],
                [0.99589, 0.072043, 0.054896, 0.124994, 0.084031, -0.961088, -0.263152, -0.002831, 0.033801, 0.266684, -0.963191, -1.2e-05, 0.0, 0.0, 0.0, 1.0],
                [0.99589, 0.072043, 0.054896, 0.124994, 0.084031, -0.961088, -0.263152, -0.002831, 0.033801, 0.266684, -0.963191, -1.2e-05, 0.0, 0.0, 0.0, 1.0],
                [0.99589, 0.072043, 0.054896, 0.124994, 0.084031, -0.961088, -0.263152, -0.002831, 0.033801, 0.266684, -0.963191, -1.2e-05, 0.0, 0.0, 0.0, 1.0],
                [0.99589, 0.072043, 0.054896, 0.124994, 0.084031, -0.961088, -0.263152, -0.002831, 0.033801, 0.266684, -0.963191, -1.2e-05, 0.0, 0.0, 0.0, 1.0],
                [0.99589, 0.072043, 0.054896, 0.124994, 0.084031, -0.961088, -0.263152, -0.002831, 0.033801, 0.266684, -0.963191, -1.2e-05, 0.0, 0.0, 0.0, 1.0],
                [0.99589, 0.072043, 0.054896, 0.124994, 0.084031, -0.961088, -0.263152, -0.002831, 0.033801, 0.266684, -0.963191, -1.2e-05, 0.0, 0.0, 0.0, 1.0],
                [0.99589, 0.072043, 0.054896, 0.124994, 0.084031, -0.961088, -0.263152, -0.002831, 0.033801, 0.266684, -0.963191, -1.2e-05, 0.0, 0.0, 0.0, 1.0],
                [0.99589, 0.072043, 0.054896, 0.124994, 0.084031, -0.961088, -0.263152, -0.002831, 0.033801, 0.266684, -0.963191, -1.2e-05, 0.0, 0.0, 0.0, 1.0],
                [0.99589, 0.072043, 0.054896, 0.124994, 0.084031, -0.961088, -0.263152, -0.002831, 0.033801, 0.266684, -0.963191, -1.2e-05, 0.0, 0.0, 0.0, 1.0],
                [0.99589, 0.072043, 0.054896, 0.124994, 0.084031, -0.961088, -0.263152, -0.002831, 0.033801, 0.266684, -0.963191, -1.2e-05, 0.0, 0.0, 0.0, 1.0],
                [0.99589, 0.072043, 0.054896, 0.124994, 0.084031, -0.961088, -0.263152, -0.002831, 0.033801, 0.266684, -0.963191, -1.2e-05, 0.0, 0.0, 0.0, 1.0],
                [0.99589, 0.072043, 0.054896, 0.124994, 0.084031, -0.961088, -0.263152, -0.002831, 0.033801, 0.266684, -0.963191, -1.2e-05, 0.0, 0.0, 0.0, 1.0],
                [0.99589, 0.072043, 0.054896, 0.124994, 0.084031, -0.961088, -0.263152, -0.002831, 0.033801, 0.266684, -0.963191, -1.2e-05, 0.0, 0.0, 0.0, 1.0],
                [0.99589, 0.072043, 0.054896, 0.124994, 0.084031, -0.961088, -0.263152, -0.002831, 0.033801, 0.266684, -0.963191, -1.2e-05, 0.0, 0.0, 0.0, 1.0],
                [0.99589, 0.072043, 0.054896, 0.124994, 0.084031, -0.961088, -0.263152, -0.002831, 0.033801, 0.266684, -0.963191, -1.2e-05, 0.0, 0.0, 0.0, 1.0],
                [0.99589, 0.072043, 0.054896, 0.124994, 0.084031, -0.961088, -0.263152, -0.002831, 0.033801, 0.266684, -0.963191, -1.2e-05, 0.0, 0.0, 0.0, 1.0],
                [0.99589, 0.072043, 0.054896, 0.124994, 0.084031, -0.961088, -0.263152, -0.002831, 0.033801, 0.266684, -0.963191, -1.2e-05, 0.0, 0.0, 0.0, 1.0],
                [0.99589, 0.072043, 0.054896, 0.124994, 0.084031, -0.961088, -0.263152, -0.002831, 0.033801, 0.266684, -0.963191, -1.2e-05, 0.0, 0.0, 0.0, 1.0],
                [0.99589, 0.072043, 0.054896, 0.124994, 0.084031, -0.961088, -0.263152, -0.002831, 0.033801, 0.266684, -0.963191, -1.2e-05, 0.0, 0.0, 0.0, 1.0],
                [0.99589, 0.072043, 0.054896, 0.124994, 0.084031, -0.961088, -0.263152, -0.002831, 0.033801, 0.266684, -0.963191, -1.2e-05, 0.0, 0.0, 0.0, 1.0],
                [0.99589, 0.072043, 0.054896, 0.124994, 0.084031, -0.961088, -0.263152, -0.002831, 0.033801, 0.266684, -0.963191, -1.2e-05, 0.0, 0.0, 0.0, 1.0],
                [0.99589, 0.072043, 0.054896, 0.124994, 0.084031, -0.961088, -0.263152, -0.002831, 0.033801, 0.266684, -0.963191, -1.2e-05, 0.0, 0.0, 0.0, 1.0],
                [0.995876, 0.072199, 0.054932, 0.124994, 0.084164, -0.96129, -0.262368, -0.002831, 0.033863, 0.265909, -0.963403, -1.2e-05, 0.0, 0.0, 0.0, 1.0],
                [0.995837, 0.072656, 0.055038, 0.124994, 0.084552, -0.961881, -0.260066, -0.002831, 0.034045, 0.263637, -0.964021, -1.2e-05, 0.0, 0.0, 0.0, 1.0],
                [0.995773, 0.0734, 0.055208, 0.124994, 0.085183, -0.96283, -0.256324, -0.002831, 0.034342, 0.259943, -0.965013, -1.2e-05, 0.0, 0.0, 0.0, 1.0],
                [0.995685, 0.074415, 0.055436, 0.124994, 0.086041, -0.9641, -0.251213, -0.002831, 0.034751, 0.254899, -0.966343, -1.2e-05, 0.0, 0.0, 0.0, 1.0],
                [0.995574, 0.075687, 0.055712, 0.124994, 0.087112, -0.96565, -0.244808, -0.002831, 0.03527, 0.248578, -0.96797, -1.2e-05, 0.0, 0.0, 0.0, 1.0],
                [0.99544, 0.077201, 0.05603, 0.124994, 0.08838, -0.967437, -0.23718, -0.002831, 0.035895, 0.24105, -0.969849, -1.2e-05, 0.0, 0.0, 0.0, 1.0],
                [0.995283, 0.078944, 0.056381, 0.124994, 0.08983, -0.969414, -0.228399, -0.002831, 0.036626, 0.232387, -0.971934, -1.2e-05, 0.0, 0.0, 0.0, 1.0],
                [0.995105, 0.080899, 0.056755, 0.124994, 0.091447, -0.971534, -0.218539, -0.002831, 0.03746, 0.222659, -0.974176, -1.2e-05, 0.0, 0.0, 0.0, 1.0],
                [0.994905, 0.083053, 0.057143, 0.124994, 0.093215, -0.973747, -0.207671, -0.002831, 0.038395, 0.211939, -0.976528, -1.2e-05, 0.0, 0.0, 0.0, 1.0],
                [0.994685, 0.085391, 0.057537, 0.124994, 0.095117, -0.976006, -0.195868, -0.002831, 0.039431, 0.2003, -0.978941, -1.2e-05, 0.0, 0.0, 0.0, 1.0],
                [0.994444, 0.087897, 0.057926, 0.124994, 0.097138, -0.978263, -0.183207, -0.002831, 0.040564, 0.187816, -0.981366, -1.2e-05, 0.0, 0.0, 0.0, 1.0],
                [0.994183, 0.090556, 0.058303, 0.124994, 0.099263, -0.980473, -0.169763, -0.002831, 0.041792, 0.174563, -0.983759, -1.2e-05, 0.0, 0.0, 0.0, 1.0],
                [0.993904, 0.093352, 0.05866, 0.124994, 0.101474, -0.982592, -0.155615, -0.002831, 0.043112, 0.160619, -0.986075, -1.2e-05, 0.0, 0.0, 0.0, 1.0],
                [0.993606, 0.096269, 0.058989, 0.124994, 0.103756, -0.98458, -0.140845, -0.002831, 0.04452, 0.146064, -0.988273, -1.2e-05, 0.0, 0.0, 0.0, 1.0],
                [0.993291, 0.09929, 0.059283, 0.124994, 0.106094, -0.9864, -0.125533, -0.002831, 0.046012, 0.130981, -0.990317, -1.2e-05, 0.0, 0.0, 0.0, 1.0],
                [0.99296, 0.102399, 0.059536, 0.124994, 0.108471, -0.988021, -0.109766, -0.002831, 0.047582, 0.115451, -0.992173, -1.2e-05, 0.0, 0.0, 0.0, 1.0],
                [0.992615, 0.105578, 0.059743, 0.124994, 0.110872, -0.989414, -0.093629, -0.002831, 0.049225, 0.099562, -0.993813, -1.2e-05, 0.0, 0.0, 0.0, 1.0],
                [0.992256, 0.108809, 0.0599, 0.124994, 0.113284, -0.990558, -0.077211, -0.002831, 0.050933, 0.083398, -0.995214, -1.2e-05, 0.0, 0.0, 0.0, 1.0],
                [0.991886, 0.112076, 0.060005, 0.124994, 0.115691, -0.991435, -0.060599, -0.002831, 0.052699, 0.067049, -0.996357, -1.2e-05, 0.0, 0.0, 0.0, 1.0],
                [0.991507, 0.115359, 0.060055, 0.124994, 0.118079, -0.992034, -0.043884, -0.002831, 0.054514, 0.050603, -0.99723, -1.2e-05, 0.0, 0.0, 0.0, 1.0],
                [0.99112, 0.118643, 0.060049, 0.124994, 0.120435, -0.992349, -0.027157, -0.002831, 0.056368, 0.034148, -0.997826, -1.2e-05, 0.0, 0.0, 0.0, 1.0],
                [0.990727, 0.121908, 0.059989, 0.124994, 0.122748, -0.992382, -0.010509, -0.002831, 0.058251, 0.017775, -0.998144, -1.2e-05, 0.0, 0.0, 0.0, 1.0],
                [0.990331, 0.125137, 0.059875, 0.124994, 0.125004, -0.992138, 0.00597, -0.002831, 0.060152, 0.001573, -0.998188, -1.2e-05, 0.0, 0.0, 0.0, 1.0],
                [0.989935, 0.128312, 0.059711, 0.124994, 0.127193, -0.991629, 0.022189, -0.002831, 0.062059, -0.01437, -0.997969, -1.2e-05, 0.0, 0.0, 0.0, 1.0],
