{
    "armature": {
        "joints": ["Root", "Thigh_R", "Leg_R", "Knee_R", "Thigh_L", "Leg_L", "Knee_L", "Torso", "Chest", "Head", "Shoulder_R", "Arm_R", "Hand_R", "Tool_R", "Elbow_R", "Shoulder_L", "Arm_L", "Hand_L", "Tool_L", "Elbow_L"],
        "hierarchy": [
            {
                "name": "Root",
                "transform": [1.0, 0.0, 0.0, -5e-06, 0.0, 0.0, -1.0, 0.000946, 0.0, 1.0, 0.0, 0.763972, 0.0, 0.0, 0.0, 1.0],
                "children": [
                    {
                        "name": "Thigh_R",
                        "transform": [1.0, -0.0, -0.0, 0.124994, -0.0, -1.0, 0.0, -0.002831, -0.0, -0.0, -1.0, -1.2e-05, 0.0, 0.0, 0.0, 1.0],
                        "children": [
                            {
                                "name": "Leg_R",
                                "transform": [1.0, 0.0, 1e-06, 0.0, -0.0, 1.0, 0.0, 0.37472, -1e-06, -0.0, 1.0, -0.0, 0.0, 0.0, 0.0, 1.0],
                                "children": []
                            },
                            {
                                "name": "Knee_R",
                                "transform": [1.0, 0.0, -0.0, 0.0, -0.0, 0.0, -1.0, 0.37472, -0.0, 1.0, 0.0, -0.0, 0.0, 0.0, 0.0, 1.0],
                                "children": []
                            }
                        ]
                    },
                    {
                        "name": "Thigh_L",
                        "transform": [1.0, -0.0, -0.0, -0.125006, -0.0, -1.0, 0.0, -0.002831, -0.0, -0.0, -1.0, -1.2e-05, 0.0, 0.0, 0.0, 1.0],
                        "children": [
                            {
                                "name": "Leg_L",
                                "transform": [1.0, 0.0, 1e-06, -0.0, -0.0, 1.0, 0.0, 0.37472, -1e-06, -0.0, 1.0, 0.0, 0.0, 0.0, 0.0, 1.0],
                                "children": []
                            },
                            {
                                "name": "Knee_L",
                                "transform": [1.0, 0.0, -0.0, -0.0, -0.0, 0.0, -1.0, 0.37472, -0.0, 1.0, 0.0, 0.0, 0.0, 0.0, 0.0, 1.0],
                                "children": []
                            }
                        ]
                    },
                    {
                        "name": "Torso",
                        "transform": [1.0, 0.0, 0.0, 0.0, 0.0, 1.0, 0.0, 0.05, 0.0, 0.0, 1.0, 0.0, 0.0, 0.0, 0.0, 1.0],
                        "children": [
                            {
                                "name": "Chest",
                                "transform": [1.0, 0.0, 0.0, 0.0, 0.0, 1.0, 0.0, 0.3, 0.0, 0.0, 1.0, 0.0, 0.0, 0.0, 0.0, 1.0],
                                "children": [
                                    {
                                        "name": "Head",
                                        "transform": [1.0, 0.0, 0.0, 0.0, 0.0, 1.0, 0.0, 0.4, 0.0, 0.0, 1.0, 0.0, 0.0, 0.0, 0.0, 1.0],
                                        "children": []
                                    },
                                    {
                                        "name": "Shoulder_R",
                                        "transform": [0.0, 0.952114, 0.305743, 0.0, 0.0, -0.305743, 0.952114, 0.4, 1.0, 0.0, -0.0, 0.0, 0.0, 0.0, 0.0, 1.0],
                                        "children": [
                                            {
                                                "name": "Arm_R",
                                                "transform": [0.0, -0.0, -1.0, -0.0, 0.952114, 0.305743, 0.0, 0.39386, 0.305743, -0.952114, 0.0, 0.0, 0.0, 0.0, 0.0, 1.0],
                                                "children": [
                                                    {
                                                        "name": "Hand_R",
                                                        "transform": [1.0, 0.0, 0.0, 0.0, -0.0, 0.993938, 0.109947, 0.3, -0.0, -0.109947, 0.993937, 0.0, 0.0, 0.0, 0.0, 1.0],
                                                        "children": [
                                                            {
                                                                "name": "Tool_R",
                                                                "transform": [1.0, 0.0, 0.0, -0.0, 0.0, -0.999836, 0.018122, 0.272858, 0.0, -0.018122, -0.999836, 0.0, 0.0, 0.0, 0.0, 1.0],
                                                                "children": []
                                                            }
                                                        ]
                                                    },
                                                    {
                                                        "name": "Elbow_R",
                                                        "transform": [-1.0, 0.0, -0.0, 0.0, 0.0, 0.0, -1.0, 0.3, -0.0, -1.0, -0.0, 0.0, 0.0, 0.0, 0.0, 1.0],
                                                        "children": []
                                                    }
                                                ]
                                            }
                                        ]
                                    },
                                    {
                                        "name": "Shoulder_L",
                                        "transform": [-0.0, -0.952114, -0.305743, 0.0, 0.0, -0.305743, 0.952114, 0.4, -1.0, 0.0, 0.0, 0.0, 0.0, 0.0, 0.0, 1.0],
                                        "children": [
                                            {
                                                "name": "Arm_L",
                                                "transform": [-0.0, -0.0, 1.0, -0.0, -0.952114, 0.305743, -0.0, 0.39386, -0.305743, -0.952114, -0.0, 0.0, 0.0, 0.0, 0.0, 1.0],
                                                "children": [
                                                    {
                                                        "name": "Hand_L",
                                                        "transform": [1.0, -0.0, 0.0, -0.0, 0.0, 0.993937, 0.109947, 0.3, -0.0, -0.109947, 0.993937, 0.0, 0.0, 0.0, 0.0, 1.0],
                                                        "children": [
                                                            {
                                                                "name": "Tool_L",
                                                                "transform": [1.0, 0.0, 0.0, -0.0, -0.0, -0.999836, 0.018122, 0.272858, 0.0, -0.018122, -0.999836, -0.0, 0.0, 0.0, 0.0, 1.0],
                                                                "children": []
                                                            }
                                                        ]
                                                    },
                                                    {
                                                        "name": "Elbow_L",
                                                        "transform": [-1.0, 0.0, -0.0, -0.0, 0.0, -0.0, -1.0, 0.3, -0.0, -1.0, 0.0, 0.0, 0.0, 0.0, 0.0, 1.0],
                                                        "children": []
                                                    }
                                                ]
                                            }
                                        ]
                                    }
                                ]
                            }
                        ]
                    }
                ]
            }
        ]
    },
    "animation": [
        {
            "name": "Root",
            "time": [0.0167, 0.0333, 0.05, 0.0667, 0.0833, 0.1, 0.1167, 0.1333, 0.15, 0.1667, 0.1833, 0.2, 0.2167, 0.2333, 0.25, 0.2667, 0.2833, 0.3, 0.3167, 0.3333, 0.35, 0.3667, 0.3833, 0.4, 0.4167, 0.4333, 0.45, 0.4667, 0.4833, 0.5, 0.5167, 0.5333, 0.55, 0.5667, 0.5833, 0.6, 0.6167, 0.6333, 0.65, 0.6667, 0.6833, 0.7, 0.7167, 0.7333, 0.75, 0.7667, 0.7833, 0.8, 0.8167, 0.8333, 0.85, 0.8667, 0.8833, 0.9, 0.9167, 0.9333, 0.95, 0.9667, 0.9833, 1.0, 1.0167, 1.0333, 1.05, 1.0667, 1.0833, 1.1, 1.1167, 1.1333, 1.15, 1.1667, 1.1833, 1.2, 1.2167, 1.2333, 1.25, 1.2667, 1.2833, 1.3, 1.3167, 1.3333, 1.35, 1.3667, 1.3833, 1.4, 1.4167],
            "transform": [
                [0.965926, 0.0, -0.258819, -5e-06, -0.258819, 0.0, -0.965926, 0.000946, 0.0, 1.0, 0.0, 0.592417, 0.0, 0.0, 0.0, 1.0],
                [0.966596, 0.0, -0.256305, -5e-06, -0.256305, 0.0, -0.966596, 0.00751, 0.0, 1.0, 0.0, 0.593207, 0.0, 0.0, 0.0, 1.0],
                [0.968488, 0.0, -0.249062, -5e-06, -0.249062, 0.0, -0.968488, 0.02638, 0.0, 1.0, 0.0, 0.595478, 0.0, 0.0, 0.0, 1.0],
                [0.971381, 0.0, -0.237529, -5e-06, -0.237529, 0.0, -0.971381, 0.056327, 0.0, 1.0, 0.0, 0.599082, 0.0, 0.0, 0.0, 1.0],
                [0.975017, 0.0, -0.222131, -5e-06, -0.222131, 0.0, -0.975017, 0.096119, 0.0, 1.0, 0.0, 0.60387, 0.0, 0.0, 0.0, 1.0],
                [0.979118, 0.0, -0.203295, -5e-06, -0.203295, 0.0, -0.979118, 0.144525, 0.0, 1.0, 0.0, 0.609696, 0.0, 0.0, 0.0, 1.0],
                [0.983399, 0.0, -0.181456, -5e-06, -0.181456, 0.0, -0.983399, 0.200316, 0.0, 1.0, 0.0, 0.61641, 0.0, 0.0, 0.0, 1.0],
                [0.987588, 0.0, -0.157064, -5e-06, -0.157064, 0.0, -0.987588, 0.26226, 0.0, 1.0, 0.0, 0.623865, 0.0, 0.0, 0.0, 1.0],
                [0.991437, 0.0, -0.130588, -5e-06, -0.130588, 0.0, -0.991437, 0.329127, 0.0, 1.0, 0.0, 0.631912, 0.0, 0.0, 0.0, 1.0],
                [0.994732, 0.0, -0.102514, -5e-06, -0.102514, 0.0, -0.994732, 0.399686, 0.0, 1.0, 0.0, 0.640403, 0.0, 0.0, 0.0, 1.0],
                [0.997306, 0.0, -0.073351, -5e-06, -0.073351, 0.0, -0.997306, 0.472706, 0.0, 1.0, 0.0, 0.64919, 0.0, 0.0, 0.0, 1.0],
                [0.999048, 0.0, -0.043619, -5e-06, -0.043619, 0.0, -0.999048, 0.546957, 0.0, 1.0, 0.0, 0.658126, 0.0, 0.0, 0.0, 1.0],
                [0.999904, 0.0, -0.013849, -5e-06, -0.013849, 0.0, -0.999904, 0.621208, 0.0, 1.0, 0.0, 0.667062, 0.0, 0.0, 0.0, 1.0],
                [0.999881, 0.0, 0.015428, -5e-06, 0.015428, 0.0, -0.999881, 0.694228, 0.0, 1.0, 0.0, 0.675849, 0.0, 0.0, 0.0, 1.0],
                [0.999046, 0.0, 0.043681, -5e-06, 0.043681, 0.0, -0.999046, 0.764787, 0.0, 1.0, 0.0, 0.684341, 0.0, 0.0, 0.0, 1.0],
                [0.997519, 0.0, 0.070392, -5e-06, 0.070392, 0.0, -0.997519, 0.831654, 0.0, 1.0, 0.0, 0.692388, 0.0, 0.0, 0.0, 1.0],
                [0.995472, 0.0, 0.095057, -5e-06, 0.095057, 0.0, -0.995472, 0.893598, 0.0, 1.0, 0.0, 0.699842, 0.0, 0.0, 0.0, 1.0],
                [0.99311, 0.0, 0.117186, -5e-06, 0.117186, 0.0, -0.99311, 0.949389, 0.0, 1.0, 0.0, 0.706556, 0.0, 0.0, 0.0, 1.0],
                [0.990667, 0.0, 0.136307, -5e-06, 0.136307, 0.0, -0.990667, 0.997795, 0.0, 1.0, 0.0, 0.712382, 0.0, 0.0, 0.0, 1.0],
                [0.988386, 0.0, 0.151963, -5e-06, 0.151963, 0.0, -0.988386, 1.037587, 0.0, 1.0, 0.0, 0.717171, 0.0, 0.0, 0.0, 1.0],
                [0.986509, 0.0, 0.163705, -5e-06, 0.163705, 0.0, -0.986509, 1.067534, 0.0, 1.0, 0.0, 0.720774, 0.0, 0.0, 0.0, 1.0],
                [0.985256, 0.0, 0.171085, -5e-06, 0.171085, 0.0, -0.985256, 1.086404, 0.0, 1.0, 0.0, 0.723045, 0.0, 0.0, 0.0, 1.0],
                [0.984808, 0.0, 0.173648, -5e-06, 0.173648, 0.0, -0.984808, 1.092968, 0.0, 1.0, 0.0, 0.723835, 0.0, 0.0, 0.0, 1.0],
                [0.984808, 0.0, 0.173648, -5e-06, 0.173648, 0.0, -0.984808, 1.092968, 0.0, 1.0, 0.0, 0.723835, 0.0, 0.0, 0.0, 1.0],
                [0.984808, 0.0, 0.173648, -5e-06, 0.173648, 0.0, -0.984808, 1.092968, 0.0, 1.0, 0.0, 0.723835, 0.0, 0.0, 0.0, 1.0],
                [0.984808, 0.0, 0.173648, -5e-06, 0.173648, 0.0, -0.984808, 1.092968, 0.0, 1.0, 0.0, 0.723835, 0.0, 0.0, 0.0, 1.0],
                [0.984808, 0.0, 0.173648, -5e-06, 0.173648, 0.0, -0.984808, 1.092968, 0.0, 1.0, 0.0, 0.723835, 0.0, 0.0, 0.0, 1.0],
                [0.984808, 0.0, 0.173648, -5e-06, 0.173648, 0.0, -0.984808, 1.092968, 0.0, 1.0, 0.0, 0.723835, 0.0, 0.0, 0.0, 1.0],
                [0.984808, 0.0, 0.173648, -5e-06, 0.173648, 0.0, -0.984808, 1.092968, 0.0, 1.0, 0.0, 0.723835, 0.0, 0.0, 0.0, 1.0],
                [0.984808, 0.0, 0.173648, -5e-06, 0.173648, 0.0, -0.984808, 1.092968, 0.0, 1.0, 0.0, 0.723835, 0.0, 0.0, 0.0, 1.0],
                [0.984808, 0.0, 0.173648, -5e-06, 0.173648, 0.0, -0.984808, 1.092968, 0.0, 1.0, 0.0, 0.723835, 0.0, 0.0, 0.0, 1.0],
                [0.984808, 0.0, 0.173648, -5e-06, 0.173648, 0.0, -0.984808, 1.092968, 0.0, 1.0, 0.0, 0.723835, 0.0, 0.0, 0.0, 1.0],
                [0.984808, 0.0, 0.173648, -5e-06, 0.173648, 0.0, -0.984808, 1.092968, 0.0, 1.0, 0.0, 0.723835, 0.0, 0.0, 0.0, 1.0],
                [0.984808, 0.0, 0.173648, -5e-06, 0.173648, 0.0, -0.984808, 1.092968, 0.0, 1.0, 0.0, 0.723835, 0.0, 0.0, 0.0, 1.0],
                [0.984808, 0.0, 0.173648, -5e-06, 0.173648, 0.0, -0.984808, 1.092968, 0.0, 1.0, 0.0, 0.723835, 0.0, 0.0, 0.0, 1.0],
                [0.984808, 0.0, 0.173648, -5e-06, 0.173648, 0.0, -0.984808, 1.092968, 0.0, 1.0, 0.0, 0.723835, 0.0, 0.0, 0.0, 1.0],
                [0.984808, 0.0, 0.173648, -5e-06, 0.173648, 0.0, -0.984808, 1.092968, 0.0, 1.0, 0.0, 0.723835, 0.0, 0.0, 0.0, 1.0],
                [0.984808, 0.0, 0.173648, -5e-06, 0.173648, 0.0, -0.984808, 1.092968, 0.0, 1.0, 0.0, 0.723835, 0.0, 0.0, 0.0, 1.0],
                [0.984808, 0.0, 0.173648, -5e-06, 0.173648, 0.0, -0.984808, 1.092968, 0.0, 1.0, 0.0, 0.723835, 0.0, 0.0, 0.0, 1.0],
                [0.984808, 0.0, 0.173648, -5e-06, 0.173648, 0.0, -0.984808, 1.092968, 0.0, 1.0, 0.0, 0.723835, 0.0, 0.0, 0.0, 1.0],
                [0.984808, 0.0, 0.173648, -5e-06, 0.173648, 0.0, -0.984808, 1.092968, 0.0, 1.0, 0.0, 0.723835, 0.0, 0.0, 0.0, 1.0],
                [0.984808, 0.0, 0.173648, -5e-06, 0.173648, 0.0, -0.984808, 1.092968, 0.0, 1.0, 0.0, 0.723835, 0.0, 0.0, 0.0, 1.0],
                [0.984808, 0.0, 0.173648, -5e-06, 0.173648, 0.0, -0.984808, 1.092968, 0.0, 1.0, 0.0, 0.723835, 0.0, 0.0, 0.0, 1.0],
                [0.984808, 0.0, 0.173648, -5e-06, 0.173648, 0.0, -0.984808, 1.092968, 0.0, 1.0, 0.0, 0.723835, 0.0, 0.0, 0.0, 1.0],
                [0.984808, 0.0, 0.173648, -5e-06, 0.173648, 0.0, -0.984808, 1.092968, 0.0, 1.0, 0.0, 0.723835, 0.0, 0.0, 0.0, 1.0],
                [0.984808, 0.0, 0.173648, -5e-06, 0.173648, 0.0, -0.984808, 1.092968, 0.0, 1.0, 0.0, 0.723835, 0.0, 0.0, 0.0, 1.0],
                [0.984808, 0.0, 0.173648, -5e-06, 0.173648, 0.0, -0.984808, 1.092968, 0.0, 1.0, 0.0, 0.723835, 0.0, 0.0, 0.0, 1.0],
                [0.984808, 0.0, 0.173648, -5e-06, 0.173648, 0.0, -0.984808, 1.092968, 0.0, 1.0, 0.0, 0.723835, 0.0, 0.0, 0.0, 1.0],
                [0.984808, 0.0, 0.173648, -5e-06, 0.173648, 0.0, -0.984808, 1.092968, 0.0, 1.0, 0.0, 0.723835, 0.0, 0.0, 0.0, 1.0],
                [0.984808, 0.0, 0.173648, -5e-06, 0.173648, 0.0, -0.984808, 1.092968, 0.0, 1.0, 0.0, 0.723835, 0.0, 0.0, 0.0, 1.0],
                [0.984808, 0.0, 0.173648, -5e-06, 0.173648, 0.0, -0.984808, 1.092968, 0.0, 1.0, 0.0, 0.723835, 0.0, 0.0, 0.0, 1.0],
                [0.984808, 0.0, 0.173648, -5e-06, 0.173648, 0.0, -0.984808, 1.092968, 0.0, 1.0, 0.0, 0.723835, 0.0, 0.0, 0.0, 1.0],
                [0.984808, 0.0, 0.173648, -5e-06, 0.173648, 0.0, -0.984808, 1.092968, 0.0, 1.0, 0.0, 0.723835, 0.0, 0.0, 0.0, 1.0],
                [0.984808, 0.0, 0.173648, -5e-06, 0.173648, 0.0, -0.984808, 1.091486, 0.0, 1.0, 0.0, 0.723835, 0.0, 0.0, 0.0, 1.0],
                [0.984808, 0.0, 0.173648, -5e-06, 0.173648, 0.0, -0.984808, 1.087164, 0.0, 1.0, 0.0, 0.723835, 0.0, 0.0, 0.0, 1.0],
                [0.984808, 0.0, 0.173648, -5e-06, 0.173648, 0.0, -0.984808, 1.080193, 0.0, 1.0, 0.0, 0.723835, 0.0, 0.0, 0.0, 1.0],
                [0.984808, 0.0, 0.173648, -5e-06, 0.173648, 0.0, -0.984808, 1.070762, 0.0, 1.0, 0.0, 0.723835, 0.0, 0.0, 0.0, 1.0],
                [0.984808, 0.0, 0.173648, -5e-06, 0.173648, 0.0, -0.984808, 1.05906, 0.0, 1.0, 0.0, 0.723835, 0.0, 0.0, 0.0, 1.0],
                [0.984808, 0.0, 0.173648, -5e-06, 0.173648, 0.0, -0.984808, 1.045276, 0.0, 1.0, 0.0, 0.723835, 0.0, 0.0, 0.0, 1.0],
                [0.984808, 0.0, 0.173648, -5e-06, 0.173648, 0.0, -0.984808, 1.0296, 0.0, 1.0, 0.0, 0.723835, 0.0, 0.0, 0.0, 1.0],
                [0.984808, 0.0, 0.173648, -5e-06, 0.173648, 0.0, -0.984808, 1.01222, 0.0, 1.0, 0.0, 0.723835, 0.0, 0.0, 0.0, 1.0],
                [0.984808, 0.0, 0.173648, -5e-06, 0.173648, 0.0, -0.984808, 0.993326, 0.0, 1.0, 0.0, 0.723835, 0.0, 0.0, 0.0, 1.0],
                [0.984808, 0.0, 0.173648, -5e-06, 0.173648, 0.0, -0.984808, 0.973108, 0.0, 1.0, 0.0, 0.723835, 0.0, 0.0, 0.0, 1.0],
                [0.984808, 0.0, 0.173648, -5e-06, 0.173648, 0.0, -0.984808, 0.951754, 0.0, 1.0, 0.0, 0.723835, 0.0, 0.0, 0.0, 1.0],
                [0.984808, 0.0, 0.173648, -5e-06, 0.173648, 0.0, -0.984808, 0.929454, 0.0, 1.0, 0.0, 0.723835, 0.0, 0.0, 0.0, 1.0],
                [0.984808, 0.0, 0.173648, -5e-06, 0.173648, 0.0, -0.984808, 0.906396, 0.0, 1.0, 0.0, 0.723835, 0.0, 0.0, 0.0, 1.0],
                [0.984808, 0.0, 0.173648, -5e-06, 0.173648, 0.0, -0.984808, 0.882771, 0.0, 1.0, 0.0, 0.723835, 0.0, 0.0, 0.0, 1.0],
                [0.984808, 0.0, 0.173648, -5e-06, 0.173648, 0.0, -0.984808, 0.858768, 0.0, 1.0, 0.0, 0.723835, 0.0, 0.0, 0.0, 1.0],
                [0.984808, 0.0, 0.173648, -5e-06, 0.173648, 0.0, -0.984808, 0.834575, 0.0, 1.0, 0.0, 0.723835, 0.0, 0.0, 0.0, 1.0],
                [0.984808, 0.0, 0.173648, -5e-06, 0.173648, 0.0, -0.984808, 0.810382, 0.0, 1.0, 0.0, 0.723835, 0.0, 0.0, 0.0, 1.0],
                [0.984808, 0.0, 0.173648, -5e-06, 0.173648, 0.0, -0.984808, 0.786379, 0.0, 1.0, 0.0, 0.723835, 0.0, 0.0, 0.0, 1.0],
                [0.984808, 0.0, 0.173648, -5e-06, 0.173648, 0.0, -0.984808, 0.762753, 0.0, 1.0, 0.0, 0.723835, 0.0, 0.0, 0.0, 1.0],
                [0.984808, 0.0, 0.173648, -5e-06, 0.173648, 0.0, -0.984808, 0.739696, 0.0, 1.0, 0.0, 0.723835, 0.0, 0.0, 0.0, 1.0],
                [0.984808, 0.0, 0.173648, -5e-06, 0.173648, 0.0, -0.984808, 0.717396, 0.0, 1.0, 0.0, 0.723835, 0.0, 0.0, 0.0, 1.0],
                [0.984808, 0.0, 0.173648, -5e-06, 0.173648, 0.0, -0.984808, 0.696042, 0.0, 1.0, 0.0, 0.723835, 0.0, 0.0, 0.0, 1.0],
                [0.984808, 0.0, 0.173648, -5e-06, 0.173648, 0.0, -0.984808, 0.675823, 0.0, 1.0, 0.0, 0.723835, 0.0, 0.0, 0.0, 1.0],
                [0.984808, 0.0, 0.173648, -5e-06, 0.173648, 0.0, -0.984808, 0.65693, 0.0, 1.0, 0.0, 0.723835, 0.0, 0.0, 0.0, 1.0],
                [0.984808, 0.0, 0.173648, -5e-06, 0.173648, 0.0, -0.984808, 0.63955, 0.0, 1.0, 0.0, 0.723835, 0.0, 0.0, 0.0, 1.0],
                [0.984808, 0.0, 0.173648, -5e-06, 0.173648, 0.0, -0.984808, 0.623873, 0.0, 1.0, 0.0, 0.723835, 0.0, 0.0, 0.0, 1.0],
                [0.984808, 0.0, 0.173648, -5e-06, 0.173648, 0.0, -0.984808, 0.610089, 0.0, 1.0, 0.0, 0.723835, 0.0, 0.0, 0.0, 1.0],
                [0.984808, 0.0, 0.173648, -5e-06, 0.173648, 0.0, -0.984808, 0.598387, 0.0, 1.0, 0.0, 0.723835, 0.0, 0.0, 0.0, 1.0],
                [0.984808, 0.0, 0.173648, -5e-06, 0.173648, 0.0, -0.984808, 0.588956, 0.0, 1.0, 0.0, 0.723835, 0.0, 0.0, 0.0, 1.0],
                [0.984808, 0.0, 0.173648, -5e-06, 0.173648, 0.0, -0.984808, 0.581985, 0.0, 1.0, 0.0, 0.723835, 0.0, 0.0, 0.0, 1.0],
                [0.984808, 0.0, 0.173648, -5e-06, 0.173648, 0.0, -0.984808, 0.577664, 0.0, 1.0, 0.0, 0.723835, 0.0, 0.0, 0.0, 1.0],
                [0.984808, 0.0, 0.173648, -5e-06, 0.173648, 0.0, -0.984808, 0.576182, 0.0, 1.0, 0.0, 0.723835, 0.0, 0.0, 0.0, 1.0]
            ]
        },
        {
            "name": "Thigh_R",
            "time": [0.0167, 0.0333, 0.05, 0.0667, 0.0833, 0.1, 0.1167, 0.1333, 0.15, 0.1667, 0.1833, 0.2, 0.2167, 0.2333, 0.25, 0.2667, 0.2833, 0.3, 0.3167, 0.3333, 0.35, 0.3667, 0.3833, 0.4, 0.4167, 0.4333, 0.45, 0.4667, 0.4833, 0.5, 0.5167, 0.5333, 0.55, 0.5667, 0.5833, 0.6, 0.6167, 0.6333, 0.65, 0.6667, 0.6833, 0.7, 0.7167, 0.7333, 0.75, 0.7667, 0.7833, 0.8, 0.8167, 0.8333, 0.85, 0.8667, 0.8833, 0.9, 0.9167, 0.9333, 0.95, 0.9667, 0.9833, 1.0, 1.0167, 1.0333, 1.05, 1.0667, 1.0833, 1.1, 1.1167, 1.1333, 1.15, 1.1667, 1.1833, 1.2, 1.2167, 1.2333, 1.25, 1.2667, 1.2833, 1.3, 1.3167, 1.3333, 1.4167],
            "transform": [
                [0.99589, -0.01152, 0.089839, 0.124994, 0.035518, -0.862767, -0.504352, -0.002831, 0.08332, 0.50547, -0.858812, -1.2e-05, 0.0, 0.0, 0.0, 1.0],
                [0.995818, -0.009797, 0.090833, 0.124994, 0.036557, -0.868439, -0.494446, -0.002831, 0.083727, 0.495699, -0.864449, -1.2e-05, 0.0, 0.0, 0.0, 1.0],
                [0.995602, -0.004816, 0.093562, 0.124994, 0.039498, -0.884006, -0.465804, -0.002831, 0.084953, 0.467451, -0.879928, -1.2e-05, 0.0, 0.0, 0.0, 1.0],
                [0.995226, 0.003228, 0.097539, 0.124994, 0.044059, -0.906668, -0.419536, -0.002831, 0.087082, 0.421831, -0.902483, -1.2e-05, 0.0, 0.0, 0.0, 1.0],
                [0.994667, 0.014177, 0.102158, 0.124994, 0.049916, -0.932946, -0.356538, -0.002831, 0.090254, 0.359736, -0.928679, -1.2e-05, 0.0, 0.0, 0.0, 1.0],
                [0.993898, 0.027818, 0.106734, 0.124994, 0.056695, -0.958901, -0.278019, -0.002831, 0.094613, 0.282374, -0.954627, -1.2e-05, 0.0, 0.0, 0.0, 1.0],
                [0.992904, 0.043804, 0.110558, 0.124994, 0.063962, -0.980472, -0.185963, -0.002831, 0.100254, 0.191715, -0.976317, -1.2e-05, 0.0, 0.0, 0.0, 1.0],
                [0.991685, 0.061604, 0.112987, 0.124994, 0.071249, -0.993965, -0.083409, -0.002831, 0.107167, 0.090766, -0.990089, -1.2e-05, 0.0, 0.0, 0.0, 1.0],
                [0.990267, 0.080505, 0.113536, 0.124994, 0.078093, -0.996619, 0.025543, -0.002831, 0.115209, -0.016428, -0.993205, -1.2e-05, 0.0, 0.0, 0.0, 1.0],
                [0.9887, 0.099665, 0.111976, 0.124994, 0.084099, -0.987127, 0.136042, -0.002831, 0.124093, -0.125087, -0.984355, -1.2e-05, 0.0, 0.0, 0.0, 1.0],
                [0.987057, 0.118209, 0.108376, 0.124994, 0.088992, -0.965923, 0.24305, -0.002831, 0.133414, -0.23026, -0.96394, -1.2e-05, 0.0, 0.0, 0.0, 1.0],
                [0.985419, 0.135348, 0.103102, 0.124994, 0.092657, -0.935122, 0.341997, -0.002831, 0.142701, -0.327457, -0.934028, -1.2e-05, 0.0, 0.0, 0.0, 1.0],
                [0.983871, 0.150459, 0.096744, 0.124994, 0.095138, -0.898145, 0.429284, -0.002831, 0.15148, -0.413156, -0.897973, -1.2e-05, 0.0, 0.0, 0.0, 1.0],
                [0.982489, 0.16313, 0.090026, 0.124994, 0.096607, -0.859155, 0.502512, -0.002831, 0.159321, -0.485016, -0.85987, -1.2e-05, 0.0, 0.0, 0.0, 1.0],
                [0.981335, 0.173139, 0.083699, 0.124994, 0.097318, -0.822495, 0.560384, -0.002831, 0.165867, -0.541779, -0.823993, -1.2e-05, 0.0, 0.0, 0.0, 1.0],
                [0.980459, 0.180392, 0.078476, 0.124994, 0.097553, -0.792254, 0.602343, -0.002831, 0.170831, -0.582917, -0.794371, -1.2e-05, 0.0, 0.0, 0.0, 1.0],
                [0.979905, 0.184839, 0.074979, 0.124994, 0.097567, -0.772017, 0.628069, -0.002831, 0.173976, -0.608132, -0.774537, -1.2e-05, 0.0, 0.0, 0.0, 1.0],
                [0.97971, 0.186368, 0.07372, 0.124994, 0.097547, -0.764734, 0.636919, -0.002831, 0.175078, -0.616805, -0.767397, -1.2e-05, 0.0, 0.0, 0.0, 1.0],
                [0.97971, 0.186368, 0.07372, 0.124994, 0.097547, -0.764734, 0.636919, -0.002831, 0.175078, -0.616806, -0.767398, -1.2e-05, 0.0, 0.0, 0.0, 1.0],
                [0.97971, 0.186368, 0.07372, 0.124994, 0.097547, -0.764734, 0.636919, -0.002831, 0.175078, -0.616806, -0.767397, -1.2e-05, 0.0, 0.0, 0.0, 1.0],
                [0.97971, 0.186368, 0.07372, 0.124994, 0.097547, -0.764734, 0.636919, -0.002831, 0.175078, -0.616806, -0.767398, -1.2e-05, 0.0, 0.0, 0.0, 1.0],
                [0.97971, 0.186368, 0.07372, 0.124994, 0.097547, -0.764734, 0.636919, -0.002831, 0.175078, -0.616806, -0.767397, -1.2e-05, 0.0, 0.0, 0.0, 1.0],
                [0.97971, 0.186368, 0.07372, 0.124994, 0.097547, -0.764734, 0.636919, -0.002831, 0.175078, -0.616806, -0.767397, -1.2e-05, 0.0, 0.0, 0.0, 1.0],
                [0.97971, 0.186368, 0.07372, 0.124994, 0.097547, -0.764734, 0.636919, -0.002831, 0.175078, -0.616806, -0.767397, -1.2e-05, 0.0, 0.0, 0.0, 1.0],
                [0.97971, 0.186368, 0.07372, 0.124994, 0.097547, -0.764734, 0.636919, -0.002831, 0.175078, -0.616806, -0.767397, -1.2e-05, 0.0, 0.0, 0.0, 1.0],
                [0.97971, 0.186368, 0.07372, 0.124994, 0.097547, -0.764734, 0.636919, -0.002831, 0.175078, -0.616806, -0.767397, -1.2e-05, 0.0, 0.0, 0.0, 1.0],
                [0.97971, 0.186368, 0.07372, 0.124994, 0.097547, -0.764734, 0.636919, -0.002831, 0.175078, -0.616806, -0.767397, -1.2e-05, 0.0, 0.0, 0.0, 1.0],
                [0.97971, 0.186368, 0.07372, 0.124994, 0.097547, -0.764734, 0.636919, -0.002831, 0.175078, -0.616806, -0.767397, -1.2e-05, 0.0, 0.0, 0.0, 1.0],
                [0.97971, 0.186368, 0.07372, 0.124994, 0.097547, -0.764734, 0.636919, -0.002831, 0.175078, -0.616806, -0.767397, -1.2e-05, 0.0, 0.0, 0.0, 1.0],
                [0.97971, 0.186368, 0.07372, 0.124994, 0.097547, -0.764734, 0.636919, -0.002831, 0.175078, -0.616806, -0.767397, -1.2e-05, 0.0, 0.0, 0.0, 1.0],
                [0.97971, 0.186368, 0.07372, 0.124994, 0.097547, -0.764734, 0.636919, -0.002831, 0.175078, -0.616806, -0.767397, -1.2e-05, 0.0, 0.0, 0.0, 1.0],
                [0.97971, 0.186368, 0.07372, 0.124994, 0.097547, -0.764734, 0.636919, -0.002831, 0.175078, -0.616806, -0.767397, -1.2e-05, 0.0, 0.0, 0.0, 1.0],
                [0.97971, 0.186368, 0.07372, 0.124994, 0.097547, -0.764734, 0.636919, -0.002831, 0.175078, -0.616806, -0.767397, -1.2e-05, 0.0, 0.0, 0.0, 1.0],
                [0.97971, 0.186368, 0.07372, 0.124994, 0.097547, -0.764734, 0.636919, -0.002831, 0.175078, -0.616806, -0.767397, -1.2e-05, 0.0, 0.0, 0.0, 1.0],
                [0.97971, 0.186368, 0.07372, 0.124994, 0.097547, -0.764734, 0.636919, -0.002831, 0.175078, -0.616806, -0.767397, -1.2e-05, 0.0, 0.0, 0.0, 1.0],
                [0.97971, 0.186368, 0.07372, 0.124994, 0.097547, -0.764734, 0.636919, -0.002831, 0.175078, -0.616806, -0.767397, -1.2e-05, 0.0, 0.0, 0.0, 1.0],
                [0.97971, 0.186368, 0.07372, 0.124994, 0.097547, -0.764734, 0.636919, -0.002831, 0.175078, -0.616806, -0.767397, -1.2e-05, 0.0, 0.0, 0.0, 1.0],
                [0.97971, 0.186368, 0.07372, 0.124994, 0.097547, -0.764734, 0.636919, -0.002831, 0.175078, -0.616806, -0.767397, -1.2e-05, 0.0, 0.0, 0.0, 1.0],
                [0.97971, 0.186368, 0.07372, 0.124994, 0.097547, -0.764734, 0.636919, -0.002831, 0.175078, -0.616806, -0.767397, -1.2e-05, 0.0, 0.0, 0.0, 1.0],
                [0.97971, 0.186368, 0.07372, 0.124994, 0.097547, -0.764734, 0.636919, -0.002831, 0.175078, -0.616806, -0.767397, -1.2e-05, 0.0, 0.0, 0.0, 1.0],
                [0.97971, 0.186368, 0.07372, 0.124994, 0.097547, -0.764734, 0.636919, -0.002831, 0.175078, -0.616806, -0.767397, -1.2e-05, 0.0, 0.0, 0.0, 1.0],
                [0.97971, 0.186368, 0.07372, 0.124994, 0.097547, -0.764734, 0.636919, -0.002831, 0.175078, -0.616806, -0.767397, -1.2e-05, 0.0, 0.0, 0.0, 1.0],
                [0.97971, 0.186368, 0.07372, 0.124994, 0.097547, -0.764734, 0.636919, -0.002831, 0.175078, -0.616806, -0.767397, -1.2e-05, 0.0, 0.0, 0.0, 1.0],
                [0.97971, 0.186368, 0.07372, 0.124994, 0.097547, -0.764734, 0.636919, -0.002831, 0.175078, -0.616806, -0.767397, -1.2e-05, 0.0, 0.0, 0.0, 1.0],
                [0.97971, 0.186368, 0.07372, 0.124994, 0.097547, -0.764734, 0.636919, -0.002831, 0.175078, -0.616806, -0.767397, -1.2e-05, 0.0, 0.0, 0.0, 1.0],
                [0.97971, 0.186368, 0.07372, 0.124994, 0.097547, -0.764734, 0.636919, -0.002831, 0.175078, -0.616806, -0.767397, -1.2e-05, 0.0, 0.0, 0.0, 1.0],
                [0.97971, 0.186368, 0.07372, 0.124994, 0.097547, -0.764734, 0.636919, -0.002831, 0.175078, -0.616806, -0.767397, -1.2e-05, 0.0, 0.0, 0.0, 1.0],
                [0.97971, 0.186368, 0.07372, 0.124994, 0.097547, -0.764734, 0.636919, -0.002831, 0.175078, -0.616806, -0.767397, -1.2e-05, 0.0, 0.0, 0.0, 1.0],
                [0.97973, 0.186278, 0.07369, 0.124994, 0.097751, -0.765639, 0.6358, -0.002831, 0.174856, -0.615709, -0.768328, -1.2e-05, 0.0, 0.0, 0.0, 1.0],
                [0.979786, 0.186015, 0.073602, 0.124994, 0.098342, -0.768269, 0.632527, -0.002831, 0.174206, -0.612504, -0.771033, -1.2e-05, 0.0, 0.0, 0.0, 1.0],
                [0.979877, 0.185592, 0.073457, 0.124994, 0.099291, -0.772486, 0.627221, -0.002831, 0.173152, -0.607306, -0.77537, -1.2e-05, 0.0, 0.0, 0.0, 1.0],
                [0.98, 0.185021, 0.073257, 0.124994, 0.100565, -0.77814, 0.619987, -0.002831, 0.171715, -0.600221, -0.781184, -1.2e-05, 0.0, 0.0, 0.0, 1.0],
                [0.980153, 0.184314, 0.073, 0.124994, 0.102129, -0.785072, 0.610926, -0.002831, 0.169912, -0.591346, -0.788315, -1.2e-05, 0.0, 0.0, 0.0, 1.0],
                [0.980332, 0.183484, 0.072686, 0.124994, 0.103947, -0.793116, 0.600134, -0.002831, 0.167763, -0.580775, -0.79659, -1.2e-05, 0.0, 0.0, 0.0, 1.0],
                [0.980535, 0.182543, 0.072315, 0.124994, 0.105982, -0.802103, 0.587706, -0.002831, 0.165286, -0.568602, -0.805836, -1.2e-05, 0.0, 0.0, 0.0, 1.0],
                [0.980759, 0.181506, 0.071885, 0.124994, 0.108196, -0.811859, 0.57374, -0.002831, 0.162498, -0.554924, -0.815877, -1.2e-05, 0.0, 0.0, 0.0, 1.0],
                [0.981001, 0.180384, 0.071396, 0.124994, 0.110551, -0.822213, 0.558341, -0.002831, 0.159419, -0.53984, -0.826534, -1.2e-05, 0.0, 0.0, 0.0, 1.0],
                [0.98126, 0.179193, 0.070849, 0.124994, 0.113011, -0.832993, 0.541618, -0.002831, 0.156071, -0.523461, -0.837634, -1.2e-05, 0.0, 0.0, 0.0, 1.0],
                [0.98153, 0.177945, 0.070243, 0.124994, 0.11554, -0.844035, 0.523694, -0.002831, 0.152477, -0.505905, -0.849006, -1.2e-05, 0.0, 0.0, 0.0, 1.0],
                [0.981811, 0.176654, 0.069581, 0.124994, 0.118101, -0.855179, 0.504698, -0.002831, 0.148661, -0.487301, -0.860487, -1.2e-05, 0.0, 0.0, 0.0, 1.0],
                [0.982098, 0.175333, 0.068865, 0.124994, 0.120662, -0.866276, 0.484775, -0.002831, 0.144653, -0.467787, -0.871924, -1.2e-05, 0.0, 0.0, 0.0, 1.0],
                [0.982389, 0.173995, 0.068099, 0.124994, 0.123192, -0.877186, 0.464078, -0.002831, 0.140483, -0.447516, -0.883173, -1.2e-05, 0.0, 0.0, 0.0, 1.0],
                [0.982682, 0.172654, 0.067287, 0.124994, 0.125663, -0.887784, 0.442772, -0.002831, 0.136183, -0.426649, -0.894106, -1.2e-05, 0.0, 0.0, 0.0, 1.0],
                [0.982973, 0.171322, 0.066436, 0.124994, 0.128049, -0.89796, 0.421035, -0.002831, 0.131789, -0.405359, -0.904608, -1.2e-05, 0.0, 0.0, 0.0, 1.0],
                [0.98326, 0.17001, 0.065552, 0.124994, 0.130327, -0.907619, 0.399052, -0.002831, 0.127339, -0.383828, -0.914582, -1.2e-05, 0.0, 0.0, 0.0, 1.0],
                [0.98354, 0.16873, 0.064643, 0.124994, 0.132481, -0.916683, 0.377016, -0.002831, 0.122871, -0.362247, -0.923948, -1.2e-05, 0.0, 0.0, 0.0, 1.0],
                [0.983812, 0.167492, 0.063718, 0.124994, 0.134494, -0.925091, 0.355129, -0.002831, 0.118427, -0.34081, -0.932643, -1.2e-05, 0.0, 0.0, 0.0, 1.0],
                [0.984073, 0.166306, 0.062789, 0.124994, 0.136356, -0.932803, 0.333595, -0.002831, 0.114048, -0.31972, -0.940623, -1.2e-05, 0.0, 0.0, 0.0, 1.0],
                [0.984321, 0.16518, 0.061864, 0.124994, 0.138059, -0.939791, 0.312622, -0.002831, 0.109778, -0.29918, -0.947861, -1.2e-05, 0.0, 0.0, 0.0, 1.0],
                [0.984555, 0.164122, 0.060956, 0.124994, 0.139598, -0.946045, 0.292421, -0.002831, 0.10566, -0.279395, -0.954345, -1.2e-05, 0.0, 0.0, 0.0, 1.0],
                [0.984772, 0.16314, 0.060076, 0.124994, 0.140973, -0.951572, 0.273199, -0.002831, 0.101736, -0.260569, -0.96008, -1.2e-05, 0.0, 0.0, 0.0, 1.0],
                [0.984972, 0.162239, 0.059237, 0.124994, 0.142185, -0.956386, 0.255164, -0.002831, 0.098052, -0.242907, -0.965081, -1.2e-05, 0.0, 0.0, 0.0, 1.0],
                [0.985152, 0.161425, 0.058452, 0.124994, 0.143236, -0.960516, 0.238522, -0.002831, 0.094648, -0.226608, -0.969376, -1.2e-05, 0.0, 0.0, 0.0, 1.0],
                [0.985313, 0.160704, 0.057733, 0.124994, 0.144133, -0.963994, 0.223473, -0.002831, 0.091567, -0.21187, -0.972999, -1.2e-05, 0.0, 0.0, 0.0, 1.0],
                [0.985452, 0.16008, 0.057092, 0.124994, 0.144881, -0.96686, 0.210218, -0.002831, 0.088851, -0.198888, -0.975986, -1.2e-05, 0.0, 0.0, 0.0, 1.0],
                [0.985568, 0.159558, 0.056541, 0.124994, 0.145486, -0.96915, 0.198949, -0.002831, 0.086541, -0.187852, -0.978377, -1.2e-05, 0.0, 0.0, 0.0, 1.0],
                [0.985661, 0.159142, 0.056094, 0.124994, 0.145954, -0.970902, 0.189859, -0.002831, 0.084676, -0.178949, -0.980208, -1.2e-05, 0.0, 0.0, 0.0, 1.0],
                [0.985729, 0.158837, 0.055761, 0.124994, 0.146288, -0.972142, 0.183136, -0.002831, 0.083297, -0.172365, -0.981505, -1.2e-05, 0.0, 0.0, 0.0, 1.0],
                [0.985771, 0.15865, 0.055554, 0.124994, 0.146491, -0.972888, 0.178967, -0.002831, 0.082441, -0.168283, -0.982285, -1.2e-05, 0.0, 0.0, 0.0, 1.0],
                [0.985785, 0.158586, 0.055483, 0.124994, 0.146559, -0.97314, 0.177537, -0.002831, 0.082147, -0.166882, -0.982549, -1.2e-05, 0.0, 0.0, 0.0, 1.0],
                [0.985785, 0.158586, 0.055483, 0.124994, 0.146559, -0.97314, 0.177537, -0.002831, 0.082147, -0.166882, -0.982549, -1.2e-05, 0.0, 0.0, 0.0, 1.0]
            ]
        },
        {
            "name": "Leg_R",
            "time": [0.0167, 0.0333, 0.05, 0.0667, 0.0833, 0.1, 0.1167, 0.1333, 0.15, 0.1667, 0.1833, 0.2, 0.2167, 0.2333, 0.25, 0.2667, 0.2833, 0.3, 0.3167, 0.3333, 0.35, 0.3667, 0.3833, 0.4, 0.4167, 0.4333, 0.45, 0.4667, 0.4833, 0.5, 0.5167, 0.5333, 0.55, 0.5667, 0.5833, 0.6, 0.6167, 0.6333, 0.65, 0.6667, 0.6833, 0.7, 0.7167, 0.7333, 0.75, 0.7667, 0.7833, 0.8, 0.8167, 0.8333, 0.85, 0.8667, 0.8833, 0.9, 0.9167, 0.9333, 0.95, 0.9667, 0.9833, 1.0, 1.0167, 1.0333, 1.05, 1.0667, 1.0833, 1.1, 1.1167, 1.1333, 1.15, 1.1667, 1.1833, 1.2, 1.2167, 1.2333, 1.25, 1.2667, 1.2833, 1.3, 1.3167, 1.3333, 1.4167],
            "transform": [
                [1.0, -0.0, 1e-06, -0.0, -1e-06, 0.642787, 0.766045, 0.37472, -1e-06, -0.766045, 0.642787, 0.0, 0.0, 0.0, 0.0, 1.0],
                [1.0, -0.0, 1e-06, 0.0, -1e-06, 0.642787, 0.766045, 0.37472, -1e-06, -0.766045, 0.642787, 0.0, 0.0, 0.0, 0.0, 1.0],
                [1.0, -0.0, 1e-06, 0.0, -0.0, 0.642787, 0.766045, 0.37472, -1e-06, -0.766045, 0.642788, 0.0, 0.0, 0.0, 0.0, 1.0],
                [1.0, -0.0, 1e-06, -0.0, -0.0, 0.642788, 0.766045, 0.37472, -1e-06, -0.766045, 0.642788, 0.0, 0.0, 0.0, 0.0, 1.0],
                [1.0, -0.0, 1e-06, 0.0, -0.0, 0.642787, 0.766045, 0.37472, -1e-06, -0.766045, 0.642787, 0.0, 0.0, 0.0, 0.0, 1.0],
                [1.0, -0.0, 1e-06, 0.0, -0.0, 0.642787, 0.766045, 0.37472, -1e-06, -0.766045, 0.642787, -0.0, 0.0, 0.0, 0.0, 1.0],
                [1.0, -0.0, 1e-06, 0.0, -0.0, 0.642787, 0.766045, 0.37472, -1e-06, -0.766045, 0.642787, 0.0, 0.0, 0.0, 0.0, 1.0],
                [1.0, -0.0, 1e-06, 0.0, -0.0, 0.642787, 0.766045, 0.37472, -1e-06, -0.766045, 0.642787, 0.0, 0.0, 0.0, 0.0, 1.0],
                [1.0, -0.0, 1e-06, 0.0, -0.0, 0.642787, 0.766045, 0.37472, -1e-06, -0.766045, 0.642787, 0.0, 0.0, 0.0, 0.0, 1.0],
                [1.0, -0.0, 1e-06, 0.0, -0.0, 0.642787, 0.766045, 0.37472, -1e-06, -0.766045, 0.642787, 0.0, 0.0, 0.0, 0.0, 1.0],
                [1.0, -0.0, 1e-06, -0.0, -0.0, 0.642787, 0.766045, 0.37472, -1e-06, -0.766045, 0.642787, -0.0, 0.0, 0.0, 0.0, 1.0],
                [1.0, -0.0, 1e-06, -0.0, -0.0, 0.642787, 0.766045, 0.37472, -1e-06, -0.766045, 0.642787, 0.0, 0.0, 0.0, 0.0, 1.0],
                [1.0, -0.0, 1e-06, 0.0, -0.0, 0.642787, 0.766045, 0.37472, -1e-06, -0.766045, 0.642787, 0.0, 0.0, 0.0, 0.0, 1.0],
                [1.0, -0.0, 1e-06, -0.0, -0.0, 0.642787, 0.766045, 0.37472, -1e-06, -0.766045, 0.642787, -0.0, 0.0, 0.0, 0.0, 1.0],
                [1.0, -0.0, 1e-06, 0.0, -0.0, 0.642787, 0.766045, 0.37472, -1e-06, -0.766045, 0.642787, -0.0, 0.0, 0.0, 0.0, 1.0],
                [1.0, -0.0, 1e-06, 0.0, -0.0, 0.642787, 0.766045, 0.37472, -1e-06, -0.766045, 0.642787, -0.0, 0.0, 0.0, 0.0, 1.0],
                [1.0, -0.0, 1e-06, -0.0, -0.0, 0.642787, 0.766044, 0.37472, -1e-06, -0.766045, 0.642787, 0.0, 0.0, 0.0, 0.0, 1.0],
                [1.0, -0.0, 1e-06, -0.0, -0.0, 0.642787, 0.766045, 0.37472, -1e-06, -0.766045, 0.642787, 0.0, 0.0, 0.0, 0.0, 1.0],
                [1.0, -0.0, 1e-06, 0.0, -0.0, 0.642787, 0.766045, 0.37472, -1e-06, -0.766045, 0.642787, 0.0, 0.0, 0.0, 0.0, 1.0],
                [1.0, -0.0, 1e-06, -0.0, -0.0, 0.642787, 0.766045, 0.37472, -1e-06, -0.766045, 0.642787, -0.0, 0.0, 0.0, 0.0, 1.0],
                [1.0, -0.0, 1e-06, 0.0, -0.0, 0.642787, 0.766045, 0.37472, -1e-06, -0.766045, 0.642787, -0.0, 0.0, 0.0, 0.0, 1.0],
                [1.0, -0.0, 1e-06, 0.0, -0.0, 0.642787, 0.766045, 0.37472, -1e-06, -0.766045, 0.642787, 0.0, 0.0, 0.0, 0.0, 1.0],
                [1.0, -0.0, 1e-06, -0.0, -0.0, 0.642787, 0.766045, 0.37472, -1e-06, -0.766045, 0.642787, 0.0, 0.0, 0.0, 0.0, 1.0],
                [1.0, -0.0, 1e-06, -0.0, -0.0, 0.642787, 0.766045, 0.37472, -1e-06, -0.766045, 0.642787, 0.0, 0.0, 0.0, 0.0, 1.0],
                [1.0, -0.0, 1e-06, -0.0, -0.0, 0.642787, 0.766045, 0.37472, -1e-06, -0.766045, 0.642787, 0.0, 0.0, 0.0, 0.0, 1.0],
                [1.0, -0.0, 1e-06, -0.0, -0.0, 0.642787, 0.766045, 0.37472, -1e-06, -0.766045, 0.642787, 0.0, 0.0, 0.0, 0.0, 1.0],
                [1.0, -0.0, 1e-06, -0.0, -0.0, 0.642787, 0.766045, 0.37472, -1e-06, -0.766045, 0.642787, 0.0, 0.0, 0.0, 0.0, 1.0],
                [1.0, -0.0, 1e-06, -0.0, -0.0, 0.642787, 0.766045, 0.37472, -1e-06, -0.766045, 0.642787, 0.0, 0.0, 0.0, 0.0, 1.0],
                [1.0, -0.0, 1e-06, -0.0, -0.0, 0.642787, 0.766045, 0.37472, -1e-06, -0.766045, 0.642787, 0.0, 0.0, 0.0, 0.0, 1.0],
                [1.0, -0.0, 1e-06, -0.0, -0.0, 0.642787, 0.766045, 0.37472, -1e-06, -0.766045, 0.642787, 0.0, 0.0, 0.0, 0.0, 1.0],
                [1.0, -0.0, 1e-06, -0.0, -0.0, 0.642787, 0.766045, 0.37472, -1e-06, -0.766045, 0.642787, 0.0, 0.0, 0.0, 0.0, 1.0],
                [1.0, -0.0, 1e-06, -0.0, -0.0, 0.642787, 0.766045, 0.37472, -1e-06, -0.766045, 0.642787, 0.0, 0.0, 0.0, 0.0, 1.0],
                [1.0, -0.0, 1e-06, -0.0, -0.0, 0.642787, 0.766045, 0.37472, -1e-06, -0.766045, 0.642787, 0.0, 0.0, 0.0, 0.0, 1.0],
                [1.0, -0.0, 1e-06, -0.0, -0.0, 0.642787, 0.766045, 0.37472, -1e-06, -0.766045, 0.642787, 0.0, 0.0, 0.0, 0.0, 1.0],
                [1.0, -0.0, 1e-06, -0.0, -0.0, 0.642787, 0.766045, 0.37472, -1e-06, -0.766045, 0.642787, 0.0, 0.0, 0.0, 0.0, 1.0],
                [1.0, -0.0, 1e-06, -0.0, -0.0, 0.642787, 0.766045, 0.37472, -1e-06, -0.766045, 0.642787, 0.0, 0.0, 0.0, 0.0, 1.0],
                [1.0, -0.0, 1e-06, -0.0, -0.0, 0.642787, 0.766045, 0.37472, -1e-06, -0.766045, 0.642787, 0.0, 0.0, 0.0, 0.0, 1.0],
                [1.0, -0.0, 1e-06, -0.0, -0.0, 0.642787, 0.766045, 0.37472, -1e-06, -0.766045, 0.642787, 0.0, 0.0, 0.0, 0.0, 1.0],
                [1.0, -0.0, 1e-06, -0.0, -0.0, 0.642787, 0.766045, 0.37472, -1e-06, -0.766045, 0.642787, 0.0, 0.0, 0.0, 0.0, 1.0],
                [1.0, -0.0, 1e-06, -0.0, -0.0, 0.642787, 0.766045, 0.37472, -1e-06, -0.766045, 0.642787, 0.0, 0.0, 0.0, 0.0, 1.0],
                [1.0, -0.0, 1e-06, -0.0, -0.0, 0.642787, 0.766045, 0.37472, -1e-06, -0.766045, 0.642787, 0.0, 0.0, 0.0, 0.0, 1.0],
                [1.0, -0.0, 1e-06, -0.0, -0.0, 0.642787, 0.766045, 0.37472, -1e-06, -0.766045, 0.642787, 0.0, 0.0, 0.0, 0.0, 1.0],
                [1.0, -0.0, 1e-06, -0.0, -0.0, 0.642787, 0.766045, 0.37472, -1e-06, -0.766045, 0.642787, 0.0, 0.0, 0.0, 0.0, 1.0],
                [1.0, -0.0, 1e-06, -0.0, -0.0, 0.642787, 0.766045, 0.37472, -1e-06, -0.766045, 0.642787, 0.0, 0.0, 0.0, 0.0, 1.0],
                [1.0, -0.0, 1e-06, -0.0, -0.0, 0.642787, 0.766045, 0.37472, -1e-06, -0.766045, 0.642787, 0.0, 0.0, 0.0, 0.0, 1.0],
                [1.0, -0.0, 1e-06, -0.0, -0.0, 0.642787, 0.766045, 0.37472, -1e-06, -0.766045, 0.642787, 0.0, 0.0, 0.0, 0.0, 1.0],
