{
    "armature": {
        "joints": ["Root", "Thigh_R", "Leg_R", "Knee_R", "Thigh_L", "Leg_L", "Knee_L", "Torso", "Chest", "Head", "Shoulder_R", "Arm_R", "Hand_R", "Tool_R", "Elbow_R", "Shoulder_L", "Arm_L", "Hand_L", "Tool_L", "Elbow_L"],
        "hierarchy": [
            {
                "name": "Root",
                "transform": [1.0, 0.0, 0.0, -5e-06, 0.0, 0.0, -1.0, 0.000946, 0.0, 1.0, 0.0, 0.763972, 0.0, 0.0, 0.0, 1.0],
                "children": [
                    {
                        "name": "Thigh_R",
                        "transform": [1.0, -0.0, -0.0, 0.124994, -0.0, -1.0, 0.0, -0.002831, -0.0, -0.0, -1.0, -1.2e-05, 0.0, 0.0, 0.0, 1.0],
                        "children": [
                            {
                                "name": "Leg_R",
                                "transform": [1.0, 0.0, 1e-06, 0.0, -0.0, 1.0, 0.0, 0.37472, -1e-06, -0.0, 1.0, -0.0, 0.0, 0.0, 0.0, 1.0],
                                "children": []
                            },
                            {
                                "name": "Knee_R",
                                "transform": [1.0, 0.0, -0.0, 0.0, -0.0, 0.0, -1.0, 0.37472, -0.0, 1.0, 0.0, -0.0, 0.0, 0.0, 0.0, 1.0],
                                "children": []
                            }
                        ]
                    },
                    {
                        "name": "Thigh_L",
                        "transform": [1.0, -0.0, -0.0, -0.125006, -0.0, -1.0, 0.0, -0.002831, -0.0, -0.0, -1.0, -1.2e-05, 0.0, 0.0, 0.0, 1.0],
                        "children": [
                            {
                                "name": "Leg_L",
                                "transform": [1.0, 0.0, 1e-06, -0.0, -0.0, 1.0, 0.0, 0.37472, -1e-06, -0.0, 1.0, 0.0, 0.0, 0.0, 0.0, 1.0],
                                "children": []
                            },
                            {
                                "name": "Knee_L",
                                "transform": [1.0, 0.0, -0.0, -0.0, -0.0, 0.0, -1.0, 0.37472, -0.0, 1.0, 0.0, 0.0, 0.0, 0.0, 0.0, 1.0],
                                "children": []
                            }
                        ]
                    },
                    {
                        "name": "Torso",
                        "transform": [1.0, 0.0, 0.0, 0.0, 0.0, 1.0, 0.0, 0.05, 0.0, 0.0, 1.0, 0.0, 0.0, 0.0, 0.0, 1.0],
                        "children": [
                            {
                                "name": "Chest",
                                "transform": [1.0, 0.0, 0.0, 0.0, 0.0, 1.0, 0.0, 0.3, 0.0, 0.0, 1.0, 0.0, 0.0, 0.0, 0.0, 1.0],
                                "children": [
                                    {
                                        "name": "Head",
                                        "transform": [1.0, 0.0, 0.0, 0.0, 0.0, 1.0, 0.0, 0.4, 0.0, 0.0, 1.0, 0.0, 0.0, 0.0, 0.0, 1.0],
                                        "children": []
                                    },
                                    {
                                        "name": "Shoulder_R",
                                        "transform": [0.0, 0.952114, 0.305743, 0.0, 0.0, -0.305743, 0.952114, 0.4, 1.0, 0.0, -0.0, 0.0, 0.0, 0.0, 0.0, 1.0],
                                        "children": [
                                            {
                                                "name": "Arm_R",
                                                "transform": [0.0, -0.0, -1.0, -0.0, 0.952114, 0.305743, 0.0, 0.39386, 0.305743, -0.952114, 0.0, 0.0, 0.0, 0.0, 0.0, 1.0],
                                                "children": [
                                                    {
                                                        "name": "Hand_R",
                                                        "transform": [1.0, 0.0, 0.0, 0.0, -0.0, 0.993938, 0.109947, 0.3, -0.0, -0.109947, 0.993937, 0.0, 0.0, 0.0, 0.0, 1.0],
                                                        "children": [
                                                            {
                                                                "name": "Tool_R",
                                                                "transform": [1.0, 0.0, 0.0, -0.0, 0.0, -0.999836, 0.018122, 0.272858, 0.0, -0.018122, -0.999836, 0.0, 0.0, 0.0, 0.0, 1.0],
                                                                "children": []
                                                            }
                                                        ]
                                                    },
                                                    {
                                                        "name": "Elbow_R",
                                                        "transform": [-1.0, 0.0, -0.0, 0.0, 0.0, 0.0, -1.0, 0.3, -0.0, -1.0, -0.0, 0.0, 0.0, 0.0, 0.0, 1.0],
                                                        "children": []
                                                    }
                                                ]
                                            }
                                        ]
                                    },
                                    {
                                        "name": "Shoulder_L",
                                        "transform": [-0.0, -0.952114, -0.305743, 0.0, 0.0, -0.305743, 0.952114, 0.4, -1.0, 0.0, 0.0, 0.0, 0.0, 0.0, 0.0, 1.0],
                                        "children": [
                                            {
                                                "name": "Arm_L",
                                                "transform": [-0.0, -0.0, 1.0, -0.0, -0.952114, 0.305743, -0.0, 0.39386, -0.305743, -0.952114, -0.0, 0.0, 0.0, 0.0, 0.0, 1.0],
                                                "children": [
                                                    {
                                                        "name": "Hand_L",
                                                        "transform": [1.0, -0.0, 0.0, -0.0, 0.0, 0.993937, 0.109947, 0.3, -0.0, -0.109947, 0.993937, 0.0, 0.0, 0.0, 0.0, 1.0],
                                                        "children": [
                                                            {
                                                                "name": "Tool_L",
                                                                "transform": [1.0, 0.0, 0.0, -0.0, -0.0, -0.999836, 0.018122, 0.272858, 0.0, -0.018122, -0.999836, -0.0, 0.0, 0.0, 0.0, 1.0],
                                                                "children": []
                                                            }
                                                        ]
                                                    },
                                                    {
                                                        "name": "Elbow_L",
                                                        "transform": [-1.0, 0.0, -0.0, -0.0, 0.0, -0.0, -1.0, 0.3, -0.0, -1.0, 0.0, 0.0, 0.0, 0.0, 0.0, 1.0],
                                                        "children": []
                                                    }
                                                ]
                                            }
                                        ]
                                    }
                                ]
                            }
                        ]
                    }
                ]
            }
        ]
    },
    "animation": [
        {
            "name": "Root",
            "time": [0.2667, 0.2833, 0.3, 0.3167, 0.3333, 0.35, 0.3667, 0.3833, 0.4, 0.4167, 0.4333, 0.45, 0.4667, 0.4833, 0.5, 0.5167, 0.5333, 0.55, 0.5667, 0.5833, 0.6, 0.6167, 0.6333, 0.65, 0.6667, 0.6833, 0.7, 0.7167, 0.7333, 0.75, 0.7667, 0.7833, 0.8, 0.8167, 0.8333, 0.85, 0.8667, 0.8833, 0.9, 0.9167, 0.9333, 0.95, 0.9667, 0.9833, 1.0, 1.0167, 1.0333, 1.05, 1.0667, 1.0833, 1.1, 1.1167, 1.1333, 1.15, 1.1667, 1.1833, 1.2, 1.2167, 1.2333, 1.25, 1.2667, 1.2833, 1.3, 1.3167, 1.3333, 1.35, 1.3667, 1.3833, 1.4, 1.4167, 1.4333, 1.45, 1.4667, 1.4833, 1.5, 1.5167, 1.5333, 1.55, 1.5667, 1.5833, 1.6, 1.6167, 1.6333, 1.65, 1.6667, 1.6833, 1.7, 1.7167, 1.7333, 1.75, 1.7667, 1.7833, 1.8, 1.8167, 1.8333, 1.85, 1.8667, 1.8833, 1.9, 1.9167, 1.9333, 1.95, 1.9667, 1.9833, 2.0, 2.0167, 2.0333, 2.05, 2.0667, 2.0833, 2.1, 2.1167, 2.1333, 0.0],
            "transform": [
                [1.0, 0.0, 0.0, -5e-06, 0.0, 0.0, -1.0, 0.077687, 0.0, 1.0, 0.0, 0.763972, 0.0, 0.0, 0.0, 1.0],
                [1.0, 0.0, 0.0, -5e-06, 0.0, 0.0, -1.0, 0.077687, 0.0, 1.0, 0.0, 0.763972, 0.0, 0.0, 0.0, 1.0],
                [0.999998, 0.0, 0.001958, -5e-06, 0.001958, 0.0, -0.999998, 0.095233, 0.0, 1.0, 0.0, 0.763972, 0.0, 0.0, 0.0, 1.0],
                [0.999972, 0.0, 0.007491, -5e-06, 0.007491, 0.0, -0.999972, 0.14482, 0.0, 1.0, 0.0, 0.763972, 0.0, 0.0, 0.0, 1.0],
                [0.999871, 0.0, 0.016091, -5e-06, 0.016091, 0.0, -0.999871, 0.221872, 0.0, 1.0, 0.0, 0.763972, 0.0, 0.0, 0.0, 1.0],
                [0.999629, 0.0, 0.027247, -5e-06, 0.027247, 0.0, -0.999629, 0.321809, 0.0, 1.0, 0.0, 0.763972, 0.0, 0.0, 0.0, 1.0],
                [0.999182, 0.0, 0.040448, -5e-06, 0.040448, 0.0, -0.999182, 0.440056, 0.0, 1.0, 0.0, 0.763972, 0.0, 0.0, 0.0, 1.0],
                [0.998477, 0.0, 0.055178, -5e-06, 0.055178, 0.0, -0.998477, 0.572035, 0.0, 1.0, 0.0, 0.763972, 0.0, 0.0, 0.0, 1.0],
                [0.997482, 0.0, 0.07092, -5e-06, 0.07092, 0.0, -0.997482, 0.713169, 0.0, 1.0, 0.0, 0.763972, 0.0, 0.0, 0.0, 1.0],
                [0.996195, 0.0, 0.087156, -5e-06, 0.087156, 0.0, -0.996195, 0.85888, 0.0, 1.0, 0.0, 0.763972, 0.0, 0.0, 0.0, 1.0],
                [0.994643, 0.0, 0.103369, -5e-06, 0.103369, 0.0, -0.994643, 1.00459, 0.0, 1.0, 0.0, 0.763972, 0.0, 0.0, 0.0, 1.0],
                [0.992889, 0.0, 0.119044, -5e-06, 0.119044, 0.0, -0.992889, 1.145724, 0.0, 1.0, 0.0, 0.763972, 0.0, 0.0, 0.0, 1.0],
                [0.991026, 0.0, 0.133673, -5e-06, 0.133673, 0.0, -0.991026, 1.277703, 0.0, 1.0, 0.0, 0.763972, 0.0, 0.0, 0.0, 1.0],
                [0.989174, 0.0, 0.14675, -5e-06, 0.14675, 0.0, -0.989174, 1.39595, 0.0, 1.0, 0.0, 0.763972, 0.0, 0.0, 0.0, 1.0],
                [0.987474, 0.0, 0.157779, -5e-06, 0.157779, 0.0, -0.987474, 1.495888, 0.0, 1.0, 0.0, 0.763972, 0.0, 0.0, 0.0, 1.0],
                [0.986081, 0.0, 0.166266, -5e-06, 0.166266, 0.0, -0.986081, 1.572939, 0.0, 1.0, 0.0, 0.763972, 0.0, 0.0, 0.0, 1.0],
                [0.985146, 0.0, 0.17172, -5e-06, 0.17172, 0.0, -0.985146, 1.622527, 0.0, 1.0, 0.0, 0.763972, 0.0, 0.0, 0.0, 1.0],
                [0.984808, 0.0, 0.173648, -5e-06, 0.173648, 0.0, -0.984808, 1.640073, 0.0, 1.0, 0.0, 0.763972, 0.0, 0.0, 0.0, 1.0],
                [0.984808, 0.0, 0.173648, -5e-06, 0.173648, 0.0, -0.984808, 1.640073, 0.0, 1.0, 0.0, 0.763972, 0.0, 0.0, 0.0, 1.0],
                [0.984808, 0.0, 0.173648, -5e-06, 0.173648, 0.0, -0.984808, 1.640073, 0.0, 1.0, 0.0, 0.763972, 0.0, 0.0, 0.0, 1.0],
                [0.984808, 0.0, 0.173648, -5e-06, 0.173648, 0.0, -0.984808, 1.640073, 0.0, 1.0, 0.0, 0.763972, 0.0, 0.0, 0.0, 1.0],
                [0.984808, 0.0, 0.173648, -5e-06, 0.173648, 0.0, -0.984808, 1.640073, 0.0, 1.0, 0.0, 0.763972, 0.0, 0.0, 0.0, 1.0],
                [0.984808, 0.0, 0.173648, -5e-06, 0.173648, 0.0, -0.984808, 1.640073, 0.0, 1.0, 0.0, 0.763972, 0.0, 0.0, 0.0, 1.0],
                [0.984808, 0.0, 0.173648, -5e-06, 0.173648, 0.0, -0.984808, 1.640073, 0.0, 1.0, 0.0, 0.763972, 0.0, 0.0, 0.0, 1.0],
                [0.984808, 0.0, 0.173648, -5e-06, 0.173648, 0.0, -0.984808, 1.640073, 0.0, 1.0, 0.0, 0.763972, 0.0, 0.0, 0.0, 1.0],
                [0.984808, 0.0, 0.173648, -5e-06, 0.173648, 0.0, -0.984808, 1.640073, 0.0, 1.0, 0.0, 0.763972, 0.0, 0.0, 0.0, 1.0],
                [0.984808, 0.0, 0.173648, -5e-06, 0.173648, 0.0, -0.984808, 1.640073, 0.0, 1.0, 0.0, 0.763972, 0.0, 0.0, 0.0, 1.0],
                [0.984808, 0.0, 0.173648, -5e-06, 0.173648, 0.0, -0.984808, 1.640073, 0.0, 1.0, 0.0, 0.763972, 0.0, 0.0, 0.0, 1.0],
                [0.984808, 0.0, 0.173648, -5e-06, 0.173648, 0.0, -0.984808, 1.640073, 0.0, 1.0, 0.0, 0.763972, 0.0, 0.0, 0.0, 1.0],
                [0.984808, 0.0, 0.173648, -5e-06, 0.173648, 0.0, -0.984808, 1.640073, 0.0, 1.0, 0.0, 0.763972, 0.0, 0.0, 0.0, 1.0],
                [0.984808, 0.0, 0.173648, -5e-06, 0.173648, 0.0, -0.984808, 1.640073, 0.0, 1.0, 0.0, 0.763972, 0.0, 0.0, 0.0, 1.0],
                [0.984808, 0.0, 0.173648, -5e-06, 0.173648, 0.0, -0.984808, 1.640073, 0.0, 1.0, 0.0, 0.763972, 0.0, 0.0, 0.0, 1.0],
                [0.984808, 0.0, 0.173648, -5e-06, 0.173648, 0.0, -0.984808, 1.640073, 0.0, 1.0, 0.0, 0.763972, 0.0, 0.0, 0.0, 1.0],
                [0.984808, 0.0, 0.173648, -5e-06, 0.173648, 0.0, -0.984808, 1.640073, 0.0, 1.0, 0.0, 0.763972, 0.0, 0.0, 0.0, 1.0],
                [0.984808, 0.0, 0.173648, -5e-06, 0.173648, 0.0, -0.984808, 1.640073, 0.0, 1.0, 0.0, 0.763972, 0.0, 0.0, 0.0, 1.0],
                [0.984808, 0.0, 0.173648, -5e-06, 0.173648, 0.0, -0.984808, 1.640073, 0.0, 1.0, 0.0, 0.763972, 0.0, 0.0, 0.0, 1.0],
                [0.984808, 0.0, 0.173648, -5e-06, 0.173648, 0.0, -0.984808, 1.640073, 0.0, 1.0, 0.0, 0.763972, 0.0, 0.0, 0.0, 1.0],
                [0.984808, 0.0, 0.173648, -5e-06, 0.173648, 0.0, -0.984808, 1.640073, 0.0, 1.0, 0.0, 0.763972, 0.0, 0.0, 0.0, 1.0],
                [0.984808, 0.0, 0.173648, -5e-06, 0.173648, 0.0, -0.984808, 1.640073, 0.0, 1.0, 0.0, 0.763972, 0.0, 0.0, 0.0, 1.0],
                [0.984808, 0.0, 0.173648, -5e-06, 0.173648, 0.0, -0.984808, 1.640073, 0.0, 1.0, 0.0, 0.763972, 0.0, 0.0, 0.0, 1.0],
                [0.984808, 0.0, 0.173648, -5e-06, 0.173648, 0.0, -0.984808, 1.640073, 0.0, 1.0, 0.0, 0.763972, 0.0, 0.0, 0.0, 1.0],
                [0.984808, 0.0, 0.173648, -5e-06, 0.173648, 0.0, -0.984808, 1.640073, 0.0, 1.0, 0.0, 0.763972, 0.0, 0.0, 0.0, 1.0],
                [0.984808, 0.0, 0.173648, -5e-06, 0.173648, 0.0, -0.984808, 1.640073, 0.0, 1.0, 0.0, 0.763972, 0.0, 0.0, 0.0, 1.0],
                [0.984808, 0.0, 0.173648, -5e-06, 0.173648, 0.0, -0.984808, 1.640073, 0.0, 1.0, 0.0, 0.763972, 0.0, 0.0, 0.0, 1.0],
                [0.984808, 0.0, 0.173648, -5e-06, 0.173648, 0.0, -0.984808, 1.640073, 0.0, 1.0, 0.0, 0.763972, 0.0, 0.0, 0.0, 1.0],
                [0.984808, 0.0, 0.173648, -5e-06, 0.173648, 0.0, -0.984808, 1.640073, 0.0, 1.0, 0.0, 0.763972, 0.0, 0.0, 0.0, 1.0],
                [0.984808, 0.0, 0.173648, -5e-06, 0.173648, 0.0, -0.984808, 1.640073, 0.0, 1.0, 0.0, 0.763972, 0.0, 0.0, 0.0, 1.0],
                [0.984808, 0.0, 0.173648, -5e-06, 0.173648, 0.0, -0.984808, 1.640073, 0.0, 1.0, 0.0, 0.763972, 0.0, 0.0, 0.0, 1.0],
                [0.984808, 0.0, 0.173648, -5e-06, 0.173648, 0.0, -0.984808, 1.640073, 0.0, 1.0, 0.0, 0.763972, 0.0, 0.0, 0.0, 1.0],
                [0.984808, 0.0, 0.173648, -5e-06, 0.173648, 0.0, -0.984808, 1.640073, 0.0, 1.0, 0.0, 0.763972, 0.0, 0.0, 0.0, 1.0],
                [0.984808, 0.0, 0.173648, -5e-06, 0.173648, 0.0, -0.984808, 1.640073, 0.0, 1.0, 0.0, 0.763972, 0.0, 0.0, 0.0, 1.0],
                [0.984808, 0.0, 0.173648, -5e-06, 0.173648, 0.0, -0.984808, 1.640073, 0.0, 1.0, 0.0, 0.763972, 0.0, 0.0, 0.0, 1.0],
                [0.984808, 0.0, 0.173648, -5e-06, 0.173648, 0.0, -0.984808, 1.640073, 0.0, 1.0, 0.0, 0.763972, 0.0, 0.0, 0.0, 1.0],
                [0.984808, 0.0, 0.173648, -5e-06, 0.173648, 0.0, -0.984808, 1.640073, 0.0, 1.0, 0.0, 0.763972, 0.0, 0.0, 0.0, 1.0],
                [0.984808, 0.0, 0.173648, -5e-06, 0.173648, 0.0, -0.984808, 1.640073, 0.0, 1.0, 0.0, 0.763972, 0.0, 0.0, 0.0, 1.0],
                [0.984808, 0.0, 0.173648, -5e-06, 0.173648, 0.0, -0.984808, 1.640073, 0.0, 1.0, 0.0, 0.763972, 0.0, 0.0, 0.0, 1.0],
                [0.984808, 0.0, 0.173648, -5e-06, 0.173648, 0.0, -0.984808, 1.640073, 0.0, 1.0, 0.0, 0.763972, 0.0, 0.0, 0.0, 1.0],
                [0.984808, 0.0, 0.173648, -5e-06, 0.173648, 0.0, -0.984808, 1.640073, 0.0, 1.0, 0.0, 0.763972, 0.0, 0.0, 0.0, 1.0],
                [0.984808, 0.0, 0.173648, -5e-06, 0.173648, 0.0, -0.984808, 1.640073, 0.0, 1.0, 0.0, 0.763972, 0.0, 0.0, 0.0, 1.0],
                [0.984808, 0.0, 0.173648, -5e-06, 0.173648, 0.0, -0.984808, 1.640073, 0.0, 1.0, 0.0, 0.763972, 0.0, 0.0, 0.0, 1.0],
                [0.984808, 0.0, 0.173648, -5e-06, 0.173648, 0.0, -0.984808, 1.640073, 0.0, 1.0, 0.0, 0.763972, 0.0, 0.0, 0.0, 1.0],
                [0.984808, 0.0, 0.173648, -5e-06, 0.173648, 0.0, -0.984808, 1.640073, 0.0, 1.0, 0.0, 0.763972, 0.0, 0.0, 0.0, 1.0],
                [0.984808, 0.0, 0.173648, -5e-06, 0.173648, 0.0, -0.984808, 1.640073, 0.0, 1.0, 0.0, 0.763972, 0.0, 0.0, 0.0, 1.0],
                [0.984808, 0.0, 0.173648, -5e-06, 0.173648, 0.0, -0.984808, 1.640073, 0.0, 1.0, 0.0, 0.763972, 0.0, 0.0, 0.0, 1.0],
                [0.984808, 0.0, 0.173648, -5e-06, 0.173648, 0.0, -0.984808, 1.640073, 0.0, 1.0, 0.0, 0.763972, 0.0, 0.0, 0.0, 1.0],
                [0.984808, 0.0, 0.173648, -5e-06, 0.173648, 0.0, -0.984808, 1.640073, 0.0, 1.0, 0.0, 0.763972, 0.0, 0.0, 0.0, 1.0],
                [0.984847, 0.0, 0.173428, -5e-06, 0.173428, 0.0, -0.984847, 1.639596, 0.0, 1.0, 0.0, 0.763972, 0.0, 0.0, 0.0, 1.0],
                [0.984961, 0.0, 0.172779, -5e-06, 0.172779, 0.0, -0.984961, 1.638191, 0.0, 1.0, 0.0, 0.763972, 0.0, 0.0, 0.0, 1.0],
                [0.985146, 0.0, 0.17172, -5e-06, 0.17172, 0.0, -0.985146, 1.635899, 0.0, 1.0, 0.0, 0.763972, 0.0, 0.0, 0.0, 1.0],
                [0.985398, 0.0, 0.170269, -5e-06, 0.170269, 0.0, -0.985398, 1.632761, 0.0, 1.0, 0.0, 0.763972, 0.0, 0.0, 0.0, 1.0],
                [0.985711, 0.0, 0.168445, -5e-06, 0.168445, 0.0, -0.985711, 1.628815, 0.0, 1.0, 0.0, 0.763972, 0.0, 0.0, 0.0, 1.0],
                [0.986081, 0.0, 0.166266, -5e-06, 0.166266, 0.0, -0.986081, 1.624104, 0.0, 1.0, 0.0, 0.763972, 0.0, 0.0, 0.0, 1.0],
                [0.986502, 0.0, 0.16375, -5e-06, 0.16375, 0.0, -0.986502, 1.618667, 0.0, 1.0, 0.0, 0.763972, 0.0, 0.0, 0.0, 1.0],
                [0.986968, 0.0, 0.160915, -5e-06, 0.160915, 0.0, -0.986968, 1.612544, 0.0, 1.0, 0.0, 0.763972, 0.0, 0.0, 0.0, 1.0],
                [0.987474, 0.0, 0.157779, -5e-06, 0.157779, 0.0, -0.987474, 1.605777, 0.0, 1.0, 0.0, 0.763972, 0.0, 0.0, 0.0, 1.0],
                [0.988015, 0.0, 0.154361, -5e-06, 0.154361, 0.0, -0.988015, 1.598404, 0.0, 1.0, 0.0, 0.763972, 0.0, 0.0, 0.0, 1.0],
                [0.988583, 0.0, 0.150679, -5e-06, 0.150679, 0.0, -0.988583, 1.590467, 0.0, 1.0, 0.0, 0.763972, 0.0, 0.0, 0.0, 1.0],
                [0.989174, 0.0, 0.14675, -5e-06, 0.14675, 0.0, -0.989174, 1.582005, 0.0, 1.0, 0.0, 0.763972, 0.0, 0.0, 0.0, 1.0],
                [0.989781, 0.0, 0.142594, -5e-06, 0.142594, 0.0, -0.989781, 1.57306, 0.0, 1.0, 0.0, 0.763972, 0.0, 0.0, 0.0, 1.0],
                [0.9904, 0.0, 0.138229, -5e-06, 0.138229, 0.0, -0.9904, 1.563671, 0.0, 1.0, 0.0, 0.763972, 0.0, 0.0, 0.0, 1.0],
                [0.991026, 0.0, 0.133673, -5e-06, 0.133673, 0.0, -0.991026, 1.553879, 0.0, 1.0, 0.0, 0.763972, 0.0, 0.0, 0.0, 1.0],
                [0.991652, 0.0, 0.128944, -5e-06, 0.128944, 0.0, -0.991652, 1.543724, 0.0, 1.0, 0.0, 0.763972, 0.0, 0.0, 0.0, 1.0],
                [0.992275, 0.0, 0.124062, -5e-06, 0.124062, 0.0, -0.992275, 1.533246, 0.0, 1.0, 0.0, 0.763972, 0.0, 0.0, 0.0, 1.0],
                [0.992889, 0.0, 0.119044, -5e-06, 0.119044, 0.0, -0.992889, 1.522486, 0.0, 1.0, 0.0, 0.763972, 0.0, 0.0, 0.0, 1.0],
                [0.993491, 0.0, 0.11391, -5e-06, 0.11391, 0.0, -0.993491, 1.511484, 0.0, 1.0, 0.0, 0.763972, 0.0, 0.0, 0.0, 1.0],
                [0.994077, 0.0, 0.108679, -5e-06, 0.108679, 0.0, -0.994077, 1.50028, 0.0, 1.0, 0.0, 0.763972, 0.0, 0.0, 0.0, 1.0],
                [0.994643, 0.0, 0.103369, -5e-06, 0.103369, 0.0, -0.994643, 1.488916, 0.0, 1.0, 0.0, 0.763972, 0.0, 0.0, 0.0, 1.0],
                [0.995187, 0.0, 0.097999, -5e-06, 0.097999, 0.0, -0.995187, 1.47743, 0.0, 1.0, 0.0, 0.763972, 0.0, 0.0, 0.0, 1.0],
                [0.995704, 0.0, 0.092588, -5e-06, 0.092588, 0.0, -0.995704, 1.465863, 0.0, 1.0, 0.0, 0.763972, 0.0, 0.0, 0.0, 1.0],
                [0.996195, 0.0, 0.087156, -5e-06, 0.087156, 0.0, -0.996195, 1.454257, 0.0, 1.0, 0.0, 0.763972, 0.0, 0.0, 0.0, 1.0],
                [0.996655, 0.0, 0.081721, -5e-06, 0.081721, 0.0, -0.996655, 1.44265, 0.0, 1.0, 0.0, 0.763972, 0.0, 0.0, 0.0, 1.0],
                [0.997085, 0.0, 0.076302, -5e-06, 0.076302, 0.0, -0.997085, 1.431083, 0.0, 1.0, 0.0, 0.763972, 0.0, 0.0, 0.0, 1.0],
                [0.997482, 0.0, 0.07092, -5e-06, 0.07092, 0.0, -0.997482, 1.419598, 0.0, 1.0, 0.0, 0.763972, 0.0, 0.0, 0.0, 1.0],
                [0.997847, 0.0, 0.065592, -5e-06, 0.065592, 0.0, -0.997847, 1.408233, 0.0, 1.0, 0.0, 0.763972, 0.0, 0.0, 0.0, 1.0],
                [0.998178, 0.0, 0.060338, -5e-06, 0.060338, 0.0, -0.998178, 1.397029, 0.0, 1.0, 0.0, 0.763972, 0.0, 0.0, 0.0, 1.0],
                [0.998477, 0.0, 0.055178, -5e-06, 0.055178, 0.0, -0.998477, 1.386027, 0.0, 1.0, 0.0, 0.763972, 0.0, 0.0, 0.0, 1.0],
                [0.998743, 0.0, 0.05013, -5e-06, 0.05013, 0.0, -0.998743, 1.375267, 0.0, 1.0, 0.0, 0.763972, 0.0, 0.0, 0.0, 1.0],
                [0.998977, 0.0, 0.045213, -5e-06, 0.045213, 0.0, -0.998977, 1.364789, 0.0, 1.0, 0.0, 0.763972, 0.0, 0.0, 0.0, 1.0],
                [0.999182, 0.0, 0.040448, -5e-06, 0.040448, 0.0, -0.999182, 1.354634, 0.0, 1.0, 0.0, 0.763972, 0.0, 0.0, 0.0, 1.0],
                [0.999357, 0.0, 0.035852, -5e-06, 0.035852, 0.0, -0.999357, 1.344842, 0.0, 1.0, 0.0, 0.763972, 0.0, 0.0, 0.0, 1.0],
                [0.999505, 0.0, 0.031446, -5e-06, 0.031446, 0.0, -0.999505, 1.335453, 0.0, 1.0, 0.0, 0.763972, 0.0, 0.0, 0.0, 1.0],
                [0.999629, 0.0, 0.027247, -5e-06, 0.027247, 0.0, -0.999629, 1.326508, 0.0, 1.0, 0.0, 0.763972, 0.0, 0.0, 0.0, 1.0],
                [0.999729, 0.0, 0.023276, -5e-06, 0.023276, 0.0, -0.999729, 1.318046, 0.0, 1.0, 0.0, 0.763972, 0.0, 0.0, 0.0, 1.0],
                [0.999809, 0.0, 0.019551, -5e-06, 0.019551, 0.0, -0.999809, 1.310109, 0.0, 1.0, 0.0, 0.763972, 0.0, 0.0, 0.0, 1.0],
                [0.999871, 0.0, 0.016091, -5e-06, 0.016091, 0.0, -0.999871, 1.302737, 0.0, 1.0, 0.0, 0.763972, 0.0, 0.0, 0.0, 1.0],
                [0.999917, 0.0, 0.012915, -5e-06, 0.012915, 0.0, -0.999917, 1.295969, 0.0, 1.0, 0.0, 0.763972, 0.0, 0.0, 0.0, 1.0],
                [0.99995, 0.0, 0.010042, -5e-06, 0.010042, 0.0, -0.99995, 1.289846, 0.0, 1.0, 0.0, 0.763972, 0.0, 0.0, 0.0, 1.0],
                [0.999972, 0.0, 0.007491, -5e-06, 0.007491, 0.0, -0.999972, 1.284409, 0.0, 1.0, 0.0, 0.763972, 0.0, 0.0, 0.0, 1.0],
                [0.999986, 0.0, 0.005281, -5e-06, 0.005281, 0.0, -0.999986, 1.279698, 0.0, 1.0, 0.0, 0.763972, 0.0, 0.0, 0.0, 1.0],
                [0.999994, 0.0, 0.00343, -5e-06, 0.00343, 0.0, -0.999994, 1.275753, 0.0, 1.0, 0.0, 0.763972, 0.0, 0.0, 0.0, 1.0],
                [0.999998, 0.0, 0.001958, -5e-06, 0.001958, 0.0, -0.999998, 1.272614, 0.0, 1.0, 0.0, 0.763972, 0.0, 0.0, 0.0, 1.0],
                [1.0, 0.0, 0.000883, -5e-06, 0.000883, 0.0, -1.0, 1.270322, 0.0, 1.0, 0.0, 0.763972, 0.0, 0.0, 0.0, 1.0],
                [1.0, 0.0, 0.000224, -5e-06, 0.000224, 0.0, -1.0, 1.268918, 0.0, 1.0, 0.0, 0.763972, 0.0, 0.0, 0.0, 1.0],
                [1.0, 0.0, 0.0, -5e-06, 0.0, 0.0, -1.0, 1.26844, 0.0, 1.0, 0.0, 0.763972, 0.0, 0.0, 0.0, 1.0]
            ]
        },
        {
            "name": "Thigh_R",
            "time": [0.0, 0.0167, 0.0333, 0.05, 0.0667, 0.0833, 0.1, 0.1167, 0.1333, 0.15, 0.1667, 0.1833, 0.2, 0.2167, 0.2333, 0.25, 0.2667, 0.2833, 0.3, 0.3167, 0.3333, 0.35, 0.3667, 0.3833, 0.4, 0.4167, 0.4333, 0.45, 0.4667, 0.4833, 0.5, 0.5167, 0.5333, 0.55, 0.5667, 0.5833, 0.6, 0.6167, 0.6333, 0.65, 0.6667, 0.6833, 0.7, 0.7167, 0.7333, 0.75, 0.7667, 0.7833, 0.8, 0.8167, 0.8333, 0.85, 0.8667, 0.8833, 0.9, 0.9167, 0.9333, 0.95, 0.9667, 0.9833, 1.0, 1.0167, 1.0333, 1.05, 1.0667, 1.0833, 1.1, 1.1167, 1.1333, 1.15, 1.1667, 1.1833, 1.2, 1.2167, 1.2333, 1.25, 1.2667, 1.2833, 1.3, 1.3167, 1.3333, 1.35, 1.3667, 1.3833, 1.4, 1.4167, 1.4333, 1.45, 1.4667, 1.4833, 1.5, 1.5167, 1.5333, 1.55, 1.5667, 1.5833, 1.6, 1.6167, 1.6333, 1.65, 1.6667, 1.6833, 1.7, 1.7167, 1.7333, 1.75, 1.7667, 1.7833, 1.8, 1.8167, 1.8333, 1.85, 1.8667, 1.8833, 1.9, 1.9167, 1.9333, 1.95, 1.9667, 1.9833, 2.0, 2.0167, 2.0333, 2.05, 2.0667, 2.0833, 2.1, 2.1167, 2.1333],
            "transform": [
                [0.99589, 0.072043, 0.054896, 0.124994, 0.035518, -0.868165, 0.495002, -0.002831, 0.08332, -0.491018, -0.867156, -1.2e-05, 0.0, 0.0, 0.0, 1.0],
                [0.99589, 0.072043, 0.054896, 0.124994, 0.035518, -0.868165, 0.495002, -0.002831, 0.08332, -0.491018, -0.867156, -1.2e-05, 0.0, 0.0, 0.0, 1.0],
                [0.99589, 0.072043, 0.054896, 0.124994, 0.035518, -0.868165, 0.495002, -0.002831, 0.08332, -0.491018, -0.867156, -1.2e-05, 0.0, 0.0, 0.0, 1.0],
                [0.99589, 0.072043, 0.054896, 0.124994, 0.035518, -0.868165, 0.495002, -0.002831, 0.08332, -0.491018, -0.867156, -1.2e-05, 0.0, 0.0, 0.0, 1.0],
                [0.99589, 0.072043, 0.054896, 0.124994, 0.035518, -0.868165, 0.495002, -0.002831, 0.08332, -0.491018, -0.867156, -1.2e-05, 0.0, 0.0, 0.0, 1.0],
                [0.99589, 0.072043, 0.054896, 0.124994, 0.035518, -0.868165, 0.495002, -0.002831, 0.08332, -0.491018, -0.867156, -1.2e-05, 0.0, 0.0, 0.0, 1.0],
                [0.99589, 0.072043, 0.054896, 0.124994, 0.035518, -0.868165, 0.495002, -0.002831, 0.08332, -0.491018, -0.867156, -1.2e-05, 0.0, 0.0, 0.0, 1.0],
                [0.99589, 0.072043, 0.054896, 0.124994, 0.035518, -0.868165, 0.495002, -0.002831, 0.08332, -0.491018, -0.867156, -1.2e-05, 0.0, 0.0, 0.0, 1.0],
                [0.99589, 0.072043, 0.054896, 0.124994, 0.035518, -0.868165, 0.495002, -0.002831, 0.08332, -0.491018, -0.867156, -1.2e-05, 0.0, 0.0, 0.0, 1.0],
                [0.99589, 0.072043, 0.054896, 0.124994, 0.035518, -0.868165, 0.495002, -0.002831, 0.08332, -0.491018, -0.867156, -1.2e-05, 0.0, 0.0, 0.0, 1.0],
                [0.99589, 0.072043, 0.054896, 0.124994, 0.035518, -0.868165, 0.495002, -0.002831, 0.08332, -0.491018, -0.867156, -1.2e-05, 0.0, 0.0, 0.0, 1.0],
                [0.99589, 0.072043, 0.054896, 0.124994, 0.035518, -0.868165, 0.495002, -0.002831, 0.08332, -0.491018, -0.867156, -1.2e-05, 0.0, 0.0, 0.0, 1.0],
                [0.99589, 0.072043, 0.054896, 0.124994, 0.035518, -0.868165, 0.495002, -0.002831, 0.08332, -0.491018, -0.867156, -1.2e-05, 0.0, 0.0, 0.0, 1.0],
                [0.99589, 0.072043, 0.054896, 0.124994, 0.035518, -0.868165, 0.495002, -0.002831, 0.08332, -0.491018, -0.867156, -1.2e-05, 0.0, 0.0, 0.0, 1.0],
                [0.99589, 0.072043, 0.054896, 0.124994, 0.035518, -0.868165, 0.495002, -0.002831, 0.08332, -0.491018, -0.867156, -1.2e-05, 0.0, 0.0, 0.0, 1.0],
                [0.99589, 0.072043, 0.054896, 0.124994, 0.035518, -0.868165, 0.495002, -0.002831, 0.08332, -0.491018, -0.867156, -1.2e-05, 0.0, 0.0, 0.0, 1.0],
                [0.99589, 0.072043, 0.054896, 0.124994, 0.035518, -0.868165, 0.495002, -0.002831, 0.08332, -0.491018, -0.867156, -1.2e-05, 0.0, 0.0, 0.0, 1.0],
                [0.99589, 0.072043, 0.054896, 0.124994, 0.035518, -0.868165, 0.495002, -0.002831, 0.08332, -0.491018, -0.867156, -1.2e-05, 0.0, 0.0, 0.0, 1.0],
                [0.99589, 0.072043, 0.054896, 0.124994, 0.035518, -0.868165, 0.495002, -0.002831, 0.08332, -0.491018, -0.867156, -1.2e-05, 0.0, 0.0, 0.0, 1.0],
                [0.99589, 0.072043, 0.054896, 0.124994, 0.035518, -0.868165, 0.495002, -0.002831, 0.08332, -0.491018, -0.867156, -1.2e-05, 0.0, 0.0, 0.0, 1.0],
                [0.99589, 0.072043, 0.054896, 0.124994, 0.035518, -0.868165, 0.495002, -0.002831, 0.08332, -0.491018, -0.867156, -1.2e-05, 0.0, 0.0, 0.0, 1.0],
                [0.99589, 0.072043, 0.054896, 0.124994, 0.035518, -0.868165, 0.495002, -0.002831, 0.08332, -0.491018, -0.867156, -1.2e-05, 0.0, 0.0, 0.0, 1.0],
                [0.99589, 0.072043, 0.054896, 0.124994, 0.035518, -0.868165, 0.495002, -0.002831, 0.08332, -0.491018, -0.867156, -1.2e-05, 0.0, 0.0, 0.0, 1.0],
                [0.99589, 0.072043, 0.054896, 0.124994, 0.035518, -0.868165, 0.495002, -0.002831, 0.08332, -0.491018, -0.867156, -1.2e-05, 0.0, 0.0, 0.0, 1.0],
                [0.99589, 0.072043, 0.054896, 0.124994, 0.035518, -0.868165, 0.495002, -0.002831, 0.08332, -0.491018, -0.867156, -1.2e-05, 0.0, 0.0, 0.0, 1.0],
                [0.99589, 0.072043, 0.054896, 0.124994, 0.035518, -0.868165, 0.495002, -0.002831, 0.08332, -0.491018, -0.867156, -1.2e-05, 0.0, 0.0, 0.0, 1.0],
                [0.99589, 0.072043, 0.054896, 0.124994, 0.035518, -0.868165, 0.495002, -0.002831, 0.08332, -0.491018, -0.867156, -1.2e-05, 0.0, 0.0, 0.0, 1.0],
                [0.99589, 0.072043, 0.054896, 0.124994, 0.035518, -0.868165, 0.495002, -0.002831, 0.08332, -0.491018, -0.867156, -1.2e-05, 0.0, 0.0, 0.0, 1.0],
                [0.99589, 0.072043, 0.054896, 0.124994, 0.035518, -0.868165, 0.495002, -0.002831, 0.08332, -0.491018, -0.867156, -1.2e-05, 0.0, 0.0, 0.0, 1.0],
                [0.99589, 0.072043, 0.054896, 0.124994, 0.035518, -0.868165, 0.495002, -0.002831, 0.08332, -0.491018, -0.867156, -1.2e-05, 0.0, 0.0, 0.0, 1.0],
                [0.99589, 0.072043, 0.054896, 0.124994, 0.035518, -0.868165, 0.495002, -0.002831, 0.08332, -0.491018, -0.867156, -1.2e-05, 0.0, 0.0, 0.0, 1.0],
                [0.99589, 0.072043, 0.054896, 0.124994, 0.035518, -0.868165, 0.495002, -0.002831, 0.08332, -0.491018, -0.867156, -1.2e-05, 0.0, 0.0, 0.0, 1.0],
                [0.99589, 0.072043, 0.054896, 0.124994, 0.035518, -0.868165, 0.495002, -0.002831, 0.08332, -0.491018, -0.867156, -1.2e-05, 0.0, 0.0, 0.0, 1.0],
                [0.99589, 0.072043, 0.054896, 0.124994, 0.035518, -0.868165, 0.495002, -0.002831, 0.08332, -0.491018, -0.867156, -1.2e-05, 0.0, 0.0, 0.0, 1.0],
                [0.99589, 0.072043, 0.054896, 0.124994, 0.035518, -0.868165, 0.495002, -0.002831, 0.08332, -0.491018, -0.867156, -1.2e-05, 0.0, 0.0, 0.0, 1.0],
                [0.99589, 0.072043, 0.054896, 0.124994, 0.035518, -0.868165, 0.495002, -0.002831, 0.08332, -0.491018, -0.867156, -1.2e-05, 0.0, 0.0, 0.0, 1.0],
                [0.99589, 0.072043, 0.054896, 0.124994, 0.035518, -0.868165, 0.495002, -0.002831, 0.08332, -0.491018, -0.867156, -1.2e-05, 0.0, 0.0, 0.0, 1.0],
                [0.99589, 0.072043, 0.054896, 0.124994, 0.035518, -0.868165, 0.495002, -0.002831, 0.08332, -0.491018, -0.867156, -1.2e-05, 0.0, 0.0, 0.0, 1.0],
                [0.99589, 0.072043, 0.054896, 0.124994, 0.035518, -0.868165, 0.495002, -0.002831, 0.08332, -0.491018, -0.867156, -1.2e-05, 0.0, 0.0, 0.0, 1.0],
                [0.99589, 0.072043, 0.054896, 0.124994, 0.035518, -0.868165, 0.495002, -0.002831, 0.08332, -0.491018, -0.867156, -1.2e-05, 0.0, 0.0, 0.0, 1.0],
                [0.99589, 0.072043, 0.054896, 0.124994, 0.035518, -0.868165, 0.495002, -0.002831, 0.08332, -0.491018, -0.867156, -1.2e-05, 0.0, 0.0, 0.0, 1.0],
                [0.99589, 0.072043, 0.054896, 0.124994, 0.035518, -0.868165, 0.495002, -0.002831, 0.08332, -0.491018, -0.867156, -1.2e-05, 0.0, 0.0, 0.0, 1.0],
                [0.99589, 0.072043, 0.054896, 0.124994, 0.035518, -0.868165, 0.495002, -0.002831, 0.08332, -0.491018, -0.867156, -1.2e-05, 0.0, 0.0, 0.0, 1.0],
                [0.99589, 0.072043, 0.054896, 0.124994, 0.035518, -0.868165, 0.495002, -0.002831, 0.08332, -0.491018, -0.867156, -1.2e-05, 0.0, 0.0, 0.0, 1.0],
                [0.99589, 0.072043, 0.054896, 0.124994, 0.035518, -0.868165, 0.495002, -0.002831, 0.08332, -0.491018, -0.867156, -1.2e-05, 0.0, 0.0, 0.0, 1.0],
                [0.99589, 0.072043, 0.054896, 0.124994, 0.035518, -0.868165, 0.495002, -0.002831, 0.08332, -0.491018, -0.867156, -1.2e-05, 0.0, 0.0, 0.0, 1.0],
                [0.99589, 0.072043, 0.054896, 0.124994, 0.035518, -0.868165, 0.495002, -0.002831, 0.08332, -0.491018, -0.867156, -1.2e-05, 0.0, 0.0, 0.0, 1.0],
                [0.99589, 0.072043, 0.054896, 0.124994, 0.035518, -0.868165, 0.495002, -0.002831, 0.08332, -0.491018, -0.867156, -1.2e-05, 0.0, 0.0, 0.0, 1.0],
                [0.99589, 0.072043, 0.054896, 0.124994, 0.035518, -0.868165, 0.495002, -0.002831, 0.08332, -0.491018, -0.867156, -1.2e-05, 0.0, 0.0, 0.0, 1.0],
                [0.99589, 0.072043, 0.054896, 0.124994, 0.035518, -0.868165, 0.495002, -0.002831, 0.08332, -0.491018, -0.867156, -1.2e-05, 0.0, 0.0, 0.0, 1.0],
                [0.99589, 0.072043, 0.054896, 0.124994, 0.035518, -0.868165, 0.495002, -0.002831, 0.08332, -0.491018, -0.867156, -1.2e-05, 0.0, 0.0, 0.0, 1.0],
                [0.99589, 0.072043, 0.054896, 0.124994, 0.035518, -0.868165, 0.495002, -0.002831, 0.08332, -0.491018, -0.867156, -1.2e-05, 0.0, 0.0, 0.0, 1.0],
                [0.99589, 0.072043, 0.054896, 0.124994, 0.035518, -0.868165, 0.495002, -0.002831, 0.08332, -0.491018, -0.867156, -1.2e-05, 0.0, 0.0, 0.0, 1.0],
                [0.99589, 0.072043, 0.054896, 0.124994, 0.035518, -0.868165, 0.495002, -0.002831, 0.08332, -0.491018, -0.867156, -1.2e-05, 0.0, 0.0, 0.0, 1.0],
                [0.99589, 0.072043, 0.054896, 0.124994, 0.035518, -0.868165, 0.495002, -0.002831, 0.08332, -0.491018, -0.867156, -1.2e-05, 0.0, 0.0, 0.0, 1.0],
                [0.99589, 0.072043, 0.054896, 0.124994, 0.035518, -0.868165, 0.495002, -0.002831, 0.08332, -0.491018, -0.867156, -1.2e-05, 0.0, 0.0, 0.0, 1.0],
                [0.99589, 0.072043, 0.054896, 0.124994, 0.035518, -0.868165, 0.495002, -0.002831, 0.08332, -0.491018, -0.867156, -1.2e-05, 0.0, 0.0, 0.0, 1.0],
                [0.99589, 0.072043, 0.054896, 0.124994, 0.035518, -0.868165, 0.495002, -0.002831, 0.08332, -0.491018, -0.867156, -1.2e-05, 0.0, 0.0, 0.0, 1.0],
                [0.99589, 0.072043, 0.054896, 0.124994, 0.035518, -0.868165, 0.495002, -0.002831, 0.08332, -0.491018, -0.867156, -1.2e-05, 0.0, 0.0, 0.0, 1.0],
                [0.99589, 0.072043, 0.054896, 0.124994, 0.035518, -0.868165, 0.495002, -0.002831, 0.08332, -0.491018, -0.867156, -1.2e-05, 0.0, 0.0, 0.0, 1.0],
                [0.99589, 0.072043, 0.054896, 0.124994, 0.035518, -0.868165, 0.495002, -0.002831, 0.08332, -0.491018, -0.867156, -1.2e-05, 0.0, 0.0, 0.0, 1.0],
                [0.99589, 0.072043, 0.054896, 0.124994, 0.035518, -0.868165, 0.495002, -0.002831, 0.08332, -0.491018, -0.867156, -1.2e-05, 0.0, 0.0, 0.0, 1.0],
                [0.99589, 0.072043, 0.054896, 0.124994, 0.035518, -0.868165, 0.495002, -0.002831, 0.08332, -0.491018, -0.867156, -1.2e-05, 0.0, 0.0, 0.0, 1.0],
                [0.99589, 0.072043, 0.054896, 0.124994, 0.035518, -0.868165, 0.495002, -0.002831, 0.08332, -0.491018, -0.867156, -1.2e-05, 0.0, 0.0, 0.0, 1.0],
                [0.99589, 0.072043, 0.054896, 0.124994, 0.035518, -0.868165, 0.495002, -0.002831, 0.08332, -0.491018, -0.867156, -1.2e-05, 0.0, 0.0, 0.0, 1.0],
                [0.99589, 0.072043, 0.054896, 0.124994, 0.035518, -0.868165, 0.495002, -0.002831, 0.08332, -0.491018, -0.867156, -1.2e-05, 0.0, 0.0, 0.0, 1.0],
                [0.99589, 0.072043, 0.054896, 0.124994, 0.035518, -0.868165, 0.495002, -0.002831, 0.08332, -0.491018, -0.867156, -1.2e-05, 0.0, 0.0, 0.0, 1.0],
                [0.99589, 0.072043, 0.054896, 0.124994, 0.035518, -0.868165, 0.495002, -0.002831, 0.08332, -0.491018, -0.867156, -1.2e-05, 0.0, 0.0, 0.0, 1.0],
                [0.99589, 0.072043, 0.054896, 0.124994, 0.035518, -0.868165, 0.495002, -0.002831, 0.08332, -0.491018, -0.867156, -1.2e-05, 0.0, 0.0, 0.0, 1.0],
                [0.99589, 0.072043, 0.054896, 0.124994, 0.035518, -0.868165, 0.495002, -0.002831, 0.08332, -0.491018, -0.867156, -1.2e-05, 0.0, 0.0, 0.0, 1.0],
                [0.99589, 0.072043, 0.054896, 0.124994, 0.035518, -0.868165, 0.495002, -0.002831, 0.08332, -0.491018, -0.867156, -1.2e-05, 0.0, 0.0, 0.0, 1.0],
                [0.99589, 0.072043, 0.054896, 0.124994, 0.035518, -0.868165, 0.495002, -0.002831, 0.08332, -0.491018, -0.867156, -1.2e-05, 0.0, 0.0, 0.0, 1.0],
                [0.99589, 0.072043, 0.054896, 0.124994, 0.035518, -0.868165, 0.495002, -0.002831, 0.08332, -0.491018, -0.867156, -1.2e-05, 0.0, 0.0, 0.0, 1.0],
                [0.99589, 0.072043, 0.054896, 0.124994, 0.035518, -0.868165, 0.495002, -0.002831, 0.08332, -0.491018, -0.867156, -1.2e-05, 0.0, 0.0, 0.0, 1.0],
                [0.99589, 0.072043, 0.054896, 0.124994, 0.035518, -0.868165, 0.495002, -0.002831, 0.08332, -0.491018, -0.867156, -1.2e-05, 0.0, 0.0, 0.0, 1.0],
                [0.99589, 0.072043, 0.054896, 0.124994, 0.035518, -0.868165, 0.495002, -0.002831, 0.08332, -0.491018, -0.867156, -1.2e-05, 0.0, 0.0, 0.0, 1.0],
                [0.99589, 0.072043, 0.054896, 0.124994, 0.035518, -0.868165, 0.495002, -0.002831, 0.08332, -0.491018, -0.867156, -1.2e-05, 0.0, 0.0, 0.0, 1.0],
                [0.99589, 0.072043, 0.054896, 0.124994, 0.035518, -0.868165, 0.495002, -0.002831, 0.08332, -0.491018, -0.867156, -1.2e-05, 0.0, 0.0, 0.0, 1.0],
                [0.99589, 0.072043, 0.054896, 0.124994, 0.035518, -0.868165, 0.495002, -0.002831, 0.08332, -0.491018, -0.867156, -1.2e-05, 0.0, 0.0, 0.0, 1.0],
                [0.99589, 0.072043, 0.054896, 0.124994, 0.035518, -0.868165, 0.495002, -0.002831, 0.08332, -0.491018, -0.867156, -1.2e-05, 0.0, 0.0, 0.0, 1.0],
                [0.99589, 0.072043, 0.054896, 0.124994, 0.035518, -0.868165, 0.495002, -0.002831, 0.08332, -0.491018, -0.867156, -1.2e-05, 0.0, 0.0, 0.0, 1.0],
                [0.995883, 0.072153, 0.054878, 0.124994, 0.035659, -0.868374, 0.494626, -0.002831, 0.083343, -0.490633, -0.867371, -1.2e-05, 0.0, 0.0, 0.0, 1.0],
                [0.995862, 0.072478, 0.054825, 0.124994, 0.036074, -0.868986, 0.493519, -0.002831, 0.083411, -0.489499, -0.868005, -1.2e-05, 0.0, 0.0, 0.0, 1.0],
                [0.995828, 0.073007, 0.054739, 0.124994, 0.036753, -0.869983, 0.491711, -0.002831, 0.08352, -0.487648, -0.869036, -1.2e-05, 0.0, 0.0, 0.0, 1.0],
                [0.995781, 0.073733, 0.054623, 0.124994, 0.037682, -0.87134, 0.48923, -0.002831, 0.083668, -0.485107, -0.870443, -1.2e-05, 0.0, 0.0, 0.0, 1.0],
                [0.995721, 0.074645, 0.054481, 0.124994, 0.038851, -0.873037, 0.486104, -0.002831, 0.083849, -0.481908, -0.872201, -1.2e-05, 0.0, 0.0, 0.0, 1.0],
                [0.995648, 0.075736, 0.054315, 0.124994, 0.040248, -0.875046, 0.482363, -0.002831, 0.08406, -0.478077, -0.874286, -1.2e-05, 0.0, 0.0, 0.0, 1.0],
                [0.995561, 0.076996, 0.054129, 0.124994, 0.041863, -0.877345, 0.478031, -0.002831, 0.084296, -0.473643, -0.876674, -1.2e-05, 0.0, 0.0, 0.0, 1.0],
                [0.995461, 0.078417, 0.053927, 0.124994, 0.043683, -0.879905, 0.473137, -0.002831, 0.084553, -0.468633, -0.879337, -1.2e-05, 0.0, 0.0, 0.0, 1.0],
                [0.995347, 0.079989, 0.053713, 0.124994, 0.045697, -0.882702, 0.467706, -0.002831, 0.084824, -0.463076, -0.88225, -1.2e-05, 0.0, 0.0, 0.0, 1.0],
                [0.99522, 0.081704, 0.053491, 0.124994, 0.047894, -0.885707, 0.461767, -0.002831, 0.085106, -0.456998, -0.885387, -1.2e-05, 0.0, 0.0, 0.0, 1.0],
                [0.995079, 0.083552, 0.053265, 0.124994, 0.050262, -0.888895, 0.455345, -0.002831, 0.085392, -0.450427, -0.88872, -1.2e-05, 0.0, 0.0, 0.0, 1.0],
                [0.994923, 0.085524, 0.053039, 0.124994, 0.05279, -0.892238, 0.448468, -0.002831, 0.085678, -0.443392, -0.892224, -1.2e-05, 0.0, 0.0, 0.0, 1.0],
                [0.994754, 0.087612, 0.052816, 0.124994, 0.055466, -0.89571, 0.441164, -0.002831, 0.085959, -0.43592, -0.895871, -1.2e-05, 0.0, 0.0, 0.0, 1.0],
                [0.994569, 0.089806, 0.0526, 0.124994, 0.058278, -0.899285, 0.433462, -0.002831, 0.08623, -0.428043, -0.899635, -1.2e-05, 0.0, 0.0, 0.0, 1.0],
                [0.994371, 0.092097, 0.052395, 0.124994, 0.061214, -0.902937, 0.42539, -0.002831, 0.086486, -0.419788, -0.903492, -1.2e-05, 0.0, 0.0, 0.0, 1.0],
