{
    "armature": {
        "joints": ["Root", "Thigh_R", "Leg_R", "Knee_R", "Thigh_L", "Leg_L", "Knee_L", "Torso", "Chest", "Head", "Shoulder_R", "Arm_R", "Hand_R", "Tool_R", "Elbow_R", "Shoulder_L", "Arm_L", "Hand_L", "Tool_L", "Elbow_L"],
        "hierarchy": [
            {
                "name": "Root",
                "transform": [1.0, 0.0, 0.0, -5e-06, 0.0, 0.0, -1.0, 0.000946, 0.0, 1.0, 0.0, 0.763972, 0.0, 0.0, 0.0, 1.0],
                "children": [
                    {
                        "name": "Thigh_R",
                        "transform": [1.0, -0.0, -0.0, 0.124994, -0.0, -1.0, 0.0, -0.002831, -0.0, -0.0, -1.0, -1.2e-05, 0.0, 0.0, 0.0, 1.0],
                        "children": [
                            {
                                "name": "Leg_R",
                                "transform": [1.0, 0.0, 1e-06, 0.0, -0.0, 1.0, 0.0, 0.37472, -1e-06, -0.0, 1.0, -0.0, 0.0, 0.0, 0.0, 1.0],
                                "children": []
                            },
                            {
                                "name": "Knee_R",
                                "transform": [1.0, 0.0, -0.0, 0.0, -0.0, 0.0, -1.0, 0.37472, -0.0, 1.0, 0.0, -0.0, 0.0, 0.0, 0.0, 1.0],
                                "children": []
                            }
                        ]
                    },
                    {
                        "name": "Thigh_L",
                        "transform": [1.0, -0.0, -0.0, -0.125006, -0.0, -1.0, 0.0, -0.002831, -0.0, -0.0, -1.0, -1.2e-05, 0.0, 0.0, 0.0, 1.0],
                        "children": [
                            {
                                "name": "Leg_L",
                                "transform": [1.0, 0.0, 1e-06, -0.0, -0.0, 1.0, 0.0, 0.37472, -1e-06, -0.0, 1.0, 0.0, 0.0, 0.0, 0.0, 1.0],
                                "children": []
                            },
                            {
                                "name": "Knee_L",
                                "transform": [1.0, 0.0, -0.0, -0.0, -0.0, 0.0, -1.0, 0.37472, -0.0, 1.0, 0.0, 0.0, 0.0, 0.0, 0.0, 1.0],
                                "children": []
                            }
                        ]
                    },
                    {
                        "name": "Torso",
                        "transform": [1.0, 0.0, 0.0, 0.0, 0.0, 1.0, 0.0, 0.05, 0.0, 0.0, 1.0, 0.0, 0.0, 0.0, 0.0, 1.0],
                        "children": [
                            {
                                "name": "Chest",
                                "transform": [1.0, 0.0, 0.0, 0.0, 0.0, 1.0, 0.0, 0.3, 0.0, 0.0, 1.0, 0.0, 0.0, 0.0, 0.0, 1.0],
                                "children": [
                                    {
                                        "name": "Head",
                                        "transform": [1.0, 0.0, 0.0, 0.0, 0.0, 1.0, 0.0, 0.4, 0.0, 0.0, 1.0, 0.0, 0.0, 0.0, 0.0, 1.0],
                                        "children": []
                                    },
                                    {
                                        "name": "Shoulder_R",
                                        "transform": [0.0, 0.952114, 0.305743, 0.0, 0.0, -0.305743, 0.952114, 0.4, 1.0, 0.0, -0.0, 0.0, 0.0, 0.0, 0.0, 1.0],
                                        "children": [
                                            {
                                                "name": "Arm_R",
                                                "transform": [0.0, -0.0, -1.0, -0.0, 0.952114, 0.305743, 0.0, 0.39386, 0.305743, -0.952114, 0.0, 0.0, 0.0, 0.0, 0.0, 1.0],
                                                "children": [
                                                    {
                                                        "name": "Hand_R",
                                                        "transform": [1.0, 0.0, 0.0, 0.0, -0.0, 0.993938, 0.109947, 0.3, -0.0, -0.109947, 0.993937, 0.0, 0.0, 0.0, 0.0, 1.0],
                                                        "children": [
                                                            {
                                                                "name": "Tool_R",
                                                                "transform": [1.0, 0.0, 0.0, -0.0, 0.0, -0.999836, 0.018122, 0.272858, 0.0, -0.018122, -0.999836, 0.0, 0.0, 0.0, 0.0, 1.0],
                                                                "children": []
                                                            }
                                                        ]
                                                    },
                                                    {
                                                        "name": "Elbow_R",
                                                        "transform": [-1.0, 0.0, -0.0, 0.0, 0.0, 0.0, -1.0, 0.3, -0.0, -1.0, -0.0, 0.0, 0.0, 0.0, 0.0, 1.0],
                                                        "children": []
                                                    }
                                                ]
                                            }
                                        ]
                                    },
                                    {
                                        "name": "Shoulder_L",
                                        "transform": [-0.0, -0.952114, -0.305743, 0.0, 0.0, -0.305743, 0.952114, 0.4, -1.0, 0.0, 0.0, 0.0, 0.0, 0.0, 0.0, 1.0],
                                        "children": [
                                            {
                                                "name": "Arm_L",
                                                "transform": [-0.0, -0.0, 1.0, -0.0, -0.952114, 0.305743, -0.0, 0.39386, -0.305743, -0.952114, -0.0, 0.0, 0.0, 0.0, 0.0, 1.0],
                                                "children": [
                                                    {
                                                        "name": "Hand_L",
                                                        "transform": [1.0, -0.0, 0.0, -0.0, 0.0, 0.993937, 0.109947, 0.3, -0.0, -0.109947, 0.993937, 0.0, 0.0, 0.0, 0.0, 1.0],
                                                        "children": [
                                                            {
                                                                "name": "Tool_L",
                                                                "transform": [1.0, 0.0, 0.0, -0.0, -0.0, -0.999836, 0.018122, 0.272858, 0.0, -0.018122, -0.999836, -0.0, 0.0, 0.0, 0.0, 1.0],
                                                                "children": []
                                                            }
                                                        ]
                                                    },
                                                    {
                                                        "name": "Elbow_L",
                                                        "transform": [-1.0, 0.0, -0.0, -0.0, 0.0, -0.0, -1.0, 0.3, -0.0, -1.0, 0.0, 0.0, 0.0, 0.0, 0.0, 1.0],
                                                        "children": []
                                                    }
                                                ]
                                            }
                                        ]
                                    }
                                ]
                            }
                        ]
                    }
                ]
            }
        ]
    },
    "animation": [
        {
            "name": "Root",
            "time": [0.0, 0.0167, 0.0333, 0.05, 0.0667, 0.0833, 0.1, 0.1167, 0.1333, 0.15, 0.1667, 0.1833, 0.2, 0.2167, 0.2333, 0.25, 0.2667, 0.2833, 0.3, 0.3167, 0.3333, 0.35, 0.3667, 0.3833, 0.4, 0.4167, 0.4333, 0.45, 0.4667, 0.4833, 0.5, 0.5167, 0.5333, 0.55, 0.5667, 0.5833, 0.6, 0.6167, 0.6333, 0.65, 0.6667, 0.6833, 0.7, 0.7167, 0.7333, 0.75, 0.7667, 0.7833, 0.8, 0.8167, 0.8333, 0.85, 0.8667, 0.8833, 0.9, 0.9167, 0.9333, 0.95, 0.9667, 0.9833, 1.0, 1.0167, 1.0333, 1.05, 1.0667, 1.0833, 1.1, 1.1167, 1.1333, 1.15, 1.1667, 1.1833, 1.2, 1.2167, 1.2333, 1.25, 1.2667, 1.2833, 1.3, 1.3167, 1.3333, 1.35, 1.3667, 1.3833, 1.4, 1.4167, 1.4333, 1.45, 1.4667, 1.4833, 1.5, 1.5167, 1.5333, 1.55, 1.5667, 1.5833, 1.6],
            "transform": [
                [1.0, 0.0, 0.0, -5e-06, 0.0, 0.0, -1.0, 0.000946, 0.0, 1.0, 0.0, 0.763972, 0.0, 0.0, 0.0, 1.0],
                [1.0, 0.0, 0.0, -5e-06, 0.0, 0.0, -1.0, 0.000968, 0.0, 1.0, 0.0, 0.763972, 0.0, 0.0, 0.0, 1.0],
                [1.0, 0.0, 0.0, -5e-06, 0.0, 0.0, -1.0, 0.001117, 0.0, 1.0, 0.0, 0.763972, 0.0, 0.0, 0.0, 1.0],
                [1.0, 0.0, 0.0, -5e-06, 0.0, 0.0, -1.0, 0.001521, 0.0, 1.0, 0.0, 0.763972, 0.0, 0.0, 0.0, 1.0],
                [1.0, 0.0, 0.0, -5e-06, 0.0, 0.0, -1.0, 0.002308, 0.0, 1.0, 0.0, 0.763972, 0.0, 0.0, 0.0, 1.0],
                [1.0, 0.0, 0.0, -5e-06, 0.0, 0.0, -1.0, 0.003606, 0.0, 1.0, 0.0, 0.763972, 0.0, 0.0, 0.0, 1.0],
                [1.0, 0.0, 0.0, -5e-06, 0.0, 0.0, -1.0, 0.005543, 0.0, 1.0, 0.0, 0.763972, 0.0, 0.0, 0.0, 1.0],
                [1.0, 0.0, 0.0, -5e-06, 0.0, 0.0, -1.0, 0.008245, 0.0, 1.0, 0.0, 0.763972, 0.0, 0.0, 0.0, 1.0],
                [1.0, 0.0, 0.0, -5e-06, 0.0, 0.0, -1.0, 0.011842, 0.0, 1.0, 0.0, 0.763972, 0.0, 0.0, 0.0, 1.0],
                [1.0, 0.0, 0.0, -5e-06, 0.0, 0.0, -1.0, 0.016459, 0.0, 1.0, 0.0, 0.763972, 0.0, 0.0, 0.0, 1.0],
                [1.0, 0.0, 0.0, -5e-06, 0.0, 0.0, -1.0, 0.022226, 0.0, 1.0, 0.0, 0.763972, 0.0, 0.0, 0.0, 1.0],
                [1.0, 0.0, 0.0, -5e-06, 0.0, 0.0, -1.0, 0.02927, 0.0, 1.0, 0.0, 0.763972, 0.0, 0.0, 0.0, 1.0],
                [1.0, 0.0, 0.0, -5e-06, 0.0, 0.0, -1.0, 0.037718, 0.0, 1.0, 0.0, 0.763972, 0.0, 0.0, 0.0, 1.0],
                [1.0, 0.0, 0.0, -5e-06, 0.0, 0.0, -1.0, 0.047698, 0.0, 1.0, 0.0, 0.763972, 0.0, 0.0, 0.0, 1.0],
                [1.0, 0.0, 0.0, -5e-06, 0.0, 0.0, -1.0, 0.059339, 0.0, 1.0, 0.0, 0.763972, 0.0, 0.0, 0.0, 1.0],
                [1.0, 0.0, 0.0, -5e-06, 0.0, 0.0, -1.0, 0.072766, 0.0, 1.0, 0.0, 0.763972, 0.0, 0.0, 0.0, 1.0],
                [1.0, 0.0, 0.0, -5e-06, 0.0, 0.0, -1.0, 0.088109, 0.0, 1.0, 0.0, 0.763972, 0.0, 0.0, 0.0, 1.0],
                [1.0, 0.0, 0.0, -5e-06, 0.0, 0.0, -1.0, 0.116249, 0.0, 1.0, 0.0, 0.763972, 0.0, 0.0, 0.0, 1.0],
                [1.0, 0.0, 0.0, -5e-06, 0.0, 0.0, -1.0, 0.165565, 0.0, 1.0, 0.0, 0.763972, 0.0, 0.0, 0.0, 1.0],
                [1.0, 0.0, 0.0, -5e-06, 0.0, 0.0, -1.0, 0.232434, 0.0, 1.0, 0.0, 0.763972, 0.0, 0.0, 0.0, 1.0],
                [1.0, 0.0, 0.0, -5e-06, 0.0, 0.0, -1.0, 0.313229, 0.0, 1.0, 0.0, 0.763972, 0.0, 0.0, 0.0, 1.0],
                [1.0, 0.0, 0.0, -5e-06, 0.0, 0.0, -1.0, 0.404326, 0.0, 1.0, 0.0, 0.763972, 0.0, 0.0, 0.0, 1.0],
                [1.0, 0.0, 0.0, -5e-06, 0.0, 0.0, -1.0, 0.502099, 0.0, 1.0, 0.0, 0.763972, 0.0, 0.0, 0.0, 1.0],
                [1.0, 0.0, 0.0, -5e-06, 0.0, 0.0, -1.0, 0.602925, 0.0, 1.0, 0.0, 0.763972, 0.0, 0.0, 0.0, 1.0],
                [1.0, 0.0, 0.0, -5e-06, 0.0, 0.0, -1.0, 0.703177, 0.0, 1.0, 0.0, 0.763972, 0.0, 0.0, 0.0, 1.0],
                [1.0, 0.0, 0.0, -5e-06, 0.0, 0.0, -1.0, 0.79923, 0.0, 1.0, 0.0, 0.763972, 0.0, 0.0, 0.0, 1.0],
                [1.0, 0.0, 0.0, -5e-06, 0.0, 0.0, -1.0, 0.88746, 0.0, 1.0, 0.0, 0.763972, 0.0, 0.0, 0.0, 1.0],
                [1.0, 0.0, 0.0, -5e-06, 0.0, 0.0, -1.0, 0.964242, 0.0, 1.0, 0.0, 0.763972, 0.0, 0.0, 0.0, 1.0],
                [1.0, 0.0, 0.0, -5e-06, 0.0, 0.0, -1.0, 1.02595, 0.0, 1.0, 0.0, 0.763972, 0.0, 0.0, 0.0, 1.0],
                [1.0, 0.0, 0.0, -5e-06, 0.0, 0.0, -1.0, 1.06896, 0.0, 1.0, 0.0, 0.763972, 0.0, 0.0, 0.0, 1.0],
                [1.0, 0.0, 0.0, -5e-06, 0.0, 0.0, -1.0, 1.089646, 0.0, 1.0, 0.0, 0.763972, 0.0, 0.0, 0.0, 1.0],
                [1.0, 0.0, 0.0, -5e-06, 0.0, 0.0, -1.0, 1.09772, 0.0, 1.0, 0.0, 0.763972, 0.0, 0.0, 0.0, 1.0],
                [1.0, 0.0, 0.0, -5e-06, 0.0, 0.0, -1.0, 1.105319, 0.0, 1.0, 0.0, 0.763972, 0.0, 0.0, 0.0, 1.0],
                [1.0, 0.0, 0.0, -5e-06, 0.0, 0.0, -1.0, 1.112457, 0.0, 1.0, 0.0, 0.763972, 0.0, 0.0, 0.0, 1.0],
                [1.0, 0.0, 0.0, -5e-06, 0.0, 0.0, -1.0, 1.11915, 0.0, 1.0, 0.0, 0.763972, 0.0, 0.0, 0.0, 1.0],
                [1.0, 0.0, 0.0, -5e-06, 0.0, 0.0, -1.0, 1.125411, 0.0, 1.0, 0.0, 0.763972, 0.0, 0.0, 0.0, 1.0],
                [1.0, 0.0, 0.0, -5e-06, 0.0, 0.0, -1.0, 1.131254, 0.0, 1.0, 0.0, 0.763972, 0.0, 0.0, 0.0, 1.0],
                [1.0, 0.0, 0.0, -5e-06, 0.0, 0.0, -1.0, 1.136695, 0.0, 1.0, 0.0, 0.763972, 0.0, 0.0, 0.0, 1.0],
                [1.0, 0.0, 0.0, -5e-06, 0.0, 0.0, -1.0, 1.141747, 0.0, 1.0, 0.0, 0.763972, 0.0, 0.0, 0.0, 1.0],
                [1.0, 0.0, 0.0, -5e-06, 0.0, 0.0, -1.0, 1.146426, 0.0, 1.0, 0.0, 0.763972, 0.0, 0.0, 0.0, 1.0],
                [1.0, 0.0, 0.0, -5e-06, 0.0, 0.0, -1.0, 1.150744, 0.0, 1.0, 0.0, 0.763972, 0.0, 0.0, 0.0, 1.0],
                [1.0, 0.0, 0.0, -5e-06, 0.0, 0.0, -1.0, 1.154718, 0.0, 1.0, 0.0, 0.763972, 0.0, 0.0, 0.0, 1.0],
                [1.0, 0.0, 0.0, -5e-06, 0.0, 0.0, -1.0, 1.15836, 0.0, 1.0, 0.0, 0.763972, 0.0, 0.0, 0.0, 1.0],
                [1.0, 0.0, 0.0, -5e-06, 0.0, 0.0, -1.0, 1.161686, 0.0, 1.0, 0.0, 0.763972, 0.0, 0.0, 0.0, 1.0],
                [1.0, 0.0, 0.0, -5e-06, 0.0, 0.0, -1.0, 1.16471, 0.0, 1.0, 0.0, 0.763972, 0.0, 0.0, 0.0, 1.0],
                [1.0, 0.0, 0.0, -5e-06, 0.0, 0.0, -1.0, 1.167446, 0.0, 1.0, 0.0, 0.763972, 0.0, 0.0, 0.0, 1.0],
                [1.0, 0.0, 0.0, -5e-06, 0.0, 0.0, -1.0, 1.169908, 0.0, 1.0, 0.0, 0.763972, 0.0, 0.0, 0.0, 1.0],
                [1.0, 0.0, 0.0, -5e-06, 0.0, 0.0, -1.0, 1.172112, 0.0, 1.0, 0.0, 0.763972, 0.0, 0.0, 0.0, 1.0],
                [1.0, 0.0, 0.0, -5e-06, 0.0, 0.0, -1.0, 1.174071, 0.0, 1.0, 0.0, 0.763972, 0.0, 0.0, 0.0, 1.0],
                [1.0, 0.0, 0.0, -5e-06, 0.0, 0.0, -1.0, 1.1758, 0.0, 1.0, 0.0, 0.763972, 0.0, 0.0, 0.0, 1.0],
                [1.0, 0.0, 0.0, -5e-06, 0.0, 0.0, -1.0, 1.177313, 0.0, 1.0, 0.0, 0.763972, 0.0, 0.0, 0.0, 1.0],
                [1.0, 0.0, 0.0, -5e-06, 0.0, 0.0, -1.0, 1.178625, 0.0, 1.0, 0.0, 0.763972, 0.0, 0.0, 0.0, 1.0],
                [1.0, 0.0, 0.0, -5e-06, 0.0, 0.0, -1.0, 1.179749, 0.0, 1.0, 0.0, 0.763972, 0.0, 0.0, 0.0, 1.0],
                [1.0, 0.0, 0.0, -5e-06, 0.0, 0.0, -1.0, 1.180701, 0.0, 1.0, 0.0, 0.763972, 0.0, 0.0, 0.0, 1.0],
                [1.0, 0.0, 0.0, -5e-06, 0.0, 0.0, -1.0, 1.181495, 0.0, 1.0, 0.0, 0.763972, 0.0, 0.0, 0.0, 1.0],
                [1.0, 0.0, 0.0, -5e-06, 0.0, 0.0, -1.0, 1.182145, 0.0, 1.0, 0.0, 0.763972, 0.0, 0.0, 0.0, 1.0],
                [1.0, 0.0, 0.0, -5e-06, 0.0, 0.0, -1.0, 1.182665, 0.0, 1.0, 0.0, 0.763972, 0.0, 0.0, 0.0, 1.0],
                [1.0, 0.0, 0.0, -5e-06, 0.0, 0.0, -1.0, 1.18307, 0.0, 1.0, 0.0, 0.763972, 0.0, 0.0, 0.0, 1.0],
                [1.0, 0.0, 0.0, -5e-06, 0.0, 0.0, -1.0, 1.183375, 0.0, 1.0, 0.0, 0.763972, 0.0, 0.0, 0.0, 1.0],
                [1.0, 0.0, 0.0, -5e-06, 0.0, 0.0, -1.0, 1.183593, 0.0, 1.0, 0.0, 0.763972, 0.0, 0.0, 0.0, 1.0],
                [1.0, 0.0, 0.0, -5e-06, 0.0, 0.0, -1.0, 1.183739, 0.0, 1.0, 0.0, 0.763972, 0.0, 0.0, 0.0, 1.0],
                [1.0, 0.0, 0.0, -5e-06, 0.0, 0.0, -1.0, 1.183828, 0.0, 1.0, 0.0, 0.763972, 0.0, 0.0, 0.0, 1.0],
                [1.0, 0.0, 0.0, -5e-06, 0.0, 0.0, -1.0, 1.183874, 0.0, 1.0, 0.0, 0.763972, 0.0, 0.0, 0.0, 1.0],
                [1.0, 0.0, 0.0, -5e-06, 0.0, 0.0, -1.0, 1.18389, 0.0, 1.0, 0.0, 0.763972, 0.0, 0.0, 0.0, 1.0],
                [1.0, 0.0, 0.0, -5e-06, 0.0, 0.0, -1.0, 1.183893, 0.0, 1.0, 0.0, 0.763972, 0.0, 0.0, 0.0, 1.0],
                [1.0, 0.0, 0.0, -5e-06, 0.0, 0.0, -1.0, 1.181419, 0.0, 1.0, 0.0, 0.763972, 0.0, 0.0, 0.0, 1.0],
                [1.0, 0.0, 0.0, -5e-06, 0.0, 0.0, -1.0, 1.174209, 0.0, 1.0, 0.0, 0.763972, 0.0, 0.0, 0.0, 1.0],
                [1.0, 0.0, 0.0, -5e-06, 0.0, 0.0, -1.0, 1.162579, 0.0, 1.0, 0.0, 0.763972, 0.0, 0.0, 0.0, 1.0],
                [1.0, 0.0, 0.0, -5e-06, 0.0, 0.0, -1.0, 1.146843, 0.0, 1.0, 0.0, 0.763972, 0.0, 0.0, 0.0, 1.0],
                [1.0, 0.0, 0.0, -5e-06, 0.0, 0.0, -1.0, 1.127319, 0.0, 1.0, 0.0, 0.763972, 0.0, 0.0, 0.0, 1.0],
                [1.0, 0.0, 0.0, -5e-06, 0.0, 0.0, -1.0, 1.104321, 0.0, 1.0, 0.0, 0.763972, 0.0, 0.0, 0.0, 1.0],
                [1.0, 0.0, 0.0, -5e-06, 0.0, 0.0, -1.0, 1.078165, 0.0, 1.0, 0.0, 0.763972, 0.0, 0.0, 0.0, 1.0],
                [1.0, 0.0, 0.0, -5e-06, 0.0, 0.0, -1.0, 1.049167, 0.0, 1.0, 0.0, 0.763972, 0.0, 0.0, 0.0, 1.0],
                [1.0, 0.0, 0.0, -5e-06, 0.0, 0.0, -1.0, 1.017644, 0.0, 1.0, 0.0, 0.763972, 0.0, 0.0, 0.0, 1.0],
                [1.0, 0.0, 0.0, -5e-06, 0.0, 0.0, -1.0, 0.98391, 0.0, 1.0, 0.0, 0.763972, 0.0, 0.0, 0.0, 1.0],
                [1.0, 0.0, 0.0, -5e-06, 0.0, 0.0, -1.0, 0.948281, 0.0, 1.0, 0.0, 0.763972, 0.0, 0.0, 0.0, 1.0],
                [1.0, 0.0, 0.0, -5e-06, 0.0, 0.0, -1.0, 0.911074, 0.0, 1.0, 0.0, 0.763972, 0.0, 0.0, 0.0, 1.0],
                [1.0, 0.0, 0.0, -5e-06, 0.0, 0.0, -1.0, 0.872603, 0.0, 1.0, 0.0, 0.763972, 0.0, 0.0, 0.0, 1.0],
                [1.0, 0.0, 0.0, -5e-06, 0.0, 0.0, -1.0, 0.833186, 0.0, 1.0, 0.0, 0.763972, 0.0, 0.0, 0.0, 1.0],
                [1.0, 0.0, 0.0, -5e-06, 0.0, 0.0, -1.0, 0.793137, 0.0, 1.0, 0.0, 0.763972, 0.0, 0.0, 0.0, 1.0],
                [1.0, 0.0, 0.0, -5e-06, 0.0, 0.0, -1.0, 0.752772, 0.0, 1.0, 0.0, 0.763972, 0.0, 0.0, 0.0, 1.0],
                [1.0, 0.0, 0.0, -5e-06, 0.0, 0.0, -1.0, 0.712407, 0.0, 1.0, 0.0, 0.763972, 0.0, 0.0, 0.0, 1.0],
                [1.0, 0.0, 0.0, -5e-06, 0.0, 0.0, -1.0, 0.672357, 0.0, 1.0, 0.0, 0.763972, 0.0, 0.0, 0.0, 1.0],
                [1.0, 0.0, 0.0, -5e-06, 0.0, 0.0, -1.0, 0.63294, 0.0, 1.0, 0.0, 0.763972, 0.0, 0.0, 0.0, 1.0],
                [1.0, 0.0, 0.0, -5e-06, 0.0, 0.0, -1.0, 0.594469, 0.0, 1.0, 0.0, 0.763972, 0.0, 0.0, 0.0, 1.0],
                [1.0, 0.0, 0.0, -5e-06, 0.0, 0.0, -1.0, 0.557262, 0.0, 1.0, 0.0, 0.763972, 0.0, 0.0, 0.0, 1.0],
                [1.0, 0.0, 0.0, -5e-06, 0.0, 0.0, -1.0, 0.521633, 0.0, 1.0, 0.0, 0.763972, 0.0, 0.0, 0.0, 1.0],
                [1.0, 0.0, 0.0, -5e-06, 0.0, 0.0, -1.0, 0.487899, 0.0, 1.0, 0.0, 0.763972, 0.0, 0.0, 0.0, 1.0],
                [1.0, 0.0, 0.0, -5e-06, 0.0, 0.0, -1.0, 0.456376, 0.0, 1.0, 0.0, 0.763972, 0.0, 0.0, 0.0, 1.0],
                [1.0, 0.0, 0.0, -5e-06, 0.0, 0.0, -1.0, 0.427378, 0.0, 1.0, 0.0, 0.763972, 0.0, 0.0, 0.0, 1.0],
                [1.0, 0.0, 0.0, -5e-06, 0.0, 0.0, -1.0, 0.401222, 0.0, 1.0, 0.0, 0.763972, 0.0, 0.0, 0.0, 1.0],
                [1.0, 0.0, 0.0, -5e-06, 0.0, 0.0, -1.0, 0.378224, 0.0, 1.0, 0.0, 0.763972, 0.0, 0.0, 0.0, 1.0],
                [1.0, 0.0, 0.0, -5e-06, 0.0, 0.0, -1.0, 0.3587, 0.0, 1.0, 0.0, 0.763972, 0.0, 0.0, 0.0, 1.0],
                [1.0, 0.0, 0.0, -5e-06, 0.0, 0.0, -1.0, 0.342964, 0.0, 1.0, 0.0, 0.763972, 0.0, 0.0, 0.0, 1.0],
                [1.0, 0.0, 0.0, -5e-06, 0.0, 0.0, -1.0, 0.331334, 0.0, 1.0, 0.0, 0.763972, 0.0, 0.0, 0.0, 1.0],
                [1.0, 0.0, 0.0, -5e-06, 0.0, 0.0, -1.0, 0.324124, 0.0, 1.0, 0.0, 0.763972, 0.0, 0.0, 0.0, 1.0],
                [1.0, 0.0, 0.0, -5e-06, 0.0, 0.0, -1.0, 0.32165, 0.0, 1.0, 0.0, 0.763972, 0.0, 0.0, 0.0, 1.0]
            ]
        },
        {
            "name": "Thigh_R",
            "time": [0.0, 0.0167, 0.0333, 0.05, 0.0667, 0.0833, 0.1, 0.1167, 0.1333, 0.15, 0.1667, 0.1833, 0.2, 0.2167, 0.2333, 0.25, 0.2667, 0.2833, 0.3, 0.3167, 0.3333, 0.35, 0.3667, 0.3833, 0.4, 0.4167, 0.4333, 0.45, 0.4667, 0.4833, 0.5, 0.5167, 0.5333, 0.55, 0.5667, 0.5833, 0.6, 0.6167, 0.6333, 0.65, 0.6667, 0.6833, 0.7, 0.7167, 0.7333, 0.75, 0.7667, 0.7833, 0.8, 0.8167, 0.8333, 0.85, 0.8667, 0.8833, 0.9, 0.9167, 0.9333, 0.95, 0.9667, 0.9833, 1.0, 1.0167, 1.0333, 1.05, 1.0667, 1.0833, 1.1, 1.1167, 1.1333, 1.15, 1.1667, 1.1833, 1.2, 1.2167, 1.2333, 1.25, 1.2667, 1.2833, 1.3, 1.3167, 1.3333, 1.35, 1.3667, 1.3833, 1.4, 1.4167, 1.4333, 1.45, 1.4667, 1.4833, 1.5, 1.5167, 1.5333, 1.55, 1.5667, 1.5833, 1.6],
            "transform": [
                [0.985785, 0.158586, 0.055483, 0.124994, 0.146559, -0.97314, 0.177537, -0.002831, 0.082147, -0.166882, -0.982549, -1.2e-05, 0.0, 0.0, 0.0, 1.0],
                [0.985785, 0.158584, 0.055483, 0.124994, 0.146558, -0.973141, 0.177529, -0.002831, 0.082146, -0.166874, -0.98255, -1.2e-05, 0.0, 0.0, 0.0, 1.0],
                [0.985787, 0.158575, 0.055485, 0.124994, 0.146554, -0.973152, 0.177471, -0.002831, 0.082138, -0.166817, -0.982561, -1.2e-05, 0.0, 0.0, 0.0, 1.0],
                [0.98579, 0.15855, 0.055492, 0.124994, 0.146541, -0.973183, 0.177313, -0.002831, 0.082117, -0.166662, -0.982589, -1.2e-05, 0.0, 0.0, 0.0, 1.0],
                [0.985798, 0.1585, 0.055506, 0.124994, 0.146515, -0.973243, 0.177007, -0.002831, 0.082076, -0.16636, -0.982643, -1.2e-05, 0.0, 0.0, 0.0, 1.0],
                [0.985809, 0.158419, 0.055527, 0.124994, 0.146473, -0.973341, 0.176501, -0.002831, 0.082008, -0.165864, -0.982733, -1.2e-05, 0.0, 0.0, 0.0, 1.0],
                [0.985827, 0.158297, 0.05556, 0.124994, 0.146411, -0.973487, 0.175747, -0.002831, 0.081907, -0.165122, -0.982866, -1.2e-05, 0.0, 0.0, 0.0, 1.0],
                [0.985852, 0.158127, 0.055605, 0.124994, 0.146323, -0.973689, 0.174695, -0.002831, 0.081766, -0.164087, -0.983051, -1.2e-05, 0.0, 0.0, 0.0, 1.0],
                [0.985885, 0.157901, 0.055664, 0.124994, 0.146207, -0.973957, 0.173294, -0.002831, 0.081578, -0.162709, -0.983296, -1.2e-05, 0.0, 0.0, 0.0, 1.0],
                [0.985927, 0.157611, 0.055741, 0.124994, 0.146057, -0.974298, 0.171493, -0.002831, 0.081337, -0.160939, -0.983607, -1.2e-05, 0.0, 0.0, 0.0, 1.0],
                [0.985979, 0.157248, 0.055835, 0.124994, 0.145868, -0.97472, 0.169244, -0.002831, 0.081037, -0.158726, -0.983991, -1.2e-05, 0.0, 0.0, 0.0, 1.0],
                [0.986044, 0.156805, 0.055949, 0.124994, 0.145638, -0.975228, 0.166494, -0.002831, 0.08067, -0.156022, -0.984454, -1.2e-05, 0.0, 0.0, 0.0, 1.0],
                [0.98612, 0.156272, 0.056084, 0.124994, 0.145359, -0.975827, 0.163193, -0.002831, 0.080231, -0.152775, -0.984999, -1.2e-05, 0.0, 0.0, 0.0, 1.0],
                [0.986211, 0.155642, 0.056242, 0.124994, 0.145028, -0.976521, 0.159289, -0.002831, 0.079714, -0.148936, -0.985629, -1.2e-05, 0.0, 0.0, 0.0, 1.0],
                [0.986317, 0.154905, 0.056423, 0.124994, 0.144639, -0.977311, 0.15473, -0.002831, 0.079111, -0.144452, -0.986344, -1.2e-05, 0.0, 0.0, 0.0, 1.0],
                [0.986438, 0.154054, 0.056627, 0.124994, 0.144187, -0.978197, 0.149463, -0.002831, 0.078418, -0.139272, -0.987144, -1.2e-05, 0.0, 0.0, 0.0, 1.0],
                [0.986577, 0.15308, 0.056855, 0.124994, 0.143665, -0.979176, 0.143436, -0.002831, 0.077629, -0.133343, -0.988025, -1.2e-05, 0.0, 0.0, 0.0, 1.0],
                [0.987167, 0.148874, 0.057768, 0.124994, 0.141366, -0.982964, 0.117462, -0.002831, 0.07427, -0.107789, -0.991396, -1.2e-05, 0.0, 0.0, 0.0, 1.0],
                [0.988454, 0.139395, 0.059402, 0.124994, 0.13591, -0.988953, 0.059167, -0.002831, 0.066993, -0.050411, -0.996479, -1.2e-05, 0.0, 0.0, 0.0, 1.0],
                [0.990133, 0.126286, 0.060726, 0.124994, 0.127755, -0.991584, -0.020939, -0.002831, 0.05757, 0.028491, -0.997935, -1.2e-05, 0.0, 0.0, 0.0, 1.0],
                [0.991908, 0.111372, 0.060943, 0.124994, 0.117639, -0.986793, -0.111355, -0.002831, 0.047736, 0.117624, -0.99191, -1.2e-05, 0.0, 0.0, 0.0, 1.0],
                [0.993521, 0.096634, 0.059818, 0.124994, 0.106772, -0.97397, -0.199957, -0.002831, 0.038938, 0.205048, -0.977977, -1.2e-05, 0.0, 0.0, 0.0, 1.0],
                [0.994787, 0.084024, 0.057781, 0.124994, 0.096774, -0.956513, -0.275169, -0.002831, 0.032148, 0.279327, -0.959658, -1.2e-05, 0.0, 0.0, 0.0, 1.0],
                [0.9956, 0.0753, 0.055774, 0.124994, 0.089468, -0.940824, -0.32687, -0.002831, 0.027861, 0.330422, -0.943422, -1.2e-05, 0.0, 0.0, 0.0, 1.0],
                [0.99589, 0.072043, 0.054896, 0.124994, 0.086657, -0.934187, -0.346099, -0.002831, 0.026349, 0.349433, -0.936591, -1.2e-05, 0.0, 0.0, 0.0, 1.0],
                [0.99589, 0.072043, 0.054896, 0.124994, 0.086657, -0.934187, -0.346099, -0.002831, 0.026349, 0.349433, -0.936591, -1.2e-05, 0.0, 0.0, 0.0, 1.0],
                [0.99589, 0.072043, 0.054896, 0.124994, 0.086657, -0.934187, -0.346099, -0.002831, 0.026349, 0.349433, -0.936591, -1.2e-05, 0.0, 0.0, 0.0, 1.0],
                [0.99589, 0.072043, 0.054896, 0.124994, 0.086657, -0.934187, -0.346099, -0.002831, 0.026349, 0.349433, -0.936591, -1.2e-05, 0.0, 0.0, 0.0, 1.0],
                [0.99589, 0.072043, 0.054896, 0.124994, 0.086657, -0.934187, -0.346099, -0.002831, 0.026349, 0.349433, -0.936591, -1.2e-05, 0.0, 0.0, 0.0, 1.0],
                [0.99589, 0.072043, 0.054896, 0.124994, 0.086657, -0.934187, -0.346099, -0.002831, 0.026349, 0.349433, -0.936591, -1.2e-05, 0.0, 0.0, 0.0, 1.0],
                [0.99589, 0.072043, 0.054896, 0.124994, 0.086657, -0.934187, -0.346099, -0.002831, 0.026349, 0.349433, -0.936591, -1.2e-05, 0.0, 0.0, 0.0, 1.0],
                [0.99589, 0.072043, 0.054896, 0.124994, 0.086657, -0.934187, -0.346099, -0.002831, 0.026349, 0.349433, -0.936591, -1.2e-05, 0.0, 0.0, 0.0, 1.0],
                [0.99589, 0.072043, 0.054896, 0.124994, 0.086657, -0.934187, -0.346099, -0.002831, 0.026349, 0.349433, -0.936591, -1.2e-05, 0.0, 0.0, 0.0, 1.0],
                [0.99589, 0.072043, 0.054896, 0.124994, 0.086657, -0.934187, -0.346099, -0.002831, 0.026349, 0.349433, -0.936591, -1.2e-05, 0.0, 0.0, 0.0, 1.0],
                [0.99589, 0.072043, 0.054896, 0.124994, 0.086657, -0.934187, -0.346099, -0.002831, 0.026349, 0.349433, -0.936591, -1.2e-05, 0.0, 0.0, 0.0, 1.0],
                [0.99589, 0.072043, 0.054896, 0.124994, 0.086657, -0.934187, -0.346099, -0.002831, 0.026349, 0.349433, -0.936591, -1.2e-05, 0.0, 0.0, 0.0, 1.0],
                [0.99589, 0.072043, 0.054896, 0.124994, 0.086657, -0.934187, -0.346099, -0.002831, 0.026349, 0.349433, -0.936591, -1.2e-05, 0.0, 0.0, 0.0, 1.0],
                [0.99589, 0.072043, 0.054896, 0.124994, 0.086657, -0.934187, -0.346099, -0.002831, 0.026349, 0.349433, -0.936591, -1.2e-05, 0.0, 0.0, 0.0, 1.0],
                [0.99589, 0.072043, 0.054896, 0.124994, 0.086657, -0.934187, -0.346099, -0.002831, 0.026349, 0.349433, -0.936591, -1.2e-05, 0.0, 0.0, 0.0, 1.0],
                [0.99589, 0.072043, 0.054896, 0.124994, 0.086657, -0.934187, -0.346099, -0.002831, 0.026349, 0.349433, -0.936591, -1.2e-05, 0.0, 0.0, 0.0, 1.0],
                [0.99589, 0.072043, 0.054896, 0.124994, 0.086657, -0.934187, -0.346099, -0.002831, 0.026349, 0.349433, -0.936591, -1.2e-05, 0.0, 0.0, 0.0, 1.0],
                [0.99589, 0.072043, 0.054896, 0.124994, 0.086657, -0.934187, -0.346099, -0.002831, 0.026349, 0.349433, -0.936591, -1.2e-05, 0.0, 0.0, 0.0, 1.0],
                [0.99589, 0.072043, 0.054896, 0.124994, 0.086657, -0.934187, -0.346099, -0.002831, 0.026349, 0.349433, -0.936591, -1.2e-05, 0.0, 0.0, 0.0, 1.0],
                [0.99589, 0.072043, 0.054896, 0.124994, 0.086657, -0.934187, -0.346099, -0.002831, 0.026349, 0.349433, -0.936591, -1.2e-05, 0.0, 0.0, 0.0, 1.0],
                [0.99589, 0.072043, 0.054896, 0.124994, 0.086657, -0.934187, -0.346099, -0.002831, 0.026349, 0.349433, -0.936591, -1.2e-05, 0.0, 0.0, 0.0, 1.0],
                [0.99589, 0.072043, 0.054896, 0.124994, 0.086657, -0.934187, -0.346099, -0.002831, 0.026349, 0.349433, -0.936591, -1.2e-05, 0.0, 0.0, 0.0, 1.0],
                [0.99589, 0.072043, 0.054896, 0.124994, 0.086657, -0.934187, -0.346099, -0.002831, 0.026349, 0.349433, -0.936591, -1.2e-05, 0.0, 0.0, 0.0, 1.0],
                [0.99589, 0.072043, 0.054896, 0.124994, 0.086657, -0.934187, -0.346099, -0.002831, 0.026349, 0.349433, -0.936591, -1.2e-05, 0.0, 0.0, 0.0, 1.0],
                [0.99589, 0.072043, 0.054896, 0.124994, 0.086657, -0.934187, -0.346099, -0.002831, 0.026349, 0.349433, -0.936591, -1.2e-05, 0.0, 0.0, 0.0, 1.0],
                [0.99589, 0.072043, 0.054896, 0.124994, 0.086657, -0.934187, -0.346099, -0.002831, 0.026349, 0.349433, -0.936591, -1.2e-05, 0.0, 0.0, 0.0, 1.0],
                [0.99589, 0.072043, 0.054896, 0.124994, 0.086657, -0.934187, -0.346099, -0.002831, 0.026349, 0.349433, -0.936591, -1.2e-05, 0.0, 0.0, 0.0, 1.0],
                [0.99589, 0.072043, 0.054896, 0.124994, 0.086657, -0.934187, -0.346099, -0.002831, 0.026349, 0.349433, -0.936591, -1.2e-05, 0.0, 0.0, 0.0, 1.0],
                [0.99589, 0.072043, 0.054896, 0.124994, 0.086657, -0.934187, -0.346099, -0.002831, 0.026349, 0.349433, -0.936591, -1.2e-05, 0.0, 0.0, 0.0, 1.0],
                [0.99589, 0.072043, 0.054896, 0.124994, 0.086657, -0.934187, -0.346099, -0.002831, 0.026349, 0.349433, -0.936591, -1.2e-05, 0.0, 0.0, 0.0, 1.0],
                [0.99589, 0.072043, 0.054896, 0.124994, 0.086657, -0.934187, -0.346099, -0.002831, 0.026349, 0.349433, -0.936591, -1.2e-05, 0.0, 0.0, 0.0, 1.0],
                [0.99589, 0.072043, 0.054896, 0.124994, 0.086657, -0.934187, -0.346099, -0.002831, 0.026349, 0.349433, -0.936591, -1.2e-05, 0.0, 0.0, 0.0, 1.0],
                [0.99589, 0.072043, 0.054896, 0.124994, 0.086657, -0.934187, -0.346099, -0.002831, 0.026349, 0.349433, -0.936591, -1.2e-05, 0.0, 0.0, 0.0, 1.0],
                [0.99589, 0.072043, 0.054896, 0.124994, 0.086657, -0.934187, -0.346099, -0.002831, 0.026349, 0.349433, -0.936591, -1.2e-05, 0.0, 0.0, 0.0, 1.0],
                [0.99589, 0.072043, 0.054896, 0.124994, 0.086657, -0.934187, -0.346099, -0.002831, 0.026349, 0.349433, -0.936591, -1.2e-05, 0.0, 0.0, 0.0, 1.0],
                [0.99589, 0.072043, 0.054896, 0.124994, 0.086657, -0.934187, -0.346099, -0.002831, 0.026349, 0.349433, -0.936591, -1.2e-05, 0.0, 0.0, 0.0, 1.0],
                [0.99589, 0.072043, 0.054896, 0.124994, 0.086657, -0.934187, -0.346099, -0.002831, 0.026349, 0.349433, -0.936591, -1.2e-05, 0.0, 0.0, 0.0, 1.0],
                [0.99589, 0.072043, 0.054896, 0.124994, 0.086657, -0.934187, -0.346099, -0.002831, 0.026349, 0.349433, -0.936591, -1.2e-05, 0.0, 0.0, 0.0, 1.0],
                [0.99589, 0.072043, 0.054896, 0.124994, 0.086657, -0.934187, -0.346099, -0.002831, 0.026349, 0.349433, -0.936591, -1.2e-05, 0.0, 0.0, 0.0, 1.0],
                [0.99589, 0.072043, 0.054896, 0.124994, 0.086657, -0.934187, -0.346099, -0.002831, 0.026349, 0.349433, -0.936591, -1.2e-05, 0.0, 0.0, 0.0, 1.0],
                [0.99589, 0.072043, 0.054896, 0.124994, 0.086657, -0.934187, -0.346099, -0.002831, 0.026349, 0.349433, -0.936591, -1.2e-05, 0.0, 0.0, 0.0, 1.0],
                [0.995869, 0.072283, 0.054963, 0.124994, 0.086866, -0.934691, -0.344684, -0.002831, 0.026459, 0.348034, -0.937108, -1.2e-05, 0.0, 0.0, 0.0, 1.0],
                [0.995807, 0.072983, 0.055157, 0.124994, 0.087473, -0.936147, -0.340553, -0.002831, 0.02678, 0.34395, -0.938606, -1.2e-05, 0.0, 0.0, 0.0, 1.0],
                [0.995706, 0.074115, 0.055463, 0.124994, 0.088451, -0.938459, -0.333872, -0.002831, 0.027305, 0.337344, -0.940985, -1.2e-05, 0.0, 0.0, 0.0, 1.0],
                [0.995568, 0.075651, 0.055865, 0.124994, 0.089769, -0.941514, -0.324795, -0.002831, 0.028026, 0.328371, -0.944133, -1.2e-05, 0.0, 0.0, 0.0, 1.0],
                [0.995394, 0.077564, 0.056343, 0.124994, 0.091396, -0.945187, -0.313476, -0.002831, 0.02894, 0.317182, -0.947923, -1.2e-05, 0.0, 0.0, 0.0, 1.0],
                [0.995185, 0.079829, 0.056878, 0.124994, 0.093302, -0.949345, -0.300066, -0.002831, 0.030043, 0.303927, -0.952221, -1.2e-05, 0.0, 0.0, 0.0, 1.0],
                [0.994941, 0.082417, 0.057449, 0.124994, 0.095452, -0.953848, -0.284715, -0.002831, 0.031332, 0.288758, -0.956889, -1.2e-05, 0.0, 0.0, 0.0, 1.0],
                [0.994664, 0.085301, 0.058033, 0.124994, 0.097816, -0.958557, -0.267581, -0.002831, 0.032803, 0.27183, -0.961786, -1.2e-05, 0.0, 0.0, 0.0, 1.0],
                [0.994355, 0.088452, 0.058611, 0.124994, 0.100359, -0.963335, -0.248825, -0.002831, 0.034453, 0.253303, -0.966773, -1.2e-05, 0.0, 0.0, 0.0, 1.0],
                [0.994015, 0.09184, 0.059162, 0.124994, 0.103048, -0.968047, -0.228616, -0.002831, 0.036275, 0.233345, -0.971717, -1.2e-05, 0.0, 0.0, 0.0, 1.0],
                [0.993646, 0.095435, 0.059667, 0.124994, 0.105849, -0.97257, -0.207131, -0.002831, 0.038263, 0.212131, -0.976492, -1.2e-05, 0.0, 0.0, 0.0, 1.0],
                [0.99325, 0.099205, 0.06011, 0.124994, 0.10873, -0.976789, -0.184556, -0.002831, 0.040406, 0.189846, -0.980982, -1.2e-05, 0.0, 0.0, 0.0, 1.0],
                [0.992829, 0.103116, 0.060477, 0.124994, 0.111658, -0.980604, -0.161083, -0.002831, 0.042694, 0.166681, -0.985086, -1.2e-05, 0.0, 0.0, 0.0, 1.0],
                [0.992387, 0.107133, 0.060756, 0.124994, 0.114603, -0.983931, -0.136916, -0.002831, 0.045111, 0.142836, -0.988718, -1.2e-05, 0.0, 0.0, 0.0, 1.0],
                [0.991926, 0.111222, 0.060938, 0.124994, 0.117533, -0.986703, -0.112262, -0.002831, 0.047642, 0.118518, -0.991808, -1.2e-05, 0.0, 0.0, 0.0, 1.0],
                [0.991449, 0.115346, 0.061018, 0.124994, 0.120422, -0.988873, -0.087336, -0.002831, 0.050265, 0.093937, -0.994308, -1.2e-05, 0.0, 0.0, 0.0, 1.0],
                [0.990963, 0.11947, 0.060994, 0.124994, 0.123242, -0.990415, -0.062356, -0.002831, 0.05296, 0.069309, -0.996189, -1.2e-05, 0.0, 0.0, 0.0, 1.0],
                [0.990469, 0.123557, 0.060867, 0.124994, 0.125971, -0.991323, -0.037541, -0.002831, 0.055701, 0.04485, -0.99744, -1.2e-05, 0.0, 0.0, 0.0, 1.0],
                [0.989974, 0.127572, 0.060643, 0.124994, 0.128586, -0.991611, -0.013109, -0.002831, 0.058462, 0.020776, -0.998073, -1.2e-05, 0.0, 0.0, 0.0, 1.0],
                [0.989482, 0.131479, 0.060329, 0.124994, 0.131069, -0.991315, 0.01072, -0.002831, 0.061215, -0.0027, -0.998121, -1.2e-05, 0.0, 0.0, 0.0, 1.0],
                [0.988998, 0.135244, 0.059937, 0.124994, 0.133403, -0.990487, 0.033734, -0.002831, 0.063929, -0.025367, -0.997632, -1.2e-05, 0.0, 0.0, 0.0, 1.0],
                [0.988528, 0.138834, 0.05948, 0.124994, 0.135575, -0.989199, 0.055723, -0.002831, 0.066574, -0.04702, -0.996673, -1.2e-05, 0.0, 0.0, 0.0, 1.0],
                [0.988077, 0.142217, 0.058975, 0.124994, 0.137573, -0.987534, 0.076485, -0.002831, 0.069118, -0.06746, -0.995325, -1.2e-05, 0.0, 0.0, 0.0, 1.0],
                [0.987651, 0.145362, 0.05844, 0.124994, 0.139388, -0.98559, 0.095824, -0.002831, 0.071528, -0.086495, -0.993681, -1.2e-05, 0.0, 0.0, 0.0, 1.0],
                [0.987255, 0.148239, 0.057895, 0.124994, 0.141013, -0.983474, 0.113551, -0.002831, 0.073771, -0.10394, -0.991844, -1.2e-05, 0.0, 0.0, 0.0, 1.0],
                [0.986896, 0.150821, 0.05736, 0.124994, 0.14244, -0.981298, 0.129481, -0.002831, 0.075815, -0.119614, -0.989922, -1.2e-05, 0.0, 0.0, 0.0, 1.0],
                [0.986577, 0.15308, 0.056855, 0.124994, 0.143665, -0.979176, 0.143436, -0.002831, 0.077629, -0.133343, -0.988025, -1.2e-05, 0.0, 0.0, 0.0, 1.0],
                [0.986305, 0.154988, 0.056403, 0.124994, 0.144683, -0.977223, 0.155244, -0.002831, 0.079179, -0.144957, -0.986265, -1.2e-05, 0.0, 0.0, 0.0, 1.0],
                [0.986085, 0.15652, 0.056022, 0.124994, 0.145489, -0.975549, 0.16473, -0.002831, 0.080435, -0.154288, -0.984746, -1.2e-05, 0.0, 0.0, 0.0, 1.0],
                [0.985921, 0.157649, 0.055731, 0.124994, 0.146076, -0.974254, 0.171725, -0.002831, 0.081368, -0.161167, -0.983567, -1.2e-05, 0.0, 0.0, 0.0, 1.0],
                [0.98582, 0.158346, 0.055547, 0.124994, 0.146436, -0.973428, 0.176053, -0.002831, 0.081948, -0.165423, -0.982812, -1.2e-05, 0.0, 0.0, 0.0, 1.0],
                [0.985785, 0.158586, 0.055483, 0.124994, 0.146559, -0.97314, 0.177537, -0.002831, 0.082147, -0.166882, -0.982549, -1.2e-05, 0.0, 0.0, 0.0, 1.0]
            ]
        },
        {
            "name": "Leg_R",
            "time": [0.0, 0.0167, 0.0333, 0.05, 0.0667, 0.0833, 0.1, 0.1167, 0.1333, 0.15, 0.1667, 0.1833, 0.2, 0.2167, 0.2333, 0.25, 0.2667, 0.2833, 0.3, 0.3167, 0.3333, 0.35, 0.3667, 0.3833, 0.4, 0.4167, 0.4333, 0.45, 0.4667, 0.4833, 0.5, 0.5167, 0.5333, 0.55, 0.5667, 0.5833, 0.6, 0.6167, 0.6333, 0.65, 0.6667, 0.6833, 0.7, 0.7167, 0.7333, 0.75, 0.7667, 0.7833, 0.8, 0.8167, 0.8333, 0.85, 0.8667, 0.8833, 0.9, 0.9167, 0.9333, 0.95, 0.9667, 0.9833, 1.0, 1.0167, 1.0333, 1.05, 1.0667, 1.0833, 1.1, 1.1167, 1.1333, 1.15, 1.1667, 1.1833, 1.2, 1.2167, 1.2333, 1.25, 1.2667, 1.2833, 1.3, 1.3167, 1.3333, 1.35, 1.3667, 1.3833, 1.4, 1.4167, 1.4333, 1.45, 1.4667, 1.4833, 1.5, 1.5167, 1.5333, 1.55, 1.5667, 1.5833, 1.6],
            "transform": [
                [1.0, 0.0, 1e-06, 0.0, -0.0, 0.906308, 0.422619, 0.37472, -1e-06, -0.422619, 0.906308, 0.0, 0.0, 0.0, 0.0, 1.0],
                [1.0, 0.0, 1e-06, 0.0, -0.0, 0.906308, 0.422619, 0.37472, -1e-06, -0.422619, 0.906308, 0.0, 0.0, 0.0, 0.0, 1.0],
                [1.0, 0.0, 1e-06, -0.0, -0.0, 0.906308, 0.422619, 0.37472, -1e-06, -0.422619, 0.906308, -0.0, 0.0, 0.0, 0.0, 1.0],
                [1.0, 0.0, 1e-06, 0.0, -0.0, 0.906308, 0.422619, 0.37472, -1e-06, -0.422618, 0.906308, -0.0, 0.0, 0.0, 0.0, 1.0],
                [1.0, 0.0, 1e-06, 0.0, -0.0, 0.906308, 0.422619, 0.37472, -1e-06, -0.422619, 0.906308, 0.0, 0.0, 0.0, 0.0, 1.0],
                [1.0, 0.0, 1e-06, -0.0, -0.0, 0.906308, 0.422619, 0.37472, -1e-06, -0.422619, 0.906308, 0.0, 0.0, 0.0, 0.0, 1.0],
                [1.0, 0.0, 1e-06, -0.0, -0.0, 0.906308, 0.422619, 0.37472, -1e-06, -0.422619, 0.906308, -0.0, 0.0, 0.0, 0.0, 1.0],
                [1.0, 0.0, 1e-06, -0.0, -0.0, 0.906308, 0.422619, 0.37472, -1e-06, -0.422619, 0.906308, 0.0, 0.0, 0.0, 0.0, 1.0],
                [1.0, 0.0, 1e-06, 0.0, -0.0, 0.906308, 0.422619, 0.37472, -1e-06, -0.422619, 0.906308, -0.0, 0.0, 0.0, 0.0, 1.0],
                [1.0, 0.0, 1e-06, 0.0, -0.0, 0.906308, 0.422619, 0.37472, -1e-06, -0.422619, 0.906308, 0.0, 0.0, 0.0, 0.0, 1.0],
                [1.0, 0.0, 1e-06, 0.0, -0.0, 0.906308, 0.422619, 0.37472, -1e-06, -0.422619, 0.906308, 0.0, 0.0, 0.0, 0.0, 1.0],
                [1.0, 0.0, 1e-06, -0.0, -0.0, 0.906308, 0.422619, 0.37472, -1e-06, -0.422619, 0.906308, 0.0, 0.0, 0.0, 0.0, 1.0],
                [1.0, 0.0, 1e-06, 0.0, -0.0, 0.906308, 0.422619, 0.37472, -1e-06, -0.422619, 0.906308, 0.0, 0.0, 0.0, 0.0, 1.0],
                [1.0, 0.0, 1e-06, -0.0, -0.0, 0.906308, 0.422619, 0.37472, -1e-06, -0.422619, 0.906308, 0.0, 0.0, 0.0, 0.0, 1.0],
                [1.0, 0.0, 1e-06, 0.0, -0.0, 0.906308, 0.422619, 0.37472, -1e-06, -0.422619, 0.906308, 0.0, 0.0, 0.0, 0.0, 1.0],
                [1.0, 0.0, 1e-06, -0.0, -0.0, 0.906308, 0.422619, 0.37472, -1e-06, -0.422619, 0.906308, 0.0, 0.0, 0.0, 0.0, 1.0],
                [1.0, 0.0, 1e-06, -0.0, -0.0, 0.906308, 0.422619, 0.37472, -1e-06, -0.422619, 0.906308, -0.0, 0.0, 0.0, 0.0, 1.0],
                [1.0, 0.0, 1e-06, 0.0, -0.0, 0.906308, 0.422619, 0.37472, -1e-06, -0.422619, 0.906308, 0.0, 0.0, 0.0, 0.0, 1.0],
                [1.0, 0.0, 1e-06, 0.0, -1e-06, 0.906308, 0.422619, 0.37472, -1e-06, -0.422619, 0.906308, 0.0, 0.0, 0.0, 0.0, 1.0],
                [1.0, 0.0, 1e-06, 0.0, -0.0, 0.906308, 0.422619, 0.37472, -1e-06, -0.422619, 0.906308, 0.0, 0.0, 0.0, 0.0, 1.0],
                [1.0, 0.0, 1e-06, -0.0, -0.0, 0.906308, 0.422619, 0.37472, -1e-06, -0.422619, 0.906308, 0.0, 0.0, 0.0, 0.0, 1.0],
                [1.0, 0.0, 1e-06, -0.0, -0.0, 0.906308, 0.422619, 0.37472, -1e-06, -0.422619, 0.906308, 0.0, 0.0, 0.0, 0.0, 1.0],
                [1.0, 0.0, 1e-06, -0.0, -0.0, 0.906308, 0.422619, 0.37472, -1e-06, -0.422619, 0.906308, 0.0, 0.0, 0.0, 0.0, 1.0],
                [1.0, 0.0, 1e-06, -0.0, -0.0, 0.906308, 0.422619, 0.37472, -1e-06, -0.422619, 0.906308, -0.0, 0.0, 0.0, 0.0, 1.0],
                [1.0, 0.0, 1e-06, -0.0, -0.0, 0.906308, 0.422619, 0.37472, -1e-06, -0.422619, 0.906308, -0.0, 0.0, 0.0, 0.0, 1.0],
                [1.0, 0.0, 1e-06, -0.0, -0.0, 0.906308, 0.422619, 0.37472, -1e-06, -0.422619, 0.906308, -0.0, 0.0, 0.0, 0.0, 1.0],
                [1.0, 0.0, 1e-06, 0.0, -0.0, 0.906308, 0.422619, 0.37472, -1e-06, -0.422619, 0.906308, -0.0, 0.0, 0.0, 0.0, 1.0],
