{
    "armature": {
        "joints": ["Root", "Thigh_R", "Leg_R", "Knee_R", "Thigh_L", "Leg_L", "Knee_L", "Torso", "Chest", "Head", "Shoulder_R", "Arm_R", "Hand_R", "Tool_R", "Elbow_R", "Shoulder_L", "Arm_L", "Hand_L", "Tool_L", "Elbow_L"],
        "hierarchy": [
            {
                "name": "Root",
                "transform": [1.0, 0.0, 0.0, -5e-06, 0.0, 0.0, -1.0, 0.000946, 0.0, 1.0, 0.0, 0.763972, 0.0, 0.0, 0.0, 1.0],
                "children": [
                    {
                        "name": "Thigh_R",
                        "transform": [1.0, -0.0, -0.0, 0.124994, -0.0, -1.0, 0.0, -0.002831, -0.0, -0.0, -1.0, -1.2e-05, 0.0, 0.0, 0.0, 1.0],
                        "children": [
                            {
                                "name": "Leg_R",
                                "transform": [1.0, 0.0, 1e-06, 0.0, -0.0, 1.0, 0.0, 0.37472, -1e-06, -0.0, 1.0, -0.0, 0.0, 0.0, 0.0, 1.0],
                                "children": []
                            },
                            {
                                "name": "Knee_R",
                                "transform": [1.0, 0.0, -0.0, 0.0, -0.0, 0.0, -1.0, 0.37472, -0.0, 1.0, 0.0, -0.0, 0.0, 0.0, 0.0, 1.0],
                                "children": []
                            }
                        ]
                    },
                    {
                        "name": "Thigh_L",
                        "transform": [1.0, -0.0, -0.0, -0.125006, -0.0, -1.0, 0.0, -0.002831, -0.0, -0.0, -1.0, -1.2e-05, 0.0, 0.0, 0.0, 1.0],
                        "children": [
                            {
                                "name": "Leg_L",
                                "transform": [1.0, 0.0, 1e-06, -0.0, -0.0, 1.0, 0.0, 0.37472, -1e-06, -0.0, 1.0, 0.0, 0.0, 0.0, 0.0, 1.0],
                                "children": []
                            },
                            {
                                "name": "Knee_L",
                                "transform": [1.0, 0.0, -0.0, -0.0, -0.0, 0.0, -1.0, 0.37472, -0.0, 1.0, 0.0, 0.0, 0.0, 0.0, 0.0, 1.0],
                                "children": []
                            }
                        ]
                    },
                    {
                        "name": "Torso",
                        "transform": [1.0, 0.0, 0.0, 0.0, 0.0, 1.0, 0.0, 0.05, 0.0, 0.0, 1.0, 0.0, 0.0, 0.0, 0.0, 1.0],
                        "children": [
                            {
                                "name": "Chest",
                                "transform": [1.0, 0.0, 0.0, 0.0, 0.0, 1.0, 0.0, 0.3, 0.0, 0.0, 1.0, 0.0, 0.0, 0.0, 0.0, 1.0],
                                "children": [
                                    {
                                        "name": "Head",
                                        "transform": [1.0, 0.0, 0.0, 0.0, 0.0, 1.0, 0.0, 0.4, 0.0, 0.0, 1.0, 0.0, 0.0, 0.0, 0.0, 1.0],
                                        "children": []
                                    },
                                    {
                                        "name": "Shoulder_R",
                                        "transform": [0.0, 0.952114, 0.305743, 0.0, 0.0, -0.305743, 0.952114, 0.4, 1.0, 0.0, -0.0, 0.0, 0.0, 0.0, 0.0, 1.0],
                                        "children": [
                                            {
                                                "name": "Arm_R",
                                                "transform": [0.0, -0.0, -1.0, -0.0, 0.952114, 0.305743, 0.0, 0.39386, 0.305743, -0.952114, 0.0, 0.0, 0.0, 0.0, 0.0, 1.0],
                                                "children": [
                                                    {
                                                        "name": "Hand_R",
                                                        "transform": [1.0, 0.0, 0.0, 0.0, -0.0, 0.993938, 0.109947, 0.3, -0.0, -0.109947, 0.993937, 0.0, 0.0, 0.0, 0.0, 1.0],
                                                        "children": [
                                                            {
                                                                "name": "Tool_R",
                                                                "transform": [1.0, 0.0, 0.0, -0.0, 0.0, -0.999836, 0.018122, 0.272858, 0.0, -0.018122, -0.999836, 0.0, 0.0, 0.0, 0.0, 1.0],
                                                                "children": []
                                                            }
                                                        ]
                                                    },
                                                    {
                                                        "name": "Elbow_R",
                                                        "transform": [-1.0, 0.0, -0.0, 0.0, 0.0, 0.0, -1.0, 0.3, -0.0, -1.0, -0.0, 0.0, 0.0, 0.0, 0.0, 1.0],
                                                        "children": []
                                                    }
                                                ]
                                            }
                                        ]
                                    },
                                    {
                                        "name": "Shoulder_L",
                                        "transform": [-0.0, -0.952114, -0.305743, 0.0, 0.0, -0.305743, 0.952114, 0.4, -1.0, 0.0, 0.0, 0.0, 0.0, 0.0, 0.0, 1.0],
                                        "children": [
                                            {
                                                "name": "Arm_L",
                                                "transform": [-0.0, -0.0, 1.0, -0.0, -0.952114, 0.305743, -0.0, 0.39386, -0.305743, -0.952114, -0.0, 0.0, 0.0, 0.0, 0.0, 1.0],
                                                "children": [
                                                    {
                                                        "name": "Hand_L",
                                                        "transform": [1.0, -0.0, 0.0, -0.0, 0.0, 0.993937, 0.109947, 0.3, -0.0, -0.109947, 0.993937, 0.0, 0.0, 0.0, 0.0, 1.0],
                                                        "children": [
                                                            {
                                                                "name": "Tool_L",
                                                                "transform": [1.0, 0.0, 0.0, -0.0, -0.0, -0.999836, 0.018122, 0.272858, 0.0, -0.018122, -0.999836, -0.0, 0.0, 0.0, 0.0, 1.0],
                                                                "children": []
                                                            }
                                                        ]
                                                    },
                                                    {
                                                        "name": "Elbow_L",
                                                        "transform": [-1.0, 0.0, -0.0, -0.0, 0.0, -0.0, -1.0, 0.3, -0.0, -1.0, 0.0, 0.0, 0.0, 0.0, 0.0, 1.0],
                                                        "children": []
                                                    }
                                                ]
                                            }
                                        ]
                                    }
                                ]
                            }
                        ]
                    }
                ]
            }
        ]
    },
    "animation": [
        {
            "name": "Root",
            "time": [0.0167, 0.0333, 0.05, 0.0667, 0.0833, 0.1, 0.1167, 0.1333, 0.15, 0.1667, 0.1833, 0.2, 0.2167, 0.2333, 0.25, 0.2667, 0.2833, 0.3, 0.3167, 0.3333, 0.35, 0.3667, 0.3833, 0.4, 0.4167, 0.4333, 0.45, 0.4667, 0.4833, 0.5, 0.5167, 0.5333, 0.55, 0.5667, 0.5833, 0.6, 0.6167, 0.6333, 0.65, 0.6667, 0.6833, 0.7, 0.7167, 0.7333, 0.75, 0.7667, 0.7833, 0.8, 0.8167, 0.8333, 0.85, 0.8667, 0.8833, 0.9, 0.9167, 0.9333, 0.95, 0.9667, 0.9833, 1.0, 1.0167, 1.0333, 1.05, 1.0667, 1.0833, 1.1, 1.1167, 1.1333, 1.15, 1.1667, 1.1833, 1.2, 1.2167, 1.2333, 1.25, 1.2667, 1.2833, 1.3, 1.3167, 1.3333, 1.35, 1.3667, 1.3833, 1.4, 1.4167, 1.4333, 1.45, 1.4667, 1.4833, 1.5, 1.5167, 1.5333, 1.55, 1.5667, 1.5833, 1.6, 1.6167, 1.6333, 1.65, 1.6667, 1.6833, 1.7, 1.7167, 1.7333, 1.75, 1.7667, 1.7833, 1.8, 1.8167, 1.8333, 1.85, 1.8667, 1.8833, 1.9, 1.9167, 1.9333, 1.95, 1.9667, 1.9833, 2.0, 2.0167, 2.0333, 2.05, 2.0667, 2.0833, 2.1, 2.1167, 2.1333, 2.15, 2.1667, 2.1833, 2.2, 2.2167, 2.2333, 2.25, 2.2667, 2.2833, 2.3, 2.3167, 2.3333, 2.35, 2.3667, 2.3833, 2.4, 2.4167, 2.4333, 2.45, 2.4667, 2.4833, 2.5, 2.5167, 2.5333, 2.55, 2.5667, 2.5833, 2.6, 2.6167, 2.6333, 2.65, 2.6667, 2.6833, 2.7, 2.7167, 2.7333, 2.75, 2.7667, 2.7833],
            "transform": [
                [0.984808, 0.0, 0.173648, -5e-06, 0.173648, 0.0, -0.984808, 0.000946, 0.0, 1.0, 0.0, 0.763972, 0.0, 0.0, 0.0, 1.0],
                [0.985191, 0.0, 0.171461, -5e-06, 0.171461, 0.0, -0.985191, 0.001086, 0.0, 1.0, 0.0, 0.763972, 0.0, 0.0, 0.0, 1.0],
                [0.986243, 0.0, 0.165299, -5e-06, 0.165299, 0.0, -0.986243, 0.002066, 0.0, 1.0, 0.0, 0.763972, 0.0, 0.0, 0.0, 1.0],
                [0.987795, 0.0, 0.155761, -5e-06, 0.155761, 0.0, -0.987795, 0.004724, 0.0, 1.0, 0.0, 0.763972, 0.0, 0.0, 0.0, 1.0],
                [0.989659, 0.0, 0.143443, -5e-06, 0.143443, 0.0, -0.989659, 0.0099, 0.0, 1.0, 0.0, 0.763972, 0.0, 0.0, 0.0, 1.0],
                [0.991652, 0.0, 0.128944, -5e-06, 0.128944, 0.0, -0.991652, 0.018433, 0.0, 1.0, 0.0, 0.763972, 0.0, 0.0, 0.0, 1.0],
                [0.99361, 0.0, 0.112871, -5e-06, 0.112871, 0.0, -0.99361, 0.031163, 0.0, 1.0, 0.0, 0.763972, 0.0, 0.0, 0.0, 1.0],
                [0.995397, 0.0, 0.095838, -5e-06, 0.095838, 0.0, -0.995397, 0.04893, 0.0, 1.0, 0.0, 0.763972, 0.0, 0.0, 0.0, 1.0],
                [0.996917, 0.0, 0.078466, -5e-06, 0.078466, 0.0, -0.996917, 0.072571, 0.0, 1.0, 0.0, 0.763972, 0.0, 0.0, 0.0, 1.0],
                [0.998114, 0.0, 0.061382, -5e-06, 0.061382, 0.0, -0.998114, 0.102928, 0.0, 1.0, 0.0, 0.763972, 0.0, 0.0, 0.0, 1.0],
                [0.998977, 0.0, 0.045213, -5e-06, 0.045213, 0.0, -0.998977, 0.140839, 0.0, 1.0, 0.0, 0.763972, 0.0, 0.0, 0.0, 1.0],
                [0.999532, 0.0, 0.030589, -5e-06, 0.030589, 0.0, -0.999532, 0.187143, 0.0, 1.0, 0.0, 0.763972, 0.0, 0.0, 0.0, 1.0],
                [0.999836, 0.0, 0.018134, -5e-06, 0.018134, 0.0, -0.999836, 0.242681, 0.0, 1.0, 0.0, 0.763972, 0.0, 0.0, 0.0, 1.0],
                [0.999964, 0.0, 0.008472, -5e-06, 0.008472, 0.0, -0.999964, 0.30829, 0.0, 1.0, 0.0, 0.763972, 0.0, 0.0, 0.0, 1.0],
                [0.999998, 0.0, 0.002221, -5e-06, 0.002221, 0.0, -0.999998, 0.384811, 0.0, 1.0, 0.0, 0.763972, 0.0, 0.0, 0.0, 1.0],
                [1.0, 0.0, 0.0, -5e-06, 0.0, 0.0, -1.0, 0.473084, 0.0, 1.0, 0.0, 0.763972, 0.0, 0.0, 0.0, 1.0],
                [1.0, 0.0, 0.0, -5e-06, 0.0, 0.0, -1.0, 0.61225, 0.0, 1.0, 0.0, 0.763972, 0.0, 0.0, 0.0, 1.0],
                [1.0, 0.0, 0.0, -5e-06, 0.0, 0.0, -1.0, 0.828143, 0.0, 1.0, 0.0, 0.763972, 0.0, 0.0, 0.0, 1.0],
                [1.0, 0.0, 0.0, -5e-06, 0.0, 0.0, -1.0, 1.101639, 0.0, 1.0, 0.0, 0.763972, 0.0, 0.0, 0.0, 1.0],
                [1.0, 0.0, 0.0, -5e-06, 0.0, 0.0, -1.0, 1.413611, 0.0, 1.0, 0.0, 0.763972, 0.0, 0.0, 0.0, 1.0],
                [1.0, 0.0, 0.0, -5e-06, 0.0, 0.0, -1.0, 1.744934, 0.0, 1.0, 0.0, 0.763972, 0.0, 0.0, 0.0, 1.0],
                [1.0, 0.0, 0.0, -5e-06, 0.0, 0.0, -1.0, 2.076483, 0.0, 1.0, 0.0, 0.763972, 0.0, 0.0, 0.0, 1.0],
                [1.0, 0.0, 0.0, -5e-06, 0.0, 0.0, -1.0, 2.389133, 0.0, 1.0, 0.0, 0.763972, 0.0, 0.0, 0.0, 1.0],
                [1.0, 0.0, 0.0, -5e-06, 0.0, 0.0, -1.0, 2.665523, 0.0, 1.0, 0.0, 0.764825, 0.0, 0.0, 0.0, 1.0],
                [1.0, 0.0, 0.0, -5e-06, 0.0, 0.0, -1.0, 2.895351, 0.0, 1.0, 0.0, 0.770799, 0.0, 0.0, 0.0, 1.0],
                [1.0, 0.0, 0.0, -5e-06, 0.0, 0.0, -1.0, 3.070083, 0.0, 1.0, 0.0, 0.787013, 0.0, 0.0, 0.0, 1.0],
                [1.0, 0.0, 0.0, -5e-06, 0.0, 0.0, -1.0, 3.181182, 0.0, 1.0, 0.0, 0.818589, 0.0, 0.0, 0.0, 1.0],
                [1.0, 0.0, 0.0, -5e-06, 0.0, 0.0, -1.0, 3.220111, 0.0, 1.0, 0.0, 0.870647, 0.0, 0.0, 0.0, 1.0],
                [1.0, 0.0, 0.0, -5e-06, 0.0, 0.0, -1.0, 3.220111, 0.0, 1.0, 0.0, 0.951363, 0.0, 0.0, 0.0, 1.0],
                [1.0, 0.0, 0.0, -5e-06, 0.0, 0.0, -1.0, 3.220111, 0.0, 1.0, 0.0, 1.060669, 0.0, 0.0, 0.0, 1.0],
                [1.0, 0.0, 0.0, -5e-06, 0.0, 0.0, -1.0, 3.220111, 0.0, 1.0, 0.0, 1.191317, 0.0, 0.0, 0.0, 1.0],
                [1.0, 0.0, 0.0, -5e-06, 0.0, 0.0, -1.0, 3.220111, 0.0, 1.0, 0.0, 1.336058, 0.0, 0.0, 0.0, 1.0],
                [1.0, 0.0, 0.0, -5e-06, 0.0, 0.0, -1.0, 3.220111, 0.0, 1.0, 0.0, 1.487645, 0.0, 0.0, 0.0, 1.0],
                [1.0, 0.0, -0.000797, -5e-06, -0.000797, 0.0, -1.0, 3.220111, 0.0, 1.0, 0.0, 1.63926, 0.0, 0.0, 0.0, 1.0],
                [0.999995, 0.0, -0.00312, -5e-06, -0.00312, 0.0, -0.999995, 3.220111, 0.0, 1.0, 0.0, 1.785804, 0.0, 0.0, 0.0, 1.0],
                [0.999976, 0.0, -0.006863, -5e-06, -0.006863, 0.0, -0.999976, 3.220111, 0.0, 1.0, 0.0, 1.92261, 0.0, 0.0, 0.0, 1.0],
                [0.999929, 0.0, -0.011922, -5e-06, -0.011922, 0.0, -0.999929, 3.220111, 0.0, 1.0, 0.0, 2.045009, 0.0, 0.0, 0.0, 1.0],
                [0.999835, 0.0, -0.018192, -5e-06, -0.018192, 0.0, -0.999835, 3.220111, 0.0, 1.0, 0.0, 2.148334, 0.0, 0.0, 0.0, 1.0],
                [0.999673, 0.0, -0.02557, -5e-06, -0.02557, 0.0, -0.999673, 3.220111, 0.0, 1.0, 0.0, 2.227917, 0.0, 0.0, 0.0, 1.0],
                [0.999424, 0.0, -0.033949, -5e-06, -0.033949, 0.0, -0.999424, 3.220111, 0.0, 1.0, 0.0, 2.27909, 0.0, 0.0, 0.0, 1.0],
                [0.999065, 0.0, -0.043224, -5e-06, -0.043224, 0.0, -0.999065, 3.220111, 0.0, 1.0, 0.0, 2.297185, 0.0, 0.0, 0.0, 1.0],
                [0.998579, 0.0, -0.053289, -5e-06, -0.053289, 0.0, -0.998579, 3.220111, 0.0, 1.0, 0.0, 2.297185, 0.0, 0.0, 0.0, 1.0],
                [0.997948, 0.0, -0.064037, -5e-06, -0.064037, 0.0, -0.997948, 3.220111, 0.0, 1.0, 0.0, 2.297185, 0.0, 0.0, 0.0, 1.0],
                [0.997156, 0.0, -0.07536, -5e-06, -0.07536, 0.0, -0.997156, 3.220111, 0.0, 1.0, 0.0, 2.297185, 0.0, 0.0, 0.0, 1.0],
                [0.996195, 0.0, -0.08715, -5e-06, -0.08715, 0.0, -0.996195, 3.220111, 0.0, 1.0, 0.0, 2.297185, 0.0, 0.0, 0.0, 1.0],
                [0.995058, 0.0, -0.099299, -5e-06, -0.099299, 0.0, -0.995058, 3.220111, 0.0, 1.0, 0.0, 2.297185, 0.0, 0.0, 0.0, 1.0],
                [0.993742, 0.0, -0.111697, -5e-06, -0.111697, 0.0, -0.993742, 3.220111, 0.0, 1.0, 0.0, 2.297185, 0.0, 0.0, 0.0, 1.0],
                [0.992253, 0.0, -0.124237, -5e-06, -0.124237, 0.0, -0.992253, 3.220111, 0.0, 1.0, 0.0, 2.284749, 0.0, 0.0, 0.0, 1.0],
                [0.990597, 0.0, -0.13681, -5e-06, -0.13681, 0.0, -0.990597, 3.220111, 0.0, 1.0, 0.0, 2.249269, 0.0, 0.0, 0.0, 1.0],
                [0.988791, 0.0, -0.149308, -5e-06, -0.149308, 0.0, -0.988791, 3.220111, 0.0, 1.0, 0.0, 2.193488, 0.0, 0.0, 0.0, 1.0],
                [0.986852, 0.0, -0.161625, -5e-06, -0.161625, 0.0, -0.986852, 3.220111, 0.0, 1.0, 0.0, 2.120147, 0.0, 0.0, 0.0, 1.0],
                [0.984807, 0.0, -0.173654, -5e-06, -0.173654, 0.0, -0.984807, 3.220111, 0.0, 1.0, 0.0, 2.031991, 0.0, 0.0, 0.0, 1.0],
                [0.982684, 0.0, -0.185291, -5e-06, -0.185291, 0.0, -0.982684, 3.220111, 0.0, 1.0, 0.0, 1.931761, 0.0, 0.0, 0.0, 1.0],
                [0.980517, 0.0, -0.196433, -5e-06, -0.196433, 0.0, -0.980517, 3.220111, 0.0, 1.0, 0.0, 1.822201, 0.0, 0.0, 0.0, 1.0],
                [0.978346, 0.0, -0.206978, -5e-06, -0.206978, 0.0, -0.978346, 3.220111, 0.0, 1.0, 0.0, 1.706052, 0.0, 0.0, 0.0, 1.0],
                [0.97621, 0.0, -0.216826, -5e-06, -0.216826, 0.0, -0.97621, 3.220111, 0.0, 1.0, 0.0, 1.586057, 0.0, 0.0, 0.0, 1.0],
                [0.974156, 0.0, -0.225878, -5e-06, -0.225878, 0.0, -0.974156, 3.220111, 0.0, 1.0, 0.0, 1.464959, 0.0, 0.0, 0.0, 1.0],
                [0.972228, 0.0, -0.234036, -5e-06, -0.234036, 0.0, -0.972228, 3.220111, 0.0, 1.0, 0.0, 1.345501, 0.0, 0.0, 0.0, 1.0],
                [0.970474, 0.0, -0.241204, -5e-06, -0.241204, 0.0, -0.970474, 3.220111, 0.0, 1.0, 0.0, 1.230424, 0.0, 0.0, 0.0, 1.0],
                [0.968943, 0.0, -0.247285, -5e-06, -0.247285, 0.0, -0.968943, 3.220111, 0.0, 1.0, 0.0, 1.122473, 0.0, 0.0, 0.0, 1.0],
                [0.967679, 0.0, -0.252184, -5e-06, -0.252184, 0.0, -0.967679, 3.220111, 0.0, 1.0, 0.0, 1.024388, 0.0, 0.0, 0.0, 1.0],
                [0.966729, 0.0, -0.255804, -5e-06, -0.255804, 0.0, -0.966729, 3.220111, 0.0, 1.0, 0.0, 0.938914, 0.0, 0.0, 0.0, 1.0],
                [0.966132, 0.0, -0.258049, -5e-06, -0.258049, 0.0, -0.966132, 3.220111, 0.0, 1.0, 0.0, 0.868792, 0.0, 0.0, 0.0, 1.0],
                [0.965926, 0.0, -0.258819, -5e-06, -0.258819, 0.0, -0.965926, 3.220111, 0.0, 1.0, 0.0, 0.816765, 0.0, 0.0, 0.0, 1.0],
                [0.965926, 0.0, -0.258819, -5e-06, -0.258819, 0.0, -0.965926, 3.220111, 0.0, 1.0, 0.0, 0.777274, 0.0, 0.0, 0.0, 1.0],
                [0.965926, 0.0, -0.258819, -5e-06, -0.258819, 0.0, -0.965926, 3.220111, 0.0, 1.0, 0.0, 0.742712, 0.0, 0.0, 0.0, 1.0],
                [0.965926, 0.0, -0.258819, -5e-06, -0.258819, 0.0, -0.965926, 3.220111, 0.0, 1.0, 0.0, 0.712752, 0.0, 0.0, 0.0, 1.0],
                [0.965926, 0.0, -0.258819, -5e-06, -0.258819, 0.0, -0.965926, 3.220111, 0.0, 1.0, 0.0, 0.687064, 0.0, 0.0, 0.0, 1.0],
                [0.965926, 0.0, -0.258819, -5e-06, -0.258819, 0.0, -0.965926, 3.220111, 0.0, 1.0, 0.0, 0.665319, 0.0, 0.0, 0.0, 1.0],
                [0.965926, 0.0, -0.258819, -5e-06, -0.258819, 0.0, -0.965926, 3.220111, 0.0, 1.0, 0.0, 0.647189, 0.0, 0.0, 0.0, 1.0],
                [0.965926, 0.0, -0.258819, -5e-06, -0.258819, 0.0, -0.965926, 3.220111, 0.0, 1.0, 0.0, 0.632346, 0.0, 0.0, 0.0, 1.0],
                [0.965926, 0.0, -0.258819, -5e-06, -0.258819, 0.0, -0.965926, 3.220111, 0.0, 1.0, 0.0, 0.62046, 0.0, 0.0, 0.0, 1.0],
                [0.965926, 0.0, -0.258819, -5e-06, -0.258819, 0.0, -0.965926, 3.220111, 0.0, 1.0, 0.0, 0.611204, 0.0, 0.0, 0.0, 1.0],
                [0.965926, 0.0, -0.258819, -5e-06, -0.258819, 0.0, -0.965926, 3.220111, 0.0, 1.0, 0.0, 0.604248, 0.0, 0.0, 0.0, 1.0],
                [0.965926, 0.0, -0.258819, -5e-06, -0.258819, 0.0, -0.965926, 3.220111, 0.0, 1.0, 0.0, 0.599263, 0.0, 0.0, 0.0, 1.0],
                [0.965926, 0.0, -0.258819, -5e-06, -0.258819, 0.0, -0.965926, 3.220111, 0.0, 1.0, 0.0, 0.595922, 0.0, 0.0, 0.0, 1.0],
                [0.965926, 0.0, -0.258819, -5e-06, -0.258819, 0.0, -0.965926, 3.220111, 0.0, 1.0, 0.0, 0.593896, 0.0, 0.0, 0.0, 1.0],
                [0.965926, 0.0, -0.258819, -5e-06, -0.258819, 0.0, -0.965926, 3.220111, 0.0, 1.0, 0.0, 0.592855, 0.0, 0.0, 0.0, 1.0],
                [0.965926, 0.0, -0.258819, -5e-06, -0.258819, 0.0, -0.965926, 3.220111, 0.0, 1.0, 0.0, 0.592472, 0.0, 0.0, 0.0, 1.0],
                [0.965926, 0.0, -0.258819, -5e-06, -0.258819, 0.0, -0.965926, 3.220111, 0.0, 1.0, 0.0, 0.592417, 0.0, 0.0, 0.0, 1.0],
                [0.965926, 0.0, -0.258819, -5e-06, -0.258819, 0.0, -0.965926, 3.220111, 0.0, 1.0, 0.0, 0.592417, 0.0, 0.0, 0.0, 1.0],
                [0.965926, 0.0, -0.258819, -5e-06, -0.258819, 0.0, -0.965926, 3.220111, 0.0, 1.0, 0.0, 0.592417, 0.0, 0.0, 0.0, 1.0],
                [0.965926, 0.0, -0.258819, -5e-06, -0.258819, 0.0, -0.965926, 3.220111, 0.0, 1.0, 0.0, 0.592417, 0.0, 0.0, 0.0, 1.0],
                [0.965926, 0.0, -0.258819, -5e-06, -0.258819, 0.0, -0.965926, 3.220111, 0.0, 1.0, 0.0, 0.592417, 0.0, 0.0, 0.0, 1.0],
                [0.965926, 0.0, -0.258819, -5e-06, -0.258819, 0.0, -0.965926, 3.220111, 0.0, 1.0, 0.0, 0.592417, 0.0, 0.0, 0.0, 1.0],
                [0.965926, 0.0, -0.258819, -5e-06, -0.258819, 0.0, -0.965926, 3.220111, 0.0, 1.0, 0.0, 0.592417, 0.0, 0.0, 0.0, 1.0],
                [0.965926, 0.0, -0.258819, -5e-06, -0.258819, 0.0, -0.965926, 3.220111, 0.0, 1.0, 0.0, 0.592417, 0.0, 0.0, 0.0, 1.0],
                [0.965926, 0.0, -0.258819, -5e-06, -0.258819, 0.0, -0.965926, 3.220111, 0.0, 1.0, 0.0, 0.592417, 0.0, 0.0, 0.0, 1.0],
                [0.965926, 0.0, -0.258819, -5e-06, -0.258819, 0.0, -0.965926, 3.220111, 0.0, 1.0, 0.0, 0.592417, 0.0, 0.0, 0.0, 1.0],
                [0.965926, 0.0, -0.258819, -5e-06, -0.258819, 0.0, -0.965926, 3.220111, 0.0, 1.0, 0.0, 0.592417, 0.0, 0.0, 0.0, 1.0],
                [0.965926, 0.0, -0.258819, -5e-06, -0.258819, 0.0, -0.965926, 3.220111, 0.0, 1.0, 0.0, 0.592417, 0.0, 0.0, 0.0, 1.0],
                [0.965926, 0.0, -0.258819, -5e-06, -0.258819, 0.0, -0.965926, 3.220111, 0.0, 1.0, 0.0, 0.592417, 0.0, 0.0, 0.0, 1.0],
                [0.965926, 0.0, -0.258819, -5e-06, -0.258819, 0.0, -0.965926, 3.220111, 0.0, 1.0, 0.0, 0.592417, 0.0, 0.0, 0.0, 1.0],
                [0.965926, 0.0, -0.258819, -5e-06, -0.258819, 0.0, -0.965926, 3.220111, 0.0, 1.0, 0.0, 0.592417, 0.0, 0.0, 0.0, 1.0],
                [0.965926, 0.0, -0.258819, -5e-06, -0.258819, 0.0, -0.965926, 3.220111, 0.0, 1.0, 0.0, 0.592417, 0.0, 0.0, 0.0, 1.0],
                [0.965926, 0.0, -0.258819, -5e-06, -0.258819, 0.0, -0.965926, 3.220111, 0.0, 1.0, 0.0, 0.592417, 0.0, 0.0, 0.0, 1.0],
                [0.965926, 0.0, -0.258819, -5e-06, -0.258819, 0.0, -0.965926, 3.220111, 0.0, 1.0, 0.0, 0.592417, 0.0, 0.0, 0.0, 1.0],
                [0.965926, 0.0, -0.258819, -5e-06, -0.258819, 0.0, -0.965926, 3.220111, 0.0, 1.0, 0.0, 0.592417, 0.0, 0.0, 0.0, 1.0],
                [0.965926, 0.0, -0.258819, -5e-06, -0.258819, 0.0, -0.965926, 3.220111, 0.0, 1.0, 0.0, 0.592417, 0.0, 0.0, 0.0, 1.0],
                [0.965926, 0.0, -0.258819, -5e-06, -0.258819, 0.0, -0.965926, 3.220111, 0.0, 1.0, 0.0, 0.592417, 0.0, 0.0, 0.0, 1.0],
                [0.965926, 0.0, -0.258819, -5e-06, -0.258819, 0.0, -0.965926, 3.220111, 0.0, 1.0, 0.0, 0.592417, 0.0, 0.0, 0.0, 1.0],
                [0.965926, 0.0, -0.258819, -5e-06, -0.258819, 0.0, -0.965926, 3.220111, 0.0, 1.0, 0.0, 0.592417, 0.0, 0.0, 0.0, 1.0],
                [0.965926, 0.0, -0.258819, -5e-06, -0.258819, 0.0, -0.965926, 3.220111, 0.0, 1.0, 0.0, 0.592417, 0.0, 0.0, 0.0, 1.0],
                [0.965926, 0.0, -0.258819, -5e-06, -0.258819, 0.0, -0.965926, 3.220111, 0.0, 1.0, 0.0, 0.592417, 0.0, 0.0, 0.0, 1.0],
                [0.965926, 0.0, -0.258819, -5e-06, -0.258819, 0.0, -0.965926, 3.220111, 0.0, 1.0, 0.0, 0.592417, 0.0, 0.0, 0.0, 1.0],
                [0.965926, 0.0, -0.258819, -5e-06, -0.258819, 0.0, -0.965926, 3.220111, 0.0, 1.0, 0.0, 0.592417, 0.0, 0.0, 0.0, 1.0],
                [0.965926, 0.0, -0.258819, -5e-06, -0.258819, 0.0, -0.965926, 3.220111, 0.0, 1.0, 0.0, 0.592417, 0.0, 0.0, 0.0, 1.0],
                [0.965926, 0.0, -0.258819, -5e-06, -0.258819, 0.0, -0.965926, 3.220111, 0.0, 1.0, 0.0, 0.592417, 0.0, 0.0, 0.0, 1.0],
                [0.965926, 0.0, -0.258819, -5e-06, -0.258819, 0.0, -0.965926, 3.220111, 0.0, 1.0, 0.0, 0.592417, 0.0, 0.0, 0.0, 1.0],
                [0.965926, 0.0, -0.258819, -5e-06, -0.258819, 0.0, -0.965926, 3.220111, 0.0, 1.0, 0.0, 0.592417, 0.0, 0.0, 0.0, 1.0],
                [0.965926, 0.0, -0.258819, -5e-06, -0.258819, 0.0, -0.965926, 3.220111, 0.0, 1.0, 0.0, 0.592417, 0.0, 0.0, 0.0, 1.0],
                [0.965926, 0.0, -0.258819, -5e-06, -0.258819, 0.0, -0.965926, 3.220111, 0.0, 1.0, 0.0, 0.592417, 0.0, 0.0, 0.0, 1.0],
                [0.965926, 0.0, -0.258819, -5e-06, -0.258819, 0.0, -0.965926, 3.220111, 0.0, 1.0, 0.0, 0.592417, 0.0, 0.0, 0.0, 1.0],
                [0.965926, 0.0, -0.258819, -5e-06, -0.258819, 0.0, -0.965926, 3.220111, 0.0, 1.0, 0.0, 0.592417, 0.0, 0.0, 0.0, 1.0],
                [0.965926, 0.0, -0.258819, -5e-06, -0.258819, 0.0, -0.965926, 3.220111, 0.0, 1.0, 0.0, 0.592417, 0.0, 0.0, 0.0, 1.0],
                [0.965926, 0.0, -0.258819, -5e-06, -0.258819, 0.0, -0.965926, 3.220111, 0.0, 1.0, 0.0, 0.592417, 0.0, 0.0, 0.0, 1.0],
                [0.965926, 0.0, -0.258819, -5e-06, -0.258819, 0.0, -0.965926, 3.220111, 0.0, 1.0, 0.0, 0.592417, 0.0, 0.0, 0.0, 1.0],
                [0.965926, 0.0, -0.258819, -5e-06, -0.258819, 0.0, -0.965926, 3.220111, 0.0, 1.0, 0.0, 0.592417, 0.0, 0.0, 0.0, 1.0],
                [0.965926, 0.0, -0.258819, -5e-06, -0.258819, 0.0, -0.965926, 3.220111, 0.0, 1.0, 0.0, 0.592417, 0.0, 0.0, 0.0, 1.0],
                [0.965926, 0.0, -0.258819, -5e-06, -0.258819, 0.0, -0.965926, 3.220111, 0.0, 1.0, 0.0, 0.592417, 0.0, 0.0, 0.0, 1.0],
                [0.965926, 0.0, -0.258819, -5e-06, -0.258819, 0.0, -0.965926, 3.220111, 0.0, 1.0, 0.0, 0.592417, 0.0, 0.0, 0.0, 1.0],
                [0.965926, 0.0, -0.258819, -5e-06, -0.258819, 0.0, -0.965926, 3.220111, 0.0, 1.0, 0.0, 0.592417, 0.0, 0.0, 0.0, 1.0],
                [0.965926, 0.0, -0.258819, -5e-06, -0.258819, 0.0, -0.965926, 3.220111, 0.0, 1.0, 0.0, 0.592417, 0.0, 0.0, 0.0, 1.0],
                [0.965926, 0.0, -0.258819, -5e-06, -0.258819, 0.0, -0.965926, 3.220111, 0.0, 1.0, 0.0, 0.592417, 0.0, 0.0, 0.0, 1.0],
                [0.965926, 0.0, -0.258819, -5e-06, -0.258819, 0.0, -0.965926, 3.220111, 0.0, 1.0, 0.0, 0.592417, 0.0, 0.0, 0.0, 1.0],
                [0.965926, 0.0, -0.258819, -5e-06, -0.258819, 0.0, -0.965926, 3.220111, 0.0, 1.0, 0.0, 0.592417, 0.0, 0.0, 0.0, 1.0],
                [0.965926, 0.0, -0.258819, -5e-06, -0.258819, 0.0, -0.965926, 3.220111, 0.0, 1.0, 0.0, 0.592417, 0.0, 0.0, 0.0, 1.0],
                [0.966132, 0.0, -0.258048, -5e-06, -0.258048, 0.0, -0.966132, 3.219446, 0.0, 1.0, 0.0, 0.592417, 0.0, 0.0, 0.0, 1.0],
                [0.966733, 0.0, -0.255786, -5e-06, -0.255786, 0.0, -0.966733, 3.217495, 0.0, 1.0, 0.0, 0.592417, 0.0, 0.0, 0.0, 1.0],
                [0.967699, 0.0, -0.252107, -5e-06, -0.252107, 0.0, -0.967699, 3.214326, 0.0, 1.0, 0.0, 0.592417, 0.0, 0.0, 0.0, 1.0],
                [0.968994, 0.0, -0.247085, -5e-06, -0.247085, 0.0, -0.968994, 3.210007, 0.0, 1.0, 0.0, 0.592417, 0.0, 0.0, 0.0, 1.0],
                [0.970577, 0.0, -0.240791, -5e-06, -0.240791, 0.0, -0.970577, 3.204605, 0.0, 1.0, 0.0, 0.592417, 0.0, 0.0, 0.0, 1.0],
                [0.972406, 0.0, -0.233296, -5e-06, -0.233296, 0.0, -0.972406, 3.198189, 0.0, 1.0, 0.0, 0.592417, 0.0, 0.0, 0.0, 1.0],
                [0.974435, 0.0, -0.22467, -5e-06, -0.22467, 0.0, -0.974435, 3.190825, 0.0, 1.0, 0.0, 0.592417, 0.0, 0.0, 0.0, 1.0],
                [0.976617, 0.0, -0.214985, -5e-06, -0.214985, 0.0, -0.976617, 3.182581, 0.0, 1.0, 0.0, 0.592417, 0.0, 0.0, 0.0, 1.0],
                [0.978906, 0.0, -0.204312, -5e-06, -0.204312, 0.0, -0.978906, 3.173526, 0.0, 1.0, 0.0, 0.592417, 0.0, 0.0, 0.0, 1.0],
                [0.981253, 0.0, -0.192723, -5e-06, -0.192723, 0.0, -0.981253, 3.163726, 0.0, 1.0, 0.0, 0.592417, 0.0, 0.0, 0.0, 1.0],
                [0.983613, 0.0, -0.180293, -5e-06, -0.180293, 0.0, -0.983613, 3.15325, 0.0, 1.0, 0.0, 0.592417, 0.0, 0.0, 0.0, 1.0],
                [0.98594, 0.0, -0.167098, -5e-06, -0.167098, 0.0, -0.98594, 3.142164, 0.0, 1.0, 0.0, 0.592417, 0.0, 0.0, 0.0, 1.0],
                [0.988193, 0.0, -0.153214, -5e-06, -0.153214, 0.0, -0.988193, 3.130538, 0.0, 1.0, 0.0, 0.592417, 0.0, 0.0, 0.0, 1.0],
                [0.990332, 0.0, -0.138721, -5e-06, -0.138721, 0.0, -0.990332, 3.118438, 0.0, 1.0, 0.0, 0.592417, 0.0, 0.0, 0.0, 1.0],
                [0.99232, 0.0, -0.123699, -5e-06, -0.123699, 0.0, -0.99232, 3.105931, 0.0, 1.0, 0.0, 0.592417, 0.0, 0.0, 0.0, 1.0],
                [0.994126, 0.0, -0.108233, -5e-06, -0.108233, 0.0, -0.994126, 3.093087, 0.0, 1.0, 0.0, 0.592417, 0.0, 0.0, 0.0, 1.0],
                [0.995722, 0.0, -0.092405, -5e-06, -0.092405, 0.0, -0.995722, 3.079972, 0.0, 1.0, 0.0, 0.592417, 0.0, 0.0, 0.0, 1.0],
                [0.997085, 0.0, -0.076302, -5e-06, -0.076302, 0.0, -0.997085, 3.066653, 0.0, 1.0, 0.0, 0.592417, 0.0, 0.0, 0.0, 1.0],
                [0.998198, 0.0, -0.060011, -5e-06, -0.060011, 0.0, -0.998198, 3.0532, 0.0, 1.0, 0.0, 0.592417, 0.0, 0.0, 0.0, 1.0],
                [0.999048, 0.0, -0.043619, -5e-06, -0.043619, 0.0, -0.999048, 3.039679, 0.0, 1.0, 0.0, 0.592417, 0.0, 0.0, 0.0, 1.0],
                [0.99963, 0.0, -0.027216, -5e-06, -0.027216, 0.0, -0.99963, 3.026158, 0.0, 1.0, 0.0, 0.592417, 0.0, 0.0, 0.0, 1.0],
                [0.999941, 0.0, -0.01089, -5e-06, -0.01089, 0.0, -0.999941, 3.012704, 0.0, 1.0, 0.0, 0.592417, 0.0, 0.0, 0.0, 1.0],
                [0.999986, 0.0, 0.00527, -5e-06, 0.00527, 0.0, -0.999986, 2.999386, 0.0, 1.0, 0.0, 0.592417, 0.0, 0.0, 0.0, 1.0],
                [0.999776, 0.0, 0.021177, -5e-06, 0.021177, 0.0, -0.999776, 2.986271, 0.0, 1.0, 0.0, 0.592417, 0.0, 0.0, 0.0, 1.0],
                [0.999325, 0.0, 0.036742, -5e-06, 0.036742, 0.0, -0.999325, 2.973426, 0.0, 1.0, 0.0, 0.592417, 0.0, 0.0, 0.0, 1.0],
                [0.998653, 0.0, 0.05188, -5e-06, 0.05188, 0.0, -0.998653, 2.96092, 0.0, 1.0, 0.0, 0.592417, 0.0, 0.0, 0.0, 1.0],
                [0.997786, 0.0, 0.066504, -5e-06, 0.066504, 0.0, -0.997786, 2.94882, 0.0, 1.0, 0.0, 0.592417, 0.0, 0.0, 0.0, 1.0],
                [0.996752, 0.0, 0.080532, -5e-06, 0.080532, 0.0, -0.996752, 2.937193, 0.0, 1.0, 0.0, 0.592417, 0.0, 0.0, 0.0, 1.0],
                [0.995584, 0.0, 0.09388, -5e-06, 0.09388, 0.0, -0.995584, 2.926108, 0.0, 1.0, 0.0, 0.592417, 0.0, 0.0, 0.0, 1.0],
                [0.994316, 0.0, 0.106468, -5e-06, 0.106468, 0.0, -0.994316, 2.915632, 0.0, 1.0, 0.0, 0.592417, 0.0, 0.0, 0.0, 1.0],
                [0.992988, 0.0, 0.118217, -5e-06, 0.118217, 0.0, -0.992988, 2.905832, 0.0, 1.0, 0.0, 0.592417, 0.0, 0.0, 0.0, 1.0],
                [0.991638, 0.0, 0.129049, -5e-06, 0.129049, 0.0, -0.991638, 2.896776, 0.0, 1.0, 0.0, 0.592417, 0.0, 0.0, 0.0, 1.0],
                [0.990308, 0.0, 0.138888, -5e-06, 0.138888, 0.0, -0.990308, 2.888533, 0.0, 1.0, 0.0, 0.592417, 0.0, 0.0, 0.0, 1.0],
                [0.989039, 0.0, 0.147657, -5e-06, 0.147657, 0.0, -0.989039, 2.881169, 0.0, 1.0, 0.0, 0.592417, 0.0, 0.0, 0.0, 1.0],
                [0.98787, 0.0, 0.155283, -5e-06, 0.155283, 0.0, -0.98787, 2.874752, 0.0, 1.0, 0.0, 0.592417, 0.0, 0.0, 0.0, 1.0],
                [0.986841, 0.0, 0.161691, -5e-06, 0.161691, 0.0, -0.986841, 2.86935, 0.0, 1.0, 0.0, 0.592417, 0.0, 0.0, 0.0, 1.0],
                [0.98599, 0.0, 0.166807, -5e-06, 0.166807, 0.0, -0.98599, 2.865031, 0.0, 1.0, 0.0, 0.592417, 0.0, 0.0, 0.0, 1.0],
                [0.985348, 0.0, 0.170556, -5e-06, 0.170556, 0.0, -0.985348, 2.861863, 0.0, 1.0, 0.0, 0.592417, 0.0, 0.0, 0.0, 1.0],
                [0.984946, 0.0, 0.172862, -5e-06, 0.172862, 0.0, -0.984946, 2.859911, 0.0, 1.0, 0.0, 0.592417, 0.0, 0.0, 0.0, 1.0],
                [0.984808, 0.0, 0.173648, -5e-06, 0.173648, 0.0, -0.984808, 2.859246, 0.0, 1.0, 0.0, 0.592417, 0.0, 0.0, 0.0, 1.0]
            ]
        },
        {
            "name": "Thigh_R",
            "time": [0.0167, 0.0333, 0.05, 0.0667, 0.0833, 0.1, 0.1167, 0.1333, 0.15, 0.1667, 0.1833, 0.2, 0.2167, 0.2333, 0.25, 0.2667, 0.2833, 0.3, 0.3167, 0.3333, 0.35, 0.3667, 0.3833, 0.4, 0.4167, 0.4333, 0.45, 0.4667, 0.4833, 0.5, 0.5167, 0.5333, 0.55, 0.5667, 0.5833, 0.6, 0.6167, 0.6333, 0.65, 0.6667, 0.6833, 0.7, 0.7167, 0.7333, 0.75, 0.7667, 0.7833, 0.8, 0.8167, 0.8333, 0.85, 0.8667, 0.8833, 0.9, 0.9167, 0.9333, 0.95, 0.9667, 0.9833, 1.0, 1.0167, 1.0333, 1.05, 1.0667, 1.0833, 1.1, 1.1167, 1.1333, 1.15, 1.1667, 1.1833, 1.2, 1.2167, 1.2333, 1.25, 1.2667, 1.2833, 1.3, 1.3167, 1.3333, 1.35, 1.3667, 1.3833, 1.4, 1.4167, 1.4333, 1.45, 1.4667, 1.4833, 1.5, 1.5167, 1.5333, 1.55, 1.5667, 1.5833, 1.6, 1.6167, 1.6333, 1.65, 1.6667, 1.6833, 1.7, 1.7167, 1.7333, 1.75, 1.7667, 1.7833, 1.8, 1.8167, 1.8333, 1.85, 1.8667, 1.8833, 1.9, 1.9167, 1.9333, 1.95, 1.9667, 1.9833, 2.0, 2.0167, 2.0333, 2.05, 2.0667, 2.0833, 2.1, 2.1167, 2.1333, 2.15, 2.1667, 2.1833, 2.2, 2.2167, 2.2333, 2.25, 2.2667, 2.2833, 2.3, 2.3167, 2.3333, 2.35, 2.3667, 2.3833, 2.4, 2.4167, 2.4333, 2.45, 2.4667, 2.4833, 2.5, 2.5167, 2.5333, 2.55, 2.5667, 2.5833, 2.6, 2.6167, 2.6333, 2.65, 2.6667, 2.6833, 2.7, 2.7167, 2.7833],
            "transform": [
                [0.99589, 0.072043, 0.054896, 0.124994, 0.035518, -0.868165, 0.495002, -0.002831, 0.08332, -0.491018, -0.867156, -1.2e-05, 0.0, 0.0, 0.0, 1.0],
                [0.99589, 0.072042, 0.054897, 0.124994, 0.035518, -0.868171, 0.494992, -0.002831, 0.08332, -0.491008, -0.867162, -1.2e-05, 0.0, 0.0, 0.0, 1.0],
                [0.99589, 0.072038, 0.054903, 0.124994, 0.035518, -0.868212, 0.49492, -0.002831, 0.08332, -0.490936, -0.867202, -1.2e-05, 0.0, 0.0, 0.0, 1.0],
                [0.99589, 0.072025, 0.054919, 0.124994, 0.035518, -0.868324, 0.494724, -0.002831, 0.08332, -0.49074, -0.867313, -1.2e-05, 0.0, 0.0, 0.0, 1.0],
                [0.99589, 0.072001, 0.054951, 0.124994, 0.035518, -0.868541, 0.494343, -0.002831, 0.08332, -0.49036, -0.867528, -1.2e-05, 0.0, 0.0, 0.0, 1.0],
                [0.99589, 0.071962, 0.055003, 0.124994, 0.035518, -0.868898, 0.493714, -0.002831, 0.08332, -0.489732, -0.867883, -1.2e-05, 0.0, 0.0, 0.0, 1.0],
                [0.99589, 0.071902, 0.05508, 0.124994, 0.035518, -0.869431, 0.492776, -0.002831, 0.08332, -0.488794, -0.868411, -1.2e-05, 0.0, 0.0, 0.0, 1.0],
                [0.99589, 0.071819, 0.055189, 0.124994, 0.035518, -0.870173, 0.491465, -0.002831, 0.08332, -0.487485, -0.869147, -1.2e-05, 0.0, 0.0, 0.0, 1.0],
                [0.99589, 0.071708, 0.055333, 0.124994, 0.035518, -0.871157, 0.489718, -0.002831, 0.08332, -0.48574, -0.870123, -1.2e-05, 0.0, 0.0, 0.0, 1.0],
                [0.99589, 0.071565, 0.055517, 0.124994, 0.035518, -0.872416, 0.487471, -0.002831, 0.08332, -0.483495, -0.871372, -1.2e-05, 0.0, 0.0, 0.0, 1.0],
                [0.99589, 0.071386, 0.055747, 0.124994, 0.035518, -0.873982, 0.484658, -0.002831, 0.08332, -0.480686, -0.872925, -1.2e-05, 0.0, 0.0, 0.0, 1.0],
                [0.99589, 0.071166, 0.056028, 0.124994, 0.035518, -0.875883, 0.481213, -0.002831, 0.08332, -0.477246, -0.874811, -1.2e-05, 0.0, 0.0, 0.0, 1.0],
                [0.99589, 0.0709, 0.056364, 0.124994, 0.035518, -0.878148, 0.477068, -0.002831, 0.08332, -0.473105, -0.877057, -1.2e-05, 0.0, 0.0, 0.0, 1.0],
                [0.99589, 0.070584, 0.056759, 0.124994, 0.035518, -0.880801, 0.472152, -0.002831, 0.08332, -0.468195, -0.879688, -1.2e-05, 0.0, 0.0, 0.0, 1.0],
                [0.99589, 0.070212, 0.057219, 0.124994, 0.035518, -0.883865, 0.466392, -0.002831, 0.08332, -0.462443, -0.882726, -1.2e-05, 0.0, 0.0, 0.0, 1.0],
                [0.99589, 0.069779, 0.057747, 0.124994, 0.035518, -0.887357, 0.459713, -0.002831, 0.08332, -0.455773, -0.886188, -1.2e-05, 0.0, 0.0, 0.0, 1.0],
                [0.99589, 0.069278, 0.058347, 0.124994, 0.035518, -0.891291, 0.452037, -0.002831, 0.08332, -0.448107, -0.890089, -1.2e-05, 0.0, 0.0, 0.0, 1.0],
                [0.99589, 0.068703, 0.059023, 0.124994, 0.035518, -0.895677, 0.443283, -0.002831, 0.08332, -0.439365, -0.894436, -1.2e-05, 0.0, 0.0, 0.0, 1.0],
                [0.99589, 0.068047, 0.059778, 0.124994, 0.035518, -0.900518, 0.433366, -0.002831, 0.08332, -0.429461, -0.899234, -1.2e-05, 0.0, 0.0, 0.0, 1.0],
                [0.99589, 0.067302, 0.060615, 0.124994, 0.035518, -0.905808, 0.422196, -0.002831, 0.08332, -0.418307, -0.904476, -1.2e-05, 0.0, 0.0, 0.0, 1.0],
                [0.99589, 0.066461, 0.061536, 0.124994, 0.035518, -0.911537, 0.409681, -0.002831, 0.08332, -0.405811, -0.910151, -1.2e-05, 0.0, 0.0, 0.0, 1.0],
                [0.99589, 0.065514, 0.062543, 0.124994, 0.035518, -0.917682, 0.395725, -0.002831, 0.08332, -0.391877, -0.916237, -1.2e-05, 0.0, 0.0, 0.0, 1.0],
                [0.99589, 0.064281, 0.06381, 0.124994, 0.035518, -0.925231, 0.377739, -0.002831, 0.08332, -0.37392, -0.923711, -1.2e-05, 0.0, 0.0, 0.0, 1.0],
                [0.99589, 0.062599, 0.065461, 0.124994, 0.035518, -0.934749, 0.353527, -0.002831, 0.08332, -0.349749, -0.933131, -1.2e-05, 0.0, 0.0, 0.0, 1.0],
                [0.99589, 0.060482, 0.067421, 0.124994, 0.035518, -0.945533, 0.323583, -0.002831, 0.08332, -0.319859, -0.943795, -1.2e-05, 0.0, 0.0, 0.0, 1.0],
                [0.99589, 0.05795, 0.06961, 0.124994, 0.035518, -0.956841, 0.288431, -0.002831, 0.08332, -0.284773, -0.954967, -1.2e-05, 0.0, 0.0, 0.0, 1.0],
                [0.99589, 0.055025, 0.071944, 0.124994, 0.035518, -0.96794, 0.248655, -0.002831, 0.08332, -0.245078, -0.965917, -1.2e-05, 0.0, 0.0, 0.0, 1.0],
                [0.99589, 0.051737, 0.074344, 0.124994, 0.035518, -0.978134, 0.20492, -0.002831, 0.08332, -0.201437, -0.975951, -1.2e-05, 0.0, 0.0, 0.0, 1.0],
                [0.99589, 0.048129, 0.076729, 0.124994, 0.035518, -0.986803, 0.15798, -0.002831, 0.08332, -0.154605, -0.984457, -1.2e-05, 0.0, 0.0, 0.0, 1.0],
                [0.99589, 0.04425, 0.079029, 0.124994, 0.035518, -0.993442, 0.108674, -0.002831, 0.08332, -0.10542, -0.990931, -1.2e-05, 0.0, 0.0, 0.0, 1.0],
                [0.99589, 0.040166, 0.081182, 0.124994, 0.035518, -0.997689, 0.057912, -0.002831, 0.08332, -0.054791, -0.995015, -1.2e-05, 0.0, 0.0, 0.0, 1.0],
                [0.99589, 0.035948, 0.083135, 0.124994, 0.035518, -0.999347, 0.006652, -0.002831, 0.08332, -0.003672, -0.996516, -1.2e-05, 0.0, 0.0, 0.0, 1.0],
                [0.99589, 0.031678, 0.084854, 0.124994, 0.035518, -0.998394, -0.044133, -0.002831, 0.08332, 0.046965, -0.995415, -1.2e-05, 0.0, 0.0, 0.0, 1.0],
                [0.99589, 0.02744, 0.086318, 0.124994, 0.035518, -0.994987, -0.093486, -0.002831, 0.08332, 0.096167, -0.991872, -1.2e-05, 0.0, 0.0, 0.0, 1.0],
                [0.99589, 0.023322, 0.087521, 0.124994, 0.035518, -0.989444, -0.140494, -0.002831, 0.08332, 0.143025, -0.986206, -1.2e-05, 0.0, 0.0, 0.0, 1.0],
                [0.99589, 0.01941, 0.08847, 0.124994, 0.035518, -0.982225, -0.184316, -0.002831, 0.08332, 0.186701, -0.978877, -1.2e-05, 0.0, 0.0, 0.0, 1.0],
                [0.99589, 0.015789, 0.089188, 0.124994, 0.035518, -0.973897, -0.224192, -0.002831, 0.08332, 0.226438, -0.970455, -1.2e-05, 0.0, 0.0, 0.0, 1.0],
                [0.99589, 0.012536, 0.089703, 0.124994, 0.035518, -0.965104, -0.259447, -0.002831, 0.08332, 0.261567, -0.961582, -1.2e-05, 0.0, 0.0, 0.0, 1.0],
                [0.99589, 0.009726, 0.090051, 0.124994, 0.035518, -0.956523, -0.289484, -0.002831, 0.08332, 0.291493, -0.952937, -1.2e-05, 0.0, 0.0, 0.0, 1.0],
                [0.99589, 0.007429, 0.090269, 0.124994, 0.035518, -0.948837, -0.313763, -0.002831, 0.08332, 0.315679, -0.945201, -1.2e-05, 0.0, 0.0, 0.0, 1.0],
                [0.99589, 0.005709, 0.090394, 0.124994, 0.035518, -0.942691, -0.331771, -0.002831, 0.08332, 0.333618, -0.939019, -1.2e-05, 0.0, 0.0, 0.0, 1.0],
                [0.99589, 0.00463, 0.090456, 0.124994, 0.035518, -0.938666, -0.342994, -0.002831, 0.08332, 0.344797, -0.934972, -1.2e-05, 0.0, 0.0, 0.0, 1.0],
                [0.99589, 0.004256, 0.090475, 0.124994, 0.035518, -0.937239, -0.346872, -0.002831, 0.08332, 0.34866, -0.933538, -1.2e-05, 0.0, 0.0, 0.0, 1.0],
                [0.99589, 0.004256, 0.090475, 0.124994, 0.035518, -0.937239, -0.346872, -0.002831, 0.08332, 0.34866, -0.933538, -1.2e-05, 0.0, 0.0, 0.0, 1.0],
                [0.99589, 0.004256, 0.090475, 0.124994, 0.035518, -0.937239, -0.346872, -0.002831, 0.08332, 0.34866, -0.933538, -1.2e-05, 0.0, 0.0, 0.0, 1.0],
                [0.99589, 0.004256, 0.090475, 0.124994, 0.035518, -0.937239, -0.346872, -0.002831, 0.08332, 0.34866, -0.933538, -1.2e-05, 0.0, 0.0, 0.0, 1.0],
                [0.99589, 0.004256, 0.090475, 0.124994, 0.035518, -0.937239, -0.346872, -0.002831, 0.08332, 0.34866, -0.933538, -1.2e-05, 0.0, 0.0, 0.0, 1.0],
                [0.99589, 0.004256, 0.090475, 0.124994, 0.035518, -0.937239, -0.346872, -0.002831, 0.08332, 0.34866, -0.933538, -1.2e-05, 0.0, 0.0, 0.0, 1.0],
                [0.99589, 0.004256, 0.090475, 0.124994, 0.035518, -0.937239, -0.346872, -0.002831, 0.08332, 0.34866, -0.933538, -1.2e-05, 0.0, 0.0, 0.0, 1.0],
