{
    "armature": {
        "joints": ["Root", "Thigh_R", "Leg_R", "Knee_R", "Thigh_L", "Leg_L", "Knee_L", "Torso", "Chest", "Head", "Shoulder_R", "Arm_R", "Hand_R", "Tool_R", "Elbow_R", "Shoulder_L", "Arm_L", "Hand_L", "Tool_L", "Elbow_L"],
        "hierarchy": [
            {
                "name": "Root",
                "transform": [1.0, 0.0, 0.0, -5e-06, 0.0, 0.0, -1.0, 0.000946, 0.0, 1.0, 0.0, 0.763972, 0.0, 0.0, 0.0, 1.0],
                "children": [
                    {
                        "name": "Thigh_R",
                        "transform": [1.0, -0.0, -0.0, 0.124994, -0.0, -1.0, 0.0, -0.002831, -0.0, -0.0, -1.0, -1.2e-05, 0.0, 0.0, 0.0, 1.0],
                        "children": [
                            {
                                "name": "Leg_R",
                                "transform": [1.0, 0.0, 1e-06, 0.0, -0.0, 1.0, 0.0, 0.37472, -1e-06, -0.0, 1.0, -0.0, 0.0, 0.0, 0.0, 1.0],
                                "children": []
                            },
                            {
                                "name": "Knee_R",
                                "transform": [1.0, 0.0, -0.0, 0.0, -0.0, 0.0, -1.0, 0.37472, -0.0, 1.0, 0.0, -0.0, 0.0, 0.0, 0.0, 1.0],
                                "children": []
                            }
                        ]
                    },
                    {
                        "name": "Thigh_L",
                        "transform": [1.0, -0.0, -0.0, -0.125006, -0.0, -1.0, 0.0, -0.002831, -0.0, -0.0, -1.0, -1.2e-05, 0.0, 0.0, 0.0, 1.0],
                        "children": [
                            {
                                "name": "Leg_L",
                                "transform": [1.0, 0.0, 1e-06, -0.0, -0.0, 1.0, 0.0, 0.37472, -1e-06, -0.0, 1.0, 0.0, 0.0, 0.0, 0.0, 1.0],
                                "children": []
                            },
                            {
                                "name": "Knee_L",
                                "transform": [1.0, 0.0, -0.0, -0.0, -0.0, 0.0, -1.0, 0.37472, -0.0, 1.0, 0.0, 0.0, 0.0, 0.0, 0.0, 1.0],
                                "children": []
                            }
                        ]
                    },
                    {
                        "name": "Torso",
                        "transform": [1.0, 0.0, 0.0, 0.0, 0.0, 1.0, 0.0, 0.05, 0.0, 0.0, 1.0, 0.0, 0.0, 0.0, 0.0, 1.0],
                        "children": [
                            {
                                "name": "Chest",
                                "transform": [1.0, 0.0, 0.0, 0.0, 0.0, 1.0, 0.0, 0.3, 0.0, 0.0, 1.0, 0.0, 0.0, 0.0, 0.0, 1.0],
                                "children": [
                                    {
                                        "name": "Head",
                                        "transform": [1.0, 0.0, 0.0, 0.0, 0.0, 1.0, 0.0, 0.4, 0.0, 0.0, 1.0, 0.0, 0.0, 0.0, 0.0, 1.0],
                                        "children": []
                                    },
                                    {
                                        "name": "Shoulder_R",
                                        "transform": [0.0, 0.952114, 0.305743, 0.0, 0.0, -0.305743, 0.952114, 0.4, 1.0, 0.0, -0.0, 0.0, 0.0, 0.0, 0.0, 1.0],
                                        "children": [
                                            {
                                                "name": "Arm_R",
                                                "transform": [0.0, -0.0, -1.0, -0.0, 0.952114, 0.305743, 0.0, 0.39386, 0.305743, -0.952114, 0.0, 0.0, 0.0, 0.0, 0.0, 1.0],
                                                "children": [
                                                    {
                                                        "name": "Hand_R",
                                                        "transform": [1.0, 0.0, 0.0, 0.0, -0.0, 0.993938, 0.109947, 0.3, -0.0, -0.109947, 0.993937, 0.0, 0.0, 0.0, 0.0, 1.0],
                                                        "children": [
                                                            {
                                                                "name": "Tool_R",
                                                                "transform": [1.0, 0.0, 0.0, -0.0, 0.0, -0.999836, 0.018122, 0.272858, 0.0, -0.018122, -0.999836, 0.0, 0.0, 0.0, 0.0, 1.0],
                                                                "children": []
                                                            }
                                                        ]
                                                    },
                                                    {
                                                        "name": "Elbow_R",
                                                        "transform": [-1.0, 0.0, -0.0, 0.0, 0.0, 0.0, -1.0, 0.3, -0.0, -1.0, -0.0, 0.0, 0.0, 0.0, 0.0, 1.0],
                                                        "children": []
                                                    }
                                                ]
                                            }
                                        ]
                                    },
                                    {
                                        "name": "Shoulder_L",
                                        "transform": [-0.0, -0.952114, -0.305743, 0.0, 0.0, -0.305743, 0.952114, 0.4, -1.0, 0.0, 0.0, 0.0, 0.0, 0.0, 0.0, 1.0],
                                        "children": [
                                            {
                                                "name": "Arm_L",
                                                "transform": [-0.0, -0.0, 1.0, -0.0, -0.952114, 0.305743, -0.0, 0.39386, -0.305743, -0.952114, -0.0, 0.0, 0.0, 0.0, 0.0, 1.0],
                                                "children": [
                                                    {
                                                        "name": "Hand_L",
                                                        "transform": [1.0, -0.0, 0.0, -0.0, 0.0, 0.993937, 0.109947, 0.3, -0.0, -0.109947, 0.993937, 0.0, 0.0, 0.0, 0.0, 1.0],
                                                        "children": [
                                                            {
                                                                "name": "Tool_L",
                                                                "transform": [1.0, 0.0, 0.0, -0.0, -0.0, -0.999836, 0.018122, 0.272858, 0.0, -0.018122, -0.999836, -0.0, 0.0, 0.0, 0.0, 1.0],
                                                                "children": []
                                                            }
                                                        ]
                                                    },
                                                    {
                                                        "name": "Elbow_L",
                                                        "transform": [-1.0, 0.0, -0.0, -0.0, 0.0, -0.0, -1.0, 0.3, -0.0, -1.0, 0.0, 0.0, 0.0, 0.0, 0.0, 1.0],
                                                        "children": []
                                                    }
                                                ]
                                            }
                                        ]
                                    }
                                ]
                            }
                        ]
                    }
                ]
            }
        ]
    },
    "animation": [
        {
            "name": "Root",
            "time": [0.0, 0.0167, 0.0333, 0.05, 0.0667, 0.0833, 0.1, 0.1167, 0.1333, 0.15, 0.1667, 0.1833, 0.2, 0.2167, 0.2333, 0.25, 0.2667, 0.2833, 0.3, 0.3167, 0.3333, 0.35, 0.3667, 0.3833, 0.4, 0.4167, 0.4333, 0.45, 0.4667, 0.4833, 0.5, 0.5167, 0.5333, 0.55, 0.5667, 0.5833, 0.6, 0.6167, 0.6333, 0.65, 0.6667, 0.6833, 0.7, 0.7167, 0.7333, 0.75, 0.7667, 0.7833, 0.8, 0.8167, 0.8333, 0.85, 0.8667, 0.8833, 0.9, 0.9167, 0.9333, 0.95, 0.9667, 0.9833, 1.0, 1.0167, 1.0333, 1.05, 1.0667, 1.0833, 1.1, 1.1167, 1.1333, 1.15, 1.1667, 1.1833, 1.2, 1.2167, 1.2333, 1.25, 1.2667, 1.2833, 1.3, 1.3167, 1.3333, 1.35, 1.3667, 1.3833, 1.4, 1.4167, 1.4333, 1.45, 1.4667, 1.4833, 1.5, 1.5167, 1.5333, 1.55, 1.5667, 1.5833, 1.6, 1.6167, 1.6333, 1.65, 1.6667, 1.6833, 1.7, 1.7167, 1.7333, 1.75, 1.7667, 1.7833, 1.8, 1.8167, 1.8333, 1.85, 1.8667, 1.8833, 1.9, 1.9167, 1.9333, 1.95, 1.9667, 1.9833, 2.0, 2.0167, 2.7],
            "transform": [
                [1.0, 0.0, 0.0, -5e-06, 0.0, 0.0, -1.0, 0.000946, 0.0, 1.0, 0.0, 0.763972, 0.0, 0.0, 0.0, 1.0],
                [1.0, 0.0, 0.0, -5e-06, 0.0, 0.0, -1.0, 0.000946, 0.0, 1.0, 0.0, 0.761278, 0.0, 0.0, 0.0, 1.0],
                [1.0, 0.0, 0.0, -5e-06, 0.0, 0.0, -1.0, 0.000946, 0.0, 1.0, 0.0, 0.754177, 0.0, 0.0, 0.0, 1.0],
                [1.0, 0.0, 0.0, -5e-06, 0.0, 0.0, -1.0, 0.000946, 0.0, 1.0, 0.0, 0.744138, 0.0, 0.0, 0.0, 1.0],
                [1.0, 0.0, 0.0, -5e-06, 0.0, 0.0, -1.0, 0.000946, 0.0, 1.0, 0.0, 0.732629, 0.0, 0.0, 0.0, 1.0],
                [1.0, 0.0, 0.0, -5e-06, 0.0, 0.0, -1.0, 0.000946, 0.0, 1.0, 0.0, 0.72112, 0.0, 0.0, 0.0, 1.0],
                [1.0, 0.0, 0.0, -5e-06, 0.0, 0.0, -1.0, 0.000946, 0.0, 1.0, 0.0, 0.711081, 0.0, 0.0, 0.0, 1.0],
                [1.0, 0.0, 0.0, -5e-06, 0.0, 0.0, -1.0, 0.000946, 0.0, 1.0, 0.0, 0.70398, 0.0, 0.0, 0.0, 1.0],
                [1.0, 0.0, 0.0, -5e-06, 0.0, 0.0, -1.0, 0.000946, 0.0, 1.0, 0.0, 0.701286, 0.0, 0.0, 0.0, 1.0],
                [1.0, 0.0, 0.0, -5e-06, 0.0, 0.0, -1.0, 0.000995, 0.0, 1.0, 0.0, 0.701286, 0.0, 0.0, 0.0, 1.0],
                [1.0, 0.0, 0.0, -5e-06, 0.0, 0.0, -1.0, 0.001338, 0.0, 1.0, 0.0, 0.701286, 0.0, 0.0, 0.0, 1.0],
                [1.0, 0.0, 0.0, -5e-06, 0.0, 0.0, -1.0, 0.002269, 0.0, 1.0, 0.0, 0.701286, 0.0, 0.0, 0.0, 1.0],
                [1.0, 0.0, 0.0, -5e-06, 0.0, 0.0, -1.0, 0.004081, 0.0, 1.0, 0.0, 0.701286, 0.0, 0.0, 0.0, 1.0],
                [1.0, 0.0, 0.0, -5e-06, 0.0, 0.0, -1.0, 0.007069, 0.0, 1.0, 0.0, 0.701286, 0.0, 0.0, 0.0, 1.0],
                [1.0, 0.0, 0.0, -5e-06, 0.0, 0.0, -1.0, 0.011526, 0.0, 1.0, 0.0, 0.701286, 0.0, 0.0, 0.0, 1.0],
                [1.0, 0.0, 0.0, -5e-06, 0.0, 0.0, -1.0, 0.017746, 0.0, 1.0, 0.0, 0.701286, 0.0, 0.0, 0.0, 1.0],
                [1.0, 0.0, 0.0, -5e-06, 0.0, 0.0, -1.0, 0.026024, 0.0, 1.0, 0.0, 0.701286, 0.0, 0.0, 0.0, 1.0],
                [1.0, 0.0, 0.0, -5e-06, 0.0, 0.0, -1.0, 0.056225, 0.0, 1.0, 0.0, 0.701286, 0.0, 0.0, 0.0, 1.0],
                [1.0, 0.0, 0.0, -5e-06, 0.0, 0.0, -1.0, 0.124351, 0.0, 1.0, 0.0, 0.701286, 0.0, 0.0, 0.0, 1.0],
                [1.0, 0.0, 0.0, -5e-06, 0.0, 0.0, -1.0, 0.2249, 0.0, 1.0, 0.0, 0.701286, 0.0, 0.0, 0.0, 1.0],
                [1.0, 0.0, 0.0, -5e-06, 0.0, 0.0, -1.0, 0.352371, 0.0, 1.0, 0.0, 0.701286, 0.0, 0.0, 0.0, 1.0],
                [1.0, 0.0, 0.0, -5e-06, 0.0, 0.0, -1.0, 0.501262, 0.0, 1.0, 0.0, 0.701286, 0.0, 0.0, 0.0, 1.0],
                [1.0, 0.0, 0.0, -5e-06, 0.0, 0.0, -1.0, 0.66607, 0.0, 1.0, 0.0, 0.701286, 0.0, 0.0, 0.0, 1.0],
                [1.0, 0.0, 0.0, -5e-06, 0.0, 0.0, -1.0, 0.841295, 0.0, 1.0, 0.0, 0.701286, 0.0, 0.0, 0.0, 1.0],
                [1.0, 0.0, 0.0, -5e-06, 0.0, 0.0, -1.0, 1.021434, 0.0, 1.0, 0.0, 0.701286, 0.0, 0.0, 0.0, 1.0],
                [1.0, 0.0, 0.0, -5e-06, 0.0, 0.0, -1.0, 1.200985, 0.0, 1.0, 0.0, 0.701286, 0.0, 0.0, 0.0, 1.0],
                [1.0, 0.0, 0.0, -5e-06, 0.0, 0.0, -1.0, 1.374446, 0.0, 1.0, 0.0, 0.701286, 0.0, 0.0, 0.0, 1.0],
                [1.0, 0.0, 0.0, -5e-06, 0.0, 0.0, -1.0, 1.536316, 0.0, 1.0, 0.0, 0.701286, 0.0, 0.0, 0.0, 1.0],
                [1.0, 0.0, 0.0, -5e-06, 0.0, 0.0, -1.0, 1.681092, 0.0, 1.0, 0.0, 0.701286, 0.0, 0.0, 0.0, 1.0],
                [1.0, 0.0, 0.0, -5e-06, 0.0, 0.0, -1.0, 1.803274, 0.0, 1.0, 0.0, 0.701286, 0.0, 0.0, 0.0, 1.0],
                [1.0, 0.0, 0.0, -5e-06, 0.0, 0.0, -1.0, 1.897358, 0.0, 1.0, 0.0, 0.701286, 0.0, 0.0, 0.0, 1.0],
                [1.0, 0.0, 0.0, -5e-06, 0.0, 0.0, -1.0, 1.957843, 0.0, 1.0, 0.0, 0.701286, 0.0, 0.0, 0.0, 1.0],
                [1.0, 0.0, 0.0, -5e-06, 0.0, 0.0, -1.0, 1.979227, 0.0, 1.0, 0.0, 0.701286, 0.0, 0.0, 0.0, 1.0],
                [1.0, 0.0, 0.0, -5e-06, 0.0, 0.0, -1.0, 1.979227, 0.0, 1.0, 0.0, 0.701286, 0.0, 0.0, 0.0, 1.0],
                [1.0, 0.0, 0.0, -5e-06, 0.0, 0.0, -1.0, 1.979227, 0.0, 1.0, 0.0, 0.701286, 0.0, 0.0, 0.0, 1.0],
                [1.0, 0.0, 0.0, -5e-06, 0.0, 0.0, -1.0, 1.979227, 0.0, 1.0, 0.0, 0.701286, 0.0, 0.0, 0.0, 1.0],
                [1.0, 0.0, 0.0, -5e-06, 0.0, 0.0, -1.0, 1.979227, 0.0, 1.0, 0.0, 0.701286, 0.0, 0.0, 0.0, 1.0],
                [1.0, 0.0, 0.0, -5e-06, 0.0, 0.0, -1.0, 1.979227, 0.0, 1.0, 0.0, 0.701286, 0.0, 0.0, 0.0, 1.0],
                [1.0, 0.0, 0.0, -5e-06, 0.0, 0.0, -1.0, 1.979227, 0.0, 1.0, 0.0, 0.701286, 0.0, 0.0, 0.0, 1.0],
                [1.0, 0.0, 0.0, -5e-06, 0.0, 0.0, -1.0, 1.979227, 0.0, 1.0, 0.0, 0.701286, 0.0, 0.0, 0.0, 1.0],
                [1.0, 0.0, 0.0, -5e-06, 0.0, 0.0, -1.0, 1.979227, 0.0, 1.0, 0.0, 0.701286, 0.0, 0.0, 0.0, 1.0],
                [1.0, 0.0, 0.0, -5e-06, 0.0, 0.0, -1.0, 1.979227, 0.0, 1.0, 0.0, 0.701286, 0.0, 0.0, 0.0, 1.0],
                [1.0, 0.0, 0.0, -5e-06, 0.0, 0.0, -1.0, 1.979227, 0.0, 1.0, 0.0, 0.701286, 0.0, 0.0, 0.0, 1.0],
                [1.0, 0.0, 0.0, -5e-06, 0.0, 0.0, -1.0, 1.979227, 0.0, 1.0, 0.0, 0.701286, 0.0, 0.0, 0.0, 1.0],
                [1.0, 0.0, 0.0, -5e-06, 0.0, 0.0, -1.0, 1.979227, 0.0, 1.0, 0.0, 0.701286, 0.0, 0.0, 0.0, 1.0],
                [1.0, 0.0, 0.0, -5e-06, 0.0, 0.0, -1.0, 1.979227, 0.0, 1.0, 0.0, 0.701286, 0.0, 0.0, 0.0, 1.0],
                [1.0, 0.0, 0.0, -5e-06, 0.0, 0.0, -1.0, 1.979227, 0.0, 1.0, 0.0, 0.701286, 0.0, 0.0, 0.0, 1.0],
                [1.0, 0.0, 0.0, -5e-06, 0.0, 0.0, -1.0, 1.979227, 0.0, 1.0, 0.0, 0.701286, 0.0, 0.0, 0.0, 1.0],
                [1.0, 0.0, 0.0, -5e-06, 0.0, 0.0, -1.0, 1.979227, 0.0, 1.0, 0.0, 0.701286, 0.0, 0.0, 0.0, 1.0],
                [1.0, 0.0, 0.0, -5e-06, 0.0, 0.0, -1.0, 1.979334, 0.0, 1.0, 0.0, 0.701286, 0.0, 0.0, 0.0, 1.0],
                [1.0, 0.0, 0.0, -5e-06, 0.0, 0.0, -1.0, 1.980077, 0.0, 1.0, 0.0, 0.701286, 0.0, 0.0, 0.0, 1.0],
                [1.0, 0.0, 0.0, -5e-06, 0.0, 0.0, -1.0, 1.982095, 0.0, 1.0, 0.0, 0.701286, 0.0, 0.0, 0.0, 1.0],
                [1.0, 0.0, 0.0, -5e-06, 0.0, 0.0, -1.0, 1.986023, 0.0, 1.0, 0.0, 0.701286, 0.0, 0.0, 0.0, 1.0],
                [1.0, 0.0, 0.0, -5e-06, 0.0, 0.0, -1.0, 1.992501, 0.0, 1.0, 0.0, 0.701286, 0.0, 0.0, 0.0, 1.0],
                [1.0, 0.0, 0.0, -5e-06, 0.0, 0.0, -1.0, 2.002164, 0.0, 1.0, 0.0, 0.701286, 0.0, 0.0, 0.0, 1.0],
                [1.0, 0.0, 0.0, -5e-06, 0.0, 0.0, -1.0, 2.01565, 0.0, 1.0, 0.0, 0.701286, 0.0, 0.0, 0.0, 1.0],
                [1.0, 0.0, 0.0, -5e-06, 0.0, 0.0, -1.0, 2.033596, 0.0, 1.0, 0.0, 0.701286, 0.0, 0.0, 0.0, 1.0],
                [1.0, 0.0, 0.0, -5e-06, 0.0, 0.0, -1.0, 2.071361, 0.0, 1.0, 0.0, 0.701286, 0.0, 0.0, 0.0, 1.0],
                [1.0, 0.0, 0.0, -5e-06, 0.0, 0.0, -1.0, 2.139955, 0.0, 1.0, 0.0, 0.701286, 0.0, 0.0, 0.0, 1.0],
                [1.0, 0.0, 0.0, -5e-06, 0.0, 0.0, -1.0, 2.233486, 0.0, 1.0, 0.0, 0.701286, 0.0, 0.0, 0.0, 1.0],
                [1.0, 0.0, 0.0, -5e-06, 0.0, 0.0, -1.0, 2.346065, 0.0, 1.0, 0.0, 0.701286, 0.0, 0.0, 0.0, 1.0],
                [1.0, 0.0, 0.0, -5e-06, 0.0, 0.0, -1.0, 2.471801, 0.0, 1.0, 0.0, 0.701286, 0.0, 0.0, 0.0, 1.0],
                [1.0, 0.0, 0.0, -5e-06, 0.0, 0.0, -1.0, 2.604804, 0.0, 1.0, 0.0, 0.701286, 0.0, 0.0, 0.0, 1.0],
                [1.0, 0.0, 0.0, -5e-06, 0.0, 0.0, -1.0, 2.739185, 0.0, 1.0, 0.0, 0.701286, 0.0, 0.0, 0.0, 1.0],
                [1.0, 0.0, 0.0, -5e-06, 0.0, 0.0, -1.0, 2.869051, 0.0, 1.0, 0.0, 0.701286, 0.0, 0.0, 0.0, 1.0],
                [1.0, 0.0, 0.0, -5e-06, 0.0, 0.0, -1.0, 2.988514, 0.0, 1.0, 0.0, 0.701286, 0.0, 0.0, 0.0, 1.0],
                [1.0, 0.0, 0.0, -5e-06, 0.0, 0.0, -1.0, 3.091684, 0.0, 1.0, 0.0, 0.701286, 0.0, 0.0, 0.0, 1.0],
                [1.0, 0.0, 0.0, -5e-06, 0.0, 0.0, -1.0, 3.172668, 0.0, 1.0, 0.0, 0.701286, 0.0, 0.0, 0.0, 1.0],
                [1.0, 0.0, 0.0, -5e-06, 0.0, 0.0, -1.0, 3.225579, 0.0, 1.0, 0.0, 0.701286, 0.0, 0.0, 0.0, 1.0],
                [1.0, 0.0, 0.0, -5e-06, 0.0, 0.0, -1.0, 3.244524, 0.0, 1.0, 0.0, 0.701286, 0.0, 0.0, 0.0, 1.0],
                [1.0, 0.0, 0.0, -5e-06, 0.0, 0.0, -1.0, 3.244524, 0.0, 1.0, 0.0, 0.701286, 0.0, 0.0, 0.0, 1.0],
                [1.0, 0.0, 0.0, -5e-06, 0.0, 0.0, -1.0, 3.244524, 0.0, 1.0, 0.0, 0.701286, 0.0, 0.0, 0.0, 1.0],
                [1.0, 0.0, 0.0, -5e-06, 0.0, 0.0, -1.0, 3.244524, 0.0, 1.0, 0.0, 0.701286, 0.0, 0.0, 0.0, 1.0],
                [1.0, 0.0, 0.0, -5e-06, 0.0, 0.0, -1.0, 3.244524, 0.0, 1.0, 0.0, 0.701286, 0.0, 0.0, 0.0, 1.0],
                [1.0, 0.0, 0.0, -5e-06, 0.0, 0.0, -1.0, 3.244524, 0.0, 1.0, 0.0, 0.701286, 0.0, 0.0, 0.0, 1.0],
                [1.0, 0.0, 0.0, -5e-06, 0.0, 0.0, -1.0, 3.244524, 0.0, 1.0, 0.0, 0.701286, 0.0, 0.0, 0.0, 1.0],
                [1.0, 0.0, 0.0, -5e-06, 0.0, 0.0, -1.0, 3.244524, 0.0, 1.0, 0.0, 0.701286, 0.0, 0.0, 0.0, 1.0],
                [1.0, 0.0, 0.0, -5e-06, 0.0, 0.0, -1.0, 3.244524, 0.0, 1.0, 0.0, 0.701286, 0.0, 0.0, 0.0, 1.0],
                [1.0, 0.0, 0.0, -5e-06, 0.0, 0.0, -1.0, 3.244524, 0.0, 1.0, 0.0, 0.701286, 0.0, 0.0, 0.0, 1.0],
                [1.0, 0.0, 0.0, -5e-06, 0.0, 0.0, -1.0, 3.244524, 0.0, 1.0, 0.0, 0.701286, 0.0, 0.0, 0.0, 1.0],
                [1.0, 0.0, 0.0, -5e-06, 0.0, 0.0, -1.0, 3.244524, 0.0, 1.0, 0.0, 0.701286, 0.0, 0.0, 0.0, 1.0],
                [1.0, 0.0, 0.0, -5e-06, 0.0, 0.0, -1.0, 3.244524, 0.0, 1.0, 0.0, 0.701286, 0.0, 0.0, 0.0, 1.0],
                [1.0, 0.0, 0.0, -5e-06, 0.0, 0.0, -1.0, 3.244524, 0.0, 1.0, 0.0, 0.701286, 0.0, 0.0, 0.0, 1.0],
                [1.0, 0.0, 0.0, -5e-06, 0.0, 0.0, -1.0, 3.244524, 0.0, 1.0, 0.0, 0.701286, 0.0, 0.0, 0.0, 1.0],
                [1.0, 0.0, 0.0, -5e-06, 0.0, 0.0, -1.0, 3.244524, 0.0, 1.0, 0.0, 0.701286, 0.0, 0.0, 0.0, 1.0],
                [1.0, 0.0, 0.0, -5e-06, 0.0, 0.0, -1.0, 3.244524, 0.0, 1.0, 0.0, 0.701286, 0.0, 0.0, 0.0, 1.0],
                [1.0, 0.0, 0.0, -5e-06, 0.0, 0.0, -1.0, 3.244524, 0.0, 1.0, 0.0, 0.701286, 0.0, 0.0, 0.0, 1.0],
                [1.0, 0.0, 0.0, -5e-06, 0.0, 0.0, -1.0, 3.244524, 0.0, 1.0, 0.0, 0.701286, 0.0, 0.0, 0.0, 1.0],
                [1.0, 0.0, 0.0, -5e-06, 0.0, 0.0, -1.0, 3.244524, 0.0, 1.0, 0.0, 0.701286, 0.0, 0.0, 0.0, 1.0],
                [1.0, 0.0, 0.0, -5e-06, 0.0, 0.0, -1.0, 3.244524, 0.0, 1.0, 0.0, 0.701286, 0.0, 0.0, 0.0, 1.0],
                [1.0, 0.0, 0.0, -5e-06, 0.0, 0.0, -1.0, 3.244524, 0.0, 1.0, 0.0, 0.701286, 0.0, 0.0, 0.0, 1.0],
                [1.0, 0.0, 0.0, -5e-06, 0.0, 0.0, -1.0, 3.244524, 0.0, 1.0, 0.0, 0.701286, 0.0, 0.0, 0.0, 1.0],
                [1.0, 0.0, 0.0, -5e-06, 0.0, 0.0, -1.0, 3.244524, 0.0, 1.0, 0.0, 0.701286, 0.0, 0.0, 0.0, 1.0],
                [1.0, 0.0, 0.0, -5e-06, 0.0, 0.0, -1.0, 3.244524, 0.0, 1.0, 0.0, 0.701286, 0.0, 0.0, 0.0, 1.0],
                [1.0, 0.0, 0.0, -5e-06, 0.0, 0.0, -1.0, 3.244524, 0.0, 1.0, 0.0, 0.701286, 0.0, 0.0, 0.0, 1.0],
                [1.0, 0.0, 0.0, -5e-06, 0.0, 0.0, -1.0, 3.244524, 0.0, 1.0, 0.0, 0.701286, 0.0, 0.0, 0.0, 1.0],
                [1.0, 0.0, 0.0, -5e-06, 0.0, 0.0, -1.0, 3.244524, 0.0, 1.0, 0.0, 0.701286, 0.0, 0.0, 0.0, 1.0],
                [1.0, 0.0, 0.0, -5e-06, 0.0, 0.0, -1.0, 3.244524, 0.0, 1.0, 0.0, 0.701286, 0.0, 0.0, 0.0, 1.0],
                [1.0, 0.0, 0.0, -5e-06, 0.0, 0.0, -1.0, 3.244524, 0.0, 1.0, 0.0, 0.701286, 0.0, 0.0, 0.0, 1.0],
                [1.0, 0.0, 0.0, -5e-06, 0.0, 0.0, -1.0, 3.244524, 0.0, 1.0, 0.0, 0.701286, 0.0, 0.0, 0.0, 1.0],
                [1.0, 0.0, 0.0, -5e-06, 0.0, 0.0, -1.0, 3.244524, 0.0, 1.0, 0.0, 0.701286, 0.0, 0.0, 0.0, 1.0],
                [1.0, 0.0, 0.0, -5e-06, 0.0, 0.0, -1.0, 3.244524, 0.0, 1.0, 0.0, 0.701286, 0.0, 0.0, 0.0, 1.0],
                [1.0, 0.0, 0.0, -5e-06, 0.0, 0.0, -1.0, 3.244524, 0.0, 1.0, 0.0, 0.701286, 0.0, 0.0, 0.0, 1.0],
                [1.0, 0.0, 0.0, -5e-06, 0.0, 0.0, -1.0, 3.244524, 0.0, 1.0, 0.0, 0.701286, 0.0, 0.0, 0.0, 1.0],
                [1.0, 0.0, 0.0, -5e-06, 0.0, 0.0, -1.0, 3.244524, 0.0, 1.0, 0.0, 0.701286, 0.0, 0.0, 0.0, 1.0],
                [1.0, 0.0, 0.0, -5e-06, 0.0, 0.0, -1.0, 3.244524, 0.0, 1.0, 0.0, 0.701286, 0.0, 0.0, 0.0, 1.0],
                [1.0, 0.0, 0.0, -5e-06, 0.0, 0.0, -1.0, 3.244524, 0.0, 1.0, 0.0, 0.701286, 0.0, 0.0, 0.0, 1.0],
                [1.0, 0.0, 0.0, -5e-06, 0.0, 0.0, -1.0, 3.244524, 0.0, 1.0, 0.0, 0.701286, 0.0, 0.0, 0.0, 1.0],
                [1.0, 0.0, 0.0, -5e-06, 0.0, 0.0, -1.0, 3.244524, 0.0, 1.0, 0.0, 0.701286, 0.0, 0.0, 0.0, 1.0],
                [1.0, 0.0, 0.0, -5e-06, 0.0, 0.0, -1.0, 3.244524, 0.0, 1.0, 0.0, 0.701286, 0.0, 0.0, 0.0, 1.0],
                [1.0, 0.0, 0.0, -5e-06, 0.0, 0.0, -1.0, 3.244524, 0.0, 1.0, 0.0, 0.701286, 0.0, 0.0, 0.0, 1.0],
                [1.0, 0.0, 0.0, -5e-06, 0.0, 0.0, -1.0, 3.244524, 0.0, 1.0, 0.0, 0.701286, 0.0, 0.0, 0.0, 1.0],
                [1.0, 0.0, 0.0, -5e-06, 0.0, 0.0, -1.0, 3.244524, 0.0, 1.0, 0.0, 0.701286, 0.0, 0.0, 0.0, 1.0],
                [1.0, 0.0, 0.0, -5e-06, 0.0, 0.0, -1.0, 3.244524, 0.0, 1.0, 0.0, 0.701286, 0.0, 0.0, 0.0, 1.0],
                [1.0, 0.0, 0.0, -5e-06, 0.0, 0.0, -1.0, 3.244524, 0.0, 1.0, 0.0, 0.701286, 0.0, 0.0, 0.0, 1.0],
                [1.0, 0.0, 0.0, -5e-06, 0.0, 0.0, -1.0, 3.244524, 0.0, 1.0, 0.0, 0.701286, 0.0, 0.0, 0.0, 1.0],
                [1.0, 0.0, 0.0, -5e-06, 0.0, 0.0, -1.0, 3.244524, 0.0, 1.0, 0.0, 0.701286, 0.0, 0.0, 0.0, 1.0],
                [1.0, 0.0, 0.0, -5e-06, 0.0, 0.0, -1.0, 3.244524, 0.0, 1.0, 0.0, 0.701286, 0.0, 0.0, 0.0, 1.0],
                [1.0, 0.0, 0.0, -5e-06, 0.0, 0.0, -1.0, 3.244524, 0.0, 1.0, 0.0, 0.701286, 0.0, 0.0, 0.0, 1.0],
                [1.0, 0.0, 0.0, -5e-06, 0.0, 0.0, -1.0, 3.244524, 0.0, 1.0, 0.0, 0.701286, 0.0, 0.0, 0.0, 1.0],
                [1.0, 0.0, 0.0, -5e-06, 0.0, 0.0, -1.0, 3.244524, 0.0, 1.0, 0.0, 0.701286, 0.0, 0.0, 0.0, 1.0],
                [1.0, 0.0, 0.0, -5e-06, 0.0, 0.0, -1.0, 3.244524, 0.0, 1.0, 0.0, 0.701286, 0.0, 0.0, 0.0, 1.0],
                [1.0, 0.0, 0.0, -5e-06, 0.0, 0.0, -1.0, 3.244524, 0.0, 1.0, 0.0, 0.701286, 0.0, 0.0, 0.0, 1.0]
            ]
        },
        {
            "name": "Thigh_R",
            "time": [0.0, 0.0167, 0.0333, 0.05, 0.0667, 0.0833, 0.1, 0.1167, 0.1333, 0.15, 0.1667, 0.1833, 0.2, 0.2167, 0.2333, 0.25, 0.2667, 0.2833, 0.3, 0.3167, 0.3333, 0.35, 0.3667, 0.3833, 0.4, 0.4167, 0.4333, 0.45, 0.4667, 0.4833, 0.5, 0.5167, 0.5333, 0.55, 0.5667, 0.5833, 0.6, 0.6167, 0.6333, 0.65, 0.6667, 0.6833, 0.7, 0.7167, 0.7333, 0.75, 0.7667, 0.7833, 0.8, 0.8167, 0.8333, 0.85, 0.8667, 0.8833, 0.9, 0.9167, 0.9333, 0.95, 0.9667, 0.9833, 1.0, 1.0167, 1.0333, 1.05, 1.0667, 1.0833, 1.1, 1.1167, 1.1333, 1.15, 1.1667, 1.1833, 1.2, 1.2167, 1.2333, 1.25, 1.2667, 1.2833, 1.3, 1.3167, 1.3333, 1.35, 1.3667, 1.3833, 1.4, 1.4167, 1.4333, 1.45, 1.4667, 1.4833, 1.5, 1.5167, 1.5333, 1.55, 1.5667, 1.5833, 1.6, 1.6167, 1.6333, 1.65, 1.6667, 1.6833, 1.7, 1.7167, 1.7333, 1.75, 1.7667, 1.7833, 1.8, 1.8167, 1.8333, 1.85, 1.8667, 1.8833, 1.9, 1.9167, 1.9333, 1.95, 1.9667, 1.9833, 2.0, 2.0167, 2.0333, 2.05, 2.0667, 2.0833, 2.1, 2.1167, 2.1333, 2.15, 2.1667, 2.1833, 2.2, 2.2167, 2.2333, 2.25, 2.2667, 2.2833, 2.3, 2.3167, 2.3333, 2.35, 2.3667, 2.3833, 2.4, 2.4167, 2.4333, 2.45, 2.4667, 2.4833, 2.5, 2.5167, 2.5333, 2.55, 2.5667, 2.5833, 2.6, 2.6167, 2.6333, 2.65, 2.6667, 2.6833, 2.7],
            "transform": [
                [0.99589, 0.072043, 0.054896, 0.124994, 0.084031, -0.961088, -0.263152, -0.002831, 0.033801, 0.266684, -0.963191, -1.2e-05, 0.0, 0.0, 0.0, 1.0],
                [0.995889, 0.072083, 0.054858, 0.124994, 0.08404, -0.96124, -0.262591, -0.002831, 0.033804, 0.266122, -0.963347, -1.2e-05, 0.0, 0.0, 0.0, 1.0],
                [0.995887, 0.072206, 0.054736, 0.124994, 0.084063, -0.961727, -0.260795, -0.002831, 0.03381, 0.264324, -0.963841, -1.2e-05, 0.0, 0.0, 0.0, 1.0],
                [0.995883, 0.07242, 0.054513, 0.124994, 0.084099, -0.962586, -0.257596, -0.002831, 0.033819, 0.261121, -0.964714, -1.2e-05, 0.0, 0.0, 0.0, 1.0],
                [0.995879, 0.072728, 0.054176, 0.124994, 0.084142, -0.963846, -0.252824, -0.002831, 0.03383, 0.256341, -0.965994, -1.2e-05, 0.0, 0.0, 0.0, 1.0],
                [0.995875, 0.073135, 0.053708, 0.124994, 0.08419, -0.965528, -0.246305, -0.002831, 0.033843, 0.249811, -0.967703, -1.2e-05, 0.0, 0.0, 0.0, 1.0],
                [0.99587, 0.073646, 0.053093, 0.124994, 0.084239, -0.967639, -0.237863, -0.002831, 0.033857, 0.241353, -0.969847, -1.2e-05, 0.0, 0.0, 0.0, 1.0],
                [0.995866, 0.074261, 0.052312, 0.124994, 0.084285, -0.970167, -0.227316, -0.002831, 0.033871, 0.230785, -0.972415, -1.2e-05, 0.0, 0.0, 0.0, 1.0],
                [0.995862, 0.074982, 0.051348, 0.124994, 0.084326, -0.973082, -0.214477, -0.002831, 0.033884, 0.217919, -0.975378, -1.2e-05, 0.0, 0.0, 0.0, 1.0],
                [0.995859, 0.075808, 0.05018, 0.124994, 0.084357, -0.976331, -0.199153, -0.002831, 0.033895, 0.202561, -0.978683, -1.2e-05, 0.0, 0.0, 0.0, 1.0],
                [0.995857, 0.076735, 0.048788, 0.124994, 0.084375, -0.97983, -0.181147, -0.002831, 0.033904, 0.184513, -0.982245, -1.2e-05, 0.0, 0.0, 0.0, 1.0],
                [0.995857, 0.077757, 0.047149, 0.124994, 0.084376, -0.983462, -0.160256, -0.002831, 0.033909, 0.16357, -0.985949, -1.2e-05, 0.0, 0.0, 0.0, 1.0],
                [0.995858, 0.078864, 0.045239, 0.124994, 0.084359, -0.987073, -0.136273, -0.002831, 0.033907, 0.139525, -0.989638, -1.2e-05, 0.0, 0.0, 0.0, 1.0],
                [0.995862, 0.080043, 0.043033, 0.124994, 0.084318, -0.99046, -0.108994, -0.002831, 0.033899, 0.112171, -0.993111, -1.2e-05, 0.0, 0.0, 0.0, 1.0],
                [0.995868, 0.081275, 0.040506, 0.124994, 0.084252, -0.99337, -0.078217, -0.002831, 0.03388, 0.081307, -0.996113, -1.2e-05, 0.0, 0.0, 0.0, 1.0],
                [0.995877, 0.082536, 0.03763, 0.124994, 0.084157, -0.995491, -0.043754, -0.002831, 0.033849, 0.046741, -0.998333, -1.2e-05, 0.0, 0.0, 0.0, 1.0],
                [0.99589, 0.083796, 0.034379, 0.124994, 0.084031, -0.996448, -0.005438, -0.002831, 0.033801, 0.008304, -0.999394, -1.2e-05, 0.0, 0.0, 0.0, 1.0],
                [0.995902, 0.08505, 0.030756, 0.124994, 0.083907, -0.995797, 0.036715, -0.002831, 0.033749, -0.033984, -0.998852, -1.2e-05, 0.0, 0.0, 0.0, 1.0],
                [0.995911, 0.086269, 0.026812, 0.124994, 0.083817, -0.993098, 0.082045, -0.002831, 0.033705, -0.079462, -0.996268, -1.2e-05, 0.0, 0.0, 0.0, 1.0],
                [0.995917, 0.087394, 0.022607, 0.124994, 0.083757, -0.988011, 0.129686, -0.002831, 0.03367, -0.127264, -0.991297, -1.2e-05, 0.0, 0.0, 0.0, 1.0],
                [0.995921, 0.088374, 0.018208, 0.124994, 0.083723, -0.98033, 0.178726, -0.002831, 0.033644, -0.176472, -0.98373, -1.2e-05, 0.0, 0.0, 0.0, 1.0],
                [0.995923, 0.089169, 0.013689, 0.124994, 0.083711, -0.970005, 0.228214, -0.002831, 0.033628, -0.226138, -0.973515, -1.2e-05, 0.0, 0.0, 0.0, 1.0],
                [0.995922, 0.089754, 0.009133, 0.124994, 0.083718, -0.957159, 0.277196, -0.002831, 0.033621, -0.275301, -0.96077, -1.2e-05, 0.0, 0.0, 0.0, 1.0],
                [0.99592, 0.090119, 0.004627, 0.124994, 0.08374, -0.94209, 0.324735, -0.002831, 0.033624, -0.323023, -0.945794, -1.2e-05, 0.0, 0.0, 0.0, 1.0],
                [0.995917, 0.090272, 0.000258, 0.124994, 0.083772, -0.925269, 0.369944, -0.002831, 0.033634, -0.368412, -0.929054, -1.2e-05, 0.0, 0.0, 0.0, 1.0],
                [0.995913, 0.090232, -0.003883, 0.124994, 0.083811, -0.907318, 0.412007, -0.002831, 0.033653, -0.410648, -0.911173, -1.2e-05, 0.0, 0.0, 0.0, 1.0],
                [0.995909, 0.090034, -0.007713, 0.124994, 0.083855, -0.888982, 0.450199, -0.002831, 0.033676, -0.449004, -0.892895, -1.2e-05, 0.0, 0.0, 0.0, 1.0],
                [0.995904, 0.089724, -0.011151, 0.124994, 0.083898, -0.871099, 0.483887, -0.002831, 0.033703, -0.48284, -0.87506, -1.2e-05, 0.0, 0.0, 0.0, 1.0],
                [0.9959, 0.089355, -0.014118, 0.124994, 0.083939, -0.854561, 0.512523, -0.002831, 0.033731, -0.511607, -0.858557, -1.2e-05, 0.0, 0.0, 0.0, 1.0],
                [0.995896, 0.088982, -0.016546, 0.124994, 0.083976, -0.840271, 0.535624, -0.002831, 0.033758, -0.534815, -0.844294, -1.2e-05, 0.0, 0.0, 0.0, 1.0],
                [0.995893, 0.088661, -0.018364, 0.124994, 0.084005, -0.829111, 0.552737, -0.002831, 0.03378, -0.552009, -0.833153, -1.2e-05, 0.0, 0.0, 0.0, 1.0],
                [0.99589, 0.088441, -0.019505, 0.124994, 0.084024, -0.821902, 0.563398, -0.002831, 0.033796, -0.562722, -0.825955, -1.2e-05, 0.0, 0.0, 0.0, 1.0],
                [0.99589, 0.088361, -0.019902, 0.124994, 0.084031, -0.819362, 0.567085, -0.002831, 0.033801, -0.566426, -0.823419, -1.2e-05, 0.0, 0.0, 0.0, 1.0],
                [0.99589, 0.088361, -0.019902, 0.124994, 0.084031, -0.819362, 0.567085, -0.002831, 0.033801, -0.566426, -0.823419, -1.2e-05, 0.0, 0.0, 0.0, 1.0],
                [0.99589, 0.088361, -0.019902, 0.124994, 0.084031, -0.819362, 0.567085, -0.002831, 0.033801, -0.566426, -0.823419, -1.2e-05, 0.0, 0.0, 0.0, 1.0],
                [0.99589, 0.088361, -0.019902, 0.124994, 0.084031, -0.819362, 0.567085, -0.002831, 0.033801, -0.566426, -0.823419, -1.2e-05, 0.0, 0.0, 0.0, 1.0],
                [0.99589, 0.088361, -0.019902, 0.124994, 0.084031, -0.819362, 0.567085, -0.002831, 0.033801, -0.566426, -0.823419, -1.2e-05, 0.0, 0.0, 0.0, 1.0],
                [0.99589, 0.088361, -0.019902, 0.124994, 0.084031, -0.819362, 0.567085, -0.002831, 0.033801, -0.566426, -0.823419, -1.2e-05, 0.0, 0.0, 0.0, 1.0],
                [0.99589, 0.088361, -0.019902, 0.124994, 0.084031, -0.819362, 0.567085, -0.002831, 0.033801, -0.566426, -0.823419, -1.2e-05, 0.0, 0.0, 0.0, 1.0],
                [0.99589, 0.088361, -0.019902, 0.124994, 0.084031, -0.819362, 0.567085, -0.002831, 0.033801, -0.566426, -0.823419, -1.2e-05, 0.0, 0.0, 0.0, 1.0],
                [0.99589, 0.088361, -0.019902, 0.124994, 0.084031, -0.819362, 0.567085, -0.002831, 0.033801, -0.566426, -0.823419, -1.2e-05, 0.0, 0.0, 0.0, 1.0],
                [0.99589, 0.088361, -0.019902, 0.124994, 0.084031, -0.819362, 0.567085, -0.002831, 0.033801, -0.566426, -0.823419, -1.2e-05, 0.0, 0.0, 0.0, 1.0],
                [0.99589, 0.088361, -0.019902, 0.124994, 0.084031, -0.819362, 0.567085, -0.002831, 0.033801, -0.566426, -0.823419, -1.2e-05, 0.0, 0.0, 0.0, 1.0],
                [0.99589, 0.088361, -0.019902, 0.124994, 0.084031, -0.819362, 0.567085, -0.002831, 0.033801, -0.566426, -0.823419, -1.2e-05, 0.0, 0.0, 0.0, 1.0],
                [0.99589, 0.088361, -0.019902, 0.124994, 0.084031, -0.819362, 0.567085, -0.002831, 0.033801, -0.566426, -0.823419, -1.2e-05, 0.0, 0.0, 0.0, 1.0],
                [0.99589, 0.088361, -0.019902, 0.124994, 0.084031, -0.819362, 0.567085, -0.002831, 0.033801, -0.566426, -0.823419, -1.2e-05, 0.0, 0.0, 0.0, 1.0],
                [0.99589, 0.088361, -0.019902, 0.124994, 0.084031, -0.819362, 0.567085, -0.002831, 0.033801, -0.566426, -0.823419, -1.2e-05, 0.0, 0.0, 0.0, 1.0],
                [0.99589, 0.088361, -0.019902, 0.124994, 0.084031, -0.819362, 0.567085, -0.002831, 0.033801, -0.566426, -0.823419, -1.2e-05, 0.0, 0.0, 0.0, 1.0],
                [0.99589, 0.088361, -0.019902, 0.124994, 0.084031, -0.819362, 0.567085, -0.002831, 0.033801, -0.566426, -0.823419, -1.2e-05, 0.0, 0.0, 0.0, 1.0],
                [0.99589, 0.088361, -0.019902, 0.124994, 0.084034, -0.819411, 0.567013, -0.002831, 0.033794, -0.566355, -0.823468, -1.2e-05, 0.0, 0.0, 0.0, 1.0],
                [0.99589, 0.088361, -0.019902, 0.124994, 0.084055, -0.819756, 0.566511, -0.002831, 0.033743, -0.565856, -0.823813, -1.2e-05, 0.0, 0.0, 0.0, 1.0],
                [0.99589, 0.088361, -0.019902, 0.124994, 0.08411, -0.82069, 0.565148, -0.002831, 0.033604, -0.564499, -0.824749, -1.2e-05, 0.0, 0.0, 0.0, 1.0],
                [0.99589, 0.088361, -0.019902, 0.124994, 0.084218, -0.822504, 0.562489, -0.002831, 0.033333, -0.561853, -0.826565, -1.2e-05, 0.0, 0.0, 0.0, 1.0],
                [0.99589, 0.088361, -0.019902, 0.124994, 0.084394, -0.825479, 0.558088, -0.002831, 0.032885, -0.557474, -0.829543, -1.2e-05, 0.0, 0.0, 0.0, 1.0],
                [0.99589, 0.088361, -0.019902, 0.124994, 0.084652, -0.829876, 0.551488, -0.002831, 0.032214, -0.550906, -0.833945, -1.2e-05, 0.0, 0.0, 0.0, 1.0],
                [0.99589, 0.088361, -0.019902, 0.124994, 0.085004, -0.835935, 0.542206, -0.002831, 0.031273, -0.541669, -0.84001, -1.2e-05, 0.0, 0.0, 0.0, 1.0],
                [0.99589, 0.088361, -0.019902, 0.124994, 0.085457, -0.843851, 0.529728, -0.002831, 0.030013, -0.529252, -0.847934, -1.2e-05, 0.0, 0.0, 0.0, 1.0],
                [0.99589, 0.088361, -0.019902, 0.124994, 0.086226, -0.857633, 0.506981, -0.002831, 0.027729, -0.506614, -0.861727, -1.2e-05, 0.0, 0.0, 0.0, 1.0],
                [0.99589, 0.088361, -0.019902, 0.124994, 0.087365, -0.879142, 0.468484, -0.002831, 0.023899, -0.468297, -0.883248, -1.2e-05, 0.0, 0.0, 0.0, 1.0],
                [0.99589, 0.088361, -0.019902, 0.124994, 0.088612, -0.905016, 0.416044, -0.002831, 0.018751, -0.416098, -0.909127, -1.2e-05, 0.0, 0.0, 0.0, 1.0],
                [0.99589, 0.088361, -0.019902, 0.124994, 0.089702, -0.931777, 0.351774, -0.002831, 0.012539, -0.352113, -0.935873, -1.2e-05, 0.0, 0.0, 0.0, 1.0],
                [0.99589, 0.088361, -0.019902, 0.124994, 0.090403, -0.956205, 0.278386, -0.002831, 0.005568, -0.279041, -0.960263, -1.2e-05, 0.0, 0.0, 0.0, 1.0],
                [0.99589, 0.088361, -0.019902, 0.124994, 0.090556, -0.975748, 0.199288, -0.002831, -0.00181, -0.200271, -0.979739, -1.2e-05, 0.0, 0.0, 0.0, 1.0],
                [0.99589, 0.088361, -0.019902, 0.124994, 0.090105, -0.988863, 0.118455, -0.002831, -0.009213, -0.119761, -0.99276, -1.2e-05, 0.0, 0.0, 0.0, 1.0],
                [0.99589, 0.088361, -0.019902, 0.124994, 0.089103, -0.995213, 0.040135, -0.002831, -0.01626, -0.041743, -0.998996, -1.2e-05, 0.0, 0.0, 0.0, 1.0],
                [0.99589, 0.088361, -0.019902, 0.124994, 0.08771, -0.995648, -0.031502, -0.002831, -0.022599, 0.029627, -0.999305, -1.2e-05, 0.0, 0.0, 0.0, 1.0],
                [0.99589, 0.088361, -0.019902, 0.124994, 0.086161, -0.991964, -0.092643, -0.002831, -0.027928, 0.090548, -0.995501, -1.2e-05, 0.0, 0.0, 0.0, 1.0],
                [0.99589, 0.088361, -0.019902, 0.124994, 0.084734, -0.986527, -0.139943, -0.002831, -0.031999, 0.137681, -0.98996, -1.2e-05, 0.0, 0.0, 0.0, 1.0],
                [0.99589, 0.088361, -0.019902, 0.124994, 0.083706, -0.981808, -0.170431, -0.002831, -0.034599, 0.168065, -0.985169, -1.2e-05, 0.0, 0.0, 0.0, 1.0],
                [0.99589, 0.088361, -0.019902, 0.124994, 0.08332, -0.9799, -0.181255, -0.002831, -0.035518, 0.178852, -0.983235, -1.2e-05, 0.0, 0.0, 0.0, 1.0],
                [0.99589, 0.088361, -0.019902, 0.124994, 0.08332, -0.9799, -0.181255, -0.002831, -0.035518, 0.178852, -0.983235, -1.2e-05, 0.0, 0.0, 0.0, 1.0],
                [0.99589, 0.088361, -0.019902, 0.124994, 0.08332, -0.9799, -0.181255, -0.002831, -0.035518, 0.178852, -0.983235, -1.2e-05, 0.0, 0.0, 0.0, 1.0],
                [0.99589, 0.088361, -0.019902, 0.124994, 0.08332, -0.9799, -0.181255, -0.002831, -0.035518, 0.178852, -0.983235, -1.2e-05, 0.0, 0.0, 0.0, 1.0],
                [0.99589, 0.088361, -0.019902, 0.124994, 0.08332, -0.9799, -0.181255, -0.002831, -0.035518, 0.178852, -0.983235, -1.2e-05, 0.0, 0.0, 0.0, 1.0],
                [0.99589, 0.088361, -0.019902, 0.124994, 0.08332, -0.9799, -0.181255, -0.002831, -0.035518, 0.178852, -0.983235, -1.2e-05, 0.0, 0.0, 0.0, 1.0],
                [0.99589, 0.088361, -0.019902, 0.124994, 0.08332, -0.9799, -0.181255, -0.002831, -0.035518, 0.178852, -0.983235, -1.2e-05, 0.0, 0.0, 0.0, 1.0],
                [0.99589, 0.088361, -0.019902, 0.124994, 0.08332, -0.9799, -0.181255, -0.002831, -0.035518, 0.178852, -0.983235, -1.2e-05, 0.0, 0.0, 0.0, 1.0],
                [0.99589, 0.088361, -0.019902, 0.124994, 0.08332, -0.9799, -0.181255, -0.002831, -0.035518, 0.178852, -0.983235, -1.2e-05, 0.0, 0.0, 0.0, 1.0],
                [0.99589, 0.088361, -0.019902, 0.124994, 0.08332, -0.9799, -0.181255, -0.002831, -0.035518, 0.178852, -0.983235, -1.2e-05, 0.0, 0.0, 0.0, 1.0],
                [0.99589, 0.088361, -0.019902, 0.124994, 0.08332, -0.9799, -0.181255, -0.002831, -0.035518, 0.178852, -0.983235, -1.2e-05, 0.0, 0.0, 0.0, 1.0],
                [0.99589, 0.088361, -0.019902, 0.124994, 0.08332, -0.9799, -0.181255, -0.002831, -0.035518, 0.178852, -0.983235, -1.2e-05, 0.0, 0.0, 0.0, 1.0],
                [0.99589, 0.088361, -0.019902, 0.124994, 0.08332, -0.9799, -0.181255, -0.002831, -0.035518, 0.178852, -0.983235, -1.2e-05, 0.0, 0.0, 0.0, 1.0],
                [0.99589, 0.088361, -0.019902, 0.124994, 0.08332, -0.9799, -0.181255, -0.002831, -0.035518, 0.178852, -0.983235, -1.2e-05, 0.0, 0.0, 0.0, 1.0],
                [0.99589, 0.088361, -0.019902, 0.124994, 0.08332, -0.9799, -0.181255, -0.002831, -0.035518, 0.178852, -0.983235, -1.2e-05, 0.0, 0.0, 0.0, 1.0],
                [0.99589, 0.088361, -0.019902, 0.124994, 0.08332, -0.9799, -0.181255, -0.002831, -0.035518, 0.178852, -0.983235, -1.2e-05, 0.0, 0.0, 0.0, 1.0],
                [0.99589, 0.088361, -0.019902, 0.124994, 0.08332, -0.9799, -0.181255, -0.002831, -0.035518, 0.178852, -0.983235, -1.2e-05, 0.0, 0.0, 0.0, 1.0],
                [0.99589, 0.088361, -0.019902, 0.124994, 0.08332, -0.9799, -0.181255, -0.002831, -0.035518, 0.178852, -0.983235, -1.2e-05, 0.0, 0.0, 0.0, 1.0],
                [0.99589, 0.088361, -0.019902, 0.124994, 0.08332, -0.9799, -0.181255, -0.002831, -0.035518, 0.178852, -0.983235, -1.2e-05, 0.0, 0.0, 0.0, 1.0],
                [0.99589, 0.088361, -0.019902, 0.124994, 0.08332, -0.9799, -0.181255, -0.002831, -0.035518, 0.178852, -0.983235, -1.2e-05, 0.0, 0.0, 0.0, 1.0],
                [0.99589, 0.088361, -0.019902, 0.124994, 0.08332, -0.9799, -0.181255, -0.002831, -0.035518, 0.178852, -0.983235, -1.2e-05, 0.0, 0.0, 0.0, 1.0],
                [0.99589, 0.088361, -0.019902, 0.124994, 0.08332, -0.9799, -0.181255, -0.002831, -0.035518, 0.178852, -0.983235, -1.2e-05, 0.0, 0.0, 0.0, 1.0],
                [0.99589, 0.088361, -0.019902, 0.124994, 0.08332, -0.9799, -0.181255, -0.002831, -0.035518, 0.178852, -0.983235, -1.2e-05, 0.0, 0.0, 0.0, 1.0],
                [0.99589, 0.088361, -0.019902, 0.124994, 0.08332, -0.9799, -0.181255, -0.002831, -0.035518, 0.178852, -0.983235, -1.2e-05, 0.0, 0.0, 0.0, 1.0],
                [0.99589, 0.088361, -0.019902, 0.124994, 0.08332, -0.9799, -0.181255, -0.002831, -0.035518, 0.178852, -0.983235, -1.2e-05, 0.0, 0.0, 0.0, 1.0],
                [0.99589, 0.088361, -0.019902, 0.124994, 0.08332, -0.9799, -0.181255, -0.002831, -0.035518, 0.178852, -0.983235, -1.2e-05, 0.0, 0.0, 0.0, 1.0],
                [0.99589, 0.088361, -0.019902, 0.124994, 0.08332, -0.9799, -0.181255, -0.002831, -0.035518, 0.178852, -0.983235, -1.2e-05, 0.0, 0.0, 0.0, 1.0],
                [0.99589, 0.088361, -0.019902, 0.124994, 0.08332, -0.9799, -0.181255, -0.002831, -0.035518, 0.178852, -0.983235, -1.2e-05, 0.0, 0.0, 0.0, 1.0],
                [0.99589, 0.088361, -0.019902, 0.124994, 0.08332, -0.9799, -0.181255, -0.002831, -0.035518, 0.178852, -0.983235, -1.2e-05, 0.0, 0.0, 0.0, 1.0],
                [0.99589, 0.088361, -0.019902, 0.124994, 0.08332, -0.9799, -0.181255, -0.002831, -0.035518, 0.178852, -0.983235, -1.2e-05, 0.0, 0.0, 0.0, 1.0],
                [0.99589, 0.088361, -0.019902, 0.124994, 0.08332, -0.9799, -0.181255, -0.002831, -0.035518, 0.178852, -0.983235, -1.2e-05, 0.0, 0.0, 0.0, 1.0],
                [0.99589, 0.088361, -0.019902, 0.124994, 0.08332, -0.9799, -0.181255, -0.002831, -0.035518, 0.178852, -0.983235, -1.2e-05, 0.0, 0.0, 0.0, 1.0],
