{
    "armature": {
        "joints": ["Root", "Thigh_R", "Leg_R", "Knee_R", "Thigh_L", "Leg_L", "Knee_L", "Torso", "Chest", "Head", "Shoulder_R", "Arm_R", "Hand_R", "Tool_R", "Elbow_R", "Shoulder_L", "Arm_L", "Hand_L", "Tool_L", "Elbow_L"],
        "hierarchy": [
            {
                "name": "Root",
                "transform": [1.0, 0.0, 0.0, -5e-06, 0.0, 0.0, -1.0, 0.000946, 0.0, 1.0, 0.0, 0.763972, 0.0, 0.0, 0.0, 1.0],
                "children": [
                    {
                        "name": "Thigh_R",
                        "transform": [1.0, -0.0, -0.0, 0.124994, -0.0, -1.0, 0.0, -0.002831, -0.0, -0.0, -1.0, -1.2e-05, 0.0, 0.0, 0.0, 1.0],
                        "children": [
                            {
                                "name": "Leg_R",
                                "transform": [1.0, 0.0, 1e-06, 0.0, -0.0, 1.0, 0.0, 0.37472, -1e-06, -0.0, 1.0, -0.0, 0.0, 0.0, 0.0, 1.0],
                                "children": []
                            },
                            {
                                "name": "Knee_R",
                                "transform": [1.0, 0.0, -0.0, 0.0, -0.0, 0.0, -1.0, 0.37472, -0.0, 1.0, 0.0, -0.0, 0.0, 0.0, 0.0, 1.0],
                                "children": []
                            }
                        ]
                    },
                    {
                        "name": "Thigh_L",
                        "transform": [1.0, -0.0, -0.0, -0.125006, -0.0, -1.0, 0.0, -0.002831, -0.0, -0.0, -1.0, -1.2e-05, 0.0, 0.0, 0.0, 1.0],
                        "children": [
                            {
                                "name": "Leg_L",
                                "transform": [1.0, 0.0, 1e-06, -0.0, -0.0, 1.0, 0.0, 0.37472, -1e-06, -0.0, 1.0, 0.0, 0.0, 0.0, 0.0, 1.0],
                                "children": []
                            },
                            {
                                "name": "Knee_L",
                                "transform": [1.0, 0.0, -0.0, -0.0, -0.0, 0.0, -1.0, 0.37472, -0.0, 1.0, 0.0, 0.0, 0.0, 0.0, 0.0, 1.0],
                                "children": []
                            }
                        ]
                    },
                    {
                        "name": "Torso",
                        "transform": [1.0, 0.0, 0.0, 0.0, 0.0, 1.0, 0.0, 0.05, 0.0, 0.0, 1.0, 0.0, 0.0, 0.0, 0.0, 1.0],
                        "children": [
                            {
                                "name": "Chest",
                                "transform": [1.0, 0.0, 0.0, 0.0, 0.0, 1.0, 0.0, 0.3, 0.0, 0.0, 1.0, 0.0, 0.0, 0.0, 0.0, 1.0],
                                "children": [
                                    {
                                        "name": "Head",
                                        "transform": [1.0, 0.0, 0.0, 0.0, 0.0, 1.0, 0.0, 0.4, 0.0, 0.0, 1.0, 0.0, 0.0, 0.0, 0.0, 1.0],
                                        "children": []
                                    },
                                    {
                                        "name": "Shoulder_R",
                                        "transform": [0.0, 0.952114, 0.305743, 0.0, 0.0, -0.305743, 0.952114, 0.4, 1.0, 0.0, -0.0, 0.0, 0.0, 0.0, 0.0, 1.0],
                                        "children": [
                                            {
                                                "name": "Arm_R",
                                                "transform": [0.0, -0.0, -1.0, -0.0, 0.952114, 0.305743, 0.0, 0.39386, 0.305743, -0.952114, 0.0, 0.0, 0.0, 0.0, 0.0, 1.0],
                                                "children": [
                                                    {
                                                        "name": "Hand_R",
                                                        "transform": [1.0, 0.0, 0.0, 0.0, -0.0, 0.993938, 0.109947, 0.3, -0.0, -0.109947, 0.993937, 0.0, 0.0, 0.0, 0.0, 1.0],
                                                        "children": [
                                                            {
                                                                "name": "Tool_R",
                                                                "transform": [1.0, 0.0, 0.0, -0.0, 0.0, -0.999836, 0.018122, 0.272858, 0.0, -0.018122, -0.999836, 0.0, 0.0, 0.0, 0.0, 1.0],
                                                                "children": []
                                                            }
                                                        ]
                                                    },
                                                    {
                                                        "name": "Elbow_R",
                                                        "transform": [-1.0, 0.0, -0.0, 0.0, 0.0, 0.0, -1.0, 0.3, -0.0, -1.0, -0.0, 0.0, 0.0, 0.0, 0.0, 1.0],
                                                        "children": []
                                                    }
                                                ]
                                            }
                                        ]
                                    },
                                    {
                                        "name": "Shoulder_L",
                                        "transform": [-0.0, -0.952114, -0.305743, 0.0, 0.0, -0.305743, 0.952114, 0.4, -1.0, 0.0, 0.0, 0.0, 0.0, 0.0, 0.0, 1.0],
                                        "children": [
                                            {
                                                "name": "Arm_L",
                                                "transform": [-0.0, -0.0, 1.0, -0.0, -0.952114, 0.305743, -0.0, 0.39386, -0.305743, -0.952114, -0.0, 0.0, 0.0, 0.0, 0.0, 1.0],
                                                "children": [
                                                    {
                                                        "name": "Hand_L",
                                                        "transform": [1.0, -0.0, 0.0, -0.0, 0.0, 0.993937, 0.109947, 0.3, -0.0, -0.109947, 0.993937, 0.0, 0.0, 0.0, 0.0, 1.0],
                                                        "children": [
                                                            {
                                                                "name": "Tool_L",
                                                                "transform": [1.0, 0.0, 0.0, -0.0, -0.0, -0.999836, 0.018122, 0.272858, 0.0, -0.018122, -0.999836, -0.0, 0.0, 0.0, 0.0, 1.0],
                                                                "children": []
                                                            }
                                                        ]
                                                    },
                                                    {
                                                        "name": "Elbow_L",
                                                        "transform": [-1.0, 0.0, -0.0, -0.0, 0.0, -0.0, -1.0, 0.3, -0.0, -1.0, 0.0, 0.0, 0.0, 0.0, 0.0, 1.0],
                                                        "children": []
                                                    }
                                                ]
                                            }
                                        ]
                                    }
                                ]
                            }
                        ]
                    }
                ]
            }
        ]
    },
    "animation": [
        {
            "name": "Root",
            "time": [0.0, 0.0167, 0.0333, 0.05, 0.0667, 0.0833, 0.1, 0.1167, 0.1333, 0.15, 0.1667, 0.1833, 0.2, 0.2167, 0.2333, 0.25, 0.2667, 0.2833, 0.3, 0.3167, 0.3333, 0.35, 0.3667, 0.3833, 0.4, 0.4167, 0.4333, 0.45, 0.4667, 0.4833, 0.5, 0.5167, 0.5333, 0.55, 0.5667, 0.5833, 0.6, 0.6167, 0.6333, 0.65, 0.6667, 0.6833, 0.7, 0.7167, 0.7333, 0.75, 0.7667, 0.7833, 0.8, 0.8167, 0.8333, 0.85, 0.8667, 0.8833, 0.9, 0.9167, 0.9333, 0.95, 0.9667, 0.9833, 1.0, 1.0167, 1.0333, 1.05, 1.0667, 1.0833, 1.1, 1.1167, 1.1333, 1.15, 1.1667, 1.1833, 1.2, 1.2167, 1.2333, 1.25, 1.2667, 1.2833, 1.3, 1.3167, 1.3333, 1.35, 1.3667, 1.3833, 1.4, 1.4167, 1.4333, 1.45, 1.4667, 1.4833, 1.5, 1.5167, 1.5333, 1.55, 1.5667, 1.5833, 1.6, 1.6167, 1.6333, 1.65, 1.6667, 1.6833, 1.7, 1.7167, 1.7333, 1.75, 1.7667, 1.7833, 1.8, 1.8167, 1.8333, 1.85, 1.8667, 1.8833, 1.9, 1.9167, 1.9333, 1.95, 1.9667, 1.9833, 2.0, 2.0167, 2.0333, 2.05, 2.0667, 2.0833, 2.1, 2.1167, 2.1333, 2.15, 2.1667, 2.1833, 2.2, 2.2167, 2.2333, 2.25, 2.2667, 2.2833, 2.3, 2.3167, 2.3333, 2.35, 2.3667, 2.3833, 2.4, 2.4167, 2.4333, 2.45, 2.4667],
            "transform": [
                [-0.544014, -0.101251, -0.832945, -5e-06, -0.635752, -0.598118, 0.487928, -0.002071, -0.547603, 0.794986, 0.261014, 0.408307, 0.0, 0.0, 0.0, 1.0],
                [-0.551895, -0.103302, -0.827491, 1.1e-05, -0.631941, -0.595651, 0.495833, -0.000709, -0.544116, 0.796573, 0.263456, 0.409354, 0.0, 0.0, 0.0, 1.0],
                [-0.574333, -0.108981, -0.811335, 5.6e-05, -0.620624, -0.588329, 0.518358, 0.003329, -0.533823, 0.801244, 0.270261, 0.412392, 0.0, 0.0, 0.0, 1.0],
                [-0.609428, -0.117424, -0.784098, 0.000128, -0.601349, -0.576058, 0.553658, 0.00997, -0.516699, 0.808931, 0.280453, 0.417269, 0.0, 0.0, 0.0, 1.0],
                [-0.655007, -0.127545, -0.74478, 0.000223, -0.573077, -0.558565, 0.599656, 0.019141, -0.492491, 0.819596, 0.292771, 0.423831, 0.0, 0.0, 0.0, 1.0],
                [-0.708446, -0.138002, -0.692142, 0.000338, -0.534483, -0.535543, 0.653852, 0.030769, -0.460904, 0.833156, 0.305644, 0.431924, 0.0, 0.0, 0.0, 1.0],
                [-0.766514, -0.147198, -0.625131, 0.00047, -0.484294, -0.506812, 0.713163, 0.044783, -0.4218, 0.849396, 0.317192, 0.441397, 0.0, 0.0, 0.0, 1.0],
                [-0.825364, -0.153342, -0.543379, 0.000616, -0.421711, -0.472492, 0.773894, 0.061108, -0.375412, 0.867893, 0.325312, 0.452094, 0.0, 0.0, 0.0, 1.0],
                [-0.88072, -0.154606, -0.447693, 0.000772, -0.346841, -0.433162, 0.831909, 0.079673, -0.322542, 0.887957, 0.327871, 0.463865, 0.0, 0.0, 0.0, 1.0],
                [-0.928329, -0.149376, -0.340429, 0.000937, -0.261077, -0.389954, 0.883048, 0.100405, -0.264658, 0.908638, 0.323007, 0.476554, 0.0, 0.0, 0.0, 1.0],
                [-0.964608, -0.13654, -0.225583, 0.001105, -0.167263, -0.34452, 0.923758, 0.12323, -0.203848, 0.928796, 0.309489, 0.490009, 0.0, 0.0, 0.0, 1.0],
                [-0.987338, -0.115747, -0.108472, 0.001275, -0.069529, -0.29885, 0.951764, 0.148076, -0.14258, 0.947255, 0.287018, 0.504077, 0.0, 0.0, 0.0, 1.0],
                [-0.996152, -0.087508, 0.004955, 0.001444, 0.027206, -0.254966, 0.966567, 0.174871, -0.083319, 0.962982, 0.256365, 0.518605, 0.0, 0.0, 0.0, 1.0],
                [-0.992544, -0.053167, 0.10968, 0.001608, 0.118623, -0.21449, 0.969496, 0.203542, -0.028019, 0.975278, 0.219198, 0.533439, 0.0, 0.0, 0.0, 1.0],
                [-0.978786, -0.014681, 0.20436, 0.001766, 0.203671, -0.178214, 0.962683, 0.234015, 0.022286, 0.983882, 0.177424, 0.548426, 0.0, 0.0, 0.0, 1.0],
                [-0.956923, 0.026007, 0.289175, 0.001918, 0.282502, -0.146485, 0.948016, 0.266219, 0.067015, 0.988871, 0.132828, 0.563414, 0.0, 0.0, 0.0, 1.0],
                [-0.928628, 0.067154, 0.364883, 0.002064, 0.3556, -0.119409, 0.926979, 0.30008, 0.10582, 0.990571, 0.087006, 0.578248, 0.0, 0.0, 0.0, 1.0],
                [-0.89518, 0.107246, 0.432609, 0.002201, 0.423632, -0.096926, 0.900634, 0.335526, 0.13852, 0.989497, 0.041334, 0.592775, 0.0, 0.0, 0.0, 1.0],
                [-0.85748, 0.144999, 0.493663, 0.002331, 0.487331, -0.078876, 0.869648, 0.372484, 0.165036, 0.986283, -0.003028, 0.606843, 0.0, 0.0, 0.0, 1.0],
                [-0.816086, 0.179339, 0.5494, 0.002451, 0.5474, -0.065025, 0.834341, 0.410881, 0.185355, 0.981636, -0.045104, 0.620299, 0.0, 0.0, 0.0, 1.0],
                [-0.77126, 0.209367, 0.601102, 0.002561, 0.604446, -0.05509, 0.794739, 0.450645, 0.199507, 0.976284, -0.084062, 0.632988, 0.0, 0.0, 0.0, 1.0],
                [-0.723004, 0.23433, 0.649887, 0.002662, 0.658924, -0.048732, 0.750629, 0.491703, 0.207566, 0.970935, -0.119172, 0.644758, 0.0, 0.0, 0.0, 1.0],
                [-0.671113, 0.25359, 0.696634, 0.002751, 0.711092, -0.045547, 0.701621, 0.533981, 0.209654, 0.966239, -0.149759, 0.655456, 0.0, 0.0, 0.0, 1.0],
                [-0.61522, 0.266599, 0.741909, 0.002828, 0.760975, -0.045041, 0.647215, 0.577408, 0.205963, 0.962754, -0.175166, 0.664929, 0.0, 0.0, 0.0, 1.0],
                [-0.554858, 0.272899, 0.785912, 0.002893, 0.808335, -0.046613, 0.586874, 0.621911, 0.196791, 0.960913, -0.19473, 0.673022, 0.0, 0.0, 0.0, 1.0],
                [-0.489538, 0.272123, 0.828433, 0.002944, 0.852655, -0.049532, 0.520121, 0.667417, 0.182571, 0.960987, -0.207779, 0.679584, 0.0, 0.0, 0.0, 1.0],
                [-0.374372, 0.260275, 0.890002, 0.002982, 0.914822, -0.053122, 0.400348, 0.713852, 0.151479, 0.964072, -0.218217, 0.68446, 0.0, 0.0, 0.0, 1.0],
                [-0.153797, 0.234234, 0.959938, 0.003005, 0.983884, -0.053372, 0.170657, 0.761145, 0.091208, 0.970714, -0.22225, 0.687499, 0.0, 0.0, 0.0, 1.0],
                [0.168443, 0.197811, 0.965659, 0.003013, 0.985677, -0.041975, -0.163336, 0.809223, 0.008224, 0.979341, -0.202048, 0.688546, 0.0, 0.0, 0.0, 1.0],
                [0.511825, 0.163183, 0.843449, 0.003013, 0.856069, -0.014622, -0.516654, 0.857743, -0.071976, 0.986488, -0.14718, 0.688546, 0.0, 0.0, 0.0, 1.0],
                [0.776196, 0.141482, 0.614412, 0.003013, 0.618037, 0.021997, -0.785841, 0.905283, -0.124697, 0.989696, -0.070367, 0.688546, 0.0, 0.0, 0.0, 1.0],
                [0.92354, 0.134248, 0.359237, 0.003013, 0.354798, 0.056478, -0.933236, 0.950151, -0.145574, 0.989337, 0.004528, 0.688546, 0.0, 0.0, 0.0, 1.0],
                [0.98047, 0.136005, 0.142059, 0.003013, 0.131769, 0.081931, -0.987889, 0.990655, -0.145996, 0.987315, 0.06241, 0.688546, 0.0, 0.0, 0.0, 1.0],
                [0.989908, 0.140917, -0.014958, 0.003013, -0.028849, 0.097049, -0.994861, 1.025104, -0.138741, 0.985253, 0.100135, 0.688546, 0.0, 0.0, 0.0, 1.0],
                [0.982914, 0.145457, -0.112795, 0.003013, -0.128379, 0.1026, -0.986404, 1.051805, -0.131907, 0.98403, 0.119521, 0.688546, 0.0, 0.0, 0.0, 1.0],
                [0.976334, 0.146575, -0.159024, 0.003013, -0.174946, 0.102973, -0.979178, 1.069066, -0.127148, 0.983825, 0.126179, 0.688546, 0.0, 0.0, 0.0, 1.0],
                [0.973445, 0.145457, -0.176771, 0.003013, -0.192549, 0.1026, -0.975909, 1.075196, -0.123816, 0.98403, 0.127883, 0.688546, 0.0, 0.0, 0.0, 1.0],
                [0.971125, 0.144766, -0.189627, 0.00301, -0.205278, 0.10205, -0.973369, 1.075196, -0.121559, 0.984189, 0.12882, 0.688546, 0.0, 0.0, 0.0, 1.0],
                [0.968618, 0.144196, -0.202452, 0.003, -0.218001, 0.101609, -0.970645, 1.075196, -0.119392, 0.984319, 0.129855, 0.688546, 0.0, 0.0, 0.0, 1.0],
                [0.965939, 0.143739, -0.215178, 0.002985, -0.230652, 0.101268, -0.967752, 1.075196, -0.117313, 0.98442, 0.130973, 0.688546, 0.0, 0.0, 0.0, 1.0],
                [0.963106, 0.14339, -0.227743, 0.002964, -0.243162, 0.101019, -0.964711, 1.075196, -0.115323, 0.984497, 0.132159, 0.688546, 0.0, 0.0, 0.0, 1.0],
                [0.960141, 0.14314, -0.240084, 0.00294, -0.25547, 0.100852, -0.961543, 1.075196, -0.113423, 0.984551, 0.1334, 0.688546, 0.0, 0.0, 0.0, 1.0],
                [0.957069, 0.142982, -0.25214, 0.002911, -0.26751, 0.100757, -0.958273, 1.075196, -0.111611, 0.984583, 0.134681, 0.688546, 0.0, 0.0, 0.0, 1.0],
                [0.953918, 0.142907, -0.263853, 0.002879, -0.279222, 0.100726, -0.954929, 1.075196, -0.10989, 0.984597, 0.135987, 0.688546, 0.0, 0.0, 0.0, 1.0],
                [0.950716, 0.142908, -0.275165, 0.002845, -0.290548, 0.10075, -0.951542, 1.075196, -0.10826, 0.984595, 0.137306, 0.688546, 0.0, 0.0, 0.0, 1.0],
                [0.947497, 0.142974, -0.286021, 0.002809, -0.301429, 0.10082, -0.948143, 1.075196, -0.106724, 0.984578, 0.138624, 0.688546, 0.0, 0.0, 0.0, 1.0],
                [0.944293, 0.143098, -0.296367, 0.002772, -0.311811, 0.100929, -0.944768, 1.075196, -0.105282, 0.984549, 0.139926, 0.688546, 0.0, 0.0, 0.0, 1.0],
                [0.94114, 0.143269, -0.306153, 0.002734, -0.32164, 0.101067, -0.941453, 1.075196, -0.103939, 0.98451, 0.1412, 0.688546, 0.0, 0.0, 0.0, 1.0],
                [0.938074, 0.143479, -0.315327, 0.002696, -0.330864, 0.101229, -0.938233, 1.075196, -0.102696, 0.984463, 0.142432, 0.688546, 0.0, 0.0, 0.0, 1.0],
                [0.935132, 0.143716, -0.323843, 0.002659, -0.339433, 0.101405, -0.935148, 1.075196, -0.101557, 0.98441, 0.14361, 0.688546, 0.0, 0.0, 0.0, 1.0],
                [0.932351, 0.143972, -0.331653, 0.002623, -0.347299, 0.10159, -0.932235, 1.075196, -0.100523, 0.984353, 0.144719, 0.688546, 0.0, 0.0, 0.0, 1.0],
                [0.929769, 0.144237, -0.338712, 0.002588, -0.354415, 0.101777, -0.929533, 1.075196, -0.0996, 0.984295, 0.145749, 0.688546, 0.0, 0.0, 0.0, 1.0],
                [0.927423, 0.144499, -0.344975, 0.002557, -0.360733, 0.101959, -0.927079, 1.075196, -0.098789, 0.984238, 0.146684, 0.688546, 0.0, 0.0, 0.0, 1.0],
                [0.925348, 0.144749, -0.350397, 0.002528, -0.366208, 0.102129, -0.924912, 1.075196, -0.098094, 0.984184, 0.147513, 0.688546, 0.0, 0.0, 0.0, 1.0],
                [0.923581, 0.144977, -0.354935, 0.002503, -0.370793, 0.102283, -0.923066, 1.075196, -0.097519, 0.984134, 0.148223, 0.688546, 0.0, 0.0, 0.0, 1.0],
                [0.922155, 0.145172, -0.358545, 0.002483, -0.374443, 0.102412, -0.921577, 1.075196, -0.097067, 0.984092, 0.148799, 0.688546, 0.0, 0.0, 0.0, 1.0],
                [0.921102, 0.145323, -0.361182, 0.002468, -0.37711, 0.102513, -0.920478, 1.075196, -0.096741, 0.984059, 0.149228, 0.688546, 0.0, 0.0, 0.0, 1.0],
                [0.920451, 0.145422, -0.362798, 0.002458, -0.378747, 0.102577, -0.919798, 1.075196, -0.096544, 0.984038, 0.149496, 0.688546, 0.0, 0.0, 0.0, 1.0],
                [0.920228, 0.145457, -0.363348, 0.002455, -0.379304, 0.1026, -0.919566, 1.075196, -0.096478, 0.98403, 0.149588, 0.688546, 0.0, 0.0, 0.0, 1.0],
                [0.920228, 0.145457, -0.363348, 0.002455, -0.379304, 0.1026, -0.919566, 1.075196, -0.096478, 0.98403, 0.149588, 0.688546, 0.0, 0.0, 0.0, 1.0],
                [0.920228, 0.145457, -0.363348, 0.002455, -0.379304, 0.1026, -0.919566, 1.075196, -0.096478, 0.98403, 0.149588, 0.688546, 0.0, 0.0, 0.0, 1.0],
                [0.920228, 0.145457, -0.363348, 0.002455, -0.379304, 0.1026, -0.919566, 1.075196, -0.096478, 0.98403, 0.149588, 0.688546, 0.0, 0.0, 0.0, 1.0],
                [0.920228, 0.145457, -0.363348, 0.002455, -0.379304, 0.1026, -0.919566, 1.075196, -0.096478, 0.98403, 0.149588, 0.688546, 0.0, 0.0, 0.0, 1.0],
                [0.920228, 0.145457, -0.363348, 0.002455, -0.379304, 0.1026, -0.919566, 1.075196, -0.096478, 0.98403, 0.149588, 0.688546, 0.0, 0.0, 0.0, 1.0],
                [0.920228, 0.145457, -0.363348, 0.002455, -0.379304, 0.1026, -0.919566, 1.075196, -0.096478, 0.98403, 0.149588, 0.688546, 0.0, 0.0, 0.0, 1.0],
                [0.920228, 0.145457, -0.363348, 0.002455, -0.379304, 0.1026, -0.919566, 1.075196, -0.096478, 0.98403, 0.149588, 0.688546, 0.0, 0.0, 0.0, 1.0],
                [0.920228, 0.145457, -0.363348, 0.002455, -0.379304, 0.1026, -0.919566, 1.075196, -0.096478, 0.98403, 0.149588, 0.688546, 0.0, 0.0, 0.0, 1.0],
                [0.920228, 0.145457, -0.363348, 0.002455, -0.379304, 0.1026, -0.919566, 1.075196, -0.096478, 0.98403, 0.149588, 0.688546, 0.0, 0.0, 0.0, 1.0],
                [0.920228, 0.145457, -0.363348, 0.002455, -0.379304, 0.1026, -0.919566, 1.075196, -0.096478, 0.98403, 0.149588, 0.688546, 0.0, 0.0, 0.0, 1.0],
                [0.920228, 0.145457, -0.363348, 0.002455, -0.379304, 0.1026, -0.919566, 1.075196, -0.096478, 0.98403, 0.149588, 0.688546, 0.0, 0.0, 0.0, 1.0],
                [0.920228, 0.145457, -0.363348, 0.002455, -0.379304, 0.1026, -0.919566, 1.075196, -0.096478, 0.98403, 0.149588, 0.688546, 0.0, 0.0, 0.0, 1.0],
                [0.920228, 0.145457, -0.363348, 0.002455, -0.379304, 0.1026, -0.919566, 1.075196, -0.096478, 0.98403, 0.149588, 0.688546, 0.0, 0.0, 0.0, 1.0],
                [0.920228, 0.145457, -0.363348, 0.002455, -0.379304, 0.1026, -0.919566, 1.075196, -0.096478, 0.98403, 0.149588, 0.688546, 0.0, 0.0, 0.0, 1.0],
                [0.920228, 0.145457, -0.363348, 0.002455, -0.379304, 0.1026, -0.919566, 1.075196, -0.096478, 0.98403, 0.149588, 0.688546, 0.0, 0.0, 0.0, 1.0],
                [0.920228, 0.145457, -0.363348, 0.002455, -0.379304, 0.1026, -0.919566, 1.075196, -0.096478, 0.98403, 0.149588, 0.688546, 0.0, 0.0, 0.0, 1.0],
                [0.920228, 0.145457, -0.363348, 0.002455, -0.379304, 0.1026, -0.919566, 1.075196, -0.096478, 0.98403, 0.149588, 0.688546, 0.0, 0.0, 0.0, 1.0],
                [0.920228, 0.145457, -0.363348, 0.002455, -0.379304, 0.1026, -0.919566, 1.075196, -0.096478, 0.98403, 0.149588, 0.688546, 0.0, 0.0, 0.0, 1.0],
                [0.920228, 0.145457, -0.363348, 0.002455, -0.379304, 0.1026, -0.919566, 1.075196, -0.096478, 0.98403, 0.149588, 0.688546, 0.0, 0.0, 0.0, 1.0],
                [0.920228, 0.145457, -0.363348, 0.002455, -0.379304, 0.1026, -0.919566, 1.075196, -0.096478, 0.98403, 0.149588, 0.688546, 0.0, 0.0, 0.0, 1.0],
                [0.920228, 0.145457, -0.363348, 0.002455, -0.379304, 0.1026, -0.919566, 1.075196, -0.096478, 0.98403, 0.149588, 0.688546, 0.0, 0.0, 0.0, 1.0],
                [0.920228, 0.145457, -0.363348, 0.002455, -0.379304, 0.1026, -0.919566, 1.075196, -0.096478, 0.98403, 0.149588, 0.688546, 0.0, 0.0, 0.0, 1.0],
                [0.920228, 0.145457, -0.363348, 0.002455, -0.379304, 0.1026, -0.919566, 1.075196, -0.096478, 0.98403, 0.149588, 0.688546, 0.0, 0.0, 0.0, 1.0],
                [0.920228, 0.145457, -0.363348, 0.002455, -0.379304, 0.1026, -0.919566, 1.075196, -0.096478, 0.98403, 0.149588, 0.688546, 0.0, 0.0, 0.0, 1.0],
                [0.920228, 0.145457, -0.363348, 0.002455, -0.379304, 0.1026, -0.919566, 1.075196, -0.096478, 0.98403, 0.149588, 0.688546, 0.0, 0.0, 0.0, 1.0],
                [0.920228, 0.145457, -0.363348, 0.002455, -0.379304, 0.1026, -0.919566, 1.075196, -0.096478, 0.98403, 0.149588, 0.688546, 0.0, 0.0, 0.0, 1.0],
                [0.920228, 0.145457, -0.363348, 0.002455, -0.379304, 0.1026, -0.919566, 1.075196, -0.096478, 0.98403, 0.149588, 0.688546, 0.0, 0.0, 0.0, 1.0],
                [0.920228, 0.145457, -0.363348, 0.002455, -0.379304, 0.1026, -0.919566, 1.075196, -0.096478, 0.98403, 0.149588, 0.688546, 0.0, 0.0, 0.0, 1.0],
                [0.920228, 0.145457, -0.363348, 0.002455, -0.379304, 0.1026, -0.919566, 1.075196, -0.096478, 0.98403, 0.149588, 0.688546, 0.0, 0.0, 0.0, 1.0],
                [0.920228, 0.145457, -0.363348, 0.002455, -0.379304, 0.1026, -0.919566, 1.075196, -0.096478, 0.98403, 0.149588, 0.688546, 0.0, 0.0, 0.0, 1.0],
                [0.920841, 0.144826, -0.362047, 0.002441, -0.377881, 0.102318, -0.920183, 1.075196, -0.096222, 0.984153, 0.148946, 0.688546, 0.0, 0.0, 0.0, 1.0],
                [0.922594, 0.143005, -0.358286, 0.0024, -0.373769, 0.101498, -0.921952, 1.075196, -0.095478, 0.984504, 0.147092, 0.688546, 0.0, 0.0, 0.0, 1.0],
                [0.925353, 0.140107, -0.352267, 0.002336, -0.367198, 0.100173, -0.924733, 1.075196, -0.094274, 0.985056, 0.144142, 0.688546, 0.0, 0.0, 0.0, 1.0],
                [0.928964, 0.136248, -0.344184, 0.00225, -0.358393, 0.098369, -0.928374, 1.075196, -0.092632, 0.985779, 0.140211, 0.688546, 0.0, 0.0, 0.0, 1.0],
                [0.933267, 0.131543, -0.334228, 0.002147, -0.347576, 0.096109, -0.932713, 1.075196, -0.090569, 0.986641, 0.135417, 0.688546, 0.0, 0.0, 0.0, 1.0],
                [0.9381, 0.12611, -0.322589, 0.002028, -0.334971, 0.093416, -0.937586, 1.075196, -0.088104, 0.987608, 0.129877, 0.688546, 0.0, 0.0, 0.0, 1.0],
                [0.943301, 0.120068, -0.309463, 0.001898, -0.320804, 0.090314, -0.94283, 1.075196, -0.085255, 0.988649, 0.123711, 0.688546, 0.0, 0.0, 0.0, 1.0],
                [0.948712, 0.113535, -0.295051, 0.001757, -0.30531, 0.08683, -0.948286, 1.075196, -0.082045, 0.989732, 0.11704, 0.688546, 0.0, 0.0, 0.0, 1.0],
                [0.954187, 0.106631, -0.279564, 0.00161, -0.288728, 0.082997, -0.953807, 1.075196, -0.078502, 0.990829, 0.109982, 0.688546, 0.0, 0.0, 0.0, 1.0],
                [0.959593, 0.099472, -0.263223, 0.001459, -0.271306, 0.078857, -0.959257, 1.075196, -0.074662, 0.991911, 0.102658, 0.688546, 0.0, 0.0, 0.0, 1.0],
                [0.964811, 0.092174, -0.24626, 0.001307, -0.253298, 0.074456, -0.964519, 1.075196, -0.070568, 0.992955, 0.095183, 0.688546, 0.0, 0.0, 0.0, 1.0],
                [0.969742, 0.084849, -0.228915, 0.001156, -0.234967, 0.069851, -0.96949, 1.075196, -0.06627, 0.993942, 0.087674, 0.688546, 0.0, 0.0, 0.0, 1.0],
                [0.974305, 0.077606, -0.21144, 0.00101, -0.216579, 0.065105, -0.974092, 1.075196, -0.06183, 0.994856, 0.08024, 0.688546, 0.0, 0.0, 0.0, 1.0],
                [0.978443, 0.07055, -0.194094, 0.000872, -0.198406, 0.060293, -0.978264, 1.075196, -0.057314, 0.995684, 0.072991, 0.688546, 0.0, 0.0, 0.0, 1.0],
                [0.982116, 0.063781, -0.177142, 0.000743, -0.180719, 0.055494, -0.981968, 1.075196, -0.0528, 0.99642, 0.066028, 0.688546, 0.0, 0.0, 0.0, 1.0],
                [0.985308, 0.057391, -0.160856, 0.000628, -0.163794, 0.050795, -0.985186, 1.075196, -0.04837, 0.997059, 0.059449, 0.688546, 0.0, 0.0, 0.0, 1.0],
                [0.988025, 0.051453, -0.14546, 0.000528, -0.147855, 0.046275, -0.987926, 1.075196, -0.0441, 0.997603, 0.053328, 0.688546, 0.0, 0.0, 0.0, 1.0],
                [0.990318, 0.04596, -0.130988, 0.000442, -0.132925, 0.041958, -0.990238, 1.075196, -0.040015, 0.998062, 0.047661, 0.688546, 0.0, 0.0, 0.0, 1.0],
                [0.99224, 0.040889, -0.117426, 0.00037, -0.118978, 0.037853, -0.992175, 1.075196, -0.036124, 0.998446, 0.042424, 0.688546, 0.0, 0.0, 0.0, 1.0],
                [0.993839, 0.036218, -0.104752, 0.000309, -0.105985, 0.033966, -0.993787, 1.075196, -0.032435, 0.998767, 0.037595, 0.688546, 0.0, 0.0, 0.0, 1.0],
                [0.995159, 0.031923, -0.092945, 0.000259, -0.093914, 0.030301, -0.995119, 1.075196, -0.028951, 0.999031, 0.033152, 0.688546, 0.0, 0.0, 0.0, 1.0],
                [0.996241, 0.027983, -0.08198, 0.000218, -0.082732, 0.026859, -0.99621, 1.075196, -0.025675, 0.999247, 0.029074, 0.688546, 0.0, 0.0, 0.0, 1.0],
                [0.997119, 0.024379, -0.07183, 0.000185, -0.072407, 0.023641, -0.997095, 1.075196, -0.02261, 0.999423, 0.025338, 0.688546, 0.0, 0.0, 0.0, 1.0],
                [0.997824, 0.021089, -0.062467, 0.000159, -0.062902, 0.020646, -0.997806, 1.075196, -0.019753, 0.999564, 0.021927, 0.688546, 0.0, 0.0, 0.0, 1.0],
                [0.998384, 0.018095, -0.053861, 0.000137, -0.054184, 0.017869, -0.998371, 1.075196, -0.017103, 0.999677, 0.018821, 0.688546, 0.0, 0.0, 0.0, 1.0],
                [0.998824, 0.015379, -0.045981, 0.00012, -0.046216, 0.015308, -0.998814, 1.075196, -0.014656, 0.999765, 0.016, 0.688546, 0.0, 0.0, 0.0, 1.0],
                [0.999164, 0.012923, -0.038796, 0.000105, -0.038963, 0.012956, -0.999157, 1.075196, -0.012409, 0.999833, 0.013449, 0.688546, 0.0, 0.0, 0.0, 1.0],
                [0.999422, 0.01071, -0.032273, 9.1e-05, -0.032389, 0.010809, -0.999417, 1.075196, -0.010355, 0.999884, 0.011149, 0.688546, 0.0, 0.0, 0.0, 1.0],
                [0.999614, 0.008725, -0.026381, 7.7e-05, -0.026458, 0.008858, -0.999611, 1.075196, -0.008488, 0.999923, 0.009085, 0.688546, 0.0, 0.0, 0.0, 1.0],
                [0.999754, 0.006953, -0.021085, 6.2e-05, -0.021134, 0.007096, -0.999751, 1.075196, -0.006801, 0.999951, 0.007241, 0.688546, 0.0, 0.0, 0.0, 1.0],
                [0.99985, 0.005417, -0.016473, 4.5e-05, -0.016503, 0.005555, -0.999848, 1.075196, -0.005325, 0.99997, 0.005643, 0.688546, 0.0, 0.0, 0.0, 1.0],
                [0.999905, 0.004304, -0.013111, 3.1e-05, -0.01313, 0.004427, -0.999904, 1.075196, -0.004245, 0.999981, 0.004483, 0.688546, 0.0, 0.0, 0.0, 1.0],
                [0.999924, 0.003833, -0.011686, 2.4e-05, -0.011701, 0.003948, -0.999924, 1.075196, -0.003786, 0.999985, 0.003993, 0.688546, 0.0, 0.0, 0.0, 1.0],
                [0.999927, 0.003774, -0.01151, 2.4e-05, -0.011524, 0.003889, -0.999926, 1.075196, -0.003729, 0.999985, 0.003933, 0.688546, 0.0, 0.0, 0.0, 1.0],
                [0.999928, 0.003745, -0.011419, 2.4e-05, -0.011434, 0.003859, -0.999927, 1.075196, -0.0037, 0.999986, 0.003901, 0.688546, 0.0, 0.0, 0.0, 1.0],
                [0.999928, 0.003734, -0.011386, 2.4e-05, -0.0114, 0.003848, -0.999928, 1.075196, -0.00369, 0.999986, 0.00389, 0.688546, 0.0, 0.0, 0.0, 1.0],
                [0.999928, 0.003732, -0.011381, 2.4e-05, -0.011396, 0.003846, -0.999928, 1.075196, -0.003688, 0.999986, 0.003888, 0.688546, 0.0, 0.0, 0.0, 1.0],
                [0.999928, 0.003732, -0.01138, 2.4e-05, -0.011394, 0.003846, -0.999928, 1.075196, -0.003688, 0.999986, 0.003888, 0.688546, 0.0, 0.0, 0.0, 1.0],
                [0.999928, 0.003729, -0.011371, 2.4e-05, -0.011386, 0.003843, -0.999928, 1.075196, -0.003685, 0.999986, 0.003885, 0.688546, 0.0, 0.0, 0.0, 1.0],
                [0.999929, 0.003721, -0.011348, 2.3e-05, -0.011362, 0.003835, -0.999928, 1.075196, -0.003677, 0.999986, 0.003877, 0.688546, 0.0, 0.0, 0.0, 1.0],
                [0.999929, 0.003706, -0.011302, 2.3e-05, -0.011316, 0.003819, -0.999929, 1.075196, -0.003662, 0.999986, 0.003861, 0.688546, 0.0, 0.0, 0.0, 1.0],
                [0.99993, 0.003681, -0.011226, 2.3e-05, -0.01124, 0.003794, -0.99993, 1.075196, -0.003638, 0.999986, 0.003835, 0.688546, 0.0, 0.0, 0.0, 1.0],
                [0.999932, 0.003644, -0.011113, 2.3e-05, -0.011127, 0.003756, -0.999931, 1.075196, -0.003602, 0.999986, 0.003796, 0.688546, 0.0, 0.0, 0.0, 1.0],
                [0.999934, 0.003591, -0.010955, 2.3e-05, -0.010969, 0.003703, -0.999933, 1.075196, -0.003551, 0.999987, 0.003742, 0.688546, 0.0, 0.0, 0.0, 1.0],
                [0.999937, 0.003503, -0.010687, 2.2e-05, -0.010699, 0.003613, -0.999936, 1.075196, -0.003464, 0.999987, 0.00365, 0.688546, 0.0, 0.0, 0.0, 1.0],
                [0.999941, 0.00337, -0.010285, 2.1e-05, -0.010296, 0.003477, -0.999941, 1.075196, -0.003334, 0.999988, 0.003512, 0.688546, 0.0, 0.0, 0.0, 1.0],
                [0.999947, 0.003213, -0.009807, 2e-05, -0.009818, 0.003316, -0.999946, 1.075196, -0.00318, 0.999989, 0.003348, 0.688546, 0.0, 0.0, 0.0, 1.0],
                [0.999952, 0.00305, -0.009312, 1.8e-05, -0.009322, 0.00315, -0.999952, 1.075196, -0.00302, 0.99999, 0.003178, 0.688546, 0.0, 0.0, 0.0, 1.0],
                [0.999957, 0.002893, -0.008836, 1.7e-05, -0.008845, 0.002989, -0.999956, 1.075196, -0.002867, 0.999991, 0.003015, 0.688546, 0.0, 0.0, 0.0, 1.0],
                [0.999962, 0.002728, -0.008334, 1.6e-05, -0.008342, 0.00282, -0.999961, 1.075196, -0.002704, 0.999992, 0.002843, 0.688546, 0.0, 0.0, 0.0, 1.0],
                [0.999967, 0.002532, -0.007739, 1.5e-05, -0.007746, 0.002619, -0.999967, 1.075196, -0.002512, 0.999993, 0.002639, 0.688546, 0.0, 0.0, 0.0, 1.0],
                [0.999973, 0.002284, -0.006984, 1.3e-05, -0.006989, 0.002365, -0.999973, 1.075196, -0.002268, 0.999995, 0.002381, 0.688546, 0.0, 0.0, 0.0, 1.0],
                [0.99998, 0.001971, -0.006028, 1e-05, -0.006032, 0.002042, -0.99998, 1.075196, -0.001958, 0.999996, 0.002054, 0.688546, 0.0, 0.0, 0.0, 1.0],
                [0.999987, 0.00161, -0.004929, 8e-06, -0.004931, 0.00167, -0.999986, 1.075196, -0.001602, 0.999997, 0.001678, 0.688546, 0.0, 0.0, 0.0, 1.0],
                [0.999992, 0.001231, -0.00377, 5e-06, -0.003772, 0.001278, -0.999992, 1.075196, -0.001226, 0.999998, 0.001283, 0.688546, 0.0, 0.0, 0.0, 1.0],
                [0.999996, 0.00086, -0.002635, 2e-06, -0.002636, 0.000894, -0.999996, 1.075196, -0.000857, 0.999999, 0.000896, 0.688546, 0.0, 0.0, 0.0, 1.0],
                [0.999999, 0.000524, -0.001607, -1e-06, -0.001608, 0.000545, -0.999999, 1.075196, -0.000523, 1.0, 0.000546, 0.688546, 0.0, 0.0, 0.0, 1.0],
                [1.0, 0.000251, -0.00077, -3e-06, -0.00077, 0.000261, -1.0, 1.075196, -0.000251, 1.0, 0.000262, 0.688546, 0.0, 0.0, 0.0, 1.0],
                [1.0, 6.7e-05, -0.000206, -4e-06, -0.000206, 7e-05, -1.0, 1.075196, -6.7e-05, 1.0, 7e-05, 0.688546, 0.0, 0.0, 0.0, 1.0],
                [1.0, 0.0, 0.0, -5e-06, 0.0, 0.0, -1.0, 1.075196, 0.0, 1.0, 0.0, 0.688546, 0.0, 0.0, 0.0, 1.0]
            ]
        },
        {
            "name": "Thigh_R",
            "time": [0.0, 0.0167, 0.0333, 0.05, 0.0667, 0.0833, 0.1, 0.1167, 0.1333, 0.15, 0.1667, 0.1833, 0.2, 0.2167, 0.2333, 0.25, 0.2667, 0.2833, 0.3, 0.3167, 0.3333, 0.35, 0.3667, 0.3833, 0.4, 0.4167, 0.4333, 0.45, 0.4667, 0.4833, 0.5, 0.5167, 0.5333, 0.55, 0.5667, 0.5833, 0.6, 0.6167, 0.6333, 0.65, 0.6667, 0.6833, 0.7, 0.7167, 0.7333, 0.75, 0.7667, 0.7833, 0.8, 0.8167, 0.8333, 0.85, 0.8667, 0.8833, 0.9, 0.9167, 0.9333, 0.95, 0.9667, 0.9833, 1.0, 1.0167, 1.0333, 1.05, 1.0667, 1.0833, 1.1, 1.1167, 1.1333, 1.15, 1.1667, 1.1833, 1.2, 1.2167, 1.2333, 1.25, 1.2667, 1.2833, 1.3, 1.3167, 1.3333, 1.35, 1.3667, 1.3833, 1.4, 1.4167, 1.4333, 1.45, 1.4667, 1.4833, 1.5, 1.5167, 1.5333, 1.55, 1.5667, 1.5833, 1.6, 1.6167, 1.6333, 1.65, 1.6667, 1.6833, 1.7, 1.7167, 1.7333, 1.75, 1.7667, 1.7833, 1.8, 1.8167, 1.8333, 1.85, 1.8667, 1.8833, 1.9, 1.9167, 1.9333, 1.95, 1.9667, 1.9833, 2.0, 2.0167, 2.0333, 2.05, 2.0667, 2.0833, 2.1, 2.1167, 2.1333, 2.15, 2.1667, 2.1833, 2.2, 2.2167, 2.2333, 2.25, 2.2667, 2.2833, 2.3, 2.3167, 2.3333, 2.35, 2.3667, 2.3833, 2.4, 2.4167, 2.4333, 2.45, 2.4667],
            "transform": [
                [0.897611, -0.16234, 0.409804, 0.124994, -0.3453, -0.836836, 0.424821, -0.002831, 0.273974, -0.52283, -0.80721, -1.2e-05, 0.0, 0.0, 0.0, 1.0],
                [0.898612, -0.162186, 0.407667, 0.124994, -0.343187, -0.838726, 0.4228, -0.002831, 0.273349, -0.519839, -0.80935, -1.2e-05, 0.0, 0.0, 0.0, 1.0],
                [0.90148, -0.161696, 0.401482, 0.124994, -0.337083, -0.844136, 0.416905, -0.002831, 0.271494, -0.511164, -0.815477, -1.2e-05, 0.0, 0.0, 0.0, 1.0],
                [0.905994, -0.160766, 0.391572, 0.124994, -0.327335, -0.852613, 0.407311, -0.002831, 0.268378, -0.497197, -0.825087, -1.2e-05, 0.0, 0.0, 0.0, 1.0],
                [0.911905, -0.159241, 0.378248, 0.124994, -0.314293, -0.863645, 0.394127, -0.002831, 0.263911, -0.478287, -0.837611, -1.2e-05, 0.0, 0.0, 0.0, 1.0],
                [0.918944, -0.156929, 0.361823, 0.124994, -0.298318, -0.876672, 0.377429, -0.002831, 0.257971, -0.454774, -0.852427, -1.2e-05, 0.0, 0.0, 0.0, 1.0],
                [0.926825, -0.153626, 0.342629, 0.124994, -0.279789, -0.891099, 0.357294, -0.002831, 0.250427, -0.427013, -0.868876, -1.2e-05, 0.0, 0.0, 0.0, 1.0],
                [0.935254, -0.149139, 0.321025, 0.124994, -0.259113, -0.906319, 0.333835, -0.002831, 0.241163, -0.395403, -0.886283, -1.2e-05, 0.0, 0.0, 0.0, 1.0],
                [0.943937, -0.143301, 0.297401, 0.124994, -0.236723, -0.921725, 0.30722, -0.002831, 0.230097, -0.360399, -0.903974, -1.2e-05, 0.0, 0.0, 0.0, 1.0],
                [0.952586, -0.135992, 0.272187, 0.124994, -0.213078, -0.93674, 0.277699, -0.002831, 0.217203, -0.322529, -0.921302, -1.2e-05, 0.0, 0.0, 0.0, 1.0],
                [0.960934, -0.127153, 0.245842, 0.124994, -0.188652, -0.950834, 0.245611, -0.002831, 0.202525, -0.282394, -0.937677, -1.2e-05, 0.0, 0.0, 0.0, 1.0],
                [0.968743, -0.116799, 0.21885, 0.124994, -0.16393, -0.963556, 0.211394, -0.002831, 0.186183, -0.240662, -0.952585, -1.2e-05, 0.0, 0.0, 0.0, 1.0],
                [0.975817, -0.105029, 0.191705, 0.124994, -0.139386, -0.974548, 0.175578, -0.002831, 0.168385, -0.198053, -0.96562, -1.2e-05, 0.0, 0.0, 0.0, 1.0],
                [0.982011, -0.092016, 0.164888, 0.124994, -0.115461, -0.983571, 0.138763, -0.002831, 0.149411, -0.155305, -0.976502, -1.2e-05, 0.0, 0.0, 0.0, 1.0],
                [0.987242, -0.07799, 0.138823, 0.124994, -0.09253, -0.990517, 0.101557, -0.002831, 0.129586, -0.113107, -0.985096, -1.2e-05, 0.0, 0.0, 0.0, 1.0],
                [0.991478, -0.06324, 0.113893, 0.124994, -0.070909, -0.995389, 0.064591, -0.002831, 0.109283, -0.072116, -0.991391, -1.2e-05, 0.0, 0.0, 0.0, 1.0],
                [0.99474, -0.048101, 0.090441, 0.124994, -0.050865, -0.998298, 0.028509, -0.002831, 0.088915, -0.032959, -0.995494, -1.2e-05, 0.0, 0.0, 0.0, 1.0],
                [0.997089, -0.032944, 0.068758, 0.124994, -0.032604, -0.99945, -0.00605, -0.002831, 0.06892, 0.00379, -0.997615, -1.2e-05, 0.0, 0.0, 0.0, 1.0],
                [0.998629, -0.018162, 0.049088, 0.124994, -0.01628, -0.999127, -0.038466, -0.002831, 0.049744, 0.037614, -0.998053, -1.2e-05, 0.0, 0.0, 0.0, 1.0],
                [0.999491, -0.004158, 0.031626, 0.124994, -0.001994, -0.997672, -0.068156, -0.002831, 0.031836, 0.068059, -0.997173, -1.2e-05, 0.0, 0.0, 0.0, 1.0],
                [0.999826, 0.008669, 0.016524, 0.124994, 0.010194, -0.995465, -0.094574, -0.002831, 0.015629, 0.094726, -0.995381, -1.2e-05, 0.0, 0.0, 0.0, 1.0],
                [0.999794, 0.019931, 0.003904, 0.124994, 0.020251, -0.9929, -0.11721, -0.002831, 0.00154, 0.117265, -0.993099, -1.2e-05, 0.0, 0.0, 0.0, 1.0],
                [0.999553, 0.029258, -0.006127, 0.124994, 0.028158, -0.990364, -0.135592, -0.002831, -0.010035, 0.135359, -0.990746, -1.2e-05, 0.0, 0.0, 0.0, 1.0],
                [0.99925, 0.036303, -0.013465, 0.124994, 0.033891, -0.988216, -0.149267, -0.002831, -0.018725, 0.148699, -0.988705, -1.2e-05, 0.0, 0.0, 0.0, 1.0],
                [0.999008, 0.040742, -0.017988, 0.124994, 0.037401, -0.986763, -0.157797, -0.002831, -0.024179, 0.156967, -0.987308, -1.2e-05, 0.0, 0.0, 0.0, 1.0],
                [0.998915, 0.042282, -0.019539, 0.124994, 0.038601, -0.986241, -0.16074, -0.002831, -0.026067, 0.159811, -0.986803, -1.2e-05, 0.0, 0.0, 0.0, 1.0],
                [0.998915, 0.042282, -0.01954, 0.124994, 0.038601, -0.986241, -0.16074, -0.002831, -0.026067, 0.159811, -0.986803, -1.2e-05, 0.0, 0.0, 0.0, 1.0],
                [0.998915, 0.042282, -0.019539, 0.124994, 0.038601, -0.986241, -0.16074, -0.002831, -0.026067, 0.159811, -0.986803, -1.2e-05, 0.0, 0.0, 0.0, 1.0],
                [0.998915, 0.042282, -0.019539, 0.124994, 0.038601, -0.986241, -0.16074, -0.002831, -0.026067, 0.159811, -0.986803, -1.2e-05, 0.0, 0.0, 0.0, 1.0],
                [0.998915, 0.042282, -0.019539, 0.124994, 0.038601, -0.986241, -0.16074, -0.002831, -0.026067, 0.159811, -0.986803, -1.2e-05, 0.0, 0.0, 0.0, 1.0],
                [0.998915, 0.042282, -0.019539, 0.124994, 0.038601, -0.986241, -0.16074, -0.002831, -0.026067, 0.159811, -0.986803, -1.2e-05, 0.0, 0.0, 0.0, 1.0],
                [0.998915, 0.042282, -0.019539, 0.124994, 0.038601, -0.986241, -0.16074, -0.002831, -0.026067, 0.159811, -0.986803, -1.2e-05, 0.0, 0.0, 0.0, 1.0],
                [0.998915, 0.042282, -0.019539, 0.124994, 0.038601, -0.986241, -0.16074, -0.002831, -0.026067, 0.159811, -0.986803, -1.2e-05, 0.0, 0.0, 0.0, 1.0],
                [0.998915, 0.042282, -0.019539, 0.124994, 0.038601, -0.986242, -0.16074, -0.002831, -0.026067, 0.159811, -0.986803, -1.2e-05, 0.0, 0.0, 0.0, 1.0],
                [0.998915, 0.042282, -0.019539, 0.124994, 0.038601, -0.986241, -0.16074, -0.002831, -0.026067, 0.159811, -0.986803, -1.2e-05, 0.0, 0.0, 0.0, 1.0],
                [0.998915, 0.042282, -0.019539, 0.124994, 0.038601, -0.986241, -0.16074, -0.002831, -0.026067, 0.159811, -0.986803, -1.2e-05, 0.0, 0.0, 0.0, 1.0],
                [0.998915, 0.042282, -0.019539, 0.124994, 0.038601, -0.986241, -0.16074, -0.002831, -0.026067, 0.159811, -0.986803, -1.2e-05, 0.0, 0.0, 0.0, 1.0],
                [0.998915, 0.042282, -0.019539, 0.124994, 0.038601, -0.986241, -0.16074, -0.002831, -0.026067, 0.159811, -0.986803, -1.2e-05, 0.0, 0.0, 0.0, 1.0],
