{
    "armature": {
        "joints": ["Root", "Thigh_R", "Leg_R", "Knee_R", "Thigh_L", "Leg_L", "Knee_L", "Torso", "Chest", "Head", "Shoulder_R", "Arm_R", "Hand_R", "Tool_R", "Elbow_R", "Shoulder_L", "Arm_L", "Hand_L", "Tool_L", "Elbow_L"],
        "hierarchy": [
            {
                "name": "Root",
                "transform": [1.0, 0.0, 0.0, -5e-06, 0.0, 0.0, -1.0, 0.000946, 0.0, 1.0, 0.0, 0.763972, 0.0, 0.0, 0.0, 1.0],
                "children": [
                    {
                        "name": "Thigh_R",
                        "transform": [1.0, -0.0, -0.0, 0.124994, -0.0, -1.0, 0.0, -0.002831, -0.0, -0.0, -1.0, -1.2e-05, 0.0, 0.0, 0.0, 1.0],
                        "children": [
                            {
                                "name": "Leg_R",
                                "transform": [1.0, 0.0, 1e-06, 0.0, -0.0, 1.0, 0.0, 0.37472, -1e-06, -0.0, 1.0, -0.0, 0.0, 0.0, 0.0, 1.0],
                                "children": []
                            },
                            {
                                "name": "Knee_R",
                                "transform": [1.0, 0.0, -0.0, 0.0, -0.0, 0.0, -1.0, 0.37472, -0.0, 1.0, 0.0, -0.0, 0.0, 0.0, 0.0, 1.0],
                                "children": []
                            }
                        ]
                    },
                    {
                        "name": "Thigh_L",
                        "transform": [1.0, -0.0, -0.0, -0.125006, -0.0, -1.0, 0.0, -0.002831, -0.0, -0.0, -1.0, -1.2e-05, 0.0, 0.0, 0.0, 1.0],
                        "children": [
                            {
                                "name": "Leg_L",
                                "transform": [1.0, 0.0, 1e-06, -0.0, -0.0, 1.0, 0.0, 0.37472, -1e-06, -0.0, 1.0, 0.0, 0.0, 0.0, 0.0, 1.0],
                                "children": []
                            },
                            {
                                "name": "Knee_L",
                                "transform": [1.0, 0.0, -0.0, -0.0, -0.0, 0.0, -1.0, 0.37472, -0.0, 1.0, 0.0, 0.0, 0.0, 0.0, 0.0, 1.0],
                                "children": []
                            }
                        ]
                    },
                    {
                        "name": "Torso",
                        "transform": [1.0, 0.0, 0.0, 0.0, 0.0, 1.0, 0.0, 0.05, 0.0, 0.0, 1.0, 0.0, 0.0, 0.0, 0.0, 1.0],
                        "children": [
                            {
                                "name": "Chest",
                                "transform": [1.0, 0.0, 0.0, 0.0, 0.0, 1.0, 0.0, 0.3, 0.0, 0.0, 1.0, 0.0, 0.0, 0.0, 0.0, 1.0],
                                "children": [
                                    {
                                        "name": "Head",
                                        "transform": [1.0, 0.0, 0.0, 0.0, 0.0, 1.0, 0.0, 0.4, 0.0, 0.0, 1.0, 0.0, 0.0, 0.0, 0.0, 1.0],
                                        "children": []
                                    },
                                    {
                                        "name": "Shoulder_R",
                                        "transform": [0.0, 0.952114, 0.305743, 0.0, 0.0, -0.305743, 0.952114, 0.4, 1.0, 0.0, -0.0, 0.0, 0.0, 0.0, 0.0, 1.0],
                                        "children": [
                                            {
                                                "name": "Arm_R",
                                                "transform": [0.0, -0.0, -1.0, -0.0, 0.952114, 0.305743, 0.0, 0.39386, 0.305743, -0.952114, 0.0, 0.0, 0.0, 0.0, 0.0, 1.0],
                                                "children": [
                                                    {
                                                        "name": "Hand_R",
                                                        "transform": [1.0, 0.0, 0.0, 0.0, -0.0, 0.993938, 0.109947, 0.3, -0.0, -0.109947, 0.993937, 0.0, 0.0, 0.0, 0.0, 1.0],
                                                        "children": [
                                                            {
                                                                "name": "Tool_R",
                                                                "transform": [1.0, 0.0, 0.0, -0.0, 0.0, -0.999836, 0.018122, 0.272858, 0.0, -0.018122, -0.999836, 0.0, 0.0, 0.0, 0.0, 1.0],
                                                                "children": []
                                                            }
                                                        ]
                                                    },
                                                    {
                                                        "name": "Elbow_R",
                                                        "transform": [-1.0, 0.0, -0.0, 0.0, 0.0, 0.0, -1.0, 0.3, -0.0, -1.0, -0.0, 0.0, 0.0, 0.0, 0.0, 1.0],
                                                        "children": []
                                                    }
                                                ]
                                            }
                                        ]
                                    },
                                    {
                                        "name": "Shoulder_L",
                                        "transform": [-0.0, -0.952114, -0.305743, 0.0, 0.0, -0.305743, 0.952114, 0.4, -1.0, 0.0, 0.0, 0.0, 0.0, 0.0, 0.0, 1.0],
                                        "children": [
                                            {
                                                "name": "Arm_L",
                                                "transform": [-0.0, -0.0, 1.0, -0.0, -0.952114, 0.305743, -0.0, 0.39386, -0.305743, -0.952114, -0.0, 0.0, 0.0, 0.0, 0.0, 1.0],
                                                "children": [
                                                    {
                                                        "name": "Hand_L",
                                                        "transform": [1.0, -0.0, 0.0, -0.0, 0.0, 0.993937, 0.109947, 0.3, -0.0, -0.109947, 0.993937, 0.0, 0.0, 0.0, 0.0, 1.0],
                                                        "children": [
                                                            {
                                                                "name": "Tool_L",
                                                                "transform": [1.0, 0.0, 0.0, -0.0, -0.0, -0.999836, 0.018122, 0.272858, 0.0, -0.018122, -0.999836, -0.0, 0.0, 0.0, 0.0, 1.0],
                                                                "children": []
                                                            }
                                                        ]
                                                    },
                                                    {
                                                        "name": "Elbow_L",
                                                        "transform": [-1.0, 0.0, -0.0, -0.0, 0.0, -0.0, -1.0, 0.3, -0.0, -1.0, 0.0, 0.0, 0.0, 0.0, 0.0, 1.0],
                                                        "children": []
                                                    }
                                                ]
                                            }
                                        ]
                                    }
                                ]
                            }
                        ]
                    }
                ]
            }
        ]
    },
    "animation": [
        {
            "name": "Root",
            "time": [0.0, 0.0167, 0.0333, 0.05, 0.0667, 0.0833, 0.1, 0.1167, 0.1333, 0.15, 0.1667, 0.1833, 0.2, 0.2167, 0.2333, 0.25, 0.2667, 0.2833, 0.3, 0.3167, 0.3333, 0.35, 0.3667, 0.3833, 0.4, 0.4167, 0.4333, 0.45, 0.4667, 0.4833, 0.5, 0.5167, 0.5333, 0.55, 0.5667, 0.5833, 0.6, 0.6167, 0.6333, 0.65, 0.6667, 0.6833, 0.7, 0.7167, 0.7333, 0.75, 0.7667, 0.7833, 0.8, 0.8167, 0.8333, 0.85, 0.8667],
            "transform": [
                [1.0, 0.0, 0.0, -5e-06, 0.0, 0.0, -1.0, -0.002071, 0.0, 1.0, 0.0, 0.688546, 0.0, 0.0, 0.0, 1.0],
                [1.0, 0.0, 0.0, -5e-06, 0.0, 0.0, -1.0, 0.011656, 0.0, 1.0, 0.0, 0.688546, 0.0, 0.0, 0.0, 1.0],
                [1.0, 0.0, 0.0, -5e-06, 0.0, 0.0, -1.0, 0.048915, 0.0, 1.0, 0.0, 0.688546, 0.0, 0.0, 0.0, 1.0],
                [1.0, 0.0, 0.0, -5e-06, 0.0, 0.0, -1.0, 0.103823, 0.0, 1.0, 0.0, 0.688546, 0.0, 0.0, 0.0, 1.0],
                [1.0, 0.0, 0.0, -5e-06, 0.0, 0.0, -1.0, 0.170497, 0.0, 1.0, 0.0, 0.688546, 0.0, 0.0, 0.0, 1.0],
                [1.0, 0.0, 0.0, -5e-06, 0.0, 0.0, -1.0, 0.243054, 0.0, 1.0, 0.0, 0.688546, 0.0, 0.0, 0.0, 1.0],
                [1.0, 0.0, 0.0, -5e-06, 0.0, 0.0, -1.0, 0.315611, 0.0, 1.0, 0.0, 0.688546, 0.0, 0.0, 0.0, 1.0],
                [1.0, 0.0, 0.0, -5e-06, 0.0, 0.0, -1.0, 0.382285, 0.0, 1.0, 0.0, 0.688546, 0.0, 0.0, 0.0, 1.0],
                [1.0, 0.0, 0.0, -5e-06, 0.0, 0.0, -1.0, 0.437193, 0.0, 1.0, 0.0, 0.688546, 0.0, 0.0, 0.0, 1.0],
                [1.0, 0.0, 0.0, -5e-06, 0.0, 0.0, -1.0, 0.474452, 0.0, 1.0, 0.0, 0.688546, 0.0, 0.0, 0.0, 1.0],
                [1.0, 0.0, 0.0, -5e-06, 0.0, 0.0, -1.0, 0.488179, 0.0, 1.0, 0.0, 0.688546, 0.0, 0.0, 0.0, 1.0],
                [1.0, 0.0, 0.0, -5e-06, 0.0, 0.0, -1.0, 0.488179, 0.0, 1.0, 0.0, 0.688546, 0.0, 0.0, 0.0, 1.0],
                [1.0, 0.0, 0.0, -5e-06, 0.0, 0.0, -1.0, 0.51341, 0.0, 1.0, 0.0, 0.688546, 0.0, 0.0, 0.0, 1.0],
                [1.0, 0.0, 0.0, -5e-06, 0.0, 0.0, -1.0, 0.583866, 0.0, 1.0, 0.0, 0.688546, 0.0, 0.0, 0.0, 1.0],
                [1.0, 0.0, 0.0, -5e-06, 0.0, 0.0, -1.0, 0.691689, 0.0, 1.0, 0.0, 0.688546, 0.0, 0.0, 0.0, 1.0],
                [1.0, 0.0, 0.0, -5e-06, 0.0, 0.0, -1.0, 0.829023, 0.0, 1.0, 0.0, 0.688546, 0.0, 0.0, 0.0, 1.0],
                [1.0, 0.0, 0.0, -5e-06, 0.0, 0.0, -1.0, 0.988011, 0.0, 1.0, 0.0, 0.688546, 0.0, 0.0, 0.0, 1.0],
                [1.0, 0.0, 0.0, -5e-06, 0.0, 0.0, -1.0, 1.160796, 0.0, 1.0, 0.0, 0.688546, 0.0, 0.0, 0.0, 1.0],
                [1.0, 0.0, 0.0, -5e-06, 0.0, 0.0, -1.0, 1.339522, 0.0, 1.0, 0.0, 0.688546, 0.0, 0.0, 0.0, 1.0],
                [1.0, 0.0, 0.0, -5e-06, 0.0, 0.0, -1.0, 1.516332, 0.0, 1.0, 0.0, 0.688546, 0.0, 0.0, 0.0, 1.0],
                [1.0, 0.0, 0.0, -5e-06, 0.0, 0.0, -1.0, 1.683369, 0.0, 1.0, 0.0, 0.688546, 0.0, 0.0, 0.0, 1.0],
                [1.0, 0.0, 0.0, -5e-06, 0.0, 0.0, -1.0, 1.832775, 0.0, 1.0, 0.0, 0.688546, 0.0, 0.0, 0.0, 1.0],
                [1.0, 0.0, 0.0, -5e-06, 0.0, 0.0, -1.0, 1.956696, 0.0, 1.0, 0.0, 0.688546, 0.0, 0.0, 0.0, 1.0],
                [1.0, 0.0, 0.0, -5e-06, 0.0, 0.0, -1.0, 2.047272, 0.0, 1.0, 0.0, 0.688546, 0.0, 0.0, 0.0, 1.0],
                [1.0, 0.0, 0.0, -5e-06, 0.0, 0.0, -1.0, 2.096649, 0.0, 1.0, 0.0, 0.688546, 0.0, 0.0, 0.0, 1.0],
                [1.0, 0.0, 0.0, -5e-06, 0.0, 0.0, -1.0, 2.121884, 0.0, 1.0, 0.0, 0.688546, 0.0, 0.0, 0.0, 1.0],
                [1.0, 0.0, 0.0, -5e-06, 0.0, 0.0, -1.0, 2.145316, 0.0, 1.0, 0.0, 0.688546, 0.0, 0.0, 0.0, 1.0],
                [1.0, 0.0, 0.0, -5e-06, 0.0, 0.0, -1.0, 2.167014, 0.0, 1.0, 0.0, 0.688546, 0.0, 0.0, 0.0, 1.0],
                [1.0, 0.0, 0.0, -5e-06, 0.0, 0.0, -1.0, 2.187044, 0.0, 1.0, 0.0, 0.688546, 0.0, 0.0, 0.0, 1.0],
                [1.0, 0.0, 0.0, -5e-06, 0.0, 0.0, -1.0, 2.205472, 0.0, 1.0, 0.0, 0.688546, 0.0, 0.0, 0.0, 1.0],
                [1.0, 0.0, 0.0, -5e-06, 0.0, 0.0, -1.0, 2.222365, 0.0, 1.0, 0.0, 0.688546, 0.0, 0.0, 0.0, 1.0],
                [1.0, 0.0, 0.0, -5e-06, 0.0, 0.0, -1.0, 2.237791, 0.0, 1.0, 0.0, 0.688546, 0.0, 0.0, 0.0, 1.0],
                [1.0, 0.0, 0.0, -5e-06, 0.0, 0.0, -1.0, 2.251815, 0.0, 1.0, 0.0, 0.688546, 0.0, 0.0, 0.0, 1.0],
                [1.0, 0.0, 0.0, -5e-06, 0.0, 0.0, -1.0, 2.264504, 0.0, 1.0, 0.0, 0.688546, 0.0, 0.0, 0.0, 1.0],
                [1.0, 0.0, 0.0, -5e-06, 0.0, 0.0, -1.0, 2.275926, 0.0, 1.0, 0.0, 0.688546, 0.0, 0.0, 0.0, 1.0],
                [1.0, 0.0, 0.0, -5e-06, 0.0, 0.0, -1.0, 2.286146, 0.0, 1.0, 0.0, 0.688546, 0.0, 0.0, 0.0, 1.0],
                [1.0, 0.0, 0.0, -5e-06, 0.0, 0.0, -1.0, 2.295233, 0.0, 1.0, 0.0, 0.688546, 0.0, 0.0, 0.0, 1.0],
                [1.0, 0.0, 0.0, -5e-06, 0.0, 0.0, -1.0, 2.303251, 0.0, 1.0, 0.0, 0.688546, 0.0, 0.0, 0.0, 1.0],
                [1.0, 0.0, 0.0, -5e-06, 0.0, 0.0, -1.0, 2.310269, 0.0, 1.0, 0.0, 0.688546, 0.0, 0.0, 0.0, 1.0],
                [1.0, 0.0, 0.0, -5e-06, 0.0, 0.0, -1.0, 2.316352, 0.0, 1.0, 0.0, 0.688546, 0.0, 0.0, 0.0, 1.0],
                [1.0, 0.0, 0.0, -5e-06, 0.0, 0.0, -1.0, 2.321568, 0.0, 1.0, 0.0, 0.688546, 0.0, 0.0, 0.0, 1.0],
                [1.0, 0.0, 0.0, -5e-06, 0.0, 0.0, -1.0, 2.325983, 0.0, 1.0, 0.0, 0.688546, 0.0, 0.0, 0.0, 1.0],
                [1.0, 0.0, 0.0, -5e-06, 0.0, 0.0, -1.0, 2.329665, 0.0, 1.0, 0.0, 0.688546, 0.0, 0.0, 0.0, 1.0],
                [1.0, 0.0, 0.0, -5e-06, 0.0, 0.0, -1.0, 2.332679, 0.0, 1.0, 0.0, 0.688546, 0.0, 0.0, 0.0, 1.0],
                [1.0, 0.0, 0.0, -5e-06, 0.0, 0.0, -1.0, 2.335092, 0.0, 1.0, 0.0, 0.688546, 0.0, 0.0, 0.0, 1.0],
                [1.0, 0.0, 0.0, -5e-06, 0.0, 0.0, -1.0, 2.336971, 0.0, 1.0, 0.0, 0.688546, 0.0, 0.0, 0.0, 1.0],
                [1.0, 0.0, 0.0, -5e-06, 0.0, 0.0, -1.0, 2.338384, 0.0, 1.0, 0.0, 0.688546, 0.0, 0.0, 0.0, 1.0],
                [1.0, 0.0, 0.0, -5e-06, 0.0, 0.0, -1.0, 2.339396, 0.0, 1.0, 0.0, 0.688546, 0.0, 0.0, 0.0, 1.0],
                [1.0, 0.0, 0.0, -5e-06, 0.0, 0.0, -1.0, 2.340074, 0.0, 1.0, 0.0, 0.688546, 0.0, 0.0, 0.0, 1.0],
                [1.0, 0.0, 0.0, -5e-06, 0.0, 0.0, -1.0, 2.340486, 0.0, 1.0, 0.0, 0.688546, 0.0, 0.0, 0.0, 1.0],
                [1.0, 0.0, 0.0, -5e-06, 0.0, 0.0, -1.0, 2.340697, 0.0, 1.0, 0.0, 0.688546, 0.0, 0.0, 0.0, 1.0],
                [1.0, 0.0, 0.0, -5e-06, 0.0, 0.0, -1.0, 2.340775, 0.0, 1.0, 0.0, 0.688546, 0.0, 0.0, 0.0, 1.0],
                [1.0, 0.0, 0.0, -5e-06, 0.0, 0.0, -1.0, 2.340786, 0.0, 1.0, 0.0, 0.688546, 0.0, 0.0, 0.0, 1.0]
            ]
        },
        {
            "name": "Thigh_R",
            "time": [0.0, 0.0167, 0.0333, 0.05, 0.0667, 0.0833, 0.1, 0.1167, 0.1333, 0.15, 0.1667, 0.1833, 0.2, 0.2167, 0.2333, 0.25, 0.2667, 0.2833, 0.3, 0.3167, 0.3333, 0.35, 0.3667, 0.3833, 0.4, 0.4167, 0.4333, 0.45, 0.4667, 0.4833, 0.5, 0.5167, 0.5333, 0.55, 0.5667, 0.5833, 0.6, 0.6167, 0.6333, 0.65, 0.6667, 0.6833, 0.7, 0.7167, 0.7333, 0.75, 0.7667, 0.7833, 0.8, 0.8667],
            "transform": [
                [0.998915, 0.042282, -0.019539, 0.124994, 0.038601, -0.986241, -0.16074, -0.002831, -0.026067, 0.159811, -0.986803, -1.2e-05, 0.0, 0.0, 0.0, 1.0],
                [0.998916, 0.042287, -0.019445, 0.124994, 0.039031, -0.988665, -0.144975, -0.002831, -0.025355, 0.144059, -0.989244, -1.2e-05, 0.0, 0.0, 0.0, 1.0],
                [0.99892, 0.042307, -0.019185, 0.124994, 0.040154, -0.994039, -0.101358, -0.002831, -0.023358, 0.100478, -0.994665, -1.2e-05, 0.0, 0.0, 0.0, 1.0],
                [0.998926, 0.042359, -0.018795, 0.124994, 0.041677, -0.998506, -0.035335, -0.002831, -0.020264, 0.034514, -0.999199, -1.2e-05, 0.0, 0.0, 0.0, 1.0],
                [0.99893, 0.04246, -0.018316, 0.124994, 0.043283, -0.99795, 0.047134, -0.002831, -0.016277, -0.047876, -0.998721, -1.2e-05, 0.0, 0.0, 0.0, 1.0],
                [0.998933, 0.04262, -0.01779, 0.124994, 0.044686, -0.989255, 0.139205, -0.002831, -0.011666, -0.139851, -0.990104, -1.2e-05, 0.0, 0.0, 0.0, 1.0],
                [0.998933, 0.042836, -0.017263, 0.124994, 0.045685, -0.971312, 0.233377, -0.002831, -0.006771, -0.233917, -0.972233, -1.2e-05, 0.0, 0.0, 0.0, 1.0],
                [0.99893, 0.043092, -0.016777, 0.124994, 0.0462, -0.945542, 0.322204, -0.002831, -0.001979, -0.322635, -0.946521, -1.2e-05, 0.0, 0.0, 0.0, 1.0],
                [0.998926, 0.043356, -0.016364, 0.124994, 0.046284, -0.915731, 0.399116, -0.002831, 0.002319, -0.399444, -0.916754, -1.2e-05, 0.0, 0.0, 0.0, 1.0],
                [0.99892, 0.043593, -0.01605, 0.124994, 0.046095, -0.887297, 0.458889, -0.002831, 0.005763, -0.459133, -0.888349, -1.2e-05, 0.0, 0.0, 0.0, 1.0],
                [0.998916, 0.043761, -0.015851, 0.124994, 0.045843, -0.866259, 0.497488, -0.002831, 0.00804, -0.497676, -0.867326, -1.2e-05, 0.0, 0.0, 0.0, 1.0],
                [0.998915, 0.043824, -0.01578, 0.124994, 0.045727, -0.858207, 0.511263, -0.002831, 0.008863, -0.511429, -0.85928, -1.2e-05, 0.0, 0.0, 0.0, 1.0],
                [0.998915, 0.043824, -0.01578, 0.124994, 0.045727, -0.858207, 0.511263, -0.002831, 0.008863, -0.511429, -0.85928, -1.2e-05, 0.0, 0.0, 0.0, 1.0],
                [0.998915, 0.043824, -0.01578, 0.124994, 0.045727, -0.858207, 0.511263, -0.002831, 0.008863, -0.511429, -0.85928, -1.2e-05, 0.0, 0.0, 0.0, 1.0],
                [0.998915, 0.043824, -0.01578, 0.124994, 0.045727, -0.858207, 0.511263, -0.002831, 0.008863, -0.511429, -0.85928, -1.2e-05, 0.0, 0.0, 0.0, 1.0],
                [0.998915, 0.043824, -0.01578, 0.124994, 0.045727, -0.858207, 0.511263, -0.002831, 0.008863, -0.511429, -0.85928, -1.2e-05, 0.0, 0.0, 0.0, 1.0],
                [0.998915, 0.043824, -0.01578, 0.124994, 0.045727, -0.858207, 0.511263, -0.002831, 0.008863, -0.511429, -0.85928, -1.2e-05, 0.0, 0.0, 0.0, 1.0],
                [0.998915, 0.043824, -0.01578, 0.124994, 0.045727, -0.858207, 0.511263, -0.002831, 0.008863, -0.511429, -0.85928, -1.2e-05, 0.0, 0.0, 0.0, 1.0],
                [0.998905, 0.044227, -0.015274, 0.124994, 0.046234, -0.882776, 0.467513, -0.002831, 0.007193, -0.467707, -0.883854, -1.2e-05, 0.0, 0.0, 0.0, 1.0],
                [0.998884, 0.045165, -0.013848, 0.124994, 0.047163, -0.936691, 0.346965, -0.002831, 0.002699, -0.34723, -0.937776, -1.2e-05, 0.0, 0.0, 0.0, 1.0],
                [0.998866, 0.046149, -0.011658, 0.124994, 0.047453, -0.984631, 0.168076, -0.002831, -0.003722, -0.168439, -0.985705, -1.2e-05, 0.0, 0.0, 0.0, 1.0],
                [0.998865, 0.046751, -0.009056, 0.124994, 0.046392, -0.998257, -0.036472, -0.002831, -0.010745, 0.03601, -0.999294, -1.2e-05, 0.0, 0.0, 0.0, 1.0],
                [0.998881, 0.046828, -0.006579, 0.124994, 0.044177, -0.973722, -0.223412, -0.002831, -0.016868, 0.222871, -0.974702, -1.2e-05, 0.0, 0.0, 0.0, 1.0],
                [0.998903, 0.046591, -0.004741, 0.124994, 0.041857, -0.933619, -0.355813, -0.002831, -0.021004, 0.355224, -0.934545, -1.2e-05, 0.0, 0.0, 0.0, 1.0],
                [0.998915, 0.046415, -0.0039, 0.124994, 0.040726, -0.910974, -0.410448, -0.002831, -0.022603, 0.409843, -0.911876, -1.2e-05, 0.0, 0.0, 0.0, 1.0],
                [0.998917, 0.046387, -0.003655, 0.124994, 0.040576, -0.906845, -0.419505, -0.002831, -0.022774, 0.418902, -0.907746, -1.2e-05, 0.0, 0.0, 0.0, 1.0],
                [0.998919, 0.046364, -0.00341, 0.124994, 0.040451, -0.90297, -0.427795, -0.002831, -0.022913, 0.427194, -0.90387, -1.2e-05, 0.0, 0.0, 0.0, 1.0],
                [0.99892, 0.046347, -0.003166, 0.124994, 0.040348, -0.899352, -0.43536, -0.002831, -0.023025, 0.434762, -0.900251, -1.2e-05, 0.0, 0.0, 0.0, 1.0],
                [0.998922, 0.046336, -0.002923, 0.124994, 0.040267, -0.895991, -0.442242, -0.002831, -0.023111, 0.441648, -0.896891, -1.2e-05, 0.0, 0.0, 0.0, 1.0],
                [0.998923, 0.046329, -0.002684, 0.124994, 0.040207, -0.892887, -0.448481, -0.002831, -0.023174, 0.44789, -0.893788, -1.2e-05, 0.0, 0.0, 0.0, 1.0],
                [0.998923, 0.046327, -0.002447, 0.124994, 0.040165, -0.890037, -0.454114, -0.002831, -0.023216, 0.453527, -0.89094, -1.2e-05, 0.0, 0.0, 0.0, 1.0],
                [0.998924, 0.046329, -0.002215, 0.124994, 0.04014, -0.887437, -0.459178, -0.002831, -0.023239, 0.458595, -0.888342, -1.2e-05, 0.0, 0.0, 0.0, 1.0],
                [0.998924, 0.046335, -0.001988, 0.124994, 0.040131, -0.885079, -0.463707, -0.002831, -0.023245, 0.463128, -0.885987, -1.2e-05, 0.0, 0.0, 0.0, 1.0],
                [0.998924, 0.046344, -0.001767, 0.124994, 0.040137, -0.882957, -0.467734, -0.002831, -0.023237, 0.46716, -0.883867, -1.2e-05, 0.0, 0.0, 0.0, 1.0],
                [0.998924, 0.046356, -0.001553, 0.124994, 0.040154, -0.881062, -0.471293, -0.002831, -0.023215, 0.470723, -0.881975, -1.2e-05, 0.0, 0.0, 0.0, 1.0],
                [0.998923, 0.046371, -0.001346, 0.124994, 0.040183, -0.879384, -0.474414, -0.002831, -0.023183, 0.473849, -0.880301, -1.2e-05, 0.0, 0.0, 0.0, 1.0],
                [0.998923, 0.046388, -0.001149, 0.124994, 0.04022, -0.877913, -0.477127, -0.002831, -0.023141, 0.476567, -0.878834, -1.2e-05, 0.0, 0.0, 0.0, 1.0],
                [0.998922, 0.046407, -0.000961, 0.124994, 0.040265, -0.876638, -0.479463, -0.002831, -0.023093, 0.478907, -0.877562, -1.2e-05, 0.0, 0.0, 0.0, 1.0],
                [0.998921, 0.046427, -0.000784, 0.124994, 0.040315, -0.875546, -0.48145, -0.002831, -0.023039, 0.480899, -0.876473, -1.2e-05, 0.0, 0.0, 0.0, 1.0],
                [0.998921, 0.046448, -0.000619, 0.124994, 0.040369, -0.874624, -0.483117, -0.002831, -0.022981, 0.48257, -0.875556, -1.2e-05, 0.0, 0.0, 0.0, 1.0],
                [0.99892, 0.046468, -0.000467, 0.124994, 0.040425, -0.873861, -0.484492, -0.002831, -0.022921, 0.48395, -0.874796, -1.2e-05, 0.0, 0.0, 0.0, 1.0],
                [0.998919, 0.046489, -0.000328, 0.124994, 0.040481, -0.873242, -0.485603, -0.002831, -0.022862, 0.485065, -0.874179, -1.2e-05, 0.0, 0.0, 0.0, 1.0],
                [0.998918, 0.046509, -0.000205, 0.124994, 0.040535, -0.872752, -0.486477, -0.002831, -0.022805, 0.485942, -0.873693, -1.2e-05, 0.0, 0.0, 0.0, 1.0],
                [0.998917, 0.046528, -9.8e-05, 0.124994, 0.040586, -0.872379, -0.487142, -0.002831, -0.022751, 0.486611, -0.873323, -1.2e-05, 0.0, 0.0, 0.0, 1.0],
                [0.998916, 0.046544, -8e-06, 0.124994, 0.040632, -0.872107, -0.487625, -0.002831, -0.022703, 0.487096, -0.873053, -1.2e-05, 0.0, 0.0, 0.0, 1.0],
                [0.998916, 0.046558, 6.4e-05, 0.124994, 0.04067, -0.871921, -0.487954, -0.002831, -0.022662, 0.487427, -0.87287, -1.2e-05, 0.0, 0.0, 0.0, 1.0],
                [0.998915, 0.046569, 0.000117, 0.124994, 0.0407, -0.871808, -0.488154, -0.002831, -0.022631, 0.48763, -0.872757, -1.2e-05, 0.0, 0.0, 0.0, 1.0],
                [0.998915, 0.046576, 0.000149, 0.124994, 0.04072, -0.87175, -0.488255, -0.002831, -0.022611, 0.487731, -0.872701, -1.2e-05, 0.0, 0.0, 0.0, 1.0],
                [0.998915, 0.046578, 0.00016, 0.124994, 0.040726, -0.871735, -0.488282, -0.002831, -0.022603, 0.487759, -0.872686, -1.2e-05, 0.0, 0.0, 0.0, 1.0],
                [0.998915, 0.046578, 0.00016, 0.124994, 0.040726, -0.871735, -0.488282, -0.002831, -0.022603, 0.487759, -0.872686, -1.2e-05, 0.0, 0.0, 0.0, 1.0]
            ]
        },
        {
            "name": "Leg_R",
            "time": [0.0, 0.0167, 0.0333, 0.05, 0.0667, 0.0833, 0.1, 0.1167, 0.1333, 0.15, 0.1667, 0.1833, 0.2, 0.2167, 0.2333, 0.25, 0.2667, 0.2833, 0.3, 0.3167, 0.3333, 0.35, 0.3667, 0.3833, 0.4, 0.4167, 0.4333, 0.45, 0.4667, 0.4833, 0.5, 0.5167, 0.5333, 0.55, 0.5667, 0.5833, 0.6, 0.6167, 0.6333, 0.65, 0.6667, 0.6833, 0.7, 0.7167, 0.7333, 0.75, 0.7667, 0.7833, 0.8, 0.8667],
            "transform": [
                [1.0, 1e-06, 1e-06, -0.0, -1e-06, 0.999995, 0.00307, 0.37472, -1e-06, -0.00307, 0.999995, -0.0, 0.0, 0.0, 0.0, 1.0],
                [1.0, -0.000208, -0.000521, -0.0, 0.000215, 0.999914, 0.013144, 0.37472, 0.000518, -0.013144, 0.999913, 0.0, 0.0, 0.0, 0.0, 1.0],
                [0.999998, -0.000755, -0.001964, -0.0, 0.000835, 0.999167, 0.040809, 0.37472, 0.001932, -0.04081, 0.999165, 0.0, 0.0, 0.0, 0.0, 1.0],
                [0.99999, -0.0015, -0.004154, -0.0, 0.001836, 0.996614, 0.082203, 0.37472, 0.004017, -0.08221, 0.996607, -0.0, 0.0, 0.0, 0.0, 1.0],
                [0.999973, -0.002296, -0.00691, -0.0, 0.003197, 0.991067, 0.13333, 0.37472, 0.006542, -0.133348, 0.991048, -0.0, 0.0, 0.0, 0.0, 1.0],
                [0.999945, -0.003016, -0.010033, -0.0, 0.004868, 0.981768, 0.190023, 0.37472, 0.009276, -0.190061, 0.981728, 0.0, 0.0, 0.0, 0.0, 1.0],
                [0.999905, -0.003572, -0.013303, 0.0, 0.00676, 0.968726, 0.248041, 0.37472, 0.012001, -0.248107, 0.968658, -0.0, 0.0, 0.0, 0.0, 1.0],
                [0.999856, -0.003923, -0.016488, 0.0, 0.008739, 0.952871, 0.30325, 0.37472, 0.014521, -0.303351, 0.952768, 0.0, 0.0, 0.0, 0.0, 1.0],
                [0.999804, -0.004082, -0.019352, -0.0, 0.010631, 0.936009, 0.351816, 0.37472, 0.016677, -0.351953, 0.935869, 0.0, 0.0, 0.0, 0.0, 1.0],
                [0.999757, -0.004102, -0.021664, 0.0, 0.012235, 0.920606, 0.390302, 0.37472, 0.018343, -0.390472, 0.920432, -0.0, 0.0, 0.0, 0.0, 1.0],
                [0.999723, -0.004062, -0.023207, -0.0, 0.013343, 0.909445, 0.41561, 0.37472, 0.019417, -0.415804, 0.909247, 0.0, 0.0, 0.0, 0.0, 1.0],
                [0.999709, -0.004037, -0.023768, -0.0, 0.013754, 0.905209, 0.424744, 0.37472, 0.0198, -0.424947, 0.905001, -0.0, 0.0, 0.0, 0.0, 1.0],
                [0.999709, -0.004037, -0.023768, -0.0, 0.013754, 0.905209, 0.424744, 0.37472, 0.0198, -0.424947, 0.905001, -0.0, 0.0, 0.0, 0.0, 1.0],
                [0.999709, -0.004037, -0.023768, -0.0, 0.013754, 0.905209, 0.424744, 0.37472, 0.0198, -0.424947, 0.905001, 0.0, 0.0, 0.0, 0.0, 1.0],
                [0.999709, -0.004037, -0.023768, -0.0, 0.013754, 0.905209, 0.424744, 0.37472, 0.0198, -0.424947, 0.905001, -0.0, 0.0, 0.0, 0.0, 1.0],
                [0.999709, -0.004037, -0.023768, -0.0, 0.013754, 0.905209, 0.424744, 0.37472, 0.0198, -0.424947, 0.905001, 0.0, 0.0, 0.0, 0.0, 1.0],
                [0.999709, -0.004037, -0.023768, -0.0, 0.013754, 0.905209, 0.424744, 0.37472, 0.0198, -0.424947, 0.905001, -0.0, 0.0, 0.0, 0.0, 1.0],
                [0.999709, -0.004037, -0.023768, -0.0, 0.013754, 0.905209, 0.424744, 0.37472, 0.0198, -0.424947, 0.905001, 0.0, 0.0, 0.0, 0.0, 1.0],
                [0.999709, -0.004037, -0.023768, 0.0, 0.013754, 0.905209, 0.424744, 0.37472, 0.0198, -0.424947, 0.905001, -0.0, 0.0, 0.0, 0.0, 1.0],
                [0.999709, -0.004037, -0.023768, -0.0, 0.013754, 0.905209, 0.424744, 0.37472, 0.0198, -0.424947, 0.905002, -0.0, 0.0, 0.0, 0.0, 1.0],
                [0.999709, -0.004037, -0.023768, -0.0, 0.013754, 0.905209, 0.424744, 0.37472, 0.0198, -0.424947, 0.905002, 0.0, 0.0, 0.0, 0.0, 1.0],
                [0.999709, -0.004037, -0.023768, 0.0, 0.013754, 0.905209, 0.424744, 0.37472, 0.0198, -0.424947, 0.905002, 0.0, 0.0, 0.0, 0.0, 1.0],
                [0.999709, -0.004037, -0.023768, -0.0, 0.013754, 0.905209, 0.424744, 0.37472, 0.0198, -0.424947, 0.905002, -0.0, 0.0, 0.0, 0.0, 1.0],
                [0.999709, -0.004037, -0.023768, -0.0, 0.013754, 0.905209, 0.424744, 0.37472, 0.0198, -0.424947, 0.905002, 0.0, 0.0, 0.0, 0.0, 1.0],
                [0.999709, -0.004037, -0.023768, -0.0, 0.013754, 0.905209, 0.424744, 0.37472, 0.0198, -0.424947, 0.905002, 0.0, 0.0, 0.0, 0.0, 1.0],
                [0.999709, -0.004027, -0.02377, 0.0, 0.013754, 0.905021, 0.425144, 0.37472, 0.0198, -0.425347, 0.904814, 0.0, 0.0, 0.0, 0.0, 1.0],
                [0.999709, -0.003996, -0.023775, 0.0, 0.013754, 0.904479, 0.426297, 0.37472, 0.0198, -0.4265, 0.904271, 0.0, 0.0, 0.0, 0.0, 1.0],
                [0.999709, -0.003948, -0.023783, -0.0, 0.013754, 0.903611, 0.428134, 0.37472, 0.0198, -0.428337, 0.903402, 0.0, 0.0, 0.0, 0.0, 1.0],
                [0.999709, -0.003884, -0.023793, -0.0, 0.013754, 0.902445, 0.430585, 0.37472, 0.0198, -0.430787, 0.902236, 0.0, 0.0, 0.0, 0.0, 1.0],
                [0.999709, -0.003805, -0.023806, 0.0, 0.013754, 0.901011, 0.433579, 0.37472, 0.0198, -0.43378, 0.900801, -0.0, 0.0, 0.0, 0.0, 1.0],
                [0.999709, -0.003713, -0.023821, -0.0, 0.013754, 0.899335, 0.437045, 0.37472, 0.0198, -0.437245, 0.899124, -0.0, 0.0, 0.0, 0.0, 1.0],
                [0.999709, -0.00361, -0.023836, 0.0, 0.013754, 0.897445, 0.440912, 0.37472, 0.0198, -0.441112, 0.897234, -0.0, 0.0, 0.0, 0.0, 1.0],
                [0.999709, -0.003499, -0.023853, 0.0, 0.013754, 0.89537, 0.445111, 0.37472, 0.0198, -0.44531, 0.895158, 0.0, 0.0, 0.0, 0.0, 1.0],
                [0.999709, -0.00338, -0.02387, -0.0, 0.013754, 0.893139, 0.449571, 0.37472, 0.0198, -0.449769, 0.892926, -0.0, 0.0, 0.0, 0.0, 1.0],
                [0.999709, -0.003255, -0.023888, 0.0, 0.013754, 0.890782, 0.454223, 0.37472, 0.0198, -0.454419, 0.890568, -0.0, 0.0, 0.0, 0.0, 1.0],
                [0.999709, -0.003127, -0.023905, 0.0, 0.013754, 0.888332, 0.458996, 0.37472, 0.0198, -0.459192, 0.888117, 0.0, 0.0, 0.0, 0.0, 1.0],
                [0.999709, -0.002997, -0.023921, -0.0, 0.013754, 0.885821, 0.463824, 0.37472, 0.0198, -0.464018, 0.885604, 0.0, 0.0, 0.0, 0.0, 1.0],
                [0.999709, -0.002866, -0.023937, 0.0, 0.013754, 0.883283, 0.468638, 0.37472, 0.0198, -0.468831, 0.883066, 0.0, 0.0, 0.0, 0.0, 1.0],
                [0.999709, -0.002738, -0.023952, 0.0, 0.013754, 0.880755, 0.473372, 0.37472, 0.0198, -0.473564, 0.880537, 0.0, 0.0, 0.0, 0.0, 1.0],
                [0.999709, -0.002613, -0.023966, 0.0, 0.013754, 0.878275, 0.477958, 0.37472, 0.0198, -0.478149, 0.878055, 0.0, 0.0, 0.0, 0.0, 1.0],
                [0.999709, -0.002493, -0.023979, 0.0, 0.013754, 0.87588, 0.482333, 0.37472, 0.0198, -0.482522, 0.87566, -0.0, 0.0, 0.0, 0.0, 1.0],
                [0.999709, -0.002381, -0.02399, 0.0, 0.013754, 0.873611, 0.48643, 0.37472, 0.0198, -0.486619, 0.87339, 0.0, 0.0, 0.0, 0.0, 1.0],
                [0.999709, -0.002278, -0.024, 0.0, 0.013754, 0.871509, 0.490187, 0.37472, 0.0198, -0.490374, 0.871287, -0.0, 0.0, 0.0, 0.0, 1.0],
                [0.999709, -0.002185, -0.024009, 0.0, 0.013754, 0.869615, 0.493539, 0.37472, 0.0198, -0.493725, 0.869392, 0.0, 0.0, 0.0, 0.0, 1.0],
                [0.999709, -0.002106, -0.024016, 0.0, 0.013754, 0.867972, 0.496423, 0.37472, 0.0198, -0.496609, 0.867749, 0.0, 0.0, 0.0, 0.0, 1.0],
                [0.999709, -0.00204, -0.024022, -0.0, 0.013754, 0.866621, 0.498777, 0.37472, 0.0198, -0.498962, 0.866398, -0.0, 0.0, 0.0, 0.0, 1.0],
                [0.999709, -0.001992, -0.024026, 0.0, 0.013754, 0.865606, 0.500537, 0.37472, 0.0198, -0.500722, 0.865382, -0.0, 0.0, 0.0, 0.0, 1.0],
                [0.999709, -0.001961, -0.024028, -0.0, 0.013754, 0.864967, 0.50164, 0.37472, 0.0198, -0.501824, 0.864743, 0.0, 0.0, 0.0, 0.0, 1.0],
                [0.999709, -0.00195, -0.024029, 0.0, 0.013754, 0.864746, 0.502022, 0.37472, 0.0198, -0.502206, 0.864521, 0.0, 0.0, 0.0, 0.0, 1.0],
                [0.999709, -0.00195, -0.024029, 0.0, 0.013754, 0.864746, 0.502022, 0.37472, 0.0198, -0.502206, 0.864521, 0.0, 0.0, 0.0, 0.0, 1.0]
            ]
        },
        {
            "name": "Knee_R",
            "time": [0.0, 0.0167, 0.0333, 0.05, 0.0667, 0.0833, 0.1, 0.1167, 0.1333, 0.15, 0.1667, 0.1833, 0.2, 0.2167, 0.2333, 0.25, 0.2667, 0.2833, 0.3, 0.3167, 0.3333, 0.35, 0.3667, 0.3833, 0.4, 0.8667],
            "transform": [
                [1.0, 0.0, -0.0, -0.0, -0.0, 0.0, -1.0, 0.37472, -0.0, 1.0, 0.0, -0.0, 0.0, 0.0, 0.0, 1.0],
                [1.0, 0.0, -0.0, -0.0, -0.0, 0.0, -1.0, 0.37472, -0.0, 1.0, 0.0, 0.0, 0.0, 0.0, 0.0, 1.0],
                [1.0, 0.0, -0.0, -0.0, -0.0, 0.0, -1.0, 0.37472, -0.0, 1.0, 0.0, 0.0, 0.0, 0.0, 0.0, 1.0],
                [1.0, 0.0, -0.0, -0.0, -0.0, 0.0, -1.0, 0.37472, -0.0, 1.0, 0.0, -0.0, 0.0, 0.0, 0.0, 1.0],
                [1.0, 0.0, -0.0, -0.0, -0.0, 0.0, -1.0, 0.37472, -0.0, 1.0, 0.0, -0.0, 0.0, 0.0, 0.0, 1.0],
                [1.0, 0.0, -0.0, -0.0, -0.0, 0.0, -1.0, 0.37472, -0.0, 1.0, 0.0, 0.0, 0.0, 0.0, 0.0, 1.0],
                [1.0, 0.0, -0.0, 0.0, -0.0, 0.0, -1.0, 0.37472, -0.0, 1.0, 0.0, -0.0, 0.0, 0.0, 0.0, 1.0],
                [1.0, 0.0, -0.0, 0.0, -0.0, 0.0, -1.0, 0.37472, -0.0, 1.0, 0.0, 0.0, 0.0, 0.0, 0.0, 1.0],
                [1.0, 0.0, -0.0, -0.0, -0.0, 0.0, -1.0, 0.37472, -0.0, 1.0, 0.0, 0.0, 0.0, 0.0, 0.0, 1.0],
                [1.0, 0.0, -0.0, 0.0, -0.0, 0.0, -1.0, 0.37472, -0.0, 1.0, 0.0, -0.0, 0.0, 0.0, 0.0, 1.0],
                [1.0, 0.0, -0.0, -0.0, -0.0, 0.0, -1.0, 0.37472, -0.0, 1.0, 0.0, 0.0, 0.0, 0.0, 0.0, 1.0],
                [1.0, 0.0, -0.0, -0.0, -0.0, 0.0, -1.0, 0.37472, -0.0, 1.0, 0.0, -0.0, 0.0, 0.0, 0.0, 1.0],
                [1.0, 0.0, -0.0, -0.0, -0.0, 0.0, -1.0, 0.37472, -0.0, 1.0, 0.0, -0.0, 0.0, 0.0, 0.0, 1.0],
                [1.0, 0.0, -0.0, -0.0, -0.0, 0.0, -1.0, 0.37472, -0.0, 1.0, 0.0, 0.0, 0.0, 0.0, 0.0, 1.0],
                [1.0, 0.0, -0.0, -0.0, -0.0, 0.0, -1.0, 0.37472, -0.0, 1.0, 0.0, -0.0, 0.0, 0.0, 0.0, 1.0],
                [1.0, 0.0, -0.0, -0.0, -0.0, 0.0, -1.0, 0.37472, -0.0, 1.0, 0.0, 0.0, 0.0, 0.0, 0.0, 1.0],
                [1.0, 0.0, -0.0, -0.0, -0.0, 0.0, -1.0, 0.37472, -0.0, 1.0, 0.0, -0.0, 0.0, 0.0, 0.0, 1.0],
                [1.0, 0.0, -0.0, -0.0, -0.0, 0.0, -1.0, 0.37472, -0.0, 1.0, 0.0, 0.0, 0.0, 0.0, 0.0, 1.0],
                [1.0, 0.0, -0.0, 0.0, -0.0, 0.0, -1.0, 0.37472, -0.0, 1.0, 0.0, -0.0, 0.0, 0.0, 0.0, 1.0],
                [1.0, 0.0, -0.0, -0.0, -0.0, 0.0, -1.0, 0.37472, -0.0, 1.0, 0.0, -0.0, 0.0, 0.0, 0.0, 1.0],
                [1.0, 0.0, -0.0, -0.0, -0.0, 0.0, -1.0, 0.37472, -0.0, 1.0, 0.0, 0.0, 0.0, 0.0, 0.0, 1.0],
                [1.0, 0.0, -0.0, 0.0, -0.0, 0.0, -1.0, 0.37472, -0.0, 1.0, 0.0, 0.0, 0.0, 0.0, 0.0, 1.0],
                [1.0, 0.0, -0.0, -0.0, -0.0, 0.0, -1.0, 0.37472, -0.0, 1.0, 0.0, -0.0, 0.0, 0.0, 0.0, 1.0],
                [1.0, 0.0, -0.0, -0.0, -0.0, 0.0, -1.0, 0.37472, -0.0, 1.0, 0.0, 0.0, 0.0, 0.0, 0.0, 1.0],
                [1.0, 0.0, -0.0, -0.0, -0.0, 0.0, -1.0, 0.37472, -0.0, 1.0, 0.0, 0.0, 0.0, 0.0, 0.0, 1.0],
                [1.0, 0.0, -0.0, 0.0, -0.0, 0.0, -1.0, 0.37472, -0.0, 1.0, 0.0, 0.0, 0.0, 0.0, 0.0, 1.0]
            ]
        },
        {
            "name": "Thigh_L",
            "time": [0.0, 0.0167, 0.0333, 0.05, 0.0667, 0.0833, 0.1, 0.1167, 0.1333, 0.15, 0.1667, 0.1833, 0.2, 0.2167, 0.2333, 0.25, 0.2667, 0.2833, 0.3, 0.3167, 0.3333, 0.35, 0.3667, 0.3833, 0.4, 0.4167, 0.4333, 0.45, 0.4667, 0.4833, 0.5, 0.5167, 0.5333, 0.55, 0.5667, 0.5833, 0.6, 0.6167, 0.6333, 0.65, 0.6667, 0.6833, 0.7, 0.7167, 0.7333, 0.75, 0.7667, 0.7833, 0.8, 0.8667],
            "transform": [
                [1.0, -0.0, -0.0, -0.125006, -0.0, -0.906307, 0.422618, -0.002831, -0.0, -0.422619, -0.906308, -1.2e-05, 0.0, 0.0, 0.0, 1.0],
                [1.0, -0.0, -0.0, -0.125006, -0.0, -0.912144, 0.409869, -0.002831, -0.0, -0.409869, -0.912144, -1.2e-05, 0.0, 0.0, 0.0, 1.0],
                [1.0, -0.0, -0.0, -0.125006, -0.0, -0.927279, 0.37437, -0.002831, -0.0, -0.374371, -0.927279, -1.2e-05, 0.0, 0.0, 0.0, 1.0],
                [1.0, -0.0, -0.0, -0.125006, -0.0, -0.947423, 0.319982, -0.002831, -0.0, -0.319982, -0.947424, -1.2e-05, 0.0, 0.0, 0.0, 1.0],
                [1.0, -0.0, -0.0, -0.125006, -0.0, -0.968027, 0.250846, -0.002831, -0.0, -0.250846, -0.968027, -1.2e-05, 0.0, 0.0, 0.0, 1.0],
                [1.0, -0.0, -0.0, -0.125006, -0.0, -0.985115, 0.171897, -0.002831, -0.0, -0.171897, -0.985115, -1.2e-05, 0.0, 0.0, 0.0, 1.0],
                [1.0, -0.0, -0.0, -0.125006, -0.0, -0.996038, 0.088927, -0.002831, -0.0, -0.088927, -0.996038, -1.2e-05, 0.0, 0.0, 0.0, 1.0],
                [1.0, -0.0, -0.0, -0.125006, -0.0, -0.999966, 0.008246, -0.002831, -0.0, -0.008246, -0.999966, -1.2e-05, 0.0, 0.0, 0.0, 1.0],
                [1.0, -0.0, -0.0, -0.125006, -0.0, -0.997958, -0.063867, -0.002831, -0.0, 0.063867, -0.997958, -1.2e-05, 0.0, 0.0, 0.0, 1.0],
                [1.0, -0.0, -0.0, -0.125006, -0.0, -0.992577, -0.121616, -0.002831, -0.0, 0.121616, -0.992577, -1.2e-05, 0.0, 0.0, 0.0, 1.0],
                [1.0, -0.0, -0.0, -0.125006, -0.0, -0.987146, -0.159822, -0.002831, -0.0, 0.159822, -0.987146, -1.2e-05, 0.0, 0.0, 0.0, 1.0],
                [1.0, -0.0, -0.0, -0.125006, -0.0, -0.984808, -0.173648, -0.002831, -0.0, 0.173648, -0.984808, -1.2e-05, 0.0, 0.0, 0.0, 1.0],
                [1.0, -0.0, -0.0, -0.125006, -0.0, -0.984808, -0.173648, -0.002831, -0.0, 0.173648, -0.984808, -1.2e-05, 0.0, 0.0, 0.0, 1.0],
                [1.0, -0.0, -0.0, -0.125006, -0.0, -0.984808, -0.173648, -0.002831, -0.0, 0.173648, -0.984808, -1.2e-05, 0.0, 0.0, 0.0, 1.0],
                [1.0, -0.0, -0.0, -0.125006, -0.0, -0.984808, -0.173648, -0.002831, -0.0, 0.173648, -0.984808, -1.2e-05, 0.0, 0.0, 0.0, 1.0],
                [1.0, -0.0, -0.0, -0.125006, -0.0, -0.984808, -0.173648, -0.002831, -0.0, 0.173648, -0.984808, -1.2e-05, 0.0, 0.0, 0.0, 1.0],
                [1.0, -0.0, -0.0, -0.125006, -0.0, -0.984808, -0.173648, -0.002831, -0.0, 0.173648, -0.984808, -1.2e-05, 0.0, 0.0, 0.0, 1.0],
                [1.0, -0.0, -0.0, -0.125006, -0.0, -0.984808, -0.173648, -0.002831, -0.0, 0.173648, -0.984808, -1.2e-05, 0.0, 0.0, 0.0, 1.0],
                [1.0, -0.0, -0.0, -0.125006, -0.0, -0.99173, -0.128338, -0.002831, -0.0, 0.128339, -0.99173, -1.2e-05, 0.0, 0.0, 0.0, 1.0],
                [1.0, -0.0, -0.0, -0.125006, -0.0, -0.999964, -0.008411, -0.002831, -0.0, 0.008411, -0.999965, -1.2e-05, 0.0, 0.0, 0.0, 1.0],
                [1.0, -1e-06, -0.0, -0.125006, -0.0, -0.987283, 0.158972, -0.002831, -0.0, -0.158972, -0.987283, -1.2e-05, 0.0, 0.0, 0.0, 1.0],
                [1.0, -1e-06, -0.0, -0.125006, -0.0, -0.940948, 0.338552, -0.002831, -0.0, -0.338552, -0.940948, -1.2e-05, 0.0, 0.0, 0.0, 1.0],
                [1.0, -1e-06, -0.0, -0.125006, -0.0, -0.869515, 0.493906, -0.002831, -0.0, -0.493906, -0.869515, -1.2e-05, 0.0, 0.0, 0.0, 1.0],
                [1.0, -1e-06, -0.0, -0.125006, -0.0, -0.800281, 0.599625, -0.002831, -0.0, -0.599625, -0.800281, -1.2e-05, 0.0, 0.0, 0.0, 1.0],
                [1.0, -0.0, -0.0, -0.125006, -0.0, -0.766044, 0.642788, -0.002831, -0.0, -0.642788, -0.766044, -1.2e-05, 0.0, 0.0, 0.0, 1.0],
                [1.0, -0.0, -0.0, -0.125006, -0.0, -0.75928, 0.650764, -0.002831, -0.0, -0.650764, -0.75928, -1.2e-05, 0.0, 0.0, 0.0, 1.0],
                [1.0, -0.0, -0.0, -0.125006, -0.0, -0.753006, 0.658014, -0.002831, -0.0, -0.658014, -0.753006, -1.2e-05, 0.0, 0.0, 0.0, 1.0],
                [1.0, -0.0, -0.0, -0.125006, -0.0, -0.747215, 0.664582, -0.002831, -0.0, -0.664582, -0.747215, -1.2e-05, 0.0, 0.0, 0.0, 1.0],
                [1.0, -0.0, -0.0, -0.125006, -0.0, -0.7419, 0.67051, -0.002831, -0.0, -0.67051, -0.741901, -1.2e-05, 0.0, 0.0, 0.0, 1.0],
                [1.0, -0.0, -0.0, -0.125006, -0.0, -0.737051, 0.675837, -0.002831, -0.0, -0.675837, -0.737051, -1.2e-05, 0.0, 0.0, 0.0, 1.0],
                [1.0, -0.0, -0.0, -0.125006, -0.0, -0.732653, 0.680602, -0.002831, -0.0, -0.680602, -0.732653, -1.2e-05, 0.0, 0.0, 0.0, 1.0],
                [1.0, -0.0, -0.0, -0.125006, -0.0, -0.728692, 0.684841, -0.002831, -0.0, -0.684841, -0.728692, -1.2e-05, 0.0, 0.0, 0.0, 1.0],
                [1.0, -0.0, -0.0, -0.125006, -0.0, -0.72515, 0.688591, -0.002831, -0.0, -0.688591, -0.72515, -1.2e-05, 0.0, 0.0, 0.0, 1.0],
                [1.0, -0.0, -0.0, -0.125006, -0.0, -0.722008, 0.691884, -0.002831, -0.0, -0.691884, -0.722008, -1.2e-05, 0.0, 0.0, 0.0, 1.0],
                [1.0, -0.0, -0.0, -0.125006, -0.0, -0.719246, 0.694755, -0.002831, -0.0, -0.694755, -0.719247, -1.2e-05, 0.0, 0.0, 0.0, 1.0],
                [1.0, -0.0, -0.0, -0.125006, -0.0, -0.716843, 0.697234, -0.002831, -0.0, -0.697234, -0.716843, -1.2e-05, 0.0, 0.0, 0.0, 1.0],
                [1.0, -0.0, -0.0, -0.125006, -0.0, -0.714776, 0.699353, -0.002831, -0.0, -0.699353, -0.714776, -1.2e-05, 0.0, 0.0, 0.0, 1.0],
                [1.0, -0.0, -0.0, -0.125006, -0.0, -0.713021, 0.701142, -0.002831, -0.0, -0.701142, -0.713022, -1.2e-05, 0.0, 0.0, 0.0, 1.0],
                [1.0, -0.0, -0.0, -0.125006, -0.0, -0.711555, 0.70263, -0.002831, -0.0, -0.70263, -0.711555, -1.2e-05, 0.0, 0.0, 0.0, 1.0],
                [1.0, -0.0, -0.0, -0.125006, -0.0, -0.710352, 0.703846, -0.002831, -0.0, -0.703846, -0.710352, -1.2e-05, 0.0, 0.0, 0.0, 1.0],
                [1.0, -0.0, -0.0, -0.125006, -0.0, -0.709388, 0.704818, -0.002831, -0.0, -0.704818, -0.709388, -1.2e-05, 0.0, 0.0, 0.0, 1.0],
