{
    "armature": {
        "joints": ["Root", "Thigh_R", "Leg_R", "Knee_R", "Thigh_L", "Leg_L", "Knee_L", "Torso", "Chest", "Head", "Shoulder_R", "Arm_R", "Hand_R", "Tool_R", "Elbow_R", "Shoulder_L", "Arm_L", "Hand_L", "Tool_L", "Elbow_L"],
        "hierarchy": [
            {
                "name": "Root",
                "transform": [1.0, 0.0, 0.0, -5e-06, 0.0, 0.0, -1.0, 0.000946, 0.0, 1.0, 0.0, 0.763972, 0.0, 0.0, 0.0, 1.0],
                "children": [
                    {
                        "name": "Thigh_R",
                        "transform": [1.0, -0.0, -0.0, 0.124994, -0.0, -1.0, 0.0, -0.002831, -0.0, -0.0, -1.0, -1.2e-05, 0.0, 0.0, 0.0, 1.0],
                        "children": [
                            {
                                "name": "Leg_R",
                                "transform": [1.0, 0.0, 1e-06, 0.0, -0.0, 1.0, 0.0, 0.37472, -1e-06, -0.0, 1.0, -0.0, 0.0, 0.0, 0.0, 1.0],
                                "children": []
                            },
                            {
                                "name": "Knee_R",
                                "transform": [1.0, 0.0, -0.0, 0.0, -0.0, 0.0, -1.0, 0.37472, -0.0, 1.0, 0.0, -0.0, 0.0, 0.0, 0.0, 1.0],
                                "children": []
                            }
                        ]
                    },
                    {
                        "name": "Thigh_L",
                        "transform": [1.0, -0.0, -0.0, -0.125006, -0.0, -1.0, 0.0, -0.002831, -0.0, -0.0, -1.0, -1.2e-05, 0.0, 0.0, 0.0, 1.0],
                        "children": [
                            {
                                "name": "Leg_L",
                                "transform": [1.0, 0.0, 1e-06, -0.0, -0.0, 1.0, 0.0, 0.37472, -1e-06, -0.0, 1.0, 0.0, 0.0, 0.0, 0.0, 1.0],
                                "children": []
                            },
                            {
                                "name": "Knee_L",
                                "transform": [1.0, 0.0, -0.0, -0.0, -0.0, 0.0, -1.0, 0.37472, -0.0, 1.0, 0.0, 0.0, 0.0, 0.0, 0.0, 1.0],
                                "children": []
                            }
                        ]
                    },
                    {
                        "name": "Torso",
                        "transform": [1.0, 0.0, 0.0, 0.0, 0.0, 1.0, 0.0, 0.05, 0.0, 0.0, 1.0, 0.0, 0.0, 0.0, 0.0, 1.0],
                        "children": [
                            {
                                "name": "Chest",
                                "transform": [1.0, 0.0, 0.0, 0.0, 0.0, 1.0, 0.0, 0.3, 0.0, 0.0, 1.0, 0.0, 0.0, 0.0, 0.0, 1.0],
                                "children": [
                                    {
                                        "name": "Head",
                                        "transform": [1.0, 0.0, 0.0, 0.0, 0.0, 1.0, 0.0, 0.4, 0.0, 0.0, 1.0, 0.0, 0.0, 0.0, 0.0, 1.0],
                                        "children": []
                                    },
                                    {
                                        "name": "Shoulder_R",
                                        "transform": [0.0, 0.952114, 0.305743, 0.0, 0.0, -0.305743, 0.952114, 0.4, 1.0, 0.0, -0.0, 0.0, 0.0, 0.0, 0.0, 1.0],
                                        "children": [
                                            {
                                                "name": "Arm_R",
                                                "transform": [0.0, -0.0, -1.0, -0.0, 0.952114, 0.305743, 0.0, 0.39386, 0.305743, -0.952114, 0.0, 0.0, 0.0, 0.0, 0.0, 1.0],
                                                "children": [
                                                    {
                                                        "name": "Hand_R",
                                                        "transform": [1.0, 0.0, 0.0, 0.0, -0.0, 0.993938, 0.109947, 0.3, -0.0, -0.109947, 0.993937, 0.0, 0.0, 0.0, 0.0, 1.0],
                                                        "children": [
                                                            {
                                                                "name": "Tool_R",
                                                                "transform": [1.0, 0.0, 0.0, -0.0, 0.0, -0.999836, 0.018122, 0.272858, 0.0, -0.018122, -0.999836, 0.0, 0.0, 0.0, 0.0, 1.0],
                                                                "children": []
                                                            }
                                                        ]
                                                    },
                                                    {
                                                        "name": "Elbow_R",
                                                        "transform": [-1.0, 0.0, -0.0, 0.0, 0.0, 0.0, -1.0, 0.3, -0.0, -1.0, -0.0, 0.0, 0.0, 0.0, 0.0, 1.0],
                                                        "children": []
                                                    }
                                                ]
                                            }
                                        ]
                                    },
                                    {
                                        "name": "Shoulder_L",
                                        "transform": [-0.0, -0.952114, -0.305743, 0.0, 0.0, -0.305743, 0.952114, 0.4, -1.0, 0.0, 0.0, 0.0, 0.0, 0.0, 0.0, 1.0],
                                        "children": [
                                            {
                                                "name": "Arm_L",
                                                "transform": [-0.0, -0.0, 1.0, -0.0, -0.952114, 0.305743, -0.0, 0.39386, -0.305743, -0.952114, -0.0, 0.0, 0.0, 0.0, 0.0, 1.0],
                                                "children": [
                                                    {
                                                        "name": "Hand_L",
                                                        "transform": [1.0, -0.0, 0.0, -0.0, 0.0, 0.993937, 0.109947, 0.3, -0.0, -0.109947, 0.993937, 0.0, 0.0, 0.0, 0.0, 1.0],
                                                        "children": [
                                                            {
                                                                "name": "Tool_L",
                                                                "transform": [1.0, 0.0, 0.0, -0.0, -0.0, -0.999836, 0.018122, 0.272858, 0.0, -0.018122, -0.999836, -0.0, 0.0, 0.0, 0.0, 1.0],
                                                                "children": []
                                                            }
                                                        ]
                                                    },
                                                    {
                                                        "name": "Elbow_L",
                                                        "transform": [-1.0, 0.0, -0.0, -0.0, 0.0, -0.0, -1.0, 0.3, -0.0, -1.0, 0.0, 0.0, 0.0, 0.0, 0.0, 1.0],
                                                        "children": []
                                                    }
                                                ]
                                            }
                                        ]
                                    }
                                ]
                            }
                        ]
                    }
                ]
            }
        ]
    },
    "animation": [
        {
            "name": "Root",
            "time": [0.0, 0.0167, 0.0333, 0.05, 0.0667, 0.0833, 0.1, 0.1167, 0.1333, 0.15, 0.1667, 0.1833, 0.2, 0.2167, 0.2333, 0.25, 0.2667, 0.2833, 0.3, 0.3167, 0.3333, 0.35, 0.3667, 0.3833, 0.4, 0.4167, 0.4333, 0.45, 0.4667, 0.4833, 0.5, 0.5167, 0.5333, 0.55, 0.5667, 0.5833, 0.6, 0.6167, 0.6333, 0.65, 0.6667, 0.6833, 0.7, 0.7167, 0.7333, 0.75, 0.7667, 0.7833, 0.8, 0.8167, 0.8333, 0.85, 0.8667, 0.8833, 0.9, 0.9167, 0.9333, 0.95, 0.9667, 0.9833, 1.0, 1.0167, 1.0333, 1.05, 1.0667, 1.0833, 1.1, 1.1167, 1.1333, 1.15, 1.1667, 1.1833, 1.2, 1.2167, 1.2333, 1.25, 1.2667, 1.2833, 1.3],
            "transform": [
                [1.0, 0.0, 0.0, -5e-06, 0.0, 0.0, -1.0, -0.002071, 0.0, 1.0, 0.0, 0.688546, 0.0, 0.0, 0.0, 1.0],
                [1.0, 0.0, 0.0, -5e-06, 0.0, 0.0, -1.0, -0.000284, 0.0, 1.0, 0.0, 0.687709, 0.0, 0.0, 0.0, 1.0],
                [1.0, 0.0, 0.0, -5e-06, 0.0, 0.0, -1.0, 0.00476, 0.0, 1.0, 0.0, 0.685328, 0.0, 0.0, 0.0, 1.0],
                [1.0, 0.0, 0.0, -5e-06, 0.0, 0.0, -1.0, 0.012587, 0.0, 1.0, 0.0, 0.681595, 0.0, 0.0, 0.0, 1.0],
                [1.0, 0.0, 0.0, -5e-06, 0.0, 0.0, -1.0, 0.022721, 0.0, 1.0, 0.0, 0.676704, 0.0, 0.0, 0.0, 1.0],
                [1.0, 0.0, 0.0, -5e-06, 0.0, 0.0, -1.0, 0.034688, 0.0, 1.0, 0.0, 0.670847, 0.0, 0.0, 0.0, 1.0],
                [1.0, 0.0, 0.0, -5e-06, 0.0, 0.0, -1.0, 0.048011, 0.0, 1.0, 0.0, 0.664219, 0.0, 0.0, 0.0, 1.0],
                [1.0, 0.0, 0.0, -5e-06, 0.0, 0.0, -1.0, 0.062217, 0.0, 1.0, 0.0, 0.657011, 0.0, 0.0, 0.0, 1.0],
                [1.0, 0.0, 0.0, -5e-06, 0.0, 0.0, -1.0, 0.07683, 0.0, 1.0, 0.0, 0.649417, 0.0, 0.0, 0.0, 1.0],
                [1.0, 0.0, 0.0, -5e-06, 0.0, 0.0, -1.0, 0.091376, 0.0, 1.0, 0.0, 0.641629, 0.0, 0.0, 0.0, 1.0],
                [1.0, 0.0, 0.0, -5e-06, 0.0, 0.0, -1.0, 0.105378, 0.0, 1.0, 0.0, 0.633842, 0.0, 0.0, 0.0, 1.0],
                [1.0, 0.0, 0.0, -5e-06, 0.0, 0.0, -1.0, 0.118362, 0.0, 1.0, 0.0, 0.626248, 0.0, 0.0, 0.0, 1.0],
                [1.0, 0.0, 0.0, -5e-06, 0.0, 0.0, -1.0, 0.129854, 0.0, 1.0, 0.0, 0.61904, 0.0, 0.0, 0.0, 1.0],
                [1.0, 0.0, 0.0, -5e-06, 0.0, 0.0, -1.0, 0.139377, 0.0, 1.0, 0.0, 0.612411, 0.0, 0.0, 0.0, 1.0],
                [1.0, 0.0, 0.0, -5e-06, 0.0, 0.0, -1.0, 0.146457, 0.0, 1.0, 0.0, 0.606555, 0.0, 0.0, 0.0, 1.0],
                [1.0, 0.0, 0.0, -5e-06, 0.0, 0.0, -1.0, 0.15062, 0.0, 1.0, 0.0, 0.601664, 0.0, 0.0, 0.0, 1.0],
                [1.0, 0.0, 0.0, -5e-06, 0.0, 0.0, -1.0, 0.155868, 0.0, 1.0, 0.0, 0.597931, 0.0, 0.0, 0.0, 1.0],
                [1.0, 0.0, 0.0, -5e-06, 0.0, 0.0, -1.0, 0.184121, 0.0, 1.0, 0.0, 0.59555, 0.0, 0.0, 0.0, 1.0],
                [1.0, 0.0, 0.0, -5e-06, 0.0, 0.0, -1.0, 0.261779, 0.0, 1.0, 0.0, 0.594713, 0.0, 0.0, 0.0, 1.0],
                [1.0, 0.0, 0.0, -5e-06, 0.0, 0.0, -1.0, 0.543996, 0.0, 1.0, 0.0, 0.594713, 0.0, 0.0, 0.0, 1.0],
                [1.0, 0.0, 0.0, -5e-06, 0.0, 0.0, -1.0, 1.110172, 0.0, 1.0, 0.0, 0.594713, 0.0, 0.0, 0.0, 1.0],
                [1.0, 0.0, 0.0, -5e-06, 0.0, 0.0, -1.0, 1.873066, 0.0, 1.0, 0.0, 0.594713, 0.0, 0.0, 0.0, 1.0],
                [1.0, 0.0, 0.0, -5e-06, 0.0, 0.0, -1.0, 2.745438, 0.0, 1.0, 0.0, 0.594713, 0.0, 0.0, 0.0, 1.0],
                [1.0, 0.0, 0.0, -5e-06, 0.0, 0.0, -1.0, 3.640049, 0.0, 1.0, 0.0, 0.594713, 0.0, 0.0, 0.0, 1.0],
                [1.0, 0.0, 0.0, -5e-06, 0.0, 0.0, -1.0, 4.469658, 0.0, 1.0, 0.0, 0.594713, 0.0, 0.0, 0.0, 1.0],
                [1.0, 0.0, 0.0, -5e-06, 0.0, 0.0, -1.0, 5.147026, 0.0, 1.0, 0.0, 0.594713, 0.0, 0.0, 0.0, 1.0],
                [1.0, 0.0, 0.0, -5e-06, 0.0, 0.0, -1.0, 5.584911, 0.0, 1.0, 0.0, 0.594713, 0.0, 0.0, 0.0, 1.0],
                [1.0, 0.0, 0.0, -5e-06, 0.0, 0.0, -1.0, 5.807709, 0.0, 1.0, 0.0, 0.594713, 0.0, 0.0, 0.0, 1.0],
                [1.0, 0.0, 0.0, -5e-06, 0.0, 0.0, -1.0, 5.922092, 0.0, 1.0, 0.0, 0.594713, 0.0, 0.0, 0.0, 1.0],
                [1.0, 0.0, 0.0, -5e-06, 0.0, 0.0, -1.0, 5.96424, 0.0, 1.0, 0.0, 0.594713, 0.0, 0.0, 0.0, 1.0],
                [1.0, 0.0, 0.0, -5e-06, 0.0, 0.0, -1.0, 5.970332, 0.0, 1.0, 0.0, 0.594713, 0.0, 0.0, 0.0, 1.0],
                [1.0, 0.0, 0.0, -5e-06, 0.0, 0.0, -1.0, 5.970518, 0.0, 1.0, 0.0, 0.594713, 0.0, 0.0, 0.0, 1.0],
                [1.0, 0.0, 0.0, -5e-06, 0.0, 0.0, -1.0, 5.970823, 0.0, 1.0, 0.0, 0.594713, 0.0, 0.0, 0.0, 1.0],
                [1.0, 0.0, 0.0, -5e-06, 0.0, 0.0, -1.0, 5.971242, 0.0, 1.0, 0.0, 0.594713, 0.0, 0.0, 0.0, 1.0],
                [1.0, 0.0, 0.0, -5e-06, 0.0, 0.0, -1.0, 5.971771, 0.0, 1.0, 0.0, 0.594713, 0.0, 0.0, 0.0, 1.0],
                [1.0, 0.0, 0.0, -5e-06, 0.0, 0.0, -1.0, 5.972402, 0.0, 1.0, 0.0, 0.594713, 0.0, 0.0, 0.0, 1.0],
                [1.0, 0.0, 0.0, -5e-06, 0.0, 0.0, -1.0, 5.973132, 0.0, 1.0, 0.0, 0.594713, 0.0, 0.0, 0.0, 1.0],
                [1.0, 0.0, 0.0, -5e-06, 0.0, 0.0, -1.0, 5.973955, 0.0, 1.0, 0.0, 0.594713, 0.0, 0.0, 0.0, 1.0],
                [1.0, 0.0, 0.0, -5e-06, 0.0, 0.0, -1.0, 5.974864, 0.0, 1.0, 0.0, 0.594713, 0.0, 0.0, 0.0, 1.0],
                [1.0, 0.0, 0.0, -5e-06, 0.0, 0.0, -1.0, 5.975857, 0.0, 1.0, 0.0, 0.594713, 0.0, 0.0, 0.0, 1.0],
                [1.0, 0.0, 0.0, -5e-06, 0.0, 0.0, -1.0, 5.976926, 0.0, 1.0, 0.0, 0.594713, 0.0, 0.0, 0.0, 1.0],
                [1.0, 0.0, 0.0, -5e-06, 0.0, 0.0, -1.0, 5.978067, 0.0, 1.0, 0.0, 0.594713, 0.0, 0.0, 0.0, 1.0],
                [1.0, 0.0, 0.0, -5e-06, 0.0, 0.0, -1.0, 5.979274, 0.0, 1.0, 0.0, 0.594713, 0.0, 0.0, 0.0, 1.0],
                [1.0, 0.0, 0.0, -5e-06, 0.0, 0.0, -1.0, 5.980542, 0.0, 1.0, 0.0, 0.594713, 0.0, 0.0, 0.0, 1.0],
                [1.0, 0.0, 0.0, -5e-06, 0.0, 0.0, -1.0, 5.981866, 0.0, 1.0, 0.0, 0.594713, 0.0, 0.0, 0.0, 1.0],
                [1.0, 0.0, 0.0, -5e-06, 0.0, 0.0, -1.0, 5.98324, 0.0, 1.0, 0.0, 0.594713, 0.0, 0.0, 0.0, 1.0],
                [1.0, 0.0, 0.0, -5e-06, 0.0, 0.0, -1.0, 5.98466, 0.0, 1.0, 0.0, 0.594713, 0.0, 0.0, 0.0, 1.0],
                [1.0, 0.0, 0.0, -5e-06, 0.0, 0.0, -1.0, 5.986119, 0.0, 1.0, 0.0, 0.594713, 0.0, 0.0, 0.0, 1.0],
                [1.0, 0.0, 0.0, -5e-06, 0.0, 0.0, -1.0, 5.987613, 0.0, 1.0, 0.0, 0.594713, 0.0, 0.0, 0.0, 1.0],
                [1.0, 0.0, 0.0, -5e-06, 0.0, 0.0, -1.0, 5.989136, 0.0, 1.0, 0.0, 0.594713, 0.0, 0.0, 0.0, 1.0],
                [1.0, 0.0, 0.0, -5e-06, 0.0, 0.0, -1.0, 5.990683, 0.0, 1.0, 0.0, 0.594713, 0.0, 0.0, 0.0, 1.0],
                [1.0, 0.0, 0.0, -5e-06, 0.0, 0.0, -1.0, 5.992248, 0.0, 1.0, 0.0, 0.594713, 0.0, 0.0, 0.0, 1.0],
                [1.0, 0.0, 0.0, -5e-06, 0.0, 0.0, -1.0, 5.993826, 0.0, 1.0, 0.0, 0.594713, 0.0, 0.0, 0.0, 1.0],
                [1.0, 0.0, 0.0, -5e-06, 0.0, 0.0, -1.0, 5.995414, 0.0, 1.0, 0.0, 0.594713, 0.0, 0.0, 0.0, 1.0],
                [1.0, 0.0, 0.0, -5e-06, 0.0, 0.0, -1.0, 5.997003, 0.0, 1.0, 0.0, 0.594713, 0.0, 0.0, 0.0, 1.0],
                [1.0, 0.0, 0.0, -5e-06, 0.0, 0.0, -1.0, 5.99859, 0.0, 1.0, 0.0, 0.594713, 0.0, 0.0, 0.0, 1.0],
                [1.0, 0.0, 0.0, -5e-06, 0.0, 0.0, -1.0, 6.000169, 0.0, 1.0, 0.0, 0.594713, 0.0, 0.0, 0.0, 1.0],
                [1.0, 0.0, 0.0, -5e-06, 0.0, 0.0, -1.0, 6.001734, 0.0, 1.0, 0.0, 0.594713, 0.0, 0.0, 0.0, 1.0],
                [1.0, 0.0, 0.0, -5e-06, 0.0, 0.0, -1.0, 6.003282, 0.0, 1.0, 0.0, 0.594713, 0.0, 0.0, 0.0, 1.0],
                [1.0, 0.0, 0.0, -5e-06, 0.0, 0.0, -1.0, 6.004806, 0.0, 1.0, 0.0, 0.594713, 0.0, 0.0, 0.0, 1.0],
                [1.0, 0.0, 0.0, -5e-06, 0.0, 0.0, -1.0, 6.0063, 0.0, 1.0, 0.0, 0.594713, 0.0, 0.0, 0.0, 1.0],
                [1.0, 0.0, 0.0, -5e-06, 0.0, 0.0, -1.0, 6.00776, 0.0, 1.0, 0.0, 0.594713, 0.0, 0.0, 0.0, 1.0],
                [1.0, 0.0, 0.0, -5e-06, 0.0, 0.0, -1.0, 6.00918, 0.0, 1.0, 0.0, 0.594713, 0.0, 0.0, 0.0, 1.0],
                [1.0, 0.0, 0.0, -5e-06, 0.0, 0.0, -1.0, 6.010555, 0.0, 1.0, 0.0, 0.594713, 0.0, 0.0, 0.0, 1.0],
                [1.0, 0.0, 0.0, -5e-06, 0.0, 0.0, -1.0, 6.01188, 0.0, 1.0, 0.0, 0.594713, 0.0, 0.0, 0.0, 1.0],
                [1.0, 0.0, 0.0, -5e-06, 0.0, 0.0, -1.0, 6.01315, 0.0, 1.0, 0.0, 0.594713, 0.0, 0.0, 0.0, 1.0],
                [1.0, 0.0, 0.0, -5e-06, 0.0, 0.0, -1.0, 6.014358, 0.0, 1.0, 0.0, 0.594713, 0.0, 0.0, 0.0, 1.0],
                [1.0, 0.0, 0.0, -5e-06, 0.0, 0.0, -1.0, 6.0155, 0.0, 1.0, 0.0, 0.594713, 0.0, 0.0, 0.0, 1.0],
                [1.0, 0.0, 0.0, -5e-06, 0.0, 0.0, -1.0, 6.016571, 0.0, 1.0, 0.0, 0.594713, 0.0, 0.0, 0.0, 1.0],
                [1.0, 0.0, 0.0, -5e-06, 0.0, 0.0, -1.0, 6.017565, 0.0, 1.0, 0.0, 0.594713, 0.0, 0.0, 0.0, 1.0],
                [1.0, 0.0, 0.0, -5e-06, 0.0, 0.0, -1.0, 6.018476, 0.0, 1.0, 0.0, 0.594713, 0.0, 0.0, 0.0, 1.0],
                [1.0, 0.0, 0.0, -5e-06, 0.0, 0.0, -1.0, 6.019301, 0.0, 1.0, 0.0, 0.594713, 0.0, 0.0, 0.0, 1.0],
                [1.0, 0.0, 0.0, -5e-06, 0.0, 0.0, -1.0, 6.020032, 0.0, 1.0, 0.0, 0.594713, 0.0, 0.0, 0.0, 1.0],
                [1.0, 0.0, 0.0, -5e-06, 0.0, 0.0, -1.0, 6.020666, 0.0, 1.0, 0.0, 0.594713, 0.0, 0.0, 0.0, 1.0],
                [1.0, 0.0, 0.0, -5e-06, 0.0, 0.0, -1.0, 6.021196, 0.0, 1.0, 0.0, 0.594713, 0.0, 0.0, 0.0, 1.0],
                [1.0, 0.0, 0.0, -5e-06, 0.0, 0.0, -1.0, 6.021618, 0.0, 1.0, 0.0, 0.594713, 0.0, 0.0, 0.0, 1.0],
                [1.0, 0.0, 0.0, -5e-06, 0.0, 0.0, -1.0, 6.021926, 0.0, 1.0, 0.0, 0.594713, 0.0, 0.0, 0.0, 1.0],
                [1.0, 0.0, 0.0, -5e-06, 0.0, 0.0, -1.0, 6.022115, 0.0, 1.0, 0.0, 0.594713, 0.0, 0.0, 0.0, 1.0],
                [1.0, 0.0, 0.0, -5e-06, 0.0, 0.0, -1.0, 6.022179, 0.0, 1.0, 0.0, 0.594713, 0.0, 0.0, 0.0, 1.0]
            ]
        },
        {
            "name": "Thigh_R",
            "time": [0.0, 0.0167, 0.0333, 0.05, 0.0667, 0.0833, 0.1, 0.1167, 0.1333, 0.15, 0.1667, 0.1833, 0.2, 0.2167, 0.2333, 0.25, 0.2667, 0.2833, 0.3, 0.3167, 0.3333, 0.35, 0.3667, 0.3833, 0.4, 0.4167, 0.4333, 0.45, 0.4667, 0.4833, 0.5, 0.5167, 0.5333, 0.55, 0.5667, 0.5833, 0.6, 0.6167, 0.6333, 0.65, 0.6667, 0.6833, 0.7, 0.7167, 0.7333, 0.75, 0.7667, 0.7833, 0.8, 0.8167, 0.8333, 0.85, 0.8667, 0.8833, 0.9, 0.9167, 0.9333, 0.95, 0.9667, 0.9833, 1.0, 1.0167, 1.0333, 1.05, 1.0667, 1.0833, 1.1, 1.1167, 1.1333, 1.15, 1.1667, 1.1833, 1.2, 1.2167, 1.2333, 1.25, 1.2667, 1.2833, 1.3],
            "transform": [
                [0.998915, 0.042282, -0.019539, 0.124994, 0.038601, -0.986241, -0.16074, -0.002831, -0.026067, 0.159811, -0.986803, -1.2e-05, 0.0, 0.0, 0.0, 1.0],
                [0.998915, 0.042264, -0.019569, 0.124994, 0.038502, -0.985769, -0.163637, -0.002831, -0.026207, 0.162706, -0.986327, -1.2e-05, 0.0, 0.0, 0.0, 1.0],
                [0.998915, 0.042214, -0.01965, 0.124994, 0.038217, -0.984367, -0.17193, -0.002831, -0.026601, 0.170993, -0.984913, -1.2e-05, 0.0, 0.0, 0.0, 1.0],
                [0.998916, 0.042143, -0.01977, 0.124994, 0.037767, -0.982009, -0.185017, -0.002831, -0.027212, 0.18407, -0.982536, -1.2e-05, 0.0, 0.0, 0.0, 1.0],
                [0.998917, 0.042058, -0.019918, 0.124994, 0.03717, -0.978621, -0.202286, -0.002831, -0.028, 0.201326, -0.979124, -1.2e-05, 0.0, 0.0, 0.0, 1.0],
                [0.998917, 0.041969, -0.020081, 0.124994, 0.036442, -0.974111, -0.223112, -0.002831, -0.028925, 0.222139, -0.974586, -1.2e-05, 0.0, 0.0, 0.0, 1.0],
                [0.998917, 0.041885, -0.020246, 0.124994, 0.035602, -0.968396, -0.246864, -0.002831, -0.029946, 0.245876, -0.968839, -1.2e-05, 0.0, 0.0, 0.0, 1.0],
                [0.998917, 0.041813, -0.020401, 0.124994, 0.03467, -0.961418, -0.272897, -0.002831, -0.031025, 0.271894, -0.961827, -1.2e-05, 0.0, 0.0, 0.0, 1.0],
                [0.998917, 0.041761, -0.020532, 0.124994, 0.03367, -0.953166, -0.300567, -0.002831, -0.032123, 0.29955, -0.95354, -1.2e-05, 0.0, 0.0, 0.0, 1.0],
                [0.998916, 0.041733, -0.020625, 0.124994, 0.032628, -0.943685, -0.329231, -0.002831, -0.033203, 0.328201, -0.944024, -1.2e-05, 0.0, 0.0, 0.0, 1.0],
                [0.998915, 0.041734, -0.020665, 0.124994, 0.031573, -0.933089, -0.358257, -0.002831, -0.034234, 0.357216, -0.933394, -1.2e-05, 0.0, 0.0, 0.0, 1.0],
                [0.998914, 0.041769, -0.020636, 0.124994, 0.030539, -0.921559, -0.387034, -0.002831, -0.035184, 0.385984, -0.921834, -1.2e-05, 0.0, 0.0, 0.0, 1.0],
                [0.998914, 0.041839, -0.020525, 0.124994, 0.029561, -0.90935, -0.414979, -0.002831, -0.036027, 0.413922, -0.909599, -1.2e-05, 0.0, 0.0, 0.0, 1.0],
                [0.998913, 0.041947, -0.020315, 0.124994, 0.028679, -0.89678, -0.441546, -0.002831, -0.03674, 0.440483, -0.897009, -1.2e-05, 0.0, 0.0, 0.0, 1.0],
                [0.998914, 0.042094, -0.019991, 0.124994, 0.02793, -0.884224, -0.466226, -0.002831, -0.037302, 0.465161, -0.88444, -1.2e-05, 0.0, 0.0, 0.0, 1.0],
                [0.998915, 0.042282, -0.019539, 0.124994, 0.027358, -0.872105, -0.488553, -0.002831, -0.037697, 0.487488, -0.872316, -1.2e-05, 0.0, 0.0, 0.0, 1.0],
                [0.998911, 0.042694, -0.018827, 0.124994, 0.027213, -0.860807, -0.508203, -0.002831, -0.037903, 0.507138, -0.861031, -1.2e-05, 0.0, 0.0, 0.0, 1.0],
                [0.998897, 0.043465, -0.017763, 0.124994, 0.027665, -0.850464, -0.525305, -0.002831, -0.037939, 0.524235, -0.850728, -1.2e-05, 0.0, 0.0, 0.0, 1.0],
                [0.998873, 0.04453, -0.016399, 0.124994, 0.028631, -0.841125, -0.540082, -0.002831, -0.037843, 0.539004, -0.841453, -1.2e-05, 0.0, 0.0, 0.0, 1.0],
                [0.99884, 0.045827, -0.014789, 0.124994, 0.030025, -0.832811, -0.552742, -0.002831, -0.037647, 0.551657, -0.833221, -1.2e-05, 0.0, 0.0, 0.0, 1.0],
                [0.998796, 0.047298, -0.012991, 0.124994, 0.031763, -0.825518, -0.563481, -0.002831, -0.037376, 0.56239, -0.826027, -1.2e-05, 0.0, 0.0, 0.0, 1.0],
                [0.998743, 0.048887, -0.011066, 0.124994, 0.033756, -0.819223, -0.57248, -0.002831, -0.037052, 0.571387, -0.819844, -1.2e-05, 0.0, 0.0, 0.0, 1.0],
                [0.998681, 0.050539, -0.009075, 0.124994, 0.035918, -0.813888, -0.579909, -0.002831, -0.036694, 0.578819, -0.81463, -1.2e-05, 0.0, 0.0, 0.0, 1.0],
                [0.998611, 0.052202, -0.007081, 0.124994, 0.03816, -0.809462, -0.585931, -0.002831, -0.036318, 0.584847, -0.81033, -1.2e-05, 0.0, 0.0, 0.0, 1.0],
                [0.998537, 0.053822, -0.005147, 0.124994, 0.040393, -0.805881, -0.590697, -0.002831, -0.03594, 0.589625, -0.806877, -1.2e-05, 0.0, 0.0, 0.0, 1.0],
                [0.998462, 0.055345, -0.003337, 0.124994, 0.042528, -0.803078, -0.594355, -0.002831, -0.035575, 0.593298, -0.804196, -1.2e-05, 0.0, 0.0, 0.0, 1.0],
                [0.998389, 0.056717, -0.001716, 0.124994, 0.044476, -0.800974, -0.597045, -0.002831, -0.035237, 0.596006, -0.802206, -1.2e-05, 0.0, 0.0, 0.0, 1.0],
                [0.998323, 0.057884, -0.000346, 0.124994, 0.046148, -0.79949, -0.598904, -0.002831, -0.034944, 0.597884, -0.80082, -1.2e-05, 0.0, 0.0, 0.0, 1.0],
                [0.99827, 0.058789, 0.000709, 0.124994, 0.047453, -0.798539, -0.600069, -0.002831, -0.034711, 0.599065, -0.799948, -1.2e-05, 0.0, 0.0, 0.0, 1.0],
                [0.998235, 0.059375, 0.001388, 0.124994, 0.048302, -0.798035, -0.600671, -0.002831, -0.034557, 0.599678, -0.799495, -1.2e-05, 0.0, 0.0, 0.0, 1.0],
                [0.998222, 0.059583, 0.001627, 0.124994, 0.048604, -0.797888, -0.600843, -0.002831, -0.034502, 0.599854, -0.799365, -1.2e-05, 0.0, 0.0, 0.0, 1.0],
                [0.998223, 0.059563, 0.001604, 0.124994, 0.048577, -0.797925, -0.600795, -0.002831, -0.034505, 0.599806, -0.799401, -1.2e-05, 0.0, 0.0, 0.0, 1.0],
                [0.998227, 0.059505, 0.001537, 0.124994, 0.048497, -0.798036, -0.600654, -0.002831, -0.034515, 0.599664, -0.799507, -1.2e-05, 0.0, 0.0, 0.0, 1.0],
                [0.998233, 0.059411, 0.001428, 0.124994, 0.048365, -0.798217, -0.600424, -0.002831, -0.034532, 0.599432, -0.79968, -1.2e-05, 0.0, 0.0, 0.0, 1.0],
                [0.998241, 0.059281, 0.001278, 0.124994, 0.048185, -0.798465, -0.600109, -0.002831, -0.034555, 0.599115, -0.799917, -1.2e-05, 0.0, 0.0, 0.0, 1.0],
                [0.99825, 0.059118, 0.001089, 0.124994, 0.047959, -0.798777, -0.599713, -0.002831, -0.034584, 0.598716, -0.800215, -1.2e-05, 0.0, 0.0, 0.0, 1.0],
                [0.998262, 0.058923, 0.000864, 0.124994, 0.047689, -0.799148, -0.599239, -0.002831, -0.034618, 0.598239, -0.80057, -1.2e-05, 0.0, 0.0, 0.0, 1.0],
                [0.998276, 0.058698, 0.000605, 0.124994, 0.047377, -0.799577, -0.598692, -0.002831, -0.034659, 0.597688, -0.800979, -1.2e-05, 0.0, 0.0, 0.0, 1.0],
                [0.998291, 0.058444, 0.000312, 0.124994, 0.047026, -0.800059, -0.598075, -0.002831, -0.034704, 0.597068, -0.80144, -1.2e-05, 0.0, 0.0, 0.0, 1.0],
                [0.998307, 0.058164, -1e-05, 0.124994, 0.046638, -0.800591, -0.597393, -0.002831, -0.034755, 0.596382, -0.801948, -1.2e-05, 0.0, 0.0, 0.0, 1.0],
                [0.998325, 0.057858, -0.000361, 0.124994, 0.046216, -0.80117, -0.59665, -0.002831, -0.03481, 0.595634, -0.802501, -1.2e-05, 0.0, 0.0, 0.0, 1.0],
                [0.998344, 0.057528, -0.000739, 0.124994, 0.045761, -0.801792, -0.595849, -0.002831, -0.034871, 0.594828, -0.803096, -1.2e-05, 0.0, 0.0, 0.0, 1.0],
                [0.998363, 0.057176, -0.001141, 0.124994, 0.045276, -0.802454, -0.594994, -0.002831, -0.034935, 0.593968, -0.803729, -1.2e-05, 0.0, 0.0, 0.0, 1.0],
                [0.998384, 0.056803, -0.001566, 0.124994, 0.044763, -0.803153, -0.594089, -0.002831, -0.035004, 0.593059, -0.804398, -1.2e-05, 0.0, 0.0, 0.0, 1.0],
                [0.998406, 0.056412, -0.002012, 0.124994, 0.044226, -0.803885, -0.593138, -0.002831, -0.035077, 0.592103, -0.805098, -1.2e-05, 0.0, 0.0, 0.0, 1.0],
                [0.998428, 0.056003, -0.002476, 0.124994, 0.043665, -0.804647, -0.592145, -0.002831, -0.035154, 0.591106, -0.805827, -1.2e-05, 0.0, 0.0, 0.0, 1.0],
                [0.99845, 0.055578, -0.002957, 0.124994, 0.043083, -0.805436, -0.591115, -0.002831, -0.035235, 0.590071, -0.806582, -1.2e-05, 0.0, 0.0, 0.0, 1.0],
                [0.998473, 0.055139, -0.003453, 0.124994, 0.042483, -0.806248, -0.59005, -0.002831, -0.035318, 0.589002, -0.80736, -1.2e-05, 0.0, 0.0, 0.0, 1.0],
                [0.998496, 0.054687, -0.003961, 0.124994, 0.041867, -0.807081, -0.588955, -0.002831, -0.035405, 0.587903, -0.808156, -1.2e-05, 0.0, 0.0, 0.0, 1.0],
                [0.998519, 0.054225, -0.00448, 0.124994, 0.041237, -0.80793, -0.587834, -0.002831, -0.035495, 0.586778, -0.808969, -1.2e-05, 0.0, 0.0, 0.0, 1.0],
                [0.998542, 0.053753, -0.005008, 0.124994, 0.040596, -0.808793, -0.586691, -0.002831, -0.035587, 0.585632, -0.809796, -1.2e-05, 0.0, 0.0, 0.0, 1.0],
                [0.998565, 0.053274, -0.005543, 0.124994, 0.039946, -0.809666, -0.58553, -0.002831, -0.035681, 0.584468, -0.810632, -1.2e-05, 0.0, 0.0, 0.0, 1.0],
                [0.998587, 0.052789, -0.006083, 0.124994, 0.039289, -0.810547, -0.584355, -0.002831, -0.035778, 0.58329, -0.811476, -1.2e-05, 0.0, 0.0, 0.0, 1.0],
                [0.998609, 0.052299, -0.006626, 0.124994, 0.038627, -0.811431, -0.58317, -0.002831, -0.035876, 0.582103, -0.812323, -1.2e-05, 0.0, 0.0, 0.0, 1.0],
                [0.998631, 0.051808, -0.00717, 0.124994, 0.037963, -0.812317, -0.581979, -0.002831, -0.035975, 0.580911, -0.813172, -1.2e-05, 0.0, 0.0, 0.0, 1.0],
                [0.998653, 0.051315, -0.007713, 0.124994, 0.0373, -0.8132, -0.580787, -0.002831, -0.036076, 0.579717, -0.814019, -1.2e-05, 0.0, 0.0, 0.0, 1.0],
                [0.998674, 0.050823, -0.008254, 0.124994, 0.036639, -0.814079, -0.579597, -0.002831, -0.036176, 0.578526, -0.814861, -1.2e-05, 0.0, 0.0, 0.0, 1.0],
                [0.998694, 0.050334, -0.00879, 0.124994, 0.035982, -0.814949, -0.578414, -0.002831, -0.036278, 0.577343, -0.815696, -1.2e-05, 0.0, 0.0, 0.0, 1.0],
                [0.998713, 0.049849, -0.00932, 0.124994, 0.035333, -0.815808, -0.577242, -0.002831, -0.036379, 0.57617, -0.81652, -1.2e-05, 0.0, 0.0, 0.0, 1.0],
                [0.998732, 0.049371, -0.009842, 0.124994, 0.034693, -0.816653, -0.576085, -0.002831, -0.036479, 0.575014, -0.81733, -1.2e-05, 0.0, 0.0, 0.0, 1.0],
                [0.99875, 0.0489, -0.010354, 0.124994, 0.034064, -0.81748, -0.574948, -0.002831, -0.036579, 0.573877, -0.818124, -1.2e-05, 0.0, 0.0, 0.0, 1.0],
                [0.998767, 0.048439, -0.010853, 0.124994, 0.03345, -0.818288, -0.573834, -0.002831, -0.036677, 0.572764, -0.8189, -1.2e-05, 0.0, 0.0, 0.0, 1.0],
                [0.998783, 0.047989, -0.011339, 0.124994, 0.032852, -0.819073, -0.572748, -0.002831, -0.036774, 0.571679, -0.819653, -1.2e-05, 0.0, 0.0, 0.0, 1.0],
                [0.998799, 0.047553, -0.01181, 0.124994, 0.032272, -0.819831, -0.571694, -0.002831, -0.036868, 0.570627, -0.820382, -1.2e-05, 0.0, 0.0, 0.0, 1.0],
                [0.998813, 0.047131, -0.012263, 0.124994, 0.031714, -0.820562, -0.570677, -0.002831, -0.036959, 0.569611, -0.821083, -1.2e-05, 0.0, 0.0, 0.0, 1.0],
                [0.998827, 0.046727, -0.012697, 0.124994, 0.031178, -0.82126, -0.569701, -0.002831, -0.037048, 0.568637, -0.821754, -1.2e-05, 0.0, 0.0, 0.0, 1.0],
                [0.99884, 0.046341, -0.01311, 0.124994, 0.030668, -0.821925, -0.56877, -0.002831, -0.037133, 0.567708, -0.822392, -1.2e-05, 0.0, 0.0, 0.0, 1.0],
                [0.998851, 0.045975, -0.0135, 0.124994, 0.030185, -0.822552, -0.567888, -0.002831, -0.037213, 0.566828, -0.822995, -1.2e-05, 0.0, 0.0, 0.0, 1.0],
                [0.998862, 0.045632, -0.013866, 0.124994, 0.029733, -0.823139, -0.56706, -0.002831, -0.03729, 0.566003, -0.82356, -1.2e-05, 0.0, 0.0, 0.0, 1.0],
                [0.998872, 0.045313, -0.014205, 0.124994, 0.029312, -0.823684, -0.566291, -0.002831, -0.037361, 0.565235, -0.824083, -1.2e-05, 0.0, 0.0, 0.0, 1.0],
                [0.998881, 0.04502, -0.014517, 0.124994, 0.028926, -0.824183, -0.565584, -0.002831, -0.037427, 0.564531, -0.824563, -1.2e-05, 0.0, 0.0, 0.0, 1.0],
                [0.998888, 0.044754, -0.014798, 0.124994, 0.028578, -0.824634, -0.564944, -0.002831, -0.037486, 0.563893, -0.824997, -1.2e-05, 0.0, 0.0, 0.0, 1.0],
                [0.998895, 0.044518, -0.015048, 0.124994, 0.028268, -0.825034, -0.564375, -0.002831, -0.03754, 0.563326, -0.825381, -1.2e-05, 0.0, 0.0, 0.0, 1.0],
                [0.998901, 0.044313, -0.015264, 0.124994, 0.027999, -0.82538, -0.563882, -0.002831, -0.037586, 0.562835, -0.825714, -1.2e-05, 0.0, 0.0, 0.0, 1.0],
                [0.998906, 0.044142, -0.015445, 0.124994, 0.027775, -0.82567, -0.563469, -0.002831, -0.037625, 0.562423, -0.825993, -1.2e-05, 0.0, 0.0, 0.0, 1.0],
                [0.99891, 0.044006, -0.015589, 0.124994, 0.027596, -0.8259, -0.56314, -0.002831, -0.037656, 0.562096, -0.826214, -1.2e-05, 0.0, 0.0, 0.0, 1.0],
                [0.998912, 0.043906, -0.015694, 0.124994, 0.027465, -0.826068, -0.5629, -0.002831, -0.037679, 0.561857, -0.826376, -1.2e-05, 0.0, 0.0, 0.0, 1.0],
                [0.998914, 0.043845, -0.015758, 0.124994, 0.027385, -0.826171, -0.562753, -0.002831, -0.037693, 0.56171, -0.826475, -1.2e-05, 0.0, 0.0, 0.0, 1.0],
                [0.998915, 0.043824, -0.01578, 0.124994, 0.027358, -0.826206, -0.562702, -0.002831, -0.037697, 0.56166, -0.826509, -1.2e-05, 0.0, 0.0, 0.0, 1.0]
            ]
        },
        {
            "name": "Leg_R",
            "time": [0.0, 0.0167, 0.0333, 0.05, 0.0667, 0.0833, 0.1, 0.1167, 0.1333, 0.15, 0.1667, 0.1833, 0.2, 0.2167, 0.2333, 0.25, 0.2667, 0.2833, 0.3, 0.3167, 0.3333, 0.35, 0.3667, 0.3833, 0.4, 0.4167, 0.4333, 0.45, 0.4667, 0.4833, 0.5, 0.5167, 0.5333, 0.55, 0.5667, 0.5833, 0.6, 0.6167, 0.6333, 0.65, 0.6667, 0.6833, 0.7, 0.7167, 0.7333, 0.75, 0.7667, 0.7833, 0.8, 0.8167, 0.8333, 0.85, 0.8667, 0.8833, 0.9, 0.9167, 0.9333, 0.95, 0.9667, 0.9833, 1.0, 1.0167, 1.0333, 1.05, 1.0667, 1.0833, 1.1, 1.1167, 1.1333, 1.15, 1.1667, 1.1833, 1.2, 1.2167, 1.2333, 1.25, 1.2667, 1.2833, 1.3],
            "transform": [
                [1.0, 1e-06, 1e-06, -0.0, -1e-06, 0.999995, 0.00307, 0.37472, -1e-06, -0.00307, 0.999995, -0.0, 0.0, 0.0, 0.0, 1.0],
                [1.0, -8.9e-05, -0.000279, 0.0, 9.2e-05, 0.999953, 0.00966, 0.37472, 0.000278, -0.00966, 0.999953, -0.0, 0.0, 0.0, 0.0, 1.0],
                [0.999999, -0.000336, -0.00107, -0.0, 0.000366, 0.999601, 0.028232, 0.37472, 0.00106, -0.028233, 0.999601, 0.0, 0.0, 0.0, 0.0, 1.0],
                [0.999997, -0.000698, -0.002305, -0.0, 0.000828, 0.998374, 0.056992, 0.37472, 0.002262, -0.056994, 0.998372, 0.0, 0.0, 0.0, 0.0, 1.0],
                [0.999992, -0.001123, -0.003917, -0.0, 0.001487, 0.995561, 0.094109, 0.37472, 0.003794, -0.094114, 0.995554, 0.0, 0.0, 0.0, 0.0, 1.0],
                [0.999982, -0.001562, -0.005837, 0.0, 0.002351, 0.990475, 0.13767, 0.37472, 0.005566, -0.137681, 0.990461, -0.0, 0.0, 0.0, 0.0, 1.0],
                [0.999966, -0.001971, -0.007988, 0.0, 0.00342, 0.982605, 0.185674, 0.37472, 0.007483, -0.185695, 0.982579, -0.0, 0.0, 0.0, 0.0, 1.0],
                [0.999944, -0.002317, -0.01029, 0.0, 0.004681, 0.971729, 0.236052, 0.37472, 0.009452, -0.236087, 0.971686, 0.0, 0.0, 0.0, 0.0, 1.0],
                [0.999917, -0.002583, -0.012655, 0.0, 0.006103, 0.957992, 0.286729, 0.37472, 0.011382, -0.286782, 0.957928, 0.0, 0.0, 0.0, 0.0, 1.0],
                [0.999884, -0.002767, -0.014994, 0.0, 0.007641, 0.941939, 0.335697, 0.37472, 0.013195, -0.335773, 0.94185, -0.0, 0.0, 0.0, 0.0, 1.0],
                [0.999848, -0.002887, -0.017219, 0.0, 0.009233, 0.92449, 0.381094, 0.37472, 0.014819, -0.381195, 0.924376, 0.0, 0.0, 0.0, 0.0, 1.0],
                [0.99981, -0.002978, -0.019245, 0.0, 0.010809, 0.906882, 0.421246, 0.37472, 0.016198, -0.421374, 0.906742, -0.0, 0.0, 0.0, 0.0, 1.0],
                [0.999775, -0.003084, -0.020989, 0.0, 0.012293, 0.890567, 0.454686, 0.37472, 0.01729, -0.454842, 0.890404, 0.0, 0.0, 0.0, 0.0, 1.0],
                [0.999744, -0.00326, -0.022376, 0.0, 0.013606, 0.877102, 0.480112, 0.37472, 0.01806, -0.480294, 0.876922, -0.0, 0.0, 0.0, 0.0, 1.0],
                [0.999722, -0.003561, -0.023328, -0.0, 0.014673, 0.868024, 0.496304, 0.37472, 0.018482, -0.496509, 0.867835, -0.0, 0.0, 0.0, 0.0, 1.0],
                [0.999709, -0.004037, -0.023768, -0.0, 0.015427, 0.864728, 0.502004, 0.37472, 0.018526, -0.502224, 0.864539, -0.0, 0.0, 0.0, 0.0, 1.0],
                [0.999704, -0.004609, -0.023886, -0.0, 0.01592, 0.866388, 0.499118, 0.37472, 0.018394, -0.49935, 0.866205, -0.0, 0.0, 0.0, 0.0, 1.0],
                [0.9997, -0.005173, -0.023934, -0.0, 0.016262, 0.87102, 0.490978, 0.37472, 0.018307, -0.49122, 0.870843, -0.0, 0.0, 0.0, 0.0, 1.0],
                [0.999698, -0.005731, -0.023916, -0.0, 0.016476, 0.878036, 0.47831, 0.37472, 0.018258, -0.47856, 0.877865, 0.0, 0.0, 0.0, 0.0, 1.0],
                [0.999696, -0.006282, -0.023842, -0.0, 0.016587, 0.886816, 0.461825, 0.37472, 0.018242, -0.46208, 0.886651, -0.0, 0.0, 0.0, 0.0, 1.0],
                [0.999695, -0.006827, -0.023717, -0.0, 0.016616, 0.89674, 0.442246, 0.37472, 0.018248, -0.442505, 0.89658, 0.0, 0.0, 0.0, 0.0, 1.0],
                [0.999696, -0.007357, -0.023549, 0.0, 0.016578, 0.90722, 0.420329, 0.37472, 0.018272, -0.420591, 0.907066, -0.0, 0.0, 0.0, 0.0, 1.0],
                [0.999697, -0.007862, -0.023347, 0.0, 0.016486, 0.917726, 0.396871, 0.37472, 0.018307, -0.397136, 0.917577, -0.0, 0.0, 0.0, 0.0, 1.0],
                [0.999698, -0.008331, -0.023121, 0.0, 0.016352, 0.927802, 0.372715, 0.37472, 0.018347, -0.372981, 0.927658, 0.0, 0.0, 0.0, 0.0, 1.0],
                [0.9997, -0.008757, -0.022882, 0.0, 0.016191, 0.937078, 0.348745, 0.37472, 0.018388, -0.349011, 0.936938, 0.0, 0.0, 0.0, 0.0, 1.0],
                [0.999702, -0.009133, -0.022642, 0.0, 0.016016, 0.945276, 0.325877, 0.37472, 0.018427, -0.326143, 0.945141, -0.0, 0.0, 0.0, 0.0, 1.0],
                [0.999704, -0.009451, -0.022415, 0.0, 0.015842, 0.952204, 0.30505, 0.37472, 0.018461, -0.305315, 0.952072, 0.0, 0.0, 0.0, 0.0, 1.0],
                [0.999706, -0.009706, -0.022215, 0.0, 0.015681, 0.957738, 0.287214, 0.37472, 0.018489, -0.287478, 0.957609, 1e-06, 0.0, 0.0, 0.0, 1.0],
                [0.999708, -0.009895, -0.022056, -0.0, 0.015549, 0.961799, 0.273316, 0.374721, 0.018509, -0.273579, 0.961671, 0.0, 0.0, 0.0, 0.0, 1.0],
                [0.999709, -0.010011, -0.021951, 0.0, 0.01546, 0.964317, 0.264299, 0.37472, 0.018521, -0.264561, 0.964191, -0.0, 0.0, 0.0, 0.0, 1.0],
                [0.999709, -0.010051, -0.021913, 0.0, 0.015427, 0.965191, 0.26109, 0.37472, 0.018526, -0.261352, 0.965066, 1e-06, 0.0, 0.0, 0.0, 1.0],
                [0.999709, -0.010044, -0.021916, 0.0, 0.015427, 0.965104, 0.261414, 0.37472, 0.018526, -0.261676, 0.964978, -0.0, 0.0, 0.0, 0.0, 1.0],
                [0.999709, -0.010022, -0.021926, 0.0, 0.015427, 0.964845, 0.262366, 0.37472, 0.018526, -0.262628, 0.964719, -1e-06, 0.0, 0.0, 0.0, 1.0],
                [0.999709, -0.009987, -0.021942, -0.0, 0.015427, 0.964422, 0.263919, 0.374721, 0.018526, -0.264181, 0.964295, -0.0, 0.0, 0.0, 0.0, 1.0],
                [0.999709, -0.009939, -0.021964, -0.0, 0.015427, 0.963837, 0.266045, 0.374721, 0.018526, -0.266307, 0.96371, -0.0, 0.0, 0.0, 0.0, 1.0],
                [0.999709, -0.009878, -0.021992, 0.0, 0.015427, 0.963096, 0.268716, 0.37472, 0.018526, -0.268977, 0.962968, -0.0, 0.0, 0.0, 0.0, 1.0],
                [0.999709, -0.009805, -0.022024, -0.0, 0.015427, 0.962201, 0.271904, 0.37472, 0.018526, -0.272165, 0.962072, 0.0, 0.0, 0.0, 0.0, 1.0],
                [0.999709, -0.009721, -0.022062, 0.0, 0.015427, 0.961154, 0.27558, 0.37472, 0.018526, -0.27584, 0.961025, -0.0, 0.0, 0.0, 0.0, 1.0],
                [0.999709, -0.009625, -0.022103, -0.0, 0.015427, 0.959959, 0.279715, 0.37472, 0.018526, -0.279975, 0.959829, 0.0, 0.0, 0.0, 0.0, 1.0],
                [0.999709, -0.00952, -0.022149, 0.0, 0.015427, 0.958616, 0.284282, 0.37472, 0.018526, -0.284541, 0.958485, -1e-06, 0.0, 0.0, 0.0, 1.0],
                [0.999709, -0.009405, -0.022198, 0.0, 0.015427, 0.957129, 0.28925, 0.37472, 0.018526, -0.289509, 0.956996, -0.0, 0.0, 0.0, 0.0, 1.0],
                [0.999709, -0.009281, -0.02225, -0.0, 0.015427, 0.955499, 0.294592, 0.37472, 0.018526, -0.29485, 0.955364, -0.0, 0.0, 0.0, 0.0, 1.0],
                [0.999709, -0.009148, -0.022305, -0.0, 0.015427, 0.953727, 0.300278, 0.37472, 0.018526, -0.300535, 0.953591, 1e-06, 0.0, 0.0, 0.0, 1.0],
                [0.999709, -0.009008, -0.022362, -0.0, 0.015427, 0.951817, 0.30628, 0.37472, 0.018526, -0.306536, 0.951679, 1e-06, 0.0, 0.0, 0.0, 1.0],
                [0.999709, -0.00886, -0.022421, -0.0, 0.015427, 0.94977, 0.312567, 0.374721, 0.018526, -0.312822, 0.949631, -0.0, 0.0, 0.0, 0.0, 1.0],
                [0.999709, -0.008705, -0.022482, -0.0, 0.015427, 0.947592, 0.319112, 0.37472, 0.018526, -0.319366, 0.947451, -0.0, 0.0, 0.0, 0.0, 1.0],
                [0.999709, -0.008544, -0.022544, -0.0, 0.015427, 0.945284, 0.325885, 0.37472, 0.018526, -0.326138, 0.945141, 1e-06, 0.0, 0.0, 0.0, 1.0],
                [0.999709, -0.008377, -0.022606, -0.0, 0.015427, 0.942851, 0.332857, 0.374721, 0.018526, -0.333109, 0.942706, -0.0, 0.0, 0.0, 0.0, 1.0],
                [0.999709, -0.008205, -0.022669, -0.0, 0.015427, 0.940299, 0.339999, 0.37472, 0.018526, -0.34025, 0.940152, -1e-06, 0.0, 0.0, 0.0, 1.0],
                [0.999709, -0.008029, -0.022732, -0.0, 0.015427, 0.937633, 0.347283, 0.37472, 0.018526, -0.347533, 0.937485, -0.0, 0.0, 0.0, 0.0, 1.0],
                [0.999709, -0.007849, -0.022795, 0.0, 0.015427, 0.93486, 0.354681, 0.37472, 0.018526, -0.354929, 0.934709, -0.0, 0.0, 0.0, 0.0, 1.0],
                [0.999709, -0.007666, -0.022857, -0.0, 0.015427, 0.931987, 0.362163, 0.37472, 0.018526, -0.36241, 0.931834, -0.0, 0.0, 0.0, 0.0, 1.0],
                [0.999709, -0.007481, -0.022918, -0.0, 0.015427, 0.929022, 0.369702, 0.37472, 0.018526, -0.369948, 0.928868, 0.0, 0.0, 0.0, 0.0, 1.0],
                [0.999709, -0.007294, -0.022978, -0.0, 0.015427, 0.925975, 0.37727, 0.37472, 0.018526, -0.377515, 0.925818, 0.0, 0.0, 0.0, 0.0, 1.0],
                [0.999709, -0.007105, -0.023037, -0.0, 0.015427, 0.922855, 0.384839, 0.37472, 0.018526, -0.385083, 0.922696, 0.0, 0.0, 0.0, 0.0, 1.0],
                [0.999709, -0.006916, -0.023095, -0.0, 0.015427, 0.919673, 0.392383, 0.374721, 0.018526, -0.392625, 0.919512, 0.0, 0.0, 0.0, 0.0, 1.0],
                [0.999709, -0.006728, -0.023151, -0.0, 0.015427, 0.91644, 0.399874, 0.37472, 0.018526, -0.400114, 0.916278, 0.0, 0.0, 0.0, 0.0, 1.0],
