{
    "armature": {
        "joints": ["Root", "Thigh_R", "Leg_R", "Knee_R", "Thigh_L", "Leg_L", "Knee_L", "Torso", "Chest", "Head", "Shoulder_R", "Arm_R", "Hand_R", "Tool_R", "Elbow_R", "Shoulder_L", "Arm_L", "Hand_L", "Tool_L", "Elbow_L"],
        "hierarchy": [
            {
                "name": "Root",
                "transform": [1.0, 0.0, 0.0, -5e-06, 0.0, 0.0, -1.0, 0.000946, 0.0, 1.0, 0.0, 0.763972, 0.0, 0.0, 0.0, 1.0],
                "children": [
                    {
                        "name": "Thigh_R",
                        "transform": [1.0, -0.0, -0.0, 0.124994, -0.0, -1.0, 0.0, -0.002831, -0.0, -0.0, -1.0, -1.2e-05, 0.0, 0.0, 0.0, 1.0],
                        "children": [
                            {
                                "name": "Leg_R",
                                "transform": [1.0, 0.0, 1e-06, 0.0, -0.0, 1.0, 0.0, 0.37472, -1e-06, -0.0, 1.0, -0.0, 0.0, 0.0, 0.0, 1.0],
                                "children": []
                            },
                            {
                                "name": "Knee_R",
                                "transform": [1.0, 0.0, -0.0, 0.0, -0.0, 0.0, -1.0, 0.37472, -0.0, 1.0, 0.0, -0.0, 0.0, 0.0, 0.0, 1.0],
                                "children": []
                            }
                        ]
                    },
                    {
                        "name": "Thigh_L",
                        "transform": [1.0, -0.0, -0.0, -0.125006, -0.0, -1.0, 0.0, -0.002831, -0.0, -0.0, -1.0, -1.2e-05, 0.0, 0.0, 0.0, 1.0],
                        "children": [
                            {
                                "name": "Leg_L",
                                "transform": [1.0, 0.0, 1e-06, -0.0, -0.0, 1.0, 0.0, 0.37472, -1e-06, -0.0, 1.0, 0.0, 0.0, 0.0, 0.0, 1.0],
                                "children": []
                            },
                            {
                                "name": "Knee_L",
                                "transform": [1.0, 0.0, -0.0, -0.0, -0.0, 0.0, -1.0, 0.37472, -0.0, 1.0, 0.0, 0.0, 0.0, 0.0, 0.0, 1.0],
                                "children": []
                            }
                        ]
                    },
                    {
                        "name": "Torso",
                        "transform": [1.0, 0.0, 0.0, 0.0, 0.0, 1.0, 0.0, 0.05, 0.0, 0.0, 1.0, 0.0, 0.0, 0.0, 0.0, 1.0],
                        "children": [
                            {
                                "name": "Chest",
                                "transform": [1.0, 0.0, 0.0, 0.0, 0.0, 1.0, 0.0, 0.3, 0.0, 0.0, 1.0, 0.0, 0.0, 0.0, 0.0, 1.0],
                                "children": [
                                    {
                                        "name": "Head",
                                        "transform": [1.0, 0.0, 0.0, 0.0, 0.0, 1.0, 0.0, 0.4, 0.0, 0.0, 1.0, 0.0, 0.0, 0.0, 0.0, 1.0],
                                        "children": []
                                    },
                                    {
                                        "name": "Shoulder_R",
                                        "transform": [0.0, 0.952114, 0.305743, 0.0, 0.0, -0.305743, 0.952114, 0.4, 1.0, 0.0, -0.0, 0.0, 0.0, 0.0, 0.0, 1.0],
                                        "children": [
                                            {
                                                "name": "Arm_R",
                                                "transform": [0.0, -0.0, -1.0, -0.0, 0.952114, 0.305743, 0.0, 0.39386, 0.305743, -0.952114, 0.0, 0.0, 0.0, 0.0, 0.0, 1.0],
                                                "children": [
                                                    {
                                                        "name": "Hand_R",
                                                        "transform": [1.0, 0.0, 0.0, 0.0, -0.0, 0.993938, 0.109947, 0.3, -0.0, -0.109947, 0.993937, 0.0, 0.0, 0.0, 0.0, 1.0],
                                                        "children": [
                                                            {
                                                                "name": "Tool_R",
                                                                "transform": [1.0, 0.0, 0.0, -0.0, 0.0, -0.999836, 0.018122, 0.272858, 0.0, -0.018122, -0.999836, 0.0, 0.0, 0.0, 0.0, 1.0],
                                                                "children": []
                                                            }
                                                        ]
                                                    },
                                                    {
                                                        "name": "Elbow_R",
                                                        "transform": [-1.0, 0.0, -0.0, 0.0, 0.0, 0.0, -1.0, 0.3, -0.0, -1.0, -0.0, 0.0, 0.0, 0.0, 0.0, 1.0],
                                                        "children": []
                                                    }
                                                ]
                                            }
                                        ]
                                    },
                                    {
                                        "name": "Shoulder_L",
                                        "transform": [-0.0, -0.952114, -0.305743, 0.0, 0.0, -0.305743, 0.952114, 0.4, -1.0, 0.0, 0.0, 0.0, 0.0, 0.0, 0.0, 1.0],
                                        "children": [
                                            {
                                                "name": "Arm_L",
                                                "transform": [-0.0, -0.0, 1.0, -0.0, -0.952114, 0.305743, -0.0, 0.39386, -0.305743, -0.952114, -0.0, 0.0, 0.0, 0.0, 0.0, 1.0],
                                                "children": [
                                                    {
                                                        "name": "Hand_L",
                                                        "transform": [1.0, -0.0, 0.0, -0.0, 0.0, 0.993937, 0.109947, 0.3, -0.0, -0.109947, 0.993937, 0.0, 0.0, 0.0, 0.0, 1.0],
                                                        "children": [
                                                            {
                                                                "name": "Tool_L",
                                                                "transform": [1.0, 0.0, 0.0, -0.0, -0.0, -0.999836, 0.018122, 0.272858, 0.0, -0.018122, -0.999836, -0.0, 0.0, 0.0, 0.0, 1.0],
                                                                "children": []
                                                            }
                                                        ]
                                                    },
                                                    {
                                                        "name": "Elbow_L",
                                                        "transform": [-1.0, 0.0, -0.0, -0.0, 0.0, -0.0, -1.0, 0.3, -0.0, -1.0, 0.0, 0.0, 0.0, 0.0, 0.0, 1.0],
                                                        "children": []
                                                    }
                                                ]
                                            }
                                        ]
                                    }
                                ]
                            }
                        ]
                    }
                ]
            }
        ]
    },
    "animation": [
        {
            "name": "Root",
            "time": [0.0167, 0.0333, 0.05, 0.0667, 0.0833, 0.1, 0.1167, 0.1333, 0.15, 0.1667, 0.1833, 0.2, 0.2167, 0.2333, 0.25, 0.2667, 0.2833, 0.3, 0.3167, 0.3333, 0.35, 0.3667, 0.3833, 0.4, 0.4167, 0.4333, 0.45, 0.4667, 0.4833, 0.5, 0.5167, 0.5333, 0.55, 0.5667, 0.5833, 0.6, 0.6167, 0.6333, 0.65, 0.6667, 0.6833, 0.7, 0.7167, 0.7333, 0.75, 0.7667, 0.7833, 0.8, 0.8167, 0.8333, 0.85, 0.8667, 0.8833, 0.9, 0.9167, 0.9333, 0.95, 0.9667, 0.9833, 1.0, 1.0167, 1.0333, 1.05, 1.0667, 1.0833, 1.1, 1.1167, 1.1333, 1.15, 1.1667, 1.1833, 1.2, 1.2167, 1.2333, 1.25, 1.2667, 1.2833, 1.3, 1.3167, 1.3333, 1.35, 1.3667, 1.3833, 1.4, 1.4167, 1.4333, 1.45, 1.4667, 1.4833, 1.5, 1.5167, 1.5333, 1.55, 1.5667, 1.5833, 1.6, 1.6167, 1.6333, 1.65, 1.6667, 1.6833, 1.7, 1.7167, 1.7333, 1.75, 1.7667, 1.7833, 1.8, 1.8167, 1.8333, 1.85, 1.8667, 1.8833, 1.9, 1.9167, 1.9333, 1.95, 1.9667, 1.9833, 2.0, 2.0167, 2.0333, 2.05, 2.0667, 2.0833, 2.1, 2.1167, 2.1333, 2.15, 2.1667, 2.1833, 2.2, 2.2167, 2.2333, 2.25, 2.2667, 2.2833, 2.3, 2.3167, 2.3333, 2.35, 2.3667, 2.3833, 2.4, 2.4167, 2.4333, 2.45, 2.4667, 2.4833, 2.5, 2.5167, 2.5333, 2.55, 2.5667, 2.5833, 2.6, 2.6167, 2.6333, 2.65, 2.6667, 2.6833, 2.7, 2.7167, 2.7333, 2.75, 2.7667, 2.7833, 2.8, 2.8167, 2.8333, 2.85, 2.8667, 2.8833, 2.9, 2.9167, 2.9333, 2.95, 2.9667, 2.9833, 3.0, 3.0167, 3.0333, 3.05, 3.0667, 3.0833, 3.1, 3.1167, 3.1333, 3.15, 3.1667, 3.1833, 3.2, 3.2167, 3.2333, 3.25, 3.2667, 3.2833, 3.3, 3.3167, 3.3333, 3.35, 3.3667, 3.3833, 3.4, 3.5],
            "transform": [
                [1.0, 0.0, 0.0, -5e-06, 0.0, 0.0, -1.0, -0.002071, 0.0, 1.0, 0.0, 0.593581, 0.0, 0.0, 0.0, 1.0],
                [0.999936, -0.001679, -0.011182, -5e-06, -0.011169, 0.007551, -0.999909, -0.001866, 0.001763, 0.99997, 0.007532, 0.593581, 0.0, 0.0, 0.0, 1.0],
                [0.999068, -0.005787, -0.042766, -5e-06, -0.042584, 0.028616, -0.998683, -0.001085, 0.007003, 0.999574, 0.028343, 0.593581, 0.0, 0.0, 0.0, 1.0],
                [0.995722, -0.010518, -0.091796, -5e-06, -0.090994, 0.060851, -0.993991, 0.000514, 0.016041, 0.998091, 0.059634, 0.593581, 0.0, 0.0, 0.0, 1.0],
                [0.987806, -0.013824, -0.155074, -5e-06, -0.152893, 0.101775, -0.982988, 0.003178, 0.029372, 0.994711, 0.09842, 0.593581, 0.0, 0.0, 0.0, 1.0],
                [0.973335, -0.01377, -0.228974, -5e-06, -0.22446, 0.148614, -0.963084, 0.00715, 0.047291, 0.988799, 0.141561, 0.593581, 0.0, 0.0, 0.0, 1.0],
                [0.950868, -0.008849, -0.309469, -5e-06, -0.301666, 0.198299, -0.932564, 0.012677, 0.06962, 0.980102, 0.185887, 0.593581, 0.0, 0.0, 0.0, 1.0],
                [0.919807, 0.00178, -0.392367, -5e-06, -0.380554, 0.247613, -0.890992, 0.020001, 0.095569, 0.968857, 0.228434, 0.593581, 0.0, 0.0, 0.0, 1.0],
                [0.880501, 0.018186, -0.473695, -5e-06, -0.45761, 0.293439, -0.839337, 0.029369, 0.123736, 0.955805, 0.266696, 0.593581, 0.0, 0.0, 0.0, 1.0],
                [0.83415, 0.039703, -0.550107, -5e-06, -0.530113, 0.333006, -0.779799, 0.041025, 0.152229, 0.942089, 0.298824, 0.593581, 0.0, 0.0, 0.0, 1.0],
                [0.782553, 0.065089, -0.619173, -5e-06, -0.596348, 0.364032, -0.715437, 0.055214, 0.178831, 0.929109, 0.32369, 0.593581, 0.0, 0.0, 0.0, 1.0],
                [0.727859, 0.101228, -0.678214, -5e-06, -0.657889, 0.38203, -0.649026, 0.072181, 0.193399, 0.918589, 0.344661, 0.592272, 0.0, 0.0, 0.0, 1.0],
                [0.670009, 0.153171, -0.726379, -5e-06, -0.717593, 0.384234, -0.580882, 0.092169, 0.190125, 0.910441, 0.367355, 0.588654, 0.0, 0.0, 0.0, 1.0],
                [0.607264, 0.216895, -0.764321, -5e-06, -0.775415, 0.371386, -0.510689, 0.115426, 0.173092, 0.90279, 0.393713, 0.583188, 0.0, 0.0, 0.0, 1.0],
                [0.537831, 0.288379, -0.792197, -5e-06, -0.830218, 0.344518, -0.43823, 0.142194, 0.14655, 0.893389, 0.42471, 0.576337, 0.0, 0.0, 0.0, 1.0],
                [0.460508, 0.363389, -0.809865, -5e-06, -0.880155, 0.305287, -0.363493, 0.172719, 0.115152, 0.880198, 0.460426, 0.568561, 0.0, 0.0, 0.0, 1.0],
                [0.37521, 0.437541, -0.817175, -5e-06, -0.923127, 0.256258, -0.286651, 0.207245, 0.083986, 0.861911, 0.500056, 0.560324, 0.0, 0.0, 0.0, 1.0],
                [0.283478, 0.506293, -0.814437, -5e-06, -0.957202, 0.201053, -0.208186, 0.245957, 0.058342, 0.838597, 0.541619, 0.55212, 0.0, 0.0, 0.0, 1.0],
                [0.189113, 0.564553, -0.80344, -5e-06, -0.98101, 0.144514, -0.129363, 0.288795, 0.043076, 0.812647, 0.581162, 0.544582, 0.0, 0.0, 0.0, 1.0],
                [0.097076, 0.60864, -0.787485, -5e-06, -0.9944, 0.092518, -0.051077, 0.335641, 0.041769, 0.788034, 0.614213, 0.538374, 0.0, 0.0, 0.0, 1.0],
                [0.012286, 0.636873, -0.770871, -5e-06, -0.998328, 0.051363, 0.026524, 0.386373, 0.056487, 0.769256, 0.636439, 0.534161, 0.0, 0.0, 0.0, 1.0],
                [-0.061319, 0.649092, -0.758235, -5e-06, -0.994231, 0.027259, 0.10374, 0.440872, 0.088005, 0.760222, 0.643676, 0.532609, 0.0, 0.0, 0.0, 1.0],
                [-0.124425, 0.650988, -0.748821, -5e-06, -0.983696, 0.017834, 0.178956, 0.499018, 0.129852, 0.758878, 0.638155, 0.557728, 0.0, 0.0, 0.0, 1.0],
                [-0.183011, 0.64946, -0.738044, -5e-06, -0.967227, 0.015456, 0.253441, 0.560691, 0.176007, 0.760238, 0.625347, 0.62395, 0.0, 0.0, 0.0, 1.0],
                [-0.242443, 0.646366, -0.723487, -5e-06, -0.943063, 0.018024, 0.332127, 0.625772, 0.227715, 0.762815, 0.605193, 0.717574, 0.0, 0.0, 0.0, 1.0],
                [-0.308049, 0.643166, -0.70103, -5e-06, -0.907156, 0.023449, 0.420139, 0.694141, 0.286658, 0.765368, 0.576228, 0.824899, 0.0, 0.0, 0.0, 1.0],
                [-0.384719, 0.641072, -0.664092, -5e-06, -0.852211, 0.029685, 0.522355, 0.765677, 0.354581, 0.766907, 0.534908, 0.932224, 0.0, 0.0, 0.0, 1.0],
                [-0.475965, 0.641097, -0.60204, -5e-06, -0.765789, 0.034504, 0.642166, 0.840261, 0.432464, 0.766684, 0.474522, 1.025848, 0.0, 0.0, 0.0, 1.0],
                [-0.581045, 0.6439, -0.497774, -5e-06, -0.627514, 0.035041, 0.777816, 0.917774, 0.518279, 0.764306, 0.383696, 1.09207, 0.0, 0.0, 0.0, 1.0],
                [-0.68731, 0.649092, -0.326013, -5e-06, -0.407274, 0.027259, 0.912899, 0.998094, 0.601442, 0.760222, 0.245623, 1.117188, 0.0, 0.0, 0.0, 1.0],
                [-0.755679, 0.651346, -0.068535, -5e-06, -0.083239, 0.008279, 0.996495, 1.081103, 0.64963, 0.758736, 0.047961, 1.117188, 0.0, 0.0, 0.0, 1.0],
                [-0.728993, 0.645309, 0.228354, -5e-06, 0.289513, -0.01163, 0.957103, 1.16668, 0.620283, 0.763833, -0.178348, 1.117188, 0.0, 0.0, 0.0, 1.0],
                [-0.605467, 0.635905, 0.478576, -5e-06, 0.607951, -0.018524, 0.793758, 1.254707, 0.51362, 0.771545, -0.375383, 1.117188, 0.0, 0.0, 0.0, 1.0],
                [-0.447888, 0.633954, 0.630476, -5e-06, 0.812367, -0.00598, 0.583116, 1.345061, 0.373439, 0.773348, -0.512324, 1.117188, 0.0, 0.0, 0.0, 1.0],
                [-0.326013, 0.649092, 0.68731, -5e-06, 0.912899, 0.027259, 0.407274, 1.437626, 0.245623, 0.760222, -0.601442, 1.117188, 0.0, 0.0, 0.0, 1.0],
                [-0.237075, 0.67817, 0.695616, -5e-06, 0.96228, 0.065556, 0.264046, 1.532279, 0.133467, 0.731976, -0.668131, 1.116859, 0.0, 0.0, 0.0, 1.0],
                [-0.140588, 0.712566, 0.687375, -5e-06, 0.989945, 0.090225, 0.10894, 1.628901, 0.015609, 0.695779, -0.718086, 1.114552, 0.0, 0.0, 0.0, 1.0],
                [-0.032763, 0.751135, 0.659336, -5e-06, 0.993007, 0.099326, -0.063812, 1.727373, -0.11342, 0.652634, -0.749136, 1.108291, 0.0, 0.0, 0.0, 1.0],
                [0.089061, 0.791872, 0.604158, -5e-06, 0.961869, 0.089108, -0.258587, 1.827575, -0.258603, 0.604151, -0.753741, 1.096099, 0.0, 0.0, 0.0, 1.0],
                [0.22346, 0.8306, 0.510069, -5e-06, 0.878995, 0.054426, -0.473714, 1.929386, -0.421228, 0.554204, -0.717931, 1.075999, 0.0, 0.0, 0.0, 1.0],
                [0.359736, 0.859492, 0.363129, -5e-06, 0.720731, -0.008803, -0.693159, 2.032688, -0.592568, 0.511073, -0.622629, 1.046013, 0.0, 0.0, 0.0, 1.0],
                [0.472828, 0.867201, 0.156192, -5e-06, 0.468864, -0.097527, -0.87787, 2.137359, -0.746057, 0.488314, -0.452713, 1.004165, 0.0, 0.0, 0.0, 1.0],
                [0.527813, 0.84399, -0.095368, -5e-06, 0.134946, -0.194184, -0.971639, 2.243281, -0.838572, 0.499974, -0.216386, 0.948477, 0.0, 0.0, 0.0, 1.0],
                [0.51951, 0.78093, -0.346781, -5e-06, -0.221736, -0.26873, -0.937346, 2.350333, -0.825192, 0.563855, 0.033552, 0.846042, 0.0, 0.0, 0.0, 1.0],
                [0.4692, 0.689284, -0.552032, -5e-06, -0.515595, -0.293681, -0.804931, 2.458396, -0.716947, 0.662298, 0.217596, 0.701372, 0.0, 0.0, 0.0, 1.0],
                [0.408167, 0.594019, -0.69321, -5e-06, -0.705426, -0.276758, -0.652517, 2.56735, -0.579459, 0.755345, 0.306073, 0.568618, 0.0, 0.0, 0.0, 1.0],
                [0.371527, 0.507338, -0.777545, -5e-06, -0.801072, -0.248171, -0.544697, 2.677074, -0.469309, 0.825239, 0.314212, 0.501931, 0.0, 0.0, 0.0, 1.0],
                [0.338953, 0.427654, -0.837987, -5e-06, -0.854726, -0.232225, -0.464236, 2.787449, -0.393134, 0.873604, 0.286814, 0.487177, 0.0, 0.0, 0.0, 1.0],
                [0.270996, 0.348186, -0.8974, -5e-06, -0.903618, -0.229255, -0.361824, 2.898356, -0.331715, 0.90896, 0.2525, 0.474062, 0.0, 0.0, 0.0, 1.0],
                [0.165365, 0.263544, -0.950368, -5e-06, -0.944324, -0.235612, -0.229651, 3.009674, -0.284441, 0.935431, 0.209908, 0.462487, 0.0, 0.0, 0.0, 1.0],
                [0.017594, 0.167568, -0.985703, -5e-06, -0.967383, -0.246318, -0.059141, 3.121284, -0.252707, 0.954593, 0.157768, 0.452358, 0.0, 0.0, 0.0, 1.0],
                [-0.175003, 0.054252, -0.983072, -5e-06, -0.954764, -0.253166, 0.155992, 3.233064, -0.240418, 0.9659, 0.096103, 0.443576, 0.0, 0.0, 0.0, 1.0],
                [-0.40507, -0.079299, -0.91084, -5e-06, -0.878382, -0.242685, 0.411764, 3.344898, -0.2537, 0.966859, 0.028649, 0.436047, 0.0, 0.0, 0.0, 1.0],
                [-0.642118, -0.226597, -0.732351, -5e-06, -0.706285, -0.196579, 0.680087, 3.456663, -0.29807, 0.953945, -0.033815, 0.429674, 0.0, 0.0, 0.0, 1.0],
                [-0.82518, -0.365129, -0.430996, -5e-06, -0.425553, -0.099909, 0.899401, 3.56824, -0.371458, 0.92558, -0.072939, 0.424361, 0.0, 0.0, 0.0, 1.0],
                [-0.886154, -0.461191, -0.045093, -5e-06, -0.073018, 0.042875, 0.996409, 3.67951, -0.457602, 0.886264, -0.071669, 0.42001, 0.0, 0.0, 0.0, 1.0],
                [-0.802737, -0.492763, 0.335855, -5e-06, 0.269848, 0.202078, 0.94146, 3.790352, -0.531786, 0.846374, -0.029245, 0.416527, 0.0, 0.0, 0.0, 1.0],
                [-0.618474, -0.46684, 0.6321, -5e-06, 0.532535, 0.342504, 0.774014, 3.900646, -0.577837, 0.815323, 0.036779, 0.413814, 0.0, 0.0, 0.0, 1.0],
                [-0.401087, -0.408614, 0.819856, -5e-06, 0.695802, 0.446228, 0.562797, 4.010273, -0.59581, 0.796188, 0.105338, 0.411775, 0.0, 0.0, 0.0, 1.0],
                [-0.198621, -0.341204, 0.918765, -5e-06, 0.778917, 0.514012, 0.359278, 4.119113, -0.594843, 0.787002, 0.163677, 0.410314, 0.0, 0.0, 0.0, 1.0],
                [-0.031319, -0.277614, 0.960182, -5e-06, 0.810785, 0.554727, 0.186832, 4.227047, -0.584506, 0.784352, 0.207711, 0.409335, 0.0, 0.0, 0.0, 1.0],
                [0.097668, -0.222724, 0.969977, -5e-06, 0.814781, 0.577558, 0.050576, 4.333954, -0.571482, 0.785379, 0.237881, 0.408741, 0.0, 0.0, 0.0, 1.0],
                [0.191904, -0.177167, 0.96529, -5e-06, 0.806165, 0.589393, -0.052094, 4.439714, -0.559706, 0.78818, 0.255932, 0.408436, 0.0, 0.0, 0.0, 1.0],
                [0.256092, -0.139893, 0.956476, -5e-06, 0.794002, 0.5948, -0.125595, 4.544207, -0.551342, 0.791608, 0.263398, 0.408323, 0.0, 0.0, 0.0, 1.0],
                [0.293765, -0.109424, 0.949594, -5e-06, 0.783475, 0.596677, -0.173618, 4.647315, -0.547603, 0.794986, 0.261014, 0.408307, 0.0, 0.0, 0.0, 1.0],
                [0.325675, -0.078301, 0.942234, -5e-06, 0.771452, 0.598164, -0.216938, 4.748915, -0.546624, 0.797539, 0.255213, 0.408307, 0.0, 0.0, 0.0, 1.0],
                [0.370041, -0.039788, 0.928163, -5e-06, 0.751646, 0.599985, -0.273947, 4.848891, -0.545984, 0.799022, 0.251925, 0.408307, 0.0, 0.0, 0.0, 1.0],
                [0.425228, 0.006547, 0.905062, -5e-06, 0.722129, 0.600376, -0.343623, 4.94712, -0.545628, 0.799691, 0.250569, 0.408307, 0.0, 0.0, 0.0, 1.0],
                [0.489258, 0.060963, 0.870006, -5e-06, 0.680494, 0.597243, -0.424534, 5.043484, -0.545486, 0.79974, 0.250721, 0.408307, 0.0, 0.0, 0.0, 1.0],
                [0.559254, 0.123183, 0.819793, -5e-06, 0.624238, 0.588136, -0.514221, 5.137863, -0.545493, 0.799326, 0.252022, 0.408307, 0.0, 0.0, 0.0, 1.0],
                [0.631045, 0.191985, 0.751614, -5e-06, 0.551436, 0.570451, -0.60869, 5.230134, -0.545619, 0.798578, 0.254113, 0.408307, 0.0, 0.0, 0.0, 1.0],
                [0.699149, 0.264865, 0.664106, -5e-06, 0.46172, 0.541937, -0.702224, 5.320182, -0.545898, 0.797591, 0.256601, 0.408307, 0.0, 0.0, 0.0, 1.0],
                [0.757408, 0.337996, 0.558651, -5e-06, 0.357354, 0.501494, -0.787909, 5.407885, -0.546471, 0.796405, 0.259052, 0.408307, 0.0, 0.0, 0.0, 1.0],
                [0.800406, 0.406763, 0.440335, -5e-06, 0.24389, 0.450046, -0.859056, 5.493123, -0.547603, 0.794986, 0.261014, 0.408307, 0.0, 0.0, 0.0, 1.0],
                [0.825438, 0.467006, 0.317107, -5e-06, 0.129098, 0.390693, -0.911423, 5.575776, -0.549532, 0.793262, 0.262204, 0.408307, 0.0, 0.0, 0.0, 1.0],
                [0.833645, 0.516563, 0.195446, -5e-06, 0.018882, 0.327013, -0.944831, 5.655723, -0.551978, 0.791344, 0.262859, 0.408307, 0.0, 0.0, 0.0, 1.0],
                [0.828054, 0.554908, 0.080016, -5e-06, -0.082904, 0.262344, -0.961407, 5.732848, -0.554484, 0.789463, 0.263239, 0.408307, 0.0, 0.0, 0.0, 1.0],
                [0.812317, 0.582625, -0.026265, -5e-06, -0.174201, 0.199406, -0.964309, 5.807028, -0.556593, 0.7879, 0.263475, 0.408307, 0.0, 0.0, 0.0, 1.0],
                [0.789929, 0.600909, -0.122149, -5e-06, -0.254518, 0.140072, -0.95687, 5.878143, -0.557883, 0.786948, 0.263589, 0.408307, 0.0, 0.0, 0.0, 1.0],
                [0.763789, 0.611141, -0.207686, -5e-06, -0.324482, 0.085396, -0.942029, 5.946074, -0.557977, 0.786902, 0.263529, 0.408307, 0.0, 0.0, 0.0, 1.0],
                [0.736039, 0.614581, -0.283789, -5e-06, -0.385386, 0.035779, -0.922062, 6.010703, -0.556528, 0.788042, 0.263186, 0.408307, 0.0, 0.0, 0.0, 1.0],
                [0.708095, 0.612213, -0.351847, -5e-06, -0.438838, -0.008828, -0.898523, 6.071906, -0.553193, 0.790644, 0.262411, 0.408307, 0.0, 0.0, 0.0, 1.0],
                [0.680747, 0.604667, -0.413475, -5e-06, -0.486534, -0.048736, -0.872301, 6.129568, -0.547603, 0.794986, 0.261014, 0.408307, 0.0, 0.0, 0.0, 1.0],
                [0.652864, 0.594424, -0.469499, -5e-06, -0.52951, -0.085077, -0.844027, 6.183611, -0.541653, 0.799639, 0.25921, 0.408307, 0.0, 0.0, 0.0, 1.0],
                [0.623284, 0.583831, -0.520248, -5e-06, -0.568135, -0.11907, -0.814276, 6.234149, -0.537346, 0.803096, 0.257481, 0.408307, 0.0, 0.0, 0.0, 1.0],
                [0.592245, 0.572969, -0.566526, -5e-06, -0.602998, -0.151193, -0.783285, 6.281337, -0.534452, 0.80551, 0.255956, 0.408307, 0.0, 0.0, 0.0, 1.0],
                [0.55989, 0.561842, -0.60898, -5e-06, -0.634569, -0.181831, -0.751172, 6.325333, -0.532772, 0.807014, 0.254722, 0.408307, 0.0, 0.0, 0.0, 1.0],
                [0.526298, 0.550403, -0.648126, -5e-06, -0.663217, -0.211289, -0.717984, 6.366294, -0.532122, 0.807721, 0.253836, 0.408307, 0.0, 0.0, 0.0, 1.0],
                [0.491517, 0.538571, -0.684363, -5e-06, -0.689221, -0.239798, -0.683719, 6.404377, -0.53234, 0.807737, 0.25333, 0.408307, 0.0, 0.0, 0.0, 1.0],
                [0.455584, 0.526239, -0.717994, -5e-06, -0.712789, -0.267521, -0.648355, 6.43974, -0.533269, 0.807158, 0.253219, 0.408307, 0.0, 0.0, 0.0, 1.0],
                [0.418547, 0.51329, -0.749234, -5e-06, -0.734064, -0.294559, -0.61187, 6.472539, -0.534761, 0.806082, 0.253501, 0.408307, 0.0, 0.0, 0.0, 1.0],
                [0.380477, 0.499601, -0.778226, -5e-06, -0.75314, -0.320952, -0.574256, 6.502931, -0.536672, 0.804604, 0.254155, 0.408307, 0.0, 0.0, 0.0, 1.0],
                [0.341487, 0.485058, -0.80505, -5e-06, -0.770075, -0.346681, -0.535533, 6.531074, -0.538861, 0.802827, 0.255144, 0.408307, 0.0, 0.0, 0.0, 1.0],
                [0.301739, 0.469562, -0.829738, -5e-06, -0.784903, -0.371672, -0.49577, 6.557124, -0.541185, 0.800857, 0.256413, 0.408307, 0.0, 0.0, 0.0, 1.0],
                [0.261459, 0.453042, -0.852286, -5e-06, -0.797647, -0.395797, -0.455087, 6.581239, -0.543506, 0.79881, 0.257883, 0.408307, 0.0, 0.0, 0.0, 1.0],
                [0.220939, 0.435467, -0.872671, -5e-06, -0.808338, -0.418882, -0.413675, 6.603576, -0.545688, 0.79681, 0.259457, 0.408307, 0.0, 0.0, 0.0, 1.0],
                [0.18054, 0.416853, -0.890864, -5e-06, -0.817029, -0.440716, -0.371797, 6.624291, -0.547603, 0.794986, 0.261014, 0.408307, 0.0, 0.0, 0.0, 1.0],
                [0.140657, 0.397293, -0.906848, -5e-06, -0.8238, -0.461086, -0.329778, 6.643542, -0.549153, 0.793447, 0.262435, 0.408307, 0.0, 0.0, 0.0, 1.0],
                [0.101577, 0.376986, -0.920632, -5e-06, -0.828733, -0.479885, -0.287944, 6.661487, -0.550348, 0.792207, 0.263676, 0.408307, 0.0, 0.0, 0.0, 1.0],
                [0.063525, 0.356153, -0.932266, -5e-06, -0.831937, -0.497069, -0.246584, 6.678281, -0.551222, 0.791251, 0.26472, 0.408307, 0.0, 0.0, 0.0, 1.0],
                [0.026687, 0.335003, -0.941839, -5e-06, -0.833541, -0.512631, -0.205956, 6.694082, -0.551812, 0.790558, 0.265558, 0.408307, 0.0, 0.0, 0.0, 1.0],
                [-0.008796, 0.313728, -0.949472, -5e-06, -0.833694, -0.526598, -0.166277, 6.709049, -0.552156, 0.790107, 0.266185, 0.408307, 0.0, 0.0, 0.0, 1.0],
                [-0.042823, 0.2925, -0.955306, -5e-06, -0.832551, -0.539023, -0.127721, 6.723336, -0.55229, 0.789872, 0.266604, 0.408307, 0.0, 0.0, 0.0, 1.0],
                [-0.075331, 0.271468, -0.959495, -5e-06, -0.830268, -0.549981, -0.09042, 6.737101, -0.55225, 0.789826, 0.266822, 0.408307, 0.0, 0.0, 0.0, 1.0],
                [-0.106294, 0.250755, -0.962197, -5e-06, -0.826996, -0.559564, -0.054468, 6.750502, -0.552069, 0.789943, 0.266852, 0.408307, 0.0, 0.0, 0.0, 1.0],
                [-0.13572, 0.230459, -0.963571, -5e-06, -0.822875, -0.567874, -0.019917, 6.763697, -0.551777, 0.790195, 0.26671, 0.408307, 0.0, 0.0, 0.0, 1.0],
                [-0.163641, 0.210653, -0.963767, -5e-06, -0.818033, -0.575019, 0.013213, 6.77684, -0.551401, 0.790556, 0.266417, 0.408307, 0.0, 0.0, 0.0, 1.0],
                [-0.190113, 0.191388, -0.962927, -5e-06, -0.812583, -0.58111, 0.044931, 6.79009, -0.550967, 0.791, 0.265995, 0.408307, 0.0, 0.0, 0.0, 1.0],
                [-0.215212, 0.172694, -0.961177, -5e-06, -0.80662, -0.586258, 0.075274, 6.803604, -0.550498, 0.791504, 0.265468, 0.408307, 0.0, 0.0, 0.0, 1.0],
                [-0.239026, 0.154582, -0.95863, -5e-06, -0.800221, -0.590566, 0.104297, 6.817539, -0.550012, 0.792045, 0.26486, 0.408307, 0.0, 0.0, 0.0, 1.0],
                [-0.261654, 0.137048, -0.955382, -5e-06, -0.793446, -0.594138, 0.132076, 6.832052, -0.549528, 0.792602, 0.264199, 0.408307, 0.0, 0.0, 0.0, 1.0],
                [-0.283205, 0.120074, -0.951513, -5e-06, -0.786339, -0.597065, 0.158698, 6.847301, -0.54906, 0.793155, 0.26351, 0.408307, 0.0, 0.0, 0.0, 1.0],
                [-0.303791, 0.103627, -0.947086, -5e-06, -0.778926, -0.599435, 0.184263, 6.863441, -0.548622, 0.793687, 0.26282, 0.408307, 0.0, 0.0, 0.0, 1.0],
                [-0.323528, 0.087668, -0.942149, -5e-06, -0.771218, -0.601326, 0.208878, 6.880631, -0.548226, 0.79418, 0.262157, 0.408307, 0.0, 0.0, 0.0, 1.0],
                [-0.342535, 0.072146, -0.936731, -5e-06, -0.763213, -0.602808, 0.232657, 6.899027, -0.547883, 0.794618, 0.261545, 0.408307, 0.0, 0.0, 0.0, 1.0],
                [-0.360932, 0.057004, -0.930848, -5e-06, -0.75489, -0.603943, 0.25572, 6.918787, -0.547603, 0.794986, 0.261014, 0.408307, 0.0, 0.0, 0.0, 1.0],
                [-0.378807, 0.042197, -0.924513, -5e-06, -0.746237, -0.60478, 0.278157, 6.939988, -0.54739, 0.795274, 0.260584, 0.408307, 0.0, 0.0, 0.0, 1.0],
                [-0.396129, 0.027753, -0.917775, -5e-06, -0.737301, -0.605335, 0.299927, 6.962388, -0.547237, 0.795487, 0.260253, 0.408307, 0.0, 0.0, 0.0, 1.0],
                [-0.412833, 0.013722, -0.910703, -5e-06, -0.728155, -0.605621, 0.320957, 6.985668, -0.547137, 0.795635, 0.260013, 0.408307, 0.0, 0.0, 0.0, 1.0],
                [-0.428855, 0.00016, -0.903373, -5e-06, -0.718879, -0.605657, 0.341163, 7.009506, -0.54708, 0.795726, 0.259854, 0.408307, 0.0, 0.0, 0.0, 1.0],
                [-0.444128, -0.012873, -0.895871, -5e-06, -0.709561, -0.605465, 0.360465, 7.033582, -0.547059, 0.795767, 0.25977, 0.408307, 0.0, 0.0, 0.0, 1.0],
                [-0.458585, -0.025312, -0.88829, -5e-06, -0.700298, -0.605072, 0.378775, 7.057575, -0.547067, 0.795768, 0.259751, 0.408307, 0.0, 0.0, 0.0, 1.0],
                [-0.472158, -0.037089, -0.880733, -5e-06, -0.691195, -0.604508, 0.396004, 7.081163, -0.547097, 0.795735, 0.259788, 0.408307, 0.0, 0.0, 0.0, 1.0],
                [-0.484781, -0.048131, -0.87331, -5e-06, -0.682364, -0.603808, 0.412063, 7.104029, -0.547145, 0.795676, 0.259872, 0.408307, 0.0, 0.0, 0.0, 1.0],
                [-0.496384, -0.058364, -0.866139, -5e-06, -0.673922, -0.60301, 0.426858, 7.125847, -0.547204, 0.795596, 0.259992, 0.408307, 0.0, 0.0, 0.0, 1.0],
                [-0.5069, -0.067708, -0.859342, -5e-06, -0.665994, -0.602156, 0.440295, 7.146301, -0.547269, 0.795502, 0.26014, 0.408307, 0.0, 0.0, 0.0, 1.0],
                [-0.51626, -0.076084, -0.853046, -5e-06, -0.658709, -0.601288, 0.452277, 7.165068, -0.547338, 0.795401, 0.260304, 0.408307, 0.0, 0.0, 0.0, 1.0],
                [-0.524393, -0.083409, -0.847381, -5e-06, -0.652196, -0.600451, 0.462708, 7.181828, -0.547405, 0.795299, 0.260473, 0.408307, 0.0, 0.0, 0.0, 1.0],
                [-0.531227, -0.089597, -0.842479, -5e-06, -0.646589, -0.599687, 0.471485, 7.196259, -0.547467, 0.795203, 0.260638, 0.408307, 0.0, 0.0, 0.0, 1.0],
                [-0.536688, -0.094563, -0.838465, -5e-06, -0.642017, -0.599038, 0.478505, 7.208043, -0.547522, 0.795117, 0.260785, 0.408307, 0.0, 0.0, 0.0, 1.0],
                [-0.540697, -0.09822, -0.835464, -5e-06, -0.638609, -0.598541, 0.483662, 7.216856, -0.547565, 0.795048, 0.260905, 0.408307, 0.0, 0.0, 0.0, 1.0],
                [-0.543168, -0.100478, -0.83359, -5e-06, -0.636483, -0.598226, 0.486841, 7.222379, -0.547592, 0.795003, 0.260985, 0.408307, 0.0, 0.0, 0.0, 1.0],
                [-0.544014, -0.101251, -0.832945, -5e-06, -0.635752, -0.598118, 0.487928, 7.224291, -0.547603, 0.794986, 0.261014, 0.408307, 0.0, 0.0, 0.0, 1.0],
                [-0.544014, -0.101251, -0.832945, -5e-06, -0.635752, -0.598118, 0.487928, 7.224291, -0.547603, 0.794986, 0.261014, 0.408307, 0.0, 0.0, 0.0, 1.0],
                [-0.544014, -0.101251, -0.832945, -5e-06, -0.635752, -0.598118, 0.487928, 7.224291, -0.547603, 0.794986, 0.261014, 0.408307, 0.0, 0.0, 0.0, 1.0],
                [-0.544014, -0.101251, -0.832945, -5e-06, -0.635752, -0.598118, 0.487928, 7.224291, -0.547603, 0.794986, 0.261014, 0.408307, 0.0, 0.0, 0.0, 1.0],
                [-0.544014, -0.101251, -0.832945, -5e-06, -0.635752, -0.598118, 0.487928, 7.224291, -0.547603, 0.794986, 0.261014, 0.408307, 0.0, 0.0, 0.0, 1.0],
                [-0.544014, -0.101251, -0.832945, -5e-06, -0.635752, -0.598118, 0.487928, 7.224291, -0.547603, 0.794986, 0.261014, 0.408307, 0.0, 0.0, 0.0, 1.0],
                [-0.544014, -0.101251, -0.832945, -5e-06, -0.635752, -0.598118, 0.487928, 7.224291, -0.547603, 0.794986, 0.261014, 0.408307, 0.0, 0.0, 0.0, 1.0],
                [-0.544014, -0.101251, -0.832945, -5e-06, -0.635752, -0.598118, 0.487928, 7.224291, -0.547603, 0.794986, 0.261014, 0.408307, 0.0, 0.0, 0.0, 1.0],
                [-0.544014, -0.101251, -0.832945, -5e-06, -0.635752, -0.598118, 0.487928, 7.224291, -0.547603, 0.794986, 0.261014, 0.408307, 0.0, 0.0, 0.0, 1.0],
                [-0.544014, -0.101251, -0.832945, -5e-06, -0.635752, -0.598118, 0.487928, 7.224291, -0.547603, 0.794986, 0.261014, 0.408307, 0.0, 0.0, 0.0, 1.0],
                [-0.544014, -0.101251, -0.832945, -5e-06, -0.635752, -0.598118, 0.487928, 7.224291, -0.547603, 0.794986, 0.261014, 0.408307, 0.0, 0.0, 0.0, 1.0],
                [-0.544014, -0.101251, -0.832945, -5e-06, -0.635752, -0.598118, 0.487928, 7.224291, -0.547603, 0.794986, 0.261014, 0.408307, 0.0, 0.0, 0.0, 1.0],
                [-0.544014, -0.101251, -0.832945, -5e-06, -0.635752, -0.598118, 0.487928, 7.224291, -0.547603, 0.794986, 0.261014, 0.408307, 0.0, 0.0, 0.0, 1.0],
                [-0.544014, -0.101251, -0.832945, -5e-06, -0.635752, -0.598118, 0.487928, 7.224291, -0.547603, 0.794986, 0.261014, 0.408307, 0.0, 0.0, 0.0, 1.0],
                [-0.544014, -0.101251, -0.832945, -5e-06, -0.635752, -0.598118, 0.487928, 7.224291, -0.547603, 0.794986, 0.261014, 0.408307, 0.0, 0.0, 0.0, 1.0],
                [-0.544014, -0.101251, -0.832945, -5e-06, -0.635752, -0.598118, 0.487928, 7.224291, -0.547603, 0.794986, 0.261014, 0.408307, 0.0, 0.0, 0.0, 1.0],
                [-0.544014, -0.101251, -0.832945, -5e-06, -0.635752, -0.598118, 0.487928, 7.224291, -0.547603, 0.794986, 0.261014, 0.408307, 0.0, 0.0, 0.0, 1.0],
                [-0.544014, -0.101251, -0.832945, -5e-06, -0.635752, -0.598118, 0.487928, 7.224291, -0.547603, 0.794986, 0.261014, 0.408307, 0.0, 0.0, 0.0, 1.0],
                [-0.544014, -0.101251, -0.832945, -5e-06, -0.635752, -0.598118, 0.487928, 7.224291, -0.547603, 0.794986, 0.261014, 0.408307, 0.0, 0.0, 0.0, 1.0],
                [-0.544014, -0.101251, -0.832945, -5e-06, -0.635752, -0.598118, 0.487928, 7.224291, -0.547603, 0.794986, 0.261014, 0.408307, 0.0, 0.0, 0.0, 1.0],
                [-0.53231, -0.097219, -0.840948, -5e-06, -0.645186, -0.596542, 0.477359, 7.224291, -0.548069, 0.796672, 0.254821, 0.409038, 0.0, 0.0, 0.0, 1.0],
                [-0.497176, -0.085478, -0.863429, -5e-06, -0.671935, -0.591649, 0.445482, 7.224291, -0.548926, 0.801651, 0.236718, 0.41117, 0.0, 0.0, 0.0, 1.0],
                [-0.436524, -0.066463, -0.897234, -5e-06, -0.713071, -0.582553, 0.390078, 7.224291, -0.548612, 0.810071, 0.206906, 0.414618, 0.0, 0.0, 0.0, 1.0],
                [-0.346153, -0.040758, -0.937292, -5e-06, -0.764034, -0.567536, 0.306846, 7.224291, -0.544454, 0.822339, 0.165314, 0.419293, 0.0, 0.0, 0.0, 1.0],
                [-0.220849, -0.009601, -0.975261, -5e-06, -0.817145, -0.544079, 0.1904, 7.224291, -0.532447, 0.838979, 0.112314, 0.425108, 0.0, 0.0, 0.0, 1.0],
                [-0.056643, 0.024409, -0.998096, -5e-06, -0.859923, -0.509128, 0.036351, 7.224291, -0.507271, 0.860345, 0.049829, 0.431976, 0.0, 0.0, 0.0, 1.0],
                [0.145096, 0.056601, -0.987797, -5e-06, -0.874346, -0.459957, -0.154787, 7.224291, -0.463105, 0.886135, -0.017249, 0.439809, 0.0, 0.0, 0.0, 1.0],
                [0.372312, 0.080195, -0.924637, -5e-06, -0.839422, -0.395899, -0.372336, 7.224291, -0.395922, 0.914786, -0.08008, 0.448519, 0.0, 0.0, 0.0, 1.0],
                [0.599389, 0.087968, -0.79561, -5e-06, -0.739238, -0.320396, -0.592346, 7.224291, -0.307018, 0.94319, -0.127012, 0.45802, 0.0, 0.0, 0.0, 1.0],
                [0.792731, 0.075742, -0.604847, -5e-06, -0.573942, -0.241521, -0.78247, 7.224291, -0.205349, 0.967435, -0.14799, 0.468223, 0.0, 0.0, 0.0, 1.0],
                [0.925321, 0.045408, -0.376457, -5e-06, -0.364272, -0.169246, -0.915785, 7.224291, -0.105298, 0.984527, -0.140066, 0.479041, 0.0, 0.0, 0.0, 1.0],
                [0.989548, 0.004141, -0.144145, -5e-06, -0.142803, -0.110852, -0.983524, 7.224291, -0.020052, 0.993828, -0.109102, 0.490377, 0.0, 0.0, 0.0, 1.0],
                [0.997137, -0.040056, 0.064132, -5e-06, 0.061293, -0.068483, -0.995768, 7.224291, 0.044278, 0.996848, -0.065832, 0.502093, 0.0, 0.0, 0.0, 1.0],
                [0.968871, -0.080995, 0.233943, -5e-06, 0.231338, -0.040312, -0.972038, 7.224291, 0.088161, 0.995899, -0.02032, 0.514043, 0.0, 0.0, 0.0, 1.0],
                [0.924754, -0.115182, 0.362717, -5e-06, 0.36259, -0.022798, -0.93167, 7.224291, 0.115581, 0.993083, 0.020681, 0.526078, 0.0, 0.0, 0.0, 1.0],
                [0.879599, -0.141294, 0.454248, -5e-06, 0.457239, -0.012431, -0.889257, 7.224291, 0.131293, 0.98989, 0.053671, 0.538052, 0.0, 0.0, 0.0, 1.0],
                [0.842863, -0.159196, 0.514042, -5e-06, 0.519775, -0.006513, -0.854279, 7.224291, 0.139345, 0.987226, 0.077256, 0.549818, 0.0, 0.0, 0.0, 1.0],
                [0.820114, -0.169156, 0.546626, -5e-06, 0.554144, -0.0033, -0.832415, 7.224291, 0.142612, 0.985584, 0.09103, 0.561227, 0.0, 0.0, 0.0, 1.0],
                [0.814519, -0.171372, 0.554247, -5e-06, 0.562292, -0.001925, -0.826937, 7.224291, 0.142781, 0.985204, 0.094793, 0.572133, 0.0, 0.0, 0.0, 1.0],
                [0.818564, -0.169513, 0.548833, -5e-06, 0.556703, -0.001328, -0.830711, 7.224291, 0.141545, 0.985527, 0.093281, 0.582417, 0.0, 0.0, 0.0, 1.0],
                [0.82342, -0.167249, 0.542224, -5e-06, 0.549883, -0.00062, -0.835242, 7.224291, 0.14003, 0.985914, 0.091457, 0.592071, 0.0, 0.0, 0.0, 1.0],
                [0.829084, -0.164565, 0.534357, -5e-06, 0.54177, 0.000192, -0.840527, 7.224291, 0.138219, 0.986366, 0.089315, 0.601115, 0.0, 0.0, 0.0, 1.0],
                [0.83555, -0.161439, 0.525161, -5e-06, 0.532293, 0.001101, -0.846559, 7.224291, 0.13609, 0.986882, 0.086853, 0.609572, 0.0, 0.0, 0.0, 1.0],
                [0.842801, -0.157853, 0.514557, -5e-06, 0.521375, 0.002096, -0.853325, 7.224291, 0.133621, 0.98746, 0.084067, 0.617461, 0.0, 0.0, 0.0, 1.0],
                [0.85081, -0.153785, 0.502466, -5e-06, 0.508937, 0.003164, -0.860798, 7.224291, 0.130788, 0.988099, 0.080959, 0.624803, 0.0, 0.0, 0.0, 1.0],
                [0.859533, -0.149217, 0.488812, -5e-06, 0.494904, 0.004287, -0.868937, 7.224291, 0.127565, 0.988795, 0.077533, 0.63162, 0.0, 0.0, 0.0, 1.0],
                [0.868907, -0.144136, 0.473524, -5e-06, 0.47921, 0.005443, -0.877684, 7.224291, 0.123929, 0.989543, 0.073801, 0.637931, 0.0, 0.0, 0.0, 1.0],
                [0.878832, -0.138542, 0.456575, -5e-06, 0.461831, 0.006603, -0.886944, 7.224291, 0.119864, 0.990335, 0.069786, 0.643757, 0.0, 0.0, 0.0, 1.0],
                [0.889135, -0.132473, 0.438053, -5e-06, 0.442861, 0.00773, -0.896557, 7.224291, 0.115384, 0.991156, 0.06554, 0.649118, 0.0, 0.0, 0.0, 1.0],
                [0.899632, -0.125981, 0.418081, -5e-06, 0.422434, 0.008787, -0.906351, 7.224291, 0.110509, 0.991994, 0.061123, 0.654033, 0.0, 0.0, 0.0, 1.0],
                [0.910145, -0.119118, 0.396797, -5e-06, 0.400694, 0.009738, -0.91616, 7.224291, 0.105267, 0.992832, 0.056593, 0.658522, 0.0, 0.0, 0.0, 1.0],
                [0.920505, -0.111942, 0.374353, -5e-06, 0.377801, 0.010554, -0.925827, 7.224291, 0.099688, 0.993659, 0.052007, 0.662604, 0.0, 0.0, 0.0, 1.0],
                [0.930556, -0.104511, 0.350917, -5e-06, 0.353929, 0.011207, -0.935205, 7.224291, 0.093807, 0.994461, 0.047419, 0.666297, 0.0, 0.0, 0.0, 1.0],
                [0.940159, -0.09689, 0.326669, -5e-06, 0.329264, 0.011677, -0.944166, 7.224291, 0.087666, 0.995227, 0.042881, 0.669623, 0.0, 0.0, 0.0, 1.0],
                [0.949193, -0.089143, 0.301804, -5e-06, 0.304008, 0.011948, -0.952595, 7.224291, 0.081311, 0.995947, 0.038441, 0.672599, 0.0, 0.0, 0.0, 1.0],
                [0.957557, -0.081335, 0.276529, -5e-06, 0.27837, 0.012011, -0.960399, 7.224291, 0.074793, 0.996614, 0.034143, 0.675246, 0.0, 0.0, 0.0, 1.0],
                [0.965174, -0.073536, 0.251062, -5e-06, 0.252572, 0.011865, -0.967505, 7.224291, 0.068168, 0.997222, 0.030025, 0.677582, 0.0, 0.0, 0.0, 1.0],
                [0.971988, -0.065813, 0.225627, -5e-06, 0.226842, 0.011514, -0.973864, 7.224291, 0.061495, 0.997766, 0.02612, 0.679627, 0.0, 0.0, 0.0, 1.0],
                [0.97797, -0.058233, 0.200456, -5e-06, 0.201412, 0.010969, -0.979445, 7.224291, 0.054838, 0.998243, 0.022456, 0.681401, 0.0, 0.0, 0.0, 1.0],
                [0.983114, -0.050864, 0.175783, -5e-06, 0.176515, 0.010249, -0.984245, 7.224291, 0.048261, 0.998653, 0.019054, 0.682922, 0.0, 0.0, 0.0, 1.0],
                [0.987435, -0.043768, 0.151842, -5e-06, 0.152387, 0.009376, -0.988276, 7.224291, 0.041831, 0.998998, 0.015928, 0.684211, 0.0, 0.0, 0.0, 1.0],
