{
    "armature": {
        "joints": ["Root", "Thigh_R", "Leg_R", "Knee_R", "Thigh_L", "Leg_L", "Knee_L", "Torso", "Chest", "Head", "Shoulder_R", "Arm_R", "Hand_R", "Tool_R", "Elbow_R", "Shoulder_L", "Arm_L", "Hand_L", "Tool_L", "Elbow_L"],
        "hierarchy": [
            {
                "name": "Root",
                "transform": [1.0, 0.0, 0.0, -5e-06, 0.0, 0.0, -1.0, 0.000946, 0.0, 1.0, 0.0, 0.763972, 0.0, 0.0, 0.0, 1.0],
                "children": [
                    {
                        "name": "Thigh_R",
                        "transform": [1.0, -0.0, -0.0, 0.124994, -0.0, -1.0, 0.0, -0.002831, -0.0, -0.0, -1.0, -1.2e-05, 0.0, 0.0, 0.0, 1.0],
                        "children": [
                            {
                                "name": "Leg_R",
                                "transform": [1.0, 0.0, 1e-06, 0.0, -0.0, 1.0, 0.0, 0.37472, -1e-06, -0.0, 1.0, -0.0, 0.0, 0.0, 0.0, 1.0],
                                "children": []
                            },
                            {
                                "name": "Knee_R",
                                "transform": [1.0, 0.0, -0.0, 0.0, -0.0, 0.0, -1.0, 0.37472, -0.0, 1.0, 0.0, -0.0, 0.0, 0.0, 0.0, 1.0],
                                "children": []
                            }
                        ]
                    },
                    {
                        "name": "Thigh_L",
                        "transform": [1.0, -0.0, -0.0, -0.125006, -0.0, -1.0, 0.0, -0.002831, -0.0, -0.0, -1.0, -1.2e-05, 0.0, 0.0, 0.0, 1.0],
                        "children": [
                            {
                                "name": "Leg_L",
                                "transform": [1.0, 0.0, 1e-06, -0.0, -0.0, 1.0, 0.0, 0.37472, -1e-06, -0.0, 1.0, 0.0, 0.0, 0.0, 0.0, 1.0],
                                "children": []
                            },
                            {
                                "name": "Knee_L",
                                "transform": [1.0, 0.0, -0.0, -0.0, -0.0, 0.0, -1.0, 0.37472, -0.0, 1.0, 0.0, 0.0, 0.0, 0.0, 0.0, 1.0],
                                "children": []
                            }
                        ]
                    },
                    {
                        "name": "Torso",
                        "transform": [1.0, 0.0, 0.0, 0.0, 0.0, 1.0, 0.0, 0.05, 0.0, 0.0, 1.0, 0.0, 0.0, 0.0, 0.0, 1.0],
                        "children": [
                            {
                                "name": "Chest",
                                "transform": [1.0, 0.0, 0.0, 0.0, 0.0, 1.0, 0.0, 0.3, 0.0, 0.0, 1.0, 0.0, 0.0, 0.0, 0.0, 1.0],
                                "children": [
                                    {
                                        "name": "Head",
                                        "transform": [1.0, 0.0, 0.0, 0.0, 0.0, 1.0, 0.0, 0.4, 0.0, 0.0, 1.0, 0.0, 0.0, 0.0, 0.0, 1.0],
                                        "children": []
                                    },
                                    {
                                        "name": "Shoulder_R",
                                        "transform": [0.0, 0.952114, 0.305743, 0.0, 0.0, -0.305743, 0.952114, 0.4, 1.0, 0.0, -0.0, 0.0, 0.0, 0.0, 0.0, 1.0],
                                        "children": [
                                            {
                                                "name": "Arm_R",
                                                "transform": [0.0, -0.0, -1.0, -0.0, 0.952114, 0.305743, 0.0, 0.39386, 0.305743, -0.952114, 0.0, 0.0, 0.0, 0.0, 0.0, 1.0],
                                                "children": [
                                                    {
                                                        "name": "Hand_R",
                                                        "transform": [1.0, 0.0, 0.0, 0.0, -0.0, 0.993938, 0.109947, 0.3, -0.0, -0.109947, 0.993937, 0.0, 0.0, 0.0, 0.0, 1.0],
                                                        "children": [
                                                            {
                                                                "name": "Tool_R",
                                                                "transform": [1.0, 0.0, 0.0, -0.0, 0.0, -0.999836, 0.018122, 0.272858, 0.0, -0.018122, -0.999836, 0.0, 0.0, 0.0, 0.0, 1.0],
                                                                "children": []
                                                            }
                                                        ]
                                                    },
                                                    {
                                                        "name": "Elbow_R",
                                                        "transform": [-1.0, 0.0, -0.0, 0.0, 0.0, 0.0, -1.0, 0.3, -0.0, -1.0, -0.0, 0.0, 0.0, 0.0, 0.0, 1.0],
                                                        "children": []
                                                    }
                                                ]
                                            }
                                        ]
                                    },
                                    {
                                        "name": "Shoulder_L",
                                        "transform": [-0.0, -0.952114, -0.305743, 0.0, 0.0, -0.305743, 0.952114, 0.4, -1.0, 0.0, 0.0, 0.0, 0.0, 0.0, 0.0, 1.0],
                                        "children": [
                                            {
                                                "name": "Arm_L",
                                                "transform": [-0.0, -0.0, 1.0, -0.0, -0.952114, 0.305743, -0.0, 0.39386, -0.305743, -0.952114, -0.0, 0.0, 0.0, 0.0, 0.0, 1.0],
                                                "children": [
                                                    {
                                                        "name": "Hand_L",
                                                        "transform": [1.0, -0.0, 0.0, -0.0, 0.0, 0.993937, 0.109947, 0.3, -0.0, -0.109947, 0.993937, 0.0, 0.0, 0.0, 0.0, 1.0],
                                                        "children": [
                                                            {
                                                                "name": "Tool_L",
                                                                "transform": [1.0, 0.0, 0.0, -0.0, -0.0, -0.999836, 0.018122, 0.272858, 0.0, -0.018122, -0.999836, -0.0, 0.0, 0.0, 0.0, 1.0],
                                                                "children": []
                                                            }
                                                        ]
                                                    },
                                                    {
                                                        "name": "Elbow_L",
                                                        "transform": [-1.0, 0.0, -0.0, -0.0, 0.0, -0.0, -1.0, 0.3, -0.0, -1.0, 0.0, 0.0, 0.0, 0.0, 0.0, 1.0],
                                                        "children": []
                                                    }
                                                ]
                                            }
                                        ]
                                    }
                                ]
                            }
                        ]
                    }
                ]
            }
        ]
    },
    "animation": [
        {
            "name": "Root",
            "time": [0.0167, 0.0333, 0.05, 0.0667, 0.0833, 0.1, 0.1167, 0.1333, 0.15, 0.1667, 0.1833, 0.2, 0.2167, 0.2333, 0.25, 0.2667, 0.2833, 0.3, 0.3167, 0.3333, 0.35, 0.3667, 0.3833, 0.4, 0.4167, 0.4333, 0.45, 0.4667, 0.4833, 0.5, 0.5167, 0.5333, 0.55, 0.5667, 0.5833, 0.6, 0.6167, 0.6333, 0.65, 0.6667, 0.6833, 0.7, 0.7167, 0.7333, 0.75, 0.7667, 0.7833, 0.8, 0.8167, 0.8333, 0.85, 0.8667, 0.8833, 0.9, 0.9167, 0.9333, 0.95, 0.9667, 0.9833, 1.0, 1.0167, 1.0333, 1.05, 1.0667, 1.0833, 1.1, 1.1167, 1.1333, 1.15, 1.1667, 1.1833, 1.2, 1.2167, 1.2333, 1.25, 1.2667, 1.2833, 1.3, 1.3167, 1.3333, 1.35, 1.3667, 1.3833, 1.4, 1.4167, 1.4333, 1.45, 1.4667, 1.4833, 1.5, 1.5167, 1.5333, 1.55, 1.5667, 1.5833, 1.6, 1.6167, 1.6333, 1.65, 1.6667, 1.6833, 1.7, 1.7167],
            "transform": [
                [1.0, 0.0, 0.0, -5e-06, 0.0, 0.0, -1.0, 1.218545, 0.0, 1.0, 0.0, 0.688546, 0.0, 0.0, 0.0, 1.0],
                [0.999859, -0.006819, 0.015344, -5e-06, 0.015311, -0.004885, -0.999871, 1.224797, 0.006893, 0.999965, -0.00478, 0.684502, 0.0, 0.0, 0.0, 1.0],
                [0.997901, -0.025513, 0.059513, -5e-06, 0.059026, -0.019461, -0.998067, 1.243304, 0.026622, 0.999485, -0.017914, 0.673247, 0.0, 0.0, 0.0, 1.0],
                [0.9901, -0.052993, 0.129974, -5e-06, 0.127702, -0.044225, -0.990826, 1.273694, 0.058255, 0.997615, -0.03702, 0.65609, 0.0, 0.0, 0.0, 1.0],
                [0.970886, -0.085469, 0.223774, -5e-06, 0.217188, -0.079963, -0.972849, 1.315596, 0.101042, 0.993127, -0.059072, 0.634343, 0.0, 0.0, 0.0, 1.0],
                [0.934181, -0.118395, 0.336584, -5e-06, 0.32193, -0.127053, -0.9382, 1.368636, 0.153842, 0.984805, -0.080576, 0.609318, 0.0, 0.0, 0.0, 1.0],
                [0.874659, -0.146656, 0.462021, -5e-06, 0.43462, -0.184807, -0.881449, 1.432443, 0.214654, 0.971771, -0.097903, 0.582326, 0.0, 0.0, 0.0, 1.0],
                [0.789136, -0.165118, 0.591608, -5e-06, 0.54647, -0.250997, -0.798981, 1.506645, 0.280418, 0.953801, -0.107838, 0.554679, 0.0, 0.0, 0.0, 1.0],
                [0.67768, -0.16944, 0.71557, -5e-06, 0.648237, -0.32178, -0.690106, 1.590869, 0.347188, 0.93153, -0.108227, 0.527687, 0.0, 0.0, 0.0, 1.0],
                [0.543946, -0.156888, 0.824323, -5e-06, 0.731741, -0.392129, -0.557485, 1.684744, 0.410704, 0.906433, -0.098496, 0.502662, 0.0, 0.0, 0.0, 1.0],
                [0.394482, -0.12679, 0.910114, -5e-06, 0.791299, -0.456644, -0.406599, 1.787896, 0.467151, 0.880568, -0.079809, 0.480916, 0.0, 0.0, 0.0, 1.0],
                [0.237236, -0.080422, 0.968118, -5e-06, 0.824458, -0.510413, -0.244433, 1.899954, 0.513798, 0.85616, -0.054783, 0.463759, 0.0, 0.0, 0.0, 1.0],
                [0.079886, -0.020422, 0.996595, -5e-06, 0.831801, -0.549575, -0.077938, 2.020547, 0.549295, 0.835195, -0.026916, 0.452503, 0.0, 0.0, 0.0, 1.0],
                [-0.071394, 0.04999, 0.996195, -5e-06, 0.816035, -0.571394, 0.087156, 2.149301, 0.573576, 0.819152, 0.0, 0.44846, 0.0, 0.0, 0.0, 1.0],
                [-0.212393, 0.128065, 0.968756, -5e-06, 0.781067, -0.573496, 0.247057, 2.28489, 0.587217, 0.809136, 0.021779, 0.44846, 0.0, 0.0, 0.0, 1.0],
                [-0.341008, 0.209687, 0.916376, -5e-06, 0.729791, -0.555404, 0.398663, 2.422175, 0.592553, 0.80471, 0.036369, 0.44846, 0.0, 0.0, 0.0, 1.0],
                [-0.45581, 0.290009, 0.841506, -5e-06, 0.66428, -0.518432, 0.538481, 2.55506, 0.592427, 0.80444, 0.043659, 0.44846, 0.0, 0.0, 0.0, 1.0],
                [-0.555514, 0.364806, 0.747209, -5e-06, 0.586802, -0.464678, 0.663127, 2.67745, 0.589124, 0.80684, 0.044065, 0.44846, 0.0, 0.0, 0.0, 1.0],
                [-0.639125, 0.430607, 0.637257, -5e-06, 0.499942, -0.397032, 0.76969, 2.783252, 0.584446, 0.81052, 0.038475, 0.44846, 0.0, 0.0, 0.0, 1.0],
                [-0.706119, 0.484868, 0.516041, -5e-06, 0.406557, -0.319067, 0.8561, 2.86637, 0.579747, 0.814309, 0.028172, 0.44846, 0.0, 0.0, 0.0, 1.0],
                [-0.756579, 0.526123, 0.388309, -5e-06, 0.309623, -0.234808, 0.921412, 2.920711, 0.575954, 0.817349, 0.014751, 0.44846, 0.0, 0.0, 0.0, 1.0],
                [-0.79124, 0.554032, 0.258819, -5e-06, 0.212012, -0.148452, 0.965926, 2.940179, 0.573577, 0.819152, 0.0, 0.44846, 0.0, 0.0, 0.0, 1.0],
                [-0.811642, 0.569298, 0.130908, -5e-06, 0.115487, -0.063296, 0.99129, 2.940179, 0.572626, 0.819691, -0.014373, 0.44846, 0.0, 0.0, 0.0, 1.0],
                [-0.819374, 0.573216, 0.007076, -5e-06, 0.021532, 0.018438, 0.999598, 2.940179, 0.572855, 0.819197, -0.027451, 0.44846, 0.0, 0.0, 0.0, 1.0],
                [-0.815987, 0.567475, -0.110173, -5e-06, -0.068187, 0.094771, 0.993161, 2.940179, 0.574035, 0.817919, -0.038637, 0.44846, 0.0, 0.0, 0.0, 1.0],
                [-0.803138, 0.553939, -0.219366, -5e-06, -0.152748, 0.164444, 0.974488, 2.940179, 0.57588, 0.816155, -0.047458, 0.44846, 0.0, 0.0, 0.0, 1.0],
                [-0.782346, 0.534409, -0.319908, -5e-06, -0.231858, 0.226826, 0.945934, 2.940179, 0.578079, 0.814222, -0.053549, 0.44846, 0.0, 0.0, 0.0, 1.0],
                [-0.754841, 0.510473, -0.411865, -5e-06, -0.305702, 0.281754, 0.909484, 2.940179, 0.580311, 0.812424, -0.056627, 0.44846, 0.0, 0.0, 0.0, 1.0],
                [-0.721481, 0.483434, -0.495739, -5e-06, -0.374772, 0.32938, 0.866634, 2.940179, 0.582247, 0.811049, -0.056464, 0.44846, 0.0, 0.0, 0.0, 1.0],
                [-0.682728, 0.454309, -0.572263, -5e-06, -0.439726, 0.370027, 0.818365, 2.940179, 0.583543, 0.81036, -0.052857, 0.44846, 0.0, 0.0, 0.0, 1.0],
                [-0.638659, 0.423845, -0.642238, -5e-06, -0.501268, 0.40408, 0.765147, 2.940179, 0.58382, 0.810601, -0.045609, 0.44846, 0.0, 0.0, 0.0, 1.0],
                [-0.588975, 0.392575, -0.706394, -5e-06, -0.560041, 0.431902, 0.706976, 2.940179, 0.582634, 0.812001, -0.034521, 0.44846, 0.0, 0.0, 0.0, 1.0],
                [-0.533029, 0.360868, -0.76528, -5e-06, -0.616539, 0.453772, 0.643405, 2.940179, 0.579447, 0.814779, -0.019385, 0.44846, 0.0, 0.0, 0.0, 1.0],
                [-0.469846, 0.32899, -0.819152, -5e-06, -0.67101, 0.469846, 0.573577, 2.940179, 0.573577, 0.819152, 0.0, 0.44846, 0.0, 0.0, 0.0, 1.0],
                [-0.396815, 0.296487, -0.868696, -5e-06, -0.723099, 0.481971, 0.494804, 2.94648, 0.565389, 0.8245, 0.023136, 0.449903, 0.0, 0.0, 0.0, 1.0],
                [-0.311641, 0.262564, -0.913203, -5e-06, -0.771119, 0.491672, 0.404518, 2.964626, 0.555208, 0.830252, 0.049243, 0.454052, 0.0, 0.0, 0.0, 1.0],
                [-0.213884, 0.227087, -0.950098, -5e-06, -0.812625, 0.498398, 0.302061, 2.993485, 0.54212, 0.836679, 0.077937, 0.460635, 0.0, 0.0, 0.0, 1.0],
                [-0.103729, 0.190158, -0.976258, -5e-06, -0.844626, 0.501477, 0.187422, 3.031921, 0.525211, 0.844014, 0.108595, 0.469384, 0.0, 0.0, 0.0, 1.0],
                [0.017716, 0.152174, -0.988195, -5e-06, -0.863727, 0.500188, 0.06154, 3.078802, 0.503648, 0.852441, 0.140298, 0.480026, 0.0, 0.0, 0.0, 1.0],
                [0.148133, 0.113858, -0.982391, -5e-06, -0.866439, 0.493856, -0.073412, 3.132991, 0.476802, 0.862057, 0.171807, 0.492292, 0.0, 0.0, 0.0, 1.0],
                [0.283849, 0.076262, -0.955831, -5e-06, -0.849671, 0.481996, -0.213866, 3.193357, 0.444397, 0.872848, 0.201612, 0.505911, 0.0, 0.0, 0.0, 1.0],
                [0.419918, 0.040693, -0.906649, -5e-06, -0.811354, 0.464464, -0.354935, 3.258764, 0.406662, 0.884657, 0.228053, 0.520612, 0.0, 0.0, 0.0, 1.0],
                [0.550564, 0.008555, -0.834749, -5e-06, -0.751055, 0.441583, -0.490837, 3.328079, 0.364412, 0.897179, 0.249545, 0.536124, 0.0, 0.0, 0.0, 1.0],
                [0.669926, -0.018869, -0.742188, -5e-06, -0.670387, 0.414199, -0.615646, 3.400166, 0.319031, 0.909991, 0.264833, 0.552178, 0.0, 0.0, 0.0, 1.0],
                [0.772982, -0.040645, -0.633125, -5e-06, -0.573015, 0.383613, -0.724221, 3.473894, 0.272311, 0.922599, 0.273236, 0.568503, 0.0, 0.0, 0.0, 1.0],
                [0.856361, -0.056358, -0.513292, -5e-06, -0.464198, 0.35141, -0.813038, 3.548127, 0.226197, 0.934524, 0.274772, 0.584827, 0.0, 0.0, 0.0, 1.0],
                [0.918803, -0.066168, -0.389131, -5e-06, -0.349996, 0.319226, -0.88068, 3.621731, 0.182494, 0.945366, 0.270147, 0.600881, 0.0, 0.0, 0.0, 1.0],
                [0.961136, -0.070741, -0.26686, -5e-06, -0.236378, 0.288523, -0.927836, 3.693572, 0.142631, 0.954856, 0.260588, 0.616394, 0.0, 0.0, 0.0, 1.0],
                [0.98586, -0.071088, -0.151745, -5e-06, -0.128508, 0.260436, -0.9569, 3.762516, 0.107544, 0.96287, 0.247619, 0.631095, 0.0, 0.0, 0.0, 1.0],
                [0.996516, -0.068389, -0.047734, -5e-06, -0.030352, 0.235722, -0.971346, 3.82743, 0.077681, 0.969411, 0.232826, 0.644713, 0.0, 0.0, 0.0, 1.0],
                [0.997053, -0.063824, 0.042567, -5e-06, 0.055379, 0.214786, -0.97509, 3.887179, 0.053091, 0.974574, 0.217687, 0.656979, 0.0, 0.0, 0.0, 1.0],
                [0.99133, -0.058471, 0.117667, -5e-06, 0.127035, 0.197763, -0.971983, 3.940629, 0.033562, 0.978504, 0.203476, 0.667621, 0.0, 0.0, 0.0, 1.0],
                [0.9828, -0.053246, 0.176829, -5e-06, 0.183716, 0.184625, -0.965485, 3.986647, 0.018761, 0.981366, 0.191231, 0.67637, 0.0, 0.0, 0.0, 1.0],
                [0.974343, -0.048891, 0.219693, -5e-06, 0.224913, 0.175275, -0.958485, 4.024096, 0.008354, 0.983305, 0.181774, 0.682954, 0.0, 0.0, 0.0, 1.0],
                [0.968198, -0.045982, 0.245921, -5e-06, 0.250174, 0.169638, -0.953224, 4.051846, 0.002114, 0.984433, 0.175747, 0.687103, 0.0, 0.0, 0.0, 1.0],
                [0.965926, -0.044943, 0.254887, -5e-06, 0.258819, 0.167731, -0.951251, 4.068759, 0.0, 0.984808, 0.173648, 0.688546, 0.0, 0.0, 0.0, 1.0],
                [0.965926, -0.044943, 0.254887, -5e-06, 0.258819, 0.167731, -0.951251, 4.079643, 0.0, 0.984808, 0.173648, 0.688546, 0.0, 0.0, 0.0, 1.0],
                [0.965926, -0.044943, 0.254887, -5e-06, 0.258819, 0.167731, -0.951251, 4.090064, 0.0, 0.984808, 0.173648, 0.688546, 0.0, 0.0, 0.0, 1.0],
                [0.965926, -0.044943, 0.254887, -5e-06, 0.258819, 0.167731, -0.951251, 4.10003, 0.0, 0.984808, 0.173648, 0.688546, 0.0, 0.0, 0.0, 1.0],
                [0.965926, -0.044943, 0.254887, -5e-06, 0.258819, 0.167731, -0.951251, 4.109555, 0.0, 0.984808, 0.173648, 0.688546, 0.0, 0.0, 0.0, 1.0],
                [0.965926, -0.044943, 0.254887, -5e-06, 0.258819, 0.167731, -0.951251, 4.118647, 0.0, 0.984808, 0.173648, 0.688546, 0.0, 0.0, 0.0, 1.0],
                [0.965926, -0.044943, 0.254887, -5e-06, 0.258819, 0.167731, -0.951251, 4.127316, 0.0, 0.984808, 0.173648, 0.688546, 0.0, 0.0, 0.0, 1.0],
                [0.965926, -0.044943, 0.254887, -5e-06, 0.258819, 0.167731, -0.951251, 4.135571, 0.0, 0.984808, 0.173648, 0.688546, 0.0, 0.0, 0.0, 1.0],
                [0.965926, -0.044943, 0.254887, -5e-06, 0.258819, 0.167731, -0.951251, 4.143425, 0.0, 0.984808, 0.173648, 0.688546, 0.0, 0.0, 0.0, 1.0],
                [0.965926, -0.044943, 0.254887, -5e-06, 0.258819, 0.167731, -0.951251, 4.150886, 0.0, 0.984808, 0.173648, 0.688546, 0.0, 0.0, 0.0, 1.0],
                [0.965926, -0.044943, 0.254887, -5e-06, 0.258819, 0.167731, -0.951251, 4.157964, 0.0, 0.984808, 0.173648, 0.688546, 0.0, 0.0, 0.0, 1.0],
                [0.965926, -0.044943, 0.254887, -5e-06, 0.258819, 0.167731, -0.951251, 4.16467, 0.0, 0.984808, 0.173648, 0.688546, 0.0, 0.0, 0.0, 1.0],
                [0.965926, -0.044943, 0.254887, -5e-06, 0.258819, 0.167731, -0.951251, 4.171013, 0.0, 0.984808, 0.173648, 0.688546, 0.0, 0.0, 0.0, 1.0],
                [0.965926, -0.044943, 0.254887, -5e-06, 0.258819, 0.167731, -0.951251, 4.177005, 0.0, 0.984808, 0.173648, 0.688546, 0.0, 0.0, 0.0, 1.0],
                [0.965926, -0.044943, 0.254887, -5e-06, 0.258819, 0.167731, -0.951251, 4.182654, 0.0, 0.984808, 0.173648, 0.688546, 0.0, 0.0, 0.0, 1.0],
                [0.965926, -0.044943, 0.254887, -5e-06, 0.258819, 0.167731, -0.951251, 4.187971, 0.0, 0.984808, 0.173648, 0.688546, 0.0, 0.0, 0.0, 1.0],
                [0.965926, -0.044943, 0.254887, -5e-06, 0.258819, 0.167731, -0.951251, 4.192965, 0.0, 0.984808, 0.173648, 0.688546, 0.0, 0.0, 0.0, 1.0],
                [0.965926, -0.044943, 0.254887, -5e-06, 0.258819, 0.167731, -0.951251, 4.197648, 0.0, 0.984808, 0.173648, 0.688546, 0.0, 0.0, 0.0, 1.0],
                [0.965926, -0.044943, 0.254887, -5e-06, 0.258819, 0.167731, -0.951251, 4.202028, 0.0, 0.984808, 0.173648, 0.688546, 0.0, 0.0, 0.0, 1.0],
                [0.965926, -0.044943, 0.254887, -5e-06, 0.258819, 0.167731, -0.951251, 4.206117, 0.0, 0.984808, 0.173648, 0.688546, 0.0, 0.0, 0.0, 1.0],
                [0.965926, -0.044943, 0.254887, -5e-06, 0.258819, 0.167731, -0.951251, 4.209923, 0.0, 0.984808, 0.173648, 0.688546, 0.0, 0.0, 0.0, 1.0],
                [0.965926, -0.044943, 0.254887, -5e-06, 0.258819, 0.167731, -0.951251, 4.213458, 0.0, 0.984808, 0.173648, 0.688546, 0.0, 0.0, 0.0, 1.0],
                [0.965926, -0.044943, 0.254887, -5e-06, 0.258819, 0.167731, -0.951251, 4.216732, 0.0, 0.984808, 0.173648, 0.688546, 0.0, 0.0, 0.0, 1.0],
                [0.965926, -0.044943, 0.254887, -5e-06, 0.258819, 0.167731, -0.951251, 4.219753, 0.0, 0.984808, 0.173648, 0.688546, 0.0, 0.0, 0.0, 1.0],
                [0.965926, -0.044943, 0.254887, -5e-06, 0.258819, 0.167731, -0.951251, 4.222533, 0.0, 0.984808, 0.173648, 0.688546, 0.0, 0.0, 0.0, 1.0],
                [0.965926, -0.044943, 0.254887, -5e-06, 0.258819, 0.167731, -0.951251, 4.225082, 0.0, 0.984808, 0.173648, 0.688546, 0.0, 0.0, 0.0, 1.0],
                [0.965926, -0.044943, 0.254887, -5e-06, 0.258819, 0.167731, -0.951251, 4.227408, 0.0, 0.984808, 0.173648, 0.688546, 0.0, 0.0, 0.0, 1.0],
                [0.965926, -0.044943, 0.254887, -5e-06, 0.258819, 0.167731, -0.951251, 4.229525, 0.0, 0.984808, 0.173648, 0.688546, 0.0, 0.0, 0.0, 1.0],
                [0.965926, -0.044943, 0.254887, -5e-06, 0.258819, 0.167731, -0.951251, 4.231439, 0.0, 0.984808, 0.173648, 0.688546, 0.0, 0.0, 0.0, 1.0],
                [0.965926, -0.044943, 0.254887, -5e-06, 0.258819, 0.167731, -0.951251, 4.233161, 0.0, 0.984808, 0.173648, 0.688546, 0.0, 0.0, 0.0, 1.0],
                [0.965926, -0.044943, 0.254887, -5e-06, 0.258819, 0.167731, -0.951251, 4.234704, 0.0, 0.984808, 0.173648, 0.688546, 0.0, 0.0, 0.0, 1.0],
                [0.965926, -0.044943, 0.254887, -5e-06, 0.258819, 0.167731, -0.951251, 4.236074, 0.0, 0.984808, 0.173648, 0.688546, 0.0, 0.0, 0.0, 1.0],
                [0.965926, -0.044943, 0.254887, -5e-06, 0.258819, 0.167731, -0.951251, 4.237284, 0.0, 0.984808, 0.173648, 0.688546, 0.0, 0.0, 0.0, 1.0],
                [0.965926, -0.044943, 0.254887, -5e-06, 0.258819, 0.167731, -0.951251, 4.238343, 0.0, 0.984808, 0.173648, 0.688546, 0.0, 0.0, 0.0, 1.0],
                [0.965926, -0.044943, 0.254887, -5e-06, 0.258819, 0.167731, -0.951251, 4.23926, 0.0, 0.984808, 0.173648, 0.688546, 0.0, 0.0, 0.0, 1.0],
                [0.965926, -0.044943, 0.254887, -5e-06, 0.258819, 0.167731, -0.951251, 4.240047, 0.0, 0.984808, 0.173648, 0.688546, 0.0, 0.0, 0.0, 1.0],
                [0.965926, -0.044943, 0.254887, -5e-06, 0.258819, 0.167731, -0.951251, 4.240714, 0.0, 0.984808, 0.173648, 0.688546, 0.0, 0.0, 0.0, 1.0],
                [0.965926, -0.044943, 0.254887, -5e-06, 0.258819, 0.167731, -0.951251, 4.241268, 0.0, 0.984808, 0.173648, 0.688546, 0.0, 0.0, 0.0, 1.0],
                [0.965926, -0.044943, 0.254887, -5e-06, 0.258819, 0.167731, -0.951251, 4.241723, 0.0, 0.984808, 0.173648, 0.688546, 0.0, 0.0, 0.0, 1.0],
                [0.965926, -0.044943, 0.254887, -5e-06, 0.258819, 0.167731, -0.951251, 4.242087, 0.0, 0.984808, 0.173648, 0.688546, 0.0, 0.0, 0.0, 1.0],
                [0.965926, -0.044943, 0.254887, -5e-06, 0.258819, 0.167731, -0.951251, 4.242371, 0.0, 0.984808, 0.173648, 0.688546, 0.0, 0.0, 0.0, 1.0],
                [0.965926, -0.044943, 0.254887, -5e-06, 0.258819, 0.167731, -0.951251, 4.242583, 0.0, 0.984808, 0.173648, 0.688546, 0.0, 0.0, 0.0, 1.0],
                [0.965926, -0.044943, 0.254887, -5e-06, 0.258819, 0.167731, -0.951251, 4.242736, 0.0, 0.984808, 0.173648, 0.688546, 0.0, 0.0, 0.0, 1.0],
                [0.965926, -0.044943, 0.254887, -5e-06, 0.258819, 0.167731, -0.951251, 4.242839, 0.0, 0.984808, 0.173648, 0.688546, 0.0, 0.0, 0.0, 1.0],
                [0.965926, -0.044943, 0.254887, -5e-06, 0.258819, 0.167731, -0.951251, 4.242901, 0.0, 0.984808, 0.173648, 0.688546, 0.0, 0.0, 0.0, 1.0],
                [0.965926, -0.044943, 0.254887, -5e-06, 0.258819, 0.167731, -0.951251, 4.242933, 0.0, 0.984808, 0.173648, 0.688546, 0.0, 0.0, 0.0, 1.0],
                [0.965926, -0.044943, 0.254887, -5e-06, 0.258819, 0.167731, -0.951251, 4.242944, 0.0, 0.984808, 0.173648, 0.688546, 0.0, 0.0, 0.0, 1.0],
                [0.965926, -0.044943, 0.254887, -5e-06, 0.258819, 0.167731, -0.951251, 4.242946, 0.0, 0.984808, 0.173648, 0.688546, 0.0, 0.0, 0.0, 1.0]
            ]
        },
        {
            "name": "Thigh_R",
            "time": [0.0167, 0.0333, 0.05, 0.0667, 0.0833, 0.1, 0.1167, 0.1333, 0.15, 0.1667, 0.1833, 0.2, 0.2167, 0.2333, 0.25, 0.2667, 0.2833, 0.3, 0.3167, 0.3333, 0.35, 0.3667, 0.3833, 0.4, 0.4167, 0.4333, 0.45, 0.4667, 0.4833, 0.5, 0.5167, 0.5333, 0.55, 0.5667, 0.5833, 0.6, 0.6167, 0.6333, 0.65, 0.6667, 0.6833, 0.7, 0.7167, 0.7333, 0.75, 0.7667, 0.7833, 0.8, 0.8167, 0.8333, 0.85, 0.8667, 0.8833, 0.9, 0.9167, 0.9333, 0.95, 0.9667, 0.9833, 1.0, 1.0167, 1.0333, 1.05, 1.0667, 1.0833, 1.1, 1.1167, 1.1333, 1.15, 1.1667, 1.1833, 1.2, 1.2167, 1.2333, 1.25, 1.2667, 1.2833, 1.3, 1.3167, 1.3333, 1.35, 1.3667, 1.3833, 1.4, 1.4167, 1.4333, 1.45, 1.4667, 1.4833, 1.5, 1.5167, 1.5333, 1.55, 1.5667, 1.5833, 1.6, 1.6167, 1.6333, 1.65, 1.6667, 1.6833, 1.7, 1.7167],
            "transform": [
                [0.998915, 0.026585, 0.038247, 0.124994, 0.041875, -0.872127, -0.487484, -0.002831, 0.020396, 0.488557, -0.872294, -1.2e-05, 0.0, 0.0, 0.0, 1.0],
                [0.998915, 0.027024, 0.037938, 0.124994, 0.041875, -0.87769, -0.477395, -0.002831, 0.020396, 0.478465, -0.87787, -1.2e-05, 0.0, 0.0, 0.0, 1.0],
                [0.998915, 0.028232, 0.037047, 0.124994, 0.041875, -0.892613, -0.448874, -0.002831, 0.020396, 0.449938, -0.892827, -1.2e-05, 0.0, 0.0, 0.0, 1.0],
                [0.998915, 0.030028, 0.035608, 0.124994, 0.041875, -0.913695, -0.404237, -0.002831, 0.020396, 0.405289, -0.913961, -1.2e-05, 0.0, 0.0, 0.0, 1.0],
                [0.998915, 0.032212, 0.033644, 0.124994, 0.041875, -0.93736, -0.345835, -0.002831, 0.020396, 0.346869, -0.937692, -1.2e-05, 0.0, 0.0, 0.0, 1.0],
                [0.998915, 0.034582, 0.031203, 0.124994, 0.041875, -0.960104, -0.27649, -0.002831, 0.020396, 0.277497, -0.96051, -1.2e-05, 0.0, 0.0, 0.0, 1.0],
                [0.998915, 0.036941, 0.028371, 0.124994, 0.041875, -0.978961, -0.199705, -0.002831, 0.020396, 0.200676, -0.979445, -1.2e-05, 0.0, 0.0, 0.0, 1.0],
                [0.998915, 0.039121, 0.02528, 0.124994, 0.041875, -0.991934, -0.119632, -0.002831, 0.020396, 0.120561, -0.992496, -1.2e-05, 0.0, 0.0, 0.0, 1.0],
                [0.998915, 0.040998, 0.022108, 0.124994, 0.041875, -0.998288, -0.040821, -0.002831, 0.020396, 0.041702, -0.998922, -1.2e-05, 0.0, 0.0, 0.0, 1.0],
                [0.998915, 0.042502, 0.019056, 0.124994, 0.041875, -0.998605, 0.032158, -0.002831, 0.020396, -0.031325, -0.999301, -1.2e-05, 0.0, 0.0, 0.0, 1.0],
                [0.998915, 0.043619, 0.016339, 0.124994, 0.041875, -0.994592, 0.095044, -0.002831, 0.020396, -0.094257, -0.995339, -1.2e-05, 0.0, 0.0, 0.0, 1.0],
                [0.998915, 0.044372, 0.014165, 0.124994, 0.041875, -0.988683, 0.144054, -0.002831, 0.020396, -0.143305, -0.989468, -1.2e-05, 0.0, 0.0, 0.0, 1.0],
                [0.998915, 0.044806, 0.012728, 0.124994, 0.041875, -0.98353, 0.175828, -0.002831, 0.020396, -0.175104, -0.984339, -1.2e-05, 0.0, 0.0, 0.0, 1.0],
                [0.998915, 0.044949, 0.01221, 0.124994, 0.041875, -0.981437, 0.187158, -0.002831, 0.020396, -0.186444, -0.982254, -1.2e-05, 0.0, 0.0, 0.0, 1.0],
                [0.998915, 0.04495, 0.01221, 0.124994, 0.041875, -0.981437, 0.187158, -0.002831, 0.020396, -0.186444, -0.982254, -1.2e-05, 0.0, 0.0, 0.0, 1.0],
                [0.998915, 0.04495, 0.01221, 0.124994, 0.041875, -0.981437, 0.187158, -0.002831, 0.020396, -0.186443, -0.982254, -1.2e-05, 0.0, 0.0, 0.0, 1.0],
                [0.998915, 0.04495, 0.01221, 0.124994, 0.041875, -0.981437, 0.187158, -0.002831, 0.020396, -0.186444, -0.982254, -1.2e-05, 0.0, 0.0, 0.0, 1.0],
                [0.998915, 0.04495, 0.01221, 0.124994, 0.041875, -0.981437, 0.187158, -0.002831, 0.020396, -0.186444, -0.982254, -1.2e-05, 0.0, 0.0, 0.0, 1.0],
                [0.998915, 0.04495, 0.01221, 0.124994, 0.041875, -0.981437, 0.187158, -0.002831, 0.020396, -0.186444, -0.982254, -1.2e-05, 0.0, 0.0, 0.0, 1.0],
                [0.998915, 0.04495, 0.01221, 0.124994, 0.041875, -0.981437, 0.187158, -0.002831, 0.020396, -0.186444, -0.982254, -1.2e-05, 0.0, 0.0, 0.0, 1.0],
                [0.998915, 0.04495, 0.01221, 0.124994, 0.041875, -0.981437, 0.187158, -0.002831, 0.020396, -0.186444, -0.982254, -1.2e-05, 0.0, 0.0, 0.0, 1.0],
                [0.998915, 0.04495, 0.01221, 0.124994, 0.041875, -0.981437, 0.187158, -0.002831, 0.020396, -0.186444, -0.982254, -1.2e-05, 0.0, 0.0, 0.0, 1.0],
                [0.998915, 0.04495, 0.01221, 0.124994, 0.041875, -0.981437, 0.187158, -0.002831, 0.020396, -0.186444, -0.982254, -1.2e-05, 0.0, 0.0, 0.0, 1.0],
                [0.998915, 0.04495, 0.01221, 0.124994, 0.041875, -0.981437, 0.187158, -0.002831, 0.020396, -0.186444, -0.982254, -1.2e-05, 0.0, 0.0, 0.0, 1.0],
                [0.998915, 0.044949, 0.01221, 0.124994, 0.041875, -0.981437, 0.187158, -0.002831, 0.020396, -0.186444, -0.982254, -1.2e-05, 0.0, 0.0, 0.0, 1.0],
                [0.998915, 0.04495, 0.01221, 0.124994, 0.041875, -0.981437, 0.187158, -0.002831, 0.020396, -0.186444, -0.982254, -1.2e-05, 0.0, 0.0, 0.0, 1.0],
                [0.998915, 0.044949, 0.01221, 0.124994, 0.041875, -0.981437, 0.187158, -0.002831, 0.020396, -0.186444, -0.982254, -1.2e-05, 0.0, 0.0, 0.0, 1.0],
                [0.998915, 0.04495, 0.01221, 0.124994, 0.041875, -0.981437, 0.187158, -0.002831, 0.020396, -0.186444, -0.982254, -1.2e-05, 0.0, 0.0, 0.0, 1.0],
                [0.998915, 0.04495, 0.01221, 0.124994, 0.041875, -0.981437, 0.187158, -0.002831, 0.020396, -0.186444, -0.982254, -1.2e-05, 0.0, 0.0, 0.0, 1.0],
                [0.998915, 0.04495, 0.01221, 0.124994, 0.041875, -0.981437, 0.187158, -0.002831, 0.020396, -0.186444, -0.982254, -1.2e-05, 0.0, 0.0, 0.0, 1.0],
                [0.998915, 0.04495, 0.01221, 0.124994, 0.041875, -0.981437, 0.187158, -0.002831, 0.020396, -0.186443, -0.982254, -1.2e-05, 0.0, 0.0, 0.0, 1.0],
                [0.998915, 0.04495, 0.01221, 0.124994, 0.041875, -0.981437, 0.187158, -0.002831, 0.020396, -0.186444, -0.982254, -1.2e-05, 0.0, 0.0, 0.0, 1.0],
                [0.998915, 0.04495, 0.01221, 0.124994, 0.041875, -0.981437, 0.187158, -0.002831, 0.020396, -0.186444, -0.982254, -1.2e-05, 0.0, 0.0, 0.0, 1.0],
                [0.998915, 0.04495, 0.01221, 0.124994, 0.041875, -0.981437, 0.187158, -0.002831, 0.020396, -0.186444, -0.982254, -1.2e-05, 0.0, 0.0, 0.0, 1.0],
                [0.998915, 0.04495, 0.01221, 0.124994, 0.041875, -0.981437, 0.187158, -0.002831, 0.020396, -0.186444, -0.982254, -1.2e-05, 0.0, 0.0, 0.0, 1.0],
                [0.998915, 0.04495, 0.01221, 0.124994, 0.041875, -0.981437, 0.187158, -0.002831, 0.020396, -0.186444, -0.982254, -1.2e-05, 0.0, 0.0, 0.0, 1.0],
                [0.998915, 0.04495, 0.01221, 0.124994, 0.041875, -0.981436, 0.187158, -0.002831, 0.020396, -0.186444, -0.982254, -1.2e-05, 0.0, 0.0, 0.0, 1.0],
                [0.998915, 0.04495, 0.01221, 0.124994, 0.041875, -0.981437, 0.187158, -0.002831, 0.020396, -0.186444, -0.982254, -1.2e-05, 0.0, 0.0, 0.0, 1.0],
                [0.998915, 0.04495, 0.01221, 0.124994, 0.041875, -0.981437, 0.187158, -0.002831, 0.020396, -0.186444, -0.982254, -1.2e-05, 0.0, 0.0, 0.0, 1.0],
                [0.998914, 0.04495, 0.01221, 0.124994, 0.041875, -0.981437, 0.187158, -0.002831, 0.020396, -0.186444, -0.982254, -1.2e-05, 0.0, 0.0, 0.0, 1.0],
                [0.998915, 0.044949, 0.01221, 0.124994, 0.041875, -0.981437, 0.187158, -0.002831, 0.020396, -0.186444, -0.982254, -1.2e-05, 0.0, 0.0, 0.0, 1.0],
                [0.998915, 0.04495, 0.01221, 0.124994, 0.041875, -0.981437, 0.187158, -0.002831, 0.020396, -0.186443, -0.982254, -1.2e-05, 0.0, 0.0, 0.0, 1.0],
                [0.998915, 0.04495, 0.01221, 0.124994, 0.041875, -0.981436, 0.187158, -0.002831, 0.020396, -0.186443, -0.982254, -1.2e-05, 0.0, 0.0, 0.0, 1.0],
                [0.998915, 0.04495, 0.01221, 0.124994, 0.041875, -0.981437, 0.187158, -0.002831, 0.020396, -0.186444, -0.982254, -1.2e-05, 0.0, 0.0, 0.0, 1.0],
                [0.998917, 0.04473, 0.012798, 0.124994, 0.041761, -0.983298, 0.177148, -0.002831, 0.020508, -0.176422, -0.984101, -1.2e-05, 0.0, 0.0, 0.0, 1.0],
                [0.998923, 0.04409, 0.014414, 0.124994, 0.04145, -0.98792, 0.149314, -0.002831, 0.020824, -0.148556, -0.988685, -1.2e-05, 0.0, 0.0, 0.0, 1.0],
                [0.998932, 0.043034, 0.01683, 0.124994, 0.040996, -0.993426, 0.106881, -0.002831, 0.021319, -0.106077, -0.994129, -1.2e-05, 0.0, 0.0, 0.0, 1.0],
                [0.99894, 0.041559, 0.019802, 0.124994, 0.040455, -0.997764, 0.053192, -0.002831, 0.021969, -0.052334, -0.998388, -1.2e-05, 0.0, 0.0, 0.0, 1.0],
                [0.998946, 0.039686, 0.023086, 0.124994, 0.039883, -0.999171, -0.008137, -0.002831, 0.022743, 0.009049, -0.9997, -1.2e-05, 0.0, 0.0, 0.0, 1.0],
                [0.998948, 0.037482, 0.026438, 0.124994, 0.039329, -0.996541, -0.073204, -0.002831, 0.023603, 0.074167, -0.996966, -1.2e-05, 0.0, 0.0, 0.0, 1.0],
                [0.998946, 0.035063, 0.029639, 0.124994, 0.038831, -0.989676, -0.137962, -0.002831, 0.024496, 0.138968, -0.989994, -1.1e-05, 0.0, 0.0, 0.0, 1.0],
                [0.99894, 0.032599, 0.032505, 0.124994, 0.038417, -0.979361, -0.198435, -0.002831, 0.025365, 0.199474, -0.979575, -1.2e-05, 0.0, 0.0, 0.0, 1.0],
                [0.998932, 0.030294, 0.034892, 0.124994, 0.038098, -0.967257, -0.250924, -0.002831, 0.026148, 0.251985, -0.967378, -1.2e-05, 0.0, 0.0, 0.0, 1.0],
                [0.998923, 0.028373, 0.036698, 0.124994, 0.037875, -0.955635, -0.292106, -0.002831, 0.026782, 0.293181, -0.955682, -1.2e-05, 0.0, 0.0, 0.0, 1.0],
                [0.998917, 0.027065, 0.037843, 0.124994, 0.037742, -0.947012, -0.318972, -0.002831, 0.027205, 0.320055, -0.947008, -1.2e-05, 0.0, 0.0, 0.0, 1.0],
                [0.998915, 0.026585, 0.038247, 0.124994, 0.037697, -0.943714, -0.328606, -0.002831, 0.027358, 0.329691, -0.943692, -1.2e-05, 0.0, 0.0, 0.0, 1.0],
                [0.998915, 0.026585, 0.038247, 0.124994, 0.037697, -0.943714, -0.328606, -0.002831, 0.027358, 0.329691, -0.943692, -1.2e-05, 0.0, 0.0, 0.0, 1.0],
                [0.998915, 0.026585, 0.038247, 0.124994, 0.037697, -0.943714, -0.328606, -0.002831, 0.027358, 0.329691, -0.943692, -1.2e-05, 0.0, 0.0, 0.0, 1.0],
                [0.998915, 0.026585, 0.038247, 0.124994, 0.037697, -0.943714, -0.328606, -0.002831, 0.027358, 0.329691, -0.943692, -1.2e-05, 0.0, 0.0, 0.0, 1.0],
                [0.998915, 0.026585, 0.038247, 0.124994, 0.037697, -0.943714, -0.328606, -0.002831, 0.027358, 0.329691, -0.943692, -1.2e-05, 0.0, 0.0, 0.0, 1.0],
                [0.998915, 0.026585, 0.038247, 0.124994, 0.037697, -0.943714, -0.328606, -0.002831, 0.027358, 0.329691, -0.943692, -1.2e-05, 0.0, 0.0, 0.0, 1.0],
                [0.998915, 0.026585, 0.038247, 0.124994, 0.037697, -0.943714, -0.328606, -0.002831, 0.027358, 0.329691, -0.943692, -1.2e-05, 0.0, 0.0, 0.0, 1.0],
                [0.998915, 0.026585, 0.038247, 0.124994, 0.037697, -0.943714, -0.328606, -0.002831, 0.027358, 0.329691, -0.943692, -1.2e-05, 0.0, 0.0, 0.0, 1.0],
                [0.998915, 0.026585, 0.038247, 0.124994, 0.037697, -0.943714, -0.328606, -0.002831, 0.027358, 0.329691, -0.943692, -1.2e-05, 0.0, 0.0, 0.0, 1.0],
                [0.998915, 0.026585, 0.038247, 0.124994, 0.037697, -0.943714, -0.328606, -0.002831, 0.027358, 0.329691, -0.943692, -1.2e-05, 0.0, 0.0, 0.0, 1.0],
                [0.998915, 0.026585, 0.038247, 0.124994, 0.037697, -0.943714, -0.328606, -0.002831, 0.027358, 0.329691, -0.943692, -1.2e-05, 0.0, 0.0, 0.0, 1.0],
                [0.998915, 0.026585, 0.038247, 0.124994, 0.037697, -0.943714, -0.328606, -0.002831, 0.027358, 0.329691, -0.943692, -1.2e-05, 0.0, 0.0, 0.0, 1.0],
                [0.998915, 0.026585, 0.038247, 0.124994, 0.037697, -0.943714, -0.328606, -0.002831, 0.027358, 0.329691, -0.943692, -1.2e-05, 0.0, 0.0, 0.0, 1.0],
                [0.998915, 0.026585, 0.038247, 0.124994, 0.037697, -0.943714, -0.328606, -0.002831, 0.027358, 0.329691, -0.943692, -1.2e-05, 0.0, 0.0, 0.0, 1.0],
                [0.998915, 0.026585, 0.038247, 0.124994, 0.037697, -0.943714, -0.328606, -0.002831, 0.027358, 0.329691, -0.943692, -1.2e-05, 0.0, 0.0, 0.0, 1.0],
                [0.998915, 0.026585, 0.038247, 0.124994, 0.037697, -0.943714, -0.328606, -0.002831, 0.027358, 0.329691, -0.943692, -1.2e-05, 0.0, 0.0, 0.0, 1.0],
                [0.998915, 0.026585, 0.038247, 0.124994, 0.037697, -0.943714, -0.328606, -0.002831, 0.027358, 0.329691, -0.943692, -1.2e-05, 0.0, 0.0, 0.0, 1.0],
                [0.998915, 0.026585, 0.038247, 0.124994, 0.037697, -0.943714, -0.328606, -0.002831, 0.027358, 0.329691, -0.943692, -1.2e-05, 0.0, 0.0, 0.0, 1.0],
                [0.998915, 0.026585, 0.038247, 0.124994, 0.037697, -0.943714, -0.328606, -0.002831, 0.027358, 0.329691, -0.943692, -1.2e-05, 0.0, 0.0, 0.0, 1.0],
                [0.998915, 0.026585, 0.038247, 0.124994, 0.037697, -0.943714, -0.328606, -0.002831, 0.027358, 0.329691, -0.943692, -1.2e-05, 0.0, 0.0, 0.0, 1.0],
                [0.998915, 0.026585, 0.038247, 0.124994, 0.037697, -0.943714, -0.328606, -0.002831, 0.027358, 0.329691, -0.943692, -1.2e-05, 0.0, 0.0, 0.0, 1.0],
                [0.998915, 0.026585, 0.038247, 0.124994, 0.037697, -0.943714, -0.328606, -0.002831, 0.027358, 0.329691, -0.943692, -1.2e-05, 0.0, 0.0, 0.0, 1.0],
                [0.998915, 0.026585, 0.038247, 0.124994, 0.037697, -0.943714, -0.328606, -0.002831, 0.027358, 0.329691, -0.943692, -1.2e-05, 0.0, 0.0, 0.0, 1.0],
                [0.998915, 0.026585, 0.038247, 0.124994, 0.037697, -0.943714, -0.328606, -0.002831, 0.027358, 0.329691, -0.943692, -1.2e-05, 0.0, 0.0, 0.0, 1.0],
                [0.998915, 0.026585, 0.038247, 0.124994, 0.037697, -0.943714, -0.328606, -0.002831, 0.027358, 0.329691, -0.943692, -1.2e-05, 0.0, 0.0, 0.0, 1.0],
                [0.998915, 0.026585, 0.038247, 0.124994, 0.037697, -0.943714, -0.328606, -0.002831, 0.027358, 0.329691, -0.943692, -1.2e-05, 0.0, 0.0, 0.0, 1.0],
                [0.998915, 0.026585, 0.038247, 0.124994, 0.037697, -0.943714, -0.328606, -0.002831, 0.027358, 0.329691, -0.943692, -1.2e-05, 0.0, 0.0, 0.0, 1.0],
                [0.998915, 0.026585, 0.038247, 0.124994, 0.037697, -0.943714, -0.328606, -0.002831, 0.027358, 0.329691, -0.943692, -1.2e-05, 0.0, 0.0, 0.0, 1.0],
                [0.998915, 0.026585, 0.038247, 0.124994, 0.037697, -0.943714, -0.328606, -0.002831, 0.027358, 0.329691, -0.943692, -1.2e-05, 0.0, 0.0, 0.0, 1.0],
                [0.998915, 0.026585, 0.038247, 0.124994, 0.037697, -0.943714, -0.328606, -0.002831, 0.027358, 0.329691, -0.943692, -1.2e-05, 0.0, 0.0, 0.0, 1.0],
                [0.998915, 0.026585, 0.038247, 0.124994, 0.037697, -0.943714, -0.328606, -0.002831, 0.027358, 0.329691, -0.943692, -1.2e-05, 0.0, 0.0, 0.0, 1.0],
                [0.998915, 0.026585, 0.038247, 0.124994, 0.037697, -0.943714, -0.328606, -0.002831, 0.027358, 0.329691, -0.943692, -1.2e-05, 0.0, 0.0, 0.0, 1.0],
                [0.998915, 0.026585, 0.038247, 0.124994, 0.037697, -0.943714, -0.328606, -0.002831, 0.027358, 0.329691, -0.943692, -1.2e-05, 0.0, 0.0, 0.0, 1.0],
                [0.998915, 0.026585, 0.038247, 0.124994, 0.037697, -0.943714, -0.328606, -0.002831, 0.027358, 0.329691, -0.943692, -1.2e-05, 0.0, 0.0, 0.0, 1.0],
                [0.998915, 0.026585, 0.038247, 0.124994, 0.037697, -0.943714, -0.328606, -0.002831, 0.027358, 0.329691, -0.943692, -1.2e-05, 0.0, 0.0, 0.0, 1.0],
                [0.998915, 0.026585, 0.038247, 0.124994, 0.037697, -0.943714, -0.328606, -0.002831, 0.027358, 0.329691, -0.943692, -1.2e-05, 0.0, 0.0, 0.0, 1.0],
