{
    "armature": {
        "joints": ["Root", "Thigh_R", "Leg_R", "Knee_R", "Thigh_L", "Leg_L", "Knee_L", "Torso", "Chest", "Head", "Shoulder_R", "Arm_R", "Hand_R", "Tool_R", "Elbow_R", "Shoulder_L", "Arm_L", "Hand_L", "Tool_L", "Elbow_L"],
        "hierarchy": [
            {
                "name": "Root",
                "transform": [1.0, 0.0, 0.0, -5e-06, 0.0, 0.0, -1.0, 0.000946, 0.0, 1.0, 0.0, 0.763972, 0.0, 0.0, 0.0, 1.0],
                "children": [
                    {
                        "name": "Thigh_R",
                        "transform": [1.0, -0.0, -0.0, 0.124994, -0.0, -1.0, 0.0, -0.002831, -0.0, -0.0, -1.0, -1.2e-05, 0.0, 0.0, 0.0, 1.0],
                        "children": [
                            {
                                "name": "Leg_R",
                                "transform": [1.0, 0.0, 1e-06, 0.0, -0.0, 1.0, 0.0, 0.37472, -1e-06, -0.0, 1.0, -0.0, 0.0, 0.0, 0.0, 1.0],
                                "children": []
                            },
                            {
                                "name": "Knee_R",
                                "transform": [1.0, 0.0, -0.0, 0.0, -0.0, 0.0, -1.0, 0.37472, -0.0, 1.0, 0.0, -0.0, 0.0, 0.0, 0.0, 1.0],
                                "children": []
                            }
                        ]
                    },
                    {
                        "name": "Thigh_L",
                        "transform": [1.0, -0.0, -0.0, -0.125006, -0.0, -1.0, 0.0, -0.002831, -0.0, -0.0, -1.0, -1.2e-05, 0.0, 0.0, 0.0, 1.0],
                        "children": [
                            {
                                "name": "Leg_L",
                                "transform": [1.0, 0.0, 1e-06, -0.0, -0.0, 1.0, 0.0, 0.37472, -1e-06, -0.0, 1.0, 0.0, 0.0, 0.0, 0.0, 1.0],
                                "children": []
                            },
                            {
                                "name": "Knee_L",
                                "transform": [1.0, 0.0, -0.0, -0.0, -0.0, 0.0, -1.0, 0.37472, -0.0, 1.0, 0.0, 0.0, 0.0, 0.0, 0.0, 1.0],
                                "children": []
                            }
                        ]
                    },
                    {
                        "name": "Torso",
                        "transform": [1.0, 0.0, 0.0, 0.0, 0.0, 1.0, 0.0, 0.05, 0.0, 0.0, 1.0, 0.0, 0.0, 0.0, 0.0, 1.0],
                        "children": [
                            {
                                "name": "Chest",
                                "transform": [1.0, 0.0, 0.0, 0.0, 0.0, 1.0, 0.0, 0.3, 0.0, 0.0, 1.0, 0.0, 0.0, 0.0, 0.0, 1.0],
                                "children": [
                                    {
                                        "name": "Head",
                                        "transform": [1.0, 0.0, 0.0, 0.0, 0.0, 1.0, 0.0, 0.4, 0.0, 0.0, 1.0, 0.0, 0.0, 0.0, 0.0, 1.0],
                                        "children": []
                                    },
                                    {
                                        "name": "Shoulder_R",
                                        "transform": [0.0, 0.952114, 0.305743, 0.0, 0.0, -0.305743, 0.952114, 0.4, 1.0, 0.0, -0.0, 0.0, 0.0, 0.0, 0.0, 1.0],
                                        "children": [
                                            {
                                                "name": "Arm_R",
                                                "transform": [0.0, -0.0, -1.0, -0.0, 0.952114, 0.305743, 0.0, 0.39386, 0.305743, -0.952114, 0.0, 0.0, 0.0, 0.0, 0.0, 1.0],
                                                "children": [
                                                    {
                                                        "name": "Hand_R",
                                                        "transform": [1.0, 0.0, 0.0, 0.0, -0.0, 0.993938, 0.109947, 0.3, -0.0, -0.109947, 0.993937, 0.0, 0.0, 0.0, 0.0, 1.0],
                                                        "children": [
                                                            {
                                                                "name": "Tool_R",
                                                                "transform": [1.0, 0.0, 0.0, -0.0, 0.0, -0.999836, 0.018122, 0.272858, 0.0, -0.018122, -0.999836, 0.0, 0.0, 0.0, 0.0, 1.0],
                                                                "children": []
                                                            }
                                                        ]
                                                    },
                                                    {
                                                        "name": "Elbow_R",
                                                        "transform": [-1.0, 0.0, -0.0, 0.0, 0.0, 0.0, -1.0, 0.3, -0.0, -1.0, -0.0, 0.0, 0.0, 0.0, 0.0, 1.0],
                                                        "children": []
                                                    }
                                                ]
                                            }
                                        ]
                                    },
                                    {
                                        "name": "Shoulder_L",
                                        "transform": [-0.0, -0.952114, -0.305743, 0.0, 0.0, -0.305743, 0.952114, 0.4, -1.0, 0.0, 0.0, 0.0, 0.0, 0.0, 0.0, 1.0],
                                        "children": [
                                            {
                                                "name": "Arm_L",
                                                "transform": [-0.0, -0.0, 1.0, -0.0, -0.952114, 0.305743, -0.0, 0.39386, -0.305743, -0.952114, -0.0, 0.0, 0.0, 0.0, 0.0, 1.0],
                                                "children": [
                                                    {
                                                        "name": "Hand_L",
                                                        "transform": [1.0, -0.0, 0.0, -0.0, 0.0, 0.993937, 0.109947, 0.3, -0.0, -0.109947, 0.993937, 0.0, 0.0, 0.0, 0.0, 1.0],
                                                        "children": [
                                                            {
                                                                "name": "Tool_L",
                                                                "transform": [1.0, 0.0, 0.0, -0.0, -0.0, -0.999836, 0.018122, 0.272858, 0.0, -0.018122, -0.999836, -0.0, 0.0, 0.0, 0.0, 1.0],
                                                                "children": []
                                                            }
                                                        ]
                                                    },
                                                    {
                                                        "name": "Elbow_L",
                                                        "transform": [-1.0, 0.0, -0.0, -0.0, 0.0, -0.0, -1.0, 0.3, -0.0, -1.0, 0.0, 0.0, 0.0, 0.0, 0.0, 1.0],
                                                        "children": []
                                                    }
                                                ]
                                            }
                                        ]
                                    }
                                ]
                            }
                        ]
                    }
                ]
            }
        ]
    },
    "animation": [
        {
            "name": "Root",
            "time": [0.0, 0.0167, 0.0333, 0.05, 0.0667, 0.0833, 0.1, 0.1167, 0.1333, 0.15, 0.1667, 0.1833, 0.2, 0.2167, 0.2333, 0.25, 0.2667, 0.2833, 0.3, 0.3167, 0.3333, 0.35, 0.3667, 0.3833, 0.4, 0.4167, 0.4333, 0.45, 0.4667, 0.4833, 0.5, 0.5167, 0.5333, 0.55, 0.5667, 0.5833, 0.6, 0.6167, 0.6333, 0.65, 0.6667, 0.6833, 0.7, 0.7167, 0.7333, 0.75, 0.7667, 0.7833, 0.8, 0.8167, 0.8333, 0.85, 0.8667, 0.8833, 0.9, 0.9167, 0.9333],
            "transform": [
                [1.0, 0.0, 0.0, -5e-06, 0.0, 0.0, -1.0, -0.002071, 0.0, 1.0, 0.0, 0.688546, 0.0, 0.0, 0.0, 1.0],
                [1.0, 0.0, 0.0, -5e-06, 0.0, 0.0, -1.0, -0.016912, 0.0, 1.0, 0.0, 0.6871, 0.0, 0.0, 0.0, 1.0],
                [1.0, 0.0, 0.0, -5e-06, 0.0, 0.0, -1.0, -0.057605, 0.0, 1.0, 0.0, 0.683137, 0.0, 0.0, 0.0, 1.0],
                [1.0, 0.0, 0.0, -5e-06, 0.0, 0.0, -1.0, -0.118404, 0.0, 1.0, 0.0, 0.677215, 0.0, 0.0, 0.0, 1.0],
                [1.0, 0.0, 0.0, -5e-06, 0.0, 0.0, -1.0, -0.193566, 0.0, 1.0, 0.0, 0.669895, 0.0, 0.0, 0.0, 1.0],
                [1.0, 0.0, 0.0, -5e-06, 0.0, 0.0, -1.0, -0.277345, 0.0, 1.0, 0.0, 0.661735, 0.0, 0.0, 0.0, 1.0],
                [1.0, 0.0, 0.0, -5e-06, 0.0, 0.0, -1.0, -0.363996, 0.0, 1.0, 0.0, 0.653295, 0.0, 0.0, 0.0, 1.0],
                [1.0, 0.0, 0.0, -5e-06, 0.0, 0.0, -1.0, -0.447775, 0.0, 1.0, 0.0, 0.645135, 0.0, 0.0, 0.0, 1.0],
                [1.0, 0.0, 0.0, -5e-06, 0.0, 0.0, -1.0, -0.522936, 0.0, 1.0, 0.0, 0.637815, 0.0, 0.0, 0.0, 1.0],
                [1.0, 0.0, 0.0, -5e-06, 0.0, 0.0, -1.0, -0.583736, 0.0, 1.0, 0.0, 0.631893, 0.0, 0.0, 0.0, 1.0],
                [1.0, 0.0, 0.0, -5e-06, 0.0, 0.0, -1.0, -0.624429, 0.0, 1.0, 0.0, 0.62793, 0.0, 0.0, 0.0, 1.0],
                [1.0, 0.0, 0.0, -5e-06, 0.0, 0.0, -1.0, -0.639269, 0.0, 1.0, 0.0, 0.626484, 0.0, 0.0, 0.0, 1.0],
                [1.0, 0.0, 0.0, -5e-06, 0.0, 0.0, -1.0, -0.639269, 0.0, 1.0, 0.0, 0.626484, 0.0, 0.0, 0.0, 1.0],
                [1.0, 0.0, 0.0, -5e-06, 0.0, 0.0, -1.0, -0.639269, 0.0, 1.0, 0.0, 0.626484, 0.0, 0.0, 0.0, 1.0],
                [1.0, 0.0, 0.0, -5e-06, 0.0, 0.0, -1.0, -0.639269, 0.0, 1.0, 0.0, 0.626484, 0.0, 0.0, 0.0, 1.0],
                [1.0, 0.0, 0.0, -5e-06, 0.0, 0.0, -1.0, -0.639269, 0.0, 1.0, 0.0, 0.626484, 0.0, 0.0, 0.0, 1.0],
                [1.0, 0.0, 0.0, -5e-06, 0.0, 0.0, -1.0, -0.639269, 0.0, 1.0, 0.0, 0.626484, 0.0, 0.0, 0.0, 1.0],
                [1.0, 0.0, 0.0, -5e-06, 0.0, 0.0, -1.0, -0.56372, 0.0, 1.0, 0.0, 0.629151, 0.0, 0.0, 0.0, 1.0],
                [1.0, 0.0, 0.0, -5e-06, 0.0, 0.0, -1.0, -0.363622, 0.0, 1.0, 0.0, 0.636181, 0.0, 0.0, 0.0, 1.0],
                [1.0, 0.0, 0.0, -5e-06, 0.0, 0.0, -1.0, -0.0788, 0.0, 1.0, 0.0, 0.646121, 0.0, 0.0, 0.0, 1.0],
                [1.0, 0.0, 0.0, -5e-06, 0.0, 0.0, -1.0, 0.250919, 0.0, 1.0, 0.0, 0.657515, 0.0, 0.0, 0.0, 1.0],
                [1.0, 0.0, 0.0, -5e-06, 0.0, 0.0, -1.0, 0.58571, 0.0, 1.0, 0.0, 0.668909, 0.0, 0.0, 0.0, 1.0],
                [1.0, 0.0, 0.0, -5e-06, 0.0, 0.0, -1.0, 0.885749, 0.0, 1.0, 0.0, 0.678849, 0.0, 0.0, 0.0, 1.0],
                [1.0, 0.0, 0.0, -5e-06, 0.0, 0.0, -1.0, 1.111208, 0.0, 1.0, 0.0, 0.685879, 0.0, 0.0, 0.0, 1.0],
                [1.0, 0.0, 0.0, -5e-06, 0.0, 0.0, -1.0, 1.222264, 0.0, 1.0, 0.0, 0.688546, 0.0, 0.0, 0.0, 1.0],
                [1.0, 0.0, 0.0, -5e-06, 0.0, 0.0, -1.0, 1.261588, 0.0, 1.0, 0.0, 0.688546, 0.0, 0.0, 0.0, 1.0],
                [1.0, 0.0, 0.0, -5e-06, 0.0, 0.0, -1.0, 1.298454, 0.0, 1.0, 0.0, 0.688546, 0.0, 0.0, 0.0, 1.0],
                [1.0, 0.0, 0.0, -5e-06, 0.0, 0.0, -1.0, 1.332943, 0.0, 1.0, 0.0, 0.688546, 0.0, 0.0, 0.0, 1.0],
                [1.0, 0.0, 0.0, -5e-06, 0.0, 0.0, -1.0, 1.365134, 0.0, 1.0, 0.0, 0.688546, 0.0, 0.0, 0.0, 1.0],
                [1.0, 0.0, 0.0, -5e-06, 0.0, 0.0, -1.0, 1.395105, 0.0, 1.0, 0.0, 0.688546, 0.0, 0.0, 0.0, 1.0],
                [1.0, 0.0, 0.0, -5e-06, 0.0, 0.0, -1.0, 1.422937, 0.0, 1.0, 0.0, 0.688546, 0.0, 0.0, 0.0, 1.0],
                [1.0, 0.0, 0.0, -5e-06, 0.0, 0.0, -1.0, 1.448708, 0.0, 1.0, 0.0, 0.688546, 0.0, 0.0, 0.0, 1.0],
                [1.0, 0.0, 0.0, -5e-06, 0.0, 0.0, -1.0, 1.472498, 0.0, 1.0, 0.0, 0.688546, 0.0, 0.0, 0.0, 1.0],
                [1.0, 0.0, 0.0, -5e-06, 0.0, 0.0, -1.0, 1.494385, 0.0, 1.0, 0.0, 0.688546, 0.0, 0.0, 0.0, 1.0],
                [1.0, 0.0, 0.0, -5e-06, 0.0, 0.0, -1.0, 1.51445, 0.0, 1.0, 0.0, 0.688546, 0.0, 0.0, 0.0, 1.0],
                [1.0, 0.0, 0.0, -5e-06, 0.0, 0.0, -1.0, 1.532771, 0.0, 1.0, 0.0, 0.688546, 0.0, 0.0, 0.0, 1.0],
                [1.0, 0.0, 0.0, -5e-06, 0.0, 0.0, -1.0, 1.549428, 0.0, 1.0, 0.0, 0.688546, 0.0, 0.0, 0.0, 1.0],
                [1.0, 0.0, 0.0, -5e-06, 0.0, 0.0, -1.0, 1.564499, 0.0, 1.0, 0.0, 0.688546, 0.0, 0.0, 0.0, 1.0],
                [1.0, 0.0, 0.0, -5e-06, 0.0, 0.0, -1.0, 1.578065, 0.0, 1.0, 0.0, 0.688546, 0.0, 0.0, 0.0, 1.0],
                [1.0, 0.0, 0.0, -5e-06, 0.0, 0.0, -1.0, 1.590204, 0.0, 1.0, 0.0, 0.688546, 0.0, 0.0, 0.0, 1.0],
                [1.0, 0.0, 0.0, -5e-06, 0.0, 0.0, -1.0, 1.600996, 0.0, 1.0, 0.0, 0.688546, 0.0, 0.0, 0.0, 1.0],
                [1.0, 0.0, 0.0, -5e-06, 0.0, 0.0, -1.0, 1.61052, 0.0, 1.0, 0.0, 0.688546, 0.0, 0.0, 0.0, 1.0],
                [1.0, 0.0, 0.0, -5e-06, 0.0, 0.0, -1.0, 1.618855, 0.0, 1.0, 0.0, 0.688546, 0.0, 0.0, 0.0, 1.0],
                [1.0, 0.0, 0.0, -5e-06, 0.0, 0.0, -1.0, 1.62608, 0.0, 1.0, 0.0, 0.688546, 0.0, 0.0, 0.0, 1.0],
                [1.0, 0.0, 0.0, -5e-06, 0.0, 0.0, -1.0, 1.632275, 0.0, 1.0, 0.0, 0.688546, 0.0, 0.0, 0.0, 1.0],
                [1.0, 0.0, 0.0, -5e-06, 0.0, 0.0, -1.0, 1.637519, 0.0, 1.0, 0.0, 0.688546, 0.0, 0.0, 0.0, 1.0],
                [1.0, 0.0, 0.0, -5e-06, 0.0, 0.0, -1.0, 1.641891, 0.0, 1.0, 0.0, 0.688546, 0.0, 0.0, 0.0, 1.0],
                [1.0, 0.0, 0.0, -5e-06, 0.0, 0.0, -1.0, 1.645471, 0.0, 1.0, 0.0, 0.688546, 0.0, 0.0, 0.0, 1.0],
                [1.0, 0.0, 0.0, -5e-06, 0.0, 0.0, -1.0, 1.648337, 0.0, 1.0, 0.0, 0.688546, 0.0, 0.0, 0.0, 1.0],
                [1.0, 0.0, 0.0, -5e-06, 0.0, 0.0, -1.0, 1.65057, 0.0, 1.0, 0.0, 0.688546, 0.0, 0.0, 0.0, 1.0],
                [1.0, 0.0, 0.0, -5e-06, 0.0, 0.0, -1.0, 1.652247, 0.0, 1.0, 0.0, 0.688546, 0.0, 0.0, 0.0, 1.0],
                [1.0, 0.0, 0.0, -5e-06, 0.0, 0.0, -1.0, 1.653449, 0.0, 1.0, 0.0, 0.688546, 0.0, 0.0, 0.0, 1.0],
                [1.0, 0.0, 0.0, -5e-06, 0.0, 0.0, -1.0, 1.654255, 0.0, 1.0, 0.0, 0.688546, 0.0, 0.0, 0.0, 1.0],
                [1.0, 0.0, 0.0, -5e-06, 0.0, 0.0, -1.0, 1.654744, 0.0, 1.0, 0.0, 0.688546, 0.0, 0.0, 0.0, 1.0],
                [1.0, 0.0, 0.0, -5e-06, 0.0, 0.0, -1.0, 1.654995, 0.0, 1.0, 0.0, 0.688546, 0.0, 0.0, 0.0, 1.0],
                [1.0, 0.0, 0.0, -5e-06, 0.0, 0.0, -1.0, 1.655087, 0.0, 1.0, 0.0, 0.688546, 0.0, 0.0, 0.0, 1.0],
                [1.0, 0.0, 0.0, -5e-06, 0.0, 0.0, -1.0, 1.6551, 0.0, 1.0, 0.0, 0.688546, 0.0, 0.0, 0.0, 1.0]
            ]
        },
        {
            "name": "Thigh_R",
            "time": [0.0, 0.0167, 0.0333, 0.05, 0.0667, 0.0833, 0.1, 0.1167, 0.1333, 0.15, 0.1667, 0.1833, 0.2, 0.2167, 0.2333, 0.25, 0.2667, 0.2833, 0.3, 0.3167, 0.3333, 0.35, 0.3667, 0.3833, 0.4, 0.4167, 0.4333, 0.45, 0.4667, 0.4833, 0.5, 0.5167, 0.5333, 0.55, 0.5667, 0.5833, 0.6, 0.6167, 0.6333, 0.65, 0.6667, 0.6833, 0.7, 0.7167, 0.7333, 0.75, 0.7667, 0.7833, 0.8, 0.8167, 0.8333, 0.85, 0.8667, 0.8833, 0.9, 0.9167, 0.9333],
            "transform": [
                [0.998915, 0.026585, 0.038247, 0.124994, 0.041875, -0.872127, -0.487484, -0.002831, 0.020396, 0.488557, -0.872294, -1.2e-05, 0.0, 0.0, 0.0, 1.0],
                [0.998913, 0.027616, 0.037551, 0.124994, 0.04191, -0.884735, -0.464205, -0.002831, 0.020404, 0.465275, -0.884931, -1.2e-05, 0.0, 0.0, 0.0, 1.0],
                [0.998909, 0.030381, 0.03547, 0.124994, 0.041998, -0.916552, -0.397704, -0.002831, 0.020427, 0.39876, -0.916828, -1.2e-05, 0.0, 0.0, 0.0, 1.0],
                [0.998903, 0.034287, 0.031894, 0.124994, 0.042116, -0.955553, -0.291793, -0.002831, 0.020472, 0.292817, -0.955949, -1.2e-05, 0.0, 0.0, 0.0, 1.0],
                [0.998896, 0.038605, 0.026747, 0.124994, 0.042236, -0.987459, -0.152122, -0.002831, 0.020539, 0.153084, -0.988, -1.2e-05, 0.0, 0.0, 0.0, 1.0],
                [0.998891, 0.042542, 0.020183, 0.124994, 0.042331, -0.999045, 0.010764, -0.002831, 0.020621, -0.009898, -0.999738, -1.2e-05, 0.0, 0.0, 0.0, 1.0],
                [0.998887, 0.045423, 0.012688, 0.124994, 0.042376, -0.982521, 0.181261, -0.002831, 0.020699, -0.180521, -0.983353, -1.2e-05, 0.0, 0.0, 0.0, 1.0],
                [0.998887, 0.046896, 0.005013, 0.124994, 0.042355, -0.938741, 0.342011, -0.002831, 0.020745, -0.341418, -0.939683, -1.2e-05, 0.0, 0.0, 0.0, 1.0],
                [0.998891, 0.047029, -0.002039, 0.124994, 0.042265, -0.876944, 0.478729, -0.002831, 0.020727, -0.478285, -0.87796, -1.2e-05, 0.0, 0.0, 0.0, 1.0],
                [0.9989, 0.046226, -0.007818, 0.124994, 0.042106, -0.811233, 0.583205, -0.002831, 0.020617, -0.582893, -0.812287, -1.2e-05, 0.0, 0.0, 0.0, 1.0],
                [0.998915, 0.045033, -0.0119, 0.124994, 0.041875, -0.75637, 0.652802, -0.002831, 0.020396, -0.652592, -0.757435, -1.2e-05, 0.0, 0.0, 0.0, 1.0],
                [0.998927, 0.043954, -0.014597, 0.124994, 0.041685, -0.715899, 0.696958, -0.002831, 0.020184, -0.696818, -0.716963, -1.2e-05, 0.0, 0.0, 0.0, 1.0],
                [0.998931, 0.043156, -0.016535, 0.124994, 0.041618, -0.684426, 0.727894, -0.002831, 0.020096, -0.727804, -0.68549, -1.2e-05, 0.0, 0.0, 0.0, 1.0],
                [0.998931, 0.042637, -0.017874, 0.124994, 0.041632, -0.66147, 0.748815, -0.002831, 0.020104, -0.748758, -0.662538, -1.2e-05, 0.0, 0.0, 0.0, 1.0],
                [0.998927, 0.042358, -0.018742, 0.124994, 0.041695, -0.646057, 0.762149, -0.002831, 0.020175, -0.762113, -0.64713, -1.2e-05, 0.0, 0.0, 0.0, 1.0],
                [0.998921, 0.042258, -0.019246, 0.124994, 0.041776, -0.636917, 0.769799, -0.002831, 0.020272, -0.769773, -0.637996, -1.2e-05, 0.0, 0.0, 0.0, 1.0],
                [0.998917, 0.042261, -0.019481, 0.124994, 0.041846, -0.632597, 0.773349, -0.002831, 0.020359, -0.773327, -0.63368, -1.2e-05, 0.0, 0.0, 0.0, 1.0],
                [0.998915, 0.042282, -0.019539, 0.124994, 0.041875, -0.631521, 0.774227, -0.002831, 0.020396, -0.774205, -0.632607, -1.2e-05, 0.0, 0.0, 0.0, 1.0],
                [0.998915, 0.043165, -0.017503, 0.124994, 0.041875, -0.667679, 0.74327, -0.002831, 0.020396, -0.743196, -0.668763, -1.2e-05, 0.0, 0.0, 0.0, 1.0],
                [0.998915, 0.045039, -0.011876, 0.124994, 0.041875, -0.756729, 0.652385, -0.002831, 0.020396, -0.652175, -0.757794, -1.2e-05, 0.0, 0.0, 0.0, 1.0],
                [0.998915, 0.046451, -0.003448, 0.124994, 0.041875, -0.863173, 0.503168, -0.002831, 0.020396, -0.502766, -0.864182, -1.2e-05, 0.0, 0.0, 0.0, 1.0],
                [0.998915, 0.046142, 0.006359, 0.124994, 0.041875, -0.949422, 0.311197, -0.002831, 0.020396, -0.310593, -0.950324, -1.2e-05, 0.0, 0.0, 0.0, 1.0],
                [0.998915, 0.043908, 0.015545, 0.124994, 0.041875, -0.992705, 0.11306, -0.002831, 0.020396, -0.112286, -0.993467, -1.2e-05, 0.0, 0.0, 0.0, 1.0],
                [0.998915, 0.040874, 0.022335, 0.124994, 0.041875, -0.998046, -0.046362, -0.002831, 0.020396, 0.047247, -0.998675, -1.2e-05, 0.0, 0.0, 0.0, 1.0],
                [0.998915, 0.038844, 0.025704, 0.124994, 0.041875, -0.990577, -0.130395, -0.002831, 0.020396, 0.13133, -0.991129, -1.2e-05, 0.0, 0.0, 0.0, 1.0],
                [0.998915, 0.037898, 0.027079, 0.124994, 0.041875, -0.985269, -0.165801, -0.002831, 0.020396, 0.166755, -0.985787, -1.2e-05, 0.0, 0.0, 0.0, 1.0],
                [0.998915, 0.036973, 0.028329, 0.124994, 0.041875, -0.979185, -0.1986, -0.002831, 0.020396, 0.19957, -0.979671, -1.2e-05, 0.0, 0.0, 0.0, 1.0],
                [0.998915, 0.036076, 0.029463, 0.124994, 0.041875, -0.972551, -0.228891, -0.002831, 0.020396, 0.229877, -0.973006, -1.2e-05, 0.0, 0.0, 0.0, 1.0],
                [0.998915, 0.035214, 0.030489, 0.124994, 0.041875, -0.96556, -0.256789, -0.002831, 0.020396, 0.257787, -0.965987, -1.2e-05, 0.0, 0.0, 0.0, 1.0],
                [0.998915, 0.034389, 0.031416, 0.124994, 0.041875, -0.958379, -0.282411, -0.002831, 0.020396, 0.28342, -0.958779, -1.2e-05, 0.0, 0.0, 0.0, 1.0],
                [0.998915, 0.033607, 0.032251, 0.124994, 0.041875, -0.951149, -0.305879, -0.002831, 0.020396, 0.306898, -0.951524, -1.2e-05, 0.0, 0.0, 0.0, 1.0],
                [0.998915, 0.032868, 0.033003, 0.124994, 0.041875, -0.943986, -0.327317, -0.002831, 0.020396, 0.328343, -0.944338, -1.2e-05, 0.0, 0.0, 0.0, 1.0],
                [0.998915, 0.032176, 0.033679, 0.124994, 0.041875, -0.936987, -0.346845, -0.002831, 0.020396, 0.347879, -0.937318, -1.2e-05, 0.0, 0.0, 0.0, 1.0],
                [0.998915, 0.031531, 0.034284, 0.124994, 0.041875, -0.930229, -0.364582, -0.002831, 0.020396, 0.365622, -0.93054, -1.2e-05, 0.0, 0.0, 0.0, 1.0],
                [0.998915, 0.030932, 0.034825, 0.124994, 0.041875, -0.923774, -0.380642, -0.002831, 0.020396, 0.381687, -0.924067, -1.2e-05, 0.0, 0.0, 0.0, 1.0],
                [0.998915, 0.03038, 0.035307, 0.124994, 0.041875, -0.917668, -0.395135, -0.002831, 0.020396, 0.396185, -0.917944, -1.2e-05, 0.0, 0.0, 0.0, 1.0],
                [0.998915, 0.029874, 0.035737, 0.124994, 0.041875, -0.911946, -0.408168, -0.002831, 0.020396, 0.409221, -0.912207, -1.2e-05, 0.0, 0.0, 0.0, 1.0],
                [0.998915, 0.029413, 0.036117, 0.124994, 0.041875, -0.906632, -0.419839, -0.002831, 0.020396, 0.420896, -0.90688, -1.2e-05, 0.0, 0.0, 0.0, 1.0],
                [0.998915, 0.028995, 0.036453, 0.124994, 0.041875, -0.901741, -0.430244, -0.002831, 0.020396, 0.431304, -0.901976, -1.2e-05, 0.0, 0.0, 0.0, 1.0],
                [0.998915, 0.02862, 0.036749, 0.124994, 0.041875, -0.897278, -0.439474, -0.002831, 0.020396, 0.440536, -0.897503, -1.2e-05, 0.0, 0.0, 0.0, 1.0],
                [0.998915, 0.028284, 0.037007, 0.124994, 0.041875, -0.893245, -0.447615, -0.002831, 0.020396, 0.448679, -0.89346, -1.2e-05, 0.0, 0.0, 0.0, 1.0],
                [0.998915, 0.027987, 0.037233, 0.124994, 0.041875, -0.889635, -0.454747, -0.002831, 0.020396, 0.455813, -0.889842, -1.2e-05, 0.0, 0.0, 0.0, 1.0],
                [0.998915, 0.027727, 0.037427, 0.124994, 0.041875, -0.886437, -0.46095, -0.002831, 0.020396, 0.462017, -0.886637, -1.2e-05, 0.0, 0.0, 0.0, 1.0],
                [0.998915, 0.0275, 0.037594, 0.124994, 0.041875, -0.883637, -0.466296, -0.002831, 0.020396, 0.467364, -0.883829, -1.2e-05, 0.0, 0.0, 0.0, 1.0],
                [0.998915, 0.027305, 0.037736, 0.124994, 0.041875, -0.881214, -0.470858, -0.002831, 0.020396, 0.471927, -0.881402, -1.2e-05, 0.0, 0.0, 0.0, 1.0],
                [0.998915, 0.02714, 0.037855, 0.124994, 0.041875, -0.879149, -0.474703, -0.002831, 0.020396, 0.475773, -0.879332, -1.2e-05, 0.0, 0.0, 0.0, 1.0],
                [0.998915, 0.027002, 0.037953, 0.124994, 0.041875, -0.877417, -0.477897, -0.002831, 0.020396, 0.478968, -0.877595, -1.2e-05, 0.0, 0.0, 0.0, 1.0],
                [0.998915, 0.026889, 0.038033, 0.124994, 0.041875, -0.875992, -0.480505, -0.002831, 0.020396, 0.481576, -0.876167, -1.2e-05, 0.0, 0.0, 0.0, 1.0],
                [0.998915, 0.026799, 0.038097, 0.124994, 0.041875, -0.874846, -0.482588, -0.002831, 0.020396, 0.483659, -0.875019, -1.2e-05, 0.0, 0.0, 0.0, 1.0],
                [0.998915, 0.026728, 0.038147, 0.124994, 0.041875, -0.873951, -0.484207, -0.002831, 0.020396, 0.485279, -0.874122, -1.2e-05, 0.0, 0.0, 0.0, 1.0],
                [0.998915, 0.026675, 0.038184, 0.124994, 0.041875, -0.873277, -0.485422, -0.002831, 0.020396, 0.486494, -0.873446, -1.2e-05, 0.0, 0.0, 0.0, 1.0],
                [0.998915, 0.026637, 0.03821, 0.124994, 0.041875, -0.872793, -0.486291, -0.002831, 0.020396, 0.487363, -0.872961, -1.2e-05, 0.0, 0.0, 0.0, 1.0],
                [0.998915, 0.026612, 0.038228, 0.124994, 0.041875, -0.872468, -0.486873, -0.002831, 0.020396, 0.487946, -0.872636, -1.2e-05, 0.0, 0.0, 0.0, 1.0],
                [0.998915, 0.026596, 0.038239, 0.124994, 0.041875, -0.872271, -0.487227, -0.002831, 0.020396, 0.488299, -0.872438, -1.2e-05, 0.0, 0.0, 0.0, 1.0],
                [0.998915, 0.026588, 0.038244, 0.124994, 0.041875, -0.872169, -0.487408, -0.002831, 0.020396, 0.48848, -0.872336, -1.2e-05, 0.0, 0.0, 0.0, 1.0],
                [0.998915, 0.026585, 0.038246, 0.124994, 0.041875, -0.872132, -0.487475, -0.002831, 0.020396, 0.488547, -0.872299, -1.2e-05, 0.0, 0.0, 0.0, 1.0],
                [0.998915, 0.026585, 0.038247, 0.124994, 0.041875, -0.872127, -0.487484, -0.002831, 0.020396, 0.488557, -0.872294, -1.2e-05, 0.0, 0.0, 0.0, 1.0]
            ]
        },
        {
            "name": "Leg_R",
            "time": [0.0, 0.0167, 0.0333, 0.05, 0.0667, 0.0833, 0.1, 0.1167, 0.1333, 0.15, 0.1667, 0.1833, 0.2, 0.2167, 0.2333, 0.25, 0.2667, 0.2833, 0.3, 0.3167, 0.3333, 0.35, 0.3667, 0.3833, 0.4, 0.4167, 0.4333, 0.45, 0.4667, 0.4833, 0.5, 0.5167, 0.5333, 0.55, 0.5667, 0.5833, 0.6, 0.6167, 0.6333, 0.65, 0.6667, 0.6833, 0.7, 0.7167, 0.7333, 0.75, 0.7667, 0.7833, 0.8, 0.8167, 0.8333, 0.85, 0.8667, 0.8833, 0.9, 0.9167, 0.9333],
            "transform": [
                [0.999926, -0.00151, -0.012064, 0.0, 0.006495, 0.905121, 0.425105, 0.37472, 0.010278, -0.425152, 0.905064, -0.0, 0.0, 0.0, 0.0, 1.0],
                [0.999926, -0.00151, -0.012064, 0.0, 0.006495, 0.905121, 0.425105, 0.37472, 0.010278, -0.425152, 0.905064, -0.0, 0.0, 0.0, 0.0, 1.0],
                [0.999926, -0.00151, -0.012064, -0.0, 0.006495, 0.905121, 0.425105, 0.37472, 0.010278, -0.425152, 0.905064, 0.0, 0.0, 0.0, 0.0, 1.0],
                [0.999926, -0.00151, -0.012064, 0.0, 0.006495, 0.905121, 0.425105, 0.37472, 0.010278, -0.425152, 0.905064, -0.0, 0.0, 0.0, 0.0, 1.0],
                [0.999926, -0.00151, -0.012064, 0.0, 0.006495, 0.905121, 0.425105, 0.37472, 0.010278, -0.425152, 0.905064, -0.0, 0.0, 0.0, 0.0, 1.0],
                [0.999926, -0.00151, -0.012064, 0.0, 0.006495, 0.905121, 0.425105, 0.37472, 0.010278, -0.425152, 0.905064, -0.0, 0.0, 0.0, 0.0, 1.0],
                [0.999926, -0.00151, -0.012064, 0.0, 0.006495, 0.905121, 0.425105, 0.37472, 0.010278, -0.425152, 0.905064, -0.0, 0.0, 0.0, 0.0, 1.0],
                [0.999926, -0.00151, -0.012064, -0.0, 0.006495, 0.905121, 0.425105, 0.37472, 0.010278, -0.425152, 0.905064, -0.0, 0.0, 0.0, 0.0, 1.0],
                [0.999926, -0.00151, -0.012064, -0.0, 0.006495, 0.905121, 0.425105, 0.37472, 0.010278, -0.425152, 0.905064, 0.0, 0.0, 0.0, 0.0, 1.0],
                [0.999926, -0.00151, -0.012064, 0.0, 0.006495, 0.905121, 0.425105, 0.37472, 0.010278, -0.425152, 0.905064, 0.0, 0.0, 0.0, 0.0, 1.0],
                [0.999926, -0.00151, -0.012064, -0.0, 0.006495, 0.905121, 0.425105, 0.37472, 0.010278, -0.425152, 0.905064, -0.0, 0.0, 0.0, 0.0, 1.0],
                [0.999926, -0.001393, -0.012078, -0.0, 0.006495, 0.900973, 0.433827, 0.37472, 0.010278, -0.433873, 0.900916, 0.0, 0.0, 0.0, 0.0, 1.0],
                [0.999926, -0.001092, -0.012109, 0.0, 0.006495, 0.889882, 0.456144, 0.37472, 0.010278, -0.456189, 0.889824, 0.0, 0.0, 0.0, 0.0, 1.0],
                [0.999926, -0.000678, -0.012139, -0.0, 0.006495, 0.873812, 0.48622, 0.37472, 0.010278, -0.486263, 0.873752, -0.0, 0.0, 0.0, 0.0, 1.0],
                [0.999926, -0.000226, -0.012156, 0.0, 0.006495, 0.855141, 0.518354, 0.37472, 0.010278, -0.518395, 0.855079, -0.0, 0.0, 0.0, 0.0, 1.0],
                [0.999926, 0.000188, -0.012157, -0.0, 0.006495, 0.83697, 0.54721, 0.37472, 0.010278, -0.547248, 0.836907, 0.0, 0.0, 0.0, 0.0, 1.0],
                [0.999926, 0.000491, -0.012148, -0.0, 0.006495, 0.823074, 0.567897, 0.37472, 0.010278, -0.567934, 0.82301, 0.0, 0.0, 0.0, 0.0, 1.0],
                [0.999926, 0.000608, -0.012143, -0.0, 0.006495, 0.817551, 0.575819, 0.37472, 0.010278, -0.575856, 0.817487, 0.0, 0.0, 0.0, 0.0, 1.0],
                [0.999926, 0.000531, -0.012147, -0.0, 0.006495, 0.821224, 0.57057, 0.37472, 0.010278, -0.570606, 0.82116, -0.0, 0.0, 0.0, 0.0, 1.0],
                [0.999926, 0.000328, -0.012154, 0.0, 0.006495, 0.830619, 0.556803, 0.37472, 0.010278, -0.556841, 0.830555, -0.0, 0.0, 0.0, 0.0, 1.0],
                [0.999926, 4.7e-05, -0.012158, -0.0, 0.006495, 0.843257, 0.537472, 0.37472, 0.010278, -0.537511, 0.843194, 0.0, 0.0, 0.0, 0.0, 1.0],
                [0.999926, -0.000265, -0.012155, -0.0, 0.006495, 0.856781, 0.515639, 0.37472, 0.010278, -0.51568, 0.85672, 0.0, 0.0, 0.0, 0.0, 1.0],
                [0.999926, -0.000562, -0.012145, 0.0, 0.006495, 0.869115, 0.494568, 0.37472, 0.010278, -0.49461, 0.869054, -0.0, 0.0, 0.0, 0.0, 1.0],
                [0.999926, -0.000796, -0.012132, -0.0, 0.006495, 0.878496, 0.477706, 0.37472, 0.010278, -0.47775, 0.878436, 0.0, 0.0, 0.0, 0.0, 1.0],
                [0.999926, -0.000921, -0.012123, -0.0, 0.006495, 0.883382, 0.468608, 0.37472, 0.010278, -0.468652, 0.883323, 0.0, 0.0, 0.0, 0.0, 1.0],
                [0.999926, -0.000975, -0.012119, 0.0, 0.006495, 0.885446, 0.464698, 0.37472, 0.010278, -0.464742, 0.885387, 0.0, 0.0, 0.0, 0.0, 1.0],
                [0.999926, -0.001025, -0.012115, -0.0, 0.006495, 0.887364, 0.461023, 0.37472, 0.010278, -0.461068, 0.887305, -0.0, 0.0, 0.0, 0.0, 1.0],
                [0.999926, -0.001072, -0.012111, 0.0, 0.006495, 0.889145, 0.45758, 0.37472, 0.010278, -0.457624, 0.889086, 0.0, 0.0, 0.0, 0.0, 1.0],
                [0.999926, -0.001116, -0.012107, -0.0, 0.006495, 0.890795, 0.454359, 0.37472, 0.010278, -0.454404, 0.890736, -0.0, 0.0, 0.0, 0.0, 1.0],
                [0.999926, -0.001157, -0.012103, 0.0, 0.006495, 0.89232, 0.451356, 0.37472, 0.010278, -0.451401, 0.892262, 0.0, 0.0, 0.0, 0.0, 1.0],
                [0.999926, -0.001194, -0.012099, 0.0, 0.006495, 0.893728, 0.448562, 0.37472, 0.010278, -0.448608, 0.89367, -0.0, 0.0, 0.0, 0.0, 1.0],
                [0.999926, -0.001229, -0.012096, 0.0, 0.006495, 0.895023, 0.445972, 0.37472, 0.010278, -0.446018, 0.894965, -0.0, 0.0, 0.0, 0.0, 1.0],
                [0.999926, -0.001262, -0.012093, -0.0, 0.006495, 0.896212, 0.443578, 0.37472, 0.010278, -0.443624, 0.896154, 0.0, 0.0, 0.0, 0.0, 1.0],
                [0.999926, -0.001292, -0.01209, -0.0, 0.006495, 0.8973, 0.441373, 0.37472, 0.010278, -0.441419, 0.897242, 0.0, 0.0, 0.0, 0.0, 1.0],
                [0.999926, -0.001319, -0.012087, -0.0, 0.006495, 0.898293, 0.439349, 0.37472, 0.010278, -0.439395, 0.898235, 0.0, 0.0, 0.0, 0.0, 1.0],
                [0.999926, -0.001344, -0.012084, -0.0, 0.006495, 0.899195, 0.437499, 0.37472, 0.010278, -0.437545, 0.899138, 0.0, 0.0, 0.0, 0.0, 1.0],
                [0.999926, -0.001366, -0.012081, -0.0, 0.006495, 0.900012, 0.435816, 0.37472, 0.010278, -0.435862, 0.899955, -0.0, 0.0, 0.0, 0.0, 1.0],
                [0.999926, -0.001387, -0.012079, 0.0, 0.006495, 0.900749, 0.434292, 0.37472, 0.010278, -0.434338, 0.900691, -0.0, 0.0, 0.0, 0.0, 1.0],
                [0.999926, -0.001405, -0.012077, 0.0, 0.006495, 0.901409, 0.432919, 0.37472, 0.010278, -0.432965, 0.901352, -0.0, 0.0, 0.0, 0.0, 1.0],
                [0.999926, -0.001422, -0.012075, -0.0, 0.006495, 0.901999, 0.43169, 0.37472, 0.010278, -0.431736, 0.901941, 0.0, 0.0, 0.0, 0.0, 1.0],
                [0.999926, -0.001436, -0.012073, -0.0, 0.006495, 0.902521, 0.430596, 0.37472, 0.010278, -0.430643, 0.902464, -0.0, 0.0, 0.0, 0.0, 1.0],
                [0.999926, -0.001449, -0.012072, -0.0, 0.006495, 0.902981, 0.429631, 0.37472, 0.010278, -0.429677, 0.902924, 0.0, 0.0, 0.0, 0.0, 1.0],
                [0.999926, -0.00146, -0.01207, 0.0, 0.006495, 0.903383, 0.428785, 0.37472, 0.010278, -0.428832, 0.903326, -0.0, 0.0, 0.0, 0.0, 1.0],
                [0.999926, -0.00147, -0.012069, 0.0, 0.006495, 0.903731, 0.428052, 0.37472, 0.010278, -0.428099, 0.903673, 0.0, 0.0, 0.0, 0.0, 1.0],
                [0.999926, -0.001479, -0.012068, 0.0, 0.006495, 0.904028, 0.427423, 0.37472, 0.010278, -0.42747, 0.903971, -0.0, 0.0, 0.0, 0.0, 1.0],
                [0.999926, -0.001486, -0.012067, 0.0, 0.006495, 0.90428, 0.426891, 0.37472, 0.010278, -0.426938, 0.904223, -0.0, 0.0, 0.0, 0.0, 1.0],
                [0.999926, -0.001492, -0.012066, 0.0, 0.006495, 0.904489, 0.426447, 0.37472, 0.010278, -0.426494, 0.904432, -0.0, 0.0, 0.0, 0.0, 1.0],
                [0.999926, -0.001496, -0.012066, -0.0, 0.006495, 0.904661, 0.426083, 0.37472, 0.010278, -0.42613, 0.904603, -0.0, 0.0, 0.0, 0.0, 1.0],
                [0.999926, -0.0015, -0.012065, 0.0, 0.006495, 0.904798, 0.425792, 0.37472, 0.010278, -0.425839, 0.904741, -0.0, 0.0, 0.0, 0.0, 1.0],
                [0.999926, -0.001503, -0.012065, 0.0, 0.006495, 0.904904, 0.425565, 0.37472, 0.010278, -0.425612, 0.904847, -0.0, 0.0, 0.0, 0.0, 1.0],
                [0.999926, -0.001506, -0.012065, -0.0, 0.006495, 0.904985, 0.425395, 0.37472, 0.010278, -0.425442, 0.904927, 0.0, 0.0, 0.0, 0.0, 1.0],
                [0.999926, -0.001507, -0.012065, 0.0, 0.006495, 0.905042, 0.425273, 0.37472, 0.010278, -0.42532, 0.904985, -0.0, 0.0, 0.0, 0.0, 1.0],
                [0.999926, -0.001508, -0.012064, -0.0, 0.006495, 0.90508, 0.425191, 0.37472, 0.010278, -0.425238, 0.905023, 0.0, 0.0, 0.0, 0.0, 1.0],
                [0.999926, -0.001509, -0.012064, -0.0, 0.006495, 0.905104, 0.425141, 0.37472, 0.010278, -0.425188, 0.905047, -0.0, 0.0, 0.0, 0.0, 1.0],
                [0.999926, -0.001509, -0.012064, 0.0, 0.006495, 0.905116, 0.425116, 0.37472, 0.010278, -0.425163, 0.905059, 0.0, 0.0, 0.0, 0.0, 1.0],
                [0.999926, -0.001509, -0.012064, 0.0, 0.006495, 0.90512, 0.425106, 0.37472, 0.010278, -0.425153, 0.905063, -0.0, 0.0, 0.0, 0.0, 1.0],
                [0.999926, -0.00151, -0.012064, 0.0, 0.006495, 0.905121, 0.425105, 0.37472, 0.010278, -0.425152, 0.905064, 0.0, 0.0, 0.0, 0.0, 1.0]
            ]
        },
        {
            "name": "Knee_R",
            "time": [0.0, 0.0167, 0.0333, 0.05, 0.0667, 0.0833, 0.1, 0.1167, 0.1333, 0.15, 0.1667, 0.1833, 0.2, 0.2167, 0.2333, 0.25, 0.2667, 0.2833, 0.3, 0.3167, 0.3333, 0.35, 0.3667, 0.3833, 0.4, 0.4167, 0.4333, 0.45, 0.4667, 0.4833, 0.5, 0.5167, 0.5333, 0.55, 0.5667, 0.5833, 0.6, 0.6167, 0.6333, 0.65, 0.6667, 0.6833, 0.7, 0.7167, 0.7333, 0.75, 0.7667, 0.7833, 0.8, 0.8167, 0.8333, 0.85, 0.8667, 0.8833, 0.9, 0.9167, 0.9333],
            "transform": [
                [1.0, 0.0, -0.0, 0.0, -0.0, 0.0, -1.0, 0.37472, -0.0, 1.0, 0.0, -0.0, 0.0, 0.0, 0.0, 1.0],
                [1.0, 0.0, -0.0, 0.0, -0.0, 0.0, -1.0, 0.37472, -0.0, 1.0, 0.0, -0.0, 0.0, 0.0, 0.0, 1.0],
                [1.0, 0.0, -0.0, -0.0, -0.0, 0.0, -1.0, 0.37472, -0.0, 1.0, 0.0, 0.0, 0.0, 0.0, 0.0, 1.0],
                [1.0, 0.0, -0.0, 0.0, -0.0, 0.0, -1.0, 0.37472, -0.0, 1.0, 0.0, -0.0, 0.0, 0.0, 0.0, 1.0],
                [1.0, 0.0, -0.0, 0.0, -0.0, 0.0, -1.0, 0.37472, -0.0, 1.0, 0.0, -0.0, 0.0, 0.0, 0.0, 1.0],
                [1.0, 0.0, -0.0, 0.0, -0.0, 0.0, -1.0, 0.37472, -0.0, 1.0, 0.0, -0.0, 0.0, 0.0, 0.0, 1.0],
                [1.0, 0.0, -0.0, 0.0, -0.0, 0.0, -1.0, 0.37472, -0.0, 1.0, 0.0, -0.0, 0.0, 0.0, 0.0, 1.0],
                [1.0, 0.0, -0.0, -0.0, -0.0, 0.0, -1.0, 0.37472, -0.0, 1.0, 0.0, -0.0, 0.0, 0.0, 0.0, 1.0],
                [1.0, 0.0, -0.0, -0.0, -0.0, 0.0, -1.0, 0.37472, -0.0, 1.0, 0.0, 0.0, 0.0, 0.0, 0.0, 1.0],
                [1.0, 0.0, -0.0, 0.0, -0.0, 0.0, -1.0, 0.37472, -0.0, 1.0, 0.0, 0.0, 0.0, 0.0, 0.0, 1.0],
                [1.0, 0.0, -0.0, -0.0, -0.0, 0.0, -1.0, 0.37472, -0.0, 1.0, 0.0, -0.0, 0.0, 0.0, 0.0, 1.0],
                [1.0, 0.0, -0.0, -0.0, -0.0, 0.0, -1.0, 0.37472, -0.0, 1.0, 0.0, 0.0, 0.0, 0.0, 0.0, 1.0],
                [1.0, 0.0, -0.0, 0.0, -0.0, 0.0, -1.0, 0.37472, -0.0, 1.0, 0.0, 0.0, 0.0, 0.0, 0.0, 1.0],
                [1.0, 0.0, -0.0, -0.0, -0.0, 0.0, -1.0, 0.37472, -0.0, 1.0, 0.0, -0.0, 0.0, 0.0, 0.0, 1.0],
                [1.0, 0.0, -0.0, 0.0, -0.0, 0.0, -1.0, 0.37472, -0.0, 1.0, 0.0, -0.0, 0.0, 0.0, 0.0, 1.0],
                [1.0, 0.0, -0.0, -0.0, -0.0, 0.0, -1.0, 0.37472, -0.0, 1.0, 0.0, 0.0, 0.0, 0.0, 0.0, 1.0],
                [1.0, 0.0, -0.0, -0.0, -0.0, 0.0, -1.0, 0.37472, -0.0, 1.0, 0.0, 0.0, 0.0, 0.0, 0.0, 1.0],
                [1.0, 0.0, -0.0, -0.0, -0.0, 0.0, -1.0, 0.37472, -0.0, 1.0, 0.0, 0.0, 0.0, 0.0, 0.0, 1.0],
                [1.0, 0.0, -0.0, -0.0, -0.0, 0.0, -1.0, 0.37472, -0.0, 1.0, 0.0, -0.0, 0.0, 0.0, 0.0, 1.0],
                [1.0, 0.0, -0.0, 0.0, -0.0, 0.0, -1.0, 0.37472, -0.0, 1.0, 0.0, -0.0, 0.0, 0.0, 0.0, 1.0],
                [1.0, 0.0, -0.0, -0.0, -0.0, 0.0, -1.0, 0.37472, -0.0, 1.0, 0.0, 0.0, 0.0, 0.0, 0.0, 1.0],
                [1.0, 0.0, -0.0, -0.0, -0.0, 0.0, -1.0, 0.37472, -0.0, 1.0, 0.0, 0.0, 0.0, 0.0, 0.0, 1.0],
                [1.0, 0.0, -0.0, 0.0, -0.0, 0.0, -1.0, 0.37472, -0.0, 1.0, 0.0, -0.0, 0.0, 0.0, 0.0, 1.0],
                [1.0, 0.0, -0.0, -0.0, -0.0, 0.0, -1.0, 0.37472, -0.0, 1.0, 0.0, 0.0, 0.0, 0.0, 0.0, 1.0],
                [1.0, 0.0, -0.0, -0.0, -0.0, 0.0, -1.0, 0.37472, -0.0, 1.0, 0.0, 0.0, 0.0, 0.0, 0.0, 1.0],
                [1.0, 0.0, -0.0, 0.0, -0.0, 0.0, -1.0, 0.37472, -0.0, 1.0, 0.0, 0.0, 0.0, 0.0, 0.0, 1.0],
                [1.0, 0.0, -0.0, -0.0, -0.0, 0.0, -1.0, 0.37472, -0.0, 1.0, 0.0, -0.0, 0.0, 0.0, 0.0, 1.0],
                [1.0, 0.0, -0.0, 0.0, -0.0, 0.0, -1.0, 0.37472, -0.0, 1.0, 0.0, 0.0, 0.0, 0.0, 0.0, 1.0],
                [1.0, 0.0, -0.0, -0.0, -0.0, 0.0, -1.0, 0.37472, -0.0, 1.0, 0.0, -0.0, 0.0, 0.0, 0.0, 1.0],
                [1.0, 0.0, -0.0, 0.0, -0.0, 0.0, -1.0, 0.37472, -0.0, 1.0, 0.0, 0.0, 0.0, 0.0, 0.0, 1.0],
                [1.0, 0.0, -0.0, 0.0, -0.0, 0.0, -1.0, 0.37472, -0.0, 1.0, 0.0, -0.0, 0.0, 0.0, 0.0, 1.0],
                [1.0, 0.0, -0.0, 0.0, -0.0, 0.0, -1.0, 0.37472, -0.0, 1.0, 0.0, -0.0, 0.0, 0.0, 0.0, 1.0],
                [1.0, 0.0, -0.0, -0.0, -0.0, 0.0, -1.0, 0.37472, -0.0, 1.0, 0.0, 0.0, 0.0, 0.0, 0.0, 1.0],
                [1.0, 0.0, -0.0, -0.0, -0.0, 0.0, -1.0, 0.37472, -0.0, 1.0, 0.0, 0.0, 0.0, 0.0, 0.0, 1.0],
                [1.0, 0.0, -0.0, -0.0, -0.0, 0.0, -1.0, 0.37472, -0.0, 1.0, 0.0, 0.0, 0.0, 0.0, 0.0, 1.0],
                [1.0, 0.0, -0.0, -0.0, -0.0, 0.0, -1.0, 0.37472, -0.0, 1.0, 0.0, 0.0, 0.0, 0.0, 0.0, 1.0],
                [1.0, 0.0, -0.0, -0.0, -0.0, 0.0, -1.0, 0.37472, -0.0, 1.0, 0.0, -0.0, 0.0, 0.0, 0.0, 1.0],
                [1.0, 0.0, -0.0, 0.0, -0.0, 0.0, -1.0, 0.37472, -0.0, 1.0, 0.0, -0.0, 0.0, 0.0, 0.0, 1.0],
                [1.0, 0.0, -0.0, 0.0, -0.0, 0.0, -1.0, 0.37472, -0.0, 1.0, 0.0, -0.0, 0.0, 0.0, 0.0, 1.0],
                [1.0, 0.0, -0.0, -0.0, -0.0, 0.0, -1.0, 0.37472, -0.0, 1.0, 0.0, 0.0, 0.0, 0.0, 0.0, 1.0],
                [1.0, 0.0, -0.0, -0.0, -0.0, 0.0, -1.0, 0.37472, -0.0, 1.0, 0.0, -0.0, 0.0, 0.0, 0.0, 1.0],
                [1.0, 0.0, -0.0, -0.0, -0.0, 0.0, -1.0, 0.37472, -0.0, 1.0, 0.0, 0.0, 0.0, 0.0, 0.0, 1.0],
                [1.0, 0.0, -0.0, 0.0, -0.0, 0.0, -1.0, 0.37472, -0.0, 1.0, 0.0, -0.0, 0.0, 0.0, 0.0, 1.0],
                [1.0, 0.0, -0.0, 0.0, -0.0, 0.0, -1.0, 0.37472, -0.0, 1.0, 0.0, 0.0, 0.0, 0.0, 0.0, 1.0],
                [1.0, 0.0, -0.0, 0.0, -0.0, 0.0, -1.0, 0.37472, -0.0, 1.0, 0.0, -0.0, 0.0, 0.0, 0.0, 1.0],
                [1.0, 0.0, -0.0, 0.0, -0.0, 0.0, -1.0, 0.37472, -0.0, 1.0, 0.0, -0.0, 0.0, 0.0, 0.0, 1.0],
                [1.0, 0.0, -0.0, 0.0, -0.0, 0.0, -1.0, 0.37472, -0.0, 1.0, 0.0, -0.0, 0.0, 0.0, 0.0, 1.0],
                [1.0, 0.0, -0.0, -0.0, -0.0, 0.0, -1.0, 0.37472, -0.0, 1.0, 0.0, -0.0, 0.0, 0.0, 0.0, 1.0],
                [1.0, 0.0, -0.0, 0.0, -0.0, 0.0, -1.0, 0.37472, -0.0, 1.0, 0.0, -0.0, 0.0, 0.0, 0.0, 1.0],
                [1.0, 0.0, -0.0, 0.0, -0.0, 0.0, -1.0, 0.37472, -0.0, 1.0, 0.0, -0.0, 0.0, 0.0, 0.0, 1.0],
                [1.0, 0.0, -0.0, -0.0, -0.0, 0.0, -1.0, 0.37472, -0.0, 1.0, 0.0, 0.0, 0.0, 0.0, 0.0, 1.0],
                [1.0, 0.0, -0.0, 0.0, -0.0, 0.0, -1.0, 0.37472, -0.0, 1.0, 0.0, -0.0, 0.0, 0.0, 0.0, 1.0],
                [1.0, 0.0, -0.0, -0.0, -0.0, 0.0, -1.0, 0.37472, -0.0, 1.0, 0.0, 0.0, 0.0, 0.0, 0.0, 1.0],
                [1.0, 0.0, -0.0, -0.0, -0.0, 0.0, -1.0, 0.37472, -0.0, 1.0, 0.0, -0.0, 0.0, 0.0, 0.0, 1.0],
                [1.0, 0.0, -0.0, 0.0, -0.0, 0.0, -1.0, 0.37472, -0.0, 1.0, 0.0, 0.0, 0.0, 0.0, 0.0, 1.0],
                [1.0, 0.0, -0.0, 0.0, -0.0, 0.0, -1.0, 0.37472, -0.0, 1.0, 0.0, -0.0, 0.0, 0.0, 0.0, 1.0],
                [1.0, 0.0, -0.0, 0.0, -0.0, 0.0, -1.0, 0.37472, -0.0, 1.0, 0.0, 0.0, 0.0, 0.0, 0.0, 1.0]
            ]
        },
        {
