{
    "armature": {
        "joints": ["Root", "Thigh_R", "Leg_R", "Knee_R", "Thigh_L", "Leg_L", "Knee_L", "Torso", "Chest", "Head", "Shoulder_R", "Arm_R", "Hand_R", "Tool_R", "Elbow_R", "Shoulder_L", "Arm_L", "Hand_L", "Tool_L", "Elbow_L"],
        "hierarchy": [
            {
                "name": "Root",
                "transform": [1.0, 0.0, 0.0, -5e-06, 0.0, 0.0, -1.0, 0.000946, 0.0, 1.0, 0.0, 0.763972, 0.0, 0.0, 0.0, 1.0],
                "children": [
                    {
                        "name": "Thigh_R",
                        "transform": [1.0, -0.0, -0.0, 0.124994, -0.0, -1.0, 0.0, -0.002831, -0.0, -0.0, -1.0, -1.2e-05, 0.0, 0.0, 0.0, 1.0],
                        "children": [
                            {
                                "name": "Leg_R",
                                "transform": [1.0, 0.0, 1e-06, 0.0, -0.0, 1.0, 0.0, 0.37472, -1e-06, -0.0, 1.0, -0.0, 0.0, 0.0, 0.0, 1.0],
                                "children": []
                            },
                            {
                                "name": "Knee_R",
                                "transform": [1.0, 0.0, -0.0, 0.0, -0.0, 0.0, -1.0, 0.37472, -0.0, 1.0, 0.0, -0.0, 0.0, 0.0, 0.0, 1.0],
                                "children": []
                            }
                        ]
                    },
                    {
                        "name": "Thigh_L",
                        "transform": [1.0, -0.0, -0.0, -0.125006, -0.0, -1.0, 0.0, -0.002831, -0.0, -0.0, -1.0, -1.2e-05, 0.0, 0.0, 0.0, 1.0],
                        "children": [
                            {
                                "name": "Leg_L",
                                "transform": [1.0, 0.0, 1e-06, -0.0, -0.0, 1.0, 0.0, 0.37472, -1e-06, -0.0, 1.0, 0.0, 0.0, 0.0, 0.0, 1.0],
                                "children": []
                            },
                            {
                                "name": "Knee_L",
                                "transform": [1.0, 0.0, -0.0, -0.0, -0.0, 0.0, -1.0, 0.37472, -0.0, 1.0, 0.0, 0.0, 0.0, 0.0, 0.0, 1.0],
                                "children": []
                            }
                        ]
                    },
                    {
                        "name": "Torso",
                        "transform": [1.0, 0.0, 0.0, 0.0, 0.0, 1.0, 0.0, 0.05, 0.0, 0.0, 1.0, 0.0, 0.0, 0.0, 0.0, 1.0],
                        "children": [
                            {
                                "name": "Chest",
                                "transform": [1.0, 0.0, 0.0, 0.0, 0.0, 1.0, 0.0, 0.3, 0.0, 0.0, 1.0, 0.0, 0.0, 0.0, 0.0, 1.0],
                                "children": [
                                    {
                                        "name": "Head",
                                        "transform": [1.0, 0.0, 0.0, 0.0, 0.0, 1.0, 0.0, 0.4, 0.0, 0.0, 1.0, 0.0, 0.0, 0.0, 0.0, 1.0],
                                        "children": []
                                    },
                                    {
                                        "name": "Shoulder_R",
                                        "transform": [0.0, 0.952114, 0.305743, 0.0, 0.0, -0.305743, 0.952114, 0.4, 1.0, 0.0, -0.0, 0.0, 0.0, 0.0, 0.0, 1.0],
                                        "children": [
                                            {
                                                "name": "Arm_R",
                                                "transform": [0.0, -0.0, -1.0, -0.0, 0.952114, 0.305743, 0.0, 0.39386, 0.305743, -0.952114, 0.0, 0.0, 0.0, 0.0, 0.0, 1.0],
                                                "children": [
                                                    {
                                                        "name": "Hand_R",
                                                        "transform": [1.0, 0.0, 0.0, 0.0, -0.0, 0.993938, 0.109947, 0.3, -0.0, -0.109947, 0.993937, 0.0, 0.0, 0.0, 0.0, 1.0],
                                                        "children": [
                                                            {
                                                                "name": "Tool_R",
                                                                "transform": [1.0, 0.0, 0.0, -0.0, 0.0, -0.999836, 0.018122, 0.272858, 0.0, -0.018122, -0.999836, 0.0, 0.0, 0.0, 0.0, 1.0],
                                                                "children": []
                                                            }
                                                        ]
                                                    },
                                                    {
                                                        "name": "Elbow_R",
                                                        "transform": [-1.0, 0.0, -0.0, 0.0, 0.0, 0.0, -1.0, 0.3, -0.0, -1.0, -0.0, 0.0, 0.0, 0.0, 0.0, 1.0],
                                                        "children": []
                                                    }
                                                ]
                                            }
                                        ]
                                    },
                                    {
                                        "name": "Shoulder_L",
                                        "transform": [-0.0, -0.952114, -0.305743, 0.0, 0.0, -0.305743, 0.952114, 0.4, -1.0, 0.0, 0.0, 0.0, 0.0, 0.0, 0.0, 1.0],
                                        "children": [
                                            {
                                                "name": "Arm_L",
                                                "transform": [-0.0, -0.0, 1.0, -0.0, -0.952114, 0.305743, -0.0, 0.39386, -0.305743, -0.952114, -0.0, 0.0, 0.0, 0.0, 0.0, 1.0],
                                                "children": [
                                                    {
                                                        "name": "Hand_L",
                                                        "transform": [1.0, -0.0, 0.0, -0.0, 0.0, 0.993937, 0.109947, 0.3, -0.0, -0.109947, 0.993937, 0.0, 0.0, 0.0, 0.0, 1.0],
                                                        "children": [
                                                            {
                                                                "name": "Tool_L",
                                                                "transform": [1.0, 0.0, 0.0, -0.0, -0.0, -0.999836, 0.018122, 0.272858, 0.0, -0.018122, -0.999836, -0.0, 0.0, 0.0, 0.0, 1.0],
                                                                "children": []
                                                            }
                                                        ]
                                                    },
                                                    {
                                                        "name": "Elbow_L",
                                                        "transform": [-1.0, 0.0, -0.0, -0.0, 0.0, -0.0, -1.0, 0.3, -0.0, -1.0, 0.0, 0.0, 0.0, 0.0, 0.0, 1.0],
                                                        "children": []
                                                    }
                                                ]
                                            }
                                        ]
                                    }
                                ]
                            }
                        ]
                    }
                ]
            }
        ]
    },
    "animation": [
        {
            "name": "Root",
            "time": [0.0, 6.9667],
            "transform": [
                [1.0, 0.0, 0.0, -5e-06, 0.0, 0.0, -1.0, 0.478854, 0.0, 1.0, 0.0, 0.763972, 0.0, 0.0, 0.0, 1.0],
                [1.0, 0.0, 0.0, -5e-06, 0.0, 0.0, -1.0, 0.478854, 0.0, 1.0, 0.0, 0.763972, 0.0, 0.0, 0.0, 1.0]
            ]
        },
        {
            "name": "Thigh_R",
            "time": [0.0, 6.9667],
            "transform": [
                [0.992404, 0.078897, 0.094391, 0.124987, 0.070754, -0.993718, 0.086709, -0.003894, 0.100639, -0.079372, -0.991752, 0.000806, 0.0, 0.0, 0.0, 1.0],
                [0.992404, 0.078897, 0.094391, 0.124987, 0.070754, -0.993718, 0.086709, -0.003894, 0.100639, -0.079372, -0.991752, 0.000806, 0.0, 0.0, 0.0, 1.0]
            ]
        },
        {
            "name": "Leg_R",
            "time": [0.0, 6.9667],
            "transform": [
                [1.0, 0.0, 1e-06, 0.0, -0.0, 0.965926, 0.258819, 0.37472, -1e-06, -0.258819, 0.965926, 0.0, 0.0, 0.0, 0.0, 1.0],
                [1.0, 0.0, 1e-06, 0.0, -0.0, 0.965926, 0.258819, 0.37472, -1e-06, -0.258819, 0.965926, 0.0, 0.0, 0.0, 0.0, 1.0]
            ]
        },
        {
            "name": "Knee_R",
            "time": [0.0, 6.9667],
            "transform": [
                [1.0, 0.0, -0.0, 0.0, -0.0, 0.0, -1.0, 0.37472, -0.0, 1.0, 0.0, 0.0, 0.0, 0.0, 0.0, 1.0],
                [1.0, 0.0, -0.0, 0.0, -0.0, 0.0, -1.0, 0.37472, -0.0, 1.0, 0.0, 0.0, 0.0, 0.0, 0.0, 1.0]
            ]
        },
        {
            "name": "Thigh_L",
            "time": [0.0, 6.9667],
            "transform": [
                [0.98106, -0.070371, -0.180468, -0.124988, -0.055793, -0.994849, 0.084626, -0.004826, -0.185494, -0.072954, -0.979934, 0.000683, 0.0, 0.0, 0.0, 1.0],
                [0.98106, -0.070371, -0.180468, -0.124988, -0.055793, -0.994849, 0.084626, -0.004826, -0.185494, -0.072954, -0.979934, 0.000683, 0.0, 0.0, 0.0, 1.0]
            ]
        },
        {
            "name": "Leg_L",
            "time": [0.0, 6.9667],
            "transform": [
                [1.0, 0.0, 1e-06, -0.0, -0.0, 0.984808, 0.173649, 0.37472, -1e-06, -0.173649, 0.984808, -0.0, 0.0, 0.0, 0.0, 1.0],
                [1.0, 0.0, 1e-06, -0.0, -0.0, 0.984808, 0.173649, 0.37472, -1e-06, -0.173649, 0.984808, -0.0, 0.0, 0.0, 0.0, 1.0]
            ]
        },
        {
            "name": "Knee_L",
            "time": [0.0, 6.9667],
            "transform": [
                [1.0, 0.0, -0.0, -0.0, -0.0, 0.0, -1.0, 0.37472, -0.0, 1.0, 0.0, -0.0, 0.0, 0.0, 0.0, 1.0],
                [1.0, 0.0, -0.0, -0.0, -0.0, 0.0, -1.0, 0.37472, -0.0, 1.0, 0.0, -0.0, 0.0, 0.0, 0.0, 1.0]
            ]
        },
        {
            "name": "Torso",
            "time": [0.0, 6.9667],
            "transform": [
                [1.0, 0.0, 0.0, 0.0, 0.0, 1.0, 0.0, 0.05, 0.0, 0.0, 1.0, 0.0, 0.0, 0.0, 0.0, 1.0],
                [1.0, 0.0, 0.0, 0.0, 0.0, 1.0, 0.0, 0.05, 0.0, 0.0, 1.0, 0.0, 0.0, 0.0, 0.0, 1.0]
            ]
        },
        {
            "name": "Chest",
            "time": [0.0, 0.0167, 0.0333, 0.05, 0.0667, 0.0833, 0.1, 0.1167, 0.1333, 0.15, 0.1667, 0.1833, 0.2, 0.2167, 0.2333, 0.25, 0.2667, 0.2833, 0.3, 0.3167, 0.3333, 0.35, 0.3667, 0.3833, 0.4, 0.4167, 0.4333, 0.45, 0.4667, 0.4833, 0.5, 0.5167, 0.5333, 0.55, 0.5667, 0.5833, 0.6, 0.6167, 0.6333, 0.65, 0.6667, 0.6833, 0.7, 0.7167, 0.7333, 0.75, 0.7667, 0.7833, 0.8, 0.8167, 0.8333, 0.85, 0.8667, 0.8833, 0.9, 0.9167, 0.9333, 0.95, 0.9667, 0.9833, 1.0, 1.0167, 1.0333, 1.05, 1.0667, 1.0833, 1.1, 1.1167, 1.1333, 1.15, 1.1667, 1.1833, 1.2, 1.2167, 1.2333, 1.25, 1.2667, 1.2833, 1.3, 1.3167, 1.3333, 1.35, 1.3667, 1.3833, 1.4, 1.4167, 1.4333, 1.45, 1.4667, 1.4833, 1.5, 1.5167, 1.5333, 1.55, 1.5667, 1.5833, 1.6, 1.6167, 1.6333, 1.65, 1.6667, 1.6833, 1.7, 1.7167, 1.7333, 1.75, 1.7667, 1.7833, 1.8, 1.8167, 1.8333, 1.85, 1.8667, 1.8833, 1.9, 1.9167, 1.9333, 1.95, 1.9667, 1.9833, 2.0, 2.0167, 2.0333, 2.05, 2.0667, 2.0833, 2.1, 2.1167, 2.1333, 2.15, 2.1667, 2.1833, 2.2, 2.2167, 2.2333, 2.25, 2.2667, 2.2833, 2.3, 2.3167, 2.3333, 2.35, 2.3667, 2.3833, 2.4, 2.4167, 2.4333, 2.45, 2.4667, 2.4833, 2.5, 2.5167, 2.5333, 2.55, 2.5667, 2.5833, 2.6, 2.6167, 2.6333, 2.65, 2.6667, 6.9667],
            "transform": [
                [0.984808, -0.0, -0.173648, 0.0, -0.015134, 0.996195, -0.085832, 0.3, 0.172987, 0.087156, 0.98106, 0.0, 0.0, 0.0, 0.0, 1.0],
                [0.984808, -4e-06, -0.173648, 0.0, -0.015134, 0.996193, -0.085852, 0.3, 0.172987, 0.087176, 0.981058, 0.0, 0.0, 0.0, 0.0, 1.0],
                [0.984808, -1.4e-05, -0.173648, 0.0, -0.015134, 0.996188, -0.085912, 0.3, 0.172987, 0.087235, 0.981053, 0.0, 0.0, 0.0, 0.0, 1.0],
                [0.984808, -3.2e-05, -0.173648, 0.0, -0.015134, 0.996179, -0.086013, 0.3, 0.172987, 0.087334, 0.981044, 0.0, 0.0, 0.0, 0.0, 1.0],
                [0.984808, -5.6e-05, -0.173648, 0.0, -0.015134, 0.996167, -0.086152, 0.3, 0.172987, 0.087471, 0.981032, 0.0, 0.0, 0.0, 0.0, 1.0],
                [0.984808, -8.7e-05, -0.173648, 0.0, -0.015134, 0.996152, -0.08633, 0.3, 0.172987, 0.087646, 0.981017, 0.0, 0.0, 0.0, 0.0, 1.0],
                [0.984808, -0.000125, -0.173648, 0.0, -0.015134, 0.996133, -0.086546, 0.3, 0.172987, 0.087859, 0.980998, 0.0, 0.0, 0.0, 0.0, 1.0],
                [0.984808, -0.000169, -0.173648, 0.0, -0.015134, 0.996111, -0.0868, 0.3, 0.172987, 0.088109, 0.980975, 0.0, 0.0, 0.0, 0.0, 1.0],
                [0.984808, -0.000219, -0.173648, 0.0, -0.015134, 0.996085, -0.087091, 0.3, 0.172987, 0.088396, 0.980949, 0.0, 0.0, 0.0, 0.0, 1.0],
                [0.984808, -0.000277, -0.173648, 0.0, -0.015134, 0.996057, -0.087418, 0.3, 0.172987, 0.088718, 0.98092, 0.0, 0.0, 0.0, 0.0, 1.0],
                [0.984808, -0.00034, -0.173648, 0.0, -0.015134, 0.996025, -0.087782, 0.3, 0.172987, 0.089076, 0.980888, 0.0, 0.0, 0.0, 0.0, 1.0],
                [0.984808, -0.00041, -0.173648, 0.0, -0.015134, 0.99599, -0.088181, 0.3, 0.172987, 0.089469, 0.980852, 0.0, 0.0, 0.0, 0.0, 1.0],
                [0.984808, -0.000485, -0.173647, 0.0, -0.015134, 0.995951, -0.088615, 0.3, 0.172987, 0.089897, 0.980813, 0.0, 0.0, 0.0, 0.0, 1.0],
                [0.984808, -0.000567, -0.173647, 0.0, -0.015134, 0.995909, -0.089084, 0.3, 0.172987, 0.090359, 0.98077, 0.0, 0.0, 0.0, 0.0, 1.0],
                [0.984808, -0.000655, -0.173647, 0.0, -0.015134, 0.995864, -0.089587, 0.3, 0.172987, 0.090854, 0.980725, 0.0, 0.0, 0.0, 0.0, 1.0],
                [0.984808, -0.000748, -0.173647, 0.0, -0.015134, 0.995816, -0.090124, 0.3, 0.172987, 0.091383, 0.980676, 0.0, 0.0, 0.0, 0.0, 1.0],
                [0.984808, -0.000848, -0.173646, 0.0, -0.015134, 0.995764, -0.090693, 0.3, 0.172987, 0.091943, 0.980623, 0.0, 0.0, 0.0, 0.0, 1.0],
                [0.984808, -0.000953, -0.173646, 0.0, -0.015134, 0.995709, -0.091295, 0.3, 0.172987, 0.092536, 0.980567, 0.0, 0.0, 0.0, 0.0, 1.0],
                [0.984808, -0.001063, -0.173645, 0.0, -0.015134, 0.99565, -0.09193, 0.3, 0.172987, 0.093161, 0.980508, 0.0, 0.0, 0.0, 0.0, 1.0],
                [0.984808, -0.001179, -0.173644, 0.0, -0.015134, 0.995589, -0.092595, 0.3, 0.172987, 0.093816, 0.980446, 0.0, 0.0, 0.0, 0.0, 1.0],
                [0.984808, -0.001301, -0.173643, 0.0, -0.015134, 0.995524, -0.093292, 0.3, 0.172987, 0.094502, 0.98038, 0.0, 0.0, 0.0, 0.0, 1.0],
                [0.984808, -0.001428, -0.173642, 0.0, -0.015134, 0.995455, -0.094019, 0.3, 0.172987, 0.095219, 0.980311, 0.0, 0.0, 0.0, 0.0, 1.0],
                [0.984808, -0.00156, -0.173641, 0.0, -0.015134, 0.995384, -0.094776, 0.3, 0.172987, 0.095964, 0.980238, 0.0, 0.0, 0.0, 0.0, 1.0],
                [0.984808, -0.001697, -0.17364, 0.0, -0.015134, 0.995308, -0.095563, 0.3, 0.172987, 0.096739, 0.980162, 0.0, 0.0, 0.0, 0.0, 1.0],
                [0.984808, -0.001839, -0.173638, 0.0, -0.015134, 0.99523, -0.096378, 0.3, 0.172987, 0.097542, 0.980082, 0.0, 0.0, 0.0, 0.0, 1.0],
                [0.984808, -0.001986, -0.173637, 0.0, -0.015134, 0.995148, -0.097222, 0.3, 0.172987, 0.098373, 0.979999, 0.0, 0.0, 0.0, 0.0, 1.0],
                [0.984808, -0.002139, -0.173635, 0.0, -0.015134, 0.995062, -0.098094, 0.3, 0.172987, 0.099232, 0.979912, 0.0, 0.0, 0.0, 0.0, 1.0],
                [0.984808, -0.002296, -0.173633, 0.0, -0.015134, 0.994973, -0.098993, 0.3, 0.172987, 0.100117, 0.979822, 0.0, 0.0, 0.0, 0.0, 1.0],
                [0.984808, -0.002457, -0.173631, 0.0, -0.015134, 0.99488, -0.099919, 0.3, 0.172987, 0.101029, 0.979729, 0.0, 0.0, 0.0, 0.0, 1.0],
                [0.984808, -0.002623, -0.173628, 0.0, -0.015134, 0.994784, -0.100872, 0.3, 0.172987, 0.101967, 0.979632, 0.0, 0.0, 0.0, 0.0, 1.0],
                [0.984808, -0.002794, -0.173626, 0.0, -0.015134, 0.994685, -0.10185, 0.3, 0.172987, 0.102931, 0.979531, 0.0, 0.0, 0.0, 0.0, 1.0],
                [0.984808, -0.002969, -0.173623, 0.0, -0.015134, 0.994581, -0.102854, 0.3, 0.172987, 0.103919, 0.979426, 0.0, 0.0, 0.0, 0.0, 1.0],
                [0.984808, -0.003149, -0.17362, 0.0, -0.015134, 0.994474, -0.103883, 0.3, 0.172987, 0.104932, 0.979318, 0.0, 0.0, 0.0, 0.0, 1.0],
                [0.984808, -0.003333, -0.173616, 0.0, -0.015134, 0.994364, -0.104936, 0.3, 0.172987, 0.105969, 0.979207, 0.0, 0.0, 0.0, 0.0, 1.0],
                [0.984808, -0.003521, -0.173612, 0.0, -0.015134, 0.99425, -0.106012, 0.3, 0.172987, 0.107029, 0.979091, 0.0, 0.0, 0.0, 0.0, 1.0],
                [0.984808, -0.003713, -0.173608, 0.0, -0.015134, 0.994132, -0.107112, 0.3, 0.172987, 0.108112, 0.978972, 0.0, 0.0, 0.0, 0.0, 1.0],
                [0.984808, -0.003909, -0.173604, 0.0, -0.015134, 0.99401, -0.108235, 0.3, 0.172987, 0.109218, 0.97885, 0.0, 0.0, 0.0, 0.0, 1.0],
                [0.984808, -0.004109, -0.1736, 0.0, -0.015134, 0.993885, -0.10938, 0.3, 0.172987, 0.110346, 0.978723, 0.0, 0.0, 0.0, 0.0, 1.0],
                [0.984808, -0.004313, -0.173595, 0.0, -0.015134, 0.993756, -0.110547, 0.3, 0.172987, 0.111495, 0.978593, 0.0, 0.0, 0.0, 0.0, 1.0],
                [0.984808, -0.00452, -0.173589, 0.0, -0.015134, 0.993623, -0.111735, 0.3, 0.172987, 0.112664, 0.978459, 0.0, 0.0, 0.0, 0.0, 1.0],
                [0.984808, -0.004731, -0.173584, 0.0, -0.015134, 0.993486, -0.112943, 0.3, 0.172987, 0.113855, 0.978321, 0.0, 0.0, 0.0, 0.0, 1.0],
                [0.984808, -0.004946, -0.173578, 0.0, -0.015134, 0.993346, -0.114172, 0.3, 0.172987, 0.115065, 0.97818, 0.0, 0.0, 0.0, 0.0, 1.0],
                [0.984808, -0.005164, -0.173571, 0.0, -0.015134, 0.993201, -0.115421, 0.3, 0.172987, 0.116294, 0.978034, 0.0, 0.0, 0.0, 0.0, 1.0],
                [0.984808, -0.005386, -0.173565, 0.0, -0.015134, 0.993053, -0.116689, 0.3, 0.172987, 0.117543, 0.977885, 0.0, 0.0, 0.0, 0.0, 1.0],
                [0.984808, -0.005611, -0.173558, 0.0, -0.015134, 0.992901, -0.117975, 0.3, 0.172987, 0.118809, 0.977732, 0.0, 0.0, 0.0, 0.0, 1.0],
                [0.984808, -0.005839, -0.17355, 0.0, -0.015134, 0.992745, -0.119279, 0.3, 0.172987, 0.120094, 0.977575, 0.0, 0.0, 0.0, 0.0, 1.0],
                [0.984808, -0.00607, -0.173542, 0.0, -0.015134, 0.992586, -0.120601, 0.3, 0.172987, 0.121396, 0.977414, 0.0, 0.0, 0.0, 0.0, 1.0],
                [0.984808, -0.006304, -0.173534, 0.0, -0.015134, 0.992422, -0.121941, 0.3, 0.172987, 0.122714, 0.97725, 0.0, 0.0, 0.0, 0.0, 1.0],
                [0.984808, -0.006541, -0.173525, 0.0, -0.015134, 0.992254, -0.123296, 0.3, 0.172987, 0.124049, 0.977081, 0.0, 0.0, 0.0, 0.0, 1.0],
                [0.984808, -0.006781, -0.173516, 0.0, -0.015134, 0.992083, -0.124668, 0.3, 0.172987, 0.1254, 0.976909, 0.0, 0.0, 0.0, 0.0, 1.0],
                [0.984808, -0.007024, -0.173506, 0.0, -0.015134, 0.991908, -0.126055, 0.3, 0.172987, 0.126766, 0.976732, 0.0, 0.0, 0.0, 0.0, 1.0],
                [0.984808, -0.007269, -0.173496, 0.0, -0.015134, 0.991729, -0.127458, 0.3, 0.172987, 0.128147, 0.976552, 0.0, 0.0, 0.0, 0.0, 1.0],
                [0.984808, -0.007517, -0.173485, 0.0, -0.015134, 0.991545, -0.128874, 0.3, 0.172987, 0.129542, 0.976368, 0.0, 0.0, 0.0, 0.0, 1.0],
                [0.984808, -0.007767, -0.173474, 0.0, -0.015134, 0.991358, -0.130305, 0.3, 0.172987, 0.130951, 0.97618, 0.0, 0.0, 0.0, 0.0, 1.0],
                [0.984808, -0.00802, -0.173463, 0.0, -0.015134, 0.991167, -0.131749, 0.3, 0.172987, 0.132373, 0.975988, 0.0, 0.0, 0.0, 0.0, 1.0],
                [0.984808, -0.008275, -0.173451, 0.0, -0.015134, 0.990973, -0.133207, 0.3, 0.172987, 0.133808, 0.975792, 0.0, 0.0, 0.0, 0.0, 1.0],
                [0.984808, -0.008532, -0.173438, 0.0, -0.015134, 0.990774, -0.134676, 0.3, 0.172987, 0.135255, 0.975593, 0.0, 0.0, 0.0, 0.0, 1.0],
                [0.984808, -0.008792, -0.173425, 0.0, -0.015134, 0.990572, -0.136158, 0.3, 0.172987, 0.136714, 0.975389, 0.0, 0.0, 0.0, 0.0, 1.0],
                [0.984808, -0.009053, -0.173412, 0.0, -0.015134, 0.990365, -0.137651, 0.3, 0.172987, 0.138184, 0.975182, 0.0, 0.0, 0.0, 0.0, 1.0],
                [0.984808, -0.009316, -0.173398, 0.0, -0.015134, 0.990155, -0.139154, 0.3, 0.172987, 0.139665, 0.974971, 0.0, 0.0, 0.0, 0.0, 1.0],
                [0.984808, -0.009582, -0.173384, 0.0, -0.015134, 0.989941, -0.140669, 0.3, 0.172987, 0.141156, 0.974757, 0.0, 0.0, 0.0, 0.0, 1.0],
                [0.984808, -0.009848, -0.173369, 0.0, -0.015134, 0.989723, -0.142193, 0.3, 0.172987, 0.142656, 0.974538, 0.0, 0.0, 0.0, 0.0, 1.0],
                [0.984808, -0.010117, -0.173353, 0.0, -0.015134, 0.989502, -0.143726, 0.3, 0.172987, 0.144166, 0.974316, 0.0, 0.0, 0.0, 0.0, 1.0],
                [0.984808, -0.010387, -0.173337, 0.0, -0.015134, 0.989277, -0.145268, 0.3, 0.172987, 0.145684, 0.97409, 0.0, 0.0, 0.0, 0.0, 1.0],
                [0.984808, -0.010659, -0.173321, 0.0, -0.015134, 0.989048, -0.146818, 0.3, 0.172987, 0.147211, 0.973861, 0.0, 0.0, 0.0, 0.0, 1.0],
                [0.984808, -0.010932, -0.173304, 0.0, -0.015134, 0.988815, -0.148376, 0.3, 0.172987, 0.148745, 0.973627, 0.0, 0.0, 0.0, 0.0, 1.0],
                [0.984808, -0.011206, -0.173286, 0.0, -0.015134, 0.988579, -0.149942, 0.3, 0.172987, 0.150286, 0.973391, 0.0, 0.0, 0.0, 0.0, 1.0],
                [0.984808, -0.011482, -0.173268, 0.0, -0.015134, 0.988339, -0.151514, 0.3, 0.172987, 0.151834, 0.97315, 0.0, 0.0, 0.0, 0.0, 1.0],
                [0.984808, -0.011759, -0.17325, 0.0, -0.015134, 0.988096, -0.153092, 0.3, 0.172987, 0.153388, 0.972907, 0.0, 0.0, 0.0, 0.0, 1.0],
                [0.984808, -0.012036, -0.173231, 0.0, -0.015134, 0.987849, -0.154676, 0.3, 0.172987, 0.154948, 0.972659, 0.0, 0.0, 0.0, 0.0, 1.0],
                [0.984808, -0.012315, -0.173211, 0.0, -0.015134, 0.987599, -0.156265, 0.3, 0.172987, 0.156513, 0.972409, 0.0, 0.0, 0.0, 0.0, 1.0],
                [0.984808, -0.012595, -0.173191, 0.0, -0.015134, 0.987346, -0.157859, 0.3, 0.172987, 0.158082, 0.972155, 0.0, 0.0, 0.0, 0.0, 1.0],
                [0.984808, -0.012875, -0.17317, 0.0, -0.015134, 0.987089, -0.159457, 0.3, 0.172987, 0.159656, 0.971898, 0.0, 0.0, 0.0, 0.0, 1.0],
                [0.984808, -0.013156, -0.173149, 0.0, -0.015134, 0.986829, -0.161059, 0.3, 0.172987, 0.161233, 0.971637, 0.0, 0.0, 0.0, 0.0, 1.0],
                [0.984808, -0.013438, -0.173127, 0.0, -0.015134, 0.986566, -0.162664, 0.3, 0.172987, 0.162813, 0.971374, 0.0, 0.0, 0.0, 0.0, 1.0],
                [0.984808, -0.01372, -0.173105, 0.0, -0.015134, 0.986299, -0.164271, 0.3, 0.172987, 0.164395, 0.971107, 0.0, 0.0, 0.0, 0.0, 1.0],
                [0.984808, -0.014002, -0.173083, 0.0, -0.015134, 0.98603, -0.165881, 0.3, 0.172987, 0.16598, 0.970838, 0.0, 0.0, 0.0, 0.0, 1.0],
                [0.984808, -0.014285, -0.17306, 0.0, -0.015134, 0.985757, -0.167492, 0.3, 0.172987, 0.167566, 0.970565, 0.0, 0.0, 0.0, 0.0, 1.0],
                [0.984808, -0.014568, -0.173036, 0.0, -0.015134, 0.985482, -0.169104, 0.3, 0.172987, 0.169153, 0.97029, 0.0, 0.0, 0.0, 0.0, 1.0],
                [0.984808, -0.014851, -0.173012, 0.0, -0.015134, 0.985204, -0.170716, 0.3, 0.172987, 0.170741, 0.970012, 0.0, 0.0, 0.0, 0.0, 1.0],
                [0.984808, -0.015134, -0.172987, 0.0, -0.015134, 0.984923, -0.172329, 0.3, 0.172987, 0.172329, 0.969731, 0.0, 0.0, 0.0, 0.0, 1.0],
                [0.984808, -0.015418, -0.172962, 0.0, -0.015134, 0.98464, -0.173941, 0.3, 0.172987, 0.173917, 0.969447, 0.0, 0.0, 0.0, 0.0, 1.0],
                [0.984808, -0.015701, -0.172937, 0.0, -0.015134, 0.984354, -0.175553, 0.3, 0.172987, 0.175503, 0.969162, 0.0, 0.0, 0.0, 0.0, 1.0],
                [0.984808, -0.015984, -0.172911, 0.0, -0.015134, 0.984065, -0.177163, 0.3, 0.172987, 0.177088, 0.968873, 0.0, 0.0, 0.0, 0.0, 1.0],
                [0.984808, -0.016266, -0.172885, 0.0, -0.015134, 0.983774, -0.17877, 0.3, 0.172987, 0.178671, 0.968583, 0.0, 0.0, 0.0, 0.0, 1.0],
                [0.984808, -0.016548, -0.172858, 0.0, -0.015134, 0.983481, -0.180376, 0.3, 0.172987, 0.180252, 0.96829, 0.0, 0.0, 0.0, 0.0, 1.0],
                [0.984808, -0.01683, -0.172831, 0.0, -0.015134, 0.983186, -0.181978, 0.3, 0.172987, 0.181829, 0.967995, 0.0, 0.0, 0.0, 0.0, 1.0],
                [0.984808, -0.017111, -0.172803, 0.0, -0.015134, 0.982889, -0.183577, 0.3, 0.172987, 0.183403, 0.967698, 0.0, 0.0, 0.0, 0.0, 1.0],
                [0.984808, -0.017391, -0.172775, 0.0, -0.015134, 0.98259, -0.185172, 0.3, 0.172987, 0.184973, 0.967399, 0.0, 0.0, 0.0, 0.0, 1.0],
                [0.984808, -0.017671, -0.172747, 0.0, -0.015134, 0.982289, -0.186762, 0.3, 0.172987, 0.186539, 0.967098, 0.0, 0.0, 0.0, 0.0, 1.0],
                [0.984808, -0.01795, -0.172718, 0.0, -0.015134, 0.981986, -0.188347, 0.3, 0.172987, 0.1881, 0.966796, 0.0, 0.0, 0.0, 0.0, 1.0],
                [0.984808, -0.018228, -0.172689, 0.0, -0.015134, 0.981682, -0.189927, 0.3, 0.172987, 0.189655, 0.966492, 0.0, 0.0, 0.0, 0.0, 1.0],
                [0.984808, -0.018505, -0.172659, 0.0, -0.015134, 0.981376, -0.191501, 0.3, 0.172987, 0.191204, 0.966186, 0.0, 0.0, 0.0, 0.0, 1.0],
                [0.984808, -0.01878, -0.17263, 0.0, -0.015134, 0.981069, -0.193068, 0.3, 0.172987, 0.192747, 0.96588, 0.0, 0.0, 0.0, 0.0, 1.0],
                [0.984808, -0.019055, -0.1726, 0.0, -0.015134, 0.98076, -0.194628, 0.3, 0.172987, 0.194283, 0.965572, 0.0, 0.0, 0.0, 0.0, 1.0],
                [0.984808, -0.019328, -0.172569, 0.0, -0.015134, 0.980451, -0.19618, 0.3, 0.172987, 0.195812, 0.965263, 0.0, 0.0, 0.0, 0.0, 1.0],
                [0.984808, -0.0196, -0.172538, 0.0, -0.015134, 0.980141, -0.197725, 0.3, 0.172987, 0.197332, 0.964954, 0.0, 0.0, 0.0, 0.0, 1.0],
                [0.984808, -0.01987, -0.172508, 0.0, -0.015134, 0.97983, -0.199261, 0.3, 0.172987, 0.198844, 0.964643, 0.0, 0.0, 0.0, 0.0, 1.0],
                [0.984808, -0.020139, -0.172476, 0.0, -0.015134, 0.979518, -0.200788, 0.3, 0.172987, 0.200348, 0.964332, 0.0, 0.0, 0.0, 0.0, 1.0],
                [0.984808, -0.020406, -0.172445, 0.0, -0.015134, 0.979206, -0.202305, 0.3, 0.172987, 0.201842, 0.96402, 0.0, 0.0, 0.0, 0.0, 1.0],
                [0.984808, -0.020672, -0.172413, 0.0, -0.015134, 0.978893, -0.203813, 0.3, 0.172987, 0.203326, 0.963709, 0.0, 0.0, 0.0, 0.0, 1.0],
                [0.984808, -0.020935, -0.172382, 0.0, -0.015134, 0.97858, -0.205309, 0.3, 0.172987, 0.204799, 0.963396, 0.0, 0.0, 0.0, 0.0, 1.0],
                [0.984808, -0.021197, -0.17235, 0.0, -0.015134, 0.978267, -0.206795, 0.3, 0.172987, 0.206262, 0.963084, 0.0, 0.0, 0.0, 0.0, 1.0],
                [0.984808, -0.021457, -0.172317, 0.0, -0.015134, 0.977954, -0.208269, 0.3, 0.172987, 0.207713, 0.962772, 0.0, 0.0, 0.0, 0.0, 1.0],
                [0.984808, -0.021715, -0.172285, 0.0, -0.015134, 0.977642, -0.209732, 0.3, 0.172987, 0.209153, 0.962461, 0.0, 0.0, 0.0, 0.0, 1.0],
                [0.984808, -0.02197, -0.172253, 0.0, -0.015134, 0.97733, -0.211181, 0.3, 0.172987, 0.21058, 0.962149, 0.0, 0.0, 0.0, 0.0, 1.0],
                [0.984808, -0.022223, -0.17222, 0.0, -0.015134, 0.977018, -0.212618, 0.3, 0.172987, 0.211995, 0.961839, 0.0, 0.0, 0.0, 0.0, 1.0],
                [0.984808, -0.022474, -0.172188, 0.0, -0.015134, 0.976707, -0.214041, 0.3, 0.172987, 0.213396, 0.961529, 0.0, 0.0, 0.0, 0.0, 1.0],
                [0.984808, -0.022723, -0.172155, 0.0, -0.015134, 0.976397, -0.215451, 0.3, 0.172987, 0.214783, 0.96122, 0.0, 0.0, 0.0, 0.0, 1.0],
                [0.984808, -0.022969, -0.172122, 0.0, -0.015134, 0.976089, -0.216846, 0.3, 0.172987, 0.216156, 0.960912, 0.0, 0.0, 0.0, 0.0, 1.0],
                [0.984808, -0.023212, -0.17209, 0.0, -0.015134, 0.975781, -0.218225, 0.3, 0.172987, 0.217515, 0.960605, 0.0, 0.0, 0.0, 0.0, 1.0],
                [0.984808, -0.023453, -0.172057, 0.0, -0.015134, 0.975475, -0.21959, 0.3, 0.172987, 0.218858, 0.9603, 0.0, 0.0, 0.0, 0.0, 1.0],
                [0.984808, -0.023691, -0.172025, 0.0, -0.015134, 0.97517, -0.220938, 0.3, 0.172987, 0.220185, 0.959997, 0.0, 0.0, 0.0, 0.0, 1.0],
                [0.984808, -0.023926, -0.171992, 0.0, -0.015134, 0.974868, -0.22227, 0.3, 0.172987, 0.221497, 0.959695, 0.0, 0.0, 0.0, 0.0, 1.0],
                [0.984808, -0.024158, -0.17196, 0.0, -0.015134, 0.974567, -0.223586, 0.3, 0.172987, 0.222791, 0.959395, 0.0, 0.0, 0.0, 0.0, 1.0],
                [0.984808, -0.024387, -0.171927, 0.0, -0.015134, 0.974268, -0.224883, 0.3, 0.172987, 0.224069, 0.959098, 0.0, 0.0, 0.0, 0.0, 1.0],
                [0.984808, -0.024612, -0.171895, 0.0, -0.015134, 0.973972, -0.226163, 0.3, 0.172987, 0.225329, 0.958803, 0.0, 0.0, 0.0, 0.0, 1.0],
                [0.984808, -0.024835, -0.171863, 0.0, -0.015134, 0.973678, -0.227425, 0.3, 0.172987, 0.226571, 0.95851, 0.0, 0.0, 0.0, 0.0, 1.0],
                [0.984808, -0.025054, -0.171831, 0.0, -0.015134, 0.973387, -0.228667, 0.3, 0.172987, 0.227794, 0.95822, 0.0, 0.0, 0.0, 0.0, 1.0],
                [0.984808, -0.02527, -0.1718, 0.0, -0.015134, 0.973099, -0.229891, 0.3, 0.172987, 0.228998, 0.957933, 0.0, 0.0, 0.0, 0.0, 1.0],
                [0.984808, -0.025483, -0.171768, 0.0, -0.015134, 0.972814, -0.231094, 0.3, 0.172987, 0.230183, 0.957649, 0.0, 0.0, 0.0, 0.0, 1.0],
                [0.984808, -0.025692, -0.171737, 0.0, -0.015134, 0.972532, -0.232278, 0.3, 0.172987, 0.231348, 0.957368, 0.0, 0.0, 0.0, 0.0, 1.0],
                [0.984808, -0.025897, -0.171706, 0.0, -0.015134, 0.972253, -0.23344, 0.3, 0.172987, 0.232492, 0.957091, 0.0, 0.0, 0.0, 0.0, 1.0],
                [0.984808, -0.026099, -0.171676, 0.0, -0.015134, 0.971979, -0.234581, 0.3, 0.172987, 0.233616, 0.956817, 0.0, 0.0, 0.0, 0.0, 1.0],
                [0.984808, -0.026296, -0.171646, 0.0, -0.015134, 0.971708, -0.235701, 0.3, 0.172987, 0.234718, 0.956547, 0.0, 0.0, 0.0, 0.0, 1.0],
                [0.984808, -0.02649, -0.171616, 0.0, -0.015134, 0.971441, -0.236798, 0.3, 0.172987, 0.235798, 0.956282, 0.0, 0.0, 0.0, 0.0, 1.0],
                [0.984808, -0.02668, -0.171586, 0.0, -0.015134, 0.971178, -0.237873, 0.3, 0.172987, 0.236856, 0.95602, 0.0, 0.0, 0.0, 0.0, 1.0],
                [0.984808, -0.026866, -0.171557, 0.0, -0.015134, 0.97092, -0.238925, 0.3, 0.172987, 0.237891, 0.955763, 0.0, 0.0, 0.0, 0.0, 1.0],
                [0.984808, -0.027048, -0.171529, 0.0, -0.015134, 0.970667, -0.239952, 0.3, 0.172987, 0.238903, 0.955511, 0.0, 0.0, 0.0, 0.0, 1.0],
                [0.984808, -0.027225, -0.171501, 0.0, -0.015134, 0.970418, -0.240956, 0.3, 0.172987, 0.239891, 0.955263, 0.0, 0.0, 0.0, 0.0, 1.0],
                [0.984808, -0.027398, -0.171473, 0.0, -0.015134, 0.970174, -0.241935, 0.3, 0.172987, 0.240855, 0.955021, 0.0, 0.0, 0.0, 0.0, 1.0],
                [0.984808, -0.027567, -0.171446, 0.0, -0.015134, 0.969936, -0.24289, 0.3, 0.172987, 0.241794, 0.954783, 0.0, 0.0, 0.0, 0.0, 1.0],
                [0.984808, -0.027731, -0.17142, 0.0, -0.015134, 0.969703, -0.243818, 0.3, 0.172987, 0.242708, 0.954551, 0.0, 0.0, 0.0, 0.0, 1.0],
                [0.984808, -0.02789, -0.171394, 0.0, -0.015134, 0.969476, -0.244721, 0.3, 0.172987, 0.243597, 0.954325, 0.0, 0.0, 0.0, 0.0, 1.0],
                [0.984808, -0.028045, -0.171368, 0.0, -0.015134, 0.969254, -0.245597, 0.3, 0.172987, 0.244459, 0.954104, 0.0, 0.0, 0.0, 0.0, 1.0],
                [0.984808, -0.028195, -0.171344, 0.0, -0.015134, 0.969038, -0.246446, 0.3, 0.172987, 0.245295, 0.95389, 0.0, 0.0, 0.0, 0.0, 1.0],
                [0.984808, -0.028341, -0.17132, 0.0, -0.015134, 0.968829, -0.247268, 0.3, 0.172987, 0.246104, 0.953681, 0.0, 0.0, 0.0, 0.0, 1.0],
                [0.984808, -0.028481, -0.171297, 0.0, -0.015134, 0.968626, -0.248061, 0.3, 0.172987, 0.246885, 0.953479, 0.0, 0.0, 0.0, 0.0, 1.0],
                [0.984808, -0.028616, -0.171274, 0.0, -0.015134, 0.96843, -0.248827, 0.3, 0.172987, 0.247639, 0.953284, 0.0, 0.0, 0.0, 0.0, 1.0],
                [0.984808, -0.028747, -0.171252, 0.0, -0.015134, 0.96824, -0.249563, 0.3, 0.172987, 0.248364, 0.953095, 0.0, 0.0, 0.0, 0.0, 1.0],
                [0.984808, -0.028872, -0.171231, 0.0, -0.015134, 0.968058, -0.25027, 0.3, 0.172987, 0.24906, 0.952914, 0.0, 0.0, 0.0, 0.0, 1.0],
                [0.984808, -0.028992, -0.171211, 0.0, -0.015134, 0.967882, -0.250948, 0.3, 0.172987, 0.249726, 0.952739, 0.0, 0.0, 0.0, 0.0, 1.0],
                [0.984808, -0.029106, -0.171191, 0.0, -0.015134, 0.967714, -0.251595, 0.3, 0.172987, 0.250363, 0.952572, 0.0, 0.0, 0.0, 0.0, 1.0],
                [0.984808, -0.029215, -0.171173, 0.0, -0.015134, 0.967554, -0.252211, 0.3, 0.172987, 0.25097, 0.952412, 0.0, 0.0, 0.0, 0.0, 1.0],
                [0.984808, -0.029319, -0.171155, 0.0, -0.015134, 0.967401, -0.252796, 0.3, 0.172987, 0.251546, 0.95226, 0.0, 0.0, 0.0, 0.0, 1.0],
                [0.984808, -0.029416, -0.171138, 0.0, -0.015134, 0.967256, -0.253349, 0.3, 0.172987, 0.25209, 0.952116, 0.0, 0.0, 0.0, 0.0, 1.0],
                [0.984808, -0.029509, -0.171123, 0.0, -0.015134, 0.96712, -0.25387, 0.3, 0.172987, 0.252603, 0.951981, 0.0, 0.0, 0.0, 0.0, 1.0],
                [0.984808, -0.029595, -0.171108, 0.0, -0.015134, 0.966991, -0.254359, 0.3, 0.172987, 0.253084, 0.951853, 0.0, 0.0, 0.0, 0.0, 1.0],
                [0.984808, -0.029676, -0.171094, 0.0, -0.015134, 0.966872, -0.254814, 0.3, 0.172987, 0.253532, 0.951734, 0.0, 0.0, 0.0, 0.0, 1.0],
                [0.984808, -0.02975, -0.171081, 0.0, -0.015134, 0.96676, -0.255236, 0.3, 0.172987, 0.253947, 0.951623, 0.0, 0.0, 0.0, 0.0, 1.0],
                [0.984808, -0.029819, -0.171069, 0.0, -0.015134, 0.966658, -0.255623, 0.3, 0.172987, 0.254329, 0.951521, 0.0, 0.0, 0.0, 0.0, 1.0],
                [0.984808, -0.029881, -0.171058, 0.0, -0.015134, 0.966565, -0.255976, 0.3, 0.172987, 0.254676, 0.951428, 0.0, 0.0, 0.0, 0.0, 1.0],
                [0.984808, -0.029938, -0.171048, 0.0, -0.015134, 0.96648, -0.256294, 0.3, 0.172987, 0.254989, 0.951344, 0.0, 0.0, 0.0, 0.0, 1.0],
                [0.984808, -0.029988, -0.171039, 0.0, -0.015134, 0.966406, -0.256576, 0.3, 0.172987, 0.255267, 0.95127, 0.0, 0.0, 0.0, 0.0, 1.0],
                [0.984808, -0.030031, -0.171032, 0.0, -0.015134, 0.96634, -0.256822, 0.3, 0.172987, 0.255509, 0.951205, 0.0, 0.0, 0.0, 0.0, 1.0],
                [0.984808, -0.030068, -0.171025, 0.0, -0.015134, 0.966284, -0.257032, 0.3, 0.172987, 0.255715, 0.951149, 0.0, 0.0, 0.0, 0.0, 1.0],
                [0.984808, -0.030099, -0.17102, 0.0, -0.015134, 0.966238, -0.257205, 0.3, 0.172987, 0.255885, 0.951104, 0.0, 0.0, 0.0, 0.0, 1.0],
                [0.984808, -0.030123, -0.171016, 0.0, -0.015134, 0.966202, -0.25734, 0.3, 0.172987, 0.256018, 0.951068, 0.0, 0.0, 0.0, 0.0, 1.0],
                [0.984808, -0.03014, -0.171013, 0.0, -0.015134, 0.966177, -0.257437, 0.3, 0.172987, 0.256114, 0.951042, 0.0, 0.0, 0.0, 0.0, 1.0],
                [0.984808, -0.03015, -0.171011, 0.0, -0.015134, 0.966161, -0.257495, 0.3, 0.172987, 0.256172, 0.951027, 0.0, 0.0, 0.0, 0.0, 1.0],
                [0.984808, -0.030154, -0.17101, 0.0, -0.015134, 0.966156, -0.257515, 0.3, 0.172987, 0.256191, 0.951021, 0.0, 0.0, 0.0, 0.0, 1.0],
                [0.984808, -0.0, -0.173648, 0.0, -0.015134, 0.996195, -0.085832, 0.3, 0.172987, 0.087156, 0.98106, 0.0, 0.0, 0.0, 0.0, 1.0]
            ]
        },
        {
            "name": "Head",
            "time": [0.0, 0.0167, 0.0333, 0.05, 0.0667, 0.0833, 0.1, 0.1167, 0.1333, 0.15, 0.1667, 0.1833, 0.2, 0.2167, 0.2333, 0.25, 0.2667, 0.2833, 0.3, 0.3167, 0.3333, 0.35, 0.3667, 0.3833, 0.4, 0.4167, 0.4333, 0.45, 0.4667, 0.4833, 0.5, 0.5167, 0.5333, 0.55, 0.5667, 0.5833, 0.6, 0.6167, 0.6333, 0.65, 0.6667, 0.6833, 0.7, 0.7167, 0.7333, 0.75, 0.7667, 0.7833, 0.8, 0.8167, 0.8333, 0.85, 0.8667, 0.8833, 0.9, 0.9167, 0.9333, 0.95, 0.9667, 0.9833, 1.0, 1.0167, 1.0333, 1.05, 1.0667, 1.0833, 1.1, 1.1167, 1.1333, 1.15, 1.1667, 1.1833, 1.2, 1.2167, 1.2333, 1.25, 1.2667, 1.2833, 1.3, 1.3167, 1.3333, 1.35, 1.3667, 1.3833, 1.4, 1.4167, 1.4333, 1.45, 1.4667, 1.4833, 1.5, 1.5167, 1.5333, 1.55, 1.5667, 1.5833, 1.6, 1.6167, 1.6333, 1.65, 1.6667, 1.6833, 1.7, 1.7167, 1.7333, 1.75, 1.7667, 1.7833, 1.8, 1.8167, 1.8333, 1.85, 1.8667, 1.8833, 1.9, 1.9167, 1.9333, 1.95, 1.9667, 1.9833, 2.0, 2.0167, 2.0333, 2.05, 2.0667, 2.0833, 2.1, 2.1167, 2.1333, 2.15, 2.1667, 2.1833, 2.2, 2.2167, 2.2333, 2.25, 2.2667, 2.2833, 2.3, 2.3167, 2.3333, 2.35, 2.3667, 2.3833, 2.4, 2.4167, 2.4333, 2.45, 2.4667, 2.4833, 2.5, 2.5167, 2.5333, 2.55, 2.5667, 2.5833, 2.6, 2.6167, 2.6333, 2.65, 2.6667, 2.6833, 2.7, 2.7167, 2.7333, 2.75, 2.7667, 2.7833, 2.8, 2.8167, 2.8333, 2.85, 2.8667, 2.8833, 2.9, 2.9167, 2.9333, 2.95, 2.9667, 2.9833, 3.0, 3.0167, 3.0333, 3.05, 3.0667, 3.0833, 3.1, 3.1167, 3.1333, 3.15, 3.1667, 3.1833, 3.2, 3.2167, 3.2333, 3.25, 3.2667, 3.2833, 3.3, 3.3167, 3.3333, 3.35, 3.3667, 3.3833, 3.4, 3.4167, 3.4333, 3.45, 3.4667, 3.4833, 3.5, 3.5167, 3.5333, 3.55, 3.5667, 3.5833, 3.6, 3.6167, 3.6333, 3.65, 3.6667, 3.6833, 3.7, 3.7167, 3.7333, 3.75, 3.7667, 3.7833, 3.8, 3.8167, 3.8333, 3.85, 3.8667, 3.8833, 3.9, 3.9167, 3.9333, 3.95, 3.9667, 3.9833, 4.0, 4.0167, 4.0333, 4.05, 4.0667, 4.0833, 4.1, 4.1167, 4.1333, 4.15, 4.1667, 4.1833, 4.2, 4.2167, 4.2333, 4.25, 4.2667, 6.9667],
            "transform": [
                [0.984808, -0.0, 0.173648, -0.0, -0.015134, 0.996195, 0.085832, 0.4, -0.172987, -0.087156, 0.98106, 0.0, 0.0, 0.0, 0.0, 1.0],
                [0.984808, -4e-06, 0.173648, -0.0, -0.015134, 0.996193, 0.085852, 0.4, -0.172987, -0.087176, 0.981058, -0.0, 0.0, 0.0, 0.0, 1.0],
                [0.984808, -1.4e-05, 0.173648, -0.0, -0.015134, 0.996188, 0.085912, 0.4, -0.172987, -0.087235, 0.981053, 0.0, 0.0, 0.0, 0.0, 1.0],
                [0.984808, -3.2e-05, 0.173648, 0.0, -0.015134, 0.996179, 0.086012, 0.4, -0.172987, -0.087334, 0.981044, 0.0, 0.0, 0.0, 0.0, 1.0],
                [0.984808, -5.6e-05, 0.173648, -0.0, -0.015134, 0.996167, 0.086152, 0.4, -0.172987, -0.087471, 0.981032, 0.0, 0.0, 0.0, 0.0, 1.0],
                [0.984808, -8.7e-05, 0.173648, -0.0, -0.015134, 0.996152, 0.08633, 0.4, -0.172987, -0.087646, 0.981017, -0.0, 0.0, 0.0, 0.0, 1.0],
                [0.984808, -0.000125, 0.173648, -0.0, -0.015134, 0.996133, 0.086546, 0.4, -0.172987, -0.087859, 0.980998, 0.0, 0.0, 0.0, 0.0, 1.0],
                [0.984808, -0.000169, 0.173648, 0.0, -0.015134, 0.996111, 0.0868, 0.4, -0.172987, -0.088109, 0.980975, -0.0, 0.0, 0.0, 0.0, 1.0],
                [0.984808, -0.000219, 0.173648, -0.0, -0.015134, 0.996085, 0.087091, 0.4, -0.172987, -0.088396, 0.980949, 0.0, 0.0, 0.0, 0.0, 1.0],
                [0.984808, -0.000277, 0.173648, -0.0, -0.015134, 0.996057, 0.087418, 0.4, -0.172987, -0.088718, 0.98092, 0.0, 0.0, 0.0, 0.0, 1.0],
                [0.984808, -0.00034, 0.173648, -0.0, -0.015134, 0.996025, 0.087782, 0.4, -0.172987, -0.089076, 0.980888, 0.0, 0.0, 0.0, 0.0, 1.0],
                [0.984808, -0.00041, 0.173648, 0.0, -0.015134, 0.99599, 0.088181, 0.4, -0.172987, -0.089469, 0.980852, 0.0, 0.0, 0.0, 0.0, 1.0],
                [0.984808, -0.000485, 0.173647, -0.0, -0.015134, 0.995951, 0.088615, 0.4, -0.172987, -0.089897, 0.980813, 0.0, 0.0, 0.0, 0.0, 1.0],
                [0.984808, -0.000567, 0.173647, 0.0, -0.015134, 0.995909, 0.089084, 0.4, -0.172987, -0.090359, 0.98077, 0.0, 0.0, 0.0, 0.0, 1.0],
                [0.984808, -0.000655, 0.173647, 0.0, -0.015134, 0.995864, 0.089587, 0.4, -0.172987, -0.090854, 0.980725, -0.0, 0.0, 0.0, 0.0, 1.0],
                [0.984808, -0.000748, 0.173647, -0.0, -0.015134, 0.995816, 0.090124, 0.4, -0.172987, -0.091383, 0.980676, -0.0, 0.0, 0.0, 0.0, 1.0],
