{
    "animation": [
        {
            "name": "Root",
            "time": [0.0, 0.0167, 0.0333, 0.05, 0.0667, 0.0833, 0.1, 0.1167, 0.1333, 0.15, 0.1667, 0.1833, 0.2, 0.2167, 0.2333, 0.25, 0.2667, 0.2833, 0.3, 0.3167, 0.3333, 0.35, 0.3667, 0.3833, 0.4, 0.4167, 0.4333, 0.45, 0.4667, 0.4833, 0.5, 0.5167, 0.5333],
            "transform": [
                [0.965926, 0.0, -0.258819, -5e-06, -0.258819, 0.0, -0.965926, 0.000946, 0.0, 1.0, 0.0, 0.774659, 0.0, 0.0, 0.0, 1.0],
                [0.965926, 0.0, -0.258819, -5e-06, -0.258819, 0.0, -0.965926, 0.000946, 0.0, 1.0, 0.0, 0.782292, 0.0, 0.0, 0.0, 1.0],
                [0.965926, 0.0, -0.258819, -5e-06, -0.258819, 0.0, -0.965926, 0.000946, 0.0, 1.0, 0.0, 0.789926, 0.0, 0.0, 0.0, 1.0],
                [0.965926, 0.0, -0.258819, -5e-06, -0.258819, 0.0, -0.965926, 0.000946, 0.0, 1.0, 0.0, 0.797559, 0.0, 0.0, 0.0, 1.0],
                [0.965926, 0.0, -0.258819, -5e-06, -0.258819, 0.0, -0.965926, 0.000946, 0.0, 1.0, 0.0, 0.805193, 0.0, 0.0, 0.0, 1.0],
                [0.965926, 0.0, -0.258819, -5e-06, -0.258819, 0.0, -0.965926, 0.000946, 0.0, 1.0, 0.0, 0.803422, 0.0, 0.0, 0.0, 1.0],
                [0.965926, 0.0, -0.258819, -5e-06, -0.258819, 0.0, -0.965926, 0.000946, 0.0, 1.0, 0.0, 0.798752, 0.0, 0.0, 0.0, 1.0],
                [0.965926, 0.0, -0.258819, -5e-06, -0.258819, 0.0, -0.965926, 0.000946, 0.0, 1.0, 0.0, 0.79215, 0.0, 0.0, 0.0, 1.0],
                [0.965926, 0.0, -0.258819, -5e-06, -0.258819, 0.0, -0.965926, 0.000946, 0.0, 1.0, 0.0, 0.784582, 0.0, 0.0, 0.0, 1.0],
                [0.965926, 0.0, -0.258819, -5e-06, -0.258819, 0.0, -0.965926, 0.000946, 0.0, 1.0, 0.0, 0.777014, 0.0, 0.0, 0.0, 1.0],
                [0.965926, 0.0, -0.258819, -5e-06, -0.258819, 0.0, -0.965926, 0.000946, 0.0, 1.0, 0.0, 0.770412, 0.0, 0.0, 0.0, 1.0],
                [0.965926, 0.0, -0.258819, -5e-06, -0.258819, 0.0, -0.965926, 0.000946, 0.0, 1.0, 0.0, 0.765743, 0.0, 0.0, 0.0, 1.0],
                [0.965926, 0.0, -0.258819, -5e-06, -0.258819, 0.0, -0.965926, 0.000946, 0.0, 1.0, 0.0, 0.763972, 0.0, 0.0, 0.0, 1.0],
                [0.965926, 0.0, -0.258819, -5e-06, -0.258819, 0.0, -0.965926, 0.000946, 0.0, 1.0, 0.0, 0.766103, 0.0, 0.0, 0.0, 1.0],
                [0.965926, 0.0, -0.258819, -5e-06, -0.258819, 0.0, -0.965926, 0.000946, 0.0, 1.0, 0.0, 0.771723, 0.0, 0.0, 0.0, 1.0],
                [0.965926, 0.0, -0.258819, -5e-06, -0.258819, 0.0, -0.965926, 0.000946, 0.0, 1.0, 0.0, 0.779669, 0.0, 0.0, 0.0, 1.0],
                [0.965926, 0.0, -0.258819, -5e-06, -0.258819, 0.0, -0.965926, 0.000946, 0.0, 1.0, 0.0, 0.788777, 0.0, 0.0, 0.0, 1.0],
                [0.965926, 0.0, -0.258819, -5e-06, -0.258819, 0.0, -0.965926, 0.000946, 0.0, 1.0, 0.0, 0.797886, 0.0, 0.0, 0.0, 1.0],
                [0.965926, 0.0, -0.258819, -5e-06, -0.258819, 0.0, -0.965926, 0.000946, 0.0, 1.0, 0.0, 0.805831, 0.0, 0.0, 0.0, 1.0],
                [0.965926, 0.0, -0.258819, -5e-06, -0.258819, 0.0, -0.965926, 0.000946, 0.0, 1.0, 0.0, 0.811451, 0.0, 0.0, 0.0, 1.0],
                [0.965926, 0.0, -0.258819, -5e-06, -0.258819, 0.0, -0.965926, 0.000946, 0.0, 1.0, 0.0, 0.813583, 0.0, 0.0, 0.0, 1.0],
                [0.965926, 0.0, -0.258819, -5e-06, -0.258819, 0.0, -0.965926, 0.000946, 0.0, 1.0, 0.0, 0.812817, 0.0, 0.0, 0.0, 1.0],
                [0.965926, 0.0, -0.258819, -5e-06, -0.258819, 0.0, -0.965926, 0.000946, 0.0, 1.0, 0.0, 0.8107, 0.0, 0.0, 0.0, 1.0],
                [0.965926, 0.0, -0.258819, -5e-06, -0.258819, 0.0, -0.965926, 0.000946, 0.0, 1.0, 0.0, 0.807501, 0.0, 0.0, 0.0, 1.0],
                [0.965926, 0.0, -0.258819, -5e-06, -0.258819, 0.0, -0.965926, 0.000946, 0.0, 1.0, 0.0, 0.803491, 0.0, 0.0, 0.0, 1.0],
                [0.965926, 0.0, -0.258819, -5e-06, -0.258819, 0.0, -0.965926, 0.000946, 0.0, 1.0, 0.0, 0.798941, 0.0, 0.0, 0.0, 1.0],
                [0.965926, 0.0, -0.258819, -5e-06, -0.258819, 0.0, -0.965926, 0.000946, 0.0, 1.0, 0.0, 0.794121, 0.0, 0.0, 0.0, 1.0],
                [0.965926, 0.0, -0.258819, -5e-06, -0.258819, 0.0, -0.965926, 0.000946, 0.0, 1.0, 0.0, 0.7893, 0.0, 0.0, 0.0, 1.0],
                [0.965926, 0.0, -0.258819, -5e-06, -0.258819, 0.0, -0.965926, 0.000946, 0.0, 1.0, 0.0, 0.78475, 0.0, 0.0, 0.0, 1.0],
                [0.965926, 0.0, -0.258819, -5e-06, -0.258819, 0.0, -0.965926, 0.000946, 0.0, 1.0, 0.0, 0.78074, 0.0, 0.0, 0.0, 1.0],
                [0.965926, 0.0, -0.258819, -5e-06, -0.258819, 0.0, -0.965926, 0.000946, 0.0, 1.0, 0.0, 0.777542, 0.0, 0.0, 0.0, 1.0],
                [0.965926, 0.0, -0.258819, -5e-06, -0.258819, 0.0, -0.965926, 0.000946, 0.0, 1.0, 0.0, 0.775424, 0.0, 0.0, 0.0, 1.0],
                [0.965926, 0.0, -0.258819, -5e-06, -0.258819, 0.0, -0.965926, 0.000946, 0.0, 1.0, 0.0, 0.774659, 0.0, 0.0, 0.0, 1.0]
            ]
        },
        {
            "name": "Thigh_R",
            "time": [0.0, 0.0167, 0.0333, 0.05, 0.0667, 0.0833, 0.1, 0.1167, 0.1333, 0.15, 0.1667, 0.1833, 0.2, 0.2167, 0.2333, 0.25, 0.2667, 0.2833, 0.3, 0.3167, 0.3333, 0.35, 0.3667, 0.3833, 0.4, 0.4167, 0.4333, 0.45, 0.4667, 0.4833, 0.5, 0.5167, 0.5333],
            "transform": [
                [0.985659, 0.154192, -0.06857, 0.123095, 0.058734, -0.694393, -0.717194, -0.002831, -0.1582, 0.702882, -0.693491, -0.021718, 0.0, 0.0, 0.0, 1.0],
                [0.987079, 0.134762, -0.086683, 0.123095, 0.047924, -0.764512, -0.642826, -0.002831, -0.152899, 0.630366, -0.761092, -0.021718, 0.0, 0.0, 0.0, 1.0],
                [0.988243, 0.112708, -0.103309, 0.123095, 0.036155, -0.828809, -0.558362, -0.002831, -0.148555, 0.548062, -0.82314, -0.021718, 0.0, 0.0, 0.0, 1.0],
                [0.989097, 0.088177, -0.117945, 0.123095, 0.023555, -0.885338, -0.46435, -0.002831, -0.145366, 0.456509, -0.877763, -0.021718, 0.0, 0.0, 0.0, 1.0],
                [0.989596, 0.061433, -0.130102, 0.123095, 0.010303, -0.932197, -0.361804, -0.002831, -0.143507, 0.3567, -0.923131, -0.021718, 0.0, 0.0, 0.0, 1.0],
                [0.9897, 0.032866, -0.139334, 0.123095, -0.003373, -0.967665, -0.252215, -0.002831, -0.143118, 0.250088, -0.957587, -0.021718, 0.0, 0.0, 0.0, 1.0],
                [0.989386, 0.002978, -0.145283, 0.123095, -0.01721, -0.990352, -0.137503, -0.002831, -0.144291, 0.138544, -0.979789, -0.021718, 0.0, 0.0, 0.0, 1.0],
                [0.988645, -0.027643, -0.147706, 0.123095, -0.030918, -0.999323, -0.019923, -0.002831, -0.147055, 0.024263, -0.988831, -0.021718, 0.0, 0.0, 0.0, 1.0],
                [0.987487, -0.058359, -0.146501, 0.123095, -0.044206, -0.994197, 0.098073, -0.002831, -0.151375, -0.09037, -0.984337, -0.021718, 0.0, 0.0, 0.0, 1.0],
                [0.98594, -0.088524, -0.141721, 0.123095, -0.056796, -0.975179, 0.214006, -0.002831, -0.157149, -0.202948, -0.966497, -0.021718, 0.0, 0.0, 0.0, 1.0],
                [0.984047, -0.117531, -0.133563, 0.123095, -0.068449, -0.943048, 0.325537, -0.002831, -0.164217, -0.311202, -0.936048, -0.021718, 0.0, 0.0, 0.0, 1.0],
                [0.98186, -0.144848, -0.122349, 0.123095, -0.078974, -0.89907, 0.430623, -0.002831, -0.172375, -0.413149, -0.8942, -0.021718, 0.0, 0.0, 0.0, 1.0],
                [0.979444, -0.170049, -0.108502, 0.123095, -0.088237, -0.844883, 0.527623, -0.002831, -0.181393, -0.507204, -0.84252, -0.021718, 0.0, 0.0, 0.0, 1.0],
                [0.976862, -0.192832, -0.092499, 0.123095, -0.096168, -0.782354, 0.615365, -0.002831, -0.191029, -0.592231, -0.782796, -0.021718, 0.0, 0.0, 0.0, 1.0],
                [0.974178, -0.213016, -0.074842, 0.123095, -0.10275, -0.713434, 0.693148, -0.002831, -0.201047, -0.667559, -0.716899, -0.021718, 0.0, 0.0, 0.0, 1.0],
                [0.97145, -0.230537, -0.056022, 0.123095, -0.108018, -0.640033, 0.760716, -0.002831, -0.211229, -0.732946, -0.646662, -0.021718, 0.0, 0.0, 0.0, 1.0],
                [0.971858, -0.228085, -0.058893, 0.123095, -0.107311, -0.651227, 0.751257, -0.002831, -0.209703, -0.723795, -0.657377, -0.021718, 0.0, 0.0, 0.0, 1.0],
                [0.973018, -0.220806, -0.066939, 0.123095, -0.105152, -0.682605, 0.723182, -0.002831, -0.205376, -0.696631, -0.687405, -0.021718, 0.0, 0.0, 0.0, 1.0],
                [0.974819, -0.208482, -0.079141, 0.123095, -0.101314, -0.730209, 0.67567, -0.002831, -0.198655, -0.650638, -0.732944, -0.021718, 0.0, 0.0, 0.0, 1.0],
                [0.977127, -0.190657, -0.094191, 0.123095, -0.095431, -0.788963, 0.606985, -0.002831, -0.190039, -0.584113, -0.789112, -0.021718, 0.0, 0.0, 0.0, 1.0],
                [0.979767, -0.166918, -0.110426, 0.123095, -0.087112, -0.852409, 0.515568, -0.002831, -0.180186, -0.495518, -0.849703, -0.021718, 0.0, 0.0, 0.0, 1.0],
                [0.982513, -0.137219, -0.125852, 0.123095, -0.076082, -0.912794, 0.40127, -0.002831, -0.169939, -0.384678, -0.907273, -0.021718, 0.0, 0.0, 0.0, 1.0],
                [0.9851, -0.102182, -0.138333, 0.123095, -0.062341, -0.961813, 0.266513, -0.002831, -0.160283, -0.253918, -0.953853, -0.021718, 0.0, 0.0, 0.0, 1.0],
                [0.987264, -0.063269, -0.14597, 0.123095, -0.046287, -0.992059, 0.116942, -0.002831, -0.15221, -0.108696, -0.982353, -0.021718, 0.0, 0.0, 0.0, 1.0],
                [0.988793, -0.02269, -0.14756, 0.123095, -0.028732, -0.998828, -0.038947, -0.002831, -0.146503, 0.04275, -0.988286, -0.021718, 0.0, 0.0, 0.0, 1.0],
                [0.989585, 0.016995, -0.142945, 0.123095, -0.010778, -0.981471, -0.191308, -0.002831, -0.143548, 0.190856, -0.971065, -0.021718, 0.0, 0.0, 0.0, 1.0],
                [0.989667, 0.053412, -0.133064, 0.123095, 0.006416, -0.943594, -0.331041, -0.002831, -0.14324, 0.326767, -0.934187, -0.021718, 0.0, 0.0, 0.0, 1.0],
                [0.989183, 0.084832, -0.119669, 0.123095, 0.021872, -0.891988, -0.451529, -0.002831, -0.145047, 0.444028, -0.884195, -0.021718, 0.0, 0.0, 0.0, 1.0],
                [0.988344, 0.11035, -0.104879, 0.123095, 0.034923, -0.834876, -0.549328, -0.002831, -0.148179, 0.539262, -0.828999, -0.021718, 0.0, 0.0, 0.0, 1.0],
                [0.98738, 0.129779, -0.090768, 0.123095, 0.045223, -0.780316, -0.623747, -0.002831, -0.151777, 0.611771, -0.776338, -0.021718, 0.0, 0.0, 0.0, 1.0],
                [0.986502, 0.143364, -0.07912, 0.123095, 0.052652, -0.73524, -0.675758, -0.002831, -0.155052, 0.662471, -0.732865, -0.021718, 0.0, 0.0, 0.0, 1.0],
                [0.985885, 0.151454, -0.071355, 0.123095, 0.057182, -0.705179, -0.70672, -0.002831, -0.157354, 0.692665, -0.703886, -0.021718, 0.0, 0.0, 0.0, 1.0],
                [0.985659, 0.154192, -0.06857, 0.123095, 0.058734, -0.694393, -0.717194, -0.002831, -0.1582, 0.702882, -0.693491, -0.021718, 0.0, 0.0, 0.0, 1.0]
            ]
        },
        {
            "name": "Leg_R",
            "time": [0.0, 0.0167, 0.0333, 0.05, 0.0667, 0.0833, 0.1, 0.1167, 0.1333, 0.15, 0.1667, 0.1833, 0.2, 0.2167, 0.2333, 0.25, 0.2667, 0.2833, 0.3, 0.3167, 0.3333, 0.35, 0.3667, 0.3833, 0.4, 0.4167, 0.4333, 0.45, 0.4667, 0.4833, 0.5, 0.5167, 0.5333],
            "transform": [
                [0.997, 0.044086, 0.063619, 0.0, -0.077308, 0.52694, 0.846379, 0.37472, 0.00379, -0.848758, 0.528767, 0.0, 0.0, 0.0, 0.0, 1.0],
                [0.994683, 0.048352, 0.09093, 0.0, -0.101566, 0.314442, 0.943828, 0.37472, 0.017044, -0.948044, 0.317681, 0.0, 0.0, 0.0, 0.0, 1.0],
                [0.991789, 0.045927, 0.119352, 0.0, -0.122629, 0.076776, 0.989479, 0.37472, 0.03628, -0.99599, 0.081777, 0.0, 0.0, 0.0, 0.0, 1.0],
                [0.988545, 0.036647, 0.146407, 0.0, -0.138433, -0.166251, 0.976318, 0.37472, 0.06012, -0.985402, -0.159273, -0.0, 0.0, 0.0, 0.0, 1.0],
                [0.985241, 0.021526, 0.169816, -0.0, -0.147786, -0.393603, 0.907323, 0.37472, 0.086371, -0.919028, -0.384613, -0.0, 0.0, 0.0, 0.0, 1.0],
                [0.985491, 0.02285, 0.168182, 0.0, -0.147297, -0.377172, 0.914355, 0.37472, 0.084327, -0.925861, -0.368334, -0.0, 0.0, 0.0, 0.0, 1.0],
                [0.98621, 0.026494, 0.163365, -0.0, -0.145696, -0.329229, 0.932942, 0.37472, 0.078502, -0.943878, -0.320828, -0.0, 0.0, 0.0, 0.0, 1.0],
                [0.98735, 0.031778, 0.155336, -0.0, -0.142548, -0.251038, 0.957424, 0.37472, 0.069421, -0.967456, -0.243333, -0.0, 0.0, 0.0, 0.0, 1.0],
                [0.988864, 0.037816, 0.143936, 0.0, -0.137185, -0.143281, 0.980128, 0.37472, 0.057688, -0.988959, -0.136498, -0.0, 0.0, 0.0, 0.0, 1.0],
                [0.990683, 0.043494, 0.129052, -0.0, -0.12884, -0.007661, 0.991636, 0.37472, 0.044119, -0.999024, -0.001985, 0.0, 0.0, 0.0, 0.0, 1.0],
                [0.992673, 0.047453, 0.111122, -0.0, -0.117032, 0.148823, 0.981914, 0.37472, 0.030057, -0.987725, 0.153286, 0.0, 0.0, 0.0, 0.0, 1.0],
                [0.994656, 0.048498, 0.091145, -0.0, -0.101825, 0.314946, 0.943632, 0.37472, 0.017058, -0.94787, 0.318201, 0.0, 0.0, 0.0, 0.0, 1.0],
                [0.99645, 0.045953, 0.070541, -0.0, -0.083935, 0.477311, 0.874717, 0.37472, 0.006526, -0.877532, 0.479474, 0.0, 0.0, 0.0, 0.0, 1.0],
                [0.997909, 0.039868, 0.050869, -0.0, -0.064627, 0.623233, 0.779361, 0.37472, -0.000632, -0.781019, 0.624507, -0.0, 0.0, 0.0, 0.0, 1.0],
                [0.99896, 0.03099, 0.033443, -0.0, -0.0454, 0.743764, 0.666899, 0.37472, -0.004206, -0.667724, 0.744397, -0.0, 0.0, 0.0, 0.0, 1.0],
                [0.999608, 0.020519, 0.019067, -0.0, -0.027621, 0.83528, 0.54913, 0.37472, -0.004659, -0.549442, 0.835519, -0.0, 0.0, 0.0, 0.0, 1.0],
                [0.99992, 0.009781, 0.007981, -0.0, -0.012287, 0.899089, 0.437593, 0.37472, -0.002896, -0.437657, 0.899138, 0.0, 0.0, 0.0, 0.0, 1.0],
                [1.0, 0.0, 1e-06, 0.0, -0.0, 0.939692, 0.342021, 0.37472, -1e-06, -0.342021, 0.939692, -0.0, 0.0, 0.0, 0.0, 1.0],
                [0.999956, -0.007794, -0.005257, -0.0, 0.008917, 0.963412, 0.267878, 0.37472, 0.002977, -0.267913, 0.963438, 0.0, 0.0, 0.0, 0.0, 1.0],
                [0.999884, -0.012833, -0.008199, -0.0, 0.01432, 0.975502, 0.219526, 0.37472, 0.005181, -0.219618, 0.975572, -0.0, 0.0, 0.0, 0.0, 1.0],
                [0.999852, -0.014594, -0.009146, 0.0, 0.016144, 0.979161, 0.202445, 0.37472, 0.006001, -0.202563, 0.979251, 0.0, 0.0, 0.0, 0.0, 1.0],
                [0.999882, -0.012966, -0.008268, -0.0, 0.014456, 0.97589, 0.217783, 0.37472, 0.005245, -0.217877, 0.975962, -0.0, 0.0, 0.0, 0.0, 1.0],
                [0.999948, -0.008506, -0.005687, -0.0, 0.009692, 0.965559, 0.260006, 0.37472, 0.00328, -0.260047, 0.96559, 0.0, 0.0, 0.0, 0.0, 1.0],
                [0.999997, -0.001932, -0.001386, -0.0, 0.002277, 0.946287, 0.323319, 0.37472, 0.000687, -0.323321, 0.946289, 0.0, 0.0, 0.0, 0.0, 1.0],
                [0.999971, 0.005954, 0.004664, -0.0, -0.007325, 0.91592, 0.401294, 0.37472, -0.001882, -0.401316, 0.915937, 0.0, 0.0, 0.0, 0.0, 1.0],
                [0.999821, 0.014313, 0.012358, -0.0, -0.018519, 0.873281, 0.486864, 0.37472, -0.003824, -0.487006, 0.87339, -0.0, 0.0, 0.0, 0.0, 1.0],
                [0.999522, 0.022345, 0.021369, 0.0, -0.030558, 0.819125, 0.5728, 0.37472, -0.004705, -0.573179, 0.819417, -0.0, 0.0, 0.0, 0.0, 1.0],
                [0.999083, 0.029406, 0.031127, 0.0, -0.042598, 0.756545, 0.652553, 0.37472, -0.00436, -0.65328, 0.757104, 0.0, 0.0, 0.0, 0.0, 1.0],
                [0.998548, 0.035091, 0.040877, 0.0, -0.053794, 0.690721, 0.721118, 0.37472, -0.00293, -0.72227, 0.691605, 0.0, 0.0, 0.0, 0.0, 1.0],
                [0.997988, 0.03927, 0.049784, -0.0, -0.063403, 0.628149, 0.775506, 0.37472, -0.000818, -0.777101, 0.629375, 0.0, 0.0, 0.0, 0.0, 1.0],
                [0.997487, 0.042032, 0.057029, 0.0, -0.070831, 0.575724, 0.81457, 0.37472, 0.001405, -0.816563, 0.577255, -0.0, 0.0, 0.0, 0.0, 1.0],
                [0.997133, 0.04358, 0.061865, 0.0, -0.07561, 0.540021, 0.838249, 0.37472, 0.003123, -0.840522, 0.541767, 0.0, 0.0, 0.0, 0.0, 1.0],
                [0.997, 0.044086, 0.063619, 0.0, -0.077308, 0.52694, 0.846379, 0.37472, 0.00379, -0.848758, 0.528767, 0.0, 0.0, 0.0, 0.0, 1.0]
            ]
        },
        {
            "name": "Knee_R",
            "time": [0.0, 0.0167, 0.0333, 0.05, 0.0667, 0.0833, 0.1, 0.1167, 0.1333, 0.15, 0.1667, 0.1833, 0.2, 0.2167, 0.2333, 0.25, 0.2667, 0.2833, 0.3, 0.3167, 0.3333, 0.35, 0.3667, 0.3833, 0.4, 0.4167, 0.4333, 0.45, 0.4667, 0.4833, 0.5, 0.5167, 0.5333],
            "transform": [
                [1.0, 0.0, -0.0, 0.0, -0.0, 0.0, -1.0, 0.37472, -0.0, 1.0, 0.0, 0.0, 0.0, 0.0, 0.0, 1.0],
                [1.0, 0.0, -0.0, 0.0, -0.0, 0.0, -1.0, 0.37472, -0.0, 1.0, 0.0, 0.0, 0.0, 0.0, 0.0, 1.0],
                [1.0, 0.0, -0.0, 0.0, -0.0, 0.0, -1.0, 0.37472, -0.0, 1.0, 0.0, 0.0, 0.0, 0.0, 0.0, 1.0],
                [1.0, 0.0, -0.0, 0.0, -0.0, 0.0, -1.0, 0.37472, -0.0, 1.0, 0.0, -0.0, 0.0, 0.0, 0.0, 1.0],
                [1.0, 0.0, -0.0, -0.0, -0.0, 0.0, -1.0, 0.37472, -0.0, 1.0, 0.0, -0.0, 0.0, 0.0, 0.0, 1.0],
                [1.0, 0.0, -0.0, 0.0, -0.0, 0.0, -1.0, 0.37472, -0.0, 1.0, 0.0, -0.0, 0.0, 0.0, 0.0, 1.0],
                [1.0, 0.0, -0.0, -0.0, -0.0, 0.0, -1.0, 0.37472, -0.0, 1.0, 0.0, -0.0, 0.0, 0.0, 0.0, 1.0],
                [1.0, 0.0, -0.0, -0.0, -0.0, 0.0, -1.0, 0.37472, -0.0, 1.0, 0.0, -0.0, 0.0, 0.0, 0.0, 1.0],
                [1.0, 0.0, -0.0, 0.0, -0.0, 0.0, -1.0, 0.37472, -0.0, 1.0, 0.0, -0.0, 0.0, 0.0, 0.0, 1.0],
                [1.0, 0.0, -0.0, -0.0, -0.0, 0.0, -1.0, 0.37472, -0.0, 1.0, 0.0, 0.0, 0.0, 0.0, 0.0, 1.0],
                [1.0, 0.0, -0.0, -0.0, -0.0, 0.0, -1.0, 0.37472, -0.0, 1.0, 0.0, 0.0, 0.0, 0.0, 0.0, 1.0],
                [1.0, 0.0, -0.0, -0.0, -0.0, 0.0, -1.0, 0.37472, -0.0, 1.0, 0.0, 0.0, 0.0, 0.0, 0.0, 1.0],
                [1.0, 0.0, -0.0, -0.0, -0.0, 0.0, -1.0, 0.37472, -0.0, 1.0, 0.0, 0.0, 0.0, 0.0, 0.0, 1.0],
                [1.0, 0.0, -0.0, -0.0, -0.0, 0.0, -1.0, 0.37472, -0.0, 1.0, 0.0, -0.0, 0.0, 0.0, 0.0, 1.0],
                [1.0, 0.0, -0.0, -0.0, -0.0, 0.0, -1.0, 0.37472, -0.0, 1.0, 0.0, -0.0, 0.0, 0.0, 0.0, 1.0],
                [1.0, 0.0, -0.0, -0.0, -0.0, 0.0, -1.0, 0.37472, -0.0, 1.0, 0.0, -0.0, 0.0, 0.0, 0.0, 1.0],
                [1.0, 0.0, -0.0, -0.0, -0.0, 0.0, -1.0, 0.37472, -0.0, 1.0, 0.0, 0.0, 0.0, 0.0, 0.0, 1.0],
                [1.0, 0.0, -0.0, 0.0, -0.0, 0.0, -1.0, 0.37472, -0.0, 1.0, 0.0, -0.0, 0.0, 0.0, 0.0, 1.0],
                [1.0, 0.0, -0.0, -0.0, -0.0, 0.0, -1.0, 0.37472, -0.0, 1.0, 0.0, 0.0, 0.0, 0.0, 0.0, 1.0],
                [1.0, 0.0, -0.0, -0.0, -0.0, 0.0, -1.0, 0.37472, -0.0, 1.0, 0.0, -0.0, 0.0, 0.0, 0.0, 1.0],
                [1.0, 0.0, -0.0, 0.0, -0.0, 0.0, -1.0, 0.37472, -0.0, 1.0, 0.0, 0.0, 0.0, 0.0, 0.0, 1.0],
                [1.0, 0.0, -0.0, -0.0, -0.0, 0.0, -1.0, 0.37472, -0.0, 1.0, 0.0, -0.0, 0.0, 0.0, 0.0, 1.0],
                [1.0, 0.0, -0.0, -0.0, -0.0, 0.0, -1.0, 0.37472, -0.0, 1.0, 0.0, 0.0, 0.0, 0.0, 0.0, 1.0],
                [1.0, 0.0, -0.0, -0.0, -0.0, 0.0, -1.0, 0.37472, -0.0, 1.0, 0.0, 0.0, 0.0, 0.0, 0.0, 1.0],
                [1.0, 0.0, -0.0, -0.0, -0.0, 0.0, -1.0, 0.37472, -0.0, 1.0, 0.0, 0.0, 0.0, 0.0, 0.0, 1.0],
                [1.0, 0.0, -0.0, -0.0, -0.0, 0.0, -1.0, 0.37472, -0.0, 1.0, 0.0, -0.0, 0.0, 0.0, 0.0, 1.0],
                [1.0, 0.0, -0.0, 0.0, -0.0, 0.0, -1.0, 0.37472, -0.0, 1.0, 0.0, -0.0, 0.0, 0.0, 0.0, 1.0],
                [1.0, 0.0, -0.0, 0.0, -0.0, 0.0, -1.0, 0.37472, -0.0, 1.0, 0.0, 0.0, 0.0, 0.0, 0.0, 1.0],
                [1.0, 0.0, -0.0, 0.0, -0.0, 0.0, -1.0, 0.37472, -0.0, 1.0, 0.0, 0.0, 0.0, 0.0, 0.0, 1.0],
                [1.0, 0.0, -0.0, -0.0, -0.0, 0.0, -1.0, 0.37472, -0.0, 1.0, 0.0, 0.0, 0.0, 0.0, 0.0, 1.0],
                [1.0, 0.0, -0.0, 0.0, -0.0, 0.0, -1.0, 0.37472, -0.0, 1.0, 0.0, -0.0, 0.0, 0.0, 0.0, 1.0],
                [1.0, 0.0, -0.0, 0.0, -0.0, 0.0, -1.0, 0.37472, -0.0, 1.0, 0.0, 0.0, 0.0, 0.0, 0.0, 1.0],
                [1.0, 0.0, -0.0, 0.0, -0.0, 0.0, -1.0, 0.37472, -0.0, 1.0, 0.0, 0.0, 0.0, 0.0, 0.0, 1.0]
            ]
        },
        {
            "name": "Thigh_L",
            "time": [0.0, 0.0167, 0.0333, 0.05, 0.0667, 0.0833, 0.1, 0.1167, 0.1333, 0.15, 0.1667, 0.1833, 0.2, 0.2167, 0.2333, 0.25, 0.2667, 0.2833, 0.3, 0.3167, 0.3333, 0.35, 0.3667, 0.3833, 0.4, 0.4167, 0.4333, 0.45, 0.4667, 0.4833, 0.5, 0.5167, 0.5333],
            "transform": [
                [0.912902, -0.317818, -0.256129, -0.123107, -0.091606, -0.771009, 0.630201, -0.002831, -0.397767, -0.551849, -0.73297, 0.021694, 0.0, 0.0, 0.0, 1.0],
                [0.911644, -0.297598, -0.283444, -0.123107, -0.099981, -0.829553, 0.549405, -0.002831, -0.398634, -0.472523, -0.786011, 0.021694, 0.0, 0.0, 0.0, 1.0],
                [0.910621, -0.273833, -0.309492, -0.123107, -0.108752, -0.881334, 0.459808, -0.002831, -0.398676, -0.385054, -0.832341, 0.021694, 0.0, 0.0, 0.0, 1.0],
                [0.909877, -0.246594, -0.333639, -0.123107, -0.117793, -0.92464, 0.362167, -0.002831, -0.397804, -0.290227, -0.870356, 0.021694, 0.0, 0.0, 0.0, 1.0],
                [0.909453, -0.216095, -0.355245, -0.123107, -0.126955, -0.957861, 0.25765, -0.002831, -0.395952, -0.18922, -0.898564, 0.021694, 0.0, 0.0, 0.0, 1.0],
                [0.909379, -0.182703, -0.373697, -0.123107, -0.136065, -0.979609, 0.147827, -0.002831, -0.393086, -0.083584, -0.915695, 0.021694, 0.0, 0.0, 0.0, 1.0],
                [0.909676, -0.146932, -0.388459, -0.123107, -0.144937, -0.988835, 0.034614, -0.002831, -0.389208, 0.024815, -0.920816, 0.021694, 0.0, 0.0, 0.0, 1.0],
                [0.910351, -0.109423, -0.399109, -0.123107, -0.153385, -0.984937, -0.079827, -0.002831, -0.384363, 0.133889, -0.913422, 0.021694, 0.0, 0.0, 0.0, 1.0],
                [0.911394, -0.070903, -0.40538, -0.123107, -0.161234, -0.967817, -0.193218, -0.002831, -0.378634, 0.241459, -0.893495, 0.021694, 0.0, 0.0, 0.0, 1.0],
                [0.912783, -0.032146, -0.407177, -0.123107, -0.168333, -0.937905, -0.303312, -0.002831, -0.372143, 0.345399, -0.861515, 0.021694, 0.0, 0.0, 0.0, 1.0],
                [0.914482, 0.006084, -0.404581, -0.123107, -0.174561, -0.89612, -0.408039, -0.002831, -0.365036, 0.443769, -0.818424, 0.021694, 0.0, 0.0, 0.0, 1.0],
                [0.916443, 0.043078, -0.397839, -0.123107, -0.179839, -0.843796, -0.505634, -0.002831, -0.357477, 0.534932, -0.765544, 0.021694, 0.0, 0.0, 0.0, 1.0],
                [0.918615, 0.078223, -0.387334, -0.123107, -0.184126, -0.782562, -0.594721, -0.002831, -0.349634, 0.617638, -0.704471, 0.021694, 0.0, 0.0, 0.0, 1.0],
                [0.920941, 0.11103, -0.37355, -0.123107, -0.187424, -0.714221, -0.674359, -0.002831, -0.341671, 0.691058, -0.636946, 0.021694, 0.0, 0.0, 0.0, 1.0],
                [0.923367, 0.141145, -0.357031, -0.123107, -0.189767, -0.64062, -0.744039, -0.002831, -0.333739, 0.754774, -0.564743, 0.021694, 0.0, 0.0, 0.0, 1.0],
                [0.925842, 0.168351, -0.338342, -0.123107, -0.191217, -0.563541, -0.803653, -0.002831, -0.325965, 0.808752, -0.489558, 0.021694, 0.0, 0.0, 0.0, 1.0],
                [0.92547, 0.164471, -0.341254, -0.123107, -0.191054, -0.575227, -0.795369, -0.002831, -0.327114, 0.801288, -0.500933, 0.021694, 0.0, 0.0, 0.0, 1.0],
                [0.924418, 0.153099, -0.349302, -0.123107, -0.19049, -0.608109, -0.77066, -0.002831, -0.330401, 0.77895, -0.532984, 0.021694, 0.0, 0.0, 0.0, 1.0],
                [0.922787, 0.134279, -0.361155, -0.123107, -0.189296, -0.658406, -0.728469, -0.002831, -0.335605, 0.740588, -0.58215, 0.021694, 0.0, 0.0, 0.0, 1.0],
                [0.920702, 0.107848, -0.375069, -0.123107, -0.187137, -0.721361, -0.666796, -0.002831, -0.342473, 0.68411, -0.643976, 0.021694, 0.0, 0.0, 0.0, 1.0],
                [0.918324, 0.073796, -0.388889, -0.123107, -0.183628, -0.790929, -0.583706, -0.002831, -0.350659, 0.607442, -0.712778, 0.021694, 0.0, 0.0, 0.0, 1.0],
                [0.915857, 0.03264, -0.400175, -0.123107, -0.178426, -0.859778, -0.478482, -0.002831, -0.359679, 0.509623, -0.78161, 0.021694, 0.0, 0.0, 0.0, 1.0],
                [0.913537, -0.014271, -0.406506, -0.123107, -0.171341, -0.919892, -0.35276, -0.002831, -0.368908, 0.39191, -0.842801, 0.021694, 0.0, 0.0, 0.0, 1.0],
                [0.911595, -0.064659, -0.405972, -0.123107, -0.162432, -0.963847, -0.211223, -0.002831, -0.377637, 0.258493, -0.889141, 0.021694, 0.0, 0.0, 0.0, 1.0],
                [0.910217, -0.11555, -0.397685, -0.123107, -0.152061, -0.986461, -0.061413, -0.002831, -0.385205, 0.116372, -0.915464, 0.021694, 0.0, 0.0, 0.0, 1.0],
                [0.909491, -0.163812, -0.382088, -0.123107, -0.140856, -0.986155, 0.087511, -0.002831, -0.391134, -0.025771, -0.919973, 0.021694, 0.0, 0.0, 0.0, 1.0],
                [0.909395, -0.206801, -0.360881, -0.123107, -0.129579, -0.96532, 0.22664, -0.002831, -0.395235, -0.159343, -0.904654, 0.021694, 0.0, 0.0, 0.0, 1.0],
                [0.909803, -0.242823, -0.336593, -0.123107, -0.118976, -0.929541, 0.348995, -0.002831, -0.397621, -0.27747, -0.87459, 0.021694, 0.0, 0.0, 0.0, 1.0],
                [0.910533, -0.271249, -0.312016, -0.123107, -0.109651, -0.886099, 0.450338, -0.002831, -0.398631, -0.375835, -0.836565, 0.021694, 0.0, 0.0, 0.0, 1.0],
                [0.911379, -0.292297, -0.289742, -0.123107, -0.102024, -0.842474, 0.528987, -0.002831, -0.398722, -0.452547, -0.797635, 0.021694, 0.0, 0.0, 0.0, 1.0],
                [0.912154, -0.306644, -0.271927, -0.123107, -0.096359, -0.805339, 0.584931, -0.002831, -0.398359, -0.507344, -0.764141, 0.021694, 0.0, 0.0, 0.0, 1.0],
                [0.912701, -0.315017, -0.260272, -0.123107, -0.09283, -0.78013, 0.618692, -0.002831, -0.397945, -0.54052, -0.741268, 0.021694, 0.0, 0.0, 0.0, 1.0],
                [0.912902, -0.317818, -0.256129, -0.123107, -0.091606, -0.771009, 0.630201, -0.002831, -0.397767, -0.551849, -0.73297, 0.021694, 0.0, 0.0, 0.0, 1.0]
            ]
        },
        {
            "name": "Leg_L",
            "time": [0.0, 0.0167, 0.0333, 0.05, 0.0667, 0.0833, 0.1, 0.1167, 0.1333, 0.15, 0.1667, 0.1833, 0.2, 0.2167, 0.2333, 0.25, 0.2667, 0.2833, 0.3, 0.3167, 0.3333, 0.35, 0.3667, 0.3833, 0.4, 0.4167, 0.4333, 0.45, 0.4667, 0.4833, 0.5, 0.5167, 0.5333],
            "transform": [
                [0.999814, 0.01779, -0.007444, 0.0, -0.015131, 0.962985, 0.269128, 0.37472, 0.011956, -0.268966, 0.963076, -0.0, 0.0, 0.0, 0.0, 1.0],
                [0.999449, 0.03026, -0.013654, 0.0, -0.026604, 0.97607, 0.215824, 0.37472, 0.019858, -0.215342, 0.976337, 0.0, 0.0, 0.0, 0.0, 1.0],
                [0.998886, 0.042456, -0.020594, -0.0, -0.038584, 0.986115, 0.161521, 0.37472, 0.027166, -0.160547, 0.986654, -0.0, 0.0, 0.0, 0.0, 1.0],
                [0.998124, 0.054311, -0.028245, 0.0, -0.05102, 0.993006, 0.106473, 0.37472, 0.03383, -0.104832, 0.993914, -0.0, 0.0, 0.0, 0.0, 1.0],
                [0.997165, 0.065759, -0.03658, -0.0, -0.063857, 0.996658, 0.050944, 0.37472, 0.039808, -0.048464, 0.998031, -0.0, 0.0, 0.0, 0.0, 1.0],
                [0.997297, 0.064819, -0.034602, -0.0, -0.062494, 0.995958, 0.064513, 0.37472, 0.038644, -0.062176, 0.997317, -0.0, 0.0, 0.0, 0.0, 1.0],
                [0.997678, 0.061654, -0.02894, 0.0, -0.058382, 0.992987, 0.102801, 0.37472, 0.035075, -0.100873, 0.994281, 0.0, 0.0, 0.0, 0.0, 1.0],
                [0.998223, 0.056017, -0.020335, -0.0, -0.051989, 0.985363, 0.162346, 0.37472, 0.029132, -0.161, 0.986524, 0.0, 0.0, 0.0, 0.0, 1.0],
                [0.99882, 0.047586, -0.009678, -0.0, -0.043893, 0.969966, 0.239246, 0.37472, 0.020772, -0.238538, 0.970911, 0.0, 0.0, 0.0, 0.0, 1.0],
                [0.999346, 0.036102, 0.00201, 0.0, -0.034754, 0.943708, 0.328949, 0.37472, 0.009979, -0.328803, 0.944346, 0.0, 0.0, 0.0, 0.0, 1.0],
                [0.999676, 0.021489, 0.013628, 0.0, -0.025248, 0.904244, 0.426269, 0.37472, -0.003163, -0.426475, 0.904494, 0.0, 0.0, 0.0, 0.0, 1.0],
                [0.999702, 0.003928, 0.024087, -0.0, -0.016008, 0.850533, 0.525678, 0.37472, -0.018422, -0.525907, 0.850342, -0.0, 0.0, 0.0, 0.0, 1.0],
                [0.999344, -0.016134, 0.032425, 0.0, -0.007533, 0.783118, 0.621827, 0.37472, -0.035425, -0.621663, 0.782483, -0.0, 0.0, 0.0, 0.0, 1.0],
                [0.998557, -0.038045, 0.037904, 0.0, -0.000132, 0.704056, 0.710145, 0.37472, -0.053704, -0.709125, 0.703035, -0.0, 0.0, 0.0, 0.0, 1.0],
                [0.99733, -0.061052, 0.040064, 0.0, 0.006114, 0.616526, 0.787311, 0.37472, -0.072768, -0.784964, 0.615253, 0.0, 0.0, 0.0, 0.0, 1.0],
                [0.995677, -0.084428, 0.038718, 0.0, 0.011345, 0.524272, 0.851475, 0.37472, -0.092187, -0.847355, 0.522963, 0.0, 0.0, 0.0, 0.0, 1.0],
                [0.99362, -0.107568, 0.033888, -0.0, 0.015894, 0.431043, 0.902191, 0.37472, -0.111655, -0.895897, 0.430003, -0.0, 0.0, 0.0, 0.0, 1.0],
                [0.991185, -0.12994, 0.025832, -0.0, 0.020088, 0.34014, 0.94016, 0.37472, -0.130951, -0.931354, 0.339752, -0.0, 0.0, 0.0, 0.0, 1.0],
                [0.988458, -0.150716, 0.015368, 0.0, 0.023762, 0.254421, 0.966801, 0.37472, -0.149622, -0.955277, 0.255066, 0.0, 0.0, 0.0, 0.0, 1.0],
                [0.985596, -0.169077, 0.003622, -0.0, 0.026734, 0.17692, 0.983862, 0.37472, -0.16699, -0.969594, 0.178891, 0.0, 0.0, 0.0, 0.0, 1.0],
                [0.982831, -0.184332, -0.008078, -0.0, 0.02896, 0.110878, 0.993412, 0.37472, -0.182222, -0.97659, 0.114313, 0.0, 0.0, 0.0, 0.0, 1.0],
                [0.980453, -0.195903, -0.018263, -0.0, 0.030501, 0.059635, 0.997754, 0.37472, -0.194374, -0.978808, 0.064445, 0.0, 0.0, 0.0, 0.0, 1.0],
                [0.978792, -0.203277, -0.02541, 0.0, 0.031448, 0.026527, 0.999153, 0.37472, -0.20243, -0.978762, 0.032358, -0.0, 0.0, 0.0, 0.0, 1.0],
                [0.978173, -0.205887, -0.028077, -0.0, 0.031801, 0.0148, 0.999385, 0.37472, -0.205345, -0.978464, 0.021025, 0.0, 0.0, 0.0, 0.0, 1.0],
                [0.978173, -0.205887, -0.028077, 0.0, 0.031801, 0.0148, 0.999385, 0.37472, -0.205345, -0.978464, 0.021025, -0.0, 0.0, 0.0, 0.0, 1.0],
                [0.978173, -0.205887, -0.028077, -0.0, 0.031801, 0.0148, 0.999384, 0.37472, -0.205345, -0.978464, 0.021025, -0.0, 0.0, 0.0, 0.0, 1.0],
                [0.978173, -0.205887, -0.028077, 0.0, 0.031801, 0.0148, 0.999385, 0.37472, -0.205345, -0.978464, 0.021025, 0.0, 0.0, 0.0, 0.0, 1.0],
                [0.978173, -0.205887, -0.028077, 0.0, 0.031801, 0.0148, 0.999385, 0.37472, -0.205345, -0.978464, 0.021025, -0.0, 0.0, 0.0, 0.0, 1.0],
                [0.978173, -0.205887, -0.028077, -0.0, 0.031801, 0.0148, 0.999384, 0.37472, -0.205345, -0.978464, 0.021025, 0.0, 0.0, 0.0, 0.0, 1.0],
                [0.984197, -0.176961, -0.006388, -0.0, 0.043688, 0.207698, 0.977217, 0.37472, -0.171603, -0.962053, 0.212147, 0.0, 0.0, 0.0, 0.0, 1.0],
                [0.995066, -0.097262, 0.019586, -0.0, 0.044544, 0.614359, 0.787768, 0.37472, -0.088652, -0.783009, 0.61566, -0.0, 0.0, 0.0, 0.0, 1.0],
                [0.999862, -0.014434, 0.00825, 0.0, 0.009252, 0.895355, 0.445257, 0.37472, -0.013814, -0.445119, 0.895365, 0.0, 0.0, 0.0, 0.0, 1.0],
                [0.999814, 0.01779, -0.007444, 0.0, -0.015131, 0.962985, 0.269128, 0.37472, 0.011956, -0.268966, 0.963076, -0.0, 0.0, 0.0, 0.0, 1.0]
            ]
        },
        {
            "name": "Knee_L",
            "time": [0.0, 0.0167, 0.0333, 0.05, 0.0667, 0.0833, 0.1, 0.1167, 0.1333, 0.15, 0.1667, 0.1833, 0.2, 0.2167, 0.2333, 0.25, 0.2667, 0.2833, 0.3, 0.3167, 0.3333, 0.35, 0.3667, 0.3833, 0.4, 0.4167, 0.4333, 0.45, 0.4667, 0.4833, 0.5, 0.5167, 0.5333],
            "transform": [
                [1.0, 0.0, -0.0, 0.0, -0.0, 0.0, -1.0, 0.37472, -0.0, 1.0, 0.0, -0.0, 0.0, 0.0, 0.0, 1.0],
                [1.0, 0.0, -0.0, 0.0, -0.0, 0.0, -1.0, 0.37472, -0.0, 1.0, 0.0, 0.0, 0.0, 0.0, 0.0, 1.0],
                [1.0, 0.0, -0.0, -0.0, -0.0, 0.0, -1.0, 0.37472, -0.0, 1.0, 0.0, -0.0, 0.0, 0.0, 0.0, 1.0],
                [1.0, 0.0, -0.0, 0.0, -0.0, 0.0, -1.0, 0.37472, -0.0, 1.0, 0.0, -0.0, 0.0, 0.0, 0.0, 1.0],
                [1.0, 0.0, -0.0, -0.0, -0.0, 0.0, -1.0, 0.37472, -0.0, 1.0, 0.0, -0.0, 0.0, 0.0, 0.0, 1.0],
                [1.0, 0.0, -0.0, -0.0, -0.0, 0.0, -1.0, 0.37472, -0.0, 1.0, 0.0, -0.0, 0.0, 0.0, 0.0, 1.0],
                [1.0, 0.0, -0.0, 0.0, -0.0, 0.0, -1.0, 0.37472, -0.0, 1.0, 0.0, 0.0, 0.0, 0.0, 0.0, 1.0],
                [1.0, 0.0, -0.0, -0.0, -0.0, 0.0, -1.0, 0.37472, -0.0, 1.0, 0.0, 0.0, 0.0, 0.0, 0.0, 1.0],
                [1.0, 0.0, -0.0, -0.0, -0.0, 0.0, -1.0, 0.37472, -0.0, 1.0, 0.0, 0.0, 0.0, 0.0, 0.0, 1.0],
                [1.0, 0.0, -0.0, 0.0, -0.0, 0.0, -1.0, 0.37472, -0.0, 1.0, 0.0, 0.0, 0.0, 0.0, 0.0, 1.0],
                [1.0, 0.0, -0.0, 0.0, -0.0, 0.0, -1.0, 0.37472, -0.0, 1.0, 0.0, 0.0, 0.0, 0.0, 0.0, 1.0],
                [1.0, 0.0, -0.0, -0.0, -0.0, 0.0, -1.0, 0.37472, -0.0, 1.0, 0.0, -0.0, 0.0, 0.0, 0.0, 1.0],
                [1.0, 0.0, -0.0, 0.0, -0.0, 0.0, -1.0, 0.37472, -0.0, 1.0, 0.0, -0.0, 0.0, 0.0, 0.0, 1.0],
                [1.0, 0.0, -0.0, 0.0, -0.0, 0.0, -1.0, 0.37472, -0.0, 1.0, 0.0, -0.0, 0.0, 0.0, 0.0, 1.0],
                [1.0, 0.0, -0.0, 0.0, -0.0, 0.0, -1.0, 0.37472, -0.0, 1.0, 0.0, 0.0, 0.0, 0.0, 0.0, 1.0],
                [1.0, 0.0, -0.0, 0.0, -0.0, 0.0, -1.0, 0.37472, -0.0, 1.0, 0.0, 0.0, 0.0, 0.0, 0.0, 1.0],
                [1.0, 0.0, -0.0, -0.0, -0.0, 0.0, -1.0, 0.37472, -0.0, 1.0, 0.0, -0.0, 0.0, 0.0, 0.0, 1.0],
                [1.0, 0.0, -0.0, -0.0, -0.0, 0.0, -1.0, 0.37472, -0.0, 1.0, 0.0, -0.0, 0.0, 0.0, 0.0, 1.0],
                [1.0, 0.0, -0.0, 0.0, -0.0, 0.0, -1.0, 0.37472, -0.0, 1.0, 0.0, 0.0, 0.0, 0.0, 0.0, 1.0],
                [1.0, 0.0, -0.0, -0.0, -0.0, 0.0, -1.0, 0.37472, -0.0, 1.0, 0.0, 0.0, 0.0, 0.0, 0.0, 1.0],
                [1.0, 0.0, -0.0, -0.0, -0.0, 0.0, -1.0, 0.37472, -0.0, 1.0, 0.0, 0.0, 0.0, 0.0, 0.0, 1.0],
                [1.0, 0.0, -0.0, -0.0, -0.0, 0.0, -1.0, 0.37472, -0.0, 1.0, 0.0, 0.0, 0.0, 0.0, 0.0, 1.0],
                [1.0, 0.0, -0.0, 0.0, -0.0, 0.0, -1.0, 0.37472, -0.0, 1.0, 0.0, -0.0, 0.0, 0.0, 0.0, 1.0],
                [1.0, 0.0, -0.0, -0.0, -0.0, 0.0, -1.0, 0.37472, -0.0, 1.0, 0.0, 0.0, 0.0, 0.0, 0.0, 1.0],
                [1.0, 0.0, -0.0, 0.0, -0.0, 0.0, -1.0, 0.37472, -0.0, 1.0, 0.0, -0.0, 0.0, 0.0, 0.0, 1.0],
                [1.0, 0.0, -0.0, -0.0, -0.0, 0.0, -1.0, 0.37472, -0.0, 1.0, 0.0, -0.0, 0.0, 0.0, 0.0, 1.0],
                [1.0, 0.0, -0.0, 0.0, -0.0, 0.0, -1.0, 0.37472, -0.0, 1.0, 0.0, 0.0, 0.0, 0.0, 0.0, 1.0],
                [1.0, 0.0, -0.0, 0.0, -0.0, 0.0, -1.0, 0.37472, -0.0, 1.0, 0.0, -0.0, 0.0, 0.0, 0.0, 1.0],
                [1.0, 0.0, -0.0, -0.0, -0.0, 0.0, -1.0, 0.37472, -0.0, 1.0, 0.0, 0.0, 0.0, 0.0, 0.0, 1.0],
                [1.0, 0.0, -0.0, -0.0, -0.0, 0.0, -1.0, 0.37472, -0.0, 1.0, 0.0, 0.0, 0.0, 0.0, 0.0, 1.0],
                [1.0, 0.0, -0.0, -0.0, -0.0, 0.0, -1.0, 0.37472, -0.0, 1.0, 0.0, -0.0, 0.0, 0.0, 0.0, 1.0],
                [1.0, 0.0, -0.0, 0.0, -0.0, 0.0, -1.0, 0.37472, -0.0, 1.0, 0.0, 0.0, 0.0, 0.0, 0.0, 1.0],
                [1.0, 0.0, -0.0, 0.0, -0.0, 0.0, -1.0, 0.37472, -0.0, 1.0, 0.0, -0.0, 0.0, 0.0, 0.0, 1.0]
            ]
        },
        {
            "name": "Torso",
            "time": [0.0, 0.0167, 0.0333, 0.05, 0.0667, 0.0833, 0.1, 0.1167, 0.1333, 0.15, 0.1667, 0.1833, 0.2, 0.2167, 0.2333, 0.25, 0.2667, 0.2833, 0.3, 0.3167, 0.3333, 0.35, 0.3667, 0.3833, 0.4, 0.4167, 0.4333, 0.45, 0.4667, 0.4833, 0.5, 0.5167, 0.5333],
            "transform": [
                [0.830806, -0.026956, 0.55591, -0.0, -0.176553, 0.934475, 0.30917, 0.05, -0.527817, -0.355008, 0.771608, -0.0, 0.0, 0.0, 0.0, 1.0],
                [0.845001, -0.031622, 0.533829, -0.0, -0.16663, 0.932983, 0.319026, 0.05, -0.508141, -0.358529, 0.783103, -0.0, 0.0, 0.0, 0.0, 1.0],
                [0.858637, -0.036195, 0.511304, -0.0, -0.156432, 0.931413, 0.328632, 0.05, -0.48813, -0.36216, 0.794084, -0.0, 0.0, 0.0, 0.0, 1.0],
                [0.871695, -0.040671, 0.488357, -0.0, -0.145967, 0.929766, 0.337977, 0.05, -0.467804, -0.365897, 0.804536, -0.0, 0.0, 0.0, 0.0, 1.0],
                [0.884158, -0.045045, 0.465012, -0.0, -0.135246, 0.928044, 0.347049, 0.05, -0.447184, -0.369737, 0.814445, -0.0, 0.0, 0.0, 0.0, 1.0],
                [0.896008, -0.049309, 0.441291, -0.0, -0.124279, 0.926248, 0.355836, 0.05, -0.426291, -0.373675, 0.823798, -0.0, 0.0, 0.0, 0.0, 1.0],
                [0.907232, -0.053461, 0.41722, -0.0, -0.113077, 0.92438, 0.364329, 0.05, -0.405147, -0.377709, 0.832581, -0.0, 0.0, 0.0, 0.0, 1.0],
                [0.917815, -0.057494, 0.392824, -0.0, -0.101653, 0.922441, 0.372517, 0.05, -0.383775, -0.381833, 0.840785, -0.0, 0.0, 0.0, 0.0, 1.0],
                [0.927744, -0.061405, 0.36813, -0.0, -0.090019, 0.920434, 0.380391, 0.05, -0.362198, -0.386044, 0.8484, -0.0, 0.0, 0.0, 0.0, 1.0],
                [0.93701, -0.065189, 0.343166, -0.0, -0.078187, 0.918362, 0.387942, 0.05, -0.340439, -0.390336, 0.855417, -0.0, 0.0, 0.0, 0.0, 1.0],
                [0.945602, -0.068841, 0.317957, -0.0, -0.06617, 0.916225, 0.395162, 0.05, -0.318524, -0.394706, 0.861829, -0.0, 0.0, 0.0, 0.0, 1.0],
                [0.953513, -0.072359, 0.292534, -0.0, -0.053983, 0.914027, 0.402044, 0.05, -0.296476, -0.399147, 0.867631, -0.0, 0.0, 0.0, 0.0, 1.0],
                [0.960737, -0.075739, 0.266925, -0.0, -0.041639, 0.911771, 0.408582, 0.05, -0.27432, -0.403654, 0.872818, -0.0, 0.0, 0.0, 0.0, 1.0],
                [0.967267, -0.078977, 0.241157, -0.0, -0.029152, 0.909459, 0.41477, 0.05, -0.25208, -0.408224, 0.877388, -0.0, 0.0, 0.0, 0.0, 1.0],
                [0.973102, -0.082072, 0.215261, -0.0, -0.016537, 0.907094, 0.420603, 0.05, -0.229782, -0.412849, 0.881337, -0.0, 0.0, 0.0, 0.0, 1.0],
                [0.978238, -0.08502, 0.189265, -0.0, -0.003809, 0.904679, 0.426077, 0.05, -0.207449, -0.417526, 0.884668, -0.0, 0.0, 0.0, 0.0, 1.0],
                [0.973742, -0.082426, 0.212207, -0.0, -0.015046, 0.906812, 0.421266, 0.05, -0.227156, -0.413397, 0.881761, -0.0, 0.0, 0.0, 0.0, 1.0],
                [0.968703, -0.079719, 0.235075, -0.0, -0.026195, 0.908907, 0.416175, 0.05, -0.246838, -0.409307, 0.878373, -0.0, 0.0, 0.0, 0.0, 1.0],
                [0.963121, -0.076898, 0.257847, -0.0, -0.037247, 0.910961, 0.410806, 0.05, -0.266479, -0.40526, 0.874502, -0.0, 0.0, 0.0, 0.0, 1.0],
                [0.956999, -0.073967, 0.280504, -0.0, -0.048193, 0.912973, 0.405164, 0.05, -0.286061, -0.40126, 0.870149, -0.0, 0.0, 0.0, 0.0, 1.0],
                [0.950339, -0.070927, 0.303027, -0.0, -0.059021, 0.91494, 0.399252, 0.05, -0.305569, -0.39731, 0.865317, -0.0, 0.0, 0.0, 0.0, 1.0],
                [0.943146, -0.067781, 0.325395, -0.0, -0.069723, 0.91686, 0.393073, 0.05, -0.324985, -0.393413, 0.860007, -0.0, 0.0, 0.0, 0.0, 1.0],
                [0.935424, -0.06453, 0.34759, -0.0, -0.080288, 0.918732, 0.386633, 0.05, -0.344291, -0.389573, 0.854223, -0.0, 0.0, 0.0, 0.0, 1.0],
                [0.927178, -0.061178, 0.369591, -0.0, -0.090709, 0.920554, 0.379937, 0.05, -0.363472, -0.385794, 0.847969, -0.0, 0.0, 0.0, 0.0, 1.0],
                [0.918417, -0.057728, 0.39138, -0.0, -0.100974, 0.922325, 0.372989, 0.05, -0.382511, -0.382079, 0.84125, -0.0, 0.0, 0.0, 0.0, 1.0],
                [0.909146, -0.054181, 0.412938, -0.0, -0.111077, 0.924043, 0.365796, 0.05, -0.401391, -0.37843, 0.834072, -0.0, 0.0, 0.0, 0.0, 1.0],
                [0.899375, -0.050542, 0.434246, -0.0, -0.121008, 0.925706, 0.358365, 0.05, -0.420097, -0.374852, 0.826441, -0.0, 0.0, 0.0, 0.0, 1.0],
                [0.889112, -0.046814, 0.455288, -0.0, -0.130759, 0.927313, 0.350702, 0.05, -0.438613, -0.371347, 0.818365, -0.0, 0.0, 0.0, 0.0, 1.0],
                [0.878368, -0.043, 0.476046, -0.0, -0.140322, 0.928864, 0.342814, 0.05, -0.456923, -0.367917, 0.809851, -0.0, 0.0, 0.0, 0.0, 1.0],
                [0.867154, -0.039103, 0.496503, -0.0, -0.14969, 0.930356, 0.334709, 0.05, -0.475013, -0.364566, 0.800909, -0.0, 0.0, 0.0, 0.0, 1.0],
                [0.85548, -0.035128, 0.516643, -0.0, -0.158856, 0.931789, 0.326395, 0.05, -0.492868, -0.361296, 0.791547, -0.0, 0.0, 0.0, 0.0, 1.0],
                [0.84336, -0.031077, 0.53645, -0.0, -0.167812, 0.933162, 0.317879, 0.05, -0.510474, -0.358109, 0.781777, -0.0, 0.0, 0.0, 0.0, 1.0],
                [0.830806, -0.026956, 0.55591, -0.0, -0.176553, 0.934475, 0.30917, 0.05, -0.527817, -0.355008, 0.771608, -0.0, 0.0, 0.0, 0.0, 1.0]
            ]
        },
