{
    "animation": [
        {
            "name": "Root",
            "time": [0.0, 0.0167, 0.0333, 0.05, 0.0667, 0.0833, 0.1, 0.1167, 0.1333, 0.15, 0.1667, 0.1833, 0.2, 0.2167, 0.2333, 0.25, 0.2667, 0.2833, 0.3, 0.3167, 0.3333, 0.35, 0.3667, 0.3833, 0.4, 0.4167, 0.4333, 0.45, 0.4667, 0.4833, 0.5, 0.5167, 0.5333, 0.55, 0.5667, 0.5833, 0.6, 0.6167, 0.6333, 0.65, 0.6667],
            "transform": [
                [0.965926, 0.0, -0.258819, -5e-06, -0.258819, 0.0, -0.965926, 0.000946, 0.0, 1.0, 0.0, 0.763972, 0.0, 0.0, 0.0, 1.0],
                [0.965926, 0.0, -0.258819, -5e-06, -0.258819, 0.0, -0.965926, 0.000946, 0.0, 1.0, 0.0, 0.765206, 0.0, 0.0, 0.0, 1.0],
                [0.965926, 0.0, -0.258819, -5e-06, -0.258819, 0.0, -0.965926, 0.000946, 0.0, 1.0, 0.0, 0.768515, 0.0, 0.0, 0.0, 1.0],
                [0.965926, 0.0, -0.258819, -5e-06, -0.258819, 0.0, -0.965926, 0.000946, 0.0, 1.0, 0.0, 0.773304, 0.0, 0.0, 0.0, 1.0],
                [0.965926, 0.0, -0.258819, -5e-06, -0.258819, 0.0, -0.965926, 0.000946, 0.0, 1.0, 0.0, 0.778983, 0.0, 0.0, 0.0, 1.0],
                [0.965926, 0.0, -0.258819, -5e-06, -0.258819, 0.0, -0.965926, 0.000946, 0.0, 1.0, 0.0, 0.784958, 0.0, 0.0, 0.0, 1.0],
                [0.965926, 0.0, -0.258819, -5e-06, -0.258819, 0.0, -0.965926, 0.000946, 0.0, 1.0, 0.0, 0.790637, 0.0, 0.0, 0.0, 1.0],
                [0.965926, 0.0, -0.258819, -5e-06, -0.258819, 0.0, -0.965926, 0.000946, 0.0, 1.0, 0.0, 0.795427, 0.0, 0.0, 0.0, 1.0],
                [0.965926, 0.0, -0.258819, -5e-06, -0.258819, 0.0, -0.965926, 0.000946, 0.0, 1.0, 0.0, 0.798735, 0.0, 0.0, 0.0, 1.0],
                [0.965926, 0.0, -0.258819, -5e-06, -0.258819, 0.0, -0.965926, 0.000946, 0.0, 1.0, 0.0, 0.79997, 0.0, 0.0, 0.0, 1.0],
                [0.965926, 0.0, -0.258819, -5e-06, -0.258819, 0.0, -0.965926, 0.000946, 0.0, 1.0, 0.0, 0.799262, 0.0, 0.0, 0.0, 1.0],
                [0.965926, 0.0, -0.258819, -5e-06, -0.258819, 0.0, -0.965926, 0.000946, 0.0, 1.0, 0.0, 0.797303, 0.0, 0.0, 0.0, 1.0],
                [0.965926, 0.0, -0.258819, -5e-06, -0.258819, 0.0, -0.965926, 0.000946, 0.0, 1.0, 0.0, 0.794345, 0.0, 0.0, 0.0, 1.0],
                [0.965926, 0.0, -0.258819, -5e-06, -0.258819, 0.0, -0.965926, 0.000946, 0.0, 1.0, 0.0, 0.790637, 0.0, 0.0, 0.0, 1.0],
                [0.965926, 0.0, -0.258819, -5e-06, -0.258819, 0.0, -0.965926, 0.000946, 0.0, 1.0, 0.0, 0.786429, 0.0, 0.0, 0.0, 1.0],
                [0.965926, 0.0, -0.258819, -5e-06, -0.258819, 0.0, -0.965926, 0.000946, 0.0, 1.0, 0.0, 0.781971, 0.0, 0.0, 0.0, 1.0],
                [0.965926, 0.0, -0.258819, -5e-06, -0.258819, 0.0, -0.965926, 0.000946, 0.0, 1.0, 0.0, 0.777513, 0.0, 0.0, 0.0, 1.0],
                [0.965926, 0.0, -0.258819, -5e-06, -0.258819, 0.0, -0.965926, 0.000946, 0.0, 1.0, 0.0, 0.773304, 0.0, 0.0, 0.0, 1.0],
                [0.965926, 0.0, -0.258819, -5e-06, -0.258819, 0.0, -0.965926, 0.000946, 0.0, 1.0, 0.0, 0.769596, 0.0, 0.0, 0.0, 1.0],
                [0.965926, 0.0, -0.258819, -5e-06, -0.258819, 0.0, -0.965926, 0.000946, 0.0, 1.0, 0.0, 0.766638, 0.0, 0.0, 0.0, 1.0],
                [0.965926, 0.0, -0.258819, -5e-06, -0.258819, 0.0, -0.965926, 0.000946, 0.0, 1.0, 0.0, 0.76468, 0.0, 0.0, 0.0, 1.0],
                [0.965926, 0.0, -0.258819, -5e-06, -0.258819, 0.0, -0.965926, 0.000946, 0.0, 1.0, 0.0, 0.763972, 0.0, 0.0, 0.0, 1.0],
                [0.965926, 0.0, -0.258819, -5e-06, -0.258819, 0.0, -0.965926, 0.000946, 0.0, 1.0, 0.0, 0.763972, 0.0, 0.0, 0.0, 1.0],
                [0.965926, 0.0, -0.258819, -5e-06, -0.258819, 0.0, -0.965926, 0.000946, 0.0, 1.0, 0.0, 0.763972, 0.0, 0.0, 0.0, 1.0],
                [0.965926, 0.0, -0.258819, -5e-06, -0.258819, 0.0, -0.965926, 0.000946, 0.0, 1.0, 0.0, 0.763972, 0.0, 0.0, 0.0, 1.0],
                [0.965926, 0.0, -0.258819, -5e-06, -0.258819, 0.0, -0.965926, 0.000946, 0.0, 1.0, 0.0, 0.763972, 0.0, 0.0, 0.0, 1.0],
                [0.965926, 0.0, -0.258819, -5e-06, -0.258819, 0.0, -0.965926, 0.000946, 0.0, 1.0, 0.0, 0.767715, 0.0, 0.0, 0.0, 1.0],
                [0.965926, 0.0, -0.258819, -5e-06, -0.258819, 0.0, -0.965926, 0.000946, 0.0, 1.0, 0.0, 0.776643, 0.0, 0.0, 0.0, 1.0],
                [0.965926, 0.0, -0.258819, -5e-06, -0.258819, 0.0, -0.965926, 0.000946, 0.0, 1.0, 0.0, 0.787298, 0.0, 0.0, 0.0, 1.0],
                [0.965926, 0.0, -0.258819, -5e-06, -0.258819, 0.0, -0.965926, 0.000946, 0.0, 1.0, 0.0, 0.796226, 0.0, 0.0, 0.0, 1.0],
                [0.965926, 0.0, -0.258819, -5e-06, -0.258819, 0.0, -0.965926, 0.000946, 0.0, 1.0, 0.0, 0.79997, 0.0, 0.0, 0.0, 1.0],
                [0.965926, 0.0, -0.258819, -5e-06, -0.258819, 0.0, -0.965926, 0.000946, 0.0, 1.0, 0.0, 0.798962, 0.0, 0.0, 0.0, 1.0],
                [0.965926, 0.0, -0.258819, -5e-06, -0.258819, 0.0, -0.965926, 0.000946, 0.0, 1.0, 0.0, 0.796226, 0.0, 0.0, 0.0, 1.0],
                [0.965926, 0.0, -0.258819, -5e-06, -0.258819, 0.0, -0.965926, 0.000946, 0.0, 1.0, 0.0, 0.792194, 0.0, 0.0, 0.0, 1.0],
                [0.965926, 0.0, -0.258819, -5e-06, -0.258819, 0.0, -0.965926, 0.000946, 0.0, 1.0, 0.0, 0.787298, 0.0, 0.0, 0.0, 1.0],
                [0.965926, 0.0, -0.258819, -5e-06, -0.258819, 0.0, -0.965926, 0.000946, 0.0, 1.0, 0.0, 0.781971, 0.0, 0.0, 0.0, 1.0],
                [0.965926, 0.0, -0.258819, -5e-06, -0.258819, 0.0, -0.965926, 0.000946, 0.0, 1.0, 0.0, 0.776643, 0.0, 0.0, 0.0, 1.0],
                [0.965926, 0.0, -0.258819, -5e-06, -0.258819, 0.0, -0.965926, 0.000946, 0.0, 1.0, 0.0, 0.771747, 0.0, 0.0, 0.0, 1.0],
                [0.965926, 0.0, -0.258819, -5e-06, -0.258819, 0.0, -0.965926, 0.000946, 0.0, 1.0, 0.0, 0.767715, 0.0, 0.0, 0.0, 1.0],
                [0.965926, 0.0, -0.258819, -5e-06, -0.258819, 0.0, -0.965926, 0.000946, 0.0, 1.0, 0.0, 0.76498, 0.0, 0.0, 0.0, 1.0],
                [0.965926, 0.0, -0.258819, -5e-06, -0.258819, 0.0, -0.965926, 0.000946, 0.0, 1.0, 0.0, 0.763972, 0.0, 0.0, 0.0, 1.0]
            ]
        },
        {
            "name": "Thigh_R",
            "time": [0.0, 0.0167, 0.0333, 0.05, 0.0667, 0.0833, 0.1, 0.1167, 0.1333, 0.15, 0.1667, 0.1833, 0.2, 0.2167, 0.2333, 0.25, 0.2667, 0.2833, 0.3, 0.3167, 0.3333, 0.35, 0.3667, 0.3833, 0.4, 0.4167, 0.4333, 0.45, 0.4667, 0.4833, 0.5, 0.5167, 0.5333, 0.55, 0.5667, 0.5833, 0.6, 0.6167, 0.6333, 0.65, 0.6667],
            "transform": [
                [0.989362, 0.076729, -0.123596, 0.123095, 0.017826, -0.907135, -0.420461, -0.002831, -0.14438, 0.413785, -0.898853, -0.021718, 0.0, 0.0, 0.0, 1.0],
                [0.989362, 0.070129, -0.127457, 0.123095, 0.017826, -0.927973, -0.37222, -0.002831, -0.14438, 0.365989, -0.919351, -0.021718, 0.0, 0.0, 0.0, 1.0],
                [0.989362, 0.063231, -0.131016, 0.123095, 0.017826, -0.946507, -0.322191, -0.002831, -0.14438, 0.316428, -0.937565, -0.021718, 0.0, 0.0, 0.0, 1.0],
                [0.989362, 0.056052, -0.134244, 0.123095, 0.017826, -0.962547, -0.270527, -0.002831, -0.14438, 0.265256, -0.953307, -0.021718, 0.0, 0.0, 0.0, 1.0],
                [0.989362, 0.048616, -0.137112, 0.123095, 0.017826, -0.975918, -0.217407, -0.002831, -0.14438, 0.21265, -0.966403, -0.021718, 0.0, 0.0, 0.0, 1.0],
                [0.989362, 0.040949, -0.139594, 0.123095, 0.017826, -0.986459, -0.163035, -0.002831, -0.14438, 0.158812, -0.976695, -0.021718, 0.0, 0.0, 0.0, 1.0],
                [0.989362, 0.033081, -0.141665, 0.123095, 0.017826, -0.994031, -0.107633, -0.002831, -0.14438, 0.103962, -0.984046, -0.021718, 0.0, 0.0, 0.0, 1.0],
                [0.989362, 0.025045, -0.143304, 0.123095, 0.017826, -0.998517, -0.051442, -0.002831, -0.14438, 0.048341, -0.988341, -0.021718, 0.0, 0.0, 0.0, 1.0],
                [0.989362, 0.016876, -0.144494, 0.123095, 0.017826, -0.999827, 0.005278, -0.002831, -0.14438, -0.007798, -0.989492, -0.021718, 0.0, 0.0, 0.0, 1.0],
                [0.989362, 0.008613, -0.145221, 0.123095, 0.017826, -0.997901, 0.062259, -0.002831, -0.14438, -0.064185, -0.987438, -0.021718, 0.0, 0.0, 0.0, 1.0],
                [0.989362, 0.000294, -0.145476, 0.123095, 0.017826, -0.992707, 0.119223, -0.002831, -0.14438, -0.120548, -0.982152, -0.021718, 0.0, 0.0, 0.0, 1.0],
                [0.989362, -0.008039, -0.145254, 0.123095, 0.017826, -0.984248, 0.17589, -0.002831, -0.14438, -0.176608, -0.973634, -0.021718, 0.0, 0.0, 0.0, 1.0],
                [0.989362, -0.016346, -0.144555, 0.123095, 0.017826, -0.972557, 0.231979, -0.002831, -0.14438, -0.232088, -0.96192, -0.021718, 0.0, 0.0, 0.0, 1.0],
                [0.989362, -0.024586, -0.143384, 0.123095, 0.017826, -0.9577, 0.287216, -0.002831, -0.14438, -0.286716, -0.947073, -0.021718, 0.0, 0.0, 0.0, 1.0],
                [0.989362, -0.032719, -0.141749, 0.123095, 0.017826, -0.939772, 0.341337, -0.002831, -0.14438, -0.340233, -0.929191, -0.021718, 0.0, 0.0, 0.0, 1.0],
                [0.989362, -0.040706, -0.139665, 0.123095, 0.017826, -0.918897, 0.394093, -0.002831, -0.14438, -0.392391, -0.908396, -0.021718, 0.0, 0.0, 0.0, 1.0],
                [0.989362, -0.048513, -0.137149, 0.123095, 0.017826, -0.895228, 0.445252, -0.002831, -0.14438, -0.44296, -0.884839, -0.021718, 0.0, 0.0, 0.0, 1.0],
                [0.989362, -0.056104, -0.134222, 0.123095, 0.017826, -0.868936, 0.494603, -0.002831, -0.14438, -0.491734, -0.858692, -0.021718, 0.0, 0.0, 0.0, 1.0],
                [0.989362, -0.06345, -0.13091, 0.123095, 0.017826, -0.840216, 0.541959, -0.002831, -0.14438, -0.538527, -0.830146, -0.021718, 0.0, 0.0, 0.0, 1.0],
                [0.989362, -0.070524, -0.127239, 0.123095, 0.017826, -0.809275, 0.587159, -0.002831, -0.14438, -0.583181, -0.799409, -0.021718, 0.0, 0.0, 0.0, 1.0],
                [0.989362, -0.077303, -0.123238, 0.123095, 0.017826, -0.776333, 0.63007, -0.002831, -0.14438, -0.625564, -0.766697, -0.021718, 0.0, 0.0, 0.0, 1.0],
                [0.989362, -0.083766, -0.118939, 0.123095, 0.017826, -0.741619, 0.670584, -0.002831, -0.14438, -0.665571, -0.732236, -0.021718, 0.0, 0.0, 0.0, 1.0],
                [0.989362, -0.0899, -0.114374, 0.123095, 0.017826, -0.705363, 0.708622, -0.002831, -0.14438, -0.703123, -0.696256, -0.021718, 0.0, 0.0, 0.0, 1.0],
                [0.989362, -0.088723, -0.115289, 0.123095, 0.017826, -0.712585, 0.701359, -0.002831, -0.14438, -0.695953, -0.703423, -0.021718, 0.0, 0.0, 0.0, 1.0],
                [0.989362, -0.085303, -0.117842, 0.123095, 0.017826, -0.73285, 0.680156, -0.002831, -0.14438, -0.675021, -0.723534, -0.021718, 0.0, 0.0, 0.0, 1.0],
                [0.989362, -0.079734, -0.121679, 0.123095, 0.017826, -0.763671, 0.64536, -0.002831, -0.14438, -0.640663, -0.754125, -0.021718, 0.0, 0.0, 0.0, 1.0],
                [0.989362, -0.072066, -0.126372, 0.123095, 0.017826, -0.802075, 0.596957, -0.002831, -0.14438, -0.592859, -0.792258, -0.021718, 0.0, 0.0, 0.0, 1.0],
                [0.989362, -0.062368, -0.131429, 0.123095, 0.017826, -0.844656, 0.535012, -0.002831, -0.14438, -0.531663, -0.834559, -0.021718, 0.0, 0.0, 0.0, 1.0],
                [0.989362, -0.050786, -0.136324, 0.123095, 0.017826, -0.887703, 0.460072, -0.002831, -0.14438, -0.457607, -0.877354, -0.021718, 0.0, 0.0, 0.0, 1.0],
                [0.989362, -0.037581, -0.140538, 0.123095, 0.017826, -0.927458, 0.373502, -0.002831, -0.14438, -0.372034, -0.916922, -0.021718, 0.0, 0.0, 0.0, 1.0],
                [0.989362, -0.023157, -0.143621, 0.123095, 0.017826, -0.960512, 0.277666, -0.002831, -0.14438, -0.277272, -0.949881, -0.021718, 0.0, 0.0, 0.0, 1.0],
                [0.989362, -0.008039, -0.145254, 0.123095, 0.017826, -0.984248, 0.17589, -0.002831, -0.14438, -0.176608, -0.973634, -0.021718, 0.0, 0.0, 0.0, 1.0],
                [0.989362, 0.007166, -0.1453, 0.123095, 0.017826, -0.997231, 0.072192, -0.002831, -0.14438, -0.074014, -0.98675, -0.021718, 0.0, 0.0, 0.0, 1.0],
                [0.989362, 0.021843, -0.143827, 0.123095, 0.017826, -0.999416, -0.029161, -0.002831, -0.14438, 0.026287, -0.989173, -0.021718, 0.0, 0.0, 0.0, 1.0],
                [0.989362, 0.035432, -0.141095, 0.123095, 0.017826, -0.992104, -0.124142, -0.002831, -0.14438, 0.120306, -0.982182, -0.021718, 0.0, 0.0, 0.0, 1.0],
                [0.989362, 0.047484, -0.137509, 0.123095, 0.017826, -0.977678, -0.209352, -0.002831, -0.14438, 0.204673, -0.968124, -0.021718, 0.0, 0.0, 0.0, 1.0],
                [0.989362, 0.05768, -0.133553, 0.123095, 0.017826, -0.959186, -0.282211, -0.002831, -0.14438, 0.276828, -0.950011, -0.021718, 0.0, 0.0, 0.0, 1.0],
                [0.989362, 0.065819, -0.129735, 0.123095, 0.017826, -0.939923, -0.340919, -0.002831, -0.14438, 0.33498, -0.931098, -0.021718, 0.0, 0.0, 0.0, 1.0],
                [0.989362, 0.071778, -0.126536, 0.123095, 0.017826, -0.923062, -0.384237, -0.002831, -0.14438, 0.377894, -0.914522, -0.021718, 0.0, 0.0, 0.0, 1.0],
                [0.989362, 0.075459, -0.124376, 0.123095, 0.017826, -0.911395, -0.411146, -0.002831, -0.14438, 0.404555, -0.903045, -0.021718, 0.0, 0.0, 0.0, 1.0],
                [0.989362, 0.076729, -0.123596, 0.123095, 0.017826, -0.907135, -0.420461, -0.002831, -0.14438, 0.413785, -0.898853, -0.021718, 0.0, 0.0, 0.0, 1.0]
            ]
        },
        {
            "name": "Leg_R",
            "time": [0.0, 0.0167, 0.0333, 0.05, 0.0667, 0.0833, 0.1, 0.1167, 0.1333, 0.15, 0.1667, 0.1833, 0.2, 0.2167, 0.2333, 0.25, 0.2667, 0.2833, 0.3, 0.3167, 0.3333, 0.35, 0.3667, 0.3833, 0.4, 0.4167, 0.4333, 0.45, 0.4667, 0.4833, 0.5, 0.5167, 0.5333, 0.55, 0.5667, 0.5833, 0.6, 0.6167, 0.6333, 0.65, 0.6667],
            "transform": [
                [0.999789, 0.01547, 0.013544, -0.0, -0.020165, 0.866475, 0.498813, 0.37472, -0.004019, -0.498981, 0.866603, 0.0, 0.0, 0.0, 0.0, 1.0],
                [0.999789, 0.013938, 0.015116, -0.0, -0.020165, 0.808363, 0.588339, 0.37472, -0.004019, -0.58852, 0.808473, -0.0, 0.0, 0.0, 0.0, 1.0],
                [0.999789, 0.012215, 0.01654, -0.0, -0.020165, 0.739743, 0.672588, 0.37472, -0.004019, -0.672779, 0.739832, -0.0, 0.0, 0.0, 0.0, 1.0],
                [0.999789, 0.010325, 0.017781, -0.0, -0.020165, 0.661392, 0.74977, 0.37472, -0.004019, -0.74997, 0.66146, -0.0, 0.0, 0.0, 0.0, 1.0],
                [0.999789, 0.008296, 0.018813, -0.0, -0.020165, 0.574485, 0.818267, 0.37472, -0.004019, -0.818473, 0.574531, -0.0, 0.0, 0.0, 0.0, 1.0],
                [0.999789, 0.006167, 0.019615, 0.0, -0.020165, 0.480542, 0.87674, 0.37472, -0.004019, -0.87695, 0.480565, -0.0, 0.0, 0.0, 0.0, 1.0],
                [0.999789, 0.003975, 0.020174, -0.0, -0.020165, 0.381336, 0.924217, 0.37472, -0.004019, -0.924428, 0.381335, -0.0, 0.0, 0.0, 0.0, 1.0],
                [0.999788, 0.001762, 0.020486, -0.0, -0.020165, 0.278788, 0.960141, 0.37472, -0.004019, -0.960351, 0.278764, -0.0, 0.0, 0.0, 0.0, 1.0],
                [0.999789, -0.000432, 0.020557, 0.0, -0.020165, 0.174846, 0.984389, 0.37472, -0.004019, -0.984596, 0.1748, 0.0, 0.0, 0.0, 0.0, 1.0],
                [0.999789, -0.000432, 0.020557, 0.0, -0.020165, 0.174846, 0.984389, 0.37472, -0.004019, -0.984596, 0.1748, -0.0, 0.0, 0.0, 0.0, 1.0],
                [0.999789, -0.000432, 0.020557, 0.0, -0.020165, 0.174846, 0.984389, 0.37472, -0.004019, -0.984596, 0.1748, 0.0, 0.0, 0.0, 0.0, 1.0],
                [0.999789, -0.000432, 0.020557, -0.0, -0.020165, 0.174846, 0.984389, 0.37472, -0.004019, -0.984596, 0.1748, 0.0, 0.0, 0.0, 0.0, 1.0],
                [0.999789, -0.000432, 0.020557, -0.0, -0.020165, 0.174846, 0.984389, 0.37472, -0.004019, -0.984596, 0.1748, -0.0, 0.0, 0.0, 0.0, 1.0],
                [0.999789, -0.000432, 0.020557, -0.0, -0.020165, 0.174846, 0.984389, 0.37472, -0.004019, -0.984596, 0.1748, -0.0, 0.0, 0.0, 0.0, 1.0],
                [0.999789, -0.000432, 0.020557, 0.0, -0.020165, 0.174846, 0.984389, 0.37472, -0.004019, -0.984596, 0.1748, 0.0, 0.0, 0.0, 0.0, 1.0],
                [0.999789, -0.000201, 0.02056, 0.0, -0.020165, 0.185881, 0.982365, 0.37472, -0.004019, -0.982572, 0.185838, 0.0, 0.0, 0.0, 0.0, 1.0],
                [0.999789, 0.000466, 0.020556, -0.0, -0.020165, 0.217638, 0.975821, 0.37472, -0.004019, -0.976029, 0.217601, -0.0, 0.0, 0.0, 0.0, 1.0],
                [0.999789, 0.00153, 0.020504, -0.0, -0.020165, 0.267887, 0.963239, 0.37472, -0.004019, -0.963449, 0.267861, 0.0, 0.0, 0.0, 0.0, 1.0],
                [0.999789, 0.00295, 0.020349, -0.0, -0.020165, 0.334123, 0.942314, 0.37472, -0.004019, -0.942525, 0.334112, -0.0, 0.0, 0.0, 0.0, 1.0],
                [0.999789, 0.00468, 0.020022, -0.0, -0.020165, 0.413507, 0.910278, 0.37472, -0.004019, -0.910489, 0.413514, 0.0, 0.0, 0.0, 0.0, 1.0],
                [0.999789, 0.006666, 0.019451, -0.0, -0.020165, 0.502773, 0.864183, 0.37472, -0.004019, -0.864393, 0.502801, 0.0, 0.0, 0.0, 0.0, 1.0],
                [0.999789, 0.008842, 0.018563, 0.0, -0.020165, 0.598138, 0.801139, 0.37472, -0.004019, -0.801344, 0.59819, -0.0, 0.0, 0.0, 0.0, 1.0],
                [0.999789, 0.011133, 0.017287, -0.0, -0.020165, 0.695221, 0.718513, 0.37472, -0.004019, -0.71871, 0.695299, 0.0, 0.0, 0.0, 0.0, 1.0],
                [0.999789, 0.013443, 0.015558, 0.0, -0.020165, 0.788954, 0.614121, 0.37472, -0.004019, -0.614305, 0.789059, 0.0, 0.0, 0.0, 0.0, 1.0],
                [0.999789, 0.015571, 0.013429, -0.0, -0.020165, 0.870169, 0.492341, 0.37472, -0.004019, -0.492507, 0.870299, 0.0, 0.0, 0.0, 0.0, 1.0],
                [0.999789, 0.017048, 0.011495, 0.0, -0.020165, 0.922235, 0.386104, 0.37472, -0.004019, -0.386254, 0.922384, 0.0, 0.0, 0.0, 0.0, 1.0],
                [0.999788, 0.017587, 0.010652, 0.0, -0.020165, 0.939929, 0.340773, 0.37472, -0.004019, -0.340916, 0.940085, -0.0, 0.0, 0.0, 0.0, 1.0],
                [0.999788, 0.017391, 0.010969, -0.0, -0.020165, 0.933595, 0.357762, 0.37472, -0.004019, -0.357908, 0.933748, 0.0, 0.0, 0.0, 0.0, 1.0],
                [0.999789, 0.0169, 0.011712, -0.0, -0.020165, 0.91724, 0.397826, 0.37472, -0.004019, -0.397978, 0.917386, 0.0, 0.0, 0.0, 0.0, 1.0],
                [0.999789, 0.016272, 0.012569, 0.0, -0.020165, 0.895459, 0.444687, 0.37472, -0.004019, -0.444846, 0.895598, 0.0, 0.0, 0.0, 0.0, 1.0],
                [0.999789, 0.015713, 0.013262, -0.0, -0.020165, 0.875378, 0.483019, 0.37472, -0.004019, -0.483184, 0.87551, -0.0, 0.0, 0.0, 0.0, 1.0],
                [0.999789, 0.01547, 0.013544, -0.0, -0.020165, 0.866475, 0.498814, 0.37472, -0.004019, -0.498981, 0.866604, -0.0, 0.0, 0.0, 0.0, 1.0],
                [0.999789, 0.01547, 0.013544, -0.0, -0.020165, 0.866475, 0.498813, 0.37472, -0.004019, -0.498981, 0.866603, 0.0, 0.0, 0.0, 0.0, 1.0],
                [0.999789, 0.01547, 0.013544, 0.0, -0.020165, 0.866475, 0.498813, 0.37472, -0.004019, -0.498981, 0.866603, -0.0, 0.0, 0.0, 0.0, 1.0],
                [0.999789, 0.01547, 0.013544, 0.0, -0.020165, 0.866475, 0.498813, 0.37472, -0.004019, -0.498981, 0.866603, -0.0, 0.0, 0.0, 0.0, 1.0],
                [0.999789, 0.01547, 0.013544, -0.0, -0.020165, 0.866475, 0.498813, 0.37472, -0.004019, -0.498981, 0.866603, 0.0, 0.0, 0.0, 0.0, 1.0],
                [0.999789, 0.01547, 0.013544, 0.0, -0.020165, 0.866475, 0.498813, 0.37472, -0.004019, -0.498981, 0.866604, 0.0, 0.0, 0.0, 0.0, 1.0],
                [0.999789, 0.01547, 0.013544, -0.0, -0.020165, 0.866475, 0.498814, 0.37472, -0.004019, -0.498981, 0.866603, -0.0, 0.0, 0.0, 0.0, 1.0],
                [0.999789, 0.01547, 0.013544, 0.0, -0.020165, 0.866475, 0.498813, 0.37472, -0.004019, -0.498981, 0.866604, -0.0, 0.0, 0.0, 0.0, 1.0],
                [0.999789, 0.01547, 0.013544, 0.0, -0.020165, 0.866475, 0.498813, 0.37472, -0.004019, -0.498981, 0.866604, 0.0, 0.0, 0.0, 0.0, 1.0],
                [0.999789, 0.01547, 0.013544, -0.0, -0.020165, 0.866475, 0.498813, 0.37472, -0.004019, -0.498981, 0.866603, 0.0, 0.0, 0.0, 0.0, 1.0]
            ]
        },
        {
            "name": "Knee_R",
            "time": [0.0, 0.0167, 0.0333, 0.05, 0.0667, 0.0833, 0.1, 0.1167, 0.1333, 0.15, 0.1667, 0.1833, 0.2, 0.2167, 0.2333, 0.25, 0.2667, 0.2833, 0.3, 0.3167, 0.3333, 0.35, 0.3667, 0.3833, 0.4, 0.4167, 0.4333, 0.45, 0.4667, 0.4833, 0.5, 0.5167, 0.5333, 0.55, 0.5667, 0.5833, 0.6, 0.6167, 0.6333, 0.65, 0.6667],
            "transform": [
                [1.0, 0.0, -0.0, -0.0, -0.0, 0.0, -1.0, 0.37472, -0.0, 1.0, 0.0, 0.0, 0.0, 0.0, 0.0, 1.0],
                [1.0, 0.0, -0.0, -0.0, -0.0, 0.0, -1.0, 0.37472, -0.0, 1.0, 0.0, -0.0, 0.0, 0.0, 0.0, 1.0],
                [1.0, 0.0, -0.0, -0.0, -0.0, 0.0, -1.0, 0.37472, -0.0, 1.0, 0.0, -0.0, 0.0, 0.0, 0.0, 1.0],
                [1.0, 0.0, -0.0, -0.0, -0.0, 0.0, -1.0, 0.37472, -0.0, 1.0, 0.0, -0.0, 0.0, 0.0, 0.0, 1.0],
                [1.0, 0.0, -0.0, -0.0, -0.0, 0.0, -1.0, 0.37472, -0.0, 1.0, 0.0, -0.0, 0.0, 0.0, 0.0, 1.0],
                [1.0, 0.0, -0.0, 0.0, -0.0, 0.0, -1.0, 0.37472, -0.0, 1.0, 0.0, -0.0, 0.0, 0.0, 0.0, 1.0],
                [1.0, 0.0, -0.0, -0.0, -0.0, 0.0, -1.0, 0.37472, -0.0, 1.0, 0.0, -0.0, 0.0, 0.0, 0.0, 1.0],
                [1.0, 0.0, -0.0, -0.0, -0.0, 0.0, -1.0, 0.37472, -0.0, 1.0, 0.0, -0.0, 0.0, 0.0, 0.0, 1.0],
                [1.0, 0.0, -0.0, 0.0, -0.0, 0.0, -1.0, 0.37472, -0.0, 1.0, 0.0, 0.0, 0.0, 0.0, 0.0, 1.0],
                [1.0, 0.0, -0.0, 0.0, -0.0, 0.0, -1.0, 0.37472, -0.0, 1.0, 0.0, -0.0, 0.0, 0.0, 0.0, 1.0],
                [1.0, 0.0, -0.0, 0.0, -0.0, 0.0, -1.0, 0.37472, -0.0, 1.0, 0.0, 0.0, 0.0, 0.0, 0.0, 1.0],
                [1.0, 0.0, -0.0, -0.0, -0.0, 0.0, -1.0, 0.37472, -0.0, 1.0, 0.0, 0.0, 0.0, 0.0, 0.0, 1.0],
                [1.0, 0.0, -0.0, -0.0, -0.0, 0.0, -1.0, 0.37472, -0.0, 1.0, 0.0, -0.0, 0.0, 0.0, 0.0, 1.0],
                [1.0, 0.0, -0.0, -0.0, -0.0, 0.0, -1.0, 0.37472, -0.0, 1.0, 0.0, -0.0, 0.0, 0.0, 0.0, 1.0],
                [1.0, 0.0, -0.0, 0.0, -0.0, 0.0, -1.0, 0.37472, -0.0, 1.0, 0.0, 0.0, 0.0, 0.0, 0.0, 1.0],
                [1.0, 0.0, -0.0, 0.0, -0.0, 0.0, -1.0, 0.37472, -0.0, 1.0, 0.0, 0.0, 0.0, 0.0, 0.0, 1.0],
                [1.0, 0.0, -0.0, -0.0, -0.0, 0.0, -1.0, 0.37472, -0.0, 1.0, 0.0, -0.0, 0.0, 0.0, 0.0, 1.0],
                [1.0, 0.0, -0.0, -0.0, -0.0, 0.0, -1.0, 0.37472, -0.0, 1.0, 0.0, 0.0, 0.0, 0.0, 0.0, 1.0],
                [1.0, 0.0, -0.0, -0.0, -0.0, 0.0, -1.0, 0.37472, -0.0, 1.0, 0.0, -0.0, 0.0, 0.0, 0.0, 1.0],
                [1.0, 0.0, -0.0, -0.0, -0.0, 0.0, -1.0, 0.37472, -0.0, 1.0, 0.0, 0.0, 0.0, 0.0, 0.0, 1.0],
                [1.0, 0.0, -0.0, -0.0, -0.0, 0.0, -1.0, 0.37472, -0.0, 1.0, 0.0, 0.0, 0.0, 0.0, 0.0, 1.0],
                [1.0, 0.0, -0.0, 0.0, -0.0, 0.0, -1.0, 0.37472, -0.0, 1.0, 0.0, -0.0, 0.0, 0.0, 0.0, 1.0],
                [1.0, 0.0, -0.0, -0.0, -0.0, 0.0, -1.0, 0.37472, -0.0, 1.0, 0.0, 0.0, 0.0, 0.0, 0.0, 1.0],
                [1.0, 0.0, -0.0, 0.0, -0.0, 0.0, -1.0, 0.37472, -0.0, 1.0, 0.0, 0.0, 0.0, 0.0, 0.0, 1.0],
                [1.0, 0.0, -0.0, -0.0, -0.0, 0.0, -1.0, 0.37472, -0.0, 1.0, 0.0, 0.0, 0.0, 0.0, 0.0, 1.0],
                [1.0, 0.0, -0.0, 0.0, -0.0, 0.0, -1.0, 0.37472, -0.0, 1.0, 0.0, 0.0, 0.0, 0.0, 0.0, 1.0],
                [1.0, 0.0, -0.0, 0.0, -0.0, 0.0, -1.0, 0.37472, -0.0, 1.0, 0.0, -0.0, 0.0, 0.0, 0.0, 1.0],
                [1.0, 0.0, -0.0, -0.0, -0.0, 0.0, -1.0, 0.37472, -0.0, 1.0, 0.0, 0.0, 0.0, 0.0, 0.0, 1.0],
                [1.0, 0.0, -0.0, -0.0, -0.0, 0.0, -1.0, 0.37472, -0.0, 1.0, 0.0, 0.0, 0.0, 0.0, 0.0, 1.0],
                [1.0, 0.0, -0.0, 0.0, -0.0, 0.0, -1.0, 0.37472, -0.0, 1.0, 0.0, 0.0, 0.0, 0.0, 0.0, 1.0],
                [1.0, 0.0, -0.0, -0.0, -0.0, 0.0, -1.0, 0.37472, -0.0, 1.0, 0.0, -0.0, 0.0, 0.0, 0.0, 1.0],
                [1.0, 0.0, -0.0, -0.0, -0.0, 0.0, -1.0, 0.37472, -0.0, 1.0, 0.0, -0.0, 0.0, 0.0, 0.0, 1.0],
                [1.0, 0.0, -0.0, -0.0, -0.0, 0.0, -1.0, 0.37472, -0.0, 1.0, 0.0, 0.0, 0.0, 0.0, 0.0, 1.0],
                [1.0, 0.0, -0.0, 0.0, -0.0, 0.0, -1.0, 0.37472, -0.0, 1.0, 0.0, -0.0, 0.0, 0.0, 0.0, 1.0],
                [1.0, 0.0, -0.0, 0.0, -0.0, 0.0, -1.0, 0.37472, -0.0, 1.0, 0.0, -0.0, 0.0, 0.0, 0.0, 1.0],
                [1.0, 0.0, -0.0, -0.0, -0.0, 0.0, -1.0, 0.37472, -0.0, 1.0, 0.0, 0.0, 0.0, 0.0, 0.0, 1.0],
                [1.0, 0.0, -0.0, 0.0, -0.0, 0.0, -1.0, 0.37472, -0.0, 1.0, 0.0, 0.0, 0.0, 0.0, 0.0, 1.0],
                [1.0, 0.0, -0.0, -0.0, -0.0, 0.0, -1.0, 0.37472, -0.0, 1.0, 0.0, -0.0, 0.0, 0.0, 0.0, 1.0],
                [1.0, 0.0, -0.0, 0.0, -0.0, 0.0, -1.0, 0.37472, -0.0, 1.0, 0.0, -0.0, 0.0, 0.0, 0.0, 1.0],
                [1.0, 0.0, -0.0, 0.0, -0.0, 0.0, -1.0, 0.37472, -0.0, 1.0, 0.0, 0.0, 0.0, 0.0, 0.0, 1.0],
                [1.0, 0.0, -0.0, -0.0, -0.0, 0.0, -1.0, 0.37472, -0.0, 1.0, 0.0, 0.0, 0.0, 0.0, 0.0, 1.0]
            ]
        },
        {
            "name": "Thigh_L",
            "time": [0.0, 0.0167, 0.0333, 0.05, 0.0667, 0.0833, 0.1, 0.1167, 0.1333, 0.15, 0.1667, 0.1833, 0.2, 0.2167, 0.2333, 0.25, 0.2667, 0.2833, 0.3, 0.3167, 0.3333, 0.35, 0.3667, 0.3833, 0.4, 0.4167, 0.4333, 0.45, 0.4667, 0.4833, 0.5, 0.5167, 0.5333, 0.55, 0.5667, 0.5833, 0.6, 0.6167, 0.6333, 0.65, 0.6667],
            "transform": [
                [0.915948, -0.31237, -0.251922, -0.123107, -0.098697, -0.783838, 0.613071, -0.002831, -0.388971, -0.536677, -0.748785, 0.021694, 0.0, 0.0, 0.0, 1.0],
                [0.915948, -0.302421, -0.263782, -0.123107, -0.098697, -0.806901, 0.582382, -0.002831, -0.388971, -0.507397, -0.768927, 0.021694, 0.0, 0.0, 0.0, 1.0],
                [0.915948, -0.291938, -0.275339, -0.123107, -0.098697, -0.828929, 0.550576, -0.002831, -0.388971, -0.477124, -0.78807, 0.021694, 0.0, 0.0, 0.0, 1.0],
                [0.915948, -0.280936, -0.286556, -0.123107, -0.098697, -0.849848, 0.517704, -0.002831, -0.388971, -0.445907, -0.806144, 0.021694, 0.0, 0.0, 0.0, 1.0],
                [0.915948, -0.269428, -0.297402, -0.123107, -0.098697, -0.869584, 0.483821, -0.002831, -0.388971, -0.413802, -0.823085, 0.021694, 0.0, 0.0, 0.0, 1.0],
                [0.915948, -0.257435, -0.307842, -0.123107, -0.098697, -0.888068, 0.448991, -0.002831, -0.388971, -0.38087, -0.838832, 0.021694, 0.0, 0.0, 0.0, 1.0],
                [0.915948, -0.244977, -0.317846, -0.123107, -0.098697, -0.905237, 0.413284, -0.002831, -0.388971, -0.347176, -0.853329, 0.021694, 0.0, 0.0, 0.0, 1.0],
                [0.915948, -0.232077, -0.327383, -0.123107, -0.098697, -0.921032, 0.376774, -0.002831, -0.388971, -0.312793, -0.866523, 0.021694, 0.0, 0.0, 0.0, 1.0],
                [0.915948, -0.218764, -0.336425, -0.123107, -0.098697, -0.935399, 0.339541, -0.002831, -0.388971, -0.277797, -0.878368, 0.021694, 0.0, 0.0, 0.0, 1.0],
                [0.915948, -0.205065, -0.344946, -0.123107, -0.098697, -0.94829, 0.301669, -0.002831, -0.388971, -0.242268, -0.888824, 0.021694, 0.0, 0.0, 0.0, 1.0],
                [0.915948, -0.191011, -0.352922, -0.123107, -0.098697, -0.959666, 0.263247, -0.002831, -0.388971, -0.206288, -0.897857, 0.021694, 0.0, 0.0, 0.0, 1.0],
                [0.915948, -0.176636, -0.360332, -0.123107, -0.098697, -0.969494, 0.224367, -0.002831, -0.388971, -0.169944, -0.905439, 0.021694, 0.0, 0.0, 0.0, 1.0],
                [0.915948, -0.161975, -0.367156, -0.123107, -0.098697, -0.977746, 0.185122, -0.002831, -0.388971, -0.133325, -0.911551, 0.021694, 0.0, 0.0, 0.0, 1.0],
                [0.915948, -0.147062, -0.373379, -0.123107, -0.098697, -0.984407, 0.145609, -0.002831, -0.388971, -0.096518, -0.91618, 0.021694, 0.0, 0.0, 0.0, 1.0],
                [0.915948, -0.131935, -0.378989, -0.123107, -0.098697, -0.989464, 0.105924, -0.002831, -0.388971, -0.059616, -0.919319, 0.021694, 0.0, 0.0, 0.0, 1.0],
                [0.915948, -0.116633, -0.383974, -0.123107, -0.098697, -0.992915, 0.066165, -0.002831, -0.388971, -0.022706, -0.92097, 0.021694, 0.0, 0.0, 0.0, 1.0],
                [0.915948, -0.101194, -0.388329, -0.123107, -0.098697, -0.994766, 0.026428, -0.002831, -0.388971, 0.014121, -0.921142, 0.021694, 0.0, 0.0, 0.0, 1.0],
                [0.915948, -0.085655, -0.392049, -0.123107, -0.098697, -0.99503, -0.013192, -0.002831, -0.388971, 0.050777, -0.91985, 0.021694, 0.0, 0.0, 0.0, 1.0],
                [0.915948, -0.070056, -0.395135, -0.123107, -0.098697, -0.993726, -0.052601, -0.002831, -0.388971, 0.087179, -0.917116, 0.021694, 0.0, 0.0, 0.0, 1.0],
                [0.915948, -0.054435, -0.397588, -0.123107, -0.098697, -0.990882, -0.09171, -0.002831, -0.388971, 0.123242, -0.912969, 0.021694, 0.0, 0.0, 0.0, 1.0],
                [0.915948, -0.038829, -0.399414, -0.123107, -0.098697, -0.986532, -0.13043, -0.002831, -0.388971, 0.158888, -0.907445, 0.021694, 0.0, 0.0, 0.0, 1.0],
                [0.915948, -0.023273, -0.400622, -0.123107, -0.098697, -0.980717, -0.16868, -0.002831, -0.388971, 0.194042, -0.900583, 0.021694, 0.0, 0.0, 0.0, 1.0],
                [0.915948, -0.007804, -0.401221, -0.123107, -0.098697, -0.973481, -0.206381, -0.002831, -0.388971, 0.228633, -0.892428, 0.021694, 0.0, 0.0, 0.0, 1.0],
                [0.915948, -0.01083, -0.401151, -0.123107, -0.098697, -0.97501, -0.199032, -0.002831, -0.388971, 0.221896, -0.894127, 0.021694, 0.0, 0.0, 0.0, 1.0],
                [0.915948, -0.019466, -0.400825, -0.123107, -0.098697, -0.97907, -0.177991, -0.002831, -0.388971, 0.202591, -0.898698, 0.021694, 0.0, 0.0, 0.0, 1.0],
                [0.915948, -0.03306, -0.399933, -0.123107, -0.098697, -0.984547, -0.144656, -0.002831, -0.388971, 0.17197, -0.905057, 0.021694, 0.0, 0.0, 0.0, 1.0],
                [0.915948, -0.050943, -0.398051, -0.123107, -0.098697, -0.990039, -0.100404, -0.002831, -0.388971, 0.131251, -0.911852, 0.021694, 0.0, 0.0, 0.0, 1.0],
                [0.915948, -0.072391, -0.394714, -0.123107, -0.098697, -0.99402, -0.046726, -0.002831, -0.388971, 0.081756, -0.917615, 0.021694, 0.0, 0.0, 0.0, 1.0],
                [0.915948, -0.096598, -0.389497, -0.123107, -0.098697, -0.995009, 0.014672, -0.002831, -0.388971, 0.025004, -0.920911, 0.021694, 0.0, 0.0, 0.0, 1.0],
                [0.915948, -0.122676, -0.382086, -0.123107, -0.098697, -0.991748, 0.08182, -0.002831, -0.388971, -0.037232, -0.920497, 0.021694, 0.0, 0.0, 0.0, 1.0],
                [0.915948, -0.149676, -0.372339, -0.123107, -0.098697, -0.983361, 0.152507, -0.002831, -0.388971, -0.10294, -0.915481, 0.021694, 0.0, 0.0, 0.0, 1.0],
                [0.915948, -0.176636, -0.360332, -0.123107, -0.098697, -0.969494, 0.224367, -0.002831, -0.388971, -0.169944, -0.905439, 0.021694, 0.0, 0.0, 0.0, 1.0],
                [0.915948, -0.202641, -0.346376, -0.123107, -0.098697, -0.950382, 0.295013, -0.002831, -0.388971, -0.23603, -0.890501, 0.021694, 0.0, 0.0, 0.0, 1.0],
                [0.915948, -0.226884, -0.331003, -0.123107, -0.098697, -0.926861, 0.362197, -0.002831, -0.388971, -0.299085, -0.871349, 0.021694, 0.0, 0.0, 0.0, 1.0],
                [0.915948, -0.248715, -0.314929, -0.123107, -0.098697, -0.900291, 0.423951, -0.002831, -0.388971, -0.357235, -0.849167, 0.021694, 0.0, 0.0, 0.0, 1.0],
                [0.915948, -0.267666, -0.298989, -0.123107, -0.098697, -0.872429, 0.478672, -0.002831, -0.388971, -0.408929, -0.825517, 0.021694, 0.0, 0.0, 0.0, 1.0],
                [0.915948, -0.28344, -0.284079, -0.123107, -0.098697, -0.845271, 0.525144, -0.002831, -0.388971, -0.452966, -0.802199, 0.021694, 0.0, 0.0, 0.0, 1.0],
                [0.915948, -0.295882, -0.271096, -0.123107, -0.098697, -0.820896, 0.562484, -0.002831, -0.388971, -0.488449, -0.781101, 0.021694, 0.0, 0.0, 0.0, 1.0],
                [0.915948, -0.304914, -0.260897, -0.123107, -0.098697, -0.801331, 0.590023, -0.002831, -0.388971, -0.514681, -0.764072, 0.021694, 0.0, 0.0, 0.0, 1.0],
                [0.915948, -0.310461, -0.254271, -0.123107, -0.098697, -0.78844, 0.607141, -0.002831, -0.388971, -0.531014, -0.752812, 0.021694, 0.0, 0.0, 0.0, 1.0],
                [0.915948, -0.31237, -0.251922, -0.123107, -0.098697, -0.783838, 0.613071, -0.002831, -0.388971, -0.536677, -0.748785, 0.021694, 0.0, 0.0, 0.0, 1.0]
            ]
        },
        {
            "name": "Leg_L",
            "time": [0.0, 0.0167, 0.0333, 0.05, 0.0667, 0.0833, 0.1, 0.1167, 0.1333, 0.15, 0.1667, 0.1833, 0.2, 0.2167, 0.2333, 0.25, 0.2667, 0.2833, 0.3, 0.3167, 0.3333, 0.35, 0.3667, 0.3833, 0.4, 0.4167, 0.4333, 0.45, 0.4667, 0.4833, 0.5, 0.5167, 0.5333, 0.55, 0.5667, 0.5833, 0.6, 0.6167, 0.6333, 0.65, 0.6667],
            "transform": [
                [1.0, 0.0, 1e-06, 0.0, -0.0, 0.939693, 0.34202, 0.37472, -1e-06, -0.34202, 0.939692, 0.0, 0.0, 0.0, 0.0, 1.0],
                [1.0, 0.0, 1e-06, 0.0, -0.0, 0.939692, 0.34202, 0.37472, -1e-06, -0.34202, 0.939692, 0.0, 0.0, 0.0, 0.0, 1.0],
                [1.0, 0.0, 1e-06, 0.0, -0.0, 0.939692, 0.34202, 0.37472, -1e-06, -0.34202, 0.939693, 0.0, 0.0, 0.0, 0.0, 1.0],
                [1.0, 0.0, 1e-06, 0.0, -0.0, 0.939692, 0.34202, 0.37472, -1e-06, -0.34202, 0.939692, -0.0, 0.0, 0.0, 0.0, 1.0],
                [1.0, 0.0, 1e-06, -0.0, -0.0, 0.939692, 0.34202, 0.37472, -1e-06, -0.34202, 0.939692, -0.0, 0.0, 0.0, 0.0, 1.0],
                [1.0, 0.0, 1e-06, -0.0, -0.0, 0.939692, 0.34202, 0.37472, -1e-06, -0.34202, 0.939692, -0.0, 0.0, 0.0, 0.0, 1.0],
                [1.0, 0.0, 1e-06, -0.0, -1e-06, 0.939692, 0.34202, 0.37472, -1e-06, -0.342021, 0.939692, 0.0, 0.0, 0.0, 0.0, 1.0],
                [1.0, 0.0, 1e-06, -0.0, -0.0, 0.939692, 0.34202, 0.37472, -1e-06, -0.34202, 0.939692, 0.0, 0.0, 0.0, 0.0, 1.0],
                [1.0, 0.0, 1e-06, 0.0, -0.0, 0.939652, 0.342132, 0.37472, -1e-06, -0.342132, 0.939652, -0.0, 0.0, 0.0, 0.0, 1.0],
                [1.0, 0.0, 1e-06, -0.0, -0.0, 0.939367, 0.342914, 0.37472, -1e-06, -0.342914, 0.939367, -0.0, 0.0, 0.0, 0.0, 1.0],
                [1.0, 0.0, 1e-06, 0.0, -0.0, 0.93859, 0.345034, 0.37472, -1e-06, -0.345034, 0.93859, -0.0, 0.0, 0.0, 0.0, 1.0],
                [1.0, 0.0, 1e-06, 0.0, -0.0, 0.937064, 0.349158, 0.37472, -1e-06, -0.349158, 0.937064, -0.0, 0.0, 0.0, 0.0, 1.0],
                [1.0, 0.0, 1e-06, 0.0, -0.0, 0.934507, 0.355946, 0.37472, -1e-06, -0.355946, 0.934507, -0.0, 0.0, 0.0, 0.0, 1.0],
                [1.0, 0.0, 1e-06, -0.0, -0.0, 0.930598, 0.366042, 0.37472, -1e-06, -0.366042, 0.930598, 0.0, 0.0, 0.0, 0.0, 1.0],
                [1.0, 0.0, 1e-06, -0.0, -0.0, 0.924958, 0.380069, 0.37472, -1e-06, -0.380069, 0.924958, 0.0, 0.0, 0.0, 0.0, 1.0],
                [1.0, 0.0, 1e-06, 0.0, -0.0, 0.917118, 0.398615, 0.37472, -1e-06, -0.398615, 0.917118, -0.0, 0.0, 0.0, 0.0, 1.0],
                [1.0, 0.0, 1e-06, -0.0, -0.0, 0.906499, 0.422208, 0.37472, -1e-06, -0.422208, 0.906499, -0.0, 0.0, 0.0, 0.0, 1.0],
                [1.0, 0.0, 1e-06, -0.0, -0.0, 0.892377, 0.451291, 0.37472, -1e-06, -0.451291, 0.892377, 0.0, 0.0, 0.0, 0.0, 1.0],
                [1.0, 0.0, 1e-06, -0.0, -0.0, 0.873861, 0.486176, 0.37472, -1e-06, -0.486176, 0.873861, 0.0, 0.0, 0.0, 0.0, 1.0],
                [1.0, -0.0, 1e-06, -0.0, -0.0, 0.849874, 0.526986, 0.37472, -1e-06, -0.526986, 0.849874, -0.0, 0.0, 0.0, 0.0, 1.0],
                [1.0, -0.0, 1e-06, -0.0, -0.0, 0.819152, 0.573577, 0.37472, -1e-06, -0.573577, 0.819152, -0.0, 0.0, 0.0, 0.0, 1.0],
                [1.0, -0.0, 1e-06, -0.0, -0.0, 0.771263, 0.636517, 0.37472, -1e-06, -0.636517, 0.771263, -0.0, 0.0, 0.0, 0.0, 1.0],
                [1.0, -0.0, 1e-06, 0.0, -0.0, 0.697068, 0.717005, 0.37472, -1e-06, -0.717005, 0.697068, -0.0, 0.0, 0.0, 0.0, 1.0],
                [1.0, -0.0, 1e-06, -0.0, -0.0, 0.59951, 0.800367, 0.37472, -1e-06, -0.800367, 0.59951, -0.0, 0.0, 0.0, 0.0, 1.0],
                [1.0, -0.0, 1e-06, 0.0, -0.0, 0.486659, 0.873592, 0.37472, -1e-06, -0.873592, 0.486659, -0.0, 0.0, 0.0, 0.0, 1.0],
                [1.0, -1e-06, 1e-06, 0.0, -0.0, 0.37179, 0.928317, 0.37472, -1e-06, -0.928317, 0.37179, 0.0, 0.0, 0.0, 0.0, 1.0],
                [1.0, -1e-06, 1e-06, 0.0, -0.0, 0.270991, 0.962582, 0.37472, -1e-06, -0.962582, 0.270991, -0.0, 0.0, 0.0, 0.0, 1.0],
                [1.0, -1e-06, 1e-06, 0.0, -0.0, 0.200183, 0.979759, 0.37472, -1e-06, -0.979759, 0.200183, -0.0, 0.0, 0.0, 0.0, 1.0],
                [1.0, -1e-06, 1e-06, -0.0, -0.0, 0.173648, 0.984808, 0.37472, -1e-06, -0.984808, 0.173648, -0.0, 0.0, 0.0, 0.0, 1.0],
                [1.0, -1e-06, 1e-06, 0.0, -0.0, 0.173648, 0.984808, 0.37472, -1e-06, -0.984808, 0.173648, 0.0, 0.0, 0.0, 0.0, 1.0],
                [1.0, -1e-06, 1e-06, 0.0, -0.0, 0.173648, 0.984808, 0.37472, -1e-06, -0.984808, 0.173648, 0.0, 0.0, 0.0, 0.0, 1.0],
                [1.0, -1e-06, 1e-06, -0.0, -0.0, 0.173648, 0.984808, 0.37472, -1e-06, -0.984808, 0.173648, -0.0, 0.0, 0.0, 0.0, 1.0],
                [1.0, -1e-06, 1e-06, -0.0, -0.0, 0.173648, 0.984808, 0.37472, -1e-06, -0.984808, 0.173648, -0.0, 0.0, 0.0, 0.0, 1.0],
                [1.0, -1e-06, 1e-06, 0.0, -0.0, 0.216027, 0.976387, 0.37472, -1e-06, -0.976387, 0.216027, -0.0, 0.0, 0.0, 0.0, 1.0],
                [1.0, -1e-06, 1e-06, -0.0, -0.0, 0.327623, 0.944809, 0.37472, -1e-06, -0.944809, 0.327623, 0.0, 0.0, 0.0, 0.0, 1.0],
                [1.0, -0.0, 1e-06, -0.0, -0.0, 0.481169, 0.876628, 0.37472, -1e-06, -0.876628, 0.481169, 0.0, 0.0, 0.0, 0.0, 1.0],
                [1.0, -0.0, 1e-06, 0.0, -0.0, 0.642787, 0.766045, 0.37472, -1e-06, -0.766045, 0.642787, 0.0, 0.0, 0.0, 0.0, 1.0],
                [1.0, -0.0, 1e-06, -0.0, -0.0, 0.779756, 0.626084, 0.37472, -1e-06, -0.626084, 0.779756, 0.0, 0.0, 0.0, 0.0, 1.0],
                [1.0, 0.0, 1e-06, 0.0, -0.0, 0.873564, 0.48671, 0.37472, -1e-06, -0.48671, 0.873564, 0.0, 0.0, 0.0, 0.0, 1.0],
                [1.0, 0.0, 1e-06, 0.0, -0.0, 0.924041, 0.382293, 0.37472, -1e-06, -0.382293, 0.924041, 0.0, 0.0, 0.0, 0.0, 1.0],
                [1.0, 0.0, 1e-06, 0.0, -0.0, 0.939693, 0.34202, 0.37472, -1e-06, -0.34202, 0.939692, 0.0, 0.0, 0.0, 0.0, 1.0]
            ]
        },
        {
            "name": "Knee_L",
            "time": [0.0, 0.0167, 0.0333, 0.05, 0.0667, 0.0833, 0.1, 0.1167, 0.1333, 0.15, 0.1667, 0.1833, 0.2, 0.2167, 0.2333, 0.25, 0.2667, 0.2833, 0.3, 0.3167, 0.3333, 0.35, 0.3667, 0.3833, 0.4, 0.4167, 0.4333, 0.45, 0.4667, 0.4833, 0.5, 0.5167, 0.5333, 0.55, 0.5667, 0.5833, 0.6, 0.6167, 0.6333, 0.65, 0.6667],
            "transform": [
                [1.0, 0.0, -0.0, 0.0, -0.0, 0.0, -1.0, 0.37472, -0.0, 1.0, 0.0, 0.0, 0.0, 0.0, 0.0, 1.0],
                [1.0, 0.0, -0.0, 0.0, -0.0, 0.0, -1.0, 0.37472, -0.0, 1.0, 0.0, 0.0, 0.0, 0.0, 0.0, 1.0],
                [1.0, 0.0, -0.0, 0.0, -0.0, 0.0, -1.0, 0.37472, -0.0, 1.0, 0.0, 0.0, 0.0, 0.0, 0.0, 1.0],
                [1.0, 0.0, -0.0, 0.0, -0.0, 0.0, -1.0, 0.37472, -0.0, 1.0, 0.0, -0.0, 0.0, 0.0, 0.0, 1.0],
                [1.0, 0.0, -0.0, -0.0, -0.0, 0.0, -1.0, 0.37472, -0.0, 1.0, 0.0, -0.0, 0.0, 0.0, 0.0, 1.0],
                [1.0, 0.0, -0.0, -0.0, -0.0, 0.0, -1.0, 0.37472, -0.0, 1.0, 0.0, -0.0, 0.0, 0.0, 0.0, 1.0],
                [1.0, 0.0, -0.0, -0.0, -1e-06, 0.0, -1.0, 0.37472, -0.0, 1.0, 0.0, 0.0, 0.0, 0.0, 0.0, 1.0],
                [1.0, 0.0, -0.0, -0.0, -0.0, 0.0, -1.0, 0.37472, -0.0, 1.0, 0.0, 0.0, 0.0, 0.0, 0.0, 1.0],
                [1.0, 0.0, -0.0, 0.0, -0.0, 0.0, -1.0, 0.37472, -0.0, 1.0, 0.0, -0.0, 0.0, 0.0, 0.0, 1.0],
                [1.0, 0.0, -0.0, -0.0, -0.0, 0.0, -1.0, 0.37472, -0.0, 1.0, 0.0, -0.0, 0.0, 0.0, 0.0, 1.0],
                [1.0, 0.0, -1e-06, 0.0, -0.0, 0.0, -1.0, 0.37472, -0.0, 1.0, 0.0, -0.0, 0.0, 0.0, 0.0, 1.0],
                [1.0, 0.0, -0.0, 0.0, -0.0, 0.0, -1.0, 0.37472, -0.0, 1.0, 0.0, -0.0, 0.0, 0.0, 0.0, 1.0],
                [1.0, 0.0, -0.0, 0.0, -0.0, 0.0, -1.0, 0.37472, -0.0, 1.0, 0.0, -0.0, 0.0, 0.0, 0.0, 1.0],
                [1.0, 0.0, -0.0, -0.0, -0.0, 0.0, -1.0, 0.37472, -0.0, 1.0, 0.0, 0.0, 0.0, 0.0, 0.0, 1.0],
                [1.0, 0.0, -0.0, -0.0, -0.0, 0.0, -1.0, 0.37472, -0.0, 1.0, 0.0, 0.0, 0.0, 0.0, 0.0, 1.0],
                [1.0, 0.0, -0.0, 0.0, -0.0, 0.0, -1.0, 0.37472, -0.0, 1.0, 0.0, -0.0, 0.0, 0.0, 0.0, 1.0],
                [1.0, 0.0, -0.0, -0.0, -0.0, 0.0, -1.0, 0.37472, -0.0, 1.0, 0.0, -0.0, 0.0, 0.0, 0.0, 1.0],
                [1.0, 0.0, -0.0, -0.0, -0.0, 0.0, -1.0, 0.37472, -0.0, 1.0, 0.0, 0.0, 0.0, 0.0, 0.0, 1.0],
                [1.0, 0.0, -0.0, -0.0, -0.0, 0.0, -1.0, 0.37472, -0.0, 1.0, 0.0, 0.0, 0.0, 0.0, 0.0, 1.0],
                [1.0, 0.0, -0.0, -0.0, -0.0, 0.0, -1.0, 0.37472, -0.0, 1.0, 0.0, -0.0, 0.0, 0.0, 0.0, 1.0],
