{
    "armature": {
        "joints": ["Root", "Thigh_R", "Leg_R", "Knee_R", "Thigh_L", "Leg_L", "Knee_L", "Torso", "Chest", "Head", "Shoulder_R", "Arm_R", "Hand_R", "Tool_R", "Elbow_R", "Shoulder_L", "Arm_L", "Hand_L", "Tool_L", "Elbow_L"],
        "hierarchy": [
            {
                "name": "Root",
                "transform": [1.0, 0.0, 0.0, -5e-06, 0.0, 0.0, -1.0, 0.000946, 0.0, 1.0, 0.0, 0.763972, 0.0, 0.0, 0.0, 1.0],
                "children": [
                    {
                        "name": "Thigh_R",
                        "transform": [1.0, -0.0, -0.0, 0.124994, -0.0, -1.0, 0.0, -0.002831, -0.0, -0.0, -1.0, -1.2e-05, 0.0, 0.0, 0.0, 1.0],
                        "children": [
                            {
                                "name": "Leg_R",
                                "transform": [1.0, 0.0, 1e-06, 0.0, -0.0, 1.0, 0.0, 0.37472, -1e-06, -0.0, 1.0, -0.0, 0.0, 0.0, 0.0, 1.0],
                                "children": []
                            },
                            {
                                "name": "Knee_R",
                                "transform": [1.0, 0.0, -0.0, 0.0, -0.0, 0.0, -1.0, 0.37472, -0.0, 1.0, 0.0, -0.0, 0.0, 0.0, 0.0, 1.0],
                                "children": []
                            }
                        ]
                    },
                    {
                        "name": "Thigh_L",
                        "transform": [1.0, -0.0, -0.0, -0.125006, -0.0, -1.0, 0.0, -0.002831, -0.0, -0.0, -1.0, -1.2e-05, 0.0, 0.0, 0.0, 1.0],
                        "children": [
                            {
                                "name": "Leg_L",
                                "transform": [1.0, 0.0, 1e-06, -0.0, -0.0, 1.0, 0.0, 0.37472, -1e-06, -0.0, 1.0, 0.0, 0.0, 0.0, 0.0, 1.0],
                                "children": []
                            },
                            {
                                "name": "Knee_L",
                                "transform": [1.0, 0.0, -0.0, -0.0, -0.0, 0.0, -1.0, 0.37472, -0.0, 1.0, 0.0, 0.0, 0.0, 0.0, 0.0, 1.0],
                                "children": []
                            }
                        ]
                    },
                    {
                        "name": "Torso",
                        "transform": [1.0, 0.0, 0.0, 0.0, 0.0, 1.0, 0.0, 0.05, 0.0, 0.0, 1.0, 0.0, 0.0, 0.0, 0.0, 1.0],
                        "children": [
                            {
                                "name": "Chest",
                                "transform": [1.0, 0.0, 0.0, 0.0, 0.0, 1.0, 0.0, 0.3, 0.0, 0.0, 1.0, 0.0, 0.0, 0.0, 0.0, 1.0],
                                "children": [
                                    {
                                        "name": "Head",
                                        "transform": [1.0, 0.0, 0.0, 0.0, 0.0, 1.0, 0.0, 0.4, 0.0, 0.0, 1.0, 0.0, 0.0, 0.0, 0.0, 1.0],
                                        "children": []
                                    },
                                    {
                                        "name": "Shoulder_R",
                                        "transform": [0.0, 0.952114, 0.305743, 0.0, 0.0, -0.305743, 0.952114, 0.4, 1.0, 0.0, -0.0, 0.0, 0.0, 0.0, 0.0, 1.0],
                                        "children": [
                                            {
                                                "name": "Arm_R",
                                                "transform": [0.0, -0.0, -1.0, -0.0, 0.952114, 0.305743, 0.0, 0.39386, 0.305743, -0.952114, 0.0, 0.0, 0.0, 0.0, 0.0, 1.0],
                                                "children": [
                                                    {
                                                        "name": "Hand_R",
                                                        "transform": [1.0, 0.0, 0.0, 0.0, -0.0, 0.993938, 0.109947, 0.3, -0.0, -0.109947, 0.993937, 0.0, 0.0, 0.0, 0.0, 1.0],
                                                        "children": [
                                                            {
                                                                "name": "Tool_R",
                                                                "transform": [1.0, 0.0, 0.0, -0.0, 0.0, -0.999836, 0.018122, 0.272858, 0.0, -0.018122, -0.999836, 0.0, 0.0, 0.0, 0.0, 1.0],
                                                                "children": []
                                                            }
                                                        ]
                                                    },
                                                    {
                                                        "name": "Elbow_R",
                                                        "transform": [-1.0, 0.0, -0.0, 0.0, 0.0, 0.0, -1.0, 0.3, -0.0, -1.0, -0.0, 0.0, 0.0, 0.0, 0.0, 1.0],
                                                        "children": []
                                                    }
                                                ]
                                            }
                                        ]
                                    },
                                    {
                                        "name": "Shoulder_L",
                                        "transform": [-0.0, -0.952114, -0.305743, 0.0, 0.0, -0.305743, 0.952114, 0.4, -1.0, 0.0, 0.0, 0.0, 0.0, 0.0, 0.0, 1.0],
                                        "children": [
                                            {
                                                "name": "Arm_L",
                                                "transform": [-0.0, -0.0, 1.0, -0.0, -0.952114, 0.305743, -0.0, 0.39386, -0.305743, -0.952114, -0.0, 0.0, 0.0, 0.0, 0.0, 1.0],
                                                "children": [
                                                    {
                                                        "name": "Hand_L",
                                                        "transform": [1.0, -0.0, 0.0, -0.0, 0.0, 0.993937, 0.109947, 0.3, -0.0, -0.109947, 0.993937, 0.0, 0.0, 0.0, 0.0, 1.0],
                                                        "children": [
                                                            {
                                                                "name": "Tool_L",
                                                                "transform": [1.0, 0.0, 0.0, -0.0, -0.0, -0.999836, 0.018122, 0.272858, 0.0, -0.018122, -0.999836, -0.0, 0.0, 0.0, 0.0, 1.0],
                                                                "children": []
                                                            }
                                                        ]
                                                    },
                                                    {
                                                        "name": "Elbow_L",
                                                        "transform": [-1.0, 0.0, -0.0, -0.0, 0.0, -0.0, -1.0, 0.3, -0.0, -1.0, 0.0, 0.0, 0.0, 0.0, 0.0, 1.0],
                                                        "children": []
                                                    }
                                                ]
                                            }
                                        ]
                                    }
                                ]
                            }
                        ]
                    }
                ]
            }
        ]
    },
    "animation": [
        {
            "name": "Root",
            "time": [0.0, 0.0167, 0.0333, 0.05, 0.0667, 0.0833, 0.1, 0.1167, 0.1333, 0.15, 0.1667, 0.1833, 0.2, 0.2167, 0.2333, 0.25, 0.2667, 0.2833, 0.3, 0.3167, 0.3333, 0.35, 0.3667, 0.3833, 0.4, 0.4167, 0.4333, 0.45, 0.4667, 0.4833, 0.5, 0.5167, 0.5333, 0.55, 0.5667, 0.5833, 0.6, 0.6167, 0.6333, 0.65, 0.6667, 0.6833, 0.7, 0.7167, 0.7333, 0.75, 0.7667, 0.7833, 0.8, 0.8167, 0.8333, 0.85, 0.8667, 0.8833, 0.9, 0.9167, 0.9333, 0.95, 0.9667, 0.9833, 1.0, 1.0167, 1.0333, 1.05, 1.0667, 1.0833, 1.1, 1.1167, 1.1333, 1.15, 1.1667, 1.1833, 1.2, 1.2167, 1.2333, 1.25, 1.2667, 1.2833, 1.3, 1.3167, 1.3333, 1.35, 1.3667, 1.3833, 1.4, 1.4167, 1.4333, 1.45, 1.4667, 1.4833, 1.5, 1.5167, 1.5333, 1.55, 1.5667, 1.5833, 1.6],
            "transform": [
                [1.0, 0.0, 0.0, -5e-06, 0.0, 0.0, -1.0, 0.02773, 0.0, 1.0, 0.0, 0.688546, 0.0, 0.0, 0.0, 1.0],
                [1.0, 0.0, 0.0, -5e-06, 0.0, 0.0, -1.0, 0.020153, 0.0, 1.0, 0.0, 0.68666, 0.0, 0.0, 0.0, 1.0],
                [1.0, 0.0, 0.0, -5e-06, 0.0, 0.0, -1.0, -0.000622, 0.0, 1.0, 0.0, 0.681473, 0.0, 0.0, 0.0, 1.0],
                [1.0, 0.0, 0.0, -5e-06, 0.0, 0.0, -1.0, -0.031664, 0.0, 1.0, 0.0, 0.673687, 0.0, 0.0, 0.0, 1.0],
                [1.0, 0.0, 0.0, -5e-06, 0.0, 0.0, -1.0, -0.070037, 0.0, 1.0, 0.0, 0.664007, 0.0, 0.0, 0.0, 1.0],
                [1.0, 0.0, 0.0, -5e-06, 0.0, 0.0, -1.0, -0.112811, 0.0, 1.0, 0.0, 0.653134, 0.0, 0.0, 0.0, 1.0],
                [1.0, 0.0, 0.0, -5e-06, 0.0, 0.0, -1.0, -0.157051, 0.0, 1.0, 0.0, 0.641772, 0.0, 0.0, 0.0, 1.0],
                [1.0, 0.0, 0.0, -5e-06, 0.0, 0.0, -1.0, -0.199824, 0.0, 1.0, 0.0, 0.630626, 0.0, 0.0, 0.0, 1.0],
                [1.0, 0.0, 0.0, -5e-06, 0.0, 0.0, -1.0, -0.238198, 0.0, 1.0, 0.0, 0.620397, 0.0, 0.0, 0.0, 1.0],
                [1.0, 0.0, 0.0, -5e-06, 0.0, 0.0, -1.0, -0.269239, 0.0, 1.0, 0.0, 0.61179, 0.0, 0.0, 0.0, 1.0],
                [1.0, 0.0, 0.0, -5e-06, 0.0, 0.0, -1.0, -0.290015, 0.0, 1.0, 0.0, 0.605507, 0.0, 0.0, 0.0, 1.0],
                [1.0, 0.0, 0.0, -5e-06, 0.0, 0.0, -1.0, -0.297592, 0.0, 1.0, 0.0, 0.602252, 0.0, 0.0, 0.0, 1.0],
                [1.0, 0.0, 0.0, -5e-06, 0.0, 0.0, -1.0, -0.282482, 0.0, 1.0, 0.0, 0.600907, 0.0, 0.0, 0.0, 1.0],
                [1.0, 0.0, 0.0, -5e-06, 0.0, 0.0, -1.0, -0.239477, 0.0, 1.0, 0.0, 0.599855, 0.0, 0.0, 0.0, 1.0],
                [1.0, 0.0, 0.0, -5e-06, 0.0, 0.0, -1.0, -0.172067, 0.0, 1.0, 0.0, 0.599056, 0.0, 0.0, 0.0, 1.0],
                [1.0, 0.0, 0.0, -5e-06, 0.0, 0.0, -1.0, -0.083741, 0.0, 1.0, 0.0, 0.598468, 0.0, 0.0, 0.0, 1.0],
                [1.0, 0.0, 0.0, -5e-06, 0.0, 0.0, -1.0, 0.022014, 0.0, 1.0, 0.0, 0.598048, 0.0, 0.0, 0.0, 1.0],
                [1.0, 0.0, 0.0, -5e-06, 0.0, 0.0, -1.0, 0.141709, 0.0, 1.0, 0.0, 0.597755, 0.0, 0.0, 0.0, 1.0],
                [1.0, 0.0, 0.0, -5e-06, 0.0, 0.0, -1.0, 0.271854, 0.0, 1.0, 0.0, 0.597547, 0.0, 0.0, 0.0, 1.0],
                [1.0, 0.0, 0.0, -5e-06, 0.0, 0.0, -1.0, 0.408961, 0.0, 1.0, 0.0, 0.597383, 0.0, 0.0, 0.0, 1.0],
                [1.0, 0.0, 0.0, -5e-06, 0.0, 0.0, -1.0, 0.549541, 0.0, 1.0, 0.0, 0.597219, 0.0, 0.0, 0.0, 1.0],
                [1.0, 0.0, 0.0, -5e-06, 0.0, 0.0, -1.0, 0.690106, 0.0, 1.0, 0.0, 0.597015, 0.0, 0.0, 0.0, 1.0],
                [1.0, 0.0, 0.0, -5e-06, 0.0, 0.0, -1.0, 0.827166, 0.0, 1.0, 0.0, 0.596728, 0.0, 0.0, 0.0, 1.0],
                [1.0, 0.0, 0.0, -5e-06, 0.0, 0.0, -1.0, 0.957408, 0.0, 1.0, 0.0, 0.596332, 0.0, 0.0, 0.0, 1.0],
                [1.0, 0.0, 0.0, -5e-06, 0.0, 0.0, -1.0, 1.078213, 0.0, 1.0, 0.0, 0.595852, 0.0, 0.0, 0.0, 1.0],
                [1.0, 0.0, 0.0, -5e-06, 0.0, 0.0, -1.0, 1.187137, 0.0, 1.0, 0.0, 0.595332, 0.0, 0.0, 0.0, 1.0],
                [1.0, 0.0, 0.0, -5e-06, 0.0, 0.0, -1.0, 1.281737, 0.0, 1.0, 0.0, 0.594813, 0.0, 0.0, 0.0, 1.0],
                [1.0, 0.0, 0.0, -5e-06, 0.0, 0.0, -1.0, 1.359569, 0.0, 1.0, 0.0, 0.594337, 0.0, 0.0, 0.0, 1.0],
                [1.0, 0.0, 0.0, -5e-06, 0.0, 0.0, -1.0, 1.418189, 0.0, 1.0, 0.0, 0.593945, 0.0, 0.0, 0.0, 1.0],
                [1.0, 0.0, 0.0, -5e-06, 0.0, 0.0, -1.0, 1.455152, 0.0, 1.0, 0.0, 0.593679, 0.0, 0.0, 0.0, 1.0],
                [1.0, 0.0, 0.0, -5e-06, 0.0, 0.0, -1.0, 1.468017, 0.0, 1.0, 0.0, 0.593581, 0.0, 0.0, 0.0, 1.0],
                [1.0, 0.0, 0.0, -5e-06, 0.0, 0.0, -1.0, 1.468017, 0.0, 1.0, 0.0, 0.593581, 0.0, 0.0, 0.0, 1.0],
                [1.0, 0.0, 0.0, -5e-06, 0.0, 0.0, -1.0, 1.468017, 0.0, 1.0, 0.0, 0.593581, 0.0, 0.0, 0.0, 1.0],
                [1.0, 0.0, 0.0, -5e-06, 0.0, 0.0, -1.0, 1.468017, 0.0, 1.0, 0.0, 0.593581, 0.0, 0.0, 0.0, 1.0],
                [1.0, 0.0, 0.0, -5e-06, 0.0, 0.0, -1.0, 1.468017, 0.0, 1.0, 0.0, 0.593581, 0.0, 0.0, 0.0, 1.0],
                [1.0, 0.0, 0.0, -5e-06, 0.0, 0.0, -1.0, 1.468017, 0.0, 1.0, 0.0, 0.593581, 0.0, 0.0, 0.0, 1.0],
                [1.0, 0.0, 0.0, -5e-06, 0.0, 0.0, -1.0, 1.468017, 0.0, 1.0, 0.0, 0.593581, 0.0, 0.0, 0.0, 1.0],
                [1.0, 0.0, 0.0, -5e-06, 0.0, 0.0, -1.0, 1.468017, 0.0, 1.0, 0.0, 0.593581, 0.0, 0.0, 0.0, 1.0],
                [1.0, 0.0, 0.0, -5e-06, 0.0, 0.0, -1.0, 1.468017, 0.0, 1.0, 0.0, 0.593581, 0.0, 0.0, 0.0, 1.0],
                [1.0, 0.0, 0.0, -5e-06, 0.0, 0.0, -1.0, 1.468017, 0.0, 1.0, 0.0, 0.593581, 0.0, 0.0, 0.0, 1.0],
                [1.0, 0.0, 0.0, -5e-06, 0.0, 0.0, -1.0, 1.468017, 0.0, 1.0, 0.0, 0.593581, 0.0, 0.0, 0.0, 1.0],
                [1.0, 0.0, 0.0, -5e-06, 0.0, 0.0, -1.0, 1.468017, 0.0, 1.0, 0.0, 0.593581, 0.0, 0.0, 0.0, 1.0],
                [1.0, 0.0, 0.0, -5e-06, 0.0, 0.0, -1.0, 1.468017, 0.0, 1.0, 0.0, 0.593581, 0.0, 0.0, 0.0, 1.0],
                [1.0, 0.0, 0.0, -5e-06, 0.0, 0.0, -1.0, 1.468017, 0.0, 1.0, 0.0, 0.593581, 0.0, 0.0, 0.0, 1.0],
                [1.0, 0.0, 0.0, -5e-06, 0.0, 0.0, -1.0, 1.468017, 0.0, 1.0, 0.0, 0.593581, 0.0, 0.0, 0.0, 1.0],
                [1.0, 0.0, 0.0, -5e-06, 0.0, 0.0, -1.0, 1.468017, 0.0, 1.0, 0.0, 0.593581, 0.0, 0.0, 0.0, 1.0],
                [1.0, 0.0, 0.0, -5e-06, 0.0, 0.0, -1.0, 1.468017, 0.0, 1.0, 0.0, 0.593581, 0.0, 0.0, 0.0, 1.0],
                [1.0, 0.0, 0.0, -5e-06, 0.0, 0.0, -1.0, 1.468017, 0.0, 1.0, 0.0, 0.593581, 0.0, 0.0, 0.0, 1.0],
                [1.0, 0.0, 0.0, -5e-06, 0.0, 0.0, -1.0, 1.468017, 0.0, 1.0, 0.0, 0.593581, 0.0, 0.0, 0.0, 1.0],
                [1.0, 0.0, 0.0, -5e-06, 0.0, 0.0, -1.0, 1.468017, 0.0, 1.0, 0.0, 0.593581, 0.0, 0.0, 0.0, 1.0],
                [1.0, 0.0, 0.0, -5e-06, 0.0, 0.0, -1.0, 1.468017, 0.0, 1.0, 0.0, 0.593581, 0.0, 0.0, 0.0, 1.0],
                [1.0, 0.0, 0.0, -5e-06, 0.0, 0.0, -1.0, 1.468017, 0.0, 1.0, 0.0, 0.593581, 0.0, 0.0, 0.0, 1.0],
                [1.0, 0.0, 0.0, -5e-06, 0.0, 0.0, -1.0, 1.468017, 0.0, 1.0, 0.0, 0.593581, 0.0, 0.0, 0.0, 1.0],
                [1.0, 0.0, 0.0, -5e-06, 0.0, 0.0, -1.0, 1.468017, 0.0, 1.0, 0.0, 0.593581, 0.0, 0.0, 0.0, 1.0],
                [1.0, 0.0, 0.0, -5e-06, 0.0, 0.0, -1.0, 1.468017, 0.0, 1.0, 0.0, 0.593581, 0.0, 0.0, 0.0, 1.0],
                [1.0, 0.0, 0.0, -5e-06, 0.0, 0.0, -1.0, 1.468017, 0.0, 1.0, 0.0, 0.593581, 0.0, 0.0, 0.0, 1.0],
                [1.0, 0.0, 0.0, -5e-06, 0.0, 0.0, -1.0, 1.468017, 0.0, 1.0, 0.0, 0.593581, 0.0, 0.0, 0.0, 1.0],
                [1.0, 0.0, 0.0, -5e-06, 0.0, 0.0, -1.0, 1.468017, 0.0, 1.0, 0.0, 0.593581, 0.0, 0.0, 0.0, 1.0],
                [1.0, 0.0, 0.0, -5e-06, 0.0, 0.0, -1.0, 1.468017, 0.0, 1.0, 0.0, 0.593581, 0.0, 0.0, 0.0, 1.0],
                [1.0, 0.0, 0.0, -5e-06, 0.0, 0.0, -1.0, 1.468017, 0.0, 1.0, 0.0, 0.593581, 0.0, 0.0, 0.0, 1.0],
                [1.0, 0.0, 0.0, -5e-06, 0.0, 0.0, -1.0, 1.468017, 0.0, 1.0, 0.0, 0.593581, 0.0, 0.0, 0.0, 1.0],
                [1.0, 0.0, 0.0, -5e-06, 0.0, 0.0, -1.0, 1.468017, 0.0, 1.0, 0.0, 0.593581, 0.0, 0.0, 0.0, 1.0],
                [1.0, 0.0, 0.0, -5e-06, 0.0, 0.0, -1.0, 1.468017, 0.0, 1.0, 0.0, 0.593581, 0.0, 0.0, 0.0, 1.0],
                [1.0, 0.0, 0.0, -5e-06, 0.0, 0.0, -1.0, 1.468017, 0.0, 1.0, 0.0, 0.593581, 0.0, 0.0, 0.0, 1.0],
                [1.0, 0.0, 0.0, -5e-06, 0.0, 0.0, -1.0, 1.468017, 0.0, 1.0, 0.0, 0.593581, 0.0, 0.0, 0.0, 1.0],
                [1.0, 0.0, 0.0, -5e-06, 0.0, 0.0, -1.0, 1.468017, 0.0, 1.0, 0.0, 0.593581, 0.0, 0.0, 0.0, 1.0],
                [1.0, 0.0, 0.0, -5e-06, 0.0, 0.0, -1.0, 1.468017, 0.0, 1.0, 0.0, 0.593581, 0.0, 0.0, 0.0, 1.0],
                [1.0, 0.0, 0.0, -5e-06, 0.0, 0.0, -1.0, 1.468017, 0.0, 1.0, 0.0, 0.593581, 0.0, 0.0, 0.0, 1.0],
                [1.0, 0.0, 0.0, -5e-06, 0.0, 0.0, -1.0, 1.468017, 0.0, 1.0, 0.0, 0.593581, 0.0, 0.0, 0.0, 1.0],
                [1.0, 0.0, 0.0, -5e-06, 0.0, 0.0, -1.0, 1.468017, 0.0, 1.0, 0.0, 0.593581, 0.0, 0.0, 0.0, 1.0],
                [1.0, 0.0, 0.0, -5e-06, 0.0, 0.0, -1.0, 1.468017, 0.0, 1.0, 0.0, 0.593581, 0.0, 0.0, 0.0, 1.0],
                [1.0, 0.0, 0.0, -5e-06, 0.0, 0.0, -1.0, 1.468017, 0.0, 1.0, 0.0, 0.593581, 0.0, 0.0, 0.0, 1.0],
                [1.0, 0.0, 0.0, -5e-06, 0.0, 0.0, -1.0, 1.468017, 0.0, 1.0, 0.0, 0.593581, 0.0, 0.0, 0.0, 1.0],
                [1.0, 0.0, 0.0, -5e-06, 0.0, 0.0, -1.0, 1.468017, 0.0, 1.0, 0.0, 0.593581, 0.0, 0.0, 0.0, 1.0],
                [1.0, 0.0, 0.0, -5e-06, 0.0, 0.0, -1.0, 1.468017, 0.0, 1.0, 0.0, 0.593581, 0.0, 0.0, 0.0, 1.0],
                [1.0, 0.0, 0.0, -5e-06, 0.0, 0.0, -1.0, 1.468017, 0.0, 1.0, 0.0, 0.593581, 0.0, 0.0, 0.0, 1.0],
                [1.0, 0.0, 0.0, -5e-06, 0.0, 0.0, -1.0, 1.468017, 0.0, 1.0, 0.0, 0.593581, 0.0, 0.0, 0.0, 1.0],
                [1.0, 0.0, 0.0, -5e-06, 0.0, 0.0, -1.0, 1.468017, 0.0, 1.0, 0.0, 0.593581, 0.0, 0.0, 0.0, 1.0],
                [1.0, 0.0, 0.0, -5e-06, 0.0, 0.0, -1.0, 1.468017, 0.0, 1.0, 0.0, 0.593581, 0.0, 0.0, 0.0, 1.0],
                [1.0, 0.0, 0.0, -5e-06, 0.0, 0.0, -1.0, 1.468017, 0.0, 1.0, 0.0, 0.593581, 0.0, 0.0, 0.0, 1.0],
                [1.0, 0.0, 0.0, -5e-06, 0.0, 0.0, -1.0, 1.468017, 0.0, 1.0, 0.0, 0.593581, 0.0, 0.0, 0.0, 1.0],
                [1.0, 0.0, 0.0, -5e-06, 0.0, 0.0, -1.0, 1.468017, 0.0, 1.0, 0.0, 0.593581, 0.0, 0.0, 0.0, 1.0],
                [1.0, 0.0, 0.0, -5e-06, 0.0, 0.0, -1.0, 1.468017, 0.0, 1.0, 0.0, 0.593581, 0.0, 0.0, 0.0, 1.0],
                [1.0, 0.0, 0.0, -5e-06, 0.0, 0.0, -1.0, 1.468017, 0.0, 1.0, 0.0, 0.593581, 0.0, 0.0, 0.0, 1.0],
                [1.0, 0.0, 0.0, -5e-06, 0.0, 0.0, -1.0, 1.468017, 0.0, 1.0, 0.0, 0.593581, 0.0, 0.0, 0.0, 1.0],
                [1.0, 0.0, 0.0, -5e-06, 0.0, 0.0, -1.0, 1.468017, 0.0, 1.0, 0.0, 0.593581, 0.0, 0.0, 0.0, 1.0],
                [1.0, 0.0, 0.0, -5e-06, 0.0, 0.0, -1.0, 1.468017, 0.0, 1.0, 0.0, 0.593581, 0.0, 0.0, 0.0, 1.0],
                [1.0, 0.0, 0.0, -5e-06, 0.0, 0.0, -1.0, 1.468017, 0.0, 1.0, 0.0, 0.593581, 0.0, 0.0, 0.0, 1.0],
                [1.0, 0.0, 0.0, -5e-06, 0.0, 0.0, -1.0, 1.468017, 0.0, 1.0, 0.0, 0.593581, 0.0, 0.0, 0.0, 1.0],
                [1.0, 0.0, 0.0, -5e-06, 0.0, 0.0, -1.0, 1.468017, 0.0, 1.0, 0.0, 0.593581, 0.0, 0.0, 0.0, 1.0],
                [1.0, 0.0, 0.0, -5e-06, 0.0, 0.0, -1.0, 1.468017, 0.0, 1.0, 0.0, 0.593581, 0.0, 0.0, 0.0, 1.0],
                [1.0, 0.0, 0.0, -5e-06, 0.0, 0.0, -1.0, 1.468017, 0.0, 1.0, 0.0, 0.593581, 0.0, 0.0, 0.0, 1.0],
                [1.0, 0.0, 0.0, -5e-06, 0.0, 0.0, -1.0, 1.468017, 0.0, 1.0, 0.0, 0.593581, 0.0, 0.0, 0.0, 1.0],
                [1.0, 0.0, 0.0, -5e-06, 0.0, 0.0, -1.0, 1.468017, 0.0, 1.0, 0.0, 0.593581, 0.0, 0.0, 0.0, 1.0],
                [1.0, 0.0, 0.0, -5e-06, 0.0, 0.0, -1.0, 1.468017, 0.0, 1.0, 0.0, 0.593581, 0.0, 0.0, 0.0, 1.0],
                [1.0, 0.0, 0.0, -5e-06, 0.0, 0.0, -1.0, 1.468017, 0.0, 1.0, 0.0, 0.593581, 0.0, 0.0, 0.0, 1.0],
                [1.0, 0.0, 0.0, -5e-06, 0.0, 0.0, -1.0, 1.468017, 0.0, 1.0, 0.0, 0.593581, 0.0, 0.0, 0.0, 1.0]
            ]
        },
        {
            "name": "Thigh_R",
            "time": [0.0, 0.0167, 0.0333, 0.05, 0.0667, 0.0833, 0.1, 0.1167, 0.1333, 0.15, 0.1667, 0.1833, 0.2, 0.2167, 0.2333, 0.25, 0.2667, 0.2833, 0.3, 0.3167, 0.3333, 0.35, 0.3667, 0.3833, 0.4, 0.4167, 0.4333, 0.45, 0.4667, 0.4833, 0.5, 0.5167, 0.5333, 0.55, 0.5667, 0.5833, 0.6, 0.6167, 0.6333, 0.65, 0.6667, 0.6833, 0.7, 0.7167, 0.7333, 0.75, 0.7667, 0.7833, 0.8, 0.8167, 0.8333, 0.85, 0.8667, 0.8833, 0.9, 0.9167, 0.9333, 0.95, 0.9667, 0.9833, 1.0, 1.0167, 1.0333, 1.05, 1.0667, 1.0833, 1.1, 1.1167, 1.1333, 1.15, 1.1667, 1.1833, 1.2, 1.2167, 1.2333, 1.25, 1.2667, 1.2833, 1.3, 1.3167, 1.3333, 1.35, 1.3667, 1.3833, 1.4, 1.4167, 1.4333, 1.45, 1.4667, 1.4833, 1.5, 1.5167, 1.5333, 1.55, 1.5667, 1.5833, 1.6],
            "transform": [
                [0.998915, 0.043824, -0.01578, 0.124994, 0.040726, -0.986165, -0.160684, -0.002831, -0.022603, 0.159867, -0.98688, -1.2e-05, 0.0, 0.0, 0.0, 1.0],
                [0.998914, 0.043816, -0.015848, 0.124994, 0.040911, -0.987574, -0.151735, -0.002831, -0.0223, 0.150921, -0.988294, -1.2e-05, 0.0, 0.0, 0.0, 1.0],
                [0.998912, 0.04379, -0.016039, 0.124994, 0.041422, -0.991139, -0.126206, -0.002831, -0.021423, 0.125404, -0.991874, -1.2e-05, 0.0, 0.0, 0.0, 1.0],
                [0.998909, 0.043741, -0.016332, 0.124994, 0.042183, -0.995408, -0.085928, -0.002831, -0.020015, 0.085145, -0.996167, -1.2e-05, 0.0, 0.0, 0.0, 1.0],
                [0.998907, 0.043663, -0.016705, 0.124994, 0.0431, -0.998534, -0.032727, -0.002831, -0.01811, 0.031972, -0.999325, -1.2e-05, 0.0, 0.0, 0.0, 1.0],
                [0.998904, 0.04355, -0.017137, 0.124994, 0.044071, -0.998536, 0.031343, -0.002831, -0.015747, -0.032064, -0.999362, -1.2e-05, 0.0, 0.0, 0.0, 1.0],
                [0.998903, 0.043396, -0.017602, 0.124994, 0.044995, -0.993574, 0.10385, -0.002831, -0.012982, -0.104528, -0.994437, -1.2e-05, 0.0, 0.0, 0.0, 1.0],
                [0.998903, 0.043203, -0.018074, 0.124994, 0.045775, -0.982245, 0.181933, -0.002831, -0.009893, -0.182561, -0.983145, -1.2e-05, 0.0, 0.0, 0.0, 1.0],
                [0.998904, 0.042979, -0.018527, 0.124994, 0.046337, -0.963849, 0.262387, -0.002831, -0.00658, -0.262958, -0.964785, -1.2e-05, 0.0, 0.0, 0.0, 1.0],
                [0.998907, 0.042736, -0.018935, 0.124994, 0.046636, -0.938591, 0.341866, -0.002831, -0.003162, -0.342375, -0.939558, -1.2e-05, 0.0, 0.0, 0.0, 1.0],
                [0.998911, 0.042495, -0.019278, 0.124994, 0.046663, -0.907634, 0.417159, -0.002831, 0.00023, -0.417604, -0.908629, -1.2e-05, 0.0, 0.0, 0.0, 1.0],
                [0.998915, 0.042282, -0.019539, 0.124994, 0.046449, -0.873021, 0.485465, -0.002831, 0.003468, -0.485846, -0.874037, -1.2e-05, 0.0, 0.0, 0.0, 1.0],
                [0.998918, 0.042119, -0.019712, 0.124994, 0.046054, -0.837207, 0.544943, -0.002831, 0.006449, -0.545262, -0.838241, -1.2e-05, 0.0, 0.0, 0.0, 1.0],
                [0.998921, 0.04201, -0.019809, 0.124994, 0.045538, -0.801901, 0.595719, -0.002831, 0.009141, -0.595978, -0.802948, -1.2e-05, 0.0, 0.0, 0.0, 1.0],
                [0.998922, 0.041953, -0.019849, 0.124994, 0.044955, -0.768323, 0.638481, -0.002831, 0.011536, -0.638686, -0.769381, -1.2e-05, 0.0, 0.0, 0.0, 1.0],
                [0.998923, 0.041941, -0.019846, 0.124994, 0.044351, -0.737407, 0.67399, -0.002831, 0.013633, -0.674145, -0.738474, -1.2e-05, 0.0, 0.0, 0.0, 1.0],
                [0.998923, 0.041964, -0.019813, 0.124994, 0.043764, -0.709837, 0.703005, -0.002831, 0.015437, -0.703115, -0.710909, -1.2e-05, 0.0, 0.0, 0.0, 1.0],
                [0.998922, 0.042015, -0.019762, 0.124994, 0.043224, -0.686085, 0.726236, -0.002831, 0.016954, -0.726307, -0.687161, -1.2e-05, 0.0, 0.0, 0.0, 1.0],
                [0.99892, 0.042081, -0.019702, 0.124994, 0.042756, -0.666459, 0.744315, -0.002831, 0.018191, -0.744353, -0.667538, -1.2e-05, 0.0, 0.0, 0.0, 1.0],
                [0.998918, 0.042152, -0.019642, 0.124994, 0.042377, -0.651139, 0.757774, -0.002831, 0.019152, -0.757787, -0.652221, -1.2e-05, 0.0, 0.0, 0.0, 1.0],
                [0.998916, 0.042217, -0.01959, 0.124994, 0.0421, -0.640209, 0.767046, -0.002831, 0.01984, -0.76704, -0.641292, -1.2e-05, 0.0, 0.0, 0.0, 1.0],
                [0.998915, 0.042264, -0.019553, 0.124994, 0.041932, -0.633682, 0.772456, -0.002831, 0.020256, -0.772438, -0.634767, -1.2e-05, 0.0, 0.0, 0.0, 1.0],
                [0.998915, 0.042282, -0.019539, 0.124994, 0.041875, -0.631521, 0.774227, -0.002831, 0.020396, -0.774205, -0.632607, -1.2e-05, 0.0, 0.0, 0.0, 1.0],
                [0.998915, 0.042282, -0.019539, 0.124994, 0.041875, -0.631521, 0.774227, -0.002831, 0.020396, -0.774205, -0.632607, -1.2e-05, 0.0, 0.0, 0.0, 1.0],
                [0.998915, 0.042282, -0.019539, 0.124994, 0.041875, -0.631521, 0.774227, -0.002831, 0.020396, -0.774205, -0.632607, -1.2e-05, 0.0, 0.0, 0.0, 1.0],
                [0.998915, 0.042282, -0.019539, 0.124994, 0.041875, -0.631521, 0.774227, -0.002831, 0.020396, -0.774205, -0.632607, -1.2e-05, 0.0, 0.0, 0.0, 1.0],
                [0.998915, 0.042282, -0.019539, 0.124994, 0.041875, -0.631521, 0.774227, -0.002831, 0.020396, -0.774205, -0.632607, -1.2e-05, 0.0, 0.0, 0.0, 1.0],
                [0.998915, 0.042282, -0.019539, 0.124994, 0.041875, -0.631521, 0.774227, -0.002831, 0.020396, -0.774205, -0.632607, -1.2e-05, 0.0, 0.0, 0.0, 1.0],
                [0.998915, 0.042282, -0.019539, 0.124994, 0.041875, -0.631521, 0.774227, -0.002831, 0.020396, -0.774205, -0.632607, -1.2e-05, 0.0, 0.0, 0.0, 1.0],
                [0.998915, 0.042282, -0.019539, 0.124994, 0.041875, -0.631521, 0.774227, -0.002831, 0.020396, -0.774205, -0.632607, -1.2e-05, 0.0, 0.0, 0.0, 1.0],
                [0.998915, 0.042282, -0.019539, 0.124994, 0.041875, -0.631521, 0.774227, -0.002831, 0.020396, -0.774205, -0.632607, -1.2e-05, 0.0, 0.0, 0.0, 1.0],
                [0.998915, 0.042282, -0.019539, 0.124994, 0.041875, -0.631521, 0.774227, -0.002831, 0.020396, -0.774205, -0.632607, -1.2e-05, 0.0, 0.0, 0.0, 1.0],
                [0.998915, 0.042282, -0.019539, 0.124994, 0.041875, -0.631521, 0.774227, -0.002831, 0.020396, -0.774205, -0.632607, -1.2e-05, 0.0, 0.0, 0.0, 1.0],
                [0.998915, 0.042282, -0.019539, 0.124994, 0.041875, -0.631521, 0.774227, -0.002831, 0.020396, -0.774205, -0.632607, -1.2e-05, 0.0, 0.0, 0.0, 1.0],
                [0.998915, 0.042282, -0.019539, 0.124994, 0.041875, -0.631521, 0.774227, -0.002831, 0.020396, -0.774205, -0.632607, -1.2e-05, 0.0, 0.0, 0.0, 1.0],
                [0.998915, 0.042282, -0.019539, 0.124994, 0.041875, -0.631521, 0.774227, -0.002831, 0.020396, -0.774205, -0.632607, -1.2e-05, 0.0, 0.0, 0.0, 1.0],
                [0.998915, 0.042282, -0.019539, 0.124994, 0.041875, -0.631521, 0.774227, -0.002831, 0.020396, -0.774205, -0.632607, -1.2e-05, 0.0, 0.0, 0.0, 1.0],
                [0.998915, 0.042282, -0.019539, 0.124994, 0.041875, -0.631521, 0.774227, -0.002831, 0.020396, -0.774205, -0.632607, -1.2e-05, 0.0, 0.0, 0.0, 1.0],
                [0.998915, 0.042282, -0.019539, 0.124994, 0.041875, -0.631521, 0.774227, -0.002831, 0.020396, -0.774205, -0.632607, -1.2e-05, 0.0, 0.0, 0.0, 1.0],
                [0.998915, 0.042282, -0.019539, 0.124994, 0.041875, -0.631521, 0.774227, -0.002831, 0.020396, -0.774205, -0.632607, -1.2e-05, 0.0, 0.0, 0.0, 1.0],
                [0.998915, 0.042282, -0.019539, 0.124994, 0.041875, -0.631521, 0.774227, -0.002831, 0.020396, -0.774205, -0.632607, -1.2e-05, 0.0, 0.0, 0.0, 1.0],
                [0.998915, 0.042282, -0.019539, 0.124994, 0.041875, -0.631521, 0.774227, -0.002831, 0.020396, -0.774205, -0.632607, -1.2e-05, 0.0, 0.0, 0.0, 1.0],
                [0.998915, 0.042282, -0.019539, 0.124994, 0.041875, -0.631521, 0.774227, -0.002831, 0.020396, -0.774205, -0.632607, -1.2e-05, 0.0, 0.0, 0.0, 1.0],
                [0.998915, 0.042282, -0.019539, 0.124994, 0.041875, -0.631521, 0.774227, -0.002831, 0.020396, -0.774205, -0.632607, -1.2e-05, 0.0, 0.0, 0.0, 1.0],
                [0.998915, 0.042282, -0.019539, 0.124994, 0.041875, -0.631521, 0.774227, -0.002831, 0.020396, -0.774205, -0.632607, -1.2e-05, 0.0, 0.0, 0.0, 1.0],
                [0.998915, 0.042282, -0.019539, 0.124994, 0.041875, -0.631521, 0.774227, -0.002831, 0.020396, -0.774205, -0.632607, -1.2e-05, 0.0, 0.0, 0.0, 1.0],
                [0.998915, 0.042282, -0.019539, 0.124994, 0.041875, -0.631521, 0.774227, -0.002831, 0.020396, -0.774205, -0.632607, -1.2e-05, 0.0, 0.0, 0.0, 1.0],
                [0.998915, 0.042282, -0.019539, 0.124994, 0.041875, -0.631521, 0.774227, -0.002831, 0.020396, -0.774205, -0.632607, -1.2e-05, 0.0, 0.0, 0.0, 1.0],
                [0.998915, 0.042282, -0.019539, 0.124994, 0.041875, -0.631521, 0.774227, -0.002831, 0.020396, -0.774205, -0.632607, -1.2e-05, 0.0, 0.0, 0.0, 1.0],
                [0.998915, 0.042282, -0.019539, 0.124994, 0.041875, -0.631521, 0.774227, -0.002831, 0.020396, -0.774205, -0.632607, -1.2e-05, 0.0, 0.0, 0.0, 1.0],
                [0.998915, 0.042282, -0.019539, 0.124994, 0.041875, -0.631521, 0.774227, -0.002831, 0.020396, -0.774205, -0.632607, -1.2e-05, 0.0, 0.0, 0.0, 1.0],
                [0.998915, 0.042282, -0.019539, 0.124994, 0.041875, -0.631521, 0.774227, -0.002831, 0.020396, -0.774205, -0.632607, -1.2e-05, 0.0, 0.0, 0.0, 1.0],
                [0.998915, 0.042282, -0.019539, 0.124994, 0.041875, -0.631521, 0.774227, -0.002831, 0.020396, -0.774205, -0.632607, -1.2e-05, 0.0, 0.0, 0.0, 1.0],
                [0.998915, 0.042282, -0.019539, 0.124994, 0.041875, -0.631521, 0.774227, -0.002831, 0.020396, -0.774205, -0.632607, -1.2e-05, 0.0, 0.0, 0.0, 1.0],
                [0.998915, 0.042282, -0.019539, 0.124994, 0.041875, -0.631521, 0.774227, -0.002831, 0.020396, -0.774205, -0.632607, -1.2e-05, 0.0, 0.0, 0.0, 1.0],
                [0.998915, 0.042282, -0.019539, 0.124994, 0.041875, -0.631521, 0.774227, -0.002831, 0.020396, -0.774205, -0.632607, -1.2e-05, 0.0, 0.0, 0.0, 1.0],
                [0.998915, 0.042282, -0.019539, 0.124994, 0.041875, -0.631521, 0.774227, -0.002831, 0.020396, -0.774205, -0.632607, -1.2e-05, 0.0, 0.0, 0.0, 1.0],
                [0.998915, 0.042282, -0.019539, 0.124994, 0.041875, -0.631521, 0.774227, -0.002831, 0.020396, -0.774205, -0.632607, -1.2e-05, 0.0, 0.0, 0.0, 1.0],
                [0.998915, 0.042282, -0.019539, 0.124994, 0.041875, -0.631521, 0.774227, -0.002831, 0.020396, -0.774205, -0.632607, -1.2e-05, 0.0, 0.0, 0.0, 1.0],
                [0.998915, 0.042282, -0.019539, 0.124994, 0.041875, -0.631521, 0.774227, -0.002831, 0.020396, -0.774205, -0.632607, -1.2e-05, 0.0, 0.0, 0.0, 1.0],
                [0.998915, 0.042282, -0.019539, 0.124994, 0.041875, -0.631521, 0.774227, -0.002831, 0.020396, -0.774205, -0.632607, -1.2e-05, 0.0, 0.0, 0.0, 1.0],
                [0.998915, 0.042282, -0.019539, 0.124994, 0.041875, -0.631521, 0.774227, -0.002831, 0.020396, -0.774205, -0.632607, -1.2e-05, 0.0, 0.0, 0.0, 1.0],
                [0.998915, 0.042282, -0.019539, 0.124994, 0.041875, -0.631521, 0.774227, -0.002831, 0.020396, -0.774205, -0.632607, -1.2e-05, 0.0, 0.0, 0.0, 1.0],
                [0.998915, 0.042282, -0.019539, 0.124994, 0.041875, -0.631521, 0.774227, -0.002831, 0.020396, -0.774205, -0.632607, -1.2e-05, 0.0, 0.0, 0.0, 1.0],
                [0.998915, 0.042282, -0.019539, 0.124994, 0.041875, -0.631521, 0.774227, -0.002831, 0.020396, -0.774205, -0.632607, -1.2e-05, 0.0, 0.0, 0.0, 1.0],
                [0.998915, 0.042282, -0.019539, 0.124994, 0.041875, -0.631521, 0.774227, -0.002831, 0.020396, -0.774205, -0.632607, -1.2e-05, 0.0, 0.0, 0.0, 1.0],
                [0.998915, 0.042282, -0.019539, 0.124994, 0.041875, -0.631521, 0.774227, -0.002831, 0.020396, -0.774205, -0.632607, -1.2e-05, 0.0, 0.0, 0.0, 1.0],
                [0.998915, 0.042282, -0.019539, 0.124994, 0.041875, -0.631521, 0.774227, -0.002831, 0.020396, -0.774205, -0.632607, -1.2e-05, 0.0, 0.0, 0.0, 1.0],
                [0.998915, 0.042282, -0.019539, 0.124994, 0.041875, -0.631521, 0.774227, -0.002831, 0.020396, -0.774205, -0.632607, -1.2e-05, 0.0, 0.0, 0.0, 1.0],
                [0.998915, 0.042282, -0.019539, 0.124994, 0.041875, -0.631521, 0.774227, -0.002831, 0.020396, -0.774205, -0.632607, -1.2e-05, 0.0, 0.0, 0.0, 1.0],
                [0.998915, 0.042282, -0.019539, 0.124994, 0.041875, -0.631521, 0.774227, -0.002831, 0.020396, -0.774205, -0.632607, -1.2e-05, 0.0, 0.0, 0.0, 1.0],
                [0.998915, 0.042282, -0.019539, 0.124994, 0.041875, -0.631521, 0.774227, -0.002831, 0.020396, -0.774205, -0.632607, -1.2e-05, 0.0, 0.0, 0.0, 1.0],
                [0.998915, 0.042282, -0.019539, 0.124994, 0.041875, -0.631521, 0.774227, -0.002831, 0.020396, -0.774205, -0.632607, -1.2e-05, 0.0, 0.0, 0.0, 1.0],
                [0.998915, 0.042282, -0.019539, 0.124994, 0.041875, -0.631521, 0.774227, -0.002831, 0.020396, -0.774205, -0.632607, -1.2e-05, 0.0, 0.0, 0.0, 1.0],
                [0.998915, 0.042282, -0.019539, 0.124994, 0.041875, -0.631521, 0.774227, -0.002831, 0.020396, -0.774205, -0.632607, -1.2e-05, 0.0, 0.0, 0.0, 1.0],
                [0.998915, 0.042282, -0.019539, 0.124994, 0.041875, -0.631521, 0.774227, -0.002831, 0.020396, -0.774205, -0.632607, -1.2e-05, 0.0, 0.0, 0.0, 1.0],
                [0.998915, 0.042282, -0.019539, 0.124994, 0.041875, -0.631521, 0.774227, -0.002831, 0.020396, -0.774205, -0.632607, -1.2e-05, 0.0, 0.0, 0.0, 1.0],
                [0.998915, 0.042282, -0.019539, 0.124994, 0.041875, -0.631521, 0.774227, -0.002831, 0.020396, -0.774205, -0.632607, -1.2e-05, 0.0, 0.0, 0.0, 1.0],
                [0.998915, 0.042282, -0.019539, 0.124994, 0.041875, -0.631521, 0.774227, -0.002831, 0.020396, -0.774205, -0.632607, -1.2e-05, 0.0, 0.0, 0.0, 1.0],
                [0.998915, 0.042282, -0.019539, 0.124994, 0.041875, -0.631521, 0.774227, -0.002831, 0.020396, -0.774205, -0.632607, -1.2e-05, 0.0, 0.0, 0.0, 1.0],
                [0.998915, 0.042282, -0.019539, 0.124994, 0.041875, -0.631521, 0.774227, -0.002831, 0.020396, -0.774205, -0.632607, -1.2e-05, 0.0, 0.0, 0.0, 1.0],
                [0.998915, 0.042282, -0.019539, 0.124994, 0.041875, -0.631521, 0.774227, -0.002831, 0.020396, -0.774205, -0.632607, -1.2e-05, 0.0, 0.0, 0.0, 1.0],
                [0.998915, 0.042282, -0.019539, 0.124994, 0.041875, -0.631521, 0.774227, -0.002831, 0.020396, -0.774205, -0.632607, -1.2e-05, 0.0, 0.0, 0.0, 1.0],
                [0.998915, 0.042282, -0.019539, 0.124994, 0.041875, -0.631521, 0.774227, -0.002831, 0.020396, -0.774205, -0.632607, -1.2e-05, 0.0, 0.0, 0.0, 1.0],
                [0.998915, 0.042282, -0.019539, 0.124994, 0.041875, -0.631521, 0.774227, -0.002831, 0.020396, -0.774205, -0.632607, -1.2e-05, 0.0, 0.0, 0.0, 1.0],
                [0.998915, 0.042282, -0.019539, 0.124994, 0.041875, -0.631521, 0.774227, -0.002831, 0.020396, -0.774205, -0.632607, -1.2e-05, 0.0, 0.0, 0.0, 1.0],
                [0.998915, 0.042282, -0.019539, 0.124994, 0.041875, -0.631521, 0.774227, -0.002831, 0.020396, -0.774205, -0.632607, -1.2e-05, 0.0, 0.0, 0.0, 1.0],
                [0.998915, 0.042282, -0.019539, 0.124994, 0.041875, -0.631521, 0.774227, -0.002831, 0.020396, -0.774205, -0.632607, -1.2e-05, 0.0, 0.0, 0.0, 1.0],
                [0.998915, 0.042282, -0.019539, 0.124994, 0.041875, -0.631521, 0.774227, -0.002831, 0.020396, -0.774205, -0.632607, -1.2e-05, 0.0, 0.0, 0.0, 1.0],
                [0.998915, 0.042282, -0.019539, 0.124994, 0.041875, -0.631521, 0.774227, -0.002831, 0.020396, -0.774205, -0.632607, -1.2e-05, 0.0, 0.0, 0.0, 1.0],
                [0.998915, 0.042282, -0.019539, 0.124994, 0.041875, -0.631521, 0.774227, -0.002831, 0.020396, -0.774205, -0.632607, -1.2e-05, 0.0, 0.0, 0.0, 1.0],
                [0.998915, 0.042282, -0.019539, 0.124994, 0.041875, -0.631521, 0.774227, -0.002831, 0.020396, -0.774205, -0.632607, -1.2e-05, 0.0, 0.0, 0.0, 1.0],
                [0.998915, 0.042282, -0.019539, 0.124994, 0.041875, -0.631521, 0.774227, -0.002831, 0.020396, -0.774205, -0.632607, -1.2e-05, 0.0, 0.0, 0.0, 1.0],
                [0.998915, 0.042282, -0.019539, 0.124994, 0.041875, -0.631521, 0.774227, -0.002831, 0.020396, -0.774205, -0.632607, -1.2e-05, 0.0, 0.0, 0.0, 1.0],
                [0.998915, 0.042282, -0.019539, 0.124994, 0.041875, -0.631521, 0.774227, -0.002831, 0.020396, -0.774205, -0.632607, -1.2e-05, 0.0, 0.0, 0.0, 1.0],
                [0.998915, 0.042282, -0.019539, 0.124994, 0.041875, -0.631521, 0.774227, -0.002831, 0.020396, -0.774205, -0.632607, -1.2e-05, 0.0, 0.0, 0.0, 1.0],
                [0.998915, 0.042282, -0.019539, 0.124994, 0.041875, -0.631521, 0.774227, -0.002831, 0.020396, -0.774205, -0.632607, -1.2e-05, 0.0, 0.0, 0.0, 1.0]
            ]
        },
        {
            "name": "Leg_R",
            "time": [0.0, 0.0167, 0.0333, 0.05, 0.0667, 0.0833, 0.1, 0.1167, 0.1333, 0.15, 0.1667, 0.1833, 0.2, 0.2167, 0.2333, 0.25, 0.2667, 0.2833, 0.3, 0.3167, 0.3333, 0.35, 0.3667, 0.3833, 0.4, 0.4167, 0.4333, 0.45, 0.4667, 0.4833, 0.5, 0.5167, 0.5333, 0.55, 0.5667, 0.5833, 0.6, 0.6167, 0.6333, 0.65, 0.6667, 0.6833, 0.7, 0.7167, 0.7333, 0.75, 0.7667, 0.7833, 0.8, 0.8167, 0.8333, 0.85, 0.8667, 0.8833, 0.9, 0.9167, 0.9333, 0.95, 0.9667, 0.9833, 1.0, 1.0167, 1.0333, 1.05, 1.0667, 1.0833, 1.1, 1.1167, 1.1333, 1.15, 1.1667, 1.1833, 1.2, 1.2167, 1.2333, 1.25, 1.2667, 1.2833, 1.3, 1.3167, 1.3333, 1.35, 1.3667, 1.3833, 1.4, 1.4167, 1.4333, 1.45, 1.4667, 1.4833, 1.5, 1.5167, 1.5333, 1.55, 1.5667, 1.5833, 1.6],
            "transform": [
                [0.999709, -0.004037, -0.023768, -0.0, 0.013754, 0.905209, 0.424744, 0.37472, 0.0198, -0.424947, 0.905002, 0.0, 0.0, 0.0, 0.0, 1.0],
                [0.999716, -0.0038, -0.023528, -0.0, 0.013636, 0.900876, 0.433863, 0.37472, 0.019547, -0.43406, 0.900672, -0.0, 0.0, 0.0, 0.0, 1.0],
                [0.999734, -0.003162, -0.022858, 0.0, 0.013297, 0.8885, 0.458683, 0.37472, 0.01886, -0.458865, 0.888306, 0.0, 0.0, 0.0, 0.0, 1.0],
                [0.999759, -0.00224, -0.021822, -0.0, 0.012755, 0.868677, 0.495215, 0.37472, 0.017847, -0.495374, 0.868496, 0.0, 0.0, 0.0, 0.0, 1.0],
                [0.99979, -0.001158, -0.020485, 0.0, 0.012025, 0.842013, 0.539324, 0.37472, 0.016624, -0.539457, 0.841849, -0.0, 0.0, 0.0, 0.0, 1.0],
                [0.999821, -3.2e-05, -0.018927, -0.0, 0.011136, 0.80958, 0.586904, 0.37472, 0.015304, -0.58701, 0.809435, 0.0, 0.0, 0.0, 0.0, 1.0],
                [0.999851, 0.001037, -0.017249, 0.0, 0.010137, 0.77318, 0.634106, 0.37472, 0.013994, -0.634186, 0.773054, -0.0, 0.0, 0.0, 0.0, 1.0],
                [0.999877, 0.001973, -0.01557, 0.0, 0.0091, 0.735407, 0.677565, 0.37472, 0.012787, -0.677623, 0.735298, 0.0, 0.0, 0.0, 0.0, 1.0],
                [0.999898, 0.002727, -0.014024, -0.0, 0.008114, 0.699526, 0.714561, 0.37472, 0.011759, -0.714602, 0.699433, 0.0, 0.0, 0.0, 0.0, 1.0],
                [0.999913, 0.003277, -0.01275, 0.0, 0.007281, 0.669236, 0.743015, 0.37472, 0.010967, -0.743043, 0.669154, -0.0, 0.0, 0.0, 0.0, 1.0],
                [0.999923, 0.003614, -0.011888, 0.0, 0.006708, 0.648378, 0.761289, 0.37472, 0.010459, -0.76131, 0.648304, -0.0, 0.0, 0.0, 0.0, 1.0],
                [0.999926, 0.00373, -0.011572, -0.0, 0.006495, 0.640661, 0.767797, 0.37472, 0.010278, -0.767815, 0.640589, 0.0, 0.0, 0.0, 0.0, 1.0],
                [0.999926, 0.00373, -0.011572, -0.0, 0.006495, 0.640661, 0.767797, 0.37472, 0.010278, -0.767815, 0.640589, 0.0, 0.0, 0.0, 0.0, 1.0],
                [0.999926, 0.00373, -0.011572, -0.0, 0.006495, 0.640661, 0.767797, 0.37472, 0.010278, -0.767815, 0.640589, 0.0, 0.0, 0.0, 0.0, 1.0],
                [0.999926, 0.00373, -0.011572, 0.0, 0.006495, 0.640661, 0.767797, 0.37472, 0.010278, -0.767815, 0.640589, -0.0, 0.0, 0.0, 0.0, 1.0],
                [0.999926, 0.00373, -0.011572, -0.0, 0.006495, 0.640661, 0.767797, 0.37472, 0.010278, -0.767815, 0.640589, -0.0, 0.0, 0.0, 0.0, 1.0],
                [0.999926, 0.00373, -0.011572, -0.0, 0.006495, 0.640661, 0.767797, 0.37472, 0.010278, -0.767815, 0.640589, -0.0, 0.0, 0.0, 0.0, 1.0],
                [0.999926, 0.00373, -0.011572, -0.0, 0.006495, 0.640661, 0.767797, 0.37472, 0.010278, -0.767815, 0.640589, 0.0, 0.0, 0.0, 0.0, 1.0],
                [0.999926, 0.00373, -0.011572, -0.0, 0.006495, 0.640661, 0.767797, 0.37472, 0.010278, -0.767815, 0.640589, -0.0, 0.0, 0.0, 0.0, 1.0],
                [0.999926, 0.00373, -0.011572, -0.0, 0.006495, 0.640661, 0.767797, 0.37472, 0.010278, -0.767815, 0.640589, 0.0, 0.0, 0.0, 0.0, 1.0],
                [0.999926, 0.00373, -0.011572, -0.0, 0.006495, 0.640661, 0.767797, 0.37472, 0.010278, -0.767815, 0.640589, -0.0, 0.0, 0.0, 0.0, 1.0],
                [0.999926, 0.00373, -0.011572, -0.0, 0.006495, 0.640661, 0.767797, 0.37472, 0.010278, -0.767815, 0.640589, -0.0, 0.0, 0.0, 0.0, 1.0],
