{
    "armature": {
        "joints": ["Root", "Thigh_R", "Leg_R", "Knee_R", "Thigh_L", "Leg_L", "Knee_L", "Torso", "Chest", "Head", "Shoulder_R", "Arm_R", "Hand_R", "Tool_R", "Elbow_R", "Shoulder_L", "Arm_L", "Hand_L", "Tool_L", "Elbow_L"],
        "hierarchy": [
            {
                "name": "Root",
                "transform": [1.0, 0.0, 0.0, -5e-06, 0.0, 0.0, -1.0, 0.000946, 0.0, 1.0, 0.0, 0.763972, 0.0, 0.0, 0.0, 1.0],
                "children": [
                    {
                        "name": "Thigh_R",
                        "transform": [1.0, -0.0, -0.0, 0.124994, -0.0, -1.0, 0.0, -0.002831, -0.0, -0.0, -1.0, -1.2e-05, 0.0, 0.0, 0.0, 1.0],
                        "children": [
                            {
                                "name": "Leg_R",
                                "transform": [1.0, 0.0, 1e-06, 0.0, -0.0, 1.0, 0.0, 0.37472, -1e-06, -0.0, 1.0, -0.0, 0.0, 0.0, 0.0, 1.0],
                                "children": []
                            },
                            {
                                "name": "Knee_R",
                                "transform": [1.0, 0.0, -0.0, 0.0, -0.0, 0.0, -1.0, 0.37472, -0.0, 1.0, 0.0, -0.0, 0.0, 0.0, 0.0, 1.0],
                                "children": []
                            }
                        ]
                    },
                    {
                        "name": "Thigh_L",
                        "transform": [1.0, -0.0, -0.0, -0.125006, -0.0, -1.0, 0.0, -0.002831, -0.0, -0.0, -1.0, -1.2e-05, 0.0, 0.0, 0.0, 1.0],
                        "children": [
                            {
                                "name": "Leg_L",
                                "transform": [1.0, 0.0, 1e-06, -0.0, -0.0, 1.0, 0.0, 0.37472, -1e-06, -0.0, 1.0, 0.0, 0.0, 0.0, 0.0, 1.0],
                                "children": []
                            },
                            {
                                "name": "Knee_L",
                                "transform": [1.0, 0.0, -0.0, -0.0, -0.0, 0.0, -1.0, 0.37472, -0.0, 1.0, 0.0, 0.0, 0.0, 0.0, 0.0, 1.0],
                                "children": []
                            }
                        ]
                    },
                    {
                        "name": "Torso",
                        "transform": [1.0, 0.0, 0.0, 0.0, 0.0, 1.0, 0.0, 0.05, 0.0, 0.0, 1.0, 0.0, 0.0, 0.0, 0.0, 1.0],
                        "children": [
                            {
                                "name": "Chest",
                                "transform": [1.0, 0.0, 0.0, 0.0, 0.0, 1.0, 0.0, 0.3, 0.0, 0.0, 1.0, 0.0, 0.0, 0.0, 0.0, 1.0],
                                "children": [
                                    {
                                        "name": "Head",
                                        "transform": [1.0, 0.0, 0.0, 0.0, 0.0, 1.0, 0.0, 0.4, 0.0, 0.0, 1.0, 0.0, 0.0, 0.0, 0.0, 1.0],
                                        "children": []
                                    },
                                    {
                                        "name": "Shoulder_R",
                                        "transform": [0.0, 0.952114, 0.305743, 0.0, 0.0, -0.305743, 0.952114, 0.4, 1.0, 0.0, -0.0, 0.0, 0.0, 0.0, 0.0, 1.0],
                                        "children": [
                                            {
                                                "name": "Arm_R",
                                                "transform": [0.0, -0.0, -1.0, -0.0, 0.952114, 0.305743, 0.0, 0.39386, 0.305743, -0.952114, 0.0, 0.0, 0.0, 0.0, 0.0, 1.0],
                                                "children": [
                                                    {
                                                        "name": "Hand_R",
                                                        "transform": [1.0, 0.0, 0.0, 0.0, -0.0, 0.993938, 0.109947, 0.3, -0.0, -0.109947, 0.993937, 0.0, 0.0, 0.0, 0.0, 1.0],
                                                        "children": [
                                                            {
                                                                "name": "Tool_R",
                                                                "transform": [1.0, 0.0, 0.0, -0.0, 0.0, -0.999836, 0.018122, 0.272858, 0.0, -0.018122, -0.999836, 0.0, 0.0, 0.0, 0.0, 1.0],
                                                                "children": []
                                                            }
                                                        ]
                                                    },
                                                    {
                                                        "name": "Elbow_R",
                                                        "transform": [-1.0, 0.0, -0.0, 0.0, 0.0, 0.0, -1.0, 0.3, -0.0, -1.0, -0.0, 0.0, 0.0, 0.0, 0.0, 1.0],
                                                        "children": []
                                                    }
                                                ]
                                            }
                                        ]
                                    },
                                    {
                                        "name": "Shoulder_L",
                                        "transform": [-0.0, -0.952114, -0.305743, 0.0, 0.0, -0.305743, 0.952114, 0.4, -1.0, 0.0, 0.0, 0.0, 0.0, 0.0, 0.0, 1.0],
                                        "children": [
                                            {
                                                "name": "Arm_L",
                                                "transform": [-0.0, -0.0, 1.0, -0.0, -0.952114, 0.305743, -0.0, 0.39386, -0.305743, -0.952114, -0.0, 0.0, 0.0, 0.0, 0.0, 1.0],
                                                "children": [
                                                    {
                                                        "name": "Hand_L",
                                                        "transform": [1.0, -0.0, 0.0, -0.0, 0.0, 0.993937, 0.109947, 0.3, -0.0, -0.109947, 0.993937, 0.0, 0.0, 0.0, 0.0, 1.0],
                                                        "children": [
                                                            {
                                                                "name": "Tool_L",
                                                                "transform": [1.0, 0.0, 0.0, -0.0, -0.0, -0.999836, 0.018122, 0.272858, 0.0, -0.018122, -0.999836, -0.0, 0.0, 0.0, 0.0, 1.0],
                                                                "children": []
                                                            }
                                                        ]
                                                    },
                                                    {
                                                        "name": "Elbow_L",
                                                        "transform": [-1.0, 0.0, -0.0, -0.0, 0.0, -0.0, -1.0, 0.3, -0.0, -1.0, 0.0, 0.0, 0.0, 0.0, 0.0, 1.0],
                                                        "children": []
                                                    }
                                                ]
                                            }
                                        ]
                                    }
                                ]
                            }
                        ]
                    }
                ]
            }
        ]
    },
    "animation": [
        {
            "name": "Root",
            "time": [0.0, 0.0167, 0.0333, 0.05, 0.0667, 0.0833, 0.1, 0.1167, 0.1333, 0.15, 0.1667, 0.1833, 0.2, 0.2167, 0.2333, 0.25, 0.2667, 0.2833, 0.3, 0.3167, 0.3333, 0.35, 0.3667, 0.3833, 0.4, 0.4167, 0.4333, 0.45, 0.4667, 0.4833, 0.5, 0.5167, 0.5333, 0.55, 0.5667, 0.5833, 0.6, 0.6167, 0.6333, 0.65, 0.6667, 0.6833, 0.7, 0.7167, 0.7333, 0.75, 0.7667, 0.7833, 0.8, 0.8167, 0.8333, 0.85, 0.8667, 0.8833, 0.9, 0.9167, 0.9333, 0.95, 0.9667, 0.9833, 1.0, 1.0167, 1.0333, 1.05, 1.0667, 1.0833, 1.1, 1.1167, 1.1333, 1.15, 1.1667, 1.1833, 1.2, 1.2167, 1.2333, 1.25, 1.2667, 1.2833, 1.3, 1.3167, 1.3333, 1.35, 1.3667, 1.3833, 1.4, 1.4167, 1.4333, 1.45, 1.4667, 1.4833, 1.5, 1.5167, 1.5333, 1.55, 1.5667, 1.5833, 1.6],
            "transform": [
                [1.0, 0.0, 0.0, 0.003013, 0.0, 0.0, -1.0, -0.002071, 0.0, 1.0, 0.0, 0.688546, 0.0, 0.0, 0.0, 1.0],
                [1.0, 0.0, 0.0, 0.002711, 0.0, 0.0, -1.0, 0.000909, 0.0, 1.0, 0.0, 0.688546, 0.0, 0.0, 0.0, 1.0],
                [1.0, 0.0, 0.0, 0.002409, 0.0, 0.0, -1.0, 0.003889, 0.0, 1.0, 0.0, 0.688546, 0.0, 0.0, 0.0, 1.0],
                [1.0, 0.0, 0.0, 0.002108, 0.0, 0.0, -1.0, 0.006869, 0.0, 1.0, 0.0, 0.688546, 0.0, 0.0, 0.0, 1.0],
                [1.0, 0.0, 0.0, 0.001806, 0.0, 0.0, -1.0, 0.009849, 0.0, 1.0, 0.0, 0.688546, 0.0, 0.0, 0.0, 1.0],
                [1.0, 0.0, 0.0, 0.001504, 0.0, 0.0, -1.0, 0.01283, 0.0, 1.0, 0.0, 0.688546, 0.0, 0.0, 0.0, 1.0],
                [1.0, 0.0, 0.0, 0.001202, 0.0, 0.0, -1.0, 0.01581, 0.0, 1.0, 0.0, 0.688546, 0.0, 0.0, 0.0, 1.0],
                [1.0, 0.0, 0.0, 0.000901, 0.0, 0.0, -1.0, 0.01879, 0.0, 1.0, 0.0, 0.688546, 0.0, 0.0, 0.0, 1.0],
                [1.0, 0.0, 0.0, 0.000599, 0.0, 0.0, -1.0, 0.02177, 0.0, 1.0, 0.0, 0.688546, 0.0, 0.0, 0.0, 1.0],
                [1.0, 0.0, 0.0, 0.000297, 0.0, 0.0, -1.0, 0.02475, 0.0, 1.0, 0.0, 0.688546, 0.0, 0.0, 0.0, 1.0],
                [1.0, 0.0, 0.0, -5e-06, 0.0, 0.0, -1.0, 0.02773, 0.0, 1.0, 0.0, 0.688546, 0.0, 0.0, 0.0, 1.0],
                [1.0, 0.0, 0.0, -5e-06, 0.0, 0.0, -1.0, 0.026627, 0.0, 1.0, 0.0, 0.688546, 0.0, 0.0, 0.0, 1.0],
                [1.0, 0.0, 0.0, -5e-06, 0.0, 0.0, -1.0, 0.0189, 0.0, 1.0, 0.0, 0.688546, 0.0, 0.0, 0.0, 1.0],
                [1.0, 0.0, 0.0, -5e-06, 0.0, 0.0, -1.0, -0.002071, 0.0, 1.0, 0.0, 0.688546, 0.0, 0.0, 0.0, 1.0],
                [1.0, 0.0, 0.0, -5e-06, 0.0, 0.0, -1.0, -0.040451, 0.0, 1.0, 0.0, 0.688546, 0.0, 0.0, 0.0, 1.0],
                [1.0, 0.0, 0.0, -5e-06, 0.0, 0.0, -1.0, -0.086618, 0.0, 1.0, 0.0, 0.688546, 0.0, 0.0, 0.0, 1.0],
                [1.0, 0.0, 0.0, -5e-06, 0.0, 0.0, -1.0, -0.126515, 0.0, 1.0, 0.0, 0.688546, 0.0, 0.0, 0.0, 1.0],
                [1.0, 0.0, 0.0, -5e-06, 0.0, 0.0, -1.0, -0.156629, 0.0, 1.0, 0.0, 0.688546, 0.0, 0.0, 0.0, 1.0],
                [1.0, 0.0, 0.0, -5e-06, 0.0, 0.0, -1.0, -0.182984, 0.0, 1.0, 0.0, 0.688546, 0.0, 0.0, 0.0, 1.0],
                [1.0, 0.0, 0.0, -5e-06, 0.0, 0.0, -1.0, -0.20583, 0.0, 1.0, 0.0, 0.688546, 0.0, 0.0, 0.0, 1.0],
                [1.0, 0.0, 0.0, -5e-06, 0.0, 0.0, -1.0, -0.225419, 0.0, 1.0, 0.0, 0.688546, 0.0, 0.0, 0.0, 1.0],
                [1.0, 0.0, 0.0, -5e-06, 0.0, 0.0, -1.0, -0.242, 0.0, 1.0, 0.0, 0.688546, 0.0, 0.0, 0.0, 1.0],
                [1.0, 0.0, 0.0, -5e-06, 0.0, 0.0, -1.0, -0.255825, 0.0, 1.0, 0.0, 0.688546, 0.0, 0.0, 0.0, 1.0],
                [1.0, 0.0, 0.0, -5e-06, 0.0, 0.0, -1.0, -0.267144, 0.0, 1.0, 0.0, 0.688546, 0.0, 0.0, 0.0, 1.0],
                [1.0, 0.0, 0.0, -5e-06, 0.0, 0.0, -1.0, -0.276207, 0.0, 1.0, 0.0, 0.688546, 0.0, 0.0, 0.0, 1.0],
                [1.0, 0.0, 0.0, -5e-06, 0.0, 0.0, -1.0, -0.283266, 0.0, 1.0, 0.0, 0.688546, 0.0, 0.0, 0.0, 1.0],
                [1.0, 0.0, 0.0, -5e-06, 0.0, 0.0, -1.0, -0.28857, 0.0, 1.0, 0.0, 0.688546, 0.0, 0.0, 0.0, 1.0],
                [1.0, 0.0, 0.0, -5e-06, 0.0, 0.0, -1.0, -0.292371, 0.0, 1.0, 0.0, 0.688546, 0.0, 0.0, 0.0, 1.0],
                [1.0, 0.0, 0.0, -5e-06, 0.0, 0.0, -1.0, -0.294919, 0.0, 1.0, 0.0, 0.688546, 0.0, 0.0, 0.0, 1.0],
                [1.0, 0.0, 0.0, -5e-06, 0.0, 0.0, -1.0, -0.296464, 0.0, 1.0, 0.0, 0.688546, 0.0, 0.0, 0.0, 1.0],
                [1.0, 0.0, 0.0, -5e-06, 0.0, 0.0, -1.0, -0.297258, 0.0, 1.0, 0.0, 0.688546, 0.0, 0.0, 0.0, 1.0],
                [1.0, 0.0, 0.0, -5e-06, 0.0, 0.0, -1.0, -0.29755, 0.0, 1.0, 0.0, 0.688546, 0.0, 0.0, 0.0, 1.0],
                [1.0, 0.0, 0.0, -5e-06, 0.0, 0.0, -1.0, -0.297592, 0.0, 1.0, 0.0, 0.688546, 0.0, 0.0, 0.0, 1.0],
                [1.0, 0.0, 0.0, -5e-06, 0.0, 0.0, -1.0, -0.267367, 0.0, 1.0, 0.0, 0.688546, 0.0, 0.0, 0.0, 1.0],
                [1.0, 0.0, 0.0, -5e-06, 0.0, 0.0, -1.0, -0.183921, 0.0, 1.0, 0.0, 0.688546, 0.0, 0.0, 0.0, 1.0],
                [1.0, 0.0, 0.0, -5e-06, 0.0, 0.0, -1.0, -0.058097, 0.0, 1.0, 0.0, 0.688546, 0.0, 0.0, 0.0, 1.0],
                [1.0, 0.0, 0.0, -5e-06, 0.0, 0.0, -1.0, 0.099261, 0.0, 1.0, 0.0, 0.688546, 0.0, 0.0, 0.0, 1.0],
                [1.0, 0.0, 0.0, -5e-06, 0.0, 0.0, -1.0, 0.27731, 0.0, 1.0, 0.0, 0.688546, 0.0, 0.0, 0.0, 1.0],
                [1.0, 0.0, 0.0, -5e-06, 0.0, 0.0, -1.0, 0.465206, 0.0, 1.0, 0.0, 0.688546, 0.0, 0.0, 0.0, 1.0],
                [1.0, 0.0, 0.0, -5e-06, 0.0, 0.0, -1.0, 0.652106, 0.0, 1.0, 0.0, 0.688546, 0.0, 0.0, 0.0, 1.0],
                [1.0, 0.0, 0.0, -5e-06, 0.0, 0.0, -1.0, 0.827166, 0.0, 1.0, 0.0, 0.688546, 0.0, 0.0, 0.0, 1.0],
                [1.0, 0.0, 0.0, -5e-06, 0.0, 0.0, -1.0, 0.981434, 0.0, 1.0, 0.0, 0.688546, 0.0, 0.0, 0.0, 1.0],
                [1.0, 0.0, 0.0, -5e-06, 0.0, 0.0, -1.0, 1.113516, 0.0, 1.0, 0.0, 0.688546, 0.0, 0.0, 0.0, 1.0],
                [1.0, 0.0, 0.0, -5e-06, 0.0, 0.0, -1.0, 1.223911, 0.0, 1.0, 0.0, 0.688546, 0.0, 0.0, 0.0, 1.0],
                [1.0, 0.0, 0.0, -5e-06, 0.0, 0.0, -1.0, 1.313118, 0.0, 1.0, 0.0, 0.688546, 0.0, 0.0, 0.0, 1.0],
                [1.0, 0.0, 0.0, -5e-06, 0.0, 0.0, -1.0, 1.381633, 0.0, 1.0, 0.0, 0.688546, 0.0, 0.0, 0.0, 1.0],
                [1.0, 0.0, 0.0, -5e-06, 0.0, 0.0, -1.0, 1.429956, 0.0, 1.0, 0.0, 0.688546, 0.0, 0.0, 0.0, 1.0],
                [1.0, 0.0, 0.0, -5e-06, 0.0, 0.0, -1.0, 1.458585, 0.0, 1.0, 0.0, 0.688546, 0.0, 0.0, 0.0, 1.0],
                [1.0, 0.0, 0.0, -5e-06, 0.0, 0.0, -1.0, 1.468017, 0.0, 1.0, 0.0, 0.688546, 0.0, 0.0, 0.0, 1.0],
                [1.0, 0.0, 0.0, -5e-06, 0.0, 0.0, -1.0, 1.468017, 0.0, 1.0, 0.0, 0.688546, 0.0, 0.0, 0.0, 1.0],
                [1.0, 0.0, 0.0, -5e-06, 0.0, 0.0, -1.0, 1.468017, 0.0, 1.0, 0.0, 0.688546, 0.0, 0.0, 0.0, 1.0],
                [1.0, 0.0, 0.0, -5e-06, 0.0, 0.0, -1.0, 1.468017, 0.0, 1.0, 0.0, 0.688546, 0.0, 0.0, 0.0, 1.0],
                [1.0, 0.0, 0.0, -5e-06, 0.0, 0.0, -1.0, 1.468017, 0.0, 1.0, 0.0, 0.688546, 0.0, 0.0, 0.0, 1.0],
                [1.0, 0.0, 0.0, -5e-06, 0.0, 0.0, -1.0, 1.468017, 0.0, 1.0, 0.0, 0.688546, 0.0, 0.0, 0.0, 1.0],
                [1.0, 0.0, 0.0, -5e-06, 0.0, 0.0, -1.0, 1.468017, 0.0, 1.0, 0.0, 0.688546, 0.0, 0.0, 0.0, 1.0],
                [1.0, 0.0, 0.0, -5e-06, 0.0, 0.0, -1.0, 1.468017, 0.0, 1.0, 0.0, 0.688546, 0.0, 0.0, 0.0, 1.0],
                [1.0, 0.0, 0.0, -5e-06, 0.0, 0.0, -1.0, 1.468017, 0.0, 1.0, 0.0, 0.688546, 0.0, 0.0, 0.0, 1.0],
                [1.0, 0.0, 0.0, -5e-06, 0.0, 0.0, -1.0, 1.468017, 0.0, 1.0, 0.0, 0.688546, 0.0, 0.0, 0.0, 1.0],
                [1.0, 0.0, 0.0, -5e-06, 0.0, 0.0, -1.0, 1.468017, 0.0, 1.0, 0.0, 0.688546, 0.0, 0.0, 0.0, 1.0],
                [1.0, 0.0, 0.0, -5e-06, 0.0, 0.0, -1.0, 1.468017, 0.0, 1.0, 0.0, 0.688546, 0.0, 0.0, 0.0, 1.0],
                [1.0, 0.0, 0.0, -5e-06, 0.0, 0.0, -1.0, 1.468017, 0.0, 1.0, 0.0, 0.688546, 0.0, 0.0, 0.0, 1.0],
                [1.0, 0.0, 0.0, -5e-06, 0.0, 0.0, -1.0, 1.468017, 0.0, 1.0, 0.0, 0.688546, 0.0, 0.0, 0.0, 1.0],
                [1.0, 0.0, 0.0, -5e-06, 0.0, 0.0, -1.0, 1.468017, 0.0, 1.0, 0.0, 0.688546, 0.0, 0.0, 0.0, 1.0],
                [1.0, 0.0, 0.0, -5e-06, 0.0, 0.0, -1.0, 1.468017, 0.0, 1.0, 0.0, 0.688546, 0.0, 0.0, 0.0, 1.0],
                [1.0, 0.0, 0.0, -5e-06, 0.0, 0.0, -1.0, 1.468017, 0.0, 1.0, 0.0, 0.688546, 0.0, 0.0, 0.0, 1.0],
                [1.0, 0.0, 0.0, -5e-06, 0.0, 0.0, -1.0, 1.468017, 0.0, 1.0, 0.0, 0.688546, 0.0, 0.0, 0.0, 1.0],
                [1.0, 0.0, 0.0, -5e-06, 0.0, 0.0, -1.0, 1.468017, 0.0, 1.0, 0.0, 0.688546, 0.0, 0.0, 0.0, 1.0],
                [1.0, 0.0, 0.0, -5e-06, 0.0, 0.0, -1.0, 1.468017, 0.0, 1.0, 0.0, 0.688546, 0.0, 0.0, 0.0, 1.0],
                [1.0, 0.0, 0.0, -5e-06, 0.0, 0.0, -1.0, 1.468017, 0.0, 1.0, 0.0, 0.688546, 0.0, 0.0, 0.0, 1.0],
                [1.0, 0.0, 0.0, -5e-06, 0.0, 0.0, -1.0, 1.468017, 0.0, 1.0, 0.0, 0.688546, 0.0, 0.0, 0.0, 1.0],
                [1.0, 0.0, 0.0, -5e-06, 0.0, 0.0, -1.0, 1.468017, 0.0, 1.0, 0.0, 0.688546, 0.0, 0.0, 0.0, 1.0],
                [1.0, 0.0, 0.0, -5e-06, 0.0, 0.0, -1.0, 1.468017, 0.0, 1.0, 0.0, 0.688546, 0.0, 0.0, 0.0, 1.0],
                [1.0, 0.0, 0.0, -5e-06, 0.0, 0.0, -1.0, 1.468017, 0.0, 1.0, 0.0, 0.688546, 0.0, 0.0, 0.0, 1.0],
                [1.0, 0.0, 0.0, -5e-06, 0.0, 0.0, -1.0, 1.468017, 0.0, 1.0, 0.0, 0.688546, 0.0, 0.0, 0.0, 1.0],
                [1.0, 0.0, 0.0, -5e-06, 0.0, 0.0, -1.0, 1.468017, 0.0, 1.0, 0.0, 0.688546, 0.0, 0.0, 0.0, 1.0],
                [1.0, 0.0, 0.0, -5e-06, 0.0, 0.0, -1.0, 1.468017, 0.0, 1.0, 0.0, 0.688546, 0.0, 0.0, 0.0, 1.0],
                [1.0, 0.0, 0.0, -5e-06, 0.0, 0.0, -1.0, 1.468017, 0.0, 1.0, 0.0, 0.688546, 0.0, 0.0, 0.0, 1.0],
                [1.0, 0.0, 0.0, -5e-06, 0.0, 0.0, -1.0, 1.468017, 0.0, 1.0, 0.0, 0.688546, 0.0, 0.0, 0.0, 1.0],
                [1.0, 0.0, 0.0, -5e-06, 0.0, 0.0, -1.0, 1.468017, 0.0, 1.0, 0.0, 0.688546, 0.0, 0.0, 0.0, 1.0],
                [1.0, 0.0, 0.0, -5e-06, 0.0, 0.0, -1.0, 1.468017, 0.0, 1.0, 0.0, 0.688546, 0.0, 0.0, 0.0, 1.0],
                [1.0, 0.0, 0.0, -5e-06, 0.0, 0.0, -1.0, 1.468017, 0.0, 1.0, 0.0, 0.688546, 0.0, 0.0, 0.0, 1.0],
                [1.0, 0.0, 0.0, -5e-06, 0.0, 0.0, -1.0, 1.468017, 0.0, 1.0, 0.0, 0.688546, 0.0, 0.0, 0.0, 1.0],
                [1.0, 0.0, 0.0, -5e-06, 0.0, 0.0, -1.0, 1.468017, 0.0, 1.0, 0.0, 0.688546, 0.0, 0.0, 0.0, 1.0],
                [1.0, 0.0, 0.0, -5e-06, 0.0, 0.0, -1.0, 1.468017, 0.0, 1.0, 0.0, 0.688546, 0.0, 0.0, 0.0, 1.0],
                [1.0, 0.0, 0.0, -5e-06, 0.0, 0.0, -1.0, 1.468017, 0.0, 1.0, 0.0, 0.688546, 0.0, 0.0, 0.0, 1.0],
                [1.0, 0.0, 0.0, -5e-06, 0.0, 0.0, -1.0, 1.468017, 0.0, 1.0, 0.0, 0.688546, 0.0, 0.0, 0.0, 1.0],
                [1.0, 0.0, 0.0, -5e-06, 0.0, 0.0, -1.0, 1.468017, 0.0, 1.0, 0.0, 0.688546, 0.0, 0.0, 0.0, 1.0],
                [1.0, 0.0, 0.0, -5e-06, 0.0, 0.0, -1.0, 1.468017, 0.0, 1.0, 0.0, 0.688546, 0.0, 0.0, 0.0, 1.0],
                [1.0, 0.0, 0.0, -5e-06, 0.0, 0.0, -1.0, 1.468017, 0.0, 1.0, 0.0, 0.688546, 0.0, 0.0, 0.0, 1.0],
                [1.0, 0.0, 0.0, -5e-06, 0.0, 0.0, -1.0, 1.468017, 0.0, 1.0, 0.0, 0.688546, 0.0, 0.0, 0.0, 1.0],
                [1.0, 0.0, 0.0, -5e-06, 0.0, 0.0, -1.0, 1.468017, 0.0, 1.0, 0.0, 0.688546, 0.0, 0.0, 0.0, 1.0],
                [1.0, 0.0, 0.0, -5e-06, 0.0, 0.0, -1.0, 1.468017, 0.0, 1.0, 0.0, 0.688546, 0.0, 0.0, 0.0, 1.0],
                [1.0, 0.0, 0.0, -5e-06, 0.0, 0.0, -1.0, 1.468017, 0.0, 1.0, 0.0, 0.688546, 0.0, 0.0, 0.0, 1.0],
                [1.0, 0.0, 0.0, -5e-06, 0.0, 0.0, -1.0, 1.468017, 0.0, 1.0, 0.0, 0.688546, 0.0, 0.0, 0.0, 1.0],
                [1.0, 0.0, 0.0, -5e-06, 0.0, 0.0, -1.0, 1.468017, 0.0, 1.0, 0.0, 0.688546, 0.0, 0.0, 0.0, 1.0],
                [1.0, 0.0, 0.0, -5e-06, 0.0, 0.0, -1.0, 1.468017, 0.0, 1.0, 0.0, 0.688546, 0.0, 0.0, 0.0, 1.0],
                [1.0, 0.0, 0.0, -5e-06, 0.0, 0.0, -1.0, 1.468017, 0.0, 1.0, 0.0, 0.688546, 0.0, 0.0, 0.0, 1.0]
            ]
        },
        {
            "name": "Thigh_R",
            "time": [0.0, 0.0167, 0.0333, 0.05, 0.0667, 0.0833, 0.1, 0.1167, 0.1333, 0.15, 0.1667, 0.1833, 0.2, 0.2167, 0.2333, 0.25, 0.2667, 0.2833, 0.3, 0.3167, 0.3333, 0.35, 0.3667, 0.3833, 0.4, 0.4167, 0.4333, 0.45, 0.4667, 0.4833, 0.5, 0.5167, 0.5333, 0.55, 0.5667, 0.5833, 0.6, 0.6167, 0.6333, 0.65, 0.6667, 0.6833, 0.7, 0.7167, 0.7333, 0.75, 0.7667, 0.7833, 0.8, 0.8167, 0.8333, 0.85, 0.8667, 0.8833, 0.9, 0.9167, 0.9333, 0.95, 0.9667, 0.9833, 1.0, 1.0167, 1.0333, 1.05, 1.0667, 1.0833, 1.1, 1.1167, 1.1333, 1.15, 1.1667, 1.1833, 1.2, 1.2167, 1.2333, 1.25, 1.2667, 1.2833, 1.3, 1.3167, 1.3333, 1.35, 1.3667, 1.3833, 1.4, 1.4167, 1.4333, 1.45, 1.4667, 1.4833, 1.5, 1.5167, 1.5333, 1.55, 1.5667, 1.5833, 1.6],
            "transform": [
                [0.998915, 0.040258, 0.023428, 0.124994, 0.045727, -0.943295, -0.328791, -0.002831, 0.008863, 0.329506, -0.944112, -1.2e-05, 0.0, 0.0, 0.0, 1.0],
                [0.99893, 0.040375, 0.022571, 0.124994, 0.045526, -0.944525, -0.325268, -0.002831, 0.008186, 0.325947, -0.945353, -1.2e-05, 0.0, 0.0, 0.0, 1.0],
                [0.998968, 0.040683, 0.020203, 0.124994, 0.044982, -0.947828, -0.31559, -0.002831, 0.00631, 0.316174, -0.94868, -1.2e-05, 0.0, 0.0, 0.0, 1.0],
                [0.999017, 0.041098, 0.016623, 0.124994, 0.044197, -0.952576, -0.301072, -0.002831, 0.003461, 0.301511, -0.953457, -1.2e-05, 0.0, 0.0, 0.0, 1.0],
                [0.999063, 0.041537, 0.01213, 0.124994, 0.043272, -0.958134, -0.283029, -0.002831, -0.000134, 0.283289, -0.959035, -1.2e-05, 0.0, 0.0, 0.0, 1.0],
                [0.999096, 0.041928, 0.007031, 0.124994, 0.042302, -0.963917, -0.262821, -0.002831, -0.004242, 0.262881, -0.964819, -1.2e-05, 0.0, 0.0, 0.0, 1.0],
                [0.999107, 0.042221, 0.001643, 0.124994, 0.041365, -0.969426, -0.241871, -0.002831, -0.008619, 0.241723, -0.970307, -1.2e-05, 0.0, 0.0, 0.0, 1.0],
                [0.999094, 0.042393, -0.003707, 0.124994, 0.040518, -0.97428, -0.221668, -0.002831, -0.013009, 0.221317, -0.975115, -1.2e-05, 0.0, 0.0, 0.0, 1.0],
                [0.999061, 0.042452, -0.008686, 0.124994, 0.039795, -0.978211, -0.20376, -0.002831, -0.017147, 0.203223, -0.978982, -1.2e-05, 0.0, 0.0, 0.0, 1.0],
                [0.999015, 0.042432, -0.012953, 0.124994, 0.039209, -0.981052, -0.189732, -0.002831, -0.020759, 0.189037, -0.98175, -1.2e-05, 0.0, 0.0, 0.0, 1.0],
                [0.998971, 0.042384, -0.01617, 0.124994, 0.03876, -0.982685, -0.181182, -0.002831, -0.023569, 0.180369, -0.983317, -1.2e-05, 0.0, 0.0, 0.0, 1.0],
                [0.998938, 0.042351, -0.018123, 0.124994, 0.038448, -0.983211, -0.178373, -0.002831, -0.025373, 0.177487, -0.983796, -1.2e-05, 0.0, 0.0, 0.0, 1.0],
                [0.998921, 0.042329, -0.019105, 0.124994, 0.038309, -0.9836, -0.176247, -0.002831, -0.026252, 0.175325, -0.984161, -1.2e-05, 0.0, 0.0, 0.0, 1.0],
                [0.998915, 0.042282, -0.019539, 0.124994, 0.038398, -0.984972, -0.168388, -0.002831, -0.026366, 0.167455, -0.985527, -1.2e-05, 0.0, 0.0, 0.0, 1.0],
                [0.998914, 0.042245, -0.019673, 0.124994, 0.039921, -0.993519, -0.106427, -0.002831, -0.024042, 0.105526, -0.994126, -1.2e-05, 0.0, 0.0, 0.0, 1.0],
                [0.998914, 0.042259, -0.019606, 0.124994, 0.042484, -0.999034, 0.011191, -0.002831, -0.019114, -0.012011, -0.999745, -1.2e-05, 0.0, 0.0, 0.0, 1.0],
                [0.998915, 0.042282, -0.019539, 0.124994, 0.044255, -0.992375, 0.115033, -0.002831, -0.014527, -0.115773, -0.993169, -1.2e-05, 0.0, 0.0, 0.0, 1.0],
                [0.998915, 0.042282, -0.019539, 0.124994, 0.045117, -0.982585, 0.18025, -0.002831, -0.011578, -0.180936, -0.983427, -1.2e-05, 0.0, 0.0, 0.0, 1.0],
                [0.998915, 0.042282, -0.019539, 0.124994, 0.045662, -0.971731, 0.231633, -0.002831, -0.009193, -0.232274, -0.972607, -1.2e-05, 0.0, 0.0, 0.0, 1.0],
                [0.998915, 0.042282, -0.019539, 0.124994, 0.045998, -0.961485, 0.270979, -0.002831, -0.007329, -0.271583, -0.962387, -1.2e-05, 0.0, 0.0, 0.0, 1.0],
                [0.998915, 0.042282, -0.019539, 0.124994, 0.0462, -0.952763, 0.300178, -0.002831, -0.005924, -0.300755, -0.953683, -1.2e-05, 0.0, 0.0, 0.0, 1.0],
                [0.998915, 0.042282, -0.019539, 0.124994, 0.046319, -0.945913, 0.321097, -0.002831, -0.004906, -0.321654, -0.946845, -1.2e-05, 0.0, 0.0, 0.0, 1.0],
                [0.998915, 0.042282, -0.019539, 0.124994, 0.046389, -0.940885, 0.335535, -0.002831, -0.004197, -0.336077, -0.941825, -1.2e-05, 0.0, 0.0, 0.0, 1.0],
                [0.998915, 0.042282, -0.019539, 0.124994, 0.04643, -0.937371, 0.345223, -0.002831, -0.003719, -0.345756, -0.938317, -1.2e-05, 0.0, 0.0, 0.0, 1.0],
                [0.998915, 0.042282, -0.019539, 0.124994, 0.046455, -0.934906, 0.351841, -0.002831, -0.003391, -0.352367, -0.935856, -1.2e-05, 0.0, 0.0, 0.0, 1.0],
                [0.998915, 0.042282, -0.019539, 0.124994, 0.046473, -0.932934, 0.357035, -0.002831, -0.003133, -0.357556, -0.933887, -1.2e-05, 0.0, 0.0, 0.0, 1.0],
                [0.998915, 0.042282, -0.019539, 0.124994, 0.04649, -0.93085, 0.362432, -0.002831, -0.002864, -0.362947, -0.931806, -1.2e-05, 0.0, 0.0, 0.0, 1.0],
                [0.998915, 0.042282, -0.019539, 0.124994, 0.046511, -0.92801, 0.36964, -0.002831, -0.002504, -0.370147, -0.92897, -1.2e-05, 0.0, 0.0, 0.0, 1.0],
                [0.998915, 0.042282, -0.019539, 0.124994, 0.046537, -0.923715, 0.380243, -0.002831, -0.001971, -0.38074, -0.92468, -1.2e-05, 0.0, 0.0, 0.0, 1.0],
                [0.998915, 0.042282, -0.019539, 0.124994, 0.046563, -0.917165, 0.395776, -0.002831, -0.001187, -0.396257, -0.918139, -1.2e-05, 0.0, 0.0, 0.0, 1.0],
                [0.998915, 0.042282, -0.019539, 0.124994, 0.046578, -0.907398, 0.417682, -0.002831, -7e-05, -0.418139, -0.908383, -1.2e-05, 0.0, 0.0, 0.0, 1.0],
                [0.998915, 0.042282, -0.019539, 0.124994, 0.046556, -0.893201, 0.447241, -0.002831, 0.001458, -0.447665, -0.8942, -1.2e-05, 0.0, 0.0, 0.0, 1.0],
                [0.998915, 0.042282, -0.019539, 0.124994, 0.046449, -0.873021, 0.485465, -0.002831, 0.003468, -0.485846, -0.874037, -1.2e-05, 0.0, 0.0, 0.0, 1.0],
                [0.998915, 0.042282, -0.019539, 0.124994, 0.046193, -0.845449, 0.532054, -0.002831, 0.005977, -0.532379, -0.846485, -1.2e-05, 0.0, 0.0, 0.0, 1.0],
                [0.998915, 0.042282, -0.019539, 0.124994, 0.045741, -0.811265, 0.582886, -0.002831, 0.008794, -0.583147, -0.812319, -1.2e-05, 0.0, 0.0, 0.0, 1.0],
                [0.998915, 0.042282, -0.019539, 0.124994, 0.045089, -0.772555, 0.633345, -0.002831, 0.011684, -0.633538, -0.773623, -1.2e-05, 0.0, 0.0, 0.0, 1.0],
                [0.998915, 0.042282, -0.019539, 0.124994, 0.044288, -0.732272, 0.67957, -0.002831, 0.014425, -0.679698, -0.73335, -1.2e-05, 0.0, 0.0, 0.0, 1.0],
                [0.998915, 0.042282, -0.019539, 0.124994, 0.043434, -0.694038, 0.718626, -0.002831, 0.016824, -0.718695, -0.695121, -1.2e-05, 0.0, 0.0, 0.0, 1.0],
                [0.998915, 0.042282, -0.019539, 0.124994, 0.042654, -0.661835, 0.748435, -0.002831, 0.018713, -0.748456, -0.66292, -1.2e-05, 0.0, 0.0, 0.0, 1.0],
                [0.998915, 0.042282, -0.019539, 0.124994, 0.04209, -0.639705, 0.767466, -0.002831, 0.019951, -0.767456, -0.640791, -1.2e-05, 0.0, 0.0, 0.0, 1.0],
                [0.998915, 0.042282, -0.019539, 0.124994, 0.041875, -0.631521, 0.774227, -0.002831, 0.020396, -0.774205, -0.632607, -1.2e-05, 0.0, 0.0, 0.0, 1.0],
                [0.998915, 0.042282, -0.019539, 0.124994, 0.041875, -0.631521, 0.774227, -0.002831, 0.020396, -0.774205, -0.632607, -1.2e-05, 0.0, 0.0, 0.0, 1.0],
                [0.998915, 0.042282, -0.019539, 0.124994, 0.041875, -0.631521, 0.774227, -0.002831, 0.020396, -0.774205, -0.632607, -1.2e-05, 0.0, 0.0, 0.0, 1.0],
                [0.998915, 0.042282, -0.019539, 0.124994, 0.041875, -0.631521, 0.774227, -0.002831, 0.020396, -0.774205, -0.632607, -1.2e-05, 0.0, 0.0, 0.0, 1.0],
                [0.998915, 0.042282, -0.019539, 0.124994, 0.041875, -0.631521, 0.774227, -0.002831, 0.020396, -0.774205, -0.632607, -1.2e-05, 0.0, 0.0, 0.0, 1.0],
                [0.998915, 0.042282, -0.019539, 0.124994, 0.041875, -0.631521, 0.774227, -0.002831, 0.020396, -0.774205, -0.632607, -1.2e-05, 0.0, 0.0, 0.0, 1.0],
                [0.998915, 0.042282, -0.019539, 0.124994, 0.041875, -0.631521, 0.774227, -0.002831, 0.020396, -0.774205, -0.632607, -1.2e-05, 0.0, 0.0, 0.0, 1.0],
                [0.998915, 0.042282, -0.019539, 0.124994, 0.041875, -0.631521, 0.774227, -0.002831, 0.020396, -0.774205, -0.632607, -1.2e-05, 0.0, 0.0, 0.0, 1.0],
                [0.998915, 0.042282, -0.019539, 0.124994, 0.041875, -0.631521, 0.774227, -0.002831, 0.020396, -0.774205, -0.632607, -1.2e-05, 0.0, 0.0, 0.0, 1.0],
                [0.998915, 0.042282, -0.019539, 0.124994, 0.041875, -0.631521, 0.774227, -0.002831, 0.020396, -0.774205, -0.632607, -1.2e-05, 0.0, 0.0, 0.0, 1.0],
                [0.998915, 0.042282, -0.019539, 0.124994, 0.041875, -0.631521, 0.774227, -0.002831, 0.020396, -0.774205, -0.632607, -1.2e-05, 0.0, 0.0, 0.0, 1.0],
                [0.998915, 0.042282, -0.019539, 0.124994, 0.041875, -0.631521, 0.774227, -0.002831, 0.020396, -0.774205, -0.632607, -1.2e-05, 0.0, 0.0, 0.0, 1.0],
                [0.998915, 0.042282, -0.019539, 0.124994, 0.041875, -0.631521, 0.774227, -0.002831, 0.020396, -0.774205, -0.632607, -1.2e-05, 0.0, 0.0, 0.0, 1.0],
                [0.998915, 0.042282, -0.019539, 0.124994, 0.041875, -0.631521, 0.774227, -0.002831, 0.020396, -0.774205, -0.632607, -1.2e-05, 0.0, 0.0, 0.0, 1.0],
                [0.998915, 0.042282, -0.019539, 0.124994, 0.041875, -0.631521, 0.774227, -0.002831, 0.020396, -0.774205, -0.632607, -1.2e-05, 0.0, 0.0, 0.0, 1.0],
                [0.998915, 0.042282, -0.019539, 0.124994, 0.041875, -0.631521, 0.774227, -0.002831, 0.020396, -0.774205, -0.632607, -1.2e-05, 0.0, 0.0, 0.0, 1.0],
                [0.998915, 0.042282, -0.019539, 0.124994, 0.041875, -0.631521, 0.774227, -0.002831, 0.020396, -0.774205, -0.632607, -1.2e-05, 0.0, 0.0, 0.0, 1.0],
                [0.998915, 0.042282, -0.019539, 0.124994, 0.041875, -0.631521, 0.774227, -0.002831, 0.020396, -0.774205, -0.632607, -1.2e-05, 0.0, 0.0, 0.0, 1.0],
                [0.998915, 0.042282, -0.019539, 0.124994, 0.041875, -0.631521, 0.774227, -0.002831, 0.020396, -0.774205, -0.632607, -1.2e-05, 0.0, 0.0, 0.0, 1.0],
                [0.998915, 0.042282, -0.019539, 0.124994, 0.041875, -0.631521, 0.774227, -0.002831, 0.020396, -0.774205, -0.632607, -1.2e-05, 0.0, 0.0, 0.0, 1.0],
                [0.998915, 0.042282, -0.019539, 0.124994, 0.041875, -0.631521, 0.774227, -0.002831, 0.020396, -0.774205, -0.632607, -1.2e-05, 0.0, 0.0, 0.0, 1.0],
                [0.998915, 0.042282, -0.019539, 0.124994, 0.041875, -0.631521, 0.774227, -0.002831, 0.020396, -0.774205, -0.632607, -1.2e-05, 0.0, 0.0, 0.0, 1.0],
                [0.998915, 0.042282, -0.019539, 0.124994, 0.041875, -0.631521, 0.774227, -0.002831, 0.020396, -0.774205, -0.632607, -1.2e-05, 0.0, 0.0, 0.0, 1.0],
                [0.998915, 0.042282, -0.019539, 0.124994, 0.041875, -0.631521, 0.774227, -0.002831, 0.020396, -0.774205, -0.632607, -1.2e-05, 0.0, 0.0, 0.0, 1.0],
                [0.998915, 0.042282, -0.019539, 0.124994, 0.041875, -0.631521, 0.774227, -0.002831, 0.020396, -0.774205, -0.632607, -1.2e-05, 0.0, 0.0, 0.0, 1.0],
                [0.998915, 0.042282, -0.019539, 0.124994, 0.041875, -0.631521, 0.774227, -0.002831, 0.020396, -0.774205, -0.632607, -1.2e-05, 0.0, 0.0, 0.0, 1.0],
                [0.998915, 0.042282, -0.019539, 0.124994, 0.041875, -0.631521, 0.774227, -0.002831, 0.020396, -0.774205, -0.632607, -1.2e-05, 0.0, 0.0, 0.0, 1.0],
                [0.998915, 0.042282, -0.019539, 0.124994, 0.041875, -0.631521, 0.774227, -0.002831, 0.020396, -0.774205, -0.632607, -1.2e-05, 0.0, 0.0, 0.0, 1.0],
                [0.998915, 0.042282, -0.019539, 0.124994, 0.041875, -0.631521, 0.774227, -0.002831, 0.020396, -0.774205, -0.632607, -1.2e-05, 0.0, 0.0, 0.0, 1.0],
                [0.998915, 0.042282, -0.019539, 0.124994, 0.041875, -0.631521, 0.774227, -0.002831, 0.020396, -0.774205, -0.632607, -1.2e-05, 0.0, 0.0, 0.0, 1.0],
                [0.998915, 0.042282, -0.019539, 0.124994, 0.041875, -0.631521, 0.774227, -0.002831, 0.020396, -0.774205, -0.632607, -1.2e-05, 0.0, 0.0, 0.0, 1.0],
                [0.998915, 0.042282, -0.019539, 0.124994, 0.041875, -0.631521, 0.774227, -0.002831, 0.020396, -0.774205, -0.632607, -1.2e-05, 0.0, 0.0, 0.0, 1.0],
                [0.998915, 0.042282, -0.019539, 0.124994, 0.041875, -0.631521, 0.774227, -0.002831, 0.020396, -0.774205, -0.632607, -1.2e-05, 0.0, 0.0, 0.0, 1.0],
                [0.998915, 0.042282, -0.019539, 0.124994, 0.041875, -0.631521, 0.774227, -0.002831, 0.020396, -0.774205, -0.632607, -1.2e-05, 0.0, 0.0, 0.0, 1.0],
                [0.998915, 0.042282, -0.019539, 0.124994, 0.041875, -0.631521, 0.774227, -0.002831, 0.020396, -0.774205, -0.632607, -1.2e-05, 0.0, 0.0, 0.0, 1.0],
                [0.998915, 0.042282, -0.019539, 0.124994, 0.041875, -0.631521, 0.774227, -0.002831, 0.020396, -0.774205, -0.632607, -1.2e-05, 0.0, 0.0, 0.0, 1.0],
                [0.998915, 0.042282, -0.019539, 0.124994, 0.041875, -0.631521, 0.774227, -0.002831, 0.020396, -0.774205, -0.632607, -1.2e-05, 0.0, 0.0, 0.0, 1.0],
                [0.998915, 0.042282, -0.019539, 0.124994, 0.041875, -0.631521, 0.774227, -0.002831, 0.020396, -0.774205, -0.632607, -1.2e-05, 0.0, 0.0, 0.0, 1.0],
                [0.998915, 0.042282, -0.019539, 0.124994, 0.041875, -0.631521, 0.774227, -0.002831, 0.020396, -0.774205, -0.632607, -1.2e-05, 0.0, 0.0, 0.0, 1.0],
                [0.998915, 0.042282, -0.019539, 0.124994, 0.041875, -0.631521, 0.774227, -0.002831, 0.020396, -0.774205, -0.632607, -1.2e-05, 0.0, 0.0, 0.0, 1.0],
                [0.998915, 0.042282, -0.019539, 0.124994, 0.041875, -0.631521, 0.774227, -0.002831, 0.020396, -0.774205, -0.632607, -1.2e-05, 0.0, 0.0, 0.0, 1.0],
                [0.998915, 0.042282, -0.019539, 0.124994, 0.041875, -0.631521, 0.774227, -0.002831, 0.020396, -0.774205, -0.632607, -1.2e-05, 0.0, 0.0, 0.0, 1.0],
                [0.998915, 0.042282, -0.019539, 0.124994, 0.041875, -0.631521, 0.774227, -0.002831, 0.020396, -0.774205, -0.632607, -1.2e-05, 0.0, 0.0, 0.0, 1.0],
                [0.998915, 0.042282, -0.019539, 0.124994, 0.041875, -0.631521, 0.774227, -0.002831, 0.020396, -0.774205, -0.632607, -1.2e-05, 0.0, 0.0, 0.0, 1.0],
                [0.998915, 0.042282, -0.019539, 0.124994, 0.041875, -0.631521, 0.774227, -0.002831, 0.020396, -0.774205, -0.632607, -1.2e-05, 0.0, 0.0, 0.0, 1.0],
                [0.998915, 0.042282, -0.019539, 0.124994, 0.041875, -0.631521, 0.774227, -0.002831, 0.020396, -0.774205, -0.632607, -1.2e-05, 0.0, 0.0, 0.0, 1.0],
                [0.998915, 0.042282, -0.019539, 0.124994, 0.041875, -0.631521, 0.774227, -0.002831, 0.020396, -0.774205, -0.632607, -1.2e-05, 0.0, 0.0, 0.0, 1.0],
                [0.998915, 0.042282, -0.019539, 0.124994, 0.041875, -0.631521, 0.774227, -0.002831, 0.020396, -0.774205, -0.632607, -1.2e-05, 0.0, 0.0, 0.0, 1.0],
                [0.998915, 0.042282, -0.019539, 0.124994, 0.041875, -0.631521, 0.774227, -0.002831, 0.020396, -0.774205, -0.632607, -1.2e-05, 0.0, 0.0, 0.0, 1.0],
                [0.998915, 0.042282, -0.019539, 0.124994, 0.041875, -0.631521, 0.774227, -0.002831, 0.020396, -0.774205, -0.632607, -1.2e-05, 0.0, 0.0, 0.0, 1.0],
                [0.998915, 0.042282, -0.019539, 0.124994, 0.041875, -0.631521, 0.774227, -0.002831, 0.020396, -0.774205, -0.632607, -1.2e-05, 0.0, 0.0, 0.0, 1.0],
                [0.998915, 0.042282, -0.019539, 0.124994, 0.041875, -0.631521, 0.774227, -0.002831, 0.020396, -0.774205, -0.632607, -1.2e-05, 0.0, 0.0, 0.0, 1.0],
                [0.998915, 0.042282, -0.019539, 0.124994, 0.041875, -0.631521, 0.774227, -0.002831, 0.020396, -0.774205, -0.632607, -1.2e-05, 0.0, 0.0, 0.0, 1.0],
                [0.998915, 0.042282, -0.019539, 0.124994, 0.041875, -0.631521, 0.774227, -0.002831, 0.020396, -0.774205, -0.632607, -1.2e-05, 0.0, 0.0, 0.0, 1.0],
                [0.998915, 0.042282, -0.019539, 0.124994, 0.041875, -0.631521, 0.774227, -0.002831, 0.020396, -0.774205, -0.632607, -1.2e-05, 0.0, 0.0, 0.0, 1.0],
                [0.998915, 0.042282, -0.019539, 0.124994, 0.041875, -0.631521, 0.774227, -0.002831, 0.020396, -0.774205, -0.632607, -1.2e-05, 0.0, 0.0, 0.0, 1.0],
                [0.998915, 0.042282, -0.019539, 0.124994, 0.041875, -0.631521, 0.774227, -0.002831, 0.020396, -0.774205, -0.632607, -1.2e-05, 0.0, 0.0, 0.0, 1.0]
            ]
        },
        {
            "name": "Leg_R",
            "time": [0.0, 0.0167, 0.0333, 0.05, 0.0667, 0.0833, 0.1, 0.1167, 0.1333, 0.15, 0.1667, 0.1833, 0.2, 0.2167, 0.2333, 0.25, 0.2667, 0.2833, 0.3, 0.3167, 0.3333, 0.35, 0.3667, 0.3833, 0.4, 0.4167, 0.4333, 0.45, 0.4667, 0.4833, 0.5, 0.5167, 0.5333, 0.55, 0.5667, 0.5833, 0.6, 0.6167, 0.6333, 0.65, 0.6667, 0.6833, 0.7, 0.7167, 0.7333, 0.75, 0.7667, 0.7833, 0.8, 0.8167, 0.8333, 0.85, 0.8667, 0.8833, 0.9, 0.9167, 0.9333, 0.95, 0.9667, 0.9833, 1.0, 1.0167, 1.0333, 1.05, 1.0667, 1.0833, 1.1, 1.1167, 1.1333, 1.15, 1.1667, 1.1833, 1.2, 1.2167, 1.2333, 1.25, 1.2667, 1.2833, 1.3, 1.3167, 1.3333, 1.35, 1.3667, 1.3833, 1.4, 1.4167, 1.4333, 1.45, 1.4667, 1.4833, 1.5, 1.5167, 1.5333, 1.55, 1.5667, 1.5833, 1.6],
            "transform": [
                [0.999709, -0.004037, -0.023768, 0.0, 0.013754, 0.905209, 0.424744, 0.37472, 0.0198, -0.424947, 0.905001, -0.0, 0.0, 0.0, 0.0, 1.0],
                [0.999715, -0.00383, -0.023559, 0.0, 0.013651, 0.901436, 0.432696, 0.37472, 0.01958, -0.432895, 0.901232, -0.0, 0.0, 0.0, 0.0, 1.0],
                [0.999731, -0.003269, -0.022974, -0.0, 0.013356, 0.890653, 0.454488, 0.37472, 0.018976, -0.454672, 0.890457, -0.0, 0.0, 0.0, 0.0, 1.0],
                [0.999754, -0.002448, -0.022064, -0.0, 0.012884, 0.873378, 0.486873, 0.37472, 0.018078, -0.487037, 0.873194, 0.0, 0.0, 0.0, 0.0, 1.0],
                [0.999781, -0.001469, -0.020884, -0.0, 0.012247, 0.850095, 0.526486, 0.37472, 0.01698, -0.526627, 0.849927, 0.0, 0.0, 0.0, 0.0, 1.0],
                [0.99981, -0.000428, -0.019496, -0.0, 0.011466, 0.821591, 0.569962, 0.37472, 0.015774, -0.570077, 0.82144, 0.0, 0.0, 0.0, 0.0, 1.0],
                [0.999838, 0.00059, -0.017978, -0.0, 0.010576, 0.789171, 0.614083, 0.37472, 0.01455, -0.614173, 0.789037, 0.0, 0.0, 0.0, 0.0, 1.0],
                [0.999864, 0.001513, -0.016422, -0.0, 0.009631, 0.754743, 0.65595, 0.37472, 0.013387, -0.656019, 0.754626, 0.0, 0.0, 0.0, 0.0, 1.0],
                [0.999886, 0.002295, -0.014934, 0.0, 0.008698, 0.720772, 0.693118, 0.37472, 0.012355, -0.693169, 0.720669, 0.0, 0.0, 0.0, 0.0, 1.0],
                [0.999903, 0.002905, -0.013626, 0.0, 0.007856, 0.690134, 0.723639, 0.37472, 0.011506, -0.723675, 0.690045, 0.0, 0.0, 0.0, 0.0, 1.0],
                [0.999915, 0.003332, -0.012612, -0.0, 0.00719, 0.665925, 0.745984, 0.37472, 0.010885, -0.746011, 0.665844, 0.0, 0.0, 0.0, 0.0, 1.0],
                [0.999922, 0.003581, -0.011974, 0.0, 0.006765, 0.650468, 0.759503, 0.37472, 0.010509, -0.759525, 0.650393, -0.0, 0.0, 0.0, 0.0, 1.0],
                [0.999925, 0.003699, -0.011657, 0.0, 0.006553, 0.642743, 0.766054, 0.37472, 0.010326, -0.766073, 0.642671, 0.0, 0.0, 0.0, 0.0, 1.0],
                [0.999926, 0.00373, -0.011572, 0.0, 0.006495, 0.640661, 0.767797, 0.37472, 0.010278, -0.767815, 0.640589, -0.0, 0.0, 0.0, 0.0, 1.0],
                [0.999926, 0.00373, -0.011572, 0.0, 0.006495, 0.640661, 0.767797, 0.37472, 0.010278, -0.767815, 0.640589, 0.0, 0.0, 0.0, 0.0, 1.0],
                [0.999926, 0.00373, -0.011572, 0.0, 0.006495, 0.640661, 0.767797, 0.37472, 0.010278, -0.767815, 0.640589, 0.0, 0.0, 0.0, 0.0, 1.0],
                [0.999926, 0.00373, -0.011572, 0.0, 0.006495, 0.640661, 0.767797, 0.37472, 0.010278, -0.767815, 0.640589, -0.0, 0.0, 0.0, 0.0, 1.0],
                [0.999926, 0.00373, -0.011572, -0.0, 0.006495, 0.640661, 0.767797, 0.37472, 0.010278, -0.767815, 0.640589, 0.0, 0.0, 0.0, 0.0, 1.0],
                [0.999926, 0.00373, -0.011572, 0.0, 0.006495, 0.640661, 0.767797, 0.37472, 0.010278, -0.767815, 0.640589, 0.0, 0.0, 0.0, 0.0, 1.0],
                [0.999926, 0.00373, -0.011572, -0.0, 0.006495, 0.640661, 0.767797, 0.37472, 0.010278, -0.767815, 0.640589, -0.0, 0.0, 0.0, 0.0, 1.0],
                [0.999926, 0.00373, -0.011572, -0.0, 0.006495, 0.640661, 0.767797, 0.37472, 0.010278, -0.767815, 0.640589, 0.0, 0.0, 0.0, 0.0, 1.0],
                [0.999926, 0.00373, -0.011572, -0.0, 0.006495, 0.640661, 0.767797, 0.37472, 0.010278, -0.767815, 0.640589, -0.0, 0.0, 0.0, 0.0, 1.0],
