{
    "armature": {
        "joints": ["Root", "Thigh_R", "Leg_R", "Knee_R", "Thigh_L", "Leg_L", "Knee_L", "Torso", "Chest", "Head", "Shoulder_R", "Arm_R", "Hand_R", "Tool_R", "Elbow_R", "Shoulder_L", "Arm_L", "Hand_L", "Tool_L", "Elbow_L"],
        "hierarchy": [
            {
                "name": "Root",
                "transform": [1.0, 0.0, 0.0, -5e-06, 0.0, 0.0, -1.0, 0.000946, 0.0, 1.0, 0.0, 0.763972, 0.0, 0.0, 0.0, 1.0],
                "children": [
                    {
                        "name": "Thigh_R",
                        "transform": [1.0, -0.0, -0.0, 0.124994, -0.0, -1.0, 0.0, -0.002831, -0.0, -0.0, -1.0, -1.2e-05, 0.0, 0.0, 0.0, 1.0],
                        "children": [
                            {
                                "name": "Leg_R",
                                "transform": [1.0, 0.0, 1e-06, 0.0, -0.0, 1.0, 0.0, 0.37472, -1e-06, -0.0, 1.0, -0.0, 0.0, 0.0, 0.0, 1.0],
                                "children": []
                            },
                            {
                                "name": "Knee_R",
                                "transform": [1.0, 0.0, -0.0, 0.0, -0.0, 0.0, -1.0, 0.37472, -0.0, 1.0, 0.0, -0.0, 0.0, 0.0, 0.0, 1.0],
                                "children": []
                            }
                        ]
                    },
                    {
                        "name": "Thigh_L",
                        "transform": [1.0, -0.0, -0.0, -0.125006, -0.0, -1.0, 0.0, -0.002831, -0.0, -0.0, -1.0, -1.2e-05, 0.0, 0.0, 0.0, 1.0],
                        "children": [
                            {
                                "name": "Leg_L",
                                "transform": [1.0, 0.0, 1e-06, -0.0, -0.0, 1.0, 0.0, 0.37472, -1e-06, -0.0, 1.0, 0.0, 0.0, 0.0, 0.0, 1.0],
                                "children": []
                            },
                            {
                                "name": "Knee_L",
                                "transform": [1.0, 0.0, -0.0, -0.0, -0.0, 0.0, -1.0, 0.37472, -0.0, 1.0, 0.0, 0.0, 0.0, 0.0, 0.0, 1.0],
                                "children": []
                            }
                        ]
                    },
                    {
                        "name": "Torso",
                        "transform": [1.0, 0.0, 0.0, 0.0, 0.0, 1.0, 0.0, 0.05, 0.0, 0.0, 1.0, 0.0, 0.0, 0.0, 0.0, 1.0],
                        "children": [
                            {
                                "name": "Chest",
                                "transform": [1.0, 0.0, 0.0, 0.0, 0.0, 1.0, 0.0, 0.3, 0.0, 0.0, 1.0, 0.0, 0.0, 0.0, 0.0, 1.0],
                                "children": [
                                    {
                                        "name": "Head",
                                        "transform": [1.0, 0.0, 0.0, 0.0, 0.0, 1.0, 0.0, 0.4, 0.0, 0.0, 1.0, 0.0, 0.0, 0.0, 0.0, 1.0],
                                        "children": []
                                    },
                                    {
                                        "name": "Shoulder_R",
                                        "transform": [0.0, 0.952114, 0.305743, 0.0, 0.0, -0.305743, 0.952114, 0.4, 1.0, 0.0, -0.0, 0.0, 0.0, 0.0, 0.0, 1.0],
                                        "children": [
                                            {
                                                "name": "Arm_R",
                                                "transform": [0.0, -0.0, -1.0, -0.0, 0.952114, 0.305743, 0.0, 0.39386, 0.305743, -0.952114, 0.0, 0.0, 0.0, 0.0, 0.0, 1.0],
                                                "children": [
                                                    {
                                                        "name": "Hand_R",
                                                        "transform": [1.0, 0.0, 0.0, 0.0, -0.0, 0.993938, 0.109947, 0.3, -0.0, -0.109947, 0.993937, 0.0, 0.0, 0.0, 0.0, 1.0],
                                                        "children": [
                                                            {
                                                                "name": "Tool_R",
                                                                "transform": [1.0, 0.0, 0.0, -0.0, 0.0, -0.999836, 0.018122, 0.272858, 0.0, -0.018122, -0.999836, 0.0, 0.0, 0.0, 0.0, 1.0],
                                                                "children": []
                                                            }
                                                        ]
                                                    },
                                                    {
                                                        "name": "Elbow_R",
                                                        "transform": [-1.0, 0.0, -0.0, 0.0, 0.0, 0.0, -1.0, 0.3, -0.0, -1.0, -0.0, 0.0, 0.0, 0.0, 0.0, 1.0],
                                                        "children": []
                                                    }
                                                ]
                                            }
                                        ]
                                    },
                                    {
                                        "name": "Shoulder_L",
                                        "transform": [-0.0, -0.952114, -0.305743, 0.0, 0.0, -0.305743, 0.952114, 0.4, -1.0, 0.0, 0.0, 0.0, 0.0, 0.0, 0.0, 1.0],
                                        "children": [
                                            {
                                                "name": "Arm_L",
                                                "transform": [-0.0, -0.0, 1.0, -0.0, -0.952114, 0.305743, -0.0, 0.39386, -0.305743, -0.952114, -0.0, 0.0, 0.0, 0.0, 0.0, 1.0],
                                                "children": [
                                                    {
                                                        "name": "Hand_L",
                                                        "transform": [1.0, -0.0, 0.0, -0.0, 0.0, 0.993937, 0.109947, 0.3, -0.0, -0.109947, 0.993937, 0.0, 0.0, 0.0, 0.0, 1.0],
                                                        "children": [
                                                            {
                                                                "name": "Tool_L",
                                                                "transform": [1.0, 0.0, 0.0, -0.0, -0.0, -0.999836, 0.018122, 0.272858, 0.0, -0.018122, -0.999836, -0.0, 0.0, 0.0, 0.0, 1.0],
                                                                "children": []
                                                            }
                                                        ]
                                                    },
                                                    {
                                                        "name": "Elbow_L",
                                                        "transform": [-1.0, 0.0, -0.0, -0.0, 0.0, -0.0, -1.0, 0.3, -0.0, -1.0, 0.0, 0.0, 0.0, 0.0, 0.0, 1.0],
                                                        "children": []
                                                    }
                                                ]
                                            }
                                        ]
                                    }
                                ]
                            }
                        ]
                    }
                ]
            }
        ]
    },
    "animation": [
        {
            "name": "Root",
            "time": [0.0167, 0.1833, 0.2833, 0.3667, 0.5, 0.5833, 0.7167, 0.7833, 1.05, 1.1833, 1.3167, 1.5, 1.6667, 1.8333, 2.0333, 2.35, 2.5333, 2.6667, 2.8, 2.95, 3.0667, 3.2167, 0.8833, 3.3167],
            "transform": [
                [1.0, 0.0, 0.0, -5e-06, 0.0, 0.0, -1.0, -0.002071, 0.0, 1.0, 0.0, 0.593581, 0.0, 0.0, 0.0, 1.0],
                [0.782553, 0.065089, -0.619173, -5e-06, -0.596348, 0.364032, -0.715437, 0.051239, 0.178831, 0.929109, 0.32369, 0.593581, 0.0, 0.0, 0.0, 1.0],
                [0.37521, 0.437541, -0.817175, -5e-06, -0.923127, 0.256258, -0.286651, 0.207245, 0.083986, 0.861911, 0.500056, 0.560324, 0.0, 0.0, 0.0, 1.0],
                [-0.061319, 0.649092, -0.758235, -5e-06, -0.994231, 0.027259, 0.10374, 0.454303, 0.088005, 0.760222, 0.643676, 0.532609, 0.0, 0.0, 0.0, 1.0],
                [-0.68731, 0.649092, -0.326013, -5e-06, -0.407274, 0.027259, 0.912899, 1.049813, 0.601442, 0.760222, 0.245623, 1.117188, 0.0, 0.0, 0.0, 1.0],
                [-0.326013, 0.649092, 0.68731, -5e-06, 0.912899, 0.027259, 0.407274, 1.52049, 0.245623, 0.760222, -0.601442, 1.117188, 0.0, 0.0, 0.0, 1.0],
                [0.527813, 0.84399, -0.095368, -5e-06, 0.134946, -0.194184, -0.971639, 2.381394, -0.838572, 0.499974, -0.216386, 0.948477, 0.0, 0.0, 0.0, 1.0],
                [0.371527, 0.507338, -0.777545, -5e-06, -0.801072, -0.248171, -0.544697, 2.843021, -0.469309, 0.825239, 0.314212, 0.501931, 0.0, 0.0, 0.0, 1.0],
                [-0.776506, -0.260577, -0.573706, -5e-06, -0.424856, -0.455876, 0.782097, 3.549828, -0.465335, 0.851044, 0.243282, 0.466822, 0.0, 0.0, 0.0, 1.0],
                [0.293765, -0.109424, 0.949594, -5e-06, 0.783475, 0.596677, -0.173618, 4.693255, -0.547603, 0.794986, 0.261014, 0.408307, 0.0, 0.0, 0.0, 1.0],
                [0.800406, 0.406763, 0.440335, -5e-06, 0.24389, 0.450046, -0.859056, 5.498143, -0.547603, 0.794986, 0.261014, 0.408307, 0.0, 0.0, 0.0, 1.0],
                [0.680747, 0.604667, -0.413475, -5e-06, -0.486534, -0.048736, -0.872301, 6.129568, -0.547603, 0.794986, 0.261014, 0.408307, 0.0, 0.0, 0.0, 1.0],
                [0.18054, 0.416853, -0.890864, -5e-06, -0.817029, -0.440716, -0.371797, 6.542968, -0.547603, 0.794986, 0.261014, 0.408307, 0.0, 0.0, 0.0, 1.0],
                [-0.360932, 0.057004, -0.930848, -5e-06, -0.75489, -0.603943, 0.25572, 6.918787, -0.547603, 0.794986, 0.261014, 0.408307, 0.0, 0.0, 0.0, 1.0],
                [-0.517347, -0.07286, -0.852669, -5e-06, -0.656024, -0.606048, 0.449821, 7.057652, -0.549532, 0.792084, 0.265739, 0.408307, 0.0, 0.0, 0.0, 1.0],
                [-0.544014, -0.101251, -0.832945, -5e-06, -0.635752, -0.598118, 0.487928, 7.224291, -0.547603, 0.794986, 0.261014, 0.408307, 0.0, 0.0, 0.0, 1.0],
                [-0.544014, -0.101251, -0.832945, -5e-06, -0.635752, -0.598118, 0.487928, 7.224291, -0.547603, 0.794986, 0.261014, 0.408307, 0.0, 0.0, 0.0, 1.0],
                [0.879765, 0.029909, -0.474467, -5e-06, -0.461188, -0.188584, -0.86703, 7.224291, -0.115409, 0.981601, -0.152116, 0.479041, 0.0, 0.0, 0.0, 1.0],
                [0.814519, -0.171372, 0.554247, -5e-06, 0.562292, -0.001925, -0.826937, 7.224291, 0.142781, 0.985204, 0.094793, 0.572133, 0.0, 0.0, 0.0, 1.0],
                [0.868907, -0.144136, 0.473524, -5e-06, 0.47921, 0.005443, -0.877684, 7.224291, 0.123929, 0.989543, 0.073801, 0.637931, 0.0, 0.0, 0.0, 1.0],
                [0.957557, -0.081335, 0.276529, -5e-06, 0.27837, 0.012011, -0.960399, 7.224291, 0.074793, 0.996614, 0.034143, 0.675246, 0.0, 0.0, 0.0, 1.0],
                [0.993777, -0.030648, 0.107087, -5e-06, 0.107357, 0.007296, -0.994194, 7.224291, 0.029689, 0.999504, 0.010541, 0.686166, 0.0, 0.0, 0.0, 1.0],
                [1.0, 0.0, 0.0, -5e-06, 0.0, 0.0, -1.0, 7.224291, 0.0, 1.0, 0.0, 0.688546, 0.0, 0.0, 0.0, 1.0],
                [1.0, 0.0, 0.0, -5e-06, 0.0, 0.0, -1.0, 7.224291, 0.0, 1.0, 0.0, 0.688546, 0.0, 0.0, 0.0, 1.0]
            ]
        },
        {
            "name": "Thigh_R",
            "time": [0.0167, 0.1833, 0.2833, 0.3667, 0.5, 0.7167, 0.7833, 0.9333, 1.05, 1.1833, 1.3167, 1.5, 1.6667, 1.8333, 2.0333, 2.35, 2.5333, 2.6667, 2.8, 2.95, 3.0667, 3.2167, 3.3167],
            "transform": [
                [0.998915, 0.023483, 0.040225, 0.124994, 0.041875, -0.830934, -0.554792, -0.002831, 0.020396, 0.555874, -0.831016, -1.2e-05, 0.0, 0.0, 0.0, 1.0],
                [0.897611, -0.387777, 0.209578, 0.124994, -0.3453, -0.914123, -0.212476, -0.002831, 0.273974, 0.118354, -0.954427, -1.2e-05, 0.0, 0.0, 0.0, 1.0],
                [0.897611, -0.281998, 0.338779, 0.124994, -0.3453, -0.927566, 0.142789, -0.002831, 0.273974, -0.24515, -0.929968, -1.2e-05, 0.0, 0.0, 0.0, 1.0],
                [0.897611, -0.16234, 0.409804, 0.124994, -0.3453, -0.836836, 0.424821, -0.002831, 0.273974, -0.52283, -0.80721, -1.2e-05, 0.0, 0.0, 0.0, 1.0],
                [0.897611, -0.16234, 0.409804, 0.124994, -0.3453, -0.836836, 0.424821, -0.002831, 0.273974, -0.52283, -0.80721, -1.2e-05, 0.0, 0.0, 0.0, 1.0],
                [0.897611, -0.16234, 0.409804, 0.124994, -0.3453, -0.836836, 0.424821, -0.002831, 0.273974, -0.52283, -0.80721, -1.2e-05, 0.0, 0.0, 0.0, 1.0],
                [0.897611, -0.16234, 0.409804, 0.124994, -0.3453, -0.836836, 0.424821, -0.002831, 0.273974, -0.52283, -0.80721, -1.2e-05, 0.0, 0.0, 0.0, 1.0],
                [0.897611, -0.16234, 0.409804, 0.124994, -0.3453, -0.836836, 0.424821, -0.002831, 0.273974, -0.52283, -0.80721, -1.1e-05, 0.0, 0.0, 0.0, 1.0],
                [0.897611, -0.16234, 0.409804, 0.124994, -0.3453, -0.836836, 0.424821, -0.002831, 0.273974, -0.52283, -0.80721, -1.2e-05, 0.0, 0.0, 0.0, 1.0],
                [0.897611, -0.16234, 0.409804, 0.124994, -0.3453, -0.836836, 0.424821, -0.002831, 0.273974, -0.52283, -0.80721, -1.2e-05, 0.0, 0.0, 0.0, 1.0],
                [0.897611, -0.16234, 0.409804, 0.124994, -0.3453, -0.836836, 0.424821, -0.002831, 0.273974, -0.52283, -0.80721, -1.2e-05, 0.0, 0.0, 0.0, 1.0],
                [0.897611, -0.16234, 0.409804, 0.124994, -0.3453, -0.836836, 0.424821, -0.00283, 0.273974, -0.52283, -0.80721, -1.2e-05, 0.0, 0.0, 0.0, 1.0],
                [0.897611, -0.16234, 0.409804, 0.124994, -0.3453, -0.836836, 0.424821, -0.002831, 0.273974, -0.52283, -0.80721, -1.2e-05, 0.0, 0.0, 0.0, 1.0],
                [0.897611, -0.16234, 0.409804, 0.124994, -0.3453, -0.836836, 0.424821, -0.002831, 0.273974, -0.52283, -0.80721, -1.2e-05, 0.0, 0.0, 0.0, 1.0],
                [0.897611, -0.16234, 0.409804, 0.124994, -0.3453, -0.836836, 0.424821, -0.002831, 0.273974, -0.52283, -0.80721, -1.2e-05, 0.0, 0.0, 0.0, 1.0],
                [0.897611, -0.16234, 0.409804, 0.124994, -0.3453, -0.836836, 0.424821, -0.002831, 0.273974, -0.52283, -0.80721, -1.2e-05, 0.0, 0.0, 0.0, 1.0],
                [0.953907, -0.134722, 0.268165, 0.124994, -0.20933, -0.938997, 0.272882, -0.002831, 0.215043, -0.316439, -0.923917, -1.2e-05, 0.0, 0.0, 0.0, 1.0],
                [0.983259, -0.088975, 0.159013, 0.124994, -0.110265, -0.985297, 0.130503, -0.002831, 0.145064, -0.145851, -0.978613, -1.3e-05, 0.0, 0.0, 0.0, 1.0],
                [0.991782, -0.062008, 0.111909, 0.124994, -0.069202, -0.995699, 0.061588, -0.002831, 0.107609, -0.068826, -0.991808, -1.2e-05, 0.0, 0.0, 0.0, 1.0],
                [0.997729, -0.027571, 0.061451, 0.124994, -0.026513, -0.999487, -0.017969, -0.002831, 0.061915, 0.016299, -0.997948, -1.2e-05, 0.0, 0.0, 0.0, 1.0],
                [0.999698, 0.001802, 0.024508, 0.124994, 0.003771, -0.996746, -0.080519, -0.002831, 0.024283, 0.080588, -0.996452, -1.3e-05, 0.0, 0.0, 0.0, 1.0],
                [0.998915, 0.042282, -0.019539, 0.124994, 0.038601, -0.986241, -0.16074, -0.002831, -0.026067, 0.159811, -0.986803, -1.2e-05, 0.0, 0.0, 0.0, 1.0],
                [0.998915, 0.042282, -0.019539, 0.124994, 0.038601, -0.986241, -0.16074, -0.002831, -0.026067, 0.159811, -0.986803, -1.2e-05, 0.0, 0.0, 0.0, 1.0]
            ]
        },
        {
            "name": "Leg_R",
            "time": [0.0167, 0.1833, 0.2833, 0.3667, 0.5, 0.7167, 0.7833, 0.9333, 1.05, 1.1833, 1.3167, 1.5, 1.6667, 1.8333, 2.0333, 2.35, 2.5333, 2.6667, 2.8, 2.95, 3.0667, 3.2167, 3.3167],
            "transform": [
                [0.999926, -0.002132, -0.01197, -0.0, 0.006495, 0.92591, 0.377688, 0.37472, 0.010278, -0.377738, 0.925855, 0.0, 0.0, 0.0, 0.0, 1.0],
                [0.999926, 0.000383, -0.012152, 0.0, 0.006495, 0.828107, 0.560533, 0.37472, 0.010278, -0.56057, 0.828043, 0.0, 0.0, 0.0, 0.0, 1.0],
                [0.999926, 0.001895, -0.01201, -0.0, 0.006495, 0.751737, 0.659431, 0.37472, 0.010278, -0.65946, 0.751669, 0.0, 0.0, 0.0, 0.0, 1.0],
                [0.999926, 0.003127, -0.011749, 0.0, 0.006495, 0.679542, 0.733608, 0.37472, 0.010278, -0.73363, 0.679471, 0.0, 0.0, 0.0, 0.0, 1.0],
                [0.942787, -0.250369, -0.220153, -0.0, 0.290141, 0.941423, 0.171875, 0.37472, 0.164225, -0.225917, 0.960204, -0.0, 0.0, 0.0, 0.0, 1.0],
                [0.995699, 0.091789, -0.012625, -0.0, -0.040923, 0.557928, 0.82888, 0.37472, 0.083127, -0.824798, 0.559284, -0.0, 0.0, 0.0, 0.0, 1.0],
                [0.981991, 0.157111, 0.104932, -0.0, -0.151807, 0.325532, 0.933265, 0.37472, 0.112467, -0.932387, 0.34352, 0.0, 0.0, 0.0, 0.0, 1.0],
                [0.910171, 0.184727, 0.370763, -0.0, -0.330913, -0.214151, 0.919041, 0.37472, 0.249171, -0.959174, -0.133785, -0.0, 0.0, 0.0, 0.0, 1.0],
                [0.910171, 0.184727, 0.370763, -0.0, -0.330913, -0.214151, 0.919041, 0.37472, 0.249171, -0.959174, -0.133785, 0.0, 0.0, 0.0, 0.0, 1.0],
                [0.910171, 0.184727, 0.370763, -0.0, -0.330913, -0.214151, 0.919041, 0.37472, 0.249171, -0.959174, -0.133785, -1e-06, 0.0, 0.0, 0.0, 1.0],
                [0.910171, 0.184727, 0.370763, 0.0, -0.330913, -0.214151, 0.919041, 0.37472, 0.249171, -0.959174, -0.133785, -0.0, 0.0, 0.0, 0.0, 1.0],
                [0.910171, 0.184727, 0.370763, -0.0, -0.330913, -0.214151, 0.919041, 0.37472, 0.249171, -0.959174, -0.133785, -0.0, 0.0, 0.0, 0.0, 1.0],
                [0.910171, 0.184727, 0.370763, -0.0, -0.330913, -0.214151, 0.919041, 0.37472, 0.249171, -0.959174, -0.133785, 0.0, 0.0, 0.0, 0.0, 1.0],
                [0.910171, 0.184727, 0.370763, 0.0, -0.330913, -0.214151, 0.919041, 0.37472, 0.249171, -0.959174, -0.133785, -0.0, 0.0, 0.0, 0.0, 1.0],
                [0.910171, 0.184727, 0.370763, 0.0, -0.330913, -0.214151, 0.919041, 0.37472, 0.249171, -0.959174, -0.133785, -0.0, 0.0, 0.0, 0.0, 1.0],
                [0.910171, 0.184727, 0.370763, 0.0, -0.330913, -0.214151, 0.919041, 0.37472, 0.249171, -0.959174, -0.133785, -0.0, 0.0, 0.0, 0.0, 1.0],
                [0.949414, 0.209586, 0.233851, 0.0, -0.291984, 0.315095, 0.903029, 0.37472, 0.115576, -0.925629, 0.360352, -0.0, 0.0, 0.0, 0.0, 1.0],
                [0.977994, 0.170304, 0.12052, -0.0, -0.206207, 0.701158, 0.682537, 0.37472, 0.031735, -0.692369, 0.720846, 0.0, 0.0, 0.0, 0.0, 1.0],
                [0.987634, 0.136354, 0.077377, -0.0, -0.156559, 0.831613, 0.532831, 0.37472, 0.008306, -0.538356, 0.842677, -0.0, 0.0, 0.0, 0.0, 1.0],
                [0.99517, 0.090101, 0.03897, -0.0, -0.098019, 0.933817, 0.344062, 0.37472, -0.005391, -0.34622, 0.938138, 1e-06, 0.0, 0.0, 0.0, 1.0],
                [0.99855, 0.050958, 0.017378, 0.0, -0.053353, 0.979856, 0.192446, 0.37472, -0.007221, -0.193094, 0.981154, -0.0, 0.0, 0.0, 0.0, 1.0],
                [1.0, 1e-06, 1e-06, -0.0, -1e-06, 0.999995, 0.00307, 0.37472, -1e-06, -0.00307, 0.999995, 0.0, 0.0, 0.0, 0.0, 1.0],
                [1.0, 1e-06, 1e-06, -0.0, -1e-06, 0.999995, 0.00307, 0.37472, -1e-06, -0.00307, 0.999995, 0.0, 0.0, 0.0, 0.0, 1.0]
            ]
        },
        {
            "name": "Knee_R",
            "time": [0.0167, 0.1833, 0.2833, 0.3667, 0.5, 0.7167, 0.7833, 0.9333, 1.05, 1.1833, 1.3167, 1.5, 1.6667, 1.8333, 2.0333, 2.35, 2.5333, 2.6667, 2.8, 2.95, 3.0667, 3.2167, 3.3167],
            "transform": [
                [1.0, 0.0, -0.0, -0.0, -0.0, 0.0, -1.0, 0.37472, -0.0, 1.0, 0.0, 0.0, 0.0, 0.0, 0.0, 1.0],
                [1.0, 0.0, -0.0, 0.0, -0.0, 0.0, -1.0, 0.37472, -0.0, 1.0, 0.0, 0.0, 0.0, 0.0, 0.0, 1.0],
                [1.0, 0.0, -0.0, -0.0, -0.0, 0.0, -1.0, 0.37472, -0.0, 1.0, 0.0, 0.0, 0.0, 0.0, 0.0, 1.0],
                [1.0, 0.0, -0.0, 0.0, -0.0, 0.0, -1.0, 0.37472, -0.0, 1.0, 0.0, 0.0, 0.0, 0.0, 0.0, 1.0],
                [1.0, 0.0, -0.0, -0.0, -1e-06, 0.0, -1.0, 0.37472, -0.0, 1.0, 0.0, -0.0, 0.0, 0.0, 0.0, 1.0],
                [1.0, 0.0, -0.0, -0.0, -0.0, 0.0, -1.0, 0.37472, -0.0, 1.0, 0.0, -0.0, 0.0, 0.0, 0.0, 1.0],
                [1.0, 0.0, -0.0, -0.0, -0.0, 0.0, -1.0, 0.37472, -0.0, 1.0, 0.0, 0.0, 0.0, 0.0, 0.0, 1.0],
                [1.0, 0.0, -0.0, -0.0, -0.0, 0.0, -1.0, 0.37472, -0.0, 1.0, 0.0, -0.0, 0.0, 0.0, 0.0, 1.0],
                [1.0, 0.0, -0.0, -0.0, -0.0, 0.0, -1.0, 0.37472, -0.0, 1.0, 0.0, 0.0, 0.0, 0.0, 0.0, 1.0],
                [1.0, 0.0, -1e-06, -0.0, -1e-06, 0.0, -1.0, 0.37472, -0.0, 1.0, 0.0, -1e-06, 0.0, 0.0, 0.0, 1.0],
                [1.0, 0.0, -0.0, 0.0, -1e-06, 0.0, -1.0, 0.37472, -0.0, 1.0, 0.0, -0.0, 0.0, 0.0, 0.0, 1.0],
                [1.0, 0.0, -0.0, -0.0, -0.0, 0.0, -1.0, 0.37472, -0.0, 1.0, 0.0, -0.0, 0.0, 0.0, 0.0, 1.0],
                [1.0, 0.0, -1e-06, -0.0, -0.0, 0.0, -1.0, 0.37472, -0.0, 1.0, 0.0, 0.0, 0.0, 0.0, 0.0, 1.0],
                [1.0, 0.0, -0.0, 0.0, -0.0, 0.0, -1.0, 0.37472, -0.0, 1.0, 0.0, -0.0, 0.0, 0.0, 0.0, 1.0],
                [1.0, 0.0, -0.0, 0.0, -0.0, 0.0, -1.0, 0.37472, -0.0, 1.0, 0.0, -0.0, 0.0, 0.0, 0.0, 1.0],
                [1.0, 0.0, -0.0, 0.0, -0.0, 0.0, -1.0, 0.37472, -0.0, 1.0, 0.0, -0.0, 0.0, 0.0, 0.0, 1.0],
                [1.0, 0.0, -0.0, 0.0, -0.0, 0.0, -1.0, 0.37472, -0.0, 1.0, 0.0, -0.0, 0.0, 0.0, 0.0, 1.0],
                [1.0, 0.0, -0.0, -0.0, -0.0, 0.0, -1.0, 0.37472, -0.0, 1.0, 0.0, 0.0, 0.0, 0.0, 0.0, 1.0],
                [1.0, 0.0, -0.0, -0.0, -0.0, 0.0, -1.0, 0.37472, -0.0, 1.0, 0.0, -0.0, 0.0, 0.0, 0.0, 1.0],
                [1.0, 0.0, -0.0, -0.0, -0.0, 0.0, -1.0, 0.37472, -0.0, 1.0, 0.0, 1e-06, 0.0, 0.0, 0.0, 1.0],
                [1.0, 0.0, -0.0, 0.0, -0.0, 0.0, -1.0, 0.37472, -0.0, 1.0, 0.0, -0.0, 0.0, 0.0, 0.0, 1.0],
                [1.0, 0.0, -0.0, -0.0, -0.0, 0.0, -1.0, 0.37472, -0.0, 1.0, 0.0, 0.0, 0.0, 0.0, 0.0, 1.0],
                [1.0, 0.0, -0.0, -0.0, -0.0, 0.0, -1.0, 0.37472, -0.0, 1.0, 0.0, 0.0, 0.0, 0.0, 0.0, 1.0]
            ]
        },
        {
            "name": "Thigh_L",
            "time": [0.0167, 0.1833, 0.2833, 0.3667, 0.5, 0.7167, 0.7833, 0.9333, 1.05, 1.1833, 1.3167, 1.5, 1.6667, 1.8333, 2.0333, 2.35, 2.5333, 2.6667, 2.8, 2.95, 3.0667, 3.2167, 3.3167],
            "transform": [
                [0.998411, 0.052302, 0.020998, -0.125006, 0.017626, -0.643659, 0.765109, -0.002831, 0.053532, -0.763523, -0.643558, -1.2e-05, 0.0, 0.0, 0.0, 1.0],
                [0.985115, -0.171491, 0.01182, -0.125006, -0.096612, -0.495486, 0.863226, -0.002831, -0.142179, -0.851519, -0.504679, -1.2e-05, 0.0, 0.0, 0.0, 1.0],
                [0.985115, -0.163866, 0.05193, -0.125006, -0.096613, -0.277931, 0.95573, -0.002831, -0.142179, -0.946521, -0.289625, -1.2e-05, 0.0, 0.0, 0.0, 1.0],
                [0.985115, -0.150428, 0.083187, -0.125006, -0.096613, -0.084248, 0.99175, -0.002831, -0.142179, -0.985025, -0.097527, -1.2e-05, 0.0, 0.0, 0.0, 1.0],
                [0.990458, -0.137362, 0.011187, -0.125006, -0.10554, -0.70379, 0.702525, -0.002831, -0.088626, -0.697002, -0.711571, -1.2e-05, 0.0, 0.0, 0.0, 1.0],
                [0.990458, -0.137361, 0.011188, -0.125006, -0.10554, -0.70379, 0.702525, -0.002831, -0.088626, -0.697002, -0.711571, -1.2e-05, 0.0, 0.0, 0.0, 1.0],
                [0.990458, -0.137361, 0.011187, -0.125006, -0.10554, -0.70379, 0.702525, -0.002831, -0.088626, -0.697002, -0.711571, -1.2e-05, 0.0, 0.0, 0.0, 1.0],
                [0.990458, -0.137361, 0.011188, -0.125006, -0.10554, -0.70379, 0.702525, -0.002831, -0.088626, -0.697002, -0.711571, -1.1e-05, 0.0, 0.0, 0.0, 1.0],
                [0.990458, -0.137361, 0.011188, -0.125006, -0.10554, -0.70379, 0.702525, -0.002831, -0.088626, -0.697002, -0.711571, -1.2e-05, 0.0, 0.0, 0.0, 1.0],
                [0.990458, -0.137361, 0.011187, -0.125006, -0.10554, -0.70379, 0.702525, -0.002831, -0.088626, -0.697002, -0.711571, -1.2e-05, 0.0, 0.0, 0.0, 1.0],
                [0.990458, -0.137361, 0.011187, -0.125006, -0.10554, -0.70379, 0.702525, -0.002831, -0.088626, -0.697002, -0.711571, -1.2e-05, 0.0, 0.0, 0.0, 1.0],
                [0.990458, -0.137361, 0.011187, -0.125006, -0.10554, -0.70379, 0.702525, -0.002831, -0.088626, -0.697002, -0.711571, -1.2e-05, 0.0, 0.0, 0.0, 1.0],
                [0.990458, -0.137362, 0.011187, -0.125006, -0.10554, -0.70379, 0.702525, -0.00283, -0.088626, -0.697002, -0.711571, -1.2e-05, 0.0, 0.0, 0.0, 1.0],
                [0.990458, -0.137361, 0.011187, -0.125006, -0.10554, -0.70379, 0.702525, -0.002831, -0.088626, -0.697002, -0.711571, -1.2e-05, 0.0, 0.0, 0.0, 1.0],
                [0.990458, -0.137361, 0.011187, -0.125006, -0.10554, -0.70379, 0.702525, -0.002831, -0.088626, -0.697002, -0.711571, -1.2e-05, 0.0, 0.0, 0.0, 1.0],
                [0.990458, -0.137361, 0.011187, -0.125006, -0.10554, -0.70379, 0.702525, -0.002831, -0.088626, -0.697002, -0.711571, -1.2e-05, 0.0, 0.0, 0.0, 1.0],
                [0.995457, -0.095181, 0.002626, -0.125006, -0.076098, -0.778694, 0.622771, -0.002831, -0.057231, -0.620141, -0.7824, -1.2e-05, 0.0, 0.0, 0.0, 1.0],
                [0.998078, -0.061961, -0.000858, -0.125006, -0.051024, -0.829603, 0.556017, -0.002831, -0.035163, -0.554905, -0.831171, -1.3e-05, 0.0, 0.0, 0.0, 1.0],
                [0.998898, -0.046911, -0.001524, -0.125006, -0.039137, -0.850404, 0.524672, -0.002831, -0.025909, -0.524034, -0.851303, -1.2e-05, 0.0, 0.0, 0.0, 1.0],
                [0.999549, -0.029973, -0.001602, -0.125006, -0.025369, -0.872148, 0.488584, -0.002831, -0.016042, -0.488323, -0.872515, -1.2e-05, 0.0, 0.0, 0.0, 1.0],
                [0.999858, -0.016826, -0.001174, -0.125006, -0.014401, -0.887811, 0.459982, -0.002831, -0.008782, -0.459899, -0.887928, -1.3e-05, 0.0, 0.0, 0.0, 1.0],
                [1.0, -0.0, -0.0, -0.125006, -0.0, -0.906307, 0.422618, -0.002831, -0.0, -0.422619, -0.906308, -1.2e-05, 0.0, 0.0, 0.0, 1.0],
                [1.0, -0.0, -0.0, -0.125006, -0.0, -0.906307, 0.422618, -0.002831, -0.0, -0.422619, -0.906308, -1.2e-05, 0.0, 0.0, 0.0, 1.0]
            ]
        },
        {
            "name": "Leg_L",
            "time": [0.0167, 0.1833, 0.2833, 0.3667, 0.5, 0.7167, 0.7833, 0.9333, 1.05, 1.1833, 1.3167, 1.5, 1.6667, 1.8333, 2.0333, 2.35, 2.5333, 2.6667, 2.8, 2.95, 3.0667, 3.2167, 3.3167],
            "transform": [
                [1.0, 0.0, 1e-06, -0.0, -1e-06, 0.707107, 0.707107, 0.37472, -1e-06, -0.707107, 0.707107, 0.0, 0.0, 0.0, 0.0, 1.0],
                [1.0, -0.0, 1e-06, 0.0, -1e-06, 0.510819, 0.859689, 0.37472, -1e-06, -0.859689, 0.510818, -0.0, 0.0, 0.0, 0.0, 1.0],
                [1.0, -0.0, 1e-06, -0.0, -1e-06, 0.376388, 0.926462, 0.37472, -1e-06, -0.926462, 0.376388, -0.0, 0.0, 0.0, 0.0, 1.0],
                [1.0, -0.0, 1e-06, -0.0, -1e-06, 0.258819, 0.965926, 0.37472, -1e-06, -0.965926, 0.258819, 0.0, 0.0, 0.0, 0.0, 1.0],
                [0.998137, -0.003212, -0.060926, -0.0, 0.03336, 0.864843, 0.500933, 0.37472, 0.051082, -0.502033, 0.863339, 0.0, 0.0, 0.0, 0.0, 1.0],
                [0.998137, -0.003212, -0.060926, 0.0, 0.03336, 0.864843, 0.500933, 0.37472, 0.051082, -0.502033, 0.863339, 0.0, 0.0, 0.0, 0.0, 1.0],
                [0.998137, -0.003212, -0.060926, -0.0, 0.03336, 0.864843, 0.500933, 0.37472, 0.051082, -0.502033, 0.863339, 0.0, 0.0, 0.0, 0.0, 1.0],
                [0.998137, -0.003212, -0.060926, -0.0, 0.03336, 0.864843, 0.500933, 0.37472, 0.051082, -0.502033, 0.863339, 0.0, 0.0, 0.0, 0.0, 1.0],
                [0.998137, -0.003213, -0.060926, 0.0, 0.03336, 0.864843, 0.500933, 0.37472, 0.051082, -0.502033, 0.863339, -0.0, 0.0, 0.0, 0.0, 1.0],
                [0.998137, -0.003212, -0.060926, -0.0, 0.03336, 0.864843, 0.500933, 0.37472, 0.051082, -0.502033, 0.863339, 0.0, 0.0, 0.0, 0.0, 1.0],
                [0.998137, -0.003212, -0.060926, -0.0, 0.03336, 0.864843, 0.500933, 0.37472, 0.051082, -0.502033, 0.863339, -0.0, 0.0, 0.0, 0.0, 1.0],
                [0.998137, -0.003212, -0.060926, 0.0, 0.033361, 0.864843, 0.500933, 0.37472, 0.051082, -0.502033, 0.863339, 0.0, 0.0, 0.0, 0.0, 1.0],
                [0.998137, -0.003212, -0.060926, 1e-06, 0.03336, 0.864843, 0.500933, 0.37472, 0.051082, -0.502033, 0.863339, 0.0, 0.0, 0.0, 0.0, 1.0],
                [0.998137, -0.003213, -0.060926, -0.0, 0.03336, 0.864843, 0.500933, 0.37472, 0.051082, -0.502033, 0.863339, 1e-06, 0.0, 0.0, 0.0, 1.0],
                [0.998137, -0.003212, -0.060926, -0.0, 0.03336, 0.864843, 0.500933, 0.374721, 0.051082, -0.502033, 0.863339, 0.0, 0.0, 0.0, 0.0, 1.0],
                [0.998137, -0.003212, -0.060926, -0.0, 0.03336, 0.864843, 0.500933, 0.374721, 0.051082, -0.502033, 0.863339, 0.0, 0.0, 0.0, 0.0, 1.0],
                [0.999118, -0.003368, -0.041859, 0.0, 0.021982, 0.891256, 0.452968, 0.37472, 0.035781, -0.453488, 0.890544, 0.0, 0.0, 0.0, 0.0, 1.0],
                [0.999627, -0.002769, -0.027163, 0.0, 0.013794, 0.909762, 0.414902, 0.37472, 0.023563, -0.415122, 0.909461, 1e-06, 0.0, 0.0, 0.0, 1.0],
                [0.999786, -0.002294, -0.020555, -0.0, 0.010277, 0.917555, 0.397477, 0.37472, 0.017949, -0.397603, 0.917382, -0.0, 0.0, 0.0, 0.0, 1.0],
                [0.999912, -0.001609, -0.013136, -0.0, 0.006452, 0.925914, 0.377679, 0.37472, 0.011555, -0.37773, 0.925844, 0.0, 0.0, 0.0, 0.0, 1.0],
                [0.999972, -0.000967, -0.007379, 0.0, 0.003573, 0.932114, 0.362147, 0.37472, 0.006528, -0.362164, 0.932092, -0.0, 0.0, 0.0, 0.0, 1.0],
                [1.0, 1e-06, 1e-06, 0.0, -1e-06, 0.939693, 0.34202, 0.37472, -1e-06, -0.34202, 0.939693, 0.0, 0.0, 0.0, 0.0, 1.0],
                [1.0, 1e-06, 1e-06, 0.0, -1e-06, 0.939693, 0.34202, 0.37472, -1e-06, -0.34202, 0.939693, 0.0, 0.0, 0.0, 0.0, 1.0]
            ]
        },
        {
            "name": "Knee_L",
            "time": [0.0167, 0.1833, 0.2833, 0.3667, 0.5, 0.7167, 0.7833, 0.9333, 1.05, 1.1833, 1.3167, 1.5, 1.6667, 1.8333, 2.0333, 2.35, 2.5333, 2.6667, 2.8, 2.95, 3.0667, 3.2167, 3.3167],
            "transform": [
                [1.0, 0.0, -0.0, -0.0, -0.0, 0.0, -1.0, 0.37472, -0.0, 1.0, 0.0, 0.0, 0.0, 0.0, 0.0, 1.0],
                [1.0, 0.0, -0.0, 0.0, -0.0, 0.0, -1.0, 0.37472, -0.0, 1.0, 0.0, -0.0, 0.0, 0.0, 0.0, 1.0],
                [1.0, 0.0, -0.0, -0.0, -0.0, 0.0, -1.0, 0.37472, -0.0, 1.0, 0.0, -0.0, 0.0, 0.0, 0.0, 1.0],
                [1.0, 0.0, -0.0, -0.0, -0.0, 0.0, -1.0, 0.37472, -0.0, 1.0, 0.0, 0.0, 0.0, 0.0, 0.0, 1.0],
                [1.0, 0.0, -1e-06, -0.0, -1e-06, 0.0, -1.0, 0.37472, -0.0, 1.0, 0.0, 0.0, 0.0, 0.0, 0.0, 1.0],
                [1.0, 0.0, -0.0, 0.0, -1e-06, 0.0, -1.0, 0.37472, -0.0, 1.0, 0.0, 0.0, 0.0, 0.0, 0.0, 1.0],
                [1.0, 0.0, -1e-06, -0.0, -1e-06, 0.0, -1.0, 0.37472, -0.0, 1.0, 0.0, 0.0, 0.0, 0.0, 0.0, 1.0],
                [1.0, 0.0, -0.0, -0.0, -0.0, 0.0, -1.0, 0.37472, -0.0, 1.0, 0.0, 0.0, 0.0, 0.0, 0.0, 1.0],
                [1.0, 0.0, -0.0, 0.0, -0.0, 0.0, -1.0, 0.37472, -0.0, 1.0, 0.0, -0.0, 0.0, 0.0, 0.0, 1.0],
                [1.0, 0.0, -0.0, -0.0, -0.0, 0.0, -1.0, 0.37472, -0.0, 1.0, 0.0, 0.0, 0.0, 0.0, 0.0, 1.0],
                [1.0, 0.0, -0.0, -0.0, -0.0, 0.0, -1.0, 0.37472, -0.0, 1.0, 0.0, -0.0, 0.0, 0.0, 0.0, 1.0],
                [1.0, 0.0, -0.0, 0.0, -0.0, 0.0, -1.0, 0.37472, -0.0, 1.0, 0.0, 0.0, 0.0, 0.0, 0.0, 1.0],
                [1.0, 0.0, -0.0, 1e-06, -0.0, 0.0, -1.0, 0.37472, -0.0, 1.0, 0.0, 0.0, 0.0, 0.0, 0.0, 1.0],
                [1.0, 0.0, -0.0, -0.0, -0.0, 0.0, -1.0, 0.37472, -0.0, 1.0, 0.0, 1e-06, 0.0, 0.0, 0.0, 1.0],
                [1.0, 0.0, -0.0, -0.0, -1e-06, 0.0, -1.0, 0.374721, -0.0, 1.0, 0.0, 0.0, 0.0, 0.0, 0.0, 1.0],
                [1.0, 0.0, -0.0, -0.0, -1e-06, 0.0, -1.0, 0.374721, -0.0, 1.0, 0.0, 0.0, 0.0, 0.0, 0.0, 1.0],
                [1.0, 0.0, -0.0, 0.0, -0.0, 0.0, -1.0, 0.37472, -0.0, 1.0, 0.0, 0.0, 0.0, 0.0, 0.0, 1.0],
                [1.0, 0.0, -0.0, 0.0, -0.0, 0.0, -1.0, 0.37472, -0.0, 1.0, 0.0, 1e-06, 0.0, 0.0, 0.0, 1.0],
                [1.0, 0.0, -0.0, -0.0, -0.0, 0.0, -1.0, 0.37472, -0.0, 1.0, 0.0, -0.0, 0.0, 0.0, 0.0, 1.0],
                [1.0, 0.0, -0.0, -0.0, -0.0, 0.0, -1.0, 0.37472, -0.0, 1.0, 0.0, 0.0, 0.0, 0.0, 0.0, 1.0],
                [1.0, 0.0, -0.0, 0.0, -0.0, 0.0, -1.0, 0.37472, -0.0, 1.0, 0.0, -0.0, 0.0, 0.0, 0.0, 1.0],
                [1.0, 0.0, -0.0, 0.0, -0.0, 0.0, -1.0, 0.37472, -0.0, 1.0, 0.0, 0.0, 0.0, 0.0, 0.0, 1.0],
                [1.0, 0.0, -0.0, 0.0, -0.0, 0.0, -1.0, 0.37472, -0.0, 1.0, 0.0, 0.0, 0.0, 0.0, 0.0, 1.0]
            ]
        },
        {
            "name": "Torso",
            "time": [0.0167, 0.1833, 0.2833, 0.3667, 0.5, 0.7167, 0.7833, 0.9333, 1.05, 1.1833, 1.3167, 1.5, 1.6667, 1.8333, 2.0333, 2.35, 2.5333, 2.6667, 2.8, 2.95, 3.0667, 3.2167, 3.3167],
            "transform": [
                [0.751278, 0.0, 0.659986, 0.0, 0.114605, 0.984808, -0.130458, 0.05, -0.649959, 0.173648, 0.739865, 0.0, 0.0, 0.0, 0.0, 1.0],
                [0.751278, 0.0, 0.659986, -0.0, 0.114605, 0.984808, -0.130458, 0.05, -0.649959, 0.173648, 0.739865, 0.0, 0.0, 0.0, 0.0, 1.0],
                [0.751278, 0.0, 0.659986, 0.0, 0.114605, 0.984808, -0.130458, 0.05, -0.649959, 0.173648, 0.739865, 0.0, 0.0, 0.0, 0.0, 1.0],
                [0.751278, 0.0, 0.659986, 0.0, 0.114605, 0.984808, -0.130458, 0.05, -0.649959, 0.173648, 0.739865, -0.0, 0.0, 0.0, 0.0, 1.0],
                [0.751278, 0.0, 0.659986, 0.0, 0.114605, 0.984808, -0.130458, 0.05, -0.649959, 0.173648, 0.739865, -0.0, 0.0, 0.0, 0.0, 1.0],
                [0.751278, 0.0, 0.659986, 0.0, 0.114605, 0.984808, -0.130458, 0.05, -0.649959, 0.173648, 0.739865, 0.0, 0.0, 0.0, 0.0, 1.0],
                [0.751278, 0.0, 0.659986, 0.0, 0.114605, 0.984808, -0.130458, 0.05, -0.649959, 0.173648, 0.739865, -0.0, 0.0, 0.0, 0.0, 1.0],
                [0.751278, -0.0, 0.659986, -0.0, 0.114605, 0.984808, -0.130458, 0.05, -0.649959, 0.173648, 0.739865, 1e-06, 0.0, 0.0, 0.0, 1.0],
                [0.751278, 0.0, 0.659986, 0.0, 0.114605, 0.984808, -0.130458, 0.05, -0.649959, 0.173648, 0.739865, 0.0, 0.0, 0.0, 0.0, 1.0],
                [0.751278, 0.0, 0.659986, 0.0, 0.114605, 0.984808, -0.130458, 0.05, -0.649959, 0.173648, 0.739865, -0.0, 0.0, 0.0, 0.0, 1.0],
                [0.751278, 0.0, 0.659986, 0.0, 0.114605, 0.984808, -0.130458, 0.05, -0.649959, 0.173648, 0.739865, 0.0, 0.0, 0.0, 0.0, 1.0],
                [0.751278, 0.0, 0.659986, -0.0, 0.114605, 0.984808, -0.130458, 0.050001, -0.649959, 0.173648, 0.739865, 0.0, 0.0, 0.0, 0.0, 1.0],
                [0.751278, -0.0, 0.659986, 1e-06, 0.114605, 0.984808, -0.130458, 0.05, -0.649959, 0.173648, 0.739865, -0.0, 0.0, 0.0, 0.0, 1.0],
                [0.751278, -0.0, 0.659986, 0.0, 0.114605, 0.984808, -0.130458, 0.05, -0.649959, 0.173648, 0.739865, 0.0, 0.0, 0.0, 0.0, 1.0],
                [0.751278, -0.0, 0.659986, -0.0, 0.114605, 0.984808, -0.130458, 0.05, -0.649959, 0.173648, 0.739865, 0.0, 0.0, 0.0, 0.0, 1.0],
                [0.751278, -0.0, 0.659986, -0.0, 0.114605, 0.984808, -0.130458, 0.05, -0.649959, 0.173648, 0.739865, 0.0, 0.0, 0.0, 0.0, 1.0],
                [0.751278, 0.0, 0.659986, 0.0, 0.114605, 0.984808, -0.130458, 0.05, -0.649959, 0.173648, 0.739865, 0.0, 0.0, 0.0, 0.0, 1.0],
                [0.751278, 0.0, 0.659986, -0.0, 0.114605, 0.984808, -0.130458, 0.05, -0.649959, 0.173648, 0.739865, -0.0, 0.0, 0.0, 0.0, 1.0],
                [0.853804, 0.0, 0.520595, -0.0, 0.0904, 0.984808, -0.148261, 0.05, -0.512686, 0.173648, 0.840832, -0.0, 0.0, 0.0, 0.0, 1.0],
                [0.939592, 0.0, 0.342295, 0.0, 0.059439, 0.984808, -0.163158, 0.05, -0.337095, 0.173648, 0.925318, 1e-06, 0.0, 0.0, 0.0, 1.0],
                [0.981016, 0.0, 0.193926, 0.0, 0.033675, 0.984808, -0.170352, 0.05, -0.190979, 0.173648, 0.966112, -1e-06, 0.0, 0.0, 0.0, 1.0],
                [1.0, 0.0, 0.0, 0.0, 0.0, 0.984808, -0.173648, 0.05, 0.0, 0.173648, 0.984808, 0.0, 0.0, 0.0, 0.0, 1.0],
                [1.0, 0.0, 0.0, 0.0, 0.0, 0.984808, -0.173648, 0.05, 0.0, 0.173648, 0.984808, 0.0, 0.0, 0.0, 0.0, 1.0]
            ]
        },
        {
            "name": "Chest",
            "time": [0.0167, 0.1833, 0.2833, 0.3667, 0.5, 0.7167, 0.7833, 0.9333, 1.05, 1.1833, 1.3167, 1.5, 1.6667, 1.8333, 2.0333, 2.1, 2.2833, 2.4167, 2.6667, 2.8, 2.95, 3.0667, 3.2167, 3.3167],
            "transform": [
                [0.76498, 0.139889, 0.628679, -0.0, -0.173461, 0.984808, -0.008064, 0.3, -0.620256, -0.102882, 0.777623, -0.0, 0.0, 0.0, 0.0, 1.0],
                [0.979736, 0.139889, -0.143348, 0.0, -0.122624, 0.984808, 0.122951, 0.3, 0.158369, -0.102882, 0.982005, -0.0, 0.0, 0.0, 0.0, 1.0],
                [0.979736, 0.139889, -0.143348, 0.0, -0.122624, 0.984808, 0.122951, 0.3, 0.158369, -0.102882, 0.982005, -0.0, 0.0, 0.0, 0.0, 1.0],
                [0.979736, 0.139889, -0.143348, 0.0, -0.122624, 0.984808, 0.122951, 0.3, 0.158369, -0.102882, 0.982005, -0.0, 0.0, 0.0, 0.0, 1.0],
                [0.549724, 0.326693, -0.768814, 0.0, 0.145247, 0.868953, 0.473101, 0.3, 0.822622, -0.371743, 0.430233, 0.0, 0.0, 0.0, 0.0, 1.0],
                [0.549724, 0.326693, -0.768814, -0.0, 0.145248, 0.868953, 0.473101, 0.3, 0.822622, -0.371743, 0.430233, -0.0, 0.0, 0.0, 0.0, 1.0],
                [0.549724, 0.326693, -0.768814, -0.0, 0.145247, 0.868953, 0.473101, 0.3, 0.822622, -0.371743, 0.430233, 0.0, 0.0, 0.0, 0.0, 1.0],
                [0.549724, 0.326693, -0.768814, -0.0, 0.145247, 0.868953, 0.473101, 0.3, 0.822622, -0.371743, 0.430233, 0.0, 0.0, 0.0, 0.0, 1.0],
                [0.295051, -0.005386, -0.955466, 0.0, 0.654939, 0.729243, 0.198137, 0.3, 0.695701, -0.684233, 0.218691, -0.0, 0.0, 0.0, 0.0, 1.0],
                [0.295051, -0.005386, -0.955466, -0.0, 0.654939, 0.729244, 0.198137, 0.3, 0.695701, -0.684233, 0.218691, 0.0, 0.0, 0.0, 0.0, 1.0],
                [0.295051, -0.005386, -0.955467, -0.0, 0.65494, 0.729244, 0.198137, 0.3, 0.695701, -0.684233, 0.218691, -0.0, 0.0, 0.0, 0.0, 1.0],
                [0.295051, -0.005386, -0.955466, 0.0, 0.654939, 0.729244, 0.198137, 0.3, 0.695701, -0.684233, 0.218691, -0.0, 0.0, 0.0, 0.0, 1.0],
                [0.295051, -0.005386, -0.955466, 0.0, 0.654939, 0.729244, 0.198137, 0.3, 0.695701, -0.684233, 0.218691, 0.0, 0.0, 0.0, 0.0, 1.0],
                [0.295051, -0.005386, -0.955466, 0.0, 0.65494, 0.729244, 0.198137, 0.3, 0.695701, -0.684233, 0.218691, 0.0, 0.0, 0.0, 0.0, 1.0],
                [0.295051, -0.005386, -0.955467, -1e-06, 0.654939, 0.729244, 0.198137, 0.3, 0.695701, -0.684233, 0.218691, -0.0, 0.0, 0.0, 0.0, 1.0],
                [0.295051, -0.005386, -0.955467, -1e-06, 0.654939, 0.729244, 0.198137, 0.3, 0.695701, -0.684233, 0.218691, -0.0, 0.0, 0.0, 0.0, 1.0],
                [0.629696, -0.084435, -0.772239, -1e-06, 0.471345, 0.831714, 0.293404, 0.3, 0.617509, -0.548746, 0.563525, -0.0, 0.0, 0.0, 0.0, 1.0],
                [0.864479, -0.094614, -0.493684, -0.0, 0.271896, 0.914064, 0.30093, 0.3, 0.422787, -0.394379, 0.815915, -0.0, 0.0, 0.0, 0.0, 1.0],
                [0.658395, 0.049853, -0.75102, 0.0, 0.063275, 0.990606, 0.121228, 0.3, 0.750008, -0.127336, 0.649056, 0.0, 0.0, 0.0, 0.0, 1.0],
                [0.797805, 0.041825, -0.601463, -0.0, 0.052574, 0.988965, 0.138507, 0.3, 0.600619, -0.142123, 0.786802, -0.0, 0.0, 0.0, 0.0, 1.0],
                [0.916415, 0.029105, -0.39917, 0.0, 0.036238, 0.987222, 0.155176, 0.3, 0.398586, -0.156671, 0.90365, -0.0, 0.0, 0.0, 0.0, 1.0],
                [0.973869, 0.017079, -0.22647, 0.0, 0.021126, 0.986032, 0.165208, 0.3, 0.226128, -0.165676, 0.959905, 1e-06, 0.0, 0.0, 0.0, 1.0],
                [1.0, 0.0, 0.0, 0.0, 0.0, 0.984808, 0.173648, 0.3, 0.0, -0.173648, 0.984808, 0.0, 0.0, 0.0, 0.0, 1.0],
                [1.0, 0.0, 0.0, 0.0, 0.0, 0.984808, 0.173648, 0.3, 0.0, -0.173648, 0.984808, 0.0, 0.0, 0.0, 0.0, 1.0]
            ]
        },
        {
            "name": "Head",
            "time": [0.0167, 0.1833, 0.2833, 0.3667, 0.5, 0.7167, 0.7833, 0.9333, 1.05, 1.1833, 1.3167, 1.5, 1.6667, 1.8333, 2.0333, 2.35, 2.5333, 2.6667, 2.8, 2.95, 3.0667, 3.2167, 3.3167],
            "transform": [
