{
    "armature": {
        "joints": ["Root", "Thigh_R", "Leg_R", "Knee_R", "Thigh_L", "Leg_L", "Knee_L", "Torso", "Chest", "Head", "Shoulder_R", "Arm_R", "Hand_R", "Tool_R", "Elbow_R", "Shoulder_L", "Arm_L", "Hand_L", "Tool_L", "Elbow_L"],
        "hierarchy": [
            {
                "name": "Root",
                "transform": [1.0, 0.0, 0.0, -5e-06, 0.0, 0.0, -1.0, 0.000946, 0.0, 1.0, 0.0, 0.763972, 0.0, 0.0, 0.0, 1.0],
                "children": [
                    {
                        "name": "Thigh_R",
                        "transform": [1.0, -0.0, -0.0, 0.124994, -0.0, -1.0, 0.0, -0.002831, -0.0, -0.0, -1.0, -1.2e-05, 0.0, 0.0, 0.0, 1.0],
                        "children": [
                            {
                                "name": "Leg_R",
                                "transform": [1.0, 0.0, 1e-06, 0.0, -0.0, 1.0, 0.0, 0.37472, -1e-06, -0.0, 1.0, -0.0, 0.0, 0.0, 0.0, 1.0],
                                "children": []
                            },
                            {
                                "name": "Knee_R",
                                "transform": [1.0, 0.0, -0.0, 0.0, -0.0, 0.0, -1.0, 0.37472, -0.0, 1.0, 0.0, -0.0, 0.0, 0.0, 0.0, 1.0],
                                "children": []
                            }
                        ]
                    },
                    {
                        "name": "Thigh_L",
                        "transform": [1.0, -0.0, -0.0, -0.125006, -0.0, -1.0, 0.0, -0.002831, -0.0, -0.0, -1.0, -1.2e-05, 0.0, 0.0, 0.0, 1.0],
                        "children": [
                            {
                                "name": "Leg_L",
                                "transform": [1.0, 0.0, 1e-06, -0.0, -0.0, 1.0, 0.0, 0.37472, -1e-06, -0.0, 1.0, 0.0, 0.0, 0.0, 0.0, 1.0],
                                "children": []
                            },
                            {
                                "name": "Knee_L",
                                "transform": [1.0, 0.0, -0.0, -0.0, -0.0, 0.0, -1.0, 0.37472, -0.0, 1.0, 0.0, 0.0, 0.0, 0.0, 0.0, 1.0],
                                "children": []
                            }
                        ]
                    },
                    {
                        "name": "Torso",
                        "transform": [1.0, 0.0, 0.0, 0.0, 0.0, 1.0, 0.0, 0.05, 0.0, 0.0, 1.0, 0.0, 0.0, 0.0, 0.0, 1.0],
                        "children": [
                            {
                                "name": "Chest",
                                "transform": [1.0, 0.0, 0.0, 0.0, 0.0, 1.0, 0.0, 0.3, 0.0, 0.0, 1.0, 0.0, 0.0, 0.0, 0.0, 1.0],
                                "children": [
                                    {
                                        "name": "Head",
                                        "transform": [1.0, 0.0, 0.0, 0.0, 0.0, 1.0, 0.0, 0.4, 0.0, 0.0, 1.0, 0.0, 0.0, 0.0, 0.0, 1.0],
                                        "children": []
                                    },
                                    {
                                        "name": "Shoulder_R",
                                        "transform": [0.0, 0.952114, 0.305743, 0.0, 0.0, -0.305743, 0.952114, 0.4, 1.0, 0.0, -0.0, 0.0, 0.0, 0.0, 0.0, 1.0],
                                        "children": [
                                            {
                                                "name": "Arm_R",
                                                "transform": [0.0, -0.0, -1.0, -0.0, 0.952114, 0.305743, 0.0, 0.39386, 0.305743, -0.952114, 0.0, 0.0, 0.0, 0.0, 0.0, 1.0],
                                                "children": [
                                                    {
                                                        "name": "Hand_R",
                                                        "transform": [1.0, 0.0, 0.0, 0.0, -0.0, 0.993938, 0.109947, 0.3, -0.0, -0.109947, 0.993937, 0.0, 0.0, 0.0, 0.0, 1.0],
                                                        "children": [
                                                            {
                                                                "name": "Tool_R",
                                                                "transform": [1.0, 0.0, 0.0, -0.0, 0.0, -0.999836, 0.018122, 0.272858, 0.0, -0.018122, -0.999836, 0.0, 0.0, 0.0, 0.0, 1.0],
                                                                "children": []
                                                            }
                                                        ]
                                                    },
                                                    {
                                                        "name": "Elbow_R",
                                                        "transform": [-1.0, 0.0, -0.0, 0.0, 0.0, 0.0, -1.0, 0.3, -0.0, -1.0, -0.0, 0.0, 0.0, 0.0, 0.0, 1.0],
                                                        "children": []
                                                    }
                                                ]
                                            }
                                        ]
                                    },
                                    {
                                        "name": "Shoulder_L",
                                        "transform": [-0.0, -0.952114, -0.305743, 0.0, 0.0, -0.305743, 0.952114, 0.4, -1.0, 0.0, 0.0, 0.0, 0.0, 0.0, 0.0, 1.0],
                                        "children": [
                                            {
                                                "name": "Arm_L",
                                                "transform": [-0.0, -0.0, 1.0, -0.0, -0.952114, 0.305743, -0.0, 0.39386, -0.305743, -0.952114, -0.0, 0.0, 0.0, 0.0, 0.0, 1.0],
                                                "children": [
                                                    {
                                                        "name": "Hand_L",
                                                        "transform": [1.0, -0.0, 0.0, -0.0, 0.0, 0.993937, 0.109947, 0.3, -0.0, -0.109947, 0.993937, 0.0, 0.0, 0.0, 0.0, 1.0],
                                                        "children": [
                                                            {
                                                                "name": "Tool_L",
                                                                "transform": [1.0, 0.0, 0.0, -0.0, -0.0, -0.999836, 0.018122, 0.272858, 0.0, -0.018122, -0.999836, -0.0, 0.0, 0.0, 0.0, 1.0],
                                                                "children": []
                                                            }
                                                        ]
                                                    },
                                                    {
                                                        "name": "Elbow_L",
                                                        "transform": [-1.0, 0.0, -0.0, -0.0, 0.0, -0.0, -1.0, 0.3, -0.0, -1.0, 0.0, 0.0, 0.0, 0.0, 0.0, 1.0],
                                                        "children": []
                                                    }
                                                ]
                                            }
                                        ]
                                    }
                                ]
                            }
                        ]
                    }
                ]
            }
        ]
    },
    "animation": [
        {
            "name": "Root",
            "time": [0.0, 0.0167, 0.0333, 0.05, 0.0667, 0.0833, 0.1, 0.1167, 0.1333, 0.15, 0.1667, 0.1833, 0.2, 0.2167, 0.2333, 0.25, 0.2667, 0.2833, 0.3, 0.3167, 0.3333, 0.35, 0.3667, 0.3833, 0.4, 0.4167, 0.4333, 0.45, 0.4667, 0.4833, 0.5, 0.5167, 0.5333, 0.55, 0.5667, 0.5833, 0.6, 0.6167, 0.6333, 0.65, 0.6667, 0.6833, 0.7, 0.7167, 0.7333, 0.75, 0.7667, 0.7833, 0.8, 0.8167, 0.8333, 0.85, 0.8667, 0.8833, 0.9, 0.9167, 0.9333, 0.95, 0.9667, 0.9833, 1.0, 1.0167, 1.0333, 1.05, 1.0667, 1.0833, 1.1, 1.1167, 1.1333, 1.15, 1.1667, 1.1833, 1.2, 1.2167, 1.2333, 1.25, 1.2667, 1.2833, 1.3, 1.3167, 1.3333, 1.35, 1.3667, 1.3833, 1.4, 1.4167, 1.4333, 1.45, 1.4667, 1.4833, 1.5, 1.5167, 1.5333, 1.55, 1.5667, 1.5833, 1.6, 1.6167, 1.6333, 1.65, 1.6667, 1.6833, 1.7, 1.7167, 1.7333, 1.75, 1.7667, 1.7833, 1.8, 1.8167, 1.8333, 1.85, 1.8667, 1.8833, 1.9, 1.9167, 1.9333, 1.95, 1.9667, 1.9833, 2.0, 2.6],
            "transform": [
                [0.920228, 0.145457, -0.363348, 0.001518, -0.379304, 0.1026, -0.919566, -0.002071, -0.096478, 0.98403, 0.149588, 0.728137, 0.0, 0.0, 0.0, 1.0],
                [0.914278, 0.144638, -0.378385, 0.001518, -0.394358, 0.104249, -0.913024, 0.003353, -0.092612, 0.983978, 0.152352, 0.728137, 0.0, 0.0, 0.0, 1.0],
                [0.895869, 0.142419, -0.420874, 0.001517, -0.436819, 0.109018, -0.892919, 0.017667, -0.081286, 0.983784, 0.159878, 0.728137, 0.0, 0.0, 0.0, 1.0],
                [0.862458, 0.1393, -0.486582, 0.001516, -0.50225, 0.116761, -0.856803, 0.037935, -0.062539, 0.983342, 0.170665, 0.728136, 0.0, 0.0, 0.0, 1.0],
                [0.810254, 0.135963, -0.570091, 0.001514, -0.584954, 0.127347, -0.801007, 0.061222, -0.036308, 0.982495, 0.182716, 0.728135, 0.0, 0.0, 0.0, 1.0],
                [0.735764, 0.133221, -0.664006, 0.001512, -0.677232, 0.140485, -0.722233, 0.084591, -0.002933, 0.981079, 0.193585, 0.728134, 0.0, 0.0, 0.0, 1.0],
                [0.637717, 0.131888, -0.758895, 0.001509, -0.769412, 0.155564, -0.61952, 0.105624, 0.03635, 0.978982, 0.200682, 0.728132, 0.0, 0.0, 0.0, 1.0],
                [0.518898, 0.13256, -0.844496, 0.001506, -0.851164, 0.171601, -0.496058, 0.12397, 0.079159, 0.976207, 0.201873, 0.728129, 0.0, 0.0, 0.0, 1.0],
                [0.386878, 0.135365, -0.912141, 0.001502, -0.914, 0.187359, -0.359861, 0.139797, 0.122185, 0.97292, 0.196209, 0.728126, 0.0, 0.0, 0.0, 1.0],
                [0.252222, 0.139922, -0.9575, 0.001498, -0.953996, 0.201706, -0.221824, 0.15327, 0.162095, 0.9694, 0.18436, 0.728121, 0.0, 0.0, 0.0, 1.0],
                [0.123433, 0.145737, -0.981593, 0.001493, -0.972609, 0.214099, -0.090516, 0.164556, 0.196967, 0.965879, 0.168172, 0.728115, 0.0, 0.0, 0.0, 1.0],
                [0.006, 0.152322, -0.988313, 0.001488, -0.974075, 0.224402, 0.028672, 0.173822, 0.226146, 0.962519, 0.14972, 0.728108, 0.0, 0.0, 0.0, 1.0],
                [-0.097364, 0.159287, -0.98242, 0.001482, -0.963379, 0.232716, 0.133209, 0.181235, 0.249843, 0.959412, 0.130796, 0.728099, 0.0, 0.0, 0.0, 1.0],
                [-0.186145, 0.166394, -0.96833, 0.001476, -0.945048, 0.239272, 0.222785, 0.186962, 0.268764, 0.956589, 0.112712, 0.728089, 0.0, 0.0, 0.0, 1.0],
                [-0.261209, 0.173568, -0.94955, 0.00147, -0.922617, 0.244332, 0.298461, 0.191195, 0.283809, 0.954032, 0.096315, 0.728077, 0.0, 0.0, 0.0, 1.0],
                [-0.324104, 0.180873, -0.928569, 0.001463, -0.898559, 0.24814, 0.361964, 0.19423, 0.295885, 0.951689, 0.082102, 0.728064, 0.0, 0.0, 0.0, 1.0],
                [-0.376593, 0.188512, -0.906995, 0.001456, -0.874442, 0.250885, 0.415221, 0.19639, 0.305826, 0.949484, 0.070362, 0.728048, 0.0, 0.0, 0.0, 1.0],
                [-0.425153, 0.196418, -0.883552, 0.001448, -0.84861, 0.253022, 0.464587, 0.197997, 0.314812, 0.947312, 0.059109, 0.72803, 0.0, 0.0, 0.0, 1.0],
                [-0.475426, 0.204423, -0.855676, 0.00144, -0.818122, 0.254908, 0.515459, 0.199372, 0.32349, 0.94511, 0.046053, 0.72801, 0.0, 0.0, 0.0, 1.0],
                [-0.527828, 0.212678, -0.822293, 0.001432, -0.781869, 0.256515, 0.568226, 0.200839, 0.331779, 0.942851, 0.030891, 0.727988, 0.0, 0.0, 0.0, 1.0],
                [-0.582635, 0.221343, -0.782013, 0.001424, -0.738425, 0.257776, 0.623122, 0.202718, 0.339508, 0.94051, 0.013256, 0.727963, 0.0, 0.0, 0.0, 1.0],
                [-0.639897, 0.230583, -0.733051, 0.001415, -0.685969, 0.258581, 0.680135, 0.205333, 0.34638, 0.938066, -0.007292, 0.727936, 0.0, 0.0, 0.0, 1.0],
                [-0.699292, 0.24057, -0.67314, 0.001405, -0.622206, 0.258755, 0.738854, 0.209005, 0.351924, 0.935506, -0.031261, 0.727906, 0.0, 0.0, 0.0, 1.0],
                [-0.759882, 0.251471, -0.599451, 0.001396, -0.5443, 0.258041, 0.798219, 0.214056, 0.355411, 0.932833, -0.059205, 0.727873, 0.0, 0.0, 0.0, 1.0],
                [-0.819735, 0.263428, -0.508567, 0.001386, -0.448857, 0.256067, 0.856129, 0.220809, 0.355756, 0.930073, -0.091666, 0.727837, 0.0, 0.0, 0.0, 1.0],
                [-0.875355, 0.276515, -0.396603, 0.001375, -0.332086, 0.252317, 0.908876, 0.229586, 0.351387, 0.927295, -0.129041, 0.727798, 0.0, 0.0, 0.0, 1.0],
                [-0.920922, 0.290648, -0.259666, 0.001365, -0.190298, 0.246108, 0.950378, 0.240708, 0.340131, 0.924637, -0.171336, 0.727755, 0.0, 0.0, 0.0, 1.0],
                [-0.94746, 0.305462, -0.094934, 0.001354, -0.02105, 0.236602, 0.971379, 0.258373, 0.319181, 0.922341, -0.217741, 0.72771, 0.0, 0.0, 0.0, 1.0],
                [-0.942369, 0.32012, 0.097277, 0.001343, 0.174725, 0.222922, 0.95905, 0.285869, 0.285326, 0.920776, -0.266008, 0.72766, 0.0, 0.0, 0.0, 1.0],
                [-0.890324, 0.333148, 0.310379, 0.001332, 0.389559, 0.204429, 0.898027, 0.322155, 0.235726, 0.920446, -0.311789, 0.727607, 0.0, 0.0, 0.0, 1.0],
                [-0.776956, 0.342437, 0.528278, 0.00132, 0.606332, 0.181213, 0.774289, 0.366194, 0.169415, 0.9219, -0.348425, 0.727551, 0.0, 0.0, 0.0, 1.0],
                [-0.595901, 0.345662, 0.724859, 0.001308, 0.798087, 0.154628, 0.582364, 0.416945, 0.089218, 0.925531, -0.368011, 0.72749, 0.0, 0.0, 0.0, 1.0],
                [-0.356418, 0.341209, 0.869795, 0.001296, 0.934323, 0.127441, 0.332866, 0.473369, 0.00273, 0.931309, -0.364221, 0.727426, 0.0, 0.0, 0.0, 1.0],
                [-0.084956, 0.329144, 0.94045, 0.001284, 0.993223, 0.103113, 0.053635, 0.534426, -0.079319, 0.938633, -0.335673, 0.727357, 0.0, 0.0, 0.0, 1.0],
                [0.183579, 0.311418, 0.932372, 0.001271, 0.971933, 0.08445, -0.219576, 0.599078, -0.147119, 0.946513, -0.287174, 0.727284, 0.0, 0.0, 0.0, 1.0],
                [0.41967, 0.290996, 0.859766, 0.001259, 0.886383, 0.072578, -0.457227, 0.666284, -0.195452, 0.953967, -0.227475, 0.727206, 0.0, 0.0, 0.0, 1.0],
                [0.607898, 0.27063, 0.746471, 0.001246, 0.761645, 0.066947, -0.644526, 0.735005, -0.224402, 0.960353, -0.165427, 0.727124, 0.0, 0.0, 0.0, 1.0],
                [0.746597, 0.252125, 0.615651, 0.001233, 0.621439, 0.066067, -0.780672, 0.804201, -0.237502, 0.965437, -0.107355, 0.727037, 0.0, 0.0, 0.0, 1.0],
                [0.842426, 0.236287, 0.484239, 0.001219, 0.482722, 0.068287, -0.873107, 0.872834, -0.239371, 0.969281, -0.056534, 0.726946, 0.0, 0.0, 0.0, 1.0],
                [0.904959, 0.22322, 0.362247, 0.001206, 0.355247, 0.072225, -0.931978, 0.939864, -0.234199, 0.972089, -0.013938, 0.726849, 0.0, 0.0, 0.0, 1.0],
                [0.943424, 0.212667, 0.254411, 0.001192, 0.243402, 0.076889, -0.966873, 1.004251, -0.225183, 0.974095, 0.020776, 0.726748, 0.0, 0.0, 0.0, 1.0],
                [0.965391, 0.204236, 0.162198, 0.001179, 0.148318, 0.081633, -0.985565, 1.064956, -0.214529, 0.975512, 0.048516, 0.726641, 0.0, 0.0, 0.0, 1.0],
                [0.976574, 0.197528, 0.085351, 0.001165, 0.069455, 0.086059, -0.993866, 1.12094, -0.203662, 0.976512, 0.070324, 0.726529, 0.0, 0.0, 0.0, 1.0],
                [0.981091, 0.192193, 0.022869, 0.001151, 0.005597, 0.089937, -0.995932, 1.171162, -0.193468, 0.977227, 0.087161, 0.726411, 0.0, 0.0, 0.0, 1.0],
                [0.981824, 0.187944, -0.026436, 0.001137, -0.04461, 0.093133, -0.994654, 1.214584, -0.184477, 0.977754, 0.099825, 0.726288, 0.0, 0.0, 0.0, 1.0],
                [0.980758, 0.184558, -0.063649, 0.001123, -0.082364, 0.09557, -0.992009, 1.250166, -0.177001, 0.978164, 0.108932, 0.726159, 0.0, 0.0, 0.0, 1.0],
                [0.979231, 0.181871, -0.089605, 0.001109, -0.10858, 0.097193, -0.989325, 1.276869, -0.17122, 0.978507, 0.114922, 0.726024, 0.0, 0.0, 0.0, 1.0],
                [0.978109, 0.179767, -0.104818, 0.001094, -0.123823, 0.097956, -0.987458, 1.293653, -0.167245, 0.97882, 0.118071, 0.725883, 0.0, 0.0, 0.0, 1.0],
                [0.977893, 0.178179, -0.10944, 0.00108, -0.128269, 0.097803, -0.986905, 1.299478, -0.165143, 0.979125, 0.118496, 0.725736, 0.0, 0.0, 0.0, 1.0],
                [0.978209, 0.176872, -0.108734, 0.001065, -0.127294, 0.097186, -0.987092, 1.299478, -0.164022, 0.979424, 0.117583, 0.725583, 0.0, 0.0, 0.0, 1.0],
                [0.978508, 0.175626, -0.108062, 0.001051, -0.126367, 0.096597, -0.987269, 1.299478, -0.162952, 0.979706, 0.116714, 0.725424, 0.0, 0.0, 0.0, 1.0],
                [0.978791, 0.174436, -0.107422, 0.001036, -0.125485, 0.096032, -0.987437, 1.299478, -0.161928, 0.979975, 0.115885, 0.725258, 0.0, 0.0, 0.0, 1.0],
                [0.979061, 0.173294, -0.106813, 0.001022, -0.124646, 0.09549, -0.987596, 1.299478, -0.160945, 0.98023, 0.115091, 0.725085, 0.0, 0.0, 0.0, 1.0],
                [0.979318, 0.172196, -0.106232, 0.001007, -0.123845, 0.094968, -0.987747, 1.299478, -0.159998, 0.980474, 0.11433, 0.724905, 0.0, 0.0, 0.0, 1.0],
                [0.979563, 0.171136, -0.10568, 0.000992, -0.123082, 0.094463, -0.98789, 1.299478, -0.159081, 0.980708, 0.113596, 0.724719, 0.0, 0.0, 0.0, 1.0],
                [0.979799, 0.170109, -0.105155, 0.000978, -0.122353, 0.093973, -0.988028, 1.299478, -0.15819, 0.980934, 0.112888, 0.724526, 0.0, 0.0, 0.0, 1.0],
                [0.980025, 0.169108, -0.104655, 0.000963, -0.121656, 0.093495, -0.988159, 1.299478, -0.157321, 0.981153, 0.112201, 0.724325, 0.0, 0.0, 0.0, 1.0],
                [0.980244, 0.16813, -0.104179, 0.000949, -0.120989, 0.093028, -0.988285, 1.299478, -0.156469, 0.981366, 0.111532, 0.724117, 0.0, 0.0, 0.0, 1.0],
                [0.980457, 0.167169, -0.103726, 0.000934, -0.12035, 0.092568, -0.988406, 1.299478, -0.155629, 0.981573, 0.110878, 0.723902, 0.0, 0.0, 0.0, 1.0],
                [0.980663, 0.166221, -0.103296, 0.00092, -0.119737, 0.092114, -0.988523, 1.299478, -0.154798, 0.981777, 0.110236, 0.723679, 0.0, 0.0, 0.0, 1.0],
                [0.980865, 0.16528, -0.102886, 0.000905, -0.119147, 0.091664, -0.988636, 1.299478, -0.153971, 0.981978, 0.109602, 0.723448, 0.0, 0.0, 0.0, 1.0],
                [0.981064, 0.164343, -0.102497, 0.000891, -0.118579, 0.091215, -0.988746, 1.299478, -0.153145, 0.982177, 0.108975, 0.72321, 0.0, 0.0, 0.0, 1.0],
                [0.981259, 0.163406, -0.102127, 0.000876, -0.118032, 0.090766, -0.988853, 1.299478, -0.152315, 0.982375, 0.108352, 0.722964, 0.0, 0.0, 0.0, 1.0],
                [0.981452, 0.162462, -0.101775, 0.000862, -0.117503, 0.090314, -0.988957, 1.299478, -0.151477, 0.982573, 0.107728, 0.722709, 0.0, 0.0, 0.0, 1.0],
                [0.981644, 0.16151, -0.10144, 0.000848, -0.11699, 0.089857, -0.98906, 1.299478, -0.150628, 0.982772, 0.107103, 0.722447, 0.0, 0.0, 0.0, 1.0],
                [0.981835, 0.160543, -0.101122, 0.000834, -0.116493, 0.089394, -0.98916, 1.299478, -0.149763, 0.982972, 0.106473, 0.722176, 0.0, 0.0, 0.0, 1.0],
                [0.982027, 0.159559, -0.100819, 0.00082, -0.11601, 0.088923, -0.98926, 1.299478, -0.14888, 0.983175, 0.105835, 0.721897, 0.0, 0.0, 0.0, 1.0],
                [0.982219, 0.158553, -0.100532, 0.000806, -0.115539, 0.088441, -0.989358, 1.299478, -0.147974, 0.983382, 0.105188, 0.721609, 0.0, 0.0, 0.0, 1.0],
                [0.982413, 0.15752, -0.100258, 0.000793, -0.115078, 0.087947, -0.989456, 1.299478, -0.147042, 0.983592, 0.104527, 0.721312, 0.0, 0.0, 0.0, 1.0],
                [0.98261, 0.156458, -0.099998, 0.000779, -0.114627, 0.087439, -0.989553, 1.299478, -0.14608, 0.983807, 0.103852, 0.721006, 0.0, 0.0, 0.0, 1.0],
                [0.982809, 0.155362, -0.09975, 0.000766, -0.114184, 0.086914, -0.98965, 1.299478, -0.145084, 0.984027, 0.10316, 0.720692, 0.0, 0.0, 0.0, 1.0],
                [0.983011, 0.154227, -0.099514, 0.000752, -0.113747, 0.086372, -0.989748, 1.299478, -0.144051, 0.984253, 0.102447, 0.720368, 0.0, 0.0, 0.0, 1.0],
                [0.983218, 0.153052, -0.099289, 0.000739, -0.113316, 0.085809, -0.989847, 1.299478, -0.142978, 0.984486, 0.101712, 0.720035, 0.0, 0.0, 0.0, 1.0],
                [0.983429, 0.15183, -0.099074, 0.000726, -0.112888, 0.085225, -0.989946, 1.299478, -0.14186, 0.984725, 0.100953, 0.719693, 0.0, 0.0, 0.0, 1.0],
                [0.983645, 0.150559, -0.098869, 0.000714, -0.112464, 0.084618, -0.990046, 1.299478, -0.140694, 0.984973, 0.100166, 0.719341, 0.0, 0.0, 0.0, 1.0],
                [0.983866, 0.149234, -0.098672, 0.000701, -0.112041, 0.083985, -0.990148, 1.299478, -0.139477, 0.985229, 0.09935, 0.71898, 0.0, 0.0, 0.0, 1.0],
                [0.984094, 0.147853, -0.098484, 0.000689, -0.111619, 0.083324, -0.990252, 1.299478, -0.138205, 0.985493, 0.098502, 0.718609, 0.0, 0.0, 0.0, 1.0],
                [0.984328, 0.14641, -0.098303, 0.000677, -0.111197, 0.082635, -0.990357, 1.299478, -0.136875, 0.985767, 0.09762, 0.718228, 0.0, 0.0, 0.0, 1.0],
                [0.984568, 0.144902, -0.098129, 0.000665, -0.110772, 0.081914, -0.990464, 1.299478, -0.135482, 0.986049, 0.096701, 0.717836, 0.0, 0.0, 0.0, 1.0],
                [0.984816, 0.143325, -0.09796, 0.000653, -0.110345, 0.08116, -0.990574, 1.299478, -0.134024, 0.986342, 0.095743, 0.717435, 0.0, 0.0, 0.0, 1.0],
                [0.98507, 0.141676, -0.097797, 0.000642, -0.109914, 0.080372, -0.990686, 1.299478, -0.132496, 0.986645, 0.094744, 0.717024, 0.0, 0.0, 0.0, 1.0],
                [0.985333, 0.139951, -0.097638, 0.000631, -0.109478, 0.079547, -0.990801, 1.299478, -0.130896, 0.986958, 0.093702, 0.716602, 0.0, 0.0, 0.0, 1.0],
                [0.985603, 0.138145, -0.097482, 0.00062, -0.109036, 0.078683, -0.990919, 1.299478, -0.12922, 0.987282, 0.092613, 0.716169, 0.0, 0.0, 0.0, 1.0],
                [0.985881, 0.136255, -0.097329, 0.00061, -0.108588, 0.077779, -0.991039, 1.299478, -0.127464, 0.987616, 0.091477, 0.715726, 0.0, 0.0, 0.0, 1.0],
                [0.986167, 0.134277, -0.097178, 0.000599, -0.108132, 0.076833, -0.991163, 1.299478, -0.125624, 0.987961, 0.09029, 0.715272, 0.0, 0.0, 0.0, 1.0],
                [0.986462, 0.132208, -0.097028, 0.000589, -0.107667, 0.075842, -0.99129, 1.299478, -0.123698, 0.988316, 0.08905, 0.714807, 0.0, 0.0, 0.0, 1.0],
                [0.986764, 0.130043, -0.096878, 0.00058, -0.107193, 0.074805, -0.99142, 1.299478, -0.121681, 0.988682, 0.087755, 0.714331, 0.0, 0.0, 0.0, 1.0],
                [0.987075, 0.127779, -0.096727, 0.00057, -0.106709, 0.07372, -0.991554, 1.299478, -0.119569, 0.989059, 0.086402, 0.713844, 0.0, 0.0, 0.0, 1.0],
                [0.987393, 0.125412, -0.096574, 0.000561, -0.106213, 0.072585, -0.991691, 1.299478, -0.11736, 0.989446, 0.08499, 0.713345, 0.0, 0.0, 0.0, 1.0],
                [0.987719, 0.122938, -0.096418, 0.000553, -0.105706, 0.071398, -0.991831, 1.299478, -0.11505, 0.989843, 0.083516, 0.712835, 0.0, 0.0, 0.0, 1.0],
                [0.988053, 0.120354, -0.096259, 0.000544, -0.105186, 0.070156, -0.991975, 1.299478, -0.112635, 0.990249, 0.081978, 0.712313, 0.0, 0.0, 0.0, 1.0],
                [0.988394, 0.117655, -0.096094, 0.000537, -0.104654, 0.06886, -0.992122, 1.299478, -0.110111, 0.990664, 0.080373, 0.71178, 0.0, 0.0, 0.0, 1.0],
                [0.988742, 0.114837, -0.095924, 0.000529, -0.104107, 0.067505, -0.992273, 1.299478, -0.107475, 0.991088, 0.0787, 0.711235, 0.0, 0.0, 0.0, 1.0],
                [0.989096, 0.111898, -0.095746, 0.000522, -0.103546, 0.06609, -0.992427, 1.299478, -0.104723, 0.991519, 0.076956, 0.710678, 0.0, 0.0, 0.0, 1.0],
                [0.989456, 0.108834, -0.095561, 0.000515, -0.10297, 0.064614, -0.992584, 1.299478, -0.101852, 0.991958, 0.075139, 0.710109, 0.0, 0.0, 0.0, 1.0],
                [0.989821, 0.10564, -0.095365, 0.000509, -0.102378, 0.063074, -0.992744, 1.299478, -0.098859, 0.992402, 0.073247, 0.709527, 0.0, 0.0, 0.0, 1.0],
                [0.99019, 0.102314, -0.095159, 0.000503, -0.101771, 0.061468, -0.992907, 1.299478, -0.095739, 0.992851, 0.071278, 0.708933, 0.0, 0.0, 0.0, 1.0],
                [0.990563, 0.098852, -0.09494, 0.000497, -0.101148, 0.059795, -0.993073, 1.299478, -0.09249, 0.993304, 0.06923, 0.708327, 0.0, 0.0, 0.0, 1.0],
                [0.990938, 0.095249, -0.094708, 0.000492, -0.100508, 0.058053, -0.993241, 1.299478, -0.089107, 0.993759, 0.0671, 0.707708, 0.0, 0.0, 0.0, 1.0],
                [0.991314, 0.091504, -0.09446, 0.000487, -0.099851, 0.056239, -0.993412, 1.299478, -0.085589, 0.994215, 0.064887, 0.707076, 0.0, 0.0, 0.0, 1.0],
                [0.991691, 0.087612, -0.094196, 0.000483, -0.099178, 0.054351, -0.993584, 1.299478, -0.08193, 0.994671, 0.062589, 0.706431, 0.0, 0.0, 0.0, 1.0],
                [0.992067, 0.08357, -0.093913, 0.000479, -0.098487, 0.052389, -0.993758, 1.299478, -0.078128, 0.995124, 0.060204, 0.705774, 0.0, 0.0, 0.0, 1.0],
                [0.99244, 0.079375, -0.093611, 0.000476, -0.097779, 0.050349, -0.993934, 1.299478, -0.07418, 0.995573, 0.05773, 0.705103, 0.0, 0.0, 0.0, 1.0],
                [0.992809, 0.075024, -0.093287, 0.000473, -0.097054, 0.048231, -0.99411, 1.299478, -0.070083, 0.996015, 0.055165, 0.704419, 0.0, 0.0, 0.0, 1.0],
                [0.993172, 0.070514, -0.092939, 0.000471, -0.096312, 0.046032, -0.994286, 1.299478, -0.065833, 0.996448, 0.052509, 0.703721, 0.0, 0.0, 0.0, 1.0],
                [0.993527, 0.065842, -0.092566, 0.000469, -0.095553, 0.04375, -0.994462, 1.299478, -0.061427, 0.996871, 0.049758, 0.70301, 0.0, 0.0, 0.0, 1.0],
                [0.993873, 0.061005, -0.092166, 0.000468, -0.094777, 0.041384, -0.994638, 1.299478, -0.056864, 0.997279, 0.046913, 0.702285, 0.0, 0.0, 0.0, 1.0],
                [0.994207, 0.056001, -0.091737, 0.000467, -0.093986, 0.038932, -0.994812, 1.299478, -0.052139, 0.997671, 0.04397, 0.701547, 0.0, 0.0, 0.0, 1.0],
                [0.994528, 0.050828, -0.091276, 0.000467, -0.093178, 0.036393, -0.994984, 1.299478, -0.047251, 0.998044, 0.04093, 0.700794, 0.0, 0.0, 0.0, 1.0],
                [0.994989, 0.045379, -0.089091, 0.000467, -0.090651, 0.033546, -0.995318, 1.299478, -0.042178, 0.998406, 0.037491, 0.699915, 0.0, 0.0, 0.0, 1.0],
                [0.995685, 0.039658, -0.083892, 0.000467, -0.085116, 0.030239, -0.995912, 1.299478, -0.036959, 0.998756, 0.033484, 0.698832, 0.0, 0.0, 0.0, 1.0],
                [0.996513, 0.033825, -0.07628, 0.000467, -0.077193, 0.026581, -0.996662, 1.299478, -0.031685, 0.999074, 0.029099, 0.697599, 0.0, 0.0, 0.0, 1.0],
                [0.997369, 0.028038, -0.066858, 0.000467, -0.067502, 0.022686, -0.997461, 1.299478, -0.02645, 0.999349, 0.024519, 0.696268, 0.0, 0.0, 0.0, 1.0],
                [0.998165, 0.022447, -0.056235, 0.000467, -0.056658, 0.018681, -0.998219, 1.299478, -0.021356, 0.999573, 0.019918, 0.694894, 0.0, 0.0, 0.0, 1.0],
                [0.998838, 0.017197, -0.045023, 0.000467, -0.045277, 0.014701, -0.998866, 1.299478, -0.016516, 0.999744, 0.015462, 0.693531, 0.0, 0.0, 0.0, 1.0],
                [0.99935, 0.012425, -0.033839, 0.000467, -0.033975, 0.010891, -0.999363, 1.299478, -0.012048, 0.999864, 0.011306, 0.69223, 0.0, 0.0, 0.0, 1.0],
                [0.999694, 0.008258, -0.023302, 0.000467, -0.023363, 0.007408, -0.9997, 1.299478, -0.008083, 0.999938, 0.007599, 0.691046, 0.0, 0.0, 0.0, 1.0],
                [0.99989, 0.004818, -0.014032, 0.000467, -0.014053, 0.004412, -0.999892, 1.299478, -0.004756, 0.999979, 0.004479, 0.690032, 0.0, 0.0, 0.0, 1.0],
                [0.999975, 0.002219, -0.006646, 0.000467, -0.006651, 0.002068, -0.999976, 1.299478, -0.002205, 0.999995, 0.002083, 0.689242, 0.0, 0.0, 0.0, 1.0],
                [0.999998, 0.000575, -0.001764, 0.000467, -0.001764, 0.000543, -0.999998, 1.299478, -0.000574, 1.0, 0.000544, 0.688729, 0.0, 0.0, 0.0, 1.0],
                [1.0, 0.0, 0.0, 0.000467, 0.0, 0.0, -1.0, 1.299478, 0.0, 1.0, 0.0, 0.688546, 0.0, 0.0, 0.0, 1.0],
                [1.0, 0.0, 0.0, 0.000467, 0.0, 0.0, -1.0, 1.299478, 0.0, 1.0, 0.0, 0.688546, 0.0, 0.0, 0.0, 1.0]
            ]
        },
        {
            "name": "Thigh_R",
            "time": [0.0, 0.0167, 0.0333, 0.05, 0.0667, 0.0833, 0.1, 0.1167, 0.1333, 0.15, 0.1667, 0.1833, 0.2, 0.2167, 0.2333, 0.25, 0.2667, 0.2833, 0.3, 0.3167, 0.3333, 0.35, 0.3667, 0.3833, 0.4, 0.4167, 0.4333, 0.45, 0.4667, 0.4833, 0.5, 0.5167, 0.5333, 0.55, 0.5667, 0.5833, 0.6, 0.6167, 0.6333, 0.65, 0.6667, 0.6833, 0.7, 0.7167, 0.7333, 0.75, 0.7667, 0.7833, 0.8, 0.8167, 0.8333, 0.85, 0.8667, 0.8833, 0.9, 0.9167, 0.9333, 0.95, 0.9667, 0.9833, 1.0, 1.0167, 1.0333, 1.05, 1.0667, 1.0833, 1.1, 1.1167, 1.1333, 1.15, 1.1667, 1.1833, 1.2, 1.2167, 1.2333, 1.25, 1.2667, 1.2833, 1.3, 1.3167, 1.3333, 1.35, 1.3667, 1.3833, 1.4, 1.4167, 1.4333, 1.45, 1.4667, 1.4833, 1.5, 1.5167, 1.5333, 1.55, 1.5667, 1.5833, 1.6, 1.6167, 1.6333, 1.65, 1.6667, 1.6833, 1.7, 1.7167, 1.7333, 1.75, 1.7667, 1.7833, 1.8, 2.6],
            "transform": [
                [0.998915, 0.042282, -0.019539, 0.124994, 0.038601, -0.986241, -0.16074, -0.002831, -0.026067, 0.159811, -0.986803, -1.2e-05, 0.0, 0.0, 0.0, 1.0],
                [0.998907, 0.042496, -0.019482, 0.124992, 0.038823, -0.986237, -0.160716, -0.002803, -0.026044, 0.159784, -0.986808, -9e-06, 0.0, 0.0, 0.0, 1.0],
                [0.998883, 0.043127, -0.019314, 0.124984, 0.039474, -0.986222, -0.160645, -0.002722, -0.025976, 0.159703, -0.986823, 0.0, 0.0, 0.0, 0.0, 1.0],
                [0.998843, 0.044157, -0.01904, 0.124973, 0.040538, -0.986198, -0.160529, -0.00259, -0.025866, 0.159572, -0.986848, 1.5e-05, 0.0, 0.0, 0.0, 1.0],
                [0.998787, 0.045567, -0.018665, 0.124957, 0.041994, -0.986163, -0.16037, -0.00241, -0.025714, 0.159392, -0.98688, 3.5e-05, 0.0, 0.0, 0.0, 1.0],
                [0.998713, 0.047339, -0.018194, 0.124937, 0.043824, -0.986116, -0.16017, -0.002183, -0.025523, 0.159166, -0.986922, 6e-05, 0.0, 0.0, 0.0, 1.0],
                [0.998621, 0.049456, -0.017631, 0.124914, 0.04601, -0.986055, -0.159929, -0.001911, -0.025295, 0.158897, -0.986971, 9e-05, 0.0, 0.0, 0.0, 1.0],
                [0.998508, 0.051899, -0.016982, 0.124886, 0.048532, -0.98598, -0.15965, -0.001598, -0.02503, 0.158587, -0.987028, 0.000124, 0.0, 0.0, 0.0, 1.0],
                [0.998373, 0.05465, -0.016253, 0.124856, 0.051373, -0.985887, -0.159333, -0.001246, -0.024731, 0.158239, -0.987091, 0.000163, 0.0, 0.0, 0.0, 1.0],
                [0.998215, 0.057691, -0.015447, 0.124822, 0.054512, -0.985775, -0.158981, -0.000856, -0.024399, 0.157855, -0.987161, 0.000206, 0.0, 0.0, 0.0, 1.0],
                [0.998031, 0.061004, -0.014571, 0.124785, 0.057932, -0.985643, -0.158594, -0.000432, -0.024037, 0.157437, -0.987236, 0.000253, 0.0, 0.0, 0.0, 1.0],
                [0.99782, 0.064571, -0.013629, 0.124745, 0.061612, -0.985487, -0.158174, 2.6e-05, -0.023644, 0.156989, -0.987317, 0.000304, 0.0, 0.0, 0.0, 1.0],
                [0.99758, 0.068373, -0.012626, 0.124702, 0.065536, -0.985306, -0.157722, 0.000513, -0.023224, 0.156513, -0.987403, 0.000357, 0.0, 0.0, 0.0, 1.0],
                [0.997309, 0.072393, -0.011567, 0.124657, 0.069683, -0.985099, -0.15724, 0.001028, -0.022778, 0.156011, -0.987493, 0.000414, 0.0, 0.0, 0.0, 1.0],
                [0.997006, 0.076612, -0.010459, 0.12461, 0.074035, -0.984863, -0.15673, 0.001568, -0.022307, 0.155486, -0.987586, 0.000474, 0.0, 0.0, 0.0, 1.0],
                [0.99667, 0.081011, -0.009304, 0.124561, 0.078572, -0.984596, -0.156192, 0.002132, -0.021814, 0.154941, -0.987683, 0.000536, 0.0, 0.0, 0.0, 1.0],
                [0.996299, 0.085573, -0.008109, 0.12451, 0.083276, -0.984299, -0.155628, 0.002717, -0.0213, 0.154377, -0.987782, 0.000601, 0.0, 0.0, 0.0, 1.0],
                [0.995893, 0.09028, -0.006879, 0.124457, 0.088128, -0.983969, -0.155041, 0.00332, -0.020766, 0.153798, -0.987884, 0.000667, 0.0, 0.0, 0.0, 1.0],
                [0.995451, 0.095112, -0.005619, 0.124403, 0.093108, -0.983606, -0.154432, 0.00394, -0.020215, 0.153206, -0.987987, 0.000736, 0.0, 0.0, 0.0, 1.0],
                [0.994973, 0.100051, -0.004333, 0.124348, 0.098199, -0.98321, -0.153802, 0.004573, -0.019648, 0.152603, -0.988092, 0.000806, 0.0, 0.0, 0.0, 1.0],
                [0.994459, 0.10508, -0.003027, 0.124291, 0.103379, -0.98278, -0.153154, 0.005218, -0.019068, 0.151992, -0.988198, 0.000877, 0.0, 0.0, 0.0, 1.0],
                [0.99391, 0.110179, -0.001705, 0.124234, 0.108632, -0.982316, -0.15249, 0.005873, -0.018477, 0.151376, -0.988304, 0.000949, 0.0, 0.0, 0.0, 1.0],
                [0.993327, 0.11533, -0.000373, 0.124176, 0.113937, -0.98182, -0.151811, 0.006534, -0.017875, 0.150755, -0.98841, 0.001022, 0.0, 0.0, 0.0, 1.0],
                [0.992711, 0.120516, 0.000965, 0.124118, 0.119276, -0.981293, -0.15112, 0.0072, -0.017266, 0.150134, -0.988515, 0.001096, 0.0, 0.0, 0.0, 1.0],
                [0.992064, 0.125717, 0.002304, 0.12406, 0.12463, -0.980735, -0.15042, 0.007868, -0.016651, 0.149513, -0.98862, 0.00117, 0.0, 0.0, 0.0, 1.0],
                [0.991387, 0.130915, 0.003639, 0.124002, 0.12998, -0.980148, -0.149712, 0.008537, -0.016033, 0.148895, -0.988723, 0.001244, 0.0, 0.0, 0.0, 1.0],
                [0.990684, 0.136092, 0.004966, 0.123944, 0.135307, -0.979536, -0.148999, 0.009202, -0.015414, 0.148283, -0.988825, 0.001317, 0.0, 0.0, 0.0, 1.0],
                [0.989957, 0.14123, 0.006279, 0.123886, 0.140593, -0.9789, -0.148285, 0.009864, -0.014795, 0.147679, -0.988925, 0.00139, 0.0, 0.0, 0.0, 1.0],
                [0.98921, 0.14631, 0.007576, 0.123829, 0.145818, -0.978243, -0.147571, 0.010518, -0.01418, 0.147083, -0.989022, 0.001463, 0.0, 0.0, 0.0, 1.0],
                [0.988446, 0.151315, 0.00885, 0.123772, 0.150965, -0.977569, -0.14686, 0.011163, -0.013571, 0.1465, -0.989118, 0.001534, 0.0, 0.0, 0.0, 1.0],
                [0.98767, 0.156226, 0.010097, 0.123717, 0.156014, -0.976881, -0.146156, 0.011797, -0.01297, 0.145929, -0.98921, 0.001604, 0.0, 0.0, 0.0, 1.0],
                [0.986885, 0.161026, 0.011314, 0.123663, 0.160948, -0.976185, -0.145461, 0.012416, -0.012379, 0.145375, -0.989299, 0.001672, 0.0, 0.0, 0.0, 1.0],
                [0.986098, 0.165696, 0.012495, 0.12361, 0.165747, -0.975483, -0.144779, 0.013019, -0.011801, 0.144837, -0.989385, 0.001739, 0.0, 0.0, 0.0, 1.0],
                [0.985312, 0.170219, 0.013636, 0.123559, 0.170394, -0.97478, -0.144112, 0.013604, -0.011238, 0.144319, -0.989467, 0.001803, 0.0, 0.0, 0.0, 1.0],
                [0.984533, 0.174577, 0.014734, 0.12351, 0.174871, -0.974083, -0.143464, 0.014168, -0.010693, 0.143822, -0.989546, 0.001866, 0.0, 0.0, 0.0, 1.0],
                [0.983768, 0.178752, 0.015784, 0.123463, 0.179159, -0.973396, -0.142838, 0.014709, -0.010169, 0.143347, -0.98962, 0.001925, 0.0, 0.0, 0.0, 1.0],
                [0.98302, 0.182727, 0.016781, 0.123418, 0.183241, -0.972723, -0.142237, 0.015224, -0.009667, 0.142897, -0.98969, 0.001982, 0.0, 0.0, 0.0, 1.0],
                [0.982298, 0.186484, 0.017722, 0.123375, 0.187098, -0.972072, -0.141665, 0.015711, -0.009191, 0.142473, -0.989756, 0.002036, 0.0, 0.0, 0.0, 1.0],
                [0.981607, 0.190005, 0.018603, 0.123336, 0.190714, -0.971448, -0.141126, 0.016168, -0.008743, 0.142078, -0.989817, 0.002086, 0.0, 0.0, 0.0, 1.0],
                [0.980953, 0.193274, 0.019419, 0.123298, 0.194069, -0.970857, -0.140621, 0.016592, -0.008326, 0.141711, -0.989873, 0.002133, 0.0, 0.0, 0.0, 1.0],
                [0.980342, 0.196273, 0.020166, 0.123264, 0.197146, -0.970304, -0.140156, 0.016982, -0.007941, 0.141377, -0.989924, 0.002176, 0.0, 0.0, 0.0, 1.0],
                [0.979781, 0.198983, 0.020841, 0.123234, 0.199928, -0.969795, -0.139733, 0.017335, -0.007593, 0.141074, -0.98997, 0.002215, 0.0, 0.0, 0.0, 1.0],
                [0.979277, 0.201389, 0.02144, 0.123206, 0.202396, -0.969337, -0.139356, 0.017648, -0.007282, 0.140807, -0.99001, 0.00225, 0.0, 0.0, 0.0, 1.0],
                [0.978834, 0.203473, 0.021957, 0.123183, 0.204534, -0.968936, -0.139028, 0.017919, -0.007013, 0.140576, -0.990045, 0.00228, 0.0, 0.0, 0.0, 1.0],
                [0.97846, 0.205217, 0.02239, 0.123163, 0.206323, -0.968596, -0.138752, 0.018146, -0.006787, 0.140383, -0.990074, 0.002305, 0.0, 0.0, 0.0, 1.0],
                [0.97816, 0.206604, 0.022734, 0.123147, 0.207746, -0.968323, -0.138532, 0.018327, -0.006607, 0.14023, -0.990097, 0.002325, 0.0, 0.0, 0.0, 1.0],
                [0.97794, 0.207617, 0.022985, 0.123136, 0.208785, -0.968123, -0.138372, 0.018459, -0.006476, 0.140118, -0.990114, 0.00234, 0.0, 0.0, 0.0, 1.0],
                [0.977805, 0.208237, 0.023139, 0.123129, 0.209421, -0.967999, -0.138273, 0.01854, -0.006395, 0.14005, -0.990124, 0.002348, 0.0, 0.0, 0.0, 1.0],
                [0.977759, 0.208448, 0.023191, 0.123126, 0.209637, -0.967957, -0.138239, 0.018567, -0.006368, 0.140027, -0.990127, 0.002351, 0.0, 0.0, 0.0, 1.0],
                [0.977787, 0.208319, 0.023157, 0.123128, 0.209504, -0.967983, -0.138263, 0.018551, -0.006387, 0.140043, -0.990125, 0.002349, 0.0, 0.0, 0.0, 1.0],
                [0.97787, 0.207939, 0.023056, 0.123135, 0.209114, -0.968057, -0.138333, 0.018501, -0.006445, 0.140093, -0.990117, 0.002343, 0.0, 0.0, 0.0, 1.0],
                [0.978005, 0.207322, 0.022891, 0.123145, 0.208479, -0.968178, -0.138446, 0.018421, -0.00654, 0.140173, -0.990106, 0.002332, 0.0, 0.0, 0.0, 1.0],
                [0.978189, 0.206478, 0.022666, 0.12316, 0.207611, -0.968342, -0.1386, 0.018311, -0.00667, 0.140283, -0.990089, 0.002318, 0.0, 0.0, 0.0, 1.0],
                [0.978418, 0.20542, 0.022383, 0.123178, 0.206523, -0.968547, -0.138794, 0.018174, -0.006832, 0.140421, -0.990068, 0.0023, 0.0, 0.0, 0.0, 1.0],
                [0.978689, 0.204161, 0.022046, 0.1232, 0.205227, -0.96879, -0.139023, 0.01801, -0.007025, 0.140585, -0.990044, 0.002278, 0.0, 0.0, 0.0, 1.0],
                [0.978999, 0.20271, 0.021658, 0.123224, 0.203735, -0.969067, -0.139288, 0.017821, -0.007247, 0.140775, -0.990015, 0.002253, 0.0, 0.0, 0.0, 1.0],
                [0.979345, 0.201082, 0.021221, 0.123252, 0.20206, -0.969375, -0.139583, 0.01761, -0.007497, 0.140988, -0.989983, 0.002226, 0.0, 0.0, 0.0, 1.0],
                [0.979722, 0.199287, 0.020739, 0.123283, 0.200212, -0.969711, -0.139909, 0.017377, -0.007772, 0.141224, -0.989947, 0.002195, 0.0, 0.0, 0.0, 1.0],
                [0.980127, 0.197338, 0.020214, 0.123316, 0.198206, -0.970073, -0.140261, 0.017124, -0.00807, 0.14148, -0.989908, 0.002161, 0.0, 0.0, 0.0, 1.0],
                [0.980557, 0.195247, 0.01965, 0.123352, 0.196053, -0.970455, -0.140637, 0.016853, -0.008389, 0.141756, -0.989866, 0.002125, 0.0, 0.0, 0.0, 1.0],
                [0.981009, 0.193025, 0.01905, 0.12339, 0.193766, -0.970857, -0.141036, 0.016564, -0.008729, 0.142049, -0.989821, 0.002086, 0.0, 0.0, 0.0, 1.0],
                [0.981479, 0.190685, 0.018417, 0.12343, 0.191356, -0.971274, -0.141455, 0.016261, -0.009086, 0.142359, -0.989773, 0.002045, 0.0, 0.0, 0.0, 1.0],
                [0.981963, 0.188238, 0.017753, 0.123472, 0.188836, -0.971703, -0.141891, 0.015944, -0.009459, 0.142684, -0.989723, 0.002003, 0.0, 0.0, 0.0, 1.0],
                [0.982459, 0.185697, 0.017062, 0.123515, 0.186219, -0.972142, -0.142342, 0.015615, -0.009846, 0.143022, -0.989671, 0.001958, 0.0, 0.0, 0.0, 1.0],
                [0.982963, 0.183074, 0.016348, 0.12356, 0.183517, -0.972588, -0.142806, 0.015275, -0.010245, 0.143373, -0.989616, 0.001913, 0.0, 0.0, 0.0, 1.0],
                [0.983473, 0.180381, 0.015612, 0.123606, 0.180741, -0.973038, -0.14328, 0.014926, -0.010654, 0.143734, -0.989559, 0.001865, 0.0, 0.0, 0.0, 1.0],
                [0.983985, 0.177629, 0.014859, 0.123653, 0.177906, -0.973489, -0.143762, 0.01457, -0.011072, 0.144103, -0.989501, 0.001817, 0.0, 0.0, 0.0, 1.0],
                [0.984497, 0.174832, 0.014091, 0.123701, 0.175022, -0.97394, -0.144251, 0.014209, -0.011496, 0.144481, -0.989441, 0.001767, 0.0, 0.0, 0.0, 1.0],
