{
    "armature": {
        "joints": ["Root", "Thigh_R", "Leg_R", "Knee_R", "Thigh_L", "Leg_L", "Knee_L", "Torso", "Chest", "Head", "Shoulder_R", "Arm_R", "Hand_R", "Tool_R", "Elbow_R", "Shoulder_L", "Arm_L", "Hand_L", "Tool_L", "Elbow_L"],
        "hierarchy": [
            {
                "name": "Root",
                "transform": [1.0, 0.0, 0.0, -5e-06, 0.0, 0.0, -1.0, 0.000946, 0.0, 1.0, 0.0, 0.763972, 0.0, 0.0, 0.0, 1.0],
                "children": [
                    {
                        "name": "Thigh_R",
                        "transform": [1.0, -0.0, -0.0, 0.124994, -0.0, -1.0, 0.0, -0.002831, -0.0, -0.0, -1.0, -1.2e-05, 0.0, 0.0, 0.0, 1.0],
                        "children": [
                            {
                                "name": "Leg_R",
                                "transform": [1.0, 0.0, 1e-06, 0.0, -0.0, 1.0, 0.0, 0.37472, -1e-06, -0.0, 1.0, -0.0, 0.0, 0.0, 0.0, 1.0],
                                "children": []
                            },
                            {
                                "name": "Knee_R",
                                "transform": [1.0, 0.0, -0.0, 0.0, -0.0, 0.0, -1.0, 0.37472, -0.0, 1.0, 0.0, -0.0, 0.0, 0.0, 0.0, 1.0],
                                "children": []
                            }
                        ]
                    },
                    {
                        "name": "Thigh_L",
                        "transform": [1.0, -0.0, -0.0, -0.125006, -0.0, -1.0, 0.0, -0.002831, -0.0, -0.0, -1.0, -1.2e-05, 0.0, 0.0, 0.0, 1.0],
                        "children": [
                            {
                                "name": "Leg_L",
                                "transform": [1.0, 0.0, 1e-06, -0.0, -0.0, 1.0, 0.0, 0.37472, -1e-06, -0.0, 1.0, 0.0, 0.0, 0.0, 0.0, 1.0],
                                "children": []
                            },
                            {
                                "name": "Knee_L",
                                "transform": [1.0, 0.0, -0.0, -0.0, -0.0, 0.0, -1.0, 0.37472, -0.0, 1.0, 0.0, 0.0, 0.0, 0.0, 0.0, 1.0],
                                "children": []
                            }
                        ]
                    },
                    {
                        "name": "Torso",
                        "transform": [1.0, 0.0, 0.0, 0.0, 0.0, 1.0, 0.0, 0.05, 0.0, 0.0, 1.0, 0.0, 0.0, 0.0, 0.0, 1.0],
                        "children": [
                            {
                                "name": "Chest",
                                "transform": [1.0, 0.0, 0.0, 0.0, 0.0, 1.0, 0.0, 0.3, 0.0, 0.0, 1.0, 0.0, 0.0, 0.0, 0.0, 1.0],
                                "children": [
                                    {
                                        "name": "Head",
                                        "transform": [1.0, 0.0, 0.0, 0.0, 0.0, 1.0, 0.0, 0.4, 0.0, 0.0, 1.0, 0.0, 0.0, 0.0, 0.0, 1.0],
                                        "children": []
                                    },
                                    {
                                        "name": "Shoulder_R",
                                        "transform": [0.0, 0.952114, 0.305743, 0.0, 0.0, -0.305743, 0.952114, 0.4, 1.0, 0.0, -0.0, 0.0, 0.0, 0.0, 0.0, 1.0],
                                        "children": [
                                            {
                                                "name": "Arm_R",
                                                "transform": [0.0, -0.0, -1.0, -0.0, 0.952114, 0.305743, 0.0, 0.39386, 0.305743, -0.952114, 0.0, 0.0, 0.0, 0.0, 0.0, 1.0],
                                                "children": [
                                                    {
                                                        "name": "Hand_R",
                                                        "transform": [1.0, 0.0, 0.0, 0.0, -0.0, 0.993938, 0.109947, 0.3, -0.0, -0.109947, 0.993937, 0.0, 0.0, 0.0, 0.0, 1.0],
                                                        "children": [
                                                            {
                                                                "name": "Tool_R",
                                                                "transform": [1.0, 0.0, 0.0, -0.0, 0.0, -0.999836, 0.018122, 0.272858, 0.0, -0.018122, -0.999836, 0.0, 0.0, 0.0, 0.0, 1.0],
                                                                "children": []
                                                            }
                                                        ]
                                                    },
                                                    {
                                                        "name": "Elbow_R",
                                                        "transform": [-1.0, 0.0, -0.0, 0.0, 0.0, 0.0, -1.0, 0.3, -0.0, -1.0, -0.0, 0.0, 0.0, 0.0, 0.0, 1.0],
                                                        "children": []
                                                    }
                                                ]
                                            }
                                        ]
                                    },
                                    {
                                        "name": "Shoulder_L",
                                        "transform": [-0.0, -0.952114, -0.305743, 0.0, 0.0, -0.305743, 0.952114, 0.4, -1.0, 0.0, 0.0, 0.0, 0.0, 0.0, 0.0, 1.0],
                                        "children": [
                                            {
                                                "name": "Arm_L",
                                                "transform": [-0.0, -0.0, 1.0, -0.0, -0.952114, 0.305743, -0.0, 0.39386, -0.305743, -0.952114, -0.0, 0.0, 0.0, 0.0, 0.0, 1.0],
                                                "children": [
                                                    {
                                                        "name": "Hand_L",
                                                        "transform": [1.0, -0.0, 0.0, -0.0, 0.0, 0.993937, 0.109947, 0.3, -0.0, -0.109947, 0.993937, 0.0, 0.0, 0.0, 0.0, 1.0],
                                                        "children": [
                                                            {
                                                                "name": "Tool_L",
                                                                "transform": [1.0, 0.0, 0.0, -0.0, -0.0, -0.999836, 0.018122, 0.272858, 0.0, -0.018122, -0.999836, -0.0, 0.0, 0.0, 0.0, 1.0],
                                                                "children": []
                                                            }
                                                        ]
                                                    },
                                                    {
                                                        "name": "Elbow_L",
                                                        "transform": [-1.0, 0.0, -0.0, -0.0, 0.0, -0.0, -1.0, 0.3, -0.0, -1.0, 0.0, 0.0, 0.0, 0.0, 0.0, 1.0],
                                                        "children": []
                                                    }
                                                ]
                                            }
                                        ]
                                    }
                                ]
                            }
                        ]
                    }
                ]
            }
        ]
    },
    "animation": [
        {
            "name": "Root",
            "time": [0.0, 0.2, 0.2667, 0.3333, 0.4167, 0.4667, 0.5333, 0.5667, 0.6, 0.6667, 0.7, 0.7333, 0.7667, 0.85, 0.9667, 1.2333, 1.3, 1.35, 1.45, 1.4833, 1.5167, 1.6, 1.7333, 1.9667, 2.0167, 2.0833, 2.2, 2.2667, 2.3333, 2.4667],
            "transform": [
                [-0.544014, -0.101251, -0.832945, -5e-06, -0.635752, -0.598118, 0.487928, -0.002071, -0.547603, 0.794986, 0.261014, 0.408307, 0.0, 0.0, 0.0, 1.0],
                [-0.996152, -0.087508, 0.004955, 0.001444, 0.027206, -0.254966, 0.966567, 0.345626, -0.083319, 0.962982, 0.256365, 0.528409, 0.0, 0.0, 0.0, 1.0],
                [-0.936096, 0.008128, 0.351651, 0.001927, 0.346709, -0.147235, 0.926345, 0.461526, 0.059305, 0.989068, 0.135008, 0.568443, 0.0, 0.0, 0.0, 1.0],
                [-0.768776, 0.127552, 0.626668, 0.002409, 0.622042, -0.078367, 0.779052, 0.577425, 0.14848, 0.988731, -0.019096, 0.608477, 0.0, 0.0, 0.0, 1.0],
                [-0.489538, 0.272123, 0.828433, 0.003013, 0.852655, -0.049532, 0.520121, 0.722299, 0.182571, 0.960987, -0.207779, 0.65852, 0.0, 0.0, 0.0, 1.0],
                [0.168443, 0.197811, 0.965659, 0.003013, 0.985677, -0.041975, -0.163336, 0.809223, 0.008224, 0.979341, -0.202048, 0.688546, 0.0, 0.0, 0.0, 1.0],
                [0.937721, 0.136539, 0.319432, 0.003013, 0.314891, 0.05424, -0.947577, 0.990655, -0.146707, 0.989149, 0.007867, 0.688546, 0.0, 0.0, 0.0, 1.0],
                [0.982914, 0.145457, -0.112795, 0.003013, -0.128379, 0.1026, -0.986404, 1.051805, -0.131907, 0.98403, 0.119521, 0.688546, 0.0, 0.0, 0.0, 1.0],
                [0.973445, 0.145457, -0.176771, 0.003013, -0.192549, 0.1026, -0.975909, 1.075196, -0.123816, 0.98403, 0.127883, 0.688546, 0.0, 0.0, 0.0, 1.0],
                [0.942001, 0.145457, -0.30245, 0.003013, -0.318416, 0.1026, -0.942382, 1.075196, -0.106045, 0.98403, 0.142966, 0.688546, 0.0, 0.0, 0.0, 1.0],
                [0.920228, 0.145457, -0.363348, 0.003013, -0.379304, 0.1026, -0.919566, 1.075196, -0.096478, 0.98403, 0.149588, 0.688546, 0.0, 0.0, 0.0, 1.0],
                [0.920228, 0.145457, -0.363348, 0.002981, -0.379304, 0.1026, -0.919566, 1.075196, -0.096478, 0.98403, 0.149588, 0.688546, 0.0, 0.0, 0.0, 1.0],
                [0.920228, 0.145457, -0.363348, 0.002907, -0.379304, 0.1026, -0.919566, 1.075196, -0.096478, 0.98403, 0.149588, 0.688546, 0.0, 0.0, 0.0, 1.0],
                [0.920228, 0.145457, -0.363348, 0.002722, -0.379304, 0.1026, -0.919566, 1.075196, -0.096478, 0.98403, 0.149588, 0.688546, 0.0, 0.0, 0.0, 1.0],
                [0.920228, 0.145457, -0.363348, 0.002455, -0.379304, 0.1026, -0.919566, 1.075196, -0.096478, 0.98403, 0.149588, 0.688546, 0.0, 0.0, 0.0, 1.0],
                [0.920228, 0.145457, -0.363348, 0.001753, -0.379304, 0.1026, -0.919566, 1.075196, -0.096478, 0.98403, 0.149588, 0.688546, 0.0, 0.0, 0.0, 1.0],
                [0.920228, 0.145457, -0.363348, 0.001518, -0.379304, 0.1026, -0.919566, 1.075196, -0.096478, 0.98403, 0.149588, 0.688546, 0.0, 0.0, 0.0, 1.0],
                [0.928618, 0.136621, -0.344968, 0.00143, -0.359246, 0.098545, -0.928025, 1.075196, -0.092792, 0.98571, 0.140591, 0.688546, 0.0, 0.0, 0.0, 1.0],
                [0.944095, 0.119125, -0.307397, 0.001254, -0.31858, 0.089819, -0.943631, 1.075196, -0.0848, 0.988808, 0.122749, 0.688546, 0.0, 0.0, 0.0, 1.0],
                [0.952017, 0.109407, -0.285822, 0.001155, -0.29542, 0.084557, -0.951618, 1.075196, -0.079945, 0.990394, 0.11282, 0.688546, 0.0, 0.0, 0.0, 1.0],
                [0.954918, 0.105685, -0.277421, 0.001118, -0.286438, 0.08246, -0.954544, 1.075196, -0.078005, 0.990975, 0.109015, 0.688546, 0.0, 0.0, 0.0, 1.0],
                [0.968527, 0.086697, -0.233322, 0.00093, -0.239617, 0.071031, -0.968266, 1.075196, -0.067373, 0.993699, 0.089569, 0.688546, 0.0, 0.0, 0.0, 1.0],
                [0.985308, 0.057391, -0.160856, 0.000628, -0.163794, 0.050795, -0.985186, 1.075196, -0.04837, 0.997059, 0.059449, 0.688546, 0.0, 0.0, 0.0, 1.0],
                [0.999754, 0.006953, -0.021085, 6.2e-05, -0.021134, 0.007096, -0.999751, 1.075196, -0.006801, 0.999951, 0.007241, 0.688546, 0.0, 0.0, 0.0, 1.0],
                [0.999924, 0.003833, -0.011686, 2.4e-05, -0.011701, 0.003948, -0.999924, 1.075196, -0.003786, 0.999985, 0.003993, 0.688546, 0.0, 0.0, 0.0, 1.0],
                [0.999928, 0.003732, -0.011381, 2.4e-05, -0.011396, 0.003846, -0.999928, 1.075196, -0.003688, 0.999986, 0.003888, 0.688546, 0.0, 0.0, 0.0, 1.0],
                [0.999934, 0.003591, -0.010955, 2.3e-05, -0.010969, 0.003703, -0.999933, 1.075196, -0.003551, 0.999987, 0.003742, 0.688546, 0.0, 0.0, 0.0, 1.0],
                [0.999952, 0.00305, -0.009312, 1.8e-05, -0.009322, 0.00315, -0.999952, 1.075196, -0.00302, 0.99999, 0.003178, 0.688546, 0.0, 0.0, 0.0, 1.0],
                [0.999973, 0.002284, -0.006984, 1.3e-05, -0.006989, 0.002365, -0.999973, 1.075196, -0.002268, 0.999995, 0.002381, 0.688546, 0.0, 0.0, 0.0, 1.0],
                [1.0, 0.0, 0.0, -5e-06, 0.0, 0.0, -1.0, 1.075196, 0.0, 1.0, 0.0, 0.688546, 0.0, 0.0, 0.0, 1.0]
            ]
        },
        {
            "name": "Thigh_R",
            "time": [0.0, 0.2, 0.2667, 0.3333, 0.4167, 0.4667, 0.5333, 0.6, 0.6667, 0.7333, 0.7667, 0.85, 0.9667, 1.2333, 1.3, 1.35, 1.45, 1.4833, 1.5167, 1.6, 1.7333, 2.0, 2.0833, 2.2, 2.2667, 2.3333, 2.4667],
            "transform": [
                [0.897611, -0.16234, 0.409804, 0.124994, -0.3453, -0.836836, 0.424821, -0.002831, 0.273974, -0.52283, -0.80721, -1.2e-05, 0.0, 0.0, 0.0, 1.0],
                [0.975817, -0.105029, 0.191705, 0.124994, -0.139386, -0.974548, 0.175578, -0.002831, 0.168385, -0.198053, -0.96562, -1.2e-05, 0.0, 0.0, 0.0, 1.0],
                [0.990334, -0.067637, 0.12109, 0.124994, -0.077118, -0.994166, 0.075406, -0.002831, 0.115284, -0.084015, -0.989773, -1.2e-05, 0.0, 0.0, 0.0, 1.0],
                [0.998243, -0.022559, 0.054799, 0.124994, -0.020995, -0.99936, -0.028947, -0.002831, 0.055417, 0.027745, -0.998078, -1.2e-05, 0.0, 0.0, 0.0, 1.0],
                [0.998915, 0.042282, -0.019539, 0.124994, 0.038601, -0.986241, -0.16074, -0.002831, -0.026067, 0.159811, -0.986803, -1.2e-05, 0.0, 0.0, 0.0, 1.0],
                [0.998915, 0.042282, -0.019539, 0.124994, 0.038601, -0.986241, -0.16074, -0.002831, -0.026067, 0.159811, -0.986803, -1.2e-05, 0.0, 0.0, 0.0, 1.0],
                [0.998915, 0.042282, -0.019539, 0.124994, 0.038601, -0.986241, -0.16074, -0.002831, -0.026067, 0.159811, -0.986803, -1.2e-05, 0.0, 0.0, 0.0, 1.0],
                [0.998915, 0.042282, -0.019539, 0.124994, 0.038601, -0.986241, -0.16074, -0.002831, -0.026067, 0.159811, -0.986803, -1.2e-05, 0.0, 0.0, 0.0, 1.0],
                [0.998915, 0.042282, -0.019539, 0.124994, 0.038601, -0.986241, -0.16074, -0.002831, -0.026067, 0.159811, -0.986803, -1.2e-05, 0.0, 0.0, 0.0, 1.0],
                [0.998915, 0.042282, -0.019539, 0.124994, 0.038601, -0.986241, -0.16074, -0.002831, -0.026067, 0.159811, -0.986803, -1.2e-05, 0.0, 0.0, 0.0, 1.0],
                [0.998915, 0.042282, -0.019539, 0.124994, 0.038601, -0.986241, -0.16074, -0.002831, -0.026067, 0.159811, -0.986803, -1.2e-05, 0.0, 0.0, 0.0, 1.0],
                [0.998915, 0.042282, -0.019539, 0.124994, 0.038601, -0.986241, -0.16074, -0.002831, -0.026067, 0.159811, -0.986803, -1.2e-05, 0.0, 0.0, 0.0, 1.0],
                [0.998915, 0.042282, -0.019539, 0.124994, 0.038601, -0.986241, -0.16074, -0.002831, -0.026067, 0.159811, -0.986803, -1.2e-05, 0.0, 0.0, 0.0, 1.0],
                [0.998915, 0.042282, -0.019539, 0.124994, 0.038601, -0.986241, -0.16074, -0.002831, -0.026067, 0.159811, -0.986803, -1.2e-05, 0.0, 0.0, 0.0, 1.0],
                [0.998915, 0.042282, -0.019539, 0.124994, 0.038601, -0.986241, -0.16074, -0.002831, -0.026067, 0.159811, -0.986803, -1.2e-05, 0.0, 0.0, 0.0, 1.0],
                [0.998915, 0.042282, -0.019539, 0.124994, 0.038601, -0.986242, -0.16074, -0.002831, -0.026067, 0.159811, -0.986803, -1.2e-05, 0.0, 0.0, 0.0, 1.0],
                [0.998915, 0.042282, -0.019539, 0.124994, 0.038601, -0.986241, -0.16074, -0.002831, -0.026067, 0.159811, -0.986803, -1.2e-05, 0.0, 0.0, 0.0, 1.0],
                [0.998915, 0.042282, -0.019539, 0.124994, 0.038601, -0.986241, -0.16074, -0.002831, -0.026067, 0.159811, -0.986803, -1.2e-05, 0.0, 0.0, 0.0, 1.0],
                [0.998915, 0.042282, -0.019539, 0.124994, 0.038601, -0.986241, -0.16074, -0.002831, -0.026067, 0.159811, -0.986803, -1.2e-05, 0.0, 0.0, 0.0, 1.0],
                [0.998915, 0.042282, -0.019539, 0.124994, 0.038601, -0.986241, -0.16074, -0.002831, -0.026067, 0.159811, -0.986803, -1.2e-05, 0.0, 0.0, 0.0, 1.0],
                [0.998915, 0.042282, -0.019539, 0.124994, 0.038601, -0.986241, -0.16074, -0.002831, -0.026067, 0.159811, -0.986803, -1.2e-05, 0.0, 0.0, 0.0, 1.0],
                [0.998915, 0.042282, -0.019539, 0.124994, 0.038601, -0.986241, -0.16074, -0.002831, -0.026067, 0.159811, -0.986803, -1.2e-05, 0.0, 0.0, 0.0, 1.0],
                [0.998914, 0.042282, -0.019539, 0.124994, 0.038601, -0.986241, -0.16074, -0.002831, -0.026067, 0.159811, -0.986803, -1.2e-05, 0.0, 0.0, 0.0, 1.0],
                [0.998915, 0.042282, -0.019539, 0.124994, 0.038601, -0.986241, -0.16074, -0.002831, -0.026067, 0.159811, -0.986803, -1.2e-05, 0.0, 0.0, 0.0, 1.0],
                [0.998915, 0.042282, -0.019539, 0.124994, 0.038601, -0.986241, -0.16074, -0.002831, -0.026067, 0.159811, -0.986803, -1.2e-05, 0.0, 0.0, 0.0, 1.0],
                [0.998915, 0.042282, -0.019539, 0.124994, 0.038601, -0.986241, -0.16074, -0.002831, -0.026067, 0.159811, -0.986803, -1.2e-05, 0.0, 0.0, 0.0, 1.0],
                [0.998915, 0.042282, -0.019539, 0.124994, 0.038601, -0.986241, -0.16074, -0.002831, -0.026067, 0.159811, -0.986803, -1.2e-05, 0.0, 0.0, 0.0, 1.0]
            ]
        },
        {
            "name": "Leg_R",
            "time": [0.0, 0.2, 0.2667, 0.3333, 0.4167, 0.4667, 0.5333, 0.6, 0.6667, 0.7333, 0.7667, 0.85, 0.9667, 1.2333, 1.3, 1.35, 1.45, 1.4833, 1.5167, 1.6, 1.7333, 2.0, 2.0833, 2.2, 2.2667, 2.3333, 2.4667],
            "transform": [
                [0.910171, 0.184727, 0.370763, -0.0, -0.330913, -0.214151, 0.919041, 0.37472, 0.249171, -0.959174, -0.133785, 0.0, 0.0, 0.0, 0.0, 1.0],
                [0.970136, 0.187969, 0.15331, -0.0, -0.236661, 0.594935, 0.768143, 0.37472, 0.053178, -0.781485, 0.621653, -0.0, 0.0, 0.0, 0.0, 1.0],
                [0.985935, 0.143719, 0.085309, 0.0, -0.166692, 0.808605, 0.564244, 0.37472, 0.012111, -0.570528, 0.821189, -0.0, 0.0, 0.0, 0.0, 1.0],
                [0.995918, 0.083345, 0.034642, -0.0, -0.090042, 0.943991, 0.317447, 0.37472, -0.006244, -0.31927, 0.947643, 0.0, 0.0, 0.0, 0.0, 1.0],
                [1.0, 1e-06, 1e-06, 0.0, -1e-06, 0.999995, 0.00307, 0.37472, -1e-06, -0.00307, 0.999995, -0.0, 0.0, 0.0, 0.0, 1.0],
                [1.0, 1e-06, 1e-06, 0.0, -1e-06, 0.999995, 0.00307, 0.37472, -1e-06, -0.00307, 0.999995, -0.0, 0.0, 0.0, 0.0, 1.0],
                [1.0, 1e-06, 1e-06, 0.0, -1e-06, 0.999995, 0.00307, 0.37472, -1e-06, -0.00307, 0.999995, 0.0, 0.0, 0.0, 0.0, 1.0],
                [1.0, 1e-06, 1e-06, 0.0, -1e-06, 0.999995, 0.00307, 0.37472, -1e-06, -0.00307, 0.999995, 0.0, 0.0, 0.0, 0.0, 1.0],
                [1.0, 1e-06, 1e-06, 0.0, -1e-06, 0.999995, 0.00307, 0.37472, -1e-06, -0.00307, 0.999995, 0.0, 0.0, 0.0, 0.0, 1.0],
                [1.0, 1e-06, 1e-06, -0.0, -1e-06, 0.999995, 0.00307, 0.37472, -1e-06, -0.00307, 0.999995, -0.0, 0.0, 0.0, 0.0, 1.0],
                [1.0, 1e-06, 1e-06, -0.0, -1e-06, 0.999995, 0.00307, 0.37472, -1e-06, -0.00307, 0.999995, -0.0, 0.0, 0.0, 0.0, 1.0],
                [1.0, 1e-06, 1e-06, -0.0, -1e-06, 0.999995, 0.00307, 0.37472, -1e-06, -0.00307, 0.999995, -0.0, 0.0, 0.0, 0.0, 1.0],
                [1.0, 1e-06, 1e-06, -0.0, -1e-06, 0.999995, 0.00307, 0.37472, -1e-06, -0.00307, 0.999995, -0.0, 0.0, 0.0, 0.0, 1.0],
                [1.0, 1e-06, 1e-06, 0.0, -1e-06, 0.999995, 0.00307, 0.37472, -1e-06, -0.00307, 0.999995, -0.0, 0.0, 0.0, 0.0, 1.0],
                [1.0, 1e-06, 1e-06, -0.0, -1e-06, 0.999995, 0.00307, 0.37472, -1e-06, -0.00307, 0.999995, -0.0, 0.0, 0.0, 0.0, 1.0],
                [1.0, 1e-06, 1e-06, -0.0, -1e-06, 0.999995, 0.00307, 0.37472, -1e-06, -0.00307, 0.999995, -0.0, 0.0, 0.0, 0.0, 1.0],
                [1.0, 1e-06, 1e-06, 0.0, -1e-06, 0.999995, 0.00307, 0.37472, -1e-06, -0.00307, 0.999995, 0.0, 0.0, 0.0, 0.0, 1.0],
                [1.0, 1e-06, 1e-06, -0.0, -1e-06, 0.999995, 0.00307, 0.37472, -1e-06, -0.00307, 0.999995, -0.0, 0.0, 0.0, 0.0, 1.0],
                [1.0, 1e-06, 1e-06, 0.0, -1e-06, 0.999995, 0.00307, 0.37472, -1e-06, -0.00307, 0.999995, -0.0, 0.0, 0.0, 0.0, 1.0],
                [1.0, 1e-06, 1e-06, 0.0, -1e-06, 0.999995, 0.00307, 0.37472, -1e-06, -0.00307, 0.999995, -0.0, 0.0, 0.0, 0.0, 1.0],
                [1.0, 1e-06, 1e-06, 0.0, -1e-06, 0.999995, 0.00307, 0.37472, -1e-06, -0.00307, 0.999995, -0.0, 0.0, 0.0, 0.0, 1.0],
                [1.0, 1e-06, 1e-06, -0.0, -1e-06, 0.999995, 0.00307, 0.37472, -1e-06, -0.00307, 0.999995, 0.0, 0.0, 0.0, 0.0, 1.0],
                [1.0, 1e-06, 1e-06, -0.0, -1e-06, 0.999995, 0.00307, 0.37472, -1e-06, -0.00307, 0.999995, -0.0, 0.0, 0.0, 0.0, 1.0],
                [1.0, 1e-06, 1e-06, 0.0, -1e-06, 0.999995, 0.00307, 0.37472, -1e-06, -0.00307, 0.999995, 0.0, 0.0, 0.0, 0.0, 1.0],
                [1.0, 1e-06, 1e-06, -0.0, -1e-06, 0.999995, 0.00307, 0.37472, -1e-06, -0.00307, 0.999995, -0.0, 0.0, 0.0, 0.0, 1.0],
                [1.0, 1e-06, 1e-06, -0.0, -1e-06, 0.999995, 0.00307, 0.37472, -1e-06, -0.00307, 0.999995, 0.0, 0.0, 0.0, 0.0, 1.0],
                [1.0, 1e-06, 1e-06, -0.0, -1e-06, 0.999995, 0.00307, 0.37472, -1e-06, -0.00307, 0.999995, 0.0, 0.0, 0.0, 0.0, 1.0]
            ]
        },
        {
            "name": "Knee_R",
            "time": [0.0, 0.2, 0.2667, 0.3333, 0.4167, 0.4667, 0.5333, 0.6, 0.6667, 0.7333, 0.7667, 0.85, 0.9667, 1.2333, 1.3, 1.35, 1.45, 1.4833, 1.5167, 1.6, 1.7333, 2.0, 2.0833, 2.2, 2.2667, 2.3333, 2.4667],
            "transform": [
                [1.0, 0.0, -0.0, -0.0, -0.0, 0.0, -1.0, 0.37472, -0.0, 1.0, 0.0, 0.0, 0.0, 0.0, 0.0, 1.0],
                [1.0, 0.0, -0.0, -0.0, -0.0, 0.0, -1.0, 0.37472, -0.0, 1.0, 0.0, -0.0, 0.0, 0.0, 0.0, 1.0],
                [1.0, 0.0, -0.0, 0.0, -0.0, 0.0, -1.0, 0.37472, -0.0, 1.0, 0.0, -0.0, 0.0, 0.0, 0.0, 1.0],
                [1.0, 0.0, -0.0, -0.0, -0.0, 0.0, -1.0, 0.37472, -0.0, 1.0, 0.0, 0.0, 0.0, 0.0, 0.0, 1.0],
                [1.0, 0.0, -1e-06, 0.0, -0.0, 0.0, -1.0, 0.37472, -0.0, 1.0, 0.0, -0.0, 0.0, 0.0, 0.0, 1.0],
                [1.0, 0.0, -0.0, 0.0, -0.0, 0.0, -1.0, 0.37472, -0.0, 1.0, 0.0, -0.0, 0.0, 0.0, 0.0, 1.0],
                [1.0, 0.0, -0.0, 0.0, -0.0, 0.0, -1.0, 0.37472, -0.0, 1.0, 0.0, 0.0, 0.0, 0.0, 0.0, 1.0],
                [1.0, 0.0, -0.0, 0.0, -0.0, 0.0, -1.0, 0.37472, -0.0, 1.0, 0.0, 0.0, 0.0, 0.0, 0.0, 1.0],
                [1.0, 0.0, -0.0, 0.0, -0.0, 0.0, -1.0, 0.37472, -0.0, 1.0, 0.0, 0.0, 0.0, 0.0, 0.0, 1.0],
                [1.0, 0.0, -0.0, -0.0, -0.0, 0.0, -1.0, 0.37472, -0.0, 1.0, 0.0, -0.0, 0.0, 0.0, 0.0, 1.0],
                [1.0, 0.0, -0.0, -0.0, -0.0, 0.0, -1.0, 0.37472, -0.0, 1.0, 0.0, -0.0, 0.0, 0.0, 0.0, 1.0],
                [1.0, 0.0, -0.0, -0.0, -0.0, 0.0, -1.0, 0.37472, -0.0, 1.0, 0.0, -0.0, 0.0, 0.0, 0.0, 1.0],
                [1.0, 0.0, -0.0, -0.0, -0.0, 0.0, -1.0, 0.37472, -0.0, 1.0, 0.0, -0.0, 0.0, 0.0, 0.0, 1.0],
                [1.0, 0.0, -0.0, 0.0, -0.0, 0.0, -1.0, 0.37472, -0.0, 1.0, 0.0, -0.0, 0.0, 0.0, 0.0, 1.0],
                [1.0, 0.0, -0.0, -0.0, -0.0, 0.0, -1.0, 0.37472, -0.0, 1.0, 0.0, -0.0, 0.0, 0.0, 0.0, 1.0],
                [1.0, 0.0, -0.0, -0.0, -0.0, 0.0, -1.0, 0.37472, -0.0, 1.0, 0.0, -0.0, 0.0, 0.0, 0.0, 1.0],
                [1.0, 0.0, -0.0, 0.0, -0.0, 0.0, -1.0, 0.37472, -0.0, 1.0, 0.0, 0.0, 0.0, 0.0, 0.0, 1.0],
                [1.0, 0.0, -0.0, -0.0, -0.0, 0.0, -1.0, 0.37472, -0.0, 1.0, 0.0, -0.0, 0.0, 0.0, 0.0, 1.0],
                [1.0, 0.0, -0.0, 0.0, -0.0, 0.0, -1.0, 0.37472, -0.0, 1.0, 0.0, -0.0, 0.0, 0.0, 0.0, 1.0],
                [1.0, 0.0, -0.0, 0.0, -0.0, 0.0, -1.0, 0.37472, -0.0, 1.0, 0.0, -0.0, 0.0, 0.0, 0.0, 1.0],
                [1.0, 0.0, -0.0, 0.0, -0.0, 0.0, -1.0, 0.37472, -0.0, 1.0, 0.0, -0.0, 0.0, 0.0, 0.0, 1.0],
                [1.0, 0.0, -0.0, -0.0, -0.0, 0.0, -1.0, 0.37472, -0.0, 1.0, 0.0, 0.0, 0.0, 0.0, 0.0, 1.0],
                [1.0, 0.0, -0.0, -0.0, -0.0, 0.0, -1.0, 0.37472, -0.0, 1.0, 0.0, -0.0, 0.0, 0.0, 0.0, 1.0],
                [1.0, 0.0, -0.0, 0.0, -0.0, 0.0, -1.0, 0.37472, -0.0, 1.0, 0.0, 0.0, 0.0, 0.0, 0.0, 1.0],
                [1.0, 0.0, -0.0, -0.0, -0.0, 0.0, -1.0, 0.37472, -0.0, 1.0, 0.0, -0.0, 0.0, 0.0, 0.0, 1.0],
                [1.0, 0.0, -0.0, -0.0, -0.0, 0.0, -1.0, 0.37472, -0.0, 1.0, 0.0, 0.0, 0.0, 0.0, 0.0, 1.0],
                [1.0, 0.0, -0.0, -0.0, -0.0, 0.0, -1.0, 0.37472, -0.0, 1.0, 0.0, 0.0, 0.0, 0.0, 0.0, 1.0]
            ]
        },
        {
            "name": "Thigh_L",
            "time": [0.0, 0.2, 0.2667, 0.3333, 0.4167, 0.4667, 0.5333, 0.6, 0.6667, 0.7333, 0.7667, 0.85, 0.9667, 1.2333, 1.3, 1.35, 1.45, 1.4833, 1.5167, 1.6, 1.7333, 2.0, 2.0833, 2.2, 2.2667, 2.3333, 2.4667],
            "transform": [
                [0.990458, -0.137361, 0.011187, -0.125006, -0.10554, -0.70379, 0.702525, -0.002831, -0.088626, -0.697002, -0.711571, -1.2e-05, 0.0, 0.0, 0.0, 1.0],
                [0.997398, -0.072097, -9e-05, -0.125006, -0.058846, -0.814803, 0.576743, -0.002831, -0.041655, -0.575237, -0.816926, -1.2e-05, 0.0, 0.0, 0.0, 1.0],
                [0.998753, -0.049893, -0.001437, -0.125006, -0.041518, -0.846392, 0.530938, -0.002831, -0.027706, -0.530217, -0.847409, -1.2e-05, 0.0, 0.0, 0.0, 1.0],
                [0.999616, -0.027659, -0.001558, -0.125006, -0.023457, -0.874982, 0.483587, -0.002831, -0.014738, -0.483365, -0.875295, -1.2e-05, 0.0, 0.0, 0.0, 1.0],
                [1.0, -0.0, -0.0, -0.125006, -0.0, -0.906307, 0.422618, -0.002831, -0.0, -0.422619, -0.906308, -1.2e-05, 0.0, 0.0, 0.0, 1.0],
                [1.0, -0.0, -0.0, -0.125006, -0.0, -0.906307, 0.422618, -0.002831, -0.0, -0.422619, -0.906308, -1.2e-05, 0.0, 0.0, 0.0, 1.0],
                [1.0, -0.0, -0.0, -0.125006, -0.0, -0.906307, 0.422618, -0.002831, -0.0, -0.422619, -0.906308, -1.2e-05, 0.0, 0.0, 0.0, 1.0],
                [1.0, -0.0, -0.0, -0.125006, -0.0, -0.906307, 0.422618, -0.002831, -0.0, -0.422619, -0.906308, -1.2e-05, 0.0, 0.0, 0.0, 1.0],
                [1.0, -0.0, -0.0, -0.125006, -0.0, -0.906307, 0.422618, -0.002831, -0.0, -0.422619, -0.906308, -1.2e-05, 0.0, 0.0, 0.0, 1.0],
                [1.0, -0.0, -0.0, -0.125006, -0.0, -0.906307, 0.422618, -0.002831, -0.0, -0.422619, -0.906308, -1.2e-05, 0.0, 0.0, 0.0, 1.0],
                [1.0, -0.0, -0.0, -0.125006, -0.0, -0.906307, 0.422618, -0.002831, -0.0, -0.422619, -0.906308, -1.2e-05, 0.0, 0.0, 0.0, 1.0],
                [1.0, -0.0, -0.0, -0.125006, -0.0, -0.906307, 0.422618, -0.002831, -0.0, -0.422619, -0.906308, -1.2e-05, 0.0, 0.0, 0.0, 1.0],
                [1.0, -0.0, -0.0, -0.125006, -0.0, -0.906307, 0.422618, -0.002831, -0.0, -0.422619, -0.906308, -1.2e-05, 0.0, 0.0, 0.0, 1.0],
                [1.0, -0.0, -0.0, -0.125006, -0.0, -0.906307, 0.422618, -0.002831, -0.0, -0.422619, -0.906308, -1.2e-05, 0.0, 0.0, 0.0, 1.0],
                [1.0, -0.0, -0.0, -0.125006, -0.0, -0.906307, 0.422618, -0.002831, -0.0, -0.422619, -0.906308, -1.2e-05, 0.0, 0.0, 0.0, 1.0],
                [1.0, -0.0, -0.0, -0.125006, -0.0, -0.906307, 0.422618, -0.002831, -0.0, -0.422619, -0.906308, -1.2e-05, 0.0, 0.0, 0.0, 1.0],
                [1.0, -0.0, -0.0, -0.125006, -0.0, -0.906307, 0.422618, -0.002831, -0.0, -0.422619, -0.906308, -1.2e-05, 0.0, 0.0, 0.0, 1.0],
                [1.0, -0.0, -0.0, -0.125006, -0.0, -0.906307, 0.422618, -0.002831, -0.0, -0.422619, -0.906308, -1.2e-05, 0.0, 0.0, 0.0, 1.0],
                [1.0, -0.0, -0.0, -0.125006, -0.0, -0.906307, 0.422618, -0.002831, -0.0, -0.422619, -0.906308, -1.2e-05, 0.0, 0.0, 0.0, 1.0],
                [1.0, -0.0, -0.0, -0.125006, -0.0, -0.906307, 0.422618, -0.002831, -0.0, -0.422619, -0.906308, -1.2e-05, 0.0, 0.0, 0.0, 1.0],
                [1.0, -0.0, -0.0, -0.125006, -0.0, -0.906308, 0.422618, -0.002831, -0.0, -0.422619, -0.906308, -1.2e-05, 0.0, 0.0, 0.0, 1.0],
                [1.0, -0.0, -0.0, -0.125006, -0.0, -0.906307, 0.422618, -0.002831, -0.0, -0.422619, -0.906308, -1.2e-05, 0.0, 0.0, 0.0, 1.0],
                [1.0, -0.0, -0.0, -0.125006, -0.0, -0.906307, 0.422618, -0.002831, -0.0, -0.422619, -0.906308, -1.2e-05, 0.0, 0.0, 0.0, 1.0],
                [1.0, -0.0, -0.0, -0.125006, -0.0, -0.906308, 0.422618, -0.002831, -0.0, -0.422619, -0.906308, -1.2e-05, 0.0, 0.0, 0.0, 1.0],
                [1.0, -0.0, -0.0, -0.125006, -0.0, -0.906307, 0.422618, -0.002831, -0.0, -0.422619, -0.906308, -1.2e-05, 0.0, 0.0, 0.0, 1.0],
                [1.0, -0.0, -0.0, -0.125006, -0.0, -0.906307, 0.422618, -0.002831, -0.0, -0.422619, -0.906308, -1.2e-05, 0.0, 0.0, 0.0, 1.0],
                [1.0, -0.0, -0.0, -0.125006, -0.0, -0.906307, 0.422618, -0.002831, -0.0, -0.422619, -0.906308, -1.2e-05, 0.0, 0.0, 0.0, 1.0]
            ]
        },
        {
            "name": "Leg_L",
            "time": [0.0, 0.2, 0.2667, 0.3333, 0.4167, 0.4667, 0.5333, 0.6, 0.6667, 0.7333, 0.7667, 0.85, 0.9667, 1.2333, 1.3, 1.35, 1.45, 1.4833, 1.5167, 1.6, 1.7333, 2.0, 2.0833, 2.2, 2.2667, 2.3333, 2.4667],
            "transform": [
                [0.998137, -0.003212, -0.060926, -0.0, 0.03336, 0.864843, 0.500933, 0.37472, 0.051082, -0.502033, 0.863339, -0.0, 0.0, 0.0, 0.0, 1.0],
                [0.999495, -0.003017, -0.031627, 0.0, 0.016228, 0.904311, 0.426566, 0.37472, 0.027314, -0.426864, 0.903903, 0.0, 0.0, 0.0, 0.0, 1.0],
                [0.999758, -0.002398, -0.021863, 0.0, 0.010965, 0.916038, 0.400942, 0.37472, 0.019066, -0.401084, 0.915843, -0.0, 0.0, 0.0, 0.0, 1.0],
                [0.999925, -0.001503, -0.012122, -0.0, 0.005939, 0.927024, 0.374956, 0.37472, 0.010674, -0.375, 0.926963, -0.0, 0.0, 0.0, 0.0, 1.0],
                [1.0, 1e-06, 1e-06, 0.0, -1e-06, 0.939693, 0.34202, 0.37472, -1e-06, -0.342021, 0.939692, -0.0, 0.0, 0.0, 0.0, 1.0],
                [1.0, 1e-06, 1e-06, -0.0, -1e-06, 0.939692, 0.342021, 0.37472, -1e-06, -0.34202, 0.939692, -0.0, 0.0, 0.0, 0.0, 1.0],
                [1.0, 1e-06, 1e-06, -0.0, -1e-06, 0.939692, 0.34202, 0.37472, -1e-06, -0.34202, 0.939692, -0.0, 0.0, 0.0, 0.0, 1.0],
                [1.0, 1e-06, 1e-06, 0.0, -1e-06, 0.939692, 0.34202, 0.37472, -1e-06, -0.34202, 0.939692, 0.0, 0.0, 0.0, 0.0, 1.0],
                [1.0, 1e-06, 1e-06, -0.0, -1e-06, 0.939693, 0.34202, 0.37472, -1e-06, -0.34202, 0.939693, -0.0, 0.0, 0.0, 0.0, 1.0],
                [1.0, 1e-06, 1e-06, 0.0, -1e-06, 0.939692, 0.34202, 0.37472, -1e-06, -0.34202, 0.939692, 0.0, 0.0, 0.0, 0.0, 1.0],
                [1.0, 1e-06, 1e-06, -0.0, -1e-06, 0.939692, 0.34202, 0.37472, -1e-06, -0.34202, 0.939692, 0.0, 0.0, 0.0, 0.0, 1.0],
                [1.0, 1e-06, 1e-06, 0.0, -1e-06, 0.939692, 0.34202, 0.37472, -1e-06, -0.34202, 0.939692, 0.0, 0.0, 0.0, 0.0, 1.0],
                [1.0, 1e-06, 1e-06, 0.0, -1e-06, 0.939692, 0.34202, 0.37472, -1e-06, -0.34202, 0.939692, 0.0, 0.0, 0.0, 0.0, 1.0],
                [1.0, 1e-06, 1e-06, -0.0, -1e-06, 0.939692, 0.34202, 0.37472, -1e-06, -0.34202, 0.939692, 0.0, 0.0, 0.0, 0.0, 1.0],
                [1.0, 1e-06, 1e-06, -0.0, -1e-06, 0.939692, 0.34202, 0.37472, -1e-06, -0.34202, 0.939692, 0.0, 0.0, 0.0, 0.0, 1.0],
                [1.0, 1e-06, 1e-06, -0.0, -1e-06, 0.939692, 0.34202, 0.37472, -1e-06, -0.34202, 0.939692, -0.0, 0.0, 0.0, 0.0, 1.0],
                [1.0, 1e-06, 1e-06, 0.0, -1e-06, 0.939693, 0.34202, 0.37472, -1e-06, -0.342021, 0.939692, -0.0, 0.0, 0.0, 0.0, 1.0],
                [1.0, 1e-06, 1e-06, 0.0, -1e-06, 0.939693, 0.34202, 0.37472, -1e-06, -0.342021, 0.939692, 0.0, 0.0, 0.0, 0.0, 1.0],
                [1.0, 1e-06, 1e-06, 0.0, -1e-06, 0.939693, 0.342021, 0.37472, -1e-06, -0.342021, 0.939693, 0.0, 0.0, 0.0, 0.0, 1.0],
                [1.0, 1e-06, 1e-06, -0.0, -1e-06, 0.939693, 0.34202, 0.37472, -1e-06, -0.34202, 0.939693, 0.0, 0.0, 0.0, 0.0, 1.0],
                [1.0, 1e-06, 1e-06, -0.0, -1e-06, 0.939692, 0.34202, 0.37472, -1e-06, -0.34202, 0.939692, 0.0, 0.0, 0.0, 0.0, 1.0],
                [1.0, 1e-06, 1e-06, 0.0, -1e-06, 0.939693, 0.34202, 0.37472, -1e-06, -0.34202, 0.939692, -0.0, 0.0, 0.0, 0.0, 1.0],
                [1.0, 1e-06, 1e-06, 0.0, -1e-06, 0.939693, 0.342021, 0.37472, -1e-06, -0.34202, 0.939693, 0.0, 0.0, 0.0, 0.0, 1.0],
                [1.0, 1e-06, 1e-06, -0.0, -1e-06, 0.939693, 0.34202, 0.37472, -1e-06, -0.34202, 0.939693, -0.0, 0.0, 0.0, 0.0, 1.0],
                [1.0, 1e-06, 1e-06, 0.0, -1e-06, 0.939692, 0.34202, 0.37472, -1e-06, -0.34202, 0.939692, -0.0, 0.0, 0.0, 0.0, 1.0],
                [1.0, 1e-06, 1e-06, -0.0, -1e-06, 0.939692, 0.34202, 0.37472, -1e-06, -0.34202, 0.939692, -0.0, 0.0, 0.0, 0.0, 1.0],
                [1.0, 1e-06, 1e-06, 0.0, -1e-06, 0.939693, 0.34202, 0.37472, -1e-06, -0.34202, 0.939693, 0.0, 0.0, 0.0, 0.0, 1.0]
            ]
        },
        {
            "name": "Knee_L",
            "time": [0.0, 0.2, 0.2667, 0.3333, 0.4167, 0.4667, 0.5333, 0.6, 0.6667, 0.7333, 0.7667, 0.85, 0.9667, 1.2333, 1.3, 1.35, 1.45, 1.4833, 1.5167, 1.6, 1.7333, 2.0, 2.0833, 2.2, 2.2667, 2.3333, 2.4667],
            "transform": [
                [1.0, 0.0, -0.0, -0.0, -1e-06, 0.0, -1.0, 0.37472, -0.0, 1.0, 0.0, -0.0, 0.0, 0.0, 0.0, 1.0],
                [1.0, 0.0, -0.0, 0.0, -0.0, 0.0, -1.0, 0.37472, -0.0, 1.0, 0.0, 0.0, 0.0, 0.0, 0.0, 1.0],
                [1.0, 0.0, -0.0, 0.0, -0.0, 0.0, -1.0, 0.37472, -0.0, 1.0, 0.0, -0.0, 0.0, 0.0, 0.0, 1.0],
                [1.0, 0.0, -0.0, -0.0, -1e-06, 0.0, -1.0, 0.37472, -0.0, 1.0, 0.0, -0.0, 0.0, 0.0, 0.0, 1.0],
                [1.0, 0.0, -0.0, 0.0, -1e-06, 0.0, -1.0, 0.37472, -0.0, 1.0, 0.0, -0.0, 0.0, 0.0, 0.0, 1.0],
                [1.0, 0.0, -0.0, -0.0, -0.0, 0.0, -1.0, 0.37472, -0.0, 1.0, 0.0, -0.0, 0.0, 0.0, 0.0, 1.0],
                [1.0, 0.0, -0.0, -0.0, -1e-06, 0.0, -1.0, 0.37472, -0.0, 1.0, 0.0, -0.0, 0.0, 0.0, 0.0, 1.0],
                [1.0, 0.0, -0.0, 0.0, -0.0, 0.0, -1.0, 0.37472, -0.0, 1.0, 0.0, 0.0, 0.0, 0.0, 0.0, 1.0],
                [1.0, 0.0, -0.0, -0.0, -0.0, 0.0, -1.0, 0.37472, -0.0, 1.0, 0.0, -0.0, 0.0, 0.0, 0.0, 1.0],
                [1.0, 0.0, -0.0, 0.0, -0.0, 0.0, -1.0, 0.37472, -0.0, 1.0, 0.0, 0.0, 0.0, 0.0, 0.0, 1.0],
                [1.0, 0.0, -0.0, -0.0, -0.0, 0.0, -1.0, 0.37472, -0.0, 1.0, 0.0, 0.0, 0.0, 0.0, 0.0, 1.0],
                [1.0, 0.0, -0.0, 0.0, -0.0, 0.0, -1.0, 0.37472, -0.0, 1.0, 0.0, 0.0, 0.0, 0.0, 0.0, 1.0],
                [1.0, 0.0, -0.0, 0.0, -0.0, 0.0, -1.0, 0.37472, -0.0, 1.0, 0.0, 0.0, 0.0, 0.0, 0.0, 1.0],
                [1.0, 0.0, -0.0, -0.0, -0.0, 0.0, -1.0, 0.37472, -0.0, 1.0, 0.0, 0.0, 0.0, 0.0, 0.0, 1.0],
                [1.0, 0.0, -0.0, -0.0, -0.0, 0.0, -1.0, 0.37472, -0.0, 1.0, 0.0, 0.0, 0.0, 0.0, 0.0, 1.0],
                [1.0, 0.0, -0.0, -0.0, -0.0, 0.0, -1.0, 0.37472, -0.0, 1.0, 0.0, -0.0, 0.0, 0.0, 0.0, 1.0],
                [1.0, 0.0, -0.0, 0.0, -0.0, 0.0, -1.0, 0.37472, -0.0, 1.0, 0.0, -0.0, 0.0, 0.0, 0.0, 1.0],
                [1.0, 0.0, -0.0, 0.0, -0.0, 0.0, -1.0, 0.37472, -0.0, 1.0, 0.0, 0.0, 0.0, 0.0, 0.0, 1.0],
                [1.0, 0.0, -0.0, 0.0, -0.0, 0.0, -1.0, 0.37472, -0.0, 1.0, 0.0, 0.0, 0.0, 0.0, 0.0, 1.0],
                [1.0, 0.0, -0.0, -0.0, -0.0, 0.0, -1.0, 0.37472, -0.0, 1.0, 0.0, 0.0, 0.0, 0.0, 0.0, 1.0],
                [1.0, 0.0, -0.0, -0.0, -0.0, 0.0, -1.0, 0.37472, -0.0, 1.0, 0.0, 0.0, 0.0, 0.0, 0.0, 1.0],
                [1.0, 0.0, -0.0, 0.0, -0.0, 0.0, -1.0, 0.37472, -0.0, 1.0, 0.0, -0.0, 0.0, 0.0, 0.0, 1.0],
                [1.0, 0.0, -0.0, 0.0, -0.0, 0.0, -1.0, 0.37472, -0.0, 1.0, 0.0, 0.0, 0.0, 0.0, 0.0, 1.0],
                [1.0, 0.0, -0.0, -0.0, -0.0, 0.0, -1.0, 0.37472, -0.0, 1.0, 0.0, -0.0, 0.0, 0.0, 0.0, 1.0],
                [1.0, 0.0, -0.0, 0.0, -0.0, 0.0, -1.0, 0.37472, -0.0, 1.0, 0.0, -0.0, 0.0, 0.0, 0.0, 1.0],
                [1.0, 0.0, -0.0, -0.0, -0.0, 0.0, -1.0, 0.37472, -0.0, 1.0, 0.0, -0.0, 0.0, 0.0, 0.0, 1.0],
                [1.0, 0.0, -0.0, 0.0, -0.0, 0.0, -1.0, 0.37472, -0.0, 1.0, 0.0, 0.0, 0.0, 0.0, 0.0, 1.0]
            ]
        },
        {
            "name": "Torso",
            "time": [0.0, 0.2, 0.2667, 0.3333, 0.4167, 0.4667, 0.5333, 0.6, 0.6667, 0.7333, 0.7667, 0.85, 0.9667, 1.2333, 1.3, 1.35, 1.45, 1.4833, 1.5167, 1.6, 1.7333, 2.0, 2.0833, 2.2, 2.2667, 2.3333, 2.4667],
            "transform": [
                [0.751278, -0.0, 0.659986, -0.0, 0.114605, 0.984808, -0.130458, 0.05, -0.649959, 0.173648, 0.739865, 0.0, 0.0, 0.0, 0.0, 1.0],
                [0.751278, 0.0, 0.659986, -0.0, 0.114605, 0.984808, -0.130458, 0.05, -0.649959, 0.173648, 0.739865, 0.0, 0.0, 0.0, 0.0, 1.0],
                [0.751278, 0.0, 0.659986, 0.0, 0.114605, 0.984808, -0.130458, 0.05, -0.649959, 0.173648, 0.739865, -0.0, 0.0, 0.0, 0.0, 1.0],
                [0.751278, 0.0, 0.659986, 0.0, 0.114605, 0.984808, -0.130458, 0.05, -0.649959, 0.173648, 0.739865, 0.0, 0.0, 0.0, 0.0, 1.0],
                [0.751278, 0.0, 0.659986, 0.0, 0.114605, 0.984808, -0.130458, 0.05, -0.649959, 0.173648, 0.739865, 0.0, 0.0, 0.0, 0.0, 1.0],
                [0.76478, 0.0, 0.644292, -0.0, 0.11188, 0.984808, -0.132803, 0.05, -0.634504, 0.173648, 0.753161, 0.0, 0.0, 0.0, 0.0, 1.0],
                [0.782341, 0.0, 0.62285, -0.0, 0.108157, 0.984808, -0.135852, 0.05, -0.613388, 0.173648, 0.770456, -0.0, 0.0, 0.0, 0.0, 1.0],
                [0.799375, 0.0, 0.600832, 0.0, 0.104333, 0.984808, -0.13881, 0.05, -0.591704, 0.173648, 0.787231, 0.0, 0.0, 0.0, 0.0, 1.0],
                [0.815854, 0.0, 0.578259, -0.0, 0.100414, 0.984808, -0.141672, 0.05, -0.569473, 0.173648, 0.803459, -0.0, 0.0, 0.0, 0.0, 1.0],
                [0.831751, 0.0, 0.555149, -0.0, 0.096401, 0.984808, -0.144432, 0.05, -0.546715, 0.173648, 0.819115, 0.0, 0.0, 0.0, 0.0, 1.0],
                [0.841048, 0.0, 0.54096, -0.0, 0.093937, 0.984808, -0.146047, 0.05, -0.532741, 0.173648, 0.828271, 0.0, 0.0, 0.0, 0.0, 1.0],
                [0.863292, 0.0, 0.504705, -0.0, 0.087641, 0.984808, -0.149909, 0.05, -0.497037, 0.173648, 0.850177, 0.0, 0.0, 0.0, 0.0, 1.0],
                [0.888438, 0.0, 0.458996, -0.0, 0.079704, 0.984808, -0.154276, 0.05, -0.452023, 0.173648, 0.874941, -0.0, 0.0, 0.0, 0.0, 1.0],
                [0.942978, 0.0, 0.332855, -0.0, 0.0578, 0.984808, -0.163746, 0.05, -0.327799, 0.173648, 0.928652, 0.0, 0.0, 0.0, 0.0, 1.0],
                [0.957247, -0.0, 0.289271, -0.0, 0.050231, 0.984808, -0.166224, 0.05, -0.284876, 0.173648, 0.942704, 0.0, 0.0, 0.0, 0.0, 1.0],
                [0.962081, -0.0, 0.272765, -0.0, 0.047365, 0.984808, -0.167064, 0.05, -0.268621, 0.173648, 0.947465, -0.0, 0.0, 0.0, 0.0, 1.0],
                [0.970883, -0.0, 0.239554, -0.0, 0.041598, 0.984808, -0.168592, 0.05, -0.235914, 0.173648, 0.956133, 0.0, 0.0, 0.0, 0.0, 1.0],
                [0.975325, 0.0, 0.220774, 0.0, 0.038337, 0.984808, -0.169363, 0.05, -0.21742, 0.173648, 0.960507, -0.0, 0.0, 0.0, 0.0, 1.0],
                [0.976865, 0.0, 0.213859, -0.0, 0.037136, 0.984808, -0.169631, 0.05, -0.21061, 0.173648, 0.962024, -0.0, 0.0, 0.0, 0.0, 1.0],
                [0.984033, 0.0, 0.177989, -0.0, 0.030907, 0.984808, -0.170875, 0.05, -0.175285, 0.173648, 0.969083, -0.0, 0.0, 0.0, 0.0, 1.0],
                [0.992728, 0.0, 0.120381, -0.0, 0.020904, 0.984808, -0.172385, 0.05, -0.118552, 0.173648, 0.977646, 0.0, 0.0, 0.0, 0.0, 1.0],
                [0.999985, 0.0, 0.005445, 0.0, 0.000946, 0.984808, -0.173646, 0.05, -0.005362, 0.173648, 0.984793, 0.0, 0.0, 0.0, 0.0, 1.0],
                [0.999986, 0.0, 0.005303, -0.0, 0.000921, 0.984808, -0.173646, 0.05, -0.005223, 0.173648, 0.984794, 0.0, 0.0, 0.0, 0.0, 1.0],
                [0.999987, -0.0, 0.005105, -0.0, 0.000886, 0.984808, -0.173646, 0.05, -0.005027, 0.173648, 0.984795, -0.0, 0.0, 0.0, 0.0, 1.0],
                [0.999991, 0.0, 0.004339, -0.0, 0.000753, 0.984808, -0.173646, 0.05, -0.004273, 0.173648, 0.984798, -0.0, 0.0, 0.0, 0.0, 1.0],
                [0.999995, 0.0, 0.003254, -0.0, 0.000565, 0.984808, -0.173647, 0.05, -0.003204, 0.173648, 0.984803, 0.0, 0.0, 0.0, 0.0, 1.0],
                [1.0, 0.0, 0.0, 0.0, 0.0, 0.984808, -0.173648, 0.05, 0.0, 0.173648, 0.984808, 0.0, 0.0, 0.0, 0.0, 1.0]
