{
    "armature": {
        "joints": ["Root", "Thigh_R", "Leg_R", "Knee_R", "Thigh_L", "Leg_L", "Knee_L", "Torso", "Chest", "Head", "Shoulder_R", "Arm_R", "Hand_R", "Tool_R", "Elbow_R", "Shoulder_L", "Arm_L", "Hand_L", "Tool_L", "Elbow_L"],
        "hierarchy": [
            {
                "name": "Root",
                "transform": [1.0, 0.0, 0.0, -5e-06, 0.0, 0.0, -1.0, 0.000946, 0.0, 1.0, 0.0, 0.763972, 0.0, 0.0, 0.0, 1.0],
                "children": [
                    {
                        "name": "Thigh_R",
                        "transform": [1.0, -0.0, -0.0, 0.124994, -0.0, -1.0, 0.0, -0.002831, -0.0, -0.0, -1.0, -1.2e-05, 0.0, 0.0, 0.0, 1.0],
                        "children": [
                            {
                                "name": "Leg_R",
                                "transform": [1.0, 0.0, 1e-06, 0.0, -0.0, 1.0, 0.0, 0.37472, -1e-06, -0.0, 1.0, -0.0, 0.0, 0.0, 0.0, 1.0],
                                "children": []
                            },
                            {
                                "name": "Knee_R",
                                "transform": [1.0, 0.0, -0.0, 0.0, -0.0, 0.0, -1.0, 0.37472, -0.0, 1.0, 0.0, -0.0, 0.0, 0.0, 0.0, 1.0],
                                "children": []
                            }
                        ]
                    },
                    {
                        "name": "Thigh_L",
                        "transform": [1.0, -0.0, -0.0, -0.125006, -0.0, -1.0, 0.0, -0.002831, -0.0, -0.0, -1.0, -1.2e-05, 0.0, 0.0, 0.0, 1.0],
                        "children": [
                            {
                                "name": "Leg_L",
                                "transform": [1.0, 0.0, 1e-06, -0.0, -0.0, 1.0, 0.0, 0.37472, -1e-06, -0.0, 1.0, 0.0, 0.0, 0.0, 0.0, 1.0],
                                "children": []
                            },
                            {
                                "name": "Knee_L",
                                "transform": [1.0, 0.0, -0.0, -0.0, -0.0, 0.0, -1.0, 0.37472, -0.0, 1.0, 0.0, 0.0, 0.0, 0.0, 0.0, 1.0],
                                "children": []
                            }
                        ]
                    },
                    {
                        "name": "Torso",
                        "transform": [1.0, 0.0, 0.0, 0.0, 0.0, 1.0, 0.0, 0.05, 0.0, 0.0, 1.0, 0.0, 0.0, 0.0, 0.0, 1.0],
                        "children": [
                            {
                                "name": "Chest",
                                "transform": [1.0, 0.0, 0.0, 0.0, 0.0, 1.0, 0.0, 0.3, 0.0, 0.0, 1.0, 0.0, 0.0, 0.0, 0.0, 1.0],
                                "children": [
                                    {
                                        "name": "Head",
                                        "transform": [1.0, 0.0, 0.0, 0.0, 0.0, 1.0, 0.0, 0.4, 0.0, 0.0, 1.0, 0.0, 0.0, 0.0, 0.0, 1.0],
                                        "children": []
                                    },
                                    {
                                        "name": "Shoulder_R",
                                        "transform": [0.0, 0.952114, 0.305743, 0.0, 0.0, -0.305743, 0.952114, 0.4, 1.0, 0.0, -0.0, 0.0, 0.0, 0.0, 0.0, 1.0],
                                        "children": [
                                            {
                                                "name": "Arm_R",
                                                "transform": [0.0, -0.0, -1.0, -0.0, 0.952114, 0.305743, 0.0, 0.39386, 0.305743, -0.952114, 0.0, 0.0, 0.0, 0.0, 0.0, 1.0],
                                                "children": [
                                                    {
                                                        "name": "Hand_R",
                                                        "transform": [1.0, 0.0, 0.0, 0.0, -0.0, 0.993938, 0.109947, 0.3, -0.0, -0.109947, 0.993937, 0.0, 0.0, 0.0, 0.0, 1.0],
                                                        "children": [
                                                            {
                                                                "name": "Tool_R",
                                                                "transform": [1.0, 0.0, 0.0, -0.0, 0.0, -0.999836, 0.018122, 0.272858, 0.0, -0.018122, -0.999836, 0.0, 0.0, 0.0, 0.0, 1.0],
                                                                "children": []
                                                            }
                                                        ]
                                                    },
                                                    {
                                                        "name": "Elbow_R",
                                                        "transform": [-1.0, 0.0, -0.0, 0.0, 0.0, 0.0, -1.0, 0.3, -0.0, -1.0, -0.0, 0.0, 0.0, 0.0, 0.0, 1.0],
                                                        "children": []
                                                    }
                                                ]
                                            }
                                        ]
                                    },
                                    {
                                        "name": "Shoulder_L",
                                        "transform": [-0.0, -0.952114, -0.305743, 0.0, 0.0, -0.305743, 0.952114, 0.4, -1.0, 0.0, 0.0, 0.0, 0.0, 0.0, 0.0, 1.0],
                                        "children": [
                                            {
                                                "name": "Arm_L",
                                                "transform": [-0.0, -0.0, 1.0, -0.0, -0.952114, 0.305743, -0.0, 0.39386, -0.305743, -0.952114, -0.0, 0.0, 0.0, 0.0, 0.0, 1.0],
                                                "children": [
                                                    {
                                                        "name": "Hand_L",
                                                        "transform": [1.0, -0.0, 0.0, -0.0, 0.0, 0.993937, 0.109947, 0.3, -0.0, -0.109947, 0.993937, 0.0, 0.0, 0.0, 0.0, 1.0],
                                                        "children": [
                                                            {
                                                                "name": "Tool_L",
                                                                "transform": [1.0, 0.0, 0.0, -0.0, -0.0, -0.999836, 0.018122, 0.272858, 0.0, -0.018122, -0.999836, -0.0, 0.0, 0.0, 0.0, 1.0],
                                                                "children": []
                                                            }
                                                        ]
                                                    },
                                                    {
                                                        "name": "Elbow_L",
                                                        "transform": [-1.0, 0.0, -0.0, -0.0, 0.0, -0.0, -1.0, 0.3, -0.0, -1.0, 0.0, 0.0, 0.0, 0.0, 0.0, 1.0],
                                                        "children": []
                                                    }
                                                ]
                                            }
                                        ]
                                    }
                                ]
                            }
                        ]
                    }
                ]
            }
        ]
    },
    "animation": [
        {
            "name": "Root",
            "time": [0.0167, 0.2833, 0.3667, 0.6167, 1.3667, 1.9167, 2.0167, 2.1, 2.1833, 2.3, 2.3667, 2.4667, 2.6, 2.7167, 2.9667, 3.05, 3.1167, 3.2167, 3.35, 3.4833, 3.9833],
            "transform": [
                [1.0, 0.0, 0.0, -5e-06, 0.0, 0.0, -1.0, 0.517182, 0.0, 1.0, 0.0, 0.593581, 0.0, 0.0, 0.0, 1.0],
                [1.0, 0.0, 0.0, -5e-06, 0.0, 0.0, -1.0, -0.348226, 0.0, 1.0, 0.0, 0.688546, 0.0, 0.0, 0.0, 1.0],
                [1.0, 0.0, 0.0, -5e-06, 0.0, 0.0, -1.0, -0.348226, 0.0, 1.0, 0.0, 0.688546, 0.0, 0.0, 0.0, 1.0],
                [1.0, 0.0, 0.0, -5e-06, 0.0, 0.0, -1.0, 0.508169, 0.0, 1.0, 0.0, 0.688546, 0.0, 0.0, 0.0, 1.0],
                [1.0, 0.0, 0.0, -5e-06, 0.0, 0.0, -1.0, 0.508169, 0.0, 1.0, 0.0, 0.688546, 0.0, 0.0, 0.0, 1.0],
                [1.0, 0.0, 0.0, -5e-06, 0.0, 0.0, -1.0, 0.236681, 0.0, 1.0, 0.0, 0.688546, 0.0, 0.0, 0.0, 1.0],
                [1.0, 0.0, 0.0, -5e-06, 0.0, 0.0, -1.0, 0.236681, 0.0, 1.0, 0.0, 0.688546, 0.0, 0.0, 0.0, 1.0],
                [1.0, 0.0, 0.0, -5e-06, 0.0, 0.0, -1.0, 0.236681, 0.0, 1.0, 0.0, 0.688546, 0.0, 0.0, 0.0, 1.0],
                [1.0, 0.0, 0.0, -5e-06, 0.0, 0.0, -1.0, 0.236681, 0.0, 1.0, 0.0, 0.688546, 0.0, 0.0, 0.0, 1.0],
                [1.0, 0.0, 0.0, -5e-06, 0.0, 0.0, -1.0, 0.236681, 0.0, 1.0, 0.0, 0.688546, 0.0, 0.0, 0.0, 1.0],
                [1.0, 0.0, 0.0, -5e-06, 0.0, 0.0, -1.0, 0.236681, 0.0, 1.0, 0.0, 0.688546, 0.0, 0.0, 0.0, 1.0],
                [1.0, 0.0, 0.0, -5e-06, 0.0, 0.0, -1.0, 0.236681, 0.0, 1.0, 0.0, 0.688546, 0.0, 0.0, 0.0, 1.0],
                [1.0, 0.0, 0.0, -5e-06, 0.0, 0.0, -1.0, 0.236681, 0.0, 1.0, 0.0, 0.688546, 0.0, 0.0, 0.0, 1.0],
                [1.0, 0.0, 0.0, -5e-06, 0.0, 0.0, -1.0, 0.236681, 0.0, 1.0, 0.0, 0.688546, 0.0, 0.0, 0.0, 1.0],
                [1.0, 0.0, 0.0, -5e-06, 0.0, 0.0, -1.0, 0.236681, 0.0, 1.0, 0.0, 0.688546, 0.0, 0.0, 0.0, 1.0],
                [1.0, 0.0, 0.0, -5e-06, 0.0, 0.0, -1.0, 0.236681, 0.0, 1.0, 0.0, 0.688546, 0.0, 0.0, 0.0, 1.0],
                [1.0, 0.0, 0.0, -5e-06, 0.0, 0.0, -1.0, 0.236681, 0.0, 1.0, 0.0, 0.688546, 0.0, 0.0, 0.0, 1.0],
                [1.0, 0.0, 0.0, -5e-06, 0.0, 0.0, -1.0, 0.236681, 0.0, 1.0, 0.0, 0.688546, 0.0, 0.0, 0.0, 1.0],
                [1.0, 0.0, 0.0, -5e-06, 0.0, 0.0, -1.0, 0.236681, 0.0, 1.0, 0.0, 0.688546, 0.0, 0.0, 0.0, 1.0],
                [1.0, 0.0, 0.0, -5e-06, 0.0, 0.0, -1.0, 0.236681, 0.0, 1.0, 0.0, 0.688546, 0.0, 0.0, 0.0, 1.0],
                [1.0, 0.0, 0.0, -5e-06, 0.0, 0.0, -1.0, -0.002071, 0.0, 1.0, 0.0, 0.688546, 0.0, 0.0, 0.0, 1.0]
            ]
        },
        {
            "name": "Thigh_R",
            "time": [0.0167, 0.2833, 0.3667, 0.6167, 1.3667, 1.9167, 2.0167, 2.1, 2.1833, 2.3, 2.3667, 2.4667, 2.6, 2.7167, 2.9667, 3.05, 3.1167, 3.2167, 3.35, 3.4833, 3.9833],
            "transform": [
                [0.999098, 0.032665, 0.027147, 0.124994, 0.039629, -0.946881, -0.319131, -0.002831, 0.01528, 0.319919, -0.947322, -1.2e-05, 0.0, 0.0, 0.0, 1.0],
                [0.998915, 0.042282, -0.019539, 0.124994, 0.045727, -0.810381, 0.584115, -0.002831, 0.008863, -0.584375, -0.811436, -1.2e-05, 0.0, 0.0, 0.0, 1.0],
                [0.998915, 0.042282, -0.019539, 0.124994, 0.045727, -0.810381, 0.584115, -0.002831, 0.008863, -0.584375, -0.811436, -1.2e-05, 0.0, 0.0, 0.0, 1.0],
                [0.998915, 0.042282, -0.019539, 0.124994, 0.027358, -0.872105, -0.488553, -0.002831, -0.037697, 0.487488, -0.872316, -1.2e-05, 0.0, 0.0, 0.0, 1.0],
                [0.998915, 0.042282, -0.019539, 0.124994, 0.027358, -0.872105, -0.488553, -0.002831, -0.037697, 0.487488, -0.872316, -1.2e-05, 0.0, 0.0, 0.0, 1.0],
                [0.998915, 0.042282, -0.019539, 0.124994, 0.046572, -0.899546, 0.434336, -0.002831, 0.000788, -0.434775, -0.900539, -1.2e-05, 0.0, 0.0, 0.0, 1.0],
                [0.998915, 0.042282, -0.019539, 0.124994, 0.046572, -0.899546, 0.434336, -0.002831, 0.000788, -0.434775, -0.900539, -1.2e-05, 0.0, 0.0, 0.0, 1.0],
                [0.998915, 0.042282, -0.019539, 0.124994, 0.046572, -0.899546, 0.434336, -0.002831, 0.000788, -0.434775, -0.900539, -1.2e-05, 0.0, 0.0, 0.0, 1.0],
                [0.998915, 0.042282, -0.019539, 0.124994, 0.046572, -0.899546, 0.434336, -0.002831, 0.000788, -0.434775, -0.900539, -1.2e-05, 0.0, 0.0, 0.0, 1.0],
                [0.998915, 0.042282, -0.019539, 0.124994, 0.046572, -0.899546, 0.434336, -0.002831, 0.000788, -0.434775, -0.900539, -1.2e-05, 0.0, 0.0, 0.0, 1.0],
                [0.998915, 0.042282, -0.019539, 0.124994, 0.046572, -0.899546, 0.434336, -0.002831, 0.000788, -0.434775, -0.900539, -1.2e-05, 0.0, 0.0, 0.0, 1.0],
                [0.998915, 0.042282, -0.019539, 0.124994, 0.046572, -0.899546, 0.434336, -0.002831, 0.000788, -0.434775, -0.900539, -1.2e-05, 0.0, 0.0, 0.0, 1.0],
                [0.998915, 0.042282, -0.019539, 0.124994, 0.046572, -0.899546, 0.434336, -0.002831, 0.000788, -0.434775, -0.900539, -1.2e-05, 0.0, 0.0, 0.0, 1.0],
                [0.998915, 0.042282, -0.019539, 0.124994, 0.046572, -0.899546, 0.434336, -0.002831, 0.000788, -0.434775, -0.900539, -1.2e-05, 0.0, 0.0, 0.0, 1.0],
                [0.998915, 0.042282, -0.019539, 0.124994, 0.046572, -0.899546, 0.434336, -0.002831, 0.000788, -0.434775, -0.900539, -1.2e-05, 0.0, 0.0, 0.0, 1.0],
                [0.998915, 0.042282, -0.019539, 0.124994, 0.046572, -0.899546, 0.434336, -0.002831, 0.000788, -0.434775, -0.900539, -1.2e-05, 0.0, 0.0, 0.0, 1.0],
                [0.998915, 0.042282, -0.019539, 0.124994, 0.046572, -0.899546, 0.434336, -0.002831, 0.000788, -0.434775, -0.900539, -1.2e-05, 0.0, 0.0, 0.0, 1.0],
                [0.998915, 0.042282, -0.019539, 0.124994, 0.046572, -0.899546, 0.434336, -0.002831, 0.000788, -0.434775, -0.900539, -1.2e-05, 0.0, 0.0, 0.0, 1.0],
                [0.998915, 0.042282, -0.019539, 0.124994, 0.046572, -0.899546, 0.434336, -0.002831, 0.000788, -0.434775, -0.900539, -1.2e-05, 0.0, 0.0, 0.0, 1.0],
                [0.998915, 0.042282, -0.019539, 0.124994, 0.046572, -0.899546, 0.434336, -0.002831, 0.000788, -0.434775, -0.900539, -1.2e-05, 0.0, 0.0, 0.0, 1.0],
                [0.998915, 0.042282, -0.019539, 0.124994, 0.038601, -0.986241, -0.16074, -0.002831, -0.026067, 0.159811, -0.986803, -1.2e-05, 0.0, 0.0, 0.0, 1.0]
            ]
        },
        {
            "name": "Leg_R",
            "time": [0.0167, 0.2833, 0.3667, 0.6167, 1.3667, 1.9167, 2.0167, 2.1, 2.1833, 2.3, 2.3667, 2.4667, 2.6, 2.7167, 2.9667, 3.05, 3.1167, 3.2167, 3.35, 3.4833, 3.9833],
            "transform": [
                [0.999943, -0.003133, -0.010244, -0.0, 0.005772, 0.963169, 0.268837, 0.37472, 0.009024, -0.26888, 0.963131, 0.0, 0.0, 0.0, 0.0, 1.0],
                [0.999709, -0.004037, -0.023768, -0.0, 0.015427, 0.864728, 0.502003, 0.37472, 0.018526, -0.502224, 0.864539, 0.0, 0.0, 0.0, 0.0, 1.0],
                [0.999709, -0.004037, -0.023768, -0.0, 0.015427, 0.864728, 0.502003, 0.37472, 0.018526, -0.502224, 0.864539, 0.0, 0.0, 0.0, 0.0, 1.0],
                [0.999967, -0.002727, -0.007646, 0.0, 0.004034, 0.984298, 0.17647, 0.37472, 0.007045, -0.176495, 0.984276, -0.0, 0.0, 0.0, 0.0, 1.0],
                [0.999967, -0.002727, -0.007646, 0.0, 0.004034, 0.984298, 0.17647, 0.37472, 0.007045, -0.176495, 0.984276, -0.0, 0.0, 0.0, 0.0, 1.0],
                [0.999797, -0.004239, -0.01971, -0.0, 0.012214, 0.905175, 0.424863, 0.37472, 0.01604, -0.425017, 0.905043, -0.0, 0.0, 0.0, 0.0, 1.0],
                [0.999797, -0.004239, -0.01971, -0.0, 0.012214, 0.905175, 0.424863, 0.37472, 0.01604, -0.425017, 0.905043, -0.0, 0.0, 0.0, 0.0, 1.0],
                [0.999797, -0.004239, -0.01971, -0.0, 0.012214, 0.905175, 0.424863, 0.37472, 0.01604, -0.425017, 0.905043, -0.0, 0.0, 0.0, 0.0, 1.0],
                [0.999797, -0.004239, -0.01971, -0.0, 0.012214, 0.905175, 0.424863, 0.37472, 0.01604, -0.425017, 0.905043, -0.0, 0.0, 0.0, 0.0, 1.0],
                [0.999797, -0.004239, -0.01971, -0.0, 0.012214, 0.905175, 0.424863, 0.37472, 0.01604, -0.425017, 0.905043, -0.0, 0.0, 0.0, 0.0, 1.0],
                [0.999797, -0.004239, -0.01971, -0.0, 0.012214, 0.905175, 0.424863, 0.37472, 0.01604, -0.425017, 0.905043, -0.0, 0.0, 0.0, 0.0, 1.0],
                [0.999797, -0.004239, -0.01971, -0.0, 0.012214, 0.905175, 0.424863, 0.37472, 0.01604, -0.425017, 0.905043, -0.0, 0.0, 0.0, 0.0, 1.0],
                [0.999797, -0.004239, -0.01971, -0.0, 0.012214, 0.905175, 0.424863, 0.37472, 0.01604, -0.425017, 0.905043, -0.0, 0.0, 0.0, 0.0, 1.0],
                [0.999797, -0.004239, -0.01971, -0.0, 0.012214, 0.905175, 0.424863, 0.37472, 0.01604, -0.425017, 0.905043, -0.0, 0.0, 0.0, 0.0, 1.0],
                [0.999797, -0.004239, -0.01971, -0.0, 0.012214, 0.905175, 0.424863, 0.37472, 0.01604, -0.425017, 0.905043, -0.0, 0.0, 0.0, 0.0, 1.0],
                [0.999797, -0.004239, -0.01971, -0.0, 0.012214, 0.905175, 0.424863, 0.37472, 0.01604, -0.425017, 0.905043, -0.0, 0.0, 0.0, 0.0, 1.0],
                [0.999797, -0.004239, -0.01971, -0.0, 0.012214, 0.905175, 0.424863, 0.37472, 0.01604, -0.425017, 0.905043, -0.0, 0.0, 0.0, 0.0, 1.0],
                [0.999797, -0.004239, -0.01971, -0.0, 0.012214, 0.905175, 0.424863, 0.37472, 0.01604, -0.425017, 0.905043, -0.0, 0.0, 0.0, 0.0, 1.0],
                [0.999797, -0.004239, -0.01971, -0.0, 0.012214, 0.905175, 0.424863, 0.37472, 0.01604, -0.425017, 0.905043, -0.0, 0.0, 0.0, 0.0, 1.0],
                [0.999797, -0.004239, -0.01971, -0.0, 0.012214, 0.905175, 0.424863, 0.37472, 0.01604, -0.425017, 0.905043, -0.0, 0.0, 0.0, 0.0, 1.0],
                [1.0, 1e-06, 1e-06, -0.0, -1e-06, 0.999995, 0.00307, 0.37472, -1e-06, -0.00307, 0.999995, -0.0, 0.0, 0.0, 0.0, 1.0]
            ]
        },
        {
            "name": "Knee_R",
            "time": [0.0167, 0.3667, 1.3667, 2.0167, 2.1, 2.1833, 2.3, 2.3667, 2.4667, 2.6, 2.7167, 2.9667, 3.05, 3.1167, 3.2167, 3.35, 3.4833, 3.9833],
            "transform": [
                [1.0, 0.0, -0.0, -0.0, -0.0, 0.0, -1.0, 0.37472, -0.0, 1.0, 0.0, 0.0, 0.0, 0.0, 0.0, 1.0],
                [1.0, 0.0, -0.0, -0.0, -0.0, 0.0, -1.0, 0.37472, -0.0, 1.0, 0.0, 0.0, 0.0, 0.0, 0.0, 1.0],
                [1.0, 0.0, -0.0, 0.0, -0.0, 0.0, -1.0, 0.37472, -0.0, 1.0, 0.0, -0.0, 0.0, 0.0, 0.0, 1.0],
                [1.0, 0.0, -0.0, -0.0, -0.0, 0.0, -1.0, 0.37472, -0.0, 1.0, 0.0, -0.0, 0.0, 0.0, 0.0, 1.0],
                [1.0, 0.0, -0.0, -0.0, -0.0, 0.0, -1.0, 0.37472, -0.0, 1.0, 0.0, -0.0, 0.0, 0.0, 0.0, 1.0],
                [1.0, 0.0, -0.0, -0.0, -0.0, 0.0, -1.0, 0.37472, -0.0, 1.0, 0.0, -0.0, 0.0, 0.0, 0.0, 1.0],
                [1.0, 0.0, -0.0, -0.0, -0.0, 0.0, -1.0, 0.37472, -0.0, 1.0, 0.0, -0.0, 0.0, 0.0, 0.0, 1.0],
                [1.0, 0.0, -0.0, -0.0, -0.0, 0.0, -1.0, 0.37472, -0.0, 1.0, 0.0, -0.0, 0.0, 0.0, 0.0, 1.0],
                [1.0, 0.0, -0.0, -0.0, -0.0, 0.0, -1.0, 0.37472, -0.0, 1.0, 0.0, -0.0, 0.0, 0.0, 0.0, 1.0],
                [1.0, 0.0, -0.0, -0.0, -0.0, 0.0, -1.0, 0.37472, -0.0, 1.0, 0.0, -0.0, 0.0, 0.0, 0.0, 1.0],
                [1.0, 0.0, -0.0, -0.0, -0.0, 0.0, -1.0, 0.37472, -0.0, 1.0, 0.0, -0.0, 0.0, 0.0, 0.0, 1.0],
                [1.0, 0.0, -0.0, -0.0, -0.0, 0.0, -1.0, 0.37472, -0.0, 1.0, 0.0, -0.0, 0.0, 0.0, 0.0, 1.0],
                [1.0, 0.0, -0.0, -0.0, -0.0, 0.0, -1.0, 0.37472, -0.0, 1.0, 0.0, -0.0, 0.0, 0.0, 0.0, 1.0],
                [1.0, 0.0, -0.0, -0.0, -0.0, 0.0, -1.0, 0.37472, -0.0, 1.0, 0.0, -0.0, 0.0, 0.0, 0.0, 1.0],
                [1.0, 0.0, -0.0, -0.0, -0.0, 0.0, -1.0, 0.37472, -0.0, 1.0, 0.0, -0.0, 0.0, 0.0, 0.0, 1.0],
                [1.0, 0.0, -0.0, -0.0, -0.0, 0.0, -1.0, 0.37472, -0.0, 1.0, 0.0, -0.0, 0.0, 0.0, 0.0, 1.0],
                [1.0, 0.0, -0.0, -0.0, -0.0, 0.0, -1.0, 0.37472, -0.0, 1.0, 0.0, -0.0, 0.0, 0.0, 0.0, 1.0],
                [1.0, 0.0, -0.0, -0.0, -0.0, 0.0, -1.0, 0.37472, -0.0, 1.0, 0.0, -0.0, 0.0, 0.0, 0.0, 1.0]
            ]
        },
        {
            "name": "Thigh_L",
            "time": [0.0167, 0.2833, 0.3667, 0.6167, 1.3667, 1.9167, 2.0167, 2.1, 2.1833, 2.3, 2.3667, 2.4667, 2.6, 2.7167, 2.9667, 3.05, 3.1167, 3.2167, 3.35, 3.4833, 3.9833],
            "transform": [
                [0.998743, 0.038073, 0.032607, -0.125006, 0.018037, -0.879852, 0.474905, -0.002831, 0.04677, -0.47372, -0.879433, -1.2e-05, 0.0, 0.0, 0.0, 1.0],
                [1.0, -0.0, -0.0, -0.125006, -0.0, -0.939692, -0.34202, -0.002831, -0.0, 0.34202, -0.939693, -1.2e-05, 0.0, 0.0, 0.0, 1.0],
                [1.0, -0.0, -0.0, -0.125006, -0.0, -0.939692, -0.34202, -0.002831, -0.0, 0.34202, -0.939693, -1.2e-05, 0.0, 0.0, 0.0, 1.0],
                [1.0, -0.0, -0.0, -0.125006, -0.0, -0.819152, 0.573577, -0.002831, -0.0, -0.573577, -0.819152, -1.2e-05, 0.0, 0.0, 0.0, 1.0],
                [1.0, -0.0, -0.0, -0.125006, -0.0, -0.819152, 0.573577, -0.002831, -0.0, -0.573577, -0.819152, -1.2e-05, 0.0, 0.0, 0.0, 1.0],
                [1.0, -0.0, -0.0, -0.125006, -0.0, -0.996194, -0.087155, -0.002831, -0.0, 0.087155, -0.996195, -1.2e-05, 0.0, 0.0, 0.0, 1.0],
                [1.0, -0.0, -0.0, -0.125006, -0.0, -0.996194, -0.087155, -0.002831, -0.0, 0.087155, -0.996195, -1.2e-05, 0.0, 0.0, 0.0, 1.0],
                [1.0, -0.0, -0.0, -0.125006, -0.0, -0.996194, -0.087155, -0.002831, -0.0, 0.087155, -0.996195, -1.2e-05, 0.0, 0.0, 0.0, 1.0],
                [1.0, -0.0, -0.0, -0.125006, -0.0, -0.996194, -0.087155, -0.002831, -0.0, 0.087155, -0.996195, -1.2e-05, 0.0, 0.0, 0.0, 1.0],
                [1.0, -0.0, -0.0, -0.125006, -0.0, -0.996194, -0.087155, -0.002831, -0.0, 0.087155, -0.996195, -1.2e-05, 0.0, 0.0, 0.0, 1.0],
                [1.0, -0.0, -0.0, -0.125006, -0.0, -0.996194, -0.087155, -0.002831, -0.0, 0.087155, -0.996195, -1.2e-05, 0.0, 0.0, 0.0, 1.0],
                [1.0, -0.0, -0.0, -0.125006, -0.0, -0.996194, -0.087155, -0.002831, -0.0, 0.087155, -0.996195, -1.2e-05, 0.0, 0.0, 0.0, 1.0],
                [1.0, -0.0, -0.0, -0.125006, -0.0, -0.996194, -0.087155, -0.002831, -0.0, 0.087155, -0.996195, -1.2e-05, 0.0, 0.0, 0.0, 1.0],
                [1.0, -0.0, -0.0, -0.125006, -0.0, -0.996194, -0.087155, -0.002831, -0.0, 0.087155, -0.996195, -1.2e-05, 0.0, 0.0, 0.0, 1.0],
                [1.0, -0.0, -0.0, -0.125006, -0.0, -0.996194, -0.087155, -0.002831, -0.0, 0.087155, -0.996195, -1.2e-05, 0.0, 0.0, 0.0, 1.0],
                [1.0, -0.0, -0.0, -0.125006, -0.0, -0.996194, -0.087155, -0.002831, -0.0, 0.087155, -0.996195, -1.2e-05, 0.0, 0.0, 0.0, 1.0],
                [1.0, -0.0, -0.0, -0.125006, -0.0, -0.996194, -0.087155, -0.002831, -0.0, 0.087155, -0.996195, -1.2e-05, 0.0, 0.0, 0.0, 1.0],
                [1.0, -0.0, -0.0, -0.125006, -0.0, -0.996194, -0.087155, -0.002831, -0.0, 0.087155, -0.996195, -1.2e-05, 0.0, 0.0, 0.0, 1.0],
                [1.0, -0.0, -0.0, -0.125006, -0.0, -0.996194, -0.087155, -0.002831, -0.0, 0.087155, -0.996195, -1.2e-05, 0.0, 0.0, 0.0, 1.0],
                [1.0, -0.0, -0.0, -0.125006, -0.0, -0.996194, -0.087155, -0.002831, -0.0, 0.087155, -0.996195, -1.2e-05, 0.0, 0.0, 0.0, 1.0],
                [1.0, -0.0, -0.0, -0.125006, -0.0, -0.906307, 0.422618, -0.002831, -0.0, -0.422619, -0.906308, -1.2e-05, 0.0, 0.0, 0.0, 1.0]
            ]
        },
        {
            "name": "Leg_L",
            "time": [0.0167, 0.3667, 0.6167, 1.3667, 1.9167, 2.0167, 2.1, 2.1833, 2.3, 2.3667, 2.4667, 2.6, 2.7167, 2.9667, 3.05, 3.1167, 3.2167, 3.35, 3.4833, 3.9833],
            "transform": [
                [1.0, 0.0, 1e-06, 0.0, -1e-06, 0.819152, 0.573577, 0.37472, -1e-06, -0.573577, 0.819152, 0.0, 0.0, 0.0, 0.0, 1.0],
                [1.0, 1e-06, 1e-06, 0.0, -1e-06, 0.939693, 0.34202, 0.37472, -1e-06, -0.34202, 0.939692, -0.0, 0.0, 0.0, 0.0, 1.0],
                [1.0, 0.0, 1e-06, -0.0, -1e-06, 0.866025, 0.5, 0.37472, -1e-06, -0.5, 0.866025, -0.0, 0.0, 0.0, 0.0, 1.0],
                [1.0, 0.0, 1e-06, -0.0, -1e-06, 0.866025, 0.5, 0.37472, -1e-06, -0.5, 0.866025, -0.0, 0.0, 0.0, 0.0, 1.0],
                [1.0, 1e-06, 1e-06, 0.0, -1e-06, 0.906308, 0.422619, 0.37472, -1e-06, -0.422619, 0.906308, -0.0, 0.0, 0.0, 0.0, 1.0],
                [1.0, 1e-06, 1e-06, 0.0, -1e-06, 0.906308, 0.422619, 0.37472, -1e-06, -0.422619, 0.906308, -0.0, 0.0, 0.0, 0.0, 1.0],
                [1.0, 1e-06, 1e-06, 0.0, -1e-06, 0.906308, 0.422619, 0.37472, -1e-06, -0.422619, 0.906308, -0.0, 0.0, 0.0, 0.0, 1.0],
                [1.0, 1e-06, 1e-06, 0.0, -1e-06, 0.906308, 0.422619, 0.37472, -1e-06, -0.422619, 0.906308, -0.0, 0.0, 0.0, 0.0, 1.0],
                [1.0, 1e-06, 1e-06, 0.0, -1e-06, 0.906308, 0.422619, 0.37472, -1e-06, -0.422619, 0.906308, -0.0, 0.0, 0.0, 0.0, 1.0],
                [1.0, 1e-06, 1e-06, 0.0, -1e-06, 0.906308, 0.422619, 0.37472, -1e-06, -0.422619, 0.906308, -0.0, 0.0, 0.0, 0.0, 1.0],
                [1.0, 1e-06, 1e-06, 0.0, -1e-06, 0.906308, 0.422619, 0.37472, -1e-06, -0.422619, 0.906308, -0.0, 0.0, 0.0, 0.0, 1.0],
                [1.0, 1e-06, 1e-06, 0.0, -1e-06, 0.906308, 0.422619, 0.37472, -1e-06, -0.422619, 0.906308, -0.0, 0.0, 0.0, 0.0, 1.0],
                [1.0, 1e-06, 1e-06, 0.0, -1e-06, 0.906308, 0.422619, 0.37472, -1e-06, -0.422619, 0.906308, -0.0, 0.0, 0.0, 0.0, 1.0],
                [1.0, 1e-06, 1e-06, 0.0, -1e-06, 0.906308, 0.422619, 0.37472, -1e-06, -0.422619, 0.906308, -0.0, 0.0, 0.0, 0.0, 1.0],
                [1.0, 1e-06, 1e-06, 0.0, -1e-06, 0.906308, 0.422619, 0.37472, -1e-06, -0.422619, 0.906308, -0.0, 0.0, 0.0, 0.0, 1.0],
                [1.0, 1e-06, 1e-06, 0.0, -1e-06, 0.906308, 0.422619, 0.37472, -1e-06, -0.422619, 0.906308, -0.0, 0.0, 0.0, 0.0, 1.0],
                [1.0, 1e-06, 1e-06, 0.0, -1e-06, 0.906308, 0.422619, 0.37472, -1e-06, -0.422619, 0.906308, -0.0, 0.0, 0.0, 0.0, 1.0],
                [1.0, 1e-06, 1e-06, 0.0, -1e-06, 0.906308, 0.422619, 0.37472, -1e-06, -0.422619, 0.906308, -0.0, 0.0, 0.0, 0.0, 1.0],
                [1.0, 1e-06, 1e-06, 0.0, -1e-06, 0.906308, 0.422619, 0.37472, -1e-06, -0.422619, 0.906308, -0.0, 0.0, 0.0, 0.0, 1.0],
                [1.0, 1e-06, 1e-06, 0.0, -1e-06, 0.939693, 0.34202, 0.37472, -1e-06, -0.34202, 0.939693, -0.0, 0.0, 0.0, 0.0, 1.0]
            ]
        },
        {
            "name": "Knee_L",
            "time": [0.0167, 0.3667, 1.3667, 2.0167, 2.1, 2.1833, 2.3, 2.3667, 2.4667, 2.6, 2.7167, 2.9667, 3.05, 3.1167, 3.2167, 3.35, 3.4833, 3.9833],
            "transform": [
                [1.0, 0.0, -0.0, 0.0, -0.0, 0.0, -1.0, 0.37472, -0.0, 1.0, 0.0, 0.0, 0.0, 0.0, 0.0, 1.0],
                [1.0, 0.0, -0.0, 0.0, -0.0, 0.0, -1.0, 0.37472, -0.0, 1.0, 0.0, -0.0, 0.0, 0.0, 0.0, 1.0],
                [1.0, 0.0, -0.0, -0.0, -0.0, 0.0, -1.0, 0.37472, -0.0, 1.0, 0.0, -0.0, 0.0, 0.0, 0.0, 1.0],
                [1.0, 0.0, -0.0, 0.0, -0.0, 0.0, -1.0, 0.37472, -0.0, 1.0, 0.0, -0.0, 0.0, 0.0, 0.0, 1.0],
                [1.0, 0.0, -0.0, 0.0, -0.0, 0.0, -1.0, 0.37472, -0.0, 1.0, 0.0, -0.0, 0.0, 0.0, 0.0, 1.0],
                [1.0, 0.0, -0.0, 0.0, -0.0, 0.0, -1.0, 0.37472, -0.0, 1.0, 0.0, -0.0, 0.0, 0.0, 0.0, 1.0],
                [1.0, 0.0, -0.0, 0.0, -0.0, 0.0, -1.0, 0.37472, -0.0, 1.0, 0.0, -0.0, 0.0, 0.0, 0.0, 1.0],
                [1.0, 0.0, -0.0, 0.0, -0.0, 0.0, -1.0, 0.37472, -0.0, 1.0, 0.0, -0.0, 0.0, 0.0, 0.0, 1.0],
                [1.0, 0.0, -0.0, 0.0, -0.0, 0.0, -1.0, 0.37472, -0.0, 1.0, 0.0, -0.0, 0.0, 0.0, 0.0, 1.0],
                [1.0, 0.0, -0.0, 0.0, -0.0, 0.0, -1.0, 0.37472, -0.0, 1.0, 0.0, -0.0, 0.0, 0.0, 0.0, 1.0],
                [1.0, 0.0, -0.0, 0.0, -0.0, 0.0, -1.0, 0.37472, -0.0, 1.0, 0.0, -0.0, 0.0, 0.0, 0.0, 1.0],
                [1.0, 0.0, -0.0, 0.0, -0.0, 0.0, -1.0, 0.37472, -0.0, 1.0, 0.0, -0.0, 0.0, 0.0, 0.0, 1.0],
                [1.0, 0.0, -0.0, 0.0, -0.0, 0.0, -1.0, 0.37472, -0.0, 1.0, 0.0, -0.0, 0.0, 0.0, 0.0, 1.0],
                [1.0, 0.0, -0.0, 0.0, -0.0, 0.0, -1.0, 0.37472, -0.0, 1.0, 0.0, -0.0, 0.0, 0.0, 0.0, 1.0],
                [1.0, 0.0, -0.0, 0.0, -0.0, 0.0, -1.0, 0.37472, -0.0, 1.0, 0.0, -0.0, 0.0, 0.0, 0.0, 1.0],
                [1.0, 0.0, -0.0, 0.0, -0.0, 0.0, -1.0, 0.37472, -0.0, 1.0, 0.0, -0.0, 0.0, 0.0, 0.0, 1.0],
                [1.0, 0.0, -0.0, 0.0, -0.0, 0.0, -1.0, 0.37472, -0.0, 1.0, 0.0, -0.0, 0.0, 0.0, 0.0, 1.0],
                [1.0, 0.0, -0.0, 0.0, -0.0, 0.0, -1.0, 0.37472, -0.0, 1.0, 0.0, -0.0, 0.0, 0.0, 0.0, 1.0]
            ]
        },
        {
            "name": "Torso",
            "time": [0.0167, 0.2833, 0.3667, 1.3667, 2.0167, 2.1, 2.1833, 2.3, 2.3667, 2.4667, 2.6, 2.7167, 2.9667, 3.05, 3.1167, 3.2167, 3.35, 3.4833, 3.9833],
            "transform": [
                [1.0, 0.0, 0.0, 0.0, 0.0, 0.988909, 0.148523, 0.05, 0.0, -0.148523, 0.988909, 0.0, 0.0, 0.0, 0.0, 1.0],
                [0.454223, 0.0, -0.890888, 0.0, -0.304702, 0.939693, -0.155353, 0.05, 0.837161, 0.34202, 0.42683, 0.0, 0.0, 0.0, 0.0, 1.0],
                [0.454223, 0.0, -0.890888, 0.0, -0.304702, 0.939693, -0.155353, 0.05, 0.837161, 0.34202, 0.42683, 0.0, 0.0, 0.0, 0.0, 1.0],
                [0.454223, 0.0, -0.890888, 0.0, -0.304702, 0.939693, -0.155353, 0.05, 0.837161, 0.34202, 0.42683, 0.0, 0.0, 0.0, 0.0, 1.0],
                [1.0, 0.0, 0.0, 0.0, 0.0, 0.987668, 0.156561, 0.05, 0.0, -0.156561, 0.987668, 0.0, 0.0, 0.0, 0.0, 1.0],
                [1.0, 0.0, 0.0, 0.0, 0.0, 0.984808, 0.173648, 0.05, 0.0, -0.173648, 0.984808, 0.0, 0.0, 0.0, 0.0, 1.0],
                [1.0, 0.0, 0.0, 0.0, 0.0, 0.984808, 0.173648, 0.05, 0.0, -0.173648, 0.984808, 0.0, 0.0, 0.0, 0.0, 1.0],
                [1.0, 0.0, 0.0, 0.0, 0.0, 0.984808, 0.173648, 0.05, 0.0, -0.173648, 0.984808, 0.0, 0.0, 0.0, 0.0, 1.0],
                [1.0, 0.0, 0.0, 0.0, 0.0, 0.984808, 0.173648, 0.05, 0.0, -0.173648, 0.984808, 0.0, 0.0, 0.0, 0.0, 1.0],
                [1.0, 0.0, 0.0, 0.0, 0.0, 0.984808, 0.173648, 0.05, 0.0, -0.173648, 0.984808, 0.0, 0.0, 0.0, 0.0, 1.0],
                [1.0, 0.0, 0.0, 0.0, 0.0, 0.984808, 0.173648, 0.05, 0.0, -0.173648, 0.984808, 0.0, 0.0, 0.0, 0.0, 1.0],
                [1.0, 0.0, 0.0, 0.0, 0.0, 0.984808, 0.173648, 0.05, 0.0, -0.173648, 0.984808, 0.0, 0.0, 0.0, 0.0, 1.0],
                [1.0, 0.0, 0.0, 0.0, 0.0, 0.984808, 0.173648, 0.05, 0.0, -0.173648, 0.984808, 0.0, 0.0, 0.0, 0.0, 1.0],
                [1.0, 0.0, 0.0, 0.0, 0.0, 0.984808, 0.173648, 0.05, 0.0, -0.173648, 0.984808, 0.0, 0.0, 0.0, 0.0, 1.0],
                [1.0, 0.0, 0.0, 0.0, 0.0, 0.984808, 0.173648, 0.05, 0.0, -0.173648, 0.984808, 0.0, 0.0, 0.0, 0.0, 1.0],
                [1.0, 0.0, 0.0, 0.0, 0.0, 0.984808, 0.173648, 0.05, 0.0, -0.173648, 0.984808, 0.0, 0.0, 0.0, 0.0, 1.0],
                [1.0, 0.0, 0.0, 0.0, 0.0, 0.984808, 0.173648, 0.05, 0.0, -0.173648, 0.984808, 0.0, 0.0, 0.0, 0.0, 1.0],
                [1.0, 0.0, 0.0, 0.0, 0.0, 0.984808, 0.173648, 0.05, 0.0, -0.173648, 0.984808, 0.0, 0.0, 0.0, 0.0, 1.0],
                [0.965926, -0.0, -0.258819, 0.0, -0.044943, 0.984808, -0.167731, 0.05, 0.254887, 0.173648, 0.951251, 0.0, 0.0, 0.0, 0.0, 1.0]
            ]
        },
        {
            "name": "Chest",
            "time": [0.0167, 0.2833, 0.3667, 0.7, 1.3667, 2.0167, 2.1, 2.1833, 2.3, 2.3667, 2.4667, 2.6, 2.7167, 2.9667, 3.05, 3.1167, 3.2167, 3.35, 3.4833, 3.9833],
            "transform": [
                [0.972408, 0.011327, -0.233013, 0.0, 0.001452, 0.998507, 0.054599, 0.3, 0.233283, -0.053431, 0.97094, 0.0, 0.0, 0.0, 0.0, 1.0],
                [0.896533, -0.225467, 0.381304, 0.0, 0.167675, 0.969455, 0.179002, 0.3, -0.410016, -0.096547, 0.906954, -0.0, 0.0, 0.0, 0.0, 1.0],
                [0.949126, -0.225467, 0.219829, 0.0, 0.196211, 0.969455, 0.147167, 0.3, -0.246296, -0.096547, 0.964374, -0.0, 0.0, 0.0, 0.0, 1.0],
                [-0.466707, 0.031891, 0.883837, -0.0, -0.10469, 0.990331, -0.091015, 0.3, -0.878194, -0.135007, -0.458856, -0.0, 0.0, 0.0, 0.0, 1.0],
                [-0.466707, 0.031891, 0.883837, -0.0, -0.10469, 0.990331, -0.091015, 0.3, -0.878194, -0.135007, -0.458856, -0.0, 0.0, 0.0, 0.0, 1.0],
                [0.981134, -0.0, 0.193329, -0.0, 0.033571, 0.984808, -0.170372, 0.3, -0.190392, 0.173648, 0.966228, -0.0, 0.0, 0.0, 0.0, 1.0],
                [0.981134, -0.0, 0.193329, 0.0, 0.033571, 0.984808, -0.170372, 0.3, -0.190392, 0.173648, 0.966228, 0.0, 0.0, 0.0, 0.0, 1.0],
                [0.981134, -0.0, 0.193329, 0.0, 0.033571, 0.984808, -0.170372, 0.3, -0.190392, 0.173648, 0.966228, 0.0, 0.0, 0.0, 0.0, 1.0],
                [0.981134, -0.0, 0.193329, 0.0, 0.033571, 0.984808, -0.170372, 0.3, -0.190392, 0.173648, 0.966228, 0.0, 0.0, 0.0, 0.0, 1.0],
                [0.981134, -0.0, 0.193329, 0.0, 0.033571, 0.984808, -0.170372, 0.3, -0.190392, 0.173648, 0.966228, 0.0, 0.0, 0.0, 0.0, 1.0],
                [0.981134, -0.0, 0.193329, 0.0, 0.033571, 0.984808, -0.170372, 0.3, -0.190392, 0.173648, 0.966228, 0.0, 0.0, 0.0, 0.0, 1.0],
                [0.981134, -0.0, 0.193329, 0.0, 0.033571, 0.984808, -0.170372, 0.3, -0.190392, 0.173648, 0.966228, 0.0, 0.0, 0.0, 0.0, 1.0],
                [0.981134, -0.0, 0.193329, 0.0, 0.033571, 0.984808, -0.170372, 0.3, -0.190392, 0.173648, 0.966228, 0.0, 0.0, 0.0, 0.0, 1.0],
                [0.981134, -0.0, 0.193329, 0.0, 0.033571, 0.984808, -0.170372, 0.3, -0.190392, 0.173648, 0.966228, 0.0, 0.0, 0.0, 0.0, 1.0],
                [0.981134, -0.0, 0.193329, 0.0, 0.033571, 0.984808, -0.170372, 0.3, -0.190392, 0.173648, 0.966228, 0.0, 0.0, 0.0, 0.0, 1.0],
                [0.981134, -0.0, 0.193329, 0.0, 0.033571, 0.984808, -0.170372, 0.3, -0.190392, 0.173648, 0.966228, 0.0, 0.0, 0.0, 0.0, 1.0],
                [0.981134, -0.0, 0.193329, 0.0, 0.033571, 0.984808, -0.170372, 0.3, -0.190392, 0.173648, 0.966228, 0.0, 0.0, 0.0, 0.0, 1.0],
                [0.981134, -0.0, 0.193329, 0.0, 0.033571, 0.984808, -0.170372, 0.3, -0.190392, 0.173648, 0.966228, 0.0, 0.0, 0.0, 0.0, 1.0],
                [0.981134, -0.0, 0.193329, 0.0, 0.033571, 0.984808, -0.170372, 0.3, -0.190392, 0.173648, 0.966228, 0.0, 0.0, 0.0, 0.0, 1.0],
                [0.98101, -0.072179, 0.180026, 0.0, 0.067653, 0.997222, 0.031163, 0.3, -0.181775, -0.018392, 0.983168, -0.0, 0.0, 0.0, 0.0, 1.0]
            ]
        },
        {
            "name": "Head",
            "time": [0.0167, 0.2833, 0.3667, 0.7, 1.3667, 2.0167, 2.1, 2.1833, 2.3, 2.3667, 2.4667, 2.6, 2.7167, 2.9667, 3.05, 3.1167, 3.2167, 3.35, 3.4833, 3.9833],
            "transform": [
                [0.971744, -0.00186, -0.236028, 0.0, -0.020247, 0.995626, -0.091207, 0.4, 0.235166, 0.093408, 0.967456, -0.0, 0.0, 0.0, 0.0, 1.0],
                [0.762873, -0.056978, 0.644033, 0.0, -0.070978, 0.982709, 0.171015, 0.4, -0.642641, -0.176175, 0.745638, 0.0, 0.0, 0.0, 0.0, 1.0],
                [0.703839, -0.056978, 0.708071, -0.0, -0.085613, 0.982709, 0.164178, 0.4, -0.705182, -0.176175, 0.68679, 0.0, 0.0, 0.0, 0.0, 1.0],
                [0.819534, 0.0429, -0.571422, -0.0, 0.146818, 0.948188, 0.281753, 0.4, 0.553903, -0.314801, 0.770774, -0.0, 0.0, 0.0, 0.0, 1.0],
                [0.819534, 0.0429, -0.571422, -0.0, 0.146818, 0.948188, 0.281753, 0.4, 0.553903, -0.314801, 0.770774, -0.0, 0.0, 0.0, 0.0, 1.0],
                [1.0, -0.0, -0.0, -0.0, 0.0, 0.996195, -0.087156, 0.4, -0.0, 0.087156, 0.996195, -0.0, 0.0, 0.0, 0.0, 1.0],
                [1.0, -0.0, -0.0, 0.0, 0.0, 0.996195, -0.087156, 0.4, -0.0, 0.087156, 0.996195, -0.0, 0.0, 0.0, 0.0, 1.0],
                [1.0, -0.0, -0.0, 0.0, 0.0, 0.996195, -0.087156, 0.4, -0.0, 0.087156, 0.996195, -0.0, 0.0, 0.0, 0.0, 1.0],
                [1.0, -0.0, -0.0, 0.0, 0.0, 0.996195, -0.087156, 0.4, -0.0, 0.087156, 0.996195, -0.0, 0.0, 0.0, 0.0, 1.0],
                [1.0, -0.0, -0.0, 0.0, 0.0, 0.996195, -0.087156, 0.4, -0.0, 0.087156, 0.996195, -0.0, 0.0, 0.0, 0.0, 1.0],
                [1.0, -0.0, -0.0, 0.0, 0.0, 0.996195, -0.087156, 0.4, -0.0, 0.087156, 0.996195, -0.0, 0.0, 0.0, 0.0, 1.0],
                [1.0, -0.0, -0.0, 0.0, 0.0, 0.996195, -0.087156, 0.4, -0.0, 0.087156, 0.996195, -0.0, 0.0, 0.0, 0.0, 1.0],
                [1.0, -0.0, -0.0, 0.0, 0.0, 0.996195, -0.087156, 0.4, -0.0, 0.087156, 0.996195, -0.0, 0.0, 0.0, 0.0, 1.0],
                [1.0, -0.0, -0.0, 0.0, 0.0, 0.996195, -0.087156, 0.4, -0.0, 0.087156, 0.996195, -0.0, 0.0, 0.0, 0.0, 1.0],
                [1.0, -0.0, -0.0, 0.0, 0.0, 0.996195, -0.087156, 0.4, -0.0, 0.087156, 0.996195, -0.0, 0.0, 0.0, 0.0, 1.0],
                [1.0, -0.0, -0.0, 0.0, 0.0, 0.996195, -0.087156, 0.4, -0.0, 0.087156, 0.996195, -0.0, 0.0, 0.0, 0.0, 1.0],
                [1.0, -0.0, -0.0, 0.0, 0.0, 0.996195, -0.087156, 0.4, -0.0, 0.087156, 0.996195, -0.0, 0.0, 0.0, 0.0, 1.0],
                [1.0, -0.0, -0.0, 0.0, 0.0, 0.996195, -0.087156, 0.4, -0.0, 0.087156, 0.996195, -0.0, 0.0, 0.0, 0.0, 1.0],
                [1.0, -0.0, -0.0, 0.0, 0.0, 0.996195, -0.087156, 0.4, -0.0, 0.087156, 0.996195, -0.0, 0.0, 0.0, 0.0, 1.0],
                [0.996703, 0.00672, -0.080863, -0.0, 0.005877, 0.987969, 0.154539, 0.4, 0.080929, -0.154504, 0.984672, -0.0, 0.0, 0.0, 0.0, 1.0]
            ]
        },
        {
            "name": "Shoulder_R",
            "time": [0.0167, 0.3667, 1.3667, 2.0167, 2.1, 2.1833, 2.3, 2.3667, 2.4667, 2.6, 2.7167, 2.9667, 3.05, 3.1167, 3.2167, 3.35, 3.4833, 3.9833],
            "transform": [
                [-0.517985, 0.798882, 0.305743, 0.0, 0.166335, -0.256537, 0.952114, 0.4, 0.839061, 0.544036, 0.0, -0.0, 0.0, 0.0, 0.0, 1.0],
                [0.371806, 0.848938, 0.375586, -0.0, -0.357504, -0.242441, 0.901894, 0.4, 0.85671, -0.469603, 0.213357, 0.0, 0.0, 0.0, 0.0, 1.0],
                [0.371806, 0.848938, 0.375586, -0.0, -0.357504, -0.242441, 0.901894, 0.4, 0.85671, -0.469603, 0.213357, -0.0, 0.0, 0.0, 0.0, 1.0],
                [-0.776974, 0.584353, -0.234183, -0.0, -0.400417, -0.171683, 0.900106, 0.4, 0.485774, 0.793131, 0.367378, -0.0, 0.0, 0.0, 0.0, 1.0],
                [-0.793986, 0.54611, -0.267114, 0.0, -0.420151, -0.175367, 0.890348, 0.4, 0.439385, 0.819152, 0.368688, -0.0, 0.0, 0.0, 0.0, 1.0],
                [-0.793986, 0.54611, -0.267114, 0.0, -0.420151, -0.175367, 0.890348, 0.4, 0.439385, 0.819152, 0.368688, -0.0, 0.0, 0.0, 0.0, 1.0],
                [-0.793986, 0.54611, -0.267114, 0.0, -0.420151, -0.175367, 0.890348, 0.4, 0.439385, 0.819152, 0.368688, -0.0, 0.0, 0.0, 0.0, 1.0],
                [-0.701463, 0.660991, -0.266533, 0.0, -0.442226, -0.110392, 0.890084, 0.4, 0.558915, 0.742229, 0.369743, -0.0, 0.0, 0.0, 0.0, 1.0],
                [-0.4888, 0.830497, -0.267114, 0.0, -0.4549, 0.018627, 0.890348, 0.4, 0.744407, 0.556712, 0.368688, -0.0, 0.0, 0.0, 0.0, 1.0],
                [-0.492286, 0.827464, -0.270106, 0.0, -0.453221, 0.021256, 0.891145, 0.4, 0.743131, 0.561116, 0.36456, -0.0, 0.0, 0.0, 0.0, 1.0],
                [-0.495334, 0.824788, -0.272707, 0.0, -0.451759, 0.023565, 0.891828, 0.4, 0.741996, 0.564951, 0.360933, -0.0, 0.0, 0.0, 0.0, 1.0],
                [-0.501851, 0.818985, -0.278225, 0.0, -0.448647, 0.028537, 0.893254, 0.4, 0.739501, 0.573105, 0.353113, -0.0, 0.0, 0.0, 0.0, 1.0],
                [-0.393895, 0.885603, -0.246075, 0.0, -0.390594, 0.081068, 0.916986, 0.4, 0.832035, 0.457312, 0.313979, -0.0, 0.0, 0.0, 0.0, 1.0],
                [-0.149974, 0.968336, -0.199583, 0.0, -0.251226, 0.157917, 0.95496, 0.4, 0.956239, 0.193359, 0.219587, -0.0, 0.0, 0.0, 0.0, 1.0],
                [-0.149974, 0.968336, -0.199583, 0.0, -0.251226, 0.157917, 0.95496, 0.4, 0.956239, 0.193359, 0.219587, -0.0, 0.0, 0.0, 0.0, 1.0],
                [-0.149974, 0.968336, -0.199583, 0.0, -0.251226, 0.157917, 0.95496, 0.4, 0.956239, 0.193359, 0.219587, -0.0, 0.0, 0.0, 0.0, 1.0],
                [-0.149974, 0.968336, -0.199583, 0.0, -0.251226, 0.157917, 0.95496, 0.4, 0.956239, 0.193359, 0.219587, -0.0, 0.0, 0.0, 0.0, 1.0],
                [0.35105, 0.894694, 0.276198, -0.0, -0.02119, -0.287305, 0.957605, 0.4, 0.936117, -0.34202, -0.0819, -0.0, 0.0, 0.0, 0.0, 1.0]
            ]
        },
        {
            "name": "Arm_R",
            "time": [0.0167, 0.3667, 0.4333, 0.5, 0.5833, 0.7, 1.1167, 1.3667, 1.9333, 2.0167, 2.1, 2.1833, 2.3, 2.3667, 2.4667, 2.6, 2.7167, 2.9667, 3.05, 3.1167, 3.2167, 3.35, 3.4833, 3.9833],
            "transform": [
                [0.090534, -0.42118, -0.902447, 0.0, 0.30734, 0.873754, -0.376956, 0.393861, 0.947283, -0.243231, 0.20855, 0.0, 0.0, 0.0, 0.0, 1.0],
                [-0.132822, 0.987777, -0.081572, 0.0, -0.034732, 0.077612, 0.996379, 0.393861, 0.990531, 0.135174, 0.023999, 0.0, 0.0, 0.0, 0.0, 1.0],
