{
    "armature": {
        "joints": ["Root", "Thigh_R", "Leg_R", "Knee_R", "Thigh_L", "Leg_L", "Knee_L", "Torso", "Chest", "Head", "Shoulder_R", "Arm_R", "Hand_R", "Tool_R", "Elbow_R", "Shoulder_L", "Arm_L", "Hand_L", "Tool_L", "Elbow_L"],
        "hierarchy": [
            {
                "name": "Root",
                "transform": [1.0, 0.0, 0.0, -5e-06, 0.0, 0.0, -1.0, 0.000946, 0.0, 1.0, 0.0, 0.763972, 0.0, 0.0, 0.0, 1.0],
                "children": [
                    {
                        "name": "Thigh_R",
                        "transform": [1.0, -0.0, -0.0, 0.124994, -0.0, -1.0, 0.0, -0.002831, -0.0, -0.0, -1.0, -1.2e-05, 0.0, 0.0, 0.0, 1.0],
                        "children": [
                            {
                                "name": "Leg_R",
                                "transform": [1.0, 0.0, 1e-06, 0.0, -0.0, 1.0, 0.0, 0.37472, -1e-06, -0.0, 1.0, -0.0, 0.0, 0.0, 0.0, 1.0],
                                "children": []
                            },
                            {
                                "name": "Knee_R",
                                "transform": [1.0, 0.0, -0.0, 0.0, -0.0, 0.0, -1.0, 0.37472, -0.0, 1.0, 0.0, -0.0, 0.0, 0.0, 0.0, 1.0],
                                "children": []
                            }
                        ]
                    },
                    {
                        "name": "Thigh_L",
                        "transform": [1.0, -0.0, -0.0, -0.125006, -0.0, -1.0, 0.0, -0.002831, -0.0, -0.0, -1.0, -1.2e-05, 0.0, 0.0, 0.0, 1.0],
                        "children": [
                            {
                                "name": "Leg_L",
                                "transform": [1.0, 0.0, 1e-06, -0.0, -0.0, 1.0, 0.0, 0.37472, -1e-06, -0.0, 1.0, 0.0, 0.0, 0.0, 0.0, 1.0],
                                "children": []
                            },
                            {
                                "name": "Knee_L",
                                "transform": [1.0, 0.0, -0.0, -0.0, -0.0, 0.0, -1.0, 0.37472, -0.0, 1.0, 0.0, 0.0, 0.0, 0.0, 0.0, 1.0],
                                "children": []
                            }
                        ]
                    },
                    {
                        "name": "Torso",
                        "transform": [1.0, 0.0, 0.0, 0.0, 0.0, 1.0, 0.0, 0.05, 0.0, 0.0, 1.0, 0.0, 0.0, 0.0, 0.0, 1.0],
                        "children": [
                            {
                                "name": "Chest",
                                "transform": [1.0, 0.0, 0.0, 0.0, 0.0, 1.0, 0.0, 0.3, 0.0, 0.0, 1.0, 0.0, 0.0, 0.0, 0.0, 1.0],
                                "children": [
                                    {
                                        "name": "Head",
                                        "transform": [1.0, 0.0, 0.0, 0.0, 0.0, 1.0, 0.0, 0.4, 0.0, 0.0, 1.0, 0.0, 0.0, 0.0, 0.0, 1.0],
                                        "children": []
                                    },
                                    {
                                        "name": "Shoulder_R",
                                        "transform": [0.0, 0.952114, 0.305743, 0.0, 0.0, -0.305743, 0.952114, 0.4, 1.0, 0.0, -0.0, 0.0, 0.0, 0.0, 0.0, 1.0],
                                        "children": [
                                            {
                                                "name": "Arm_R",
                                                "transform": [0.0, -0.0, -1.0, -0.0, 0.952114, 0.305743, 0.0, 0.39386, 0.305743, -0.952114, 0.0, 0.0, 0.0, 0.0, 0.0, 1.0],
                                                "children": [
                                                    {
                                                        "name": "Hand_R",
                                                        "transform": [1.0, 0.0, 0.0, 0.0, -0.0, 0.993938, 0.109947, 0.3, -0.0, -0.109947, 0.993937, 0.0, 0.0, 0.0, 0.0, 1.0],
                                                        "children": [
                                                            {
                                                                "name": "Tool_R",
                                                                "transform": [1.0, 0.0, 0.0, -0.0, 0.0, -0.999836, 0.018122, 0.272858, 0.0, -0.018122, -0.999836, 0.0, 0.0, 0.0, 0.0, 1.0],
                                                                "children": []
                                                            }
                                                        ]
                                                    },
                                                    {
                                                        "name": "Elbow_R",
                                                        "transform": [-1.0, 0.0, -0.0, 0.0, 0.0, 0.0, -1.0, 0.3, -0.0, -1.0, -0.0, 0.0, 0.0, 0.0, 0.0, 1.0],
                                                        "children": []
                                                    }
                                                ]
                                            }
                                        ]
                                    },
                                    {
                                        "name": "Shoulder_L",
                                        "transform": [-0.0, -0.952114, -0.305743, 0.0, 0.0, -0.305743, 0.952114, 0.4, -1.0, 0.0, 0.0, 0.0, 0.0, 0.0, 0.0, 1.0],
                                        "children": [
                                            {
                                                "name": "Arm_L",
                                                "transform": [-0.0, -0.0, 1.0, -0.0, -0.952114, 0.305743, -0.0, 0.39386, -0.305743, -0.952114, -0.0, 0.0, 0.0, 0.0, 0.0, 1.0],
                                                "children": [
                                                    {
                                                        "name": "Hand_L",
                                                        "transform": [1.0, -0.0, 0.0, -0.0, 0.0, 0.993937, 0.109947, 0.3, -0.0, -0.109947, 0.993937, 0.0, 0.0, 0.0, 0.0, 1.0],
                                                        "children": [
                                                            {
                                                                "name": "Tool_L",
                                                                "transform": [1.0, 0.0, 0.0, -0.0, -0.0, -0.999836, 0.018122, 0.272858, 0.0, -0.018122, -0.999836, -0.0, 0.0, 0.0, 0.0, 1.0],
                                                                "children": []
                                                            }
                                                        ]
                                                    },
                                                    {
                                                        "name": "Elbow_L",
                                                        "transform": [-1.0, 0.0, -0.0, -0.0, 0.0, -0.0, -1.0, 0.3, -0.0, -1.0, 0.0, 0.0, 0.0, 0.0, 0.0, 1.0],
                                                        "children": []
                                                    }
                                                ]
                                            }
                                        ]
                                    }
                                ]
                            }
                        ]
                    }
                ]
            }
        ]
    },
    "animation": [
        {
            "name": "Root",
            "time": [0.0, 0.3167, 0.5667, 0.7833, 1.0833, 1.1667, 1.8, 3.1333],
            "transform": [
                [1.0, 0.0, 0.0, -5e-06, 0.0, 0.0, -1.0, 0.000946, 0.0, 1.0, 0.0, 0.593581, 0.0, 0.0, 0.0, 1.0],
                [1.0, 0.0, 0.0, -5e-06, 0.0, 0.0, -1.0, -0.58566, 0.0, 1.0, 0.0, 0.593581, 0.0, 0.0, 0.0, 1.0],
                [1.0, 0.0, 0.0, -5e-06, 0.0, 0.0, -1.0, -0.58566, 0.0, 1.0, 0.0, 0.593581, 0.0, 0.0, 0.0, 1.0],
                [1.0, 0.0, 0.0, -5e-06, 0.0, 0.0, -1.0, 0.59924, 0.0, 1.0, 0.0, 0.593581, 0.0, 0.0, 0.0, 1.0],
                [1.0, 0.0, 0.0, -5e-06, 0.0, 0.0, -1.0, 0.59924, 0.0, 1.0, 0.0, 0.593581, 0.0, 0.0, 0.0, 1.0],
                [1.0, 0.0, 0.0, -5e-06, 0.0, 0.0, -1.0, 1.203311, 0.0, 1.0, 0.0, 0.593581, 0.0, 0.0, 0.0, 1.0],
                [1.0, 0.0, 0.0, -5e-06, 0.0, 0.0, -1.0, 1.203311, 0.0, 1.0, 0.0, 0.593581, 0.0, 0.0, 0.0, 1.0],
                [1.0, 0.0, 0.0, -5e-06, 0.0, 0.0, -1.0, 1.203311, 0.0, 1.0, 0.0, 0.593581, 0.0, 0.0, 0.0, 1.0]
            ]
        },
        {
            "name": "Thigh_R",
            "time": [0.0, 0.3, 0.5667, 0.7833, 1.0833, 1.1667, 1.8, 2.6667, 3.1333],
            "transform": [
                [0.998915, 0.042282, -0.019539, 0.124994, 0.041875, -0.631521, 0.774227, -0.002831, 0.020396, -0.774205, -0.632607, -1.2e-05, 0.0, 0.0, 0.0, 1.0],
                [0.998915, 0.038494, 0.026225, 0.124994, 0.041875, -0.98873, -0.143734, -0.002831, 0.020396, 0.144676, -0.989269, -1.2e-05, 0.0, 0.0, 0.0, 1.0],
                [0.998915, 0.03307, 0.032801, 0.124994, 0.041875, -0.945975, -0.321523, -0.002831, 0.020396, 0.322548, -0.946333, -1.2e-05, 0.0, 0.0, 0.0, 1.0],
                [0.998915, 0.043692, -0.016142, 0.124994, 0.041875, -0.690653, 0.721972, -0.002831, 0.020396, -0.721865, -0.691734, -1.2e-05, 0.0, 0.0, 0.0, 1.0],
                [0.998915, 0.043692, -0.016142, 0.124994, 0.041875, -0.690653, 0.721972, -0.002831, 0.020396, -0.721865, -0.691734, -1.2e-05, 0.0, 0.0, 0.0, 1.0],
                [0.998915, 0.023483, 0.040225, 0.124994, 0.041875, -0.830934, -0.554792, -0.002831, 0.020396, 0.555874, -0.831016, -1.2e-05, 0.0, 0.0, 0.0, 1.0],
                [0.998915, 0.023483, 0.040225, 0.124994, 0.041875, -0.830934, -0.554792, -0.002831, 0.020396, 0.555874, -0.831016, -1.2e-05, 0.0, 0.0, 0.0, 1.0],
                [0.998915, 0.042282, -0.019539, 0.124994, 0.038601, -0.986241, -0.16074, -0.002831, -0.026067, 0.159811, -0.986803, -1.2e-05, 0.0, 0.0, 0.0, 1.0],
                [0.998915, 0.042282, -0.019539, 0.124994, 0.038601, -0.986241, -0.16074, -0.002831, -0.026067, 0.159811, -0.986803, -1.2e-05, 0.0, 0.0, 0.0, 1.0]
            ]
        },
        {
            "name": "Leg_R",
            "time": [0.0, 0.5667, 1.0833, 1.8, 2.6667, 3.1333],
            "transform": [
                [0.999926, 0.00373, -0.011572, 0.0, 0.006495, 0.640661, 0.767797, 0.37472, 0.010278, -0.767815, 0.640589, -0.0, 0.0, 0.0, 0.0, 1.0],
                [0.999926, -0.002132, -0.01197, 0.0, 0.006495, 0.92591, 0.377688, 0.37472, 0.010278, -0.377738, 0.925856, -0.0, 0.0, 0.0, 0.0, 1.0],
                [0.999926, -0.002132, -0.01197, 0.0, 0.006495, 0.92591, 0.377688, 0.37472, 0.010278, -0.377738, 0.925855, -0.0, 0.0, 0.0, 0.0, 1.0],
                [0.999926, -0.002132, -0.01197, -0.0, 0.006495, 0.92591, 0.377688, 0.37472, 0.010278, -0.377738, 0.925855, -0.0, 0.0, 0.0, 0.0, 1.0],
                [1.0, 1e-06, 1e-06, -0.0, -1e-06, 0.999995, 0.00307, 0.37472, -1e-06, -0.00307, 0.999995, 0.0, 0.0, 0.0, 0.0, 1.0],
                [1.0, 1e-06, 1e-06, -0.0, -1e-06, 0.999995, 0.00307, 0.37472, -1e-06, -0.00307, 0.999995, 0.0, 0.0, 0.0, 0.0, 1.0]
            ]
        },
        {
            "name": "Knee_R",
            "time": [0.0, 0.5667, 1.0833, 1.8, 2.6667, 3.1333],
            "transform": [
                [1.0, 0.0, -0.0, 0.0, -0.0, 0.0, -1.0, 0.37472, -0.0, 1.0, 0.0, -0.0, 0.0, 0.0, 0.0, 1.0],
                [1.0, 0.0, -0.0, 0.0, -0.0, 0.0, -1.0, 0.37472, -0.0, 1.0, 0.0, -0.0, 0.0, 0.0, 0.0, 1.0],
                [1.0, 0.0, -0.0, 0.0, -0.0, 0.0, -1.0, 0.37472, -0.0, 1.0, 0.0, -0.0, 0.0, 0.0, 0.0, 1.0],
                [1.0, 0.0, -0.0, -0.0, -0.0, 0.0, -1.0, 0.37472, -0.0, 1.0, 0.0, -0.0, 0.0, 0.0, 0.0, 1.0],
                [1.0, 0.0, -0.0, -0.0, -0.0, 0.0, -1.0, 0.37472, -0.0, 1.0, 0.0, 0.0, 0.0, 0.0, 0.0, 1.0],
                [1.0, 0.0, -0.0, -0.0, -0.0, 0.0, -1.0, 0.37472, -0.0, 1.0, 0.0, 0.0, 0.0, 0.0, 0.0, 1.0]
            ]
        },
        {
            "name": "Thigh_L",
            "time": [0.0, 0.3, 0.5667, 0.7833, 1.0833, 1.1667, 1.8, 2.6667, 3.1333],
            "transform": [
                [0.998411, 0.002827, 0.056288, -0.125006, 0.017627, -0.964301, -0.26422, -0.002831, 0.053532, 0.264793, -0.962818, -1.2e-05, 0.0, 0.0, 0.0, 1.0],
                [0.998411, 0.049079, 0.027706, -0.125006, 0.017627, -0.738859, 0.673629, -0.002831, 0.053532, -0.67207, -0.73855, -1.2e-05, 0.0, 0.0, 0.0, 1.0],
                [0.998411, 0.052434, 0.020664, -0.125006, 0.017627, -0.638766, 0.769199, -0.002831, 0.053532, -0.767612, -0.638675, -1.2e-05, 0.0, 0.0, 0.0, 1.0],
                [0.998411, -0.007044, 0.055918, -0.125006, 0.017626, -0.903364, -0.428513, -0.002831, 0.053532, 0.428817, -0.901804, -1.2e-05, 0.0, 0.0, 0.0, 1.0],
                [0.998411, -0.007044, 0.055918, -0.125006, 0.017626, -0.903364, -0.428513, -0.002831, 0.053532, 0.428817, -0.901804, -1.2e-05, 0.0, 0.0, 0.0, 1.0],
                [0.998411, 0.052302, 0.020998, -0.125006, 0.017626, -0.643659, 0.765109, -0.002831, 0.053532, -0.763523, -0.643558, -1.2e-05, 0.0, 0.0, 0.0, 1.0],
                [0.998411, 0.052302, 0.020998, -0.125006, 0.017626, -0.643659, 0.765109, -0.002831, 0.053532, -0.763523, -0.643558, -1.2e-05, 0.0, 0.0, 0.0, 1.0],
                [1.0, -0.0, -0.0, -0.125006, -0.0, -0.906307, 0.422618, -0.002831, -0.0, -0.422619, -0.906308, -1.2e-05, 0.0, 0.0, 0.0, 1.0],
                [1.0, -0.0, -0.0, -0.125006, -0.0, -0.906307, 0.422618, -0.002831, -0.0, -0.422619, -0.906308, -1.2e-05, 0.0, 0.0, 0.0, 1.0]
            ]
        },
        {
            "name": "Leg_L",
            "time": [0.0, 0.5667, 1.0833, 1.1667, 1.8, 2.6667, 3.1333],
            "transform": [
                [1.0, 0.0, 1e-06, 0.0, -1e-06, 0.819152, 0.573577, 0.37472, -1e-06, -0.573577, 0.819152, 0.0, 0.0, 0.0, 0.0, 1.0],
                [1.0, 0.0, 1e-06, -0.0, -1e-06, 0.819152, 0.573577, 0.37472, -1e-06, -0.573577, 0.819152, -0.0, 0.0, 0.0, 0.0, 1.0],
                [1.0, 0.0, 1e-06, -0.0, -1e-06, 0.819152, 0.573577, 0.37472, -1e-06, -0.573577, 0.819152, 0.0, 0.0, 0.0, 0.0, 1.0],
                [1.0, 0.0, 1e-06, -0.0, -1e-06, 0.707107, 0.707107, 0.37472, -1e-06, -0.707107, 0.707107, 0.0, 0.0, 0.0, 0.0, 1.0],
                [1.0, 0.0, 1e-06, -0.0, -1e-06, 0.707107, 0.707107, 0.37472, -1e-06, -0.707107, 0.707107, 0.0, 0.0, 0.0, 0.0, 1.0],
                [1.0, 1e-06, 1e-06, 0.0, -1e-06, 0.939693, 0.34202, 0.37472, -1e-06, -0.34202, 0.939693, 0.0, 0.0, 0.0, 0.0, 1.0],
                [1.0, 1e-06, 1e-06, 0.0, -1e-06, 0.939693, 0.34202, 0.37472, -1e-06, -0.34202, 0.939693, 0.0, 0.0, 0.0, 0.0, 1.0]
            ]
        },
        {
            "name": "Knee_L",
            "time": [0.0, 0.5667, 1.0833, 1.8, 2.6667, 3.1333],
            "transform": [
                [1.0, 0.0, -0.0, 0.0, -0.0, 0.0, -1.0, 0.37472, -0.0, 1.0, 0.0, 0.0, 0.0, 0.0, 0.0, 1.0],
                [1.0, 0.0, -0.0, -0.0, -0.0, 0.0, -1.0, 0.37472, -0.0, 1.0, 0.0, -0.0, 0.0, 0.0, 0.0, 1.0],
                [1.0, 0.0, -0.0, -0.0, -0.0, 0.0, -1.0, 0.37472, -0.0, 1.0, 0.0, 0.0, 0.0, 0.0, 0.0, 1.0],
                [1.0, 0.0, -0.0, -0.0, -0.0, 0.0, -1.0, 0.37472, -0.0, 1.0, 0.0, 0.0, 0.0, 0.0, 0.0, 1.0],
                [1.0, 0.0, -0.0, 0.0, -0.0, 0.0, -1.0, 0.37472, -0.0, 1.0, 0.0, 0.0, 0.0, 0.0, 0.0, 1.0],
                [1.0, 0.0, -0.0, 0.0, -0.0, 0.0, -1.0, 0.37472, -0.0, 1.0, 0.0, 0.0, 0.0, 0.0, 0.0, 1.0]
            ]
        },
        {
            "name": "Torso",
            "time": [0.0, 0.5667, 0.7833, 1.0833, 1.25, 1.8, 2.6667, 3.1333],
            "transform": [
                [0.592475, 0.0, 0.805589, 0.0, 0.0, 1.0, 0.0, 0.05, -0.805589, 0.0, 0.592475, 0.0, 0.0, 0.0, 0.0, 1.0],
                [0.592475, 0.0, 0.805589, 0.0, 0.139889, 0.984808, -0.102882, 0.05, -0.79335, 0.173648, 0.583474, 0.0, 0.0, 0.0, 0.0, 1.0],
                [0.999658, 0.0, -0.026141, 0.0, -0.004539, 0.984808, -0.173589, 0.05, 0.025744, 0.173648, 0.984471, 0.0, 0.0, 0.0, 0.0, 1.0],
                [0.999658, 0.0, -0.026141, 0.0, -0.004539, 0.984808, -0.173589, 0.05, 0.025744, 0.173648, 0.984471, 0.0, 0.0, 0.0, 0.0, 1.0],
                [0.751278, 0.0, 0.659986, 0.0, 0.114605, 0.984808, -0.130458, 0.05, -0.649959, 0.173648, 0.739865, 0.0, 0.0, 0.0, 0.0, 1.0],
                [0.751278, 0.0, 0.659986, 0.0, 0.114605, 0.984808, -0.130458, 0.05, -0.649959, 0.173648, 0.739865, 0.0, 0.0, 0.0, 0.0, 1.0],
                [1.0, 0.0, 0.0, 0.0, 0.0, 0.984808, -0.173648, 0.05, 0.0, 0.173648, 0.984808, 0.0, 0.0, 0.0, 0.0, 1.0],
                [1.0, 0.0, 0.0, 0.0, 0.0, 0.984808, -0.173648, 0.05, 0.0, 0.173648, 0.984808, 0.0, 0.0, 0.0, 0.0, 1.0]
            ]
        },
        {
            "name": "Chest",
            "time": [0.0, 0.5667, 0.7833, 0.9833, 1.0833, 1.25, 1.6667, 1.8, 2.3333, 2.6667, 3.1333],
            "transform": [
                [0.837312, 0.0, 0.546726, -0.0, 0.0, 1.0, 0.0, 0.3, -0.546726, 0.0, 0.837312, -0.0, 0.0, 0.0, 0.0, 1.0],
                [0.825092, 0.139889, 0.547407, 0.0, -0.173379, 0.984808, 0.009663, 0.3, -0.537739, -0.102882, 0.836811, 0.0, 0.0, 0.0, 0.0, 1.0],
                [0.803645, 0.139889, -0.578434, 0.0, -0.052225, 0.984808, 0.165609, 0.3, 0.592813, -0.102882, 0.798741, 0.0, 0.0, 0.0, 0.0, 1.0],
                [0.723729, 0.139889, -0.675757, 0.0, -0.030783, 0.984808, 0.170898, 0.3, 0.689398, -0.102882, 0.71704, 0.0, 0.0, 0.0, 0.0, 1.0],
                [0.723729, 0.139889, -0.675757, 0.0, -0.030783, 0.984808, 0.170898, 0.3, 0.689398, -0.102882, 0.71704, 0.0, 0.0, 0.0, 0.0, 1.0],
                [0.861502, 0.139889, 0.488103, 0.0, -0.172272, 0.984808, 0.021817, 0.3, -0.477636, -0.102882, 0.872513, 0.0, 0.0, 0.0, 0.0, 1.0],
                [0.76498, 0.139889, 0.628679, 0.0, -0.173461, 0.984808, -0.008064, 0.3, -0.620256, -0.102882, 0.777623, 0.0, 0.0, 0.0, 0.0, 1.0],
                [0.76498, 0.139889, 0.628679, 0.0, -0.173461, 0.984808, -0.008064, 0.3, -0.620256, -0.102882, 0.777623, 0.0, 0.0, 0.0, 0.0, 1.0],
                [0.888453, 0.139889, -0.437129, 0.0, -0.078969, 0.984808, 0.154653, 0.3, 0.452123, -0.102882, 0.886002, 0.0, 0.0, 0.0, 0.0, 1.0],
                [1.0, 0.0, 0.0, 0.0, 0.0, 0.984808, 0.173648, 0.3, 0.0, -0.173648, 0.984808, 0.0, 0.0, 0.0, 0.0, 1.0],
                [1.0, 0.0, 0.0, 0.0, 0.0, 0.984808, 0.173648, 0.3, 0.0, -0.173648, 0.984808, 0.0, 0.0, 0.0, 0.0, 1.0]
            ]
        },
        {
            "name": "Head",
            "time": [0.0, 0.3167, 0.5667, 0.7833, 1.0833, 1.25, 1.8, 2.4833, 2.6667, 2.7667, 3.1333],
            "transform": [
                [0.057236, 0.351414, -0.934469, -0.0, -0.02794, 0.936201, 0.350353, 0.4, 0.99797, 0.006056, 0.063403, 0.0, 0.0, 0.0, 0.0, 1.0],
                [0.057236, 0.010613, -0.998304, -0.0, -0.02794, 0.999569, 0.009025, 0.4, 0.99797, 0.027376, 0.057508, 0.0, 0.0, 0.0, 0.0, 1.0],
                [0.057236, 0.010613, -0.998304, -0.0, -0.02794, 0.999569, 0.009025, 0.4, 0.99797, 0.027376, 0.057508, 0.0, 0.0, 0.0, 0.0, 1.0],
                [0.782872, -0.057838, 0.619489, 0.0, 0.095718, 0.995013, -0.028064, 0.4, -0.614776, 0.081267, 0.784504, 0.0, 0.0, 0.0, 0.0, 1.0],
                [0.725901, -0.057838, 0.685363, 0.0, 0.0978, 0.995013, -0.019615, 0.4, -0.680811, 0.081267, 0.727937, -0.0, 0.0, 0.0, 0.0, 1.0],
                [0.786115, -0.052823, -0.615819, -0.0, 0.052141, 0.998457, -0.019085, 0.4, 0.615877, -0.017106, 0.787657, -0.0, 0.0, 0.0, 0.0, 1.0],
                [0.786115, -0.052823, -0.615819, 0.0, 0.052141, 0.998457, -0.019085, 0.4, 0.615877, -0.017106, 0.787657, -0.0, 0.0, 0.0, 0.0, 1.0],
                [1.0, 0.0, 0.0, -0.0, -0.0, 0.996195, -0.087156, 0.4, 0.0, 0.087156, 0.996195, 0.0, 0.0, 0.0, 0.0, 1.0],
                [1.0, 0.0, 0.0, -0.0, 0.0, 0.996195, -0.087156, 0.4, 0.0, 0.087156, 0.996195, -0.0, 0.0, 0.0, 0.0, 1.0],
                [1.0, 0.0, 0.0, -0.0, 0.0, 0.996195, -0.087156, 0.4, 0.0, 0.087156, 0.996195, -0.0, 0.0, 0.0, 0.0, 1.0],
                [0.975988, -0.024137, 0.216484, -0.0, 0.02291, 0.999704, 0.008173, 0.4, -0.216617, -0.003017, 0.976252, -0.0, 0.0, 0.0, 0.0, 1.0]
            ]
        },
        {
            "name": "Shoulder_R",
            "time": [0.0, 0.5667, 1.0833, 1.25, 1.8, 2.6667, 3.1333],
            "transform": [
                [0.0, 0.952114, 0.305743, -0.0, 0.0, -0.305743, 0.952114, 0.4, 1.0, 0.0, -0.0, 0.0, 0.0, 0.0, 0.0, 1.0],
                [0.0, 0.952114, 0.305743, -0.0, 0.0, -0.305743, 0.952114, 0.4, 1.0, 0.0, -0.0, 0.0, 0.0, 0.0, 0.0, 1.0],
                [0.0, 0.952114, 0.305743, 0.0, 0.0, -0.305743, 0.952114, 0.4, 1.0, 0.0, 0.0, -0.0, 0.0, 0.0, 0.0, 1.0],
                [0.520437, 0.797287, 0.305743, -0.0, -0.167123, -0.256025, 0.952114, 0.4, 0.837386, -0.546612, 0.0, -0.0, 0.0, 0.0, 0.0, 1.0],
                [0.520437, 0.797287, 0.305743, 0.0, -0.167123, -0.256025, 0.952114, 0.4, 0.837386, -0.546612, 0.0, -0.0, 0.0, 0.0, 0.0, 1.0],
                [0.0, 0.952114, 0.305743, -0.0, 0.0, -0.305743, 0.952114, 0.4, 1.0, -0.0, -0.0, -0.0, 0.0, 0.0, 0.0, 1.0],
                [0.0, 0.952114, 0.305743, -0.0, 0.0, -0.305743, 0.952114, 0.4, 1.0, -0.0, -0.0, -0.0, 0.0, 0.0, 0.0, 1.0]
            ]
        },
        {
            "name": "Arm_R",
            "time": [0.0, 0.5667, 0.7833, 1.0833, 1.25, 1.6667, 1.8, 2.6667, 3.1333],
            "transform": [
                [0.126996, -0.88909, 0.439763, 0.0, -0.173433, -0.456426, -0.872695, 0.393861, 0.976624, 0.034559, -0.212162, 0.0, 0.0, 0.0, 0.0, 1.0],
                [0.126996, -0.88909, 0.439763, 0.0, -0.173433, -0.456426, -0.872695, 0.393861, 0.976624, 0.034559, -0.212162, -0.0, 0.0, 0.0, 0.0, 1.0],
                [0.200101, 0.491899, -0.847346, 0.0, -0.135086, 0.870429, 0.473398, 0.393861, 0.970418, 0.019737, 0.240622, -0.0, 0.0, 0.0, 0.0, 1.0],
                [0.200101, 0.491899, -0.847346, 0.0, -0.135086, 0.870429, 0.473398, 0.39386, 0.970418, 0.019737, 0.240622, 0.0, 0.0, 0.0, 0.0, 1.0],
                [-0.340286, 0.915824, -0.213242, 0.0, -0.199804, 0.151175, 0.968104, 0.39386, 0.918849, 0.372039, 0.131543, -0.0, 0.0, 0.0, 0.0, 1.0],
                [-0.340286, 0.936742, -0.081979, 0.0, -0.199804, 0.013161, 0.979747, 0.39386, 0.918849, 0.349774, 0.182686, 0.0, 0.0, 0.0, 0.0, 1.0],
                [-0.340286, 0.936742, -0.081979, 0.0, -0.199804, 0.013161, 0.979747, 0.39386, 0.918849, 0.349774, 0.182686, 0.0, 0.0, 0.0, 0.0, 1.0],
                [-0.411808, 0.185166, -0.89226, 0.0, 0.901701, 0.224323, -0.369613, 0.393861, 0.131715, -0.956762, -0.259342, 0.0, 0.0, 0.0, 0.0, 1.0],
                [-0.411808, 0.185166, -0.89226, 0.0, 0.901701, 0.224323, -0.369613, 0.393861, 0.131715, -0.956762, -0.259342, 0.0, 0.0, 0.0, 0.0, 1.0]
            ]
        },
        {
            "name": "Hand_R",
            "time": [0.0, 0.3167, 0.4333, 0.5667, 0.7833, 1.0833, 1.1667, 1.25, 1.8, 2.0833, 2.3, 2.6667, 3.1333],
            "transform": [
                [-0.924254, 0.265242, 0.274593, -0.0, 0.354989, 0.861745, 0.362463, 0.3, -0.140489, 0.432485, -0.890629, 0.0, 0.0, 0.0, 0.0, 1.0],
                [0.835932, 0.265242, -0.480483, -0.0, -0.429057, 0.861744, -0.270753, 0.3, 0.342238, 0.432486, 0.834164, 0.0, 0.0, 0.0, 0.0, 1.0],
                [0.835932, 0.177777, -0.519242, 0.0, -0.429057, 0.801637, -0.41628, 0.3, 0.342238, 0.570766, 0.746391, -0.0, 0.0, 0.0, 0.0, 1.0],
                [0.835933, 0.265242, -0.480483, 0.0, -0.429057, 0.861744, -0.270753, 0.3, 0.342238, 0.432486, 0.834164, -0.0, 0.0, 0.0, 0.0, 1.0],
                [0.901653, -0.372497, -0.219701, 0.0, 0.329797, 0.920887, -0.207849, 0.3, 0.279742, 0.114951, 0.953169, -0.0, 0.0, 0.0, 0.0, 1.0],
                [0.901653, -0.372497, -0.219701, -0.0, 0.329797, 0.920887, -0.207849, 0.3, 0.279742, 0.114951, 0.953169, -0.0, 0.0, 0.0, 0.0, 1.0],
                [0.998345, -0.020804, 0.053614, 0.0, 0.049506, 0.785319, -0.617109, 0.3, -0.029266, 0.618742, 0.785049, 0.0, 0.0, 0.0, 0.0, 1.0],
                [0.989425, 0.049463, 0.136349, 0.0, 0.005024, 0.927803, -0.373036, 0.3, -0.144956, 0.369776, 0.917744, 0.0, 0.0, 0.0, 0.0, 1.0],
                [0.989425, 0.049463, 0.136349, -0.0, 0.005024, 0.927803, -0.373036, 0.3, -0.144956, 0.369776, 0.917744, 0.0, 0.0, 0.0, 0.0, 1.0],
                [0.946749, 0.268608, 0.177525, -0.0, 0.01433, 0.515671, -0.856667, 0.3, -0.321652, 0.813593, 0.484362, -0.0, 0.0, 0.0, 0.0, 1.0],
                [0.783076, 0.503979, -0.364413, -0.0, -0.560959, 0.319353, -0.763766, 0.3, -0.268546, 0.802508, 0.532789, 0.0, 0.0, 0.0, 0.0, 1.0],
                [0.769373, 0.010869, 0.638707, 0.0, -0.209631, 0.94878, 0.236373, 0.3, -0.603423, -0.315752, 0.732244, -0.0, 0.0, 0.0, 0.0, 1.0],
                [0.769373, 0.010869, 0.638707, 0.0, -0.209631, 0.94878, 0.236373, 0.3, -0.603423, -0.315752, 0.732244, -0.0, 0.0, 0.0, 0.0, 1.0]
            ]
        },
        {
            "name": "Tool_R",
            "time": [0.0, 0.5667, 0.7833, 1.0833, 1.25, 1.8, 2.6667, 3.1333],
            "transform": [
                [0.989967, 0.136054, -0.038152, -0.0, 0.085992, -0.794335, -0.601363, 0.272858, -0.112123, 0.592048, -0.798065, 0.0, 0.0, 0.0, 0.0, 1.0],
                [0.989966, 0.136054, -0.038152, 0.0, 0.085992, -0.794335, -0.601363, 0.272858, -0.112123, 0.592048, -0.798065, -0.0, 0.0, 0.0, 0.0, 1.0],
                [0.989966, 0.098404, -0.101405, -0.0, 0.085992, -0.989013, -0.120245, 0.272858, -0.112123, 0.110319, -0.987552, 0.0, 0.0, 0.0, 0.0, 1.0],
                [0.989967, 0.098404, -0.101405, -0.0, 0.085992, -0.989013, -0.120245, 0.272858, -0.112123, 0.110319, -0.987552, 0.0, 0.0, 0.0, 0.0, 1.0],
                [0.989967, 0.141232, 0.004441, -0.0, 0.085992, -0.577224, -0.812045, 0.272858, -0.112123, 0.804279, -0.583578, 0.0, 0.0, 0.0, 0.0, 1.0],
                [0.989967, 0.141232, 0.004441, -0.0, 0.085992, -0.577224, -0.812045, 0.272858, -0.112123, 0.804279, -0.583578, 0.0, 0.0, 0.0, 0.0, 1.0],
                [0.908105, 0.114617, -0.402751, 0.001834, 0.021115, -0.97312, -0.229328, 0.257283, -0.418211, 0.19975, -0.886115, 0.003197, 0.0, 0.0, 0.0, 1.0],
                [0.908105, 0.114617, -0.402751, 0.001834, 0.021115, -0.97312, -0.229328, 0.257283, -0.418211, 0.19975, -0.886115, 0.003197, 0.0, 0.0, 0.0, 1.0]
            ]
        },
        {
            "name": "Elbow_R",
            "time": [0.0, 0.5667, 1.0833, 1.8, 2.6667, 3.1333],
            "transform": [
                [-1.0, 0.0, -0.0, -0.0, 0.0, 0.0, -1.0, 0.3, -0.0, -1.0, -0.0, 0.0, 0.0, 0.0, 0.0, 1.0],
                [-1.0, 0.0, -0.0, 0.0, 0.0, 0.0, -1.0, 0.3, -0.0, -1.0, -0.0, -0.0, 0.0, 0.0, 0.0, 1.0],
                [-1.0, 0.0, -0.0, -0.0, 0.0, 0.0, -1.0, 0.3, -0.0, -1.0, -0.0, -0.0, 0.0, 0.0, 0.0, 1.0],
                [-1.0, 0.0, -0.0, -0.0, 0.0, 0.0, -1.0, 0.3, -0.0, -1.0, -0.0, 0.0, 0.0, 0.0, 0.0, 1.0],
                [-1.0, 0.0, -0.0, 0.0, 0.0, 0.0, -1.0, 0.3, -0.0, -1.0, -0.0, -0.0, 0.0, 0.0, 0.0, 1.0],
                [-1.0, 0.0, -0.0, 0.0, 0.0, 0.0, -1.0, 0.3, -0.0, -1.0, -0.0, -0.0, 0.0, 0.0, 0.0, 1.0]
            ]
        },
        {
            "name": "Shoulder_L",
            "time": [0.0, 0.5667, 1.0833, 1.8, 2.6667, 3.1333],
            "transform": [
                [-0.0, -0.952114, -0.305743, -0.0, 0.0, -0.305743, 0.952114, 0.4, -1.0, 0.0, 0.0, 0.0, 0.0, 0.0, 0.0, 1.0],
                [-0.0, -0.952114, -0.305743, -0.0, 0.0, -0.305743, 0.952114, 0.4, -1.0, 0.0, 0.0, 0.0, 0.0, 0.0, 0.0, 1.0],
                [-0.0, -0.952114, -0.305743, 0.0, 0.0, -0.305743, 0.952114, 0.4, -1.0, -0.0, 0.0, -0.0, 0.0, 0.0, 0.0, 1.0],
                [-0.0, -0.952114, -0.305743, 0.0, 0.0, -0.305743, 0.952114, 0.4, -1.0, -0.0, 0.0, -0.0, 0.0, 0.0, 0.0, 1.0],
                [-0.0, -0.952114, -0.305743, -0.0, 0.0, -0.305743, 0.952114, 0.4, -1.0, -0.0, 0.0, -0.0, 0.0, 0.0, 0.0, 1.0],
                [-0.0, -0.952114, -0.305743, -0.0, 0.0, -0.305743, 0.952114, 0.4, -1.0, -0.0, 0.0, -0.0, 0.0, 0.0, 0.0, 1.0]
            ]
        },
        {
            "name": "Arm_L",
            "time": [0.0, 0.2333, 0.5667, 0.7833, 1.0833, 1.6667, 1.8, 2.6667, 3.1333],
            "transform": [
                [0.5, -0.0, 0.866025, 0.0, -0.824555, 0.305743, 0.476057, 0.39386, -0.264782, -0.952114, 0.152872, -0.0, 0.0, 0.0, 0.0, 1.0],
                [-0.826578, 0.30085, 0.475666, 0.0, -0.321006, 0.442202, -0.837504, 0.39386, -0.462303, -0.844954, -0.26894, -0.0, 0.0, 0.0, 0.0, 1.0],
                [-0.49513, 0.839606, 0.223402, 0.0, -0.701904, -0.235018, -0.672381, 0.39386, -0.512032, -0.489723, 0.705687, -0.0, 0.0, 0.0, 0.0, 1.0],
                [0.928154, 0.372195, 0.000477, 0.0, -0.324471, 0.80977, -0.488867, 0.39386, -0.18234, 0.453589, 0.872358, 0.0, 0.0, 0.0, 0.0, 1.0],
                [0.928154, 0.372195, 0.000477, 0.0, -0.324472, 0.80977, -0.488867, 0.39386, -0.18234, 0.453589, 0.872358, 0.0, 0.0, 0.0, 0.0, 1.0],
                [0.999478, 0.032302, 0.000477, -0.0, -0.027946, 0.871911, -0.488867, 0.39386, -0.016207, 0.488598, 0.872358, -0.0, 0.0, 0.0, 0.0, 1.0],
                [0.999478, 0.032302, 0.000477, -0.0, -0.027946, 0.871911, -0.488867, 0.39386, -0.016207, 0.488598, 0.872358, -0.0, 0.0, 0.0, 0.0, 1.0],
                [-0.096424, -0.056021, 0.993763, -0.0, -0.882396, 0.466754, -0.059306, 0.39386, -0.460521, -0.882611, -0.094439, -0.0, 0.0, 0.0, 0.0, 1.0],
                [-0.096424, -0.056021, 0.993763, -0.0, -0.882396, 0.466754, -0.059306, 0.39386, -0.460521, -0.882611, -0.094439, -0.0, 0.0, 0.0, 0.0, 1.0]
            ]
        },
        {
            "name": "Hand_L",
            "time": [0.0, 0.5667, 1.0833, 1.8, 2.6667, 3.1333],
            "transform": [
                [1.0, -0.0, 0.0, 0.0, 0.0, 0.993937, 0.109947, 0.3, -0.0, -0.109947, 0.993937, 0.0, 0.0, 0.0, 0.0, 1.0],
                [0.502193, 0.690222, 0.520957, 0.0, -0.733711, 0.658936, -0.165747, 0.3, -0.45768, -0.298995, 0.837336, 0.0, 0.0, 0.0, 0.0, 1.0],
                [0.502193, 0.690222, 0.520957, -0.0, -0.733711, 0.658936, -0.165748, 0.3, -0.45768, -0.298995, 0.837336, -0.0, 0.0, 0.0, 0.0, 1.0],
                [0.502193, 0.690222, 0.520957, 0.0, -0.733711, 0.658936, -0.165747, 0.3, -0.45768, -0.298995, 0.837336, 0.0, 0.0, 0.0, 0.0, 1.0],
                [0.941511, 0.059391, 0.331707, 0.0, 0.022561, 0.971029, -0.237896, 0.3, -0.336226, 0.231465, 0.912894, -0.0, 0.0, 0.0, 0.0, 1.0],
                [0.941511, 0.059391, 0.331707, 0.0, 0.022561, 0.971029, -0.237896, 0.3, -0.336226, 0.231465, 0.912894, -0.0, 0.0, 0.0, 0.0, 1.0]
            ]
        },
        {
            "name": "Tool_L",
            "time": [0.0, 0.5667, 1.0833, 1.8, 2.6667, 3.1333],
            "transform": [
                [1.0, 0.0, 0.0, -0.0, -0.0, -0.999836, 0.018122, 0.272858, 0.0, -0.018122, -0.999836, 0.0, 0.0, 0.0, 0.0, 1.0],
                [1.0, -0.0, 0.0, -0.0, 0.0, -0.508475, -0.861077, 0.272858, 0.0, 0.861077, -0.508475, 0.0, 0.0, 0.0, 0.0, 1.0],
                [1.0, -0.0, 0.0, 0.0, -0.0, -0.508475, -0.861077, 0.272858, 0.0, 0.861077, -0.508475, 0.0, 0.0, 0.0, 0.0, 1.0],
                [1.0, -0.0, 0.0, 0.0, -0.0, -0.508475, -0.861077, 0.272858, 0.0, 0.861077, -0.508475, 0.0, 0.0, 0.0, 0.0, 1.0],
                [0.996195, -0.0, -0.087156, 0.055927, -0.021028, -0.970458, -0.240354, 0.22445, -0.084581, 0.241272, -0.966765, 0.010713, 0.0, 0.0, 0.0, 1.0],
                [0.996195, -0.0, -0.087156, 0.055927, -0.021028, -0.970458, -0.240354, 0.22445, -0.084581, 0.241272, -0.966765, 0.010713, 0.0, 0.0, 0.0, 1.0]
            ]
        },
        {
            "name": "Elbow_L",
            "time": [0.0, 0.5667, 1.0833, 1.8, 2.6667, 3.1333],
            "transform": [
                [-1.0, 0.0, -0.0, 0.0, 0.0, -0.0, -1.0, 0.3, -0.0, -1.0, 0.0, 0.0, 0.0, 0.0, 0.0, 1.0],
                [-1.0, 0.0, 0.0, 0.0, 0.0, -0.0, -1.0, 0.3, -0.0, -1.0, 0.0, 0.0, 0.0, 0.0, 0.0, 1.0],
                [-1.0, 0.0, -0.0, -0.0, 0.0, -0.0, -1.0, 0.3, -0.0, -1.0, -0.0, -0.0, 0.0, 0.0, 0.0, 1.0],
                [-1.0, 0.0, -0.0, 0.0, 0.0, -0.0, -1.0, 0.3, -0.0, -1.0, 0.0, 0.0, 0.0, 0.0, 0.0, 1.0],
                [-1.0, 0.0, -0.0, 0.0, 0.0, -0.0, -1.0, 0.3, -0.0, -1.0, 0.0, -0.0, 0.0, 0.0, 0.0, 1.0],
                [-1.0, 0.0, -0.0, 0.0, 0.0, -0.0, -1.0, 0.3, -0.0, -1.0, 0.0, -0.0, 0.0, 0.0, 0.0, 1.0]
            ]
        }
    ]
}