{
    "armature": {
        "joints": ["Root", "Thigh_R", "Leg_R", "Knee_R", "Thigh_L", "Leg_L", "Knee_L", "Torso", "Chest", "Head", "Shoulder_R", "Arm_R", "Hand_R", "Tool_R", "Elbow_R", "Shoulder_L", "Arm_L", "Hand_L", "Tool_L", "Elbow_L"],
        "hierarchy": [
            {
                "name": "Root",
                "transform": [1.0, 0.0, 0.0, -5e-06, 0.0, 0.0, -1.0, 0.000946, 0.0, 1.0, 0.0, 0.763972, 0.0, 0.0, 0.0, 1.0],
                "children": [
                    {
                        "name": "Thigh_R",
                        "transform": [1.0, -0.0, -0.0, 0.124994, -0.0, -1.0, 0.0, -0.002831, -0.0, -0.0, -1.0, -1.2e-05, 0.0, 0.0, 0.0, 1.0],
                        "children": [
                            {
                                "name": "Leg_R",
                                "transform": [1.0, 0.0, 1e-06, 0.0, -0.0, 1.0, 0.0, 0.37472, -1e-06, -0.0, 1.0, -0.0, 0.0, 0.0, 0.0, 1.0],
                                "children": []
                            },
                            {
                                "name": "Knee_R",
                                "transform": [1.0, 0.0, -0.0, 0.0, -0.0, 0.0, -1.0, 0.37472, -0.0, 1.0, 0.0, -0.0, 0.0, 0.0, 0.0, 1.0],
                                "children": []
                            }
                        ]
                    },
                    {
                        "name": "Thigh_L",
                        "transform": [1.0, -0.0, -0.0, -0.125006, -0.0, -1.0, 0.0, -0.002831, -0.0, -0.0, -1.0, -1.2e-05, 0.0, 0.0, 0.0, 1.0],
                        "children": [
                            {
                                "name": "Leg_L",
                                "transform": [1.0, 0.0, 1e-06, -0.0, -0.0, 1.0, 0.0, 0.37472, -1e-06, -0.0, 1.0, 0.0, 0.0, 0.0, 0.0, 1.0],
                                "children": []
                            },
                            {
                                "name": "Knee_L",
                                "transform": [1.0, 0.0, -0.0, -0.0, -0.0, 0.0, -1.0, 0.37472, -0.0, 1.0, 0.0, 0.0, 0.0, 0.0, 0.0, 1.0],
                                "children": []
                            }
                        ]
                    },
                    {
                        "name": "Torso",
                        "transform": [1.0, 0.0, 0.0, 0.0, 0.0, 1.0, 0.0, 0.05, 0.0, 0.0, 1.0, 0.0, 0.0, 0.0, 0.0, 1.0],
                        "children": [
                            {
                                "name": "Chest",
                                "transform": [1.0, 0.0, 0.0, 0.0, 0.0, 1.0, 0.0, 0.3, 0.0, 0.0, 1.0, 0.0, 0.0, 0.0, 0.0, 1.0],
                                "children": [
                                    {
                                        "name": "Head",
                                        "transform": [1.0, 0.0, 0.0, 0.0, 0.0, 1.0, 0.0, 0.4, 0.0, 0.0, 1.0, 0.0, 0.0, 0.0, 0.0, 1.0],
                                        "children": []
                                    },
                                    {
                                        "name": "Shoulder_R",
                                        "transform": [0.0, 0.952114, 0.305743, 0.0, 0.0, -0.305743, 0.952114, 0.4, 1.0, 0.0, -0.0, 0.0, 0.0, 0.0, 0.0, 1.0],
                                        "children": [
                                            {
                                                "name": "Arm_R",
                                                "transform": [0.0, -0.0, -1.0, -0.0, 0.952114, 0.305743, 0.0, 0.39386, 0.305743, -0.952114, 0.0, 0.0, 0.0, 0.0, 0.0, 1.0],
                                                "children": [
                                                    {
                                                        "name": "Hand_R",
                                                        "transform": [1.0, 0.0, 0.0, 0.0, -0.0, 0.993938, 0.109947, 0.3, -0.0, -0.109947, 0.993937, 0.0, 0.0, 0.0, 0.0, 1.0],
                                                        "children": [
                                                            {
                                                                "name": "Tool_R",
                                                                "transform": [1.0, 0.0, 0.0, -0.0, 0.0, -0.999836, 0.018122, 0.272858, 0.0, -0.018122, -0.999836, 0.0, 0.0, 0.0, 0.0, 1.0],
                                                                "children": []
                                                            }
                                                        ]
                                                    },
                                                    {
                                                        "name": "Elbow_R",
                                                        "transform": [-1.0, 0.0, -0.0, 0.0, 0.0, 0.0, -1.0, 0.3, -0.0, -1.0, -0.0, 0.0, 0.0, 0.0, 0.0, 1.0],
                                                        "children": []
                                                    }
                                                ]
                                            }
                                        ]
                                    },
                                    {
                                        "name": "Shoulder_L",
                                        "transform": [-0.0, -0.952114, -0.305743, 0.0, 0.0, -0.305743, 0.952114, 0.4, -1.0, 0.0, 0.0, 0.0, 0.0, 0.0, 0.0, 1.0],
                                        "children": [
                                            {
                                                "name": "Arm_L",
                                                "transform": [-0.0, -0.0, 1.0, -0.0, -0.952114, 0.305743, -0.0, 0.39386, -0.305743, -0.952114, -0.0, 0.0, 0.0, 0.0, 0.0, 1.0],
                                                "children": [
                                                    {
                                                        "name": "Hand_L",
                                                        "transform": [1.0, -0.0, 0.0, -0.0, 0.0, 0.993937, 0.109947, 0.3, -0.0, -0.109947, 0.993937, 0.0, 0.0, 0.0, 0.0, 1.0],
                                                        "children": [
                                                            {
                                                                "name": "Tool_L",
                                                                "transform": [1.0, 0.0, 0.0, -0.0, -0.0, -0.999836, 0.018122, 0.272858, 0.0, -0.018122, -0.999836, -0.0, 0.0, 0.0, 0.0, 1.0],
                                                                "children": []
                                                            }
                                                        ]
                                                    },
                                                    {
                                                        "name": "Elbow_L",
                                                        "transform": [-1.0, 0.0, -0.0, -0.0, 0.0, -0.0, -1.0, 0.3, -0.0, -1.0, 0.0, 0.0, 0.0, 0.0, 0.0, 1.0],
                                                        "children": []
                                                    }
                                                ]
                                            }
                                        ]
                                    }
                                ]
                            }
                        ]
                    }
                ]
            }
        ]
    },
    "animation": [
        {
            "name": "Root",
            "time": [0.0, 0.1333, 0.2667, 0.3333, 0.4, 0.4667, 0.5333, 0.6, 0.6667, 0.7333, 0.8, 0.85, 0.9333, 1.0667, 1.2, 1.3333, 1.4667, 1.6, 1.8, 2.0, 0.0833, 0.3833, 2.8],
            "transform": [
                [0.920228, 0.145457, -0.363348, 0.001518, -0.379304, 0.1026, -0.919566, -0.002071, -0.096478, 0.98403, 0.149588, 0.728137, 0.0, 0.0, 0.0, 1.0],
                [0.648803, 0.13118, -0.749564, 0.001518, -0.760271, 0.153552, -0.631197, 0.084591, 0.032296, 0.979394, 0.199357, 0.728137, 0.0, 0.0, 0.0, 1.0],
                [0.386878, 0.135365, -0.912141, 0.001518, -0.914, 0.187359, -0.359861, 0.154062, 0.122185, 0.97292, 0.196209, 0.728137, 0.0, 0.0, 0.0, 1.0],
                [-0.376593, 0.188512, -0.906995, 0.001518, -0.874442, 0.250885, 0.415221, 0.339317, 0.305826, 0.949484, 0.070362, 0.728137, 0.0, 0.0, 0.0, 1.0],
                [-0.639732, 0.202951, -0.741319, 0.001518, -0.705222, 0.228528, 0.671146, 0.431944, 0.305622, 0.952148, -0.003071, 0.728137, 0.0, 0.0, 0.0, 1.0],
                [-0.845469, 0.209887, -0.49105, 0.001518, -0.453922, 0.20194, 0.867857, 0.501415, 0.281314, 0.956644, -0.075462, 0.728137, 0.0, 0.0, 0.0, 1.0],
                [-0.903079, 0.210154, -0.374544, 0.001518, -0.337796, 0.190992, 0.921638, 0.552276, 0.265221, 0.958831, -0.101492, 0.728137, 0.0, 0.0, 0.0, 1.0],
                [-0.950128, 0.19142, 0.246204, 0.001518, 0.275071, 0.142396, 0.95082, 0.798931, 0.146947, 0.971124, -0.187949, 0.728137, 0.0, 0.0, 0.0, 1.0],
                [-0.583749, 0.203203, 0.786095, 0.001518, 0.811849, 0.132047, 0.56874, 1.08615, 0.011768, 0.970192, -0.242052, 0.728137, 0.0, 0.0, 0.0, 1.0],
                [0.148341, 0.20562, 0.967324, 0.001518, 0.978064, 0.114138, -0.17425, 1.375845, -0.146238, 0.971953, -0.184178, 0.728137, 0.0, 0.0, 0.0, 1.0],
                [0.73492, 0.196646, 0.649017, 0.001518, 0.643188, 0.10122, -0.758989, 1.629927, -0.214946, 0.975236, -0.052092, 0.728137, 0.0, 0.0, 0.0, 1.0],
                [0.957866, 0.185958, 0.218887, 0.001518, 0.203733, 0.097264, -0.974183, 1.810308, -0.202447, 0.977732, 0.05528, 0.728137, 0.0, 0.0, 0.0, 1.0],
                [0.977893, 0.178179, -0.10944, 0.001518, -0.128269, 0.097803, -0.986905, 1.8789, -0.165143, 0.979125, 0.118496, 0.728137, 0.0, 0.0, 0.0, 1.0],
                [0.943223, 0.174186, -0.282825, 0.001518, -0.302557, 0.09916, -0.947959, 1.8789, -0.137076, 0.979707, 0.146231, 0.728137, 0.0, 0.0, 0.0, 1.0],
                [0.943223, 0.174186, -0.282825, 0.001518, -0.302557, 0.09916, -0.947959, 1.8789, -0.137076, 0.979707, 0.146231, 0.728137, 0.0, 0.0, 0.0, 1.0],
                [0.943223, 0.174186, -0.282825, 0.001518, -0.302557, 0.09916, -0.947959, 1.8789, -0.137076, 0.979707, 0.146231, 0.728137, 0.0, 0.0, 0.0, 1.0],
                [0.943223, 0.174186, -0.282825, 0.001518, -0.302557, 0.09916, -0.947959, 1.8789, -0.137076, 0.979707, 0.146231, 0.728137, 0.0, 0.0, 0.0, 1.0],
                [0.943223, 0.174186, -0.282825, 0.001518, -0.302557, 0.09916, -0.947959, 1.8789, -0.137076, 0.979707, 0.146231, 0.728137, 0.0, 0.0, 0.0, 1.0],
                [0.961174, 0.142063, -0.236565, 0.001252, -0.250059, 0.085901, -0.964413, 1.8789, -0.116686, 0.986123, 0.11809, 0.721208, 0.0, 0.0, 0.0, 1.0],
                [0.978095, 0.104812, -0.179848, 0.000938, -0.187461, 0.067907, -0.979922, 1.8789, -0.090495, 0.992171, 0.086068, 0.713043, 0.0, 0.0, 0.0, 1.0],
                [0.994528, 0.050828, -0.091276, 0.000467, -0.093178, 0.036393, -0.994984, 1.8789, -0.047251, 0.998044, 0.04093, 0.700794, 0.0, 0.0, 0.0, 1.0],
                [1.0, 0.0, 0.0, -5e-06, 0.0, 0.0, -1.0, 1.8789, 0.0, 1.0, 0.0, 0.688546, 0.0, 0.0, 0.0, 1.0],
                [1.0, 0.0, 0.0, -5e-06, 0.0, 0.0, -1.0, 1.8789, 0.0, 1.0, 0.0, 0.688546, 0.0, 0.0, 0.0, 1.0]
            ]
        },
        {
            "name": "Thigh_R",
            "time": [0.0, 0.2667, 0.4, 0.5333, 0.6667, 0.85, 0.9667, 1.0833, 1.3667, 1.4333, 1.4667, 1.5833, 1.6167, 1.65, 2.1333, 2.3333, 2.4, 2.4667, 2.6, 2.8],
            "transform": [
                [0.998915, 0.042282, -0.019539, 0.124994, 0.038601, -0.986241, -0.16074, -0.002831, -0.026067, 0.159811, -0.986803, -1.2e-05, 0.0, 0.0, 0.0, 1.0],
                [0.998915, 0.042282, -0.019539, 0.124994, 0.038601, -0.986241, -0.16074, -0.002831, -0.026067, 0.159811, -0.986803, -1.2e-05, 0.0, 0.0, 0.0, 1.0],
                [0.998915, 0.042282, -0.019539, 0.124994, 0.038601, -0.986241, -0.16074, -0.002831, -0.026067, 0.159811, -0.986803, -1.2e-05, 0.0, 0.0, 0.0, 1.0],
                [0.998915, 0.042282, -0.019539, 0.124994, 0.038601, -0.986241, -0.16074, -0.002831, -0.026067, 0.159811, -0.986803, -1.2e-05, 0.0, 0.0, 0.0, 1.0],
                [0.998915, 0.042282, -0.019539, 0.124994, 0.038601, -0.986241, -0.16074, -0.002831, -0.026067, 0.159811, -0.986803, -1.2e-05, 0.0, 0.0, 0.0, 1.0],
                [0.998915, 0.042282, -0.019539, 0.124994, 0.038601, -0.986241, -0.16074, -0.002831, -0.026067, 0.159811, -0.986803, -1.2e-05, 0.0, 0.0, 0.0, 1.0],
                [0.998915, 0.042282, -0.019539, 0.124994, 0.038601, -0.986241, -0.16074, -0.002831, -0.026067, 0.159811, -0.986803, -1.2e-05, 0.0, 0.0, 0.0, 1.0],
                [0.998915, 0.042282, -0.019539, 0.124994, 0.038601, -0.986241, -0.16074, -0.002831, -0.026067, 0.159811, -0.986803, -1.2e-05, 0.0, 0.0, 0.0, 1.0],
                [0.998915, 0.042282, -0.019539, 0.124994, 0.038601, -0.986241, -0.16074, -0.002831, -0.026067, 0.159811, -0.986803, -1.2e-05, 0.0, 0.0, 0.0, 1.0],
                [0.998915, 0.042282, -0.019539, 0.124994, 0.038601, -0.986241, -0.16074, -0.002831, -0.026067, 0.159811, -0.986803, -1.2e-05, 0.0, 0.0, 0.0, 1.0],
                [0.998915, 0.042282, -0.019539, 0.124994, 0.038601, -0.986241, -0.16074, -0.002831, -0.026067, 0.159811, -0.986803, -1.2e-05, 0.0, 0.0, 0.0, 1.0],
                [0.998915, 0.042282, -0.019539, 0.124994, 0.038601, -0.986241, -0.16074, -0.002831, -0.026067, 0.159811, -0.986803, -1.2e-05, 0.0, 0.0, 0.0, 1.0],
                [0.998915, 0.042282, -0.019539, 0.124994, 0.038601, -0.986241, -0.16074, -0.002831, -0.026067, 0.159811, -0.986803, -1.2e-05, 0.0, 0.0, 0.0, 1.0],
                [0.998915, 0.042282, -0.019539, 0.124994, 0.038601, -0.986241, -0.16074, -0.002831, -0.026067, 0.159811, -0.986803, -1.2e-05, 0.0, 0.0, 0.0, 1.0],
                [0.998915, 0.042282, -0.019539, 0.124994, 0.038601, -0.986241, -0.16074, -0.002831, -0.026067, 0.159811, -0.986803, -1.2e-05, 0.0, 0.0, 0.0, 1.0],
                [0.998915, 0.042282, -0.019539, 0.124994, 0.038601, -0.986241, -0.16074, -0.002831, -0.026067, 0.159811, -0.986803, -1.2e-05, 0.0, 0.0, 0.0, 1.0],
                [0.998915, 0.042282, -0.019539, 0.124994, 0.038601, -0.986241, -0.16074, -0.002831, -0.026067, 0.159811, -0.986803, -1.2e-05, 0.0, 0.0, 0.0, 1.0],
                [0.998915, 0.042282, -0.019539, 0.124994, 0.038601, -0.986241, -0.16074, -0.002831, -0.026067, 0.159811, -0.986803, -1.2e-05, 0.0, 0.0, 0.0, 1.0],
                [0.998915, 0.042282, -0.019539, 0.124994, 0.038601, -0.986241, -0.16074, -0.002831, -0.026067, 0.159811, -0.986803, -1.2e-05, 0.0, 0.0, 0.0, 1.0],
                [0.998915, 0.042282, -0.019539, 0.124994, 0.038601, -0.986241, -0.16074, -0.002831, -0.026067, 0.159811, -0.986803, -1.2e-05, 0.0, 0.0, 0.0, 1.0]
            ]
        },
        {
            "name": "Leg_R",
            "time": [0.0, 0.2667, 0.4, 0.5333, 0.6667, 0.85, 0.9667, 1.0833, 1.3667, 1.4333, 1.4667, 1.5833, 1.6167, 1.65, 2.1333, 2.3333, 2.4, 2.4667, 2.6, 2.8],
            "transform": [
                [1.0, 1e-06, 1e-06, -0.0, -1e-06, 0.999995, 0.00307, 0.37472, -1e-06, -0.00307, 0.999995, 0.0, 0.0, 0.0, 0.0, 1.0],
                [1.0, 1e-06, 1e-06, -0.0, -1e-06, 0.999995, 0.00307, 0.37472, -1e-06, -0.00307, 0.999995, 0.0, 0.0, 0.0, 0.0, 1.0],
                [1.0, 1e-06, 1e-06, -0.0, -1e-06, 0.999995, 0.00307, 0.37472, -1e-06, -0.00307, 0.999995, 0.0, 0.0, 0.0, 0.0, 1.0],
                [1.0, 1e-06, 1e-06, -0.0, -1e-06, 0.999995, 0.00307, 0.37472, -1e-06, -0.00307, 0.999995, -0.0, 0.0, 0.0, 0.0, 1.0],
                [1.0, 1e-06, 1e-06, -0.0, -1e-06, 0.999995, 0.00307, 0.37472, -1e-06, -0.00307, 0.999995, 0.0, 0.0, 0.0, 0.0, 1.0],
                [1.0, 1e-06, 1e-06, -0.0, -1e-06, 0.999995, 0.00307, 0.37472, -1e-06, -0.00307, 0.999995, 0.0, 0.0, 0.0, 0.0, 1.0],
                [1.0, 1e-06, 1e-06, -0.0, -1e-06, 0.999995, 0.00307, 0.37472, -1e-06, -0.00307, 0.999995, 0.0, 0.0, 0.0, 0.0, 1.0],
                [1.0, 1e-06, 1e-06, -0.0, -1e-06, 0.999995, 0.00307, 0.37472, -1e-06, -0.00307, 0.999995, 0.0, 0.0, 0.0, 0.0, 1.0],
                [1.0, 1e-06, 1e-06, -0.0, -1e-06, 0.999995, 0.00307, 0.37472, -1e-06, -0.00307, 0.999995, 0.0, 0.0, 0.0, 0.0, 1.0],
                [1.0, 1e-06, 1e-06, -0.0, -1e-06, 0.999995, 0.00307, 0.37472, -1e-06, -0.00307, 0.999995, 0.0, 0.0, 0.0, 0.0, 1.0],
                [1.0, 1e-06, 1e-06, 0.0, -1e-06, 0.999995, 0.00307, 0.37472, -1e-06, -0.00307, 0.999995, 0.0, 0.0, 0.0, 0.0, 1.0],
                [1.0, 1e-06, 1e-06, -0.0, -1e-06, 0.999995, 0.00307, 0.37472, -1e-06, -0.00307, 0.999995, -0.0, 0.0, 0.0, 0.0, 1.0],
                [1.0, 1e-06, 1e-06, 0.0, -1e-06, 0.999995, 0.00307, 0.37472, -1e-06, -0.00307, 0.999995, -0.0, 0.0, 0.0, 0.0, 1.0],
                [1.0, 1e-06, 1e-06, -0.0, -1e-06, 0.999995, 0.00307, 0.37472, -1e-06, -0.00307, 0.999995, -0.0, 0.0, 0.0, 0.0, 1.0],
                [1.0, 1e-06, 1e-06, 0.0, -1e-06, 0.999995, 0.00307, 0.37472, -1e-06, -0.00307, 0.999995, -0.0, 0.0, 0.0, 0.0, 1.0],
                [1.0, 1e-06, 1e-06, 0.0, -1e-06, 0.999995, 0.00307, 0.37472, -1e-06, -0.00307, 0.999995, -0.0, 0.0, 0.0, 0.0, 1.0],
                [1.0, 1e-06, 1e-06, 0.0, -1e-06, 0.999995, 0.00307, 0.37472, -1e-06, -0.00307, 0.999995, -0.0, 0.0, 0.0, 0.0, 1.0],
                [1.0, 1e-06, 1e-06, 0.0, -1e-06, 0.999995, 0.00307, 0.37472, -1e-06, -0.00307, 0.999995, -0.0, 0.0, 0.0, 0.0, 1.0],
                [1.0, 1e-06, 1e-06, 0.0, -1e-06, 0.999995, 0.00307, 0.37472, -1e-06, -0.00307, 0.999995, -0.0, 0.0, 0.0, 0.0, 1.0],
                [1.0, 1e-06, 1e-06, 0.0, -1e-06, 0.999995, 0.00307, 0.37472, -1e-06, -0.00307, 0.999995, -0.0, 0.0, 0.0, 0.0, 1.0]
            ]
        },
        {
            "name": "Knee_R",
            "time": [0.0, 0.2667, 0.4, 0.5333, 0.6667, 0.85, 0.9667, 1.0833, 1.3667, 1.4333, 1.4667, 1.5833, 1.6167, 1.65, 2.1333, 2.3333, 2.4, 2.4667, 2.6, 2.8],
            "transform": [
                [1.0, 0.0, -0.0, -0.0, -0.0, 0.0, -1.0, 0.37472, -0.0, 1.0, 0.0, 0.0, 0.0, 0.0, 0.0, 1.0],
                [1.0, 0.0, -0.0, -0.0, -1e-06, 0.0, -1.0, 0.37472, -0.0, 1.0, 0.0, 0.0, 0.0, 0.0, 0.0, 1.0],
                [1.0, 0.0, -0.0, -0.0, -0.0, 0.0, -1.0, 0.37472, -0.0, 1.0, 0.0, 0.0, 0.0, 0.0, 0.0, 1.0],
                [1.0, 0.0, -0.0, -0.0, -0.0, 0.0, -1.0, 0.37472, -0.0, 1.0, 0.0, -0.0, 0.0, 0.0, 0.0, 1.0],
                [1.0, 0.0, -0.0, -0.0, -0.0, 0.0, -1.0, 0.37472, -0.0, 1.0, 0.0, 0.0, 0.0, 0.0, 0.0, 1.0],
                [1.0, 0.0, -0.0, -0.0, -0.0, 0.0, -1.0, 0.37472, -0.0, 1.0, 0.0, 0.0, 0.0, 0.0, 0.0, 1.0],
                [1.0, 0.0, -0.0, -0.0, -0.0, 0.0, -1.0, 0.37472, -0.0, 1.0, 0.0, 0.0, 0.0, 0.0, 0.0, 1.0],
                [1.0, 0.0, -0.0, -0.0, -0.0, 0.0, -1.0, 0.37472, -0.0, 1.0, 0.0, 0.0, 0.0, 0.0, 0.0, 1.0],
                [1.0, 0.0, -0.0, -0.0, -0.0, 0.0, -1.0, 0.37472, -0.0, 1.0, 0.0, 0.0, 0.0, 0.0, 0.0, 1.0],
                [1.0, 0.0, -0.0, -0.0, -0.0, 0.0, -1.0, 0.37472, -0.0, 1.0, 0.0, 0.0, 0.0, 0.0, 0.0, 1.0],
                [1.0, 0.0, -0.0, 0.0, -0.0, 0.0, -1.0, 0.37472, -0.0, 1.0, 0.0, 0.0, 0.0, 0.0, 0.0, 1.0],
                [1.0, 0.0, -0.0, -0.0, -0.0, 0.0, -1.0, 0.37472, -0.0, 1.0, 0.0, -0.0, 0.0, 0.0, 0.0, 1.0],
                [1.0, 0.0, -0.0, 0.0, -0.0, 0.0, -1.0, 0.37472, -0.0, 1.0, 0.0, -0.0, 0.0, 0.0, 0.0, 1.0],
                [1.0, 0.0, -0.0, -0.0, -0.0, 0.0, -1.0, 0.37472, -0.0, 1.0, 0.0, -0.0, 0.0, 0.0, 0.0, 1.0],
                [1.0, 0.0, -0.0, 0.0, -0.0, 0.0, -1.0, 0.37472, -0.0, 1.0, 0.0, -0.0, 0.0, 0.0, 0.0, 1.0],
                [1.0, 0.0, -0.0, 0.0, -0.0, 0.0, -1.0, 0.37472, -0.0, 1.0, 0.0, -0.0, 0.0, 0.0, 0.0, 1.0],
                [1.0, 0.0, -0.0, 0.0, -0.0, 0.0, -1.0, 0.37472, -0.0, 1.0, 0.0, -0.0, 0.0, 0.0, 0.0, 1.0],
                [1.0, 0.0, -0.0, 0.0, -0.0, 0.0, -1.0, 0.37472, -0.0, 1.0, 0.0, -0.0, 0.0, 0.0, 0.0, 1.0],
                [1.0, 0.0, -0.0, 0.0, -0.0, 0.0, -1.0, 0.37472, -0.0, 1.0, 0.0, -0.0, 0.0, 0.0, 0.0, 1.0],
                [1.0, 0.0, -0.0, 0.0, -0.0, 0.0, -1.0, 0.37472, -0.0, 1.0, 0.0, -0.0, 0.0, 0.0, 0.0, 1.0]
            ]
        },
        {
            "name": "Thigh_L",
            "time": [0.0, 0.2667, 0.4, 0.5333, 0.6667, 0.85, 0.9667, 1.0833, 1.3667, 1.4333, 1.4667, 1.5833, 1.6167, 1.65, 2.1333, 2.3333, 2.4, 2.4667, 2.6, 2.8],
            "transform": [
                [1.0, -0.0, -0.0, -0.125006, -0.0, -0.906307, 0.422618, -0.002831, -0.0, -0.422619, -0.906308, -1.2e-05, 0.0, 0.0, 0.0, 1.0],
                [1.0, -0.0, -0.0, -0.125006, -0.0, -0.906308, 0.422618, -0.002831, -0.0, -0.422619, -0.906308, -1.2e-05, 0.0, 0.0, 0.0, 1.0],
                [1.0, -0.0, -0.0, -0.125006, -0.0, -0.906307, 0.422618, -0.002831, -0.0, -0.422619, -0.906308, -1.2e-05, 0.0, 0.0, 0.0, 1.0],
                [1.0, -0.0, -0.0, -0.125006, -0.0, -0.906308, 0.422618, -0.002831, -0.0, -0.422619, -0.906308, -1.2e-05, 0.0, 0.0, 0.0, 1.0],
                [1.0, -0.0, -0.0, -0.125006, -0.0, -0.906307, 0.422618, -0.002831, -0.0, -0.422619, -0.906308, -1.2e-05, 0.0, 0.0, 0.0, 1.0],
                [1.0, -0.0, -0.0, -0.125006, -0.0, -0.906307, 0.422618, -0.002831, -0.0, -0.422619, -0.906308, -1.2e-05, 0.0, 0.0, 0.0, 1.0],
                [1.0, -0.0, -0.0, -0.125006, -0.0, -0.906307, 0.422618, -0.002831, -0.0, -0.422619, -0.906308, -1.2e-05, 0.0, 0.0, 0.0, 1.0],
                [1.0, -0.0, -0.0, -0.125006, -0.0, -0.906307, 0.422618, -0.002831, -0.0, -0.422619, -0.906308, -1.2e-05, 0.0, 0.0, 0.0, 1.0],
                [1.0, -0.0, -0.0, -0.125006, -0.0, -0.906307, 0.422618, -0.002831, -0.0, -0.422618, -0.906308, -1.2e-05, 0.0, 0.0, 0.0, 1.0],
                [1.0, -0.0, -0.0, -0.125006, -0.0, -0.906308, 0.422618, -0.002831, -0.0, -0.422619, -0.906308, -1.2e-05, 0.0, 0.0, 0.0, 1.0],
                [1.0, -0.0, -0.0, -0.125006, -0.0, -0.906308, 0.422619, -0.002831, -0.0, -0.422619, -0.906308, -1.2e-05, 0.0, 0.0, 0.0, 1.0],
                [1.0, -0.0, -0.0, -0.125006, -0.0, -0.906307, 0.422618, -0.002831, -0.0, -0.422619, -0.906308, -1.2e-05, 0.0, 0.0, 0.0, 1.0],
                [1.0, -0.0, -0.0, -0.125006, -0.0, -0.906307, 0.422618, -0.002831, -0.0, -0.422619, -0.906308, -1.2e-05, 0.0, 0.0, 0.0, 1.0],
                [1.0, -0.0, -0.0, -0.125006, -0.0, -0.906307, 0.422618, -0.002831, -0.0, -0.422619, -0.906308, -1.2e-05, 0.0, 0.0, 0.0, 1.0],
                [1.0, -0.0, -0.0, -0.125006, -0.0, -0.906307, 0.422618, -0.002831, -0.0, -0.422619, -0.906308, -1.2e-05, 0.0, 0.0, 0.0, 1.0],
                [1.0, -0.0, -0.0, -0.125006, -0.0, -0.906307, 0.422618, -0.002831, -0.0, -0.422619, -0.906308, -1.2e-05, 0.0, 0.0, 0.0, 1.0],
                [1.0, -0.0, -0.0, -0.125006, -0.0, -0.906307, 0.422618, -0.002831, -0.0, -0.422619, -0.906308, -1.2e-05, 0.0, 0.0, 0.0, 1.0],
                [1.0, -0.0, -0.0, -0.125006, -0.0, -0.906307, 0.422618, -0.002831, -0.0, -0.422619, -0.906308, -1.2e-05, 0.0, 0.0, 0.0, 1.0],
                [1.0, -0.0, -0.0, -0.125006, -0.0, -0.906307, 0.422618, -0.002831, -0.0, -0.422619, -0.906308, -1.2e-05, 0.0, 0.0, 0.0, 1.0],
                [1.0, -0.0, -0.0, -0.125006, -0.0, -0.906307, 0.422618, -0.002831, -0.0, -0.422619, -0.906308, -1.2e-05, 0.0, 0.0, 0.0, 1.0]
            ]
        },
        {
            "name": "Leg_L",
            "time": [0.0, 0.2667, 0.4, 0.5333, 0.6667, 0.85, 0.9667, 1.0833, 1.3667, 1.4333, 1.4667, 1.5833, 1.6167, 1.65, 2.1333, 2.3333, 2.4, 2.4667, 2.6, 2.8],
            "transform": [
                [1.0, 1e-06, 1e-06, -0.0, -1e-06, 0.939692, 0.34202, 0.37472, -1e-06, -0.34202, 0.939692, -0.0, 0.0, 0.0, 0.0, 1.0],
                [1.0, 1e-06, 1e-06, 0.0, -1e-06, 0.939692, 0.34202, 0.37472, -1e-06, -0.342021, 0.939692, 0.0, 0.0, 0.0, 0.0, 1.0],
                [1.0, 1e-06, 1e-06, 0.0, -1e-06, 0.939692, 0.34202, 0.37472, -1e-06, -0.34202, 0.939692, -0.0, 0.0, 0.0, 0.0, 1.0],
                [1.0, 1e-06, 1e-06, -0.0, -1e-06, 0.939693, 0.342021, 0.37472, -1e-06, -0.34202, 0.939692, -0.0, 0.0, 0.0, 0.0, 1.0],
                [1.0, 1e-06, 1e-06, -0.0, -1e-06, 0.939692, 0.34202, 0.37472, -1e-06, -0.34202, 0.939693, 0.0, 0.0, 0.0, 0.0, 1.0],
                [1.0, 1e-06, 1e-06, 0.0, -1e-06, 0.939692, 0.34202, 0.37472, -1e-06, -0.34202, 0.939692, -0.0, 0.0, 0.0, 0.0, 1.0],
                [1.0, 1e-06, 1e-06, 0.0, -1e-06, 0.939692, 0.34202, 0.37472, -1e-06, -0.34202, 0.939692, -0.0, 0.0, 0.0, 0.0, 1.0],
                [1.0, 1e-06, 1e-06, 0.0, -1e-06, 0.939692, 0.34202, 0.37472, -1e-06, -0.34202, 0.939692, -0.0, 0.0, 0.0, 0.0, 1.0],
                [1.0, 1e-06, 1e-06, -0.0, -1e-06, 0.939692, 0.34202, 0.37472, -1e-06, -0.34202, 0.939692, 0.0, 0.0, 0.0, 0.0, 1.0],
                [1.0, 1e-06, 1e-06, -0.0, -1e-06, 0.939693, 0.34202, 0.37472, -1e-06, -0.34202, 0.939692, 0.0, 0.0, 0.0, 0.0, 1.0],
                [1.0, 1e-06, 1e-06, -0.0, -1e-06, 0.939692, 0.34202, 0.37472, -1e-06, -0.34202, 0.939693, 0.0, 0.0, 0.0, 0.0, 1.0],
                [1.0, 1e-06, 1e-06, 0.0, -1e-06, 0.939692, 0.34202, 0.37472, -1e-06, -0.34202, 0.939692, 0.0, 0.0, 0.0, 0.0, 1.0],
                [1.0, 1e-06, 1e-06, -0.0, -1e-06, 0.939693, 0.34202, 0.37472, -1e-06, -0.342021, 0.939693, 0.0, 0.0, 0.0, 0.0, 1.0],
                [1.0, 1e-06, 1e-06, 0.0, -1e-06, 0.939693, 0.34202, 0.37472, -1e-06, -0.34202, 0.939693, -0.0, 0.0, 0.0, 0.0, 1.0],
                [1.0, 1e-06, 1e-06, 0.0, -1e-06, 0.939693, 0.34202, 0.37472, -1e-06, -0.34202, 0.939693, 0.0, 0.0, 0.0, 0.0, 1.0],
                [1.0, 1e-06, 1e-06, 0.0, -1e-06, 0.939693, 0.34202, 0.37472, -1e-06, -0.34202, 0.939693, 0.0, 0.0, 0.0, 0.0, 1.0],
                [1.0, 1e-06, 1e-06, 0.0, -1e-06, 0.939693, 0.34202, 0.37472, -1e-06, -0.34202, 0.939693, 0.0, 0.0, 0.0, 0.0, 1.0],
                [1.0, 1e-06, 1e-06, 0.0, -1e-06, 0.939693, 0.34202, 0.37472, -1e-06, -0.34202, 0.939693, 0.0, 0.0, 0.0, 0.0, 1.0],
                [1.0, 1e-06, 1e-06, 0.0, -1e-06, 0.939693, 0.34202, 0.37472, -1e-06, -0.34202, 0.939693, 0.0, 0.0, 0.0, 0.0, 1.0],
                [1.0, 1e-06, 1e-06, 0.0, -1e-06, 0.939693, 0.34202, 0.37472, -1e-06, -0.34202, 0.939693, 0.0, 0.0, 0.0, 0.0, 1.0]
            ]
        },
        {
            "name": "Knee_L",
            "time": [0.0, 0.2667, 0.4, 0.5333, 0.6667, 0.85, 0.9667, 1.0833, 1.3667, 1.4333, 1.4667, 1.5833, 1.6167, 1.65, 2.1333, 2.3333, 2.4, 2.4667, 2.6, 2.8],
            "transform": [
                [1.0, 0.0, -0.0, -0.0, -0.0, 0.0, -1.0, 0.37472, -0.0, 1.0, 0.0, -0.0, 0.0, 0.0, 0.0, 1.0],
                [1.0, 0.0, -0.0, 0.0, -0.0, 0.0, -1.0, 0.37472, -0.0, 1.0, 0.0, 0.0, 0.0, 0.0, 0.0, 1.0],
                [1.0, 0.0, -0.0, 0.0, -0.0, 0.0, -1.0, 0.37472, -0.0, 1.0, 0.0, -0.0, 0.0, 0.0, 0.0, 1.0],
                [1.0, 0.0, -0.0, -0.0, -0.0, 0.0, -1.0, 0.37472, -0.0, 1.0, 0.0, -0.0, 0.0, 0.0, 0.0, 1.0],
                [1.0, 0.0, -0.0, -0.0, -0.0, 0.0, -1.0, 0.37472, -0.0, 1.0, 0.0, 0.0, 0.0, 0.0, 0.0, 1.0],
                [1.0, 0.0, -0.0, 0.0, -0.0, 0.0, -1.0, 0.37472, -0.0, 1.0, 0.0, -0.0, 0.0, 0.0, 0.0, 1.0],
                [1.0, 0.0, -0.0, 0.0, -0.0, 0.0, -1.0, 0.37472, -0.0, 1.0, 0.0, -0.0, 0.0, 0.0, 0.0, 1.0],
                [1.0, 0.0, -0.0, 0.0, -0.0, 0.0, -1.0, 0.37472, -0.0, 1.0, 0.0, -0.0, 0.0, 0.0, 0.0, 1.0],
                [1.0, 0.0, -0.0, -0.0, -0.0, 0.0, -1.0, 0.37472, -0.0, 1.0, 0.0, 0.0, 0.0, 0.0, 0.0, 1.0],
                [1.0, 0.0, -0.0, -0.0, -0.0, 0.0, -1.0, 0.37472, -0.0, 1.0, 0.0, 0.0, 0.0, 0.0, 0.0, 1.0],
                [1.0, 0.0, -0.0, -0.0, -0.0, 0.0, -1.0, 0.37472, -0.0, 1.0, 0.0, 0.0, 0.0, 0.0, 0.0, 1.0],
                [1.0, 0.0, -0.0, 0.0, -0.0, 0.0, -1.0, 0.37472, -0.0, 1.0, 0.0, 0.0, 0.0, 0.0, 0.0, 1.0],
                [1.0, 0.0, -0.0, -0.0, -0.0, 0.0, -1.0, 0.37472, -0.0, 1.0, 0.0, 0.0, 0.0, 0.0, 0.0, 1.0],
                [1.0, 0.0, -0.0, 0.0, -0.0, 0.0, -1.0, 0.37472, -0.0, 1.0, 0.0, -0.0, 0.0, 0.0, 0.0, 1.0],
                [1.0, 0.0, -0.0, 0.0, -0.0, 0.0, -1.0, 0.37472, -0.0, 1.0, 0.0, 0.0, 0.0, 0.0, 0.0, 1.0],
                [1.0, 0.0, -0.0, 0.0, -0.0, 0.0, -1.0, 0.37472, -0.0, 1.0, 0.0, 0.0, 0.0, 0.0, 0.0, 1.0],
                [1.0, 0.0, -0.0, 0.0, -0.0, 0.0, -1.0, 0.37472, -0.0, 1.0, 0.0, 0.0, 0.0, 0.0, 0.0, 1.0],
                [1.0, 0.0, -0.0, 0.0, -0.0, 0.0, -1.0, 0.37472, -0.0, 1.0, 0.0, 0.0, 0.0, 0.0, 0.0, 1.0],
                [1.0, 0.0, -0.0, 0.0, -0.0, 0.0, -1.0, 0.37472, -0.0, 1.0, 0.0, 0.0, 0.0, 0.0, 0.0, 1.0],
                [1.0, 0.0, -0.0, 0.0, -0.0, 0.0, -1.0, 0.37472, -0.0, 1.0, 0.0, 0.0, 0.0, 0.0, 0.0, 1.0]
            ]
        },
        {
            "name": "Torso",
            "time": [0.0, 0.2667, 0.4, 0.5333, 0.6667, 0.85, 0.9667, 1.0833, 1.3667, 1.4333, 1.4667, 1.5833, 1.6167, 1.65, 2.1333, 2.3333, 2.4, 2.4667, 2.6, 2.8],
            "transform": [
                [0.957247, -0.0, 0.289271, 0.0, 0.050231, 0.984808, -0.166224, 0.05, -0.284876, 0.173648, 0.942704, 0.0, 0.0, 0.0, 0.0, 1.0],
                [0.873319, -0.0, 0.48715, -0.0, 0.084593, 0.984808, -0.15165, 0.05, -0.479749, 0.173648, 0.860051, -0.0, 0.0, 0.0, 0.0, 1.0],
                [0.816467, 0.0, 0.577392, 0.0, 0.100263, 0.984808, -0.141778, 0.05, -0.56862, 0.173648, 0.804063, 0.0, 0.0, 0.0, 0.0, 1.0],
                [0.751278, 0.0, 0.659986, -0.0, 0.114605, 0.984808, -0.130458, 0.05, -0.649959, 0.173648, 0.739865, 0.0, 0.0, 0.0, 0.0, 1.0],
                [0.78665, 0.0, 0.617399, -0.0, 0.10721, 0.984808, -0.1366, 0.05, -0.608019, 0.173648, 0.774699, 0.0, 0.0, 0.0, 0.0, 1.0],
                [0.831751, -0.0, 0.555149, -0.0, 0.096401, 0.984808, -0.144432, 0.05, -0.546715, 0.173648, 0.819115, 0.0, 0.0, 0.0, 0.0, 1.0],
                [0.863292, -0.0, 0.504705, -0.0, 0.087641, 0.984808, -0.149909, 0.05, -0.497037, 0.173648, 0.850177, 0.0, 0.0, 0.0, 0.0, 1.0],
                [0.888438, -0.0, 0.458996, -0.0, 0.079704, 0.984808, -0.154276, 0.05, -0.452023, 0.173648, 0.874941, 0.0, 0.0, 0.0, 0.0, 1.0],
                [0.942978, 0.0, 0.332855, 0.0, 0.0578, 0.984808, -0.163746, 0.05, -0.327799, 0.173648, 0.928652, -0.0, 0.0, 0.0, 0.0, 1.0],
                [0.957247, 0.0, 0.289271, 0.0, 0.050231, 0.984808, -0.166224, 0.05, -0.284876, 0.173648, 0.942705, -0.0, 0.0, 0.0, 0.0, 1.0],
                [0.95889, -0.0, 0.283777, 0.0, 0.049277, 0.984808, -0.16651, 0.05, -0.279466, 0.173648, 0.944323, -0.0, 0.0, 0.0, 0.0, 1.0],
                [0.970883, 0.0, 0.239554, 0.0, 0.041598, 0.984808, -0.168592, 0.05, -0.235914, 0.173648, 0.956133, -0.0, 0.0, 0.0, 0.0, 1.0],
                [0.975325, 0.0, 0.220774, -0.0, 0.038337, 0.984808, -0.169363, 0.05, -0.21742, 0.173648, 0.960508, 0.0, 0.0, 0.0, 0.0, 1.0],
                [0.976864, -0.0, 0.213859, -0.0, 0.037136, 0.984808, -0.169631, 0.05, -0.21061, 0.173648, 0.962024, 0.0, 0.0, 0.0, 0.0, 1.0],
                [0.999985, -0.0, 0.005445, 0.0, 0.000946, 0.984808, -0.173646, 0.05, -0.005362, 0.173648, 0.984793, 0.0, 0.0, 0.0, 0.0, 1.0],
                [0.999987, -0.0, 0.005105, 0.0, 0.000886, 0.984808, -0.173646, 0.05, -0.005027, 0.173648, 0.984795, 0.0, 0.0, 0.0, 0.0, 1.0],
                [0.999991, -0.0, 0.004339, 0.0, 0.000753, 0.984808, -0.173646, 0.05, -0.004273, 0.173648, 0.984798, 0.0, 0.0, 0.0, 0.0, 1.0],
                [0.999995, -0.0, 0.003254, 0.0, 0.000565, 0.984808, -0.173647, 0.05, -0.003204, 0.173648, 0.984803, 0.0, 0.0, 0.0, 0.0, 1.0],
                [1.0, 0.0, 0.0, 0.0, 0.0, 0.984808, -0.173648, 0.05, 0.0, 0.173648, 0.984808, 0.0, 0.0, 0.0, 0.0, 1.0],
                [1.0, 0.0, 0.0, 0.0, 0.0, 0.984808, -0.173648, 0.05, 0.0, 0.173648, 0.984808, 0.0, 0.0, 0.0, 0.0, 1.0]
            ]
        },
        {
            "name": "Chest",
            "time": [0.0, 0.2667, 0.4, 0.5333, 0.6667, 0.85, 0.9667, 1.0833, 1.3667, 1.3833, 1.4333, 1.4667, 1.55, 1.5833, 1.6167, 1.65, 2.1333, 2.3333, 2.4, 2.4667, 2.6, 2.8],
            "transform": [
                [0.298318, 0.08645, -0.950543, -0.0, 0.678751, 0.680955, 0.27495, 0.3, 0.671047, -0.727204, 0.144464, 0.0, 0.0, 0.0, 0.0, 1.0],
                [0.296291, 0.04061, -0.954234, 0.0, 0.667071, 0.70623, 0.237181, 0.3, 0.683541, -0.706816, 0.18216, -0.0, 0.0, 0.0, 0.0, 1.0],
                [0.295572, 0.017618, -0.955158, -0.0, 0.661058, 0.718027, 0.217807, 0.3, 0.689666, -0.695792, 0.200582, -0.0, 0.0, 0.0, 0.0, 1.0],
                [0.295051, -0.005386, -0.955466, 0.0, 0.654939, 0.729244, 0.198137, 0.3, 0.695701, -0.684233, 0.218691, -0.0, 0.0, 0.0, 0.0, 1.0],
                [0.295305, 0.006926, -0.955378, -0.0, 0.658227, 0.723313, 0.2087, 0.3, 0.692483, -0.690486, 0.209039, -0.0, 0.0, 0.0, 0.0, 1.0],
                [0.295747, 0.023854, -0.954969, 0.0, 0.662699, 0.714885, 0.22309, 0.3, 0.688014, -0.698835, 0.195617, 0.0, 0.0, 0.0, 0.0, 1.0],
                [0.296159, 0.036842, -0.954428, 0.0, 0.666093, 0.708203, 0.234027, 0.3, 0.684551, -0.705047, 0.185201, 0.0, 0.0, 0.0, 0.0, 1.0],
                [0.296574, 0.048266, -0.953789, -0.0, 0.66905, 0.702172, 0.24357, 0.3, 0.68148, -0.71037, 0.175954, -0.0, 0.0, 0.0, 0.0, 1.0],
                [0.297906, 0.07844, -0.951367, 0.0, 0.67674, 0.685541, 0.268434, 0.3, 0.673257, -0.723796, 0.151144, 0.0, 0.0, 0.0, 0.0, 1.0],
                [0.29811, 0.082454, -0.950964, 0.0, 0.677749, 0.683252, 0.271704, 0.3, 0.672151, -0.725512, 0.147801, 0.0, 0.0, 0.0, 0.0, 1.0],
                [0.298318, 0.08645, -0.950543, 0.0, 0.678751, 0.680955, 0.27495, 0.3, 0.671047, -0.727204, 0.144464, -0.0, 0.0, 0.0, 0.0, 1.0],
                [0.298364, 0.087306, -0.950451, -0.0, 0.678965, 0.680461, 0.275645, 0.3, 0.67081, -0.727565, 0.143747, -0.0, 0.0, 0.0, 0.0, 1.0],
                [0.298642, 0.092439, -0.949878, -0.0, 0.680246, 0.677479, 0.279799, 0.3, 0.669386, -0.72971, 0.139443, 0.0, 0.0, 0.0, 0.0, 1.0],
                [0.315758, 0.085296, -0.944998, -0.0, 0.671636, 0.683411, 0.286103, 0.3, 0.670225, -0.725034, 0.158504, -0.0, 0.0, 0.0, 0.0, 1.0],
                [0.367508, 0.064354, -0.927791, -0.0, 0.644533, 0.701556, 0.303968, 0.3, 0.670459, -0.709703, 0.216349, 0.0, 0.0, 0.0, 0.0, 1.0],
                [0.398983, 0.052111, -0.915477, 0.0, 0.627241, 0.71275, 0.313935, 0.3, 0.668866, -0.699479, 0.251689, -0.0, 0.0, 0.0, 0.0, 1.0],
                [0.999558, -0.007468, -0.028784, -0.0, 0.012735, 0.982199, 0.187412, 0.3, 0.026872, -0.187696, 0.98186, 0.0, 0.0, 0.0, 0.0, 1.0],
                [0.999612, -0.007011, -0.026972, -0.0, 0.011924, 0.982371, 0.186559, 0.3, 0.025189, -0.186808, 0.982073, 0.0, 0.0, 0.0, 0.0, 1.0],
                [0.99972, -0.005978, -0.022902, 0.0, 0.010106, 0.982755, 0.184636, 0.3, 0.021404, -0.184816, 0.98254, 0.0, 0.0, 0.0, 0.0, 1.0],
                [0.999843, -0.004502, -0.017151, 0.0, 0.007548, 0.983287, 0.181903, 0.3, 0.016045, -0.182004, 0.983167, 0.0, 0.0, 0.0, 0.0, 1.0],
                [1.0, 0.0, 0.0, 0.0, 0.0, 0.984808, 0.173648, 0.3, 0.0, -0.173648, 0.984808, 0.0, 0.0, 0.0, 0.0, 1.0],
                [1.0, 0.0, 0.0, 0.0, 0.0, 0.984808, 0.173648, 0.3, 0.0, -0.173648, 0.984808, 0.0, 0.0, 0.0, 0.0, 1.0]
            ]
        },
        {
            "name": "Head",
            "time": [0.0, 0.2667, 0.4, 0.5333, 0.6667, 0.6833, 0.85, 0.9667, 1.0333, 1.0833, 1.3333, 1.3667, 1.4167, 1.4333, 1.4667, 1.55, 1.5833, 1.6167, 1.65, 2.1333, 2.3333, 2.4, 2.4667, 2.8],
            "transform": [
                [0.974809, 0.117081, 0.18984, 0.0, -0.077114, 0.975572, -0.205698, 0.4, -0.209286, 0.185877, 0.960025, -0.0, 0.0, 0.0, 0.0, 1.0],
                [0.710056, -0.09168, 0.698152, -0.0, 0.311677, 0.929991, -0.194867, 0.4, -0.63141, 0.355964, 0.68892, -0.0, 0.0, 0.0, 0.0, 1.0],
                [0.457872, -0.148341, 0.876555, -0.0, 0.481602, 0.870161, -0.104308, 0.4, -0.74727, 0.46991, 0.469864, 0.0, 0.0, 0.0, 0.0, 1.0],
                [0.177358, -0.162814, 0.970585, -0.0, 0.602182, 0.798003, 0.023825, 0.4, -0.778409, 0.580244, 0.239576, 0.0, 0.0, 0.0, 0.0, 1.0],
                [0.812822, 0.262256, 0.520137, -0.0, -0.044677, 0.918357, -0.393224, 0.4, -0.580797, 0.296383, 0.758177, 0.0, 0.0, 0.0, 0.0, 1.0],
                [0.841431, 0.323938, 0.432501, -0.0, -0.140384, 0.903953, -0.403933, 0.4, -0.52181, 0.279166, 0.80609, 0.0, 0.0, 0.0, 0.0, 1.0],
                [0.869962, 0.28969, 0.399055, 0.0, -0.135204, 0.918364, -0.371925, 0.4, -0.474221, 0.269607, 0.838109, 0.0, 0.0, 0.0, 0.0, 1.0],
                [0.893313, 0.259208, 0.367154, 0.0, -0.128916, 0.930381, -0.34318, 0.4, -0.430548, 0.259235, 0.864538, -0.0, 0.0, 0.0, 0.0, 1.0],
                [0.901517, 0.247845, 0.354739, -0.0, -0.12616, 0.934662, -0.332401, 0.4, -0.413945, 0.254911, 0.873882, 0.0, 0.0, 0.0, 0.0, 1.0],
                [0.910289, 0.235246, 0.340637, 0.0, -0.122839, 0.939281, -0.320409, 0.4, -0.395329, 0.249821, 0.883914, 0.0, 0.0, 0.0, 0.0, 1.0],
                [0.966447, 0.136757, 0.217434, 0.0, -0.086683, 0.970472, -0.225099, 0.4, -0.241798, 0.198698, 0.949764, 0.0, 0.0, 0.0, 0.0, 1.0],
                [0.967029, 0.135462, 0.215651, -0.0, -0.086079, 0.97082, -0.223826, 0.4, -0.239679, 0.197884, 0.950472, -0.0, 0.0, 0.0, 0.0, 1.0],
                [0.969305, 0.130298, 0.208494, -0.0, -0.083635, 0.972191, -0.218745, 0.4, -0.231198, 0.194593, 0.953248, 0.0, 0.0, 0.0, 0.0, 1.0],
                [0.974809, 0.117081, 0.18984, -0.0, -0.077114, 0.975572, -0.205698, 0.4, -0.209286, 0.185877, 0.960025, 0.0, 0.0, 0.0, 0.0, 1.0],
                [0.979773, 0.104037, 0.170941, -0.0, -0.070294, 0.978724, -0.192764, 0.4, -0.187359, 0.176848, 0.966241, 0.0, 0.0, 0.0, 0.0, 1.0],
                [0.998111, 0.030087, 0.053568, 0.0, -0.023581, 0.99271, -0.118196, 0.4, -0.056734, 0.11671, 0.991544, -0.0, 0.0, 0.0, 0.0, 1.0],
                [0.99894, 0.02239, 0.040225, 0.0, -0.017832, 0.993738, -0.110299, 0.4, -0.042443, 0.109465, 0.993084, 0.0, 0.0, 0.0, 0.0, 1.0],
                [1.0, -0.0, 0.0, 0.0, -0.0, 0.996195, -0.087156, 0.4, 0.0, 0.087156, 0.996195, -0.0, 0.0, 0.0, 0.0, 1.0],
                [1.0, -0.0, -0.0, -0.0, 0.0, 0.996195, -0.087156, 0.4, -0.0, 0.087156, 0.996195, 0.0, 0.0, 0.0, 0.0, 1.0],
                [1.0, -0.0, -0.0, 0.0, 0.0, 0.996195, -0.087156, 0.4, -0.0, 0.087156, 0.996195, 0.0, 0.0, 0.0, 0.0, 1.0],
                [1.0, -0.0, -0.0, 0.0, 0.0, 0.996195, -0.087156, 0.4, 0.0, 0.087156, 0.996195, -0.0, 0.0, 0.0, 0.0, 1.0],
                [1.0, 0.0, -0.0, -0.0, 0.0, 0.996195, -0.087156, 0.4, 0.0, 0.087156, 0.996195, 0.0, 0.0, 0.0, 0.0, 1.0],
                [1.0, -0.0, -0.0, 0.0, -0.0, 0.996195, -0.087156, 0.4, 0.0, 0.087156, 0.996195, -0.0, 0.0, 0.0, 0.0, 1.0],
                [1.0, 0.0, 0.0, -0.0, 0.0, 0.996195, -0.087156, 0.4, 0.0, 0.087156, 0.996195, -0.0, 0.0, 0.0, 0.0, 1.0]
            ]
        },
        {
            "name": "Shoulder_R",
            "time": [0.0, 0.2667, 0.4, 0.5333, 0.6667, 0.85, 0.9667, 1.0833, 1.3667, 1.4333, 1.4667, 1.5833, 1.6167, 1.65, 2.0, 2.0833, 2.2833, 2.35, 2.4667, 2.5167, 2.8],
            "transform": [
                [0.2223, 0.925799, 0.305743, 0.0, -0.071385, -0.297293, 0.952114, 0.4, 0.972361, -0.23348, -0.0, -0.0, 0.0, 0.0, 0.0, 1.0],
                [0.377647, 0.874016, 0.305743, -0.0, -0.12127, -0.280664, 0.952114, 0.4, 0.917974, -0.39664, -0.0, -0.0, 0.0, 0.0, 0.0, 1.0],
                [0.45099, 0.838528, 0.305743, -0.0, -0.144822, -0.269268, 0.952114, 0.4, 0.880701, -0.473672, 0.0, 0.0, 0.0, 0.0, 0.0, 1.0],
                [0.520437, 0.797287, 0.305743, -0.0, -0.167123, -0.256025, 0.952114, 0.4, 0.837386, -0.546612, -0.0, 0.0, 0.0, 0.0, 0.0, 1.0],
                [0.484295, 0.819743, 0.305743, -0.0, -0.155517, -0.263236, 0.952114, 0.4, 0.860972, -0.508653, 0.0, 0.0, 0.0, 0.0, 0.0, 1.0],
                [0.432703, 0.848109, 0.305743, 0.0, -0.13895, -0.272345, 0.952114, 0.4, 0.890764, -0.454465, 0.0, 0.0, 0.0, 0.0, 0.0, 1.0],
                [0.391751, 0.867786, 0.305743, 0.0, -0.125799, -0.278664, 0.952114, 0.4, 0.911431, -0.411453, -0.0, -0.0, 0.0, 0.0, 0.0, 1.0],
