{
    "armature": {
        "joints": ["Root", "Thigh_R", "Leg_R", "Knee_R", "Thigh_L", "Leg_L", "Knee_L", "Torso", "Chest", "Head", "Shoulder_R", "Arm_R", "Hand_R", "Tool_R", "Elbow_R", "Shoulder_L", "Arm_L", "Hand_L", "Tool_L", "Elbow_L"],
        "hierarchy": [
            {
                "name": "Root",
                "transform": [1.0, 0.0, 0.0, -5e-06, 0.0, 0.0, -1.0, 0.000946, 0.0, 1.0, 0.0, 0.763972, 0.0, 0.0, 0.0, 1.0],
                "children": [
                    {
                        "name": "Thigh_R",
                        "transform": [1.0, -0.0, -0.0, 0.124994, -0.0, -1.0, 0.0, -0.002831, -0.0, -0.0, -1.0, -1.2e-05, 0.0, 0.0, 0.0, 1.0],
                        "children": [
                            {
                                "name": "Leg_R",
                                "transform": [1.0, 0.0, 1e-06, 0.0, -0.0, 1.0, 0.0, 0.37472, -1e-06, -0.0, 1.0, -0.0, 0.0, 0.0, 0.0, 1.0],
                                "children": []
                            },
                            {
                                "name": "Knee_R",
                                "transform": [1.0, 0.0, -0.0, 0.0, -0.0, 0.0, -1.0, 0.37472, -0.0, 1.0, 0.0, -0.0, 0.0, 0.0, 0.0, 1.0],
                                "children": []
                            }
                        ]
                    },
                    {
                        "name": "Thigh_L",
                        "transform": [1.0, -0.0, -0.0, -0.125006, -0.0, -1.0, 0.0, -0.002831, -0.0, -0.0, -1.0, -1.2e-05, 0.0, 0.0, 0.0, 1.0],
                        "children": [
                            {
                                "name": "Leg_L",
                                "transform": [1.0, 0.0, 1e-06, -0.0, -0.0, 1.0, 0.0, 0.37472, -1e-06, -0.0, 1.0, 0.0, 0.0, 0.0, 0.0, 1.0],
                                "children": []
                            },
                            {
                                "name": "Knee_L",
                                "transform": [1.0, 0.0, -0.0, -0.0, -0.0, 0.0, -1.0, 0.37472, -0.0, 1.0, 0.0, 0.0, 0.0, 0.0, 0.0, 1.0],
                                "children": []
                            }
                        ]
                    },
                    {
                        "name": "Torso",
                        "transform": [1.0, 0.0, 0.0, 0.0, 0.0, 1.0, 0.0, 0.05, 0.0, 0.0, 1.0, 0.0, 0.0, 0.0, 0.0, 1.0],
                        "children": [
                            {
                                "name": "Chest",
                                "transform": [1.0, 0.0, 0.0, 0.0, 0.0, 1.0, 0.0, 0.3, 0.0, 0.0, 1.0, 0.0, 0.0, 0.0, 0.0, 1.0],
                                "children": [
                                    {
                                        "name": "Head",
                                        "transform": [1.0, 0.0, 0.0, 0.0, 0.0, 1.0, 0.0, 0.4, 0.0, 0.0, 1.0, 0.0, 0.0, 0.0, 0.0, 1.0],
                                        "children": []
                                    },
                                    {
                                        "name": "Shoulder_R",
                                        "transform": [0.0, 0.952114, 0.305743, 0.0, 0.0, -0.305743, 0.952114, 0.4, 1.0, 0.0, -0.0, 0.0, 0.0, 0.0, 0.0, 1.0],
                                        "children": [
                                            {
                                                "name": "Arm_R",
                                                "transform": [0.0, -0.0, -1.0, -0.0, 0.952114, 0.305743, 0.0, 0.39386, 0.305743, -0.952114, 0.0, 0.0, 0.0, 0.0, 0.0, 1.0],
                                                "children": [
                                                    {
                                                        "name": "Hand_R",
                                                        "transform": [1.0, 0.0, 0.0, 0.0, -0.0, 0.993938, 0.109947, 0.3, -0.0, -0.109947, 0.993937, 0.0, 0.0, 0.0, 0.0, 1.0],
                                                        "children": [
                                                            {
                                                                "name": "Tool_R",
                                                                "transform": [1.0, 0.0, 0.0, -0.0, 0.0, -0.999836, 0.018122, 0.272858, 0.0, -0.018122, -0.999836, 0.0, 0.0, 0.0, 0.0, 1.0],
                                                                "children": []
                                                            }
                                                        ]
                                                    },
                                                    {
                                                        "name": "Elbow_R",
                                                        "transform": [-1.0, 0.0, -0.0, 0.0, 0.0, 0.0, -1.0, 0.3, -0.0, -1.0, -0.0, 0.0, 0.0, 0.0, 0.0, 1.0],
                                                        "children": []
                                                    }
                                                ]
                                            }
                                        ]
                                    },
                                    {
                                        "name": "Shoulder_L",
                                        "transform": [-0.0, -0.952114, -0.305743, 0.0, 0.0, -0.305743, 0.952114, 0.4, -1.0, 0.0, 0.0, 0.0, 0.0, 0.0, 0.0, 1.0],
                                        "children": [
                                            {
                                                "name": "Arm_L",
                                                "transform": [-0.0, -0.0, 1.0, -0.0, -0.952114, 0.305743, -0.0, 0.39386, -0.305743, -0.952114, -0.0, 0.0, 0.0, 0.0, 0.0, 1.0],
                                                "children": [
                                                    {
                                                        "name": "Hand_L",
                                                        "transform": [1.0, -0.0, 0.0, -0.0, 0.0, 0.993937, 0.109947, 0.3, -0.0, -0.109947, 0.993937, 0.0, 0.0, 0.0, 0.0, 1.0],
                                                        "children": [
                                                            {
                                                                "name": "Tool_L",
                                                                "transform": [1.0, 0.0, 0.0, -0.0, -0.0, -0.999836, 0.018122, 0.272858, 0.0, -0.018122, -0.999836, -0.0, 0.0, 0.0, 0.0, 1.0],
                                                                "children": []
                                                            }
                                                        ]
                                                    },
                                                    {
                                                        "name": "Elbow_L",
                                                        "transform": [-1.0, 0.0, -0.0, -0.0, 0.0, -0.0, -1.0, 0.3, -0.0, -1.0, 0.0, 0.0, 0.0, 0.0, 0.0, 1.0],
                                                        "children": []
                                                    }
                                                ]
                                            }
                                        ]
                                    }
                                ]
                            }
                        ]
                    }
                ]
            }
        ]
    },
    "animation": [
        {
            "name": "Root",
            "time": [0.0, 0.0167, 0.0333, 0.05, 0.0667, 0.0833, 0.1, 0.1167, 0.1333, 0.15, 0.1667, 0.1833, 0.2, 0.2167, 0.2333, 0.25, 0.2667, 0.2833, 0.3, 0.3167, 0.3333, 0.35, 0.3667, 0.3833, 0.4, 0.4167, 0.4333, 0.45, 0.4667, 0.4833, 0.5, 0.5167, 0.5333, 0.55, 0.5667, 0.5833, 0.6, 0.6167, 0.6333, 0.65, 0.6667, 0.6833, 0.7, 0.7167, 0.7333, 0.75, 0.7667, 0.7833, 0.8, 0.8167, 0.8333, 0.85, 0.8667, 0.8833, 0.9, 0.9167, 0.9333, 0.95, 0.9667, 0.9833, 1.0, 1.0167, 1.0333, 1.05, 1.0667, 1.0833, 1.1, 1.1167, 1.1333, 1.15, 1.1667, 1.1833, 1.2, 1.2167, 1.2333, 1.25, 1.2667, 1.2833, 1.3, 1.3167, 1.3333, 1.35],
            "transform": [
                [1.0, 0.0, 0.0, -5e-06, 0.0, 0.0, -1.0, -0.002071, 0.0, 1.0, 0.0, 0.688546, 0.0, 0.0, 0.0, 1.0],
                [1.0, 0.0, 0.0, -5e-06, 0.0, 0.0, -1.0, -0.013649, 0.0, 1.0, 0.0, 0.688546, 0.0, 0.0, 0.0, 1.0],
                [1.0, 0.0, 0.0, -5e-06, 0.0, 0.0, -1.0, -0.045394, 0.0, 1.0, 0.0, 0.688546, 0.0, 0.0, 0.0, 1.0],
                [1.0, 0.0, 0.0, -5e-06, 0.0, 0.0, -1.0, -0.092826, 0.0, 1.0, 0.0, 0.688546, 0.0, 0.0, 0.0, 1.0],
                [1.0, 0.0, 0.0, -5e-06, 0.0, 0.0, -1.0, -0.151462, 0.0, 1.0, 0.0, 0.688546, 0.0, 0.0, 0.0, 1.0],
                [1.0, 0.0, 0.0, -5e-06, 0.0, 0.0, -1.0, -0.21682, 0.0, 1.0, 0.0, 0.688546, 0.0, 0.0, 0.0, 1.0],
                [1.0, 0.0, 0.0, -5e-06, 0.0, 0.0, -1.0, -0.284419, 0.0, 1.0, 0.0, 0.688546, 0.0, 0.0, 0.0, 1.0],
                [1.0, 0.0, 0.0, -5e-06, 0.0, 0.0, -1.0, -0.349778, 0.0, 1.0, 0.0, 0.688546, 0.0, 0.0, 0.0, 1.0],
                [1.0, 0.0, 0.0, -5e-06, 0.0, 0.0, -1.0, -0.408414, 0.0, 1.0, 0.0, 0.688546, 0.0, 0.0, 0.0, 1.0],
                [1.0, 0.0, 0.0, -5e-06, 0.0, 0.0, -1.0, -0.455845, 0.0, 1.0, 0.0, 0.688546, 0.0, 0.0, 0.0, 1.0],
                [1.0, 0.0, 0.0, -5e-06, 0.0, 0.0, -1.0, -0.487591, 0.0, 1.0, 0.0, 0.688546, 0.0, 0.0, 0.0, 1.0],
                [1.0, 0.0, 0.0, -5e-06, 0.0, 0.0, -1.0, -0.499168, 0.0, 1.0, 0.0, 0.688546, 0.0, 0.0, 0.0, 1.0],
                [1.0, 0.0, 0.0, -5e-06, 0.0, 0.0, -1.0, -0.499168, 0.0, 1.0, 0.0, 0.688546, 0.0, 0.0, 0.0, 1.0],
                [1.0, 0.0, 0.0, -5e-06, 0.0, 0.0, -1.0, -0.499168, 0.0, 1.0, 0.0, 0.688546, 0.0, 0.0, 0.0, 1.0],
                [1.0, 0.0, 0.0, -5e-06, 0.0, 0.0, -1.0, -0.499168, 0.0, 1.0, 0.0, 0.688546, 0.0, 0.0, 0.0, 1.0],
                [1.0, 0.0, 0.0, -5e-06, 0.0, 0.0, -1.0, -0.499168, 0.0, 1.0, 0.0, 0.688546, 0.0, 0.0, 0.0, 1.0],
                [1.0, 0.0, 0.0, -5e-06, 0.0, 0.0, -1.0, -0.499168, 0.0, 1.0, 0.0, 0.688546, 0.0, 0.0, 0.0, 1.0],
                [1.0, 0.0, 0.0, -5e-06, 0.0, 0.0, -1.0, -0.499168, 0.0, 1.0, 0.0, 0.688546, 0.0, 0.0, 0.0, 1.0],
                [1.0, 0.0, 0.0, -5e-06, 0.0, 0.0, -1.0, -0.499168, 0.0, 1.0, 0.0, 0.688546, 0.0, 0.0, 0.0, 1.0],
                [1.0, 0.0, 0.0, -5e-06, 0.0, 0.0, -1.0, -0.499168, 0.0, 1.0, 0.0, 0.688546, 0.0, 0.0, 0.0, 1.0],
                [1.0, 0.0, 0.0, -5e-06, 0.0, 0.0, -1.0, -0.499168, 0.0, 1.0, 0.0, 0.688546, 0.0, 0.0, 0.0, 1.0],
                [1.0, 0.0, 0.0, -5e-06, 0.0, 0.0, -1.0, -0.499168, 0.0, 1.0, 0.0, 0.688546, 0.0, 0.0, 0.0, 1.0],
                [1.0, 0.0, 0.0, -5e-06, 0.0, 0.0, -1.0, -0.499168, 0.0, 1.0, 0.0, 0.688546, 0.0, 0.0, 0.0, 1.0],
                [1.0, 0.0, 0.0, -5e-06, 0.0, 0.0, -1.0, -0.499168, 0.0, 1.0, 0.0, 0.688546, 0.0, 0.0, 0.0, 1.0],
                [1.0, 0.0, 0.0, -5e-06, 0.0, 0.0, -1.0, -0.499168, 0.0, 1.0, 0.0, 0.688546, 0.0, 0.0, 0.0, 1.0],
                [1.0, 0.0, 0.0, -5e-06, 0.0, 0.0, -1.0, -0.499168, 0.0, 1.0, 0.0, 0.688546, 0.0, 0.0, 0.0, 1.0],
                [1.0, 0.0, 0.0, -5e-06, 0.0, 0.0, -1.0, -0.499168, 0.0, 1.0, 0.0, 0.688546, 0.0, 0.0, 0.0, 1.0],
                [1.0, 0.0, 0.0, -5e-06, 0.0, 0.0, -1.0, -0.499168, 0.0, 1.0, 0.0, 0.688546, 0.0, 0.0, 0.0, 1.0],
                [1.0, 0.0, 0.0, -5e-06, 0.0, 0.0, -1.0, -0.499168, 0.0, 1.0, 0.0, 0.688546, 0.0, 0.0, 0.0, 1.0],
                [1.0, 0.0, 0.0, -5e-06, 0.0, 0.0, -1.0, -0.478567, 0.0, 1.0, 0.0, 0.688546, 0.0, 0.0, 0.0, 1.0],
                [1.0, 0.0, 0.0, -5e-06, 0.0, 0.0, -1.0, -0.42208, 0.0, 1.0, 0.0, 0.688546, 0.0, 0.0, 0.0, 1.0],
                [1.0, 0.0, 0.0, -5e-06, 0.0, 0.0, -1.0, -0.337682, 0.0, 1.0, 0.0, 0.688546, 0.0, 0.0, 0.0, 1.0],
                [1.0, 0.0, 0.0, -5e-06, 0.0, 0.0, -1.0, -0.233348, 0.0, 1.0, 0.0, 0.688546, 0.0, 0.0, 0.0, 1.0],
                [1.0, 0.0, 0.0, -5e-06, 0.0, 0.0, -1.0, -0.117051, 0.0, 1.0, 0.0, 0.688546, 0.0, 0.0, 0.0, 1.0],
                [1.0, 0.0, 0.0, -5e-06, 0.0, 0.0, -1.0, 0.003232, 0.0, 1.0, 0.0, 0.688546, 0.0, 0.0, 0.0, 1.0],
                [1.0, 0.0, 0.0, -5e-06, 0.0, 0.0, -1.0, 0.119528, 0.0, 1.0, 0.0, 0.688546, 0.0, 0.0, 0.0, 1.0],
                [1.0, 0.0, 0.0, -5e-06, 0.0, 0.0, -1.0, 0.223863, 0.0, 1.0, 0.0, 0.688546, 0.0, 0.0, 0.0, 1.0],
                [1.0, 0.0, 0.0, -5e-06, 0.0, 0.0, -1.0, 0.308261, 0.0, 1.0, 0.0, 0.688546, 0.0, 0.0, 0.0, 1.0],
                [1.0, 0.0, 0.0, -5e-06, 0.0, 0.0, -1.0, 0.364748, 0.0, 1.0, 0.0, 0.688546, 0.0, 0.0, 0.0, 1.0],
                [1.0, 0.0, 0.0, -5e-06, 0.0, 0.0, -1.0, 0.385349, 0.0, 1.0, 0.0, 0.688546, 0.0, 0.0, 0.0, 1.0],
                [1.0, 0.0, 0.0, -5e-06, 0.0, 0.0, -1.0, 0.385349, 0.0, 1.0, 0.0, 0.688546, 0.0, 0.0, 0.0, 1.0],
                [1.0, 0.0, 0.0, -5e-06, 0.0, 0.0, -1.0, 0.385349, 0.0, 1.0, 0.0, 0.688546, 0.0, 0.0, 0.0, 1.0],
                [1.0, 0.0, 0.0, -5e-06, 0.0, 0.0, -1.0, 0.385349, 0.0, 1.0, 0.0, 0.688546, 0.0, 0.0, 0.0, 1.0],
                [1.0, 0.0, 0.0, -5e-06, 0.0, 0.0, -1.0, 0.385349, 0.0, 1.0, 0.0, 0.688546, 0.0, 0.0, 0.0, 1.0],
                [1.0, 0.0, 0.0, -5e-06, 0.0, 0.0, -1.0, 0.385349, 0.0, 1.0, 0.0, 0.688546, 0.0, 0.0, 0.0, 1.0],
                [1.0, 0.0, 0.0, -5e-06, 0.0, 0.0, -1.0, 0.385349, 0.0, 1.0, 0.0, 0.688546, 0.0, 0.0, 0.0, 1.0],
                [1.0, 0.0, 0.0, -5e-06, 0.0, 0.0, -1.0, 0.385349, 0.0, 1.0, 0.0, 0.688546, 0.0, 0.0, 0.0, 1.0],
                [1.0, 0.0, 0.0, -5e-06, 0.0, 0.0, -1.0, 0.385349, 0.0, 1.0, 0.0, 0.688546, 0.0, 0.0, 0.0, 1.0],
                [1.0, 0.0, 0.0, -5e-06, 0.0, 0.0, -1.0, 0.385349, 0.0, 1.0, 0.0, 0.688546, 0.0, 0.0, 0.0, 1.0],
                [1.0, 0.0, 0.0, -5e-06, 0.0, 0.0, -1.0, 0.385349, 0.0, 1.0, 0.0, 0.688546, 0.0, 0.0, 0.0, 1.0],
                [1.0, 0.0, 0.0, -5e-06, 0.0, 0.0, -1.0, 0.385349, 0.0, 1.0, 0.0, 0.688546, 0.0, 0.0, 0.0, 1.0],
                [1.0, 0.0, 0.0, -5e-06, 0.0, 0.0, -1.0, 0.385349, 0.0, 1.0, 0.0, 0.688546, 0.0, 0.0, 0.0, 1.0],
                [1.0, 0.0, 0.0, -5e-06, 0.0, 0.0, -1.0, 0.385349, 0.0, 1.0, 0.0, 0.688546, 0.0, 0.0, 0.0, 1.0],
                [1.0, 0.0, 0.0, -5e-06, 0.0, 0.0, -1.0, 0.385349, 0.0, 1.0, 0.0, 0.688546, 0.0, 0.0, 0.0, 1.0],
                [1.0, 0.0, 0.0, -5e-06, 0.0, 0.0, -1.0, 0.385349, 0.0, 1.0, 0.0, 0.688546, 0.0, 0.0, 0.0, 1.0],
                [1.0, 0.0, 0.0, -5e-06, 0.0, 0.0, -1.0, 0.385349, 0.0, 1.0, 0.0, 0.688546, 0.0, 0.0, 0.0, 1.0],
                [1.0, 0.0, 0.0, -5e-06, 0.0, 0.0, -1.0, 0.385349, 0.0, 1.0, 0.0, 0.688546, 0.0, 0.0, 0.0, 1.0],
                [1.0, 0.0, 0.0, -5e-06, 0.0, 0.0, -1.0, 0.385349, 0.0, 1.0, 0.0, 0.688546, 0.0, 0.0, 0.0, 1.0],
                [1.0, 0.0, 0.0, -5e-06, 0.0, 0.0, -1.0, 0.385349, 0.0, 1.0, 0.0, 0.688546, 0.0, 0.0, 0.0, 1.0],
                [1.0, 0.0, 0.0, -5e-06, 0.0, 0.0, -1.0, 0.385349, 0.0, 1.0, 0.0, 0.688546, 0.0, 0.0, 0.0, 1.0],
                [1.0, 0.0, 0.0, -5e-06, 0.0, 0.0, -1.0, 0.385349, 0.0, 1.0, 0.0, 0.688546, 0.0, 0.0, 0.0, 1.0],
                [1.0, 0.0, 0.0, -5e-06, 0.0, 0.0, -1.0, 0.385349, 0.0, 1.0, 0.0, 0.688546, 0.0, 0.0, 0.0, 1.0],
                [1.0, 0.0, 0.0, -5e-06, 0.0, 0.0, -1.0, 0.385349, 0.0, 1.0, 0.0, 0.688546, 0.0, 0.0, 0.0, 1.0],
                [1.0, 0.0, 0.0, -5e-06, 0.0, 0.0, -1.0, 0.385349, 0.0, 1.0, 0.0, 0.688546, 0.0, 0.0, 0.0, 1.0],
                [1.0, 0.0, 0.0, -5e-06, 0.0, 0.0, -1.0, 0.385349, 0.0, 1.0, 0.0, 0.688546, 0.0, 0.0, 0.0, 1.0],
                [1.0, 0.0, 0.0, -5e-06, 0.0, 0.0, -1.0, 0.385349, 0.0, 1.0, 0.0, 0.688546, 0.0, 0.0, 0.0, 1.0],
                [1.0, 0.0, 0.0, -5e-06, 0.0, 0.0, -1.0, 0.385349, 0.0, 1.0, 0.0, 0.688546, 0.0, 0.0, 0.0, 1.0],
                [1.0, 0.0, 0.0, -5e-06, 0.0, 0.0, -1.0, 0.385349, 0.0, 1.0, 0.0, 0.688546, 0.0, 0.0, 0.0, 1.0],
                [1.0, 0.0, 0.0, -5e-06, 0.0, 0.0, -1.0, 0.385349, 0.0, 1.0, 0.0, 0.688546, 0.0, 0.0, 0.0, 1.0],
                [1.0, 0.0, 0.0, -5e-06, 0.0, 0.0, -1.0, 0.385349, 0.0, 1.0, 0.0, 0.688546, 0.0, 0.0, 0.0, 1.0],
                [1.0, 0.0, 0.0, -5e-06, 0.0, 0.0, -1.0, 0.385349, 0.0, 1.0, 0.0, 0.688546, 0.0, 0.0, 0.0, 1.0],
                [1.0, 0.0, 0.0, -5e-06, 0.0, 0.0, -1.0, 0.385349, 0.0, 1.0, 0.0, 0.688546, 0.0, 0.0, 0.0, 1.0],
                [1.0, 0.0, 0.0, -5e-06, 0.0, 0.0, -1.0, 0.385349, 0.0, 1.0, 0.0, 0.688546, 0.0, 0.0, 0.0, 1.0],
                [1.0, 0.0, 0.0, -5e-06, 0.0, 0.0, -1.0, 0.385349, 0.0, 1.0, 0.0, 0.688546, 0.0, 0.0, 0.0, 1.0],
                [1.0, 0.0, 0.0, -5e-06, 0.0, 0.0, -1.0, 0.385349, 0.0, 1.0, 0.0, 0.688546, 0.0, 0.0, 0.0, 1.0],
                [1.0, 0.0, 0.0, -5e-06, 0.0, 0.0, -1.0, 0.385349, 0.0, 1.0, 0.0, 0.688546, 0.0, 0.0, 0.0, 1.0],
                [1.0, 0.0, 0.0, -5e-06, 0.0, 0.0, -1.0, 0.385349, 0.0, 1.0, 0.0, 0.688546, 0.0, 0.0, 0.0, 1.0],
                [1.0, 0.0, 0.0, -5e-06, 0.0, 0.0, -1.0, 0.385349, 0.0, 1.0, 0.0, 0.688546, 0.0, 0.0, 0.0, 1.0],
                [1.0, 0.0, 0.0, -5e-06, 0.0, 0.0, -1.0, 0.385349, 0.0, 1.0, 0.0, 0.688546, 0.0, 0.0, 0.0, 1.0],
                [1.0, 0.0, 0.0, -5e-06, 0.0, 0.0, -1.0, 0.385349, 0.0, 1.0, 0.0, 0.688546, 0.0, 0.0, 0.0, 1.0],
                [1.0, 0.0, 0.0, -5e-06, 0.0, 0.0, -1.0, 0.385349, 0.0, 1.0, 0.0, 0.688546, 0.0, 0.0, 0.0, 1.0],
                [1.0, 0.0, 0.0, -5e-06, 0.0, 0.0, -1.0, 0.385349, 0.0, 1.0, 0.0, 0.688546, 0.0, 0.0, 0.0, 1.0]
            ]
        },
        {
            "name": "Thigh_R",
            "time": [0.0, 0.0167, 0.0333, 0.05, 0.0667, 0.0833, 0.1, 0.1167, 0.1333, 0.15, 0.1667, 0.1833, 0.2, 0.2167, 0.2333, 0.25, 0.2667, 0.2833, 0.3, 0.3167, 0.3333, 0.35, 0.3667, 0.3833, 0.4, 0.4167, 0.4333, 0.45, 0.4667, 0.4833, 0.5, 0.5167, 0.5333, 0.55, 0.5667, 0.5833, 0.6, 0.6167, 0.6333, 0.65, 0.6667, 0.6833, 0.7, 0.7167, 0.7333, 0.75, 0.7667, 0.7833, 0.8, 0.8167, 0.8333, 0.85, 0.8667, 0.8833, 0.9, 0.9167, 0.9333, 0.95, 0.9667, 0.9833, 1.0, 1.0167, 1.0333, 1.05, 1.0667, 1.0833, 1.1, 1.1167, 1.1333, 1.15, 1.1667, 1.1833, 1.2, 1.2167, 1.2333, 1.25, 1.2667, 1.2833, 1.3, 1.3167, 1.3333, 1.35],
            "transform": [
                [0.998915, 0.042282, -0.019539, 0.124994, 0.038601, -0.986241, -0.16074, -0.002831, -0.026067, 0.159811, -0.986803, -1.2e-05, 0.0, 0.0, 0.0, 1.0],
                [0.998916, 0.042287, -0.019445, 0.124994, 0.039031, -0.988665, -0.144975, -0.002831, -0.025355, 0.144059, -0.989244, -1.2e-05, 0.0, 0.0, 0.0, 1.0],
                [0.99892, 0.042307, -0.019185, 0.124994, 0.040154, -0.994039, -0.101358, -0.002831, -0.023358, 0.100478, -0.994665, -1.2e-05, 0.0, 0.0, 0.0, 1.0],
                [0.998926, 0.042359, -0.018795, 0.124994, 0.041677, -0.998506, -0.035335, -0.002831, -0.020264, 0.034514, -0.999199, -1.2e-05, 0.0, 0.0, 0.0, 1.0],
                [0.99893, 0.04246, -0.018316, 0.124994, 0.043283, -0.99795, 0.047134, -0.002831, -0.016277, -0.047876, -0.998721, -1.2e-05, 0.0, 0.0, 0.0, 1.0],
                [0.998933, 0.04262, -0.01779, 0.124994, 0.044686, -0.989255, 0.139205, -0.002831, -0.011666, -0.139851, -0.990104, -1.2e-05, 0.0, 0.0, 0.0, 1.0],
                [0.998933, 0.042836, -0.017263, 0.124994, 0.045685, -0.971312, 0.233377, -0.002831, -0.006771, -0.233917, -0.972233, -1.2e-05, 0.0, 0.0, 0.0, 1.0],
                [0.99893, 0.043092, -0.016777, 0.124994, 0.0462, -0.945542, 0.322204, -0.002831, -0.001979, -0.322635, -0.946521, -1.2e-05, 0.0, 0.0, 0.0, 1.0],
                [0.998926, 0.043356, -0.016364, 0.124994, 0.046284, -0.915731, 0.399116, -0.002831, 0.002319, -0.399444, -0.916754, -1.2e-05, 0.0, 0.0, 0.0, 1.0],
                [0.99892, 0.043593, -0.01605, 0.124994, 0.046095, -0.887297, 0.458889, -0.002831, 0.005763, -0.459133, -0.888349, -1.2e-05, 0.0, 0.0, 0.0, 1.0],
                [0.998916, 0.043761, -0.015851, 0.124994, 0.045843, -0.866259, 0.497488, -0.002831, 0.00804, -0.497676, -0.867326, -1.2e-05, 0.0, 0.0, 0.0, 1.0],
                [0.998915, 0.043824, -0.01578, 0.124994, 0.045727, -0.858207, 0.511263, -0.002831, 0.008863, -0.511429, -0.85928, -1.2e-05, 0.0, 0.0, 0.0, 1.0],
                [0.998915, 0.043824, -0.01578, 0.124994, 0.045727, -0.858207, 0.511263, -0.002831, 0.008863, -0.511429, -0.85928, -1.2e-05, 0.0, 0.0, 0.0, 1.0],
                [0.998915, 0.043824, -0.01578, 0.124994, 0.045727, -0.858207, 0.511263, -0.002831, 0.008863, -0.511429, -0.85928, -1.2e-05, 0.0, 0.0, 0.0, 1.0],
                [0.998915, 0.043824, -0.01578, 0.124994, 0.045727, -0.858207, 0.511263, -0.002831, 0.008863, -0.511429, -0.85928, -1.2e-05, 0.0, 0.0, 0.0, 1.0],
                [0.998915, 0.043824, -0.01578, 0.124994, 0.045727, -0.858207, 0.511263, -0.002831, 0.008863, -0.511429, -0.85928, -1.2e-05, 0.0, 0.0, 0.0, 1.0],
                [0.998915, 0.043824, -0.01578, 0.124994, 0.045727, -0.858207, 0.511263, -0.002831, 0.008863, -0.511429, -0.85928, -1.2e-05, 0.0, 0.0, 0.0, 1.0],
                [0.998915, 0.043824, -0.01578, 0.124994, 0.045727, -0.858207, 0.511263, -0.002831, 0.008863, -0.511429, -0.85928, -1.2e-05, 0.0, 0.0, 0.0, 1.0],
                [0.998915, 0.043824, -0.01578, 0.124994, 0.045727, -0.858207, 0.511263, -0.002831, 0.008863, -0.511429, -0.85928, -1.2e-05, 0.0, 0.0, 0.0, 1.0],
                [0.998915, 0.043824, -0.01578, 0.124994, 0.045727, -0.858207, 0.511263, -0.002831, 0.008863, -0.511429, -0.85928, -1.2e-05, 0.0, 0.0, 0.0, 1.0],
                [0.998915, 0.043824, -0.01578, 0.124994, 0.045727, -0.858207, 0.511263, -0.002831, 0.008863, -0.511429, -0.85928, -1.2e-05, 0.0, 0.0, 0.0, 1.0],
                [0.998915, 0.043824, -0.01578, 0.124994, 0.045727, -0.858207, 0.511263, -0.002831, 0.008863, -0.511429, -0.85928, -1.2e-05, 0.0, 0.0, 0.0, 1.0],
                [0.998915, 0.043824, -0.01578, 0.124994, 0.045727, -0.858207, 0.511263, -0.002831, 0.008863, -0.511429, -0.85928, -1.2e-05, 0.0, 0.0, 0.0, 1.0],
                [0.998915, 0.043824, -0.01578, 0.124994, 0.045727, -0.858207, 0.511263, -0.002831, 0.008863, -0.511429, -0.85928, -1.2e-05, 0.0, 0.0, 0.0, 1.0],
                [0.998915, 0.043824, -0.01578, 0.124994, 0.045727, -0.858207, 0.511263, -0.002831, 0.008863, -0.511429, -0.85928, -1.2e-05, 0.0, 0.0, 0.0, 1.0],
                [0.998915, 0.043824, -0.01578, 0.124994, 0.045727, -0.858207, 0.511263, -0.002831, 0.008863, -0.511429, -0.85928, -1.2e-05, 0.0, 0.0, 0.0, 1.0],
                [0.998915, 0.043824, -0.01578, 0.124994, 0.045727, -0.858207, 0.511263, -0.002831, 0.008863, -0.511429, -0.85928, -1.2e-05, 0.0, 0.0, 0.0, 1.0],
                [0.998915, 0.043824, -0.01578, 0.124994, 0.045727, -0.858207, 0.511263, -0.002831, 0.008863, -0.511429, -0.85928, -1.2e-05, 0.0, 0.0, 0.0, 1.0],
                [0.998915, 0.043824, -0.01578, 0.124994, 0.045727, -0.858207, 0.511263, -0.002831, 0.008863, -0.511429, -0.85928, -1.2e-05, 0.0, 0.0, 0.0, 1.0],
                [0.998915, 0.044127, -0.014912, 0.124994, 0.045727, -0.868126, 0.494233, -0.002831, 0.008863, -0.494379, -0.869202, -1.2e-05, 0.0, 0.0, 0.0, 1.0],
                [0.998915, 0.044874, -0.012486, 0.124994, 0.045727, -0.893763, 0.446202, -0.002831, 0.008863, -0.446289, -0.894845, -1.2e-05, 0.0, 0.0, 0.0, 1.0],
                [0.998915, 0.04575, -0.008748, 0.124994, 0.045727, -0.927471, 0.371087, -0.002831, 0.008863, -0.371084, -0.928557, -1.2e-05, 0.0, 0.0, 0.0, 1.0],
                [0.998915, 0.046407, -0.003988, 0.124994, 0.045727, -0.960771, 0.273545, -0.002831, 0.008863, -0.27343, -0.961851, -1.2e-05, 0.0, 0.0, 0.0, 1.0],
                [0.998915, 0.046557, 0.001417, 0.124994, 0.045727, -0.985999, 0.160356, -0.002831, 0.008863, -0.160117, -0.987058, -1.2e-05, 0.0, 0.0, 0.0, 1.0],
                [0.998915, 0.046049, 0.007006, 0.124994, 0.045727, -0.998128, 0.040613, -0.002831, 0.008863, -0.040248, -0.99915, -1.2e-05, 0.0, 0.0, 0.0, 1.0],
                [0.998915, 0.044926, 0.012296, 0.124994, 0.045727, -0.996109, -0.075336, -0.002831, 0.008863, 0.075816, -0.997082, -1.2e-05, 0.0, 0.0, 0.0, 1.0],
                [0.998915, 0.04342, 0.016859, 0.124994, 0.045727, -0.983044, -0.177574, -0.002831, 0.008863, 0.178152, -0.983963, -1.2e-05, 0.0, 0.0, 0.0, 1.0],
                [0.998915, 0.041884, 0.020378, 0.124994, 0.045727, -0.965083, -0.257923, -0.002831, 0.008863, 0.258575, -0.965951, -1.2e-05, 0.0, 0.0, 0.0, 1.0],
                [0.998915, 0.040712, 0.022629, 0.124994, 0.045727, -0.949597, -0.310119, -0.002831, 0.008863, 0.310817, -0.950428, -1.2e-05, 0.0, 0.0, 0.0, 1.0],
                [0.998915, 0.040258, 0.023428, 0.124994, 0.045727, -0.943295, -0.328791, -0.002831, 0.008863, 0.329506, -0.944112, -1.2e-05, 0.0, 0.0, 0.0, 1.0],
                [0.998915, 0.040258, 0.023428, 0.124994, 0.045727, -0.943295, -0.328791, -0.002831, 0.008863, 0.329506, -0.944112, -1.2e-05, 0.0, 0.0, 0.0, 1.0],
                [0.998915, 0.040258, 0.023428, 0.124994, 0.045727, -0.943295, -0.328791, -0.002831, 0.008863, 0.329506, -0.944112, -1.2e-05, 0.0, 0.0, 0.0, 1.0],
                [0.998915, 0.040258, 0.023428, 0.124994, 0.045727, -0.943295, -0.328791, -0.002831, 0.008863, 0.329506, -0.944112, -1.2e-05, 0.0, 0.0, 0.0, 1.0],
                [0.998915, 0.040258, 0.023428, 0.124994, 0.045727, -0.943295, -0.328791, -0.002831, 0.008863, 0.329506, -0.944112, -1.2e-05, 0.0, 0.0, 0.0, 1.0],
                [0.998915, 0.040258, 0.023428, 0.124994, 0.045727, -0.943295, -0.328791, -0.002831, 0.008863, 0.329506, -0.944112, -1.2e-05, 0.0, 0.0, 0.0, 1.0],
                [0.998915, 0.040258, 0.023428, 0.124994, 0.045727, -0.943295, -0.328791, -0.002831, 0.008863, 0.329506, -0.944112, -1.2e-05, 0.0, 0.0, 0.0, 1.0],
                [0.998915, 0.040258, 0.023428, 0.124994, 0.045727, -0.943295, -0.328791, -0.002831, 0.008863, 0.329506, -0.944112, -1.2e-05, 0.0, 0.0, 0.0, 1.0],
                [0.998915, 0.040258, 0.023428, 0.124994, 0.045727, -0.943295, -0.328791, -0.002831, 0.008863, 0.329506, -0.944112, -1.2e-05, 0.0, 0.0, 0.0, 1.0],
                [0.998915, 0.040258, 0.023428, 0.124994, 0.045727, -0.943295, -0.328791, -0.002831, 0.008863, 0.329506, -0.944112, -1.2e-05, 0.0, 0.0, 0.0, 1.0],
                [0.998915, 0.040258, 0.023428, 0.124994, 0.045727, -0.943295, -0.328791, -0.002831, 0.008863, 0.329506, -0.944112, -1.2e-05, 0.0, 0.0, 0.0, 1.0],
                [0.998915, 0.040258, 0.023428, 0.124994, 0.045727, -0.943295, -0.328791, -0.002831, 0.008863, 0.329506, -0.944112, -1.2e-05, 0.0, 0.0, 0.0, 1.0],
                [0.998915, 0.040258, 0.023428, 0.124994, 0.045727, -0.943295, -0.328791, -0.002831, 0.008863, 0.329506, -0.944112, -1.2e-05, 0.0, 0.0, 0.0, 1.0],
                [0.998915, 0.040258, 0.023428, 0.124994, 0.045727, -0.943295, -0.328791, -0.002831, 0.008863, 0.329506, -0.944112, -1.2e-05, 0.0, 0.0, 0.0, 1.0],
                [0.998915, 0.040258, 0.023428, 0.124994, 0.045727, -0.943295, -0.328791, -0.002831, 0.008863, 0.329506, -0.944112, -1.2e-05, 0.0, 0.0, 0.0, 1.0],
                [0.998915, 0.040258, 0.023428, 0.124994, 0.045727, -0.943295, -0.328791, -0.002831, 0.008863, 0.329506, -0.944112, -1.2e-05, 0.0, 0.0, 0.0, 1.0],
                [0.998915, 0.040258, 0.023428, 0.124994, 0.045727, -0.943295, -0.328791, -0.002831, 0.008863, 0.329506, -0.944112, -1.2e-05, 0.0, 0.0, 0.0, 1.0],
                [0.998915, 0.040258, 0.023428, 0.124994, 0.045727, -0.943295, -0.328791, -0.002831, 0.008863, 0.329506, -0.944112, -1.2e-05, 0.0, 0.0, 0.0, 1.0],
                [0.998915, 0.040258, 0.023428, 0.124994, 0.045727, -0.943295, -0.328791, -0.002831, 0.008863, 0.329506, -0.944112, -1.2e-05, 0.0, 0.0, 0.0, 1.0],
                [0.998915, 0.040258, 0.023428, 0.124994, 0.045727, -0.943295, -0.328791, -0.002831, 0.008863, 0.329506, -0.944112, -1.2e-05, 0.0, 0.0, 0.0, 1.0],
                [0.998915, 0.040258, 0.023428, 0.124994, 0.045727, -0.943295, -0.328791, -0.002831, 0.008863, 0.329506, -0.944112, -1.2e-05, 0.0, 0.0, 0.0, 1.0],
                [0.998915, 0.040258, 0.023428, 0.124994, 0.045727, -0.943295, -0.328791, -0.002831, 0.008863, 0.329506, -0.944112, -1.2e-05, 0.0, 0.0, 0.0, 1.0],
                [0.998915, 0.040258, 0.023428, 0.124994, 0.045727, -0.943295, -0.328791, -0.002831, 0.008863, 0.329506, -0.944112, -1.2e-05, 0.0, 0.0, 0.0, 1.0],
                [0.998915, 0.040258, 0.023428, 0.124994, 0.045727, -0.943295, -0.328791, -0.002831, 0.008863, 0.329506, -0.944112, -1.2e-05, 0.0, 0.0, 0.0, 1.0],
                [0.998915, 0.040258, 0.023428, 0.124994, 0.045727, -0.943295, -0.328791, -0.002831, 0.008863, 0.329506, -0.944112, -1.2e-05, 0.0, 0.0, 0.0, 1.0],
                [0.998915, 0.040258, 0.023428, 0.124994, 0.045727, -0.943295, -0.328791, -0.002831, 0.008863, 0.329506, -0.944112, -1.2e-05, 0.0, 0.0, 0.0, 1.0],
                [0.998915, 0.040258, 0.023428, 0.124994, 0.045727, -0.943295, -0.328791, -0.002831, 0.008863, 0.329506, -0.944112, -1.2e-05, 0.0, 0.0, 0.0, 1.0],
                [0.998915, 0.040258, 0.023428, 0.124994, 0.045727, -0.943295, -0.328791, -0.002831, 0.008863, 0.329506, -0.944112, -1.2e-05, 0.0, 0.0, 0.0, 1.0],
                [0.998915, 0.040258, 0.023428, 0.124994, 0.045727, -0.943295, -0.328791, -0.002831, 0.008863, 0.329506, -0.944112, -1.2e-05, 0.0, 0.0, 0.0, 1.0],
                [0.998915, 0.040258, 0.023428, 0.124994, 0.045727, -0.943295, -0.328791, -0.002831, 0.008863, 0.329506, -0.944112, -1.2e-05, 0.0, 0.0, 0.0, 1.0],
                [0.998915, 0.040258, 0.023428, 0.124994, 0.045727, -0.943295, -0.328791, -0.002831, 0.008863, 0.329506, -0.944112, -1.2e-05, 0.0, 0.0, 0.0, 1.0],
                [0.998915, 0.040258, 0.023428, 0.124994, 0.045727, -0.943295, -0.328791, -0.002831, 0.008863, 0.329506, -0.944112, -1.2e-05, 0.0, 0.0, 0.0, 1.0],
                [0.998915, 0.040258, 0.023428, 0.124994, 0.045727, -0.943295, -0.328791, -0.002831, 0.008863, 0.329506, -0.944112, -1.2e-05, 0.0, 0.0, 0.0, 1.0],
                [0.998915, 0.040258, 0.023428, 0.124994, 0.045727, -0.943295, -0.328791, -0.002831, 0.008863, 0.329506, -0.944112, -1.2e-05, 0.0, 0.0, 0.0, 1.0],
                [0.998915, 0.040258, 0.023428, 0.124994, 0.045727, -0.943295, -0.328791, -0.002831, 0.008863, 0.329506, -0.944112, -1.2e-05, 0.0, 0.0, 0.0, 1.0],
                [0.998915, 0.040258, 0.023428, 0.124994, 0.045727, -0.943295, -0.328791, -0.002831, 0.008863, 0.329506, -0.944112, -1.2e-05, 0.0, 0.0, 0.0, 1.0],
                [0.998915, 0.040258, 0.023428, 0.124994, 0.045727, -0.943295, -0.328791, -0.002831, 0.008863, 0.329506, -0.944112, -1.2e-05, 0.0, 0.0, 0.0, 1.0],
                [0.998915, 0.040258, 0.023428, 0.124994, 0.045727, -0.943295, -0.328791, -0.002831, 0.008863, 0.329506, -0.944112, -1.2e-05, 0.0, 0.0, 0.0, 1.0],
                [0.998915, 0.040258, 0.023428, 0.124994, 0.045727, -0.943295, -0.328791, -0.002831, 0.008863, 0.329506, -0.944112, -1.2e-05, 0.0, 0.0, 0.0, 1.0],
                [0.998915, 0.040258, 0.023428, 0.124994, 0.045727, -0.943295, -0.328791, -0.002831, 0.008863, 0.329506, -0.944112, -1.2e-05, 0.0, 0.0, 0.0, 1.0],
                [0.998915, 0.040258, 0.023428, 0.124994, 0.045727, -0.943295, -0.328791, -0.002831, 0.008863, 0.329506, -0.944112, -1.2e-05, 0.0, 0.0, 0.0, 1.0],
                [0.998915, 0.040258, 0.023428, 0.124994, 0.045727, -0.943295, -0.328791, -0.002831, 0.008863, 0.329506, -0.944112, -1.2e-05, 0.0, 0.0, 0.0, 1.0],
                [0.998915, 0.040258, 0.023428, 0.124994, 0.045727, -0.943295, -0.328791, -0.002831, 0.008863, 0.329506, -0.944112, -1.2e-05, 0.0, 0.0, 0.0, 1.0]
            ]
        },
        {
            "name": "Leg_R",
            "time": [0.0, 0.0167, 0.0333, 0.05, 0.0667, 0.0833, 0.1, 0.1167, 0.1333, 0.15, 0.1667, 0.1833, 0.2, 0.2167, 0.2333, 0.25, 0.2667, 0.2833, 0.3, 0.3167, 0.3333, 0.35, 0.3667, 0.3833, 0.4, 0.4167, 0.4333, 0.45, 0.4667, 0.4833, 0.5, 0.5167, 0.5333, 0.55, 0.5667, 0.5833, 0.6, 0.6167, 0.6333, 0.65, 0.6667, 0.6833, 0.7, 0.7167, 0.7333, 0.75, 0.7667, 0.7833, 0.8, 0.8167, 0.8333, 0.85, 0.8667, 0.8833, 0.9, 0.9167, 0.9333, 0.95, 0.9667, 0.9833, 1.0, 1.0167, 1.0333, 1.05, 1.0667, 1.0833, 1.1, 1.1167, 1.1333, 1.15, 1.1667, 1.1833, 1.2, 1.2167, 1.2333, 1.25, 1.2667, 1.2833, 1.3, 1.3167, 1.3333, 1.35],
            "transform": [
                [1.0, 1e-06, 1e-06, -0.0, -1e-06, 0.999995, 0.00307, 0.37472, -1e-06, -0.00307, 0.999995, -0.0, 0.0, 0.0, 0.0, 1.0],
                [1.0, -0.000208, -0.000521, -0.0, 0.000215, 0.999914, 0.013144, 0.37472, 0.000518, -0.013144, 0.999913, 0.0, 0.0, 0.0, 0.0, 1.0],
                [0.999998, -0.000755, -0.001964, -0.0, 0.000835, 0.999167, 0.040809, 0.37472, 0.001932, -0.04081, 0.999165, -0.0, 0.0, 0.0, 0.0, 1.0],
                [0.99999, -0.0015, -0.004154, -0.0, 0.001836, 0.996614, 0.082203, 0.37472, 0.004017, -0.08221, 0.996607, 0.0, 0.0, 0.0, 0.0, 1.0],
                [0.999973, -0.002296, -0.00691, -0.0, 0.003197, 0.991067, 0.13333, 0.37472, 0.006542, -0.133348, 0.991048, 0.0, 0.0, 0.0, 0.0, 1.0],
                [0.999945, -0.003016, -0.010033, -0.0, 0.004868, 0.981768, 0.190023, 0.37472, 0.009276, -0.190061, 0.981728, 0.0, 0.0, 0.0, 0.0, 1.0],
                [0.999905, -0.003572, -0.013303, 0.0, 0.00676, 0.968726, 0.248041, 0.37472, 0.012001, -0.248107, 0.968658, -0.0, 0.0, 0.0, 0.0, 1.0],
                [0.999856, -0.003923, -0.016488, -0.0, 0.008739, 0.952871, 0.30325, 0.37472, 0.014521, -0.303351, 0.952768, -0.0, 0.0, 0.0, 0.0, 1.0],
                [0.999804, -0.004082, -0.019352, -0.0, 0.010631, 0.936009, 0.351816, 0.37472, 0.016677, -0.351953, 0.935869, -0.0, 0.0, 0.0, 0.0, 1.0],
                [0.999757, -0.004102, -0.021664, 0.0, 0.012235, 0.920606, 0.390302, 0.37472, 0.018343, -0.390472, 0.920432, 0.0, 0.0, 0.0, 0.0, 1.0],
                [0.999723, -0.004062, -0.023207, -0.0, 0.013343, 0.909445, 0.41561, 0.37472, 0.019417, -0.415804, 0.909247, 0.0, 0.0, 0.0, 0.0, 1.0],
                [0.999709, -0.004037, -0.023768, -0.0, 0.013754, 0.905209, 0.424744, 0.37472, 0.0198, -0.424947, 0.905001, 0.0, 0.0, 0.0, 0.0, 1.0],
                [0.999709, -0.004037, -0.023768, -0.0, 0.013754, 0.905209, 0.424744, 0.37472, 0.0198, -0.424947, 0.905001, 0.0, 0.0, 0.0, 0.0, 1.0],
                [0.999709, -0.004037, -0.023768, -0.0, 0.013754, 0.905209, 0.424744, 0.37472, 0.0198, -0.424947, 0.905001, 0.0, 0.0, 0.0, 0.0, 1.0],
                [0.999709, -0.004037, -0.023768, -0.0, 0.013754, 0.905209, 0.424744, 0.37472, 0.0198, -0.424947, 0.905001, 0.0, 0.0, 0.0, 0.0, 1.0],
                [0.999709, -0.004037, -0.023768, -0.0, 0.013754, 0.905209, 0.424744, 0.37472, 0.0198, -0.424947, 0.905001, 0.0, 0.0, 0.0, 0.0, 1.0],
                [0.999709, -0.004037, -0.023768, -0.0, 0.013754, 0.905209, 0.424744, 0.37472, 0.0198, -0.424947, 0.905001, 0.0, 0.0, 0.0, 0.0, 1.0],
                [0.999709, -0.004037, -0.023768, -0.0, 0.013754, 0.905209, 0.424744, 0.37472, 0.0198, -0.424947, 0.905001, 0.0, 0.0, 0.0, 0.0, 1.0],
                [0.999709, -0.004037, -0.023768, -0.0, 0.013754, 0.905209, 0.424744, 0.37472, 0.0198, -0.424947, 0.905001, 0.0, 0.0, 0.0, 0.0, 1.0],
                [0.999709, -0.004037, -0.023768, -0.0, 0.013754, 0.905209, 0.424744, 0.37472, 0.0198, -0.424947, 0.905001, 0.0, 0.0, 0.0, 0.0, 1.0],
                [0.999709, -0.004037, -0.023768, -0.0, 0.013754, 0.905209, 0.424744, 0.37472, 0.0198, -0.424947, 0.905001, 0.0, 0.0, 0.0, 0.0, 1.0],
                [0.999709, -0.004037, -0.023768, -0.0, 0.013754, 0.905209, 0.424744, 0.37472, 0.0198, -0.424947, 0.905001, 0.0, 0.0, 0.0, 0.0, 1.0],
                [0.999709, -0.004037, -0.023768, -0.0, 0.013754, 0.905209, 0.424744, 0.37472, 0.0198, -0.424947, 0.905001, 0.0, 0.0, 0.0, 0.0, 1.0],
                [0.999709, -0.004037, -0.023768, -0.0, 0.013754, 0.905209, 0.424744, 0.37472, 0.0198, -0.424947, 0.905001, 0.0, 0.0, 0.0, 0.0, 1.0],
                [0.999709, -0.004037, -0.023768, -0.0, 0.013754, 0.905209, 0.424744, 0.37472, 0.0198, -0.424947, 0.905001, 0.0, 0.0, 0.0, 0.0, 1.0],
                [0.999709, -0.004037, -0.023768, -0.0, 0.013754, 0.905209, 0.424744, 0.37472, 0.0198, -0.424947, 0.905001, 0.0, 0.0, 0.0, 0.0, 1.0],
                [0.999709, -0.004037, -0.023768, -0.0, 0.013754, 0.905209, 0.424744, 0.37472, 0.0198, -0.424947, 0.905001, 0.0, 0.0, 0.0, 0.0, 1.0],
                [0.999709, -0.004037, -0.023768, -0.0, 0.013754, 0.905209, 0.424744, 0.37472, 0.0198, -0.424947, 0.905001, 0.0, 0.0, 0.0, 0.0, 1.0],
                [0.999709, -0.004037, -0.023768, -0.0, 0.013754, 0.905209, 0.424744, 0.37472, 0.0198, -0.424947, 0.905001, 0.0, 0.0, 0.0, 0.0, 1.0],
                [0.999709, -0.004037, -0.023768, -0.0, 0.013754, 0.905209, 0.424744, 0.37472, 0.0198, -0.424947, 0.905001, 0.0, 0.0, 0.0, 0.0, 1.0],
                [0.999709, -0.004037, -0.023768, 0.0, 0.013754, 0.905209, 0.424744, 0.37472, 0.0198, -0.424947, 0.905002, -0.0, 0.0, 0.0, 0.0, 1.0],
                [0.999709, -0.004037, -0.023768, 0.0, 0.013754, 0.905209, 0.424744, 0.37472, 0.0198, -0.424947, 0.905002, -0.0, 0.0, 0.0, 0.0, 1.0],
                [0.999709, -0.004037, -0.023768, 0.0, 0.013754, 0.905209, 0.424744, 0.37472, 0.0198, -0.424947, 0.905001, 0.0, 0.0, 0.0, 0.0, 1.0],
                [0.999709, -0.004037, -0.023768, 0.0, 0.013754, 0.905209, 0.424744, 0.37472, 0.0198, -0.424947, 0.905002, 0.0, 0.0, 0.0, 0.0, 1.0],
                [0.999709, -0.004037, -0.023768, 0.0, 0.013754, 0.905209, 0.424744, 0.37472, 0.0198, -0.424947, 0.905001, -0.0, 0.0, 0.0, 0.0, 1.0],
                [0.999709, -0.004037, -0.023768, -0.0, 0.013754, 0.905209, 0.424744, 0.37472, 0.0198, -0.424947, 0.905001, 0.0, 0.0, 0.0, 0.0, 1.0],
                [0.999709, -0.004037, -0.023768, -0.0, 0.013754, 0.905209, 0.424744, 0.37472, 0.0198, -0.424947, 0.905001, 0.0, 0.0, 0.0, 0.0, 1.0],
                [0.999709, -0.004037, -0.023768, 0.0, 0.013754, 0.905209, 0.424744, 0.37472, 0.0198, -0.424947, 0.905001, -0.0, 0.0, 0.0, 0.0, 1.0],
                [0.999709, -0.004037, -0.023768, -0.0, 0.013754, 0.905209, 0.424744, 0.37472, 0.0198, -0.424947, 0.905002, -0.0, 0.0, 0.0, 0.0, 1.0],
                [0.999709, -0.004037, -0.023768, 0.0, 0.013754, 0.905209, 0.424744, 0.37472, 0.0198, -0.424947, 0.905001, 0.0, 0.0, 0.0, 0.0, 1.0],
                [0.999709, -0.004037, -0.023768, 0.0, 0.013754, 0.905209, 0.424744, 0.37472, 0.0198, -0.424947, 0.905001, 0.0, 0.0, 0.0, 0.0, 1.0],
                [0.999709, -0.004037, -0.023768, 0.0, 0.013754, 0.905209, 0.424744, 0.37472, 0.0198, -0.424947, 0.905001, 0.0, 0.0, 0.0, 0.0, 1.0],
                [0.999709, -0.004037, -0.023768, 0.0, 0.013754, 0.905209, 0.424744, 0.37472, 0.0198, -0.424947, 0.905001, 0.0, 0.0, 0.0, 0.0, 1.0],
                [0.999709, -0.004037, -0.023768, 0.0, 0.013754, 0.905209, 0.424744, 0.37472, 0.0198, -0.424947, 0.905001, 0.0, 0.0, 0.0, 0.0, 1.0],
                [0.999709, -0.004037, -0.023768, 0.0, 0.013754, 0.905209, 0.424744, 0.37472, 0.0198, -0.424947, 0.905001, 0.0, 0.0, 0.0, 0.0, 1.0],
                [0.999709, -0.004037, -0.023768, 0.0, 0.013754, 0.905209, 0.424744, 0.37472, 0.0198, -0.424947, 0.905001, 0.0, 0.0, 0.0, 0.0, 1.0],
                [0.999709, -0.004037, -0.023768, 0.0, 0.013754, 0.905209, 0.424744, 0.37472, 0.0198, -0.424947, 0.905001, 0.0, 0.0, 0.0, 0.0, 1.0],
                [0.999709, -0.004037, -0.023768, 0.0, 0.013754, 0.905209, 0.424744, 0.37472, 0.0198, -0.424947, 0.905001, 0.0, 0.0, 0.0, 0.0, 1.0],
                [0.999709, -0.004037, -0.023768, 0.0, 0.013754, 0.905209, 0.424744, 0.37472, 0.0198, -0.424947, 0.905001, 0.0, 0.0, 0.0, 0.0, 1.0],
                [0.999709, -0.004037, -0.023768, 0.0, 0.013754, 0.905209, 0.424744, 0.37472, 0.0198, -0.424947, 0.905001, 0.0, 0.0, 0.0, 0.0, 1.0],
                [0.999709, -0.004037, -0.023768, 0.0, 0.013754, 0.905209, 0.424744, 0.37472, 0.0198, -0.424947, 0.905001, 0.0, 0.0, 0.0, 0.0, 1.0],
                [0.999709, -0.004037, -0.023768, 0.0, 0.013754, 0.905209, 0.424744, 0.37472, 0.0198, -0.424947, 0.905001, 0.0, 0.0, 0.0, 0.0, 1.0],
