{
    "armature": {
        "joints": ["Root", "Thigh_R", "Leg_R", "Knee_R", "Thigh_L", "Leg_L", "Knee_L", "Torso", "Chest", "Head", "Shoulder_R", "Arm_R", "Hand_R", "Tool_R", "Elbow_R", "Shoulder_L", "Arm_L", "Hand_L", "Tool_L", "Elbow_L"],
        "hierarchy": [
            {
                "name": "Root",
                "transform": [1.0, 0.0, 0.0, -5e-06, 0.0, 0.0, -1.0, 0.000946, 0.0, 1.0, 0.0, 0.763972, 0.0, 0.0, 0.0, 1.0],
                "children": [
                    {
                        "name": "Thigh_R",
                        "transform": [1.0, -0.0, -0.0, 0.124994, -0.0, -1.0, 0.0, -0.002831, -0.0, -0.0, -1.0, -1.2e-05, 0.0, 0.0, 0.0, 1.0],
                        "children": [
                            {
                                "name": "Leg_R",
                                "transform": [1.0, 0.0, 1e-06, 0.0, -0.0, 1.0, 0.0, 0.37472, -1e-06, -0.0, 1.0, -0.0, 0.0, 0.0, 0.0, 1.0],
                                "children": []
                            },
                            {
                                "name": "Knee_R",
                                "transform": [1.0, 0.0, -0.0, 0.0, -0.0, 0.0, -1.0, 0.37472, -0.0, 1.0, 0.0, -0.0, 0.0, 0.0, 0.0, 1.0],
                                "children": []
                            }
                        ]
                    },
                    {
                        "name": "Thigh_L",
                        "transform": [1.0, -0.0, -0.0, -0.125006, -0.0, -1.0, 0.0, -0.002831, -0.0, -0.0, -1.0, -1.2e-05, 0.0, 0.0, 0.0, 1.0],
                        "children": [
                            {
                                "name": "Leg_L",
                                "transform": [1.0, 0.0, 1e-06, -0.0, -0.0, 1.0, 0.0, 0.37472, -1e-06, -0.0, 1.0, 0.0, 0.0, 0.0, 0.0, 1.0],
                                "children": []
                            },
                            {
                                "name": "Knee_L",
                                "transform": [1.0, 0.0, -0.0, -0.0, -0.0, 0.0, -1.0, 0.37472, -0.0, 1.0, 0.0, 0.0, 0.0, 0.0, 0.0, 1.0],
                                "children": []
                            }
                        ]
                    },
                    {
                        "name": "Torso",
                        "transform": [1.0, 0.0, 0.0, 0.0, 0.0, 1.0, 0.0, 0.05, 0.0, 0.0, 1.0, 0.0, 0.0, 0.0, 0.0, 1.0],
                        "children": [
                            {
                                "name": "Chest",
                                "transform": [1.0, 0.0, 0.0, 0.0, 0.0, 1.0, 0.0, 0.3, 0.0, 0.0, 1.0, 0.0, 0.0, 0.0, 0.0, 1.0],
                                "children": [
                                    {
                                        "name": "Head",
                                        "transform": [1.0, 0.0, 0.0, 0.0, 0.0, 1.0, 0.0, 0.4, 0.0, 0.0, 1.0, 0.0, 0.0, 0.0, 0.0, 1.0],
                                        "children": []
                                    },
                                    {
                                        "name": "Shoulder_R",
                                        "transform": [0.0, 0.952114, 0.305743, 0.0, 0.0, -0.305743, 0.952114, 0.4, 1.0, 0.0, -0.0, 0.0, 0.0, 0.0, 0.0, 1.0],
                                        "children": [
                                            {
                                                "name": "Arm_R",
                                                "transform": [0.0, -0.0, -1.0, -0.0, 0.952114, 0.305743, 0.0, 0.39386, 0.305743, -0.952114, 0.0, 0.0, 0.0, 0.0, 0.0, 1.0],
                                                "children": [
                                                    {
                                                        "name": "Hand_R",
                                                        "transform": [1.0, 0.0, 0.0, 0.0, -0.0, 0.993938, 0.109947, 0.3, -0.0, -0.109947, 0.993937, 0.0, 0.0, 0.0, 0.0, 1.0],
                                                        "children": [
                                                            {
                                                                "name": "Tool_R",
                                                                "transform": [1.0, 0.0, 0.0, -0.0, 0.0, -0.999836, 0.018122, 0.272858, 0.0, -0.018122, -0.999836, 0.0, 0.0, 0.0, 0.0, 1.0],
                                                                "children": []
                                                            }
                                                        ]
                                                    },
                                                    {
                                                        "name": "Elbow_R",
                                                        "transform": [-1.0, 0.0, -0.0, 0.0, 0.0, 0.0, -1.0, 0.3, -0.0, -1.0, -0.0, 0.0, 0.0, 0.0, 0.0, 1.0],
                                                        "children": []
                                                    }
                                                ]
                                            }
                                        ]
                                    },
                                    {
                                        "name": "Shoulder_L",
                                        "transform": [-0.0, -0.952114, -0.305743, 0.0, 0.0, -0.305743, 0.952114, 0.4, -1.0, 0.0, 0.0, 0.0, 0.0, 0.0, 0.0, 1.0],
                                        "children": [
                                            {
                                                "name": "Arm_L",
                                                "transform": [-0.0, -0.0, 1.0, -0.0, -0.952114, 0.305743, -0.0, 0.39386, -0.305743, -0.952114, -0.0, 0.0, 0.0, 0.0, 0.0, 1.0],
                                                "children": [
                                                    {
                                                        "name": "Hand_L",
                                                        "transform": [1.0, -0.0, 0.0, -0.0, 0.0, 0.993937, 0.109947, 0.3, -0.0, -0.109947, 0.993937, 0.0, 0.0, 0.0, 0.0, 1.0],
                                                        "children": [
                                                            {
                                                                "name": "Tool_L",
                                                                "transform": [1.0, 0.0, 0.0, -0.0, -0.0, -0.999836, 0.018122, 0.272858, 0.0, -0.018122, -0.999836, -0.0, 0.0, 0.0, 0.0, 1.0],
                                                                "children": []
                                                            }
                                                        ]
                                                    },
                                                    {
                                                        "name": "Elbow_L",
                                                        "transform": [-1.0, 0.0, -0.0, -0.0, 0.0, -0.0, -1.0, 0.3, -0.0, -1.0, 0.0, 0.0, 0.0, 0.0, 0.0, 1.0],
                                                        "children": []
                                                    }
                                                ]
                                            }
                                        ]
                                    }
                                ]
                            }
                        ]
                    }
                ]
            }
        ]
    },
    "animation": [
        {
            "name": "Root",
            "time": [0.0, 0.1833, 0.4167, 0.4833, 0.5833, 0.6167, 0.6333, 0.6667, 0.7, 1.2667, 1.5833, 1.6833, 1.7667, 1.85, 1.9667, 2.0333, 2.1333, 2.2667, 2.3833, 2.6333, 2.7167, 2.7833, 2.8833, 3.0167, 3.15, 3.25, 3.3667, 3.5167, 3.65, 3.75],
            "transform": [
                [1.0, 0.0, 0.0, -5e-06, 0.0, 0.0, -1.0, -0.002071, 0.0, 1.0, 0.0, 0.688546, 0.0, 0.0, 0.0, 1.0],
                [1.0, 0.0, 0.0, -5e-06, 0.0, 0.0, -1.0, -0.002071, 0.0, 1.0, 0.0, 0.688546, 0.0, 0.0, 0.0, 1.0],
                [1.0, 0.0, 0.0, -5e-06, 0.0, 0.0, -1.0, -0.002071, 0.0, 1.0, 0.0, 0.688546, 0.0, 0.0, 0.0, 1.0],
                [1.0, 0.0, 0.0, -5e-06, 0.0, 0.0, -1.0, -0.002071, 0.0, 1.0, 0.0, 0.688546, 0.0, 0.0, 0.0, 1.0],
                [1.0, 0.0, 0.0, -5e-06, 0.0, 0.0, -1.0, -0.002071, 0.0, 1.0, 0.0, 0.688546, 0.0, 0.0, 0.0, 1.0],
                [1.0, 0.0, 0.0, -5e-06, 0.0, 0.0, -1.0, 0.277011, 0.0, 1.0, 0.0, 0.688546, 0.0, 0.0, 0.0, 1.0],
                [1.0, 0.0, 0.0, -5e-06, 0.0, 0.0, -1.0, 0.416553, 0.0, 1.0, 0.0, 0.688546, 0.0, 0.0, 0.0, 1.0],
                [1.0, 0.0, 0.0, -5e-06, 0.0, 0.0, -1.0, 0.695635, 0.0, 1.0, 0.0, 0.688546, 0.0, 0.0, 0.0, 1.0],
                [1.0, 0.0, 0.0, -5e-06, 0.0, 0.0, -1.0, 0.974717, 0.0, 1.0, 0.0, 0.688546, 0.0, 0.0, 0.0, 1.0],
                [1.0, 0.0, 0.0, -5e-06, 0.0, 0.0, -1.0, 0.974717, 0.0, 1.0, 0.0, 0.688546, 0.0, 0.0, 0.0, 1.0],
                [1.0, 0.0, 0.0, -5e-06, 0.0, 0.0, -1.0, 0.974717, 0.0, 1.0, 0.0, 0.688546, 0.0, 0.0, 0.0, 1.0],
                [1.0, 0.0, 0.0, -5e-06, 0.0, 0.0, -1.0, 0.974717, 0.0, 1.0, 0.0, 0.688546, 0.0, 0.0, 0.0, 1.0],
                [1.0, 0.0, 0.0, -5e-06, 0.0, 0.0, -1.0, 0.974717, 0.0, 1.0, 0.0, 0.688546, 0.0, 0.0, 0.0, 1.0],
                [1.0, 0.0, 0.0, -5e-06, 0.0, 0.0, -1.0, 0.974717, 0.0, 1.0, 0.0, 0.688546, 0.0, 0.0, 0.0, 1.0],
                [1.0, 0.0, 0.0, -5e-06, 0.0, 0.0, -1.0, 0.974717, 0.0, 1.0, 0.0, 0.688546, 0.0, 0.0, 0.0, 1.0],
                [1.0, 0.0, 0.0, -5e-06, 0.0, 0.0, -1.0, 0.974717, 0.0, 1.0, 0.0, 0.688546, 0.0, 0.0, 0.0, 1.0],
                [1.0, 0.0, 0.0, -5e-06, 0.0, 0.0, -1.0, 0.974717, 0.0, 1.0, 0.0, 0.688546, 0.0, 0.0, 0.0, 1.0],
                [1.0, 0.0, 0.0, -5e-06, 0.0, 0.0, -1.0, 0.974717, 0.0, 1.0, 0.0, 0.688546, 0.0, 0.0, 0.0, 1.0],
                [1.0, 0.0, 0.0, -5e-06, 0.0, 0.0, -1.0, 0.974717, 0.0, 1.0, 0.0, 0.688546, 0.0, 0.0, 0.0, 1.0],
                [1.0, 0.0, 0.0, -5e-06, 0.0, 0.0, -1.0, 0.974717, 0.0, 1.0, 0.0, 0.688546, 0.0, 0.0, 0.0, 1.0],
                [1.0, 0.0, 0.0, -5e-06, 0.0, 0.0, -1.0, 0.974717, 0.0, 1.0, 0.0, 0.688546, 0.0, 0.0, 0.0, 1.0],
                [1.0, 0.0, 0.0, -5e-06, 0.0, 0.0, -1.0, 0.974717, 0.0, 1.0, 0.0, 0.688546, 0.0, 0.0, 0.0, 1.0],
                [1.0, 0.0, 0.0, -5e-06, 0.0, 0.0, -1.0, 0.974717, 0.0, 1.0, 0.0, 0.688546, 0.0, 0.0, 0.0, 1.0],
                [1.0, 0.0, 0.0, -5e-06, 0.0, 0.0, -1.0, 0.974717, 0.0, 1.0, 0.0, 0.688546, 0.0, 0.0, 0.0, 1.0],
                [1.0, 0.0, 0.0, -5e-06, 0.0, 0.0, -1.0, 0.974717, 0.0, 1.0, 0.0, 0.688546, 0.0, 0.0, 0.0, 1.0],
                [1.0, 0.0, 0.0, -5e-06, 0.0, 0.0, -1.0, 0.868894, 0.0, 1.0, 0.0, 0.688546, 0.0, 0.0, 0.0, 1.0],
                [1.0, 0.0, 0.0, -5e-06, 0.0, 0.0, -1.0, 0.745434, 0.0, 1.0, 0.0, 0.688546, 0.0, 0.0, 0.0, 1.0],
                [1.0, 0.0, 0.0, -5e-06, 0.0, 0.0, -1.0, 0.586699, 0.0, 1.0, 0.0, 0.688546, 0.0, 0.0, 0.0, 1.0],
                [1.0, 0.0, 0.0, -5e-06, 0.0, 0.0, -1.0, 0.445602, 0.0, 1.0, 0.0, 0.688546, 0.0, 0.0, 0.0, 1.0],
                [1.0, 0.0, 0.0, -5e-06, 0.0, 0.0, -1.0, 0.445602, 0.0, 1.0, 0.0, 0.688546, 0.0, 0.0, 0.0, 1.0]
            ]
        },
        {
            "name": "Thigh_R",
            "time": [0.0, 0.1833, 0.4167, 0.4833, 0.5833, 0.6167, 0.6333, 0.6667, 0.7, 1.0333, 1.2667, 1.5833, 1.6833, 1.7667, 1.85, 1.9667, 2.0333, 2.1333, 2.2667, 2.3833, 2.6333, 2.7167, 2.7833, 2.8833, 3.0167, 3.15, 3.25, 3.3667, 3.5167, 3.65, 3.75],
            "transform": [
                [0.998915, 0.042282, -0.019539, 0.124994, 0.038601, -0.986241, -0.16074, -0.002831, -0.026067, 0.159811, -0.986803, -1.2e-05, 0.0, 0.0, 0.0, 1.0],
                [0.998915, 0.042282, -0.019539, 0.124994, 0.038601, -0.986241, -0.16074, -0.002831, -0.026067, 0.159811, -0.986803, -1.2e-05, 0.0, 0.0, 0.0, 1.0],
                [0.998915, 0.042282, -0.019539, 0.124994, 0.038601, -0.986241, -0.16074, -0.002831, -0.026067, 0.159811, -0.986803, -1.2e-05, 0.0, 0.0, 0.0, 1.0],
                [0.998915, 0.042282, -0.019539, 0.124994, 0.038601, -0.986241, -0.16074, -0.002831, -0.026067, 0.159811, -0.986803, -1.2e-05, 0.0, 0.0, 0.0, 1.0],
                [0.998915, 0.042282, -0.019539, 0.124994, 0.038601, -0.986241, -0.16074, -0.002831, -0.026067, 0.159811, -0.986803, -1.2e-05, 0.0, 0.0, 0.0, 1.0],
                [0.998915, 0.042282, -0.019539, 0.124994, 0.042526, -0.99902, 0.012222, -0.002831, -0.019003, -0.01304, -0.999734, -1.2e-05, 0.0, 0.0, 0.0, 1.0],
                [0.998915, 0.042282, -0.019539, 0.124994, 0.044028, -0.994032, 0.099807, -0.002831, -0.015203, -0.100559, -0.994815, -1.2e-05, 0.0, 0.0, 0.0, 1.0],
                [0.998915, 0.042282, -0.019539, 0.124994, 0.046007, -0.96115, 0.272166, -0.002831, -0.007273, -0.272769, -0.962052, -1.2e-05, 0.0, 0.0, 0.0, 1.0],
                [0.998915, 0.042282, -0.019539, 0.124994, 0.046572, -0.899546, 0.434336, -0.002831, 0.000788, -0.434775, -0.900539, -1.2e-05, 0.0, 0.0, 0.0, 1.0],
                [0.998915, 0.042282, -0.019539, 0.124994, 0.046572, -0.899546, 0.434336, -0.002831, 0.000788, -0.434775, -0.900539, -1.2e-05, 0.0, 0.0, 0.0, 1.0],
                [0.998915, 0.042282, -0.019539, 0.124994, 0.046572, -0.899546, 0.434336, -0.002831, 0.000788, -0.434775, -0.900539, -1.2e-05, 0.0, 0.0, 0.0, 1.0],
                [0.998915, 0.042282, -0.019539, 0.124994, 0.046572, -0.899546, 0.434336, -0.002831, 0.000788, -0.434775, -0.900539, -1.2e-05, 0.0, 0.0, 0.0, 1.0],
                [0.998915, 0.042282, -0.019539, 0.124994, 0.046572, -0.899546, 0.434336, -0.002831, 0.000788, -0.434775, -0.900539, -1.2e-05, 0.0, 0.0, 0.0, 1.0],
                [0.998915, 0.042282, -0.019539, 0.124994, 0.046572, -0.899546, 0.434336, -0.002831, 0.000788, -0.434775, -0.900539, -1.2e-05, 0.0, 0.0, 0.0, 1.0],
                [0.998915, 0.042282, -0.019539, 0.124994, 0.046572, -0.899546, 0.434336, -0.002831, 0.000788, -0.434775, -0.900539, -1.2e-05, 0.0, 0.0, 0.0, 1.0],
                [0.998915, 0.042282, -0.019539, 0.124994, 0.046572, -0.899546, 0.434336, -0.002831, 0.000788, -0.434775, -0.900539, -1.2e-05, 0.0, 0.0, 0.0, 1.0],
                [0.998915, 0.042282, -0.019539, 0.124994, 0.046572, -0.899546, 0.434336, -0.002831, 0.000788, -0.434775, -0.900539, -1.2e-05, 0.0, 0.0, 0.0, 1.0],
                [0.998915, 0.042282, -0.019539, 0.124994, 0.046572, -0.899546, 0.434336, -0.002831, 0.000788, -0.434775, -0.900539, -1.2e-05, 0.0, 0.0, 0.0, 1.0],
                [0.998915, 0.042282, -0.019539, 0.124994, 0.046572, -0.899546, 0.434336, -0.002831, 0.000788, -0.434775, -0.900539, -1.2e-05, 0.0, 0.0, 0.0, 1.0],
                [0.998915, 0.042282, -0.019539, 0.124994, 0.046572, -0.899546, 0.434336, -0.002831, 0.000788, -0.434775, -0.900539, -1.2e-05, 0.0, 0.0, 0.0, 1.0],
                [0.998915, 0.042282, -0.019539, 0.124994, 0.046572, -0.899546, 0.434336, -0.002831, 0.000788, -0.434775, -0.900539, -1.2e-05, 0.0, 0.0, 0.0, 1.0],
                [0.998915, 0.042282, -0.019539, 0.124994, 0.046572, -0.899546, 0.434336, -0.002831, 0.000788, -0.434775, -0.900539, -1.2e-05, 0.0, 0.0, 0.0, 1.0],
                [0.998915, 0.042282, -0.019539, 0.124994, 0.046572, -0.899546, 0.434336, -0.002831, 0.000788, -0.434775, -0.900539, -1.2e-05, 0.0, 0.0, 0.0, 1.0],
                [0.998915, 0.042282, -0.019539, 0.124994, 0.046572, -0.899546, 0.434336, -0.002831, 0.000788, -0.434775, -0.900539, -1.2e-05, 0.0, 0.0, 0.0, 1.0],
                [0.998915, 0.042282, -0.019539, 0.124994, 0.046572, -0.899546, 0.434336, -0.002831, 0.000788, -0.434775, -0.900539, -1.2e-05, 0.0, 0.0, 0.0, 1.0],
                [0.998915, 0.042282, -0.019539, 0.124994, 0.046572, -0.899546, 0.434336, -0.002831, 0.000788, -0.434775, -0.900539, -1.2e-05, 0.0, 0.0, 0.0, 1.0],
                [0.998915, 0.042282, -0.019539, 0.124994, 0.046529, -0.925069, 0.376937, -0.002831, -0.002138, -0.377437, -0.926033, -1.2e-05, 0.0, 0.0, 0.0, 1.0],
                [0.998915, 0.042282, -0.019539, 0.124994, 0.04538, -0.977987, 0.203668, -0.002831, -0.010498, -0.204334, -0.978845, -1.2e-05, 0.0, 0.0, 0.0, 1.0],
                [0.998915, 0.042282, -0.019539, 0.124994, 0.041148, -0.997628, -0.055177, -0.002831, -0.021826, 0.054314, -0.998285, -1.2e-05, 0.0, 0.0, 0.0, 1.0],
                [0.998915, 0.042282, -0.019539, 0.124994, 0.038601, -0.986241, -0.16074, -0.002831, -0.026067, 0.159811, -0.986803, -1.2e-05, 0.0, 0.0, 0.0, 1.0],
                [0.998915, 0.042282, -0.019539, 0.124994, 0.038601, -0.986241, -0.16074, -0.002831, -0.026067, 0.159811, -0.986803, -1.2e-05, 0.0, 0.0, 0.0, 1.0]
            ]
        },
        {
            "name": "Leg_R",
            "time": [0.0, 0.1833, 0.4167, 0.4833, 0.5833, 0.6167, 0.6333, 0.6667, 0.7, 1.0333, 1.2667, 1.5833, 1.6833, 1.7667, 1.85, 1.9667, 2.0333, 2.1333, 2.2667, 2.3833, 2.6333, 2.7167, 2.7833, 2.8833, 3.0167, 3.15, 3.25, 3.3667, 3.5167, 3.65, 3.75],
            "transform": [
                [1.0, 1e-06, 1e-06, -0.0, -1e-06, 0.999995, 0.00307, 0.37472, -1e-06, -0.00307, 0.999995, -0.0, 0.0, 0.0, 0.0, 1.0],
                [1.0, 1e-06, 1e-06, -0.0, -1e-06, 0.999995, 0.00307, 0.37472, -1e-06, -0.00307, 0.999995, -0.0, 0.0, 0.0, 0.0, 1.0],
                [1.0, 1e-06, 1e-06, -0.0, -1e-06, 0.999995, 0.00307, 0.37472, -1e-06, -0.00307, 0.999995, -0.0, 0.0, 0.0, 0.0, 1.0],
                [1.0, 1e-06, 1e-06, -0.0, -1e-06, 0.999995, 0.00307, 0.37472, -1e-06, -0.00307, 0.999995, -0.0, 0.0, 0.0, 0.0, 1.0],
                [1.0, 1e-06, 1e-06, -0.0, -1e-06, 0.999995, 0.00307, 0.37472, -1e-06, -0.00307, 0.999995, -0.0, 0.0, 0.0, 0.0, 1.0],
                [0.999983, -0.00208, -0.005401, -0.0, 0.002749, 0.991906, 0.126947, 0.37472, 0.005093, -0.12696, 0.991895, -0.0, 0.0, 0.0, 0.0, 1.0],
                [0.999962, -0.002869, -0.008204, -0.0, 0.004365, 0.982046, 0.188592, 0.37472, 0.007515, -0.18862, 0.982021, -0.0, 0.0, 0.0, 0.0, 1.0],
                [0.999895, -0.003915, -0.013931, -0.0, 0.008035, 0.950872, 0.309481, 0.37472, 0.012035, -0.309561, 0.950803, 0.0, 0.0, 0.0, 0.0, 1.0],
                [0.999797, -0.004239, -0.01971, 0.0, 0.012214, 0.905175, 0.424863, 0.37472, 0.01604, -0.425017, 0.905043, -0.0, 0.0, 0.0, 0.0, 1.0],
                [0.999797, -0.004239, -0.01971, 0.0, 0.012214, 0.905175, 0.424863, 0.37472, 0.01604, -0.425017, 0.905043, -0.0, 0.0, 0.0, 0.0, 1.0],
                [0.999797, -0.004239, -0.01971, 0.0, 0.012214, 0.905175, 0.424863, 0.37472, 0.01604, -0.425017, 0.905043, -0.0, 0.0, 0.0, 0.0, 1.0],
                [0.999797, -0.004239, -0.01971, 0.0, 0.012214, 0.905175, 0.424863, 0.37472, 0.01604, -0.425017, 0.905043, -0.0, 0.0, 0.0, 0.0, 1.0],
                [0.999797, -0.004239, -0.01971, 0.0, 0.012214, 0.905175, 0.424863, 0.37472, 0.01604, -0.425017, 0.905043, -0.0, 0.0, 0.0, 0.0, 1.0],
                [0.999797, -0.004239, -0.01971, 0.0, 0.012214, 0.905175, 0.424863, 0.37472, 0.01604, -0.425017, 0.905043, -0.0, 0.0, 0.0, 0.0, 1.0],
                [0.999797, -0.004239, -0.01971, 0.0, 0.012214, 0.905175, 0.424863, 0.37472, 0.01604, -0.425017, 0.905043, -0.0, 0.0, 0.0, 0.0, 1.0],
                [0.999797, -0.004239, -0.01971, 0.0, 0.012214, 0.905175, 0.424863, 0.37472, 0.01604, -0.425017, 0.905043, -0.0, 0.0, 0.0, 0.0, 1.0],
                [0.999797, -0.004239, -0.01971, 0.0, 0.012214, 0.905175, 0.424863, 0.37472, 0.01604, -0.425017, 0.905043, -0.0, 0.0, 0.0, 0.0, 1.0],
                [0.999797, -0.004239, -0.01971, 0.0, 0.012214, 0.905175, 0.424863, 0.37472, 0.01604, -0.425017, 0.905043, -0.0, 0.0, 0.0, 0.0, 1.0],
                [0.999797, -0.004239, -0.01971, 0.0, 0.012214, 0.905175, 0.424863, 0.37472, 0.01604, -0.425017, 0.905043, -0.0, 0.0, 0.0, 0.0, 1.0],
                [0.999797, -0.004239, -0.01971, 0.0, 0.012214, 0.905175, 0.424863, 0.37472, 0.01604, -0.425017, 0.905043, -0.0, 0.0, 0.0, 0.0, 1.0],
                [0.999797, -0.004239, -0.01971, 0.0, 0.012214, 0.905175, 0.424863, 0.37472, 0.01604, -0.425017, 0.905043, -0.0, 0.0, 0.0, 0.0, 1.0],
                [0.999797, -0.004239, -0.01971, 0.0, 0.012214, 0.905175, 0.424863, 0.37472, 0.01604, -0.425017, 0.905043, -0.0, 0.0, 0.0, 0.0, 1.0],
                [0.999797, -0.004239, -0.01971, 0.0, 0.012214, 0.905175, 0.424863, 0.37472, 0.01604, -0.425017, 0.905043, -0.0, 0.0, 0.0, 0.0, 1.0],
                [0.999797, -0.004239, -0.01971, 0.0, 0.012214, 0.905175, 0.424863, 0.37472, 0.01604, -0.425017, 0.905043, -0.0, 0.0, 0.0, 0.0, 1.0],
                [0.999797, -0.004239, -0.01971, 0.0, 0.012214, 0.905175, 0.424863, 0.37472, 0.01604, -0.425017, 0.905043, -0.0, 0.0, 0.0, 0.0, 1.0],
                [0.999797, -0.004239, -0.01971, 0.0, 0.012214, 0.905175, 0.424863, 0.37472, 0.01604, -0.425017, 0.905043, -0.0, 0.0, 0.0, 0.0, 1.0],
                [0.999836, -0.004205, -0.017609, -0.0, 0.01064, 0.92341, 0.383667, 0.37472, 0.014647, -0.383791, 0.923304, -0.0, 0.0, 0.0, 0.0, 1.0],
                [0.999926, -0.003581, -0.011615, 0.0, 0.006493, 0.965213, 0.261385, 0.37472, 0.010275, -0.261441, 0.965165, 0.0, 0.0, 0.0, 0.0, 1.0],
                [0.999994, -0.001354, -0.003279, 0.0, 0.001609, 0.996864, 0.079112, 0.37472, 0.003162, -0.079117, 0.99686, 0.0, 0.0, 0.0, 0.0, 1.0],
                [1.0, 1e-06, 1e-06, -0.0, -1e-06, 0.999995, 0.00307, 0.37472, -1e-06, -0.00307, 0.999995, 0.0, 0.0, 0.0, 0.0, 1.0],
                [1.0, 1e-06, 1e-06, -0.0, -1e-06, 0.999995, 0.00307, 0.37472, -1e-06, -0.00307, 0.999995, 0.0, 0.0, 0.0, 0.0, 1.0]
            ]
        },
        {
            "name": "Knee_R",
            "time": [0.0, 0.1833, 0.4167, 0.4833, 0.5833, 0.6167, 0.6333, 0.6667, 1.2667, 1.6833, 1.7667, 1.85, 1.9667, 2.0333, 2.1333, 2.2667, 2.3833, 2.6333, 2.7167, 2.7833, 2.8833, 3.0167, 3.15, 3.25, 3.3667, 3.5167, 3.65, 3.75],
            "transform": [
                [1.0, 0.0, -0.0, -0.0, -0.0, 0.0, -1.0, 0.37472, -0.0, 1.0, 0.0, -0.0, 0.0, 0.0, 0.0, 1.0],
                [1.0, 0.0, -0.0, -0.0, -0.0, 0.0, -1.0, 0.37472, -0.0, 1.0, 0.0, -0.0, 0.0, 0.0, 0.0, 1.0],
                [1.0, 0.0, -0.0, -0.0, -0.0, 0.0, -1.0, 0.37472, -0.0, 1.0, 0.0, -0.0, 0.0, 0.0, 0.0, 1.0],
                [1.0, 0.0, -0.0, -0.0, -0.0, 0.0, -1.0, 0.37472, -0.0, 1.0, 0.0, -0.0, 0.0, 0.0, 0.0, 1.0],
                [1.0, 0.0, -0.0, -0.0, -0.0, 0.0, -1.0, 0.37472, -0.0, 1.0, 0.0, -0.0, 0.0, 0.0, 0.0, 1.0],
                [1.0, 0.0, -0.0, -0.0, -0.0, 0.0, -1.0, 0.37472, -0.0, 1.0, 0.0, -0.0, 0.0, 0.0, 0.0, 1.0],
                [1.0, 0.0, -0.0, -0.0, -0.0, 0.0, -1.0, 0.37472, -0.0, 1.0, 0.0, -0.0, 0.0, 0.0, 0.0, 1.0],
                [1.0, 0.0, -0.0, -0.0, -0.0, 0.0, -1.0, 0.37472, -0.0, 1.0, 0.0, 0.0, 0.0, 0.0, 0.0, 1.0],
                [1.0, 0.0, -0.0, 0.0, -0.0, 0.0, -1.0, 0.37472, -0.0, 1.0, 0.0, -0.0, 0.0, 0.0, 0.0, 1.0],
                [1.0, 0.0, -0.0, 0.0, -0.0, 0.0, -1.0, 0.37472, -0.0, 1.0, 0.0, -0.0, 0.0, 0.0, 0.0, 1.0],
                [1.0, 0.0, -0.0, 0.0, -0.0, 0.0, -1.0, 0.37472, -0.0, 1.0, 0.0, -0.0, 0.0, 0.0, 0.0, 1.0],
                [1.0, 0.0, -0.0, 0.0, -0.0, 0.0, -1.0, 0.37472, -0.0, 1.0, 0.0, -0.0, 0.0, 0.0, 0.0, 1.0],
                [1.0, 0.0, -0.0, 0.0, -0.0, 0.0, -1.0, 0.37472, -0.0, 1.0, 0.0, -0.0, 0.0, 0.0, 0.0, 1.0],
                [1.0, 0.0, -0.0, 0.0, -0.0, 0.0, -1.0, 0.37472, -0.0, 1.0, 0.0, -0.0, 0.0, 0.0, 0.0, 1.0],
                [1.0, 0.0, -0.0, 0.0, -0.0, 0.0, -1.0, 0.37472, -0.0, 1.0, 0.0, -0.0, 0.0, 0.0, 0.0, 1.0],
                [1.0, 0.0, -0.0, 0.0, -0.0, 0.0, -1.0, 0.37472, -0.0, 1.0, 0.0, -0.0, 0.0, 0.0, 0.0, 1.0],
                [1.0, 0.0, -0.0, 0.0, -0.0, 0.0, -1.0, 0.37472, -0.0, 1.0, 0.0, -0.0, 0.0, 0.0, 0.0, 1.0],
                [1.0, 0.0, -0.0, 0.0, -0.0, 0.0, -1.0, 0.37472, -0.0, 1.0, 0.0, -0.0, 0.0, 0.0, 0.0, 1.0],
                [1.0, 0.0, -0.0, 0.0, -0.0, 0.0, -1.0, 0.37472, -0.0, 1.0, 0.0, -0.0, 0.0, 0.0, 0.0, 1.0],
                [1.0, 0.0, -0.0, 0.0, -0.0, 0.0, -1.0, 0.37472, -0.0, 1.0, 0.0, -0.0, 0.0, 0.0, 0.0, 1.0],
                [1.0, 0.0, -0.0, 0.0, -0.0, 0.0, -1.0, 0.37472, -0.0, 1.0, 0.0, -0.0, 0.0, 0.0, 0.0, 1.0],
                [1.0, 0.0, -0.0, 0.0, -0.0, 0.0, -1.0, 0.37472, -0.0, 1.0, 0.0, -0.0, 0.0, 0.0, 0.0, 1.0],
                [1.0, 0.0, -0.0, 0.0, -0.0, 0.0, -1.0, 0.37472, -0.0, 1.0, 0.0, -0.0, 0.0, 0.0, 0.0, 1.0],
                [1.0, 0.0, -0.0, -0.0, -0.0, 0.0, -1.0, 0.37472, -0.0, 1.0, 0.0, -0.0, 0.0, 0.0, 0.0, 1.0],
                [1.0, 0.0, -0.0, 0.0, -0.0, 0.0, -1.0, 0.37472, -0.0, 1.0, 0.0, 0.0, 0.0, 0.0, 0.0, 1.0],
                [1.0, 0.0, -0.0, 0.0, -0.0, 0.0, -1.0, 0.37472, -0.0, 1.0, 0.0, 0.0, 0.0, 0.0, 0.0, 1.0],
                [1.0, 0.0, -0.0, -0.0, -0.0, 0.0, -1.0, 0.37472, -0.0, 1.0, 0.0, 0.0, 0.0, 0.0, 0.0, 1.0],
                [1.0, 0.0, -0.0, -0.0, -0.0, 0.0, -1.0, 0.37472, -0.0, 1.0, 0.0, 0.0, 0.0, 0.0, 0.0, 1.0]
            ]
        },
        {
            "name": "Thigh_L",
            "time": [0.0, 0.1833, 0.4167, 0.4833, 0.5833, 0.6167, 0.6333, 0.6667, 0.7, 1.0333, 1.2667, 1.5833, 1.6833, 1.7667, 1.85, 1.9667, 2.0333, 2.1333, 2.2667, 2.3833, 2.6333, 2.7167, 2.7833, 2.8833, 3.0167, 3.15, 3.25, 3.3667, 3.5167, 3.65, 3.75],
            "transform": [
                [1.0, -0.0, -0.0, -0.125006, -0.0, -0.906307, 0.422618, -0.002831, -0.0, -0.422619, -0.906308, -1.2e-05, 0.0, 0.0, 0.0, 1.0],
                [1.0, -0.0, -0.0, -0.125006, -0.0, -0.906307, 0.422618, -0.002831, -0.0, -0.422619, -0.906308, -1.2e-05, 0.0, 0.0, 0.0, 1.0],
                [1.0, -0.0, -0.0, -0.125006, -0.0, -0.906307, 0.422618, -0.002831, -0.0, -0.422619, -0.906308, -1.2e-05, 0.0, 0.0, 0.0, 1.0],
                [1.0, -0.0, -0.0, -0.125006, -0.0, -0.906307, 0.422618, -0.002831, -0.0, -0.422619, -0.906308, -1.2e-05, 0.0, 0.0, 0.0, 1.0],
                [1.0, -0.0, -0.0, -0.125006, -0.0, -0.906307, 0.422618, -0.002831, -0.0, -0.422619, -0.906308, -1.2e-05, 0.0, 0.0, 0.0, 1.0],
                [1.0, -0.0, -0.0, -0.125006, -0.0, -0.959024, 0.283324, -0.002831, -0.0, -0.283324, -0.959024, -1.2e-05, 0.0, 0.0, 0.0, 1.0],
                [1.0, -0.0, -0.0, -0.125006, -0.0, -0.977582, 0.210556, -0.002831, -0.0, -0.210556, -0.977582, -1.2e-05, 0.0, 0.0, 0.0, 1.0],
                [1.0, -0.0, -0.0, -0.125006, -0.0, -0.99809, 0.061768, -0.002831, -0.0, -0.061768, -0.998091, -1.2e-05, 0.0, 0.0, 0.0, 1.0],
                [1.0, -0.0, -0.0, -0.125006, -0.0, -0.996194, -0.087155, -0.002831, -0.0, 0.087155, -0.996195, -1.2e-05, 0.0, 0.0, 0.0, 1.0],
                [1.0, -0.0, -0.0, -0.125006, -0.0, -0.996194, -0.087155, -0.002831, -0.0, 0.087155, -0.996195, -1.2e-05, 0.0, 0.0, 0.0, 1.0],
                [1.0, -0.0, -0.0, -0.125006, -0.0, -0.996194, -0.087155, -0.002831, -0.0, 0.087155, -0.996195, -1.2e-05, 0.0, 0.0, 0.0, 1.0],
                [1.0, -0.0, -0.0, -0.125006, -0.0, -0.996194, -0.087155, -0.002831, -0.0, 0.087155, -0.996195, -1.2e-05, 0.0, 0.0, 0.0, 1.0],
                [1.0, -0.0, -0.0, -0.125006, -0.0, -0.996194, -0.087155, -0.002831, -0.0, 0.087155, -0.996195, -1.2e-05, 0.0, 0.0, 0.0, 1.0],
                [1.0, -0.0, -0.0, -0.125006, -0.0, -0.996194, -0.087155, -0.002831, -0.0, 0.087155, -0.996195, -1.2e-05, 0.0, 0.0, 0.0, 1.0],
                [1.0, -0.0, -0.0, -0.125006, -0.0, -0.996194, -0.087155, -0.002831, -0.0, 0.087155, -0.996195, -1.2e-05, 0.0, 0.0, 0.0, 1.0],
                [1.0, -0.0, -0.0, -0.125006, -0.0, -0.996194, -0.087155, -0.002831, -0.0, 0.087155, -0.996195, -1.2e-05, 0.0, 0.0, 0.0, 1.0],
                [1.0, -0.0, -0.0, -0.125006, -0.0, -0.996194, -0.087155, -0.002831, -0.0, 0.087155, -0.996195, -1.2e-05, 0.0, 0.0, 0.0, 1.0],
                [1.0, -0.0, -0.0, -0.125006, -0.0, -0.996194, -0.087155, -0.002831, -0.0, 0.087155, -0.996195, -1.2e-05, 0.0, 0.0, 0.0, 1.0],
                [1.0, -0.0, -0.0, -0.125006, -0.0, -0.996194, -0.087155, -0.002831, -0.0, 0.087155, -0.996195, -1.2e-05, 0.0, 0.0, 0.0, 1.0],
                [1.0, -0.0, -0.0, -0.125006, -0.0, -0.996194, -0.087155, -0.002831, -0.0, 0.087155, -0.996195, -1.2e-05, 0.0, 0.0, 0.0, 1.0],
                [1.0, -0.0, -0.0, -0.125006, -0.0, -0.996194, -0.087155, -0.002831, -0.0, 0.087155, -0.996195, -1.2e-05, 0.0, 0.0, 0.0, 1.0],
                [1.0, -0.0, -0.0, -0.125006, -0.0, -0.996194, -0.087155, -0.002831, -0.0, 0.087155, -0.996195, -1.2e-05, 0.0, 0.0, 0.0, 1.0],
                [1.0, -0.0, -0.0, -0.125006, -0.0, -0.996194, -0.087155, -0.002831, -0.0, 0.087155, -0.996195, -1.2e-05, 0.0, 0.0, 0.0, 1.0],
                [1.0, -0.0, -0.0, -0.125006, -0.0, -0.996194, -0.087155, -0.002831, -0.0, 0.087155, -0.996195, -1.2e-05, 0.0, 0.0, 0.0, 1.0],
                [1.0, -0.0, -0.0, -0.125006, -0.0, -0.996194, -0.087155, -0.002831, -0.0, 0.087155, -0.996195, -1.2e-05, 0.0, 0.0, 0.0, 1.0],
                [1.0, -0.0, -0.0, -0.125006, -0.0, -0.996194, -0.087155, -0.002831, -0.0, 0.087155, -0.996195, -1.2e-05, 0.0, 0.0, 0.0, 1.0],
                [1.0, -0.0, -0.0, -0.125006, -0.0, -0.999447, -0.033247, -0.002831, -0.0, 0.033247, -0.999447, -1.2e-05, 0.0, 0.0, 0.0, 1.0],
                [1.0, -0.0, -0.0, -0.125006, -0.0, -0.992543, 0.121892, -0.002831, -0.0, -0.121892, -0.992543, -1.2e-05, 0.0, 0.0, 0.0, 1.0],
                [1.0, -0.0, -0.0, -0.125006, -0.0, -0.941057, 0.338246, -0.002831, -0.0, -0.338246, -0.941058, -1.2e-05, 0.0, 0.0, 0.0, 1.0],
                [1.0, -0.0, -0.0, -0.125006, -0.0, -0.906307, 0.422618, -0.002831, -0.0, -0.422619, -0.906308, -1.2e-05, 0.0, 0.0, 0.0, 1.0],
                [1.0, -0.0, -0.0, -0.125006, -0.0, -0.906307, 0.422618, -0.002831, -0.0, -0.422619, -0.906308, -1.2e-05, 0.0, 0.0, 0.0, 1.0]
            ]
        },
        {
            "name": "Leg_L",
            "time": [0.0, 0.1833, 0.4167, 0.4833, 0.5833, 0.6167, 0.6333, 0.6667, 0.7, 1.0333, 1.2667, 1.5833, 1.6833, 1.7667, 1.85, 1.9667, 2.0333, 2.1333, 2.2667, 2.3833, 2.6333, 2.7167, 2.7833, 2.8833, 3.0167, 3.15, 3.25, 3.3667, 3.5167, 3.65, 3.75],
            "transform": [
                [1.0, 1e-06, 1e-06, 0.0, -1e-06, 0.939693, 0.34202, 0.37472, -1e-06, -0.34202, 0.939693, -0.0, 0.0, 0.0, 0.0, 1.0],
                [1.0, 1e-06, 1e-06, 0.0, -1e-06, 0.939693, 0.34202, 0.37472, -1e-06, -0.34202, 0.939693, -0.0, 0.0, 0.0, 0.0, 1.0],
                [1.0, 1e-06, 1e-06, 0.0, -1e-06, 0.939693, 0.34202, 0.37472, -1e-06, -0.34202, 0.939693, -0.0, 0.0, 0.0, 0.0, 1.0],
                [1.0, 1e-06, 1e-06, 0.0, -1e-06, 0.939693, 0.34202, 0.37472, -1e-06, -0.34202, 0.939693, -0.0, 0.0, 0.0, 0.0, 1.0],
                [1.0, 1e-06, 1e-06, 0.0, -1e-06, 0.939693, 0.34202, 0.37472, -1e-06, -0.34202, 0.939693, -0.0, 0.0, 0.0, 0.0, 1.0],
                [1.0, 1e-06, 1e-06, 0.0, -1e-06, 0.930875, 0.365339, 0.37472, -1e-06, -0.365339, 0.930875, 0.0, 0.0, 0.0, 0.0, 1.0],
                [1.0, 1e-06, 1e-06, 0.0, -1e-06, 0.926247, 0.376916, 0.37472, -1e-06, -0.376917, 0.926247, -0.0, 0.0, 0.0, 0.0, 1.0],
                [1.0, 1e-06, 1e-06, -0.0, -1e-06, 0.916561, 0.399894, 0.37472, -1e-06, -0.399894, 0.916561, 0.0, 0.0, 0.0, 0.0, 1.0],
                [1.0, 1e-06, 1e-06, 0.0, -1e-06, 0.906308, 0.422619, 0.37472, -1e-06, -0.422619, 0.906308, -0.0, 0.0, 0.0, 0.0, 1.0],
                [1.0, 1e-06, 1e-06, 0.0, -1e-06, 0.906308, 0.422619, 0.37472, -1e-06, -0.422619, 0.906308, -0.0, 0.0, 0.0, 0.0, 1.0],
                [1.0, 1e-06, 1e-06, 0.0, -1e-06, 0.906308, 0.422619, 0.37472, -1e-06, -0.422619, 0.906308, -0.0, 0.0, 0.0, 0.0, 1.0],
                [1.0, 1e-06, 1e-06, 0.0, -1e-06, 0.906308, 0.422619, 0.37472, -1e-06, -0.422619, 0.906308, -0.0, 0.0, 0.0, 0.0, 1.0],
                [1.0, 1e-06, 1e-06, 0.0, -1e-06, 0.906308, 0.422619, 0.37472, -1e-06, -0.422619, 0.906308, -0.0, 0.0, 0.0, 0.0, 1.0],
                [1.0, 1e-06, 1e-06, 0.0, -1e-06, 0.906308, 0.422619, 0.37472, -1e-06, -0.422619, 0.906308, -0.0, 0.0, 0.0, 0.0, 1.0],
                [1.0, 1e-06, 1e-06, 0.0, -1e-06, 0.906308, 0.422619, 0.37472, -1e-06, -0.422619, 0.906308, -0.0, 0.0, 0.0, 0.0, 1.0],
                [1.0, 1e-06, 1e-06, 0.0, -1e-06, 0.906308, 0.422619, 0.37472, -1e-06, -0.422619, 0.906308, -0.0, 0.0, 0.0, 0.0, 1.0],
                [1.0, 1e-06, 1e-06, 0.0, -1e-06, 0.906308, 0.422619, 0.37472, -1e-06, -0.422619, 0.906308, -0.0, 0.0, 0.0, 0.0, 1.0],
                [1.0, 1e-06, 1e-06, 0.0, -1e-06, 0.906308, 0.422619, 0.37472, -1e-06, -0.422619, 0.906308, -0.0, 0.0, 0.0, 0.0, 1.0],
                [1.0, 1e-06, 1e-06, 0.0, -1e-06, 0.906308, 0.422619, 0.37472, -1e-06, -0.422619, 0.906308, -0.0, 0.0, 0.0, 0.0, 1.0],
                [1.0, 1e-06, 1e-06, 0.0, -1e-06, 0.906308, 0.422619, 0.37472, -1e-06, -0.422619, 0.906308, -0.0, 0.0, 0.0, 0.0, 1.0],
                [1.0, 1e-06, 1e-06, 0.0, -1e-06, 0.906308, 0.422619, 0.37472, -1e-06, -0.422619, 0.906308, -0.0, 0.0, 0.0, 0.0, 1.0],
                [1.0, 1e-06, 1e-06, 0.0, -1e-06, 0.906308, 0.422619, 0.37472, -1e-06, -0.422619, 0.906308, -0.0, 0.0, 0.0, 0.0, 1.0],
                [1.0, 1e-06, 1e-06, 0.0, -1e-06, 0.906308, 0.422619, 0.37472, -1e-06, -0.422619, 0.906308, -0.0, 0.0, 0.0, 0.0, 1.0],
                [1.0, 1e-06, 1e-06, 0.0, -1e-06, 0.906308, 0.422619, 0.37472, -1e-06, -0.422619, 0.906308, -0.0, 0.0, 0.0, 0.0, 1.0],
                [1.0, 1e-06, 1e-06, 0.0, -1e-06, 0.906308, 0.422619, 0.37472, -1e-06, -0.422619, 0.906308, -0.0, 0.0, 0.0, 0.0, 1.0],
                [1.0, 1e-06, 1e-06, 0.0, -1e-06, 0.906308, 0.422619, 0.37472, -1e-06, -0.422619, 0.906308, -0.0, 0.0, 0.0, 0.0, 1.0],
                [1.0, 1e-06, 1e-06, 0.0, -1e-06, 0.910105, 0.414378, 0.37472, -1e-06, -0.414378, 0.910105, 0.0, 0.0, 0.0, 0.0, 1.0],
                [1.0, 1e-06, 1e-06, -0.0, -1e-06, 0.920524, 0.390685, 0.37472, -1e-06, -0.390685, 0.920524, 0.0, 0.0, 0.0, 0.0, 1.0],
                [1.0, 1e-06, 1e-06, -0.0, -1e-06, 0.934348, 0.356361, 0.37472, -1e-06, -0.356361, 0.934348, 0.0, 0.0, 0.0, 0.0, 1.0],
                [1.0, 1e-06, 1e-06, 0.0, -1e-06, 0.939693, 0.34202, 0.37472, -1e-06, -0.34202, 0.939693, -0.0, 0.0, 0.0, 0.0, 1.0],
                [1.0, 1e-06, 1e-06, 0.0, -1e-06, 0.939693, 0.34202, 0.37472, -1e-06, -0.34202, 0.939693, -0.0, 0.0, 0.0, 0.0, 1.0]
            ]
        },
        {
            "name": "Knee_L",
            "time": [0.0, 0.1833, 0.4167, 0.4833, 0.5833, 0.6167, 0.6333, 0.6667, 1.2667, 1.6833, 1.7667, 1.85, 1.9667, 2.0333, 2.1333, 2.2667, 2.3833, 2.6333, 2.7167, 2.7833, 2.8833, 3.0167, 3.15, 3.25, 3.3667, 3.5167, 3.65, 3.75],
            "transform": [
                [1.0, 0.0, -0.0, 0.0, -0.0, 0.0, -1.0, 0.37472, -0.0, 1.0, 0.0, -0.0, 0.0, 0.0, 0.0, 1.0],
                [1.0, 0.0, -0.0, 0.0, -0.0, 0.0, -1.0, 0.37472, -0.0, 1.0, 0.0, -0.0, 0.0, 0.0, 0.0, 1.0],
                [1.0, 0.0, -0.0, 0.0, -0.0, 0.0, -1.0, 0.37472, -0.0, 1.0, 0.0, -0.0, 0.0, 0.0, 0.0, 1.0],
                [1.0, 0.0, -0.0, 0.0, -0.0, 0.0, -1.0, 0.37472, -0.0, 1.0, 0.0, -0.0, 0.0, 0.0, 0.0, 1.0],
                [1.0, 0.0, -0.0, 0.0, -0.0, 0.0, -1.0, 0.37472, -0.0, 1.0, 0.0, -0.0, 0.0, 0.0, 0.0, 1.0],
                [1.0, 0.0, -0.0, 0.0, -0.0, 0.0, -1.0, 0.37472, -0.0, 1.0, 0.0, 0.0, 0.0, 0.0, 0.0, 1.0],
                [1.0, 0.0, -0.0, 0.0, -0.0, 0.0, -1.0, 0.37472, -0.0, 1.0, 0.0, -0.0, 0.0, 0.0, 0.0, 1.0],
                [1.0, 0.0, -0.0, -0.0, -0.0, 0.0, -1.0, 0.37472, -0.0, 1.0, 0.0, 0.0, 0.0, 0.0, 0.0, 1.0],
                [1.0, 0.0, -0.0, 0.0, -0.0, 0.0, -1.0, 0.37472, -0.0, 1.0, 0.0, -0.0, 0.0, 0.0, 0.0, 1.0],
                [1.0, 0.0, -0.0, 0.0, -0.0, 0.0, -1.0, 0.37472, -0.0, 1.0, 0.0, -0.0, 0.0, 0.0, 0.0, 1.0],
                [1.0, 0.0, -0.0, 0.0, -0.0, 0.0, -1.0, 0.37472, -0.0, 1.0, 0.0, -0.0, 0.0, 0.0, 0.0, 1.0],
                [1.0, 0.0, -0.0, 0.0, -0.0, 0.0, -1.0, 0.37472, -0.0, 1.0, 0.0, -0.0, 0.0, 0.0, 0.0, 1.0],
                [1.0, 0.0, -0.0, 0.0, -0.0, 0.0, -1.0, 0.37472, -0.0, 1.0, 0.0, -0.0, 0.0, 0.0, 0.0, 1.0],
                [1.0, 0.0, -0.0, 0.0, -0.0, 0.0, -1.0, 0.37472, -0.0, 1.0, 0.0, -0.0, 0.0, 0.0, 0.0, 1.0],
                [1.0, 0.0, -0.0, 0.0, -0.0, 0.0, -1.0, 0.37472, -0.0, 1.0, 0.0, -0.0, 0.0, 0.0, 0.0, 1.0],
                [1.0, 0.0, -0.0, 0.0, -0.0, 0.0, -1.0, 0.37472, -0.0, 1.0, 0.0, -0.0, 0.0, 0.0, 0.0, 1.0],
                [1.0, 0.0, -0.0, 0.0, -0.0, 0.0, -1.0, 0.37472, -0.0, 1.0, 0.0, -0.0, 0.0, 0.0, 0.0, 1.0],
                [1.0, 0.0, -0.0, 0.0, -0.0, 0.0, -1.0, 0.37472, -0.0, 1.0, 0.0, -0.0, 0.0, 0.0, 0.0, 1.0],
                [1.0, 0.0, -0.0, 0.0, -0.0, 0.0, -1.0, 0.37472, -0.0, 1.0, 0.0, -0.0, 0.0, 0.0, 0.0, 1.0],
                [1.0, 0.0, -0.0, 0.0, -0.0, 0.0, -1.0, 0.37472, -0.0, 1.0, 0.0, -0.0, 0.0, 0.0, 0.0, 1.0],
                [1.0, 0.0, -0.0, 0.0, -0.0, 0.0, -1.0, 0.37472, -0.0, 1.0, 0.0, -0.0, 0.0, 0.0, 0.0, 1.0],
                [1.0, 0.0, -0.0, 0.0, -0.0, 0.0, -1.0, 0.37472, -0.0, 1.0, 0.0, -0.0, 0.0, 0.0, 0.0, 1.0],
                [1.0, 0.0, -0.0, 0.0, -0.0, 0.0, -1.0, 0.37472, -0.0, 1.0, 0.0, -0.0, 0.0, 0.0, 0.0, 1.0],
                [1.0, 0.0, -0.0, 0.0, -0.0, 0.0, -1.0, 0.37472, -0.0, 1.0, 0.0, 0.0, 0.0, 0.0, 0.0, 1.0],
                [1.0, 0.0, -0.0, -0.0, -0.0, 0.0, -1.0, 0.37472, -0.0, 1.0, 0.0, 0.0, 0.0, 0.0, 0.0, 1.0],
                [1.0, 0.0, -0.0, -0.0, -0.0, 0.0, -1.0, 0.37472, -0.0, 1.0, 0.0, 0.0, 0.0, 0.0, 0.0, 1.0],
                [1.0, 0.0, -0.0, 0.0, -0.0, 0.0, -1.0, 0.37472, -0.0, 1.0, 0.0, -0.0, 0.0, 0.0, 0.0, 1.0],
                [1.0, 0.0, -0.0, 0.0, -0.0, 0.0, -1.0, 0.37472, -0.0, 1.0, 0.0, -0.0, 0.0, 0.0, 0.0, 1.0]
            ]
        },
        {
            "name": "Torso",
            "time": [0.0, 3.65, 3.75],
            "transform": [
                [1.0, 0.0, 0.0, 0.0, 0.0, 0.984808, -0.173648, 0.05, 0.0, 0.173648, 0.984808, 0.0, 0.0, 0.0, 0.0, 1.0],
                [1.0, 0.0, 0.0, 0.0, 0.0, 0.984808, -0.173648, 0.05, 0.0, 0.173648, 0.984808, 0.0, 0.0, 0.0, 0.0, 1.0],
                [1.0, 0.0, 0.0, 0.0, 0.0, 0.984808, -0.173648, 0.05, 0.0, 0.173648, 0.984808, 0.0, 0.0, 0.0, 0.0, 1.0]
            ]
        },
        {
            "name": "Chest",
            "time": [0.0, 0.1833, 0.4167, 0.4833, 0.5833, 0.6167, 0.6333, 0.6667, 0.7333, 1.2667, 1.6833, 1.7667, 1.85, 1.9667, 2.0333, 2.1333, 2.2667, 2.3833, 2.6333, 2.7167, 2.7833, 2.8833, 3.0167, 3.15, 3.25, 3.3667, 3.5167, 3.65, 3.75],
            "transform": [
                [0.98101, -0.072179, 0.180026, 0.0, 0.067653, 0.997222, 0.031163, 0.3, -0.181775, -0.018392, 0.983168, 0.0, 0.0, 0.0, 0.0, 1.0],
                [0.595402, -0.072179, 0.800179, 0.0, 0.028286, 0.997222, 0.068906, 0.3, -0.80293, -0.018392, 0.59579, 0.0, 0.0, 0.0, 0.0, 1.0],
                [0.595402, -0.072179, 0.800179, 0.0, 0.028286, 0.997222, 0.068906, 0.3, -0.80293, -0.018392, 0.59579, 0.0, 0.0, 0.0, 0.0, 1.0],
                [0.595402, -0.072179, 0.800179, 0.0, 0.028286, 0.997222, 0.068906, 0.3, -0.80293, -0.018392, 0.59579, 0.0, 0.0, 0.0, 0.0, 1.0],
                [0.595402, -0.072179, 0.800179, 0.0, 0.028286, 0.997222, 0.068906, 0.3, -0.80293, -0.018392, 0.59579, 0.0, 0.0, 0.0, 0.0, 1.0],
                [0.779539, -0.072179, 0.622181, 0.0, 0.044901, 0.997222, 0.059431, 0.3, -0.624742, -0.018392, 0.780615, 0.0, 0.0, 0.0, 0.0, 1.0],
                [0.855551, -0.072179, 0.512662, 0.0, 0.052425, 0.997222, 0.052912, 0.3, -0.515057, -0.018392, 0.856959, 0.0, 0.0, 0.0, 0.0, 1.0],
                [0.961827, -0.072179, 0.263967, 0.0, 0.064713, 0.997222, 0.036882, 0.3, -0.265895, -0.018392, 0.963826, 0.0, 0.0, 0.0, 0.0, 1.0],
                [0.96389, -0.072179, -0.256334, 0.0, 0.074482, 0.997222, -0.000726, 0.3, 0.255674, -0.018392, 0.966588, 0.0, 0.0, 0.0, 0.0, 1.0],
                [0.937881, -0.072179, -0.339367, 0.0, 0.074135, 0.997222, -0.007215, 0.3, 0.338945, -0.018392, 0.940626, 0.0, 0.0, 0.0, 0.0, 1.0],
                [0.981134, -0.0, 0.193329, 0.0, 0.033571, 0.984808, -0.170372, 0.3, -0.190392, 0.173648, 0.966228, 0.0, 0.0, 0.0, 0.0, 1.0],
                [0.981134, -0.0, 0.193329, 0.0, 0.033571, 0.984808, -0.170372, 0.3, -0.190392, 0.173648, 0.966228, 0.0, 0.0, 0.0, 0.0, 1.0],
