{
    "armature": {
        "joints": ["Root", "Thigh_R", "Leg_R", "Knee_R", "Thigh_L", "Leg_L", "Knee_L", "Torso", "Chest", "Head", "Shoulder_R", "Arm_R", "Hand_R", "Tool_R", "Elbow_R", "Shoulder_L", "Arm_L", "Hand_L", "Tool_L", "Elbow_L"],
        "hierarchy": [
            {
                "name": "Root",
                "transform": [1.0, 0.0, 0.0, -5e-06, 0.0, 0.0, -1.0, 0.000946, 0.0, 1.0, 0.0, 0.763972, 0.0, 0.0, 0.0, 1.0],
                "children": [
                    {
                        "name": "Thigh_R",
                        "transform": [1.0, -0.0, -0.0, 0.124994, -0.0, -1.0, 0.0, -0.002831, -0.0, -0.0, -1.0, -1.2e-05, 0.0, 0.0, 0.0, 1.0],
                        "children": [
                            {
                                "name": "Leg_R",
                                "transform": [1.0, 0.0, 1e-06, 0.0, -0.0, 1.0, 0.0, 0.37472, -1e-06, -0.0, 1.0, -0.0, 0.0, 0.0, 0.0, 1.0],
                                "children": []
                            },
                            {
                                "name": "Knee_R",
                                "transform": [1.0, 0.0, -0.0, 0.0, -0.0, 0.0, -1.0, 0.37472, -0.0, 1.0, 0.0, -0.0, 0.0, 0.0, 0.0, 1.0],
                                "children": []
                            }
                        ]
                    },
                    {
                        "name": "Thigh_L",
                        "transform": [1.0, -0.0, -0.0, -0.125006, -0.0, -1.0, 0.0, -0.002831, -0.0, -0.0, -1.0, -1.2e-05, 0.0, 0.0, 0.0, 1.0],
                        "children": [
                            {
                                "name": "Leg_L",
                                "transform": [1.0, 0.0, 1e-06, -0.0, -0.0, 1.0, 0.0, 0.37472, -1e-06, -0.0, 1.0, 0.0, 0.0, 0.0, 0.0, 1.0],
                                "children": []
                            },
                            {
                                "name": "Knee_L",
                                "transform": [1.0, 0.0, -0.0, -0.0, -0.0, 0.0, -1.0, 0.37472, -0.0, 1.0, 0.0, 0.0, 0.0, 0.0, 0.0, 1.0],
                                "children": []
                            }
                        ]
                    },
                    {
                        "name": "Torso",
                        "transform": [1.0, 0.0, 0.0, 0.0, 0.0, 1.0, 0.0, 0.05, 0.0, 0.0, 1.0, 0.0, 0.0, 0.0, 0.0, 1.0],
                        "children": [
                            {
                                "name": "Chest",
                                "transform": [1.0, 0.0, 0.0, 0.0, 0.0, 1.0, 0.0, 0.3, 0.0, 0.0, 1.0, 0.0, 0.0, 0.0, 0.0, 1.0],
                                "children": [
                                    {
                                        "name": "Head",
                                        "transform": [1.0, 0.0, 0.0, 0.0, 0.0, 1.0, 0.0, 0.4, 0.0, 0.0, 1.0, 0.0, 0.0, 0.0, 0.0, 1.0],
                                        "children": []
                                    },
                                    {
                                        "name": "Shoulder_R",
                                        "transform": [0.0, 0.952114, 0.305743, 0.0, 0.0, -0.305743, 0.952114, 0.4, 1.0, 0.0, -0.0, 0.0, 0.0, 0.0, 0.0, 1.0],
                                        "children": [
                                            {
                                                "name": "Arm_R",
                                                "transform": [0.0, -0.0, -1.0, -0.0, 0.952114, 0.305743, 0.0, 0.39386, 0.305743, -0.952114, 0.0, 0.0, 0.0, 0.0, 0.0, 1.0],
                                                "children": [
                                                    {
                                                        "name": "Hand_R",
                                                        "transform": [1.0, 0.0, 0.0, 0.0, -0.0, 0.993938, 0.109947, 0.3, -0.0, -0.109947, 0.993937, 0.0, 0.0, 0.0, 0.0, 1.0],
                                                        "children": [
                                                            {
                                                                "name": "Tool_R",
                                                                "transform": [1.0, 0.0, 0.0, -0.0, 0.0, -0.999836, 0.018122, 0.272858, 0.0, -0.018122, -0.999836, 0.0, 0.0, 0.0, 0.0, 1.0],
                                                                "children": []
                                                            }
                                                        ]
                                                    },
                                                    {
                                                        "name": "Elbow_R",
                                                        "transform": [-1.0, 0.0, -0.0, 0.0, 0.0, 0.0, -1.0, 0.3, -0.0, -1.0, -0.0, 0.0, 0.0, 0.0, 0.0, 1.0],
                                                        "children": []
                                                    }
                                                ]
                                            }
                                        ]
                                    },
                                    {
                                        "name": "Shoulder_L",
                                        "transform": [-0.0, -0.952114, -0.305743, 0.0, 0.0, -0.305743, 0.952114, 0.4, -1.0, 0.0, 0.0, 0.0, 0.0, 0.0, 0.0, 1.0],
                                        "children": [
                                            {
                                                "name": "Arm_L",
                                                "transform": [-0.0, -0.0, 1.0, -0.0, -0.952114, 0.305743, -0.0, 0.39386, -0.305743, -0.952114, -0.0, 0.0, 0.0, 0.0, 0.0, 1.0],
                                                "children": [
                                                    {
                                                        "name": "Hand_L",
                                                        "transform": [1.0, -0.0, 0.0, -0.0, 0.0, 0.993937, 0.109947, 0.3, -0.0, -0.109947, 0.993937, 0.0, 0.0, 0.0, 0.0, 1.0],
                                                        "children": [
                                                            {
                                                                "name": "Tool_L",
                                                                "transform": [1.0, 0.0, 0.0, -0.0, -0.0, -0.999836, 0.018122, 0.272858, 0.0, -0.018122, -0.999836, -0.0, 0.0, 0.0, 0.0, 1.0],
                                                                "children": []
                                                            }
                                                        ]
                                                    },
                                                    {
                                                        "name": "Elbow_L",
                                                        "transform": [-1.0, 0.0, -0.0, -0.0, 0.0, -0.0, -1.0, 0.3, -0.0, -1.0, 0.0, 0.0, 0.0, 0.0, 0.0, 1.0],
                                                        "children": []
                                                    }
                                                ]
                                            }
                                        ]
                                    }
                                ]
                            }
                        ]
                    }
                ]
            }
        ]
    },
    "animation": [
        {
            "name": "Root",
            "time": [0.0, 0.25, 0.4833, 0.5833, 0.6167, 1.1, 1.3333, 1.65, 3.2167, 3.7167, 0.45, 0.6333, 0.8, 0.8167, 0.85],
            "transform": [
                [1.0, 0.0, 0.0, 0.003013, 0.0, 0.0, -1.0, -0.002071, 0.0, 1.0, 0.0, 0.766989, 0.0, 0.0, 0.0, 1.0],
                [-0.429534, -0.023155, -0.902754, -5e-06, -0.90217, -0.033124, 0.430106, 0.465495, -0.039862, 0.999183, -0.006661, 0.688546, 0.0, 0.0, 0.0, 1.0],
                [-0.908955, -0.029034, 0.415883, -5e-06, 0.415357, 0.022537, 0.909379, 1.279959, -0.035776, 0.999324, -0.008425, 0.688546, 0.0, 0.0, 0.0, 1.0],
                [-0.682031, -0.016521, 0.731137, -5e-06, 0.730467, 0.03299, 0.682151, 1.539277, -0.03539, 0.999319, -0.010432, 0.688546, 0.0, 0.0, 0.0, 1.0],
                [0.336374, 0.021751, 0.941477, -5e-06, 0.940927, 0.03348, -0.336951, 2.20057, -0.03885, 0.999203, -0.009205, 0.688546, 0.0, 0.0, 0.0, 1.0],
                [0.584392, 0.028092, 0.810985, -5e-06, 0.810494, 0.02884, -0.585037, 2.20057, -0.039824, 0.999189, -0.005915, 0.688546, 0.0, 0.0, 0.0, 1.0],
                [0.68166, 0.030062, 0.731051, -5e-06, 0.730569, 0.026809, -0.682312, 2.20057, -0.040111, 0.999188, -0.003687, 0.688546, 0.0, 0.0, 0.0, 1.0],
                [0.9986, 0.029763, -0.043723, -5e-06, -0.044567, 0.028318, -0.998605, 2.20057, -0.028484, 0.999156, 0.029605, 0.688546, 0.0, 0.0, 0.0, 1.0],
                [0.998156, 0.029325, -0.053152, -5e-06, -0.053983, 0.028322, -0.99814, 2.20057, -0.027765, 0.999169, 0.029853, 0.688546, 0.0, 0.0, 0.0, 1.0],
                [0.997197, 0.029152, -0.068911, -5e-06, -0.069737, 0.02832, -0.997163, 2.20057, -0.027118, 0.999174, 0.030273, 0.688546, 0.0, 0.0, 0.0, 1.0],
                [0.994212, 0.028803, -0.103507, -5e-06, -0.10432, 0.02835, -0.99414, 2.20057, -0.0257, 0.999183, 0.031191, 0.688546, 0.0, 0.0, 0.0, 1.0],
                [0.994212, 0.028803, -0.103507, -5e-06, -0.10432, 0.02835, -0.99414, 2.20057, -0.0257, 0.999183, 0.031191, 0.688546, 0.0, 0.0, 0.0, 1.0],
                [0.994212, 0.028803, -0.103507, -5e-06, -0.10432, 0.02835, -0.99414, 1.560607, -0.0257, 0.999183, 0.031191, 0.688546, 0.0, 0.0, 0.0, 1.0],
                [0.994212, 0.028803, -0.103507, -5e-06, -0.10432, 0.02835, -0.99414, 1.560607, -0.0257, 0.999183, 0.031191, 0.688546, 0.0, 0.0, 0.0, 1.0],
                [0.994212, 0.028803, -0.103507, -5e-06, -0.10432, 0.02835, -0.99414, 1.066724, -0.0257, 0.999183, 0.031191, 0.688546, 0.0, 0.0, 0.0, 1.0]
            ]
        },
        {
            "name": "Thigh_R",
            "time": [0.0, 0.25, 0.3167, 0.4, 0.5, 0.6333, 0.65, 0.8167, 0.85, 1.1, 1.3333, 1.65, 1.75, 1.8333, 1.9167, 2.0333, 2.1, 2.2, 2.3333, 2.45, 2.7, 2.7833, 2.85, 2.95, 3.0833, 3.2167, 3.7167],
            "transform": [
                [0.998915, 0.042282, -0.019539, 0.124994, 0.027358, -0.872105, -0.488553, -0.002831, -0.037697, 0.487488, -0.872316, -1.2e-05, 0.0, 0.0, 0.0, 1.0],
                [0.998915, 0.008246, -0.045843, 0.124994, 0.027358, -0.900418, 0.434164, -0.002831, -0.037697, -0.434948, -0.899666, -1.2e-05, 0.0, 0.0, 0.0, 1.0],
                [0.998899, 0.010018, -0.045838, 0.124994, 0.026734, -0.924366, 0.380567, -0.002831, -0.038558, -0.381373, -0.923617, -1.2e-05, 0.0, 0.0, 0.0, 1.0],
                [0.998845, 0.016301, -0.045193, 0.124994, 0.024712, -0.98102, 0.192323, -0.002831, -0.0412, -0.193218, -0.98029, -1.2e-05, 0.0, 0.0, 0.0, 1.0],
                [0.998786, 0.026858, -0.041295, 0.124994, 0.021832, -0.992813, -0.117669, -0.002831, -0.044159, 0.116624, -0.992194, -1.2e-05, 0.0, 0.0, 0.0, 1.0],
                [0.998884, 0.039546, -0.02581, 0.124994, 0.025628, -0.913029, -0.407088, -0.002831, -0.039664, 0.405973, -0.913024, -1.2e-05, 0.0, 0.0, 0.0, 1.0],
                [0.998915, 0.040418, -0.02315, 0.124994, 0.027358, -0.911367, -0.410685, -0.002831, -0.037698, 0.409606, -0.911484, -1.2e-05, 0.0, 0.0, 0.0, 1.0],
                [0.998742, 0.046172, 0.019577, 0.124994, 0.05014, -0.911041, -0.409254, -0.002831, -0.001061, 0.409721, -0.91221, -1.2e-05, 0.0, 0.0, 0.0, 1.0],
                [0.998324, 0.046733, 0.034137, 0.124994, 0.056614, -0.910997, -0.408507, -0.002831, 0.012008, 0.409755, -0.912116, -1.2e-05, 0.0, 0.0, 0.0, 1.0],
                [0.984834, 0.044111, 0.167801, 0.124994, 0.108571, -0.911064, -0.397711, -0.002831, 0.135334, 0.409897, -0.902036, -1.2e-05, 0.0, 0.0, 0.0, 1.0],
                [0.970869, 0.040418, 0.236177, 0.124994, 0.132719, -0.911367, -0.38961, -0.002831, 0.199496, 0.409606, -0.890182, -1.2e-05, 0.0, 0.0, 0.0, 1.0],
                [0.998915, 0.042282, -0.019539, 0.124994, 0.046572, -0.899546, 0.434336, -0.002831, 0.000788, -0.434775, -0.900539, -1.2e-05, 0.0, 0.0, 0.0, 1.0],
                [0.998915, 0.042282, -0.019539, 0.124994, 0.046572, -0.899546, 0.434336, -0.002831, 0.000788, -0.434775, -0.900539, -1.2e-05, 0.0, 0.0, 0.0, 1.0],
                [0.998915, 0.042282, -0.019539, 0.124994, 0.046572, -0.899546, 0.434336, -0.002831, 0.000788, -0.434775, -0.900539, -1.2e-05, 0.0, 0.0, 0.0, 1.0],
                [0.998915, 0.042282, -0.019539, 0.124994, 0.046572, -0.899546, 0.434336, -0.002831, 0.000788, -0.434775, -0.900539, -1.2e-05, 0.0, 0.0, 0.0, 1.0],
                [0.998915, 0.042282, -0.019539, 0.124994, 0.046572, -0.899546, 0.434336, -0.002831, 0.000788, -0.434775, -0.900539, -1.2e-05, 0.0, 0.0, 0.0, 1.0],
                [0.998915, 0.042282, -0.019539, 0.124994, 0.046572, -0.899546, 0.434336, -0.002831, 0.000788, -0.434775, -0.900539, -1.2e-05, 0.0, 0.0, 0.0, 1.0],
                [0.998915, 0.042282, -0.019539, 0.124994, 0.046572, -0.899546, 0.434336, -0.002831, 0.000788, -0.434775, -0.900539, -1.2e-05, 0.0, 0.0, 0.0, 1.0],
                [0.998915, 0.042282, -0.019539, 0.124994, 0.046572, -0.899546, 0.434336, -0.002831, 0.000788, -0.434775, -0.900539, -1.2e-05, 0.0, 0.0, 0.0, 1.0],
                [0.998915, 0.042282, -0.019539, 0.124994, 0.046572, -0.899546, 0.434336, -0.002831, 0.000788, -0.434775, -0.900539, -1.2e-05, 0.0, 0.0, 0.0, 1.0],
                [0.998915, 0.042282, -0.019539, 0.124994, 0.046572, -0.899546, 0.434336, -0.002831, 0.000788, -0.434775, -0.900539, -1.2e-05, 0.0, 0.0, 0.0, 1.0],
                [0.998915, 0.042282, -0.019539, 0.124994, 0.046572, -0.899546, 0.434336, -0.002831, 0.000788, -0.434775, -0.900539, -1.2e-05, 0.0, 0.0, 0.0, 1.0],
                [0.998915, 0.042282, -0.019539, 0.124994, 0.046572, -0.899546, 0.434336, -0.002831, 0.000788, -0.434775, -0.900539, -1.2e-05, 0.0, 0.0, 0.0, 1.0],
                [0.998915, 0.042282, -0.019539, 0.124994, 0.046572, -0.899546, 0.434336, -0.002831, 0.000788, -0.434775, -0.900539, -1.2e-05, 0.0, 0.0, 0.0, 1.0],
                [0.998915, 0.042282, -0.019539, 0.124994, 0.046572, -0.899546, 0.434336, -0.002831, 0.000788, -0.434775, -0.900539, -1.2e-05, 0.0, 0.0, 0.0, 1.0],
                [0.998915, 0.042282, -0.019539, 0.124994, 0.046572, -0.899546, 0.434336, -0.002831, 0.000788, -0.434775, -0.900539, -1.2e-05, 0.0, 0.0, 0.0, 1.0],
                [0.998915, 0.042282, -0.019539, 0.124994, 0.038601, -0.986241, -0.16074, -0.002831, -0.026067, 0.159811, -0.986803, -1.2e-05, 0.0, 0.0, 0.0, 1.0]
            ]
        },
        {
            "name": "Leg_R",
            "time": [0.0, 0.25, 0.3167, 0.4, 0.5, 0.6333, 0.65, 0.8167, 0.85, 1.1, 1.3333, 1.65, 1.75, 1.8333, 1.9167, 2.0333, 2.1, 2.2, 2.3333, 2.45, 2.7, 2.7833, 2.85, 2.95, 3.0833, 3.2167, 3.7167],
            "transform": [
                [0.999967, -0.002727, -0.007646, 0.0, 0.004034, 0.984298, 0.17647, 0.37472, 0.007045, -0.176495, 0.984276, -0.0, 0.0, 0.0, 0.0, 1.0],
                [0.999967, -0.002727, -0.007646, -0.0, 0.004034, 0.984298, 0.17647, 0.37472, 0.007045, -0.176495, 0.984277, 0.0, 0.0, 0.0, 0.0, 1.0],
                [0.999967, -0.00259, -0.007694, -0.0, 0.004034, 0.980978, 0.194079, 0.37472, 0.007045, -0.194104, 0.980956, -0.0, 0.0, 0.0, 0.0, 1.0],
                [0.999967, -0.002128, -0.007834, 0.0, 0.004034, 0.967732, 0.251948, 0.37472, 0.007045, -0.251971, 0.967709, 0.0, 0.0, 0.0, 0.0, 1.0],
                [0.999967, -0.001396, -0.007997, 0.0, 0.004034, 0.940357, 0.340166, 0.37472, 0.007045, -0.340187, 0.940331, 0.0, 0.0, 0.0, 0.0, 1.0],
                [0.999967, -0.000665, -0.008091, 0.0, 0.004034, 0.905603, 0.424107, 0.37472, 0.007045, -0.424126, 0.905576, 0.0, 0.0, 0.0, 0.0, 1.0],
                [0.999967, -0.000655, -0.008092, -0.0, 0.004034, 0.905085, 0.425212, 0.37472, 0.007045, -0.42523, 0.905058, -0.0, 0.0, 0.0, 0.0, 1.0],
                [0.999967, -0.000655, -0.008092, 0.0, 0.004034, 0.905085, 0.425211, 0.37472, 0.007045, -0.42523, 0.905058, 0.0, 0.0, 0.0, 0.0, 1.0],
                [0.999967, -0.000672, -0.008146, 0.0, 0.004072, 0.905086, 0.42521, 0.37472, 0.007087, -0.425229, 0.905058, -0.0, 0.0, 0.0, 0.0, 1.0],
                [0.999936, -0.001616, -0.011208, -0.0, 0.006228, 0.905112, 0.425128, 0.37472, 0.009457, -0.42517, 0.905064, 0.0, 0.0, 0.0, 0.0, 1.0],
                [0.999868, -0.00308, -0.015952, 0.0, 0.009568, 0.905149, 0.424986, 0.37472, 0.013131, -0.425083, 0.905059, -0.0, 0.0, 0.0, 0.0, 1.0],
                [0.999797, -0.004239, -0.01971, -0.0, 0.012214, 0.905175, 0.424863, 0.37472, 0.01604, -0.425017, 0.905043, 0.0, 0.0, 0.0, 0.0, 1.0],
                [0.999797, -0.004239, -0.01971, -0.0, 0.012214, 0.905175, 0.424863, 0.37472, 0.01604, -0.425017, 0.905043, 0.0, 0.0, 0.0, 0.0, 1.0],
                [0.999797, -0.004239, -0.01971, -0.0, 0.012214, 0.905175, 0.424863, 0.37472, 0.01604, -0.425017, 0.905043, 0.0, 0.0, 0.0, 0.0, 1.0],
                [0.999797, -0.004239, -0.01971, -0.0, 0.012214, 0.905175, 0.424863, 0.37472, 0.01604, -0.425017, 0.905043, 0.0, 0.0, 0.0, 0.0, 1.0],
                [0.999797, -0.004239, -0.01971, -0.0, 0.012214, 0.905175, 0.424863, 0.37472, 0.01604, -0.425017, 0.905043, 0.0, 0.0, 0.0, 0.0, 1.0],
                [0.999797, -0.004239, -0.01971, -0.0, 0.012214, 0.905175, 0.424863, 0.37472, 0.01604, -0.425017, 0.905043, 0.0, 0.0, 0.0, 0.0, 1.0],
                [0.999797, -0.004239, -0.01971, -0.0, 0.012214, 0.905175, 0.424863, 0.37472, 0.01604, -0.425017, 0.905043, 0.0, 0.0, 0.0, 0.0, 1.0],
                [0.999797, -0.004239, -0.01971, -0.0, 0.012214, 0.905175, 0.424863, 0.37472, 0.01604, -0.425017, 0.905043, 0.0, 0.0, 0.0, 0.0, 1.0],
                [0.999797, -0.004239, -0.01971, -0.0, 0.012214, 0.905175, 0.424863, 0.37472, 0.01604, -0.425017, 0.905043, 0.0, 0.0, 0.0, 0.0, 1.0],
                [0.999797, -0.004239, -0.01971, -0.0, 0.012214, 0.905175, 0.424863, 0.37472, 0.01604, -0.425017, 0.905043, 0.0, 0.0, 0.0, 0.0, 1.0],
                [0.999797, -0.004239, -0.01971, -0.0, 0.012214, 0.905175, 0.424863, 0.37472, 0.01604, -0.425017, 0.905043, 0.0, 0.0, 0.0, 0.0, 1.0],
                [0.999797, -0.004239, -0.01971, -0.0, 0.012214, 0.905175, 0.424863, 0.37472, 0.01604, -0.425017, 0.905043, 0.0, 0.0, 0.0, 0.0, 1.0],
                [0.999797, -0.004239, -0.01971, -0.0, 0.012214, 0.905175, 0.424863, 0.37472, 0.01604, -0.425017, 0.905043, 0.0, 0.0, 0.0, 0.0, 1.0],
                [0.999797, -0.004239, -0.01971, -0.0, 0.012214, 0.905175, 0.424863, 0.37472, 0.01604, -0.425017, 0.905043, 0.0, 0.0, 0.0, 0.0, 1.0],
                [0.999797, -0.004239, -0.01971, -0.0, 0.012214, 0.905175, 0.424863, 0.37472, 0.01604, -0.425017, 0.905043, 0.0, 0.0, 0.0, 0.0, 1.0],
                [1.0, 1e-06, 1e-06, 0.0, -1e-06, 0.999995, 0.00307, 0.37472, -1e-06, -0.00307, 0.999995, -0.0, 0.0, 0.0, 0.0, 1.0]
            ]
        },
        {
            "name": "Knee_R",
            "time": [0.0, 0.25, 0.3167, 0.4, 0.5, 0.6333, 0.65, 0.8167, 0.85, 1.1, 1.3333, 1.65, 1.75, 1.8333, 1.9167, 2.0333, 2.1, 2.2, 2.3333, 2.45, 2.7, 2.7833, 2.85, 2.95, 3.0833, 3.2167, 3.7167],
            "transform": [
                [1.0, 0.0, -0.0, 0.0, -0.0, 0.0, -1.0, 0.37472, -0.0, 1.0, 0.0, -0.0, 0.0, 0.0, 0.0, 1.0],
                [1.0, 0.0, -0.0, -0.0, -0.0, 0.0, -1.0, 0.37472, -0.0, 1.0, 0.0, 0.0, 0.0, 0.0, 0.0, 1.0],
                [1.0, 0.0, -0.0, -0.0, -0.0, 0.0, -1.0, 0.37472, -0.0, 1.0, 0.0, -0.0, 0.0, 0.0, 0.0, 1.0],
                [1.0, 0.0, -0.0, 0.0, -0.0, 0.0, -1.0, 0.37472, -0.0, 1.0, 0.0, 0.0, 0.0, 0.0, 0.0, 1.0],
                [1.0, 0.0, -0.0, 0.0, -0.0, 0.0, -1.0, 0.37472, -0.0, 1.0, 0.0, 0.0, 0.0, 0.0, 0.0, 1.0],
                [1.0, 0.0, -0.0, 0.0, -0.0, 0.0, -1.0, 0.37472, -0.0, 1.0, 0.0, 0.0, 0.0, 0.0, 0.0, 1.0],
                [1.0, 0.0, -0.0, -0.0, -0.0, 0.0, -1.0, 0.37472, -0.0, 1.0, 0.0, -0.0, 0.0, 0.0, 0.0, 1.0],
                [1.0, 0.0, -0.0, 0.0, -0.0, 0.0, -1.0, 0.37472, -0.0, 1.0, 0.0, 0.0, 0.0, 0.0, 0.0, 1.0],
                [1.0, 0.0, -0.0, 0.0, -0.0, 0.0, -1.0, 0.37472, -0.0, 1.0, 0.0, -0.0, 0.0, 0.0, 0.0, 1.0],
                [1.0, 0.0, -0.0, -0.0, -0.0, 0.0, -1.0, 0.37472, -0.0, 1.0, 0.0, 0.0, 0.0, 0.0, 0.0, 1.0],
                [1.0, 0.0, -0.0, 0.0, -0.0, 0.0, -1.0, 0.37472, -0.0, 1.0, 0.0, -0.0, 0.0, 0.0, 0.0, 1.0],
                [1.0, 0.0, -0.0, -0.0, -0.0, 0.0, -1.0, 0.37472, -0.0, 1.0, 0.0, 0.0, 0.0, 0.0, 0.0, 1.0],
                [1.0, 0.0, -0.0, -0.0, -0.0, 0.0, -1.0, 0.37472, -0.0, 1.0, 0.0, 0.0, 0.0, 0.0, 0.0, 1.0],
                [1.0, 0.0, -0.0, -0.0, -0.0, 0.0, -1.0, 0.37472, -0.0, 1.0, 0.0, 0.0, 0.0, 0.0, 0.0, 1.0],
                [1.0, 0.0, -0.0, -0.0, -0.0, 0.0, -1.0, 0.37472, -0.0, 1.0, 0.0, 0.0, 0.0, 0.0, 0.0, 1.0],
                [1.0, 0.0, -0.0, -0.0, -0.0, 0.0, -1.0, 0.37472, -0.0, 1.0, 0.0, 0.0, 0.0, 0.0, 0.0, 1.0],
                [1.0, 0.0, -0.0, -0.0, -0.0, 0.0, -1.0, 0.37472, -0.0, 1.0, 0.0, 0.0, 0.0, 0.0, 0.0, 1.0],
                [1.0, 0.0, -0.0, -0.0, -0.0, 0.0, -1.0, 0.37472, -0.0, 1.0, 0.0, 0.0, 0.0, 0.0, 0.0, 1.0],
                [1.0, 0.0, -0.0, -0.0, -0.0, 0.0, -1.0, 0.37472, -0.0, 1.0, 0.0, 0.0, 0.0, 0.0, 0.0, 1.0],
                [1.0, 0.0, -0.0, -0.0, -0.0, 0.0, -1.0, 0.37472, -0.0, 1.0, 0.0, 0.0, 0.0, 0.0, 0.0, 1.0],
                [1.0, 0.0, -0.0, -0.0, -0.0, 0.0, -1.0, 0.37472, -0.0, 1.0, 0.0, 0.0, 0.0, 0.0, 0.0, 1.0],
                [1.0, 0.0, -0.0, -0.0, -0.0, 0.0, -1.0, 0.37472, -0.0, 1.0, 0.0, 0.0, 0.0, 0.0, 0.0, 1.0],
                [1.0, 0.0, -0.0, -0.0, -0.0, 0.0, -1.0, 0.37472, -0.0, 1.0, 0.0, 0.0, 0.0, 0.0, 0.0, 1.0],
                [1.0, 0.0, -0.0, -0.0, -0.0, 0.0, -1.0, 0.37472, -0.0, 1.0, 0.0, 0.0, 0.0, 0.0, 0.0, 1.0],
                [1.0, 0.0, -0.0, -0.0, -0.0, 0.0, -1.0, 0.37472, -0.0, 1.0, 0.0, 0.0, 0.0, 0.0, 0.0, 1.0],
                [1.0, 0.0, -0.0, -0.0, -0.0, 0.0, -1.0, 0.37472, -0.0, 1.0, 0.0, 0.0, 0.0, 0.0, 0.0, 1.0],
                [1.0, 0.0, -0.0, 0.0, -0.0, 0.0, -1.0, 0.37472, -0.0, 1.0, 0.0, -0.0, 0.0, 0.0, 0.0, 1.0]
            ]
        },
        {
            "name": "Thigh_L",
            "time": [0.0, 0.25, 0.3167, 0.4, 0.5, 0.6333, 0.65, 0.8167, 0.85, 1.1, 1.3333, 1.65, 1.75, 1.8333, 1.9167, 2.0333, 2.1, 2.2, 2.3333, 2.45, 2.7, 2.7833, 2.85, 2.95, 3.0833, 3.2167, 3.7167],
            "transform": [
                [1.0, -0.0, -0.0, -0.125006, -0.0, -0.819152, 0.573577, -0.002831, -0.0, -0.573577, -0.819152, -1.2e-05, 0.0, 0.0, 0.0, 1.0],
                [1.0, -0.0, -0.0, -0.125006, -0.0, -0.939692, -0.34202, -0.002831, -0.0, 0.34202, -0.939693, -1.2e-05, 0.0, 0.0, 0.0, 1.0],
                [1.0, -0.0, -1e-06, -0.125006, -0.0, -0.956441, -0.291926, -0.002831, -0.0, 0.291926, -0.956441, -1.2e-05, 0.0, 0.0, 0.0, 1.0],
                [1.0, -0.0, -0.0, -0.125006, -0.0, -0.992969, -0.118369, -0.002831, -0.0, 0.118369, -0.99297, -1.2e-05, 0.0, 0.0, 0.0, 1.0],
                [1.0, -0.0, -0.0, -0.125006, -0.0, -0.987058, 0.160365, -0.002831, -0.0, -0.160365, -0.987058, -1.2e-05, 0.0, 0.0, 0.0, 1.0],
                [1.0, -0.0, -0.0, -0.125006, -0.0, -0.907868, 0.419256, -0.002831, -0.0, -0.419256, -0.907868, -1.2e-05, 0.0, 0.0, 0.0, 1.0],
                [1.0, -0.0, -0.0, -0.125006, -0.0, -0.906308, 0.422618, -0.002831, -0.0, -0.422618, -0.906308, -1.2e-05, 0.0, 0.0, 0.0, 1.0],
                [0.999683, 0.011237, 0.022527, -0.125006, 0.000672, -0.906436, 0.422343, -0.002831, 0.025165, -0.422194, -0.906156, -1.2e-05, 0.0, 0.0, 0.0, 1.0],
                [0.999347, 0.016125, 0.032341, -0.125006, 0.000972, -0.906598, 0.421994, -0.002831, 0.036125, -0.421687, -0.906021, -1.2e-05, 0.0, 0.0, 0.0, 1.0],
                [0.990194, 0.06206, 0.125156, -0.125006, 0.004066, -0.908329, 0.418235, -0.002831, 0.139639, -0.413625, -0.899675, -1.2e-05, 0.0, 0.0, 0.0, 1.0],
                [0.98106, 0.085831, 0.173648, -0.125006, 0.005882, -0.909255, 0.416198, -0.002831, 0.193613, -0.407294, -0.892539, -1.2e-05, 0.0, 0.0, 0.0, 1.0],
                [1.0, -0.0, -0.0, -0.125006, -0.0, -0.996194, -0.087155, -0.002831, -0.0, 0.087155, -0.996195, -1.2e-05, 0.0, 0.0, 0.0, 1.0],
                [1.0, -0.0, -0.0, -0.125006, -0.0, -0.996194, -0.087155, -0.002831, -0.0, 0.087155, -0.996195, -1.2e-05, 0.0, 0.0, 0.0, 1.0],
                [1.0, -0.0, -0.0, -0.125006, -0.0, -0.996194, -0.087155, -0.002831, -0.0, 0.087155, -0.996195, -1.2e-05, 0.0, 0.0, 0.0, 1.0],
                [1.0, -0.0, -0.0, -0.125006, -0.0, -0.996194, -0.087155, -0.002831, -0.0, 0.087155, -0.996195, -1.2e-05, 0.0, 0.0, 0.0, 1.0],
                [1.0, -0.0, -0.0, -0.125006, -0.0, -0.996194, -0.087155, -0.002831, -0.0, 0.087155, -0.996195, -1.2e-05, 0.0, 0.0, 0.0, 1.0],
                [1.0, -0.0, -0.0, -0.125006, -0.0, -0.996194, -0.087155, -0.002831, -0.0, 0.087155, -0.996195, -1.2e-05, 0.0, 0.0, 0.0, 1.0],
                [1.0, -0.0, -0.0, -0.125006, -0.0, -0.996194, -0.087155, -0.002831, -0.0, 0.087155, -0.996195, -1.2e-05, 0.0, 0.0, 0.0, 1.0],
                [1.0, -0.0, -0.0, -0.125006, -0.0, -0.996194, -0.087155, -0.002831, -0.0, 0.087155, -0.996195, -1.2e-05, 0.0, 0.0, 0.0, 1.0],
                [1.0, -0.0, -0.0, -0.125006, -0.0, -0.996194, -0.087155, -0.002831, -0.0, 0.087155, -0.996195, -1.2e-05, 0.0, 0.0, 0.0, 1.0],
                [1.0, -0.0, -0.0, -0.125006, -0.0, -0.996194, -0.087155, -0.002831, -0.0, 0.087155, -0.996195, -1.2e-05, 0.0, 0.0, 0.0, 1.0],
                [1.0, -0.0, -0.0, -0.125006, -0.0, -0.996194, -0.087155, -0.002831, -0.0, 0.087155, -0.996195, -1.2e-05, 0.0, 0.0, 0.0, 1.0],
                [1.0, -0.0, -0.0, -0.125006, -0.0, -0.996194, -0.087155, -0.002831, -0.0, 0.087155, -0.996195, -1.2e-05, 0.0, 0.0, 0.0, 1.0],
                [1.0, -0.0, -0.0, -0.125006, -0.0, -0.996194, -0.087155, -0.002831, -0.0, 0.087155, -0.996195, -1.2e-05, 0.0, 0.0, 0.0, 1.0],
                [1.0, -0.0, -0.0, -0.125006, -0.0, -0.996194, -0.087155, -0.002831, -0.0, 0.087155, -0.996195, -1.2e-05, 0.0, 0.0, 0.0, 1.0],
                [1.0, -0.0, -0.0, -0.125006, -0.0, -0.996194, -0.087155, -0.002831, -0.0, 0.087155, -0.996195, -1.2e-05, 0.0, 0.0, 0.0, 1.0],
                [1.0, -0.0, -0.0, -0.125006, -0.0, -0.906308, 0.422618, -0.002831, -0.0, -0.422619, -0.906308, -1.2e-05, 0.0, 0.0, 0.0, 1.0]
            ]
        },
        {
            "name": "Leg_L",
            "time": [0.0, 0.25, 0.3167, 0.4, 0.5, 0.6333, 0.65, 0.8167, 0.85, 1.1, 1.3333, 1.65, 1.75, 1.8333, 1.9167, 2.0333, 2.1, 2.2, 2.3333, 2.45, 2.7, 2.7833, 2.85, 2.95, 3.0833, 3.2167, 3.7167],
            "transform": [
                [1.0, 0.0, 1e-06, 0.0, -1e-06, 0.866025, 0.5, 0.37472, -1e-06, -0.5, 0.866025, 0.0, 0.0, 0.0, 0.0, 1.0],
                [1.0, 0.0, 1e-06, -0.0, -1e-06, 0.866025, 0.5, 0.37472, -1e-06, -0.5, 0.866025, -0.0, 0.0, 0.0, 0.0, 1.0],
                [1.0, 0.0, 1e-06, 0.0, -1e-06, 0.866025, 0.5, 0.37472, -1e-06, -0.5, 0.866025, 0.0, 0.0, 0.0, 0.0, 1.0],
                [1.0, 0.0, 1e-06, 0.0, -1e-06, 0.866025, 0.5, 0.37472, -1e-06, -0.5, 0.866025, -0.0, 0.0, 0.0, 0.0, 1.0],
                [1.0, 0.0, 1e-06, 0.0, -1e-06, 0.866025, 0.5, 0.37472, -1e-06, -0.5, 0.866025, -0.0, 0.0, 0.0, 0.0, 1.0],
                [1.0, 1e-06, 1e-06, 0.0, -1e-06, 0.866025, 0.5, 0.37472, -1e-06, -0.5, 0.866025, 0.0, 0.0, 0.0, 0.0, 1.0],
                [1.0, 0.0, 1e-06, -0.0, -1e-06, 0.866025, 0.5, 0.37472, -1e-06, -0.5, 0.866025, 0.0, 0.0, 0.0, 0.0, 1.0],
                [1.0, 0.0, 1e-06, 0.0, -1e-06, 0.866025, 0.5, 0.37472, -1e-06, -0.5, 0.866025, -0.0, 0.0, 0.0, 0.0, 1.0],
                [1.0, 0.0, 1e-06, -0.0, -1e-06, 0.866229, 0.499647, 0.37472, -1e-06, -0.499647, 0.866229, 0.0, 0.0, 0.0, 0.0, 1.0],
                [1.0, 1e-06, 1e-06, -0.0, -1e-06, 0.877488, 0.479599, 0.37472, -1e-06, -0.479599, 0.877488, -0.0, 0.0, 0.0, 0.0, 1.0],
                [1.0, 1e-06, 1e-06, 0.0, -1e-06, 0.89402, 0.448027, 0.37472, -1e-06, -0.448027, 0.89402, 0.0, 0.0, 0.0, 0.0, 1.0],
                [1.0, 1e-06, 1e-06, -0.0, -1e-06, 0.906308, 0.422619, 0.37472, -1e-06, -0.422619, 0.906308, 0.0, 0.0, 0.0, 0.0, 1.0],
                [1.0, 1e-06, 1e-06, -0.0, -1e-06, 0.906308, 0.422619, 0.37472, -1e-06, -0.422619, 0.906308, 0.0, 0.0, 0.0, 0.0, 1.0],
                [1.0, 1e-06, 1e-06, -0.0, -1e-06, 0.906308, 0.422619, 0.37472, -1e-06, -0.422619, 0.906308, 0.0, 0.0, 0.0, 0.0, 1.0],
                [1.0, 1e-06, 1e-06, -0.0, -1e-06, 0.906308, 0.422619, 0.37472, -1e-06, -0.422619, 0.906308, 0.0, 0.0, 0.0, 0.0, 1.0],
                [1.0, 1e-06, 1e-06, -0.0, -1e-06, 0.906308, 0.422619, 0.37472, -1e-06, -0.422619, 0.906308, 0.0, 0.0, 0.0, 0.0, 1.0],
                [1.0, 1e-06, 1e-06, -0.0, -1e-06, 0.906308, 0.422619, 0.37472, -1e-06, -0.422619, 0.906308, 0.0, 0.0, 0.0, 0.0, 1.0],
                [1.0, 1e-06, 1e-06, -0.0, -1e-06, 0.906308, 0.422619, 0.37472, -1e-06, -0.422619, 0.906308, 0.0, 0.0, 0.0, 0.0, 1.0],
                [1.0, 1e-06, 1e-06, -0.0, -1e-06, 0.906308, 0.422619, 0.37472, -1e-06, -0.422619, 0.906308, 0.0, 0.0, 0.0, 0.0, 1.0],
                [1.0, 1e-06, 1e-06, -0.0, -1e-06, 0.906308, 0.422619, 0.37472, -1e-06, -0.422619, 0.906308, 0.0, 0.0, 0.0, 0.0, 1.0],
                [1.0, 1e-06, 1e-06, -0.0, -1e-06, 0.906308, 0.422619, 0.37472, -1e-06, -0.422619, 0.906308, 0.0, 0.0, 0.0, 0.0, 1.0],
                [1.0, 1e-06, 1e-06, -0.0, -1e-06, 0.906308, 0.422619, 0.37472, -1e-06, -0.422619, 0.906308, 0.0, 0.0, 0.0, 0.0, 1.0],
                [1.0, 1e-06, 1e-06, -0.0, -1e-06, 0.906308, 0.422619, 0.37472, -1e-06, -0.422619, 0.906308, 0.0, 0.0, 0.0, 0.0, 1.0],
                [1.0, 1e-06, 1e-06, -0.0, -1e-06, 0.906308, 0.422619, 0.37472, -1e-06, -0.422619, 0.906308, 0.0, 0.0, 0.0, 0.0, 1.0],
                [1.0, 1e-06, 1e-06, -0.0, -1e-06, 0.906308, 0.422619, 0.37472, -1e-06, -0.422619, 0.906308, 0.0, 0.0, 0.0, 0.0, 1.0],
                [1.0, 1e-06, 1e-06, -0.0, -1e-06, 0.906308, 0.422619, 0.37472, -1e-06, -0.422619, 0.906308, 0.0, 0.0, 0.0, 0.0, 1.0],
                [1.0, 1e-06, 1e-06, 0.0, -1e-06, 0.939692, 0.34202, 0.37472, -1e-06, -0.34202, 0.939692, 0.0, 0.0, 0.0, 0.0, 1.0]
            ]
        },
        {
            "name": "Knee_L",
            "time": [0.0, 0.25, 0.3167, 0.4, 0.5, 0.6333, 0.65, 0.8167, 0.85, 1.1, 1.3333, 1.65, 1.75, 1.8333, 1.9167, 2.0333, 2.1, 2.2, 2.3333, 2.45, 2.7, 2.7833, 2.85, 2.95, 3.0833, 3.2167, 3.7167],
            "transform": [
                [1.0, 0.0, -0.0, 0.0, -0.0, 0.0, -1.0, 0.37472, -0.0, 1.0, 0.0, 0.0, 0.0, 0.0, 0.0, 1.0],
                [1.0, 0.0, -0.0, -0.0, -0.0, 0.0, -1.0, 0.37472, -0.0, 1.0, 0.0, -0.0, 0.0, 0.0, 0.0, 1.0],
                [1.0, 0.0, -0.0, 0.0, -0.0, 0.0, -1.0, 0.37472, -0.0, 1.0, 0.0, 0.0, 0.0, 0.0, 0.0, 1.0],
                [1.0, 0.0, -0.0, 0.0, -0.0, 0.0, -1.0, 0.37472, -0.0, 1.0, 0.0, -0.0, 0.0, 0.0, 0.0, 1.0],
                [1.0, 0.0, -0.0, 0.0, -0.0, 0.0, -1.0, 0.37472, -0.0, 1.0, 0.0, -0.0, 0.0, 0.0, 0.0, 1.0],
                [1.0, 0.0, -0.0, 0.0, -0.0, 0.0, -1.0, 0.37472, -0.0, 1.0, 0.0, 0.0, 0.0, 0.0, 0.0, 1.0],
                [1.0, 0.0, -0.0, -0.0, -0.0, 0.0, -1.0, 0.37472, -0.0, 1.0, 0.0, 0.0, 0.0, 0.0, 0.0, 1.0],
                [1.0, 0.0, -0.0, 0.0, -0.0, 0.0, -1.0, 0.37472, -0.0, 1.0, 0.0, -0.0, 0.0, 0.0, 0.0, 1.0],
                [1.0, 0.0, -0.0, -0.0, -0.0, 0.0, -1.0, 0.37472, -0.0, 1.0, 0.0, 0.0, 0.0, 0.0, 0.0, 1.0],
                [1.0, 0.0, -0.0, -0.0, -0.0, 0.0, -1.0, 0.37472, -0.0, 1.0, 0.0, -0.0, 0.0, 0.0, 0.0, 1.0],
                [1.0, 0.0, -0.0, 0.0, -0.0, 0.0, -1.0, 0.37472, -0.0, 1.0, 0.0, 0.0, 0.0, 0.0, 0.0, 1.0],
                [1.0, 0.0, -0.0, -0.0, -0.0, 0.0, -1.0, 0.37472, -0.0, 1.0, 0.0, 0.0, 0.0, 0.0, 0.0, 1.0],
                [1.0, 0.0, -0.0, -0.0, -0.0, 0.0, -1.0, 0.37472, -0.0, 1.0, 0.0, 0.0, 0.0, 0.0, 0.0, 1.0],
                [1.0, 0.0, -0.0, -0.0, -0.0, 0.0, -1.0, 0.37472, -0.0, 1.0, 0.0, 0.0, 0.0, 0.0, 0.0, 1.0],
                [1.0, 0.0, -0.0, -0.0, -0.0, 0.0, -1.0, 0.37472, -0.0, 1.0, 0.0, 0.0, 0.0, 0.0, 0.0, 1.0],
                [1.0, 0.0, -0.0, -0.0, -0.0, 0.0, -1.0, 0.37472, -0.0, 1.0, 0.0, 0.0, 0.0, 0.0, 0.0, 1.0],
                [1.0, 0.0, -0.0, -0.0, -0.0, 0.0, -1.0, 0.37472, -0.0, 1.0, 0.0, 0.0, 0.0, 0.0, 0.0, 1.0],
                [1.0, 0.0, -0.0, -0.0, -0.0, 0.0, -1.0, 0.37472, -0.0, 1.0, 0.0, 0.0, 0.0, 0.0, 0.0, 1.0],
                [1.0, 0.0, -0.0, -0.0, -0.0, 0.0, -1.0, 0.37472, -0.0, 1.0, 0.0, 0.0, 0.0, 0.0, 0.0, 1.0],
                [1.0, 0.0, -0.0, -0.0, -0.0, 0.0, -1.0, 0.37472, -0.0, 1.0, 0.0, 0.0, 0.0, 0.0, 0.0, 1.0],
                [1.0, 0.0, -0.0, -0.0, -0.0, 0.0, -1.0, 0.37472, -0.0, 1.0, 0.0, 0.0, 0.0, 0.0, 0.0, 1.0],
                [1.0, 0.0, -0.0, -0.0, -0.0, 0.0, -1.0, 0.37472, -0.0, 1.0, 0.0, 0.0, 0.0, 0.0, 0.0, 1.0],
                [1.0, 0.0, -0.0, -0.0, -0.0, 0.0, -1.0, 0.37472, -0.0, 1.0, 0.0, 0.0, 0.0, 0.0, 0.0, 1.0],
                [1.0, 0.0, -0.0, -0.0, -0.0, 0.0, -1.0, 0.37472, -0.0, 1.0, 0.0, 0.0, 0.0, 0.0, 0.0, 1.0],
                [1.0, 0.0, -0.0, -0.0, -0.0, 0.0, -1.0, 0.37472, -0.0, 1.0, 0.0, 0.0, 0.0, 0.0, 0.0, 1.0],
                [1.0, 0.0, -0.0, -0.0, -0.0, 0.0, -1.0, 0.37472, -0.0, 1.0, 0.0, 0.0, 0.0, 0.0, 0.0, 1.0],
                [1.0, 0.0, -0.0, 0.0, -0.0, 0.0, -1.0, 0.37472, -0.0, 1.0, 0.0, 0.0, 0.0, 0.0, 0.0, 1.0]
            ]
        },
        {
            "name": "Torso",
            "time": [0.0, 0.25, 0.3167, 0.4, 0.5, 0.6333, 0.65, 0.8167, 0.85, 1.1, 1.3333, 1.65, 1.75, 1.8333, 1.9167, 2.0333, 2.1, 2.2, 2.3333, 2.45, 2.7, 2.7833, 2.85, 2.95, 3.0833, 3.2167, 3.7167],
            "transform": [
                [0.454223, 0.0, -0.890888, 0.0, -0.304702, 0.939693, -0.155353, 0.05, 0.837161, 0.34202, 0.42683, 0.0, 0.0, 0.0, 0.0, 1.0],
                [0.454223, -0.0, -0.890888, 0.0, -0.304702, 0.939693, -0.155353, 0.05, 0.837161, 0.34202, 0.42683, 0.0, 0.0, 0.0, 0.0, 1.0],
                [0.454223, 0.0, -0.890888, -0.0, -0.304702, 0.939692, -0.155353, 0.05, 0.837161, 0.34202, 0.42683, -0.0, 0.0, 0.0, 0.0, 1.0],
                [0.454223, 0.0, -0.890888, -0.0, -0.304702, 0.939692, -0.155353, 0.05, 0.837161, 0.34202, 0.42683, -0.0, 0.0, 0.0, 0.0, 1.0],
                [0.454223, 0.0, -0.890888, -0.0, -0.304702, 0.939693, -0.155353, 0.05, 0.837161, 0.34202, 0.42683, -0.0, 0.0, 0.0, 0.0, 1.0],
                [0.454223, 0.0, -0.890888, -0.0, -0.304702, 0.939693, -0.155353, 0.05, 0.837161, 0.34202, 0.42683, 0.0, 0.0, 0.0, 0.0, 1.0],
                [0.454223, 0.0, -0.890888, 0.0, -0.304702, 0.939693, -0.155353, 0.05, 0.837161, 0.34202, 0.42683, -0.0, 0.0, 0.0, 0.0, 1.0],
                [0.454223, 0.0, -0.890888, -0.0, -0.304702, 0.939693, -0.155353, 0.05, 0.837161, 0.34202, 0.42683, -0.0, 0.0, 0.0, 0.0, 1.0],
                [0.457153, 0.000879, -0.889388, -0.0, -0.303362, 0.940184, -0.155001, 0.05, 0.836052, 0.340666, 0.430075, 0.0, 0.0, 0.0, 0.0, 1.0],
                [0.625884, 0.044998, -0.778617, 0.0, -0.224018, 0.966637, -0.12421, 0.05, 0.747051, 0.252166, 0.615083, -0.0, 0.0, 0.0, 0.0, 1.0],
                [0.864979, 0.073936, -0.496332, 0.0, -0.100278, 0.994604, -0.026599, 0.05, 0.491687, 0.072779, 0.867725, -0.0, 0.0, 0.0, 0.0, 1.0],
                [0.996931, 0.019006, -0.075942, -0.0, -0.008114, 0.989941, 0.141245, 0.05, 0.077862, -0.140195, 0.987058, 0.0, 0.0, 0.0, 0.0, 1.0],
                [1.0, 0.0, 0.0, -0.0, -0.0, 0.987668, 0.156561, 0.05, -0.0, -0.156561, 0.987668, 0.0, 0.0, 0.0, 0.0, 1.0],
                [1.0, -0.0, -0.0, -0.0, -0.0, 0.984808, 0.173648, 0.05, -0.0, -0.173648, 0.984808, 0.0, 0.0, 0.0, 0.0, 1.0],
                [1.0, -0.0, -0.0, -0.0, -0.0, 0.984808, 0.173648, 0.05, -0.0, -0.173648, 0.984808, 0.0, 0.0, 0.0, 0.0, 1.0],
                [1.0, -0.0, -0.0, -0.0, -0.0, 0.984808, 0.173648, 0.05, -0.0, -0.173648, 0.984808, 0.0, 0.0, 0.0, 0.0, 1.0],
                [1.0, -0.0, -0.0, -0.0, -0.0, 0.984808, 0.173648, 0.05, -0.0, -0.173648, 0.984808, 0.0, 0.0, 0.0, 0.0, 1.0],
                [1.0, -0.0, -0.0, -0.0, -0.0, 0.984808, 0.173648, 0.05, -0.0, -0.173648, 0.984808, 0.0, 0.0, 0.0, 0.0, 1.0],
                [1.0, -0.0, -0.0, -0.0, -0.0, 0.984808, 0.173648, 0.05, -0.0, -0.173648, 0.984808, 0.0, 0.0, 0.0, 0.0, 1.0],
                [1.0, -0.0, -0.0, -0.0, -0.0, 0.984808, 0.173648, 0.05, -0.0, -0.173648, 0.984808, 0.0, 0.0, 0.0, 0.0, 1.0],
                [1.0, -0.0, -0.0, -0.0, -0.0, 0.984808, 0.173648, 0.05, -0.0, -0.173648, 0.984808, 0.0, 0.0, 0.0, 0.0, 1.0],
                [1.0, -0.0, -0.0, -0.0, -0.0, 0.984808, 0.173648, 0.05, -0.0, -0.173648, 0.984808, 0.0, 0.0, 0.0, 0.0, 1.0],
                [1.0, -0.0, -0.0, -0.0, -0.0, 0.984808, 0.173648, 0.05, -0.0, -0.173648, 0.984808, 0.0, 0.0, 0.0, 0.0, 1.0],
                [1.0, -0.0, -0.0, -0.0, -0.0, 0.984808, 0.173648, 0.05, -0.0, -0.173648, 0.984808, 0.0, 0.0, 0.0, 0.0, 1.0],
                [1.0, -0.0, -0.0, -0.0, -0.0, 0.984808, 0.173648, 0.05, -0.0, -0.173648, 0.984808, 0.0, 0.0, 0.0, 0.0, 1.0],
                [1.0, -0.0, -0.0, -0.0, -0.0, 0.984808, 0.173648, 0.05, -0.0, -0.173648, 0.984808, 0.0, 0.0, 0.0, 0.0, 1.0],
                [0.965926, -0.0, -0.258819, -0.0, -0.044943, 0.984808, -0.167731, 0.05, 0.254887, 0.173648, 0.951251, 0.0, 0.0, 0.0, 0.0, 1.0]
            ]
        },
        {
            "name": "Chest",
            "time": [0.0, 0.25, 0.3167, 0.4, 0.5, 0.6333, 0.65, 0.8167, 0.85, 1.1, 1.3333, 1.65, 1.75, 1.8333, 1.9167, 2.0333, 2.1, 2.2, 2.3333, 2.45, 2.7, 2.7833, 2.85, 2.95, 3.0833, 3.2167, 3.7167],
            "transform": [
                [-0.466707, 0.031891, 0.883837, -0.0, -0.10469, 0.990331, -0.091015, 0.3, -0.878194, -0.135007, -0.458856, -0.0, 0.0, 0.0, 0.0, 1.0],
                [0.753441, -0.087053, 0.651727, 0.0, -0.019548, 0.987793, 0.154541, 0.3, -0.657225, -0.129178, 0.742542, -0.0, 0.0, 0.0, 0.0, 1.0],
                [0.884241, -0.088714, 0.458529, 0.0, 0.015153, 0.986726, 0.161687, 0.3, -0.466786, -0.136022, 0.873847, 0.0, 0.0, 0.0, 0.0, 1.0],
                [0.959751, -0.086036, 0.267349, -0.0, 0.043504, 0.985975, 0.161123, 0.3, -0.277462, -0.143007, 0.950034, -0.0, 0.0, 0.0, 0.0, 1.0],
                [0.990836, -0.083917, 0.105843, 0.0, 0.067125, 0.985901, 0.153278, 0.3, -0.117213, -0.144769, 0.982498, 0.0, 0.0, 0.0, 0.0, 1.0],
                [0.99638, -0.084462, -0.009691, 0.0, 0.084986, 0.986506, 0.139937, 0.3, -0.002259, -0.140254, 0.990113, 0.0, 0.0, 0.0, 0.0, 1.0],
                [0.996281, -0.084701, -0.015839, -0.0, 0.086082, 0.986584, 0.138718, 0.3, 0.003877, -0.139565, 0.990205, 0.0, 0.0, 0.0, 0.0, 1.0],
                [0.995249, -0.086913, -0.043892, -0.0, 0.091991, 0.987058, 0.131359, 0.3, 0.031907, -0.134772, 0.990363, 0.0, 0.0, 0.0, 0.0, 1.0],
                [0.995025, -0.087184, -0.048221, -0.0, 0.092817, 0.98708, 0.130603, 0.3, 0.036211, -0.134429, 0.990261, 0.0, 0.0, 0.0, 0.0, 1.0],
                [0.993604, -0.087053, -0.071923, 0.0, 0.095454, 0.987793, 0.1231, 0.3, 0.060329, -0.129178, 0.989784, -0.0, 0.0, 0.0, 0.0, 1.0],
                [0.997531, -0.069108, 0.0125, -0.0, 0.068729, 0.997227, 0.028541, 0.3, -0.014438, -0.027611, 0.999515, -0.0, 0.0, 0.0, 0.0, 1.0],
                [0.983347, -0.005825, 0.181646, 0.0, 0.034849, 0.986982, -0.157007, 0.3, -0.178367, 0.160723, 0.970749, -0.0, 0.0, 0.0, 0.0, 1.0],
                [0.981134, -0.0, 0.193329, 0.0, 0.033571, 0.984808, -0.170372, 0.3, -0.190392, 0.173648, 0.966228, 0.0, 0.0, 0.0, 0.0, 1.0],
                [0.981134, -0.0, 0.193329, 0.0, 0.033571, 0.984808, -0.170372, 0.3, -0.190392, 0.173648, 0.966228, 0.0, 0.0, 0.0, 0.0, 1.0],
                [0.981134, -0.0, 0.193329, 0.0, 0.033571, 0.984808, -0.170372, 0.3, -0.190392, 0.173648, 0.966228, 0.0, 0.0, 0.0, 0.0, 1.0],
