{
    "armature": {
        "joints": ["Root", "Thigh_R", "Leg_R", "Knee_R", "Thigh_L", "Leg_L", "Knee_L", "Torso", "Chest", "Head", "Shoulder_R", "Arm_R", "Hand_R", "Tool_R", "Elbow_R", "Shoulder_L", "Arm_L", "Hand_L", "Tool_L", "Elbow_L"],
        "hierarchy": [
            {
                "name": "Root",
                "transform": [1.0, 0.0, 0.0, -5e-06, 0.0, 0.0, -1.0, 0.000946, 0.0, 1.0, 0.0, 0.763972, 0.0, 0.0, 0.0, 1.0],
                "children": [
                    {
                        "name": "Thigh_R",
                        "transform": [1.0, -0.0, -0.0, 0.124994, -0.0, -1.0, 0.0, -0.002831, -0.0, -0.0, -1.0, -1.2e-05, 0.0, 0.0, 0.0, 1.0],
                        "children": [
                            {
                                "name": "Leg_R",
                                "transform": [1.0, 0.0, 1e-06, 0.0, -0.0, 1.0, 0.0, 0.37472, -1e-06, -0.0, 1.0, -0.0, 0.0, 0.0, 0.0, 1.0],
                                "children": []
                            },
                            {
                                "name": "Knee_R",
                                "transform": [1.0, 0.0, -0.0, 0.0, -0.0, 0.0, -1.0, 0.37472, -0.0, 1.0, 0.0, -0.0, 0.0, 0.0, 0.0, 1.0],
                                "children": []
                            }
                        ]
                    },
                    {
                        "name": "Thigh_L",
                        "transform": [1.0, -0.0, -0.0, -0.125006, -0.0, -1.0, 0.0, -0.002831, -0.0, -0.0, -1.0, -1.2e-05, 0.0, 0.0, 0.0, 1.0],
                        "children": [
                            {
                                "name": "Leg_L",
                                "transform": [1.0, 0.0, 1e-06, -0.0, -0.0, 1.0, 0.0, 0.37472, -1e-06, -0.0, 1.0, 0.0, 0.0, 0.0, 0.0, 1.0],
                                "children": []
                            },
                            {
                                "name": "Knee_L",
                                "transform": [1.0, 0.0, -0.0, -0.0, -0.0, 0.0, -1.0, 0.37472, -0.0, 1.0, 0.0, 0.0, 0.0, 0.0, 0.0, 1.0],
                                "children": []
                            }
                        ]
                    },
                    {
                        "name": "Torso",
                        "transform": [1.0, 0.0, 0.0, 0.0, 0.0, 1.0, 0.0, 0.05, 0.0, 0.0, 1.0, 0.0, 0.0, 0.0, 0.0, 1.0],
                        "children": [
                            {
                                "name": "Chest",
                                "transform": [1.0, 0.0, 0.0, 0.0, 0.0, 1.0, 0.0, 0.3, 0.0, 0.0, 1.0, 0.0, 0.0, 0.0, 0.0, 1.0],
                                "children": [
                                    {
                                        "name": "Head",
                                        "transform": [1.0, 0.0, 0.0, 0.0, 0.0, 1.0, 0.0, 0.4, 0.0, 0.0, 1.0, 0.0, 0.0, 0.0, 0.0, 1.0],
                                        "children": []
                                    },
                                    {
                                        "name": "Shoulder_R",
                                        "transform": [0.0, 0.952114, 0.305743, 0.0, 0.0, -0.305743, 0.952114, 0.4, 1.0, 0.0, -0.0, 0.0, 0.0, 0.0, 0.0, 1.0],
                                        "children": [
                                            {
                                                "name": "Arm_R",
                                                "transform": [0.0, -0.0, -1.0, -0.0, 0.952114, 0.305743, 0.0, 0.39386, 0.305743, -0.952114, 0.0, 0.0, 0.0, 0.0, 0.0, 1.0],
                                                "children": [
                                                    {
                                                        "name": "Hand_R",
                                                        "transform": [1.0, 0.0, 0.0, 0.0, -0.0, 0.993938, 0.109947, 0.3, -0.0, -0.109947, 0.993937, 0.0, 0.0, 0.0, 0.0, 1.0],
                                                        "children": [
                                                            {
                                                                "name": "Tool_R",
                                                                "transform": [1.0, 0.0, 0.0, -0.0, 0.0, -0.999836, 0.018122, 0.272858, 0.0, -0.018122, -0.999836, 0.0, 0.0, 0.0, 0.0, 1.0],
                                                                "children": []
                                                            }
                                                        ]
                                                    },
                                                    {
                                                        "name": "Elbow_R",
                                                        "transform": [-1.0, 0.0, -0.0, 0.0, 0.0, 0.0, -1.0, 0.3, -0.0, -1.0, -0.0, 0.0, 0.0, 0.0, 0.0, 1.0],
                                                        "children": []
                                                    }
                                                ]
                                            }
                                        ]
                                    },
                                    {
                                        "name": "Shoulder_L",
                                        "transform": [-0.0, -0.952114, -0.305743, 0.0, 0.0, -0.305743, 0.952114, 0.4, -1.0, 0.0, 0.0, 0.0, 0.0, 0.0, 0.0, 1.0],
                                        "children": [
                                            {
                                                "name": "Arm_L",
                                                "transform": [-0.0, -0.0, 1.0, -0.0, -0.952114, 0.305743, -0.0, 0.39386, -0.305743, -0.952114, -0.0, 0.0, 0.0, 0.0, 0.0, 1.0],
                                                "children": [
                                                    {
                                                        "name": "Hand_L",
                                                        "transform": [1.0, -0.0, 0.0, -0.0, 0.0, 0.993937, 0.109947, 0.3, -0.0, -0.109947, 0.993937, 0.0, 0.0, 0.0, 0.0, 1.0],
                                                        "children": [
                                                            {
                                                                "name": "Tool_L",
                                                                "transform": [1.0, 0.0, 0.0, -0.0, -0.0, -0.999836, 0.018122, 0.272858, 0.0, -0.018122, -0.999836, -0.0, 0.0, 0.0, 0.0, 1.0],
                                                                "children": []
                                                            }
                                                        ]
                                                    },
                                                    {
                                                        "name": "Elbow_L",
                                                        "transform": [-1.0, 0.0, -0.0, -0.0, 0.0, -0.0, -1.0, 0.3, -0.0, -1.0, 0.0, 0.0, 0.0, 0.0, 0.0, 1.0],
                                                        "children": []
                                                    }
                                                ]
                                            }
                                        ]
                                    }
                                ]
                            }
                        ]
                    }
                ]
            }
        ]
    },
    "animation": [
        {
            "name": "Root",
            "time": [0.0, 0.25, 0.3, 0.3167, 0.4333, 0.5, 0.6833, 0.8167, 1.05, 1.65, 1.7333, 1.8167, 1.9, 1.9667, 2.0333, 2.1, 2.15, 2.2, 2.2333, 2.3167, 2.4, 2.4667, 2.5667, 2.7, 2.8333, 3.0667],
            "transform": [
                [1.0, 0.0, 0.0, -5e-06, 0.0, 0.0, -1.0, -0.002071, 0.0, 1.0, 0.0, 0.688546, 0.0, 0.0, 0.0, 1.0],
                [1.0, 0.0, 0.0, -5e-06, 0.0, 0.0, -1.0, 0.15062, 0.0, 1.0, 0.0, 0.601664, 0.0, 0.0, 0.0, 1.0],
                [1.0, 0.0, 0.0, -5e-06, 0.0, 0.0, -1.0, 0.261779, 0.0, 1.0, 0.0, 0.594713, 0.0, 0.0, 0.0, 1.0],
                [1.0, 0.0, 0.0, -5e-06, 0.0, 0.0, -1.0, 0.543996, 0.0, 1.0, 0.0, 0.594713, 0.0, 0.0, 0.0, 1.0],
                [1.0, 0.0, 0.0, -5e-06, 0.0, 0.0, -1.0, 5.584911, 0.0, 1.0, 0.0, 0.594713, 0.0, 0.0, 0.0, 1.0],
                [1.0, 0.0, 0.0, -5e-06, 0.0, 0.0, -1.0, 5.970332, 0.0, 1.0, 0.0, 0.594713, 0.0, 0.0, 0.0, 1.0],
                [1.0, 0.0, 0.0, -5e-06, 0.0, 0.0, -1.0, 6.022179, 0.0, 1.0, 0.0, 0.594713, 0.0, 0.0, 0.0, 1.0],
                [1.0, 0.0, 0.0, -5e-06, 0.0, 0.0, -1.0, 5.896594, 0.0, 1.0, 0.0, 0.594713, 0.0, 0.0, 0.0, 1.0],
                [1.0, 0.0, 0.0, -5e-06, 0.0, 0.0, -1.0, 5.721087, 0.0, 1.0, 0.0, 0.594713, 0.0, 0.0, 0.0, 1.0],
                [0.999628, -0.027268, 0.0, -5e-06, 0.0, 0.0, -1.0, 5.519193, 0.027268, 0.999628, 0.0, 0.594713, 0.0, 0.0, 0.0, 1.0],
                [0.999628, -0.027268, 0.0, -5e-06, 0.0, 0.0, -1.0, 5.519193, 0.027268, 0.999628, 0.0, 0.594713, 0.0, 0.0, 0.0, 1.0],
                [0.999628, -0.027268, 0.0, -5e-06, 0.0, 0.0, -1.0, 5.519193, 0.027268, 0.999628, 0.0, 0.594713, 0.0, 0.0, 0.0, 1.0],
                [0.999628, -0.027268, 0.0, -5e-06, 0.0, 0.0, -1.0, 5.519193, 0.027268, 0.999628, 0.0, 0.594713, 0.0, 0.0, 0.0, 1.0],
                [0.999628, -0.027268, 0.0, -5e-06, 0.0, 0.0, -1.0, 5.519193, 0.027268, 0.999628, 0.0, 0.594713, 0.0, 0.0, 0.0, 1.0],
                [0.999628, -0.027268, 0.0, -5e-06, 0.0, 0.0, -1.0, 5.519193, 0.027268, 0.999628, 0.0, 0.594713, 0.0, 0.0, 0.0, 1.0],
                [0.999628, -0.027268, 0.0, -5e-06, 0.0, 0.0, -1.0, 5.519193, 0.027268, 0.999628, 0.0, 0.594713, 0.0, 0.0, 0.0, 1.0],
                [0.999628, -0.027268, 0.0, -5e-06, 0.0, 0.0, -1.0, 5.519193, 0.027268, 0.999628, 0.0, 0.594713, 0.0, 0.0, 0.0, 1.0],
                [0.999628, -0.027268, 0.0, -5e-06, 0.0, 0.0, -1.0, 5.519193, 0.027268, 0.999628, 0.0, 0.594713, 0.0, 0.0, 0.0, 1.0],
                [0.999628, -0.027268, 0.0, -5e-06, 0.0, 0.0, -1.0, 5.519193, 0.027268, 0.999628, 0.0, 0.594713, 0.0, 0.0, 0.0, 1.0],
                [0.999628, -0.027268, 0.0, -5e-06, 0.0, 0.0, -1.0, 5.519193, 0.027268, 0.999628, 0.0, 0.594713, 0.0, 0.0, 0.0, 1.0],
                [0.999628, -0.027268, 0.0, -5e-06, 0.0, 0.0, -1.0, 5.519193, 0.027268, 0.999628, 0.0, 0.594713, 0.0, 0.0, 0.0, 1.0],
                [0.999628, -0.027268, 0.0, -5e-06, 0.0, 0.0, -1.0, 5.519193, 0.027268, 0.999628, 0.0, 0.594713, 0.0, 0.0, 0.0, 1.0],
                [0.999628, -0.027268, 0.0, -5e-06, 0.0, 0.0, -1.0, 5.519193, 0.027268, 0.999628, 0.0, 0.594713, 0.0, 0.0, 0.0, 1.0],
                [0.999628, -0.027268, 0.0, -5e-06, 0.0, 0.0, -1.0, 5.519193, 0.027268, 0.999628, 0.0, 0.594713, 0.0, 0.0, 0.0, 1.0],
                [0.999628, -0.027268, 0.0, -5e-06, 0.0, 0.0, -1.0, 5.519193, 0.027268, 0.999628, 0.0, 0.594713, 0.0, 0.0, 0.0, 1.0],
                [0.999628, -0.027268, 0.0, -5e-06, 0.0, 0.0, -1.0, 5.519193, 0.027268, 0.999628, 0.0, 0.594713, 0.0, 0.0, 0.0, 1.0]
            ]
        },
        {
            "name": "Thigh_R",
            "time": [0.0, 0.25, 0.3167, 0.5, 0.6833, 1.0667, 1.65, 1.7333, 1.8167, 1.9, 1.9667, 2.0333, 2.1, 2.15, 2.2, 2.2333, 2.3167, 2.4, 2.4667, 2.5667, 2.7, 2.8333, 3.0667],
            "transform": [
                [0.998915, 0.042282, -0.019539, 0.124994, 0.038601, -0.986241, -0.16074, -0.002831, -0.026067, 0.159811, -0.986803, -1.2e-05, 0.0, 0.0, 0.0, 1.0],
                [0.998915, 0.042282, -0.019539, 0.124994, 0.027358, -0.872105, -0.488553, -0.002831, -0.037697, 0.487488, -0.872316, -1.2e-05, 0.0, 0.0, 0.0, 1.0],
                [0.99884, 0.045827, -0.014789, 0.124994, 0.030025, -0.832811, -0.552742, -0.002831, -0.037647, 0.551657, -0.833221, -1.2e-05, 0.0, 0.0, 0.0, 1.0],
                [0.998222, 0.059583, 0.001627, 0.124994, 0.048604, -0.797888, -0.600843, -0.002831, -0.034502, 0.599854, -0.799365, -1.2e-05, 0.0, 0.0, 0.0, 1.0],
                [0.998915, 0.043824, -0.01578, 0.124994, 0.027358, -0.826206, -0.562702, -0.002831, -0.037697, 0.56166, -0.826509, -1.2e-05, 0.0, 0.0, 0.0, 1.0],
                [0.998915, 0.040418, -0.02315, 0.124994, 0.032295, -0.959143, -0.281073, -0.002831, -0.033565, 0.280021, -0.959407, -1.2e-05, 0.0, 0.0, 0.0, 1.0],
                [0.998915, 0.043824, -0.01578, 0.124994, 0.038601, -0.968479, -0.246085, -0.002831, -0.026067, 0.245209, -0.96912, -1.2e-05, 0.0, 0.0, 0.0, 1.0],
                [0.998915, 0.043824, -0.01578, 0.124994, 0.038601, -0.968479, -0.246085, -0.002831, -0.026067, 0.245209, -0.96912, -1.2e-05, 0.0, 0.0, 0.0, 1.0],
                [0.998915, 0.043824, -0.01578, 0.124994, 0.038601, -0.968479, -0.246085, -0.002831, -0.026067, 0.245209, -0.96912, -1.2e-05, 0.0, 0.0, 0.0, 1.0],
                [0.998915, 0.043824, -0.01578, 0.124994, 0.038601, -0.968479, -0.246085, -0.002831, -0.026067, 0.245209, -0.96912, -1.2e-05, 0.0, 0.0, 0.0, 1.0],
                [0.998915, 0.043824, -0.01578, 0.124994, 0.038601, -0.968479, -0.246085, -0.002831, -0.026067, 0.245209, -0.96912, -1.2e-05, 0.0, 0.0, 0.0, 1.0],
                [0.998915, 0.043824, -0.01578, 0.124994, 0.038601, -0.968479, -0.246085, -0.002831, -0.026067, 0.245209, -0.96912, -1.2e-05, 0.0, 0.0, 0.0, 1.0],
                [0.998915, 0.043824, -0.01578, 0.124994, 0.038601, -0.968479, -0.246085, -0.002831, -0.026067, 0.245209, -0.96912, -1.2e-05, 0.0, 0.0, 0.0, 1.0],
                [0.998915, 0.043824, -0.01578, 0.124994, 0.038601, -0.968479, -0.246085, -0.002831, -0.026067, 0.245209, -0.96912, -1.2e-05, 0.0, 0.0, 0.0, 1.0],
                [0.998915, 0.043824, -0.01578, 0.124994, 0.038601, -0.968479, -0.246085, -0.002831, -0.026067, 0.245209, -0.96912, -1.2e-05, 0.0, 0.0, 0.0, 1.0],
                [0.998915, 0.043824, -0.01578, 0.124994, 0.038601, -0.968479, -0.246085, -0.002831, -0.026067, 0.245209, -0.96912, -1.2e-05, 0.0, 0.0, 0.0, 1.0],
                [0.998915, 0.043824, -0.01578, 0.124994, 0.038601, -0.968479, -0.246085, -0.002831, -0.026067, 0.245209, -0.96912, -1.2e-05, 0.0, 0.0, 0.0, 1.0],
                [0.998915, 0.043824, -0.01578, 0.124994, 0.038601, -0.968479, -0.246085, -0.002831, -0.026067, 0.245209, -0.96912, -1.2e-05, 0.0, 0.0, 0.0, 1.0],
                [0.998915, 0.043824, -0.01578, 0.124994, 0.038601, -0.968479, -0.246085, -0.002831, -0.026067, 0.245209, -0.96912, -1.2e-05, 0.0, 0.0, 0.0, 1.0],
                [0.998915, 0.043824, -0.01578, 0.124994, 0.038601, -0.968479, -0.246085, -0.002831, -0.026067, 0.245209, -0.96912, -1.2e-05, 0.0, 0.0, 0.0, 1.0],
                [0.998915, 0.043824, -0.01578, 0.124994, 0.038601, -0.968479, -0.246085, -0.002831, -0.026067, 0.245209, -0.96912, -1.2e-05, 0.0, 0.0, 0.0, 1.0],
                [0.998915, 0.043824, -0.01578, 0.124994, 0.038601, -0.968479, -0.246085, -0.002831, -0.026067, 0.245209, -0.96912, -1.2e-05, 0.0, 0.0, 0.0, 1.0],
                [0.998915, 0.043824, -0.01578, 0.124994, 0.038601, -0.968479, -0.246085, -0.002831, -0.026067, 0.245209, -0.96912, -1.2e-05, 0.0, 0.0, 0.0, 1.0]
            ]
        },
        {
            "name": "Leg_R",
            "time": [0.0, 0.25, 0.3167, 0.5, 0.6833, 1.65, 1.7333, 1.8167, 1.9, 1.9667, 2.0333, 2.1, 2.15, 2.2, 2.2333, 2.3167, 2.4, 2.4667, 2.5667, 2.7, 2.8333, 3.0667],
            "transform": [
                [1.0, 1e-06, 1e-06, -0.0, -1e-06, 0.999995, 0.00307, 0.37472, -1e-06, -0.00307, 0.999995, -0.0, 0.0, 0.0, 0.0, 1.0],
                [0.999709, -0.004037, -0.023768, -0.0, 0.015427, 0.864728, 0.502004, 0.37472, 0.018526, -0.502224, 0.864539, -0.0, 0.0, 0.0, 0.0, 1.0],
                [0.999696, -0.006282, -0.023842, -0.0, 0.016587, 0.886816, 0.461825, 0.37472, 0.018242, -0.46208, 0.886651, -0.0, 0.0, 0.0, 0.0, 1.0],
                [0.999709, -0.010051, -0.021913, 0.0, 0.015427, 0.965191, 0.26109, 0.37472, 0.018526, -0.261352, 0.965066, 1e-06, 0.0, 0.0, 0.0, 1.0],
                [0.999709, -0.004037, -0.023768, 0.0, 0.015427, 0.864728, 0.502004, 0.37472, 0.018526, -0.502224, 0.864539, 0.0, 0.0, 0.0, 0.0, 1.0],
                [1.0, 1e-06, 1e-06, -0.0, -1e-06, 0.996458, -0.084097, 0.37472, -1e-06, 0.084097, 0.996458, 1e-06, 0.0, 0.0, 0.0, 1.0],
                [1.0, 1e-06, 1e-06, -0.0, -1e-06, 0.996458, -0.084097, 0.37472, -1e-06, 0.084097, 0.996458, 1e-06, 0.0, 0.0, 0.0, 1.0],
                [1.0, 1e-06, 1e-06, -0.0, -1e-06, 0.996458, -0.084097, 0.37472, -1e-06, 0.084097, 0.996458, 1e-06, 0.0, 0.0, 0.0, 1.0],
                [1.0, 1e-06, 1e-06, -0.0, -1e-06, 0.996458, -0.084097, 0.37472, -1e-06, 0.084097, 0.996458, 1e-06, 0.0, 0.0, 0.0, 1.0],
                [1.0, 1e-06, 1e-06, -0.0, -1e-06, 0.996458, -0.084097, 0.37472, -1e-06, 0.084097, 0.996458, 1e-06, 0.0, 0.0, 0.0, 1.0],
                [1.0, 1e-06, 1e-06, -0.0, -1e-06, 0.996458, -0.084097, 0.37472, -1e-06, 0.084097, 0.996458, 1e-06, 0.0, 0.0, 0.0, 1.0],
                [1.0, 1e-06, 1e-06, -0.0, -1e-06, 0.996458, -0.084097, 0.37472, -1e-06, 0.084097, 0.996458, 1e-06, 0.0, 0.0, 0.0, 1.0],
                [1.0, 1e-06, 1e-06, -0.0, -1e-06, 0.996458, -0.084097, 0.37472, -1e-06, 0.084097, 0.996458, 1e-06, 0.0, 0.0, 0.0, 1.0],
                [1.0, 1e-06, 1e-06, -0.0, -1e-06, 0.996458, -0.084097, 0.37472, -1e-06, 0.084097, 0.996458, 1e-06, 0.0, 0.0, 0.0, 1.0],
                [1.0, 1e-06, 1e-06, -0.0, -1e-06, 0.996458, -0.084097, 0.37472, -1e-06, 0.084097, 0.996458, 1e-06, 0.0, 0.0, 0.0, 1.0],
                [1.0, 1e-06, 1e-06, -0.0, -1e-06, 0.996458, -0.084097, 0.37472, -1e-06, 0.084097, 0.996458, 1e-06, 0.0, 0.0, 0.0, 1.0],
                [1.0, 1e-06, 1e-06, -0.0, -1e-06, 0.996458, -0.084097, 0.37472, -1e-06, 0.084097, 0.996458, 1e-06, 0.0, 0.0, 0.0, 1.0],
                [1.0, 1e-06, 1e-06, -0.0, -1e-06, 0.996458, -0.084097, 0.37472, -1e-06, 0.084097, 0.996458, 1e-06, 0.0, 0.0, 0.0, 1.0],
                [1.0, 1e-06, 1e-06, -0.0, -1e-06, 0.996458, -0.084097, 0.37472, -1e-06, 0.084097, 0.996458, 1e-06, 0.0, 0.0, 0.0, 1.0],
                [1.0, 1e-06, 1e-06, -0.0, -1e-06, 0.996458, -0.084097, 0.37472, -1e-06, 0.084097, 0.996458, 1e-06, 0.0, 0.0, 0.0, 1.0],
                [1.0, 1e-06, 1e-06, -0.0, -1e-06, 0.996458, -0.084097, 0.37472, -1e-06, 0.084097, 0.996458, 1e-06, 0.0, 0.0, 0.0, 1.0],
                [1.0, 1e-06, 1e-06, -0.0, -1e-06, 0.996458, -0.084097, 0.37472, -1e-06, 0.084097, 0.996458, 1e-06, 0.0, 0.0, 0.0, 1.0]
            ]
        },
        {
            "name": "Knee_R",
            "time": [0.0, 0.25, 0.3167, 1.65, 1.7333, 1.8167, 1.9, 1.9667, 2.0333, 2.1, 2.15, 2.2, 2.2333, 2.3167, 2.4, 2.4667, 2.5667, 2.7, 2.8333, 3.0667],
            "transform": [
                [1.0, 0.0, -0.0, -0.0, -0.0, 0.0, -1.0, 0.37472, -0.0, 1.0, 0.0, -0.0, 0.0, 0.0, 0.0, 1.0],
                [1.0, 0.0, -0.0, -0.0, -0.0, 0.0, -1.0, 0.37472, -0.0, 1.0, 0.0, -0.0, 0.0, 0.0, 0.0, 1.0],
                [1.0, 0.0, -0.0, -0.0, -0.0, 0.0, -1.0, 0.37472, -0.0, 1.0, 0.0, -0.0, 0.0, 0.0, 0.0, 1.0],
                [1.0, 0.0, -0.0, -0.0, -0.0, 0.0, -1.0, 0.37472, -0.0, 1.0, 0.0, 1e-06, 0.0, 0.0, 0.0, 1.0],
                [1.0, 0.0, -0.0, -0.0, -0.0, 0.0, -1.0, 0.37472, -0.0, 1.0, 0.0, 1e-06, 0.0, 0.0, 0.0, 1.0],
                [1.0, 0.0, -0.0, -0.0, -0.0, 0.0, -1.0, 0.37472, -0.0, 1.0, 0.0, 1e-06, 0.0, 0.0, 0.0, 1.0],
                [1.0, 0.0, -0.0, -0.0, -0.0, 0.0, -1.0, 0.37472, -0.0, 1.0, 0.0, 1e-06, 0.0, 0.0, 0.0, 1.0],
                [1.0, 0.0, -0.0, -0.0, -0.0, 0.0, -1.0, 0.37472, -0.0, 1.0, 0.0, 1e-06, 0.0, 0.0, 0.0, 1.0],
                [1.0, 0.0, -0.0, -0.0, -0.0, 0.0, -1.0, 0.37472, -0.0, 1.0, 0.0, 1e-06, 0.0, 0.0, 0.0, 1.0],
                [1.0, 0.0, -0.0, -0.0, -0.0, 0.0, -1.0, 0.37472, -0.0, 1.0, 0.0, 1e-06, 0.0, 0.0, 0.0, 1.0],
                [1.0, 0.0, -0.0, -0.0, -0.0, 0.0, -1.0, 0.37472, -0.0, 1.0, 0.0, 1e-06, 0.0, 0.0, 0.0, 1.0],
                [1.0, 0.0, -0.0, -0.0, -0.0, 0.0, -1.0, 0.37472, -0.0, 1.0, 0.0, 1e-06, 0.0, 0.0, 0.0, 1.0],
                [1.0, 0.0, -0.0, -0.0, -0.0, 0.0, -1.0, 0.37472, -0.0, 1.0, 0.0, 1e-06, 0.0, 0.0, 0.0, 1.0],
                [1.0, 0.0, -0.0, -0.0, -0.0, 0.0, -1.0, 0.37472, -0.0, 1.0, 0.0, 1e-06, 0.0, 0.0, 0.0, 1.0],
                [1.0, 0.0, -0.0, -0.0, -0.0, 0.0, -1.0, 0.37472, -0.0, 1.0, 0.0, 1e-06, 0.0, 0.0, 0.0, 1.0],
                [1.0, 0.0, -0.0, -0.0, -0.0, 0.0, -1.0, 0.37472, -0.0, 1.0, 0.0, 1e-06, 0.0, 0.0, 0.0, 1.0],
                [1.0, 0.0, -0.0, -0.0, -0.0, 0.0, -1.0, 0.37472, -0.0, 1.0, 0.0, 1e-06, 0.0, 0.0, 0.0, 1.0],
                [1.0, 0.0, -0.0, -0.0, -0.0, 0.0, -1.0, 0.37472, -0.0, 1.0, 0.0, 1e-06, 0.0, 0.0, 0.0, 1.0],
                [1.0, 0.0, -0.0, -0.0, -0.0, 0.0, -1.0, 0.37472, -0.0, 1.0, 0.0, 1e-06, 0.0, 0.0, 0.0, 1.0],
                [1.0, 0.0, -0.0, -0.0, -0.0, 0.0, -1.0, 0.37472, -0.0, 1.0, 0.0, 1e-06, 0.0, 0.0, 0.0, 1.0]
            ]
        },
        {
            "name": "Thigh_L",
            "time": [0.0, 0.25, 0.3167, 0.5, 0.6833, 1.0667, 1.65, 1.7333, 1.8167, 1.9, 1.9667, 2.0333, 2.1, 2.15, 2.2, 2.2333, 2.3167, 2.4, 2.4667, 2.5667, 2.7, 2.8333, 3.0667],
            "transform": [
                [1.0, -0.0, -0.0, -0.125006, -0.0, -0.906307, 0.422618, -0.002831, -0.0, -0.422619, -0.906308, -1.2e-05, 0.0, 0.0, 0.0, 1.0],
                [1.0, -0.0, -0.0, -0.125006, -0.0, -0.707107, 0.707107, -0.002831, -0.0, -0.707107, -0.707107, -1.2e-05, 0.0, 0.0, 0.0, 1.0],
                [1.0, -0.0, -0.0, -0.125006, -0.0, -0.71167, 0.702514, -0.002831, -0.0, -0.702514, -0.71167, -1.2e-05, 0.0, 0.0, 0.0, 1.0],
                [1.0, -0.0, -0.0, -0.125006, -0.0, -0.732725, 0.680525, -0.002831, -0.0, -0.680525, -0.732725, -1.2e-05, 0.0, 0.0, 0.0, 1.0],
                [1.0, -0.0, -0.0, -0.125006, -0.0, -0.642787, 0.766045, -0.002831, -0.0, -0.766045, -0.642787, -1.2e-05, 0.0, 0.0, 0.0, 1.0],
                [1.0, -0.0, -0.0, -0.125006, -0.0, -0.865185, 0.501451, -0.002831, -0.0, -0.501452, -0.865186, -1.2e-05, 0.0, 0.0, 0.0, 1.0],
                [1.0, -0.0, -0.0, -0.125006, -0.0, -0.906307, 0.422618, -0.002831, -0.0, -0.422619, -0.906308, -1.2e-05, 0.0, 0.0, 0.0, 1.0],
                [1.0, -0.0, -0.0, -0.125006, -0.0, -0.906307, 0.422618, -0.002831, -0.0, -0.422619, -0.906308, -1.2e-05, 0.0, 0.0, 0.0, 1.0],
                [1.0, -0.0, -0.0, -0.125006, -0.0, -0.906307, 0.422618, -0.002831, -0.0, -0.422619, -0.906308, -1.2e-05, 0.0, 0.0, 0.0, 1.0],
                [1.0, -0.0, -0.0, -0.125006, -0.0, -0.906307, 0.422618, -0.002831, -0.0, -0.422619, -0.906308, -1.2e-05, 0.0, 0.0, 0.0, 1.0],
                [1.0, -0.0, -0.0, -0.125006, -0.0, -0.906307, 0.422618, -0.002831, -0.0, -0.422619, -0.906308, -1.2e-05, 0.0, 0.0, 0.0, 1.0],
                [1.0, -0.0, -0.0, -0.125006, -0.0, -0.906307, 0.422618, -0.002831, -0.0, -0.422619, -0.906308, -1.2e-05, 0.0, 0.0, 0.0, 1.0],
                [1.0, -0.0, -0.0, -0.125006, -0.0, -0.906307, 0.422618, -0.002831, -0.0, -0.422619, -0.906308, -1.2e-05, 0.0, 0.0, 0.0, 1.0],
                [1.0, -0.0, -0.0, -0.125006, -0.0, -0.906307, 0.422618, -0.002831, -0.0, -0.422619, -0.906308, -1.2e-05, 0.0, 0.0, 0.0, 1.0],
                [1.0, -0.0, -0.0, -0.125006, -0.0, -0.906307, 0.422618, -0.002831, -0.0, -0.422619, -0.906308, -1.2e-05, 0.0, 0.0, 0.0, 1.0],
                [1.0, -0.0, -0.0, -0.125006, -0.0, -0.906307, 0.422618, -0.002831, -0.0, -0.422619, -0.906308, -1.2e-05, 0.0, 0.0, 0.0, 1.0],
                [1.0, -0.0, -0.0, -0.125006, -0.0, -0.906307, 0.422618, -0.002831, -0.0, -0.422619, -0.906308, -1.2e-05, 0.0, 0.0, 0.0, 1.0],
                [1.0, -0.0, -0.0, -0.125006, -0.0, -0.906307, 0.422618, -0.002831, -0.0, -0.422619, -0.906308, -1.2e-05, 0.0, 0.0, 0.0, 1.0],
                [1.0, -0.0, -0.0, -0.125006, -0.0, -0.906307, 0.422618, -0.002831, -0.0, -0.422619, -0.906308, -1.2e-05, 0.0, 0.0, 0.0, 1.0],
                [1.0, -0.0, -0.0, -0.125006, -0.0, -0.906307, 0.422618, -0.002831, -0.0, -0.422619, -0.906308, -1.2e-05, 0.0, 0.0, 0.0, 1.0],
                [1.0, -0.0, -0.0, -0.125006, -0.0, -0.906307, 0.422618, -0.002831, -0.0, -0.422619, -0.906308, -1.2e-05, 0.0, 0.0, 0.0, 1.0],
                [1.0, -0.0, -0.0, -0.125006, -0.0, -0.906307, 0.422618, -0.002831, -0.0, -0.422619, -0.906308, -1.2e-05, 0.0, 0.0, 0.0, 1.0],
                [1.0, -0.0, -0.0, -0.125006, -0.0, -0.906307, 0.422618, -0.002831, -0.0, -0.422619, -0.906308, -1.2e-05, 0.0, 0.0, 0.0, 1.0]
            ]
        },
        {
            "name": "Leg_L",
            "time": [0.0, 0.25, 0.3167, 0.6833, 1.65, 1.7333, 1.8167, 1.9, 1.9667, 2.0333, 2.1, 2.15, 2.2, 2.2333, 2.3167, 2.4, 2.4667, 2.5667, 2.7, 2.8333, 3.0667],
            "transform": [
                [1.0, 1e-06, 1e-06, 0.0, -1e-06, 0.939693, 0.34202, 0.37472, -1e-06, -0.34202, 0.939693, -0.0, 0.0, 0.0, 0.0, 1.0],
                [1.0, 0.0, 1e-06, 0.0, -1e-06, 0.707107, 0.707107, 0.37472, -0.0, -0.707107, 0.707107, -0.0, 0.0, 0.0, 0.0, 1.0],
                [1.0, 0.0, 1e-06, -0.0, -1e-06, 0.707107, 0.707107, 0.37472, -0.0, -0.707107, 0.707107, 0.0, 0.0, 0.0, 0.0, 1.0],
                [1.0, 0.0, 1e-06, -0.0, -1e-06, 0.707107, 0.707107, 0.37472, -0.0, -0.707107, 0.707107, 0.0, 0.0, 0.0, 0.0, 1.0],
                [1.0, 1e-06, 1e-06, 0.0, -1e-06, 0.939692, 0.342021, 0.37472, -1e-06, -0.342021, 0.939693, 0.0, 0.0, 0.0, 0.0, 1.0],
                [1.0, 1e-06, 1e-06, 0.0, -1e-06, 0.939692, 0.342021, 0.37472, -1e-06, -0.342021, 0.939693, 0.0, 0.0, 0.0, 0.0, 1.0],
                [1.0, 1e-06, 1e-06, 0.0, -1e-06, 0.939692, 0.342021, 0.37472, -1e-06, -0.342021, 0.939693, 0.0, 0.0, 0.0, 0.0, 1.0],
                [1.0, 1e-06, 1e-06, 0.0, -1e-06, 0.939692, 0.342021, 0.37472, -1e-06, -0.342021, 0.939693, 0.0, 0.0, 0.0, 0.0, 1.0],
                [1.0, 1e-06, 1e-06, 0.0, -1e-06, 0.939692, 0.342021, 0.37472, -1e-06, -0.342021, 0.939693, 0.0, 0.0, 0.0, 0.0, 1.0],
                [1.0, 1e-06, 1e-06, 0.0, -1e-06, 0.939692, 0.342021, 0.37472, -1e-06, -0.342021, 0.939693, 0.0, 0.0, 0.0, 0.0, 1.0],
                [1.0, 1e-06, 1e-06, 0.0, -1e-06, 0.939692, 0.342021, 0.37472, -1e-06, -0.342021, 0.939693, 0.0, 0.0, 0.0, 0.0, 1.0],
                [1.0, 1e-06, 1e-06, 0.0, -1e-06, 0.939692, 0.342021, 0.37472, -1e-06, -0.342021, 0.939693, 0.0, 0.0, 0.0, 0.0, 1.0],
                [1.0, 1e-06, 1e-06, 0.0, -1e-06, 0.939692, 0.342021, 0.37472, -1e-06, -0.342021, 0.939693, 0.0, 0.0, 0.0, 0.0, 1.0],
                [1.0, 1e-06, 1e-06, 0.0, -1e-06, 0.939692, 0.342021, 0.37472, -1e-06, -0.342021, 0.939693, 0.0, 0.0, 0.0, 0.0, 1.0],
                [1.0, 1e-06, 1e-06, 0.0, -1e-06, 0.939692, 0.342021, 0.37472, -1e-06, -0.342021, 0.939693, 0.0, 0.0, 0.0, 0.0, 1.0],
                [1.0, 1e-06, 1e-06, 0.0, -1e-06, 0.939692, 0.342021, 0.37472, -1e-06, -0.342021, 0.939693, 0.0, 0.0, 0.0, 0.0, 1.0],
                [1.0, 1e-06, 1e-06, 0.0, -1e-06, 0.939692, 0.342021, 0.37472, -1e-06, -0.342021, 0.939693, 0.0, 0.0, 0.0, 0.0, 1.0],
                [1.0, 1e-06, 1e-06, 0.0, -1e-06, 0.939692, 0.342021, 0.37472, -1e-06, -0.342021, 0.939693, 0.0, 0.0, 0.0, 0.0, 1.0],
                [1.0, 1e-06, 1e-06, 0.0, -1e-06, 0.939692, 0.342021, 0.37472, -1e-06, -0.342021, 0.939693, 0.0, 0.0, 0.0, 0.0, 1.0],
                [1.0, 1e-06, 1e-06, 0.0, -1e-06, 0.939692, 0.342021, 0.37472, -1e-06, -0.342021, 0.939693, 0.0, 0.0, 0.0, 0.0, 1.0],
                [1.0, 1e-06, 1e-06, 0.0, -1e-06, 0.939692, 0.342021, 0.37472, -1e-06, -0.342021, 0.939693, 0.0, 0.0, 0.0, 0.0, 1.0]
            ]
        },
        {
            "name": "Knee_L",
            "time": [0.0, 0.25, 0.3167, 1.65, 1.7333, 1.8167, 1.9, 1.9667, 2.0333, 2.1, 2.15, 2.2, 2.2333, 2.3167, 2.4, 2.4667, 2.5667, 2.7, 2.8333, 3.0667],
            "transform": [
                [1.0, 0.0, -0.0, 0.0, -0.0, 0.0, -1.0, 0.37472, -0.0, 1.0, 0.0, -0.0, 0.0, 0.0, 0.0, 1.0],
                [1.0, 0.0, -0.0, 0.0, -0.0, 0.0, -1.0, 0.37472, -0.0, 1.0, 0.0, -0.0, 0.0, 0.0, 0.0, 1.0],
                [1.0, 0.0, -0.0, -0.0, -0.0, 0.0, -1.0, 0.37472, -0.0, 1.0, 0.0, 0.0, 0.0, 0.0, 0.0, 1.0],
                [1.0, 0.0, -0.0, 0.0, -0.0, 0.0, -1.0, 0.37472, -0.0, 1.0, 0.0, 0.0, 0.0, 0.0, 0.0, 1.0],
                [1.0, 0.0, -0.0, 0.0, -0.0, 0.0, -1.0, 0.37472, -0.0, 1.0, 0.0, 0.0, 0.0, 0.0, 0.0, 1.0],
                [1.0, 0.0, -0.0, 0.0, -0.0, 0.0, -1.0, 0.37472, -0.0, 1.0, 0.0, 0.0, 0.0, 0.0, 0.0, 1.0],
                [1.0, 0.0, -0.0, 0.0, -0.0, 0.0, -1.0, 0.37472, -0.0, 1.0, 0.0, 0.0, 0.0, 0.0, 0.0, 1.0],
                [1.0, 0.0, -0.0, 0.0, -0.0, 0.0, -1.0, 0.37472, -0.0, 1.0, 0.0, 0.0, 0.0, 0.0, 0.0, 1.0],
                [1.0, 0.0, -0.0, 0.0, -0.0, 0.0, -1.0, 0.37472, -0.0, 1.0, 0.0, 0.0, 0.0, 0.0, 0.0, 1.0],
                [1.0, 0.0, -0.0, 0.0, -0.0, 0.0, -1.0, 0.37472, -0.0, 1.0, 0.0, 0.0, 0.0, 0.0, 0.0, 1.0],
                [1.0, 0.0, -0.0, 0.0, -0.0, 0.0, -1.0, 0.37472, -0.0, 1.0, 0.0, 0.0, 0.0, 0.0, 0.0, 1.0],
                [1.0, 0.0, -0.0, 0.0, -0.0, 0.0, -1.0, 0.37472, -0.0, 1.0, 0.0, 0.0, 0.0, 0.0, 0.0, 1.0],
                [1.0, 0.0, -0.0, 0.0, -0.0, 0.0, -1.0, 0.37472, -0.0, 1.0, 0.0, 0.0, 0.0, 0.0, 0.0, 1.0],
                [1.0, 0.0, -0.0, 0.0, -0.0, 0.0, -1.0, 0.37472, -0.0, 1.0, 0.0, 0.0, 0.0, 0.0, 0.0, 1.0],
                [1.0, 0.0, -0.0, 0.0, -0.0, 0.0, -1.0, 0.37472, -0.0, 1.0, 0.0, 0.0, 0.0, 0.0, 0.0, 1.0],
                [1.0, 0.0, -0.0, 0.0, -0.0, 0.0, -1.0, 0.37472, -0.0, 1.0, 0.0, 0.0, 0.0, 0.0, 0.0, 1.0],
                [1.0, 0.0, -0.0, 0.0, -0.0, 0.0, -1.0, 0.37472, -0.0, 1.0, 0.0, 0.0, 0.0, 0.0, 0.0, 1.0],
                [1.0, 0.0, -0.0, 0.0, -0.0, 0.0, -1.0, 0.37472, -0.0, 1.0, 0.0, 0.0, 0.0, 0.0, 0.0, 1.0],
                [1.0, 0.0, -0.0, 0.0, -0.0, 0.0, -1.0, 0.37472, -0.0, 1.0, 0.0, 0.0, 0.0, 0.0, 0.0, 1.0],
                [1.0, 0.0, -0.0, 0.0, -0.0, 0.0, -1.0, 0.37472, -0.0, 1.0, 0.0, 0.0, 0.0, 0.0, 0.0, 1.0]
            ]
        },
        {
            "name": "Torso",
            "time": [0.0, 0.25, 0.3167, 1.65, 1.7333, 1.8167, 1.9, 1.9667, 2.0333, 2.1, 2.15, 2.2, 2.2333, 2.3167, 2.4, 2.4667, 2.5667, 2.7, 2.8333, 3.0667],
            "transform": [
                [0.965926, -0.0, -0.258819, 0.0, -0.044943, 0.984808, -0.167731, 0.05, 0.254887, 0.173648, 0.951251, 0.0, 0.0, 0.0, 0.0, 1.0],
                [0.975861, 0.0, -0.21839, 0.0, -0.019034, 0.996195, -0.085052, 0.05, 0.217559, 0.087156, 0.972148, 0.0, 0.0, 0.0, 0.0, 1.0],
                [0.978474, 0.003481, -0.206343, 0.0, -0.01565, 0.99823, -0.05737, 0.05, 0.205778, 0.059364, 0.976796, 0.0, 0.0, 0.0, 0.0, 1.0],
                [0.996931, 0.019006, -0.075942, -0.0, -0.008114, 0.989941, 0.141245, 0.05, 0.077862, -0.140195, 0.987058, 0.0, 0.0, 0.0, 0.0, 1.0],
                [0.999468, 0.00935, -0.031241, -0.0, -0.004125, 0.986568, 0.1633, 0.05, 0.032348, -0.163085, 0.986082, 0.0, 0.0, 0.0, 0.0, 1.0],
                [1.0, 0.0, 0.0, -0.0, 0.0, 0.984808, 0.173648, 0.05, 0.0, -0.173648, 0.984808, 0.0, 0.0, 0.0, 0.0, 1.0],
                [1.0, 0.0, 0.0, -0.0, 0.0, 0.984808, 0.173648, 0.05, 0.0, -0.173648, 0.984808, 0.0, 0.0, 0.0, 0.0, 1.0],
                [1.0, 0.0, 0.0, -0.0, 0.0, 0.984808, 0.173648, 0.05, 0.0, -0.173648, 0.984808, 0.0, 0.0, 0.0, 0.0, 1.0],
                [1.0, 0.0, 0.0, -0.0, 0.0, 0.984808, 0.173648, 0.05, 0.0, -0.173648, 0.984808, 0.0, 0.0, 0.0, 0.0, 1.0],
                [1.0, 0.0, 0.0, -0.0, 0.0, 0.984808, 0.173648, 0.05, 0.0, -0.173648, 0.984808, 0.0, 0.0, 0.0, 0.0, 1.0],
                [1.0, 0.0, 0.0, -0.0, 0.0, 0.984808, 0.173648, 0.05, 0.0, -0.173648, 0.984808, 0.0, 0.0, 0.0, 0.0, 1.0],
                [1.0, 0.0, 0.0, -0.0, 0.0, 0.984808, 0.173648, 0.05, 0.0, -0.173648, 0.984808, 0.0, 0.0, 0.0, 0.0, 1.0],
                [1.0, 0.0, 0.0, -0.0, 0.0, 0.984808, 0.173648, 0.05, 0.0, -0.173648, 0.984808, 0.0, 0.0, 0.0, 0.0, 1.0],
                [1.0, 0.0, 0.0, -0.0, 0.0, 0.984808, 0.173648, 0.05, 0.0, -0.173648, 0.984808, 0.0, 0.0, 0.0, 0.0, 1.0],
                [1.0, 0.0, 0.0, -0.0, 0.0, 0.984808, 0.173648, 0.05, 0.0, -0.173648, 0.984808, 0.0, 0.0, 0.0, 0.0, 1.0],
                [1.0, 0.0, 0.0, -0.0, 0.0, 0.984808, 0.173648, 0.05, 0.0, -0.173648, 0.984808, 0.0, 0.0, 0.0, 0.0, 1.0],
                [1.0, 0.0, 0.0, -0.0, 0.0, 0.984808, 0.173648, 0.05, 0.0, -0.173648, 0.984808, 0.0, 0.0, 0.0, 0.0, 1.0],
                [1.0, 0.0, 0.0, -0.0, 0.0, 0.984808, 0.173648, 0.05, 0.0, -0.173648, 0.984808, 0.0, 0.0, 0.0, 0.0, 1.0],
                [1.0, 0.0, 0.0, -0.0, 0.0, 0.984808, 0.173648, 0.05, 0.0, -0.173648, 0.984808, 0.0, 0.0, 0.0, 0.0, 1.0],
                [1.0, 0.0, 0.0, -0.0, 0.0, 0.984808, 0.173648, 0.05, 0.0, -0.173648, 0.984808, 0.0, 0.0, 0.0, 0.0, 1.0]
            ]
        },
        {
            "name": "Chest",
            "time": [0.0, 0.25, 0.3167, 0.3833, 1.65, 1.7333, 1.8167, 1.9, 1.9667, 2.0333, 2.1, 2.15, 2.2, 2.2333, 2.3167, 2.4, 2.4667, 2.5667, 2.7, 2.8333, 3.0667],
            "transform": [
                [0.98101, -0.072179, 0.180026, 0.0, 0.067653, 0.997222, 0.031163, 0.3, -0.181775, -0.018392, 0.983168, -0.0, 0.0, 0.0, 0.0, 1.0],
                [0.475981, -0.128295, 0.870048, -0.0, -0.178821, 0.954517, 0.238579, 0.3, -0.861084, -0.269141, 0.43139, 0.0, 0.0, 0.0, 0.0, 1.0],
                [0.882997, -0.129841, 0.451063, -0.0, -0.015316, 0.952497, 0.304164, 0.3, -0.469129, -0.275484, 0.839063, -0.0, 0.0, 0.0, 0.0, 1.0],
                [0.984063, -0.128295, -0.123131, -0.0, 0.156219, 0.954517, 0.253953, 0.3, 0.08495, -0.269141, 0.959347, -0.0, 0.0, 0.0, 0.0, 1.0],
                [0.983347, -0.005825, 0.181646, 0.0, 0.034849, 0.986982, -0.157007, 0.3, -0.178367, 0.160723, 0.970749, -0.0, 0.0, 0.0, 0.0, 1.0],
                [0.981134, -0.0, 0.193329, -0.0, 0.033571, 0.984808, -0.170372, 0.3, -0.190392, 0.173648, 0.966228, -0.0, 0.0, 0.0, 0.0, 1.0],
                [0.981134, -0.0, 0.193329, -0.0, 0.033571, 0.984808, -0.170372, 0.3, -0.190392, 0.173648, 0.966228, 0.0, 0.0, 0.0, 0.0, 1.0],
                [0.981134, -0.0, 0.193329, -0.0, 0.033571, 0.984808, -0.170372, 0.3, -0.190392, 0.173648, 0.966228, 0.0, 0.0, 0.0, 0.0, 1.0],
                [0.981134, -0.0, 0.193329, -0.0, 0.033571, 0.984808, -0.170372, 0.3, -0.190392, 0.173648, 0.966228, 0.0, 0.0, 0.0, 0.0, 1.0],
                [0.981134, -0.0, 0.193329, -0.0, 0.033571, 0.984808, -0.170372, 0.3, -0.190392, 0.173648, 0.966228, 0.0, 0.0, 0.0, 0.0, 1.0],
                [0.981134, -0.0, 0.193329, -0.0, 0.033571, 0.984808, -0.170372, 0.3, -0.190392, 0.173648, 0.966228, 0.0, 0.0, 0.0, 0.0, 1.0],
                [0.981134, -0.0, 0.193329, -0.0, 0.033571, 0.984808, -0.170372, 0.3, -0.190392, 0.173648, 0.966228, 0.0, 0.0, 0.0, 0.0, 1.0],
                [0.981134, -0.0, 0.193329, -0.0, 0.033571, 0.984808, -0.170372, 0.3, -0.190392, 0.173648, 0.966228, 0.0, 0.0, 0.0, 0.0, 1.0],
                [0.981134, -0.0, 0.193329, -0.0, 0.033571, 0.984808, -0.170372, 0.3, -0.190392, 0.173648, 0.966228, 0.0, 0.0, 0.0, 0.0, 1.0],
                [0.981134, -0.0, 0.193329, -0.0, 0.033571, 0.984808, -0.170372, 0.3, -0.190392, 0.173648, 0.966228, 0.0, 0.0, 0.0, 0.0, 1.0],
                [0.981134, -0.0, 0.193329, -0.0, 0.033571, 0.984808, -0.170372, 0.3, -0.190392, 0.173648, 0.966228, 0.0, 0.0, 0.0, 0.0, 1.0],
                [0.981134, -0.0, 0.193329, -0.0, 0.033571, 0.984808, -0.170372, 0.3, -0.190392, 0.173648, 0.966228, 0.0, 0.0, 0.0, 0.0, 1.0],
                [0.981134, -0.0, 0.193329, -0.0, 0.033571, 0.984808, -0.170372, 0.3, -0.190392, 0.173648, 0.966228, 0.0, 0.0, 0.0, 0.0, 1.0],
                [0.981134, -0.0, 0.193329, -0.0, 0.033571, 0.984808, -0.170372, 0.3, -0.190392, 0.173648, 0.966228, 0.0, 0.0, 0.0, 0.0, 1.0],
                [0.981134, -0.0, 0.193329, -0.0, 0.033571, 0.984808, -0.170372, 0.3, -0.190392, 0.173648, 0.966228, 0.0, 0.0, 0.0, 0.0, 1.0],
                [0.981134, -0.0, 0.193329, -0.0, 0.033571, 0.984808, -0.170372, 0.3, -0.190392, 0.173648, 0.966228, 0.0, 0.0, 0.0, 0.0, 1.0]
            ]
        },
        {
            "name": "Head",
            "time": [0.0, 0.25, 0.3167, 1.0667, 1.65, 1.7333, 1.8167, 1.9, 1.9667, 2.0333, 2.1, 2.15, 2.2, 2.2333, 2.3167, 2.4, 2.4667, 2.5667, 2.7, 2.8333, 3.0667],
            "transform": [
                [0.996703, 0.00672, -0.080863, -0.0, 0.005877, 0.987969, 0.154539, 0.4, 0.080929, -0.154504, 0.984672, -0.0, 0.0, 0.0, 0.0, 1.0],
                [0.996703, 0.00672, -0.080863, -0.0, 0.005877, 0.987969, 0.154539, 0.4, 0.080929, -0.154504, 0.984672, -0.0, 0.0, 0.0, 0.0, 1.0],
                [0.996702, 0.00672, -0.080863, 0.0, 0.005877, 0.987969, 0.154539, 0.4, 0.080929, -0.154504, 0.984672, -0.0, 0.0, 0.0, 0.0, 1.0],
                [0.996703, 0.00672, -0.080863, -0.0, 0.005877, 0.987969, 0.154539, 0.4, 0.080929, -0.154504, 0.984672, -0.0, 0.0, 0.0, 0.0, 1.0],
                [0.828122, -0.247324, 0.503036, 0.0, 0.057885, 0.930334, 0.362117, 0.4, -0.557551, -0.270758, 0.784746, -0.0, 0.0, 0.0, 0.0, 1.0],
                [0.828122, -0.247324, 0.503035, -0.0, 0.057885, 0.930334, 0.362117, 0.4, -0.557551, -0.270758, 0.784746, -0.0, 0.0, 0.0, 0.0, 1.0],
                [0.828122, -0.247324, 0.503036, 0.0, 0.057885, 0.930334, 0.362117, 0.4, -0.557551, -0.270758, 0.784746, 0.0, 0.0, 0.0, 0.0, 1.0],
                [0.828122, -0.247324, 0.503036, 0.0, 0.057885, 0.930334, 0.362117, 0.4, -0.557551, -0.270758, 0.784746, 0.0, 0.0, 0.0, 0.0, 1.0],
                [0.828122, -0.247324, 0.503036, 0.0, 0.057885, 0.930334, 0.362117, 0.4, -0.557551, -0.270758, 0.784746, 0.0, 0.0, 0.0, 0.0, 1.0],
                [0.828122, -0.247324, 0.503036, 0.0, 0.057885, 0.930334, 0.362117, 0.4, -0.557551, -0.270758, 0.784746, 0.0, 0.0, 0.0, 0.0, 1.0],
                [0.828122, -0.247324, 0.503036, 0.0, 0.057885, 0.930334, 0.362117, 0.4, -0.557551, -0.270758, 0.784746, 0.0, 0.0, 0.0, 0.0, 1.0],
                [0.828122, -0.247324, 0.503036, 0.0, 0.057885, 0.930334, 0.362117, 0.4, -0.557551, -0.270758, 0.784746, 0.0, 0.0, 0.0, 0.0, 1.0],
                [0.828122, -0.247324, 0.503036, 0.0, 0.057885, 0.930334, 0.362117, 0.4, -0.557551, -0.270758, 0.784746, 0.0, 0.0, 0.0, 0.0, 1.0],
                [0.828122, -0.247324, 0.503036, 0.0, 0.057885, 0.930334, 0.362117, 0.4, -0.557551, -0.270758, 0.784746, 0.0, 0.0, 0.0, 0.0, 1.0],
                [0.828122, -0.247324, 0.503036, 0.0, 0.057885, 0.930334, 0.362117, 0.4, -0.557551, -0.270758, 0.784746, 0.0, 0.0, 0.0, 0.0, 1.0],
                [0.828122, -0.247324, 0.503036, 0.0, 0.057885, 0.930334, 0.362117, 0.4, -0.557551, -0.270758, 0.784746, 0.0, 0.0, 0.0, 0.0, 1.0],
                [0.828122, -0.247324, 0.503036, 0.0, 0.057885, 0.930334, 0.362117, 0.4, -0.557551, -0.270758, 0.784746, 0.0, 0.0, 0.0, 0.0, 1.0],
                [0.828122, -0.247324, 0.503036, 0.0, 0.057885, 0.930334, 0.362117, 0.4, -0.557551, -0.270758, 0.784746, 0.0, 0.0, 0.0, 0.0, 1.0],
                [0.828122, -0.247324, 0.503036, 0.0, 0.057885, 0.930334, 0.362117, 0.4, -0.557551, -0.270758, 0.784746, 0.0, 0.0, 0.0, 0.0, 1.0],
                [0.828122, -0.247324, 0.503036, 0.0, 0.057885, 0.930334, 0.362117, 0.4, -0.557551, -0.270758, 0.784746, 0.0, 0.0, 0.0, 0.0, 1.0],
                [0.828122, -0.247324, 0.503036, 0.0, 0.057885, 0.930334, 0.362117, 0.4, -0.557551, -0.270758, 0.784746, 0.0, 0.0, 0.0, 0.0, 1.0]
            ]
        },
        {
            "name": "Shoulder_R",
            "time": [0.0, 0.25, 0.3167, 0.4333, 1.65, 1.7333, 1.8167, 1.9, 1.9667, 2.0333, 2.1, 2.15, 2.2, 2.2333, 2.3167, 2.4, 2.4667, 2.5667, 2.7, 2.8333, 3.0667],
            "transform": [
                [0.023876, 0.960804, 0.276198, -0.0, 0.078352, -0.277226, 0.957605, 0.4, 0.99664, -0.001223, -0.0819, -0.0, 0.0, 0.0, 0.0, 1.0],
                [0.54273, 0.720671, 0.431366, -0.0, -0.361996, -0.262731, 0.894389, 0.4, 0.757893, -0.641565, 0.118288, -0.0, 0.0, 0.0, 0.0, 1.0],
                [0.413012, 0.833478, 0.367064, 0.0, -0.290798, -0.261257, 0.920425, 0.4, 0.863051, -0.486888, 0.134471, -0.0, 0.0, 0.0, 0.0, 1.0],
