{
    "armature": {
        "joints": ["Root", "Thigh_R", "Leg_R", "Knee_R", "Thigh_L", "Leg_L", "Knee_L", "Torso", "Chest", "Head", "Shoulder_R", "Arm_R", "Hand_R", "Tool_R", "Elbow_R", "Shoulder_L", "Arm_L", "Hand_L", "Tool_L", "Elbow_L"],
        "hierarchy": [
            {
                "name": "Root",
                "transform": [1.0, 0.0, 0.0, -5e-06, 0.0, 0.0, -1.0, 0.000946, 0.0, 1.0, 0.0, 0.763972, 0.0, 0.0, 0.0, 1.0],
                "children": [
                    {
                        "name": "Thigh_R",
                        "transform": [1.0, -0.0, -0.0, 0.124994, -0.0, -1.0, 0.0, -0.002831, -0.0, -0.0, -1.0, -1.2e-05, 0.0, 0.0, 0.0, 1.0],
                        "children": [
                            {
                                "name": "Leg_R",
                                "transform": [1.0, 0.0, 1e-06, 0.0, -0.0, 1.0, 0.0, 0.37472, -1e-06, -0.0, 1.0, -0.0, 0.0, 0.0, 0.0, 1.0],
                                "children": []
                            },
                            {
                                "name": "Knee_R",
                                "transform": [1.0, 0.0, -0.0, 0.0, -0.0, 0.0, -1.0, 0.37472, -0.0, 1.0, 0.0, -0.0, 0.0, 0.0, 0.0, 1.0],
                                "children": []
                            }
                        ]
                    },
                    {
                        "name": "Thigh_L",
                        "transform": [1.0, -0.0, -0.0, -0.125006, -0.0, -1.0, 0.0, -0.002831, -0.0, -0.0, -1.0, -1.2e-05, 0.0, 0.0, 0.0, 1.0],
                        "children": [
                            {
                                "name": "Leg_L",
                                "transform": [1.0, 0.0, 1e-06, -0.0, -0.0, 1.0, 0.0, 0.37472, -1e-06, -0.0, 1.0, 0.0, 0.0, 0.0, 0.0, 1.0],
                                "children": []
                            },
                            {
                                "name": "Knee_L",
                                "transform": [1.0, 0.0, -0.0, -0.0, -0.0, 0.0, -1.0, 0.37472, -0.0, 1.0, 0.0, 0.0, 0.0, 0.0, 0.0, 1.0],
                                "children": []
                            }
                        ]
                    },
                    {
                        "name": "Torso",
                        "transform": [1.0, 0.0, 0.0, 0.0, 0.0, 1.0, 0.0, 0.05, 0.0, 0.0, 1.0, 0.0, 0.0, 0.0, 0.0, 1.0],
                        "children": [
                            {
                                "name": "Chest",
                                "transform": [1.0, 0.0, 0.0, 0.0, 0.0, 1.0, 0.0, 0.3, 0.0, 0.0, 1.0, 0.0, 0.0, 0.0, 0.0, 1.0],
                                "children": [
                                    {
                                        "name": "Head",
                                        "transform": [1.0, 0.0, 0.0, 0.0, 0.0, 1.0, 0.0, 0.4, 0.0, 0.0, 1.0, 0.0, 0.0, 0.0, 0.0, 1.0],
                                        "children": []
                                    },
                                    {
                                        "name": "Shoulder_R",
                                        "transform": [0.0, 0.952114, 0.305743, 0.0, 0.0, -0.305743, 0.952114, 0.4, 1.0, 0.0, -0.0, 0.0, 0.0, 0.0, 0.0, 1.0],
                                        "children": [
                                            {
                                                "name": "Arm_R",
                                                "transform": [0.0, -0.0, -1.0, -0.0, 0.952114, 0.305743, 0.0, 0.39386, 0.305743, -0.952114, 0.0, 0.0, 0.0, 0.0, 0.0, 1.0],
                                                "children": [
                                                    {
                                                        "name": "Hand_R",
                                                        "transform": [1.0, 0.0, 0.0, 0.0, -0.0, 0.993938, 0.109947, 0.3, -0.0, -0.109947, 0.993937, 0.0, 0.0, 0.0, 0.0, 1.0],
                                                        "children": [
                                                            {
                                                                "name": "Tool_R",
                                                                "transform": [1.0, 0.0, 0.0, -0.0, 0.0, -0.999836, 0.018122, 0.272858, 0.0, -0.018122, -0.999836, 0.0, 0.0, 0.0, 0.0, 1.0],
                                                                "children": []
                                                            }
                                                        ]
                                                    },
                                                    {
                                                        "name": "Elbow_R",
                                                        "transform": [-1.0, 0.0, -0.0, 0.0, 0.0, 0.0, -1.0, 0.3, -0.0, -1.0, -0.0, 0.0, 0.0, 0.0, 0.0, 1.0],
                                                        "children": []
                                                    }
                                                ]
                                            }
                                        ]
                                    },
                                    {
                                        "name": "Shoulder_L",
                                        "transform": [-0.0, -0.952114, -0.305743, 0.0, 0.0, -0.305743, 0.952114, 0.4, -1.0, 0.0, 0.0, 0.0, 0.0, 0.0, 0.0, 1.0],
                                        "children": [
                                            {
                                                "name": "Arm_L",
                                                "transform": [-0.0, -0.0, 1.0, -0.0, -0.952114, 0.305743, -0.0, 0.39386, -0.305743, -0.952114, -0.0, 0.0, 0.0, 0.0, 0.0, 1.0],
                                                "children": [
                                                    {
                                                        "name": "Hand_L",
                                                        "transform": [1.0, -0.0, 0.0, -0.0, 0.0, 0.993937, 0.109947, 0.3, -0.0, -0.109947, 0.993937, 0.0, 0.0, 0.0, 0.0, 1.0],
                                                        "children": [
                                                            {
                                                                "name": "Tool_L",
                                                                "transform": [1.0, 0.0, 0.0, -0.0, -0.0, -0.999836, 0.018122, 0.272858, 0.0, -0.018122, -0.999836, -0.0, 0.0, 0.0, 0.0, 1.0],
                                                                "children": []
                                                            }
                                                        ]
                                                    },
                                                    {
                                                        "name": "Elbow_L",
                                                        "transform": [-1.0, 0.0, -0.0, -0.0, 0.0, -0.0, -1.0, 0.3, -0.0, -1.0, 0.0, 0.0, 0.0, 0.0, 0.0, 1.0],
                                                        "children": []
                                                    }
                                                ]
                                            }
                                        ]
                                    }
                                ]
                            }
                        ]
                    }
                ]
            }
        ]
    },
    "animation": [
        {
            "name": "Root",
            "time": [0.0167, 0.0333, 0.05, 0.0667, 0.0833, 0.1, 0.1167, 0.1333, 0.15, 0.1667, 0.1833, 0.2, 0.2167, 0.2333, 0.25, 0.2667, 0.2833, 0.3, 0.3167, 0.3333, 0.35, 0.3667, 0.3833, 0.4, 0.4167, 0.4333, 0.45, 0.4667, 0.4833, 0.5, 0.5167, 0.5333, 0.55, 0.5667, 0.5833, 0.6, 0.6167, 0.6333, 0.65, 0.6667, 0.6833, 0.7, 0.7167, 0.7333, 0.75, 0.7667, 0.7833, 0.8, 0.8167, 0.8333, 0.85, 0.8667, 0.8833, 0.9, 0.9167, 0.9333, 0.95, 0.9667, 0.9833, 1.0, 1.0167, 1.0333, 1.05, 1.0667, 1.0833, 1.1, 1.1167, 1.1333, 1.15, 1.1667, 1.1833, 1.2, 1.2167, 1.2333, 1.25, 1.2667, 1.2833, 1.3, 1.3167, 1.3333, 1.35, 1.3667, 1.3833, 1.4, 1.4167, 1.4333, 1.45, 1.4667, 1.4833, 1.5, 1.5167, 1.5333, 1.55, 1.5667, 1.5833, 1.6, 1.6167, 1.6333, 1.65, 1.6667, 1.6833, 1.7, 1.7167, 1.7333, 1.75, 1.7667, 1.7833, 1.8, 1.8167, 1.8333, 1.85, 1.8667, 1.8833, 1.9, 1.9167, 1.9333, 1.95, 1.9667, 1.9833, 2.0, 2.0167, 2.0333, 2.05, 2.0667, 2.0833, 2.1, 2.1167, 2.1333, 2.15, 2.1667, 2.1833, 2.2, 2.2167, 2.2333, 2.25, 2.2667, 2.2833, 2.3, 2.3167, 2.3333, 2.35, 2.3667, 2.3833, 2.4, 2.4167, 2.4333, 2.45, 2.4667, 2.4833, 2.5, 2.5167, 2.5333, 2.55, 2.5667, 2.5833, 2.6, 2.6167, 2.6333, 2.65, 2.6667, 2.6833, 2.7, 2.7167, 2.7333, 2.75, 2.7667, 2.7833, 2.8, 2.8167, 2.8333, 2.85, 2.8667, 2.8833, 2.9, 2.9167, 2.9333, 2.95, 2.9667, 2.9833, 3.0, 3.0167, 3.0333, 3.05, 3.0667, 3.0833, 3.1, 3.1167, 3.1333, 3.15, 3.1667, 3.1833, 3.2, 3.2167, 3.2333, 3.25, 3.2667, 3.2833, 3.3, 3.3167, 3.3333, 3.4667],
            "transform": [
                [1.0, 0.0, 0.0, -5e-06, 0.0, 0.0, -1.0, -0.002071, 0.0, 1.0, 0.0, 0.688546, 0.0, 0.0, 0.0, 1.0],
                [1.0, 0.0, 0.0, -5e-06, 0.0, 0.0, -1.0, -0.002071, 0.0, 1.0, 0.0, 0.687599, 0.0, 0.0, 0.0, 1.0],
                [1.0, 0.0, 0.0, -5e-06, 0.0, 0.0, -1.0, -0.002071, 0.0, 1.0, 0.0, 0.684871, 0.0, 0.0, 0.0, 1.0],
                [1.0, 0.0, 0.0, -5e-06, 0.0, 0.0, -1.0, -0.002071, 0.0, 1.0, 0.0, 0.680532, 0.0, 0.0, 0.0, 1.0],
                [1.0, 0.0, 0.0, -5e-06, 0.0, 0.0, -1.0, -0.002071, 0.0, 1.0, 0.0, 0.67475, 0.0, 0.0, 0.0, 1.0],
                [1.0, 0.0, 0.0, -5e-06, 0.0, 0.0, -1.0, -0.002071, 0.0, 1.0, 0.0, 0.667695, 0.0, 0.0, 0.0, 1.0],
                [1.0, 0.0, 0.0, -5e-06, 0.0, 0.0, -1.0, -0.002071, 0.0, 1.0, 0.0, 0.659535, 0.0, 0.0, 0.0, 1.0],
                [1.0, 0.0, 0.0, -5e-06, 0.0, 0.0, -1.0, -0.002071, 0.0, 1.0, 0.0, 0.65044, 0.0, 0.0, 0.0, 1.0],
                [1.0, 0.0, 0.0, -5e-06, 0.0, 0.0, -1.0, -0.002071, 0.0, 1.0, 0.0, 0.640579, 0.0, 0.0, 0.0, 1.0],
                [1.0, 0.0, 0.0, -5e-06, 0.0, 0.0, -1.0, -0.002071, 0.0, 1.0, 0.0, 0.630122, 0.0, 0.0, 0.0, 1.0],
                [1.0, 0.0, 0.0, -5e-06, 0.0, 0.0, -1.0, -0.002071, 0.0, 1.0, 0.0, 0.619236, 0.0, 0.0, 0.0, 1.0],
                [1.0, 0.0, 0.0, -5e-06, 0.0, 0.0, -1.0, -0.002071, 0.0, 1.0, 0.0, 0.608093, 0.0, 0.0, 0.0, 1.0],
                [1.0, 0.0, 0.0, -5e-06, 0.0, 0.0, -1.0, -0.002071, 0.0, 1.0, 0.0, 0.596859, 0.0, 0.0, 0.0, 1.0],
                [1.0, 0.0, 0.0, -5e-06, 0.0, 0.0, -1.0, -0.002071, 0.0, 1.0, 0.0, 0.585706, 0.0, 0.0, 0.0, 1.0],
                [1.0, 0.0, 0.0, -5e-06, 0.0, 0.0, -1.0, -0.002071, 0.0, 1.0, 0.0, 0.574801, 0.0, 0.0, 0.0, 1.0],
                [1.0, 0.0, 0.0, -5e-06, 0.0, 0.0, -1.0, -0.002071, 0.0, 1.0, 0.0, 0.564314, 0.0, 0.0, 0.0, 1.0],
                [1.0, 0.0, 0.0, -5e-06, 0.0, 0.0, -1.0, -0.002071, 0.0, 1.0, 0.0, 0.554385, 0.0, 0.0, 0.0, 1.0],
                [1.0, 0.0, 0.0, -5e-06, 0.0, 0.0, -1.0, -0.002071, 0.0, 1.0, 0.0, 0.545033, 0.0, 0.0, 0.0, 1.0],
                [1.0, 0.0, 0.0, -5e-06, 0.0, 0.0, -1.0, -0.002071, 0.0, 1.0, 0.0, 0.536249, 0.0, 0.0, 0.0, 1.0],
                [1.0, 0.0, 0.0, -5e-06, 0.0, 0.0, -1.0, -0.002071, 0.0, 1.0, 0.0, 0.528024, 0.0, 0.0, 0.0, 1.0],
                [1.0, 0.0, 0.0, -5e-06, 0.0, 0.0, -1.0, -0.002071, 0.0, 1.0, 0.0, 0.520347, 0.0, 0.0, 0.0, 1.0],
                [1.0, 0.0, 0.0, -5e-06, 0.0, 0.0, -1.0, -0.002071, 0.0, 1.0, 0.0, 0.51321, 0.0, 0.0, 0.0, 1.0],
                [1.0, 0.0, 0.0, -5e-06, 0.0, 0.0, -1.0, -0.002071, 0.0, 1.0, 0.0, 0.506602, 0.0, 0.0, 0.0, 1.0],
                [1.0, 0.0, 0.0, -5e-06, 0.0, 0.0, -1.0, -0.002071, 0.0, 1.0, 0.0, 0.500515, 0.0, 0.0, 0.0, 1.0],
                [1.0, 0.0, 0.0, -5e-06, 0.0, 0.0, -1.0, -0.002071, 0.0, 1.0, 0.0, 0.494939, 0.0, 0.0, 0.0, 1.0],
                [1.0, 0.0, 0.0, -5e-06, 0.0, 0.0, -1.0, -0.002071, 0.0, 1.0, 0.0, 0.489863, 0.0, 0.0, 0.0, 1.0],
                [1.0, 0.0, 0.0, -5e-06, 0.0, 0.0, -1.0, -0.002071, 0.0, 1.0, 0.0, 0.485279, 0.0, 0.0, 0.0, 1.0],
                [1.0, 0.0, 0.0, -5e-06, 0.0, 0.0, -1.0, -0.002071, 0.0, 1.0, 0.0, 0.481177, 0.0, 0.0, 0.0, 1.0],
                [1.0, 0.0, 0.0, -5e-06, 0.0, 0.0, -1.0, -0.002071, 0.0, 1.0, 0.0, 0.477547, 0.0, 0.0, 0.0, 1.0],
                [1.0, 0.0, 0.0, -5e-06, 0.0, 0.0, -1.0, -0.002071, 0.0, 1.0, 0.0, 0.474381, 0.0, 0.0, 0.0, 1.0],
                [1.0, 0.0, 0.0, -5e-06, 0.0, 0.0, -1.0, -0.002071, 0.0, 1.0, 0.0, 0.471667, 0.0, 0.0, 0.0, 1.0],
                [1.0, 0.0, 0.0, -5e-06, 0.0, 0.0, -1.0, -0.002071, 0.0, 1.0, 0.0, 0.469397, 0.0, 0.0, 0.0, 1.0],
                [1.0, 0.0, 0.0, -5e-06, 0.0, 0.0, -1.0, -0.002071, 0.0, 1.0, 0.0, 0.467562, 0.0, 0.0, 0.0, 1.0],
                [1.0, 0.0, 0.0, -5e-06, 0.0, 0.0, -1.0, -0.002071, 0.0, 1.0, 0.0, 0.46615, 0.0, 0.0, 0.0, 1.0],
                [1.0, 0.0, 0.0, -5e-06, 0.0, 0.0, -1.0, -0.002071, 0.0, 1.0, 0.0, 0.465154, 0.0, 0.0, 0.0, 1.0],
                [1.0, 0.0, 0.0, -5e-06, 0.0, 0.0, -1.0, -0.002071, 0.0, 1.0, 0.0, 0.464564, 0.0, 0.0, 0.0, 1.0],
                [1.0, 0.0, 0.0, -5e-06, 0.0, 0.0, -1.0, -0.002071, 0.0, 1.0, 0.0, 0.464369, 0.0, 0.0, 0.0, 1.0],
                [1.0, 0.0, 0.0, -5e-06, 0.0, 0.0, -1.0, -0.002071, 0.0, 1.0, 0.0, 0.464369, 0.0, 0.0, 0.0, 1.0],
                [1.0, 0.0, 0.0, -5e-06, 0.0, 0.0, -1.0, -0.002071, 0.0, 1.0, 0.0, 0.464369, 0.0, 0.0, 0.0, 1.0],
                [1.0, 0.0, 0.0, -5e-06, 0.0, 0.0, -1.0, -0.002071, 0.0, 1.0, 0.0, 0.464369, 0.0, 0.0, 0.0, 1.0],
                [1.0, 0.0, 0.0, -5e-06, 0.0, 0.0, -1.0, -0.002071, 0.0, 1.0, 0.0, 0.464369, 0.0, 0.0, 0.0, 1.0],
                [1.0, 0.0, 0.0, -5e-06, 0.0, 0.0, -1.0, -0.002071, 0.0, 1.0, 0.0, 0.464369, 0.0, 0.0, 0.0, 1.0],
                [1.0, 0.0, 0.0, -5e-06, 0.0, 0.0, -1.0, -0.002071, 0.0, 1.0, 0.0, 0.464369, 0.0, 0.0, 0.0, 1.0],
                [1.0, 0.0, 0.0, -5e-06, 0.0, 0.0, -1.0, -0.002071, 0.0, 1.0, 0.0, 0.464369, 0.0, 0.0, 0.0, 1.0],
                [1.0, 0.0, 0.0, -5e-06, 0.0, 0.0, -1.0, -0.002071, 0.0, 1.0, 0.0, 0.464369, 0.0, 0.0, 0.0, 1.0],
                [1.0, 0.0, 0.0, -5e-06, 0.0, 0.0, -1.0, -0.002071, 0.0, 1.0, 0.0, 0.464369, 0.0, 0.0, 0.0, 1.0],
                [1.0, 0.0, 0.0, -5e-06, 0.0, 0.0, -1.0, -0.002071, 0.0, 1.0, 0.0, 0.464369, 0.0, 0.0, 0.0, 1.0],
                [1.0, 0.0, 0.0, -5e-06, 0.0, 0.0, -1.0, -0.002071, 0.0, 1.0, 0.0, 0.464369, 0.0, 0.0, 0.0, 1.0],
                [1.0, 0.0, 0.0, -5e-06, 0.0, 0.0, -1.0, -0.002071, 0.0, 1.0, 0.0, 0.464369, 0.0, 0.0, 0.0, 1.0],
                [1.0, 0.0, 0.0, -5e-06, 0.0, 0.0, -1.0, -0.002071, 0.0, 1.0, 0.0, 0.464369, 0.0, 0.0, 0.0, 1.0],
                [1.0, 0.0, 0.0, -5e-06, 0.0, 0.0, -1.0, -0.002071, 0.0, 1.0, 0.0, 0.464369, 0.0, 0.0, 0.0, 1.0],
                [1.0, 0.0, 0.0, -5e-06, 0.0, 0.0, -1.0, -0.002071, 0.0, 1.0, 0.0, 0.464369, 0.0, 0.0, 0.0, 1.0],
                [1.0, 0.0, 0.0, -5e-06, 0.0, 0.0, -1.0, -0.002071, 0.0, 1.0, 0.0, 0.464369, 0.0, 0.0, 0.0, 1.0],
                [1.0, 0.0, 0.0, -5e-06, 0.0, -0.011221, -0.999937, 0.045869, 0.0, 0.999937, -0.011221, 0.464369, 0.0, 0.0, 0.0, 1.0],
                [1.0, 0.0, 0.0, -5e-06, 0.0, -0.040827, -0.999166, 0.178129, 0.0, 0.999166, -0.040827, 0.464369, 0.0, 0.0, 0.0, 1.0],
                [1.0, 0.0, 0.0, -5e-06, 0.0, -0.082681, -0.996576, 0.377369, 0.0, 0.996576, -0.082681, 0.464369, 0.0, 0.0, 0.0, 1.0],
                [1.0, 0.0, 0.0, -5e-06, 0.0, -0.130526, -0.991445, 0.626249, 0.0, 0.991445, -0.130526, 0.464369, 0.0, 0.0, 0.0, 1.0],
                [1.0, 0.0, 0.0, -5e-06, 0.0, -0.178069, -0.984018, 0.907428, 0.0, 0.984018, -0.178069, 0.464369, 0.0, 0.0, 0.0, 1.0],
                [1.0, 0.0, 0.0, -5e-06, 0.0, -0.219167, -0.975687, 1.203566, 0.0, 0.975687, -0.219167, 0.464369, 0.0, 0.0, 0.0, 1.0],
                [1.0, 0.0, 0.0, -5e-06, 0.0, -0.247964, -0.968769, 1.497323, 0.0, 0.968769, -0.247964, 0.464369, 0.0, 0.0, 0.0, 1.0],
                [1.0, 0.0, 0.0, -5e-06, 0.0, -0.258819, -0.965926, 1.771359, 0.0, 0.965926, -0.258819, 0.464369, 0.0, 0.0, 0.0, 1.0],
                [1.0, 0.0, 0.0, -5e-06, 0.0, -0.258819, -0.965926, 2.011635, 0.0, 0.965926, -0.258819, 0.47936, 0.0, 0.0, 0.0, 1.0],
                [1.0, 0.0, 0.0, -5e-06, 0.0, -0.258819, -0.965926, 2.217316, 0.0, 0.965926, -0.258819, 0.52262, 0.0, 0.0, 0.0, 1.0],
                [1.0, 0.0, 0.0, -5e-06, 0.0, -0.258819, -0.965926, 2.390871, 0.0, 0.965926, -0.258819, 0.591581, 0.0, 0.0, 0.0, 1.0],
                [1.0, 0.0, 0.0, -5e-06, 0.0, -0.258819, -0.965926, 2.534767, 0.0, 0.965926, -0.258819, 0.683675, 0.0, 0.0, 0.0, 1.0],
                [1.0, 0.0, 0.0, -5e-06, 0.0, -0.258819, -0.965926, 2.651471, 0.0, 0.965926, -0.258819, 0.796332, 0.0, 0.0, 0.0, 1.0],
                [1.0, 0.0, 0.0, -5e-06, 0.0, -0.263431, -0.964678, 2.743451, 0.0, 0.964678, -0.263431, 0.926986, 0.0, 0.0, 0.0, 1.0],
                [1.0, 0.0, 0.0, -5e-06, 0.0, -0.278627, -0.9604, 2.813175, 0.0, 0.9604, -0.278627, 1.073066, 0.0, 0.0, 0.0, 1.0],
                [1.0, 0.0, 0.0, -5e-06, 0.0, -0.306649, -0.951823, 2.863109, 0.0, 0.951823, -0.306649, 1.232005, 0.0, 0.0, 0.0, 1.0],
                [1.0, 0.0, 0.0, -5e-06, 0.0, -0.349925, -0.936778, 2.89572, 0.0, 0.936778, -0.349925, 1.401235, 0.0, 0.0, 0.0, 1.0],
                [1.0, 0.0, 0.0, -5e-06, 0.0, -0.410805, -0.911723, 2.913479, 0.0, 0.911723, -0.410805, 1.578187, 0.0, 0.0, 0.0, 1.0],
                [1.0, 0.0, 0.0, -5e-06, 0.0, -0.490927, -0.871201, 2.91885, 0.0, 0.871201, -0.490927, 1.760292, 0.0, 0.0, 0.0, 1.0],
                [1.0, 0.0, 0.0, -5e-06, 0.0, -0.58861, -0.808417, 2.904332, 0.0, 0.808417, -0.58861, 1.945107, 0.0, 0.0, 0.0, 1.0],
                [1.0, 0.0, 0.0, -5e-06, 0.0, -0.693936, -0.720037, 2.864465, 0.0, 0.720037, -0.693936, 2.130691, 0.0, 0.0, 0.0, 1.0],
                [1.0, 0.0, 0.0, -5e-06, 0.0, -0.794532, -0.607222, 2.804781, 0.0, 0.607222, -0.794532, 2.315226, 0.0, 0.0, 0.0, 1.0],
                [1.0, 0.0, 0.0, -5e-06, 0.0, -0.87945, -0.475991, 2.730811, 0.0, 0.475991, -0.87945, 2.496896, 0.0, 0.0, 0.0, 1.0],
                [1.0, 0.0, 0.0, -5e-06, 0.0, -0.94172, -0.336399, 2.648085, 0.0, 0.336399, -0.94172, 2.673883, 0.0, 0.0, 0.0, 1.0],
                [1.0, 0.0, 0.0, -5e-06, 0.0, -0.97974, -0.200274, 2.562136, 0.0, 0.200274, -0.97974, 2.844372, 0.0, 0.0, 0.0, 1.0],
                [1.0, 0.0, 0.0, -5e-06, 0.0, -0.996886, -0.078853, 2.478495, 0.0, 0.078853, -0.996886, 3.006545, 0.0, 0.0, 0.0, 1.0],
                [1.0, 0.0, 0.0, -5e-06, 0.0, -0.999832, 0.018319, 2.402691, 0.0, -0.018319, -0.999832, 3.158586, 0.0, 0.0, 0.0, 1.0],
                [1.0, 0.0, 0.0, -5e-06, 0.0, -0.994782, 0.102025, 2.338946, 0.0, -0.102025, -0.994782, 3.298716, 0.0, 0.0, 0.0, 1.0],
                [1.0, 0.0, 0.0, -5e-06, 0.0, -0.982033, 0.188711, 2.286236, 0.0, -0.188711, -0.982033, 3.42531, 0.0, 0.0, 0.0, 1.0],
                [1.0, 0.0, 0.0, -5e-06, 0.0, -0.960443, 0.278477, 2.242225, 0.0, -0.278477, -0.960443, 3.536781, 0.0, 0.0, 0.0, 1.0],
                [1.0, 0.0, 0.0, -5e-06, 0.0, -0.92839, 0.371607, 2.204577, 0.0, -0.371607, -0.92839, 3.631543, 0.0, 0.0, 0.0, 1.0],
                [1.0, 0.0, 0.0, -5e-06, 0.0, -0.883487, 0.468456, 2.170959, 0.0, -0.468456, -0.883487, 3.708008, 0.0, 0.0, 0.0, 1.0],
                [1.0, 0.0, 0.0, -5e-06, 0.0, -0.822207, 0.569189, 2.139033, 0.0, -0.569189, -0.822207, 3.764591, 0.0, 0.0, 0.0, 1.0],
                [1.0, 0.0, 0.0, -5e-06, 0.0, -0.739416, 0.673249, 2.106465, 0.0, -0.673249, -0.739416, 3.799704, 0.0, 0.0, 0.0, 1.0],
                [1.0, 0.0, 0.0, -5e-06, 0.0, -0.627869, 0.778319, 2.07092, 0.0, -0.778319, -0.627869, 3.811762, 0.0, 0.0, 0.0, 1.0],
                [1.0, 0.0, 0.0, -5e-06, 0.0, -0.479189, 0.877712, 2.030538, 0.0, -0.877712, -0.479189, 3.799175, 0.0, 0.0, 0.0, 1.0],
                [1.0, 0.0, 0.0, -5e-06, 0.0, -0.286291, 0.958142, 1.985363, 0.0, -0.958142, -0.286291, 3.762674, 0.0, 0.0, 0.0, 1.0],
                [1.0, 0.0, 0.0, -5e-06, 0.0, -0.04624, 0.99893, 1.935918, 0.0, -0.99893, -0.04624, 3.704144, 0.0, 0.0, 0.0, 1.0],
                [1.0, 0.0, 0.0, -5e-06, 0.0, 0.232209, 0.972666, 1.882721, 0.0, -0.972666, 0.232209, 3.625473, 0.0, 0.0, 0.0, 1.0],
                [1.0, 0.0, 0.0, -5e-06, 0.0, 0.520986, 0.853565, 1.826294, 0.0, -0.853565, 0.520986, 3.528547, 0.0, 0.0, 0.0, 1.0],
                [1.0, 0.0, 0.0, -5e-06, 0.0, 0.773241, 0.634112, 1.767157, 0.0, -0.634112, 0.773241, 3.415253, 0.0, 0.0, 0.0, 1.0],
                [1.0, 0.0, 0.0, -5e-06, 0.0, 0.940729, 0.339158, 1.70583, 0.0, -0.339158, 0.940729, 3.287477, 0.0, 0.0, 0.0, 1.0],
                [1.0, 0.0, 0.0, -5e-06, 0.0, 0.999808, 0.01959, 1.642835, 0.0, -0.01959, 0.999808, 3.147106, 0.0, 0.0, 0.0, 1.0],
                [1.0, 0.0, 0.0, -5e-06, 0.0, 0.961844, -0.273599, 1.578691, 0.0, 0.273599, 0.961844, 2.996027, 0.0, 0.0, 0.0, 1.0],
                [1.0, 0.0, 0.0, -5e-06, 0.0, 0.859693, -0.510812, 1.513919, 0.0, 0.510812, 0.859693, 2.836127, 0.0, 0.0, 0.0, 1.0],
                [1.0, 0.0, 0.0, -5e-06, 0.0, 0.727545, -0.68606, 1.44904, 0.0, 0.68606, 0.727545, 2.669292, 0.0, 0.0, 0.0, 1.0],
                [1.0, 0.0, 0.0, -5e-06, 0.0, 0.589996, -0.807406, 1.384574, 0.0, 0.807406, 0.589996, 2.497409, 0.0, 0.0, 0.0, 1.0],
                [1.0, 0.0, 0.0, -5e-06, 0.0, 0.460943, -0.88743, 1.321042, 0.0, 0.88743, 0.460943, 2.322365, 0.0, 0.0, 0.0, 1.0],
                [1.0, 0.0, 0.0, -5e-06, 0.0, 0.346614, -0.938008, 1.258965, 0.0, 0.938008, 0.346614, 2.146046, 0.0, 0.0, 0.0, 1.0],
                [1.0, 0.0, 0.0, -5e-06, 0.0, 0.248826, -0.968548, 1.198862, 0.0, 0.968548, 0.248826, 1.970339, 0.0, 0.0, 0.0, 1.0],
                [1.0, 0.0, 0.0, -5e-06, 0.0, 0.167246, -0.985915, 1.141254, 0.0, 0.985915, 0.167246, 1.79713, 0.0, 0.0, 0.0, 1.0],
                [1.0, 0.0, 0.0, -5e-06, 0.0, 0.1007, -0.994917, 1.086663, 0.0, 0.994917, 0.1007, 1.628307, 0.0, 0.0, 0.0, 1.0],
                [1.0, 0.0, 0.0, -5e-06, 0.0, 0.047856, -0.998854, 1.035608, 0.0, 0.998854, 0.047856, 1.465756, 0.0, 0.0, 0.0, 1.0],
                [1.0, 0.0, 0.0, -5e-06, 0.0, 0.007558, -0.999971, 0.98861, 0.0, 0.999971, 0.007558, 1.311364, 0.0, 0.0, 0.0, 1.0],
                [1.0, 0.0, 0.0, -5e-06, 0.0, -0.021021, -0.999779, 0.946189, 0.0, 0.999779, -0.021021, 1.167017, 0.0, 0.0, 0.0, 1.0],
                [1.0, 0.0, 0.0, -5e-06, 0.0, -0.038287, -0.999267, 0.908867, 0.0, 0.999267, -0.038287, 1.034603, 0.0, 0.0, 0.0, 1.0],
                [1.0, 0.0, 0.0, -5e-06, 0.0, -0.044154, -0.999025, 0.877163, 0.0, 0.999025, -0.044154, 0.916007, 0.0, 0.0, 0.0, 1.0],
                [1.0, 0.0, 0.0, -5e-06, 0.0, -0.044154, -0.999025, 0.851599, 0.0, 0.999025, -0.044154, 0.813117, 0.0, 0.0, 0.0, 1.0],
                [1.0, 0.0, 0.0, -5e-06, 0.0, -0.044154, -0.999025, 0.832694, 0.0, 0.999025, -0.044154, 0.727819, 0.0, 0.0, 0.0, 1.0],
                [1.0, 0.0, 0.0, -5e-06, 0.0, -0.044154, -0.999025, 0.820969, 0.0, 0.999025, -0.044154, 0.661999, 0.0, 0.0, 0.0, 1.0],
                [1.0, 0.0, 0.0, -5e-06, 0.0, -0.044154, -0.999025, 0.816945, 0.0, 0.999025, -0.044154, 0.617546, 0.0, 0.0, 0.0, 1.0],
                [1.0, 0.0, 0.0, -5e-06, 0.0, -0.044154, -0.999025, 0.816945, 0.0, 0.999025, -0.044154, 0.586715, 0.0, 0.0, 0.0, 1.0],
                [1.0, 0.0, 0.0, -5e-06, 0.0, -0.044154, -0.999025, 0.816945, 0.0, 0.999025, -0.044154, 0.560281, 0.0, 0.0, 0.0, 1.0],
                [1.0, 0.0, 0.0, -5e-06, 0.0, -0.044154, -0.999025, 0.816945, 0.0, 0.999025, -0.044154, 0.537904, 0.0, 0.0, 0.0, 1.0],
                [1.0, 0.0, 0.0, -5e-06, 0.0, -0.044154, -0.999025, 0.816945, 0.0, 0.999025, -0.044154, 0.519248, 0.0, 0.0, 0.0, 1.0],
                [1.0, 0.0, 0.0, -5e-06, 0.0, -0.044154, -0.999025, 0.816945, 0.0, 0.999025, -0.044154, 0.503973, 0.0, 0.0, 0.0, 1.0],
                [1.0, 0.0, 0.0, -5e-06, 0.0, -0.044154, -0.999025, 0.816945, 0.0, 0.999025, -0.044154, 0.491742, 0.0, 0.0, 0.0, 1.0],
                [1.0, 0.0, 0.0, -5e-06, 0.0, -0.044154, -0.999025, 0.816945, 0.0, 0.999025, -0.044154, 0.482217, 0.0, 0.0, 0.0, 1.0],
                [1.0, 0.0, 0.0, -5e-06, 0.0, -0.044154, -0.999025, 0.816945, 0.0, 0.999025, -0.044154, 0.475059, 0.0, 0.0, 0.0, 1.0],
                [1.0, 0.0, 0.0, -5e-06, 0.0, -0.044154, -0.999025, 0.816945, 0.0, 0.999025, -0.044154, 0.46993, 0.0, 0.0, 0.0, 1.0],
                [1.0, 0.0, 0.0, -5e-06, 0.0, -0.044154, -0.999025, 0.816945, 0.0, 0.999025, -0.044154, 0.466491, 0.0, 0.0, 0.0, 1.0],
                [1.0, 0.0, 0.0, -5e-06, 0.0, -0.044154, -0.999025, 0.816945, 0.0, 0.999025, -0.044154, 0.464406, 0.0, 0.0, 0.0, 1.0],
                [1.0, 0.0, 0.0, -5e-06, 0.0, -0.044154, -0.999025, 0.816945, 0.0, 0.999025, -0.044154, 0.463335, 0.0, 0.0, 0.0, 1.0],
                [1.0, 0.0, 0.0, -5e-06, 0.0, -0.044154, -0.999025, 0.816945, 0.0, 0.999025, -0.044154, 0.46294, 0.0, 0.0, 0.0, 1.0],
                [1.0, 0.0, 0.0, -5e-06, 0.0, -0.044154, -0.999025, 0.816945, 0.0, 0.999025, -0.044154, 0.462884, 0.0, 0.0, 0.0, 1.0],
                [1.0, 0.0, 0.0, -5e-06, 0.0, -0.044154, -0.999025, 0.816945, 0.0, 0.999025, -0.044154, 0.462884, 0.0, 0.0, 0.0, 1.0],
                [1.0, 0.0, 0.0, -5e-06, 0.0, -0.044154, -0.999025, 0.816945, 0.0, 0.999025, -0.044154, 0.462884, 0.0, 0.0, 0.0, 1.0],
                [1.0, 0.0, 0.0, -5e-06, 0.0, -0.044154, -0.999025, 0.816945, 0.0, 0.999025, -0.044154, 0.462884, 0.0, 0.0, 0.0, 1.0],
                [1.0, 0.0, 0.0, -5e-06, 0.0, -0.044154, -0.999025, 0.816945, 0.0, 0.999025, -0.044154, 0.462884, 0.0, 0.0, 0.0, 1.0],
                [1.0, 0.0, 0.0, -5e-06, 0.0, -0.044154, -0.999025, 0.816945, 0.0, 0.999025, -0.044154, 0.462884, 0.0, 0.0, 0.0, 1.0],
                [1.0, 0.0, 0.0, -5e-06, 0.0, -0.044154, -0.999025, 0.816945, 0.0, 0.999025, -0.044154, 0.462884, 0.0, 0.0, 0.0, 1.0],
                [1.0, 0.0, 0.0, -5e-06, 0.0, -0.044154, -0.999025, 0.816945, 0.0, 0.999025, -0.044154, 0.462884, 0.0, 0.0, 0.0, 1.0],
                [1.0, 0.0, 0.0, -5e-06, 0.0, -0.044154, -0.999025, 0.816945, 0.0, 0.999025, -0.044154, 0.462884, 0.0, 0.0, 0.0, 1.0],
                [1.0, 0.0, 0.0, -5e-06, 0.0, -0.044154, -0.999025, 0.816945, 0.0, 0.999025, -0.044154, 0.462884, 0.0, 0.0, 0.0, 1.0],
                [1.0, 0.0, 0.0, -5e-06, 0.0, -0.044154, -0.999025, 0.816945, 0.0, 0.999025, -0.044154, 0.462884, 0.0, 0.0, 0.0, 1.0],
                [1.0, 0.0, 0.0, -5e-06, 0.0, -0.044154, -0.999025, 0.816945, 0.0, 0.999025, -0.044154, 0.462884, 0.0, 0.0, 0.0, 1.0],
                [1.0, 0.0, 0.0, -5e-06, 0.0, -0.044154, -0.999025, 0.816945, 0.0, 0.999025, -0.044154, 0.462884, 0.0, 0.0, 0.0, 1.0],
                [1.0, 0.0, 0.0, -5e-06, 0.0, -0.044154, -0.999025, 0.816945, 0.0, 0.999025, -0.044154, 0.462884, 0.0, 0.0, 0.0, 1.0],
                [1.0, 0.0, 0.0, -5e-06, 0.0, -0.044154, -0.999025, 0.816945, 0.0, 0.999025, -0.044154, 0.462884, 0.0, 0.0, 0.0, 1.0],
                [1.0, 0.0, 0.0, -5e-06, 0.0, -0.044154, -0.999025, 0.816945, 0.0, 0.999025, -0.044154, 0.462884, 0.0, 0.0, 0.0, 1.0],
                [1.0, 0.0, 0.0, -5e-06, 0.0, -0.044154, -0.999025, 0.816945, 0.0, 0.999025, -0.044154, 0.462884, 0.0, 0.0, 0.0, 1.0],
                [1.0, 0.0, 0.0, -5e-06, 0.0, -0.044154, -0.999025, 0.816945, 0.0, 0.999025, -0.044154, 0.462884, 0.0, 0.0, 0.0, 1.0],
                [1.0, 0.0, 0.0, -5e-06, 0.0, -0.044154, -0.999025, 0.816945, 0.0, 0.999025, -0.044154, 0.462884, 0.0, 0.0, 0.0, 1.0],
                [1.0, 0.0, 0.0, -5e-06, 0.0, -0.044154, -0.999025, 0.816945, 0.0, 0.999025, -0.044154, 0.462884, 0.0, 0.0, 0.0, 1.0],
                [1.0, 0.0, 0.0, -5e-06, 0.0, -0.044154, -0.999025, 0.816945, 0.0, 0.999025, -0.044154, 0.462884, 0.0, 0.0, 0.0, 1.0],
                [1.0, 0.0, 0.0, -5e-06, 0.0, -0.044154, -0.999025, 0.816945, 0.0, 0.999025, -0.044154, 0.462884, 0.0, 0.0, 0.0, 1.0],
                [1.0, 0.0, 0.0, -5e-06, 0.0, -0.044154, -0.999025, 0.816945, 0.0, 0.999025, -0.044154, 0.462884, 0.0, 0.0, 0.0, 1.0],
                [1.0, 0.0, 0.0, -5e-06, 0.0, -0.044154, -0.999025, 0.816945, 0.0, 0.999025, -0.044154, 0.462884, 0.0, 0.0, 0.0, 1.0],
                [1.0, 0.0, 0.0, -5e-06, 0.0, -0.044154, -0.999025, 0.816945, 0.0, 0.999025, -0.044154, 0.462884, 0.0, 0.0, 0.0, 1.0],
                [1.0, 0.0, 0.0, -5e-06, 0.0, -0.044154, -0.999025, 0.816945, 0.0, 0.999025, -0.044154, 0.462884, 0.0, 0.0, 0.0, 1.0],
                [1.0, 0.0, 0.0, -5e-06, 0.0, -0.044154, -0.999025, 0.816945, 0.0, 0.999025, -0.044154, 0.462884, 0.0, 0.0, 0.0, 1.0],
                [1.0, 0.0, 0.0, -5e-06, 0.0, -0.044154, -0.999025, 0.816945, 0.0, 0.999025, -0.044154, 0.462884, 0.0, 0.0, 0.0, 1.0],
                [1.0, 0.0, 0.0, -5e-06, 0.0, -0.044154, -0.999025, 0.816945, 0.0, 0.999025, -0.044154, 0.462884, 0.0, 0.0, 0.0, 1.0],
                [1.0, 0.0, 0.0, -5e-06, 0.0, -0.044154, -0.999025, 0.816945, 0.0, 0.999025, -0.044154, 0.462884, 0.0, 0.0, 0.0, 1.0],
                [1.0, 0.0, 0.0, -5e-06, 0.0, -0.044154, -0.999025, 0.816945, 0.0, 0.999025, -0.044154, 0.462884, 0.0, 0.0, 0.0, 1.0],
                [1.0, 0.0, 0.0, -5e-06, 0.0, -0.044154, -0.999025, 0.816945, 0.0, 0.999025, -0.044154, 0.462884, 0.0, 0.0, 0.0, 1.0],
                [1.0, 0.0, 0.0, -5e-06, 0.0, -0.044154, -0.999025, 0.816945, 0.0, 0.999025, -0.044154, 0.462884, 0.0, 0.0, 0.0, 1.0],
                [1.0, 0.0, 0.0, -5e-06, 0.0, -0.044154, -0.999025, 0.816945, 0.0, 0.999025, -0.044154, 0.462884, 0.0, 0.0, 0.0, 1.0],
                [1.0, 0.0, 0.0, -5e-06, 0.0, -0.044154, -0.999025, 0.816945, 0.0, 0.999025, -0.044154, 0.462884, 0.0, 0.0, 0.0, 1.0],
                [1.0, 0.0, 0.0, -5e-06, 0.0, -0.044154, -0.999025, 0.816945, 0.0, 0.999025, -0.044154, 0.462884, 0.0, 0.0, 0.0, 1.0],
                [1.0, 0.0, 0.0, -5e-06, 0.0, -0.044154, -0.999025, 0.816945, 0.0, 0.999025, -0.044154, 0.462884, 0.0, 0.0, 0.0, 1.0],
                [1.0, 0.0, 0.0, -5e-06, 0.0, -0.044154, -0.999025, 0.816945, 0.0, 0.999025, -0.044154, 0.462884, 0.0, 0.0, 0.0, 1.0],
                [1.0, 0.0, 0.0, -5e-06, 0.0, -0.044154, -0.999025, 0.816945, 0.0, 0.999025, -0.044154, 0.462884, 0.0, 0.0, 0.0, 1.0],
                [1.0, 0.0, 0.0, -5e-06, 0.0, -0.044154, -0.999025, 0.816945, 0.0, 0.999025, -0.044154, 0.462884, 0.0, 0.0, 0.0, 1.0],
                [1.0, 0.0, 0.0, -5e-06, 0.0, -0.044154, -0.999025, 0.816945, 0.0, 0.999025, -0.044154, 0.462884, 0.0, 0.0, 0.0, 1.0],
                [1.0, 0.0, 0.0, -5e-06, 0.0, -0.044154, -0.999025, 0.816945, 0.0, 0.999025, -0.044154, 0.462884, 0.0, 0.0, 0.0, 1.0],
                [1.0, 0.0, 0.0, -5e-06, 0.0, -0.044154, -0.999025, 0.816945, 0.0, 0.999025, -0.044154, 0.462884, 0.0, 0.0, 0.0, 1.0],
                [1.0, 0.0, 0.0, -5e-06, 0.0, -0.044154, -0.999025, 0.816945, 0.0, 0.999025, -0.044154, 0.462884, 0.0, 0.0, 0.0, 1.0],
                [1.0, 0.0, 0.0, -5e-06, 0.0, -0.044154, -0.999025, 0.816945, 0.0, 0.999025, -0.044154, 0.462884, 0.0, 0.0, 0.0, 1.0],
                [1.0, 0.0, 0.0, -5e-06, 0.0, -0.044154, -0.999025, 0.816945, 0.0, 0.999025, -0.044154, 0.462884, 0.0, 0.0, 0.0, 1.0],
                [1.0, 0.0, 0.0, -5e-06, 0.0, -0.044154, -0.999025, 0.816945, 0.0, 0.999025, -0.044154, 0.462884, 0.0, 0.0, 0.0, 1.0],
                [1.0, 0.0, 0.0, -5e-06, 0.0, -0.044154, -0.999025, 0.816945, 0.0, 0.999025, -0.044154, 0.462884, 0.0, 0.0, 0.0, 1.0],
                [1.0, 0.0, 0.0, -5e-06, 0.0, -0.044154, -0.999025, 0.816945, 0.0, 0.999025, -0.044154, 0.462884, 0.0, 0.0, 0.0, 1.0],
                [1.0, 0.0, 0.0, -5e-06, 0.0, -0.044154, -0.999025, 0.816945, 0.0, 0.999025, -0.044154, 0.462884, 0.0, 0.0, 0.0, 1.0],
                [1.0, 0.0, 0.0, -5e-06, 0.0, -0.044154, -0.999025, 0.816945, 0.0, 0.999025, -0.044154, 0.462884, 0.0, 0.0, 0.0, 1.0],
                [1.0, 0.0, 0.0, -5e-06, 0.0, -0.044154, -0.999025, 0.816945, 0.0, 0.999025, -0.044154, 0.462884, 0.0, 0.0, 0.0, 1.0],
                [1.0, 0.0, 0.0, -5e-06, 0.0, -0.044154, -0.999025, 0.816945, 0.0, 0.999025, -0.044154, 0.462884, 0.0, 0.0, 0.0, 1.0],
                [1.0, 0.0, 0.0, -5e-06, 0.0, -0.044154, -0.999025, 0.816945, 0.0, 0.999025, -0.044154, 0.462884, 0.0, 0.0, 0.0, 1.0],
                [1.0, 0.0, 0.0, -5e-06, 0.0, -0.044154, -0.999025, 0.816945, 0.0, 0.999025, -0.044154, 0.462884, 0.0, 0.0, 0.0, 1.0],
                [1.0, 0.0, 0.0, -5e-06, 0.0, -0.044154, -0.999025, 0.816945, 0.0, 0.999025, -0.044154, 0.462884, 0.0, 0.0, 0.0, 1.0],
                [1.0, 0.0, 0.0, -5e-06, 0.0, -0.044154, -0.999025, 0.816945, 0.0, 0.999025, -0.044154, 0.462884, 0.0, 0.0, 0.0, 1.0],
                [1.0, 0.0, 0.0, -5e-06, 0.0, -0.044154, -0.999025, 0.816945, 0.0, 0.999025, -0.044154, 0.462884, 0.0, 0.0, 0.0, 1.0],
                [1.0, 0.0, 0.0, -5e-06, 0.0, -0.044154, -0.999025, 0.816945, 0.0, 0.999025, -0.044154, 0.462884, 0.0, 0.0, 0.0, 1.0],
                [1.0, 0.0, 0.0, -5e-06, 0.0, -0.044154, -0.999025, 0.816945, 0.0, 0.999025, -0.044154, 0.462884, 0.0, 0.0, 0.0, 1.0],
                [1.0, 0.0, 0.0, -5e-06, 0.0, -0.044154, -0.999025, 0.816945, 0.0, 0.999025, -0.044154, 0.462884, 0.0, 0.0, 0.0, 1.0],
                [1.0, 0.0, 0.0, -5e-06, 0.0, -0.044154, -0.999025, 0.816945, 0.0, 0.999025, -0.044154, 0.462884, 0.0, 0.0, 0.0, 1.0],
                [1.0, 0.0, 0.0, -5e-06, 0.0, -0.044154, -0.999025, 0.816945, 0.0, 0.999025, -0.044154, 0.462884, 0.0, 0.0, 0.0, 1.0],
                [1.0, 0.0, 0.0, -5e-06, 0.0, -0.044154, -0.999025, 0.816945, 0.0, 0.999025, -0.044154, 0.462884, 0.0, 0.0, 0.0, 1.0],
                [1.0, 0.0, 0.0, -5e-06, 0.0, -0.044154, -0.999025, 0.816945, 0.0, 0.999025, -0.044154, 0.462884, 0.0, 0.0, 0.0, 1.0],
                [1.0, 0.0, 0.0, -5e-06, 0.0, -0.044154, -0.999025, 0.816945, 0.0, 0.999025, -0.044154, 0.462884, 0.0, 0.0, 0.0, 1.0],
                [1.0, 0.0, 0.0, -5e-06, 0.0, -0.044154, -0.999025, 0.816945, 0.0, 0.999025, -0.044154, 0.462884, 0.0, 0.0, 0.0, 1.0],
                [1.0, 0.0, 0.0, -5e-06, 0.0, -0.044154, -0.999025, 0.816945, 0.0, 0.999025, -0.044154, 0.462884, 0.0, 0.0, 0.0, 1.0],
                [1.0, 0.0, 0.0, -5e-06, 0.0, -0.044154, -0.999025, 0.816945, 0.0, 0.999025, -0.044154, 0.462884, 0.0, 0.0, 0.0, 1.0],
                [1.0, 0.0, 0.0, -5e-06, 0.0, -0.044154, -0.999025, 0.816945, 0.0, 0.999025, -0.044154, 0.462884, 0.0, 0.0, 0.0, 1.0],
                [1.0, 0.0, 0.0, -5e-06, 0.0, -0.044154, -0.999025, 0.816945, 0.0, 0.999025, -0.044154, 0.462884, 0.0, 0.0, 0.0, 1.0],
                [1.0, 0.0, 0.0, -5e-06, 0.0, -0.044154, -0.999025, 0.816945, 0.0, 0.999025, -0.044154, 0.462884, 0.0, 0.0, 0.0, 1.0],
                [1.0, 0.0, 0.0, -5e-06, 0.0, -0.044154, -0.999025, 0.816945, 0.0, 0.999025, -0.044154, 0.462884, 0.0, 0.0, 0.0, 1.0],
                [1.0, 0.0, 0.0, -5e-06, 0.0, -0.044154, -0.999025, 0.816945, 0.0, 0.999025, -0.044154, 0.462884, 0.0, 0.0, 0.0, 1.0]
            ]
        },
        {
            "name": "Thigh_R",
            "time": [0.0167, 0.0333, 0.05, 0.0667, 0.0833, 0.1, 0.1167, 0.1333, 0.15, 0.1667, 0.1833, 0.2, 0.2167, 0.2333, 0.25, 0.2667, 0.2833, 0.3, 0.3167, 0.3333, 0.35, 0.3667, 0.3833, 0.4, 0.4167, 0.4333, 0.45, 0.4667, 0.4833, 0.5, 0.5167, 0.5333, 0.55, 0.5667, 0.5833, 0.6, 0.6167, 0.6333, 0.65, 0.6667, 0.6833, 0.7, 0.7167, 0.7333, 0.75, 0.7667, 0.7833, 0.8, 0.8167, 0.8333, 0.85, 0.8667, 0.8833, 0.9, 0.9167, 0.9333, 0.95, 0.9667, 0.9833, 1.0, 1.0167, 1.0333, 1.05, 1.0667, 1.0833, 1.1, 1.1167, 1.1333, 1.15, 1.1667, 1.1833, 1.2, 1.2167, 1.2333, 1.25, 1.2667, 1.2833, 1.3, 1.3167, 1.3333, 1.35, 1.3667, 1.3833, 1.4, 1.4167, 1.4333, 1.45, 1.4667, 1.4833, 1.5, 1.5167, 1.5333, 1.55, 1.5667, 1.5833, 1.6, 1.6167, 1.6333, 1.65, 1.6667, 1.6833, 1.7, 1.7167, 1.7333, 1.75, 1.7667, 1.7833, 1.8, 1.8167, 1.8333, 1.85, 1.8667, 1.8833, 1.9, 1.9167, 1.9333, 1.95, 1.9667, 1.9833, 2.0, 2.0167, 2.0333, 2.05, 2.0667, 2.0833, 2.1, 2.1167, 2.1333, 2.15, 2.1667, 2.1833, 2.2, 2.2167, 2.2333, 2.25, 2.2667, 2.2833, 2.3, 2.3167, 2.3333, 2.35, 2.3667, 2.3833, 2.4, 2.4167, 2.4333, 2.45, 2.4667, 2.4833, 2.5, 2.5167, 2.5333, 2.55, 2.5667, 2.5833, 2.6, 2.6167, 2.6333, 2.65, 2.6667, 2.6833, 2.7, 2.7167, 2.7333, 2.75, 2.7667, 2.7833, 2.8, 2.8167, 2.8333, 2.85, 2.8667, 2.8833, 2.9, 2.9167, 2.9333, 2.95, 2.9667, 2.9833, 3.0, 3.0167, 3.0333, 3.05, 3.0667, 3.0833, 3.1, 3.1167, 3.1333, 3.15, 3.1667, 3.1833, 3.2, 3.2167, 3.2333, 3.25, 3.2667, 3.2833, 3.3, 3.3167, 3.3333, 3.4667],
            "transform": [
                [0.998915, 0.029817, 0.035784, 0.124994, 0.041875, -0.911295, -0.409618, -0.002831, 0.020396, 0.410672, -0.911555, -1.2e-05, 0.0, 0.0, 0.0, 1.0],
                [0.998915, 0.02977, 0.035823, 0.124994, 0.041875, -0.910753, -0.410823, -0.002831, 0.020396, 0.411877, -0.911011, -1.2e-05, 0.0, 0.0, 0.0, 1.0],
                [0.998915, 0.029633, 0.035937, 0.124994, 0.041875, -0.909179, -0.414294, -0.002831, 0.020396, 0.41535, -0.909433, -1.2e-05, 0.0, 0.0, 0.0, 1.0],
                [0.998915, 0.029414, 0.036116, 0.124994, 0.041875, -0.906642, -0.419818, -0.002831, 0.020396, 0.420875, -0.906889, -1.2e-05, 0.0, 0.0, 0.0, 1.0],
                [0.998915, 0.029119, 0.036354, 0.124994, 0.041875, -0.903199, -0.427173, -0.002831, 0.020396, 0.428232, -0.903439, -1.2e-05, 0.0, 0.0, 0.0, 1.0],
                [0.998915, 0.028756, 0.036642, 0.124994, 0.041875, -0.898906, -0.436136, -0.002831, 0.020396, 0.437197, -0.899134, -1.2e-05, 0.0, 0.0, 0.0, 1.0],
                [0.998915, 0.028331, 0.036972, 0.124994, 0.041875, -0.893812, -0.446482, -0.002831, 0.020396, 0.447546, -0.894028, -1.2e-05, 0.0, 0.0, 0.0, 1.0],
                [0.998915, 0.027851, 0.037334, 0.124994, 0.041875, -0.887973, -0.457985, -0.002831, 0.020396, 0.459051, -0.888176, -1.2e-05, 0.0, 0.0, 0.0, 1.0],
                [0.998915, 0.027324, 0.037722, 0.124994, 0.041875, -0.881448, -0.47042, -0.002831, 0.020396, 0.471489, -0.881636, -1.2e-05, 0.0, 0.0, 0.0, 1.0],
                [0.998915, 0.026756, 0.038127, 0.124994, 0.041875, -0.874307, -0.483562, -0.002831, 0.020396, 0.484634, -0.874479, -1.2e-05, 0.0, 0.0, 0.0, 1.0],
                [0.998915, 0.026156, 0.038541, 0.124994, 0.041875, -0.866629, -0.497193, -0.002831, 0.020396, 0.498268, -0.866783, -1.2e-05, 0.0, 0.0, 0.0, 1.0],
                [0.998915, 0.025531, 0.038958, 0.124994, 0.041875, -0.858503, -0.511096, -0.002831, 0.020396, 0.512173, -0.85864, -1.2e-05, 0.0, 0.0, 0.0, 1.0],
                [0.998915, 0.024891, 0.03937, 0.124994, 0.041875, -0.850033, -0.525062, -0.002831, 0.020396, 0.526141, -0.850153, -1.2e-05, 0.0, 0.0, 0.0, 1.0],
                [0.998915, 0.024244, 0.039771, 0.124994, 0.041875, -0.841336, -0.538887, -0.002831, 0.020396, 0.539967, -0.841439, -1.2e-05, 0.0, 0.0, 0.0, 1.0],
                [0.998915, 0.0236, 0.040157, 0.124994, 0.041875, -0.832542, -0.552377, -0.002831, 0.020396, 0.553459, -0.832627, -1.2e-05, 0.0, 0.0, 0.0, 1.0],
                [0.998915, 0.022968, 0.040522, 0.124994, 0.041875, -0.823791, -0.565345, -0.002831, 0.020396, 0.566428, -0.823858, -1.2e-05, 0.0, 0.0, 0.0, 1.0],
                [0.998915, 0.022359, 0.040861, 0.124994, 0.041875, -0.815235, -0.577614, -0.002831, 0.020396, 0.578698, -0.815287, -1.2e-05, 0.0, 0.0, 0.0, 1.0],
                [0.998915, 0.021783, 0.041171, 0.124994, 0.041875, -0.807036, -0.589015, -0.002831, 0.020396, 0.5901, -0.807073, -1.2e-05, 0.0, 0.0, 0.0, 1.0],
                [0.998915, 0.021249, 0.041449, 0.124994, 0.041875, -0.799364, -0.599385, -0.002831, 0.020396, 0.600471, -0.799387, -1.2e-05, 0.0, 0.0, 0.0, 1.0],
                [0.998915, 0.02077, 0.041691, 0.124994, 0.041875, -0.792393, -0.608572, -0.002831, 0.020396, 0.609657, -0.792403, -1.2e-05, 0.0, 0.0, 0.0, 1.0],
                [0.998915, 0.020354, 0.041896, 0.124994, 0.041875, -0.7863, -0.616424, -0.002831, 0.020396, 0.617509, -0.786299, -1.2e-05, 0.0, 0.0, 0.0, 1.0],
