{
    "armature": {
        "joints": ["Root", "Thigh_R", "Leg_R", "Knee_R", "Thigh_L", "Leg_L", "Knee_L", "Torso", "Chest", "Head", "Shoulder_R", "Arm_R", "Hand_R", "Tool_R", "Elbow_R", "Shoulder_L", "Arm_L", "Hand_L", "Tool_L", "Elbow_L"],
        "hierarchy": [
            {
                "name": "Root",
                "transform": [1.0, 0.0, 0.0, -5e-06, 0.0, 0.0, -1.0, 0.000946, 0.0, 1.0, 0.0, 0.763972, 0.0, 0.0, 0.0, 1.0],
                "children": [
                    {
                        "name": "Thigh_R",
                        "transform": [1.0, -0.0, -0.0, 0.124994, -0.0, -1.0, 0.0, -0.002831, -0.0, -0.0, -1.0, -1.2e-05, 0.0, 0.0, 0.0, 1.0],
                        "children": [
                            {
                                "name": "Leg_R",
                                "transform": [1.0, 0.0, 1e-06, 0.0, -0.0, 1.0, 0.0, 0.37472, -1e-06, -0.0, 1.0, -0.0, 0.0, 0.0, 0.0, 1.0],
                                "children": []
                            },
                            {
                                "name": "Knee_R",
                                "transform": [1.0, 0.0, -0.0, 0.0, -0.0, 0.0, -1.0, 0.37472, -0.0, 1.0, 0.0, -0.0, 0.0, 0.0, 0.0, 1.0],
                                "children": []
                            }
                        ]
                    },
                    {
                        "name": "Thigh_L",
                        "transform": [1.0, -0.0, -0.0, -0.125006, -0.0, -1.0, 0.0, -0.002831, -0.0, -0.0, -1.0, -1.2e-05, 0.0, 0.0, 0.0, 1.0],
                        "children": [
                            {
                                "name": "Leg_L",
                                "transform": [1.0, 0.0, 1e-06, -0.0, -0.0, 1.0, 0.0, 0.37472, -1e-06, -0.0, 1.0, 0.0, 0.0, 0.0, 0.0, 1.0],
                                "children": []
                            },
                            {
                                "name": "Knee_L",
                                "transform": [1.0, 0.0, -0.0, -0.0, -0.0, 0.0, -1.0, 0.37472, -0.0, 1.0, 0.0, 0.0, 0.0, 0.0, 0.0, 1.0],
                                "children": []
                            }
                        ]
                    },
                    {
                        "name": "Torso",
                        "transform": [1.0, 0.0, 0.0, 0.0, 0.0, 1.0, 0.0, 0.05, 0.0, 0.0, 1.0, 0.0, 0.0, 0.0, 0.0, 1.0],
                        "children": [
                            {
                                "name": "Chest",
                                "transform": [1.0, 0.0, 0.0, 0.0, 0.0, 1.0, 0.0, 0.3, 0.0, 0.0, 1.0, 0.0, 0.0, 0.0, 0.0, 1.0],
                                "children": [
                                    {
                                        "name": "Head",
                                        "transform": [1.0, 0.0, 0.0, 0.0, 0.0, 1.0, 0.0, 0.4, 0.0, 0.0, 1.0, 0.0, 0.0, 0.0, 0.0, 1.0],
                                        "children": []
                                    },
                                    {
                                        "name": "Shoulder_R",
                                        "transform": [0.0, 0.952114, 0.305743, 0.0, 0.0, -0.305743, 0.952114, 0.4, 1.0, 0.0, -0.0, 0.0, 0.0, 0.0, 0.0, 1.0],
                                        "children": [
                                            {
                                                "name": "Arm_R",
                                                "transform": [0.0, -0.0, -1.0, -0.0, 0.952114, 0.305743, 0.0, 0.39386, 0.305743, -0.952114, 0.0, 0.0, 0.0, 0.0, 0.0, 1.0],
                                                "children": [
                                                    {
                                                        "name": "Hand_R",
                                                        "transform": [1.0, 0.0, 0.0, 0.0, -0.0, 0.993938, 0.109947, 0.3, -0.0, -0.109947, 0.993937, 0.0, 0.0, 0.0, 0.0, 1.0],
                                                        "children": [
                                                            {
                                                                "name": "Tool_R",
                                                                "transform": [1.0, 0.0, 0.0, -0.0, 0.0, -0.999836, 0.018122, 0.272858, 0.0, -0.018122, -0.999836, 0.0, 0.0, 0.0, 0.0, 1.0],
                                                                "children": []
                                                            }
                                                        ]
                                                    },
                                                    {
                                                        "name": "Elbow_R",
                                                        "transform": [-1.0, 0.0, -0.0, 0.0, 0.0, 0.0, -1.0, 0.3, -0.0, -1.0, -0.0, 0.0, 0.0, 0.0, 0.0, 1.0],
                                                        "children": []
                                                    }
                                                ]
                                            }
                                        ]
                                    },
                                    {
                                        "name": "Shoulder_L",
                                        "transform": [-0.0, -0.952114, -0.305743, 0.0, 0.0, -0.305743, 0.952114, 0.4, -1.0, 0.0, 0.0, 0.0, 0.0, 0.0, 0.0, 1.0],
                                        "children": [
                                            {
                                                "name": "Arm_L",
                                                "transform": [-0.0, -0.0, 1.0, -0.0, -0.952114, 0.305743, -0.0, 0.39386, -0.305743, -0.952114, -0.0, 0.0, 0.0, 0.0, 0.0, 1.0],
                                                "children": [
                                                    {
                                                        "name": "Hand_L",
                                                        "transform": [1.0, -0.0, 0.0, -0.0, 0.0, 0.993937, 0.109947, 0.3, -0.0, -0.109947, 0.993937, 0.0, 0.0, 0.0, 0.0, 1.0],
                                                        "children": [
                                                            {
                                                                "name": "Tool_L",
                                                                "transform": [1.0, 0.0, 0.0, -0.0, -0.0, -0.999836, 0.018122, 0.272858, 0.0, -0.018122, -0.999836, -0.0, 0.0, 0.0, 0.0, 1.0],
                                                                "children": []
                                                            }
                                                        ]
                                                    },
                                                    {
                                                        "name": "Elbow_L",
                                                        "transform": [-1.0, 0.0, -0.0, -0.0, 0.0, -0.0, -1.0, 0.3, -0.0, -1.0, 0.0, 0.0, 0.0, 0.0, 0.0, 1.0],
                                                        "children": []
                                                    }
                                                ]
                                            }
                                        ]
                                    }
                                ]
                            }
                        ]
                    }
                ]
            }
        ]
    },
    "animation": [
        {
            "name": "Root",
            "time": [0.0, 0.0167, 0.0333, 0.05, 0.0667, 0.0833, 0.1, 0.1167, 0.1333, 0.15, 0.1667, 0.1833, 0.2, 0.2167, 0.2333, 0.25, 0.2667, 0.2833, 0.3, 0.3167, 0.3333, 0.35, 0.3667, 0.3833, 0.4, 0.4167, 0.4333, 0.45, 0.4667, 0.4833, 0.5, 0.5167, 0.5333, 0.55, 0.5667, 0.5833, 0.6, 0.6167, 0.6333, 0.65, 0.6667, 0.6833, 0.7, 0.7167, 0.7333, 0.75, 0.7667, 0.7833, 0.8, 0.8167, 0.8333, 0.85, 0.8667, 0.8833, 0.9, 0.9167, 0.9333, 0.95, 0.9667, 0.9833, 1.0, 1.0167, 1.0333, 1.05, 1.0667, 1.0833, 1.1, 1.1167, 1.1333, 1.15, 1.1667, 1.1833, 1.2],
            "transform": [
                [1.0, 0.0, 0.0, -5e-06, 0.0, 0.0, -1.0, 1.555527, 0.0, 1.0, 0.0, 0.763972, 0.0, 0.0, 0.0, 1.0],
                [1.0, 0.0, 0.0, -5e-06, 0.0, 0.0, -1.0, 1.555574, 0.0, 1.0, 0.0, 0.763972, 0.0, 0.0, 0.0, 1.0],
                [1.0, 0.0, 0.0, -5e-06, 0.0, 0.0, -1.0, 1.555906, 0.0, 1.0, 0.0, 0.763972, 0.0, 0.0, 0.0, 1.0],
                [1.0, 0.0, 0.0, -5e-06, 0.0, 0.0, -1.0, 1.556806, 0.0, 1.0, 0.0, 0.763972, 0.0, 0.0, 0.0, 1.0],
                [1.0, 0.0, 0.0, -5e-06, 0.0, 0.0, -1.0, 1.558559, 0.0, 1.0, 0.0, 0.763972, 0.0, 0.0, 0.0, 1.0],
                [1.0, 0.0, 0.0, -5e-06, 0.0, 0.0, -1.0, 1.561449, 0.0, 1.0, 0.0, 0.763972, 0.0, 0.0, 0.0, 1.0],
                [1.0, 0.0, 0.0, -5e-06, 0.0, 0.0, -1.0, 1.56576, 0.0, 1.0, 0.0, 0.763972, 0.0, 0.0, 0.0, 1.0],
                [1.0, 0.0, 0.0, -5e-06, 0.0, 0.0, -1.0, 1.571777, 0.0, 1.0, 0.0, 0.763972, 0.0, 0.0, 0.0, 1.0],
                [1.0, 0.0, 0.0, -5e-06, 0.0, 0.0, -1.0, 1.579784, 0.0, 1.0, 0.0, 0.763972, 0.0, 0.0, 0.0, 1.0],
                [1.0, 0.0, 0.0, -5e-06, 0.0, 0.0, -1.0, 1.590064, 0.0, 1.0, 0.0, 0.763972, 0.0, 0.0, 0.0, 1.0],
                [1.0, 0.0, 0.0, -5e-06, 0.0, 0.0, -1.0, 1.602903, 0.0, 1.0, 0.0, 0.763972, 0.0, 0.0, 0.0, 1.0],
                [1.0, 0.0, 0.0, -5e-06, 0.0, 0.0, -1.0, 1.618585, 0.0, 1.0, 0.0, 0.763972, 0.0, 0.0, 0.0, 1.0],
                [1.0, 0.0, 0.0, -5e-06, 0.0, 0.0, -1.0, 1.637393, 0.0, 1.0, 0.0, 0.763972, 0.0, 0.0, 0.0, 1.0],
                [1.0, 0.0, 0.0, -5e-06, 0.0, 0.0, -1.0, 1.659613, 0.0, 1.0, 0.0, 0.763972, 0.0, 0.0, 0.0, 1.0],
                [1.0, 0.0, 0.0, -5e-06, 0.0, 0.0, -1.0, 1.685527, 0.0, 1.0, 0.0, 0.763972, 0.0, 0.0, 0.0, 1.0],
                [1.0, 0.0, 0.0, -5e-06, 0.0, 0.0, -1.0, 1.715422, 0.0, 1.0, 0.0, 0.763972, 0.0, 0.0, 0.0, 1.0],
                [1.0, 0.0, 0.0, -5e-06, 0.0, 0.0, -1.0, 1.74958, 0.0, 1.0, 0.0, 0.763972, 0.0, 0.0, 0.0, 1.0],
                [1.0, 0.0, 0.0, -5e-06, 0.0, 0.0, -1.0, 1.803086, 0.0, 1.0, 0.0, 0.763972, 0.0, 0.0, 0.0, 1.0],
                [1.0, 0.0, 0.0, -5e-06, 0.0, 0.0, -1.0, 1.886451, 0.0, 1.0, 0.0, 0.763972, 0.0, 0.0, 0.0, 1.0],
                [1.0, 0.0, 0.0, -5e-06, 0.0, 0.0, -1.0, 1.993095, 0.0, 1.0, 0.0, 0.763972, 0.0, 0.0, 0.0, 1.0],
                [1.0, 0.0, 0.0, -5e-06, 0.0, 0.0, -1.0, 2.116442, 0.0, 1.0, 0.0, 0.763972, 0.0, 0.0, 0.0, 1.0],
                [1.0, 0.0, 0.0, -5e-06, 0.0, 0.0, -1.0, 2.249912, 0.0, 1.0, 0.0, 0.763972, 0.0, 0.0, 0.0, 1.0],
                [1.0, 0.0, 0.0, -5e-06, 0.0, 0.0, -1.0, 2.386928, 0.0, 1.0, 0.0, 0.763972, 0.0, 0.0, 0.0, 1.0],
                [1.0, 0.0, 0.0, -5e-06, 0.0, 0.0, -1.0, 2.520912, 0.0, 1.0, 0.0, 0.763972, 0.0, 0.0, 0.0, 1.0],
                [1.0, 0.0, 0.0, -5e-06, 0.0, 0.0, -1.0, 2.645286, 0.0, 1.0, 0.0, 0.763972, 0.0, 0.0, 0.0, 1.0],
                [1.0, 0.0, 0.0, -5e-06, 0.0, 0.0, -1.0, 2.753472, 0.0, 1.0, 0.0, 0.763972, 0.0, 0.0, 0.0, 1.0],
                [1.0, 0.0, 0.0, -5e-06, 0.0, 0.0, -1.0, 2.838892, 0.0, 1.0, 0.0, 0.763972, 0.0, 0.0, 0.0, 1.0],
                [1.0, 0.0, 0.0, -5e-06, 0.0, 0.0, -1.0, 2.894968, 0.0, 1.0, 0.0, 0.763972, 0.0, 0.0, 0.0, 1.0],
                [1.0, 0.0, 0.0, -5e-06, 0.0, 0.0, -1.0, 2.915122, 0.0, 1.0, 0.0, 0.763972, 0.0, 0.0, 0.0, 1.0],
                [1.0, 0.0, 0.0, -5e-06, 0.0, 0.0, -1.0, 2.915122, 0.0, 1.0, 0.0, 0.763972, 0.0, 0.0, 0.0, 1.0],
                [1.0, 0.0, 0.0, -5e-06, 0.0, 0.0, -1.0, 2.915122, 0.0, 1.0, 0.0, 0.763972, 0.0, 0.0, 0.0, 1.0],
                [1.0, 0.0, 0.0, -5e-06, 0.0, 0.0, -1.0, 2.915122, 0.0, 1.0, 0.0, 0.763972, 0.0, 0.0, 0.0, 1.0],
                [1.0, 0.0, 0.0, -5e-06, 0.0, 0.0, -1.0, 2.915122, 0.0, 1.0, 0.0, 0.763972, 0.0, 0.0, 0.0, 1.0],
                [1.0, 0.0, 0.0, -5e-06, 0.0, 0.0, -1.0, 2.915122, 0.0, 1.0, 0.0, 0.763972, 0.0, 0.0, 0.0, 1.0],
                [1.0, 0.0, 0.0, -5e-06, 0.0, 0.0, -1.0, 2.915122, 0.0, 1.0, 0.0, 0.763972, 0.0, 0.0, 0.0, 1.0],
                [1.0, 0.0, 0.0, -5e-06, 0.0, 0.0, -1.0, 2.915122, 0.0, 1.0, 0.0, 0.763972, 0.0, 0.0, 0.0, 1.0],
                [1.0, 0.0, 0.0, -5e-06, 0.0, 0.0, -1.0, 2.915122, 0.0, 1.0, 0.0, 0.763972, 0.0, 0.0, 0.0, 1.0],
                [1.0, 0.0, 0.0, -5e-06, 0.0, 0.0, -1.0, 2.915122, 0.0, 1.0, 0.0, 0.763972, 0.0, 0.0, 0.0, 1.0],
                [1.0, 0.0, 0.0, -5e-06, 0.0, 0.0, -1.0, 2.915122, 0.0, 1.0, 0.0, 0.763972, 0.0, 0.0, 0.0, 1.0],
                [1.0, 0.0, 0.0, -5e-06, 0.0, 0.0, -1.0, 2.915122, 0.0, 1.0, 0.0, 0.763972, 0.0, 0.0, 0.0, 1.0],
                [1.0, 0.0, 0.0, -5e-06, 0.0, 0.0, -1.0, 2.915122, 0.0, 1.0, 0.0, 0.763972, 0.0, 0.0, 0.0, 1.0],
                [1.0, 0.0, 0.0, -5e-06, 0.0, 0.0, -1.0, 2.915122, 0.0, 1.0, 0.0, 0.763972, 0.0, 0.0, 0.0, 1.0],
                [1.0, 0.0, 0.0, -5e-06, 0.0, 0.0, -1.0, 2.915122, 0.0, 1.0, 0.0, 0.763972, 0.0, 0.0, 0.0, 1.0],
                [1.0, 0.0, 0.0, -5e-06, 0.0, 0.0, -1.0, 2.915122, 0.0, 1.0, 0.0, 0.763972, 0.0, 0.0, 0.0, 1.0],
                [1.0, 0.0, 0.0, -5e-06, 0.0, 0.0, -1.0, 2.915122, 0.0, 1.0, 0.0, 0.763972, 0.0, 0.0, 0.0, 1.0],
                [1.0, 0.0, 0.0, -5e-06, 0.0, 0.0, -1.0, 2.915122, 0.0, 1.0, 0.0, 0.763972, 0.0, 0.0, 0.0, 1.0],
                [1.0, 0.0, 0.0, -5e-06, 0.0, 0.0, -1.0, 2.915122, 0.0, 1.0, 0.0, 0.763972, 0.0, 0.0, 0.0, 1.0],
                [1.0, 0.0, 0.0, -5e-06, 0.0, 0.0, -1.0, 2.915122, 0.0, 1.0, 0.0, 0.763972, 0.0, 0.0, 0.0, 1.0],
                [1.0, 0.0, 0.0, -5e-06, 0.0, 0.0, -1.0, 2.915122, 0.0, 1.0, 0.0, 0.763972, 0.0, 0.0, 0.0, 1.0],
                [1.0, 0.0, 0.0, -5e-06, 0.0, 0.0, -1.0, 2.915122, 0.0, 1.0, 0.0, 0.763972, 0.0, 0.0, 0.0, 1.0],
                [1.0, 0.0, 0.0, -5e-06, 0.0, 0.0, -1.0, 2.915122, 0.0, 1.0, 0.0, 0.763972, 0.0, 0.0, 0.0, 1.0],
                [1.0, 0.0, 0.0, -5e-06, 0.0, 0.0, -1.0, 2.915122, 0.0, 1.0, 0.0, 0.763972, 0.0, 0.0, 0.0, 1.0],
                [1.0, 0.0, 0.0, -5e-06, 0.0, 0.0, -1.0, 2.915122, 0.0, 1.0, 0.0, 0.763972, 0.0, 0.0, 0.0, 1.0],
                [1.0, 0.0, 0.0, -5e-06, 0.0, 0.0, -1.0, 2.913087, 0.0, 1.0, 0.0, 0.763972, 0.0, 0.0, 0.0, 1.0],
                [1.0, 0.0, 0.0, -5e-06, 0.0, 0.0, -1.0, 2.907262, 0.0, 1.0, 0.0, 0.763972, 0.0, 0.0, 0.0, 1.0],
                [1.0, 0.0, 0.0, -5e-06, 0.0, 0.0, -1.0, 2.898068, 0.0, 1.0, 0.0, 0.763972, 0.0, 0.0, 0.0, 1.0],
                [1.0, 0.0, 0.0, -5e-06, 0.0, 0.0, -1.0, 2.885928, 0.0, 1.0, 0.0, 0.763972, 0.0, 0.0, 0.0, 1.0],
                [1.0, 0.0, 0.0, -5e-06, 0.0, 0.0, -1.0, 2.871261, 0.0, 1.0, 0.0, 0.763972, 0.0, 0.0, 0.0, 1.0],
                [1.0, 0.0, 0.0, -5e-06, 0.0, 0.0, -1.0, 2.854488, 0.0, 1.0, 0.0, 0.763972, 0.0, 0.0, 0.0, 1.0],
                [1.0, 0.0, 0.0, -5e-06, 0.0, 0.0, -1.0, 2.836031, 0.0, 1.0, 0.0, 0.763972, 0.0, 0.0, 0.0, 1.0],
                [1.0, 0.0, 0.0, -5e-06, 0.0, 0.0, -1.0, 2.816311, 0.0, 1.0, 0.0, 0.763972, 0.0, 0.0, 0.0, 1.0],
                [1.0, 0.0, 0.0, -5e-06, 0.0, 0.0, -1.0, 2.79575, 0.0, 1.0, 0.0, 0.763972, 0.0, 0.0, 0.0, 1.0],
                [1.0, 0.0, 0.0, -5e-06, 0.0, 0.0, -1.0, 2.774766, 0.0, 1.0, 0.0, 0.763972, 0.0, 0.0, 0.0, 1.0],
                [1.0, 0.0, 0.0, -5e-06, 0.0, 0.0, -1.0, 2.753783, 0.0, 1.0, 0.0, 0.763972, 0.0, 0.0, 0.0, 1.0],
                [1.0, 0.0, 0.0, -5e-06, 0.0, 0.0, -1.0, 2.733221, 0.0, 1.0, 0.0, 0.763972, 0.0, 0.0, 0.0, 1.0],
                [1.0, 0.0, 0.0, -5e-06, 0.0, 0.0, -1.0, 2.713501, 0.0, 1.0, 0.0, 0.763972, 0.0, 0.0, 0.0, 1.0],
                [1.0, 0.0, 0.0, -5e-06, 0.0, 0.0, -1.0, 2.695044, 0.0, 1.0, 0.0, 0.763972, 0.0, 0.0, 0.0, 1.0],
                [1.0, 0.0, 0.0, -5e-06, 0.0, 0.0, -1.0, 2.678272, 0.0, 1.0, 0.0, 0.763972, 0.0, 0.0, 0.0, 1.0],
                [1.0, 0.0, 0.0, -5e-06, 0.0, 0.0, -1.0, 2.663605, 0.0, 1.0, 0.0, 0.763972, 0.0, 0.0, 0.0, 1.0],
                [1.0, 0.0, 0.0, -5e-06, 0.0, 0.0, -1.0, 2.651464, 0.0, 1.0, 0.0, 0.763972, 0.0, 0.0, 0.0, 1.0],
                [1.0, 0.0, 0.0, -5e-06, 0.0, 0.0, -1.0, 2.642271, 0.0, 1.0, 0.0, 0.763972, 0.0, 0.0, 0.0, 1.0],
                [1.0, 0.0, 0.0, -5e-06, 0.0, 0.0, -1.0, 2.636446, 0.0, 1.0, 0.0, 0.763972, 0.0, 0.0, 0.0, 1.0],
                [1.0, 0.0, 0.0, -5e-06, 0.0, 0.0, -1.0, 2.634411, 0.0, 1.0, 0.0, 0.763972, 0.0, 0.0, 0.0, 1.0]
            ]
        },
        {
            "name": "Thigh_R",
            "time": [0.0, 0.0167, 0.0333, 0.05, 0.0667, 0.0833, 0.1, 0.1167, 0.1333, 0.15, 0.1667, 0.1833, 0.2, 0.2167, 0.2333, 0.25, 0.2667, 0.2833, 0.3, 0.3167, 0.3333, 0.35, 0.3667, 0.3833, 0.4, 0.4167, 0.4333, 0.45, 0.4667, 0.4833, 0.5, 0.5167, 0.5333, 0.55, 0.5667, 0.5833, 0.6, 0.6167, 0.6333, 0.65, 0.6667, 0.6833, 0.7, 0.7167, 0.7333, 0.75, 0.7667, 0.7833, 0.8, 0.8167, 0.8333, 0.85, 0.8667, 0.8833, 0.9, 0.9167, 0.9333, 0.95, 0.9667, 0.9833, 1.0, 1.0167, 1.0333, 1.05, 1.0667, 1.0833, 1.1, 1.1167, 1.1333, 1.15, 1.1667, 1.1833, 1.2],
            "transform": [
                [0.984591, 0.173095, 0.024863, 0.124948, 0.143992, -0.883173, 0.446398, -0.005881, 0.099228, -0.43594, -0.894489, 0.002586, 0.0, 0.0, 0.0, 1.0],
                [0.984592, 0.173088, 0.024867, 0.124948, 0.143988, -0.88319, 0.446365, -0.005881, 0.099223, -0.435907, -0.894505, 0.002586, 0.0, 0.0, 0.0, 1.0],
                [0.984595, 0.173068, 0.024895, 0.124948, 0.143978, -0.883278, 0.446195, -0.005881, 0.099211, -0.435737, -0.894589, 0.002586, 0.0, 0.0, 0.0, 1.0],
                [0.984599, 0.173034, 0.024967, 0.124948, 0.143961, -0.88349, 0.44578, -0.005881, 0.099193, -0.43532, -0.894794, 0.002586, 0.0, 0.0, 0.0, 1.0],
                [0.984604, 0.172985, 0.025106, 0.124948, 0.143941, -0.88388, 0.445013, -0.005881, 0.099171, -0.434548, -0.895172, 0.002586, 0.0, 0.0, 0.0, 1.0],
                [0.98461, 0.172919, 0.025333, 0.124948, 0.143919, -0.8845, 0.443786, -0.005881, 0.099146, -0.433311, -0.895774, 0.002586, 0.0, 0.0, 0.0, 1.0],
                [0.984616, 0.172836, 0.025671, 0.124948, 0.143896, -0.885402, 0.441992, -0.005881, 0.099121, -0.431499, -0.896651, 0.002586, 0.0, 0.0, 0.0, 1.0],
                [0.984622, 0.172734, 0.026141, 0.124948, 0.143874, -0.886634, 0.439522, -0.005881, 0.099098, -0.429002, -0.897851, 0.002586, 0.0, 0.0, 0.0, 1.0],
                [0.984626, 0.17261, 0.026765, 0.124948, 0.143855, -0.888245, 0.436264, -0.005881, 0.099077, -0.425707, -0.89942, 0.002586, 0.0, 0.0, 0.0, 1.0],
                [0.98463, 0.172463, 0.027563, 0.124948, 0.14384, -0.890277, 0.432107, -0.005881, 0.099061, -0.421501, -0.901401, 0.002586, 0.0, 0.0, 0.0, 1.0],
                [0.984633, 0.172288, 0.028559, 0.124948, 0.143831, -0.89277, 0.426937, -0.005881, 0.099052, -0.416268, -0.903831, 0.002586, 0.0, 0.0, 0.0, 1.0],
                [0.984633, 0.17208, 0.029772, 0.124948, 0.143829, -0.895757, 0.420634, -0.005881, 0.099051, -0.409888, -0.906742, 0.002586, 0.0, 0.0, 0.0, 1.0],
                [0.984631, 0.171833, 0.031225, 0.124948, 0.143836, -0.899265, 0.413077, -0.005881, 0.09906, -0.402238, -0.91016, 0.002586, 0.0, 0.0, 0.0, 1.0],
                [0.984626, 0.17154, 0.032939, 0.124948, 0.143854, -0.903313, 0.404142, -0.005881, 0.099081, -0.393191, -0.914103, 0.002586, 0.0, 0.0, 0.0, 1.0],
                [0.984618, 0.17119, 0.034935, 0.124948, 0.143885, -0.90791, 0.393696, -0.005881, 0.099115, -0.382614, -0.918576, 0.002586, 0.0, 0.0, 0.0, 1.0],
                [0.984607, 0.170772, 0.037233, 0.124948, 0.14393, -0.913051, 0.381605, -0.005881, 0.099163, -0.370372, -0.923575, 0.002586, 0.0, 0.0, 0.0, 1.0],
                [0.984591, 0.170269, 0.039855, 0.124948, 0.143992, -0.918718, 0.367726, -0.005881, 0.099228, -0.356321, -0.92908, 0.002586, 0.0, 0.0, 0.0, 1.0],
                [0.984576, 0.169279, 0.044206, 0.124948, 0.144053, -0.927758, 0.344256, -0.005881, 0.099288, -0.332579, -0.937834, 0.002586, 0.0, 0.0, 0.0, 1.0],
                [0.984566, 0.167336, 0.051261, 0.124948, 0.144096, -0.941321, 0.305207, -0.005881, 0.099325, -0.29311, -0.950905, 0.002586, 0.0, 0.0, 0.0, 1.0],
                [0.984561, 0.164306, 0.060363, 0.124948, 0.144121, -0.956623, 0.25318, -0.005881, 0.099343, -0.240571, -0.965534, 0.002586, 0.0, 0.0, 0.0, 1.0],
                [0.984559, 0.16009, 0.070816, 0.124948, 0.144132, -0.970938, 0.191064, -0.005881, 0.099345, -0.177907, -0.97902, 0.002585, 0.0, 0.0, 0.0, 1.0],
                [0.98456, 0.154702, 0.081906, 0.124948, 0.144131, -0.981983, 0.122206, -0.005881, 0.099335, -0.108514, -0.989119, 0.002585, 0.0, 0.0, 0.0, 1.0],
                [0.984564, 0.148315, 0.092933, 0.124948, 0.144118, -0.988276, 0.050397, -0.005881, 0.099318, -0.036225, -0.994396, 0.002585, 0.0, 0.0, 0.0, 1.0],
                [0.984569, 0.141279, 0.103266, 0.124948, 0.144096, -0.989355, -0.020312, -0.005881, 0.099297, 0.034879, -0.994446, 0.002585, 0.0, 0.0, 0.0, 1.0],
                [0.984575, 0.134097, 0.112383, 0.124948, 0.14407, -0.985834, -0.085871, -0.005881, 0.099276, 0.100738, -0.989948, 0.002585, 0.0, 0.0, 0.0, 1.0],
                [0.984581, 0.127381, 0.119892, 0.124948, 0.144042, -0.97926, -0.142481, -0.005881, 0.099257, 0.157553, -0.98251, 0.002585, 0.0, 0.0, 0.0, 1.0],
                [0.984586, 0.121796, 0.125522, 0.124948, 0.144017, -0.971801, -0.186712, -0.005881, 0.099241, 0.201911, -0.974363, 0.002585, 0.0, 0.0, 0.0, 1.0],
                [0.98459, 0.118003, 0.129066, 0.124948, 0.143999, -0.965837, -0.21546, -0.005881, 0.099231, 0.230725, -0.967946, 0.002585, 0.0, 0.0, 0.0, 1.0],
                [0.984591, 0.116617, 0.130309, 0.124948, 0.143993, -0.963489, -0.225732, -0.005881, 0.099228, 0.241017, -0.965435, 0.002585, 0.0, 0.0, 0.0, 1.0],
                [0.984591, 0.116617, 0.130309, 0.124948, 0.143993, -0.963489, -0.225732, -0.005881, 0.099228, 0.241017, -0.965435, 0.002585, 0.0, 0.0, 0.0, 1.0],
                [0.984591, 0.116617, 0.130309, 0.124948, 0.143993, -0.963489, -0.225732, -0.005881, 0.099228, 0.241017, -0.965435, 0.002585, 0.0, 0.0, 0.0, 1.0],
                [0.984591, 0.116617, 0.130309, 0.124948, 0.143993, -0.963489, -0.225732, -0.005881, 0.099228, 0.241017, -0.965435, 0.002585, 0.0, 0.0, 0.0, 1.0],
                [0.984591, 0.116617, 0.130309, 0.124948, 0.143993, -0.963489, -0.225732, -0.005881, 0.099228, 0.241017, -0.965435, 0.002585, 0.0, 0.0, 0.0, 1.0],
                [0.984591, 0.116617, 0.130309, 0.124948, 0.143993, -0.963489, -0.225732, -0.005881, 0.099228, 0.241017, -0.965435, 0.002585, 0.0, 0.0, 0.0, 1.0],
                [0.984591, 0.116617, 0.130309, 0.124948, 0.143993, -0.963489, -0.225732, -0.005881, 0.099228, 0.241017, -0.965435, 0.002585, 0.0, 0.0, 0.0, 1.0],
                [0.984591, 0.116617, 0.130309, 0.124948, 0.143993, -0.963489, -0.225732, -0.005881, 0.099228, 0.241017, -0.965435, 0.002585, 0.0, 0.0, 0.0, 1.0],
                [0.984591, 0.116617, 0.130309, 0.124948, 0.143993, -0.963489, -0.225732, -0.005881, 0.099228, 0.241017, -0.965435, 0.002585, 0.0, 0.0, 0.0, 1.0],
                [0.984591, 0.116617, 0.130309, 0.124948, 0.143993, -0.963489, -0.225732, -0.005881, 0.099228, 0.241017, -0.965435, 0.002585, 0.0, 0.0, 0.0, 1.0],
                [0.984591, 0.116617, 0.130309, 0.124948, 0.143993, -0.963489, -0.225732, -0.005881, 0.099228, 0.241017, -0.965435, 0.002585, 0.0, 0.0, 0.0, 1.0],
                [0.984591, 0.116617, 0.130309, 0.124948, 0.143993, -0.963489, -0.225732, -0.005881, 0.099228, 0.241017, -0.965435, 0.002585, 0.0, 0.0, 0.0, 1.0],
                [0.984591, 0.116617, 0.130309, 0.124948, 0.143993, -0.963489, -0.225732, -0.005881, 0.099228, 0.241017, -0.965435, 0.002585, 0.0, 0.0, 0.0, 1.0],
                [0.984591, 0.116617, 0.130309, 0.124948, 0.143993, -0.963489, -0.225732, -0.005881, 0.099228, 0.241017, -0.965435, 0.002585, 0.0, 0.0, 0.0, 1.0],
                [0.984591, 0.116617, 0.130309, 0.124948, 0.143993, -0.963489, -0.225732, -0.005881, 0.099228, 0.241017, -0.965435, 0.002585, 0.0, 0.0, 0.0, 1.0],
                [0.984591, 0.116617, 0.130309, 0.124948, 0.143993, -0.963489, -0.225732, -0.005881, 0.099228, 0.241017, -0.965435, 0.002585, 0.0, 0.0, 0.0, 1.0],
                [0.984591, 0.116617, 0.130309, 0.124948, 0.143993, -0.963489, -0.225732, -0.005881, 0.099228, 0.241017, -0.965435, 0.002585, 0.0, 0.0, 0.0, 1.0],
                [0.984591, 0.116617, 0.130309, 0.124948, 0.143993, -0.963489, -0.225732, -0.005881, 0.099228, 0.241017, -0.965435, 0.002585, 0.0, 0.0, 0.0, 1.0],
                [0.984591, 0.116617, 0.130309, 0.124948, 0.143993, -0.963489, -0.225732, -0.005881, 0.099228, 0.241017, -0.965435, 0.002585, 0.0, 0.0, 0.0, 1.0],
                [0.984591, 0.116617, 0.130309, 0.124948, 0.143993, -0.963489, -0.225732, -0.005881, 0.099228, 0.241017, -0.965435, 0.002585, 0.0, 0.0, 0.0, 1.0],
                [0.984591, 0.116617, 0.130309, 0.124948, 0.143993, -0.963489, -0.225732, -0.005881, 0.099228, 0.241017, -0.965435, 0.002585, 0.0, 0.0, 0.0, 1.0],
                [0.984591, 0.116617, 0.130309, 0.124948, 0.143993, -0.963489, -0.225732, -0.005881, 0.099228, 0.241017, -0.965435, 0.002585, 0.0, 0.0, 0.0, 1.0],
                [0.984591, 0.116617, 0.130309, 0.124948, 0.143993, -0.963489, -0.225732, -0.005881, 0.099228, 0.241017, -0.965435, 0.002585, 0.0, 0.0, 0.0, 1.0],
                [0.984591, 0.116617, 0.130309, 0.124948, 0.143993, -0.963489, -0.225732, -0.005881, 0.099228, 0.241017, -0.965435, 0.002585, 0.0, 0.0, 0.0, 1.0],
                [0.984591, 0.116617, 0.130309, 0.124948, 0.143993, -0.963489, -0.225732, -0.005881, 0.099228, 0.241017, -0.965435, 0.002585, 0.0, 0.0, 0.0, 1.0],
                [0.984237, 0.116433, 0.133118, 0.124948, 0.144236, -0.964033, -0.22324, -0.005881, 0.102337, 0.238921, -0.965631, 0.002585, 0.0, 0.0, 0.0, 1.0],
                [0.983174, 0.115941, 0.141158, 0.124948, 0.144889, -0.965563, -0.21609, -0.005881, 0.111243, 0.232906, -0.966116, 0.002585, 0.0, 0.0, 0.0, 1.0],
                [0.981347, 0.115266, 0.153856, 0.124948, 0.145787, -0.967895, -0.204755, -0.005881, 0.125315, 0.223366, -0.966646, 0.002585, 0.0, 0.0, 0.0, 1.0],
                [0.978652, 0.114566, 0.170631, 0.124948, 0.146724, -0.970817, -0.189702, -0.005881, 0.143918, 0.210688, -0.966901, 0.002585, 0.0, 0.0, 0.0, 1.0],
                [0.974968, 0.114014, 0.190888, 0.124948, 0.147471, -0.974101, -0.171401, -0.005881, 0.166402, 0.195261, -0.966532, 0.002585, 0.0, 0.0, 0.0, 1.0],
                [0.970182, 0.113782, 0.214013, 0.124948, 0.147807, -0.977522, -0.150344, -0.005881, 0.192096, 0.177493, -0.965192, 0.002585, 0.0, 0.0, 0.0, 1.0],
                [0.96421, 0.114021, 0.23937, 0.124948, 0.14753, -0.980864, -0.127047, -0.005881, 0.220303, 0.157814, -0.962581, 0.002585, 0.0, 0.0, 0.0, 1.0],
                [0.957021, 0.114853, 0.266307, 0.124948, 0.146482, -0.983935, -0.102056, -0.005881, 0.250307, 0.136679, -0.95847, 0.002585, 0.0, 0.0, 0.0, 1.0],
                [0.948646, 0.116357, 0.294164, 0.124948, 0.144559, -0.986577, -0.075945, -0.005881, 0.281378, 0.114569, -0.952733, 0.002585, 0.0, 0.0, 0.0, 1.0],
                [0.93919, 0.118559, 0.322281, 0.124948, 0.141724, -0.988677, -0.049302, -0.005881, 0.312787, 0.091979, -0.945359, 0.002585, 0.0, 0.0, 0.0, 1.0],
                [0.928838, 0.121432, 0.35002, 0.124948, 0.138015, -0.990169, -0.022727, -0.005881, 0.343819, 0.069417, -0.936467, 0.002585, 0.0, 0.0, 0.0, 1.0],
                [0.917848, 0.124891, 0.376771, 0.124948, 0.13354, -0.991038, 0.003191, -0.005881, 0.373793, 0.047385, -0.926301, 0.002585, 0.0, 0.0, 0.0, 1.0],
                [0.906549, 0.128796, 0.401971, 0.124948, 0.12848, -0.99132, 0.027876, -0.005881, 0.402073, 0.026374, -0.915228, 0.002585, 0.0, 0.0, 0.0, 1.0],
                [0.895323, 0.132964, 0.425109, 0.124948, 0.123075, -0.991097, 0.050783, -0.005881, 0.428076, 0.006853, -0.903717, 0.002585, 0.0, 0.0, 0.0, 1.0],
                [0.884598, 0.137171, 0.445724, 0.124948, 0.117615, -0.990489, 0.0714, -0.005881, 0.451279, -0.010737, -0.892318, 0.002585, 0.0, 0.0, 0.0, 1.0],
                [0.874827, 0.141171, 0.463409, 0.124948, 0.112422, -0.989644, 0.089249, -0.005881, 0.471209, -0.02598, -0.881639, 0.002585, 0.0, 0.0, 0.0, 1.0],
                [0.866473, 0.144702, 0.477793, 0.124948, 0.107835, -0.988726, 0.103883, -0.005881, 0.487438, -0.038489, -0.872309, 0.002585, 0.0, 0.0, 0.0, 1.0],
                [0.859992, 0.147506, 0.488524, 0.124948, 0.104192, -0.987901, 0.114871, -0.005881, 0.499557, -0.047888, -0.864956, 0.002585, 0.0, 0.0, 0.0, 1.0],
                [0.855818, 0.14934, 0.49525, 0.124948, 0.101809, -0.98732, 0.12179, -0.005881, 0.507159, -0.05381, -0.860171, 0.002585, 0.0, 0.0, 0.0, 1.0],
                [0.854348, 0.149991, 0.497586, 0.124948, 0.100963, -0.987107, 0.1242, -0.005881, 0.5098, -0.055872, -0.858477, 0.002585, 0.0, 0.0, 0.0, 1.0]
            ]
        },
        {
            "name": "Leg_R",
            "time": [0.0, 0.0167, 0.0333, 0.05, 0.0667, 0.0833, 0.1, 0.1167, 0.1333, 0.15, 0.1667, 0.1833, 0.2, 0.2167, 0.2333, 0.25, 0.2667, 0.2833, 0.3, 0.3167, 0.3333, 0.35, 0.3667, 0.3833, 0.4, 0.4167, 0.4333, 0.45, 0.4667, 0.4833, 0.5, 0.5167, 0.5333, 0.55, 0.5667, 0.5833, 0.6, 0.6167, 0.6333, 0.65, 0.6667, 0.6833, 0.7, 0.7167, 0.7333, 0.75, 0.7667, 0.7833, 0.8, 0.8167, 0.8333, 0.85, 0.8667, 0.8833, 0.9, 0.9167, 0.9333, 0.95, 0.9667, 0.9833, 1.0, 1.0167, 1.0333, 1.05, 1.0667, 1.0833, 1.1, 1.1167, 1.1333, 1.15, 1.1667, 1.1833, 1.2],
            "transform": [
                [1.0, 0.0, 1e-06, -0.0, -0.0, 0.965926, 0.258819, 0.37472, -1e-06, -0.258819, 0.965926, 0.0, 0.0, 0.0, 0.0, 1.0],
                [1.0, 0.0, 1e-06, 0.0, -0.0, 0.965163, 0.26165, 0.37472, -1e-06, -0.26165, 0.965163, -0.0, 0.0, 0.0, 0.0, 1.0],
                [1.0, 0.0, 1e-06, 0.0, -0.0, 0.962961, 0.269642, 0.37472, -1e-06, -0.269642, 0.962961, -0.0, 0.0, 0.0, 0.0, 1.0],
                [1.0, 0.0, 1e-06, -0.0, -0.0, 0.959406, 0.28203, 0.37472, -1e-06, -0.28203, 0.959406, -0.0, 0.0, 0.0, 0.0, 1.0],
                [1.0, 0.0, 1e-06, -0.0, -0.0, 0.954553, 0.298039, 0.37472, -1e-06, -0.298039, 0.954553, 0.0, 0.0, 0.0, 0.0, 1.0],
                [1.0, 0.0, 1e-06, -0.0, -0.0, 0.948462, 0.31689, 0.37472, -1e-06, -0.31689, 0.948462, -0.0, 0.0, 0.0, 0.0, 1.0],
                [1.0, 0.0, 1e-06, 0.0, -0.0, 0.941219, 0.337797, 0.37472, -1e-06, -0.337797, 0.941219, -0.0, 0.0, 0.0, 0.0, 1.0],
                [1.0, 0.0, 1e-06, 0.0, -0.0, 0.932959, 0.359983, 0.37472, -1e-06, -0.359983, 0.932959, -0.0, 0.0, 0.0, 0.0, 1.0],
                [1.0, 0.0, 1e-06, -0.0, -0.0, 0.923879, 0.382684, 0.37472, -1e-06, -0.382684, 0.923879, 0.0, 0.0, 0.0, 0.0, 1.0],
                [1.0, 0.0, 1e-06, -0.0, -0.0, 0.914248, 0.405156, 0.37472, -1e-06, -0.405156, 0.914248, 0.0, 0.0, 0.0, 0.0, 1.0],
                [1.0, 0.0, 1e-06, -0.0, -0.0, 0.904401, 0.426684, 0.37472, -1e-06, -0.426684, 0.9044, -0.0, 0.0, 0.0, 0.0, 1.0],
                [1.0, 0.0, 1e-06, -0.0, -0.0, 0.894739, 0.44659, 0.37472, -1e-06, -0.44659, 0.894739, -0.0, 0.0, 0.0, 0.0, 1.0],
                [1.0, 0.0, 1e-06, 0.0, -0.0, 0.885717, 0.464226, 0.37472, -1e-06, -0.464226, 0.885717, -0.0, 0.0, 0.0, 0.0, 1.0],
                [1.0, 0.0, 1e-06, 0.0, -0.0, 0.877827, 0.478978, 0.37472, -1e-06, -0.478978, 0.877827, -0.0, 0.0, 0.0, 0.0, 1.0],
                [1.0, 0.0, 1e-06, 0.0, -0.0, 0.871581, 0.490251, 0.37472, -1e-06, -0.490251, 0.871581, -0.0, 0.0, 0.0, 0.0, 1.0],
                [1.0, -0.0, 1e-06, -0.0, -0.0, 0.867488, 0.497459, 0.37472, -1e-06, -0.497459, 0.867488, -0.0, 0.0, 0.0, 0.0, 1.0],
                [1.0, -0.0, 1e-06, 0.0, -0.0, 0.866025, 0.5, 0.37472, -1e-06, -0.5, 0.866025, -0.0, 0.0, 0.0, 0.0, 1.0],
                [1.0, -0.0, 1e-06, -0.0, -0.0, 0.866025, 0.5, 0.37472, -1e-06, -0.5, 0.866025, 0.0, 0.0, 0.0, 0.0, 1.0],
                [1.0, 0.0, 1e-06, 0.0, -0.0, 0.866025, 0.5, 0.37472, -1e-06, -0.5, 0.866025, 0.0, 0.0, 0.0, 0.0, 1.0],
                [1.0, 0.0, 1e-06, 0.0, -0.0, 0.866025, 0.5, 0.37472, -1e-06, -0.5, 0.866025, 0.0, 0.0, 0.0, 0.0, 1.0],
                [1.0, 0.0, 1e-06, 0.0, -0.0, 0.866025, 0.5, 0.37472, -1e-06, -0.5, 0.866025, 0.0, 0.0, 0.0, 0.0, 1.0],
                [1.0, 0.0, 1e-06, 0.0, -0.0, 0.866025, 0.5, 0.37472, -1e-06, -0.5, 0.866025, -0.0, 0.0, 0.0, 0.0, 1.0],
                [1.0, 0.0, 1e-06, 0.0, -0.0, 0.866025, 0.5, 0.37472, -1e-06, -0.5, 0.866025, 0.0, 0.0, 0.0, 0.0, 1.0],
                [1.0, 0.0, 1e-06, -0.0, -0.0, 0.866025, 0.5, 0.37472, -1e-06, -0.5, 0.866025, 0.0, 0.0, 0.0, 0.0, 1.0],
                [1.0, -0.0, 1e-06, -0.0, -0.0, 0.866025, 0.5, 0.37472, -1e-06, -0.5, 0.866025, -0.0, 0.0, 0.0, 0.0, 1.0],
                [1.0, 0.0, 1e-06, -0.0, -0.0, 0.866025, 0.5, 0.37472, -1e-06, -0.5, 0.866025, 0.0, 0.0, 0.0, 0.0, 1.0],
                [1.0, -0.0, 1e-06, 0.0, -0.0, 0.866025, 0.5, 0.37472, -1e-06, -0.5, 0.866025, -0.0, 0.0, 0.0, 0.0, 1.0],
                [1.0, -0.0, 1e-06, -0.0, -0.0, 0.866025, 0.5, 0.37472, -1e-06, -0.5, 0.866025, 0.0, 0.0, 0.0, 0.0, 1.0],
                [1.0, -0.0, 1e-06, 0.0, -0.0, 0.866025, 0.5, 0.37472, -1e-06, -0.5, 0.866025, 0.0, 0.0, 0.0, 0.0, 1.0],
                [1.0, -0.0, 1e-06, 0.0, -0.0, 0.866025, 0.5, 0.37472, -1e-06, -0.5, 0.866025, 0.0, 0.0, 0.0, 0.0, 1.0],
                [1.0, -0.0, 1e-06, 0.0, -0.0, 0.866025, 0.5, 0.37472, -1e-06, -0.5, 0.866025, 0.0, 0.0, 0.0, 0.0, 1.0],
                [1.0, -0.0, 1e-06, 0.0, -0.0, 0.866025, 0.5, 0.37472, -1e-06, -0.5, 0.866025, 0.0, 0.0, 0.0, 0.0, 1.0],
                [1.0, -0.0, 1e-06, 0.0, -0.0, 0.866025, 0.5, 0.37472, -1e-06, -0.5, 0.866025, 0.0, 0.0, 0.0, 0.0, 1.0],
                [1.0, -0.0, 1e-06, 0.0, -0.0, 0.866025, 0.5, 0.37472, -1e-06, -0.5, 0.866025, 0.0, 0.0, 0.0, 0.0, 1.0],
                [1.0, -0.0, 1e-06, 0.0, -0.0, 0.866025, 0.5, 0.37472, -1e-06, -0.5, 0.866025, 0.0, 0.0, 0.0, 0.0, 1.0],
                [1.0, -0.0, 1e-06, 0.0, -0.0, 0.866025, 0.5, 0.37472, -1e-06, -0.5, 0.866025, 0.0, 0.0, 0.0, 0.0, 1.0],
                [1.0, -0.0, 1e-06, 0.0, -0.0, 0.866025, 0.5, 0.37472, -1e-06, -0.5, 0.866025, 0.0, 0.0, 0.0, 0.0, 1.0],
                [1.0, -0.0, 1e-06, 0.0, -0.0, 0.866025, 0.5, 0.37472, -1e-06, -0.5, 0.866025, 0.0, 0.0, 0.0, 0.0, 1.0],
                [1.0, -0.0, 1e-06, 0.0, -0.0, 0.866025, 0.5, 0.37472, -1e-06, -0.5, 0.866025, 0.0, 0.0, 0.0, 0.0, 1.0],
                [1.0, -0.0, 1e-06, 0.0, -0.0, 0.866025, 0.5, 0.37472, -1e-06, -0.5, 0.866025, 0.0, 0.0, 0.0, 0.0, 1.0],
                [1.0, -0.0, 1e-06, 0.0, -0.0, 0.866025, 0.5, 0.37472, -1e-06, -0.5, 0.866025, 0.0, 0.0, 0.0, 0.0, 1.0],
                [1.0, -0.0, 1e-06, 0.0, -0.0, 0.866025, 0.5, 0.37472, -1e-06, -0.5, 0.866025, 0.0, 0.0, 0.0, 0.0, 1.0],
                [1.0, -0.0, 1e-06, 0.0, -0.0, 0.866025, 0.5, 0.37472, -1e-06, -0.5, 0.866025, 0.0, 0.0, 0.0, 0.0, 1.0],
                [1.0, -0.0, 1e-06, 0.0, -0.0, 0.866025, 0.5, 0.37472, -1e-06, -0.5, 0.866025, 0.0, 0.0, 0.0, 0.0, 1.0],
                [1.0, -0.0, 1e-06, 0.0, -0.0, 0.866025, 0.5, 0.37472, -1e-06, -0.5, 0.866025, 0.0, 0.0, 0.0, 0.0, 1.0],
                [1.0, -0.0, 1e-06, 0.0, -0.0, 0.866025, 0.5, 0.37472, -1e-06, -0.5, 0.866025, 0.0, 0.0, 0.0, 0.0, 1.0],
                [1.0, -0.0, 1e-06, 0.0, -0.0, 0.866025, 0.5, 0.37472, -1e-06, -0.5, 0.866025, 0.0, 0.0, 0.0, 0.0, 1.0],
                [1.0, -0.0, 1e-06, 0.0, -0.0, 0.866025, 0.5, 0.37472, -1e-06, -0.5, 0.866025, 0.0, 0.0, 0.0, 0.0, 1.0],
                [1.0, -0.0, 1e-06, 0.0, -0.0, 0.866025, 0.5, 0.37472, -1e-06, -0.5, 0.866025, 0.0, 0.0, 0.0, 0.0, 1.0],
                [1.0, -0.0, 1e-06, 0.0, -0.0, 0.866025, 0.5, 0.37472, -1e-06, -0.5, 0.866025, 0.0, 0.0, 0.0, 0.0, 1.0],
                [1.0, -0.0, 1e-06, 0.0, -0.0, 0.866025, 0.5, 0.37472, -1e-06, -0.5, 0.866025, 0.0, 0.0, 0.0, 0.0, 1.0],
                [1.0, -0.0, 1e-06, 0.0, -0.0, 0.866025, 0.5, 0.37472, -1e-06, -0.5, 0.866025, 0.0, 0.0, 0.0, 0.0, 1.0],
                [1.0, -0.0, 1e-06, 0.0, -0.0, 0.866025, 0.5, 0.37472, -1e-06, -0.5, 0.866025, 0.0, 0.0, 0.0, 0.0, 1.0],
                [1.0, 0.0, 1e-06, -0.0, -0.0, 0.867282, 0.497818, 0.37472, -1e-06, -0.497818, 0.867282, 0.0, 0.0, 0.0, 0.0, 1.0],
                [1.0, 0.0, 1e-06, -0.0, -0.0, 0.870848, 0.491552, 0.37472, -1e-06, -0.491552, 0.870848, -0.0, 0.0, 0.0, 0.0, 1.0],
                [1.0, -0.0, 1e-06, 0.0, -0.0, 0.87639, 0.481602, 0.37472, -1e-06, -0.481602, 0.87639, 0.0, 0.0, 0.0, 0.0, 1.0],
                [1.0, 0.0, 1e-06, 0.0, -0.0, 0.883541, 0.468354, 0.37472, -1e-06, -0.468354, 0.883541, -0.0, 0.0, 0.0, 0.0, 1.0],
                [1.0, 0.0, 1e-06, -0.0, -0.0, 0.891922, 0.452189, 0.37472, -1e-06, -0.452189, 0.891922, 0.0, 0.0, 0.0, 0.0, 1.0],
                [1.0, 0.0, 1e-06, 0.0, -0.0, 0.901154, 0.433499, 0.37472, -1e-06, -0.433499, 0.901154, -0.0, 0.0, 0.0, 0.0, 1.0],
                [1.0, 0.0, 1e-06, -0.0, -0.0, 0.910871, 0.412691, 0.37472, -1e-06, -0.412691, 0.910871, -0.0, 0.0, 0.0, 0.0, 1.0],
                [1.0, 0.0, 1e-06, -0.0, -0.0, 0.92073, 0.390199, 0.37472, -1e-06, -0.390199, 0.92073, 0.0, 0.0, 0.0, 0.0, 1.0],
                [1.0, 0.0, 1e-06, -0.0, -0.0, 0.930426, 0.366481, 0.37472, -1e-06, -0.366481, 0.930426, 0.0, 0.0, 0.0, 0.0, 1.0],
                [1.0, 0.0, 1e-06, -0.0, -0.0, 0.939692, 0.34202, 0.37472, -1e-06, -0.34202, 0.939692, -0.0, 0.0, 0.0, 0.0, 1.0],
                [1.0, 0.0, 1e-06, -0.0, -0.0, 0.948316, 0.317326, 0.37472, -1e-06, -0.317326, 0.948316, -0.0, 0.0, 0.0, 0.0, 1.0],
                [1.0, 0.0, 1e-06, -0.0, -0.0, 0.956136, 0.292925, 0.37472, -1e-06, -0.292925, 0.956136, 0.0, 0.0, 0.0, 0.0, 1.0],
                [1.0, 0.0, 1e-06, -0.0, -0.0, 0.96304, 0.269358, 0.37472, -1e-06, -0.269357, 0.96304, 0.0, 0.0, 0.0, 0.0, 1.0],
                [1.0, 0.0, 1e-06, -0.0, -0.0, 0.968972, 0.247172, 0.37472, -1e-06, -0.247172, 0.968972, -0.0, 0.0, 0.0, 0.0, 1.0],
                [1.0, 0.0, 1e-06, -0.0, -0.0, 0.973913, 0.22692, 0.37472, -1e-06, -0.22692, 0.973913, 0.0, 0.0, 0.0, 0.0, 1.0],
                [1.0, 0.0, 1e-06, -0.0, -0.0, 0.977884, 0.20915, 0.37472, -1e-06, -0.20915, 0.977884, 0.0, 0.0, 0.0, 0.0, 1.0],
                [1.0, 0.0, 1e-06, -0.0, -0.0, 0.980922, 0.194404, 0.37472, -1e-06, -0.194404, 0.980922, 0.0, 0.0, 0.0, 0.0, 1.0],
                [1.0, 0.0, 1e-06, 0.0, -0.0, 0.983072, 0.183221, 0.37472, -1e-06, -0.183221, 0.983072, -0.0, 0.0, 0.0, 0.0, 1.0],
                [1.0, 0.0, 1e-06, 0.0, -0.0, 0.984367, 0.176128, 0.37472, -1e-06, -0.176128, 0.984367, -0.0, 0.0, 0.0, 0.0, 1.0],
                [1.0, 0.0, 1e-06, 0.0, -0.0, 0.984808, 0.173649, 0.37472, -1e-06, -0.173649, 0.984808, 0.0, 0.0, 0.0, 0.0, 1.0]
            ]
        },
        {
            "name": "Knee_R",
            "time": [0.0, 0.0167, 0.0333, 0.05, 0.0667, 0.0833, 0.1, 0.1167, 0.1333, 0.15, 0.1667, 0.1833, 0.2, 0.2167, 0.2333, 0.25, 0.2667, 0.2833, 0.3, 0.3167, 0.3333, 0.35, 0.3667, 0.3833, 0.4, 0.4167, 0.4333, 0.45, 0.4667, 0.4833, 0.5, 0.5167, 0.5333, 0.55, 0.5667, 0.5833, 0.6, 0.6167, 0.6333, 0.65, 0.6667, 0.6833, 0.7, 0.7167, 0.7333, 0.75, 0.7667, 0.7833, 0.8, 0.8167, 0.8333, 0.85, 0.8667, 0.8833, 0.9, 0.9167, 0.9333, 0.95, 0.9667, 0.9833, 1.0, 1.0167, 1.0333, 1.05, 1.0667, 1.0833, 1.1, 1.1167, 1.1333, 1.15, 1.1667, 1.1833, 1.2],
            "transform": [
                [1.0, 0.0, -0.0, -0.0, -0.0, 0.0, -1.0, 0.37472, -0.0, 1.0, 0.0, 0.0, 0.0, 0.0, 0.0, 1.0],
                [1.0, 0.0, -0.0, 0.0, -0.0, 0.0, -1.0, 0.37472, -0.0, 1.0, 0.0, -0.0, 0.0, 0.0, 0.0, 1.0],
                [1.0, 0.0, -0.0, 0.0, -0.0, 0.0, -1.0, 0.37472, -0.0, 1.0, 0.0, -0.0, 0.0, 0.0, 0.0, 1.0],
                [1.0, 0.0, -0.0, -0.0, -0.0, 0.0, -1.0, 0.37472, -0.0, 1.0, 0.0, -0.0, 0.0, 0.0, 0.0, 1.0],
                [1.0, 0.0, -0.0, -0.0, -0.0, 0.0, -1.0, 0.37472, -0.0, 1.0, 0.0, 0.0, 0.0, 0.0, 0.0, 1.0],
                [1.0, 0.0, -0.0, -0.0, -0.0, 0.0, -1.0, 0.37472, -0.0, 1.0, 0.0, -0.0, 0.0, 0.0, 0.0, 1.0],
                [1.0, 0.0, -0.0, 0.0, -0.0, 0.0, -1.0, 0.37472, -0.0, 1.0, 0.0, -0.0, 0.0, 0.0, 0.0, 1.0],
