{
    "armature": {
        "joints": ["Root", "Thigh_R", "Leg_R", "Knee_R", "Thigh_L", "Leg_L", "Knee_L", "Torso", "Chest", "Head", "Shoulder_R", "Arm_R", "Hand_R", "Tool_R", "Elbow_R", "Shoulder_L", "Arm_L", "Hand_L", "Tool_L", "Elbow_L"],
        "hierarchy": [
            {
                "name": "Root",
                "transform": [1.0, 0.0, 0.0, -5e-06, 0.0, 0.0, -1.0, 0.000946, 0.0, 1.0, 0.0, 0.763972, 0.0, 0.0, 0.0, 1.0],
                "children": [
                    {
                        "name": "Thigh_R",
                        "transform": [1.0, -0.0, -0.0, 0.124994, -0.0, -1.0, 0.0, -0.002831, -0.0, -0.0, -1.0, -1.2e-05, 0.0, 0.0, 0.0, 1.0],
                        "children": [
                            {
                                "name": "Leg_R",
                                "transform": [1.0, 0.0, 1e-06, 0.0, -0.0, 1.0, 0.0, 0.37472, -1e-06, -0.0, 1.0, -0.0, 0.0, 0.0, 0.0, 1.0],
                                "children": []
                            },
                            {
                                "name": "Knee_R",
                                "transform": [1.0, 0.0, -0.0, 0.0, -0.0, 0.0, -1.0, 0.37472, -0.0, 1.0, 0.0, -0.0, 0.0, 0.0, 0.0, 1.0],
                                "children": []
                            }
                        ]
                    },
                    {
                        "name": "Thigh_L",
                        "transform": [1.0, -0.0, -0.0, -0.125006, -0.0, -1.0, 0.0, -0.002831, -0.0, -0.0, -1.0, -1.2e-05, 0.0, 0.0, 0.0, 1.0],
                        "children": [
                            {
                                "name": "Leg_L",
                                "transform": [1.0, 0.0, 1e-06, -0.0, -0.0, 1.0, 0.0, 0.37472, -1e-06, -0.0, 1.0, 0.0, 0.0, 0.0, 0.0, 1.0],
                                "children": []
                            },
                            {
                                "name": "Knee_L",
                                "transform": [1.0, 0.0, -0.0, -0.0, -0.0, 0.0, -1.0, 0.37472, -0.0, 1.0, 0.0, 0.0, 0.0, 0.0, 0.0, 1.0],
                                "children": []
                            }
                        ]
                    },
                    {
                        "name": "Torso",
                        "transform": [1.0, 0.0, 0.0, 0.0, 0.0, 1.0, 0.0, 0.05, 0.0, 0.0, 1.0, 0.0, 0.0, 0.0, 0.0, 1.0],
                        "children": [
                            {
                                "name": "Chest",
                                "transform": [1.0, 0.0, 0.0, 0.0, 0.0, 1.0, 0.0, 0.3, 0.0, 0.0, 1.0, 0.0, 0.0, 0.0, 0.0, 1.0],
                                "children": [
                                    {
                                        "name": "Head",
                                        "transform": [1.0, 0.0, 0.0, 0.0, 0.0, 1.0, 0.0, 0.4, 0.0, 0.0, 1.0, 0.0, 0.0, 0.0, 0.0, 1.0],
                                        "children": []
                                    },
                                    {
                                        "name": "Shoulder_R",
                                        "transform": [0.0, 0.952114, 0.305743, 0.0, 0.0, -0.305743, 0.952114, 0.4, 1.0, 0.0, -0.0, 0.0, 0.0, 0.0, 0.0, 1.0],
                                        "children": [
                                            {
                                                "name": "Arm_R",
                                                "transform": [0.0, -0.0, -1.0, -0.0, 0.952114, 0.305743, 0.0, 0.39386, 0.305743, -0.952114, 0.0, 0.0, 0.0, 0.0, 0.0, 1.0],
                                                "children": [
                                                    {
                                                        "name": "Hand_R",
                                                        "transform": [1.0, 0.0, 0.0, 0.0, -0.0, 0.993938, 0.109947, 0.3, -0.0, -0.109947, 0.993937, 0.0, 0.0, 0.0, 0.0, 1.0],
                                                        "children": [
                                                            {
                                                                "name": "Tool_R",
                                                                "transform": [1.0, 0.0, 0.0, -0.0, 0.0, -0.999836, 0.018122, 0.272858, 0.0, -0.018122, -0.999836, 0.0, 0.0, 0.0, 0.0, 1.0],
                                                                "children": []
                                                            }
                                                        ]
                                                    },
                                                    {
                                                        "name": "Elbow_R",
                                                        "transform": [-1.0, 0.0, -0.0, 0.0, 0.0, 0.0, -1.0, 0.3, -0.0, -1.0, -0.0, 0.0, 0.0, 0.0, 0.0, 1.0],
                                                        "children": []
                                                    }
                                                ]
                                            }
                                        ]
                                    },
                                    {
                                        "name": "Shoulder_L",
                                        "transform": [-0.0, -0.952114, -0.305743, 0.0, 0.0, -0.305743, 0.952114, 0.4, -1.0, 0.0, 0.0, 0.0, 0.0, 0.0, 0.0, 1.0],
                                        "children": [
                                            {
                                                "name": "Arm_L",
                                                "transform": [-0.0, -0.0, 1.0, -0.0, -0.952114, 0.305743, -0.0, 0.39386, -0.305743, -0.952114, -0.0, 0.0, 0.0, 0.0, 0.0, 1.0],
                                                "children": [
                                                    {
                                                        "name": "Hand_L",
                                                        "transform": [1.0, -0.0, 0.0, -0.0, 0.0, 0.993937, 0.109947, 0.3, -0.0, -0.109947, 0.993937, 0.0, 0.0, 0.0, 0.0, 1.0],
                                                        "children": [
                                                            {
                                                                "name": "Tool_L",
                                                                "transform": [1.0, 0.0, 0.0, -0.0, -0.0, -0.999836, 0.018122, 0.272858, 0.0, -0.018122, -0.999836, -0.0, 0.0, 0.0, 0.0, 1.0],
                                                                "children": []
                                                            }
                                                        ]
                                                    },
                                                    {
                                                        "name": "Elbow_L",
                                                        "transform": [-1.0, 0.0, -0.0, -0.0, 0.0, -0.0, -1.0, 0.3, -0.0, -1.0, 0.0, 0.0, 0.0, 0.0, 0.0, 1.0],
                                                        "children": []
                                                    }
                                                ]
                                            }
                                        ]
                                    }
                                ]
                            }
                        ]
                    }
                ]
            }
        ]
    },
    "animation": [
        {
            "name": "Root",
            "time": [0.0167, 0.0333, 0.05, 0.0667, 0.0833, 0.1, 0.1167, 0.1333, 0.15, 0.1667, 0.1833, 0.2, 0.2167, 0.2333, 0.25, 0.2667, 0.2833, 0.3, 0.3167, 0.3333, 0.35, 0.3667, 0.3833, 0.4, 0.4167, 0.4333, 0.45, 0.4667, 0.4833, 0.5, 0.5167, 0.5333, 0.55, 0.5667, 0.5833, 0.6, 0.6167, 0.6333, 0.65, 0.6667, 0.6833, 0.7, 0.7167, 0.7333, 0.75, 0.7667, 0.7833, 0.8, 0.8167, 0.8333, 0.85, 0.8667, 0.8833, 0.9, 0.9167, 0.9333, 0.95, 0.9667, 0.9833, 1.0, 1.0167, 1.0333, 1.05, 1.0667, 1.0833, 1.1, 1.1167, 1.1333, 1.15, 1.1667, 1.1833, 1.2, 1.2167, 1.2333, 1.25, 1.2667, 1.2833, 1.3, 1.3167, 1.3333, 1.35, 1.3667, 1.3833, 1.4, 1.4167, 1.4333, 1.45, 1.4667, 1.4833, 1.5, 1.5167, 1.5333, 1.55, 1.5667, 1.5833, 1.6, 1.6167, 1.6333, 1.65, 1.6667, 1.6833, 1.7, 1.7167, 1.7333, 1.75, 1.7667, 1.7833, 1.8, 1.8167, 1.8333, 1.85, 1.8667],
            "transform": [
                [1.0, 0.0, 0.0, -5e-06, 0.0, 0.0, -1.0, 0.071458, 0.0, 1.0, 0.0, 0.763972, 0.0, 0.0, 0.0, 1.0],
                [1.0, 0.0, 0.0, -5e-06, 0.0, 0.0, -1.0, 0.075774, 0.0, 1.0, 0.0, 0.763972, 0.0, 0.0, 0.0, 1.0],
                [1.0, 0.0, 0.0, -5e-06, 0.0, 0.0, -1.0, 0.088059, 0.0, 1.0, 0.0, 0.763972, 0.0, 0.0, 0.0, 1.0],
                [1.0, 0.0, 0.0, -5e-06, 0.0, 0.0, -1.0, 0.107315, 0.0, 1.0, 0.0, 0.763972, 0.0, 0.0, 0.0, 1.0],
                [1.0, 0.0, 0.0, -5e-06, 0.0, 0.0, -1.0, 0.132548, 0.0, 1.0, 0.0, 0.763972, 0.0, 0.0, 0.0, 1.0],
                [1.0, 0.0, 0.0, -5e-06, 0.0, 0.0, -1.0, 0.162761, 0.0, 1.0, 0.0, 0.763972, 0.0, 0.0, 0.0, 1.0],
                [1.0, 0.0, 0.0, -5e-06, 0.0, 0.0, -1.0, 0.196957, 0.0, 1.0, 0.0, 0.763972, 0.0, 0.0, 0.0, 1.0],
                [1.0, 0.0, 0.0, -5e-06, 0.0, 0.0, -1.0, 0.234142, 0.0, 1.0, 0.0, 0.763972, 0.0, 0.0, 0.0, 1.0],
                [1.0, 0.0, 0.0, -5e-06, 0.0, 0.0, -1.0, 0.273319, 0.0, 1.0, 0.0, 0.763972, 0.0, 0.0, 0.0, 1.0],
                [1.0, 0.0, 0.0, -5e-06, 0.0, 0.0, -1.0, 0.313493, 0.0, 1.0, 0.0, 0.763972, 0.0, 0.0, 0.0, 1.0],
                [1.0, 0.0, 0.0, -5e-06, 0.0, 0.0, -1.0, 0.353666, 0.0, 1.0, 0.0, 0.763972, 0.0, 0.0, 0.0, 1.0],
                [1.0, 0.0, 0.0, -5e-06, 0.0, 0.0, -1.0, 0.392843, 0.0, 1.0, 0.0, 0.763972, 0.0, 0.0, 0.0, 1.0],
                [1.0, 0.0, 0.0, -5e-06, 0.0, 0.0, -1.0, 0.430028, 0.0, 1.0, 0.0, 0.763972, 0.0, 0.0, 0.0, 1.0],
                [1.0, 0.0, 0.0, -5e-06, 0.0, 0.0, -1.0, 0.464225, 0.0, 1.0, 0.0, 0.763972, 0.0, 0.0, 0.0, 1.0],
                [1.0, 0.0, 0.0, -5e-06, 0.0, 0.0, -1.0, 0.494437, 0.0, 1.0, 0.0, 0.763972, 0.0, 0.0, 0.0, 1.0],
                [1.0, 0.0, 0.0, -5e-06, 0.0, 0.0, -1.0, 0.51967, 0.0, 1.0, 0.0, 0.763972, 0.0, 0.0, 0.0, 1.0],
                [1.0, 0.0, 0.0, -5e-06, 0.0, 0.0, -1.0, 0.538927, 0.0, 1.0, 0.0, 0.763972, 0.0, 0.0, 0.0, 1.0],
                [1.0, 0.0, 0.0, -5e-06, 0.0, 0.0, -1.0, 0.551211, 0.0, 1.0, 0.0, 0.763972, 0.0, 0.0, 0.0, 1.0],
                [1.0, 0.0, 0.0, -5e-06, 0.0, 0.0, -1.0, 0.555527, 0.0, 1.0, 0.0, 0.763972, 0.0, 0.0, 0.0, 1.0],
                [1.0, 0.0, 0.0, -5e-06, 0.0, 0.0, -1.0, 0.555527, 0.0, 1.0, 0.0, 0.763972, 0.0, 0.0, 0.0, 1.0],
                [1.0, 0.0, 0.0, -5e-06, 0.0, 0.0, -1.0, 0.555527, 0.0, 1.0, 0.0, 0.763972, 0.0, 0.0, 0.0, 1.0],
                [1.0, 0.0, 0.0, -5e-06, 0.0, 0.0, -1.0, 0.555527, 0.0, 1.0, 0.0, 0.763972, 0.0, 0.0, 0.0, 1.0],
                [1.0, 0.0, 0.0, -5e-06, 0.0, 0.0, -1.0, 0.555527, 0.0, 1.0, 0.0, 0.763972, 0.0, 0.0, 0.0, 1.0],
                [1.0, 0.0, 0.0, -5e-06, 0.0, 0.0, -1.0, 0.555527, 0.0, 1.0, 0.0, 0.763972, 0.0, 0.0, 0.0, 1.0],
                [1.0, 0.0, 0.0, -5e-06, 0.0, 0.0, -1.0, 0.555527, 0.0, 1.0, 0.0, 0.763972, 0.0, 0.0, 0.0, 1.0],
                [1.0, 0.0, 0.0, -5e-06, 0.0, 0.0, -1.0, 0.555527, 0.0, 1.0, 0.0, 0.763972, 0.0, 0.0, 0.0, 1.0],
                [1.0, 0.0, 0.0, -5e-06, 0.0, 0.0, -1.0, 0.555527, 0.0, 1.0, 0.0, 0.763972, 0.0, 0.0, 0.0, 1.0],
                [1.0, 0.0, 0.0, -5e-06, 0.0, 0.0, -1.0, 0.555527, 0.0, 1.0, 0.0, 0.763972, 0.0, 0.0, 0.0, 1.0],
                [1.0, 0.0, 0.0, -5e-06, 0.0, 0.0, -1.0, 0.575203, 0.0, 1.0, 0.0, 0.763972, 0.0, 0.0, 0.0, 1.0],
                [1.0, 0.0, 0.0, -5e-06, 0.0, 0.0, -1.0, 0.629601, 0.0, 1.0, 0.0, 0.763972, 0.0, 0.0, 0.0, 1.0],
                [1.0, 0.0, 0.0, -5e-06, 0.0, 0.0, -1.0, 0.711777, 0.0, 1.0, 0.0, 0.763972, 0.0, 0.0, 0.0, 1.0],
                [1.0, 0.0, 0.0, -5e-06, 0.0, 0.0, -1.0, 0.814786, 0.0, 1.0, 0.0, 0.763972, 0.0, 0.0, 0.0, 1.0],
                [1.0, 0.0, 0.0, -5e-06, 0.0, 0.0, -1.0, 0.931684, 0.0, 1.0, 0.0, 0.763972, 0.0, 0.0, 0.0, 1.0],
                [1.0, 0.0, 0.0, -5e-06, 0.0, 0.0, -1.0, 1.055527, 0.0, 1.0, 0.0, 0.763972, 0.0, 0.0, 0.0, 1.0],
                [1.0, 0.0, 0.0, -5e-06, 0.0, 0.0, -1.0, 1.17937, 0.0, 1.0, 0.0, 0.763972, 0.0, 0.0, 0.0, 1.0],
                [1.0, 0.0, 0.0, -5e-06, 0.0, 0.0, -1.0, 1.296268, 0.0, 1.0, 0.0, 0.763972, 0.0, 0.0, 0.0, 1.0],
                [1.0, 0.0, 0.0, -5e-06, 0.0, 0.0, -1.0, 1.399277, 0.0, 1.0, 0.0, 0.763972, 0.0, 0.0, 0.0, 1.0],
                [1.0, 0.0, 0.0, -5e-06, 0.0, 0.0, -1.0, 1.481453, 0.0, 1.0, 0.0, 0.763972, 0.0, 0.0, 0.0, 1.0],
                [1.0, 0.0, 0.0, -5e-06, 0.0, 0.0, -1.0, 1.535851, 0.0, 1.0, 0.0, 0.763972, 0.0, 0.0, 0.0, 1.0],
                [1.0, 0.0, 0.0, -5e-06, 0.0, 0.0, -1.0, 1.555527, 0.0, 1.0, 0.0, 0.763972, 0.0, 0.0, 0.0, 1.0],
                [1.0, 0.0, 0.0, -5e-06, 0.0, 0.0, -1.0, 1.555527, 0.0, 1.0, 0.0, 0.763972, 0.0, 0.0, 0.0, 1.0],
                [1.0, 0.0, 0.0, -5e-06, 0.0, 0.0, -1.0, 1.555527, 0.0, 1.0, 0.0, 0.763972, 0.0, 0.0, 0.0, 1.0],
                [1.0, 0.0, 0.0, -5e-06, 0.0, 0.0, -1.0, 1.555527, 0.0, 1.0, 0.0, 0.763972, 0.0, 0.0, 0.0, 1.0],
                [1.0, 0.0, 0.0, -5e-06, 0.0, 0.0, -1.0, 1.555527, 0.0, 1.0, 0.0, 0.763972, 0.0, 0.0, 0.0, 1.0],
                [1.0, 0.0, 0.0, -5e-06, 0.0, 0.0, -1.0, 1.555527, 0.0, 1.0, 0.0, 0.763972, 0.0, 0.0, 0.0, 1.0],
                [1.0, 0.0, 0.0, -5e-06, 0.0, 0.0, -1.0, 1.555527, 0.0, 1.0, 0.0, 0.763972, 0.0, 0.0, 0.0, 1.0],
                [1.0, 0.0, 0.0, -5e-06, 0.0, 0.0, -1.0, 1.555527, 0.0, 1.0, 0.0, 0.763972, 0.0, 0.0, 0.0, 1.0],
                [1.0, 0.0, 0.0, -5e-06, 0.0, 0.0, -1.0, 1.555527, 0.0, 1.0, 0.0, 0.763972, 0.0, 0.0, 0.0, 1.0],
                [1.0, 0.0, 0.0, -5e-06, 0.0, 0.0, -1.0, 1.555527, 0.0, 1.0, 0.0, 0.763972, 0.0, 0.0, 0.0, 1.0],
                [1.0, 0.0, 0.0, -5e-06, 0.0, 0.0, -1.0, 1.555527, 0.0, 1.0, 0.0, 0.763972, 0.0, 0.0, 0.0, 1.0],
                [1.0, 0.0, 0.0, -5e-06, 0.0, 0.0, -1.0, 1.555527, 0.0, 1.0, 0.0, 0.763972, 0.0, 0.0, 0.0, 1.0],
                [1.0, 0.0, 0.0, -5e-06, 0.0, 0.0, -1.0, 1.555527, 0.0, 1.0, 0.0, 0.763972, 0.0, 0.0, 0.0, 1.0],
                [1.0, 0.0, 0.0, -5e-06, 0.0, 0.0, -1.0, 1.555527, 0.0, 1.0, 0.0, 0.763972, 0.0, 0.0, 0.0, 1.0],
                [1.0, 0.0, 0.0, -5e-06, 0.0, 0.0, -1.0, 1.555527, 0.0, 1.0, 0.0, 0.763972, 0.0, 0.0, 0.0, 1.0],
                [1.0, 0.0, 0.0, -5e-06, 0.0, 0.0, -1.0, 1.555527, 0.0, 1.0, 0.0, 0.763972, 0.0, 0.0, 0.0, 1.0],
                [1.0, 0.0, 0.0, -5e-06, 0.0, 0.0, -1.0, 1.555527, 0.0, 1.0, 0.0, 0.763972, 0.0, 0.0, 0.0, 1.0],
                [1.0, 0.0, 0.0, -5e-06, 0.0, 0.0, -1.0, 1.555527, 0.0, 1.0, 0.0, 0.763972, 0.0, 0.0, 0.0, 1.0],
                [1.0, 0.0, 0.0, -5e-06, 0.0, 0.0, -1.0, 1.555527, 0.0, 1.0, 0.0, 0.763972, 0.0, 0.0, 0.0, 1.0],
                [1.0, 0.0, 0.0, -5e-06, 0.0, 0.0, -1.0, 1.555527, 0.0, 1.0, 0.0, 0.763972, 0.0, 0.0, 0.0, 1.0],
                [1.0, 0.0, 0.0, -5e-06, 0.0, 0.0, -1.0, 1.555527, 0.0, 1.0, 0.0, 0.763972, 0.0, 0.0, 0.0, 1.0],
                [1.0, 0.0, 0.0, -5e-06, 0.0, 0.0, -1.0, 1.555527, 0.0, 1.0, 0.0, 0.763972, 0.0, 0.0, 0.0, 1.0],
                [1.0, 0.0, 0.0, -5e-06, 0.0, 0.0, -1.0, 1.555527, 0.0, 1.0, 0.0, 0.763972, 0.0, 0.0, 0.0, 1.0],
                [1.0, 0.0, 0.0, -5e-06, 0.0, 0.0, -1.0, 1.555527, 0.0, 1.0, 0.0, 0.763972, 0.0, 0.0, 0.0, 1.0],
                [1.0, 0.0, 0.0, -5e-06, 0.0, 0.0, -1.0, 1.555527, 0.0, 1.0, 0.0, 0.763972, 0.0, 0.0, 0.0, 1.0],
                [1.0, 0.0, 0.0, -5e-06, 0.0, 0.0, -1.0, 1.555527, 0.0, 1.0, 0.0, 0.763972, 0.0, 0.0, 0.0, 1.0],
                [1.0, 0.0, 0.0, -5e-06, 0.0, 0.0, -1.0, 1.555527, 0.0, 1.0, 0.0, 0.763972, 0.0, 0.0, 0.0, 1.0],
                [1.0, 0.0, 0.0, -5e-06, 0.0, 0.0, -1.0, 1.555527, 0.0, 1.0, 0.0, 0.763972, 0.0, 0.0, 0.0, 1.0],
                [1.0, 0.0, 0.0, -5e-06, 0.0, 0.0, -1.0, 1.555527, 0.0, 1.0, 0.0, 0.763972, 0.0, 0.0, 0.0, 1.0],
                [1.0, 0.0, 0.0, -5e-06, 0.0, 0.0, -1.0, 1.555527, 0.0, 1.0, 0.0, 0.763972, 0.0, 0.0, 0.0, 1.0],
                [1.0, 0.0, 0.0, -5e-06, 0.0, 0.0, -1.0, 1.555527, 0.0, 1.0, 0.0, 0.763972, 0.0, 0.0, 0.0, 1.0],
                [1.0, 0.0, 0.0, -5e-06, 0.0, 0.0, -1.0, 1.555527, 0.0, 1.0, 0.0, 0.763972, 0.0, 0.0, 0.0, 1.0],
                [1.0, 0.0, 0.0, -5e-06, 0.0, 0.0, -1.0, 1.555527, 0.0, 1.0, 0.0, 0.763972, 0.0, 0.0, 0.0, 1.0],
                [1.0, 0.0, 0.0, -5e-06, 0.0, 0.0, -1.0, 1.555527, 0.0, 1.0, 0.0, 0.763972, 0.0, 0.0, 0.0, 1.0],
                [1.0, 0.0, 0.0, -5e-06, 0.0, 0.0, -1.0, 1.555527, 0.0, 1.0, 0.0, 0.763972, 0.0, 0.0, 0.0, 1.0],
                [1.0, 0.0, 0.0, -5e-06, 0.0, 0.0, -1.0, 1.555527, 0.0, 1.0, 0.0, 0.763972, 0.0, 0.0, 0.0, 1.0],
                [1.0, 0.0, 0.0, -5e-06, 0.0, 0.0, -1.0, 1.555527, 0.0, 1.0, 0.0, 0.763972, 0.0, 0.0, 0.0, 1.0],
                [1.0, 0.0, 0.0, -5e-06, 0.0, 0.0, -1.0, 1.555527, 0.0, 1.0, 0.0, 0.763972, 0.0, 0.0, 0.0, 1.0],
                [1.0, 0.0, 0.0, -5e-06, 0.0, 0.0, -1.0, 1.555527, 0.0, 1.0, 0.0, 0.763972, 0.0, 0.0, 0.0, 1.0],
                [1.0, 0.0, 0.0, -5e-06, 0.0, 0.0, -1.0, 1.555527, 0.0, 1.0, 0.0, 0.763972, 0.0, 0.0, 0.0, 1.0],
                [1.0, 0.0, 0.0, -5e-06, 0.0, 0.0, -1.0, 1.555527, 0.0, 1.0, 0.0, 0.763972, 0.0, 0.0, 0.0, 1.0],
                [1.0, 0.0, 0.0, -5e-06, 0.0, 0.0, -1.0, 1.555527, 0.0, 1.0, 0.0, 0.763972, 0.0, 0.0, 0.0, 1.0],
                [1.0, 0.0, 0.0, -5e-06, 0.0, 0.0, -1.0, 1.554296, 0.0, 1.0, 0.0, 0.763972, 0.0, 0.0, 0.0, 1.0],
                [1.0, 0.0, 0.0, -5e-06, 0.0, 0.0, -1.0, 1.55071, 0.0, 1.0, 0.0, 0.763972, 0.0, 0.0, 0.0, 1.0],
                [1.0, 0.0, 0.0, -5e-06, 0.0, 0.0, -1.0, 1.544933, 0.0, 1.0, 0.0, 0.763972, 0.0, 0.0, 0.0, 1.0],
                [1.0, 0.0, 0.0, -5e-06, 0.0, 0.0, -1.0, 1.537126, 0.0, 1.0, 0.0, 0.763972, 0.0, 0.0, 0.0, 1.0],
                [1.0, 0.0, 0.0, -5e-06, 0.0, 0.0, -1.0, 1.527452, 0.0, 1.0, 0.0, 0.763972, 0.0, 0.0, 0.0, 1.0],
                [1.0, 0.0, 0.0, -5e-06, 0.0, 0.0, -1.0, 1.516074, 0.0, 1.0, 0.0, 0.763972, 0.0, 0.0, 0.0, 1.0],
                [1.0, 0.0, 0.0, -5e-06, 0.0, 0.0, -1.0, 1.503153, 0.0, 1.0, 0.0, 0.763972, 0.0, 0.0, 0.0, 1.0],
                [1.0, 0.0, 0.0, -5e-06, 0.0, 0.0, -1.0, 1.488852, 0.0, 1.0, 0.0, 0.763972, 0.0, 0.0, 0.0, 1.0],
                [1.0, 0.0, 0.0, -5e-06, 0.0, 0.0, -1.0, 1.473333, 0.0, 1.0, 0.0, 0.763972, 0.0, 0.0, 0.0, 1.0],
                [1.0, 0.0, 0.0, -5e-06, 0.0, 0.0, -1.0, 1.456759, 0.0, 1.0, 0.0, 0.763972, 0.0, 0.0, 0.0, 1.0],
                [1.0, 0.0, 0.0, -5e-06, 0.0, 0.0, -1.0, 1.439292, 0.0, 1.0, 0.0, 0.763972, 0.0, 0.0, 0.0, 1.0],
                [1.0, 0.0, 0.0, -5e-06, 0.0, 0.0, -1.0, 1.421094, 0.0, 1.0, 0.0, 0.763972, 0.0, 0.0, 0.0, 1.0],
                [1.0, 0.0, 0.0, -5e-06, 0.0, 0.0, -1.0, 1.402328, 0.0, 1.0, 0.0, 0.763972, 0.0, 0.0, 0.0, 1.0],
                [1.0, 0.0, 0.0, -5e-06, 0.0, 0.0, -1.0, 1.383156, 0.0, 1.0, 0.0, 0.763972, 0.0, 0.0, 0.0, 1.0],
                [1.0, 0.0, 0.0, -5e-06, 0.0, 0.0, -1.0, 1.36374, 0.0, 1.0, 0.0, 0.763972, 0.0, 0.0, 0.0, 1.0],
                [1.0, 0.0, 0.0, -5e-06, 0.0, 0.0, -1.0, 1.344244, 0.0, 1.0, 0.0, 0.763972, 0.0, 0.0, 0.0, 1.0],
                [1.0, 0.0, 0.0, -5e-06, 0.0, 0.0, -1.0, 1.324828, 0.0, 1.0, 0.0, 0.763972, 0.0, 0.0, 0.0, 1.0],
                [1.0, 0.0, 0.0, -5e-06, 0.0, 0.0, -1.0, 1.305657, 0.0, 1.0, 0.0, 0.763972, 0.0, 0.0, 0.0, 1.0],
                [1.0, 0.0, 0.0, -5e-06, 0.0, 0.0, -1.0, 1.28689, 0.0, 1.0, 0.0, 0.763972, 0.0, 0.0, 0.0, 1.0],
                [1.0, 0.0, 0.0, -5e-06, 0.0, 0.0, -1.0, 1.268693, 0.0, 1.0, 0.0, 0.763972, 0.0, 0.0, 0.0, 1.0],
                [1.0, 0.0, 0.0, -5e-06, 0.0, 0.0, -1.0, 1.251226, 0.0, 1.0, 0.0, 0.763972, 0.0, 0.0, 0.0, 1.0],
                [1.0, 0.0, 0.0, -5e-06, 0.0, 0.0, -1.0, 1.234651, 0.0, 1.0, 0.0, 0.763972, 0.0, 0.0, 0.0, 1.0],
                [1.0, 0.0, 0.0, -5e-06, 0.0, 0.0, -1.0, 1.219133, 0.0, 1.0, 0.0, 0.763972, 0.0, 0.0, 0.0, 1.0],
                [1.0, 0.0, 0.0, -5e-06, 0.0, 0.0, -1.0, 1.204831, 0.0, 1.0, 0.0, 0.763972, 0.0, 0.0, 0.0, 1.0],
                [1.0, 0.0, 0.0, -5e-06, 0.0, 0.0, -1.0, 1.19191, 0.0, 1.0, 0.0, 0.763972, 0.0, 0.0, 0.0, 1.0],
                [1.0, 0.0, 0.0, -5e-06, 0.0, 0.0, -1.0, 1.180532, 0.0, 1.0, 0.0, 0.763972, 0.0, 0.0, 0.0, 1.0],
                [1.0, 0.0, 0.0, -5e-06, 0.0, 0.0, -1.0, 1.170858, 0.0, 1.0, 0.0, 0.763972, 0.0, 0.0, 0.0, 1.0],
                [1.0, 0.0, 0.0, -5e-06, 0.0, 0.0, -1.0, 1.163051, 0.0, 1.0, 0.0, 0.763972, 0.0, 0.0, 0.0, 1.0],
                [1.0, 0.0, 0.0, -5e-06, 0.0, 0.0, -1.0, 1.157274, 0.0, 1.0, 0.0, 0.763972, 0.0, 0.0, 0.0, 1.0],
                [1.0, 0.0, 0.0, -5e-06, 0.0, 0.0, -1.0, 1.153688, 0.0, 1.0, 0.0, 0.763972, 0.0, 0.0, 0.0, 1.0],
                [1.0, 0.0, 0.0, -5e-06, 0.0, 0.0, -1.0, 1.152457, 0.0, 1.0, 0.0, 0.763972, 0.0, 0.0, 0.0, 1.0]
            ]
        },
        {
            "name": "Thigh_R",
            "time": [0.0167, 0.0333, 0.05, 0.0667, 0.0833, 0.1, 0.1167, 0.1333, 0.15, 0.1667, 0.1833, 0.2, 0.2167, 0.2333, 0.25, 0.2667, 0.2833, 0.3, 0.3167, 0.3333, 0.35, 0.3667, 0.3833, 0.4, 0.4167, 0.4333, 0.45, 0.4667, 0.4833, 0.5, 0.5167, 0.5333, 0.55, 0.5667, 0.5833, 0.6, 0.6167, 0.6333, 0.65, 0.6667, 0.6833, 0.7, 0.7167, 0.7333, 0.75, 0.7667, 0.7833, 0.8, 0.8167, 0.8333, 0.85, 0.8667, 0.8833, 0.9, 0.9167, 0.9333, 0.95, 0.9667, 0.9833, 1.0, 1.0167, 1.0333, 1.05, 1.0667, 1.0833, 1.1, 1.1167, 1.1333, 1.15, 1.1667, 1.1833, 1.2, 1.2167, 1.2333, 1.25, 1.2667, 1.2833, 1.3, 1.3167, 1.3333, 1.35, 1.3667, 1.3833, 1.4, 1.4167, 1.4333, 1.45, 1.4667, 1.4833, 1.5, 1.5167, 1.5333, 1.55, 1.5667, 1.5833, 1.6, 1.6167, 1.6333, 1.65, 1.6667, 1.6833, 1.7, 1.7167, 1.7333, 1.75, 1.7667, 1.7833, 1.8, 1.8167, 1.8333, 1.85, 1.8667],
            "transform": [
                [0.984591, 0.171694, 0.033181, 0.124948, 0.143992, -0.903672, 0.40329, -0.005881, 0.099228, -0.392298, -0.91447, 0.002586, 0.0, 0.0, 0.0, 1.0],
                [0.984591, 0.171564, 0.033847, 0.124948, 0.143992, -0.905229, 0.399783, -0.005881, 0.099228, -0.388749, -0.915985, 0.002586, 0.0, 0.0, 0.0, 1.0],
                [0.984591, 0.171174, 0.035767, 0.124948, 0.143992, -0.909651, 0.389616, -0.005881, 0.099228, -0.378462, -0.920283, 0.002586, 0.0, 0.0, 0.0, 1.0],
                [0.984591, 0.170506, 0.038827, 0.124948, 0.143992, -0.916483, 0.373262, -0.005881, 0.099228, -0.36192, -0.926913, 0.002586, 0.0, 0.0, 0.0, 1.0],
                [0.984591, 0.169525, 0.042909, 0.124948, 0.143992, -0.925179, 0.351154, -0.005881, 0.099228, -0.339564, -0.935334, 0.002586, 0.0, 0.0, 0.0, 1.0],
                [0.984591, 0.168186, 0.04789, 0.124948, 0.143992, -0.935135, 0.323711, -0.005881, 0.099228, -0.311828, -0.944943, 0.002586, 0.0, 0.0, 0.0, 1.0],
                [0.984591, 0.16644, 0.053643, 0.124948, 0.143992, -0.945709, 0.291376, -0.005881, 0.099228, -0.279162, -0.955103, 0.002586, 0.0, 0.0, 0.0, 1.0],
                [0.984591, 0.164244, 0.060031, 0.124948, 0.143992, -0.956256, 0.254636, -0.005881, 0.099228, -0.242068, -0.965172, 0.002586, 0.0, 0.0, 0.0, 1.0],
                [0.984591, 0.161564, 0.066911, 0.124948, 0.143992, -0.966153, 0.214042, -0.005881, 0.099228, -0.201109, -0.97453, 0.002586, 0.0, 0.0, 0.0, 1.0],
                [0.984591, 0.15838, 0.074134, 0.124948, 0.143992, -0.974828, 0.170221, -0.005881, 0.099228, -0.156924, -0.982613, 0.002586, 0.0, 0.0, 0.0, 1.0],
                [0.984591, 0.154692, 0.081549, 0.124948, 0.143992, -0.981794, 0.123878, -0.005881, 0.099228, -0.110227, -0.988941, 0.002586, 0.0, 0.0, 0.0, 1.0],
                [0.984591, 0.150525, 0.089006, 0.124948, 0.143992, -0.986672, 0.075786, -0.005881, 0.099228, -0.061802, -0.993144, 0.002586, 0.0, 0.0, 0.0, 1.0],
                [0.984591, 0.145927, 0.09636, 0.124948, 0.143992, -0.989216, 0.026771, -0.005881, 0.099228, -0.012483, -0.994986, 0.002586, 0.0, 0.0, 0.0, 1.0],
                [0.984591, 0.14097, 0.103477, 0.124948, 0.143992, -0.989327, -0.02231, -0.005881, 0.099228, 0.036866, -0.994382, 0.002586, 0.0, 0.0, 0.0, 1.0],
                [0.984591, 0.135748, 0.110238, 0.124948, 0.143992, -0.987057, -0.070595, -0.005881, 0.099228, 0.085381, -0.991395, 0.002586, 0.0, 0.0, 0.0, 1.0],
                [0.984591, 0.130377, 0.116541, 0.124948, 0.143992, -0.982608, -0.117247, -0.005881, 0.099228, 0.132222, -0.986241, 0.002586, 0.0, 0.0, 0.0, 1.0],
                [0.984591, 0.124985, 0.122306, 0.124948, 0.143992, -0.976316, -0.161473, -0.005881, 0.099228, 0.176596, -0.979269, 0.002586, 0.0, 0.0, 0.0, 1.0],
                [0.984591, 0.11971, 0.127473, 0.124948, 0.143992, -0.968629, -0.202543, -0.005881, 0.099228, 0.217777, -0.970941, 0.002586, 0.0, 0.0, 0.0, 1.0],
                [0.984591, 0.114698, 0.132001, 0.124948, 0.143992, -0.960084, -0.2398, -0.005881, 0.099228, 0.255112, -0.961806, 0.002586, 0.0, 0.0, 0.0, 1.0],
                [0.984591, 0.110093, 0.135866, 0.124948, 0.143992, -0.951274, -0.27266, -0.005881, 0.099228, 0.288022, -0.952469, 0.002586, 0.0, 0.0, 0.0, 1.0],
                [0.984591, 0.106037, 0.139054, 0.124948, 0.143992, -0.942818, -0.3006, -0.005881, 0.099228, 0.315991, -0.943559, 0.002586, 0.0, 0.0, 0.0, 1.0],
                [0.984591, 0.102669, 0.141559, 0.124948, 0.143992, -0.93533, -0.323147, -0.005881, 0.099228, 0.338551, -0.935701, 0.002586, 0.0, 0.0, 0.0, 1.0],
                [0.984591, 0.100117, 0.143375, 0.124948, 0.143992, -0.929393, -0.339846, -0.005881, 0.099228, 0.355254, -0.929488, 0.002586, 0.0, 0.0, 0.0, 1.0],
                [0.984591, 0.098504, 0.144488, 0.124948, 0.143992, -0.925526, -0.350238, -0.005881, 0.099228, 0.365646, -0.925449, 0.002586, 0.0, 0.0, 0.0, 1.0],
                [0.984591, 0.097944, 0.144869, 0.124948, 0.143992, -0.924162, -0.353824, -0.005881, 0.099228, 0.369232, -0.924025, 0.002586, 0.0, 0.0, 0.0, 1.0],
                [0.984591, 0.097944, 0.144869, 0.124948, 0.143992, -0.924162, -0.353824, -0.005881, 0.099228, 0.369232, -0.924025, 0.002586, 0.0, 0.0, 0.0, 1.0],
                [0.984591, 0.097944, 0.144869, 0.124948, 0.143992, -0.924162, -0.353824, -0.005881, 0.099228, 0.369232, -0.924025, 0.002586, 0.0, 0.0, 0.0, 1.0],
                [0.984591, 0.097944, 0.144869, 0.124948, 0.143992, -0.924162, -0.353824, -0.005881, 0.099228, 0.369232, -0.924025, 0.002586, 0.0, 0.0, 0.0, 1.0],
                [0.984591, 0.100243, 0.143288, 0.124948, 0.143992, -0.92969, -0.339031, -0.005881, 0.099228, 0.354439, -0.929799, 0.002586, 0.0, 0.0, 0.0, 1.0],
                [0.984591, 0.106502, 0.138699, 0.124948, 0.143992, -0.943817, -0.297447, -0.005881, 0.099228, 0.312835, -0.94461, 0.002586, 0.0, 0.0, 0.0, 1.0],
                [0.984591, 0.115642, 0.131175, 0.124948, 0.143992, -0.96178, -0.232904, -0.005881, 0.099228, 0.248203, -0.963612, 0.002586, 0.0, 0.0, 0.0, 1.0],
                [0.984591, 0.12646, 0.12078, 0.124948, 0.143992, -0.978203, -0.149614, -0.005881, 0.099228, 0.1647, -0.98134, 0.002586, 0.0, 0.0, 0.0, 1.0],
                [0.984591, 0.137701, 0.107789, 0.124948, 0.143992, -0.988163, -0.052906, -0.005881, 0.099228, 0.067612, -0.992765, 0.002586, 0.0, 0.0, 0.0, 1.0],
                [0.984591, 0.148209, 0.092813, 0.124948, 0.143992, -0.988283, 0.050621, -0.005881, 0.099228, -0.036477, -0.994396, 0.002586, 0.0, 0.0, 0.0, 1.0],
                [0.984591, 0.157094, 0.076821, 0.124948, 0.143992, -0.977586, 0.153595, -0.005881, 0.099228, -0.140167, -0.985143, 0.002586, 0.0, 0.0, 0.0, 1.0],
                [0.984591, 0.163874, 0.061035, 0.124948, 0.143992, -0.957797, 0.248779, -0.005881, 0.099228, -0.236157, -0.966635, 0.002586, 0.0, 0.0, 0.0, 1.0],
                [0.984591, 0.168502, 0.046765, 0.124948, 0.143992, -0.93295, 0.329955, -0.005881, 0.099228, -0.318137, -0.942838, 0.002586, 0.0, 0.0, 0.0, 1.0],
                [0.984591, 0.17128, 0.035257, 0.124948, 0.143992, -0.908486, 0.392325, -0.005881, 0.099228, -0.381203, -0.919151, 0.002586, 0.0, 0.0, 0.0, 1.0],
                [0.984591, 0.172676, 0.027622, 0.124948, 0.143992, -0.890184, 0.432248, -0.005881, 0.099228, -0.42161, -0.901332, 0.002586, 0.0, 0.0, 0.0, 1.0],
                [0.984591, 0.173095, 0.024863, 0.124948, 0.143992, -0.883173, 0.446398, -0.005881, 0.099228, -0.43594, -0.894489, 0.002586, 0.0, 0.0, 0.0, 1.0],
                [0.984591, 0.173095, 0.024863, 0.124948, 0.143992, -0.883173, 0.446398, -0.005881, 0.099228, -0.43594, -0.894489, 0.002586, 0.0, 0.0, 0.0, 1.0],
                [0.984591, 0.173095, 0.024863, 0.124948, 0.143992, -0.883173, 0.446398, -0.005881, 0.099228, -0.43594, -0.894489, 0.002586, 0.0, 0.0, 0.0, 1.0],
                [0.984591, 0.173095, 0.024863, 0.124948, 0.143992, -0.883173, 0.446398, -0.005881, 0.099228, -0.43594, -0.894489, 0.002586, 0.0, 0.0, 0.0, 1.0],
                [0.984591, 0.173095, 0.024863, 0.124948, 0.143992, -0.883173, 0.446398, -0.005881, 0.099228, -0.43594, -0.894489, 0.002586, 0.0, 0.0, 0.0, 1.0],
                [0.984591, 0.173095, 0.024863, 0.124948, 0.143992, -0.883173, 0.446398, -0.005881, 0.099228, -0.43594, -0.894489, 0.002586, 0.0, 0.0, 0.0, 1.0],
                [0.984591, 0.173095, 0.024863, 0.124948, 0.143992, -0.883173, 0.446398, -0.005881, 0.099228, -0.43594, -0.894489, 0.002586, 0.0, 0.0, 0.0, 1.0],
                [0.984591, 0.173095, 0.024863, 0.124948, 0.143992, -0.883173, 0.446398, -0.005881, 0.099228, -0.43594, -0.894489, 0.002586, 0.0, 0.0, 0.0, 1.0],
                [0.984591, 0.173095, 0.024863, 0.124948, 0.143992, -0.883173, 0.446398, -0.005881, 0.099228, -0.43594, -0.894489, 0.002586, 0.0, 0.0, 0.0, 1.0],
                [0.984591, 0.173095, 0.024863, 0.124948, 0.143992, -0.883173, 0.446398, -0.005881, 0.099228, -0.43594, -0.894489, 0.002586, 0.0, 0.0, 0.0, 1.0],
                [0.984591, 0.173095, 0.024863, 0.124948, 0.143992, -0.883173, 0.446398, -0.005881, 0.099228, -0.43594, -0.894489, 0.002586, 0.0, 0.0, 0.0, 1.0],
                [0.984591, 0.173095, 0.024863, 0.124948, 0.143992, -0.883173, 0.446398, -0.005881, 0.099228, -0.43594, -0.894489, 0.002586, 0.0, 0.0, 0.0, 1.0],
                [0.984591, 0.173095, 0.024863, 0.124948, 0.143992, -0.883173, 0.446398, -0.005881, 0.099228, -0.43594, -0.894489, 0.002586, 0.0, 0.0, 0.0, 1.0],
                [0.984591, 0.173095, 0.024863, 0.124948, 0.143992, -0.883173, 0.446398, -0.005881, 0.099228, -0.43594, -0.894489, 0.002586, 0.0, 0.0, 0.0, 1.0],
                [0.984591, 0.173095, 0.024863, 0.124948, 0.143992, -0.883173, 0.446398, -0.005881, 0.099228, -0.43594, -0.894489, 0.002586, 0.0, 0.0, 0.0, 1.0],
                [0.984591, 0.173095, 0.024863, 0.124948, 0.143992, -0.883173, 0.446398, -0.005881, 0.099228, -0.43594, -0.894489, 0.002586, 0.0, 0.0, 0.0, 1.0],
                [0.984591, 0.173095, 0.024863, 0.124948, 0.143992, -0.883173, 0.446398, -0.005881, 0.099228, -0.43594, -0.894489, 0.002586, 0.0, 0.0, 0.0, 1.0],
                [0.984591, 0.173095, 0.024863, 0.124948, 0.143992, -0.883173, 0.446398, -0.005881, 0.099228, -0.43594, -0.894489, 0.002586, 0.0, 0.0, 0.0, 1.0],
                [0.984591, 0.173095, 0.024863, 0.124948, 0.143992, -0.883173, 0.446398, -0.005881, 0.099228, -0.43594, -0.894489, 0.002586, 0.0, 0.0, 0.0, 1.0],
                [0.984591, 0.173095, 0.024863, 0.124948, 0.143992, -0.883173, 0.446398, -0.005881, 0.099228, -0.43594, -0.894489, 0.002586, 0.0, 0.0, 0.0, 1.0],
                [0.984591, 0.173095, 0.024863, 0.124948, 0.143992, -0.883173, 0.446398, -0.005881, 0.099228, -0.43594, -0.894489, 0.002586, 0.0, 0.0, 0.0, 1.0],
                [0.984591, 0.173095, 0.024863, 0.124948, 0.143992, -0.883173, 0.446398, -0.005881, 0.099228, -0.43594, -0.894489, 0.002586, 0.0, 0.0, 0.0, 1.0],
                [0.984591, 0.173095, 0.024863, 0.124948, 0.143992, -0.883173, 0.446398, -0.005881, 0.099228, -0.43594, -0.894489, 0.002586, 0.0, 0.0, 0.0, 1.0],
                [0.984591, 0.173095, 0.024863, 0.124948, 0.143992, -0.883173, 0.446398, -0.005881, 0.099228, -0.43594, -0.894489, 0.002586, 0.0, 0.0, 0.0, 1.0],
                [0.984591, 0.173095, 0.024863, 0.124948, 0.143992, -0.883173, 0.446398, -0.005881, 0.099228, -0.43594, -0.894489, 0.002586, 0.0, 0.0, 0.0, 1.0],
                [0.984591, 0.173095, 0.024863, 0.124948, 0.143992, -0.883173, 0.446398, -0.005881, 0.099228, -0.43594, -0.894489, 0.002586, 0.0, 0.0, 0.0, 1.0],
                [0.984591, 0.173095, 0.024863, 0.124948, 0.143992, -0.883173, 0.446398, -0.005881, 0.099228, -0.43594, -0.894489, 0.002586, 0.0, 0.0, 0.0, 1.0],
                [0.984591, 0.173095, 0.024863, 0.124948, 0.143992, -0.883173, 0.446398, -0.005881, 0.099228, -0.43594, -0.894489, 0.002586, 0.0, 0.0, 0.0, 1.0],
                [0.984591, 0.173095, 0.024863, 0.124948, 0.143992, -0.883173, 0.446398, -0.005881, 0.099228, -0.43594, -0.894489, 0.002586, 0.0, 0.0, 0.0, 1.0],
                [0.984591, 0.173095, 0.024863, 0.124948, 0.143992, -0.883173, 0.446398, -0.005881, 0.099228, -0.43594, -0.894489, 0.002586, 0.0, 0.0, 0.0, 1.0],
                [0.984591, 0.173095, 0.024863, 0.124948, 0.143992, -0.883173, 0.446398, -0.005881, 0.099228, -0.43594, -0.894489, 0.002586, 0.0, 0.0, 0.0, 1.0],
                [0.984591, 0.173095, 0.024863, 0.124948, 0.143992, -0.883173, 0.446398, -0.005881, 0.099228, -0.43594, -0.894489, 0.002586, 0.0, 0.0, 0.0, 1.0],
                [0.984591, 0.173095, 0.024863, 0.124948, 0.143992, -0.883173, 0.446398, -0.005881, 0.099228, -0.43594, -0.894489, 0.002586, 0.0, 0.0, 0.0, 1.0],
                [0.984591, 0.173095, 0.024863, 0.124948, 0.143992, -0.883173, 0.446398, -0.005881, 0.099228, -0.43594, -0.894489, 0.002586, 0.0, 0.0, 0.0, 1.0],
                [0.984591, 0.173095, 0.024863, 0.124948, 0.143992, -0.883173, 0.446398, -0.005881, 0.099228, -0.43594, -0.894489, 0.002586, 0.0, 0.0, 0.0, 1.0],
                [0.984591, 0.173095, 0.024863, 0.124948, 0.143992, -0.883173, 0.446398, -0.005881, 0.099228, -0.43594, -0.894489, 0.002586, 0.0, 0.0, 0.0, 1.0],
                [0.984591, 0.173095, 0.024863, 0.124948, 0.143992, -0.883173, 0.446398, -0.005881, 0.099228, -0.43594, -0.894489, 0.002586, 0.0, 0.0, 0.0, 1.0],
                [0.984591, 0.173095, 0.024863, 0.124948, 0.143992, -0.883173, 0.446398, -0.005881, 0.099228, -0.43594, -0.894489, 0.002586, 0.0, 0.0, 0.0, 1.0],
                [0.984591, 0.173095, 0.024863, 0.124948, 0.143992, -0.883173, 0.446398, -0.005881, 0.099228, -0.43594, -0.894489, 0.002586, 0.0, 0.0, 0.0, 1.0],
                [0.984591, 0.173095, 0.024863, 0.124948, 0.143992, -0.883173, 0.446398, -0.005881, 0.099228, -0.43594, -0.894489, 0.002586, 0.0, 0.0, 0.0, 1.0],
                [0.984591, 0.173095, 0.024863, 0.124948, 0.143992, -0.883173, 0.446398, -0.005881, 0.099228, -0.43594, -0.894489, 0.002586, 0.0, 0.0, 0.0, 1.0],
                [0.984591, 0.173095, 0.024863, 0.124948, 0.143992, -0.883173, 0.446398, -0.005881, 0.099228, -0.43594, -0.894489, 0.002586, 0.0, 0.0, 0.0, 1.0],
                [0.984513, 0.173322, 0.026343, 0.124948, 0.143645, -0.88366, 0.445545, -0.005881, 0.100501, -0.434861, -0.894872, 0.002586, 0.0, 0.0, 0.0, 1.0],
                [0.984273, 0.173972, 0.030657, 0.124948, 0.142639, -0.885075, 0.443052, -0.005881, 0.104213, -0.431711, -0.895971, 0.002586, 0.0, 0.0, 0.0, 1.0],
                [0.983851, 0.17499, 0.037618, 0.124948, 0.141039, -0.887341, 0.439014, -0.005881, 0.110203, -0.426619, -0.897693, 0.002586, 0.0, 0.0, 0.0, 1.0],
                [0.983211, 0.176306, 0.047041, 0.124948, 0.138918, -0.890375, 0.433514, -0.005881, 0.118315, -0.419701, -0.899918, 0.002586, 0.0, 0.0, 0.0, 1.0],
                [0.982305, 0.177839, 0.058743, 0.124948, 0.136355, -0.894087, 0.426632, -0.005881, 0.128393, -0.411073, -0.902516, 0.002586, 0.0, 0.0, 0.0, 1.0],
                [0.981079, 0.179503, 0.072538, 0.124948, 0.133435, -0.898387, 0.418444, -0.005881, 0.140279, -0.400848, -0.905341, 0.002586, 0.0, 0.0, 0.0, 1.0],
                [0.979478, 0.181209, 0.088237, 0.124948, 0.130246, -0.903178, 0.409029, -0.005881, 0.153814, -0.389142, -0.908245, 0.002586, 0.0, 0.0, 0.0, 1.0],
                [0.977445, 0.182868, 0.105647, 0.124948, 0.126876, -0.908365, 0.398466, -0.005881, 0.168833, -0.376075, -0.911078, 0.002586, 0.0, 0.0, 0.0, 1.0],
                [0.974927, 0.184391, 0.124566, 0.124948, 0.123412, -0.91385, 0.386843, -0.005881, 0.185165, -0.361771, -0.913693, 0.002586, 0.0, 0.0, 0.0, 1.0],
                [0.971882, 0.185696, 0.144787, 0.124948, 0.11994, -0.919537, 0.374252, -0.005881, 0.202634, -0.346363, -0.915954, 0.002586, 0.0, 0.0, 0.0, 1.0],
                [0.968273, 0.186708, 0.166094, 0.124948, 0.116539, -0.925335, 0.360797, -0.005881, 0.221057, -0.329993, -0.917735, 0.002586, 0.0, 0.0, 0.0, 1.0],
                [0.96408, 0.187364, 0.188268, 0.124948, 0.113282, -0.931152, 0.346587, -0.005881, 0.240244, -0.31281, -0.91893, 0.002586, 0.0, 0.0, 0.0, 1.0],
                [0.959294, 0.187612, 0.211083, 0.124948, 0.110236, -0.936906, 0.331745, -0.005881, 0.260004, -0.294973, -0.91945, 0.002586, 0.0, 0.0, 0.0, 1.0],
                [0.953926, 0.187413, 0.23431, 0.124948, 0.107455, -0.94252, 0.316401, -0.005881, 0.280139, -0.276645, -0.919233, 0.002586, 0.0, 0.0, 0.0, 1.0],
                [0.948001, 0.186746, 0.25772, 0.124948, 0.104985, -0.947925, 0.300693, -0.005881, 0.300452, -0.258, -0.91824, 0.002586, 0.0, 0.0, 0.0, 1.0],
                [0.941564, 0.185604, 0.281086, 0.124948, 0.102858, -0.953062, 0.284767, -0.005881, 0.320746, -0.239214, -0.91646, 0.002586, 0.0, 0.0, 0.0, 1.0],
                [0.934675, 0.183998, 0.304184, 0.124948, 0.101095, -0.957882, 0.268776, -0.005881, 0.340827, -0.220467, -0.91391, 0.002586, 0.0, 0.0, 0.0, 1.0],
                [0.927413, 0.181956, 0.326799, 0.124948, 0.099703, -0.962348, 0.252875, -0.005881, 0.360507, -0.201937, -0.910635, 0.002586, 0.0, 0.0, 0.0, 1.0],
                [0.919872, 0.179522, 0.348723, 0.124948, 0.098677, -0.96643, 0.237224, -0.005881, 0.379604, -0.183805, -0.906706, 0.002586, 0.0, 0.0, 0.0, 1.0],
                [0.91216, 0.176754, 0.36976, 0.124948, 0.098, -0.970113, 0.221982, -0.005881, 0.397946, -0.166247, -0.90222, 0.002586, 0.0, 0.0, 0.0, 1.0],
                [0.904397, 0.173725, 0.389726, 0.124948, 0.097644, -0.97339, 0.207307, -0.005881, 0.41537, -0.149433, -0.897295, 0.002586, 0.0, 0.0, 0.0, 1.0],
                [0.896713, 0.170516, 0.408448, 0.124948, 0.097572, -0.976265, 0.193355, -0.005881, 0.431724, -0.133531, -0.892067, 0.002586, 0.0, 0.0, 0.0, 1.0],
                [0.889246, 0.167222, 0.425768, 0.124948, 0.097737, -0.978747, 0.180279, -0.005881, 0.446866, -0.118699, -0.886691, 0.002586, 0.0, 0.0, 0.0, 1.0],
                [0.882138, 0.163943, 0.441538, 0.124948, 0.098086, -0.980856, 0.168226, -0.005881, 0.460665, -0.10509, -0.881331, 0.002586, 0.0, 0.0, 0.0, 1.0],
                [0.875533, 0.160781, 0.455622, 0.124948, 0.098565, -0.982613, 0.157342, -0.005881, 0.472997, -0.09285, -0.876158, 0.002586, 0.0, 0.0, 0.0, 1.0],
                [0.869578, 0.157842, 0.467889, 0.124948, 0.099112, -0.984043, 0.147766, -0.005881, 0.483747, -0.082121, -0.871347, 0.002586, 0.0, 0.0, 0.0, 1.0],
                [0.864415, 0.155233, 0.478215, 0.124948, 0.09967, -0.985174, 0.139634, -0.005881, 0.492801, -0.073038, -0.867071, 0.002586, 0.0, 0.0, 0.0, 1.0],
                [0.860183, 0.153053, 0.486477, 0.124948, 0.100182, -0.986029, 0.13308, -0.005881, 0.500049, -0.065737, -0.863498, 0.002586, 0.0, 0.0, 0.0, 1.0],
                [0.857014, 0.151398, 0.492551, 0.124948, 0.100595, -0.986629, 0.128235, -0.005881, 0.505379, -0.060351, -0.860784, 0.002586, 0.0, 0.0, 0.0, 1.0],
                [0.855031, 0.150353, 0.496301, 0.124948, 0.100867, -0.986987, 0.125231, -0.005881, 0.508672, -0.057016, -0.859071, 0.002586, 0.0, 0.0, 0.0, 1.0],
