{
    "armature": {
        "joints": ["Root", "Thigh_R", "Leg_R", "Knee_R", "Thigh_L", "Leg_L", "Knee_L", "Torso", "Chest", "Head", "Shoulder_R", "Arm_R", "Hand_R", "Tool_R", "Elbow_R", "Shoulder_L", "Arm_L", "Hand_L", "Tool_L", "Elbow_L"],
        "hierarchy": [
            {
                "name": "Root",
                "transform": [1.0, 0.0, 0.0, -5e-06, 0.0, 0.0, -1.0, 0.000946, 0.0, 1.0, 0.0, 0.763972, 0.0, 0.0, 0.0, 1.0],
                "children": [
                    {
                        "name": "Thigh_R",
                        "transform": [1.0, -0.0, -0.0, 0.124994, -0.0, -1.0, 0.0, -0.002831, -0.0, -0.0, -1.0, -1.2e-05, 0.0, 0.0, 0.0, 1.0],
                        "children": [
                            {
                                "name": "Leg_R",
                                "transform": [1.0, 0.0, 1e-06, 0.0, -0.0, 1.0, 0.0, 0.37472, -1e-06, -0.0, 1.0, -0.0, 0.0, 0.0, 0.0, 1.0],
                                "children": []
                            },
                            {
                                "name": "Knee_R",
                                "transform": [1.0, 0.0, -0.0, 0.0, -0.0, 0.0, -1.0, 0.37472, -0.0, 1.0, 0.0, -0.0, 0.0, 0.0, 0.0, 1.0],
                                "children": []
                            }
                        ]
                    },
                    {
                        "name": "Thigh_L",
                        "transform": [1.0, -0.0, -0.0, -0.125006, -0.0, -1.0, 0.0, -0.002831, -0.0, -0.0, -1.0, -1.2e-05, 0.0, 0.0, 0.0, 1.0],
                        "children": [
                            {
                                "name": "Leg_L",
                                "transform": [1.0, 0.0, 1e-06, -0.0, -0.0, 1.0, 0.0, 0.37472, -1e-06, -0.0, 1.0, 0.0, 0.0, 0.0, 0.0, 1.0],
                                "children": []
                            },
                            {
                                "name": "Knee_L",
                                "transform": [1.0, 0.0, -0.0, -0.0, -0.0, 0.0, -1.0, 0.37472, -0.0, 1.0, 0.0, 0.0, 0.0, 0.0, 0.0, 1.0],
                                "children": []
                            }
                        ]
                    },
                    {
                        "name": "Torso",
                        "transform": [1.0, 0.0, 0.0, 0.0, 0.0, 1.0, 0.0, 0.05, 0.0, 0.0, 1.0, 0.0, 0.0, 0.0, 0.0, 1.0],
                        "children": [
                            {
                                "name": "Chest",
                                "transform": [1.0, 0.0, 0.0, 0.0, 0.0, 1.0, 0.0, 0.3, 0.0, 0.0, 1.0, 0.0, 0.0, 0.0, 0.0, 1.0],
                                "children": [
                                    {
                                        "name": "Head",
                                        "transform": [1.0, 0.0, 0.0, 0.0, 0.0, 1.0, 0.0, 0.4, 0.0, 0.0, 1.0, 0.0, 0.0, 0.0, 0.0, 1.0],
                                        "children": []
                                    },
                                    {
                                        "name": "Shoulder_R",
                                        "transform": [0.0, 0.952114, 0.305743, 0.0, 0.0, -0.305743, 0.952114, 0.4, 1.0, 0.0, -0.0, 0.0, 0.0, 0.0, 0.0, 1.0],
                                        "children": [
                                            {
                                                "name": "Arm_R",
                                                "transform": [0.0, -0.0, -1.0, -0.0, 0.952114, 0.305743, 0.0, 0.39386, 0.305743, -0.952114, 0.0, 0.0, 0.0, 0.0, 0.0, 1.0],
                                                "children": [
                                                    {
                                                        "name": "Hand_R",
                                                        "transform": [1.0, 0.0, 0.0, 0.0, -0.0, 0.993938, 0.109947, 0.3, -0.0, -0.109947, 0.993937, 0.0, 0.0, 0.0, 0.0, 1.0],
                                                        "children": [
                                                            {
                                                                "name": "Tool_R",
                                                                "transform": [1.0, 0.0, 0.0, -0.0, 0.0, -0.999836, 0.018122, 0.272858, 0.0, -0.018122, -0.999836, 0.0, 0.0, 0.0, 0.0, 1.0],
                                                                "children": []
                                                            }
                                                        ]
                                                    },
                                                    {
                                                        "name": "Elbow_R",
                                                        "transform": [-1.0, 0.0, -0.0, 0.0, 0.0, 0.0, -1.0, 0.3, -0.0, -1.0, -0.0, 0.0, 0.0, 0.0, 0.0, 1.0],
                                                        "children": []
                                                    }
                                                ]
                                            }
                                        ]
                                    },
                                    {
                                        "name": "Shoulder_L",
                                        "transform": [-0.0, -0.952114, -0.305743, 0.0, 0.0, -0.305743, 0.952114, 0.4, -1.0, 0.0, 0.0, 0.0, 0.0, 0.0, 0.0, 1.0],
                                        "children": [
                                            {
                                                "name": "Arm_L",
                                                "transform": [-0.0, -0.0, 1.0, -0.0, -0.952114, 0.305743, -0.0, 0.39386, -0.305743, -0.952114, -0.0, 0.0, 0.0, 0.0, 0.0, 1.0],
                                                "children": [
                                                    {
                                                        "name": "Hand_L",
                                                        "transform": [1.0, -0.0, 0.0, -0.0, 0.0, 0.993937, 0.109947, 0.3, -0.0, -0.109947, 0.993937, 0.0, 0.0, 0.0, 0.0, 1.0],
                                                        "children": [
                                                            {
                                                                "name": "Tool_L",
                                                                "transform": [1.0, 0.0, 0.0, -0.0, -0.0, -0.999836, 0.018122, 0.272858, 0.0, -0.018122, -0.999836, -0.0, 0.0, 0.0, 0.0, 1.0],
                                                                "children": []
                                                            }
                                                        ]
                                                    },
                                                    {
                                                        "name": "Elbow_L",
                                                        "transform": [-1.0, 0.0, -0.0, -0.0, 0.0, -0.0, -1.0, 0.3, -0.0, -1.0, 0.0, 0.0, 0.0, 0.0, 0.0, 1.0],
                                                        "children": []
                                                    }
                                                ]
                                            }
                                        ]
                                    }
                                ]
                            }
                        ]
                    }
                ]
            }
        ]
    },
    "animation": [
        {
            "name": "Root",
            "time": [0.0, 0.0167, 0.0333, 0.05, 0.0667, 0.0833, 0.1, 0.1167, 0.1333, 0.15, 0.1667, 0.1833, 0.2, 0.2167, 0.2333, 0.25, 0.2667, 0.2833, 0.3, 0.3167, 0.3333, 0.35, 0.3667, 0.3833, 0.4, 0.4167, 0.4333, 0.45, 0.4667, 0.4833, 0.5, 0.5167, 0.5333, 0.55, 0.5667, 0.5833, 0.6, 0.6167, 0.6333, 0.65, 0.6667, 0.6833, 0.7, 0.7167, 0.7333, 0.75, 0.7667, 0.7833, 0.8, 0.8167, 0.8333, 0.85, 0.8667, 0.8833, 0.9, 0.9167, 0.9333, 0.95, 0.9667, 0.9833, 1.0, 1.0167, 1.0333, 1.05, 1.0667, 1.0833, 1.1, 1.1167, 1.1333, 1.15, 1.1667, 1.1833, 1.2, 1.2167, 1.2333, 1.25, 1.2667, 1.2833, 1.3, 1.3167, 1.3333, 1.35, 1.3667, 1.3833, 1.4, 1.4167, 1.4333, 1.45, 1.4667, 1.4833, 1.5, 1.5167, 1.5333, 1.55, 1.5667, 1.5833, 1.6, 1.6167, 1.6333, 1.65, 1.6667, 1.6833, 1.7, 1.7167, 1.7333, 1.75, 1.7667, 1.7833, 1.8, 1.8167, 1.8333, 1.85, 1.8667],
            "transform": [
                [1.0, 0.0, 0.0, -5e-06, 0.0, 0.0, -1.0, 0.000946, 0.0, 1.0, 0.0, 0.763972, 0.0, 0.0, 0.0, 1.0],
                [1.0, 0.0, 0.0, -5e-06, 0.0, 0.0, -1.0, -0.005519, 0.0, 1.0, 0.0, 0.763972, 0.0, 0.0, 0.0, 1.0],
                [1.0, 0.0, 0.0, -5e-06, 0.0, 0.0, -1.0, -0.02413, 0.0, 1.0, 0.0, 0.763972, 0.0, 0.0, 0.0, 1.0],
                [1.0, 0.0, 0.0, -5e-06, 0.0, 0.0, -1.0, -0.053705, 0.0, 1.0, 0.0, 0.763972, 0.0, 0.0, 0.0, 1.0],
                [1.0, 0.0, 0.0, -5e-06, 0.0, 0.0, -1.0, -0.093065, 0.0, 1.0, 0.0, 0.763972, 0.0, 0.0, 0.0, 1.0],
                [1.0, 0.0, 0.0, -5e-06, 0.0, 0.0, -1.0, -0.141027, 0.0, 1.0, 0.0, 0.763972, 0.0, 0.0, 0.0, 1.0],
                [1.0, 0.0, 0.0, -5e-06, 0.0, 0.0, -1.0, -0.196414, 0.0, 1.0, 0.0, 0.763972, 0.0, 0.0, 0.0, 1.0],
                [1.0, 0.0, 0.0, -5e-06, 0.0, 0.0, -1.0, -0.258043, 0.0, 1.0, 0.0, 0.763972, 0.0, 0.0, 0.0, 1.0],
                [1.0, 0.0, 0.0, -5e-06, 0.0, 0.0, -1.0, -0.324735, 0.0, 1.0, 0.0, 0.763972, 0.0, 0.0, 0.0, 1.0],
                [1.0, 0.0, 0.0, -5e-06, 0.0, 0.0, -1.0, -0.395309, 0.0, 1.0, 0.0, 0.763972, 0.0, 0.0, 0.0, 1.0],
                [1.0, 0.0, 0.0, -5e-06, 0.0, 0.0, -1.0, -0.468584, 0.0, 1.0, 0.0, 0.763972, 0.0, 0.0, 0.0, 1.0],
                [1.0, 0.0, 0.0, -5e-06, 0.0, 0.0, -1.0, -0.543381, 0.0, 1.0, 0.0, 0.763972, 0.0, 0.0, 0.0, 1.0],
                [1.0, 0.0, 0.0, -5e-06, 0.0, 0.0, -1.0, -0.61852, 0.0, 1.0, 0.0, 0.763972, 0.0, 0.0, 0.0, 1.0],
                [1.0, 0.0, 0.0, -5e-06, 0.0, 0.0, -1.0, -0.692368, 0.0, 1.0, 0.0, 0.763972, 0.0, 0.0, 0.0, 1.0],
                [1.0, 0.0, 0.0, -5e-06, 0.0, 0.0, -1.0, -0.761495, 0.0, 1.0, 0.0, 0.763972, 0.0, 0.0, 0.0, 1.0],
                [1.0, 0.0, 0.0, -5e-06, 0.0, 0.0, -1.0, -0.822019, 0.0, 1.0, 0.0, 0.763972, 0.0, 0.0, 0.0, 1.0],
                [1.0, 0.0, 0.0, -5e-06, 0.0, 0.0, -1.0, -0.870056, 0.0, 1.0, 0.0, 0.763972, 0.0, 0.0, 0.0, 1.0],
                [1.0, 0.0, 0.0, -5e-06, 0.0, 0.0, -1.0, -0.901726, 0.0, 1.0, 0.0, 0.763972, 0.0, 0.0, 0.0, 1.0],
                [1.0, 0.0, 0.0, -5e-06, 0.0, 0.0, -1.0, -0.913145, 0.0, 1.0, 0.0, 0.763972, 0.0, 0.0, 0.0, 1.0],
                [1.0, 0.0, 0.0, -5e-06, 0.0, 0.0, -1.0, -0.877785, 0.0, 1.0, 0.0, 0.761292, 0.0, 0.0, 0.0, 1.0],
                [1.0, 0.0, 0.0, -5e-06, 0.0, 0.0, -1.0, -0.783021, 0.0, 1.0, 0.0, 0.75411, 0.0, 0.0, 0.0, 1.0],
                [1.0, 0.0, 0.0, -5e-06, 0.0, 0.0, -1.0, -0.645825, 0.0, 1.0, 0.0, 0.743713, 0.0, 0.0, 0.0, 1.0],
                [1.0, 0.0, 0.0, -5e-06, 0.0, 0.0, -1.0, -0.48317, 0.0, 1.0, 0.0, 0.731387, 0.0, 0.0, 0.0, 1.0],
                [1.0, 0.0, 0.0, -5e-06, 0.0, 0.0, -1.0, -0.312028, 0.0, 1.0, 0.0, 0.718417, 0.0, 0.0, 0.0, 1.0],
                [1.0, 0.0, 0.0, -5e-06, 0.0, 0.0, -1.0, -0.149373, 0.0, 1.0, 0.0, 0.70609, 0.0, 0.0, 0.0, 1.0],
                [1.0, 0.0, 0.0, -5e-06, 0.0, 0.0, -1.0, -0.012178, 0.0, 1.0, 0.0, 0.695693, 0.0, 0.0, 0.0, 1.0],
                [1.0, 0.0, 0.0, -5e-06, 0.0, 0.0, -1.0, 0.082587, 0.0, 1.0, 0.0, 0.688512, 0.0, 0.0, 0.0, 1.0],
                [1.0, 0.0, 0.0, -5e-06, 0.0, 0.0, -1.0, 0.117947, 0.0, 1.0, 0.0, 0.685832, 0.0, 0.0, 0.0, 1.0],
                [1.0, 0.0, 0.0, -5e-06, 0.0, 0.0, -1.0, 0.117947, 0.0, 1.0, 0.0, 0.685832, 0.0, 0.0, 0.0, 1.0],
                [1.0, 0.0, 0.0, -5e-06, 0.0, 0.0, -1.0, 0.117947, 0.0, 1.0, 0.0, 0.685832, 0.0, 0.0, 0.0, 1.0],
                [1.0, 0.0, 0.0, -5e-06, 0.0, 0.0, -1.0, 0.117947, 0.0, 1.0, 0.0, 0.685832, 0.0, 0.0, 0.0, 1.0],
                [1.0, 0.0, 0.0, -5e-06, 0.0, 0.0, -1.0, 0.117947, 0.0, 1.0, 0.0, 0.685832, 0.0, 0.0, 0.0, 1.0],
                [1.0, 0.0, 0.0, -5e-06, 0.0, 0.0, -1.0, 0.117947, 0.0, 1.0, 0.0, 0.685832, 0.0, 0.0, 0.0, 1.0],
                [1.0, 0.0, 0.0, -5e-06, 0.0, 0.0, -1.0, 0.117947, 0.0, 1.0, 0.0, 0.685832, 0.0, 0.0, 0.0, 1.0],
                [1.0, 0.0, 0.0, -5e-06, 0.0, 0.0, -1.0, 0.117947, 0.0, 1.0, 0.0, 0.685832, 0.0, 0.0, 0.0, 1.0],
                [1.0, 0.0, 0.0, -5e-06, 0.0, 0.0, -1.0, 0.117947, 0.0, 1.0, 0.0, 0.685832, 0.0, 0.0, 0.0, 1.0],
                [1.0, 0.0, 0.0, -5e-06, 0.0, 0.0, -1.0, 0.117947, 0.0, 1.0, 0.0, 0.685832, 0.0, 0.0, 0.0, 1.0],
                [1.0, 0.0, 0.0, -5e-06, 0.0, 0.0, -1.0, 0.117947, 0.0, 1.0, 0.0, 0.685832, 0.0, 0.0, 0.0, 1.0],
                [1.0, 0.0, 0.0, -5e-06, 0.0, 0.0, -1.0, 0.117947, 0.0, 1.0, 0.0, 0.685832, 0.0, 0.0, 0.0, 1.0],
                [1.0, 0.0, 0.0, -5e-06, 0.0, 0.0, -1.0, 0.117947, 0.0, 1.0, 0.0, 0.685832, 0.0, 0.0, 0.0, 1.0],
                [1.0, 0.0, 0.0, -5e-06, 0.0, 0.0, -1.0, 0.117947, 0.0, 1.0, 0.0, 0.685832, 0.0, 0.0, 0.0, 1.0],
                [1.0, 0.0, 0.0, -5e-06, 0.0, 0.0, -1.0, 0.139234, 0.0, 1.0, 0.0, 0.685832, 0.0, 0.0, 0.0, 1.0],
                [1.0, 0.0, 0.0, -5e-06, 0.0, 0.0, -1.0, 0.198839, 0.0, 1.0, 0.0, 0.685832, 0.0, 0.0, 0.0, 1.0],
                [1.0, 0.0, 0.0, -5e-06, 0.0, 0.0, -1.0, 0.290375, 0.0, 1.0, 0.0, 0.685832, 0.0, 0.0, 0.0, 1.0],
                [1.0, 0.0, 0.0, -5e-06, 0.0, 0.0, -1.0, 0.407455, 0.0, 1.0, 0.0, 0.685832, 0.0, 0.0, 0.0, 1.0],
                [1.0, 0.0, 0.0, -5e-06, 0.0, 0.0, -1.0, 0.543695, 0.0, 1.0, 0.0, 0.685832, 0.0, 0.0, 0.0, 1.0],
                [1.0, 0.0, 0.0, -5e-06, 0.0, 0.0, -1.0, 0.692707, 0.0, 1.0, 0.0, 0.685832, 0.0, 0.0, 0.0, 1.0],
                [1.0, 0.0, 0.0, -5e-06, 0.0, 0.0, -1.0, 0.848105, 0.0, 1.0, 0.0, 0.685832, 0.0, 0.0, 0.0, 1.0],
                [1.0, 0.0, 0.0, -5e-06, 0.0, 0.0, -1.0, 1.003503, 0.0, 1.0, 0.0, 0.685832, 0.0, 0.0, 0.0, 1.0],
                [1.0, 0.0, 0.0, -5e-06, 0.0, 0.0, -1.0, 1.152514, 0.0, 1.0, 0.0, 0.685832, 0.0, 0.0, 0.0, 1.0],
                [1.0, 0.0, 0.0, -5e-06, 0.0, 0.0, -1.0, 1.288754, 0.0, 1.0, 0.0, 0.685832, 0.0, 0.0, 0.0, 1.0],
                [1.0, 0.0, 0.0, -5e-06, 0.0, 0.0, -1.0, 1.405835, 0.0, 1.0, 0.0, 0.685832, 0.0, 0.0, 0.0, 1.0],
                [1.0, 0.0, 0.0, -5e-06, 0.0, 0.0, -1.0, 1.49737, 0.0, 1.0, 0.0, 0.685832, 0.0, 0.0, 0.0, 1.0],
                [1.0, 0.0, 0.0, -5e-06, 0.0, 0.0, -1.0, 1.556975, 0.0, 1.0, 0.0, 0.685832, 0.0, 0.0, 0.0, 1.0],
                [1.0, 0.0, 0.0, -5e-06, 0.0, 0.0, -1.0, 1.578263, 0.0, 1.0, 0.0, 0.685832, 0.0, 0.0, 0.0, 1.0],
                [1.0, 0.0, 0.0, -5e-06, 0.0, 0.0, -1.0, 1.578263, 0.0, 1.0, 0.0, 0.685832, 0.0, 0.0, 0.0, 1.0],
                [1.0, 0.0, 0.0, -5e-06, 0.0, 0.0, -1.0, 1.578263, 0.0, 1.0, 0.0, 0.685832, 0.0, 0.0, 0.0, 1.0],
                [1.0, 0.0, 0.0, -5e-06, 0.0, 0.0, -1.0, 1.578263, 0.0, 1.0, 0.0, 0.685832, 0.0, 0.0, 0.0, 1.0],
                [1.0, 0.0, 0.0, -5e-06, 0.0, 0.0, -1.0, 1.578263, 0.0, 1.0, 0.0, 0.685832, 0.0, 0.0, 0.0, 1.0],
                [1.0, 0.0, 0.0, -5e-06, 0.0, 0.0, -1.0, 1.578263, 0.0, 1.0, 0.0, 0.685832, 0.0, 0.0, 0.0, 1.0],
                [1.0, 0.0, 0.0, -5e-06, 0.0, 0.0, -1.0, 1.578263, 0.0, 1.0, 0.0, 0.685832, 0.0, 0.0, 0.0, 1.0],
                [1.0, 0.0, 0.0, -5e-06, 0.0, 0.0, -1.0, 1.578263, 0.0, 1.0, 0.0, 0.685832, 0.0, 0.0, 0.0, 1.0],
                [1.0, 0.0, 0.0, -5e-06, 0.0, 0.0, -1.0, 1.578263, 0.0, 1.0, 0.0, 0.685832, 0.0, 0.0, 0.0, 1.0],
                [1.0, 0.0, 0.0, -5e-06, 0.0, 0.0, -1.0, 1.578263, 0.0, 1.0, 0.0, 0.685832, 0.0, 0.0, 0.0, 1.0],
                [1.0, 0.0, 0.0, -5e-06, 0.0, 0.0, -1.0, 1.578263, 0.0, 1.0, 0.0, 0.685832, 0.0, 0.0, 0.0, 1.0],
                [1.0, 0.0, 0.0, -5e-06, 0.0, 0.0, -1.0, 1.578263, 0.0, 1.0, 0.0, 0.685832, 0.0, 0.0, 0.0, 1.0],
                [1.0, 0.0, 0.0, -5e-06, 0.0, 0.0, -1.0, 1.578263, 0.0, 1.0, 0.0, 0.685832, 0.0, 0.0, 0.0, 1.0],
                [1.0, 0.0, 0.0, -5e-06, 0.0, 0.0, -1.0, 1.578263, 0.0, 1.0, 0.0, 0.685832, 0.0, 0.0, 0.0, 1.0],
                [1.0, 0.0, 0.0, -5e-06, 0.0, 0.0, -1.0, 1.578263, 0.0, 1.0, 0.0, 0.685832, 0.0, 0.0, 0.0, 1.0],
                [1.0, 0.0, 0.0, -5e-06, 0.0, 0.0, -1.0, 1.578263, 0.0, 1.0, 0.0, 0.685832, 0.0, 0.0, 0.0, 1.0],
                [1.0, 0.0, 0.0, -5e-06, 0.0, 0.0, -1.0, 1.578263, 0.0, 1.0, 0.0, 0.685832, 0.0, 0.0, 0.0, 1.0],
                [1.0, 0.0, 0.0, -5e-06, 0.0, 0.0, -1.0, 1.578263, 0.0, 1.0, 0.0, 0.685832, 0.0, 0.0, 0.0, 1.0],
                [1.0, 0.0, 0.0, -5e-06, 0.0, 0.0, -1.0, 1.578263, 0.0, 1.0, 0.0, 0.685832, 0.0, 0.0, 0.0, 1.0],
                [1.0, 0.0, 0.0, -5e-06, 0.0, 0.0, -1.0, 1.578263, 0.0, 1.0, 0.0, 0.685832, 0.0, 0.0, 0.0, 1.0],
                [1.0, 0.0, 0.0, -5e-06, 0.0, 0.0, -1.0, 1.578263, 0.0, 1.0, 0.0, 0.685832, 0.0, 0.0, 0.0, 1.0],
                [1.0, 0.0, 0.0, -5e-06, 0.0, 0.0, -1.0, 1.578263, 0.0, 1.0, 0.0, 0.685832, 0.0, 0.0, 0.0, 1.0],
                [1.0, 0.0, 0.0, -5e-06, 0.0, 0.0, -1.0, 1.578263, 0.0, 1.0, 0.0, 0.685832, 0.0, 0.0, 0.0, 1.0],
                [1.0, 0.0, 0.0, -5e-06, 0.0, 0.0, -1.0, 1.578263, 0.0, 1.0, 0.0, 0.685832, 0.0, 0.0, 0.0, 1.0],
                [1.0, 0.0, 0.0, -5e-06, 0.0, 0.0, -1.0, 1.578263, 0.0, 1.0, 0.0, 0.685832, 0.0, 0.0, 0.0, 1.0],
                [1.0, 0.0, 0.0, -5e-06, 0.0, 0.0, -1.0, 1.578263, 0.0, 1.0, 0.0, 0.685832, 0.0, 0.0, 0.0, 1.0],
                [1.0, 0.0, 0.0, -5e-06, 0.0, 0.0, -1.0, 1.578263, 0.0, 1.0, 0.0, 0.685832, 0.0, 0.0, 0.0, 1.0],
                [1.0, 0.0, 0.0, -5e-06, 0.0, 0.0, -1.0, 1.578263, 0.0, 1.0, 0.0, 0.685832, 0.0, 0.0, 0.0, 1.0],
                [1.0, 0.0, 0.0, -5e-06, 0.0, 0.0, -1.0, 1.5768, 0.0, 1.0, 0.0, 0.685832, 0.0, 0.0, 0.0, 1.0],
                [1.0, 0.0, 0.0, -5e-06, 0.0, 0.0, -1.0, 1.57254, 0.0, 1.0, 0.0, 0.685832, 0.0, 0.0, 0.0, 1.0],
                [1.0, 0.0, 0.0, -5e-06, 0.0, 0.0, -1.0, 1.565676, 0.0, 1.0, 0.0, 0.685832, 0.0, 0.0, 0.0, 1.0],
                [1.0, 0.0, 0.0, -5e-06, 0.0, 0.0, -1.0, 1.556402, 0.0, 1.0, 0.0, 0.685832, 0.0, 0.0, 0.0, 1.0],
                [1.0, 0.0, 0.0, -5e-06, 0.0, 0.0, -1.0, 1.544908, 0.0, 1.0, 0.0, 0.685832, 0.0, 0.0, 0.0, 1.0],
                [1.0, 0.0, 0.0, -5e-06, 0.0, 0.0, -1.0, 1.53139, 0.0, 1.0, 0.0, 0.685832, 0.0, 0.0, 0.0, 1.0],
                [1.0, 0.0, 0.0, -5e-06, 0.0, 0.0, -1.0, 1.516039, 0.0, 1.0, 0.0, 0.685832, 0.0, 0.0, 0.0, 1.0],
                [1.0, 0.0, 0.0, -5e-06, 0.0, 0.0, -1.0, 1.499048, 0.0, 1.0, 0.0, 0.685832, 0.0, 0.0, 0.0, 1.0],
                [1.0, 0.0, 0.0, -5e-06, 0.0, 0.0, -1.0, 1.480611, 0.0, 1.0, 0.0, 0.685832, 0.0, 0.0, 0.0, 1.0],
                [1.0, 0.0, 0.0, -5e-06, 0.0, 0.0, -1.0, 1.46092, 0.0, 1.0, 0.0, 0.685832, 0.0, 0.0, 0.0, 1.0],
                [1.0, 0.0, 0.0, -5e-06, 0.0, 0.0, -1.0, 1.440168, 0.0, 1.0, 0.0, 0.685832, 0.0, 0.0, 0.0, 1.0],
                [1.0, 0.0, 0.0, -5e-06, 0.0, 0.0, -1.0, 1.418548, 0.0, 1.0, 0.0, 0.685832, 0.0, 0.0, 0.0, 1.0],
                [1.0, 0.0, 0.0, -5e-06, 0.0, 0.0, -1.0, 1.396253, 0.0, 1.0, 0.0, 0.685832, 0.0, 0.0, 0.0, 1.0],
                [1.0, 0.0, 0.0, -5e-06, 0.0, 0.0, -1.0, 1.373476, 0.0, 1.0, 0.0, 0.685832, 0.0, 0.0, 0.0, 1.0],
                [1.0, 0.0, 0.0, -5e-06, 0.0, 0.0, -1.0, 1.350409, 0.0, 1.0, 0.0, 0.685832, 0.0, 0.0, 0.0, 1.0],
                [1.0, 0.0, 0.0, -5e-06, 0.0, 0.0, -1.0, 1.327246, 0.0, 1.0, 0.0, 0.685832, 0.0, 0.0, 0.0, 1.0],
                [1.0, 0.0, 0.0, -5e-06, 0.0, 0.0, -1.0, 1.304179, 0.0, 1.0, 0.0, 0.685832, 0.0, 0.0, 0.0, 1.0],
                [1.0, 0.0, 0.0, -5e-06, 0.0, 0.0, -1.0, 1.281402, 0.0, 1.0, 0.0, 0.685832, 0.0, 0.0, 0.0, 1.0],
                [1.0, 0.0, 0.0, -5e-06, 0.0, 0.0, -1.0, 1.259107, 0.0, 1.0, 0.0, 0.685832, 0.0, 0.0, 0.0, 1.0],
                [1.0, 0.0, 0.0, -5e-06, 0.0, 0.0, -1.0, 1.237487, 0.0, 1.0, 0.0, 0.685832, 0.0, 0.0, 0.0, 1.0],
                [1.0, 0.0, 0.0, -5e-06, 0.0, 0.0, -1.0, 1.216735, 0.0, 1.0, 0.0, 0.685832, 0.0, 0.0, 0.0, 1.0],
                [1.0, 0.0, 0.0, -5e-06, 0.0, 0.0, -1.0, 1.197044, 0.0, 1.0, 0.0, 0.685832, 0.0, 0.0, 0.0, 1.0],
                [1.0, 0.0, 0.0, -5e-06, 0.0, 0.0, -1.0, 1.178607, 0.0, 1.0, 0.0, 0.685832, 0.0, 0.0, 0.0, 1.0],
                [1.0, 0.0, 0.0, -5e-06, 0.0, 0.0, -1.0, 1.161616, 0.0, 1.0, 0.0, 0.685832, 0.0, 0.0, 0.0, 1.0],
                [1.0, 0.0, 0.0, -5e-06, 0.0, 0.0, -1.0, 1.146265, 0.0, 1.0, 0.0, 0.685832, 0.0, 0.0, 0.0, 1.0],
                [1.0, 0.0, 0.0, -5e-06, 0.0, 0.0, -1.0, 1.132746, 0.0, 1.0, 0.0, 0.685832, 0.0, 0.0, 0.0, 1.0],
                [1.0, 0.0, 0.0, -5e-06, 0.0, 0.0, -1.0, 1.121253, 0.0, 1.0, 0.0, 0.685832, 0.0, 0.0, 0.0, 1.0],
                [1.0, 0.0, 0.0, -5e-06, 0.0, 0.0, -1.0, 1.111978, 0.0, 1.0, 0.0, 0.685832, 0.0, 0.0, 0.0, 1.0],
                [1.0, 0.0, 0.0, -5e-06, 0.0, 0.0, -1.0, 1.105115, 0.0, 1.0, 0.0, 0.685832, 0.0, 0.0, 0.0, 1.0],
                [1.0, 0.0, 0.0, -5e-06, 0.0, 0.0, -1.0, 1.100855, 0.0, 1.0, 0.0, 0.685832, 0.0, 0.0, 0.0, 1.0],
                [1.0, 0.0, 0.0, -5e-06, 0.0, 0.0, -1.0, 1.099392, 0.0, 1.0, 0.0, 0.685832, 0.0, 0.0, 0.0, 1.0]
            ]
        },
        {
            "name": "Thigh_R",
            "time": [0.0, 0.0167, 0.0333, 0.05, 0.0667, 0.0833, 0.1, 0.1167, 0.1333, 0.15, 0.1667, 0.1833, 0.2, 0.2167, 0.2333, 0.25, 0.2667, 0.2833, 0.3, 0.3167, 0.3333, 0.35, 0.3667, 0.3833, 0.4, 0.4167, 0.4333, 0.45, 0.4667, 0.4833, 0.5, 0.5167, 0.5333, 0.55, 0.5667, 0.5833, 0.6, 0.6167, 0.6333, 0.65, 0.6667, 0.6833, 0.7, 0.7167, 0.7333, 0.75, 0.7667, 0.7833, 0.8, 0.8167, 0.8333, 0.85, 0.8667, 0.8833, 0.9, 0.9167, 0.9333, 0.95, 0.9667, 0.9833, 1.0, 1.0167, 1.0333, 1.05, 1.0667, 1.0833, 1.1, 1.1167, 1.1333, 1.15, 1.1667, 1.1833, 1.2, 1.2167, 1.2333, 1.25, 1.2667, 1.2833, 1.3, 1.3167, 1.3333, 1.35, 1.3667, 1.3833, 1.4, 1.4167, 1.4333, 1.45, 1.4667, 1.4833, 1.5, 1.5167, 1.5333, 1.55, 1.5667, 1.5833, 1.6, 1.6167, 1.6333, 1.65, 1.6667, 1.6833, 1.7, 1.7167, 1.7333, 1.75, 1.7667, 1.7833, 1.8, 1.8167, 1.8333, 1.85, 1.8667],
            "transform": [
                [0.854348, 0.149991, 0.497586, 0.124948, 0.100963, -0.987107, 0.1242, -0.005881, 0.5098, -0.055872, -0.858477, 0.002586, 0.0, 0.0, 0.0, 1.0],
                [0.854177, 0.144161, 0.499599, 0.124948, 0.104673, -0.988802, 0.106361, -0.005881, 0.509337, -0.038557, -0.859703, 0.002586, 0.0, 0.0, 0.0, 1.0],
                [0.853836, 0.128576, 0.504412, 0.124948, 0.114444, -0.991673, 0.059055, -0.005881, 0.507805, 0.007304, -0.861441, 0.002586, 0.0, 0.0, 0.0, 1.0],
                [0.853629, 0.106091, 0.509963, 0.124948, 0.12818, -0.991716, -0.008249, -0.005881, 0.504864, 0.072409, -0.860157, 0.002586, 0.0, 0.0, 0.0, 1.0],
                [0.853792, 0.079849, 0.514454, 0.124948, 0.143697, -0.985925, -0.085454, -0.005881, 0.50039, 0.146885, -0.85325, 0.002586, 0.0, 0.0, 0.0, 1.0],
                [0.854385, 0.053344, 0.516896, 0.124948, 0.158827, -0.973922, -0.162017, -0.005881, 0.494773, 0.220522, -0.840577, 0.002586, 0.0, 0.0, 0.0, 1.0],
                [0.855246, 0.030204, 0.517341, 0.124948, 0.171599, -0.958486, -0.227722, -0.005881, 0.488986, 0.283534, -0.824925, 0.002586, 0.0, 0.0, 0.0, 1.0],
                [0.856044, 0.01392, 0.516716, 0.124948, 0.180345, -0.944865, -0.273324, -0.005881, 0.484422, 0.327165, -0.811356, 0.002586, 0.0, 0.0, 0.0, 1.0],
                [0.856386, 0.007775, 0.516277, 0.124948, 0.183592, -0.939129, -0.290395, -0.005881, 0.482594, 0.343475, -0.805685, 0.002586, 0.0, 0.0, 0.0, 1.0],
                [0.856386, 0.007775, 0.516277, 0.124948, 0.183592, -0.939129, -0.290395, -0.005881, 0.482594, 0.343475, -0.805685, 0.002586, 0.0, 0.0, 0.0, 1.0],
                [0.856386, 0.007775, 0.516277, 0.124948, 0.183592, -0.939129, -0.290395, -0.005881, 0.482594, 0.343475, -0.805685, 0.002586, 0.0, 0.0, 0.0, 1.0],
                [0.856386, 0.007775, 0.516277, 0.124948, 0.183592, -0.939129, -0.290395, -0.005881, 0.482594, 0.343475, -0.805685, 0.002586, 0.0, 0.0, 0.0, 1.0],
                [0.856386, 0.007775, 0.516277, 0.124948, 0.183592, -0.939129, -0.290395, -0.005881, 0.482594, 0.343475, -0.805685, 0.002586, 0.0, 0.0, 0.0, 1.0],
                [0.856386, 0.007775, 0.516277, 0.124948, 0.183592, -0.939129, -0.290395, -0.005881, 0.482594, 0.343475, -0.805685, 0.002586, 0.0, 0.0, 0.0, 1.0],
                [0.856386, 0.007775, 0.516277, 0.124948, 0.183592, -0.939129, -0.290395, -0.005881, 0.482594, 0.343475, -0.805685, 0.002586, 0.0, 0.0, 0.0, 1.0],
                [0.856386, 0.007775, 0.516277, 0.124948, 0.183592, -0.939129, -0.290395, -0.005881, 0.482594, 0.343475, -0.805685, 0.002586, 0.0, 0.0, 0.0, 1.0],
                [0.856386, 0.007775, 0.516277, 0.124948, 0.183592, -0.939129, -0.290395, -0.005881, 0.482594, 0.343475, -0.805685, 0.002586, 0.0, 0.0, 0.0, 1.0],
                [0.856386, 0.007775, 0.516277, 0.124948, 0.183592, -0.939129, -0.290395, -0.005881, 0.482594, 0.343475, -0.805685, 0.002586, 0.0, 0.0, 0.0, 1.0],
                [0.856386, 0.007775, 0.516277, 0.124948, 0.183592, -0.939129, -0.290395, -0.005881, 0.482594, 0.343475, -0.805685, 0.002586, 0.0, 0.0, 0.0, 1.0],
                [0.865011, 0.020973, 0.501314, 0.124948, 0.170245, -0.952124, -0.253922, -0.005881, 0.471987, 0.304991, -0.827169, 0.002586, 0.0, 0.0, 0.0, 1.0],
                [0.887508, 0.052868, 0.457749, 0.124948, 0.136877, -0.978804, -0.152336, -0.005881, 0.439993, 0.197855, -0.875933, 0.002586, 0.0, 0.0, 0.0, 1.0],
                [0.917777, 0.089007, 0.386993, 0.124948, 0.095851, -0.995394, 0.001619, -0.005881, 0.385355, 0.035608, -0.922081, 0.002586, 0.0, 0.0, 0.0, 1.0],
                [0.948312, 0.1145, 0.295964, 0.124948, 0.060729, -0.980881, 0.18489, -0.005881, 0.311475, -0.15736, -0.937135, 0.002586, 0.0, 0.0, 0.0, 1.0],
                [0.972352, 0.120896, 0.199788, 0.124948, 0.040889, -0.930481, 0.364052, -0.005881, 0.229911, -0.345817, -0.909698, 0.002586, 0.0, 0.0, 0.0, 1.0],
                [0.986957, 0.110977, 0.11662, 0.124948, 0.036723, -0.860518, 0.508094, -0.005881, 0.156741, -0.497185, -0.85337, 0.002586, 0.0, 0.0, 0.0, 1.0],
                [0.993537, 0.096073, 0.060443, 0.124948, 0.040808, -0.799252, 0.599609, -0.005881, 0.105916, -0.593267, -0.798008, 0.002586, 0.0, 0.0, 0.0, 1.0],
                [0.995237, 0.088907, 0.039992, 0.124948, 0.043758, -0.773978, 0.631699, -0.005881, 0.087116, -0.62694, -0.774182, 0.002586, 0.0, 0.0, 0.0, 1.0],
                [0.995237, 0.088907, 0.039992, 0.124948, 0.043758, -0.773978, 0.631699, -0.005881, 0.087116, -0.62694, -0.774182, 0.002586, 0.0, 0.0, 0.0, 1.0],
                [0.995237, 0.088907, 0.039992, 0.124948, 0.043758, -0.773978, 0.631699, -0.005881, 0.087116, -0.62694, -0.774182, 0.002586, 0.0, 0.0, 0.0, 1.0],
                [0.995237, 0.088907, 0.039992, 0.124948, 0.043758, -0.773978, 0.631699, -0.005881, 0.087116, -0.62694, -0.774182, 0.002586, 0.0, 0.0, 0.0, 1.0],
                [0.995237, 0.088907, 0.039992, 0.124948, 0.043758, -0.773978, 0.631699, -0.005881, 0.087116, -0.62694, -0.774182, 0.002586, 0.0, 0.0, 0.0, 1.0],
                [0.995237, 0.088907, 0.039992, 0.124948, 0.043758, -0.773978, 0.631699, -0.005881, 0.087116, -0.62694, -0.774182, 0.002586, 0.0, 0.0, 0.0, 1.0],
                [0.995237, 0.088907, 0.039992, 0.124948, 0.043758, -0.773978, 0.631699, -0.005881, 0.087116, -0.62694, -0.774182, 0.002586, 0.0, 0.0, 0.0, 1.0],
                [0.995237, 0.088907, 0.039992, 0.124948, 0.043758, -0.773978, 0.631699, -0.005881, 0.087116, -0.62694, -0.774182, 0.002586, 0.0, 0.0, 0.0, 1.0],
                [0.995237, 0.088907, 0.039992, 0.124948, 0.043758, -0.773978, 0.631699, -0.005881, 0.087116, -0.62694, -0.774182, 0.002586, 0.0, 0.0, 0.0, 1.0],
                [0.995237, 0.088907, 0.039992, 0.124948, 0.043758, -0.773978, 0.631699, -0.005881, 0.087116, -0.62694, -0.774182, 0.002586, 0.0, 0.0, 0.0, 1.0],
                [0.995237, 0.088907, 0.039992, 0.124948, 0.043758, -0.773978, 0.631699, -0.005881, 0.087116, -0.62694, -0.774182, 0.002586, 0.0, 0.0, 0.0, 1.0],
                [0.995237, 0.088907, 0.039992, 0.124948, 0.043758, -0.773978, 0.631699, -0.005881, 0.087116, -0.62694, -0.774182, 0.002586, 0.0, 0.0, 0.0, 1.0],
                [0.995237, 0.088907, 0.039992, 0.124948, 0.043758, -0.773978, 0.631699, -0.005881, 0.087116, -0.62694, -0.774182, 0.002586, 0.0, 0.0, 0.0, 1.0],
                [0.995237, 0.088907, 0.039992, 0.124948, 0.043758, -0.773978, 0.631699, -0.005881, 0.087116, -0.62694, -0.774182, 0.002586, 0.0, 0.0, 0.0, 1.0],
                [0.995237, 0.088907, 0.039992, 0.124948, 0.043758, -0.773978, 0.631699, -0.005881, 0.087116, -0.62694, -0.774182, 0.002586, 0.0, 0.0, 0.0, 1.0],
                [0.995382, 0.088029, 0.038283, 0.124948, 0.045254, -0.782031, 0.621594, -0.005881, 0.084656, -0.616991, -0.782403, 0.002586, 0.0, 0.0, 0.0, 1.0],
                [0.995763, 0.085673, 0.033409, 0.124948, 0.049293, -0.804008, 0.592572, -0.005881, 0.077628, -0.588414, -0.804824, 0.002586, 0.0, 0.0, 0.0, 1.0],
                [0.996271, 0.08237, 0.025684, 0.124948, 0.055042, -0.835986, 0.545983, -0.005881, 0.066445, -0.542533, -0.837402, 0.002586, 0.0, 0.0, 0.0, 1.0],
                [0.996775, 0.078747, 0.015427, 0.124948, 0.061526, -0.873423, 0.48306, -0.005881, 0.051513, -0.480553, -0.875451, 0.002586, 0.0, 0.0, 0.0, 1.0],
                [0.997145, 0.075446, 0.003047, 0.124948, 0.067728, -0.91152, 0.405641, -0.005881, 0.033381, -0.404277, -0.914027, 0.002586, 0.0, 0.0, 0.0, 1.0],
                [0.997269, 0.073042, -0.010892, 0.124948, 0.072727, -0.945746, 0.316663, -0.005881, 0.012829, -0.31659, -0.948476, 0.002586, 0.0, 0.0, 0.0, 1.0],
                [0.997078, 0.071941, -0.025673, 0.124948, 0.075839, -0.972478, 0.220306, -0.005881, -0.009117, -0.22161, -0.975093, 0.002586, 0.0, 0.0, 0.0, 1.0],
                [0.996561, 0.072302, -0.040483, 0.124948, 0.076742, -0.989591, 0.12174, -0.005881, -0.031259, -0.124428, -0.991736, 0.002586, 0.0, 0.0, 0.0, 1.0],
                [0.995767, 0.074007, -0.054502, 0.124948, 0.075536, -0.996789, 0.026555, -0.005881, -0.052362, -0.030559, -0.998161, 0.002586, 0.0, 0.0, 0.0, 1.0],
                [0.994802, 0.076685, -0.066999, 0.124948, 0.072709, -0.995553, -0.059897, -0.005881, -0.071294, 0.054715, -0.995954, 0.002586, 0.0, 0.0, 0.0, 1.0],
                [0.993803, 0.079792, -0.077389, 0.124948, 0.069027, -0.988711, -0.13299, -0.005881, -0.087127, 0.126824, -0.988091, 0.002586, 0.0, 0.0, 0.0, 1.0],
                [0.992922, 0.082705, -0.085236, 0.124948, 0.06539, -0.979803, -0.188969, -0.005881, -0.099143, 0.182058, -0.978277, 0.002586, 0.0, 0.0, 0.0, 1.0],
                [0.992306, 0.084815, -0.090198, 0.124948, 0.062685, -0.972401, -0.224738, -0.005881, -0.10677, 0.217355, -0.970236, 0.002586, 0.0, 0.0, 0.0, 1.0],
                [0.992078, 0.085607, -0.09194, 0.124948, 0.061658, -0.969461, -0.237368, -0.005881, -0.109452, 0.229818, -0.967059, 0.002586, 0.0, 0.0, 0.0, 1.0],
                [0.992078, 0.085607, -0.09194, 0.124948, 0.061658, -0.969461, -0.237368, -0.005881, -0.109452, 0.229818, -0.967059, 0.002586, 0.0, 0.0, 0.0, 1.0],
                [0.992078, 0.085607, -0.09194, 0.124948, 0.061658, -0.969461, -0.237368, -0.005881, -0.109452, 0.229818, -0.967059, 0.002586, 0.0, 0.0, 0.0, 1.0],
                [0.992078, 0.085607, -0.09194, 0.124948, 0.061658, -0.969461, -0.237368, -0.005881, -0.109452, 0.229818, -0.967059, 0.002586, 0.0, 0.0, 0.0, 1.0],
                [0.992078, 0.085607, -0.09194, 0.124948, 0.061658, -0.969461, -0.237368, -0.005881, -0.109452, 0.229818, -0.967059, 0.002586, 0.0, 0.0, 0.0, 1.0],
                [0.992078, 0.085607, -0.09194, 0.124948, 0.061658, -0.969461, -0.237368, -0.005881, -0.109452, 0.229818, -0.967059, 0.002586, 0.0, 0.0, 0.0, 1.0],
                [0.992078, 0.085607, -0.09194, 0.124948, 0.061658, -0.969461, -0.237368, -0.005881, -0.109452, 0.229818, -0.967059, 0.002586, 0.0, 0.0, 0.0, 1.0],
                [0.992078, 0.085607, -0.09194, 0.124948, 0.061658, -0.969461, -0.237368, -0.005881, -0.109452, 0.229818, -0.967059, 0.002586, 0.0, 0.0, 0.0, 1.0],
                [0.992078, 0.085607, -0.09194, 0.124948, 0.061658, -0.969461, -0.237368, -0.005881, -0.109452, 0.229818, -0.967059, 0.002586, 0.0, 0.0, 0.0, 1.0],
                [0.992078, 0.085607, -0.09194, 0.124948, 0.061658, -0.969461, -0.237368, -0.005881, -0.109452, 0.229818, -0.967059, 0.002586, 0.0, 0.0, 0.0, 1.0],
                [0.992078, 0.085607, -0.09194, 0.124948, 0.061658, -0.969461, -0.237368, -0.005881, -0.109452, 0.229818, -0.967059, 0.002586, 0.0, 0.0, 0.0, 1.0],
                [0.992078, 0.085607, -0.09194, 0.124948, 0.061658, -0.969461, -0.237368, -0.005881, -0.109452, 0.229818, -0.967059, 0.002586, 0.0, 0.0, 0.0, 1.0],
                [0.992078, 0.085607, -0.09194, 0.124948, 0.061658, -0.969461, -0.237368, -0.005881, -0.109452, 0.229818, -0.967059, 0.002586, 0.0, 0.0, 0.0, 1.0],
                [0.992078, 0.085607, -0.09194, 0.124948, 0.061658, -0.969461, -0.237368, -0.005881, -0.109452, 0.229818, -0.967059, 0.002586, 0.0, 0.0, 0.0, 1.0],
                [0.992078, 0.085607, -0.09194, 0.124948, 0.061658, -0.969461, -0.237368, -0.005881, -0.109452, 0.229818, -0.967059, 0.002586, 0.0, 0.0, 0.0, 1.0],
                [0.992078, 0.085607, -0.09194, 0.124948, 0.061658, -0.969461, -0.237368, -0.005881, -0.109452, 0.229818, -0.967059, 0.002586, 0.0, 0.0, 0.0, 1.0],
                [0.992078, 0.085607, -0.09194, 0.124948, 0.061658, -0.969461, -0.237368, -0.005881, -0.109452, 0.229818, -0.967059, 0.002586, 0.0, 0.0, 0.0, 1.0],
                [0.992078, 0.085607, -0.09194, 0.124948, 0.061658, -0.969461, -0.237368, -0.005881, -0.109452, 0.229818, -0.967059, 0.002586, 0.0, 0.0, 0.0, 1.0],
                [0.992078, 0.085607, -0.09194, 0.124948, 0.061658, -0.969461, -0.237368, -0.005881, -0.109452, 0.229818, -0.967059, 0.002586, 0.0, 0.0, 0.0, 1.0],
                [0.992078, 0.085607, -0.09194, 0.124948, 0.061658, -0.969461, -0.237368, -0.005881, -0.109452, 0.229818, -0.967059, 0.002586, 0.0, 0.0, 0.0, 1.0],
                [0.992078, 0.085607, -0.09194, 0.124948, 0.061658, -0.969461, -0.237368, -0.005881, -0.109452, 0.229818, -0.967059, 0.002586, 0.0, 0.0, 0.0, 1.0],
                [0.992078, 0.085607, -0.09194, 0.124948, 0.061658, -0.969461, -0.237368, -0.005881, -0.109452, 0.229818, -0.967059, 0.002586, 0.0, 0.0, 0.0, 1.0],
                [0.992078, 0.085607, -0.09194, 0.124948, 0.061658, -0.969461, -0.237368, -0.005881, -0.109452, 0.229818, -0.967059, 0.002586, 0.0, 0.0, 0.0, 1.0],
                [0.992078, 0.085607, -0.09194, 0.124948, 0.061658, -0.969461, -0.237368, -0.005881, -0.109452, 0.229818, -0.967059, 0.002586, 0.0, 0.0, 0.0, 1.0],
                [0.992078, 0.085607, -0.09194, 0.124948, 0.061658, -0.969461, -0.237368, -0.005881, -0.109452, 0.229818, -0.967059, 0.002586, 0.0, 0.0, 0.0, 1.0],
                [0.992078, 0.085607, -0.09194, 0.124948, 0.061658, -0.969461, -0.237368, -0.005881, -0.109452, 0.229818, -0.967059, 0.002586, 0.0, 0.0, 0.0, 1.0],
                [0.992078, 0.085607, -0.09194, 0.124948, 0.061658, -0.969461, -0.237368, -0.005881, -0.109452, 0.229818, -0.967059, 0.002586, 0.0, 0.0, 0.0, 1.0],
                [0.992078, 0.085607, -0.09194, 0.124948, 0.061658, -0.969461, -0.237368, -0.005881, -0.109452, 0.229818, -0.967059, 0.002586, 0.0, 0.0, 0.0, 1.0],
                [0.992254, 0.085528, -0.09009, 0.124948, 0.06212, -0.969673, -0.236378, -0.005881, -0.107575, 0.228951, -0.967476, 0.002586, 0.0, 0.0, 0.0, 1.0],
                [0.992748, 0.085308, -0.084696, 0.124948, 0.063457, -0.970286, -0.233489, -0.005881, -0.102098, 0.226421, -0.968664, 0.002586, 0.0, 0.0, 0.0, 1.0],
                [0.993481, 0.084981, -0.075986, 0.124948, 0.06558, -0.97126, -0.228808, -0.005881, -0.093247, 0.222333, -0.970501, 0.002586, 0.0, 0.0, 0.0, 1.0],
                [0.994346, 0.084598, -0.06418, 0.124948, 0.068387, -0.972546, -0.222433, -0.005881, -0.081236, 0.216786, -0.972833, 0.002586, 0.0, 0.0, 0.0, 1.0],
                [0.995217, 0.084216, -0.049499, 0.124948, 0.071763, -0.974094, -0.214455, -0.005881, -0.066277, 0.209877, -0.975479, 0.002586, 0.0, 0.0, 0.0, 1.0],
                [0.995955, 0.0839, -0.032162, 0.124948, 0.075587, -0.975846, -0.204966, -0.005881, -0.048582, 0.201706, -0.978241, 0.002586, 0.0, 0.0, 0.0, 1.0],
                [0.996413, 0.083716, -0.0124, 0.124948, 0.079732, -0.977744, -0.194057, -0.005881, -0.02837, 0.192372, -0.980912, 0.002586, 0.0, 0.0, 0.0, 1.0],
                [0.996443, 0.083732, 0.00955, 0.124948, 0.08407, -0.97973, -0.181827, -0.005881, -0.005868, 0.181983, -0.983284, 0.002586, 0.0, 0.0, 0.0, 1.0],
                [0.995903, 0.084013, 0.033437, 0.124948, 0.088472, -0.981743, -0.168381, -0.005881, 0.01868, 0.170649, -0.985155, 0.002586, 0.0, 0.0, 0.0, 1.0],
                [0.994665, 0.08462, 0.058996, 0.124948, 0.092814, -0.983728, -0.153835, -0.005881, 0.045019, 0.15849, -0.986334, 0.002586, 0.0, 0.0, 0.0, 1.0],
                [0.992615, 0.085604, 0.085951, 0.124948, 0.096978, -0.985628, -0.138317, -0.005881, 0.072876, 0.145631, -0.986651, 0.002586, 0.0, 0.0, 0.0, 1.0],
                [0.989662, 0.087005, 0.114012, 0.124948, 0.100857, -0.987396, -0.121967, -0.005881, 0.101964, 0.132205, -0.985964, 0.002586, 0.0, 0.0, 0.0, 1.0],
                [0.985744, 0.088853, 0.14288, 0.124948, 0.104356, -0.988988, -0.104937, -0.005881, 0.131982, 0.118351, -0.984161, 0.002586, 0.0, 0.0, 0.0, 1.0],
                [0.980826, 0.091164, 0.172247, 0.124948, 0.107397, -0.990368, -0.08739, -0.005881, 0.162621, 0.104213, -0.98117, 0.002586, 0.0, 0.0, 0.0, 1.0],
                [0.974911, 0.093935, 0.201806, 0.124948, 0.10992, -0.991508, -0.069497, -0.005881, 0.193564, 0.089936, -0.976957, 0.002586, 0.0, 0.0, 0.0, 1.0],
                [0.968032, 0.097151, 0.231251, 0.124948, 0.111883, -0.992389, -0.051438, -0.005881, 0.224493, 0.075667, -0.971533, 0.002586, 0.0, 0.0, 0.0, 1.0],
                [0.960259, 0.100778, 0.260282, 0.124948, 0.113267, -0.993003, -0.033396, -0.005881, 0.255096, 0.06155, -0.964955, 0.002586, 0.0, 0.0, 0.0, 1.0],
                [0.951696, 0.10477, 0.288614, 0.124948, 0.114073, -0.99335, -0.015555, -0.005881, 0.285066, 0.047727, -0.957319, 0.002586, 0.0, 0.0, 0.0, 1.0],
                [0.942478, 0.109062, 0.315977, 0.124948, 0.114322, -0.993442, 0.001901, -0.005881, 0.314112, 0.034331, -0.948765, 0.002586, 0.0, 0.0, 0.0, 1.0],
                [0.932767, 0.11358, 0.342118, 0.124948, 0.114057, -0.993296, 0.018795, -0.005881, 0.34196, 0.02149, -0.939469, 0.002586, 0.0, 0.0, 0.0, 1.0],
                [0.922751, 0.118238, 0.366811, 0.124948, 0.113337, -0.992941, 0.034954, -0.005881, 0.368355, 0.009319, -0.929639, 0.002586, 0.0, 0.0, 0.0, 1.0],
                [0.912635, 0.122939, 0.38985, 0.124948, 0.112235, -0.992412, 0.050214, -0.005881, 0.393065, -0.002072, -0.919508, 0.002586, 0.0, 0.0, 0.0, 1.0],
                [0.902641, 0.127581, 0.411051, 0.124948, 0.110839, -0.991748, 0.064421, -0.005881, 0.415878, -0.012589, -0.909333, 0.002586, 0.0, 0.0, 0.0, 1.0],
                [0.892996, 0.132059, 0.430253, 0.124948, 0.109245, -0.990994, 0.07743, -0.005881, 0.436604, -0.022142, -0.899381, 0.002586, 0.0, 0.0, 0.0, 1.0],
                [0.883936, 0.136265, 0.447313, 0.124948, 0.107554, -0.990198, 0.089105, -0.005881, 0.45507, -0.030653, -0.889928, 0.002586, 0.0, 0.0, 0.0, 1.0],
                [0.875694, 0.14009, 0.462099, 0.124948, 0.105872, -0.989407, 0.099317, -0.005881, 0.471117, -0.038048, -0.88125, 0.002586, 0.0, 0.0, 0.0, 1.0],
                [0.868498, 0.143428, 0.474489, 0.124948, 0.104301, -0.98867, 0.107944, -0.005881, 0.484596, -0.044259, -0.873618, 0.002586, 0.0, 0.0, 0.0, 1.0],
                [0.862567, 0.146179, 0.484365, 0.124948, 0.10294, -0.988033, 0.114866, -0.005881, 0.49536, -0.049219, -0.867293, 0.002586, 0.0, 0.0, 0.0, 1.0],
