{
    "armature": {
        "joints": ["Root", "Thigh_R", "Leg_R", "Knee_R", "Thigh_L", "Leg_L", "Knee_L", "Torso", "Chest", "Head", "Shoulder_R", "Arm_R", "Hand_R", "Tool_R", "Elbow_R", "Shoulder_L", "Arm_L", "Hand_L", "Tool_L", "Elbow_L"],
        "hierarchy": [
            {
                "name": "Root",
                "transform": [1.0, 0.0, 0.0, -5e-06, 0.0, 0.0, -1.0, 0.000946, 0.0, 1.0, 0.0, 0.763972, 0.0, 0.0, 0.0, 1.0],
                "children": [
                    {
                        "name": "Thigh_R",
                        "transform": [1.0, -0.0, -0.0, 0.124994, -0.0, -1.0, 0.0, -0.002831, -0.0, -0.0, -1.0, -1.2e-05, 0.0, 0.0, 0.0, 1.0],
                        "children": [
                            {
                                "name": "Leg_R",
                                "transform": [1.0, 0.0, 1e-06, 0.0, -0.0, 1.0, 0.0, 0.37472, -1e-06, -0.0, 1.0, -0.0, 0.0, 0.0, 0.0, 1.0],
                                "children": []
                            },
                            {
                                "name": "Knee_R",
                                "transform": [1.0, 0.0, -0.0, 0.0, -0.0, 0.0, -1.0, 0.37472, -0.0, 1.0, 0.0, -0.0, 0.0, 0.0, 0.0, 1.0],
                                "children": []
                            }
                        ]
                    },
                    {
                        "name": "Thigh_L",
                        "transform": [1.0, -0.0, -0.0, -0.125006, -0.0, -1.0, 0.0, -0.002831, -0.0, -0.0, -1.0, -1.2e-05, 0.0, 0.0, 0.0, 1.0],
                        "children": [
                            {
                                "name": "Leg_L",
                                "transform": [1.0, 0.0, 1e-06, -0.0, -0.0, 1.0, 0.0, 0.37472, -1e-06, -0.0, 1.0, 0.0, 0.0, 0.0, 0.0, 1.0],
                                "children": []
                            },
                            {
                                "name": "Knee_L",
                                "transform": [1.0, 0.0, -0.0, -0.0, -0.0, 0.0, -1.0, 0.37472, -0.0, 1.0, 0.0, 0.0, 0.0, 0.0, 0.0, 1.0],
                                "children": []
                            }
                        ]
                    },
                    {
                        "name": "Torso",
                        "transform": [1.0, 0.0, 0.0, 0.0, 0.0, 1.0, 0.0, 0.05, 0.0, 0.0, 1.0, 0.0, 0.0, 0.0, 0.0, 1.0],
                        "children": [
                            {
                                "name": "Chest",
                                "transform": [1.0, 0.0, 0.0, 0.0, 0.0, 1.0, 0.0, 0.3, 0.0, 0.0, 1.0, 0.0, 0.0, 0.0, 0.0, 1.0],
                                "children": [
                                    {
                                        "name": "Head",
                                        "transform": [1.0, 0.0, 0.0, 0.0, 0.0, 1.0, 0.0, 0.4, 0.0, 0.0, 1.0, 0.0, 0.0, 0.0, 0.0, 1.0],
                                        "children": []
                                    },
                                    {
                                        "name": "Shoulder_R",
                                        "transform": [0.0, 0.952114, 0.305743, 0.0, 0.0, -0.305743, 0.952114, 0.4, 1.0, 0.0, -0.0, 0.0, 0.0, 0.0, 0.0, 1.0],
                                        "children": [
                                            {
                                                "name": "Arm_R",
                                                "transform": [0.0, -0.0, -1.0, -0.0, 0.952114, 0.305743, 0.0, 0.39386, 0.305743, -0.952114, 0.0, 0.0, 0.0, 0.0, 0.0, 1.0],
                                                "children": [
                                                    {
                                                        "name": "Hand_R",
                                                        "transform": [1.0, 0.0, 0.0, 0.0, -0.0, 0.993938, 0.109947, 0.3, -0.0, -0.109947, 0.993937, 0.0, 0.0, 0.0, 0.0, 1.0],
                                                        "children": [
                                                            {
                                                                "name": "Tool_R",
                                                                "transform": [1.0, 0.0, 0.0, -0.0, 0.0, -0.999836, 0.018122, 0.272858, 0.0, -0.018122, -0.999836, 0.0, 0.0, 0.0, 0.0, 1.0],
                                                                "children": []
                                                            }
                                                        ]
                                                    },
                                                    {
                                                        "name": "Elbow_R",
                                                        "transform": [-1.0, 0.0, -0.0, 0.0, 0.0, 0.0, -1.0, 0.3, -0.0, -1.0, -0.0, 0.0, 0.0, 0.0, 0.0, 1.0],
                                                        "children": []
                                                    }
                                                ]
                                            }
                                        ]
                                    },
                                    {
                                        "name": "Shoulder_L",
                                        "transform": [-0.0, -0.952114, -0.305743, 0.0, 0.0, -0.305743, 0.952114, 0.4, -1.0, 0.0, 0.0, 0.0, 0.0, 0.0, 0.0, 1.0],
                                        "children": [
                                            {
                                                "name": "Arm_L",
                                                "transform": [-0.0, -0.0, 1.0, -0.0, -0.952114, 0.305743, -0.0, 0.39386, -0.305743, -0.952114, -0.0, 0.0, 0.0, 0.0, 0.0, 1.0],
                                                "children": [
                                                    {
                                                        "name": "Hand_L",
                                                        "transform": [1.0, -0.0, 0.0, -0.0, 0.0, 0.993937, 0.109947, 0.3, -0.0, -0.109947, 0.993937, 0.0, 0.0, 0.0, 0.0, 1.0],
                                                        "children": [
                                                            {
                                                                "name": "Tool_L",
                                                                "transform": [1.0, 0.0, 0.0, -0.0, -0.0, -0.999836, 0.018122, 0.272858, 0.0, -0.018122, -0.999836, -0.0, 0.0, 0.0, 0.0, 1.0],
                                                                "children": []
                                                            }
                                                        ]
                                                    },
                                                    {
                                                        "name": "Elbow_L",
                                                        "transform": [-1.0, 0.0, -0.0, -0.0, 0.0, -0.0, -1.0, 0.3, -0.0, -1.0, 0.0, 0.0, 0.0, 0.0, 0.0, 1.0],
                                                        "children": []
                                                    }
                                                ]
                                            }
                                        ]
                                    }
                                ]
                            }
                        ]
                    }
                ]
            }
        ]
    },
    "animation": [
        {
            "name": "Root",
            "time": [0.0, 0.0167, 0.0333, 0.05, 0.0667, 0.0833, 0.1, 0.1167, 0.1333, 0.15, 0.1667, 0.1833, 0.2, 0.2167, 0.2333, 0.25, 0.2667, 0.2833, 0.3, 0.3167, 0.3333, 0.35, 0.3667, 0.3833, 0.4, 0.4167, 0.4333, 0.45, 0.4667, 0.4833, 0.5, 0.5167, 0.5333, 0.55, 0.5667, 0.5833, 0.6, 0.6167, 0.6333, 0.65, 0.6667, 0.6833, 0.7, 0.7167, 0.7333, 0.75, 0.7667, 0.7833, 0.8, 0.8167, 0.8333, 0.85, 0.8667, 0.8833, 0.9, 0.9167, 0.9333, 0.95, 0.9667, 0.9833, 1.0, 1.0167, 1.0333, 1.05, 1.0667, 1.0833, 1.1, 1.1167, 1.1333, 1.15, 1.1667, 1.1833, 1.2, 1.2167, 1.2333, 1.25, 1.2667, 1.2833, 1.3, 1.3167, 1.3333, 1.35, 1.3667, 1.3833, 1.4, 1.4167, 1.4333, 1.45, 1.4667, 1.4833, 1.5, 1.5167, 1.5333, 1.55, 1.5667, 1.5833, 1.6, 1.6167, 1.6333, 1.65, 1.6667, 1.6833, 1.7, 1.7167, 1.7333, 1.75, 1.7667, 1.7833, 1.8, 1.8167, 1.8333, 1.85, 1.8667, 1.8833, 1.9, 1.9167, 1.9333, 1.95, 1.9667, 1.9833, 2.0, 2.0167, 2.0333, 2.05, 2.0667, 2.0833, 2.1, 2.1167, 2.1333],
            "transform": [
                [-0.981182, 0.0, 0.193085, -5e-06, 0.193085, 0.0, 0.981182, 0.000946, 0.0, 1.0, 0.0, 0.763972, 0.0, 0.0, 0.0, 1.0],
                [-0.981178, 0.0, 0.193103, -5e-06, 0.193103, 0.0, 0.981178, 0.000962, 0.0, 1.0, 0.0, 0.763972, 0.0, 0.0, 0.0, 1.0],
                [-0.981154, 0.0, 0.193229, -5e-06, 0.193229, 0.0, 0.981154, 0.001074, 0.0, 1.0, 0.0, 0.763972, 0.0, 0.0, 0.0, 1.0],
                [-0.981086, 0.0, 0.193573, -5e-06, 0.193573, 0.0, 0.981086, 0.001376, 0.0, 1.0, 0.0, 0.763972, 0.0, 0.0, 0.0, 1.0],
                [-0.980953, 0.0, 0.194243, -5e-06, 0.194243, 0.0, 0.980953, 0.001964, 0.0, 1.0, 0.0, 0.763972, 0.0, 0.0, 0.0, 1.0],
                [-0.980734, 0.0, 0.195348, -5e-06, 0.195348, 0.0, 0.980734, 0.002933, 0.0, 1.0, 0.0, 0.763972, 0.0, 0.0, 0.0, 1.0],
                [-0.980404, 0.0, 0.196997, -5e-06, 0.196997, 0.0, 0.980404, 0.004379, 0.0, 1.0, 0.0, 0.763972, 0.0, 0.0, 0.0, 1.0],
                [-0.979938, 0.0, 0.199303, -5e-06, 0.199303, 0.0, 0.979938, 0.006398, 0.0, 1.0, 0.0, 0.763972, 0.0, 0.0, 0.0, 1.0],
                [-0.979308, 0.0, 0.202377, -5e-06, 0.202377, 0.0, 0.979308, 0.009084, 0.0, 1.0, 0.0, 0.763972, 0.0, 0.0, 0.0, 1.0],
                [-0.978482, 0.0, 0.206334, -5e-06, 0.206334, 0.0, 0.978482, 0.012533, 0.0, 1.0, 0.0, 0.763972, 0.0, 0.0, 0.0, 1.0],
                [-0.977423, 0.0, 0.211291, -5e-06, 0.211291, 0.0, 0.977423, 0.01684, 0.0, 1.0, 0.0, 0.763972, 0.0, 0.0, 0.0, 1.0],
                [-0.97609, 0.0, 0.217368, -5e-06, 0.217368, 0.0, 0.97609, 0.022101, 0.0, 1.0, 0.0, 0.763972, 0.0, 0.0, 0.0, 1.0],
                [-0.97443, 0.0, 0.22469, -5e-06, 0.22469, 0.0, 0.97443, 0.028411, 0.0, 1.0, 0.0, 0.763972, 0.0, 0.0, 0.0, 1.0],
                [-0.972384, 0.0, 0.233386, -5e-06, 0.233386, 0.0, 0.972384, 0.035865, 0.0, 1.0, 0.0, 0.763972, 0.0, 0.0, 0.0, 1.0],
                [-0.969878, 0.0, 0.24359, -5e-06, 0.24359, 0.0, 0.969878, 0.044559, 0.0, 1.0, 0.0, 0.763972, 0.0, 0.0, 0.0, 1.0],
                [-0.966824, 0.0, 0.255442, -5e-06, 0.255442, 0.0, 0.966824, 0.054588, 0.0, 1.0, 0.0, 0.763972, 0.0, 0.0, 0.0, 1.0],
                [-0.963115, 0.0, 0.269089, -5e-06, 0.269089, 0.0, 0.963115, 0.066047, 0.0, 1.0, 0.0, 0.763972, 0.0, 0.0, 0.0, 1.0],
                [-0.958622, 0.0, 0.284684, -5e-06, 0.284684, 0.0, 0.958622, 0.079032, 0.0, 1.0, 0.0, 0.763972, 0.0, 0.0, 0.0, 1.0],
                [-0.953186, 0.0, 0.302385, -5e-06, 0.302385, 0.0, 0.953186, 0.093639, 0.0, 1.0, 0.0, 0.763972, 0.0, 0.0, 0.0, 1.0],
                [-0.946618, 0.0, 0.322358, -5e-06, 0.322358, 0.0, 0.946618, 0.109962, 0.0, 1.0, 0.0, 0.763972, 0.0, 0.0, 0.0, 1.0],
                [-0.938686, 0.0, 0.344772, -5e-06, 0.344772, 0.0, 0.938686, 0.128096, 0.0, 1.0, 0.0, 0.763972, 0.0, 0.0, 0.0, 1.0],
                [-0.929114, 0.0, 0.369794, -5e-06, 0.369794, 0.0, 0.929114, 0.148138, 0.0, 1.0, 0.0, 0.763972, 0.0, 0.0, 0.0, 1.0],
                [-0.9146, 0.0, 0.40436, -5e-06, 0.40436, 0.0, 0.9146, 0.17535, 0.0, 1.0, 0.0, 0.763972, 0.0, 0.0, 0.0, 1.0],
                [-0.890677, 0.0, 0.454637, -5e-06, 0.454637, 0.0, 0.890677, 0.214135, 0.0, 1.0, 0.0, 0.763972, 0.0, 0.0, 0.0, 1.0],
                [-0.854509, 0.0, 0.519437, -5e-06, 0.519437, 0.0, 0.854509, 0.263306, 0.0, 1.0, 0.0, 0.763972, 0.0, 0.0, 0.0, 1.0],
                [-0.802326, 0.0, 0.596886, -5e-06, 0.596886, 0.0, 0.802326, 0.321673, 0.0, 1.0, 0.0, 0.763972, 0.0, 0.0, 0.0, 1.0],
                [-0.729669, 0.0, 0.6838, -5e-06, 0.6838, 0.0, 0.729669, 0.388046, 0.0, 1.0, 0.0, 0.763972, 0.0, 0.0, 0.0, 1.0],
                [-0.631967, 0.0, 0.774995, -5e-06, 0.774995, 0.0, 0.631967, 0.461236, 0.0, 1.0, 0.0, 0.763972, 0.0, 0.0, 0.0, 1.0],
                [-0.505624, 0.0, 0.862754, -5e-06, 0.862754, 0.0, 0.505624, 0.540053, 0.0, 1.0, 0.0, 0.763972, 0.0, 0.0, 0.0, 1.0],
                [-0.349648, 0.0, 0.936881, -5e-06, 0.936881, 0.0, 0.349648, 0.623309, 0.0, 1.0, 0.0, 0.763972, 0.0, 0.0, 0.0, 1.0],
                [-0.167439, 0.0, 0.985882, -5e-06, 0.985882, 0.0, 0.167439, 0.709813, 0.0, 1.0, 0.0, 0.763972, 0.0, 0.0, 0.0, 1.0],
                [0.032143, 0.0, 0.999483, -5e-06, 0.999483, 0.0, -0.032143, 0.798376, 0.0, 1.0, 0.0, 0.763972, 0.0, 0.0, 0.0, 1.0],
                [0.235554, 0.0, 0.971861, -5e-06, 0.971861, 0.0, -0.235554, 0.88781, 0.0, 1.0, 0.0, 0.763972, 0.0, 0.0, 0.0, 1.0],
                [0.427527, 0.0, 0.904002, -5e-06, 0.904002, 0.0, -0.427527, 0.976924, 0.0, 1.0, 0.0, 0.763972, 0.0, 0.0, 0.0, 1.0],
                [0.595077, 0.0, 0.803668, -5e-06, 0.803668, 0.0, -0.595077, 1.064529, 0.0, 1.0, 0.0, 0.763972, 0.0, 0.0, 0.0, 1.0],
                [0.730533, 0.0, 0.682877, -5e-06, 0.682877, 0.0, -0.730533, 1.149435, 0.0, 1.0, 0.0, 0.763972, 0.0, 0.0, 0.0, 1.0],
                [0.832259, 0.0, 0.554387, -5e-06, 0.554387, 0.0, -0.832259, 1.230454, 0.0, 1.0, 0.0, 0.763972, 0.0, 0.0, 0.0, 1.0],
                [0.90333, 0.0, 0.428947, -5e-06, 0.428947, 0.0, -0.90333, 1.306396, 0.0, 1.0, 0.0, 0.763972, 0.0, 0.0, 0.0, 1.0],
                [0.94939, 0.0, 0.314099, -5e-06, 0.314099, 0.0, -0.94939, 1.376071, 0.0, 1.0, 0.0, 0.763972, 0.0, 0.0, 0.0, 1.0],
                [0.976767, 0.0, 0.214303, -5e-06, 0.214303, 0.0, -0.976767, 1.43829, 0.0, 1.0, 0.0, 0.763972, 0.0, 0.0, 0.0, 1.0],
                [0.991288, 0.0, 0.131712, -5e-06, 0.131712, 0.0, -0.991288, 1.491863, 0.0, 1.0, 0.0, 0.763972, 0.0, 0.0, 0.0, 1.0],
                [0.997747, 0.0, 0.067085, -5e-06, 0.067085, 0.0, -0.997747, 1.535602, 0.0, 1.0, 0.0, 0.763972, 0.0, 0.0, 0.0, 1.0],
                [0.999789, 0.0, 0.02056, -5e-06, 0.02056, 0.0, -0.999789, 1.568317, 0.0, 1.0, 0.0, 0.763972, 0.0, 0.0, 0.0, 1.0],
                [0.99997, 0.0, -0.007771, -5e-06, -0.007771, 0.0, -0.99997, 1.588818, 0.0, 1.0, 0.0, 0.763972, 0.0, 0.0, 0.0, 1.0],
                [0.999848, 0.0, -0.01743, -5e-06, -0.01743, 0.0, -0.999848, 1.595916, 0.0, 1.0, 0.0, 0.763972, 0.0, 0.0, 0.0, 1.0],
                [0.999848, 0.0, -0.01743, -5e-06, -0.01743, 0.0, -0.999848, 1.595916, 0.0, 1.0, 0.0, 0.763972, 0.0, 0.0, 0.0, 1.0],
                [0.999848, 0.0, -0.01743, -5e-06, -0.01743, 0.0, -0.999848, 1.595916, 0.0, 1.0, 0.0, 0.763972, 0.0, 0.0, 0.0, 1.0],
                [0.999848, 0.0, -0.01743, -5e-06, -0.01743, 0.0, -0.999848, 1.595916, 0.0, 1.0, 0.0, 0.763972, 0.0, 0.0, 0.0, 1.0],
                [0.999848, 0.0, -0.01743, -5e-06, -0.01743, 0.0, -0.999848, 1.595916, 0.0, 1.0, 0.0, 0.763972, 0.0, 0.0, 0.0, 1.0],
                [0.999848, 0.0, -0.01743, -5e-06, -0.01743, 0.0, -0.999848, 1.595916, 0.0, 1.0, 0.0, 0.763972, 0.0, 0.0, 0.0, 1.0],
                [0.999848, 0.0, -0.01743, -5e-06, -0.01743, 0.0, -0.999848, 1.595916, 0.0, 1.0, 0.0, 0.763972, 0.0, 0.0, 0.0, 1.0],
                [0.999848, 0.0, -0.01743, -5e-06, -0.01743, 0.0, -0.999848, 1.595916, 0.0, 1.0, 0.0, 0.763972, 0.0, 0.0, 0.0, 1.0],
                [0.999848, 0.0, -0.01743, -5e-06, -0.01743, 0.0, -0.999848, 1.595916, 0.0, 1.0, 0.0, 0.763972, 0.0, 0.0, 0.0, 1.0],
                [0.999848, 0.0, -0.01743, -5e-06, -0.01743, 0.0, -0.999848, 1.595916, 0.0, 1.0, 0.0, 0.763972, 0.0, 0.0, 0.0, 1.0],
                [0.999848, 0.0, -0.01743, -5e-06, -0.01743, 0.0, -0.999848, 1.595916, 0.0, 1.0, 0.0, 0.763972, 0.0, 0.0, 0.0, 1.0],
                [0.999848, 0.0, -0.01743, -5e-06, -0.01743, 0.0, -0.999848, 1.595916, 0.0, 1.0, 0.0, 0.763972, 0.0, 0.0, 0.0, 1.0],
                [0.999848, 0.0, -0.01743, -5e-06, -0.01743, 0.0, -0.999848, 1.595916, 0.0, 1.0, 0.0, 0.763972, 0.0, 0.0, 0.0, 1.0],
                [0.999848, 0.0, -0.01743, -5e-06, -0.01743, 0.0, -0.999848, 1.595916, 0.0, 1.0, 0.0, 0.763972, 0.0, 0.0, 0.0, 1.0],
                [0.999848, 0.0, -0.01743, -5e-06, -0.01743, 0.0, -0.999848, 1.595916, 0.0, 1.0, 0.0, 0.763972, 0.0, 0.0, 0.0, 1.0],
                [0.999848, 0.0, -0.01743, -5e-06, -0.01743, 0.0, -0.999848, 1.595916, 0.0, 1.0, 0.0, 0.763972, 0.0, 0.0, 0.0, 1.0],
                [0.999848, 0.0, -0.01743, -5e-06, -0.01743, 0.0, -0.999848, 1.595916, 0.0, 1.0, 0.0, 0.763972, 0.0, 0.0, 0.0, 1.0],
                [0.999848, 0.0, -0.01743, -5e-06, -0.01743, 0.0, -0.999848, 1.595916, 0.0, 1.0, 0.0, 0.763972, 0.0, 0.0, 0.0, 1.0],
                [0.999848, 0.0, -0.01743, -5e-06, -0.01743, 0.0, -0.999848, 1.595916, 0.0, 1.0, 0.0, 0.763972, 0.0, 0.0, 0.0, 1.0],
                [0.999848, 0.0, -0.01743, -5e-06, -0.01743, 0.0, -0.999848, 1.595916, 0.0, 1.0, 0.0, 0.763972, 0.0, 0.0, 0.0, 1.0],
                [0.999848, 0.0, -0.01743, -5e-06, -0.01743, 0.0, -0.999848, 1.595916, 0.0, 1.0, 0.0, 0.763972, 0.0, 0.0, 0.0, 1.0],
                [0.999848, 0.0, -0.01743, -5e-06, -0.01743, 0.0, -0.999848, 1.595916, 0.0, 1.0, 0.0, 0.763972, 0.0, 0.0, 0.0, 1.0],
                [0.999848, 0.0, -0.01743, -5e-06, -0.01743, 0.0, -0.999848, 1.595916, 0.0, 1.0, 0.0, 0.763972, 0.0, 0.0, 0.0, 1.0],
                [0.999848, 0.0, -0.01743, -5e-06, -0.01743, 0.0, -0.999848, 1.595916, 0.0, 1.0, 0.0, 0.763972, 0.0, 0.0, 0.0, 1.0],
                [0.999848, 0.0, -0.01743, -5e-06, -0.01743, 0.0, -0.999848, 1.595916, 0.0, 1.0, 0.0, 0.763972, 0.0, 0.0, 0.0, 1.0],
                [0.999848, 0.0, -0.01743, -5e-06, -0.01743, 0.0, -0.999848, 1.595916, 0.0, 1.0, 0.0, 0.763972, 0.0, 0.0, 0.0, 1.0],
                [0.999848, 0.0, -0.01743, -5e-06, -0.01743, 0.0, -0.999848, 1.595916, 0.0, 1.0, 0.0, 0.763972, 0.0, 0.0, 0.0, 1.0],
                [0.999848, 0.0, -0.01743, -5e-06, -0.01743, 0.0, -0.999848, 1.595916, 0.0, 1.0, 0.0, 0.763972, 0.0, 0.0, 0.0, 1.0],
                [0.999848, 0.0, -0.01743, -5e-06, -0.01743, 0.0, -0.999848, 1.595916, 0.0, 1.0, 0.0, 0.763972, 0.0, 0.0, 0.0, 1.0],
                [0.999848, 0.0, -0.01743, -5e-06, -0.01743, 0.0, -0.999848, 1.595916, 0.0, 1.0, 0.0, 0.763972, 0.0, 0.0, 0.0, 1.0],
                [0.999848, 0.0, -0.01743, -5e-06, -0.01743, 0.0, -0.999848, 1.595916, 0.0, 1.0, 0.0, 0.763972, 0.0, 0.0, 0.0, 1.0],
                [0.999848, 0.0, -0.01743, -5e-06, -0.01743, 0.0, -0.999848, 1.595916, 0.0, 1.0, 0.0, 0.763972, 0.0, 0.0, 0.0, 1.0],
                [0.999848, 0.0, -0.01743, -5e-06, -0.01743, 0.0, -0.999848, 1.595916, 0.0, 1.0, 0.0, 0.763972, 0.0, 0.0, 0.0, 1.0],
                [0.999848, 0.0, -0.01743, -5e-06, -0.01743, 0.0, -0.999848, 1.595916, 0.0, 1.0, 0.0, 0.763972, 0.0, 0.0, 0.0, 1.0],
                [0.999848, 0.0, -0.01743, -5e-06, -0.01743, 0.0, -0.999848, 1.595916, 0.0, 1.0, 0.0, 0.763972, 0.0, 0.0, 0.0, 1.0],
                [0.999848, 0.0, -0.01743, -5e-06, -0.01743, 0.0, -0.999848, 1.595916, 0.0, 1.0, 0.0, 0.763972, 0.0, 0.0, 0.0, 1.0],
                [0.999848, 0.0, -0.01743, -5e-06, -0.01743, 0.0, -0.999848, 1.595916, 0.0, 1.0, 0.0, 0.763972, 0.0, 0.0, 0.0, 1.0],
                [0.999848, 0.0, -0.01743, -5e-06, -0.01743, 0.0, -0.999848, 1.595916, 0.0, 1.0, 0.0, 0.763972, 0.0, 0.0, 0.0, 1.0],
                [0.999848, 0.0, -0.01743, -5e-06, -0.01743, 0.0, -0.999848, 1.595916, 0.0, 1.0, 0.0, 0.763972, 0.0, 0.0, 0.0, 1.0],
                [0.999848, 0.0, -0.01743, -5e-06, -0.01743, 0.0, -0.999848, 1.595916, 0.0, 1.0, 0.0, 0.763972, 0.0, 0.0, 0.0, 1.0],
                [0.999848, 0.0, -0.01743, -5e-06, -0.01743, 0.0, -0.999848, 1.595916, 0.0, 1.0, 0.0, 0.763972, 0.0, 0.0, 0.0, 1.0],
                [0.999848, 0.0, -0.01743, -5e-06, -0.01743, 0.0, -0.999848, 1.595916, 0.0, 1.0, 0.0, 0.763972, 0.0, 0.0, 0.0, 1.0],
                [0.999848, 0.0, -0.01743, -5e-06, -0.01743, 0.0, -0.999848, 1.595916, 0.0, 1.0, 0.0, 0.763972, 0.0, 0.0, 0.0, 1.0],
                [0.999848, 0.0, -0.01743, -5e-06, -0.01743, 0.0, -0.999848, 1.595916, 0.0, 1.0, 0.0, 0.763972, 0.0, 0.0, 0.0, 1.0],
                [0.999848, 0.0, -0.01743, -5e-06, -0.01743, 0.0, -0.999848, 1.595916, 0.0, 1.0, 0.0, 0.763972, 0.0, 0.0, 0.0, 1.0],
                [0.999848, 0.0, -0.01743, -5e-06, -0.01743, 0.0, -0.999848, 1.595916, 0.0, 1.0, 0.0, 0.763972, 0.0, 0.0, 0.0, 1.0],
                [0.999848, 0.0, -0.01743, -5e-06, -0.01743, 0.0, -0.999848, 1.595916, 0.0, 1.0, 0.0, 0.763972, 0.0, 0.0, 0.0, 1.0],
                [0.999848, 0.0, -0.01743, -5e-06, -0.01743, 0.0, -0.999848, 1.595916, 0.0, 1.0, 0.0, 0.763972, 0.0, 0.0, 0.0, 1.0],
                [0.999848, 0.0, -0.01743, -1.9e-05, -0.01743, 0.0, -0.999848, 1.595098, 0.0, 1.0, 0.0, 0.763972, 0.0, 0.0, 0.0, 1.0],
                [0.999848, 0.0, -0.01743, -6.1e-05, -0.01743, 0.0, -0.999848, 1.592707, 0.0, 1.0, 0.0, 0.763972, 0.0, 0.0, 0.0, 1.0],
                [0.999848, 0.0, -0.01743, -0.000128, -0.01743, 0.0, -0.999848, 1.58883, 0.0, 1.0, 0.0, 0.763972, 0.0, 0.0, 0.0, 1.0],
                [0.999848, 0.0, -0.01743, -0.00022, -0.01743, 0.0, -0.999848, 1.583559, 0.0, 1.0, 0.0, 0.763972, 0.0, 0.0, 0.0, 1.0],
                [0.999848, 0.0, -0.01743, -0.000335, -0.01743, 0.0, -0.999848, 1.576983, 0.0, 1.0, 0.0, 0.763972, 0.0, 0.0, 0.0, 1.0],
                [0.999848, 0.0, -0.01743, -0.00047, -0.01743, 0.0, -0.999848, 1.569192, 0.0, 1.0, 0.0, 0.763972, 0.0, 0.0, 0.0, 1.0],
                [0.999848, 0.0, -0.01743, -0.000626, -0.01743, 0.0, -0.999848, 1.560277, 0.0, 1.0, 0.0, 0.763972, 0.0, 0.0, 0.0, 1.0],
                [0.999848, 0.0, -0.01743, -0.000799, -0.01743, 0.0, -0.999848, 1.550327, 0.0, 1.0, 0.0, 0.763972, 0.0, 0.0, 0.0, 1.0],
                [0.999848, 0.0, -0.01743, -0.000989, -0.01743, 0.0, -0.999848, 1.539432, 0.0, 1.0, 0.0, 0.763972, 0.0, 0.0, 0.0, 1.0],
                [0.999848, 0.0, -0.01743, -0.001194, -0.01743, 0.0, -0.999848, 1.527683, 0.0, 1.0, 0.0, 0.763972, 0.0, 0.0, 0.0, 1.0],
                [0.999848, 0.0, -0.01743, -0.001412, -0.01743, 0.0, -0.999848, 1.515168, 0.0, 1.0, 0.0, 0.763972, 0.0, 0.0, 0.0, 1.0],
                [0.999848, 0.0, -0.01743, -0.001642, -0.01743, 0.0, -0.999848, 1.501979, 0.0, 1.0, 0.0, 0.763972, 0.0, 0.0, 0.0, 1.0],
                [0.999848, 0.0, -0.01743, -0.001882, -0.01743, 0.0, -0.999848, 1.488205, 0.0, 1.0, 0.0, 0.763972, 0.0, 0.0, 0.0, 1.0],
                [0.999848, 0.0, -0.01743, -0.002131, -0.01743, 0.0, -0.999848, 1.473936, 0.0, 1.0, 0.0, 0.763972, 0.0, 0.0, 0.0, 1.0],
                [0.999848, 0.0, -0.01743, -0.002387, -0.01743, 0.0, -0.999848, 1.459262, 0.0, 1.0, 0.0, 0.763972, 0.0, 0.0, 0.0, 1.0],
                [0.999848, 0.0, -0.01743, -0.002648, -0.01743, 0.0, -0.999848, 1.444273, 0.0, 1.0, 0.0, 0.763972, 0.0, 0.0, 0.0, 1.0],
                [0.999848, 0.0, -0.01743, -0.002913, -0.01743, 0.0, -0.999848, 1.42906, 0.0, 1.0, 0.0, 0.763972, 0.0, 0.0, 0.0, 1.0],
                [0.999848, 0.0, -0.01743, -0.003181, -0.01743, 0.0, -0.999848, 1.413711, 0.0, 1.0, 0.0, 0.763972, 0.0, 0.0, 0.0, 1.0],
                [0.999848, 0.0, -0.01743, -0.003449, -0.01743, 0.0, -0.999848, 1.398317, 0.0, 1.0, 0.0, 0.763972, 0.0, 0.0, 0.0, 1.0],
                [0.999848, 0.0, -0.01743, -0.003717, -0.01743, 0.0, -0.999848, 1.382969, 0.0, 1.0, 0.0, 0.763972, 0.0, 0.0, 0.0, 1.0],
                [0.999848, 0.0, -0.01743, -0.003982, -0.01743, 0.0, -0.999848, 1.367755, 0.0, 1.0, 0.0, 0.763972, 0.0, 0.0, 0.0, 1.0],
                [0.999848, 0.0, -0.01743, -0.004243, -0.01743, 0.0, -0.999848, 1.352766, 0.0, 1.0, 0.0, 0.763972, 0.0, 0.0, 0.0, 1.0],
                [0.999848, 0.0, -0.01743, -0.004499, -0.01743, 0.0, -0.999848, 1.338092, 0.0, 1.0, 0.0, 0.763972, 0.0, 0.0, 0.0, 1.0],
                [0.999848, 0.0, -0.01743, -0.004748, -0.01743, 0.0, -0.999848, 1.323823, 0.0, 1.0, 0.0, 0.763972, 0.0, 0.0, 0.0, 1.0],
                [0.999848, 0.0, -0.01743, -0.004988, -0.01743, 0.0, -0.999848, 1.310049, 0.0, 1.0, 0.0, 0.763972, 0.0, 0.0, 0.0, 1.0],
                [0.999848, 0.0, -0.01743, -0.005218, -0.01743, 0.0, -0.999848, 1.29686, 0.0, 1.0, 0.0, 0.763972, 0.0, 0.0, 0.0, 1.0],
                [0.999848, 0.0, -0.01743, -0.005436, -0.01743, 0.0, -0.999848, 1.284346, 0.0, 1.0, 0.0, 0.763972, 0.0, 0.0, 0.0, 1.0],
                [0.999848, 0.0, -0.01743, -0.005641, -0.01743, 0.0, -0.999848, 1.272596, 0.0, 1.0, 0.0, 0.763972, 0.0, 0.0, 0.0, 1.0],
                [0.999848, 0.0, -0.01743, -0.005831, -0.01743, 0.0, -0.999848, 1.261701, 0.0, 1.0, 0.0, 0.763972, 0.0, 0.0, 0.0, 1.0],
                [0.999848, 0.0, -0.01743, -0.006004, -0.01743, 0.0, -0.999848, 1.251751, 0.0, 1.0, 0.0, 0.763972, 0.0, 0.0, 0.0, 1.0],
                [0.999848, 0.0, -0.01743, -0.00616, -0.01743, 0.0, -0.999848, 1.242836, 0.0, 1.0, 0.0, 0.763972, 0.0, 0.0, 0.0, 1.0],
                [0.999848, 0.0, -0.01743, -0.006295, -0.01743, 0.0, -0.999848, 1.235045, 0.0, 1.0, 0.0, 0.763972, 0.0, 0.0, 0.0, 1.0],
                [0.999848, 0.0, -0.01743, -0.00641, -0.01743, 0.0, -0.999848, 1.228469, 0.0, 1.0, 0.0, 0.763972, 0.0, 0.0, 0.0, 1.0],
                [0.999848, 0.0, -0.01743, -0.006502, -0.01743, 0.0, -0.999848, 1.223198, 0.0, 1.0, 0.0, 0.763972, 0.0, 0.0, 0.0, 1.0],
                [0.999848, 0.0, -0.01743, -0.006569, -0.01743, 0.0, -0.999848, 1.219322, 0.0, 1.0, 0.0, 0.763972, 0.0, 0.0, 0.0, 1.0],
                [0.999848, 0.0, -0.01743, -0.006611, -0.01743, 0.0, -0.999848, 1.21693, 0.0, 1.0, 0.0, 0.763972, 0.0, 0.0, 0.0, 1.0],
                [0.999848, 0.0, -0.01743, -0.006625, -0.01743, 0.0, -0.999848, 1.216112, 0.0, 1.0, 0.0, 0.763972, 0.0, 0.0, 0.0, 1.0]
            ]
        },
        {
            "name": "Thigh_R",
            "time": [0.0, 0.0167, 0.0333, 0.05, 0.0667, 0.0833, 0.1, 0.1167, 0.1333, 0.15, 0.1667, 0.1833, 0.2, 0.2167, 0.2333, 0.25, 0.2667, 0.2833, 0.3, 0.3167, 0.3333, 0.35, 0.3667, 0.3833, 0.4, 0.4167, 0.4333, 0.45, 0.4667, 0.4833, 0.5, 0.5167, 0.5333, 0.55, 0.5667, 0.5833, 0.6, 0.6167, 0.6333, 0.65, 0.6667, 0.6833, 0.7, 0.7167, 0.7333, 0.75, 0.7667, 0.7833, 0.8, 0.8167, 0.8333, 0.85, 0.8667, 0.8833, 0.9, 0.9167, 0.9333, 0.95, 0.9667, 0.9833, 1.0, 1.0167, 1.0333, 1.05, 1.0667, 1.0833, 1.1, 1.1167, 1.1333, 1.15, 1.1667, 1.1833, 1.2, 1.2167, 1.2333, 1.25, 1.2667, 1.2833, 1.3, 1.3167, 1.3333, 1.35, 1.3667, 1.3833, 1.4, 1.4167, 1.4333, 1.45, 1.4667, 1.4833, 1.5, 1.5167, 1.5333, 1.55, 1.5667, 1.5833, 1.6, 1.6167, 1.6333, 1.65, 1.6667, 1.6833, 1.7, 1.7167, 1.7333, 1.75, 1.7667, 1.7833, 1.8, 1.8167, 1.8333, 1.85, 1.8667, 1.8833, 1.9, 1.9167, 1.9333, 1.95, 1.9667, 1.9833, 2.0, 2.0167, 2.0333, 2.05, 2.0667, 2.0833, 2.1, 2.1167, 2.1333],
            "transform": [
                [0.978763, 0.134252, -0.154916, 0.124478, 0.061658, -0.913514, -0.402107, -0.005881, -0.195501, 0.384015, -0.902392, -0.008301, 0.0, 0.0, 0.0, 1.0],
                [0.978763, 0.134252, -0.154916, 0.124479, 0.061658, -0.913514, -0.402107, -0.005881, -0.195501, 0.384015, -0.902392, -0.008301, 0.0, 0.0, 0.0, 1.0],
                [0.978763, 0.134252, -0.154916, 0.124478, 0.061658, -0.913514, -0.402107, -0.005881, -0.195501, 0.384015, -0.902392, -0.008301, 0.0, 0.0, 0.0, 1.0],
                [0.978763, 0.134252, -0.154916, 0.124478, 0.061658, -0.913514, -0.402107, -0.005881, -0.195501, 0.384015, -0.902392, -0.008301, 0.0, 0.0, 0.0, 1.0],
                [0.978763, 0.134252, -0.154916, 0.124479, 0.061658, -0.913514, -0.402107, -0.005881, -0.195501, 0.384015, -0.902392, -0.008301, 0.0, 0.0, 0.0, 1.0],
                [0.978763, 0.134252, -0.154916, 0.124479, 0.061658, -0.913514, -0.402107, -0.005881, -0.195501, 0.384015, -0.902392, -0.008301, 0.0, 0.0, 0.0, 1.0],
                [0.978763, 0.134252, -0.154916, 0.124479, 0.061658, -0.913514, -0.402107, -0.005881, -0.195501, 0.384015, -0.902392, -0.008301, 0.0, 0.0, 0.0, 1.0],
                [0.978763, 0.134252, -0.154916, 0.124479, 0.061658, -0.913514, -0.402107, -0.005881, -0.195501, 0.384015, -0.902392, -0.008301, 0.0, 0.0, 0.0, 1.0],
                [0.978763, 0.134252, -0.154916, 0.124479, 0.061658, -0.913514, -0.402107, -0.005881, -0.195501, 0.384015, -0.902392, -0.008301, 0.0, 0.0, 0.0, 1.0],
                [0.978763, 0.134252, -0.154916, 0.124479, 0.061658, -0.913514, -0.402107, -0.005881, -0.195501, 0.384015, -0.902392, -0.008301, 0.0, 0.0, 0.0, 1.0],
                [0.978763, 0.134252, -0.154916, 0.124479, 0.061658, -0.913514, -0.402107, -0.005881, -0.195501, 0.384015, -0.902392, -0.008301, 0.0, 0.0, 0.0, 1.0],
                [0.978763, 0.134252, -0.154916, 0.124479, 0.061658, -0.913514, -0.402107, -0.005881, -0.195501, 0.384015, -0.902392, -0.008301, 0.0, 0.0, 0.0, 1.0],
                [0.978763, 0.134252, -0.154916, 0.124479, 0.061658, -0.913514, -0.402107, -0.005881, -0.195501, 0.384015, -0.902392, -0.008301, 0.0, 0.0, 0.0, 1.0],
                [0.978763, 0.134252, -0.154916, 0.124479, 0.061658, -0.913514, -0.402107, -0.005881, -0.195501, 0.384015, -0.902392, -0.008301, 0.0, 0.0, 0.0, 1.0],
                [0.978763, 0.134252, -0.154916, 0.124479, 0.061658, -0.913514, -0.402107, -0.005881, -0.195501, 0.384015, -0.902392, -0.008301, 0.0, 0.0, 0.0, 1.0],
                [0.978763, 0.134252, -0.154916, 0.124479, 0.061658, -0.913514, -0.402107, -0.005881, -0.195501, 0.384015, -0.902392, -0.008301, 0.0, 0.0, 0.0, 1.0],
                [0.978763, 0.134252, -0.154916, 0.124479, 0.061658, -0.913514, -0.402107, -0.005881, -0.195501, 0.384015, -0.902392, -0.008301, 0.0, 0.0, 0.0, 1.0],
                [0.978763, 0.134252, -0.154916, 0.124479, 0.061658, -0.913514, -0.402107, -0.005881, -0.195501, 0.384015, -0.902392, -0.008301, 0.0, 0.0, 0.0, 1.0],
                [0.978763, 0.134252, -0.154916, 0.124479, 0.061658, -0.913514, -0.402107, -0.005881, -0.195501, 0.384015, -0.902392, -0.008301, 0.0, 0.0, 0.0, 1.0],
                [0.978763, 0.134252, -0.154916, 0.124479, 0.061658, -0.913514, -0.402107, -0.005881, -0.195501, 0.384015, -0.902392, -0.008301, 0.0, 0.0, 0.0, 1.0],
                [0.978763, 0.134252, -0.154916, 0.124479, 0.061658, -0.913514, -0.402107, -0.005881, -0.195501, 0.384015, -0.902392, -0.008301, 0.0, 0.0, 0.0, 1.0],
                [0.978763, 0.134252, -0.154916, 0.124479, 0.061658, -0.913514, -0.402107, -0.005881, -0.195501, 0.384015, -0.902392, -0.008301, 0.0, 0.0, 0.0, 1.0],
                [0.978763, 0.134252, -0.154916, 0.124479, 0.061658, -0.913514, -0.402107, -0.005881, -0.195501, 0.384015, -0.902392, -0.008301, 0.0, 0.0, 0.0, 1.0],
                [0.978763, 0.134252, -0.154916, 0.124479, 0.061658, -0.913514, -0.402107, -0.005881, -0.195501, 0.384015, -0.902392, -0.008301, 0.0, 0.0, 0.0, 1.0],
                [0.978763, 0.134252, -0.154916, 0.124478, 0.061658, -0.913514, -0.402107, -0.005881, -0.195501, 0.384015, -0.902392, -0.008301, 0.0, 0.0, 0.0, 1.0],
                [0.978763, 0.134252, -0.154916, 0.124478, 0.061658, -0.913514, -0.402107, -0.005881, -0.195501, 0.384015, -0.902392, -0.008301, 0.0, 0.0, 0.0, 1.0],
                [0.978763, 0.134252, -0.154916, 0.124478, 0.061658, -0.913514, -0.402107, -0.005881, -0.195501, 0.384015, -0.902392, -0.008301, 0.0, 0.0, 0.0, 1.0],
                [0.978763, 0.134252, -0.154916, 0.124479, 0.061658, -0.913514, -0.402107, -0.005881, -0.195501, 0.384015, -0.902392, -0.008301, 0.0, 0.0, 0.0, 1.0],
                [0.978763, 0.134252, -0.154916, 0.124479, 0.061658, -0.913514, -0.402107, -0.005881, -0.195501, 0.384015, -0.902392, -0.008301, 0.0, 0.0, 0.0, 1.0],
                [0.978763, 0.134252, -0.154916, 0.124479, 0.061658, -0.913514, -0.402107, -0.005881, -0.195501, 0.384015, -0.902392, -0.008301, 0.0, 0.0, 0.0, 1.0],
                [0.978763, 0.134252, -0.154916, 0.124478, 0.061658, -0.913514, -0.402107, -0.005881, -0.195501, 0.384015, -0.902392, -0.008301, 0.0, 0.0, 0.0, 1.0],
                [0.978763, 0.134252, -0.154916, 0.124478, 0.061658, -0.913514, -0.402107, -0.005881, -0.195501, 0.384015, -0.902392, -0.008301, 0.0, 0.0, 0.0, 1.0],
                [0.978763, 0.134252, -0.154916, 0.124478, 0.061658, -0.913514, -0.402107, -0.005881, -0.195501, 0.384015, -0.902392, -0.008301, 0.0, 0.0, 0.0, 1.0],
                [0.978763, 0.134252, -0.154916, 0.124478, 0.061658, -0.913514, -0.402107, -0.005881, -0.195501, 0.384015, -0.902392, -0.008301, 0.0, 0.0, 0.0, 1.0],
                [0.978763, 0.134252, -0.154916, 0.124479, 0.061658, -0.913514, -0.402107, -0.005881, -0.195501, 0.384015, -0.902392, -0.008301, 0.0, 0.0, 0.0, 1.0],
                [0.978763, 0.134252, -0.154916, 0.124479, 0.061658, -0.913514, -0.402107, -0.005881, -0.195501, 0.384015, -0.902392, -0.008301, 0.0, 0.0, 0.0, 1.0],
                [0.978763, 0.134252, -0.154916, 0.124478, 0.061658, -0.913514, -0.402107, -0.005881, -0.195501, 0.384015, -0.902392, -0.008301, 0.0, 0.0, 0.0, 1.0],
                [0.978763, 0.134252, -0.154916, 0.124479, 0.061658, -0.913514, -0.402107, -0.005881, -0.195501, 0.384015, -0.902392, -0.008301, 0.0, 0.0, 0.0, 1.0],
                [0.978763, 0.134252, -0.154916, 0.124479, 0.061658, -0.913514, -0.402107, -0.005881, -0.195501, 0.384015, -0.902392, -0.008301, 0.0, 0.0, 0.0, 1.0],
                [0.978763, 0.134252, -0.154916, 0.124479, 0.061658, -0.913514, -0.402107, -0.005881, -0.195501, 0.384015, -0.902392, -0.008301, 0.0, 0.0, 0.0, 1.0],
                [0.978763, 0.134252, -0.154916, 0.124479, 0.061658, -0.913514, -0.402107, -0.005881, -0.195501, 0.384015, -0.902392, -0.008301, 0.0, 0.0, 0.0, 1.0],
                [0.978763, 0.134252, -0.154916, 0.124479, 0.061658, -0.913514, -0.402107, -0.005881, -0.195501, 0.384015, -0.902392, -0.008301, 0.0, 0.0, 0.0, 1.0],
                [0.978763, 0.134252, -0.154916, 0.124479, 0.061658, -0.913514, -0.402107, -0.005881, -0.195501, 0.384015, -0.902392, -0.008301, 0.0, 0.0, 0.0, 1.0],
                [0.978763, 0.134252, -0.154916, 0.124479, 0.061658, -0.913514, -0.402107, -0.005881, -0.195501, 0.384015, -0.902392, -0.008301, 0.0, 0.0, 0.0, 1.0],
                [0.978763, 0.134252, -0.154916, 0.124479, 0.061658, -0.913514, -0.402107, -0.005881, -0.195501, 0.384015, -0.902392, -0.008301, 0.0, 0.0, 0.0, 1.0],
                [0.978763, 0.134252, -0.154916, 0.124479, 0.061658, -0.913514, -0.402107, -0.005881, -0.195501, 0.384015, -0.902392, -0.008301, 0.0, 0.0, 0.0, 1.0],
                [0.978763, 0.134252, -0.154916, 0.124479, 0.061658, -0.913514, -0.402107, -0.005881, -0.195501, 0.384015, -0.902392, -0.008301, 0.0, 0.0, 0.0, 1.0],
                [0.978763, 0.134252, -0.154916, 0.124479, 0.061658, -0.913514, -0.402107, -0.005881, -0.195501, 0.384015, -0.902392, -0.008301, 0.0, 0.0, 0.0, 1.0],
                [0.978763, 0.134252, -0.154916, 0.124479, 0.061658, -0.913514, -0.402107, -0.005881, -0.195501, 0.384015, -0.902392, -0.008301, 0.0, 0.0, 0.0, 1.0],
                [0.978763, 0.134252, -0.154916, 0.124479, 0.061658, -0.913514, -0.402107, -0.005881, -0.195501, 0.384015, -0.902392, -0.008301, 0.0, 0.0, 0.0, 1.0],
                [0.978763, 0.134252, -0.154916, 0.124479, 0.061658, -0.913514, -0.402107, -0.005881, -0.195501, 0.384015, -0.902392, -0.008301, 0.0, 0.0, 0.0, 1.0],
                [0.978763, 0.134252, -0.154916, 0.124479, 0.061658, -0.913514, -0.402107, -0.005881, -0.195501, 0.384015, -0.902392, -0.008301, 0.0, 0.0, 0.0, 1.0],
                [0.978763, 0.134252, -0.154916, 0.124479, 0.061658, -0.913514, -0.402107, -0.005881, -0.195501, 0.384015, -0.902392, -0.008301, 0.0, 0.0, 0.0, 1.0],
                [0.978763, 0.134252, -0.154916, 0.124479, 0.061658, -0.913514, -0.402107, -0.005881, -0.195501, 0.384015, -0.902392, -0.008301, 0.0, 0.0, 0.0, 1.0],
                [0.978763, 0.134252, -0.154916, 0.124479, 0.061658, -0.913514, -0.402107, -0.005881, -0.195501, 0.384015, -0.902392, -0.008301, 0.0, 0.0, 0.0, 1.0],
                [0.978763, 0.134252, -0.154916, 0.124479, 0.061658, -0.913514, -0.402107, -0.005881, -0.195501, 0.384015, -0.902392, -0.008301, 0.0, 0.0, 0.0, 1.0],
                [0.978763, 0.134252, -0.154916, 0.124479, 0.061658, -0.913514, -0.402107, -0.005881, -0.195501, 0.384015, -0.902392, -0.008301, 0.0, 0.0, 0.0, 1.0],
                [0.978763, 0.134252, -0.154916, 0.124479, 0.061658, -0.913514, -0.402107, -0.005881, -0.195501, 0.384015, -0.902392, -0.008301, 0.0, 0.0, 0.0, 1.0],
                [0.978763, 0.134252, -0.154916, 0.124479, 0.061658, -0.913514, -0.402107, -0.005881, -0.195501, 0.384015, -0.902392, -0.008301, 0.0, 0.0, 0.0, 1.0],
                [0.978763, 0.134252, -0.154916, 0.124479, 0.061658, -0.913514, -0.402107, -0.005881, -0.195501, 0.384015, -0.902392, -0.008301, 0.0, 0.0, 0.0, 1.0],
                [0.978763, 0.134252, -0.154916, 0.124479, 0.061658, -0.913514, -0.402107, -0.005881, -0.195501, 0.384015, -0.902392, -0.008301, 0.0, 0.0, 0.0, 1.0],
                [0.978763, 0.134252, -0.154916, 0.124479, 0.061658, -0.913514, -0.402107, -0.005881, -0.195501, 0.384015, -0.902392, -0.008301, 0.0, 0.0, 0.0, 1.0],
                [0.978763, 0.134252, -0.154916, 0.124479, 0.061658, -0.913514, -0.402107, -0.005881, -0.195501, 0.384015, -0.902392, -0.008301, 0.0, 0.0, 0.0, 1.0],
                [0.978763, 0.134252, -0.154916, 0.124479, 0.061658, -0.913514, -0.402107, -0.005881, -0.195501, 0.384015, -0.902392, -0.008301, 0.0, 0.0, 0.0, 1.0],
                [0.978763, 0.134252, -0.154916, 0.124479, 0.061658, -0.913514, -0.402107, -0.005881, -0.195501, 0.384015, -0.902392, -0.008301, 0.0, 0.0, 0.0, 1.0],
                [0.978763, 0.134252, -0.154916, 0.124479, 0.061658, -0.913514, -0.402107, -0.005881, -0.195501, 0.384015, -0.902392, -0.008301, 0.0, 0.0, 0.0, 1.0],
                [0.978763, 0.134252, -0.154916, 0.124479, 0.061658, -0.913514, -0.402107, -0.005881, -0.195501, 0.384015, -0.902392, -0.008301, 0.0, 0.0, 0.0, 1.0],
                [0.978763, 0.134252, -0.154916, 0.124479, 0.061658, -0.913514, -0.402107, -0.005881, -0.195501, 0.384015, -0.902392, -0.008301, 0.0, 0.0, 0.0, 1.0],
                [0.978763, 0.134252, -0.154916, 0.124479, 0.061658, -0.913514, -0.402107, -0.005881, -0.195501, 0.384015, -0.902392, -0.008301, 0.0, 0.0, 0.0, 1.0],
                [0.978763, 0.134252, -0.154916, 0.124479, 0.061658, -0.913514, -0.402107, -0.005881, -0.195501, 0.384015, -0.902392, -0.008301, 0.0, 0.0, 0.0, 1.0],
                [0.978763, 0.134252, -0.154916, 0.124479, 0.061658, -0.913514, -0.402107, -0.005881, -0.195501, 0.384015, -0.902392, -0.008301, 0.0, 0.0, 0.0, 1.0],
                [0.978763, 0.134252, -0.154916, 0.124479, 0.061658, -0.913514, -0.402107, -0.005881, -0.195501, 0.384015, -0.902392, -0.008301, 0.0, 0.0, 0.0, 1.0],
                [0.978763, 0.134252, -0.154916, 0.124479, 0.061658, -0.913514, -0.402107, -0.005881, -0.195501, 0.384015, -0.902392, -0.008301, 0.0, 0.0, 0.0, 1.0],
                [0.978763, 0.134252, -0.154916, 0.124479, 0.061658, -0.913514, -0.402107, -0.005881, -0.195501, 0.384015, -0.902392, -0.008301, 0.0, 0.0, 0.0, 1.0],
                [0.978763, 0.134252, -0.154916, 0.124479, 0.061658, -0.913514, -0.402107, -0.005881, -0.195501, 0.384015, -0.902392, -0.008301, 0.0, 0.0, 0.0, 1.0],
                [0.978763, 0.134252, -0.154916, 0.124479, 0.061658, -0.913514, -0.402107, -0.005881, -0.195501, 0.384015, -0.902392, -0.008301, 0.0, 0.0, 0.0, 1.0],
                [0.978763, 0.134252, -0.154916, 0.124479, 0.061658, -0.913514, -0.402107, -0.005881, -0.195501, 0.384015, -0.902392, -0.008301, 0.0, 0.0, 0.0, 1.0],
                [0.978763, 0.134252, -0.154916, 0.124479, 0.061658, -0.913514, -0.402107, -0.005881, -0.195501, 0.384015, -0.902392, -0.008301, 0.0, 0.0, 0.0, 1.0],
                [0.978763, 0.134252, -0.154916, 0.124479, 0.061658, -0.913514, -0.402107, -0.005881, -0.195501, 0.384015, -0.902392, -0.008301, 0.0, 0.0, 0.0, 1.0],
                [0.978763, 0.134252, -0.154916, 0.124479, 0.061658, -0.913514, -0.402107, -0.005881, -0.195501, 0.384015, -0.902392, -0.008301, 0.0, 0.0, 0.0, 1.0],
