{
    "armature": {
        "joints": ["Root", "Thigh_R", "Leg_R", "Knee_R", "Thigh_L", "Leg_L", "Knee_L", "Torso", "Chest", "Head", "Shoulder_R", "Arm_R", "Hand_R", "Tool_R", "Elbow_R", "Shoulder_L", "Arm_L", "Hand_L", "Tool_L", "Elbow_L"],
        "hierarchy": [
            {
                "name": "Root",
                "transform": [1.0, 0.0, 0.0, -5e-06, 0.0, 0.0, -1.0, 0.000946, 0.0, 1.0, 0.0, 0.763972, 0.0, 0.0, 0.0, 1.0],
                "children": [
                    {
                        "name": "Thigh_R",
                        "transform": [1.0, -0.0, -0.0, 0.124994, -0.0, -1.0, 0.0, -0.002831, -0.0, -0.0, -1.0, -1.2e-05, 0.0, 0.0, 0.0, 1.0],
                        "children": [
                            {
                                "name": "Leg_R",
                                "transform": [1.0, 0.0, 1e-06, 0.0, -0.0, 1.0, 0.0, 0.37472, -1e-06, -0.0, 1.0, -0.0, 0.0, 0.0, 0.0, 1.0],
                                "children": []
                            },
                            {
                                "name": "Knee_R",
                                "transform": [1.0, 0.0, -0.0, 0.0, -0.0, 0.0, -1.0, 0.37472, -0.0, 1.0, 0.0, -0.0, 0.0, 0.0, 0.0, 1.0],
                                "children": []
                            }
                        ]
                    },
                    {
                        "name": "Thigh_L",
                        "transform": [1.0, -0.0, -0.0, -0.125006, -0.0, -1.0, 0.0, -0.002831, -0.0, -0.0, -1.0, -1.2e-05, 0.0, 0.0, 0.0, 1.0],
                        "children": [
                            {
                                "name": "Leg_L",
                                "transform": [1.0, 0.0, 1e-06, -0.0, -0.0, 1.0, 0.0, 0.37472, -1e-06, -0.0, 1.0, 0.0, 0.0, 0.0, 0.0, 1.0],
                                "children": []
                            },
                            {
                                "name": "Knee_L",
                                "transform": [1.0, 0.0, -0.0, -0.0, -0.0, 0.0, -1.0, 0.37472, -0.0, 1.0, 0.0, 0.0, 0.0, 0.0, 0.0, 1.0],
                                "children": []
                            }
                        ]
                    },
                    {
                        "name": "Torso",
                        "transform": [1.0, 0.0, 0.0, 0.0, 0.0, 1.0, 0.0, 0.05, 0.0, 0.0, 1.0, 0.0, 0.0, 0.0, 0.0, 1.0],
                        "children": [
                            {
                                "name": "Chest",
                                "transform": [1.0, 0.0, 0.0, 0.0, 0.0, 1.0, 0.0, 0.3, 0.0, 0.0, 1.0, 0.0, 0.0, 0.0, 0.0, 1.0],
                                "children": [
                                    {
                                        "name": "Head",
                                        "transform": [1.0, 0.0, 0.0, 0.0, 0.0, 1.0, 0.0, 0.4, 0.0, 0.0, 1.0, 0.0, 0.0, 0.0, 0.0, 1.0],
                                        "children": []
                                    },
                                    {
                                        "name": "Shoulder_R",
                                        "transform": [0.0, 0.952114, 0.305743, 0.0, 0.0, -0.305743, 0.952114, 0.4, 1.0, 0.0, -0.0, 0.0, 0.0, 0.0, 0.0, 1.0],
                                        "children": [
                                            {
                                                "name": "Arm_R",
                                                "transform": [0.0, -0.0, -1.0, -0.0, 0.952114, 0.305743, 0.0, 0.39386, 0.305743, -0.952114, 0.0, 0.0, 0.0, 0.0, 0.0, 1.0],
                                                "children": [
                                                    {
                                                        "name": "Hand_R",
                                                        "transform": [1.0, 0.0, 0.0, 0.0, -0.0, 0.993938, 0.109947, 0.3, -0.0, -0.109947, 0.993937, 0.0, 0.0, 0.0, 0.0, 1.0],
                                                        "children": [
                                                            {
                                                                "name": "Tool_R",
                                                                "transform": [1.0, 0.0, 0.0, -0.0, 0.0, -0.999836, 0.018122, 0.272858, 0.0, -0.018122, -0.999836, 0.0, 0.0, 0.0, 0.0, 1.0],
                                                                "children": []
                                                            }
                                                        ]
                                                    },
                                                    {
                                                        "name": "Elbow_R",
                                                        "transform": [-1.0, 0.0, -0.0, 0.0, 0.0, 0.0, -1.0, 0.3, -0.0, -1.0, -0.0, 0.0, 0.0, 0.0, 0.0, 1.0],
                                                        "children": []
                                                    }
                                                ]
                                            }
                                        ]
                                    },
                                    {
                                        "name": "Shoulder_L",
                                        "transform": [-0.0, -0.952114, -0.305743, 0.0, 0.0, -0.305743, 0.952114, 0.4, -1.0, 0.0, 0.0, 0.0, 0.0, 0.0, 0.0, 1.0],
                                        "children": [
                                            {
                                                "name": "Arm_L",
                                                "transform": [-0.0, -0.0, 1.0, -0.0, -0.952114, 0.305743, -0.0, 0.39386, -0.305743, -0.952114, -0.0, 0.0, 0.0, 0.0, 0.0, 1.0],
                                                "children": [
                                                    {
                                                        "name": "Hand_L",
                                                        "transform": [1.0, -0.0, 0.0, -0.0, 0.0, 0.993937, 0.109947, 0.3, -0.0, -0.109947, 0.993937, 0.0, 0.0, 0.0, 0.0, 1.0],
                                                        "children": [
                                                            {
                                                                "name": "Tool_L",
                                                                "transform": [1.0, 0.0, 0.0, -0.0, -0.0, -0.999836, 0.018122, 0.272858, 0.0, -0.018122, -0.999836, -0.0, 0.0, 0.0, 0.0, 1.0],
                                                                "children": []
                                                            }
                                                        ]
                                                    },
                                                    {
                                                        "name": "Elbow_L",
                                                        "transform": [-1.0, 0.0, -0.0, -0.0, 0.0, -0.0, -1.0, 0.3, -0.0, -1.0, 0.0, 0.0, 0.0, 0.0, 0.0, 1.0],
                                                        "children": []
                                                    }
                                                ]
                                            }
                                        ]
                                    }
                                ]
                            }
                        ]
                    }
                ]
            }
        ]
    },
    "animation": [
        {
            "name": "Root",
            "time": [0.0, 0.0167, 0.0333, 0.05, 0.0667, 0.0833, 0.1, 0.1167, 0.1333, 0.15, 0.1667, 0.1833, 0.2, 0.2167, 0.2333, 0.25, 0.2667, 0.2833, 0.3, 0.3167, 0.3333, 0.35, 0.3667, 0.3833, 0.4, 0.4167, 0.4333, 0.45, 0.4667, 0.4833, 0.5, 0.5167, 0.5333, 0.55, 0.5667, 0.5833, 0.6, 0.6167, 0.6333, 0.65, 0.6667, 0.6833, 0.7, 0.7167, 0.7333, 0.75, 0.7667, 0.7833, 0.8, 0.8167, 0.8333, 0.85, 0.8667, 0.8833, 0.9, 0.9167, 0.9333, 0.95, 0.9667, 0.9833, 1.0, 1.0167, 1.0333, 1.05, 1.0667],
            "transform": [
                [1.0, 0.0, 0.0, -5e-06, 0.0, 0.0, -1.0, 0.000946, 0.0, 1.0, 0.0, 0.763972, 0.0, 0.0, 0.0, 1.0],
                [1.0, 0.0, 0.0, -5e-06, 0.0, 0.0, -1.0, 0.004353, 0.0, 1.0, 0.0, 0.763972, 0.0, 0.0, 0.0, 1.0],
                [1.0, 0.0, 0.0, -5e-06, 0.0, 0.0, -1.0, 0.01339, 0.0, 1.0, 0.0, 0.763972, 0.0, 0.0, 0.0, 1.0],
                [1.0, 0.0, 0.0, -5e-06, 0.0, 0.0, -1.0, 0.026282, 0.0, 1.0, 0.0, 0.763972, 0.0, 0.0, 0.0, 1.0],
                [1.0, 0.0, 0.0, -5e-06, 0.0, 0.0, -1.0, 0.041255, 0.0, 1.0, 0.0, 0.763972, 0.0, 0.0, 0.0, 1.0],
                [1.0, 0.0, 0.0, -5e-06, 0.0, 0.0, -1.0, 0.056533, 0.0, 1.0, 0.0, 0.763972, 0.0, 0.0, 0.0, 1.0],
                [1.0, 0.0, 0.0, -5e-06, 0.0, 0.0, -1.0, 0.070341, 0.0, 1.0, 0.0, 0.763972, 0.0, 0.0, 0.0, 1.0],
                [1.0, 0.0, 0.0, -5e-06, 0.0, 0.0, -1.0, 0.083405, 0.0, 1.0, 0.0, 0.763972, 0.0, 0.0, 0.0, 1.0],
                [1.0, 0.0, 0.0, -5e-06, 0.0, 0.0, -1.0, 0.106445, 0.0, 1.0, 0.0, 0.763972, 0.0, 0.0, 0.0, 1.0],
                [1.0, 0.0, 0.0, -5e-06, 0.0, 0.0, -1.0, 0.152682, 0.0, 1.0, 0.0, 0.763972, 0.0, 0.0, 0.0, 1.0],
                [1.0, 0.0, 0.0, -5e-06, 0.0, 0.0, -1.0, 0.230976, 0.0, 1.0, 0.0, 0.763972, 0.0, 0.0, 0.0, 1.0],
                [1.0, 0.0, 0.0, -5e-06, 0.0, 0.0, -1.0, 0.332741, 0.0, 1.0, 0.0, 0.763972, 0.0, 0.0, 0.0, 1.0],
                [1.0, 0.0, 0.0, -5e-06, 0.0, 0.0, -1.0, 0.445033, 0.0, 1.0, 0.0, 0.763972, 0.0, 0.0, 0.0, 1.0],
                [1.0, 0.0, 0.0, -5e-06, 0.0, 0.0, -1.0, 0.554906, 0.0, 1.0, 0.0, 0.763972, 0.0, 0.0, 0.0, 1.0],
                [1.0, 0.0, 0.0, -5e-06, 0.0, 0.0, -1.0, 0.649415, 0.0, 1.0, 0.0, 0.763972, 0.0, 0.0, 0.0, 1.0],
                [1.0, 0.0, 0.0, -5e-06, 0.0, 0.0, -1.0, 0.715613, 0.0, 1.0, 0.0, 0.763972, 0.0, 0.0, 0.0, 1.0],
                [1.0, 0.0, 0.0, -5e-06, 0.0, 0.0, -1.0, 0.740556, 0.0, 1.0, 0.0, 0.763972, 0.0, 0.0, 0.0, 1.0],
                [1.0, 0.0, 0.0, -5e-06, 0.0, 0.0, -1.0, 0.740556, 0.0, 1.0, 0.0, 0.763972, 0.0, 0.0, 0.0, 1.0],
                [1.0, 0.0, 0.0, -5e-06, 0.0, 0.0, -1.0, 0.740556, 0.0, 1.0, 0.0, 0.763972, 0.0, 0.0, 0.0, 1.0],
                [1.0, 0.0, 0.0, -5e-06, 0.0, 0.0, -1.0, 0.740556, 0.0, 1.0, 0.0, 0.763972, 0.0, 0.0, 0.0, 1.0],
                [1.0, 0.0, 0.0, -5e-06, 0.0, 0.0, -1.0, 0.740556, 0.0, 1.0, 0.0, 0.763972, 0.0, 0.0, 0.0, 1.0],
                [1.0, 0.0, 0.0, -5e-06, 0.0, 0.0, -1.0, 0.740556, 0.0, 1.0, 0.0, 0.763972, 0.0, 0.0, 0.0, 1.0],
                [1.0, 0.0, 0.0, -5e-06, 0.0, 0.0, -1.0, 0.740556, 0.0, 1.0, 0.0, 0.763972, 0.0, 0.0, 0.0, 1.0],
                [1.0, 0.0, 0.0, -5e-06, 0.0, 0.0, -1.0, 0.740556, 0.0, 1.0, 0.0, 0.763972, 0.0, 0.0, 0.0, 1.0],
                [1.0, 0.0, 0.0, -5e-06, 0.0, 0.0, -1.0, 0.740556, 0.0, 1.0, 0.0, 0.763972, 0.0, 0.0, 0.0, 1.0],
                [1.0, 0.0, 0.0, -5e-06, 0.0, 0.0, -1.0, 0.740556, 0.0, 1.0, 0.0, 0.763972, 0.0, 0.0, 0.0, 1.0],
                [1.0, 0.0, 0.0, -5e-06, 0.0, 0.0, -1.0, 0.740556, 0.0, 1.0, 0.0, 0.763972, 0.0, 0.0, 0.0, 1.0],
                [1.0, 0.0, 0.0, -5e-06, 0.0, 0.0, -1.0, 0.740556, 0.0, 1.0, 0.0, 0.763972, 0.0, 0.0, 0.0, 1.0],
                [1.0, 0.0, 0.0, -5e-06, 0.0, 0.0, -1.0, 0.740556, 0.0, 1.0, 0.0, 0.763972, 0.0, 0.0, 0.0, 1.0],
                [1.0, 0.0, 0.0, -5e-06, 0.0, 0.0, -1.0, 0.740556, 0.0, 1.0, 0.0, 0.763972, 0.0, 0.0, 0.0, 1.0],
                [1.0, 0.0, 0.0, -5e-06, 0.0, 0.0, -1.0, 0.740556, 0.0, 1.0, 0.0, 0.763972, 0.0, 0.0, 0.0, 1.0],
                [1.0, 0.0, 0.0, -5e-06, 0.0, 0.0, -1.0, 0.740556, 0.0, 1.0, 0.0, 0.763972, 0.0, 0.0, 0.0, 1.0],
                [1.0, 0.0, 0.0, -5e-06, 0.0, 0.0, -1.0, 0.740556, 0.0, 1.0, 0.0, 0.763972, 0.0, 0.0, 0.0, 1.0],
                [1.0, 0.0, 0.0, -5e-06, 0.0, 0.0, -1.0, 0.740556, 0.0, 1.0, 0.0, 0.763972, 0.0, 0.0, 0.0, 1.0],
                [1.0, 0.0, 0.0, -5e-06, 0.0, 0.0, -1.0, 0.740556, 0.0, 1.0, 0.0, 0.763972, 0.0, 0.0, 0.0, 1.0],
                [1.0, 0.0, 0.0, -5e-06, 0.0, 0.0, -1.0, 0.740556, 0.0, 1.0, 0.0, 0.763972, 0.0, 0.0, 0.0, 1.0],
                [1.0, 0.0, 0.0, -5e-06, 0.0, 0.0, -1.0, 0.740556, 0.0, 1.0, 0.0, 0.763972, 0.0, 0.0, 0.0, 1.0],
                [1.0, 0.0, 0.0, -5e-06, 0.0, 0.0, -1.0, 0.739231, 0.0, 1.0, 0.0, 0.763972, 0.0, 0.0, 0.0, 1.0],
                [1.0, 0.0, 0.0, -5e-06, 0.0, 0.0, -1.0, 0.735407, 0.0, 1.0, 0.0, 0.763972, 0.0, 0.0, 0.0, 1.0],
                [1.0, 0.0, 0.0, -5e-06, 0.0, 0.0, -1.0, 0.729311, 0.0, 1.0, 0.0, 0.763972, 0.0, 0.0, 0.0, 1.0],
                [1.0, 0.0, 0.0, -5e-06, 0.0, 0.0, -1.0, 0.721171, 0.0, 1.0, 0.0, 0.763972, 0.0, 0.0, 0.0, 1.0],
                [1.0, 0.0, 0.0, -5e-06, 0.0, 0.0, -1.0, 0.711213, 0.0, 1.0, 0.0, 0.763972, 0.0, 0.0, 0.0, 1.0],
                [1.0, 0.0, 0.0, -5e-06, 0.0, 0.0, -1.0, 0.699665, 0.0, 1.0, 0.0, 0.763972, 0.0, 0.0, 0.0, 1.0],
                [1.0, 0.0, 0.0, -5e-06, 0.0, 0.0, -1.0, 0.686754, 0.0, 1.0, 0.0, 0.763972, 0.0, 0.0, 0.0, 1.0],
                [1.0, 0.0, 0.0, -5e-06, 0.0, 0.0, -1.0, 0.672708, 0.0, 1.0, 0.0, 0.763972, 0.0, 0.0, 0.0, 1.0],
                [1.0, 0.0, 0.0, -5e-06, 0.0, 0.0, -1.0, 0.657752, 0.0, 1.0, 0.0, 0.763972, 0.0, 0.0, 0.0, 1.0],
                [1.0, 0.0, 0.0, -5e-06, 0.0, 0.0, -1.0, 0.642115, 0.0, 1.0, 0.0, 0.763972, 0.0, 0.0, 0.0, 1.0],
                [1.0, 0.0, 0.0, -5e-06, 0.0, 0.0, -1.0, 0.626024, 0.0, 1.0, 0.0, 0.763972, 0.0, 0.0, 0.0, 1.0],
                [1.0, 0.0, 0.0, -5e-06, 0.0, 0.0, -1.0, 0.609705, 0.0, 1.0, 0.0, 0.763972, 0.0, 0.0, 0.0, 1.0],
                [1.0, 0.0, 0.0, -5e-06, 0.0, 0.0, -1.0, 0.593387, 0.0, 1.0, 0.0, 0.763972, 0.0, 0.0, 0.0, 1.0],
                [1.0, 0.0, 0.0, -5e-06, 0.0, 0.0, -1.0, 0.577295, 0.0, 1.0, 0.0, 0.763972, 0.0, 0.0, 0.0, 1.0],
                [1.0, 0.0, 0.0, -5e-06, 0.0, 0.0, -1.0, 0.561659, 0.0, 1.0, 0.0, 0.763972, 0.0, 0.0, 0.0, 1.0],
                [1.0, 0.0, 0.0, -5e-06, 0.0, 0.0, -1.0, 0.546703, 0.0, 1.0, 0.0, 0.763972, 0.0, 0.0, 0.0, 1.0],
                [1.0, 0.0, 0.0, -5e-06, 0.0, 0.0, -1.0, 0.532656, 0.0, 1.0, 0.0, 0.763972, 0.0, 0.0, 0.0, 1.0],
                [1.0, 0.0, 0.0, -5e-06, 0.0, 0.0, -1.0, 0.519745, 0.0, 1.0, 0.0, 0.763972, 0.0, 0.0, 0.0, 1.0],
                [1.0, 0.0, 0.0, -5e-06, 0.0, 0.0, -1.0, 0.508197, 0.0, 1.0, 0.0, 0.763972, 0.0, 0.0, 0.0, 1.0],
                [1.0, 0.0, 0.0, -5e-06, 0.0, 0.0, -1.0, 0.49824, 0.0, 1.0, 0.0, 0.763972, 0.0, 0.0, 0.0, 1.0],
                [1.0, 0.0, 0.0, -5e-06, 0.0, 0.0, -1.0, 0.490099, 0.0, 1.0, 0.0, 0.763972, 0.0, 0.0, 0.0, 1.0],
                [1.0, 0.0, 0.0, -5e-06, 0.0, 0.0, -1.0, 0.484004, 0.0, 1.0, 0.0, 0.763972, 0.0, 0.0, 0.0, 1.0],
                [1.0, 0.0, 0.0, -5e-06, 0.0, 0.0, -1.0, 0.48018, 0.0, 1.0, 0.0, 0.763972, 0.0, 0.0, 0.0, 1.0],
                [1.0, 0.0, 0.0, -5e-06, 0.0, 0.0, -1.0, 0.478854, 0.0, 1.0, 0.0, 0.763972, 0.0, 0.0, 0.0, 1.0],
                [1.0, 0.0, 0.0, -5e-06, 0.0, 0.0, -1.0, 0.478854, 0.0, 1.0, 0.0, 0.763972, 0.0, 0.0, 0.0, 1.0],
                [1.0, 0.0, 0.0, -5e-06, 0.0, 0.0, -1.0, 0.478854, 0.0, 1.0, 0.0, 0.763972, 0.0, 0.0, 0.0, 1.0],
                [1.0, 0.0, 0.0, -5e-06, 0.0, 0.0, -1.0, 0.478854, 0.0, 1.0, 0.0, 0.763972, 0.0, 0.0, 0.0, 1.0],
                [1.0, 0.0, 0.0, -5e-06, 0.0, 0.0, -1.0, 0.478854, 0.0, 1.0, 0.0, 0.763972, 0.0, 0.0, 0.0, 1.0]
            ]
        },
        {
            "name": "Thigh_R",
            "time": [0.0, 0.0167, 0.0333, 0.05, 0.0667, 0.0833, 0.1, 0.1167, 0.1333, 0.15, 0.1667, 0.1833, 0.2, 0.2167, 0.2333, 0.25, 0.2667, 0.2833, 0.3, 0.3167, 0.3333, 0.35, 0.3667, 0.3833, 0.4, 0.4167, 0.4333, 0.45, 0.4667, 0.4833, 0.5, 0.5167, 0.5333, 0.55, 0.5667, 0.5833, 0.6, 0.6167, 0.6333, 0.65, 0.6667, 0.6833, 0.7, 0.7167, 0.7333, 0.75, 0.7667, 0.7833, 0.8, 0.8167, 0.8333, 0.85, 0.8667, 0.8833, 0.9, 0.9167, 0.9333, 0.95, 0.9667, 0.9833, 1.0, 1.0167, 1.0333, 1.05, 1.0667],
            "transform": [
                [0.992404, 0.078897, 0.094391, 0.124987, 0.070754, -0.993718, 0.086709, -0.003894, 0.100639, -0.079372, -0.991752, 0.000806, 0.0, 0.0, 0.0, 1.0],
                [0.992404, 0.079118, 0.094207, 0.124987, 0.070754, -0.993512, 0.089032, -0.003894, 0.100639, -0.08169, -0.991564, 0.000806, 0.0, 0.0, 0.0, 1.0],
                [0.992404, 0.079786, 0.093641, 0.124987, 0.070754, -0.992854, 0.096098, -0.003894, 0.100639, -0.088743, -0.990957, 0.000806, 0.0, 0.0, 0.0, 1.0],
                [0.992404, 0.080908, 0.092673, 0.124987, 0.070754, -0.991624, 0.108051, -0.003894, 0.100639, -0.100673, -0.989816, 0.000806, 0.0, 0.0, 0.0, 1.0],
                [0.992404, 0.082484, 0.091273, 0.124987, 0.070754, -0.989627, 0.12503, -0.003894, 0.100639, -0.117622, -0.987946, 0.000806, 0.0, 0.0, 0.0, 1.0],
                [0.992404, 0.084508, 0.089403, 0.124987, 0.070754, -0.986579, 0.147159, -0.003894, 0.100639, -0.139716, -0.985064, 0.000806, 0.0, 0.0, 0.0, 1.0],
                [0.992404, 0.086961, 0.087018, 0.124987, 0.070754, -0.982104, 0.174541, -0.003894, 0.100639, -0.167058, -0.980797, 0.000806, 0.0, 0.0, 0.0, 1.0],
                [0.992404, 0.089782, 0.084105, 0.124987, 0.070754, -0.975818, 0.206813, -0.003894, 0.100639, -0.199291, -0.974759, 0.000806, 0.0, 0.0, 0.0, 1.0],
                [0.992404, 0.092759, 0.08081, 0.124987, 0.070754, -0.967719, 0.241896, -0.003894, 0.100639, -0.234341, -0.966931, 0.000806, 0.0, 0.0, 0.0, 1.0],
                [0.992404, 0.095667, 0.077345, 0.124987, 0.070754, -0.958171, 0.277311, -0.003894, 0.100639, -0.269732, -0.957662, 0.000806, 0.0, 0.0, 0.0, 1.0],
                [0.992404, 0.098332, 0.073928, 0.124987, 0.070754, -0.94781, 0.310884, -0.003894, 0.100639, -0.303292, -0.947568, 0.000806, 0.0, 0.0, 0.0, 1.0],
                [0.992404, 0.100678, 0.070699, 0.124987, 0.070754, -0.937227, 0.341467, -0.003894, 0.100639, -0.333871, -0.937231, 0.000806, 0.0, 0.0, 0.0, 1.0],
                [0.992404, 0.102665, 0.067782, 0.124987, 0.070754, -0.927047, 0.368209, -0.003894, 0.100639, -0.360616, -0.927269, 0.000806, 0.0, 0.0, 0.0, 1.0],
                [0.992404, 0.104259, 0.065303, 0.124987, 0.070754, -0.917958, 0.390317, -0.003894, 0.100639, -0.382732, -0.918362, 0.000806, 0.0, 0.0, 0.0, 1.0],
                [0.992404, 0.105436, 0.063385, 0.124987, 0.070754, -0.910666, 0.40704, -0.003894, 0.100639, -0.399464, -0.911208, 0.000806, 0.0, 0.0, 0.0, 1.0],
                [0.992404, 0.106169, 0.06215, 0.124987, 0.070754, -0.905854, 0.417639, -0.003894, 0.100639, -0.41007, -0.906485, 0.000806, 0.0, 0.0, 0.0, 1.0],
                [0.992404, 0.106423, 0.061714, 0.124987, 0.070754, -0.904133, 0.421352, -0.003894, 0.100639, -0.413785, -0.904795, 0.000806, 0.0, 0.0, 0.0, 1.0],
                [0.992404, 0.106423, 0.061714, 0.124987, 0.070754, -0.904133, 0.421352, -0.003894, 0.100639, -0.413785, -0.904795, 0.000806, 0.0, 0.0, 0.0, 1.0],
                [0.992404, 0.106423, 0.061714, 0.124987, 0.070754, -0.904133, 0.421352, -0.003894, 0.100639, -0.413785, -0.904795, 0.000806, 0.0, 0.0, 0.0, 1.0],
                [0.992404, 0.106423, 0.061714, 0.124987, 0.070754, -0.904133, 0.421352, -0.003894, 0.100639, -0.413785, -0.904795, 0.000806, 0.0, 0.0, 0.0, 1.0],
                [0.992404, 0.106423, 0.061714, 0.124987, 0.070754, -0.904133, 0.421352, -0.003894, 0.100639, -0.413785, -0.904795, 0.000806, 0.0, 0.0, 0.0, 1.0],
                [0.992404, 0.106423, 0.061714, 0.124987, 0.070754, -0.904133, 0.421352, -0.003894, 0.100639, -0.413785, -0.904795, 0.000806, 0.0, 0.0, 0.0, 1.0],
                [0.992404, 0.106423, 0.061714, 0.124987, 0.070754, -0.904133, 0.421352, -0.003894, 0.100639, -0.413785, -0.904795, 0.000806, 0.0, 0.0, 0.0, 1.0],
                [0.992404, 0.106423, 0.061714, 0.124987, 0.070754, -0.904133, 0.421352, -0.003894, 0.100639, -0.413785, -0.904795, 0.000806, 0.0, 0.0, 0.0, 1.0],
                [0.992404, 0.106423, 0.061714, 0.124987, 0.070754, -0.904133, 0.421352, -0.003894, 0.100639, -0.413785, -0.904795, 0.000806, 0.0, 0.0, 0.0, 1.0],
                [0.992404, 0.106423, 0.061714, 0.124987, 0.070754, -0.904133, 0.421352, -0.003894, 0.100639, -0.413785, -0.904795, 0.000806, 0.0, 0.0, 0.0, 1.0],
                [0.992404, 0.106423, 0.061714, 0.124987, 0.070754, -0.904133, 0.421352, -0.003894, 0.100639, -0.413785, -0.904795, 0.000806, 0.0, 0.0, 0.0, 1.0],
                [0.992404, 0.106423, 0.061714, 0.124987, 0.070754, -0.904133, 0.421352, -0.003894, 0.100639, -0.413785, -0.904795, 0.000806, 0.0, 0.0, 0.0, 1.0],
                [0.992404, 0.106423, 0.061714, 0.124987, 0.070754, -0.904133, 0.421352, -0.003894, 0.100639, -0.413785, -0.904795, 0.000806, 0.0, 0.0, 0.0, 1.0],
                [0.992404, 0.106423, 0.061714, 0.124987, 0.070754, -0.904133, 0.421352, -0.003894, 0.100639, -0.413785, -0.904795, 0.000806, 0.0, 0.0, 0.0, 1.0],
                [0.992404, 0.106423, 0.061714, 0.124987, 0.070754, -0.904133, 0.421352, -0.003894, 0.100639, -0.413785, -0.904795, 0.000806, 0.0, 0.0, 0.0, 1.0],
                [0.992404, 0.106423, 0.061714, 0.124987, 0.070754, -0.904133, 0.421352, -0.003894, 0.100639, -0.413785, -0.904795, 0.000806, 0.0, 0.0, 0.0, 1.0],
                [0.992404, 0.106423, 0.061714, 0.124987, 0.070754, -0.904133, 0.421352, -0.003894, 0.100639, -0.413785, -0.904795, 0.000806, 0.0, 0.0, 0.0, 1.0],
                [0.992404, 0.106361, 0.06182, 0.124987, 0.070754, -0.904552, 0.420451, -0.003894, 0.100639, -0.412883, -0.905207, 0.000806, 0.0, 0.0, 0.0, 1.0],
                [0.992404, 0.106181, 0.062129, 0.124987, 0.070754, -0.90577, 0.417821, -0.003894, 0.100639, -0.410252, -0.906402, 0.000806, 0.0, 0.0, 0.0, 1.0],
                [0.992404, 0.105889, 0.062626, 0.124987, 0.070754, -0.907718, 0.413572, -0.003894, 0.100639, -0.405999, -0.908315, 0.000806, 0.0, 0.0, 0.0, 1.0],
                [0.992404, 0.105489, 0.063297, 0.124987, 0.070754, -0.910324, 0.407804, -0.003894, 0.100639, -0.400228, -0.910873, 0.000806, 0.0, 0.0, 0.0, 1.0],
                [0.992404, 0.104988, 0.064125, 0.124987, 0.070754, -0.913507, 0.400622, -0.003894, 0.100639, -0.393041, -0.913997, 0.000806, 0.0, 0.0, 0.0, 1.0],
                [0.992404, 0.104388, 0.065097, 0.124987, 0.070754, -0.917187, 0.392124, -0.003894, 0.100639, -0.384539, -0.917606, 0.000806, 0.0, 0.0, 0.0, 1.0],
                [0.992404, 0.103694, 0.066197, 0.124987, 0.070754, -0.921279, 0.382411, -0.003894, 0.100639, -0.374823, -0.921618, 0.000806, 0.0, 0.0, 0.0, 1.0],
                [0.992404, 0.102911, 0.067408, 0.124987, 0.070754, -0.925698, 0.371586, -0.003894, 0.100639, -0.363994, -0.925948, 0.000806, 0.0, 0.0, 0.0, 1.0],
                [0.992404, 0.102043, 0.068714, 0.124987, 0.070754, -0.930362, 0.35975, -0.003894, 0.100639, -0.352156, -0.930515, 0.000806, 0.0, 0.0, 0.0, 1.0],
                [0.992404, 0.101095, 0.070102, 0.124987, 0.070754, -0.935188, 0.347011, -0.003894, 0.100639, -0.339416, -0.935237, 0.000806, 0.0, 0.0, 0.0, 1.0],
                [0.992404, 0.100073, 0.071553, 0.124987, 0.070754, -0.940099, 0.333478, -0.003894, 0.100639, -0.325882, -0.940039, 0.000806, 0.0, 0.0, 0.0, 1.0],
                [0.992404, 0.098982, 0.073054, 0.124987, 0.070754, -0.945021, 0.319262, -0.003894, 0.100639, -0.311668, -0.944846, 0.000806, 0.0, 0.0, 0.0, 1.0],
                [0.992404, 0.097831, 0.07459, 0.124987, 0.070754, -0.949887, 0.30448, -0.003894, 0.100639, -0.29689, -0.949594, 0.000806, 0.0, 0.0, 0.0, 1.0],
                [0.992404, 0.096625, 0.076145, 0.124987, 0.070754, -0.954634, 0.289252, -0.003894, 0.100639, -0.281667, -0.95422, 0.000806, 0.0, 0.0, 0.0, 1.0],
                [0.992404, 0.095375, 0.077705, 0.124987, 0.070754, -0.959209, 0.2737, -0.003894, 0.100639, -0.266123, -0.958671, 0.000806, 0.0, 0.0, 0.0, 1.0],
                [0.992404, 0.094089, 0.079257, 0.124987, 0.070754, -0.963564, 0.257949, -0.003894, 0.100639, -0.250382, -0.962902, 0.000806, 0.0, 0.0, 0.0, 1.0],
                [0.992404, 0.092778, 0.080788, 0.124987, 0.070754, -0.96766, 0.24213, -0.003894, 0.100639, -0.234575, -0.966875, 0.000806, 0.0, 0.0, 0.0, 1.0],
                [0.992404, 0.091453, 0.082285, 0.124987, 0.070754, -0.971467, 0.226372, -0.003894, 0.100639, -0.218831, -0.970559, 0.000806, 0.0, 0.0, 0.0, 1.0],
                [0.992404, 0.090126, 0.083737, 0.124987, 0.070754, -0.974963, 0.210809, -0.003894, 0.100639, -0.203283, -0.973934, 0.000806, 0.0, 0.0, 0.0, 1.0],
                [0.992404, 0.088808, 0.085132, 0.124987, 0.070754, -0.978133, 0.195573, -0.003894, 0.100639, -0.188064, -0.976987, 0.000806, 0.0, 0.0, 0.0, 1.0],
                [0.992404, 0.087514, 0.086462, 0.124987, 0.070754, -0.980971, 0.180799, -0.003894, 0.100639, -0.173308, -0.979712, 0.000806, 0.0, 0.0, 0.0, 1.0],
                [0.992404, 0.086257, 0.087716, 0.124987, 0.070754, -0.983479, 0.166622, -0.003894, 0.100639, -0.15915, -0.982111, 0.000806, 0.0, 0.0, 0.0, 1.0],
                [0.992404, 0.085051, 0.088886, 0.124987, 0.070754, -0.985662, 0.153176, -0.003894, 0.100639, -0.145723, -0.984193, 0.000806, 0.0, 0.0, 0.0, 1.0],
                [0.992404, 0.083911, 0.089963, 0.124987, 0.070754, -0.987536, 0.140594, -0.003894, 0.100639, -0.133161, -0.985972, 0.000806, 0.0, 0.0, 0.0, 1.0],
                [0.992404, 0.082851, 0.090941, 0.124987, 0.070754, -0.989116, 0.129008, -0.003894, 0.100639, -0.121594, -0.987465, 0.000806, 0.0, 0.0, 0.0, 1.0],
                [0.992404, 0.081885, 0.091811, 0.124987, 0.070754, -0.990424, 0.11855, -0.003894, 0.100639, -0.111154, -0.988694, 0.000806, 0.0, 0.0, 0.0, 1.0],
                [0.992404, 0.081029, 0.092567, 0.124987, 0.070754, -0.991482, 0.10935, -0.003894, 0.100639, -0.10197, -0.989684, 0.000806, 0.0, 0.0, 0.0, 1.0],
                [0.992404, 0.080298, 0.093203, 0.124987, 0.070754, -0.992312, 0.101538, -0.003894, 0.100639, -0.094172, -0.990456, 0.000806, 0.0, 0.0, 0.0, 1.0],
                [0.992404, 0.079705, 0.09371, 0.124987, 0.070754, -0.992936, 0.09524, -0.003894, 0.100639, -0.087886, -0.991034, 0.000806, 0.0, 0.0, 0.0, 1.0],
                [0.992404, 0.079265, 0.094083, 0.124987, 0.070754, -0.993372, 0.090585, -0.003894, 0.100639, -0.08324, -0.991435, 0.000806, 0.0, 0.0, 0.0, 1.0],
                [0.992404, 0.078991, 0.094313, 0.124987, 0.070754, -0.993631, 0.087699, -0.003894, 0.100639, -0.08036, -0.991672, 0.000806, 0.0, 0.0, 0.0, 1.0],
                [0.992404, 0.078897, 0.094391, 0.124987, 0.070754, -0.993718, 0.086709, -0.003894, 0.100639, -0.079372, -0.991752, 0.000806, 0.0, 0.0, 0.0, 1.0]
            ]
        },
        {
            "name": "Leg_R",
            "time": [0.0, 0.0167, 0.0333, 0.05, 0.0667, 0.0833, 0.1, 0.1167, 0.1333, 0.15, 0.1667, 0.1833, 0.2, 0.2167, 0.2333, 0.25, 0.2667, 0.2833, 0.3, 0.3167, 0.3333, 0.35, 0.3667, 0.3833, 0.4, 0.4167, 0.4333, 0.45, 0.4667, 0.4833, 0.5, 0.5167, 0.5333, 0.55, 0.5667, 0.5833, 0.6, 0.6167, 0.6333, 0.65, 0.6667, 0.6833, 0.7, 0.7167, 0.7333, 0.75, 0.7667, 0.7833, 0.8, 0.8167, 0.8333, 0.85, 0.8667, 0.8833, 0.9, 0.9167, 0.9333, 0.95, 0.9667, 0.9833, 1.0, 1.0167, 1.0333, 1.05, 1.0667],
            "transform": [
                [1.0, 0.0, 1e-06, 0.0, -0.0, 0.965926, 0.258819, 0.37472, -1e-06, -0.258819, 0.965926, -0.0, 0.0, 0.0, 0.0, 1.0],
                [1.0, 0.0, 1e-06, -0.0, -0.0, 0.965482, 0.260468, 0.37472, -1e-06, -0.260468, 0.965483, 0.0, 0.0, 0.0, 0.0, 1.0],
                [1.0, 0.0, 1e-06, 0.0, -0.0, 0.964236, 0.265046, 0.37472, -1e-06, -0.265046, 0.964236, -0.0, 0.0, 0.0, 0.0, 1.0],
                [1.0, 0.0, 1e-06, 0.0, -0.0, 0.962298, 0.271997, 0.37472, -1e-06, -0.271997, 0.962298, -0.0, 0.0, 0.0, 0.0, 1.0],
                [1.0, 0.0, 1e-06, -0.0, -0.0, 0.959777, 0.280764, 0.37472, -1e-06, -0.280764, 0.959777, 0.0, 0.0, 0.0, 0.0, 1.0],
                [1.0, 0.0, 1e-06, 0.0, -0.0, 0.956787, 0.290789, 0.37472, -1e-06, -0.290789, 0.956787, -0.0, 0.0, 0.0, 0.0, 1.0],
                [1.0, 0.0, 1e-06, -0.0, -0.0, 0.95346, 0.301519, 0.37472, -1e-06, -0.301519, 0.95346, 0.0, 0.0, 0.0, 0.0, 1.0],
                [1.0, 0.0, 1e-06, -0.0, -0.0, 0.949715, 0.313115, 0.37472, -1e-06, -0.313115, 0.949715, 0.0, 0.0, 0.0, 0.0, 1.0],
                [1.0, 0.0, 1e-06, 0.0, -0.0, 0.944483, 0.328559, 0.37472, -1e-06, -0.328559, 0.944483, -0.0, 0.0, 0.0, 0.0, 1.0],
                [1.0, 0.0, 1e-06, 0.0, -0.0, 0.936206, 0.351452, 0.37472, -1e-06, -0.351452, 0.936206, 0.0, 0.0, 0.0, 0.0, 1.0],
                [1.0, 0.0, 1e-06, 0.0, -0.0, 0.92402, 0.382345, 0.37472, -1e-06, -0.382345, 0.92402, -0.0, 0.0, 0.0, 0.0, 1.0],
                [1.0, 0.0, 1e-06, 0.0, -0.0, 0.911896, 0.410421, 0.37472, -1e-06, -0.410421, 0.911896, 0.0, 0.0, 0.0, 0.0, 1.0],
                [1.0, 0.0, 1e-06, 0.0, -0.0, 0.906308, 0.422619, 0.37472, -1e-06, -0.422619, 0.906308, -0.0, 0.0, 0.0, 0.0, 1.0],
                [1.0, 0.0, 1e-06, -0.0, -0.0, 0.906308, 0.422619, 0.37472, -1e-06, -0.422619, 0.906308, 0.0, 0.0, 0.0, 0.0, 1.0],
                [1.0, 0.0, 1e-06, -0.0, -0.0, 0.906308, 0.422619, 0.37472, -1e-06, -0.422619, 0.906308, -0.0, 0.0, 0.0, 0.0, 1.0],
                [1.0, 0.0, 1e-06, -0.0, -1e-06, 0.906308, 0.422619, 0.37472, -1e-06, -0.422619, 0.906308, -0.0, 0.0, 0.0, 0.0, 1.0],
                [1.0, 0.0, 1e-06, 0.0, -0.0, 0.906308, 0.422619, 0.37472, -1e-06, -0.422619, 0.906308, -0.0, 0.0, 0.0, 0.0, 1.0],
                [1.0, 0.0, 1e-06, 0.0, -0.0, 0.906308, 0.422619, 0.37472, -1e-06, -0.422619, 0.906308, -0.0, 0.0, 0.0, 0.0, 1.0],
                [1.0, 0.0, 1e-06, 0.0, -0.0, 0.906308, 0.422619, 0.37472, -1e-06, -0.422619, 0.906308, -0.0, 0.0, 0.0, 0.0, 1.0],
                [1.0, 0.0, 1e-06, 0.0, -0.0, 0.906308, 0.422619, 0.37472, -1e-06, -0.422619, 0.906308, -0.0, 0.0, 0.0, 0.0, 1.0],
                [1.0, 0.0, 1e-06, 0.0, -0.0, 0.906308, 0.422619, 0.37472, -1e-06, -0.422619, 0.906308, -0.0, 0.0, 0.0, 0.0, 1.0],
                [1.0, 0.0, 1e-06, 0.0, -0.0, 0.906308, 0.422619, 0.37472, -1e-06, -0.422619, 0.906308, -0.0, 0.0, 0.0, 0.0, 1.0],
                [1.0, 0.0, 1e-06, 0.0, -0.0, 0.906308, 0.422619, 0.37472, -1e-06, -0.422619, 0.906308, -0.0, 0.0, 0.0, 0.0, 1.0],
                [1.0, 0.0, 1e-06, 0.0, -0.0, 0.906308, 0.422619, 0.37472, -1e-06, -0.422619, 0.906308, -0.0, 0.0, 0.0, 0.0, 1.0],
                [1.0, 0.0, 1e-06, 0.0, -0.0, 0.906308, 0.422619, 0.37472, -1e-06, -0.422619, 0.906308, -0.0, 0.0, 0.0, 0.0, 1.0],
                [1.0, 0.0, 1e-06, 0.0, -0.0, 0.906308, 0.422619, 0.37472, -1e-06, -0.422619, 0.906308, -0.0, 0.0, 0.0, 0.0, 1.0],
                [1.0, 0.0, 1e-06, 0.0, -0.0, 0.906308, 0.422619, 0.37472, -1e-06, -0.422619, 0.906308, -0.0, 0.0, 0.0, 0.0, 1.0],
                [1.0, 0.0, 1e-06, 0.0, -0.0, 0.906308, 0.422619, 0.37472, -1e-06, -0.422619, 0.906308, -0.0, 0.0, 0.0, 0.0, 1.0],
                [1.0, 0.0, 1e-06, 0.0, -0.0, 0.906308, 0.422619, 0.37472, -1e-06, -0.422619, 0.906308, -0.0, 0.0, 0.0, 0.0, 1.0],
                [1.0, 0.0, 1e-06, 0.0, -0.0, 0.906308, 0.422619, 0.37472, -1e-06, -0.422619, 0.906308, -0.0, 0.0, 0.0, 0.0, 1.0],
                [1.0, 0.0, 1e-06, 0.0, -0.0, 0.906308, 0.422619, 0.37472, -1e-06, -0.422619, 0.906308, -0.0, 0.0, 0.0, 0.0, 1.0],
                [1.0, 0.0, 1e-06, 0.0, -0.0, 0.906308, 0.422619, 0.37472, -1e-06, -0.422619, 0.906308, -0.0, 0.0, 0.0, 0.0, 1.0],
                [1.0, 0.0, 1e-06, 0.0, -0.0, 0.906308, 0.422619, 0.37472, -1e-06, -0.422619, 0.906308, -0.0, 0.0, 0.0, 0.0, 1.0],
                [1.0, 0.0, 1e-06, 0.0, -0.0, 0.906519, 0.422165, 0.37472, -1e-06, -0.422165, 0.906519, -0.0, 0.0, 0.0, 0.0, 1.0],
                [1.0, 0.0, 1e-06, 0.0, -0.0, 0.907133, 0.420843, 0.37472, -1e-06, -0.420843, 0.907133, -0.0, 0.0, 0.0, 0.0, 1.0],
                [1.0, 0.0, 1e-06, 0.0, -0.0, 0.90812, 0.418709, 0.37472, -1e-06, -0.418709, 0.90812, 0.0, 0.0, 0.0, 0.0, 1.0],
                [1.0, 0.0, 1e-06, 0.0, -0.0, 0.909448, 0.415817, 0.37472, -1e-06, -0.415817, 0.909448, -0.0, 0.0, 0.0, 0.0, 1.0],
                [1.0, 0.0, 1e-06, 0.0, -0.0, 0.911083, 0.412223, 0.37472, -1e-06, -0.412223, 0.911083, 0.0, 0.0, 0.0, 0.0, 1.0],
                [1.0, 0.0, 1e-06, -0.0, -0.0, 0.912991, 0.407981, 0.37472, -1e-06, -0.407981, 0.912991, 0.0, 0.0, 0.0, 0.0, 1.0],
                [1.0, 0.0, 1e-06, -0.0, -0.0, 0.915137, 0.403144, 0.37472, -1e-06, -0.403144, 0.915137, -0.0, 0.0, 0.0, 0.0, 1.0],
                [1.0, 0.0, 1e-06, 0.0, -0.0, 0.917486, 0.397767, 0.37472, -1e-06, -0.397767, 0.917486, 0.0, 0.0, 0.0, 0.0, 1.0],
                [1.0, 0.0, 1e-06, -0.0, -0.0, 0.920005, 0.391906, 0.37472, -1e-06, -0.391906, 0.920005, 0.0, 0.0, 0.0, 0.0, 1.0],
                [1.0, 0.0, 1e-06, 0.0, -0.0, 0.92266, 0.385614, 0.37472, -1e-06, -0.385615, 0.92266, -0.0, 0.0, 0.0, 0.0, 1.0],
                [1.0, 0.0, 1e-06, 0.0, -0.0, 0.925417, 0.378949, 0.37472, -1e-06, -0.378949, 0.925417, -0.0, 0.0, 0.0, 0.0, 1.0],
                [1.0, 0.0, 1e-06, 0.0, -0.0, 0.928246, 0.371967, 0.37472, -1e-06, -0.371967, 0.928246, 0.0, 0.0, 0.0, 0.0, 1.0],
                [1.0, 0.0, 1e-06, -0.0, -0.0, 0.931116, 0.364724, 0.37472, -1e-06, -0.364724, 0.931116, 0.0, 0.0, 0.0, 0.0, 1.0],
                [1.0, 0.0, 1e-06, -0.0, -0.0, 0.933998, 0.357279, 0.37472, -1e-06, -0.357279, 0.933998, -0.0, 0.0, 0.0, 0.0, 1.0],
                [1.0, 0.0, 1e-06, -0.0, -0.0, 0.936865, 0.349692, 0.37472, -1e-06, -0.349692, 0.936865, 0.0, 0.0, 0.0, 0.0, 1.0],
                [1.0, 0.0, 1e-06, 0.0, -0.0, 0.939693, 0.342021, 0.37472, -1e-06, -0.342021, 0.939692, -0.0, 0.0, 0.0, 0.0, 1.0],
                [1.0, 0.0, 1e-06, 0.0, -0.0, 0.942457, 0.334326, 0.37472, -1e-06, -0.334326, 0.942457, -0.0, 0.0, 0.0, 0.0, 1.0],
                [1.0, 0.0, 1e-06, -0.0, -0.0, 0.945138, 0.326671, 0.37472, -1e-06, -0.326671, 0.945138, 0.0, 0.0, 0.0, 0.0, 1.0],
                [1.0, 0.0, 1e-06, 0.0, -0.0, 0.947716, 0.319115, 0.37472, -1e-06, -0.319115, 0.947716, 0.0, 0.0, 0.0, 0.0, 1.0],
                [1.0, 0.0, 1e-06, 0.0, -0.0, 0.950173, 0.311723, 0.37472, -1e-06, -0.311723, 0.950173, 0.0, 0.0, 0.0, 0.0, 1.0],
                [1.0, 0.0, 1e-06, 0.0, -0.0, 0.952495, 0.304555, 0.37472, -1e-06, -0.304555, 0.952495, -0.0, 0.0, 0.0, 0.0, 1.0],
                [1.0, 0.0, 1e-06, 0.0, -0.0, 0.954667, 0.297677, 0.37472, -1e-06, -0.297677, 0.954667, -0.0, 0.0, 0.0, 0.0, 1.0],
                [1.0, 0.0, 1e-06, 0.0, -0.0, 0.956677, 0.291151, 0.37472, -1e-06, -0.291151, 0.956677, -0.0, 0.0, 0.0, 0.0, 1.0],
                [1.0, 0.0, 1e-06, -0.0, -0.0, 0.958515, 0.285042, 0.37472, -1e-06, -0.285042, 0.958515, -0.0, 0.0, 0.0, 0.0, 1.0],
                [1.0, 0.0, 1e-06, 0.0, -0.0, 0.960171, 0.279413, 0.37472, -1e-06, -0.279413, 0.960171, -0.0, 0.0, 0.0, 0.0, 1.0],
                [1.0, 0.0, 1e-06, 0.0, -0.0, 0.961636, 0.274329, 0.37472, -1e-06, -0.274329, 0.961636, -0.0, 0.0, 0.0, 0.0, 1.0],
                [1.0, 0.0, 1e-06, -0.0, -0.0, 0.962902, 0.269852, 0.37472, -1e-06, -0.269852, 0.962902, 0.0, 0.0, 0.0, 0.0, 1.0],
                [1.0, 0.0, 1e-06, -0.0, -0.0, 0.96396, 0.266048, 0.37472, -1e-06, -0.266048, 0.96396, 0.0, 0.0, 0.0, 0.0, 1.0],
                [1.0, 0.0, 1e-06, -0.0, -0.0, 0.964801, 0.262979, 0.37472, -1e-06, -0.262979, 0.964801, -0.0, 0.0, 0.0, 0.0, 1.0],
                [1.0, 0.0, 1e-06, 0.0, -0.0, 0.965417, 0.26071, 0.37472, -1e-06, -0.26071, 0.965417, 0.0, 0.0, 0.0, 0.0, 1.0],
                [1.0, 0.0, 1e-06, 0.0, -0.0, 0.965796, 0.259302, 0.37472, -1e-06, -0.259302, 0.965796, -0.0, 0.0, 0.0, 0.0, 1.0],
                [1.0, 0.0, 1e-06, 0.0, -0.0, 0.965926, 0.258819, 0.37472, -1e-06, -0.258819, 0.965926, 0.0, 0.0, 0.0, 0.0, 1.0]
            ]
        },
        {
            "name": "Knee_R",
            "time": [0.0, 0.0167, 0.0333, 0.05, 0.0667, 0.0833, 0.1, 0.1167, 0.1333, 0.15, 0.1667, 0.1833, 0.2, 0.2167, 0.2333, 0.25, 0.2667, 0.2833, 0.3, 0.3167, 0.3333, 0.35, 0.3667, 0.3833, 0.4, 0.4167, 0.4333, 0.45, 0.4667, 0.4833, 0.5, 0.5167, 0.5333, 0.55, 0.5667, 0.5833, 0.6, 0.6167, 0.6333, 0.65, 0.6667, 0.6833, 0.7, 0.7167, 0.7333, 0.75, 0.7667, 0.7833, 0.8, 0.8167, 0.8333, 0.85, 0.8667, 0.8833, 0.9, 0.9167, 0.9333, 0.95, 0.9667, 0.9833, 1.0, 1.0167, 1.0333, 1.05, 1.0667],
            "transform": [
                [1.0, 0.0, -0.0, 0.0, -0.0, 0.0, -1.0, 0.37472, -0.0, 1.0, 0.0, -0.0, 0.0, 0.0, 0.0, 1.0],
                [1.0, 0.0, -0.0, -0.0, -0.0, 0.0, -1.0, 0.37472, -0.0, 1.0, 0.0, 0.0, 0.0, 0.0, 0.0, 1.0],
                [1.0, 0.0, -0.0, 0.0, -0.0, 0.0, -1.0, 0.37472, -0.0, 1.0, 0.0, -0.0, 0.0, 0.0, 0.0, 1.0],
                [1.0, 0.0, -0.0, 0.0, -0.0, 0.0, -1.0, 0.37472, -0.0, 1.0, 0.0, -0.0, 0.0, 0.0, 0.0, 1.0],
                [1.0, 0.0, -0.0, -0.0, -0.0, 0.0, -1.0, 0.37472, -0.0, 1.0, 0.0, 0.0, 0.0, 0.0, 0.0, 1.0],
                [1.0, 0.0, -0.0, 0.0, -0.0, 0.0, -1.0, 0.37472, -0.0, 1.0, 0.0, -0.0, 0.0, 0.0, 0.0, 1.0],
                [1.0, 0.0, -0.0, -0.0, -0.0, 0.0, -1.0, 0.37472, -0.0, 1.0, 0.0, 0.0, 0.0, 0.0, 0.0, 1.0],
                [1.0, 0.0, -0.0, -0.0, -0.0, 0.0, -1.0, 0.37472, -0.0, 1.0, 0.0, 0.0, 0.0, 0.0, 0.0, 1.0],
                [1.0, 0.0, -0.0, 0.0, -0.0, 0.0, -1.0, 0.37472, -0.0, 1.0, 0.0, -0.0, 0.0, 0.0, 0.0, 1.0],
                [1.0, 0.0, -0.0, 0.0, -0.0, 0.0, -1.0, 0.37472, -0.0, 1.0, 0.0, 0.0, 0.0, 0.0, 0.0, 1.0],
                [1.0, 0.0, -0.0, 0.0, -0.0, 0.0, -1.0, 0.37472, -0.0, 1.0, 0.0, -0.0, 0.0, 0.0, 0.0, 1.0],
                [1.0, 0.0, -0.0, 0.0, -0.0, 0.0, -1.0, 0.37472, -0.0, 1.0, 0.0, 0.0, 0.0, 0.0, 0.0, 1.0],
                [1.0, 0.0, -0.0, 0.0, -0.0, 0.0, -1.0, 0.37472, -0.0, 1.0, 0.0, -0.0, 0.0, 0.0, 0.0, 1.0],
                [1.0, 0.0, -0.0, -0.0, -0.0, 0.0, -1.0, 0.37472, -0.0, 1.0, 0.0, 0.0, 0.0, 0.0, 0.0, 1.0],
                [1.0, 0.0, -0.0, -0.0, -0.0, 0.0, -1.0, 0.37472, -0.0, 1.0, 0.0, -0.0, 0.0, 0.0, 0.0, 1.0],
                [1.0, 0.0, -0.0, -0.0, -0.0, 0.0, -1.0, 0.37472, -0.0, 1.0, 0.0, -0.0, 0.0, 0.0, 0.0, 1.0],
                [1.0, 0.0, -0.0, 0.0, -0.0, 0.0, -1.0, 0.37472, -0.0, 1.0, 0.0, -0.0, 0.0, 0.0, 0.0, 1.0],
                [1.0, 0.0, -0.0, 0.0, -0.0, 0.0, -1.0, 0.37472, -0.0, 1.0, 0.0, -0.0, 0.0, 0.0, 0.0, 1.0],
                [1.0, 0.0, -0.0, 0.0, -0.0, 0.0, -1.0, 0.37472, -0.0, 1.0, 0.0, -0.0, 0.0, 0.0, 0.0, 1.0],
                [1.0, 0.0, -0.0, 0.0, -0.0, 0.0, -1.0, 0.37472, -0.0, 1.0, 0.0, -0.0, 0.0, 0.0, 0.0, 1.0],
                [1.0, 0.0, -0.0, 0.0, -0.0, 0.0, -1.0, 0.37472, -0.0, 1.0, 0.0, -0.0, 0.0, 0.0, 0.0, 1.0],
                [1.0, 0.0, -0.0, 0.0, -0.0, 0.0, -1.0, 0.37472, -0.0, 1.0, 0.0, -0.0, 0.0, 0.0, 0.0, 1.0],
                [1.0, 0.0, -0.0, 0.0, -0.0, 0.0, -1.0, 0.37472, -0.0, 1.0, 0.0, -0.0, 0.0, 0.0, 0.0, 1.0],
                [1.0, 0.0, -0.0, 0.0, -0.0, 0.0, -1.0, 0.37472, -0.0, 1.0, 0.0, -0.0, 0.0, 0.0, 0.0, 1.0],
                [1.0, 0.0, -0.0, 0.0, -0.0, 0.0, -1.0, 0.37472, -0.0, 1.0, 0.0, -0.0, 0.0, 0.0, 0.0, 1.0],
                [1.0, 0.0, -0.0, 0.0, -0.0, 0.0, -1.0, 0.37472, -0.0, 1.0, 0.0, -0.0, 0.0, 0.0, 0.0, 1.0],
                [1.0, 0.0, -0.0, 0.0, -0.0, 0.0, -1.0, 0.37472, -0.0, 1.0, 0.0, -0.0, 0.0, 0.0, 0.0, 1.0],
                [1.0, 0.0, -0.0, 0.0, -0.0, 0.0, -1.0, 0.37472, -0.0, 1.0, 0.0, -0.0, 0.0, 0.0, 0.0, 1.0],
                [1.0, 0.0, -0.0, 0.0, -0.0, 0.0, -1.0, 0.37472, -0.0, 1.0, 0.0, -0.0, 0.0, 0.0, 0.0, 1.0],
                [1.0, 0.0, -0.0, 0.0, -0.0, 0.0, -1.0, 0.37472, -0.0, 1.0, 0.0, -0.0, 0.0, 0.0, 0.0, 1.0],
                [1.0, 0.0, -0.0, 0.0, -0.0, 0.0, -1.0, 0.37472, -0.0, 1.0, 0.0, -0.0, 0.0, 0.0, 0.0, 1.0],
                [1.0, 0.0, -0.0, 0.0, -0.0, 0.0, -1.0, 0.37472, -0.0, 1.0, 0.0, -0.0, 0.0, 0.0, 0.0, 1.0],
                [1.0, 0.0, -0.0, 0.0, -0.0, 0.0, -1.0, 0.37472, -0.0, 1.0, 0.0, -0.0, 0.0, 0.0, 0.0, 1.0],
                [1.0, 0.0, -0.0, 0.0, -0.0, 0.0, -1.0, 0.37472, -0.0, 1.0, 0.0, -0.0, 0.0, 0.0, 0.0, 1.0],
                [1.0, 0.0, -0.0, 0.0, -0.0, 0.0, -1.0, 0.37472, -0.0, 1.0, 0.0, -0.0, 0.0, 0.0, 0.0, 1.0],
                [1.0, 0.0, -0.0, 0.0, -0.0, 0.0, -1.0, 0.37472, -0.0, 1.0, 0.0, 0.0, 0.0, 0.0, 0.0, 1.0],
