{
    "armature": {
        "joints": ["Root", "Thigh_R", "Leg_R", "Knee_R", "Thigh_L", "Leg_L", "Knee_L", "Torso", "Chest", "Head", "Shoulder_R", "Arm_R", "Hand_R", "Tool_R", "Elbow_R", "Shoulder_L", "Arm_L", "Hand_L", "Tool_L", "Elbow_L"],
        "hierarchy": [
            {
                "name": "Root",
                "transform": [1.0, 0.0, 0.0, -5e-06, 0.0, 0.0, -1.0, 0.000946, 0.0, 1.0, 0.0, 0.763972, 0.0, 0.0, 0.0, 1.0],
                "children": [
                    {
                        "name": "Thigh_R",
                        "transform": [1.0, -0.0, -0.0, 0.124994, -0.0, -1.0, 0.0, -0.002831, -0.0, -0.0, -1.0, -1.2e-05, 0.0, 0.0, 0.0, 1.0],
                        "children": [
                            {
                                "name": "Leg_R",
                                "transform": [1.0, 0.0, 1e-06, 0.0, -0.0, 1.0, 0.0, 0.37472, -1e-06, -0.0, 1.0, -0.0, 0.0, 0.0, 0.0, 1.0],
                                "children": []
                            },
                            {
                                "name": "Knee_R",
                                "transform": [1.0, 0.0, -0.0, 0.0, -0.0, 0.0, -1.0, 0.37472, -0.0, 1.0, 0.0, -0.0, 0.0, 0.0, 0.0, 1.0],
                                "children": []
                            }
                        ]
                    },
                    {
                        "name": "Thigh_L",
                        "transform": [1.0, -0.0, -0.0, -0.125006, -0.0, -1.0, 0.0, -0.002831, -0.0, -0.0, -1.0, -1.2e-05, 0.0, 0.0, 0.0, 1.0],
                        "children": [
                            {
                                "name": "Leg_L",
                                "transform": [1.0, 0.0, 1e-06, -0.0, -0.0, 1.0, 0.0, 0.37472, -1e-06, -0.0, 1.0, 0.0, 0.0, 0.0, 0.0, 1.0],
                                "children": []
                            },
                            {
                                "name": "Knee_L",
                                "transform": [1.0, 0.0, -0.0, -0.0, -0.0, 0.0, -1.0, 0.37472, -0.0, 1.0, 0.0, 0.0, 0.0, 0.0, 0.0, 1.0],
                                "children": []
                            }
                        ]
                    },
                    {
                        "name": "Torso",
                        "transform": [1.0, 0.0, 0.0, 0.0, 0.0, 1.0, 0.0, 0.05, 0.0, 0.0, 1.0, 0.0, 0.0, 0.0, 0.0, 1.0],
                        "children": [
                            {
                                "name": "Chest",
                                "transform": [1.0, 0.0, 0.0, 0.0, 0.0, 1.0, 0.0, 0.3, 0.0, 0.0, 1.0, 0.0, 0.0, 0.0, 0.0, 1.0],
                                "children": [
                                    {
                                        "name": "Head",
                                        "transform": [1.0, 0.0, 0.0, 0.0, 0.0, 1.0, 0.0, 0.4, 0.0, 0.0, 1.0, 0.0, 0.0, 0.0, 0.0, 1.0],
                                        "children": []
                                    },
                                    {
                                        "name": "Shoulder_R",
                                        "transform": [0.0, 0.952114, 0.305743, 0.0, 0.0, -0.305743, 0.952114, 0.4, 1.0, 0.0, -0.0, 0.0, 0.0, 0.0, 0.0, 1.0],
                                        "children": [
                                            {
                                                "name": "Arm_R",
                                                "transform": [0.0, -0.0, -1.0, -0.0, 0.952114, 0.305743, 0.0, 0.39386, 0.305743, -0.952114, 0.0, 0.0, 0.0, 0.0, 0.0, 1.0],
                                                "children": [
                                                    {
                                                        "name": "Hand_R",
                                                        "transform": [1.0, 0.0, 0.0, 0.0, -0.0, 0.993938, 0.109947, 0.3, -0.0, -0.109947, 0.993937, 0.0, 0.0, 0.0, 0.0, 1.0],
                                                        "children": [
                                                            {
                                                                "name": "Tool_R",
                                                                "transform": [1.0, 0.0, 0.0, -0.0, 0.0, -0.999836, 0.018122, 0.272858, 0.0, -0.018122, -0.999836, 0.0, 0.0, 0.0, 0.0, 1.0],
                                                                "children": []
                                                            }
                                                        ]
                                                    },
                                                    {
                                                        "name": "Elbow_R",
                                                        "transform": [-1.0, 0.0, -0.0, 0.0, 0.0, 0.0, -1.0, 0.3, -0.0, -1.0, -0.0, 0.0, 0.0, 0.0, 0.0, 1.0],
                                                        "children": []
                                                    }
                                                ]
                                            }
                                        ]
                                    },
                                    {
                                        "name": "Shoulder_L",
                                        "transform": [-0.0, -0.952114, -0.305743, 0.0, 0.0, -0.305743, 0.952114, 0.4, -1.0, 0.0, 0.0, 0.0, 0.0, 0.0, 0.0, 1.0],
                                        "children": [
                                            {
                                                "name": "Arm_L",
                                                "transform": [-0.0, -0.0, 1.0, -0.0, -0.952114, 0.305743, -0.0, 0.39386, -0.305743, -0.952114, -0.0, 0.0, 0.0, 0.0, 0.0, 1.0],
                                                "children": [
                                                    {
                                                        "name": "Hand_L",
                                                        "transform": [1.0, -0.0, 0.0, -0.0, 0.0, 0.993937, 0.109947, 0.3, -0.0, -0.109947, 0.993937, 0.0, 0.0, 0.0, 0.0, 1.0],
                                                        "children": [
                                                            {
                                                                "name": "Tool_L",
                                                                "transform": [1.0, 0.0, 0.0, -0.0, -0.0, -0.999836, 0.018122, 0.272858, 0.0, -0.018122, -0.999836, -0.0, 0.0, 0.0, 0.0, 1.0],
                                                                "children": []
                                                            }
                                                        ]
                                                    },
                                                    {
                                                        "name": "Elbow_L",
                                                        "transform": [-1.0, 0.0, -0.0, -0.0, 0.0, -0.0, -1.0, 0.3, -0.0, -1.0, 0.0, 0.0, 0.0, 0.0, 0.0, 1.0],
                                                        "children": []
                                                    }
                                                ]
                                            }
                                        ]
                                    }
                                ]
                            }
                        ]
                    }
                ]
            }
        ]
    },
    "animation": [
        {
            "name": "Root",
            "time": [0.0, 0.0167, 0.0333, 0.05, 0.0667, 0.0833, 0.1, 0.1167, 0.1333, 0.15, 0.1667, 0.1833, 0.2, 0.2167, 0.2333, 0.25, 0.2667, 0.2833, 0.3, 0.3167, 0.3333, 0.35, 0.3667, 0.3833, 0.4, 0.4167, 0.4333, 0.45, 0.4667, 0.4833, 0.5, 0.5167, 0.5333],
            "transform": [
                [1.0, 0.0, 0.0, -5e-06, 0.0, 0.0, -1.0, 0.478854, 0.0, 1.0, 0.0, 0.763972, 0.0, 0.0, 0.0, 1.0],
                [0.999469, -0.011764, 0.030401, -5e-06, 0.030115, -0.023834, -0.999262, 0.478854, 0.01248, 0.999647, -0.023467, 0.763972, 0.0, 0.0, 0.0, 1.0],
                [0.992503, -0.040181, 0.115431, -5e-06, 0.111488, -0.089432, -0.989733, 0.478854, 0.050092, 0.995182, -0.084282, 0.763972, 0.0, 0.0, 0.0, 1.0],
                [0.966873, -0.071896, 0.244923, -5e-06, 0.228033, -0.187896, -0.955351, 0.478854, 0.114706, 0.979554, -0.165276, 0.763972, 0.0, 0.0, 0.0, 1.0],
                [0.910847, -0.09255, 0.402233, -5e-06, 0.358449, -0.30577, -0.882054, 0.478854, 0.204625, 0.947597, -0.245336, 0.763972, 0.0, 0.0, 0.0, 1.0],
                [0.821001, -0.092568, 0.563373, -5e-06, 0.479453, -0.423959, -0.768365, 0.478854, 0.309973, 0.900939, -0.303688, 0.763972, 0.0, 0.0, 0.0, 1.0],
                [0.706017, -0.072406, 0.704484, -5e-06, 0.574563, -0.522995, -0.629566, 0.478854, 0.414026, 0.849255, -0.327642, 0.763972, 0.0, 0.0, 0.0, 1.0],
                [0.582829, -0.042466, 0.811484, -5e-06, 0.640923, -0.589868, -0.491196, 0.478854, 0.499528, 0.806382, -0.316575, 0.763972, 0.0, 0.0, 0.0, 1.0],
                [0.46909, -0.018054, 0.882966, -5e-06, 0.687996, -0.619391, -0.378174, 0.478854, 0.553729, 0.784875, -0.278129, 0.763972, 0.0, 0.0, 0.0, 1.0],
                [0.374687, -0.006875, 0.927126, -5e-06, 0.723277, -0.623462, -0.296927, 0.478854, 0.580069, 0.781823, -0.228631, 0.763972, 0.0, 0.0, 0.0, 1.0],
                [0.299342, -0.005416, 0.954131, -5e-06, 0.748757, -0.618481, -0.238421, 0.478854, 0.591403, 0.785781, -0.181082, 0.763972, 0.0, 0.0, 0.0, 1.0],
                [0.242059, -0.011627, 0.970192, -5e-06, 0.768515, -0.608089, -0.199029, 0.478854, 0.592277, 0.793784, -0.138258, 0.763972, 0.0, 0.0, 0.0, 1.0],
                [0.201224, -0.022619, 0.979284, -5e-06, 0.784351, -0.595145, -0.174915, 0.478854, 0.586773, 0.8033, -0.102017, 0.763972, 0.0, 0.0, 0.0, 1.0],
                [0.174916, -0.035008, 0.983961, -5e-06, 0.796604, -0.5823, -0.162327, 0.478854, 0.578643, 0.81222, -0.073966, 0.763972, 0.0, 0.0, 0.0, 1.0],
                [0.160945, -0.045141, 0.985931, -5e-06, 0.80473, -0.572348, -0.157571, 0.478854, 0.571408, 0.818768, -0.05579, 0.763972, 0.0, 0.0, 0.0, 1.0],
                [0.156865, -0.049317, 0.986388, -5e-06, 0.807708, -0.568332, -0.156865, 0.478854, 0.568332, 0.82132, -0.049317, 0.763972, 0.0, 0.0, 0.0, 1.0],
                [0.156865, -0.049317, 0.986388, -5e-06, 0.807708, -0.568332, -0.156865, 0.478854, 0.568332, 0.82132, -0.049317, 0.763972, 0.0, 0.0, 0.0, 1.0],
                [0.171112, -0.053334, 0.983807, -5e-06, 0.808146, -0.563578, -0.171112, 0.478854, 0.563578, 0.824339, -0.053334, 0.763972, 0.0, 0.0, 0.0, 1.0],
                [0.21168, -0.064343, 0.975219, -5e-06, 0.808155, -0.549615, -0.21168, 0.478854, 0.549615, 0.832937, -0.064343, 0.763972, 0.0, 0.0, 0.0, 1.0],
                [0.275375, -0.080335, 0.957974, -5e-06, 0.80441, -0.526397, -0.275375, 0.478854, 0.526397, 0.846435, -0.080335, 0.763972, 0.0, 0.0, 0.0, 1.0],
                [0.358454, -0.098724, 0.928312, -5e-06, 0.792354, -0.493645, -0.358454, 0.478854, 0.493645, 0.864042, -0.098724, 0.763972, 0.0, 0.0, 0.0, 1.0],
                [0.455907, -0.11646, 0.882375, -5e-06, 0.767069, -0.451391, -0.455907, 0.478854, 0.451391, 0.884694, -0.11646, 0.763972, 0.0, 0.0, 0.0, 1.0],
                [0.561109, -0.130315, 0.81742, -5e-06, 0.724408, -0.400486, -0.561109, 0.478854, 0.400486, 0.906989, -0.130315, 0.763972, 0.0, 0.0, 0.0, 1.0],
                [0.666152, -0.137431, 0.733045, -5e-06, 0.662294, -0.34294, -0.666152, 0.478854, 0.34294, 0.92925, -0.13743, 0.763972, 0.0, 0.0, 0.0, 1.0],
                [0.762964, -0.135967, 0.63198, -5e-06, 0.581747, -0.28188, -0.762964, 0.478854, 0.28188, 0.949767, -0.135966, 0.763972, 0.0, 0.0, 0.0, 1.0],
                [0.844889, -0.125614, 0.519984, -5e-06, 0.487112, -0.221096, -0.844889, 0.478854, 0.221096, 0.967128, -0.125614, 0.763972, 0.0, 0.0, 0.0, 1.0],
                [0.908067, -0.10769, 0.404743, -5e-06, 0.38526, -0.164282, -0.908067, 0.478854, 0.164282, 0.980517, -0.10769, 0.763972, 0.0, 0.0, 0.0, 1.0],
                [0.951955, -0.084768, 0.294272, -5e-06, 0.28409, -0.114343, -0.951955, 0.478854, 0.114343, 0.989818, -0.084768, 0.763972, 0.0, 0.0, 0.0, 1.0],
                [0.978864, -0.060029, 0.195505, -5e-06, 0.191025, -0.07304, -0.978864, 0.478854, 0.07304, 0.995521, -0.060029, 0.763972, 0.0, 0.0, 0.0, 1.0],
                [0.992849, -0.036652, 0.113613, -5e-06, 0.112098, -0.041054, -0.992849, 0.478854, 0.041054, 0.998484, -0.036652, 0.763972, 0.0, 0.0, 0.0, 1.0],
                [0.998489, -0.01742, 0.052111, -5e-06, 0.051791, -0.01835, -0.998489, 0.478854, 0.01835, 0.99968, -0.01742, 0.763972, 0.0, 0.0, 0.0, 1.0],
                [0.999899, -0.004604, 0.013474, -5e-06, 0.013453, -0.004666, -0.999899, 0.478854, 0.004666, 0.999979, -0.004604, 0.763972, 0.0, 0.0, 0.0, 1.0],
                [1.0, 0.0, 0.0, -5e-06, 0.0, 0.0, -1.0, 0.478854, 0.0, 1.0, 0.0, 0.763972, 0.0, 0.0, 0.0, 1.0]
            ]
        },
        {
            "name": "Thigh_R",
            "time": [0.0, 0.0167, 0.0333, 0.05, 0.0667, 0.0833, 0.1, 0.1167, 0.1333, 0.15, 0.1667, 0.1833, 0.2, 0.2167, 0.2333, 0.25, 0.2667, 0.2833, 0.3, 0.3167, 0.3333, 0.35, 0.3667, 0.3833, 0.4, 0.4167, 0.4333, 0.45, 0.4667, 0.4833, 0.5, 0.5167, 0.5333],
            "transform": [
                [0.992404, 0.078897, 0.094391, 0.124987, 0.070754, -0.993718, 0.086709, -0.003894, 0.100639, -0.079372, -0.991752, 0.000806, 0.0, 0.0, 0.0, 1.0],
                [0.990606, 0.100091, 0.09317, 0.124893, 0.091668, -0.991652, 0.090679, -0.004089, 0.101468, -0.081287, -0.991512, 0.001928, 0.0, 0.0, 0.0, 1.0],
                [0.983558, 0.157806, 0.087813, 0.12465, 0.14829, -0.983245, 0.106014, -0.004591, 0.103071, -0.091249, -0.99048, 0.004821, 0.0, 0.0, 0.0, 1.0],
                [0.967193, 0.242866, 0.074519, 0.124318, 0.231251, -0.963127, 0.137511, -0.005278, 0.105168, -0.115767, -0.987693, 0.008777, 0.0, 0.0, 0.0, 1.0],
                [0.937487, 0.34474, 0.047673, 0.123957, 0.330424, -0.924701, 0.189073, -0.006026, 0.109264, -0.161501, -0.980805, 0.013088, 0.0, 0.0, 0.0, 1.0],
                [0.892716, 0.45062, 0.000257, 0.123625, 0.434706, -0.861339, 0.262919, -0.006713, 0.118698, -0.2346, -0.964818, 0.017044, 0.0, 0.0, 0.0, 1.0],
                [0.835222, 0.544804, -0.074787, 0.123382, 0.532325, -0.76688, 0.358504, -0.007216, 0.137962, -0.339241, -0.930528, 0.019937, 0.0, 0.0, 0.0, 1.0],
                [0.77251, 0.608429, -0.181776, 0.123288, 0.611548, -0.635757, 0.47098, -0.00741, 0.170992, -0.475002, -0.863212, 0.021059, 0.0, 0.0, 0.0, 1.0],
                [0.716663, 0.621203, -0.317018, 0.123728, 0.66512, -0.472049, 0.578605, -0.006499, 0.209783, -0.62552, -0.751475, 0.015808, 0.0, 0.0, 0.0, 1.0],
                [0.679087, 0.592945, -0.432732, 0.124546, 0.693501, -0.324999, 0.642986, -0.004806, 0.240618, -0.736744, -0.631911, 0.006057, 0.0, 0.0, 0.0, 1.0],
                [0.665867, 0.571756, -0.479286, 0.124987, 0.701897, -0.262311, 0.662219, -0.003894, 0.252906, -0.77736, -0.575978, 0.000806, 0.0, 0.0, 0.0, 1.0],
                [0.665867, 0.571756, -0.479286, 0.124987, 0.701897, -0.262311, 0.662219, -0.003894, 0.252906, -0.77736, -0.575978, 0.000806, 0.0, 0.0, 0.0, 1.0],
                [0.665867, 0.571756, -0.479286, 0.124987, 0.701897, -0.262311, 0.662219, -0.003894, 0.252906, -0.77736, -0.575978, 0.000806, 0.0, 0.0, 0.0, 1.0],
                [0.665867, 0.571756, -0.479287, 0.124987, 0.701897, -0.262311, 0.662219, -0.003894, 0.252906, -0.77736, -0.575978, 0.000806, 0.0, 0.0, 0.0, 1.0],
                [0.665867, 0.571756, -0.479286, 0.124987, 0.701897, -0.262311, 0.662219, -0.003894, 0.252906, -0.77736, -0.575978, 0.000806, 0.0, 0.0, 0.0, 1.0],
                [0.665867, 0.571756, -0.479286, 0.124987, 0.701897, -0.262311, 0.662219, -0.003894, 0.252906, -0.77736, -0.575978, 0.000807, 0.0, 0.0, 0.0, 1.0],
                [0.665867, 0.571756, -0.479286, 0.124987, 0.701897, -0.262311, 0.662219, -0.003894, 0.252906, -0.77736, -0.575978, 0.000807, 0.0, 0.0, 0.0, 1.0],
                [0.672674, 0.566084, -0.476506, 0.124506, 0.696675, -0.267561, 0.665624, -0.002919, 0.249305, -0.779718, -0.574358, 0.001161, 0.0, 0.0, 0.0, 1.0],
                [0.691582, 0.550101, -0.468084, 0.123237, 0.68159, -0.282541, 0.674985, -0.000349, 0.239057, -0.785849, -0.570344, 0.002094, 0.0, 0.0, 0.0, 1.0],
                [0.720088, 0.525001, -0.453703, 0.121444, 0.657118, -0.30595, 0.688905, 0.003284, 0.222866, -0.794209, -0.565299, 0.003414, 0.0, 0.0, 0.0, 1.0],
                [0.755408, 0.491813, -0.432988, 0.119388, 0.623507, -0.336325, 0.705779, 0.007449, 0.201486, -0.803122, -0.560712, 0.004927, 0.0, 0.0, 0.0, 1.0],
                [0.794547, 0.45173, -0.405752, 0.117333, 0.581145, -0.372083, 0.723757, 0.011614, 0.175969, -0.81086, -0.558159, 0.00644, 0.0, 0.0, 0.0, 1.0],
                [0.834461, 0.406372, -0.372207, 0.115539, 0.53087, -0.411614, 0.740777, 0.015247, 0.147825, -0.815743, -0.559206, 0.00776, 0.0, 0.0, 0.0, 1.0],
                [0.872314, 0.357935, -0.333094, 0.114271, 0.474221, -0.453414, 0.754672, 0.017816, 0.119094, -0.816271, -0.56526, 0.008693, 0.0, 0.0, 0.0, 1.0],
                [0.905789, 0.309216, -0.289711, 0.11379, 0.413562, -0.496255, 0.763346, 0.018791, 0.092269, -0.811244, -0.577382, 0.009047, 0.0, 0.0, 0.0, 1.0],
                [0.933727, 0.266339, -0.239203, 0.114263, 0.350834, -0.547903, 0.759419, 0.018077, 0.071203, -0.79301, -0.605033, 0.008591, 0.0, 0.0, 0.0, 1.0],
                [0.955877, 0.230869, -0.181653, 0.11551, 0.287742, -0.611229, 0.737294, 0.016195, 0.059186, -0.757033, -0.650691, 0.007388, 0.0, 0.0, 0.0, 1.0],
                [0.972101, 0.19999, -0.12257, 0.117272, 0.227595, -0.67779, 0.699143, 0.013534, 0.056745, -0.707534, -0.704397, 0.005687, 0.0, 0.0, 0.0, 1.0],
                [0.982761, 0.172377, -0.066828, 0.119293, 0.173977, -0.739995, 0.649722, 0.010483, 0.062545, -0.650148, -0.757229, 0.003738, 0.0, 0.0, 0.0, 1.0],
                [0.988781, 0.148216, -0.018538, 0.121313, 0.129931, -0.792218, 0.596245, 0.007433, 0.073687, -0.591965, -0.802588, 0.001788, 0.0, 0.0, 0.0, 1.0],
                [0.991487, 0.128805, 0.019069, 0.123076, 0.097454, -0.831194, 0.547375, 0.004771, 0.086354, -0.540857, -0.83667, 8.8e-05, 0.0, 0.0, 0.0, 1.0],
                [0.992303, 0.115959, 0.043453, 0.124322, 0.077546, -0.85546, 0.512029, 0.002889, 0.096547, -0.504719, -0.857868, -0.001115, 0.0, 0.0, 0.0, 1.0],
                [0.992404, 0.111396, 0.052204, 0.124795, 0.070754, -0.863969, 0.498549, 0.002175, 0.100639, -0.491068, -0.865288, -0.001571, 0.0, 0.0, 0.0, 1.0]
            ]
        },
        {
            "name": "Leg_R",
            "time": [0.0, 0.0167, 0.0333, 0.05, 0.0667, 0.0833, 0.1, 0.1167, 0.1333, 0.15, 0.1667, 0.1833, 0.2, 0.2167, 0.2333, 0.25, 0.2667, 0.2833, 0.3, 0.3167, 0.3333, 0.35, 0.3667, 0.3833, 0.4, 0.4167, 0.4333, 0.45, 0.4667, 0.4833, 0.5, 0.5167, 0.5333],
            "transform": [
                [1.0, 0.0, 1e-06, 0.0, -0.0, 0.965926, 0.258819, 0.37472, -1e-06, -0.258819, 0.965926, 0.0, 0.0, 0.0, 0.0, 1.0],
                [0.999999, 0.001285, 0.001029, 0.0, -0.001541, 0.950511, 0.310686, 0.37472, -0.000579, -0.310687, 0.950512, -0.0, 0.0, 0.0, 0.0, 1.0],
                [0.999981, 0.004545, 0.004096, -0.0, -0.005888, 0.89661, 0.442782, 0.37472, -0.00166, -0.442798, 0.89662, -0.0, 0.0, 0.0, 0.0, 1.0],
                [0.99992, 0.008642, 0.009235, -0.0, -0.012489, 0.790208, 0.612711, 0.37472, -0.002002, -0.612777, 0.790253, -0.0, 0.0, 0.0, 0.0, 1.0],
                [0.999795, 0.012411, 0.015989, -0.0, -0.020232, 0.635796, 0.771592, 0.37472, -0.00059, -0.771758, 0.635917, -0.0, 0.0, 0.0, 0.0, 1.0],
                [0.999613, 0.015301, 0.023227, -0.0, -0.027687, 0.467734, 0.883436, 0.37472, 0.002654, -0.883737, 0.467976, 0.0, 0.0, 0.0, 0.0, 1.0],
                [0.999403, 0.017785, 0.029628, -0.0, -0.03388, 0.335445, 0.94145, 0.37472, 0.006805, -0.941892, 0.335847, 0.0, 0.0, 0.0, 0.0, 1.0],
                [0.999197, 0.021065, 0.034073, 0.0, -0.038647, 0.283099, 0.958311, 0.37472, 0.010541, -0.958859, 0.283686, 0.0, 0.0, 0.0, 0.0, 1.0],
                [0.999047, 0.031765, 0.029942, -0.0, -0.041904, 0.505741, 0.861667, 0.37472, 0.012228, -0.862101, 0.50659, -0.0, 0.0, 0.0, 0.0, 1.0],
                [0.998987, 0.042741, 0.014086, -0.0, -0.043502, 0.837005, 0.545464, 0.37472, 0.011523, -0.545524, 0.838016, -0.0, 0.0, 0.0, 0.0, 1.0],
                [0.998989, 0.044762, 0.00422, 0.0, -0.043644, 0.942909, 0.330178, 0.37472, 0.010801, -0.330029, 0.943909, -0.0, 0.0, 0.0, 0.0, 1.0],
                [0.998989, 0.044762, 0.00422, 0.0, -0.043644, 0.942909, 0.330178, 0.37472, 0.010801, -0.330029, 0.943909, 0.0, 0.0, 0.0, 0.0, 1.0],
                [0.998989, 0.044762, 0.00422, 0.0, -0.043644, 0.942909, 0.330178, 0.37472, 0.010801, -0.330029, 0.943909, -0.0, 0.0, 0.0, 0.0, 1.0],
                [0.998989, 0.044762, 0.00422, 0.0, -0.043644, 0.942909, 0.330178, 0.37472, 0.010801, -0.330029, 0.943909, 0.0, 0.0, 0.0, 0.0, 1.0],
                [0.998989, 0.044762, 0.00422, -0.0, -0.043644, 0.942909, 0.330178, 0.37472, 0.010801, -0.330029, 0.943909, 0.0, 0.0, 0.0, 0.0, 1.0],
                [0.998989, 0.044762, 0.00422, 0.0, -0.043644, 0.942909, 0.330179, 0.37472, 0.010801, -0.330029, 0.943909, 0.0, 0.0, 0.0, 0.0, 1.0],
                [0.998989, 0.044762, 0.00422, 0.0, -0.043644, 0.942909, 0.330179, 0.37472, 0.010801, -0.330029, 0.943909, 0.0, 0.0, 0.0, 0.0, 1.0],
                [0.999009, 0.044135, 0.005687, -0.0, -0.043087, 0.927406, 0.371566, 0.37472, 0.011125, -0.371443, 0.928389, 0.0, 0.0, 0.0, 0.0, 1.0],
                [0.999071, 0.042039, 0.009456, 0.0, -0.041429, 0.876821, 0.479029, 0.37472, 0.011847, -0.478976, 0.877748, 0.0, 0.0, 0.0, 0.0, 1.0],
                [0.999173, 0.038042, 0.014358, -0.0, -0.038703, 0.78154, 0.622653, 0.37472, 0.012466, -0.622693, 0.782367, 0.0, 0.0, 0.0, 0.0, 1.0],
                [0.999305, 0.032079, 0.018965, -0.0, -0.035129, 0.641058, 0.766688, 0.37472, 0.012437, -0.766822, 0.64174, -0.0, 0.0, 0.0, 0.0, 1.0],
                [0.999449, 0.024843, 0.022007, -0.0, -0.031165, 0.474468, 0.879721, 0.37472, 0.011413, -0.879922, 0.474981, 0.0, 0.0, 0.0, 0.0, 1.0],
                [0.999583, 0.017575, 0.022921, 0.0, -0.027303, 0.316057, 0.948347, 0.37472, 0.009423, -0.948577, 0.316405, -0.0, 0.0, 0.0, 0.0, 1.0],
                [0.999694, 0.011454, 0.021942, 0.0, -0.023798, 0.201092, 0.979283, 0.37472, 0.006805, -0.979506, 0.201303, 0.0, 0.0, 0.0, 0.0, 1.0],
                [0.99978, 0.007197, 0.019673, 0.0, -0.020561, 0.157524, 0.987301, 0.37472, 0.004007, -0.987489, 0.157637, -0.0, 0.0, 0.0, 0.0, 1.0],
                [0.999849, 0.004732, 0.016712, -0.0, -0.017308, 0.190736, 0.981489, 0.37472, 0.001456, -0.98163, 0.190789, 0.0, 0.0, 0.0, 0.0, 1.0],
                [0.999904, 0.003333, 0.013486, -0.0, -0.013881, 0.278, 0.960481, 0.37472, -0.000548, -0.960575, 0.278019, 0.0, 0.0, 0.0, 0.0, 1.0],
                [0.999945, 0.002487, 0.01019, -0.0, -0.010336, 0.399027, 0.916881, 0.37472, -0.001786, -0.916936, 0.399031, 0.0, 0.0, 0.0, 0.0, 1.0],
                [0.999974, 0.001838, 0.007018, 0.0, -0.006924, 0.530693, 0.847536, 0.37472, -0.002167, -0.847562, 0.530691, 0.0, 0.0, 0.0, 0.0, 1.0],
                [0.99999, 0.001212, 0.004204, 0.0, -0.003981, 0.650532, 0.759468, 0.37472, -0.001814, -0.759478, 0.650531, -0.0, 0.0, 0.0, 0.0, 1.0],
                [0.999998, 0.000615, 0.001977, 0.0, -0.001781, 0.7425, 0.669844, 0.37472, -0.001056, -0.669846, 0.742499, -0.0, 0.0, 0.0, 0.0, 1.0],
                [1.0, 0.000167, 0.000524, 0.0, -0.000448, 0.799427, 0.600764, 0.37472, -0.000319, -0.600764, 0.799427, 0.0, 0.0, 0.0, 0.0, 1.0],
                [1.0, -0.0, 1e-06, 0.0, -0.0, 0.819152, 0.573577, 0.37472, -1e-06, -0.573577, 0.819152, -0.0, 0.0, 0.0, 0.0, 1.0]
            ]
        },
        {
            "name": "Knee_R",
            "time": [0.0, 0.0167, 0.0333, 0.05, 0.0667, 0.0833, 0.1, 0.1167, 0.1333, 0.15, 0.1667, 0.1833, 0.2, 0.2167, 0.2333, 0.25, 0.2667, 0.2833, 0.3, 0.3167, 0.3333, 0.35, 0.3667, 0.3833, 0.4, 0.4167, 0.4333, 0.45, 0.4667, 0.4833, 0.5, 0.5167, 0.5333],
            "transform": [
                [1.0, 0.0, -0.0, 0.0, -0.0, 0.0, -1.0, 0.37472, -0.0, 1.0, 0.0, 0.0, 0.0, 0.0, 0.0, 1.0],
                [1.0, 0.0, -0.0, 0.0, -0.0, 0.0, -1.0, 0.37472, -0.0, 1.0, 0.0, -0.0, 0.0, 0.0, 0.0, 1.0],
                [1.0, 0.0, -0.0, -0.0, -0.0, 0.0, -1.0, 0.37472, -0.0, 1.0, 0.0, -0.0, 0.0, 0.0, 0.0, 1.0],
                [1.0, 0.0, -0.0, -0.0, -0.0, 0.0, -1.0, 0.37472, -0.0, 1.0, 0.0, -0.0, 0.0, 0.0, 0.0, 1.0],
                [1.0, 0.0, -0.0, -0.0, -0.0, 0.0, -1.0, 0.37472, -0.0, 1.0, 0.0, -0.0, 0.0, 0.0, 0.0, 1.0],
                [1.0, 0.0, -0.0, -0.0, -1e-06, 0.0, -1.0, 0.37472, -0.0, 1.0, 0.0, 0.0, 0.0, 0.0, 0.0, 1.0],
                [1.0, 0.0, -0.0, -0.0, -1e-06, 0.0, -1.0, 0.37472, -0.0, 1.0, 0.0, 0.0, 0.0, 0.0, 0.0, 1.0],
                [1.0, 0.0, -0.0, 0.0, -0.0, 0.0, -1.0, 0.37472, -0.0, 1.0, 0.0, 0.0, 0.0, 0.0, 0.0, 1.0],
                [1.0, 0.0, -0.0, -0.0, -0.0, 0.0, -1.0, 0.37472, -0.0, 1.0, 0.0, -0.0, 0.0, 0.0, 0.0, 1.0],
                [1.0, 0.0, -0.0, -0.0, -0.0, 0.0, -1.0, 0.37472, -0.0, 1.0, 0.0, -0.0, 0.0, 0.0, 0.0, 1.0],
                [1.0, 0.0, -0.0, 0.0, -0.0, 0.0, -1.0, 0.37472, -0.0, 1.0, 0.0, -0.0, 0.0, 0.0, 0.0, 1.0],
                [1.0, 0.0, -0.0, 0.0, -0.0, 0.0, -1.0, 0.37472, -0.0, 1.0, 0.0, 0.0, 0.0, 0.0, 0.0, 1.0],
                [1.0, 0.0, -0.0, 0.0, -0.0, 0.0, -1.0, 0.37472, -0.0, 1.0, 0.0, -0.0, 0.0, 0.0, 0.0, 1.0],
                [1.0, 0.0, -0.0, 0.0, -0.0, 0.0, -1.0, 0.37472, -0.0, 1.0, 0.0, 0.0, 0.0, 0.0, 0.0, 1.0],
                [1.0, 0.0, -0.0, -0.0, -0.0, 0.0, -1.0, 0.37472, -0.0, 1.0, 0.0, 0.0, 0.0, 0.0, 0.0, 1.0],
                [1.0, 0.0, -0.0, 0.0, -0.0, 0.0, -1.0, 0.37472, -0.0, 1.0, 0.0, 0.0, 0.0, 0.0, 0.0, 1.0],
                [1.0, 0.0, -0.0, 0.0, -0.0, 0.0, -1.0, 0.37472, -0.0, 1.0, 0.0, 0.0, 0.0, 0.0, 0.0, 1.0],
                [1.0, 0.0, -0.0, -0.0, -0.0, 0.0, -1.0, 0.37472, -0.0, 1.0, 0.0, 0.0, 0.0, 0.0, 0.0, 1.0],
                [1.0, 0.0, -0.0, 0.0, -0.0, 0.0, -1.0, 0.37472, -0.0, 1.0, 0.0, 0.0, 0.0, 0.0, 0.0, 1.0],
                [1.0, 0.0, -0.0, -0.0, -0.0, 0.0, -1.0, 0.37472, -0.0, 1.0, 0.0, 0.0, 0.0, 0.0, 0.0, 1.0],
                [1.0, 0.0, -0.0, -0.0, -0.0, 0.0, -1.0, 0.37472, -0.0, 1.0, 0.0, -0.0, 0.0, 0.0, 0.0, 1.0],
                [1.0, 0.0, -0.0, -0.0, -0.0, 0.0, -1.0, 0.37472, -0.0, 1.0, 0.0, 0.0, 0.0, 0.0, 0.0, 1.0],
                [1.0, 0.0, -0.0, 0.0, -1e-06, 0.0, -1.0, 0.37472, -0.0, 1.0, 0.0, -0.0, 0.0, 0.0, 0.0, 1.0],
                [1.0, 0.0, -1e-06, 0.0, -0.0, 0.0, -1.0, 0.37472, -0.0, 1.0, 0.0, 0.0, 0.0, 0.0, 0.0, 1.0],
                [1.0, 0.0, -1e-06, 0.0, -0.0, 0.0, -1.0, 0.37472, -0.0, 1.0, 0.0, -0.0, 0.0, 0.0, 0.0, 1.0],
                [1.0, 0.0, -1e-06, -0.0, -0.0, 0.0, -1.0, 0.37472, -0.0, 1.0, 0.0, 0.0, 0.0, 0.0, 0.0, 1.0],
                [1.0, 0.0, -1e-06, -0.0, -0.0, 0.0, -1.0, 0.37472, -0.0, 1.0, 0.0, 0.0, 0.0, 0.0, 0.0, 1.0],
                [1.0, 0.0, -1e-06, -0.0, -0.0, 0.0, -1.0, 0.37472, -0.0, 1.0, 0.0, 0.0, 0.0, 0.0, 0.0, 1.0],
                [1.0, 0.0, -0.0, 0.0, -1e-06, 0.0, -1.0, 0.37472, -0.0, 1.0, 0.0, 0.0, 0.0, 0.0, 0.0, 1.0],
                [1.0, 0.0, -0.0, 0.0, -0.0, 0.0, -1.0, 0.37472, -0.0, 1.0, 0.0, -0.0, 0.0, 0.0, 0.0, 1.0],
                [1.0, 0.0, -0.0, 0.0, -0.0, 0.0, -1.0, 0.37472, -0.0, 1.0, 0.0, -0.0, 0.0, 0.0, 0.0, 1.0],
                [1.0, 0.0, -0.0, 0.0, -0.0, 0.0, -1.0, 0.37472, -0.0, 1.0, 0.0, 0.0, 0.0, 0.0, 0.0, 1.0],
                [1.0, 0.0, -0.0, 0.0, -0.0, 0.0, -1.0, 0.37472, -0.0, 1.0, 0.0, -0.0, 0.0, 0.0, 0.0, 1.0]
            ]
        },
        {
            "name": "Thigh_L",
            "time": [0.0, 0.0167, 0.0333, 0.05, 0.0667, 0.0833, 0.1, 0.1167, 0.1333, 0.15, 0.1667, 0.1833, 0.2, 0.2167, 0.2333, 0.25, 0.2667, 0.2833, 0.3, 0.3167, 0.3333, 0.35, 0.3667, 0.3833, 0.4, 0.4167, 0.4333, 0.45, 0.4667, 0.4833, 0.5, 0.5167, 0.5333],
            "transform": [
                [0.98106, -0.070371, -0.180468, -0.124988, -0.055793, -0.994849, 0.084626, -0.004826, -0.185494, -0.072954, -0.979934, 0.000683, 0.0, 0.0, 0.0, 1.0],
                [0.981828, -0.059509, -0.180201, -0.12497, -0.044936, -0.99546, 0.083903, -0.005147, -0.184375, -0.074281, -0.980045, 0.000329, 0.0, 0.0, 0.0, 1.0],
                [0.983277, -0.030581, -0.179529, -0.124924, -0.015805, -0.99641, 0.083164, -0.005975, -0.181428, -0.078936, -0.980231, -0.000584, 0.0, 0.0, 0.0, 1.0],
                [0.983835, 0.010925, -0.178744, -0.124861, 0.026424, -0.996068, 0.084559, -0.007108, -0.177117, -0.087916, -0.980255, -0.001832, 0.0, 0.0, 0.0, 1.0],
                [0.98217, 0.059439, -0.178352, -0.124792, 0.076475, -0.992982, 0.090215, -0.008342, -0.171738, -0.102246, -0.979822, -0.003191, 0.0, 0.0, 0.0, 1.0],
                [0.977741, 0.109305, -0.179093, -0.124729, 0.12899, -0.986365, 0.102205, -0.009475, -0.16548, -0.123031, -0.978509, -0.004439, 0.0, 0.0, 0.0, 1.0],
                [0.971054, 0.154881, -0.181841, -0.124683, 0.178657, -0.976251, 0.12254, -0.010304, -0.158543, -0.15148, -0.975663, -0.005352, 0.0, 0.0, 0.0, 1.0],
                [0.963615, 0.190609, -0.187387, -0.124665, 0.220344, -0.963314, 0.153215, -0.010625, -0.151308, -0.18893, -0.970263, -0.005706, 0.0, 0.0, 0.0, 1.0],
                [0.956297, 0.204486, -0.208999, -0.124749, 0.255338, -0.932301, 0.256157, -0.009121, -0.14247, -0.298328, -0.943771, -0.004049, 0.0, 0.0, 0.0, 1.0],
                [0.950684, 0.195943, -0.24043, -0.124904, 0.28131, -0.871205, 0.402325, -0.006329, -0.130631, -0.450119, -0.883362, -0.000974, 0.0, 0.0, 0.0, 1.0],
                [0.948667, 0.186694, -0.255296, -0.124988, 0.290896, -0.831869, 0.472623, -0.004826, -0.124137, -0.522627, -0.843476, 0.000683, 0.0, 0.0, 0.0, 1.0],
                [0.948667, 0.186694, -0.255296, -0.124988, 0.290896, -0.831869, 0.472623, -0.004826, -0.124137, -0.522627, -0.843476, 0.000683, 0.0, 0.0, 0.0, 1.0],
                [0.948667, 0.186694, -0.255296, -0.124988, 0.290896, -0.831869, 0.472623, -0.004826, -0.124137, -0.522627, -0.843476, 0.000683, 0.0, 0.0, 0.0, 1.0],
                [0.948667, 0.186694, -0.255296, -0.124988, 0.290896, -0.831869, 0.472623, -0.004826, -0.124137, -0.522627, -0.843476, 0.000683, 0.0, 0.0, 0.0, 1.0],
                [0.948667, 0.186694, -0.255296, -0.124988, 0.290896, -0.831869, 0.472623, -0.004826, -0.124137, -0.522627, -0.843476, 0.000683, 0.0, 0.0, 0.0, 1.0],
                [0.948667, 0.186694, -0.255296, -0.124988, 0.290896, -0.831869, 0.472623, -0.004826, -0.124137, -0.522627, -0.843476, 0.000683, 0.0, 0.0, 0.0, 1.0],
                [0.948667, 0.186694, -0.255296, -0.124988, 0.290896, -0.831869, 0.472623, -0.004826, -0.124137, -0.522627, -0.843476, 0.000683, 0.0, 0.0, 0.0, 1.0],
                [0.94974, 0.173652, -0.260459, -0.123615, 0.288394, -0.80897, 0.512247, -0.009841, -0.121751, -0.561616, -0.818391, 0.003873, 0.0, 0.0, 0.0, 1.0],
                [0.952808, 0.136732, -0.271037, -0.119993, 0.280448, -0.738249, 0.613463, -0.023064, -0.116213, -0.660524, -0.741756, 0.012284, 0.0, 0.0, 0.0, 1.0],
                [0.957489, 0.079732, -0.277232, -0.114873, 0.266347, -0.613441, 0.743471, -0.041758, -0.110787, -0.785706, -0.608599, 0.024175, 0.0, 0.0, 0.0, 1.0],
                [0.962926, 0.010566, -0.269558, -0.109004, 0.246612, -0.439497, 0.863727, -0.063188, -0.109344, -0.898182, -0.425809, 0.037806, 0.0, 0.0, 0.0, 1.0],
                [0.967879, -0.058658, -0.244478, -0.103135, 0.223681, -0.243076, 0.943865, -0.084618, -0.114793, -0.968232, -0.222148, 0.051437, 0.0, 0.0, 0.0, 1.0],
                [0.9713, -0.116922, -0.207138, -0.098015, 0.20072, -0.064359, 0.977532, -0.103312, -0.127626, -0.991054, -0.039044, 0.063329, 0.0, 0.0, 0.0, 1.0],
                [0.972828, -0.159294, -0.168019, -0.094394, 0.179528, 0.060744, 0.981875, -0.116535, -0.1462, -0.985361, 0.087692, 0.071739, 0.0, 0.0, 0.0, 1.0],
                [0.972776, -0.186437, -0.137655, -0.09302, 0.159441, 0.107339, 0.981355, -0.121551, -0.168185, -0.976586, 0.134143, 0.07493, 0.0, 0.0, 0.0, 1.0],
                [0.97214, -0.200618, -0.121229, -0.094376, 0.135735, 0.060158, 0.988917, -0.116084, -0.191101, -0.977821, 0.085713, 0.071696, 0.0, 0.0, 0.0, 1.0],
                [0.971825, -0.204951, -0.116409, -0.097951, 0.104525, -0.067924, 0.9922, -0.101671, -0.211259, -0.976413, -0.044588, 0.063172, 0.0, 0.0, 0.0, 1.0],
                [0.972303, -0.200834, -0.119557, -0.103006, 0.066655, -0.252018, 0.965424, -0.081293, -0.22402, -0.946654, -0.231651, 0.05112, 0.0, 0.0, 0.0, 1.0],
                [0.973794, -0.189356, -0.125971, -0.1088, 0.026537, -0.455504, 0.889838, -0.057934, -0.225876, -0.869862, -0.438542, 0.037304, 0.0, 0.0, 0.0, 1.0],
                [0.976062, -0.173313, -0.131396, -0.114595, -0.00925, -0.636678, 0.771074, -0.034575, -0.217294, -0.751401, -0.62304, 0.023488, 0.0, 0.0, 0.0, 1.0],
                [0.978476, -0.157039, -0.133875, -0.119649, -0.035553, -0.767339, 0.640255, -0.014198, -0.203273, -0.621714, -0.756407, 0.011436, 0.0, 0.0, 0.0, 1.0],
                [0.980333, -0.144813, -0.134077, -0.123224, -0.050823, -0.841721, 0.537515, 0.000216, -0.190695, -0.52013, -0.832527, 0.002912, 0.0, 0.0, 0.0, 1.0],
                [0.98106, -0.140047, -0.13382, -0.12458, -0.055793, -0.865875, 0.497138, 0.005683, -0.185494, -0.480256, -0.85729, -0.000322, 0.0, 0.0, 0.0, 1.0]
            ]
        },
        {
            "name": "Leg_L",
            "time": [0.0, 0.0167, 0.0333, 0.05, 0.0667, 0.0833, 0.1, 0.1167, 0.1333, 0.15, 0.1667, 0.1833, 0.2, 0.2167, 0.2333, 0.25, 0.2667, 0.2833, 0.3, 0.3167, 0.3333, 0.35, 0.3667, 0.3833, 0.4, 0.4167, 0.4333, 0.45, 0.4667, 0.4833, 0.5, 0.5167, 0.5333],
            "transform": [
                [1.0, 0.0, 1e-06, -0.0, -0.0, 0.984808, 0.173649, 0.37472, -1e-06, -0.173649, 0.984808, -0.0, 0.0, 0.0, 0.0, 1.0],
                [0.99998, 0.006034, 0.001721, 0.0, -0.00625, 0.982152, 0.187984, 0.37472, -0.000556, -0.187991, 0.982171, 0.0, 0.0, 0.0, 0.0, 1.0],
                [0.999727, 0.022344, 0.006852, -0.0, -0.023316, 0.973666, 0.226785, 0.37472, -0.001604, -0.226883, 0.973921, -0.0, 0.0, 0.0, 0.0, 1.0],
                [0.998814, 0.046114, 0.015641, -0.0, -0.048657, 0.957743, 0.283479, 0.37472, -0.001908, -0.283904, 0.958851, -0.0, 0.0, 0.0, 0.0, 1.0],
                [0.996832, 0.074349, 0.028244, 0.0, -0.079533, 0.932966, 0.351067, 0.37472, -0.000249, -0.352201, 0.935924, -0.0, 0.0, 0.0, 0.0, 1.0],
                [0.993593, 0.103991, 0.044272, 0.0, -0.112948, 0.899375, 0.422336, 0.37472, 0.004102, -0.42463, 0.905358, 0.0, 0.0, 0.0, 0.0, 1.0],
                [0.98925, 0.132177, 0.062553, 0.0, -0.145811, 0.859187, 0.490445, 0.37472, 0.011081, -0.494294, 0.869224, -0.0, 0.0, 0.0, 0.0, 1.0],
                [0.984332, 0.156532, 0.081162, -0.0, -0.175215, 0.816838, 0.549614, 0.37472, 0.019736, -0.555224, 0.831467, -0.0, 0.0, 0.0, 0.0, 1.0],
                [0.979655, 0.175328, 0.097649, -0.0, -0.198667, 0.778393, 0.595513, 0.37472, 0.0284, -0.602798, 0.797388, -0.0, 0.0, 0.0, 0.0, 1.0],
                [0.97618, 0.187379, 0.10937, -0.0, -0.214115, 0.750627, 0.625071, 0.37472, 0.035029, -0.633599, 0.772868, 0.0, 0.0, 0.0, 0.0, 1.0],
                [0.974841, 0.191669, 0.113787, 0.0, -0.219702, 0.74008, 0.63562, 0.37472, 0.037617, -0.644628, 0.76357, 0.0, 0.0, 0.0, 0.0, 1.0],
                [0.974841, 0.191669, 0.113787, 0.0, -0.219702, 0.74008, 0.63562, 0.37472, 0.037617, -0.644628, 0.76357, 0.0, 0.0, 0.0, 0.0, 1.0],
                [0.974841, 0.191668, 0.113787, -0.0, -0.219703, 0.74008, 0.63562, 0.37472, 0.037617, -0.644628, 0.76357, 0.0, 0.0, 0.0, 0.0, 1.0],
                [0.974841, 0.191669, 0.113787, -0.0, -0.219702, 0.74008, 0.63562, 0.37472, 0.037617, -0.644628, 0.76357, 0.0, 0.0, 0.0, 0.0, 1.0],
                [0.974841, 0.191669, 0.113787, -0.0, -0.219702, 0.74008, 0.63562, 0.37472, 0.037617, -0.644628, 0.76357, 0.0, 0.0, 0.0, 0.0, 1.0],
                [0.974841, 0.191669, 0.113787, -0.0, -0.219702, 0.74008, 0.63562, 0.37472, 0.037617, -0.644628, 0.76357, -0.0, 0.0, 0.0, 0.0, 1.0],
                [0.974841, 0.191669, 0.113787, -0.0, -0.219702, 0.74008, 0.63562, 0.37472, 0.037617, -0.644628, 0.76357, -0.0, 0.0, 0.0, 0.0, 1.0],
                [0.975153, 0.186525, 0.119516, 0.0, -0.218064, 0.713143, 0.666239, 0.37472, 0.039038, -0.675748, 0.736099, -0.0, 0.0, 0.0, 0.0, 1.0],
                [0.976142, 0.171164, 0.133601, -0.0, -0.212972, 0.634868, 0.742688, 0.37472, 0.042303, -0.753422, 0.656175, -0.0, 0.0, 0.0, 0.0, 1.0],
                [0.977878, 0.145471, 0.150307, 0.0, -0.204171, 0.507569, 0.837071, 0.37472, 0.045478, -0.849242, 0.526042, -0.0, 0.0, 0.0, 0.0, 1.0],
                [0.980289, 0.111156, 0.163331, 0.0, -0.192053, 0.342207, 0.919788, 0.37472, 0.046347, -0.933027, 0.356809, -0.0, 0.0, 0.0, 0.0, 1.0],
                [0.983093, 0.072862, 0.167989, -0.0, -0.177949, 0.163893, 0.970295, 0.37472, 0.043166, -0.983784, 0.174088, 0.0, 0.0, 0.0, 0.0, 1.0],
                [0.985901, 0.036729, 0.163249, 0.0, -0.163547, 0.005259, 0.986522, 0.37472, 0.035375, -0.999312, 0.011192, -0.0, 0.0, 0.0, 0.0, 1.0],
                [0.988424, 0.007805, 0.151519, -0.0, -0.149878, -0.104897, 0.983124, 0.37472, 0.023567, -0.994453, -0.102513, 0.0, 0.0, 0.0, 0.0, 1.0],
                [0.990579, -0.011195, 0.136482, -0.0, -0.136654, -0.145284, 0.979907, 0.37472, 0.008858, -0.989327, -0.145445, 0.0, 0.0, 0.0, 0.0, 1.0],
                [0.992682, -0.019479, 0.119176, 0.0, -0.12064, -0.116427, 0.985845, 0.37472, -0.005329, -0.993008, -0.117925, 0.0, 0.0, 0.0, 0.0, 1.0],
                [0.994858, -0.01976, 0.09933, -0.0, -0.100069, -0.040797, 0.994144, 0.37472, -0.015592, -0.998972, -0.042564, 0.0, 0.0, 0.0, 0.0, 1.0],
                [0.996848, -0.015676, 0.077772, 0.0, -0.076559, 0.067006, 0.994811, 0.37472, -0.020806, -0.997629, 0.065594, 0.0, 0.0, 0.0, 0.0, 1.0],
                [0.998402, -0.01023, 0.055581, -0.0, -0.052632, 0.189925, 0.980387, 0.37472, -0.020586, -0.981745, 0.189083, -0.0, 0.0, 0.0, 0.0, 1.0],
                [0.99939, -0.005463, 0.034498, 0.0, -0.031115, 0.309458, 0.950404, 0.37472, -0.015868, -0.950898, 0.309099, -0.0, 0.0, 0.0, 0.0, 1.0],
                [0.999857, -0.002259, 0.016726, 0.0, -0.014341, 0.408886, 0.912473, 0.37472, -0.008901, -0.912582, 0.408795, -0.0, 0.0, 0.0, 0.0, 1.0],
                [0.99999, -0.000558, 0.004524, -0.0, -0.003714, 0.475595, 0.879656, 0.37472, -0.002643, -0.879664, 0.475588, -0.0, 0.0, 0.0, 0.0, 1.0],
                [1.0, -0.0, 1e-06, -0.0, -0.0, 0.5, 0.866026, 0.37472, -1e-06, -0.866026, 0.5, 0.0, 0.0, 0.0, 0.0, 1.0]
            ]
        },
        {
            "name": "Knee_L",
            "time": [0.0, 0.0167, 0.0333, 0.05, 0.0667, 0.0833, 0.1, 0.1167, 0.1333, 0.15, 0.1667, 0.1833, 0.2, 0.2167, 0.2333, 0.25, 0.2667, 0.2833, 0.3, 0.3167, 0.3333, 0.35, 0.3667, 0.3833, 0.4, 0.4167, 0.4333, 0.45, 0.4667, 0.4833, 0.5, 0.5167, 0.5333],
            "transform": [
                [1.0, 0.0, -0.0, -0.0, -0.0, 0.0, -1.0, 0.37472, -0.0, 1.0, 0.0, -0.0, 0.0, 0.0, 0.0, 1.0],
                [1.0, 0.0, -0.0, 0.0, -0.0, 0.0, -1.0, 0.37472, -0.0, 1.0, 0.0, 0.0, 0.0, 0.0, 0.0, 1.0],
                [1.0, 0.0, -0.0, -0.0, -0.0, 0.0, -1.0, 0.37472, -0.0, 1.0, 0.0, -0.0, 0.0, 0.0, 0.0, 1.0],
                [1.0, 0.0, -0.0, -0.0, -0.0, 0.0, -1.0, 0.37472, -0.0, 1.0, 0.0, -0.0, 0.0, 0.0, 0.0, 1.0],
                [1.0, 0.0, -0.0, 0.0, -0.0, 0.0, -1.0, 0.37472, -0.0, 1.0, 0.0, -0.0, 0.0, 0.0, 0.0, 1.0],
                [1.0, 0.0, -1e-06, 0.0, -1e-06, 0.0, -1.0, 0.37472, -0.0, 1.0, 0.0, 0.0, 0.0, 0.0, 0.0, 1.0],
