{
    "armature": {
        "joints": ["Root", "Thigh_R", "Leg_R", "Knee_R", "Thigh_L", "Leg_L", "Knee_L", "Torso", "Chest", "Head", "Shoulder_R", "Arm_R", "Hand_R", "Tool_R", "Elbow_R", "Shoulder_L", "Arm_L", "Hand_L", "Tool_L", "Elbow_L"],
        "hierarchy": [
            {
                "name": "Root",
                "transform": [1.0, 0.0, 0.0, -5e-06, 0.0, 0.0, -1.0, 0.000946, 0.0, 1.0, 0.0, 0.763972, 0.0, 0.0, 0.0, 1.0],
                "children": [
                    {
                        "name": "Thigh_R",
                        "transform": [1.0, -0.0, -0.0, 0.124994, -0.0, -1.0, 0.0, -0.002831, -0.0, -0.0, -1.0, -1.2e-05, 0.0, 0.0, 0.0, 1.0],
                        "children": [
                            {
                                "name": "Leg_R",
                                "transform": [1.0, 0.0, 1e-06, 0.0, -0.0, 1.0, 0.0, 0.37472, -1e-06, -0.0, 1.0, -0.0, 0.0, 0.0, 0.0, 1.0],
                                "children": []
                            },
                            {
                                "name": "Knee_R",
                                "transform": [1.0, 0.0, -0.0, 0.0, -0.0, 0.0, -1.0, 0.37472, -0.0, 1.0, 0.0, -0.0, 0.0, 0.0, 0.0, 1.0],
                                "children": []
                            }
                        ]
                    },
                    {
                        "name": "Thigh_L",
                        "transform": [1.0, -0.0, -0.0, -0.125006, -0.0, -1.0, 0.0, -0.002831, -0.0, -0.0, -1.0, -1.2e-05, 0.0, 0.0, 0.0, 1.0],
                        "children": [
                            {
                                "name": "Leg_L",
                                "transform": [1.0, 0.0, 1e-06, -0.0, -0.0, 1.0, 0.0, 0.37472, -1e-06, -0.0, 1.0, 0.0, 0.0, 0.0, 0.0, 1.0],
                                "children": []
                            },
                            {
                                "name": "Knee_L",
                                "transform": [1.0, 0.0, -0.0, -0.0, -0.0, 0.0, -1.0, 0.37472, -0.0, 1.0, 0.0, 0.0, 0.0, 0.0, 0.0, 1.0],
                                "children": []
                            }
                        ]
                    },
                    {
                        "name": "Torso",
                        "transform": [1.0, 0.0, 0.0, 0.0, 0.0, 1.0, 0.0, 0.05, 0.0, 0.0, 1.0, 0.0, 0.0, 0.0, 0.0, 1.0],
                        "children": [
                            {
                                "name": "Chest",
                                "transform": [1.0, 0.0, 0.0, 0.0, 0.0, 1.0, 0.0, 0.3, 0.0, 0.0, 1.0, 0.0, 0.0, 0.0, 0.0, 1.0],
                                "children": [
                                    {
                                        "name": "Head",
                                        "transform": [1.0, 0.0, 0.0, 0.0, 0.0, 1.0, 0.0, 0.4, 0.0, 0.0, 1.0, 0.0, 0.0, 0.0, 0.0, 1.0],
                                        "children": []
                                    },
                                    {
                                        "name": "Shoulder_R",
                                        "transform": [0.0, 0.952114, 0.305743, 0.0, 0.0, -0.305743, 0.952114, 0.4, 1.0, 0.0, -0.0, 0.0, 0.0, 0.0, 0.0, 1.0],
                                        "children": [
                                            {
                                                "name": "Arm_R",
                                                "transform": [0.0, -0.0, -1.0, -0.0, 0.952114, 0.305743, 0.0, 0.39386, 0.305743, -0.952114, 0.0, 0.0, 0.0, 0.0, 0.0, 1.0],
                                                "children": [
                                                    {
                                                        "name": "Hand_R",
                                                        "transform": [1.0, 0.0, 0.0, 0.0, -0.0, 0.993938, 0.109947, 0.3, -0.0, -0.109947, 0.993937, 0.0, 0.0, 0.0, 0.0, 1.0],
                                                        "children": [
                                                            {
                                                                "name": "Tool_R",
                                                                "transform": [1.0, 0.0, 0.0, -0.0, 0.0, -0.999836, 0.018122, 0.272858, 0.0, -0.018122, -0.999836, 0.0, 0.0, 0.0, 0.0, 1.0],
                                                                "children": []
                                                            }
                                                        ]
                                                    },
                                                    {
                                                        "name": "Elbow_R",
                                                        "transform": [-1.0, 0.0, -0.0, 0.0, 0.0, 0.0, -1.0, 0.3, -0.0, -1.0, -0.0, 0.0, 0.0, 0.0, 0.0, 1.0],
                                                        "children": []
                                                    }
                                                ]
                                            }
                                        ]
                                    },
                                    {
                                        "name": "Shoulder_L",
                                        "transform": [-0.0, -0.952114, -0.305743, 0.0, 0.0, -0.305743, 0.952114, 0.4, -1.0, 0.0, 0.0, 0.0, 0.0, 0.0, 0.0, 1.0],
                                        "children": [
                                            {
                                                "name": "Arm_L",
                                                "transform": [-0.0, -0.0, 1.0, -0.0, -0.952114, 0.305743, -0.0, 0.39386, -0.305743, -0.952114, -0.0, 0.0, 0.0, 0.0, 0.0, 1.0],
                                                "children": [
                                                    {
                                                        "name": "Hand_L",
                                                        "transform": [1.0, -0.0, 0.0, -0.0, 0.0, 0.993937, 0.109947, 0.3, -0.0, -0.109947, 0.993937, 0.0, 0.0, 0.0, 0.0, 1.0],
                                                        "children": [
                                                            {
                                                                "name": "Tool_L",
                                                                "transform": [1.0, 0.0, 0.0, -0.0, -0.0, -0.999836, 0.018122, 0.272858, 0.0, -0.018122, -0.999836, -0.0, 0.0, 0.0, 0.0, 1.0],
                                                                "children": []
                                                            }
                                                        ]
                                                    },
                                                    {
                                                        "name": "Elbow_L",
                                                        "transform": [-1.0, 0.0, -0.0, -0.0, 0.0, -0.0, -1.0, 0.3, -0.0, -1.0, 0.0, 0.0, 0.0, 0.0, 0.0, 1.0],
                                                        "children": []
                                                    }
                                                ]
                                            }
                                        ]
                                    }
                                ]
                            }
                        ]
                    }
                ]
            }
        ]
    },
    "animation": [
        {
            "name": "Root",
            "time": [0.0, 0.0167, 0.0333, 0.05, 0.0667, 0.0833, 0.1, 0.1167, 0.1333, 0.15, 0.1667, 0.1833, 0.2, 0.2167, 0.2333, 0.25, 0.2667, 0.2833, 0.3, 0.3167, 0.3333, 0.35, 0.3667, 0.3833, 0.4, 0.4167, 0.4333, 0.45, 0.4667, 0.4833, 0.5, 0.5167, 0.5333, 0.55, 0.5667, 0.5833, 0.6, 0.6167, 0.6333, 0.65, 0.6667, 0.6833, 0.7, 0.7167, 0.7333, 0.75, 0.7667, 0.7833, 0.8, 0.8167, 0.8333, 0.85, 0.8667, 0.8833, 0.9, 0.9167, 0.9333, 0.95, 0.9667, 0.9833, 1.0, 1.0167, 1.0333, 1.05, 1.0667],
            "transform": [
                [1.0, 0.0, 0.0, -5e-06, 0.0, 0.0, -1.0, 0.478854, 0.0, 1.0, 0.0, 0.763972, 0.0, 0.0, 0.0, 1.0],
                [1.0, 0.0, 0.0, -5e-06, 0.0, 0.002032, -0.999998, 0.495217, 0.0, 0.999998, 0.002032, 0.763972, 0.0, 0.0, 0.0, 1.0],
                [1.0, 0.0, 0.0, -5e-06, 0.0, 0.007604, -0.999971, 0.540081, 0.0, 0.999971, 0.007604, 0.763972, 0.0, 0.0, 0.0, 1.0],
                [1.0, 0.0, 0.0, -5e-06, 0.0, 0.015929, -0.999873, 0.607114, 0.0, 0.999873, 0.015929, 0.763972, 0.0, 0.0, 0.0, 1.0],
                [1.0, 0.0, 0.0, -5e-06, 0.0, 0.026221, -0.999656, 0.689982, 0.0, 0.999656, 0.026221, 0.763972, 0.0, 0.0, 0.0, 1.0],
                [1.0, 0.0, 0.0, -5e-06, 0.0, 0.03769, -0.99929, 0.78235, 0.0, 0.99929, 0.03769, 0.763972, 0.0, 0.0, 0.0, 1.0],
                [1.0, 0.0, 0.0, -5e-06, 0.0, 0.049547, -0.998772, 0.877886, 0.0, 0.998772, 0.049547, 0.763972, 0.0, 0.0, 0.0, 1.0],
                [1.0, 0.0, 0.0, -5e-06, 0.0, 0.061005, -0.998137, 0.970254, 0.0, 0.998137, 0.061005, 0.763972, 0.0, 0.0, 0.0, 1.0],
                [1.0, 0.0, 0.0, -5e-06, 0.0, 0.071276, -0.997457, 1.053122, 0.0, 0.997457, 0.071276, 0.763972, 0.0, 0.0, 0.0, 1.0],
                [1.0, 0.0, 0.0, -5e-06, 0.0, 0.079579, -0.996829, 1.120155, 0.0, 0.996829, 0.079579, 0.763972, 0.0, 0.0, 0.0, 1.0],
                [1.0, 0.0, 0.0, -5e-06, 0.0, 0.085131, -0.99637, 1.165019, 0.0, 0.99637, 0.085131, 0.763972, 0.0, 0.0, 0.0, 1.0],
                [1.0, 0.0, 0.0, -5e-06, 0.0, 0.087156, -0.996195, 1.181382, 0.0, 0.996195, 0.087156, 0.763972, 0.0, 0.0, 0.0, 1.0],
                [1.0, 0.0, 0.0, -5e-06, 0.0, 0.087156, -0.996195, 1.181382, 0.0, 0.996195, 0.087156, 0.763972, 0.0, 0.0, 0.0, 1.0],
                [1.0, 0.0, 0.0, -5e-06, 0.0, 0.087156, -0.996195, 1.181382, 0.0, 0.996195, 0.087156, 0.763972, 0.0, 0.0, 0.0, 1.0],
                [1.0, 0.0, 0.0, -5e-06, 0.0, 0.087156, -0.996195, 1.181382, 0.0, 0.996195, 0.087156, 0.763972, 0.0, 0.0, 0.0, 1.0],
                [1.0, 0.0, 0.0, -5e-06, 0.0, 0.087156, -0.996195, 1.181382, 0.0, 0.996195, 0.087156, 0.763972, 0.0, 0.0, 0.0, 1.0],
                [1.0, 0.0, 0.0, -5e-06, 0.0, 0.087156, -0.996195, 1.181382, 0.0, 0.996195, 0.087156, 0.763972, 0.0, 0.0, 0.0, 1.0],
                [1.0, 0.0, 0.0, -5e-06, 0.0, 0.087156, -0.996195, 1.181382, 0.0, 0.996195, 0.087156, 0.763972, 0.0, 0.0, 0.0, 1.0],
                [1.0, 0.0, 0.0, -5e-06, 0.0, 0.087156, -0.996195, 1.181382, 0.0, 0.996195, 0.087156, 0.763972, 0.0, 0.0, 0.0, 1.0],
                [1.0, 0.0, 0.0, -5e-06, 0.0, 0.087156, -0.996195, 1.181382, 0.0, 0.996195, 0.087156, 0.763972, 0.0, 0.0, 0.0, 1.0],
                [1.0, 0.0, 0.0, -5e-06, 0.0, 0.087156, -0.996195, 1.181382, 0.0, 0.996195, 0.087156, 0.763972, 0.0, 0.0, 0.0, 1.0],
                [1.0, 0.0, 0.0, -5e-06, 0.0, 0.087156, -0.996195, 1.181382, 0.0, 0.996195, 0.087156, 0.763972, 0.0, 0.0, 0.0, 1.0],
                [1.0, 0.0, 0.0, -5e-06, 0.0, 0.087156, -0.996195, 1.181382, 0.0, 0.996195, 0.087156, 0.763972, 0.0, 0.0, 0.0, 1.0],
                [1.0, 0.0, 0.0, -5e-06, 0.0, 0.087156, -0.996195, 1.181382, 0.0, 0.996195, 0.087156, 0.763972, 0.0, 0.0, 0.0, 1.0],
                [1.0, 0.0, 0.0, -5e-06, 0.0, 0.087156, -0.996195, 1.181382, 0.0, 0.996195, 0.087156, 0.763972, 0.0, 0.0, 0.0, 1.0],
                [1.0, 0.0, 0.0, -5e-06, 0.0, 0.087156, -0.996195, 1.181382, 0.0, 0.996195, 0.087156, 0.763972, 0.0, 0.0, 0.0, 1.0],
                [1.0, 0.0, 0.0, -5e-06, 0.0, 0.087156, -0.996195, 1.181382, 0.0, 0.996195, 0.087156, 0.763972, 0.0, 0.0, 0.0, 1.0],
                [1.0, 0.0, 0.0, -5e-06, 0.0, 0.087156, -0.996195, 1.2261, 0.0, 0.996195, 0.087156, 0.763972, 0.0, 0.0, 0.0, 1.0],
                [1.0, 0.0, 0.0, -5e-06, 0.0, 0.087156, -0.996195, 1.341427, 0.0, 0.996195, 0.087156, 0.763972, 0.0, 0.0, 0.0, 1.0],
                [1.0, 0.0, 0.0, -5e-06, 0.0, 0.087156, -0.996195, 1.499118, 0.0, 0.996195, 0.087156, 0.763972, 0.0, 0.0, 0.0, 1.0],
                [1.0, 0.0, 0.0, -5e-06, 0.0, 0.087156, -0.996195, 1.670932, 0.0, 0.996195, 0.087156, 0.763972, 0.0, 0.0, 0.0, 1.0],
                [1.0, 0.0, 0.0, -5e-06, 0.0, 0.087156, -0.996195, 1.828623, 0.0, 0.996195, 0.087156, 0.763972, 0.0, 0.0, 0.0, 1.0],
                [1.0, 0.0, 0.0, -5e-06, 0.0, 0.087156, -0.996195, 1.94395, 0.0, 0.996195, 0.087156, 0.763972, 0.0, 0.0, 0.0, 1.0],
                [1.0, 0.0, 0.0, -5e-06, 0.0, 0.087156, -0.996195, 1.988668, 0.0, 0.996195, 0.087156, 0.763972, 0.0, 0.0, 0.0, 1.0],
                [1.0, 0.0, 0.0, -5e-06, 0.0, 0.087156, -0.996195, 1.988668, 0.0, 0.996195, 0.087156, 0.763972, 0.0, 0.0, 0.0, 1.0],
                [1.0, 0.0, 0.0, -5e-06, 0.0, 0.087156, -0.996195, 1.988668, 0.0, 0.996195, 0.087156, 0.763972, 0.0, 0.0, 0.0, 1.0],
                [1.0, 0.0, 0.0, -5e-06, 0.0, 0.087156, -0.996195, 1.988668, 0.0, 0.996195, 0.087156, 0.763972, 0.0, 0.0, 0.0, 1.0],
                [1.0, 0.0, 0.0, -5e-06, 0.0, 0.087156, -0.996195, 1.988668, 0.0, 0.996195, 0.087156, 0.763972, 0.0, 0.0, 0.0, 1.0],
                [1.0, 0.0, 0.0, -5e-06, 0.0, 0.087156, -0.996195, 1.988668, 0.0, 0.996195, 0.087156, 0.763972, 0.0, 0.0, 0.0, 1.0],
                [1.0, 0.0, 0.0, -5e-06, 0.0, 0.087156, -0.996195, 1.988668, 0.0, 0.996195, 0.087156, 0.763972, 0.0, 0.0, 0.0, 1.0],
                [1.0, 0.0, 0.0, -5e-06, 0.0, 0.087156, -0.996195, 1.988668, 0.0, 0.996195, 0.087156, 0.763972, 0.0, 0.0, 0.0, 1.0],
                [1.0, 0.0, 0.0, -5e-06, 0.0, 0.087156, -0.996195, 1.988668, 0.0, 0.996195, 0.087156, 0.763972, 0.0, 0.0, 0.0, 1.0],
                [1.0, 0.0, 0.0, -5e-06, 0.0, 0.087156, -0.996195, 1.988668, 0.0, 0.996195, 0.087156, 0.763972, 0.0, 0.0, 0.0, 1.0],
                [1.0, 0.0, 0.0, -5e-06, 0.0, 0.087156, -0.996195, 1.988668, 0.0, 0.996195, 0.087156, 0.763972, 0.0, 0.0, 0.0, 1.0],
                [1.0, 0.0, 0.0, -5e-06, 0.0, 0.087156, -0.996195, 1.988668, 0.0, 0.996195, 0.087156, 0.763972, 0.0, 0.0, 0.0, 1.0],
                [1.0, 0.0, 0.0, -5e-06, 0.0, 0.087156, -0.996195, 1.988668, 0.0, 0.996195, 0.087156, 0.763972, 0.0, 0.0, 0.0, 1.0],
                [1.0, 0.0, 0.0, -5e-06, 0.0, 0.087156, -0.996195, 1.988668, 0.0, 0.996195, 0.087156, 0.763972, 0.0, 0.0, 0.0, 1.0],
                [1.0, 0.0, 0.0, -5e-06, 0.0, 0.087156, -0.996195, 1.988668, 0.0, 0.996195, 0.087156, 0.763972, 0.0, 0.0, 0.0, 1.0],
                [1.0, 0.0, 0.0, -5e-06, 0.0, 0.087156, -0.996195, 1.988668, 0.0, 0.996195, 0.087156, 0.763972, 0.0, 0.0, 0.0, 1.0],
                [1.0, 0.0, 0.0, -5e-06, 0.0, 0.08618, -0.99628, 1.986146, 0.0, 0.99628, 0.08618, 0.763972, 0.0, 0.0, 0.0, 1.0],
                [1.0, 0.0, 0.0, -5e-06, 0.0, 0.083421, -0.996514, 1.979017, 0.0, 0.996514, 0.083421, 0.763972, 0.0, 0.0, 0.0, 1.0],
                [1.0, 0.0, 0.0, -5e-06, 0.0, 0.079132, -0.996864, 1.96794, 0.0, 0.996864, 0.079132, 0.763972, 0.0, 0.0, 0.0, 1.0],
                [1.0, 0.0, 0.0, -5e-06, 0.0, 0.073567, -0.99729, 1.953573, 0.0, 0.99729, 0.073567, 0.763972, 0.0, 0.0, 0.0, 1.0],
                [1.0, 0.0, 0.0, -5e-06, 0.0, 0.066979, -0.997754, 1.936574, 0.0, 0.997754, 0.066979, 0.763972, 0.0, 0.0, 0.0, 1.0],
                [1.0, 0.0, 0.0, -5e-06, 0.0, 0.059622, -0.998221, 1.917601, 0.0, 0.998221, 0.059622, 0.763972, 0.0, 0.0, 0.0, 1.0],
                [1.0, 0.0, 0.0, -5e-06, 0.0, 0.05175, -0.99866, 1.897311, 0.0, 0.99866, 0.05175, 0.763972, 0.0, 0.0, 0.0, 1.0],
                [1.0, 0.0, 0.0, -5e-06, 0.0, 0.043619, -0.999048, 1.876364, 0.0, 0.999048, 0.043619, 0.763972, 0.0, 0.0, 0.0, 1.0],
                [1.0, 0.0, 0.0, -5e-06, 0.0, 0.035486, -0.99937, 1.855417, 0.0, 0.99937, 0.035486, 0.763972, 0.0, 0.0, 0.0, 1.0],
                [1.0, 0.0, 0.0, -5e-06, 0.0, 0.027606, -0.999619, 1.835127, 0.0, 0.999619, 0.027606, 0.763972, 0.0, 0.0, 0.0, 1.0],
                [1.0, 0.0, 0.0, -5e-06, 0.0, 0.020236, -0.999795, 1.816154, 0.0, 0.999795, 0.020236, 0.763972, 0.0, 0.0, 0.0, 1.0],
                [1.0, 0.0, 0.0, -5e-06, 0.0, 0.013632, -0.999907, 1.799155, 0.0, 0.999907, 0.013632, 0.763972, 0.0, 0.0, 0.0, 1.0],
                [1.0, 0.0, 0.0, -5e-06, 0.0, 0.008051, -0.999968, 1.784788, 0.0, 0.999968, 0.008051, 0.763972, 0.0, 0.0, 0.0, 1.0],
                [1.0, 0.0, 0.0, -5e-06, 0.0, 0.003749, -0.999993, 1.773711, 0.0, 0.999993, 0.003749, 0.763972, 0.0, 0.0, 0.0, 1.0],
                [1.0, 0.0, 0.0, -5e-06, 0.0, 0.00098, -1.0, 1.766583, 0.0, 1.0, 0.00098, 0.763972, 0.0, 0.0, 0.0, 1.0],
                [1.0, 0.0, 0.0, -5e-06, 0.0, 0.0, -1.0, 1.76406, 0.0, 1.0, 0.0, 0.763972, 0.0, 0.0, 0.0, 1.0]
            ]
        },
        {
            "name": "Thigh_R",
            "time": [0.0, 0.0167, 0.0333, 0.05, 0.0667, 0.0833, 0.1, 0.1167, 0.1333, 0.15, 0.1667, 0.1833, 0.2, 0.2167, 0.2333, 0.25, 0.2667, 0.2833, 0.3, 0.3167, 0.3333, 0.35, 0.3667, 0.3833, 0.4, 0.4167, 0.4333, 0.45, 0.4667, 0.4833, 0.5, 0.5167, 0.5333, 0.55, 0.5667, 0.5833, 0.6, 0.6167, 0.6333, 0.65, 0.6667, 0.6833, 0.7, 0.7167, 0.7333, 0.75, 0.7667, 0.7833, 0.8, 0.8167, 0.8333, 0.85, 0.8667, 0.8833, 0.9, 0.9167, 0.9333, 0.95, 0.9667, 0.9833, 1.0, 1.0167, 1.0333, 1.05, 1.0667],
            "transform": [
                [0.992404, 0.078897, 0.094391, 0.124987, 0.070754, -0.993718, 0.086709, -0.003894, 0.100639, -0.079372, -0.991752, 0.000806, 0.0, 0.0, 0.0, 1.0],
                [0.992379, 0.079929, 0.093783, 0.124987, 0.0699, -0.991933, 0.105749, -0.003894, 0.101479, -0.098388, -0.989961, 0.000807, 0.0, 0.0, 0.0, 1.0],
                [0.992318, 0.082686, 0.092023, 0.124987, 0.067486, -0.985209, 0.15751, -0.003894, 0.103686, -0.15009, -0.98322, 0.000807, 0.0, 0.0, 0.0, 1.0],
                [0.992246, 0.086605, 0.089147, 0.124987, 0.063694, -0.970237, 0.233629, -0.003894, 0.106727, -0.22614, -0.96823, 0.000806, 0.0, 0.0, 0.0, 1.0],
                [0.99219, 0.091082, 0.085225, 0.124987, 0.058746, -0.943929, 0.32488, -0.003894, 0.110037, -0.317336, -0.941907, 0.000806, 0.0, 0.0, 0.0, 1.0],
                [0.992169, 0.09553, 0.08047, 0.124987, 0.053003, -0.905371, 0.421301, -0.003894, 0.113102, -0.413737, -0.903344, 0.000806, 0.0, 0.0, 0.0, 1.0],
                [0.99219, 0.09946, 0.07528, 0.124987, 0.046972, -0.856999, 0.513173, -0.003894, 0.115555, -0.505629, -0.854977, 0.000806, 0.0, 0.0, 0.0, 1.0],
                [0.992246, 0.102564, 0.070201, 0.124987, 0.041263, -0.804628, 0.592344, -0.003894, 0.117239, -0.584854, -0.802621, 0.000806, 0.0, 0.0, 0.0, 1.0],
                [0.992318, 0.104733, 0.06585, 0.124987, 0.036499, -0.756425, 0.653061, -0.003894, 0.118208, -0.645641, -0.754437, 0.000807, 0.0, 0.0, 0.0, 1.0],
                [0.992379, 0.105999, 0.062835, 0.124987, 0.033259, -0.72141, 0.691708, -0.003894, 0.11865, -0.684347, -0.719438, 0.000807, 0.0, 0.0, 0.0, 1.0],
                [0.992404, 0.106423, 0.061714, 0.124987, 0.032067, -0.708084, 0.705399, -0.003894, 0.118769, -0.698062, -0.706119, 0.000807, 0.0, 0.0, 0.0, 1.0],
                [0.992404, 0.106423, 0.061714, 0.124987, 0.032067, -0.708084, 0.705399, -0.003894, 0.118769, -0.698062, -0.706119, 0.000807, 0.0, 0.0, 0.0, 1.0],
                [0.992404, 0.106423, 0.061714, 0.124987, 0.032067, -0.708084, 0.705399, -0.003894, 0.118769, -0.698062, -0.706119, 0.000807, 0.0, 0.0, 0.0, 1.0],
                [0.992404, 0.106423, 0.061714, 0.124987, 0.032067, -0.708084, 0.705399, -0.003894, 0.118769, -0.698062, -0.706119, 0.000807, 0.0, 0.0, 0.0, 1.0],
                [0.992404, 0.106423, 0.061714, 0.124987, 0.032067, -0.708084, 0.705399, -0.003894, 0.118769, -0.698062, -0.706119, 0.000807, 0.0, 0.0, 0.0, 1.0],
                [0.992404, 0.106423, 0.061714, 0.124987, 0.032067, -0.708084, 0.705399, -0.003894, 0.118769, -0.698062, -0.706119, 0.000807, 0.0, 0.0, 0.0, 1.0],
                [0.992404, 0.106423, 0.061714, 0.124987, 0.032067, -0.708084, 0.705399, -0.003894, 0.118769, -0.698062, -0.706119, 0.000807, 0.0, 0.0, 0.0, 1.0],
                [0.992404, 0.106423, 0.061714, 0.124987, 0.032067, -0.708084, 0.705399, -0.003894, 0.118769, -0.698062, -0.706119, 0.000807, 0.0, 0.0, 0.0, 1.0],
                [0.992404, 0.106423, 0.061714, 0.124987, 0.032067, -0.708084, 0.705399, -0.003894, 0.118769, -0.698062, -0.706119, 0.000807, 0.0, 0.0, 0.0, 1.0],
                [0.992404, 0.106423, 0.061714, 0.124987, 0.032067, -0.708084, 0.705399, -0.003894, 0.118769, -0.698062, -0.706119, 0.000807, 0.0, 0.0, 0.0, 1.0],
                [0.992404, 0.106423, 0.061714, 0.124987, 0.032067, -0.708084, 0.705399, -0.003894, 0.118769, -0.698062, -0.706119, 0.000807, 0.0, 0.0, 0.0, 1.0],
                [0.992404, 0.106423, 0.061714, 0.124987, 0.032067, -0.708084, 0.705399, -0.003894, 0.118769, -0.698062, -0.706119, 0.000807, 0.0, 0.0, 0.0, 1.0],
                [0.992404, 0.106423, 0.061714, 0.124987, 0.032067, -0.708084, 0.705399, -0.003894, 0.118769, -0.698062, -0.706119, 0.000807, 0.0, 0.0, 0.0, 1.0],
                [0.992404, 0.106423, 0.061714, 0.124987, 0.032067, -0.708084, 0.705399, -0.003894, 0.118769, -0.698062, -0.706119, 0.000807, 0.0, 0.0, 0.0, 1.0],
                [0.992404, 0.106423, 0.061714, 0.124987, 0.032067, -0.708084, 0.705399, -0.003894, 0.118769, -0.698062, -0.706119, 0.000807, 0.0, 0.0, 0.0, 1.0],
                [0.992404, 0.106423, 0.061714, 0.124987, 0.032067, -0.708084, 0.705399, -0.003894, 0.118769, -0.698062, -0.706119, 0.000807, 0.0, 0.0, 0.0, 1.0],
                [0.992344, 0.105376, 0.064417, 0.124987, 0.033534, -0.731863, 0.680625, -0.003894, 0.118866, -0.673255, -0.729794, 0.000807, 0.0, 0.0, 0.0, 1.0],
                [0.9922, 0.102065, 0.071572, 0.124987, 0.037535, -0.792104, 0.609231, -0.003894, 0.118874, -0.601792, -0.789756, 0.000807, 0.0, 0.0, 0.0, 1.0],
                [0.99204, 0.095972, 0.081523, 0.124987, 0.043419, -0.8684, 0.493959, -0.003894, 0.118201, -0.486488, -0.865655, 0.000807, 0.0, 0.0, 0.0, 1.0],
                [0.991937, 0.086868, 0.092282, 0.124987, 0.050322, -0.938244, 0.342294, -0.003894, 0.116317, -0.33489, -0.93505, 0.000807, 0.0, 0.0, 0.0, 1.0],
                [0.991937, 0.075407, 0.101861, 0.124987, 0.057189, -0.983572, 0.171217, -0.003894, 0.113099, -0.164011, -0.979954, 0.000807, 0.0, 0.0, 0.0, 1.0],
                [0.99204, 0.063204, 0.108912, 0.124987, 0.063053, -0.997998, 0.004827, -0.003894, 0.108999, 0.002079, -0.99404, 0.000807, 0.0, 0.0, 0.0, 1.0],
                [0.9922, 0.05233, 0.113143, 0.124987, 0.067335, -0.988804, -0.13316, -0.003894, 0.104908, 0.13974, -0.984615, 0.000807, 0.0, 0.0, 0.0, 1.0],
                [0.992344, 0.044701, 0.115133, 0.124987, 0.06989, -0.971832, -0.225071, -0.003894, 0.101829, 0.231394, -0.967516, 0.000807, 0.0, 0.0, 0.0, 1.0],
                [0.992404, 0.041855, 0.115683, 0.124987, 0.070754, -0.963446, -0.258391, -0.003894, 0.100639, 0.264614, -0.959089, 0.000807, 0.0, 0.0, 0.0, 1.0],
                [0.992404, 0.041855, 0.115683, 0.124987, 0.070754, -0.963446, -0.258391, -0.003894, 0.100639, 0.264614, -0.959089, 0.000807, 0.0, 0.0, 0.0, 1.0],
                [0.992404, 0.041855, 0.115683, 0.124987, 0.070754, -0.963446, -0.258391, -0.003894, 0.100639, 0.264614, -0.959089, 0.000807, 0.0, 0.0, 0.0, 1.0],
                [0.992404, 0.041855, 0.115683, 0.124987, 0.070754, -0.963446, -0.258391, -0.003894, 0.100639, 0.264614, -0.959089, 0.000807, 0.0, 0.0, 0.0, 1.0],
                [0.992404, 0.041855, 0.115683, 0.124987, 0.070754, -0.963446, -0.258391, -0.003894, 0.100639, 0.264614, -0.959089, 0.000807, 0.0, 0.0, 0.0, 1.0],
                [0.992404, 0.041855, 0.115683, 0.124987, 0.070754, -0.963446, -0.258391, -0.003894, 0.100639, 0.264614, -0.959089, 0.000807, 0.0, 0.0, 0.0, 1.0],
                [0.992404, 0.041855, 0.115683, 0.124987, 0.070754, -0.963446, -0.258391, -0.003894, 0.100639, 0.264614, -0.959089, 0.000807, 0.0, 0.0, 0.0, 1.0],
                [0.992404, 0.041855, 0.115683, 0.124987, 0.070754, -0.963446, -0.258391, -0.003894, 0.100639, 0.264614, -0.959089, 0.000807, 0.0, 0.0, 0.0, 1.0],
                [0.992404, 0.041855, 0.115683, 0.124987, 0.070754, -0.963446, -0.258391, -0.003894, 0.100639, 0.264614, -0.959089, 0.000807, 0.0, 0.0, 0.0, 1.0],
                [0.992404, 0.041855, 0.115683, 0.124987, 0.070754, -0.963446, -0.258391, -0.003894, 0.100639, 0.264614, -0.959089, 0.000807, 0.0, 0.0, 0.0, 1.0],
                [0.992404, 0.041855, 0.115683, 0.124987, 0.070754, -0.963446, -0.258391, -0.003894, 0.100639, 0.264614, -0.959089, 0.000807, 0.0, 0.0, 0.0, 1.0],
                [0.992404, 0.041855, 0.115683, 0.124987, 0.070754, -0.963446, -0.258391, -0.003894, 0.100639, 0.264614, -0.959089, 0.000807, 0.0, 0.0, 0.0, 1.0],
                [0.992404, 0.041855, 0.115683, 0.124987, 0.070754, -0.963446, -0.258391, -0.003894, 0.100639, 0.264614, -0.959089, 0.000807, 0.0, 0.0, 0.0, 1.0],
                [0.992404, 0.041855, 0.115683, 0.124987, 0.070754, -0.963446, -0.258391, -0.003894, 0.100639, 0.264614, -0.959089, 0.000807, 0.0, 0.0, 0.0, 1.0],
                [0.992404, 0.041855, 0.115683, 0.124987, 0.070754, -0.963446, -0.258391, -0.003894, 0.100639, 0.264614, -0.959089, 0.000807, 0.0, 0.0, 0.0, 1.0],
                [0.992404, 0.041855, 0.115683, 0.124987, 0.070754, -0.963446, -0.258391, -0.003894, 0.100639, 0.264614, -0.959089, 0.000806, 0.0, 0.0, 0.0, 1.0],
                [0.992404, 0.042367, 0.115497, 0.124987, 0.070754, -0.96458, -0.254125, -0.003894, 0.100639, 0.260366, -0.960251, 0.000807, 0.0, 0.0, 0.0, 1.0],
                [0.992404, 0.043803, 0.11496, 0.124987, 0.070754, -0.967672, -0.242084, -0.003894, 0.100639, 0.248379, -0.963421, 0.000806, 0.0, 0.0, 0.0, 1.0],
                [0.992404, 0.046012, 0.114094, 0.124987, 0.070754, -0.97216, -0.22338, -0.003894, 0.100639, 0.229756, -0.968031, 0.000806, 0.0, 0.0, 0.0, 1.0],
                [0.992404, 0.048837, 0.112913, 0.124987, 0.070754, -0.977418, -0.199116, -0.003894, 0.100639, 0.205593, -0.973449, 0.000807, 0.0, 0.0, 0.0, 1.0],
                [0.992404, 0.052121, 0.111436, 0.124987, 0.070754, -0.982827, -0.170424, -0.003894, 0.100639, 0.177014, -0.979049, 0.000807, 0.0, 0.0, 0.0, 1.0],
                [0.992404, 0.055705, 0.109688, 0.124987, 0.070754, -0.987834, -0.13848, -0.003894, 0.100639, 0.145189, -0.984272, 0.000806, 0.0, 0.0, 0.0, 1.0],
                [0.992404, 0.059435, 0.107712, 0.124987, 0.070754, -0.992003, -0.104512, -0.003894, 0.100639, 0.111339, -0.988674, 0.000806, 0.0, 0.0, 0.0, 1.0],
                [0.992404, 0.063162, 0.10557, 0.124987, 0.070754, -0.995049, -0.069792, -0.003894, 0.100639, 0.076731, -0.99196, 0.000807, 0.0, 0.0, 0.0, 1.0],
                [0.992404, 0.066746, 0.103341, 0.124987, 0.070754, -0.996857, -0.035617, -0.003894, 0.100639, 0.042658, -0.994008, 0.000807, 0.0, 0.0, 0.0, 1.0],
                [0.992404, 0.07006, 0.101124, 0.124987, 0.070754, -0.997488, -0.003289, -0.003894, 0.100639, 0.010419, -0.994868, 0.000807, 0.0, 0.0, 0.0, 1.0],
                [0.992404, 0.07299, 0.09903, 0.124987, 0.070754, -0.997157, 0.025907, -0.003894, 0.100639, -0.018703, -0.994747, 0.000807, 0.0, 0.0, 0.0, 1.0],
                [0.992404, 0.075432, 0.097183, 0.124987, 0.070754, -0.996203, 0.050716, -0.003894, 0.100639, -0.043454, -0.993974, 0.000806, 0.0, 0.0, 0.0, 1.0],
                [0.992404, 0.077292, 0.09571, 0.124987, 0.070754, -0.99504, 0.069916, -0.003894, 0.100639, -0.062613, -0.992951, 0.000807, 0.0, 0.0, 0.0, 1.0],
                [0.992404, 0.078479, 0.094739, 0.124987, 0.070754, -0.994092, 0.082311, -0.003894, 0.100639, -0.074982, -0.992093, 0.000806, 0.0, 0.0, 0.0, 1.0],
                [0.992404, 0.078897, 0.094391, 0.124987, 0.070754, -0.993718, 0.086709, -0.003894, 0.100639, -0.079372, -0.991752, 0.000807, 0.0, 0.0, 0.0, 1.0]
            ]
        },
        {
            "name": "Leg_R",
            "time": [0.0, 0.0167, 0.0333, 0.05, 0.0667, 0.0833, 0.1, 0.1167, 0.1333, 0.15, 0.1667, 0.1833, 0.2, 0.2167, 0.2333, 0.25, 0.2667, 0.2833, 0.3, 0.3167, 0.3333, 0.35, 0.3667, 0.3833, 0.4, 0.4167, 0.4333, 0.45, 0.4667, 0.4833, 0.5, 0.5167, 0.5333, 0.55, 0.5667, 0.5833, 0.6, 0.6167, 0.6333, 0.65, 0.6667, 0.6833, 0.7, 0.7167, 0.7333, 0.75, 0.7667, 0.7833, 0.8, 0.8167, 0.8333, 0.85, 0.8667, 0.8833, 0.9, 0.9167, 0.9333, 0.95, 0.9667, 0.9833, 1.0, 1.0167, 1.0333, 1.05, 1.0667],
            "transform": [
                [1.0, 0.0, 1e-06, 0.0, -0.0, 0.965926, 0.258819, 0.37472, -1e-06, -0.258819, 0.965926, 0.0, 0.0, 0.0, 0.0, 1.0],
                [1.0, 0.000694, -0.000572, -0.0, -0.000514, 0.962731, 0.270462, 0.37472, 0.000738, -0.270462, 0.96273, 0.0, 0.0, 0.0, 0.0, 1.0],
                [0.999994, 0.002616, -0.002088, -0.0, -0.001864, 0.953328, 0.301932, 0.37472, 0.00278, -0.301926, 0.953327, 0.0, 0.0, 0.0, 0.0, 1.0],
                [0.999976, 0.005547, -0.004211, 0.0, -0.003736, 0.937537, 0.347864, 0.37472, 0.005878, -0.34784, 0.937535, -0.0, 0.0, 0.0, 0.0, 1.0],
                [0.999935, 0.009251, -0.006602, 0.0, -0.005809, 0.91531, 0.402708, 0.37472, 0.009768, -0.402643, 0.915305, 0.0, 0.0, 0.0, 0.0, 1.0],
                [0.999869, 0.013443, -0.008954, 0.0, -0.007804, 0.887418, 0.460899, 0.37472, 0.014142, -0.460769, 0.887407, 0.0, 0.0, 0.0, 0.0, 1.0],
                [0.999781, 0.017778, -0.011031, -0.0, -0.009512, 0.855826, 0.517177, 0.37472, 0.018635, -0.516959, 0.855808, -0.0, 0.0, 0.0, 0.0, 1.0],
                [0.99968, 0.021863, -0.012686, 0.0, -0.010821, 0.823711, 0.566906, 0.37472, 0.022844, -0.566588, 0.823684, 0.0, 0.0, 0.0, 0.0, 1.0],
                [0.999584, 0.025285, -0.013862, -0.0, -0.011708, 0.795186, 0.606253, 0.37472, 0.026352, -0.605839, 0.795151, 0.0, 0.0, 0.0, 0.0, 1.0],
                [0.999512, 0.027629, -0.014562, -0.0, -0.01221, 0.774826, 0.632057, 0.37472, 0.028746, -0.631571, 0.774785, -0.0, 0.0, 0.0, 0.0, 1.0],
                [0.999484, 0.028497, -0.0148, -0.0, -0.012375, 0.76713, 0.641372, 0.37472, 0.02963, -0.640858, 0.767087, -0.0, 0.0, 0.0, 0.0, 1.0],
                [0.999484, 0.028497, -0.0148, 0.0, -0.012375, 0.76713, 0.641372, 0.37472, 0.02963, -0.640858, 0.767087, 0.0, 0.0, 0.0, 0.0, 1.0],
                [0.999484, 0.028497, -0.0148, 0.0, -0.012375, 0.76713, 0.641372, 0.37472, 0.02963, -0.640858, 0.767087, 0.0, 0.0, 0.0, 0.0, 1.0],
                [0.999484, 0.028497, -0.0148, 0.0, -0.012375, 0.76713, 0.641372, 0.37472, 0.02963, -0.640858, 0.767087, 0.0, 0.0, 0.0, 0.0, 1.0],
                [0.999484, 0.028497, -0.0148, 0.0, -0.012375, 0.76713, 0.641372, 0.37472, 0.02963, -0.640858, 0.767087, 0.0, 0.0, 0.0, 0.0, 1.0],
                [0.999484, 0.028497, -0.0148, 0.0, -0.012375, 0.76713, 0.641372, 0.37472, 0.02963, -0.640858, 0.767087, 0.0, 0.0, 0.0, 0.0, 1.0],
                [0.999484, 0.028497, -0.0148, 0.0, -0.012375, 0.76713, 0.641372, 0.37472, 0.02963, -0.640858, 0.767087, 0.0, 0.0, 0.0, 0.0, 1.0],
                [0.999484, 0.028497, -0.0148, 0.0, -0.012375, 0.76713, 0.641372, 0.37472, 0.02963, -0.640858, 0.767087, 0.0, 0.0, 0.0, 0.0, 1.0],
                [0.999484, 0.028497, -0.0148, 0.0, -0.012375, 0.76713, 0.641372, 0.37472, 0.02963, -0.640858, 0.767087, 0.0, 0.0, 0.0, 0.0, 1.0],
                [0.999484, 0.028497, -0.0148, 0.0, -0.012375, 0.76713, 0.641372, 0.37472, 0.02963, -0.640858, 0.767087, 0.0, 0.0, 0.0, 0.0, 1.0],
                [0.999484, 0.028497, -0.0148, 0.0, -0.012375, 0.76713, 0.641372, 0.37472, 0.02963, -0.640858, 0.767087, 0.0, 0.0, 0.0, 0.0, 1.0],
                [0.999484, 0.028497, -0.0148, 0.0, -0.012375, 0.76713, 0.641372, 0.37472, 0.02963, -0.640858, 0.767087, 0.0, 0.0, 0.0, 0.0, 1.0],
                [0.999484, 0.028497, -0.0148, 0.0, -0.012375, 0.76713, 0.641372, 0.37472, 0.02963, -0.640858, 0.767087, 0.0, 0.0, 0.0, 0.0, 1.0],
                [0.999484, 0.028497, -0.0148, 0.0, -0.012375, 0.76713, 0.641372, 0.37472, 0.02963, -0.640858, 0.767087, 0.0, 0.0, 0.0, 0.0, 1.0],
                [0.999484, 0.028497, -0.0148, 0.0, -0.012375, 0.76713, 0.641372, 0.37472, 0.02963, -0.640858, 0.767087, 0.0, 0.0, 0.0, 0.0, 1.0],
                [0.999484, 0.028497, -0.0148, 0.0, -0.012375, 0.76713, 0.641372, 0.37472, 0.02963, -0.640858, 0.767087, 0.0, 0.0, 0.0, 0.0, 1.0],
                [0.999519, 0.027448, -0.014463, -0.0, -0.012126, 0.774686, 0.63223, 0.37472, 0.028558, -0.63175, 0.774646, 0.0, 0.0, 0.0, 0.0, 1.0],
                [0.999605, 0.024654, -0.013496, 0.0, -0.011395, 0.794428, 0.607252, 0.37472, 0.025692, -0.606858, 0.794395, -0.0, 0.0, 0.0, 0.0, 1.0],
                [0.999715, 0.020656, -0.011935, 0.0, -0.010173, 0.82164, 0.569916, 0.37472, 0.021579, -0.569632, 0.821616, 0.0, 0.0, 0.0, 0.0, 1.0],
                [0.999823, 0.016007, -0.009843, -0.0, -0.008476, 0.851681, 0.523992, 0.37472, 0.016771, -0.523816, 0.851667, 0.0, 0.0, 0.0, 0.0, 1.0],
                [0.99991, 0.011242, -0.007368, -0.0, -0.006407, 0.880536, 0.473936, 0.37472, 0.011816, -0.473846, 0.880528, 0.0, 0.0, 0.0, 0.0, 1.0],
                [0.999965, 0.006856, -0.004767, 0.0, -0.00418, 0.905212, 0.42494, 0.37472, 0.007228, -0.424906, 0.905209, 0.0, 0.0, 0.0, 0.0, 1.0],
                [0.999992, 0.003279, -0.002393, -0.0, -0.002113, 0.923867, 0.382707, 0.37472, 0.003466, -0.382699, 0.923867, 0.0, 0.0, 0.0, 0.0, 1.0],
                [0.999999, 0.00088, -0.000663, 0.0, -0.000589, 0.935574, 0.35313, 0.37472, 0.000931, -0.353129, 0.935574, 0.0, 0.0, 0.0, 0.0, 1.0],
                [1.0, 0.0, 1e-06, -0.0, -0.0, 0.939692, 0.342021, 0.37472, -1e-06, -0.342021, 0.939692, 0.0, 0.0, 0.0, 0.0, 1.0],
                [1.0, 0.0, 1e-06, -0.0, -0.0, 0.939692, 0.342021, 0.37472, -1e-06, -0.342021, 0.939692, 0.0, 0.0, 0.0, 0.0, 1.0],
                [1.0, 0.0, 1e-06, -0.0, -0.0, 0.939692, 0.342021, 0.37472, -1e-06, -0.342021, 0.939692, 0.0, 0.0, 0.0, 0.0, 1.0],
                [1.0, 0.0, 1e-06, -0.0, -0.0, 0.939692, 0.342021, 0.37472, -1e-06, -0.342021, 0.939692, 0.0, 0.0, 0.0, 0.0, 1.0],
                [1.0, 0.0, 1e-06, -0.0, -0.0, 0.939692, 0.342021, 0.37472, -1e-06, -0.342021, 0.939692, 0.0, 0.0, 0.0, 0.0, 1.0],
                [1.0, 0.0, 1e-06, -0.0, -0.0, 0.939692, 0.342021, 0.37472, -1e-06, -0.342021, 0.939692, 0.0, 0.0, 0.0, 0.0, 1.0],
                [1.0, 0.0, 1e-06, -0.0, -0.0, 0.939692, 0.342021, 0.37472, -1e-06, -0.342021, 0.939692, 0.0, 0.0, 0.0, 0.0, 1.0],
                [1.0, 0.0, 1e-06, -0.0, -0.0, 0.939692, 0.342021, 0.37472, -1e-06, -0.342021, 0.939692, 0.0, 0.0, 0.0, 0.0, 1.0],
                [1.0, 0.0, 1e-06, -0.0, -0.0, 0.939692, 0.342021, 0.37472, -1e-06, -0.342021, 0.939692, 0.0, 0.0, 0.0, 0.0, 1.0],
                [1.0, 0.0, 1e-06, -0.0, -0.0, 0.939692, 0.342021, 0.37472, -1e-06, -0.342021, 0.939692, 0.0, 0.0, 0.0, 0.0, 1.0],
                [1.0, 0.0, 1e-06, -0.0, -0.0, 0.939692, 0.342021, 0.37472, -1e-06, -0.342021, 0.939692, 0.0, 0.0, 0.0, 0.0, 1.0],
                [1.0, 0.0, 1e-06, -0.0, -0.0, 0.939692, 0.342021, 0.37472, -1e-06, -0.342021, 0.939692, 0.0, 0.0, 0.0, 0.0, 1.0],
                [1.0, 0.0, 1e-06, -0.0, -0.0, 0.939692, 0.342021, 0.37472, -1e-06, -0.342021, 0.939692, 0.0, 0.0, 0.0, 0.0, 1.0],
                [1.0, 0.0, 1e-06, -0.0, -0.0, 0.939692, 0.342021, 0.37472, -1e-06, -0.342021, 0.939692, 0.0, 0.0, 0.0, 0.0, 1.0],
                [1.0, 0.0, 1e-06, -0.0, -0.0, 0.939692, 0.342021, 0.37472, -1e-06, -0.342021, 0.939692, 0.0, 0.0, 0.0, 0.0, 1.0],
                [1.0, 0.0, 1e-06, 0.0, -0.0, 0.939692, 0.342021, 0.37472, -1e-06, -0.342021, 0.939692, -0.0, 0.0, 0.0, 0.0, 1.0],
                [1.0, 0.0, 1e-06, 0.0, -0.0, 0.940072, 0.340976, 0.37472, -1e-06, -0.340976, 0.940072, 0.0, 0.0, 0.0, 0.0, 1.0],
                [1.0, 0.0, 1e-06, -0.0, -0.0, 0.941134, 0.338034, 0.37472, -1e-06, -0.338034, 0.941134, 0.0, 0.0, 0.0, 0.0, 1.0],
                [1.0, 0.0, 1e-06, -0.0, -0.0, 0.942757, 0.33348, 0.37472, -1e-06, -0.33348, 0.942757, -0.0, 0.0, 0.0, 0.0, 1.0],
                [1.0, 0.0, 1e-06, -0.0, -0.0, 0.944817, 0.327599, 0.37472, -1e-06, -0.327599, 0.944817, 0.0, 0.0, 0.0, 0.0, 1.0],
                [1.0, 0.0, 1e-06, 0.0, -0.0, 0.947189, 0.320677, 0.37472, -1e-06, -0.320677, 0.947189, -0.0, 0.0, 0.0, 0.0, 1.0],
                [1.0, 0.0, 1e-06, 0.0, -0.0, 0.949753, 0.313, 0.37472, -1e-06, -0.313, 0.949753, 0.0, 0.0, 0.0, 0.0, 1.0],
                [1.0, 0.0, 1e-06, 0.0, -0.0, 0.952397, 0.304859, 0.37472, -1e-06, -0.304859, 0.952397, 0.0, 0.0, 0.0, 0.0, 1.0],
                [1.0, 0.0, 1e-06, -0.0, -0.0, 0.955018, 0.296547, 0.37472, -1e-06, -0.296547, 0.955018, 0.0, 0.0, 0.0, 0.0, 1.0],
                [1.0, 0.0, 1e-06, 0.0, -1e-06, 0.957522, 0.288362, 0.37472, -1e-06, -0.288362, 0.957521, -0.0, 0.0, 0.0, 0.0, 1.0],
                [1.0, 0.0, 1e-06, -0.0, -0.0, 0.959824, 0.280603, 0.37472, -1e-06, -0.280602, 0.959824, -0.0, 0.0, 0.0, 0.0, 1.0],
                [1.0, 0.0, 1e-06, 0.0, -0.0, 0.961852, 0.273572, 0.37472, -1e-06, -0.273572, 0.961852, 0.0, 0.0, 0.0, 0.0, 1.0],
                [1.0, 0.0, 1e-06, 0.0, -0.0, 0.963538, 0.267573, 0.37472, -1e-06, -0.267573, 0.963538, 0.0, 0.0, 0.0, 0.0, 1.0],
                [1.0, 0.0, 1e-06, -0.0, -1e-06, 0.96482, 0.262912, 0.37472, -1e-06, -0.262912, 0.96482, 0.0, 0.0, 0.0, 0.0, 1.0],
                [1.0, 0.0, 1e-06, 0.0, -0.0, 0.965637, 0.259893, 0.37472, -1e-06, -0.259893, 0.965638, 0.0, 0.0, 0.0, 0.0, 1.0],
                [1.0, 0.0, 1e-06, 0.0, -0.0, 0.965926, 0.258819, 0.37472, -1e-06, -0.258819, 0.965926, 0.0, 0.0, 0.0, 0.0, 1.0]
            ]
        },
        {
            "name": "Knee_R",
            "time": [0.0, 0.0167, 0.0333, 0.05, 0.0667, 0.0833, 0.1, 0.1167, 0.1333, 0.15, 0.1667, 0.1833, 0.2, 0.2167, 0.2333, 0.25, 0.2667, 0.2833, 0.3, 0.3167, 0.3333, 0.35, 0.3667, 0.3833, 0.4, 0.4167, 0.4333, 0.45, 0.4667, 0.4833, 0.5, 0.5167, 0.5333, 0.55, 0.5667, 0.5833, 0.6, 0.6167, 0.6333, 0.65, 0.6667, 0.6833, 0.7, 0.7167, 0.7333, 0.75, 0.7667, 0.7833, 0.8, 0.8167, 0.8333, 0.85, 0.8667, 0.8833, 0.9, 0.9167, 0.9333, 0.95, 0.9667, 0.9833, 1.0, 1.0167, 1.0333, 1.05, 1.0667],
            "transform": [
                [1.0, 0.0, -0.0, 0.0, -0.0, 0.0, -1.0, 0.37472, -0.0, 1.0, 0.0, 0.0, 0.0, 0.0, 0.0, 1.0],
                [1.0, 0.0, -0.0, -0.0, -0.0, 0.0, -1.0, 0.37472, -0.0, 1.0, 0.0, 0.0, 0.0, 0.0, 0.0, 1.0],
                [1.0, 0.0, -0.0, -0.0, -0.0, 0.0, -1.0, 0.37472, -0.0, 1.0, 0.0, 0.0, 0.0, 0.0, 0.0, 1.0],
                [1.0, 0.0, -0.0, 0.0, -0.0, 0.0, -1.0, 0.37472, -0.0, 1.0, 0.0, -0.0, 0.0, 0.0, 0.0, 1.0],
                [1.0, 0.0, -0.0, 0.0, -0.0, 0.0, -1.0, 0.37472, -0.0, 1.0, 0.0, 0.0, 0.0, 0.0, 0.0, 1.0],
                [1.0, 0.0, -0.0, 0.0, -0.0, 0.0, -1.0, 0.37472, -0.0, 1.0, 0.0, 0.0, 0.0, 0.0, 0.0, 1.0],
                [1.0, 0.0, -0.0, -0.0, -0.0, 0.0, -1.0, 0.37472, -0.0, 1.0, 0.0, -0.0, 0.0, 0.0, 0.0, 1.0],
                [1.0, 0.0, -0.0, 0.0, -0.0, 0.0, -1.0, 0.37472, -0.0, 1.0, 0.0, 0.0, 0.0, 0.0, 0.0, 1.0],
                [1.0, 0.0, -0.0, -0.0, -0.0, 0.0, -1.0, 0.37472, -0.0, 1.0, 0.0, 0.0, 0.0, 0.0, 0.0, 1.0],
                [1.0, 0.0, -0.0, -0.0, -0.0, 0.0, -1.0, 0.37472, -0.0, 1.0, 0.0, -0.0, 0.0, 0.0, 0.0, 1.0],
                [1.0, 0.0, -0.0, -0.0, -0.0, 0.0, -1.0, 0.37472, -0.0, 1.0, 0.0, -0.0, 0.0, 0.0, 0.0, 1.0],
                [1.0, 0.0, -0.0, 0.0, -0.0, 0.0, -1.0, 0.37472, -0.0, 1.0, 0.0, 0.0, 0.0, 0.0, 0.0, 1.0],
                [1.0, 0.0, -0.0, 0.0, -0.0, 0.0, -1.0, 0.37472, -0.0, 1.0, 0.0, 0.0, 0.0, 0.0, 0.0, 1.0],
                [1.0, 0.0, -0.0, 0.0, -0.0, 0.0, -1.0, 0.37472, -0.0, 1.0, 0.0, 0.0, 0.0, 0.0, 0.0, 1.0],
                [1.0, 0.0, -0.0, 0.0, -0.0, 0.0, -1.0, 0.37472, -0.0, 1.0, 0.0, 0.0, 0.0, 0.0, 0.0, 1.0],
                [1.0, 0.0, -0.0, 0.0, -0.0, 0.0, -1.0, 0.37472, -0.0, 1.0, 0.0, 0.0, 0.0, 0.0, 0.0, 1.0],
                [1.0, 0.0, -0.0, 0.0, -0.0, 0.0, -1.0, 0.37472, -0.0, 1.0, 0.0, 0.0, 0.0, 0.0, 0.0, 1.0],
                [1.0, 0.0, -0.0, 0.0, -0.0, 0.0, -1.0, 0.37472, -0.0, 1.0, 0.0, 0.0, 0.0, 0.0, 0.0, 1.0],
                [1.0, 0.0, -0.0, 0.0, -0.0, 0.0, -1.0, 0.37472, -0.0, 1.0, 0.0, 0.0, 0.0, 0.0, 0.0, 1.0],
