{
    "armature": {
        "joints": ["Root", "Thigh_R", "Leg_R", "Knee_R", "Thigh_L", "Leg_L", "Knee_L", "Torso", "Chest", "Head", "Shoulder_R", "Arm_R", "Hand_R", "Tool_R", "Elbow_R", "Shoulder_L", "Arm_L", "Hand_L", "Tool_L", "Elbow_L"],
        "hierarchy": [
            {
                "name": "Root",
                "transform": [1.0, 0.0, 0.0, -5e-06, 0.0, 0.0, -1.0, 0.000946, 0.0, 1.0, 0.0, 0.763972, 0.0, 0.0, 0.0, 1.0],
                "children": [
                    {
                        "name": "Thigh_R",
                        "transform": [1.0, -0.0, -0.0, 0.124994, -0.0, -1.0, 0.0, -0.002831, -0.0, -0.0, -1.0, -1.2e-05, 0.0, 0.0, 0.0, 1.0],
                        "children": [
                            {
                                "name": "Leg_R",
                                "transform": [1.0, 0.0, 1e-06, 0.0, -0.0, 1.0, 0.0, 0.37472, -1e-06, -0.0, 1.0, -0.0, 0.0, 0.0, 0.0, 1.0],
                                "children": []
                            },
                            {
                                "name": "Knee_R",
                                "transform": [1.0, 0.0, -0.0, 0.0, -0.0, 0.0, -1.0, 0.37472, -0.0, 1.0, 0.0, -0.0, 0.0, 0.0, 0.0, 1.0],
                                "children": []
                            }
                        ]
                    },
                    {
                        "name": "Thigh_L",
                        "transform": [1.0, -0.0, -0.0, -0.125006, -0.0, -1.0, 0.0, -0.002831, -0.0, -0.0, -1.0, -1.2e-05, 0.0, 0.0, 0.0, 1.0],
                        "children": [
                            {
                                "name": "Leg_L",
                                "transform": [1.0, 0.0, 1e-06, -0.0, -0.0, 1.0, 0.0, 0.37472, -1e-06, -0.0, 1.0, 0.0, 0.0, 0.0, 0.0, 1.0],
                                "children": []
                            },
                            {
                                "name": "Knee_L",
                                "transform": [1.0, 0.0, -0.0, -0.0, -0.0, 0.0, -1.0, 0.37472, -0.0, 1.0, 0.0, 0.0, 0.0, 0.0, 0.0, 1.0],
                                "children": []
                            }
                        ]
                    },
                    {
                        "name": "Torso",
                        "transform": [1.0, 0.0, 0.0, 0.0, 0.0, 1.0, 0.0, 0.05, 0.0, 0.0, 1.0, 0.0, 0.0, 0.0, 0.0, 1.0],
                        "children": [
                            {
                                "name": "Chest",
                                "transform": [1.0, 0.0, 0.0, 0.0, 0.0, 1.0, 0.0, 0.3, 0.0, 0.0, 1.0, 0.0, 0.0, 0.0, 0.0, 1.0],
                                "children": [
                                    {
                                        "name": "Head",
                                        "transform": [1.0, 0.0, 0.0, 0.0, 0.0, 1.0, 0.0, 0.4, 0.0, 0.0, 1.0, 0.0, 0.0, 0.0, 0.0, 1.0],
                                        "children": []
                                    },
                                    {
                                        "name": "Shoulder_R",
                                        "transform": [0.0, 0.952114, 0.305743, 0.0, 0.0, -0.305743, 0.952114, 0.4, 1.0, 0.0, -0.0, 0.0, 0.0, 0.0, 0.0, 1.0],
                                        "children": [
                                            {
                                                "name": "Arm_R",
                                                "transform": [0.0, -0.0, -1.0, -0.0, 0.952114, 0.305743, 0.0, 0.39386, 0.305743, -0.952114, 0.0, 0.0, 0.0, 0.0, 0.0, 1.0],
                                                "children": [
                                                    {
                                                        "name": "Hand_R",
                                                        "transform": [1.0, 0.0, 0.0, 0.0, -0.0, 0.993938, 0.109947, 0.3, -0.0, -0.109947, 0.993937, 0.0, 0.0, 0.0, 0.0, 1.0],
                                                        "children": [
                                                            {
                                                                "name": "Tool_R",
                                                                "transform": [1.0, 0.0, 0.0, -0.0, 0.0, -0.999836, 0.018122, 0.272858, 0.0, -0.018122, -0.999836, 0.0, 0.0, 0.0, 0.0, 1.0],
                                                                "children": []
                                                            }
                                                        ]
                                                    },
                                                    {
                                                        "name": "Elbow_R",
                                                        "transform": [-1.0, 0.0, -0.0, 0.0, 0.0, 0.0, -1.0, 0.3, -0.0, -1.0, -0.0, 0.0, 0.0, 0.0, 0.0, 1.0],
                                                        "children": []
                                                    }
                                                ]
                                            }
                                        ]
                                    },
                                    {
                                        "name": "Shoulder_L",
                                        "transform": [-0.0, -0.952114, -0.305743, 0.0, 0.0, -0.305743, 0.952114, 0.4, -1.0, 0.0, 0.0, 0.0, 0.0, 0.0, 0.0, 1.0],
                                        "children": [
                                            {
                                                "name": "Arm_L",
                                                "transform": [-0.0, -0.0, 1.0, -0.0, -0.952114, 0.305743, -0.0, 0.39386, -0.305743, -0.952114, -0.0, 0.0, 0.0, 0.0, 0.0, 1.0],
                                                "children": [
                                                    {
                                                        "name": "Hand_L",
                                                        "transform": [1.0, -0.0, 0.0, -0.0, 0.0, 0.993937, 0.109947, 0.3, -0.0, -0.109947, 0.993937, 0.0, 0.0, 0.0, 0.0, 1.0],
                                                        "children": [
                                                            {
                                                                "name": "Tool_L",
                                                                "transform": [1.0, 0.0, 0.0, -0.0, -0.0, -0.999836, 0.018122, 0.272858, 0.0, -0.018122, -0.999836, -0.0, 0.0, 0.0, 0.0, 1.0],
                                                                "children": []
                                                            }
                                                        ]
                                                    },
                                                    {
                                                        "name": "Elbow_L",
                                                        "transform": [-1.0, 0.0, -0.0, -0.0, 0.0, -0.0, -1.0, 0.3, -0.0, -1.0, 0.0, 0.0, 0.0, 0.0, 0.0, 1.0],
                                                        "children": []
                                                    }
                                                ]
                                            }
                                        ]
                                    }
                                ]
                            }
                        ]
                    }
                ]
            }
        ]
    },
    "animation": [
        {
            "name": "Root",
            "time": [0.0, 0.0167, 0.0333, 0.05, 0.0667, 0.0833, 0.1, 0.1167, 0.1333, 0.15, 0.1667, 0.1833, 0.2, 0.2167, 0.2333, 0.25, 0.2667, 0.2833, 0.3, 0.3167, 0.3333, 0.35, 0.3667, 0.3833, 0.4, 0.4167, 0.4333, 0.45, 0.4667, 0.4833, 0.5, 0.5167, 0.5333, 0.55, 0.5667, 0.5833, 0.6, 0.6167, 0.6333, 0.65, 0.6667, 0.6833, 0.7, 0.7167, 0.7333],
            "transform": [
                [1.0, 0.0, 0.0, -5e-06, 0.0, 0.0, -1.0, 0.000946, 0.0, 1.0, 0.0, 0.763972, 0.0, 0.0, 0.0, 1.0],
                [1.0, 0.0, 0.0, -5e-06, 0.0, 0.0, -1.0, 0.05682, 0.0, 1.0, 0.0, 0.763972, 0.0, 0.0, 0.0, 1.0],
                [1.0, 0.0, 0.0, -5e-06, 0.0, 0.0, -1.0, 0.204122, 0.0, 1.0, 0.0, 0.763972, 0.0, 0.0, 0.0, 1.0],
                [1.0, 0.0, 0.0, -5e-06, 0.0, 0.0, -1.0, 0.412377, 0.0, 1.0, 0.0, 0.763972, 0.0, 0.0, 0.0, 1.0],
                [1.0, 0.0, 0.0, -5e-06, 0.0, 0.0, -1.0, 0.651108, 0.0, 1.0, 0.0, 0.763972, 0.0, 0.0, 0.0, 1.0],
                [1.0, 0.0, 0.0, -5e-06, 0.0, 0.0, -1.0, 0.889839, 0.0, 1.0, 0.0, 0.763972, 0.0, 0.0, 0.0, 1.0],
                [1.0, 0.0, 0.0, -5e-06, 0.0, 0.0, -1.0, 1.098094, 0.0, 1.0, 0.0, 0.763972, 0.0, 0.0, 0.0, 1.0],
                [1.0, 0.0, 0.0, -5e-06, 0.0, 0.0, -1.0, 1.245396, 0.0, 1.0, 0.0, 0.763972, 0.0, 0.0, 0.0, 1.0],
                [1.0, 0.0, 0.0, -5e-06, 0.0, 0.0, -1.0, 1.301269, 0.0, 1.0, 0.0, 0.763972, 0.0, 0.0, 0.0, 1.0],
                [1.0, 0.0, 0.0, -5e-06, 0.0, 0.0, -1.0, 1.301269, 0.0, 1.0, 0.0, 0.763972, 0.0, 0.0, 0.0, 1.0],
                [1.0, 0.0, 0.0, -5e-06, 0.0, 0.0, -1.0, 1.301269, 0.0, 1.0, 0.0, 0.763972, 0.0, 0.0, 0.0, 1.0],
                [1.0, 0.0, 0.0, -5e-06, 0.0, 0.0, -1.0, 1.301269, 0.0, 1.0, 0.0, 0.763972, 0.0, 0.0, 0.0, 1.0],
                [1.0, 0.0, 0.0, -5e-06, 0.0, 0.0, -1.0, 1.301269, 0.0, 1.0, 0.0, 0.763972, 0.0, 0.0, 0.0, 1.0],
                [1.0, 0.0, 0.0, -5e-06, 0.0, 0.0, -1.0, 1.301269, 0.0, 1.0, 0.0, 0.763972, 0.0, 0.0, 0.0, 1.0],
                [1.0, 0.0, 0.0, -5e-06, 0.0, 0.0, -1.0, 1.301269, 0.0, 1.0, 0.0, 0.763972, 0.0, 0.0, 0.0, 1.0],
                [1.0, 0.0, 0.0, -5e-06, 0.0, 0.0, -1.0, 1.301269, 0.0, 1.0, 0.0, 0.763972, 0.0, 0.0, 0.0, 1.0],
                [1.0, 0.0, 0.0, -5e-06, 0.0, 0.0, -1.0, 1.301269, 0.0, 1.0, 0.0, 0.763972, 0.0, 0.0, 0.0, 1.0],
                [1.0, 0.0, 0.0, -5e-06, 0.0, 0.0, -1.0, 1.301269, 0.0, 1.0, 0.0, 0.763972, 0.0, 0.0, 0.0, 1.0],
                [1.0, 0.0, 0.0, -5e-06, 0.0, 0.0, -1.0, 1.301269, 0.0, 1.0, 0.0, 0.763972, 0.0, 0.0, 0.0, 1.0],
                [1.0, 0.0, 0.0, -5e-06, 0.0, 0.0, -1.0, 1.301269, 0.0, 1.0, 0.0, 0.763972, 0.0, 0.0, 0.0, 1.0],
                [1.0, 0.0, 0.0, -5e-06, 0.0, 0.0, -1.0, 1.301269, 0.0, 1.0, 0.0, 0.763972, 0.0, 0.0, 0.0, 1.0],
                [1.0, 0.0, 0.0, -5e-06, 0.0, 0.0, -1.0, 1.301269, 0.0, 1.0, 0.0, 0.763972, 0.0, 0.0, 0.0, 1.0],
                [1.0, 0.0, 0.0, -5e-06, 0.0, 0.0, -1.0, 1.301269, 0.0, 1.0, 0.0, 0.763972, 0.0, 0.0, 0.0, 1.0],
                [1.0, 0.0, 0.0, -5e-06, 0.0, 0.0, -1.0, 1.301269, 0.0, 1.0, 0.0, 0.763972, 0.0, 0.0, 0.0, 1.0],
                [1.0, 0.0, 0.0, -5e-06, 0.0, 0.0, -1.0, 1.301269, 0.0, 1.0, 0.0, 0.763972, 0.0, 0.0, 0.0, 1.0],
                [1.0, 0.0, 0.0, -5e-06, 0.0, 0.0, -1.0, 1.29684, 0.0, 1.0, 0.0, 0.763972, 0.0, 0.0, 0.0, 1.0],
                [1.0, 0.0, 0.0, -5e-06, 0.0, 0.0, -1.0, 1.284165, 0.0, 1.0, 0.0, 0.763972, 0.0, 0.0, 0.0, 1.0],
                [1.0, 0.0, 0.0, -5e-06, 0.0, 0.0, -1.0, 1.264159, 0.0, 1.0, 0.0, 0.763972, 0.0, 0.0, 0.0, 1.0],
                [1.0, 0.0, 0.0, -5e-06, 0.0, 0.0, -1.0, 1.237739, 0.0, 1.0, 0.0, 0.763972, 0.0, 0.0, 0.0, 1.0],
                [1.0, 0.0, 0.0, -5e-06, 0.0, 0.0, -1.0, 1.205821, 0.0, 1.0, 0.0, 0.763972, 0.0, 0.0, 0.0, 1.0],
                [1.0, 0.0, 0.0, -5e-06, 0.0, 0.0, -1.0, 1.169322, 0.0, 1.0, 0.0, 0.763972, 0.0, 0.0, 0.0, 1.0],
                [1.0, 0.0, 0.0, -5e-06, 0.0, 0.0, -1.0, 1.129157, 0.0, 1.0, 0.0, 0.763972, 0.0, 0.0, 0.0, 1.0],
                [1.0, 0.0, 0.0, -5e-06, 0.0, 0.0, -1.0, 1.086244, 0.0, 1.0, 0.0, 0.763972, 0.0, 0.0, 0.0, 1.0],
                [1.0, 0.0, 0.0, -5e-06, 0.0, 0.0, -1.0, 1.041497, 0.0, 1.0, 0.0, 0.763972, 0.0, 0.0, 0.0, 1.0],
                [1.0, 0.0, 0.0, -5e-06, 0.0, 0.0, -1.0, 0.995835, 0.0, 1.0, 0.0, 0.763972, 0.0, 0.0, 0.0, 1.0],
                [1.0, 0.0, 0.0, -5e-06, 0.0, 0.0, -1.0, 0.950173, 0.0, 1.0, 0.0, 0.763972, 0.0, 0.0, 0.0, 1.0],
                [1.0, 0.0, 0.0, -5e-06, 0.0, 0.0, -1.0, 0.905427, 0.0, 1.0, 0.0, 0.763972, 0.0, 0.0, 0.0, 1.0],
                [1.0, 0.0, 0.0, -5e-06, 0.0, 0.0, -1.0, 0.862513, 0.0, 1.0, 0.0, 0.763972, 0.0, 0.0, 0.0, 1.0],
                [1.0, 0.0, 0.0, -5e-06, 0.0, 0.0, -1.0, 0.822349, 0.0, 1.0, 0.0, 0.763972, 0.0, 0.0, 0.0, 1.0],
                [1.0, 0.0, 0.0, -5e-06, 0.0, 0.0, -1.0, 0.785849, 0.0, 1.0, 0.0, 0.763972, 0.0, 0.0, 0.0, 1.0],
                [1.0, 0.0, 0.0, -5e-06, 0.0, 0.0, -1.0, 0.753931, 0.0, 1.0, 0.0, 0.763972, 0.0, 0.0, 0.0, 1.0],
                [1.0, 0.0, 0.0, -5e-06, 0.0, 0.0, -1.0, 0.727511, 0.0, 1.0, 0.0, 0.763972, 0.0, 0.0, 0.0, 1.0],
                [1.0, 0.0, 0.0, -5e-06, 0.0, 0.0, -1.0, 0.707505, 0.0, 1.0, 0.0, 0.763972, 0.0, 0.0, 0.0, 1.0],
                [1.0, 0.0, 0.0, -5e-06, 0.0, 0.0, -1.0, 0.69483, 0.0, 1.0, 0.0, 0.763972, 0.0, 0.0, 0.0, 1.0],
                [1.0, 0.0, 0.0, -5e-06, 0.0, 0.0, -1.0, 0.690401, 0.0, 1.0, 0.0, 0.763972, 0.0, 0.0, 0.0, 1.0]
            ]
        },
        {
            "name": "Thigh_R",
            "time": [0.0, 0.0167, 0.0333, 0.05, 0.0667, 0.0833, 0.1, 0.1167, 0.1333, 0.15, 0.1667, 0.1833, 0.2, 0.2167, 0.2333, 0.25, 0.2667, 0.2833, 0.3, 0.3167, 0.3333, 0.35, 0.3667, 0.3833, 0.4, 0.4167, 0.4333, 0.45, 0.4667, 0.4833, 0.5, 0.5167, 0.5333, 0.55, 0.5667, 0.5833, 0.6, 0.6167, 0.6333, 0.65, 0.6667, 0.6833, 0.7, 0.7167, 0.7333],
            "transform": [
                [0.992404, 0.106423, 0.061714, 0.124987, 0.070754, -0.904133, 0.421352, -0.003894, 0.100639, -0.413785, -0.904795, 0.000806, 0.0, 0.0, 0.0, 1.0],
                [0.992404, 0.104558, 0.064823, 0.124987, 0.070754, -0.916154, 0.394531, -0.003894, 0.100639, -0.386948, -0.916593, 0.000806, 0.0, 0.0, 0.0, 1.0],
                [0.992404, 0.099166, 0.072806, 0.124987, 0.070754, -0.944216, 0.321635, -0.003894, 0.100639, -0.314041, -0.94406, 0.000806, 0.0, 0.0, 0.0, 1.0],
                [0.992404, 0.09041, 0.083429, 0.124987, 0.070754, -0.97424, 0.214125, -0.003894, 0.100639, -0.206596, -0.973237, 0.000806, 0.0, 0.0, 0.0, 1.0],
                [0.992404, 0.078897, 0.094391, 0.124987, 0.070754, -0.993718, 0.086709, -0.003894, 0.100639, -0.079372, -0.991752, 0.000806, 0.0, 0.0, 0.0, 1.0],
                [0.992404, 0.066067, 0.103777, 0.124987, 0.070754, -0.996602, -0.042154, -0.003894, 0.100639, 0.049176, -0.993707, 0.000806, 0.0, 0.0, 0.0, 1.0],
                [0.992404, 0.054058, 0.110509, 0.124987, 0.070754, -0.985653, -0.153239, -0.003894, 0.100639, 0.159894, -0.981991, 0.000807, 0.0, 0.0, 0.0, 1.0],
                [0.992404, 0.045246, 0.1144, 0.124987, 0.070754, -0.97064, -0.229894, -0.003894, 0.100639, 0.236242, -0.966469, 0.000807, 0.0, 0.0, 0.0, 1.0],
                [0.992404, 0.041855, 0.115683, 0.124987, 0.070754, -0.963446, -0.258391, -0.003894, 0.100639, 0.264614, -0.959089, 0.000807, 0.0, 0.0, 0.0, 1.0],
                [0.992404, 0.041855, 0.115683, 0.124987, 0.070754, -0.963446, -0.258391, -0.003894, 0.100639, 0.264614, -0.959089, 0.000807, 0.0, 0.0, 0.0, 1.0],
                [0.992404, 0.041855, 0.115683, 0.124987, 0.070754, -0.963446, -0.258391, -0.003894, 0.100639, 0.264614, -0.959089, 0.000807, 0.0, 0.0, 0.0, 1.0],
                [0.992404, 0.041855, 0.115683, 0.124987, 0.070754, -0.963446, -0.258391, -0.003894, 0.100639, 0.264614, -0.959089, 0.000807, 0.0, 0.0, 0.0, 1.0],
                [0.992404, 0.041855, 0.115683, 0.124987, 0.070754, -0.963446, -0.258391, -0.003894, 0.100639, 0.264614, -0.959089, 0.000807, 0.0, 0.0, 0.0, 1.0],
                [0.992404, 0.041855, 0.115683, 0.124987, 0.070754, -0.963446, -0.258391, -0.003894, 0.100639, 0.264614, -0.959089, 0.000807, 0.0, 0.0, 0.0, 1.0],
                [0.992404, 0.041855, 0.115683, 0.124987, 0.070754, -0.963446, -0.258391, -0.003894, 0.100639, 0.264614, -0.959089, 0.000807, 0.0, 0.0, 0.0, 1.0],
                [0.992404, 0.041855, 0.115683, 0.124987, 0.070754, -0.963446, -0.258391, -0.003894, 0.100639, 0.264614, -0.959089, 0.000807, 0.0, 0.0, 0.0, 1.0],
                [0.992404, 0.041855, 0.115683, 0.124987, 0.070754, -0.963446, -0.258391, -0.003894, 0.100639, 0.264614, -0.959089, 0.000807, 0.0, 0.0, 0.0, 1.0],
                [0.992404, 0.041855, 0.115683, 0.124987, 0.070754, -0.963446, -0.258391, -0.003894, 0.100639, 0.264614, -0.959089, 0.000807, 0.0, 0.0, 0.0, 1.0],
                [0.992404, 0.041855, 0.115683, 0.124987, 0.070754, -0.963446, -0.258391, -0.003894, 0.100639, 0.264614, -0.959089, 0.000807, 0.0, 0.0, 0.0, 1.0],
                [0.992404, 0.041855, 0.115683, 0.124987, 0.070754, -0.963446, -0.258391, -0.003894, 0.100639, 0.264614, -0.959089, 0.000807, 0.0, 0.0, 0.0, 1.0],
                [0.992404, 0.041855, 0.115683, 0.124987, 0.070754, -0.963446, -0.258391, -0.003894, 0.100639, 0.264614, -0.959089, 0.000807, 0.0, 0.0, 0.0, 1.0],
                [0.992404, 0.041855, 0.115683, 0.124987, 0.070754, -0.963446, -0.258391, -0.003894, 0.100639, 0.264614, -0.959089, 0.000807, 0.0, 0.0, 0.0, 1.0],
                [0.992404, 0.041855, 0.115683, 0.124987, 0.070754, -0.963446, -0.258391, -0.003894, 0.100639, 0.264614, -0.959089, 0.000807, 0.0, 0.0, 0.0, 1.0],
                [0.992404, 0.041855, 0.115683, 0.124987, 0.070754, -0.963446, -0.258391, -0.003894, 0.100639, 0.264614, -0.959089, 0.000807, 0.0, 0.0, 0.0, 1.0],
                [0.992404, 0.041855, 0.115683, 0.124987, 0.070754, -0.963446, -0.258391, -0.003894, 0.100639, 0.264614, -0.959089, 0.000807, 0.0, 0.0, 0.0, 1.0],
                [0.992404, 0.042147, 0.115577, 0.124987, 0.070754, -0.964093, -0.255964, -0.003894, 0.100639, 0.262198, -0.959752, 0.000807, 0.0, 0.0, 0.0, 1.0],
                [0.992404, 0.042979, 0.115271, 0.124987, 0.070754, -0.965914, -0.249006, -0.003894, 0.100639, 0.255271, -0.961618, 0.000807, 0.0, 0.0, 0.0, 1.0],
                [0.992404, 0.044289, 0.114774, 0.124987, 0.070754, -0.968687, -0.23799, -0.003894, 0.100639, 0.244303, -0.964462, 0.000807, 0.0, 0.0, 0.0, 1.0],
                [0.992404, 0.046012, 0.114094, 0.124987, 0.070754, -0.97216, -0.22338, -0.003894, 0.100639, 0.229756, -0.968031, 0.000807, 0.0, 0.0, 0.0, 1.0],
                [0.992404, 0.048081, 0.113237, 0.124987, 0.070754, -0.976066, -0.205642, -0.003894, 0.100639, 0.212092, -0.972054, 0.000807, 0.0, 0.0, 0.0, 1.0],
                [0.992404, 0.050431, 0.11221, 0.124987, 0.070754, -0.98014, -0.185251, -0.003894, 0.100639, 0.191783, -0.976264, 0.000807, 0.0, 0.0, 0.0, 1.0],
                [0.992404, 0.052995, 0.111023, 0.124987, 0.070754, -0.984136, -0.162695, -0.003894, 0.100639, 0.169315, -0.98041, 0.000807, 0.0, 0.0, 0.0, 1.0],
                [0.992404, 0.055705, 0.109688, 0.124987, 0.070754, -0.987834, -0.13848, -0.003894, 0.100639, 0.145189, -0.984272, 0.000807, 0.0, 0.0, 0.0, 1.0],
                [0.992404, 0.058497, 0.108225, 0.124987, 0.070754, -0.991058, -0.113125, -0.003894, 0.100639, 0.119923, -0.987669, 0.000807, 0.0, 0.0, 0.0, 1.0],
                [0.992404, 0.061308, 0.106658, 0.124987, 0.070754, -0.993678, -0.087165, -0.003894, 0.100639, 0.094049, -0.990468, 0.000806, 0.0, 0.0, 0.0, 1.0],
                [0.992404, 0.064076, 0.105018, 0.124987, 0.070754, -0.995618, -0.061146, -0.003894, 0.100639, 0.068112, -0.992589, 0.000806, 0.0, 0.0, 0.0, 1.0],
                [0.992404, 0.066746, 0.103341, 0.124987, 0.070754, -0.996857, -0.035617, -0.003894, 0.100639, 0.042658, -0.994008, 0.000806, 0.0, 0.0, 0.0, 1.0],
                [0.992404, 0.069263, 0.101671, 0.124987, 0.070754, -0.997432, -0.011127, -0.003894, 0.100639, 0.018236, -0.994756, 0.000806, 0.0, 0.0, 0.0, 1.0],
                [0.992404, 0.07158, 0.100054, 0.124987, 0.070754, -0.997424, 0.01178, -0.003894, 0.100639, -0.004611, -0.994912, 0.000806, 0.0, 0.0, 0.0, 1.0],
                [0.992404, 0.07365, 0.09854, 0.124987, 0.070754, -0.996962, 0.032569, -0.003894, 0.100639, -0.025349, -0.9946, 0.000806, 0.0, 0.0, 0.0, 1.0],
                [0.992404, 0.075432, 0.097183, 0.124987, 0.070754, -0.996203, 0.050716, -0.003894, 0.100639, -0.043454, -0.993974, 0.000806, 0.0, 0.0, 0.0, 1.0],
                [0.992404, 0.076886, 0.096036, 0.124987, 0.070754, -0.995327, 0.065707, -0.003894, 0.100639, -0.058413, -0.993207, 0.000806, 0.0, 0.0, 0.0, 1.0],
                [0.992404, 0.077975, 0.095154, 0.124987, 0.070754, -0.994514, 0.077038, -0.003894, 0.100639, -0.069721, -0.992477, 0.000806, 0.0, 0.0, 0.0, 1.0],
                [0.992404, 0.078659, 0.09459, 0.124987, 0.070754, -0.993933, 0.084207, -0.003894, 0.100639, -0.076875, -0.991949, 0.000806, 0.0, 0.0, 0.0, 1.0],
                [0.992404, 0.078897, 0.094391, 0.124987, 0.070754, -0.993718, 0.086709, -0.003894, 0.100639, -0.079372, -0.991752, 0.000806, 0.0, 0.0, 0.0, 1.0]
            ]
        },
        {
            "name": "Leg_R",
            "time": [0.0, 0.0167, 0.0333, 0.05, 0.0667, 0.0833, 0.1, 0.1167, 0.1333, 0.15, 0.1667, 0.1833, 0.2, 0.2167, 0.2333, 0.25, 0.2667, 0.2833, 0.3, 0.3167, 0.3333, 0.35, 0.3667, 0.3833, 0.4, 0.4167, 0.4333, 0.45, 0.4667, 0.4833, 0.5, 0.5167, 0.5333, 0.55, 0.5667, 0.5833, 0.6, 0.6167, 0.6333, 0.65, 0.6667, 0.6833, 0.7, 0.7167, 0.7333],
            "transform": [
                [1.0, 0.0, 1e-06, 0.0, -0.0, 0.906308, 0.422619, 0.37472, -1e-06, -0.422619, 0.906308, -0.0, 0.0, 0.0, 0.0, 1.0],
                [1.0, 0.0, 1e-06, -0.0, -0.0, 0.907885, 0.419218, 0.37472, -1e-06, -0.419218, 0.907885, -0.0, 0.0, 0.0, 0.0, 1.0],
                [1.0, 0.0, 1e-06, -0.0, -0.0, 0.911985, 0.410224, 0.37472, -1e-06, -0.410224, 0.911985, -0.0, 0.0, 0.0, 0.0, 1.0],
                [1.0, 0.0, 1e-06, 0.0, -0.0, 0.917629, 0.397438, 0.37472, -1e-06, -0.397438, 0.917629, 0.0, 0.0, 0.0, 0.0, 1.0],
                [1.0, 0.0, 1e-06, -0.0, -0.0, 0.923879, 0.382684, 0.37472, -1e-06, -0.382684, 0.92388, 0.0, 0.0, 0.0, 0.0, 1.0],
                [1.0, 0.0, 1e-06, 0.0, -0.0, 0.929892, 0.367831, 0.37472, -1e-06, -0.367831, 0.929893, 0.0, 0.0, 0.0, 0.0, 1.0],
                [1.0, 0.0, 1e-06, 0.0, -0.0, 0.934943, 0.354799, 0.37472, -1e-06, -0.354799, 0.934942, -0.0, 0.0, 0.0, 0.0, 1.0],
                [1.0, 0.0, 1e-06, 0.0, -0.0, 0.938404, 0.345541, 0.37472, -1e-06, -0.345541, 0.938404, 0.0, 0.0, 0.0, 0.0, 1.0],
                [1.0, 0.0, 1e-06, -0.0, -0.0, 0.939692, 0.342021, 0.37472, -1e-06, -0.342021, 0.939693, 0.0, 0.0, 0.0, 0.0, 1.0],
                [1.0, 0.0, 1e-06, -0.0, -0.0, 0.939692, 0.342021, 0.37472, -1e-06, -0.342021, 0.939693, 0.0, 0.0, 0.0, 0.0, 1.0],
                [1.0, 0.0, 1e-06, -0.0, -0.0, 0.939692, 0.342021, 0.37472, -1e-06, -0.342021, 0.939693, 0.0, 0.0, 0.0, 0.0, 1.0],
                [1.0, 0.0, 1e-06, -0.0, -0.0, 0.939692, 0.342021, 0.37472, -1e-06, -0.342021, 0.939693, 0.0, 0.0, 0.0, 0.0, 1.0],
                [1.0, 0.0, 1e-06, -0.0, -0.0, 0.939692, 0.342021, 0.37472, -1e-06, -0.342021, 0.939693, 0.0, 0.0, 0.0, 0.0, 1.0],
                [1.0, 0.0, 1e-06, -0.0, -0.0, 0.939692, 0.342021, 0.37472, -1e-06, -0.342021, 0.939693, 0.0, 0.0, 0.0, 0.0, 1.0],
                [1.0, 0.0, 1e-06, -0.0, -0.0, 0.939692, 0.342021, 0.37472, -1e-06, -0.342021, 0.939693, 0.0, 0.0, 0.0, 0.0, 1.0],
                [1.0, 0.0, 1e-06, -0.0, -0.0, 0.939692, 0.342021, 0.37472, -1e-06, -0.342021, 0.939693, 0.0, 0.0, 0.0, 0.0, 1.0],
                [1.0, 0.0, 1e-06, -0.0, -0.0, 0.939692, 0.342021, 0.37472, -1e-06, -0.342021, 0.939693, 0.0, 0.0, 0.0, 0.0, 1.0],
                [1.0, 0.0, 1e-06, -0.0, -0.0, 0.939692, 0.342021, 0.37472, -1e-06, -0.342021, 0.939693, 0.0, 0.0, 0.0, 0.0, 1.0],
                [1.0, 0.0, 1e-06, -0.0, -0.0, 0.939692, 0.342021, 0.37472, -1e-06, -0.342021, 0.939693, 0.0, 0.0, 0.0, 0.0, 1.0],
                [1.0, 0.0, 1e-06, -0.0, -0.0, 0.939692, 0.342021, 0.37472, -1e-06, -0.342021, 0.939693, 0.0, 0.0, 0.0, 0.0, 1.0],
                [1.0, 0.0, 1e-06, -0.0, -0.0, 0.939692, 0.342021, 0.37472, -1e-06, -0.342021, 0.939693, 0.0, 0.0, 0.0, 0.0, 1.0],
                [1.0, 0.0, 1e-06, -0.0, -0.0, 0.939692, 0.342021, 0.37472, -1e-06, -0.342021, 0.939693, 0.0, 0.0, 0.0, 0.0, 1.0],
                [1.0, 0.0, 1e-06, -0.0, -0.0, 0.939692, 0.342021, 0.37472, -1e-06, -0.342021, 0.939693, 0.0, 0.0, 0.0, 0.0, 1.0],
                [1.0, 0.0, 1e-06, -0.0, -0.0, 0.939692, 0.342021, 0.37472, -1e-06, -0.342021, 0.939693, 0.0, 0.0, 0.0, 0.0, 1.0],
                [1.0, 0.0, 1e-06, -0.0, -0.0, 0.939692, 0.342021, 0.37472, -1e-06, -0.342021, 0.939693, 0.0, 0.0, 0.0, 0.0, 1.0],
                [1.0, 0.0, 1e-06, 0.0, -0.0, 0.939909, 0.341426, 0.37472, -1e-06, -0.341426, 0.939909, -0.0, 0.0, 0.0, 0.0, 1.0],
                [1.0, 0.0, 1e-06, 0.0, -0.0, 0.940525, 0.339724, 0.37472, -1e-06, -0.339724, 0.940525, -0.0, 0.0, 0.0, 0.0, 1.0],
                [1.0, 0.0, 1e-06, 0.0, -0.0, 0.941492, 0.337035, 0.37472, -1e-06, -0.337035, 0.941492, -0.0, 0.0, 0.0, 0.0, 1.0],
                [1.0, 0.0, 1e-06, -0.0, -0.0, 0.942757, 0.33348, 0.37472, -1e-06, -0.33348, 0.942757, 0.0, 0.0, 0.0, 0.0, 1.0],
                [1.0, 0.0, 1e-06, -0.0, -1e-06, 0.944268, 0.329178, 0.37472, -1e-06, -0.329178, 0.944268, -0.0, 0.0, 0.0, 0.0, 1.0],
                [1.0, 0.0, 1e-06, -0.0, -0.0, 0.945971, 0.32425, 0.37472, -1e-06, -0.32425, 0.945971, -0.0, 0.0, 0.0, 0.0, 1.0],
                [1.0, 0.0, 1e-06, 0.0, -1e-06, 0.947816, 0.318817, 0.37472, -1e-06, -0.318817, 0.947816, 0.0, 0.0, 0.0, 0.0, 1.0],
                [1.0, 0.0, 1e-06, 0.0, -0.0, 0.949753, 0.313, 0.37472, -1e-06, -0.313, 0.949753, -0.0, 0.0, 0.0, 0.0, 1.0],
                [1.0, 0.0, 1e-06, 0.0, -0.0, 0.951735, 0.306922, 0.37472, -1e-06, -0.306922, 0.951735, 0.0, 0.0, 0.0, 0.0, 1.0],
                [1.0, 0.0, 1e-06, 0.0, -0.0, 0.953717, 0.300706, 0.37472, -1e-06, -0.300706, 0.953717, 0.0, 0.0, 0.0, 0.0, 1.0],
                [1.0, 0.0, 1e-06, -0.0, -1e-06, 0.955658, 0.294477, 0.37472, -1e-06, -0.294477, 0.955658, -0.0, 0.0, 0.0, 0.0, 1.0],
                [1.0, 0.0, 1e-06, 0.0, -1e-06, 0.957521, 0.288362, 0.37472, -1e-06, -0.288362, 0.957521, -0.0, 0.0, 0.0, 0.0, 1.0],
                [1.0, 0.0, 1e-06, 0.0, -0.0, 0.959271, 0.282486, 0.37472, -1e-06, -0.282486, 0.959271, 0.0, 0.0, 0.0, 0.0, 1.0],
                [1.0, 0.0, 1e-06, 0.0, -1e-06, 0.960877, 0.276977, 0.37472, -1e-06, -0.276977, 0.960877, 0.0, 0.0, 0.0, 0.0, 1.0],
                [1.0, 0.0, 1e-06, -0.0, -0.0, 0.962308, 0.271963, 0.37472, -1e-06, -0.271963, 0.962308, -0.0, 0.0, 0.0, 0.0, 1.0],
                [1.0, 0.0, 1e-06, 0.0, -1e-06, 0.963538, 0.267573, 0.37472, -1e-06, -0.267573, 0.963538, 0.0, 0.0, 0.0, 0.0, 1.0],
                [1.0, 0.0, 1e-06, 0.0, -0.0, 0.96454, 0.263935, 0.37472, -1e-06, -0.263935, 0.96454, -0.0, 0.0, 0.0, 0.0, 1.0],
                [1.0, 0.0, 1e-06, 0.0, -1e-06, 0.965291, 0.261178, 0.37472, -1e-06, -0.261178, 0.965291, 0.0, 0.0, 0.0, 0.0, 1.0],
                [1.0, 0.0, 1e-06, 0.0, -0.0, 0.965762, 0.25943, 0.37472, -1e-06, -0.25943, 0.965762, -0.0, 0.0, 0.0, 0.0, 1.0],
                [1.0, 0.0, 1e-06, 0.0, -0.0, 0.965926, 0.258819, 0.37472, -1e-06, -0.258819, 0.965926, 0.0, 0.0, 0.0, 0.0, 1.0]
            ]
        },
        {
            "name": "Knee_R",
            "time": [0.0, 0.0167, 0.0333, 0.05, 0.0667, 0.0833, 0.1, 0.1167, 0.1333, 0.15, 0.1667, 0.1833, 0.2, 0.2167, 0.2333, 0.25, 0.2667, 0.2833, 0.3, 0.3167, 0.3333, 0.35, 0.3667, 0.3833, 0.4, 0.4167, 0.4333, 0.45, 0.4667, 0.4833, 0.5, 0.5167, 0.5333, 0.55, 0.5667, 0.5833, 0.6, 0.7333],
            "transform": [
                [1.0, 0.0, -0.0, 0.0, -0.0, 0.0, -1.0, 0.37472, -0.0, 1.0, 0.0, -0.0, 0.0, 0.0, 0.0, 1.0],
                [1.0, 0.0, -0.0, -0.0, -0.0, 0.0, -1.0, 0.37472, -0.0, 1.0, 0.0, -0.0, 0.0, 0.0, 0.0, 1.0],
                [1.0, 0.0, -0.0, -0.0, -0.0, 0.0, -1.0, 0.37472, -0.0, 1.0, 0.0, -0.0, 0.0, 0.0, 0.0, 1.0],
                [1.0, 0.0, -0.0, 0.0, -0.0, 0.0, -1.0, 0.37472, -0.0, 1.0, 0.0, 0.0, 0.0, 0.0, 0.0, 1.0],
                [1.0, 0.0, -0.0, -0.0, -0.0, 0.0, -1.0, 0.37472, -0.0, 1.0, 0.0, 0.0, 0.0, 0.0, 0.0, 1.0],
                [1.0, 0.0, -0.0, 0.0, -0.0, 0.0, -1.0, 0.37472, -0.0, 1.0, 0.0, 0.0, 0.0, 0.0, 0.0, 1.0],
                [1.0, 0.0, -0.0, 0.0, -0.0, 0.0, -1.0, 0.37472, -0.0, 1.0, 0.0, -0.0, 0.0, 0.0, 0.0, 1.0],
                [1.0, 0.0, -0.0, 0.0, -0.0, 0.0, -1.0, 0.37472, -0.0, 1.0, 0.0, 0.0, 0.0, 0.0, 0.0, 1.0],
                [1.0, 0.0, -0.0, -0.0, -0.0, 0.0, -1.0, 0.37472, -0.0, 1.0, 0.0, 0.0, 0.0, 0.0, 0.0, 1.0],
                [1.0, 0.0, -0.0, -0.0, -0.0, 0.0, -1.0, 0.37472, -0.0, 1.0, 0.0, 0.0, 0.0, 0.0, 0.0, 1.0],
                [1.0, 0.0, -0.0, -0.0, -0.0, 0.0, -1.0, 0.37472, -0.0, 1.0, 0.0, 0.0, 0.0, 0.0, 0.0, 1.0],
                [1.0, 0.0, -0.0, -0.0, -0.0, 0.0, -1.0, 0.37472, -0.0, 1.0, 0.0, 0.0, 0.0, 0.0, 0.0, 1.0],
                [1.0, 0.0, -0.0, -0.0, -0.0, 0.0, -1.0, 0.37472, -0.0, 1.0, 0.0, 0.0, 0.0, 0.0, 0.0, 1.0],
                [1.0, 0.0, -0.0, -0.0, -0.0, 0.0, -1.0, 0.37472, -0.0, 1.0, 0.0, 0.0, 0.0, 0.0, 0.0, 1.0],
                [1.0, 0.0, -0.0, -0.0, -0.0, 0.0, -1.0, 0.37472, -0.0, 1.0, 0.0, 0.0, 0.0, 0.0, 0.0, 1.0],
                [1.0, 0.0, -0.0, -0.0, -0.0, 0.0, -1.0, 0.37472, -0.0, 1.0, 0.0, 0.0, 0.0, 0.0, 0.0, 1.0],
                [1.0, 0.0, -0.0, -0.0, -0.0, 0.0, -1.0, 0.37472, -0.0, 1.0, 0.0, 0.0, 0.0, 0.0, 0.0, 1.0],
                [1.0, 0.0, -0.0, -0.0, -0.0, 0.0, -1.0, 0.37472, -0.0, 1.0, 0.0, 0.0, 0.0, 0.0, 0.0, 1.0],
                [1.0, 0.0, -0.0, -0.0, -0.0, 0.0, -1.0, 0.37472, -0.0, 1.0, 0.0, 0.0, 0.0, 0.0, 0.0, 1.0],
                [1.0, 0.0, -0.0, -0.0, -0.0, 0.0, -1.0, 0.37472, -0.0, 1.0, 0.0, 0.0, 0.0, 0.0, 0.0, 1.0],
                [1.0, 0.0, -0.0, -0.0, -0.0, 0.0, -1.0, 0.37472, -0.0, 1.0, 0.0, 0.0, 0.0, 0.0, 0.0, 1.0],
                [1.0, 0.0, -0.0, -0.0, -0.0, 0.0, -1.0, 0.37472, -0.0, 1.0, 0.0, 0.0, 0.0, 0.0, 0.0, 1.0],
                [1.0, 0.0, -0.0, -0.0, -0.0, 0.0, -1.0, 0.37472, -0.0, 1.0, 0.0, 0.0, 0.0, 0.0, 0.0, 1.0],
                [1.0, 0.0, -0.0, -0.0, -0.0, 0.0, -1.0, 0.37472, -0.0, 1.0, 0.0, 0.0, 0.0, 0.0, 0.0, 1.0],
                [1.0, 0.0, -0.0, -0.0, -0.0, 0.0, -1.0, 0.37472, -0.0, 1.0, 0.0, 0.0, 0.0, 0.0, 0.0, 1.0],
                [1.0, 0.0, -0.0, 0.0, -0.0, 0.0, -1.0, 0.37472, -0.0, 1.0, 0.0, -0.0, 0.0, 0.0, 0.0, 1.0],
                [1.0, 0.0, -0.0, 0.0, -0.0, 0.0, -1.0, 0.37472, -0.0, 1.0, 0.0, -0.0, 0.0, 0.0, 0.0, 1.0],
                [1.0, 0.0, -0.0, 0.0, -0.0, 0.0, -1.0, 0.37472, -0.0, 1.0, 0.0, -0.0, 0.0, 0.0, 0.0, 1.0],
                [1.0, 0.0, -0.0, -0.0, -0.0, 0.0, -1.0, 0.37472, -0.0, 1.0, 0.0, 0.0, 0.0, 0.0, 0.0, 1.0],
                [1.0, 0.0, -0.0, -0.0, -0.0, 0.0, -1.0, 0.37472, -0.0, 1.0, 0.0, -0.0, 0.0, 0.0, 0.0, 1.0],
                [1.0, 0.0, -0.0, -0.0, -0.0, 0.0, -1.0, 0.37472, -0.0, 1.0, 0.0, -0.0, 0.0, 0.0, 0.0, 1.0],
                [1.0, 0.0, -0.0, 0.0, -0.0, 0.0, -1.0, 0.37472, -0.0, 1.0, 0.0, 0.0, 0.0, 0.0, 0.0, 1.0],
                [1.0, 0.0, -0.0, 0.0, -0.0, 0.0, -1.0, 0.37472, -0.0, 1.0, 0.0, -0.0, 0.0, 0.0, 0.0, 1.0],
                [1.0, 0.0, -0.0, 0.0, -0.0, 0.0, -1.0, 0.37472, -0.0, 1.0, 0.0, 0.0, 0.0, 0.0, 0.0, 1.0],
                [1.0, 0.0, -0.0, 0.0, -0.0, 0.0, -1.0, 0.37472, -0.0, 1.0, 0.0, 0.0, 0.0, 0.0, 0.0, 1.0],
                [1.0, 0.0, -0.0, -0.0, -0.0, 0.0, -1.0, 0.37472, -0.0, 1.0, 0.0, -0.0, 0.0, 0.0, 0.0, 1.0],
                [1.0, 0.0, -0.0, 0.0, -0.0, 0.0, -1.0, 0.37472, -0.0, 1.0, 0.0, -0.0, 0.0, 0.0, 0.0, 1.0],
                [1.0, 0.0, -0.0, 0.0, -0.0, 0.0, -1.0, 0.37472, -0.0, 1.0, 0.0, 0.0, 0.0, 0.0, 0.0, 1.0]
            ]
        },
        {
            "name": "Thigh_L",
            "time": [0.0, 0.0167, 0.0333, 0.05, 0.0667, 0.0833, 0.1, 0.1167, 0.1333, 0.15, 0.1667, 0.1833, 0.2, 0.2167, 0.2333, 0.25, 0.2667, 0.2833, 0.3, 0.3167, 0.3333, 0.35, 0.3667, 0.3833, 0.4, 0.4167, 0.4333, 0.45, 0.4667, 0.4833, 0.5, 0.5167, 0.5333, 0.55, 0.5667, 0.5833, 0.6, 0.6167, 0.6333, 0.65, 0.6667, 0.6833, 0.7, 0.7167, 0.7333],
            "transform": [
                [0.98106, 0.012491, -0.1933, -0.124988, -0.055793, -0.937404, -0.343745, -0.004826, -0.185494, 0.348019, -0.918953, 0.000683, 0.0, 0.0, 0.0, 1.0],
                [0.98106, 0.00413, -0.193659, -0.124988, -0.055793, -0.951378, -0.30293, -0.004826, -0.185494, 0.307998, -0.933129, 0.000683, 0.0, 0.0, 0.0, 1.0],
                [0.98106, -0.01832, -0.192835, -0.124988, -0.055793, -0.980053, -0.19074, -0.004826, -0.185494, 0.197887, -0.962514, 0.000683, 0.0, 0.0, 0.0, 1.0],
                [0.98106, -0.050344, -0.187046, -0.124988, -0.055793, -0.998154, -0.023978, -0.004826, -0.185494, 0.03396, -0.982058, 0.000683, 0.0, 0.0, 0.0, 1.0],
                [0.98106, -0.085832, -0.173648, -0.124988, -0.055793, -0.983688, 0.171011, -0.004826, -0.185494, -0.158083, -0.969846, 0.000683, 0.0, 0.0, 0.0, 1.0],
                [0.98106, -0.118028, -0.153591, -0.124988, -0.055793, -0.931498, 0.359441, -0.004826, -0.185494, -0.344064, -0.920441, 0.000683, 0.0, 0.0, 0.0, 1.0],
                [0.98106, -0.142075, -0.131664, -0.124988, -0.055793, -0.858178, 0.51031, -0.004826, -0.185494, -0.493299, -0.849852, 0.000683, 0.0, 0.0, 0.0, 1.0],
                [0.98106, -0.156364, -0.114329, -0.124988, -0.055793, -0.793322, 0.60624, -0.004826, -0.185494, -0.588379, -0.787021, 0.000683, 0.0, 0.0, 0.0, 1.0],
                [0.98106, -0.161157, -0.107468, -0.124988, -0.055793, -0.766393, 0.639944, -0.004826, -0.185494, -0.621827, -0.76087, 0.000683, 0.0, 0.0, 0.0, 1.0],
                [0.98106, -0.161157, -0.107468, -0.124988, -0.055793, -0.766393, 0.639944, -0.004826, -0.185494, -0.621827, -0.76087, 0.000683, 0.0, 0.0, 0.0, 1.0],
                [0.98106, -0.161157, -0.107468, -0.124988, -0.055793, -0.766393, 0.639944, -0.004826, -0.185494, -0.621827, -0.76087, 0.000683, 0.0, 0.0, 0.0, 1.0],
                [0.98106, -0.161157, -0.107468, -0.124988, -0.055793, -0.766393, 0.639944, -0.004826, -0.185494, -0.621827, -0.76087, 0.000683, 0.0, 0.0, 0.0, 1.0],
                [0.98106, -0.161157, -0.107468, -0.124988, -0.055793, -0.766393, 0.639944, -0.004826, -0.185494, -0.621827, -0.76087, 0.000683, 0.0, 0.0, 0.0, 1.0],
                [0.98106, -0.161157, -0.107468, -0.124988, -0.055793, -0.766393, 0.639944, -0.004826, -0.185494, -0.621827, -0.76087, 0.000683, 0.0, 0.0, 0.0, 1.0],
                [0.98106, -0.161157, -0.107468, -0.124988, -0.055793, -0.766393, 0.639944, -0.004826, -0.185494, -0.621827, -0.76087, 0.000683, 0.0, 0.0, 0.0, 1.0],
                [0.98106, -0.161157, -0.107468, -0.124988, -0.055793, -0.766393, 0.639944, -0.004826, -0.185494, -0.621827, -0.76087, 0.000683, 0.0, 0.0, 0.0, 1.0],
                [0.98106, -0.161157, -0.107468, -0.124988, -0.055793, -0.766393, 0.639944, -0.004826, -0.185494, -0.621827, -0.76087, 0.000683, 0.0, 0.0, 0.0, 1.0],
                [0.98106, -0.161157, -0.107468, -0.124988, -0.055793, -0.766393, 0.639944, -0.004826, -0.185494, -0.621827, -0.76087, 0.000683, 0.0, 0.0, 0.0, 1.0],
                [0.98106, -0.161157, -0.107468, -0.124988, -0.055793, -0.766393, 0.639944, -0.004826, -0.185494, -0.621827, -0.76087, 0.000683, 0.0, 0.0, 0.0, 1.0],
                [0.98106, -0.161157, -0.107468, -0.124988, -0.055793, -0.766393, 0.639944, -0.004826, -0.185494, -0.621827, -0.76087, 0.000683, 0.0, 0.0, 0.0, 1.0],
                [0.98106, -0.161157, -0.107468, -0.124988, -0.055793, -0.766393, 0.639944, -0.004826, -0.185494, -0.621827, -0.76087, 0.000683, 0.0, 0.0, 0.0, 1.0],
                [0.98106, -0.161157, -0.107468, -0.124988, -0.055793, -0.766393, 0.639944, -0.004826, -0.185494, -0.621827, -0.76087, 0.000683, 0.0, 0.0, 0.0, 1.0],
                [0.98106, -0.161157, -0.107468, -0.124988, -0.055793, -0.766393, 0.639944, -0.004826, -0.185494, -0.621827, -0.76087, 0.000683, 0.0, 0.0, 0.0, 1.0],
                [0.98106, -0.161157, -0.107468, -0.124988, -0.055793, -0.766393, 0.639944, -0.004826, -0.185494, -0.621827, -0.76087, 0.000683, 0.0, 0.0, 0.0, 1.0],
                [0.98106, -0.161157, -0.107468, -0.124988, -0.055793, -0.766393, 0.639944, -0.004826, -0.185494, -0.621827, -0.76087, 0.000683, 0.0, 0.0, 0.0, 1.0],
                [0.98106, -0.160687, -0.10817, -0.124988, -0.055793, -0.769177, 0.636595, -0.004826, -0.185494, -0.618503, -0.763575, 0.000683, 0.0, 0.0, 0.0, 1.0],
                [0.98106, -0.159322, -0.11017, -0.124988, -0.055793, -0.777074, 0.626931, -0.004826, -0.185494, -0.60891, -0.771246, 0.000683, 0.0, 0.0, 0.0, 1.0],
                [0.98106, -0.157113, -0.113298, -0.124988, -0.055793, -0.789318, 0.611444, -0.004826, -0.185494, -0.593542, -0.783135, 0.000683, 0.0, 0.0, 0.0, 1.0],
                [0.98106, -0.154091, -0.117374, -0.124988, -0.055793, -0.805062, 0.590561, -0.004826, -0.185494, -0.572827, -0.798411, 0.000683, 0.0, 0.0, 0.0, 1.0],
                [0.98106, -0.150287, -0.122208, -0.124988, -0.055793, -0.823407, 0.564702, -0.004826, -0.185494, -0.547189, -0.816196, 0.000683, 0.0, 0.0, 0.0, 1.0],
                [0.98106, -0.145734, -0.127602, -0.124988, -0.055793, -0.843435, 0.534325, -0.004826, -0.185494, -0.517086, -0.835592, 0.000683, 0.0, 0.0, 0.0, 1.0],
                [0.98106, -0.140483, -0.133362, -0.124988, -0.055793, -0.864247, 0.499964, -0.004826, -0.185494, -0.483054, -0.855717, 0.000683, 0.0, 0.0, 0.0, 1.0],
                [0.98106, -0.134605, -0.139292, -0.124988, -0.055793, -0.884991, 0.462252, -0.004826, -0.185494, -0.445726, -0.87574, 0.000683, 0.0, 0.0, 0.0, 1.0],
                [0.98106, -0.128197, -0.145212, -0.124988, -0.055793, -0.904908, 0.421935, -0.004826, -0.185494, -0.405842, -0.894922, 0.000683, 0.0, 0.0, 0.0, 1.0],
                [0.98106, -0.121382, -0.150955, -0.124988, -0.055793, -0.923357, 0.379866, -0.004826, -0.185494, -0.364249, -0.912642, 0.000683, 0.0, 0.0, 0.0, 1.0],
                [0.98106, -0.11431, -0.156378, -0.124988, -0.055793, -0.939852, 0.336993, -0.004826, -0.185494, -0.321886, -0.92843, 0.000683, 0.0, 0.0, 0.0, 1.0],
                [0.98106, -0.107153, -0.161366, -0.124988, -0.055793, -0.954073, 0.294333, -0.004826, -0.185494, -0.279755, -0.941982, 0.000683, 0.0, 0.0, 0.0, 1.0],
                [0.98106, -0.100099, -0.165835, -0.124988, -0.055793, -0.965872, 0.25294, -0.004826, -0.185494, -0.238897, -0.953163, 0.000683, 0.0, 0.0, 0.0, 1.0],
                [0.98106, -0.093347, -0.169727, -0.124988, -0.055793, -0.975265, 0.213882, -0.004826, -0.185494, -0.200361, -0.962002, 0.000683, 0.0, 0.0, 0.0, 1.0],
                [0.98106, -0.087101, -0.173016, -0.124988, -0.055793, -0.98241, 0.178204, -0.004826, -0.185494, -0.165176, -0.968663, 0.000683, 0.0, 0.0, 0.0, 1.0],
                [0.98106, -0.081563, -0.175694, -0.124988, -0.055793, -0.987573, 0.146923, -0.004826, -0.185494, -0.134337, -0.973419, 0.000683, 0.0, 0.0, 0.0, 1.0],
                [0.98106, -0.076934, -0.17777, -0.124988, -0.055793, -0.991082, 0.121007, -0.004826, -0.185494, -0.108797, -0.976604, 0.000683, 0.0, 0.0, 0.0, 1.0],
                [0.98106, -0.073404, -0.179256, -0.124988, -0.055793, -0.993281, 0.101387, -0.004826, -0.185494, -0.089466, -0.978564, 0.000683, 0.0, 0.0, 0.0, 1.0],
                [0.98106, -0.071158, -0.18016, -0.124988, -0.055793, -0.994471, 0.088964, -0.004826, -0.185494, -0.077228, -0.979606, 0.000683, 0.0, 0.0, 0.0, 1.0],
                [0.98106, -0.070371, -0.180468, -0.124988, -0.055793, -0.994849, 0.084626, -0.004826, -0.185494, -0.072954, -0.979934, 0.000683, 0.0, 0.0, 0.0, 1.0]
            ]
        },
        {
            "name": "Leg_L",
            "time": [0.0, 0.0167, 0.0333, 0.05, 0.0667, 0.0833, 0.1, 0.1167, 0.1333, 0.15, 0.1667, 0.1833, 0.2, 0.2167, 0.2333, 0.25, 0.2667, 0.2833, 0.3, 0.3167, 0.3333, 0.35, 0.3667, 0.3833, 0.4, 0.4167, 0.4333, 0.45, 0.4667, 0.4833, 0.5, 0.5167, 0.5333, 0.55, 0.5667, 0.5833, 0.6, 0.6167, 0.6333, 0.65, 0.6667, 0.6833, 0.7, 0.7167, 0.7333],
            "transform": [
                [1.0, 0.0, 1e-06, -0.0, -0.0, 0.984808, 0.173649, 0.37472, -1e-06, -0.173648, 0.984808, 0.0, 0.0, 0.0, 0.0, 1.0],
